step_time,gneJ00_offset,gneJ9_offset,reward,queue_sum
1020,95,89,119,81
1530,85,76,-8,89
2040,45,20,6,83
2550,85,58,0,83
3060,99,21,4,79
3570,80,43,1,78
4080,9,95,-3,81
4590,2,95,-6,87
5100,58,3,8,79
5610,36,3,-2,81
6120,94,7,-3,84
6630,96,91,1,83
7140,29,1,2,81
7650,16,12,-1,82
8160,46,56,6,76
8670,6,89,-9,85
9180,22,83,5,80
9690,93,12,-4,84
10200,68,1,-2,86
10710,91,95,3,83
11220,41,19,0,83
11730,16,66,11,72
12240,57,41,-12,84
12750,11,84,6,78
13260,51,78,0,78
13770,74,15,3,75
14280,25,53,5,70
14790,43,50,-4,74
15300,43,25,-7,81
15810,0,62,1,80
16320,74,30,0,80
16830,2,64,8,72
17340,1,17,-16,88
17850,29,18,7,81
18360,5,6,0,81
18870,75,30,7,74
19380,15,79,5,69
19890,69,31,-9,78
20400,97,14,-6,84
20910,38,58,7,77
21420,8,8,-2,79
21930,6,10,-3,82
22440,0,47,5,77
22950,30,70,-6,83
23460,56,4,-1,84
23970,5,2,5,79
24480,59,12,-1,80
24990,77,62,-1,81
25500,52,5,4,77
26010,8,101,-7,84
26520,74,36,0,84
27030,35,86,-1,85
27540,55,69,5,80
28050,48,21,-3,83
28560,40,96,6,77
29070,19,53,-1,78
29580,23,63,5,73
30090,87,84,-11,84
30600,18,83,3,81
31110,1,57,3,78
31620,15,100,-1,79
32130,19,38,3,76
32640,76,21,-6,82
33150,17,66,7,75
33660,94,90,-8,83
34170,93,19,4,79
34680,8,92,4,75
35190,36,18,-11,86
35700,56,62,6,80
36210,7,47,1,79
36720,28,55,-3,82
37230,16,27,5,77
37740,26,87,-3,80
38250,6,96,-8,88
38760,41,51,9,79
39270,45,65,3,76
39780,37,87,-3,79
40290,65,16,-2,81
40800,37,55,-5,86
41310,70,100,-1,87
41820,37,68,1,86
42330,36,9,8,78
42840,79,83,-6,84
43350,41,64,10,74
43860,87,32,-5,79
44370,18,40,3,76
44880,52,99,-12,88
45390,80,51,8,80
45900,18,74,6,74
46410,50,25,-8,82
46920,77,3,4,78
47430,26,53,2,76
47940,43,51,-1,77
48450,14,43,2,75
48960,61,11,-9,84
49470,8,9,3,81
49980,66,64,-4,85
50490,75,57,0,85
51000,60,12,2,83
51510,18,14,-5,88
52020,46,96,2,86
52530,46,13,6,80
53040,17,2,2,78
53550,98,100,-10,88
54060,45,96,10,78
54570,89,49,3,75
55080,2,98,-6,81
55590,25,72,2,79
56100,42,29,0,79
56610,32,44,0,79
57120,51,77,-6,85
57630,34,11,1,84
58140,5,31,15,69
58650,57,2,-15,84
59160,85,101,-2,86
59670,58,64,4,82
60180,45,76,2,80
60690,4,10,0,80
61200,72,100,-4,84
61710,60,47,1,83
62220,20,85,3,80
62730,79,11,0,80
63240,75,61,-12,92
63750,76,78,12,80
64260,93,78,-7,87
64770,45,16,4,83
65280,79,19,2,81
65790,79,52,-7,88
66300,11,95,9,79
66810,1,54,6,73
67320,81,22,-7,80
67830,46,66,2,78
68340,62,26,-8,86
68850,86,70,0,86
69360,73,6,2,84
69870,13,30,5,79
70380,66,71,-1,80
70890,95,7,-4,84
71400,5,46,9,75
71910,19,17,-8,83
72420,79,47,8,75
72930,20,92,1,74
73440,79,96,-5,79
73950,46,100,-2,81
74460,54,55,2,79
74970,64,69,-2,81
75480,41,86,1,80
75990,27,38,-5,85
76500,72,74,6,79
77010,69,6,-6,85
77520,26,70,11,74
78030,30,17,-5,79
78540,2,78,-3,82
79050,4,56,6,76
79560,5,74,2,74
80070,56,14,-6,80
80580,99,76,0,80
81090,4,24,4,76
81600,69,70,-8,84
82110,32,63,3,81
82620,97,47,7,74
83130,54,100,-9,83
83640,92,62,8,75
84150,11,71,3,72
84660,70,34,-5,77
85170,66,2,-9,86
85680,59,80,5,81
86190,17,1,1,80
86700,27,0,1,79
87210,65,7,4,75
87720,67,0,-12,87
88230,12,40,7,80
88740,31,27,6,74
89250,72,41,-5,79
89760,52,27,-6,85
90270,5,51,14,71
90780,12,96,-5,76
91290,86,43,2,74
91800,48,97,-9,83
92310,45,55,5,78
92820,98,101,-10,88
93330,24,29,13,75
93840,93,38,1,74
94350,33,48,-10,84
94860,10,89,7,77
95370,36,57,-6,83
95880,70,25,6,77
96390,35,65,-3,80
96900,76,84,-2,82
97410,98,97,2,80
97920,8,5,0,80
98430,24,101,1,79
98940,44,20,-2,81
99450,16,58,4,77
99960,30,35,7,70
100470,74,98,-12,82
100980,101,76,9,73
101490,50,49,-6,79
102000,60,66,-4,83
102510,86,50,6,77
103020,51,5,-3,80
103530,0,46,8,72
104040,17,42,-7,79
104550,38,30,4,75
105060,3,84,-7,82
105570,93,48,10,72
106080,8,41,-3,75
106590,12,74,-3,78
107100,79,51,0,78
107610,0,43,5,73
108120,29,36,0,73
108630,79,100,-7,80
109140,8,4,-8,88
109650,3,43,11,77
110160,29,91,-3,80
110670,58,50,-5,85
111180,23,90,3,82
111690,34,50,4,78
112200,7,25,1,77
112710,41,95,-2,79
113220,92,67,-1,80
113730,97,50,5,75
114240,29,15,-5,80
114750,92,13,-1,81
115260,22,60,4,77
115770,70,85,-9,86
116280,5,80,1,85
116790,54,69,7,78
117300,95,75,-2,80
117810,98,15,3,77
118320,5,91,0,77
118830,61,83,-4,81
119340,96,89,-2,83
119850,54,28,2,81
120360,60,58,-1,82
120870,55,59,1,81
121380,69,37,2,79
121890,38,10,-10,89
122400,50,74,5,84
122910,0,21,4,80
123420,98,43,-1,81
123930,79,0,-4,85
124440,24,70,8,77
124950,86,44,3,74
125460,48,70,2,72
125970,33,57,-5,77
126480,26,92,1,76
126990,25,36,3,73
127500,41,8,-12,85
128010,97,84,5,80
128520,49,47,1,79
129030,13,76,4,75
129540,5,80,-1,76
130050,83,6,-3,79
130560,46,30,-1,80
131070,97,56,6,74
131580,45,11,-6,80
132090,39,81,-1,81
132600,6,94,-2,83
133110,0,81,8,75
133620,38,27,-7,82
134130,28,79,6,76
134640,15,77,2,74
135150,17,89,0,74
135660,70,17,-5,79
136170,50,75,-1,80
136680,37,33,0,80
137190,80,68,2,78
137700,5,51,3,75
138210,99,13,-6,81
138720,47,38,4,77
139230,76,29,-1,78
139740,4,77,1,77
140250,25,59,-2,79
140760,90,97,-1,80
141270,15,97,-1,81
141780,41,98,5,76
142290,26,17,-1,77
142800,24,33,2,75
143310,39,45,-8,83
143820,75,47,1,82
144330,59,71,-5,87
144840,101,53,15,72
145350,2,92,-15,87
145860,41,17,13,74
146370,96,10,-13,87
146880,78,25,11,76
147390,52,27,-7,83
147900,80,66,4,79
148410,11,9,-2,81
148920,58,64,1,80
149430,91,33,5,75
149940,7,69,-6,81
150450,41,50,-3,84
150960,28,78,4,80
151470,14,31,6,74
151980,8,19,-2,76
152490,48,81,-1,77
153000,2,25,-1,78
153510,39,98,-3,81
154020,0,75,-2,83
154530,23,59,6,77
155040,14,43,0,77
155550,69,73,-8,85
156060,52,44,5,80
156570,29,50,-1,81
157080,100,43,4,77
157590,75,25,-2,79
158100,96,17,-5,84
158610,91,62,3,81
159120,21,35,9,72
159630,27,63,-9,81
160140,82,96,-5,86
160650,3,75,10,76
161160,40,45,-8,84
161670,26,44,5,79
162180,77,28,1,78
162690,70,97,-6,84
163200,66,74,-3,87
163710,65,31,0,87
164220,101,41,6,81
164730,80,30,4,77
165240,39,61,-5,82
165750,100,24,-2,84
166260,36,1,4,80
166770,85,57,-6,86
167280,65,17,2,84
167790,22,20,8,76
168300,79,18,-1,77
168810,52,73,-8,85
169320,18,62,11,74
169830,56,47,-9,83
170340,99,50,15,68
170850,15,17,-15,83
171360,68,55,0,83
171870,79,30,4,79
172380,94,20,2,77
172890,0,21,4,73
173400,22,52,-6,79
173910,38,59,-3,82
174420,11,26,4,78
174930,45,40,-2,80
175440,36,80,-2,82
175950,30,37,0,82
176460,100,60,6,76
176970,39,48,0,76
177480,47,62,1,75
177990,100,70,-3,78
178500,35,57,-3,81
179010,53,96,3,78
179520,34,62,-5,83
180030,88,99,-3,86
180540,74,35,10,76
181050,73,94,-12,88
181560,101,83,8,80
182070,98,13,-6,86
182580,100,26,1,85
183090,92,24,1,84
183600,77,33,3,81
184110,51,88,2,79
184620,43,21,-8,87
185130,100,61,13,74
185640,66,59,-13,87
186150,98,54,11,76
186660,60,9,-6,82
187170,97,12,0,82
187680,49,46,5,77
188190,33,22,-5,82
188700,19,38,7,75
189210,25,98,1,74
189720,50,37,-12,86
190230,69,1,5,81
190740,2,38,6,75
191250,42,18,-6,81
191760,81,30,1,80
192270,3,99,2,78
192780,70,56,-8,86
193290,90,41,9,77
193800,25,74,-1,78
194310,10,81,3,75
194820,75,85,1,74
195330,19,75,-3,77
195840,15,17,1,76
196350,82,48,3,73
196860,24,13,-4,77
197370,53,70,-6,83
197880,2,40,9,74
198390,93,26,-1,75
198900,35,79,-3,78
199410,8,82,5,73
199920,27,65,-5,78
200430,33,55,2,76
200940,22,88,-2,78
201450,79,90,-4,82
201960,9,14,-13,95
202470,4,19,18,77
202980,9,85,-5,82
203490,57,83,0,82
204000,4,71,1,81
204510,35,7,-4,85
205020,62,23,2,83
205530,65,86,-3,86
206040,58,8,3,83
206550,43,66,-1,84
207060,60,11,4,80
207570,90,40,6,74
208080,38,77,-4,78
208590,32,13,-5,83
209100,46,79,6,77
209610,81,77,-10,87
210120,91,16,5,82
210630,46,35,3,79
211140,68,41,1,78
211650,96,33,5,73
212160,99,74,-2,75
212670,78,60,-11,86
213180,99,64,12,74
213690,42,75,-11,85
214200,66,39,7,78
214710,90,9,-4,82
215220,36,23,0,82
215730,91,29,10,72
216240,79,50,-10,82
216750,33,18,-11,93
217260,96,63,20,73
217770,49,24,-7,80
218280,76,13,-2,82
218790,8,2,3,79
219300,53,95,-1,80
219810,61,30,-2,82
220320,100,49,5,77
220830,51,55,-6,83
221340,52,56,4,79
221850,28,61,-4,83
222360,20,85,9,74
222870,96,38,-3,77
223380,73,74,-10,87
223890,31,16,7,80
224400,70,69,1,79
224910,62,61,-5,84
225420,52,63,2,82
225930,12,62,5,77
226440,101,75,-2,79
226950,2,2,-7,86
227460,70,3,1,85
227970,15,35,8,77
228480,6,74,2,75
228990,33,59,-1,76
229500,95,93,-11,87
230010,34,37,15,72
230520,94,62,-1,73
231030,78,89,-10,83
231540,41,24,-4,87
232050,36,46,4,83
232560,82,97,6,77
233070,82,40,-6,83
233580,78,92,5,78
234090,98,5,-2,80
234600,66,39,7,73
235110,14,12,-9,82
235620,16,18,4,78
236130,92,80,-1,79
236640,49,61,0,79
237150,91,76,-5,84
237660,91,56,4,80
238170,38,91,1,79
238680,47,6,-6,85
239190,42,18,4,81
239700,11,99,5,76
240210,32,2,-8,84
240720,70,7,3,81
241230,69,21,-4,85
241740,49,8,6,79
242250,8,93,-2,81
242760,33,18,2,79
243270,45,59,1,78
243780,70,5,-2,80
244290,84,17,0,80
244800,98,58,2,78
245310,77,6,-8,86
245820,59,31,7,79
246330,77,88,-1,80
246840,60,57,-3,83
247350,36,4,1,82
247860,100,62,6,76
248370,25,13,2,74
248880,46,46,-2,76
249390,58,63,-3,79
249900,64,24,0,79
250410,67,9,0,79
250920,76,44,1,78
251430,47,58,-1,79
251940,67,43,-2,81
252450,44,47,4,77
252960,45,43,-2,79
253470,90,23,-2,81
253980,22,25,5,76
254490,7,19,-2,78
255000,4,0,-3,81
255510,63,36,-4,85
256020,69,89,-3,88
256530,22,0,6,82
257040,78,89,2,80
257550,34,6,2,78
258060,72,47,-4,82
258570,65,68,-5,87
259080,14,1,2,85
259590,60,74,6,79
260100,71,4,3,76
260610,25,9,-2,78
261120,84,63,-1,79
261630,43,62,-3,82
262140,79,51,1,81
262650,97,77,3,78
263160,6,52,5,73
263670,101,28,-4,77
264180,22,72,5,72
264690,4,73,-7,79
265200,81,71,-8,87
265710,81,42,2,85
266220,55,50,3,82
266730,36,39,-4,86
267240,53,29,6,80
267750,73,86,-2,82
268260,94,46,9,73
268770,91,57,-4,77
269280,63,61,-5,82
269790,84,12,-1,83
270300,99,99,-11,94
270810,31,24,14,80
271320,78,81,-1,81
271830,80,36,3,78
272340,12,49,9,69
272850,60,25,-17,86
273360,58,18,-3,89
273870,23,25,10,79
274380,11,17,7,72
274890,72,5,-10,82
275400,22,60,3,79
275910,79,87,-4,83
276420,61,96,8,75
276930,31,94,-5,80
277440,101,92,-3,83
277950,3,32,1,82
278460,67,84,-5,87
278970,59,55,0,87
279480,34,0,10,77
279990,70,48,-6,83
280500,100,87,-2,85
281010,83,16,4,81
281520,15,4,1,80
282030,71,66,-4,84
282540,11,0,4,80
283050,56,51,-1,81
283560,96,54,5,76
284070,48,5,-6,82
284580,32,39,13,69
285090,39,90,-10,79
285600,61,65,-1,80
286110,31,100,2,78
286620,76,31,1,77
287130,57,93,-9,86
287640,34,5,5,81
288150,56,4,2,79
288660,28,89,0,79
289170,24,66,4,75
289680,80,20,-5,80
290190,88,7,0,80
290700,13,28,3,77
291210,59,16,-6,83
291720,44,71,0,83
292230,78,13,3,80
292740,56,73,3,77
293250,41,61,-2,79
293760,75,10,-3,82
294270,36,56,7,75
294780,6,36,-2,77
295290,86,81,-12,89
295800,77,69,5,84
296310,31,86,0,84
296820,98,25,6,78
297330,32,31,4,74
297840,56,64,-7,81
298350,31,35,-7,88
298860,21,17,14,74
299370,81,38,0,74
299880,20,45,-2,76
300390,75,1,-3,79
300900,71,90,-5,84
301410,22,91,5,79
301920,9,67,0,79
302430,72,97,-2,81
302940,66,70,3,78
303450,10,20,-1,79
303960,2,55,8,71
304470,24,1,-4,75
304980,25,25,0,75
305490,13,56,2,73
306000,99,70,-5,78
306510,82,29,2,76
307020,45,64,-5,81
307530,76,82,4,77
308040,54,19,-9,86
308550,12,49,13,73
309060,30,34,0,73
309570,84,68,-6,79
310080,87,3,-2,81
310590,92,73,3,78
311100,57,78,-4,82
311610,27,13,11,71
312120,23,69,-4,75
312630,13,55,-2,77
313140,87,24,-2,79
313650,27,91,-2,81
314160,8,20,-1,82
314670,20,20,4,78
315180,96,37,4,74
315690,40,24,-10,84
316200,40,51,10,74
316710,24,65,-5,79
317220,96,89,-4,83
317730,89,25,5,78
318240,59,1,-5,83
318750,21,45,5,78
319260,98,90,-5,83
319770,2,36,9,74
320280,69,50,-12,86
320790,17,78,4,82
321300,81,29,9,73
321810,84,30,-1,74
322320,18,75,-2,76
322830,77,80,-7,83
323340,3,30,7,76
323850,70,13,-5,81
324360,38,30,2,79
324870,78,63,-2,81
325380,98,11,-2,83
325890,53,74,3,80
326400,42,5,-4,84
326910,98,70,8,76
327420,86,47,-2,78
327930,11,22,-4,82
328440,92,45,6,76
328950,6,8,-2,78
329460,36,47,6,72
329970,34,83,-4,76
330480,50,70,-2,78
330990,11,84,-2,80
331500,62,18,0,80
332010,52,96,-2,82
332520,97,70,3,79
333030,67,95,-8,87
333540,93,9,4,83
334050,87,34,8,75
334560,47,88,-8,83
335070,71,83,2,81
335580,33,78,3,78
336090,38,100,-3,81
336600,42,83,0,81
337110,30,17,3,78
337620,40,98,2,76
338130,71,71,-9,85
338640,38,93,7,78
339150,23,53,0,78
339660,82,55,3,75
340170,77,79,-13,88
340680,57,14,3,85
341190,57,1,-6,91
341700,41,33,8,83
342210,7,51,2,81
342720,70,101,-2,83
343230,46,28,-1,84
343740,98,79,-4,88
344250,93,8,9,79
344760,65,62,-12,91
345270,68,89,8,83
345780,86,71,4,79
346290,49,6,1,78
346800,57,43,-1,79
347310,30,87,-2,81
347820,46,100,3,78
348330,51,90,2,76
348840,57,94,-6,82
349350,101,45,0,82
349860,3,5,0,82
350370,14,101,1,81
350880,46,46,-3,84
351390,88,32,11,73
351900,90,72,-8,81
352410,57,12,-3,84
352920,35,79,5,79
353430,43,11,-5,84
353940,53,7,8,76
354450,11,35,-9,85
354960,6,94,2,83
355470,54,79,10,73
355980,42,64,-7,80
356490,17,31,7,73
357000,31,101,-14,87
357510,78,44,12,75
358020,7,98,-4,79
358530,94,71,3,76
359040,20,60,0,76
359550,22,29,2,74
360060,35,21,-6,80
360570,14,98,3,77
361080,23,71,2,75
361590,94,57,-3,78
362100,17,32,6,72
362610,63,8,-10,82
363120,63,83,-9,91
363630,87,85,5,86
364140,69,37,1,85
364650,34,71,5,80
365160,72,95,-4,84
365670,84,54,-3,87
366180,101,19,7,80
366690,77,78,-2,82
367200,2,46,9,73
367710,14,19,-5,78
368220,92,75,-4,82
368730,83,84,-5,87
369240,54,3,7,80
369750,26,35,1,79
370260,55,5,2,77
370770,82,60,-6,83
371280,86,23,2,81
371790,87,30,3,78
372300,47,96,-3,81
372810,81,42,3,78
373320,7,45,4,74
373830,97,24,-4,78
374340,36,79,-4,82
374850,13,86,4,78
375360,19,14,-6,84
375870,61,96,0,84
376380,79,62,3,81
376890,86,75,-1,82
377400,66,88,-1,83
377910,30,58,1,82
378420,96,35,9,73
378930,74,83,-7,80
379440,33,88,0,80
379950,27,10,-7,87
380460,49,92,8,79
380970,78,33,4,75
381480,75,0,-14,89
381990,23,27,10,79
382500,43,82,-1,80
383010,83,39,3,77
383520,39,61,-1,78
384030,99,5,-4,82
384540,44,93,3,79
385050,40,33,4,75
385560,80,47,2,73
386070,41,77,-3,76
386580,34,54,-3,79
387090,52,62,-4,83
387600,37,64,-5,88
388110,83,32,17,71
388620,92,32,-2,73
389130,31,45,-3,76
389640,79,78,-3,79
390150,25,33,-4,83
390660,10,30,6,77
391170,74,84,-3,80
391680,68,84,-8,88
392190,33,74,10,78
392700,34,77,1,77
393210,1,23,0,77
393720,96,79,-9,86
394230,67,24,3,83
394740,99,20,6,77
395250,101,78,-2,79
395760,51,67,0,79
396270,75,27,-2,81
396780,83,100,7,74
397290,34,13,-12,86
397800,48,59,5,81
398310,2,86,-3,84
398820,53,71,5,79
399330,99,82,2,77
399840,71,75,-8,85
400350,0,30,3,82
400860,65,50,-2,84
401370,24,23,7,77
401880,38,16,-5,82
402390,14,51,10,72
402900,2,34,-6,78
403410,65,7,-2,80
403920,13,28,1,79
404430,66,91,-4,83
404940,95,4,-2,85
405450,93,89,1,84
405960,100,65,0,84
406470,55,72,2,82
406980,74,34,6,76
407490,57,69,-6,82
408000,19,33,13,69
408510,82,6,-10,79
409020,87,71,-1,80
409530,92,15,-2,82
410040,16,59,11,71
410550,37,41,-2,73
411060,50,88,-4,77
411570,84,15,0,77
412080,63,21,-4,81
412590,70,13,1,80
413100,33,6,6,74
413610,6,57,-3,77
414120,83,68,-4,81
414630,77,57,-5,86
415140,47,95,5,81
415650,34,89,3,78
416160,101,71,-2,80
416670,19,51,3,77
417180,22,51,-1,78
417690,89,37,1,77
418200,42,74,-2,79
418710,75,20,6,73
419220,35,73,-2,75
419730,95,13,-2,77
420240,29,23,0,77
420750,101,75,0,77
421260,3,63,0,77
421770,35,22,0,77
422280,92,49,3,74
422790,15,86,-5,79
423300,72,96,-2,81
423810,63,46,-6,87
424320,53,95,-3,90
424830,34,59,6,84
425340,84,65,4,80
425850,91,27,4,76
426360,51,1,-8,84
426870,68,63,2,82
427380,59,40,-2,84
427890,27,98,0,84
428400,39,5,4,80
428910,12,91,-1,81
429420,74,24,4,77
429930,24,28,-2,79
430440,26,39,2,77
430950,35,96,-4,81
431460,27,97,4,77
431970,85,82,-9,86
432480,70,16,3,83
432990,16,29,-1,84
433500,74,76,5,79
434010,38,12,-4,83
434520,94,51,10,73
435030,43,48,-6,79
435540,97,57,-1,80
436050,101,15,3,77
436560,101,8,-9,86
437070,20,92,1,85
437580,57,51,2,83
438090,75,95,1,82
438600,56,94,1,81
439110,99,49,5,76
439620,33,3,-7,83
440130,9,97,3,80
440640,15,27,-4,84
441150,47,73,5,79
441660,93,23,-2,81
442170,3,78,6,75
442680,22,68,-4,79
443190,86,98,-1,80
443700,77,101,-8,88
444210,64,16,-2,90
444720,14,3,10,80
445230,57,17,-4,84
445740,61,57,-1,85
446250,42,85,7,78
446760,44,41,0,78
447270,85,94,-5,83
447780,72,52,3,80
448290,17,69,8,72
448800,54,85,-16,88
449310,50,6,6,82
449820,43,54,2,80
450330,24,46,2,78
450840,15,57,10,68
451350,72,86,-19,87
451860,87,94,5,82
452370,68,72,2,80
452880,44,49,-1,81
453390,97,18,-2,83
453900,33,12,2,81
454410,81,100,0,81
454920,58,52,-1,82
455430,7,87,3,79
455940,47,2,3,76
456450,31,79,-2,78
456960,80,38,5,73
457470,34,24,-8,81
457980,9,26,1,80
458490,62,57,-9,89
459000,8,77,16,73
459510,73,28,-3,76
460020,1,50,7,69
460530,60,5,-12,81
461040,97,86,-11,92
461550,29,75,15,77
462060,22,51,-3,80
462570,75,74,-3,83
463080,46,43,6,77
463590,53,84,-3,80
464100,52,97,-4,84
464610,65,73,1,83
465120,50,32,1,82
465630,71,40,3,79
466140,68,4,-1,80
466650,48,32,2,78
467160,16,34,4,74
467670,58,25,-6,80
468180,98,85,1,79
468690,83,58,-9,88
469200,6,23,8,80
469710,19,56,1,79
470220,99,12,-4,83
470730,50,60,3,80
471240,94,1,-4,84
471750,92,24,13,71
472260,85,0,-14,85
472770,54,12,6,79
473280,79,47,-7,86
473790,4,79,14,72
474300,3,32,-2,74
474810,63,66,-9,83
475320,4,83,4,79
475830,101,7,-4,83
476340,51,0,4,79
476850,74,78,-3,82
477360,63,69,1,81
477870,85,42,6,75
478380,99,43,1,74
478890,71,50,-13,87
479400,49,33,-4,91
479910,64,68,11,80
480420,6,94,3,77
480930,54,17,-4,81
481440,4,52,11,70
481950,82,95,-12,82
482460,5,75,9,73
482970,72,29,-7,80
483480,15,53,1,79
483990,15,93,-5,84
484500,38,87,0,84
485010,14,60,18,66
485520,39,37,-17,83
486030,36,68,6,77
486540,41,49,-2,79
487050,15,60,1,78
487560,49,42,0,78
488070,47,62,-3,81
488580,62,31,0,81
489090,76,6,-1,82
489600,28,100,0,82
490110,46,90,-1,83
490620,68,11,0,83
491130,44,78,2,81
491640,75,27,-1,82
492150,27,14,-1,83
492660,99,20,6,77
493170,37,53,-6,83
493680,101,24,6,77
494190,40,95,2,75
494700,37,81,-3,78
495210,35,86,0,78
495720,36,16,0,78
496230,50,78,4,74
496740,44,53,-5,79
497250,85,34,1,78
497760,57,39,-7,85
498270,21,20,3,82
498780,54,44,3,79
499290,1,79,-6,85
499800,100,7,-1,86
500310,85,69,1,85
500820,63,81,2,83
501330,40,62,-2,85
501840,50,0,4,81
502350,91,46,2,79
502860,26,66,3,76
503370,38,17,0,76
503880,79,14,-6,82
504390,42,88,-1,83
504900,39,52,2,81
505410,79,30,4,77
505920,81,45,-6,83
506430,81,31,1,82
506940,28,17,0,82
507450,75,21,3,79
507960,75,27,-1,80
508470,24,67,6,74
508980,95,19,-11,85
509490,37,21,6,79
510000,87,35,2,77
510510,27,11,-14,91
511020,77,22,22,69
511530,60,3,-18,87
512040,8,0,1,86
512550,69,99,2,84
513060,66,60,2,82
513570,14,63,6,76
514080,86,77,-5,81
514590,96,80,0,81
515100,27,83,1,80
515610,26,65,8,72
516120,52,84,-13,85
516630,36,87,3,82
517140,41,18,6,76
517650,91,21,1,75
518160,98,32,-1,76
518670,92,70,-10,86
519180,101,25,6,80
519690,75,22,0,80
520200,71,19,-2,82
520710,67,57,-7,89
521220,15,60,8,81
521730,42,93,7,74
522240,19,0,-4,78
522750,60,101,-2,80
523260,52,2,-1,81
523770,0,101,-3,84
524280,56,66,0,84
524790,4,69,7,77
525300,24,0,1,76
525810,96,44,-1,77
526320,28,31,-6,83
526830,80,34,10,73
527340,78,37,-10,83
527850,26,40,9,74
528360,25,43,2,72
528870,101,26,-8,80
529380,49,23,0,80
529890,99,26,2,78
530400,78,23,-2,80
530910,56,86,0,80
531420,4,89,4,76
531930,46,90,-5,81
532440,96,91,4,77
532950,44,49,0,77
533460,94,23,-1,78
533970,42,20,-5,83
534480,92,76,-2,85
534990,90,38,8,77
535500,86,84,-11,88
536010,91,19,11,77
536520,3,16,-4,81
537030,11,45,4,77
537540,10,46,6,71
538050,82,47,-15,86
538560,97,91,8,78
539070,45,26,-4,82
539580,95,29,5,77
540090,43,26,-1,78
540600,46,68,-4,82
541110,96,60,8,74
541620,9,81,-3,77
542130,51,82,-1,78
542640,70,33,-1,79
543150,18,33,3,76
543660,68,36,-4,80
544170,16,39,4,76
544680,36,54,-8,84
545190,64,5,1,83
545700,24,2,5,78
546210,74,24,-1,79
546720,25,36,4,75
547230,8,39,1,74
547740,7,55,-1,75
548250,64,93,-7,82
548760,51,54,4,78
549270,101,57,3,75
549780,49,60,-6,81
550290,99,63,-3,84
550800,6,66,7,77
551310,48,11,-6,83
551820,98,8,-1,84
552330,54,30,3,81
552840,2,33,3,78
553350,27,85,-2,80
553860,26,93,5,75
554370,91,51,-4,79
554880,39,54,2,77
555390,7,95,-2,79
555900,43,39,3,76
556410,66,32,-6,82
556920,14,35,4,78
557430,13,44,-2,80
557940,12,88,2,78
558450,4,60,3,75
558960,50,5,-3,78
559470,37,38,1,77
559980,87,49,1,76
560490,56,15,-4,80
561000,4,18,5,75
561510,26,2,-13,88
562020,62,46,9,79
562530,10,40,2,77
563040,9,77,4,73
563550,77,48,-7,80
564060,75,51,-3,83
564570,48,68,-6,89
565080,88,100,5,84
565590,29,1,6,78
566100,72,45,-4,82
566610,65,48,-4,86
567120,13,54,19,67
567630,83,69,-18,85
568140,31,14,10,75
568650,81,17,-11,86
569160,29,14,5,81
569670,79,52,3,78
570180,24,55,-2,80
570690,23,4,7,73
571200,73,48,-7,80
571710,21,5,-5,85
572220,71,41,5,80
572730,0,44,8,72
573240,42,32,-10,82
573750,92,81,5,77
574260,40,84,-1,78
574770,90,31,0,78
575280,38,75,-2,80
575790,37,78,4,76
576300,36,90,-3,79
576810,35,1,-1,80
577320,28,57,-3,83
577830,36,82,4,79
578340,35,78,-1,80
578850,8,81,3,77
579360,89,23,0,77
579870,32,67,-4,81
580380,20,14,1,80
580890,70,63,3,77
581400,44,56,-3,80
581910,92,59,1,79
582420,23,62,2,77
582930,63,63,-4,81
583440,46,18,-5,86
583950,67,37,-1,87
584460,15,40,15,72
584970,40,48,-10,82
585480,22,51,17,65
585990,35,54,-11,76
586500,37,3,-5,81
587010,2,68,7,74
587520,44,1,-11,85
588030,71,100,5,80
588540,84,42,5,75
589050,98,45,0,75
589560,46,48,-4,79
590070,85,51,2,77
590580,84,54,-4,81
591090,71,79,-4,85
591600,1,68,8,77
592110,96,69,-3,80
592620,44,89,0,80
593130,43,20,-1,81
593640,93,39,10,71
594150,17,42,-6,77
594660,17,60,4,73
595170,16,59,1,72
595680,43,58,-12,84
596190,47,61,6,78
596700,100,64,4,74
597210,48,67,-5,79
597720,68,70,-8,87
598230,27,73,10,77
598740,21,42,-1,78
599250,20,45,-5,83
599760,65,18,5,78
600270,13,10,-3,81
600780,63,30,-5,86
601290,14,83,14,72
601800,13,16,-9,81
602310,39,19,0,81
602820,40,63,5,76
603330,15,83,-1,77
603840,41,52,-1,78
604350,40,89,2,76
604860,61,100,-4,80
605370,37,1,-8,88
605880,25,27,14,74
606390,83,34,3,71
606900,78,82,-15,86
607410,26,85,5,81
607920,6,9,-4,85
608430,34,99,6,79
608940,33,7,0,79
609450,83,61,-1,80
609960,31,25,0,80
610470,81,28,4,76
610980,29,23,1,75
611490,63,26,-7,82
612000,11,81,5,77
612510,100,5,-4,81
613020,59,83,-3,84
613530,28,71,7,77
614040,94,72,-1,78
614550,98,75,2,76
615060,46,78,-5,81
615570,96,58,2,79
616080,44,51,0,79
616590,66,82,1,78
617100,84,85,-1,79
617610,48,55,2,77
618120,98,58,-1,78
618630,46,61,3,75
619140,45,18,-10,85
619650,95,21,6,79
620160,31,17,-4,83
620670,81,2,-2,85
621180,29,12,7,78
621690,66,56,-9,87
622200,73,52,3,84
622710,1,55,9,75
623220,47,61,1,74
623730,72,64,-12,86
624240,20,2,10,76
624750,70,46,-5,81
625260,18,49,11,70
625770,17,67,1,69
626280,97,93,-15,84
626790,13,72,10,74
627300,85,91,-12,86
627810,33,73,4,82
628320,32,76,1,81
628830,57,75,4,77
629340,5,5,0,77
629850,79,60,-2,79
630360,64,73,-3,82
630870,4,82,9,73
631380,79,71,-5,78
631890,27,74,4,74
632400,26,100,-6,80
632910,33,67,0,80
633420,44,21,-5,85
633930,84,24,10,75
634440,32,16,-8,83
634950,82,8,-2,85
635460,22,3,7,78
635970,72,10,-6,84
636480,20,100,8,76
636990,36,86,-4,80
637500,43,85,0,80
638010,3,88,-2,82
638520,2,52,9,73
639030,12,6,-8,81
639540,62,85,-2,83
640050,10,88,9,74
640560,43,24,-5,79
641070,93,96,2,77
641580,30,99,0,77
642090,29,98,-4,81
642600,66,97,-1,82
643110,91,48,9,73
643620,69,51,-6,79
644130,57,54,-8,87
644640,5,57,11,76
645150,8,29,3,73
645660,93,36,-4,77
646170,41,5,-7,84
646680,20,76,13,71
647190,70,75,-7,78
647700,39,78,0,78
648210,100,23,0,78
648720,89,73,-8,86
649230,37,68,7,79
649740,87,67,2,77
650250,55,70,-7,84
650760,1,73,9,75
651270,81,37,1,74
651780,29,69,0,74
652290,28,68,1,73
652800,76,67,-10,83
653310,24,40,-1,84
653820,74,26,6,78
654330,65,92,-14,92
654840,82,49,15,77
655350,41,52,0,77
655860,41,55,-9,86
656370,87,58,6,80
656880,35,9,-4,84
657390,85,63,8,76
657900,25,35,3,73
658410,7,38,-2,75
658920,34,33,0,75
659430,74,37,-4,79
659940,22,40,2,77
660450,28,36,2,75
660960,78,39,2,73
661470,33,42,-11,84
661980,7,26,10,74
662490,6,25,3,71
663000,75,44,-5,76
663510,66,48,-8,84
664020,86,51,4,80
664530,34,54,-2,82
665040,45,57,10,72
665550,44,28,-9,81
666060,94,31,4,77
666570,42,0,-4,81
667080,22,34,9,72
667590,101,33,-5,77
668100,49,60,-2,79
668610,99,7,0,79
669120,59,29,-3,82
669630,57,32,-3,85
670140,53,14,4,81
670650,1,65,4,77
671160,34,54,-2,79
671670,33,57,-10,89
672180,83,56,12,77
672690,31,77,-1,78
673200,30,76,1,77
673710,29,7,-9,86
674220,36,92,9,77
674730,94,16,-1,78
675240,63,38,-13,91
675750,76,19,11,80
676260,24,84,0,80
676770,23,83,4,76
677280,22,82,-1,77
677790,21,35,0,77
678300,71,6,-7,84
678810,23,9,5,79
679320,73,53,0,79
679830,21,56,5,74
680340,20,32,2,72
680850,81,27,-5,77
681360,80,24,-4,81
681870,59,16,-1,82
682380,21,18,0,82
682890,25,71,11,71
683400,24,82,-7,78
683910,23,81,3,75
684420,22,80,-2,77
684930,21,79,1,76
685440,37,78,-4,80
685950,36,81,0,80
686460,91,83,-5,85
686970,39,78,7,78
687480,18,10,0,78
687990,30,15,-6,84
688500,78,93,4,80
689010,76,43,-5,85
689520,50,73,-3,88
690030,83,101,1,87
690540,31,2,6,81
691050,27,27,7,74
691560,77,17,-2,76
692070,25,31,-6,82
692580,75,3,0,82
693090,73,74,-3,85
693600,52,77,2,83
694110,0,80,10,73
694620,14,69,-3,76
695130,70,48,-9,85
695640,18,38,14,71
696150,58,37,-10,81
696660,49,40,1,80
697170,99,43,4,76
697680,45,72,4,72
698190,21,75,0,72
698700,20,47,0,72
699210,19,0,-13,85
699720,12,24,10,75
700230,19,23,-3,78
700740,50,84,-4,82
701250,100,95,4,78
701760,48,98,-5,83
702270,47,97,1,82
702780,46,56,6,76
703290,45,24,-4,80
703800,95,89,-1,81
704310,43,68,3,78
704820,19,11,-2,80
705330,27,60,3,77
705840,26,47,2,75
706350,1,68,3,72
706860,34,83,-11,83
707370,26,56,9,74
707880,25,100,-4,78
708390,14,39,-3,81
708900,13,38,9,72
709410,12,37,-2,74
709920,68,60,-3,77
710430,38,55,-1,78
710940,37,52,1,77
711450,36,55,0,77
711960,35,58,-7,84
712470,85,61,7,77
712980,61,64,-3,80
713490,9,67,6,74
714000,39,75,-5,79
714510,38,74,0,79
715020,37,77,0,79
715530,36,0,-4,83
716040,61,80,4,79
716550,9,13,-8,87
717060,59,75,6,81
717570,58,78,1,80
718080,64,47,-5,85
718590,61,50,1,84
719100,9,36,8,76
719610,90,35,-1,77
720120,66,38,-7,84
720630,3,41,10,74
721140,79,30,-3,77
721650,27,33,1,76
722160,72,59,-7,83
722670,77,30,9,74
723180,77,6,-8,82
723690,75,8,0,82
724200,25,30,1,81
724710,75,65,-7,88
725220,5,68,11,77
725730,68,49,-10,87
726240,5,52,16,71
726750,24,76,-5,76
727260,101,71,1,75
727770,85,66,-9,84
728280,33,61,1,83
728790,32,39,11,72
729300,24,0,-16,88
729810,81,44,12,76
730320,80,87,-13,89
730830,51,90,7,82
731340,97,93,-2,84
731850,20,82,6,78
732360,58,16,-4,82
732870,23,73,3,79
733380,22,90,0,79
733890,21,85,2,77
734400,59,80,-5,82
734910,7,91,-2,84
735420,6,90,-1,85
735930,46,85,5,80
736440,96,88,-4,84
736950,44,85,1,83
737460,94,88,5,78
737970,58,83,-6,84
738480,53,86,0,84
738990,66,11,3,81
739500,21,25,0,81
740010,71,90,-4,85
740520,50,85,-4,89
741030,49,9,7,82
741540,66,97,7,75
742050,68,41,-4,79
742560,5,36,1,78
743070,98,31,-1,79
743580,63,51,-2,81
744090,1,44,1,80
744600,45,39,0,80
745110,95,74,0,80
745620,5,72,6,74
746130,41,67,-3,77
746640,91,40,7,70
747150,56,43,-11,81
747660,4,38,5,76
748170,29,33,-2,78
748680,79,28,-2,80
749190,18,65,5,75
749700,17,5,2,73
750210,67,49,-11,84
750720,4,44,14,70
751230,29,60,-9,79
751740,28,55,0,79
752250,27,73,3,76
752760,16,68,4,72
753270,5,63,-2,74
753780,7,58,-2,76
754290,6,68,1,75
754800,45,6,-3,78
755310,0,85,-3,81
755820,63,26,1,80
756330,57,90,1,79
756840,63,72,-12,91
757350,11,67,11,80
757860,62,29,-6,86
758370,81,6,5,81
758880,36,28,0,81
759390,86,75,6,75
759900,34,31,-1,76
760410,89,26,3,73
760920,66,21,-9,82
761430,31,20,-3,85
761940,9,26,6,79
762450,26,51,12,67
762960,30,46,-15,82
763470,80,41,5,77
763980,28,44,1,76
764490,78,39,1,75
765000,26,42,-2,77
765510,76,80,-2,79
766020,24,75,5,74
766530,14,70,0,74
767040,46,68,-8,82
767550,96,41,10,72
768060,90,37,-6,78
768570,38,85,-8,86
769080,37,29,14,72
769590,87,67,-12,84
770100,6,62,13,71
770610,74,57,-14,85
771120,22,52,13,72
771630,21,47,-3,75
772140,63,89,-7,82
772650,58,3,-3,85
773160,63,67,-2,87
773670,11,10,7,80
774180,61,20,-1,81
774690,9,5,7,74
775200,59,13,-7,81
775710,24,35,1,80
776220,23,60,6,74
776730,22,22,-7,81
777240,76,69,3,78
777750,95,64,5,73
778260,94,59,-9,82
778770,42,49,-3,85
779280,92,15,2,83
779790,100,23,10,73
780300,6,45,-4,77
780810,62,40,-7,84
781320,1,35,11,73
781830,0,4,-14,87
782340,11,97,5,82
782850,10,50,5,77
783360,9,45,1,76
783870,34,16,-7,83
784380,47,7,6,77
784890,83,56,-5,82
785400,30,9,2,80
785910,80,85,0,80
786420,37,80,0,80
786930,36,75,-2,82
787440,35,9,3,79
787950,29,19,0,79
788460,66,83,-5,84
788970,14,2,4,80
789480,92,19,-2,82
789990,5,41,3,79
790500,4,94,-3,82
791010,3,86,-1,83
791520,21,50,11,72
792030,90,65,-7,79
792540,38,60,4,75
793050,88,62,-3,78
793560,26,57,-5,83
794070,0,52,6,77
794580,101,98,-10,87
795090,49,70,8,79
795600,21,65,9,70
796110,42,20,-7,77
796620,66,2,0,77
797130,14,66,8,69
797640,67,5,-15,84
798150,67,60,-11,95
798660,9,70,22,73
799170,1,95,-7,80
799680,40,84,3,77
800190,39,23,-8,85
800700,89,87,5,80
801210,17,32,10,70
801720,16,44,-2,72
802230,15,71,-4,76
802740,14,68,5,71
803250,36,9,-10,81
803760,86,93,-1,82
804270,34,65,-5,87
804780,33,45,6,81
805290,83,77,-5,86
805800,31,64,6,80
806310,13,59,8,72
806820,65,54,-12,84
807330,13,101,-6,90
807840,27,96,9,81
808350,26,91,1,80
808860,81,86,-5,85
809370,62,81,-1,86
809880,91,76,2,84
810390,39,60,4,80
810900,6,5,0,80
811410,15,73,7,73
811920,14,29,1,72
812430,66,69,-8,80
812940,13,5,3,77
813450,81,95,-10,87
813960,12,81,11,76
814470,11,76,1,75
814980,10,57,7,68
815490,9,68,-5,73
816000,8,63,-3,76
816510,7,58,-6,82
817020,6,53,0,82
817530,5,48,7,75
818040,4,43,3,72
818550,3,38,-3,75
819060,2,81,-5,80
819570,87,70,-5,85
820080,63,84,-1,86
820590,38,79,8,78
821100,37,26,5,73
821610,81,63,-11,84
822120,29,8,2,82
822630,1,65,9,73
823140,40,54,-10,83
823650,69,34,-1,84
824160,17,78,12,72
824670,96,73,-10,82
825180,44,68,4,78
825690,94,20,0,78
826200,42,42,-7,85
826710,20,37,7,78
827220,19,32,5,73
827730,36,27,-2,75
828240,54,37,-9,84
828750,12,24,8,76
829260,90,19,-9,85
829770,38,1,9,76
830280,95,53,5,71
830790,43,57,-9,80
831300,32,91,8,72
831810,42,97,-10,82
832320,41,86,4,78
832830,58,81,-3,81
833340,74,91,1,80
833850,22,81,4,76
834360,4,89,-1,77
834870,43,78,-5,82
835380,72,59,2,80
835890,23,0,3,77
836400,8,44,2,75
836910,7,80,-3,78
837420,69,69,-3,81
837930,12,66,4,77
838440,11,61,7,70
838950,88,47,-6,76
839460,36,91,-2,78
839970,72,86,-10,88
840480,20,28,16,72
840990,85,86,-8,80
841500,33,81,-1,81
842010,67,11,0,81
842520,59,34,-3,84
843030,7,64,13,71
843540,24,53,-9,80
844050,23,12,2,78
844560,73,32,-5,83
845070,95,49,11,72
845580,43,44,4,68
846090,93,39,-11,79
846600,41,1,-7,86
847110,96,51,15,71
847620,1,45,0,71
848130,26,40,-4,75
848640,76,85,-9,84
849150,24,80,6,78
849660,22,49,1,77
850170,21,43,0,77
850680,71,42,-1,78
851190,12,56,4,74
851700,22,51,-4,78
852210,46,73,-1,79
852720,96,68,-6,85
853230,44,63,7,78
853740,74,58,-8,86
854250,0,59,10,76
854760,39,23,-7,83
855270,89,81,8,75
855780,37,28,-1,76
856290,24,64,-1,77
856800,23,99,-2,79
857310,65,79,-3,82
857820,17,68,12,70
858330,6,66,-6,76
858840,5,30,4,72
859350,4,25,-12,84
859860,16,72,13,71
860370,15,44,-8,79
860880,40,96,-3,82
861390,2,55,11,71
861900,41,19,-6,77
862410,91,83,-5,82
862920,39,78,4,78
863430,25,50,-4,82
863940,36,45,8,74
864450,86,9,-9,83
864960,34,30,3,80
865470,84,80,1,79
865980,32,75,2,77
866490,31,97,0,77
867000,30,52,2,75
867510,80,47,-1,76
868020,100,42,4,72
868530,48,37,-9,81
869040,50,74,2,79
869550,100,69,1,78
870060,59,15,4,74
870570,61,10,-1,75
871080,9,31,-1,76
871590,64,78,-1,77
872100,88,9,-5,82
872610,49,68,7,75
873120,99,29,1,74
873630,12,24,3,71
874140,59,19,-10,81
874650,6,44,-2,83
875160,31,78,4,79
875670,90,0,2,77
876180,60,42,-5,82
876690,98,80,-3,85
877200,46,75,4,81
877710,96,98,1,80
878220,44,20,2,78
878730,46,84,3,75
879240,25,15,-8,83
879750,76,79,4,79
880260,70,74,-5,84
880770,14,69,4,80
881280,79,58,-1,81
881790,16,84,4,77
882300,37,43,0,77
882810,67,13,-3,80
883320,15,50,8,72
883830,60,62,-9,81
884340,72,57,-6,87
884850,70,52,-2,89
885360,18,47,7,82
885870,81,2,3,79
886380,47,66,-6,85
886890,97,61,9,76
887400,93,56,-2,78
887910,64,39,-6,84
888420,1,34,7,77
888930,26,92,0,77
889440,28,54,2,75
889950,78,52,-6,81
890460,26,1,7,74
890970,83,88,-7,81
891480,31,24,5,76
891990,81,71,-3,79
892500,29,66,-2,81
893010,79,76,3,78
893520,27,31,6,72
894030,66,26,-9,81
894540,14,62,8,73
895050,22,24,-4,77
895560,4,41,5,72
896070,12,66,-4,76
896580,56,30,-7,83
897090,9,29,7,76
897600,91,3,-6,82
898110,39,67,-3,85
898620,89,21,7,78
899130,56,16,-4,82
899640,29,19,3,79
900150,79,66,-7,86
900660,83,86,-2,88
901170,31,31,9,79
901680,2,73,6,73
902190,41,35,-7,80
902700,44,82,-1,81
903210,94,60,3,78
903720,38,47,-3,81
904230,88,100,-2,83
904740,36,62,-2,85
905250,86,42,10,75
905760,34,45,-6,81
906270,84,40,4,77
906780,3,71,1,76
907290,42,91,-2,78
907800,89,69,-6,84
908310,37,17,5,79
908820,87,81,-2,81
909330,35,76,2,79
909840,68,2,-1,80
910350,16,66,4,76
910860,32,22,1,75
911370,82,8,-2,77
911880,51,72,-5,82
912390,87,82,6,76
912900,50,27,-1,77
913410,100,30,-1,78
913920,48,4,-2,80
914430,98,68,-2,82
914940,46,27,-1,83
915450,96,91,0,83
915960,87,36,5,78
916470,35,31,6,72
916980,85,65,-14,86
917490,22,2,12,74
918000,72,66,-10,84
918510,20,101,6,78
919020,13,66,6,72
919530,58,92,-4,76
920040,96,0,-9,85
920550,19,98,6,79
921060,48,34,2,77
921570,64,57,-5,82
922080,12,2,0,82
922590,5,3,2,80
923100,0,52,6,74
923610,47,16,-5,79
924120,48,10,0,79
924630,98,20,3,76
925140,9,15,-1,77
925650,59,64,-6,83
926160,7,11,3,80
926670,57,58,-2,82
927180,5,3,4,78
927690,55,17,-3,81
928200,3,20,-7,88
928710,2,67,10,78
929220,41,62,-4,82
929730,88,72,0,82
930240,32,11,-3,85
930750,82,75,12,73
931260,30,6,-7,80
931770,80,96,-5,85
932280,21,64,8,77
932790,37,9,-7,84
933300,69,73,3,81
933810,95,35,1,80
934320,55,46,-5,85
934830,3,57,9,76
935340,11,70,1,75
935850,38,34,-2,77
936360,86,62,-1,78
936870,23,95,0,78
937380,73,77,4,74
937890,55,91,-8,82
938400,92,69,3,79
938910,29,14,0,79
939420,79,78,1,78
939930,24,68,0,78
940440,2,89,-3,81
940950,6,53,2,79
941460,33,100,-4,83
941970,32,61,2,81
942480,82,87,1,80
942990,30,32,2,78
943500,36,79,3,75
944010,31,57,-1,76
944520,56,25,-2,78
945030,88,7,-3,81
945540,7,41,3,78
946050,32,78,-3,81
946560,31,39,-2,83
947070,51,86,5,78
947580,101,41,5,73
948090,76,80,-17,90
948600,27,20,7,83
949110,77,67,3,80
949620,14,12,0,80
950130,87,44,-3,83
950640,41,47,3,80
951150,64,46,-3,83
951660,28,75,6,77
952170,27,20,-1,78
952680,77,101,-2,80
953190,30,9,2,78
953700,62,73,-2,80
954210,13,83,-1,81
954720,38,33,-1,82
955230,95,74,8,74
955740,32,9,-5,79
956250,42,73,-2,81
956760,65,31,-1,82
957270,95,34,8,74
957780,63,29,-5,79
958290,95,53,2,77
958800,25,48,0,77
959310,75,36,-6,83
959820,56,59,1,82
960330,4,4,-1,83
960840,30,53,3,80
961350,85,31,5,75
961860,15,91,1,74
962370,27,36,3,71
962880,77,46,-9,80
963390,24,49,-2,82
963900,17,27,8,74
964410,67,74,-17,91
964920,15,2,13,78
965430,9,2,-2,80
965940,4,51,7,73
966450,29,15,-5,78
966960,6,79,2,76
967470,3,26,-5,81
967980,43,29,-3,84
968490,82,76,1,83
969000,11,21,7,76
969510,61,44,-6,82
970020,87,38,11,71
970530,17,33,-4,75
971040,17,80,-3,78
971550,69,25,-4,82
972060,19,28,3,79
972570,69,27,0,79
973080,89,22,-2,81
973590,92,38,4,77
974100,22,99,2,75
974610,30,22,1,74
975120,71,44,-9,83
975630,8,93,2,81
976140,35,6,5,76
976650,67,32,-5,81
977160,64,19,-6,87
977670,49,14,6,81
978180,81,12,1,80
978690,11,46,3,77
979200,10,93,-3,80
979710,37,57,3,77
980220,99,35,-3,80
980730,42,82,-3,83
981240,92,28,6,77
981750,97,23,-1,78
982260,27,18,5,73
982770,66,19,-7,80
983280,3,9,-2,82
983790,4,15,4,78
984300,20,62,0,78
984810,62,51,-6,84
985320,101,98,5,79
985830,38,9,-2,81
986340,70,35,2,79
986850,41,85,-1,80
987360,82,63,-6,86
987870,0,71,6,80
988380,3,79,3,77
988890,67,43,-5,82
989400,4,89,-1,83
989910,68,37,-2,85
990420,71,40,2,83
990930,8,43,10,73
991440,59,7,-8,81
991950,5,41,5,76
992460,10,5,-11,87
992970,5,28,12,75
993480,61,2,-5,80
993990,93,36,3,77
994500,40,63,-3,80
995010,76,41,-6,86
995520,0,44,13,73
996030,25,100,-12,85
996540,80,64,6,79
997050,17,9,-1,80
997560,1,56,2,78
998070,34,20,-5,83
998580,66,67,1,82
999090,36,86,6,76
999600,95,13,-2,78
1000110,25,47,3,75
1000620,89,89,-9,84
1001130,87,77,0,84
1001640,39,58,3,81
1002150,35,36,2,79
1002660,99,83,2,77
1003170,36,80,-1,78
1003680,49,68,-7,85
1004190,11,101,1,84
1004700,38,77,4,80
1005210,0,55,3,77
1005720,64,22,-5,82
1006230,96,25,7,75
1006740,22,20,-7,82
1007250,61,67,0,82
1007760,87,12,-5,87
1008270,65,47,0,87
1008780,2,8,0,87
1009290,99,57,12,75
1009800,29,80,-3,78
1010310,93,35,5,73
1010820,61,13,-6,79
1011330,96,47,0,79
1011840,83,46,-2,81
1012350,13,49,1,80
1012860,72,96,-6,86
1013370,34,29,6,80
1013880,54,76,0,80
1014390,16,25,2,78
1014900,80,0,-8,86
1015410,10,22,9,77
1015920,87,69,-5,82
1016430,55,14,-1,83
1016940,87,0,-4,87
1017450,35,45,1,86
1017960,62,23,3,83
1018470,94,26,5,78
1018980,24,21,0,78
1019490,63,20,-5,83
1020000,28,23,2,81
1020510,78,24,8,73
1021020,8,19,-8,81
1021530,3,66,3,78
1022040,67,30,-4,82
1022550,99,33,6,76
1023060,29,60,3,73
1023570,93,49,-6,79
1024080,23,52,-1,80
1024590,87,41,8,72
1025100,17,68,-5,77
1025610,60,32,-1,78
1026120,92,35,4,74
1026630,22,30,1,73
1027140,86,77,-14,87
1027650,48,22,5,82
1028160,80,25,5,77
1028670,10,20,5,72
1029180,44,70,-4,76
1029690,6,59,-2,78
1030200,33,23,3,75
1030710,83,70,-5,80
1031220,31,15,2,78
1031730,81,62,-4,82
1032240,18,7,3,79
1032750,68,56,-7,86
1033260,16,1,4,82
1033770,73,50,6,76
1034280,10,97,-7,83
1034790,37,61,8,75
1035300,101,50,3,72
1035810,31,53,-17,89
1036320,95,42,12,77
1036830,25,69,-1,78
1037340,89,33,5,73
1037850,75,60,-9,82
1038360,23,5,2,80
1038870,55,54,-3,83
1039380,17,101,1,82
1039890,44,65,4,78
1040400,6,54,5,73
1040910,33,18,-4,77
1041420,83,65,-9,86
1041930,31,10,10,76
1042440,63,50,-5,81
1042950,11,97,1,80
1043460,38,61,-6,86
1043970,0,50,6,80
1044480,64,14,-1,81
1044990,68,54,-3,84
1045500,16,101,0,84
1046010,43,65,4,80
1046520,5,54,3,77
1047030,11,18,4,73
1047540,45,65,-6,79
1048050,82,54,-7,86
1048560,30,101,5,81
1049070,73,90,-5,86
1049580,21,79,9,77
1050090,64,43,-6,83
1050600,71,90,-1,84
1051110,19,79,10,74
1051620,62,43,-9,83
1052130,10,90,-3,86
1052640,37,54,8,78
1053150,101,43,3,75
1053660,50,20,-8,83
1054170,101,23,8,75
1054680,50,63,-1,76
1055190,12,52,-3,79
1055700,39,16,2,77
1056210,71,19,-3,80
1056720,20,59,8,72
1057230,54,48,-14,86
1057740,2,95,-2,88
1058250,45,59,11,77
1058760,7,48,1,76
1059270,34,12,-8,84
1059780,66,15,5,79
1060290,61,18,-1,80
1060800,10,21,-2,82
1061310,5,68,7,75
1061820,32,32,-2,77
1062330,96,79,-6,83
1062840,44,24,0,83
1063350,94,71,4,79
1063860,42,16,-6,85
1064370,74,19,0,85
1064880,69,22,1,84
1065390,18,25,-2,86
1065900,52,72,11,75
1066410,14,61,0,75
1066920,41,25,-4,79
1067430,91,72,0,79
1067940,39,17,6,73
1068450,71,20,-9,82
1068960,20,23,7,75
1069470,84,70,-10,85
1069980,32,15,3,82
1070490,82,18,6,76
1071000,77,58,-5,81
1071510,25,3,-1,82
1072020,20,76,8,74
1072530,63,40,-6,80
1073040,0,43,4,76
1073550,64,7,-9,85
1074060,9,41,10,75
1074570,36,5,-3,78
1075080,31,88,0,78
1075590,95,52,8,70
1076100,25,55,-9,79
1076610,89,19,4,75
1077120,84,59,-7,82
1077630,32,4,7,75
1078140,40,87,-2,77
1078650,67,65,-6,83
1079160,29,10,3,80
1079670,61,13,3,77
1080180,56,16,-5,82
1080690,51,19,3,79
1081200,0,22,-1,80
1081710,48,88,2,78
1082220,98,66,1,77
1082730,28,11,1,76
1083240,60,46,0,76
1083750,8,93,-3,79
1084260,35,57,1,78
1084770,99,35,2,76
1085280,48,79,-7,83
1085790,10,57,7,76
1086300,37,21,-4,80
1086810,87,68,-1,81
1087320,35,13,-1,82
1087830,67,0,-2,84
1088340,12,34,8,76
1088850,39,81,-1,77
1089360,1,59,2,75
1089870,28,23,0,75
1090380,92,70,-7,82
1090890,40,15,2,80
1091400,72,18,-5,85
1091910,67,21,3,82
1092420,8,24,8,74
1092930,35,71,-11,85
1093440,99,49,8,77
1093950,70,52,-6,83
1094460,18,99,-4,87
1094970,45,63,8,79
1095480,7,41,2,77
1095990,34,88,-1,78
1096500,98,52,1,77
1097010,28,55,-11,88
1097520,92,33,17,71
1098030,41,77,-9,80
1098540,3,55,0,80
1099050,30,19,4,76
1099560,80,66,-9,85
1100070,28,11,5,80
1100580,60,14,0,80
1101090,55,17,-2,82
1101600,50,20,-3,85
1102110,82,23,10,75
1102620,86,54,-3,78
1103130,23,57,0,78
1103640,50,21,1,77
1104150,101,24,-1,78
1104660,3,91,1,77
1105170,30,55,-3,80
1105680,94,19,-1,81
1106190,0,86,1,80
1106700,27,50,4,76
1107210,91,14,-3,79
1107720,86,94,-7,86
1108230,48,39,7,79
1108740,10,86,0,79
1109250,37,50,-4,83
1109760,70,28,-6,89
1110270,11,31,8,81
1110780,38,78,0,81
1111290,0,42,2,79
1111800,27,6,0,79
1112310,35,9,-5,84
1112820,30,12,3,81
1113330,73,15,0,81
1113840,68,51,-6,87
1114350,16,98,5,82
1114860,43,62,-2,84
1115370,5,40,6,78
1115880,32,4,1,77
1116390,27,71,-3,80
1116900,54,35,-2,82
1117410,86,82,-2,84
1117920,48,27,-3,87
1118430,91,30,14,73
1118940,32,70,-7,80
1119450,59,34,2,78
1119960,91,37,3,75
1120470,40,32,-4,79
1120980,2,79,-6,85
1121490,29,43,8,77
1122000,93,21,2,75
1122510,97,88,-4,79
1123020,29,33,0,79
1123530,93,80,-3,82
1124040,25,25,4,78
1124550,89,72,-7,85
1125060,21,17,7,78
1125570,85,64,1,77
1126080,33,9,-10,87
1126590,76,12,9,78
1127100,71,79,-5,83
1127610,33,24,2,81
1128120,76,71,-2,83
1128630,38,16,5,78
1129140,70,19,0,78
1129650,11,22,6,72
1130160,54,88,-10,82
1130670,81,52,1,81
1131180,11,55,11,70
1131690,38,19,-11,81
1132200,70,22,0,81
1132710,11,25,5,76
1133220,54,91,-2,78
1133730,81,55,-9,87
1134240,92,58,10,77
1134750,22,43,-3,80
1135260,86,7,-4,84
1135770,81,41,8,76
1136280,9,44,7,69
1136790,36,8,-18,87
1137300,31,11,7,80
1137810,74,14,0,80
1138320,69,81,-4,84
1138830,31,82,2,82
1139340,58,46,4,78
1139850,6,93,-5,83
1140360,33,57,10,73
1140870,54,21,-10,83
1141380,97,24,0,83
1141890,38,19,5,78
1142400,68,22,-9,87
1142910,9,25,8,79
1143420,36,91,3,76
1143930,63,55,-12,88
1144440,11,0,6,82
1144950,6,24,8,74
1145460,33,90,-7,81
1145970,60,5,0,81
1146480,55,39,-6,87
1146990,3,21,9,78
1147500,30,87,0,78
1148010,57,51,-10,88
1148520,91,98,6,82
1149030,53,99,2,80
1149540,80,63,1,79
1150050,28,43,-4,83
1150560,78,7,0,83
1151070,73,41,2,81
1151580,3,44,7,74
1152090,30,8,-4,78
1152600,73,11,-6,84
1153110,68,78,5,79
1153620,89,58,-1,80
1154130,19,61,3,77
1154640,46,25,-3,80
1155150,78,28,4,76
1155660,19,72,-3,79
1156170,46,36,-2,81
1156680,96,16,-3,84
1157190,91,50,9,75
1157700,21,53,-1,76
1158210,48,17,1,75
1158720,91,20,-6,81
1159230,32,15,0,81
1159740,64,18,5,76
1160250,5,21,-1,77
1160760,32,87,0,77
1161270,59,51,-3,80
1161780,7,31,1,79
1162290,34,97,1,78
1162800,61,61,1,77
1163310,95,41,5,72
1163820,99,49,-1,73
1164330,70,52,-18,91
1164840,18,32,17,74
1165350,45,98,-5,79
1165860,72,62,-2,81
1166370,20,42,10,71
1166880,47,31,-11,82
1167390,79,34,7,75
1167900,50,37,-5,80
1168410,100,17,2,78
1168920,41,12,-2,80
1169430,84,15,3,77
1169940,79,10,-7,84
1170450,74,44,-4,88
1170960,22,47,10,78
1171470,49,11,-3,81
1171980,92,14,5,76
1172490,33,48,-6,82
1173000,67,28,3,79
1173510,97,31,6,73
1174020,7,75,-7,80
1174530,34,39,1,79
1175040,68,19,-1,80
1175550,9,51,10,70
1176060,36,15,-12,82
1176570,68,97,-5,87
1177080,16,77,9,78
1177590,43,41,3,75
1178100,77,21,-2,77
1178610,18,53,-1,78
1179120,45,17,-3,81
1179630,61,20,2,79
1180140,100,23,2,77
1180650,10,18,-7,84
1181160,5,84,9,75
1181670,32,48,3,72
1182180,66,37,-7,79
1182690,98,40,6,73
1183200,8,48,-1,74
1183710,35,12,-12,86
1184220,67,94,4,82
1184730,15,74,7,75
1185240,42,13,-5,80
1185750,0,16,-7,87
1186260,97,17,7,80
1186770,38,25,0,80
1187280,88,5,0,80
1187790,33,39,2,78
1188300,67,19,2,76
1188810,9,51,3,73
1189320,36,15,-9,82
1189830,68,18,-6,88
1190340,9,21,17,71
1190850,36,87,-11,82
1191360,63,51,-3,85
1191870,11,31,10,75
1192380,38,20,-6,81
1192890,70,23,-2,83
1193400,11,26,3,80
1193910,38,92,3,77
1194420,65,56,-7,84
1194930,13,36,5,79
1195440,40,0,2,77
1195950,87,30,4,73
1196460,99,38,-2,75
1196970,9,46,0,75
1197480,36,10,-7,82
1197990,68,13,-2,84
1198500,9,6,6,78
1199010,4,55,1,77
1199520,31,19,0,77
1200030,81,101,-3,80
1200540,29,81,4,76
1201050,56,45,-9,85
1201560,4,25,5,80
1202070,31,91,-3,83
1202580,58,55,-5,88
1203090,6,35,7,81
1203600,33,101,4,77
1204110,60,65,-1,78
1204620,8,45,-2,80
1205130,35,9,0,80
1205640,78,17,-2,82
1206150,19,12,1,81
1206660,69,94,-1,82
1207170,17,74,6,76
1207680,44,38,-5,81
1208190,78,18,1,80
1208700,19,13,3,77
1209210,69,95,-13,90
1209720,17,75,15,75
1210230,44,39,-9,84
1210740,94,19,5,79
1211250,35,14,-3,82
1211760,65,17,0,82
1212270,6,20,7,75
1212780,33,86,-2,77
1213290,60,50,-4,81
1213800,8,30,2,79
1214310,35,96,-3,82
1214820,62,60,1,81
1215330,10,40,7,74
1215840,37,4,-4,78
1216350,94,30,4,74
1216860,4,25,-7,81
1217370,31,91,1,80
1217880,58,55,1,79
1218390,92,35,10,69
1218900,2,43,-2,71
1219410,29,7,-9,80
1219920,86,89,-2,82
1220430,34,69,-2,84
1220940,61,33,2,82
1221450,9,36,4,78
1221960,36,25,-3,81
1222470,86,28,5,76
1222980,14,23,-2,78
1223490,48,50,1,77
1224000,98,30,-2,79
1224510,8,25,6,73
1225020,35,91,-1,74
1225530,62,55,-8,82
1226040,10,35,7,75
1226550,37,24,-8,83
1227060,87,78,-2,85
1227570,35,58,3,82
1228080,85,38,2,80
1228590,13,41,5,75
1229100,40,30,-2,77
1229610,90,10,-2,79
1230120,35,44,1,78
1230630,69,24,3,75
1231140,10,27,0,75
1231650,37,16,-4,79
1232160,87,98,-2,81
1232670,35,78,2,79
1233180,62,67,1,78
1233690,10,47,7,71
1234200,37,11,-13,84
1234710,80,14,7,77
1235220,21,9,-3,80
1235730,22,49,3,77
1236240,49,29,-4,81
1236750,99,32,7,74
1237260,40,27,-11,85
1237770,90,7,0,85
1238280,35,37,6,79
1238790,69,17,-5,84
1239300,10,12,6,78
1239810,5,94,-4,82
1240320,32,58,4,78
1240830,66,38,-3,81
1241340,98,41,4,77
1241850,26,49,5,72
1242360,60,29,-11,83
1242870,8,32,9,74
1243380,35,59,-7,81
1243890,69,39,-6,87
1244400,101,42,16,71
1244910,29,50,-12,83
1245420,79,30,6,77
1245930,7,33,4,73
1246440,34,99,-1,74
1246950,61,63,-7,81
1247460,95,43,4,77
1247970,23,51,2,75
1248480,50,31,-10,85
1248990,82,34,11,74
1249500,10,37,1,73
1250010,37,64,-6,79
1250520,87,44,0,79
1251030,17,47,3,76
1251540,44,36,-1,77
1252050,94,16,-6,83
1252560,35,48,9,74
1253070,69,28,-11,85
1253580,10,31,8,77
1254090,37,58,-5,82
1254600,71,38,2,80
1255110,1,41,4,76
1255620,28,5,-8,84
1256130,85,78,0,84
1256640,17,58,5,79
1257150,44,47,-6,85
1257660,78,27,10,75
1258170,19,30,-2,77
1258680,53,10,-4,81
1259190,96,42,6,75
1259700,24,50,-1,76
1260210,26,30,-4,80
1260720,60,10,1,79
1261230,1,42,2,77
1261740,28,6,-7,84
1262250,37,88,2,82
1262760,64,68,0,82
1263270,98,48,12,70
1263780,30,51,2,68
1264290,64,31,-15,83
1264800,10,34,8,75
1265310,37,61,-8,83
1265820,71,41,1,82
1266330,1,3,-1,83
1266840,98,52,1,82
1267350,30,55,2,80
1267860,57,35,-1,81
1268370,89,38,8,73
1268880,17,33,2,71
1269390,44,60,-9,80
1269900,78,40,3,77
1270410,10,43,4,73
1270920,37,30,-3,76
1271430,71,10,-8,84
1271940,12,83,3,81
1272450,39,47,3,78
1272960,73,27,-6,84
1273470,14,30,10,74
1273980,41,10,-6,80
1274490,84,42,4,76
1275000,39,45,-5,81
1275510,73,25,0,81
1276020,14,20,8,73
1276530,62,0,-12,85
1277040,17,30,10,75
1277550,65,10,-7,82
1278060,6,42,13,69
1278570,33,29,-8,77
1279080,67,56,-8,85
1279590,101,36,6,79
1280100,42,39,6,73
1280610,76,19,-6,79
1281120,17,14,1,78
1281630,65,20,-7,85
1282140,6,52,18,67
1282650,33,39,-17,84
1283160,67,19,-4,88
1283670,8,51,9,79
1284180,35,38,6,73
1284690,56,18,-7,80
1285200,99,21,-2,82
1285710,54,16,-1,83
1286220,48,19,3,80
1286730,96,22,-1,81
1287240,51,17,-5,86
1287750,94,49,13,73
1288260,14,52,3,70
1288770,41,39,-13,83
1289280,75,19,-4,87
1289790,16,51,9,78
1290300,43,38,-5,83
1290810,77,18,6,77
1291320,18,13,2,75
1291830,66,19,-2,77
1292340,7,51,2,75
1292850,34,38,-8,83
1293360,82,18,1,82
1293870,23,13,4,78
1294380,71,37,-4,82
1294890,12,40,3,79
1295400,39,27,-2,81
1295910,87,7,-4,85
1296420,42,37,3,82
1296930,63,17,6,76
1297440,4,49,1,75
1297950,31,13,-9,84
1298460,74,8,3,81
1298970,15,40,5,76
1299480,42,101,-5,81
1299990,69,79,3,78
1300500,15,61,3,75
1301010,42,48,-12,87
1301520,63,28,9,78
1302030,93,31,-1,79
1302540,21,26,3,76
1303050,69,8,-11,87
1303560,10,40,6,81
1304070,37,27,2,79
1304580,80,7,-7,86
1305090,35,39,4,82
1305600,56,19,-3,85
1306110,99,14,0,85
1306620,40,46,11,74
1307130,61,94,-7,81
1307640,57,40,-4,85
1308150,100,35,9,76
1308660,41,30,-9,85
1309170,84,12,3,82
1309680,25,26,2,80
1310190,46,6,1,79
1310700,1,38,0,79
1311210,28,2,-7,86
1311720,85,32,13,73
1312230,26,27,-6,79
1312740,74,9,2,77
1313250,15,41,3,74
1313760,11,0,-2,76
1314270,6,24,-2,78
1314780,54,25,-6,84
1315290,0,28,3,81
1315800,48,15,-4,85
1316310,91,10,7,78
1316820,46,5,-6,84
1317330,1,37,10,74
1317840,28,4,-3,77
1318350,85,28,3,74
1318860,26,23,-1,75
1319370,69,29,-10,85
1319880,10,34,13,72
1320390,37,23,-5,77
1320900,85,26,3,74
1321410,18,21,-3,77
1321920,66,1,-6,83
1322430,21,31,8,75
1322940,42,9,-5,80
1323450,85,41,4,76
1323960,5,44,2,74
1324470,32,8,-12,86
1324980,75,40,5,81
1325490,16,43,4,77
1326000,43,44,3,74
1326510,64,26,-9,83
1327020,5,29,10,73
1327530,32,95,-2,75
1328040,59,73,-4,79
1328550,5,19,5,74
1329060,0,80,-4,78
1329570,27,44,10,68
1330080,28,22,-10,78
1330590,71,4,-9,87
1331100,26,34,11,76
1331610,74,12,-5,81
1332120,15,7,6,75
1332630,58,31,-7,82
1333140,101,34,8,74
1333650,42,37,-4,78
1334160,85,40,4,74
1334670,13,43,-2,76
1335180,40,21,-8,84
1335690,88,24,6,78
1336200,29,19,-5,83
1336710,77,22,5,78
1337220,18,17,2,76
1337730,61,20,-2,78
1338240,2,23,2,76
1338750,50,89,-7,83
1339260,77,67,2,81
1339770,18,70,4,77
1340280,45,34,-2,79
1340790,88,37,4,75
1341300,16,40,1,74
1341810,43,101,-5,79
1342320,70,79,-1,80
1342830,11,57,5,75
1343340,38,21,-2,77
1343850,86,24,0,77
1344360,27,19,-1,78
1344870,70,22,0,78
1345380,11,25,-6,84
1345890,6,86,1,83
1346400,33,50,1,82
1346910,34,28,3,79
1347420,77,31,2,77
1347930,18,34,1,76
1348440,5,12,-2,78
1348950,0,13,-5,83
1349460,97,14,-1,84
1349970,38,44,4,80
1350480,59,22,-5,85
1350990,0,25,8,77
1351500,48,91,1,76
1352010,47,69,4,72
1352520,68,47,-15,87
1353030,9,50,14,73
1353540,36,14,-6,79
1354050,79,17,0,79
1354560,20,12,2,77
1355070,63,36,-6,83
1355580,4,39,7,76
1356090,31,3,-6,82
1356600,88,33,4,78
1357110,29,36,-9,87
1357620,77,39,11,76
1358130,18,42,-1,77
1358640,14,20,-5,82
1359150,9,100,-2,84
1359660,36,64,5,79
1360170,40,42,1,78
1360680,61,45,-2,80
1361190,2,48,9,71
1361700,29,12,-8,79
1362210,72,15,-4,83
1362720,13,10,6,77
1363230,56,34,-7,84
1363740,99,37,14,70
1364250,40,40,-13,83
1364760,62,43,0,83
1365270,3,46,8,75
1365780,30,10,-4,79
1366290,73,13,0,79
1366800,14,8,-3,82
1367310,57,32,-5,87
1367820,100,35,8,79
1368330,41,38,3,76
1368840,84,41,-2,78
1369350,25,44,0,78
1369860,12,22,-5,83
1370370,7,83,4,79
1370880,34,47,-5,84
1371390,56,25,5,79
1371900,99,28,-7,86
1372410,40,23,8,78
1372920,83,26,-2,80
1373430,24,21,-5,85
1373940,67,24,6,79
1374450,8,27,2,77
1374960,16,93,-1,78
1375470,43,57,1,77
1375980,65,35,-7,84
1376490,6,38,10,74
1377000,14,2,-11,85
1377510,71,56,2,83
1378020,12,59,11,72
1378530,20,83,-3,75
1379040,28,47,-1,76
1379550,32,25,-5,81
1380060,75,28,7,74
1380570,16,23,-4,78
1381080,38,24,-4,82
1381590,81,19,8,74
1382100,22,14,0,74
1382610,65,17,-7,81
1383120,6,12,-6,87
1383630,1,18,10,77
1384140,98,19,-6,83
1384650,39,14,6,77
1385160,82,9,2,75
1385670,23,39,-4,79
1386180,27,17,-7,86
1386690,70,12,2,84
1387200,11,42,12,72
1387710,19,6,-18,90
1388220,62,30,14,76
1388730,3,33,-4,80
1389240,51,99,-4,84
1389750,38,58,6,78
1390260,60,17,-2,80
1390770,1,12,5,75
1391280,98,13,-10,85
1391790,39,43,2,83
1392300,61,46,6,77
1392810,2,49,0,77
1393320,29,13,-6,83
1393830,72,8,1,82
1394340,13,38,1,81
1394850,21,99,0,81
1395360,29,63,2,79
1395870,33,27,3,76
1396380,76,70,-8,84
1396890,17,65,8,76
1397400,25,29,1,75
1397910,54,90,-8,83
1398420,2,49,8,75
1398930,29,13,-9,84
1399440,72,8,-1,85
1399950,13,38,5,80
1400460,21,99,-1,81
1400970,29,63,7,74
1401480,16,27,-8,82
1401990,11,88,-3,85
1402500,38,52,6,79
1403010,42,100,0,79
1403520,29,59,-6,85
1404030,33,23,6,79
1404540,76,66,-8,87
1405050,17,61,10,77
1405560,25,25,3,74
1406070,68,31,-7,81
1406580,9,34,5,76
1407090,17,100,-4,80
1407600,44,64,-2,82
1408110,66,10,1,81
1408620,7,40,6,75
1409130,15,4,-10,85
1409640,58,28,0,85
1410150,101,31,8,77
1410660,42,26,-1,78
1411170,85,21,-2,80
1411680,26,16,-3,83
1412190,69,47,-1,84
1412700,10,42,14,70
1413210,18,6,-9,79
1413720,61,36,-7,86
1414230,2,39,12,74
1414740,29,3,-6,80
1415250,72,33,-1,81
1415760,13,36,9,72
1416270,5,97,-7,79
1416780,32,61,-1,80
1417290,36,62,2,78
1417800,40,21,-4,82
1418310,83,16,9,73
1418820,24,46,4,69
1419330,28,5,-11,80
1419840,71,35,-3,83
1420350,12,38,6,77
1420860,20,99,-1,78
1421370,28,63,1,77
1421880,32,27,4,73
1422390,75,22,-8,81
1422900,16,17,4,77
1423410,59,23,-8,85
1423920,0,18,9,76
1424430,97,84,-4,80
1424940,38,79,-4,84
1425450,42,80,8,76
1425960,46,44,-3,79
1426470,68,39,-5,84
1426980,9,34,9,75
1427490,98,35,0,75
1428000,39,30,-8,83
1428510,82,73,4,79
1429020,23,68,8,71
1429530,31,32,-7,78
1430040,53,75,-7,85
1430550,1,76,6,79
1431060,28,25,8,71
1431570,50,68,-6,77
1432080,72,69,-5,82
1432590,4,64,6,76
1433100,31,28,-6,82
1433610,74,71,-4,86
1434120,88,66,8,78
1434630,97,61,-1,79
1435140,29,56,-6,85
1435650,16,57,9,76
1436160,24,58,3,73
1436670,32,59,-12,85
1437180,36,60,7,78
1437690,40,61,-4,82
1438200,62,34,-2,84
1438710,3,29,6,78
1439220,11,95,2,76
1439730,38,59,-4,80
1440240,88,60,1,79
1440750,97,55,5,74
1441260,29,50,-2,76
1441770,33,51,-6,82
1442280,37,52,7,75
1442790,59,25,-10,85
1443300,0,20,7,78
1443810,97,86,-10,88
1444320,38,81,4,84
1444830,25,82,7,77
1445340,33,46,3,74
1445850,55,19,-5,79
1446360,98,14,-1,80
1446870,39,44,5,75
1447380,61,39,-7,82
1447890,2,34,8,74
1448400,10,100,-5,79
1448910,37,64,-1,80
1449420,87,65,-3,83
1449930,96,60,7,76
1450440,28,55,-8,84
1450950,32,84,-1,85
1451460,19,48,4,81
1451970,27,49,8,73
1452480,77,50,-4,77
1452990,18,45,0,77
1453500,26,46,5,72
1454010,30,47,-9,81
1454520,34,48,6,75
1455030,56,49,-8,83
1455540,99,44,11,72
1456050,40,39,-9,81
1456560,83,34,2,79
1457070,24,29,2,77
1457580,67,30,-4,81
1458090,8,25,4,77
1458600,82,26,-3,80
1459110,23,21,0,80
1459620,66,27,-1,81
1460130,7,22,1,80
1460640,2,23,1,79
1461150,50,89,-1,80
1461660,100,90,-2,82
1462170,41,85,3,79
1462680,91,86,0,79
1463190,32,81,-6,85
1463700,19,45,16,69
1464210,6,81,-14,83
1464720,33,45,11,72
1465230,83,46,-6,78
1465740,24,41,7,71
1466250,28,42,-9,80
1466760,32,43,7,73
1467270,54,44,-11,84
1467780,97,39,9,75
1468290,38,34,-7,82
1468800,81,29,4,78
1469310,22,24,-6,84
1469820,26,30,6,78
1470330,69,31,2,76
1470840,10,26,-4,80
1471350,5,27,5,75
1471860,94,93,-5,80
1472370,35,88,-4,84
1472880,22,52,8,76
1473390,9,53,0,76
1473900,17,17,1,75
1474410,60,12,-8,83
1474920,1,42,4,79
1475430,49,6,-1,80
1475940,92,36,4,76
1476450,33,31,-2,78
1476960,76,26,0,78
1477470,17,21,-3,81
1477980,21,27,8,73
1478490,25,47,-7,80
1479000,29,48,6,74
1479510,33,49,-2,76
1480020,37,50,-1,77
1480530,8,51,3,74
1481040,16,15,-5,79
1481550,59,21,0,79
1482060,0,16,4,75
1482570,97,17,-4,79
1483080,38,47,-4,83
1483590,60,42,-4,87
1484100,1,37,10,77
1484610,49,1,-2,79
1485120,4,31,2,77
1485630,52,97,-4,81
1486140,39,98,3,78
1486650,26,62,7,71
1487160,34,63,-10,81
1487670,21,64,7,74
1488180,29,28,-2,76
1488690,72,23,-2,78
1489200,13,18,2,76
1489710,21,24,-3,79
1490220,64,30,0,79
1490730,5,33,-1,80
1491240,94,99,-4,84
1491750,98,94,1,83
1492260,5,89,6,77
1492770,32,53,-1,78
1493280,36,54,4,74
1493790,40,27,-4,78
1494300,49,22,2,76
1494810,92,17,-3,79
1495320,33,12,-7,86
1495830,76,7,6,80
1496340,17,37,4,76
1496850,25,38,-1,77
1497360,29,39,0,77
1497870,33,40,1,76
1498380,50,35,-3,79
1498890,59,30,-2,81
1499400,0,33,2,79
1499910,48,99,-2,81
1500420,35,58,0,81
1500930,22,17,7,74
1501440,65,23,-8,82
1501950,6,18,0,82
1502460,1,24,-3,85
1502970,49,30,4,81
1503480,92,25,-1,82
1503990,33,20,3,79
1504500,76,15,3,76
1505010,17,10,-1,77
1505520,39,16,-7,84
1506030,82,11,7,77
1506540,23,41,2,75
1507050,10,0,-5,80
1507560,5,6,0,80
1508070,0,12,-4,84
1508580,97,13,5,79
1509090,38,43,-7,86
1509600,55,38,3,83
1510110,64,33,-5,88
1510620,5,36,11,77
1511130,13,83,6,71
1511640,40,47,-3,74
1512150,68,42,-8,82
1512660,9,45,13,69
1513170,17,46,-5,74
1513680,25,5,-2,76
1514190,68,11,-7,83
1514700,9,43,9,74
1515210,17,44,3,71
1515720,4,3,-7,78
1516230,101,9,-5,83
1516740,56,39,3,80
1517250,99,42,9,71
1517760,40,74,-12,83
1518270,27,33,1,82
1518780,49,94,5,77
1519290,36,53,-7,84
1519800,40,12,4,80
1520310,83,44,9,71
1520820,24,47,-3,74
1521330,11,6,-2,76
1521840,15,12,3,73
1522350,19,18,-11,84
1522860,23,24,7,77
1523370,45,30,-4,81
1523880,88,33,6,75
1524390,29,65,-4,79
1524900,16,24,2,77
1525410,24,30,1,76
1525920,98,91,-14,90
1526430,28,86,10,80
1526940,29,50,15,65
1527450,16,9,-13,78
1527960,38,15,0,78
1528470,81,47,-1,79
1528980,22,50,6,73
1529490,9,9,-10,83
1530000,4,15,5,78
1530510,52,21,-1,79
1531020,95,24,-2,81
1531530,36,56,-7,88
1532040,23,15,9,79
1532550,66,21,-2,81
1533060,7,53,9,72
1533570,34,17,-10,82
1534080,77,23,9,73
1534590,18,55,-11,84
1535100,26,14,4,80
1535610,69,20,2,78
1536120,10,52,1,77
1536630,18,16,5,72
1537140,61,22,-7,79
1537650,2,54,4,75
1538160,29,18,-2,77
1538670,72,24,-6,83
1539180,13,56,11,72
1539690,21,20,-9,81
1540200,53,26,-7,88
1540710,96,29,8,80
1541220,37,61,-1,81
1541730,38,20,-6,87
1542240,81,39,10,77
1542750,22,42,5,72
1543260,9,1,-7,79
1543770,10,7,3,76
1544280,14,13,-5,81
1544790,18,19,0,81
1545300,22,25,4,77
1545810,39,31,-3,80
1546320,82,34,5,75
1546830,23,66,-5,80
1547340,10,25,11,69
1547850,99,86,-15,84
1548360,6,65,10,74
1548870,33,29,-10,84
1549380,50,35,5,79
1549890,93,38,4,75
1550400,34,69,-10,85
1550910,21,28,7,78
1551420,85,39,2,76
1551930,26,42,0,76
1552440,30,1,-2,78
1552950,87,31,3,75
1553460,28,63,-5,80
1553970,15,22,-1,81
1554480,14,28,4,77
1554990,1,34,-1,78
1555500,49,100,-4,82
1556010,36,59,0,82
1556520,23,18,0,82
1557030,27,24,6,76
1557540,59,30,-6,82
1558050,0,33,4,78
1558560,27,99,2,76
1559070,54,63,-4,80
1559580,55,64,3,77
1560090,17,65,-1,78
1560600,4,29,3,75
1561110,31,95,-2,77
1561620,18,59,7,70
1562130,5,23,-9,79
1562640,79,31,-1,80
1563150,20,63,1,79
1563660,7,27,2,77
1564170,81,33,1,76
1564680,22,36,5,71
1565190,9,58,-4,75
1565700,36,22,-1,76
1566210,79,25,-2,78
1566720,20,57,3,75
1567230,7,21,4,71
1567740,81,27,-9,80
1568250,8,59,12,68
1568760,35,23,-11,79
1569270,78,29,4,75
1569780,19,61,1,74
1570290,6,25,-4,78
1570800,80,91,5,73
1571310,81,92,-4,77
1571820,82,93,-3,80
1572330,83,94,2,78
1572840,84,95,-2,80
1573350,85,96,0,80
1573860,86,97,4,76
1574370,87,98,-6,82
1574880,88,99,-2,84
1575390,89,100,7,77
1575900,90,101,-5,82
1576410,91,0,0,82
1576920,46,30,1,81
1577430,89,25,6,75
1577940,30,57,-8,83
1578450,31,21,5,78
1578960,74,27,1,77
1579470,15,59,3,74
1579980,2,23,-5,79
1580490,50,89,5,74
1581000,100,53,-3,77
1581510,41,48,-2,79
1582020,42,12,2,77
1582530,85,7,-1,78
1583040,26,39,-1,79
1583550,27,3,-1,80
1584060,84,33,0,80
1584570,25,28,-3,83
1585080,42,34,6,77
1585590,51,13,-6,83
1586100,94,45,8,75
1586610,35,40,1,74
1587120,52,4,-4,78
1587630,95,36,7,71
1588140,36,31,-12,83
1588650,55,37,1,82
1589160,98,32,5,77
1589670,39,64,-6,83
1590180,89,28,13,70
1590690,30,60,-15,85
1591200,17,24,9,76
1591710,18,30,-3,79
1592220,19,96,0,79
1592730,46,60,0,79
1593240,96,24,-1,80
1593750,37,56,-3,83
1594260,87,20,5,78
1594770,28,52,4,74
1595280,15,16,-1,75
1595790,32,22,-3,78
1596300,51,28,-5,83
1596810,22,23,6,77
1597320,39,29,-6,83
1597830,58,35,3,80
1598340,101,30,1,79
1598850,42,25,0,79
1599360,61,20,-4,83
1599870,2,15,2,81
1600380,99,21,-2,83
1600890,40,53,4,79
1601400,57,17,-9,88
1601910,100,12,8,80
1602420,41,44,2,78
1602930,58,76,0,78
1603440,79,40,-3,81
1603950,11,43,10,71
1604460,100,7,-13,84
1604970,55,39,-4,88
1605480,74,34,6,82
1605990,45,37,0,82
1606500,95,16,-3,85
1607010,36,48,5,80
1607520,86,12,-5,85
1608030,27,44,7,78
1608540,77,8,-9,87
1609050,18,40,9,78
1609560,5,4,-6,84
1610070,0,53,6,78
1610580,27,17,3,75
1611090,77,12,-1,76
1611600,18,44,-6,82
1612110,5,3,-6,88
1612620,0,52,13,75
1613130,27,16,-3,78
1613640,100,22,-2,80
1614150,55,17,0,80
1614660,10,12,4,76
1615170,5,18,-7,83
1615680,0,24,1,82
1616190,65,90,-4,86
1616700,13,54,14,72
1617210,21,18,-9,81
1617720,25,24,4,77
1618230,42,30,6,71
1618740,51,9,-4,75
1619250,94,41,2,73
1619760,65,36,-4,77
1620270,99,39,4,73
1620780,70,34,-8,81
1621290,41,37,1,80
1621800,58,16,-2,82
1622310,13,11,0,82
1622820,17,17,13,69
1623330,21,23,-6,75
1623840,38,5,-1,76
1624350,95,35,-2,78
1624860,66,30,-7,85
1625370,37,33,3,82
1625880,54,15,0,82
1626390,9,47,13,69
1626900,17,11,-8,77
1627410,36,17,-4,81
1627920,7,12,1,80
1628430,2,18,-1,81
1628940,50,84,2,79
1629450,100,48,4,75
1629960,71,43,-11,86
1630470,80,46,11,75
1630980,35,49,2,73
1631490,85,13,-3,76
1632000,40,45,-1,77
1632510,57,27,-9,86
1633020,12,30,8,78
1633530,101,48,-2,80
1634040,72,43,-3,83
1634550,27,46,9,74
1635060,77,10,-8,82
1635570,32,42,5,77
1636080,82,60,-7,84
1636590,37,72,2,82
1637100,87,36,10,72
1637610,58,68,-12,84
1638120,6,69,11,73
1638630,33,33,-6,79
1639140,50,12,3,76
1639650,5,44,-4,80
1640160,53,8,-2,82
1640670,8,40,6,76
1641180,20,4,0,76
1641690,77,10,-5,81
1642200,32,42,6,75
1642710,82,60,-2,77
1643220,37,39,-4,81
1643730,54,21,-1,82
1644240,25,53,8,74
1644750,21,17,-1,75
1645260,3,23,-3,78
1645770,51,89,-3,81
1646280,101,53,4,77
1646790,56,56,-8,85
1647300,4,35,6,79
1647810,52,101,1,78
1648320,0,65,-1,79
1648830,27,29,4,75
1649340,44,11,-5,80
1649850,101,43,3,77
1650360,72,75,-5,82
1650870,20,54,-2,84
1651380,16,18,6,78
1651890,20,24,4,74
1652400,37,6,-6,80
1652910,94,38,9,71
1653420,49,70,-9,80
1653930,99,34,5,75
1654440,54,66,-10,85
1654950,2,67,8,77
1655460,29,31,4,73
1655970,46,13,-4,77
1656480,1,45,1,76
1656990,49,9,-4,80
1657500,2,41,2,78
1658010,50,5,-8,86
1658520,5,37,11,75
1659030,32,1,-4,79
1659540,89,31,1,78
1660050,44,63,-3,81
1660560,94,27,2,79
1661070,49,59,4,75
1661580,99,60,-3,78
1662090,54,92,-1,79
1662600,2,56,10,69
1663110,29,20,-13,82
1663620,48,26,1,81
1664130,3,21,4,77
1664640,51,87,-8,85
1665150,101,51,11,74
1665660,56,83,-9,83
1666170,4,47,9,74
1666680,31,11,-7,81
1667190,88,6,4,77
1667700,43,38,1,76
1668210,60,17,-1,77
1668720,15,49,2,75
1669230,23,13,-12,87
1669740,42,19,8,79
1670250,99,14,0,79
1670760,54,46,-3,82
1671270,2,25,5,77
1671780,50,91,0,77
1672290,100,55,3,74
1672800,55,58,-6,80
1673310,72,59,-4,84
1673820,20,38,16,68
1674330,16,2,-10,78
1674840,73,8,-8,86
1675350,28,40,9,77
1675860,45,41,0,77
1676370,62,23,-3,80
1676880,73,55,-5,85
1677390,21,34,10,75
1677900,38,35,-3,78
1678410,55,17,-1,79
1678920,10,49,1,78
1679430,18,13,-8,86
1679940,22,19,11,75
1680450,39,25,0,75
1680960,21,70,0,75
1681470,29,34,-4,79
1681980,46,16,4,75
1682490,1,48,3,72
1683000,28,12,-9,81
1683510,85,18,3,78
1684020,40,50,-4,82
1684530,57,32,-2,84
1685040,12,35,9,75
1685550,20,101,-11,86
1686060,28,65,13,73
1686570,15,29,-1,74
1687080,33,30,-4,78
1687590,50,12,-1,79
1688100,5,44,7,72
1688610,13,8,-4,76
1689120,17,57,0,76
1689630,25,21,4,72
1690140,7,3,-8,80
1690650,2,52,2,78
1691160,29,16,-8,86
1691670,11,61,13,73
1692180,19,25,-2,75
1692690,36,7,-5,80
1693200,93,39,3,77
1693710,42,71,-5,82
1694220,92,35,9,73
1694730,41,67,-3,76
1695240,91,31,6,70
1695750,40,63,0,70
1696260,90,27,-9,79
1696770,45,59,2,77
1697280,95,41,7,70
1697790,44,73,-9,79
1698300,94,21,-10,89
1698810,49,53,2,87
1699320,66,35,2,85
1699830,21,38,4,81
1700340,39,39,3,78
1700850,56,21,-3,81
1701360,11,53,11,70
1701870,19,17,-6,76
1702380,23,101,-4,80
1702890,31,65,3,77
1703400,18,66,2,75
1703910,26,31,2,73
1704420,43,13,-7,80
1704930,100,45,10,70
1705440,49,77,-14,84
1705950,99,87,4,80
1706460,86,66,-7,87
1706970,3,45,10,77
1707480,51,9,-3,80
1707990,6,41,5,75
1708500,24,6,-7,82
1709010,81,12,7,75
1709520,36,44,-2,77
1710030,53,26,-4,81
1710540,8,29,10,71
1711050,26,16,-6,77
1711560,8,22,2,75
1712070,82,69,-7,82
1712580,30,48,6,76
1713090,80,58,-8,84
1713600,99,37,9,75
1714110,48,69,-4,79
1714620,98,51,1,78
1715130,53,54,-9,87
1715640,24,36,7,80
1716150,10,18,-3,83
1716660,14,24,3,80
1717170,32,6,-5,85
1717680,89,79,1,84
1718190,71,58,2,82
1718700,90,37,7,75
1719210,39,69,-4,79
1719720,89,17,3,76
1720230,44,49,2,74
1720740,15,31,1,73
1721250,33,13,-6,79
1721760,4,58,6,73
1722270,31,22,-7,80
1722780,13,4,0,80
1723290,70,10,-3,83
1723800,25,42,0,83
1724310,75,24,8,75
1724820,30,56,-1,76
1725330,80,38,3,73
1725840,12,33,-5,78
1726350,30,51,-2,80
1726860,80,33,4,76
1727370,12,65,1,75
1727880,20,30,3,72
1728390,6,12,-9,81
1728900,1,18,2,79
1729410,49,65,-1,80
1729920,99,47,6,74
1730430,31,79,-4,78
1730940,18,44,3,75
1731450,5,62,-1,76
1731960,32,7,-9,85
1732470,89,39,10,75
1732980,21,34,3,72
1733490,8,16,-8,80
1734000,56,63,-5,85
1734510,4,73,10,75
1735020,31,37,0,75
1735530,2,19,-3,78
1736040,50,66,-2,80
1736550,100,1,-4,84
1737060,55,33,0,84
1737570,74,36,5,79
1738080,6,39,3,76
1738590,54,4,-3,79
1739100,9,36,3,76
1739610,27,83,2,74
1740120,23,48,0,74
1740630,10,30,-2,76
1741140,6,77,-1,77
1741650,33,42,-3,80
1742160,83,24,5,75
1742670,24,56,-1,76
1743180,20,57,4,72
1743690,16,2,-9,81
1744200,73,12,-1,82
1744710,14,44,5,77
1745220,10,91,-4,81
1745730,37,55,-2,83
1746240,87,37,8,75
1746750,19,69,-8,83
1747260,27,34,7,76
1747770,44,16,-6,82
1748280,87,48,4,78
1748790,19,51,1,77
1749300,15,52,5,72
1749810,11,17,-8,80
1750320,15,23,5,75
1750830,19,5,-10,85
1751340,76,11,4,81
1751850,17,43,1,80
1752360,13,44,10,70
1752870,72,9,-13,83
1753380,13,41,5,78
1753890,0,88,-4,82
1754400,27,52,10,72
1754910,14,53,-3,75
1755420,22,18,-1,76
1755930,26,0,-6,82
1756440,83,73,1,81
1756950,15,52,8,73
1757460,11,17,-4,77
1757970,15,23,-3,80
1758480,19,5,5,75
1758990,20,11,-8,83
1759500,39,17,6,77
1760010,10,49,3,74
1760520,18,14,1,73
1761030,22,20,-2,75
1761540,26,2,-2,77
1762050,83,75,-1,78
1762560,15,54,5,73
1763070,23,19,-8,81
1763580,27,25,5,76
1764090,31,7,-5,81
1764600,74,69,-5,86
1765110,93,48,13,73
1765620,25,51,-5,78
1766130,12,52,2,76
1766640,20,17,3,73
1767150,24,101,-4,77
1767660,32,66,-3,80
1768170,19,67,10,70
1768680,15,32,-7,77
1769190,11,14,-1,78
1769700,15,20,-1,79
1770210,19,26,1,78
1770720,23,8,0,78
1771230,66,14,-1,79
1771740,7,46,5,74
1772250,55,11,-11,85
1772760,98,43,9,76
1773270,15,75,2,74
1773780,23,40,-5,79
1774290,27,41,-1,80
1774800,31,13,0,80
1775310,65,86,-2,82
1775820,13,68,13,69
1776330,21,33,-2,71
1776840,25,15,-14,85
1777350,44,21,7,78
1777860,15,40,8,70
1778370,11,41,-8,78
1778880,7,6,-8,86
1779390,26,55,2,84
1779900,22,27,14,70
1780410,26,9,-10,80
1780920,69,15,2,78
1781430,10,47,7,71
1781940,18,12,-8,79
1782450,92,18,3,76
1782960,33,50,-2,78
1783470,37,22,-3,81
1783980,8,25,3,78
1784490,26,72,0,78
1785000,22,37,-2,80
1785510,26,19,-5,85
1786020,45,4,3,82
1786530,2,36,3,79
1787040,50,1,-5,84
1787550,7,33,4,80
1788060,55,100,5,75
1788570,3,101,-14,89
1789080,51,65,4,85
1789590,101,47,7,78
1790100,29,50,1,77
1790610,33,89,5,72
1791120,20,54,2,70
1791630,16,94,-7,77
1792140,24,58,-4,81
1792650,20,59,-1,82
1793160,16,31,9,73
1793670,34,3,-4,77
1794180,93,76,-10,87
1794690,10,55,14,73
1795200,18,20,-1,74
1795710,22,2,-9,83
1796220,79,75,3,80
1796730,98,54,5,75
1797240,30,57,-5,80
1797750,34,58,-3,83
1798260,38,59,5,78
1798770,88,31,2,76
1799280,16,34,1,75
1799790,12,35,-2,77
1800300,8,36,-1,78
1800810,56,1,-4,82
1801320,11,33,-1,83
1801830,85,34,5,78
1802340,13,37,6,72
1802850,9,38,-2,74
1803360,57,3,-12,86
1803870,12,35,8,78
1804380,8,36,5,73
1804890,56,1,-8,81
1805400,11,33,4,77
1805910,7,100,-6,83
1806420,55,64,4,79
1806930,74,46,-8,87
1807440,93,49,16,71
1807950,21,52,-7,78
1808460,25,53,-6,84
1808970,53,54,5,79
1809480,72,33,-4,83
1809990,99,36,6,77
1810500,27,39,0,77
1811010,13,21,1,76
1811520,17,22,-2,78
1812030,21,28,-3,81
1812540,65,10,-1,82
1813050,6,42,10,72
1813560,54,7,-13,85
1814070,97,39,8,77
1814580,25,42,0,77
1815090,29,43,3,74
1815600,79,25,-4,78
1816110,20,57,-2,80
1816620,28,29,3,77
1817130,26,32,6,71
1817640,45,14,-13,84
1818150,88,33,10,74
1818660,16,36,-3,77
1819170,44,37,-1,78
1819680,63,40,-11,89
1820190,82,43,10,79
1820700,101,46,9,70
1821210,29,49,-4,74
1821720,33,50,4,70
1822230,37,53,-11,81
1822740,87,35,4,77
1823250,15,38,5,72
1823760,43,39,-4,76
1824270,62,70,-1,77
1824780,81,52,-3,80
1825290,100,55,6,74
1825800,28,58,-4,78
1826310,32,1,-3,81
1826820,62,20,1,80
1827330,3,23,1,79
1827840,51,89,0,79
1828350,101,90,0,79
1828860,18,19,1,78
1829370,22,25,0,78
1829880,26,7,0,78
1830390,56,80,-8,86
1830900,4,62,12,74
1831410,52,26,-7,81
1831920,71,29,-2,83
1832430,101,32,9,74
1832940,29,35,-1,75
1833450,48,17,-9,84
1833960,91,20,6,78
1834470,87,52,-6,84
1834980,4,55,8,76
1835490,52,19,-6,82
1836000,95,22,2,80
1836510,36,54,-1,81
1837020,40,36,6,75
1837530,59,39,-8,83
1838040,78,42,-2,85
1838550,97,45,8,77
1839060,25,48,3,74
1839570,48,49,-6,80
1840080,67,52,-1,81
1840590,86,55,1,80
1841100,3,58,7,73
1841610,51,22,-7,80
1842120,81,25,5,75
1842630,22,28,1,74
1843140,26,31,3,71
1843650,45,34,-7,78
1844160,64,37,-6,84
1844670,83,40,11,73
1845180,74,43,-7,80
1845690,93,46,6,74
1846200,21,49,-4,78
1846710,65,13,-4,82
1847220,6,32,0,82
1847730,54,98,3,79
1848240,2,62,5,74
1848750,50,26,-7,81
1849260,21,29,3,78
1849770,25,32,4,74
1850280,44,35,-6,80
1850790,63,38,-4,84
1851300,82,41,13,71
1851810,10,44,-2,73
1852320,26,8,-7,80
1852830,69,27,-8,88
1853340,99,30,8,80
1853850,27,33,2,78
1854360,46,36,-2,80
1854870,65,39,2,78
1855380,84,42,4,74
1855890,12,45,-2,76
1856400,20,9,-3,79
1856910,21,58,1,78
1857420,29,22,3,75
1857930,48,25,-5,80
1858440,78,28,8,72
1858950,6,31,-10,82
1859460,54,97,3,79
1859970,2,61,2,77
1860480,50,25,-4,81
1860990,80,28,8,73
1861500,8,31,-4,77
1862010,56,97,-5,82
1862520,4,61,8,74
1863030,52,25,-9,83
1863540,82,73,4,79
1864050,101,2,-4,83
1864560,50,21,1,82
1865070,80,24,8,74
1865580,8,43,2,72
1866090,56,7,-5,77
1866600,99,26,3,74
1867110,27,45,1,73
1867620,31,9,-12,85
1868130,61,71,-2,87
1868640,80,0,4,83
1869150,81,19,7,76
1869660,22,38,2,74
1870170,26,10,-9,83
1870680,56,73,5,78
1871190,4,76,4,74
1871700,52,40,-2,76
1872210,71,43,-9,85
1872720,90,46,13,72
1873230,18,49,-4,76
1873740,26,21,-3,79
1874250,45,24,1,78
1874760,75,27,-4,82
1875270,3,30,3,79
1875780,51,96,4,75
1876290,101,60,2,73
1876800,29,63,-5,78
1877310,50,27,-7,85
1877820,69,30,6,79
1878330,99,33,3,76
1878840,27,36,-5,81
1879350,38,39,7,74
1879860,57,42,-6,80
1880370,76,45,1,79
1880880,95,48,6,73
1881390,23,51,-4,77
1881900,27,23,2,75
1882410,46,26,0,75
1882920,76,29,-2,77
1883430,4,32,-9,86
1883940,52,98,2,84
1884450,0,62,4,80
1884960,48,26,-1,81
1885470,67,29,-5,86
1885980,97,32,11,75
1886490,25,35,-2,77
1887000,75,38,-8,85
1887510,94,41,10,75
1888020,22,44,-3,78
1888530,50,16,4,74
1889040,80,19,-5,79
1889550,8,38,3,76
1890060,56,32,-8,84
1890570,75,35,3,81
1891080,3,38,2,79
1891590,51,2,4,75
1892100,0,21,-3,78
1892610,48,87,-2,80
1893120,98,51,4,76
1893630,26,54,-1,77
1894140,76,48,1,76
1894650,95,51,3,73
1895160,23,54,1,72
1895670,31,48,-8,80
1896180,81,58,2,78
1896690,100,61,0,78
1897200,17,64,8,70
1897710,25,58,-9,79
1898220,75,68,-1,80
1898730,94,99,-8,88
1899240,42,28,5,83
1899750,61,31,-1,84
1900260,80,34,7,77
1900770,8,37,3,74
1901280,56,31,-10,84
1901790,75,34,7,77
1902300,3,37,-4,81
1902810,51,1,-1,82
1903320,0,20,0,82
1903830,48,26,0,82
1904340,67,29,-4,86
1904850,86,32,11,75
1905360,14,35,-1,76
1905870,42,45,-2,78
1906380,13,48,-1,79
1906890,24,20,5,74
1907400,43,69,-6,80
1907910,93,58,6,74
1908420,10,61,2,72
1908930,18,25,-6,78
1909440,22,35,1,77
1909950,72,38,-3,80
1910460,91,41,8,72
1910970,19,44,-1,73
1911480,47,54,-4,77
1911990,18,57,4,73
1912500,26,51,1,72
1913010,76,61,-11,83
1913520,95,64,5,78
1914030,12,67,5,73
1914540,20,31,-2,75
1915050,31,41,-6,81
1915560,81,51,3,78
1916070,100,54,6,72
1916580,17,57,-10,82
1917090,25,67,5,77
1917600,33,77,2,75
1918110,37,87,-7,82
1918620,45,97,0,82
1919130,95,5,1,81
1919640,44,24,-5,86
1920150,63,27,7,79
1920660,93,30,0,79
1921170,21,33,5,74
1921680,32,43,-4,78
1922190,82,53,-3,81
1922700,101,56,4,77
1923210,29,59,1,76
1923720,79,53,-3,79
1924230,98,56,3,76
1924740,89,59,-1,77
1925250,6,62,3,74
1925760,54,26,-10,84
1926270,73,29,2,82
1926780,1,32,6,76
1927290,49,17,-9,85
1927800,79,20,10,75
1928310,7,23,-4,79
1928820,55,33,-3,82
1929330,74,36,-2,84
1929840,93,39,7,77
1930350,21,42,-3,80
1930860,86,52,-4,84
1931370,3,55,9,75
1931880,51,19,-9,84
1932390,81,58,6,78
1932900,100,61,5,73
1933410,17,64,3,70
1933920,25,74,-4,74
1934430,33,84,-2,76
1934940,19,39,5,71
1935450,47,49,-8,79
1935960,18,52,9,70
1936470,26,62,-5,75
1936980,91,56,-10,85
1937490,8,59,12,73
1938000,16,23,-3,76
1938510,27,33,-2,78
1939020,38,64,-7,85
1939530,88,53,9,76
1940040,5,56,4,72
1940550,53,20,-7,79
1941060,83,23,2,77
1941570,11,42,2,75
1942080,19,52,-2,77
1942590,27,62,0,77
1943100,92,72,0,77
1943610,9,1,-3,80
1944120,10,50,8,72
1944630,18,44,-8,80
1945140,29,54,2,78
1945650,94,64,-1,79
1946160,11,67,7,72
1946670,19,31,-5,77
1947180,30,41,4,73
1947690,41,51,-4,77
1948200,12,40,2,75
1948710,20,50,-1,76
1949220,85,68,-2,78
1949730,2,99,0,78
1950240,29,63,-1,79
1950750,94,73,-13,92
1951260,11,76,14,78
1951770,19,40,-3,81
1952280,47,50,6,75
1952790,18,81,-4,79
1953300,26,45,7,72
1953810,91,34,-3,75
1954320,8,37,-4,79
1954830,16,84,1,78
1955340,24,48,3,75
1955850,17,58,3,72
1956360,25,68,-8,80
1956870,90,78,6,74
1957380,7,7,-7,81
1957890,2,56,2,79
1958400,50,20,-6,85
1958910,21,23,14,71
1959420,43,33,-8,79
1959930,62,36,-6,85
1960440,81,39,2,83
1960950,100,42,7,76
1961460,17,45,-1,77
1961970,45,55,-2,79
1962480,16,86,3,76
1962990,24,50,-1,77
1963500,89,51,0,77
1964010,6,54,0,77
1964520,54,18,-6,83
1965030,84,21,5,78
1965540,25,40,4,74
1966050,90,50,-4,78
1966560,7,53,6,72
1967070,15,100,-7,79
1967580,23,64,8,71
1968090,88,74,-10,81
1968600,5,3,2,79
1969110,0,52,5,74
1969620,48,16,-9,83
1970130,78,19,1,82
1970640,19,38,10,72
1971150,47,39,-9,81
1971660,66,42,1,80
1972170,85,45,0,80
1972680,2,48,6,74
1973190,50,95,-10,84
1973700,13,96,6,78
1974210,21,60,1,77
1974720,86,70,-7,84
1975230,3,101,5,79
1975740,51,65,-3,82
1976250,79,54,3,79
1976760,98,57,5,74
1977270,15,60,-1,75
1977780,26,49,5,70
1978290,91,50,-5,75
1978800,8,53,2,73
1979310,16,100,-6,79
1979820,24,64,9,70
1980330,89,74,-14,84
1980840,6,3,5,79
1981350,8,52,6,73
1981860,16,99,-6,79
1982370,24,63,2,77
1982880,89,73,-4,81
1983390,6,2,1,80
1983900,1,51,2,78
1984410,49,98,-6,84
1984920,12,19,2,82
1985430,7,20,6,76
1985940,2,21,-1,77
1986450,50,68,-6,83
1986960,36,57,5,78
1987470,101,46,6,72
1987980,29,49,-6,78
1988490,94,38,5,73
1989000,22,41,-2,75
1989510,87,42,0,75
1990020,4,45,0,75
1990530,52,92,-5,80
1991040,38,81,-3,83
1991550,1,82,0,83
1992060,49,46,6,77
1992570,68,77,-8,85
1993080,39,6,4,81
1993590,69,25,3,78
1994100,99,28,2,76
1994610,27,47,0,76
1995120,92,48,1,75
1995630,9,51,2,73
1996140,17,98,-4,77
1996650,25,62,0,77
1997160,53,63,-7,84
1997670,81,94,10,74
1998180,52,23,-8,82
1998690,82,26,7,75
1999200,10,45,-1,76
1999710,18,17,-2,78
2000220,4,93,3,75
2000730,12,57,0,75
2001240,20,29,5,70
2001750,31,39,-8,78
2002260,17,28,2,76
2002770,82,29,1,75
2003280,10,32,-2,77
2003790,21,50,-1,78
2004300,86,51,-6,84
2004810,3,54,11,73
2005320,51,101,-11,84
2005830,37,0,0,84
2006340,56,19,3,81
2006850,86,22,4,77
2007360,14,41,-6,83
2007870,25,59,5,78
2008380,90,60,-6,84
2008890,7,63,14,70
2009400,15,8,-10,80
2009910,45,57,1,79
2010420,31,88,2,77
2010930,17,60,6,71
2011440,25,32,-6,77
2011950,36,33,-1,78
2012460,22,64,5,73
2012970,30,36,-6,79
2013480,41,39,2,77
2013990,27,70,-7,84
2014500,23,42,13,71
2015010,88,43,-8,79
2015520,5,46,3,76
2016030,13,93,-5,81
2016540,21,57,7,74
2017050,29,29,0,74
2017560,4,60,-2,76
2018070,12,24,-3,79
2018580,77,25,3,76
2019090,5,28,-4,80
2019600,53,75,4,76
2020110,74,64,-9,85
2020620,93,95,2,83
2021130,64,24,1,82
2021640,94,27,9,73
2022150,22,46,-6,79
2022660,87,18,-4,83
2023170,15,37,10,73
2023680,11,38,5,68
2024190,19,10,-14,82
2024700,38,59,3,79
2025210,24,48,3,76
2025720,89,20,-9,85
2026230,17,39,3,82
2026740,82,40,10,72
2027250,101,43,-2,74
2027760,18,46,4,70
2028270,14,18,-8,78
2028780,79,19,0,78
2029290,7,38,6,72
2029800,15,85,-3,75
2030310,23,49,1,74
2030820,19,21,1,73
2031330,84,39,-5,78
2031840,1,42,1,77
2032350,9,26,0,77
2032860,4,44,4,73
2033370,12,91,-8,81
2033880,39,55,1,80
2034390,89,44,4,76
2034900,6,47,4,72
2035410,14,94,-5,77
2035920,22,58,3,74
2036430,18,30,-1,75
2036940,46,2,-6,81
2037450,47,21,-1,82
2037960,77,40,3,79
2038470,96,43,6,73
2038980,13,46,-6,79
2039490,21,18,4,75
2040000,25,21,-5,80
2040510,6,66,3,77
2041020,14,30,5,72
2041530,42,2,-8,80
2042040,43,21,1,79
2042550,73,42,-3,82
2043060,92,45,9,73
2043570,9,48,-8,81
2044080,17,20,1,80
2044590,94,26,8,72
2045100,11,45,4,68
2045610,19,17,-12,80
2046120,23,66,1,79
2046630,19,38,2,77
2047140,47,10,0,77
2047650,100,29,6,71
2048160,28,48,-12,83
2048670,93,20,3,80
2049180,34,39,3,77
2049690,20,57,2,75
2050200,28,29,-13,88
2050710,3,0,3,85
2051220,100,49,12,73
2051730,28,52,-3,76
2052240,78,24,-1,77
2052750,6,27,2,75
2053260,18,74,-2,77
2053770,26,46,-1,78
2054280,76,18,-3,81
2054790,17,37,7,74
2055300,13,9,-8,82
2055810,8,58,9,73
2056320,6,42,-3,76
2056830,14,26,-3,79
2057340,9,27,3,76
2057850,20,101,-6,82
2058360,28,73,3,79
2058870,24,45,1,78
2059380,89,17,-5,83
2059890,30,36,2,81
2060400,16,54,3,78
2060910,24,26,4,74
2061420,10,57,3,71
2061930,18,46,-7,78
2062440,14,18,-3,81
2062950,79,57,-5,86
2063460,98,60,11,75
2063970,15,63,4,71
2064480,23,35,-4,75
2064990,9,7,-7,82
2065500,4,56,7,75
2066010,12,40,7,68
2066520,20,12,-17,85
2067030,39,61,9,76
2067540,89,33,1,75
2068050,17,36,4,71
2068560,13,8,-6,77
2069070,17,57,1,76
2069580,25,29,1,75
2070090,0,47,2,73
2070600,8,31,-4,77
2071110,20,3,-11,88
2071620,62,76,11,77
2072130,10,65,3,74
2072640,18,49,1,73
2073150,14,21,-8,81
2073660,79,22,8,73
2074170,7,41,-1,74
2074680,15,30,-2,76
2075190,26,2,1,75
2075700,93,75,-11,86
2076210,41,4,2,84
2076720,71,23,5,79
2077230,101,26,-2,81
2077740,68,29,-4,85
2078250,98,32,10,75
2078760,26,35,-4,79
2079270,12,7,-6,85
2079780,95,56,9,76
2080290,23,59,-1,77
2080800,19,31,-1,78
2081310,84,3,-3,81
2081820,85,37,7,74
2082330,77,40,-6,80
2082840,96,43,5,75
2083350,24,46,1,74
2083860,74,18,-3,77
2084370,2,37,5,72
2084880,10,21,-9,81
2085390,5,22,3,78
2085900,17,23,3,75
2086410,82,41,1,74
2086920,10,44,-1,75
2087430,21,33,-3,78
2087940,86,5,-1,79
2088450,87,39,4,75
2088960,15,42,3,72
2089470,11,14,-9,81
2089980,6,53,4,77
2090490,46,37,1,76
2091000,63,82,-9,85
2091510,11,71,8,77
2092020,22,55,-2,79
2092530,18,73,7,72
2093040,29,45,-5,77
2093550,79,34,-1,78
2094060,7,37,2,76
2094570,19,84,1,75
2095080,30,56,-4,79
2095590,80,4,-3,82
2096100,81,38,8,74
2096610,9,41,1,73
2097120,20,30,-6,79
2097630,48,48,2,77
2098140,98,79,-6,83
2098650,26,8,6,77
2099160,56,27,-8,85
2099670,86,46,10,75
2100180,56,49,-6,81
2100690,4,80,-1,82
2101200,31,44,-3,85
2101710,81,54,1,84
2102220,100,57,7,77
2102730,28,60,0,77
2103240,78,8,-9,86
2103750,79,42,11,75
2104260,7,45,-1,76
2104770,19,47,0,76
2105280,15,19,-13,89
2105790,76,68,8,81
2106300,24,47,8,73
2106810,74,97,-13,86
2107320,22,86,8,78
2107830,33,58,-1,79
2108340,83,6,-3,82
2108850,84,89,0,82
2109360,32,18,3,79
2109870,62,13,2,77
2110380,13,32,-6,83
2110890,41,50,3,80
2111400,91,39,2,78
2111910,19,42,3,75
2112420,84,52,-7,82
2112930,1,55,7,75
2113440,28,19,-10,85
2113950,47,95,8,77
2114460,97,43,6,71
2114970,25,46,-7,78
2115480,75,47,-3,81
2115990,3,50,10,71
2116500,43,14,-10,81
2117010,73,9,-1,82
2117520,74,43,2,80
2118030,93,46,3,77
2118540,21,49,2,75
2119050,86,50,-10,85
2119560,3,53,11,74
2120070,30,17,-8,82
2120580,49,36,6,76
2121090,68,39,-8,84
2121600,87,42,3,81
2122110,15,45,5,76
2122620,26,55,0,76
2123130,76,3,-11,87
2123640,77,37,6,81
2124150,5,40,8,73
2124660,45,24,-4,77
2125170,75,43,-4,81
2125680,94,46,6,75
2126190,22,49,-6,81
2126700,72,50,0,81
2127210,91,53,3,78
2127720,19,56,0,78
2128230,84,66,-5,83
2128740,1,97,8,75
2129250,28,61,-5,80
2129760,78,9,3,77
2130270,79,43,5,72
2130780,7,46,-6,78
2131290,47,33,1,77
2131800,66,78,-10,87
2132310,14,67,11,76
2132820,25,77,2,74
2133330,36,87,-1,75
2133840,86,88,-15,90
2134350,34,59,12,78
2134860,84,7,-3,81
2135370,85,41,4,77
2135880,13,44,-3,80
2136390,31,94,-4,84
2136900,17,95,4,80
2137410,44,59,-4,84
2137920,94,7,2,82
2138430,95,41,9,73
2138940,23,60,-4,77
2139450,88,15,-5,82
2139960,49,49,6,76
2140470,99,20,-2,78
2140980,50,54,-4,82
2141490,100,43,0,82
2142000,28,62,3,79
2142510,78,10,2,77
2143020,79,44,-3,80
2143530,98,47,7,73
2144040,26,66,-8,81
2144550,22,21,14,67
2145060,8,94,-10,77
2145570,35,58,-6,83
2146080,85,6,0,83
2146590,86,40,1,82
2147100,14,11,2,80
2147610,18,60,6,74
2148120,29,70,-5,79
2148630,79,71,-5,84
2149140,27,42,6,78
2149650,13,52,2,76
2150160,24,39,1,75
2150670,10,40,3,72
2151180,50,50,-7,79
2151690,100,21,-1,80
2152200,51,55,-1,81
2152710,101,26,1,80
2153220,52,45,-5,85
2153730,0,16,4,81
2154240,28,17,6,75
2154750,58,90,-3,78
2155260,6,79,-2,80
2155770,33,43,-2,82
2156280,19,53,4,78
2156790,82,54,-2,80
2157300,101,57,4,76
2157810,8,76,-1,77
2158320,35,40,3,74
2158830,21,29,-2,76
2159340,49,39,-4,80
2159850,68,84,-1,81
2160360,16,73,5,76
2160870,56,37,-3,79
2161380,65,82,-1,80
2161890,13,71,7,73
2162400,40,35,-1,74
2162910,57,6,-9,83
2163420,58,40,8,75
2163930,77,85,-6,81
2164440,25,74,6,75
2164950,11,29,0,75
2165460,39,30,-1,76
2165970,56,75,-6,82
2166480,4,64,7,75
2166990,31,28,4,71
2167500,48,73,-11,82
2168010,98,62,7,75
2168520,5,65,2,73
2169030,32,29,-4,77
2169540,49,0,-1,78
2170050,50,34,-1,79
2170560,69,79,-5,84
2171070,17,68,5,79
2171580,57,78,-6,85
2172090,5,67,9,76
2172600,32,31,-5,81
2173110,49,2,0,81
2173620,91,36,2,79
2174130,62,7,-4,83
2174640,63,41,-2,85
2175150,82,86,10,75
2175660,30,29,1,74
2176170,47,0,-2,76
2176680,89,34,1,75
2177190,60,5,-7,82
2177700,61,39,-2,84
2178210,80,84,7,77
2178720,28,13,-5,82
2179230,81,86,-2,84
2179740,29,75,9,75
2180250,15,30,0,75
2180760,43,31,-4,79
2181270,52,76,0,79
2181780,0,65,7,72
2182290,27,29,-1,73
2182800,44,97,-6,79
2183310,94,98,3,76
2183820,42,27,-3,79
2184330,51,22,0,79
2184840,22,41,2,77
2185350,72,42,0,77
2185860,91,45,-1,78
2186370,62,64,-5,83
2186880,11,94,0,83
2187390,38,58,4,79
2187900,88,47,1,78
2188410,36,66,-3,81
2188920,86,14,-1,82
2189430,87,48,9,73
2189940,35,67,-12,85
2190450,85,15,3,82
2190960,36,49,3,79
2191470,22,50,1,78
2191980,50,51,0,78
2192490,100,81,-4,82
2193000,7,9,6,76
2193510,35,58,-8,84
2194020,46,59,7,77
2194530,96,48,-3,80
2195040,67,20,-3,83
2195550,18,54,4,79
2196060,58,55,1,78
2196570,90,85,1,77
2197080,20,14,3,74
2197590,40,63,1,73
2198100,90,52,-1,74
2198610,7,71,-7,81
2199120,50,35,4,77
2199630,59,80,-2,79
2200140,7,69,9,70
2200650,34,33,-4,74
2201160,51,101,-9,83
2201670,101,49,11,72
2202180,72,68,-14,86
2202690,47,98,3,83
2203200,97,46,11,72
2203710,68,65,-12,84
2204220,43,95,4,80
2204730,70,50,-7,87
2205240,85,80,7,80
2205750,15,9,-5,85
2206260,98,58,8,77
2206770,5,88,-3,80
2207280,32,52,3,77
2207790,18,0,-5,82
2208300,60,49,2,80
2208810,75,94,-4,84
2209320,23,83,5,79
2209830,50,47,2,77
2210340,82,78,-10,87
2210850,12,7,8,79
2211360,16,56,4,75
2211870,1,43,6,69
2212380,28,7,-10,79
2212890,81,26,-1,80
2213400,52,45,-1,81
2213910,69,76,3,78
2214420,44,65,-2,80
2214930,94,13,1,79
2215440,55,47,-6,85
2215950,70,18,9,76
2216460,41,37,-1,77
2216970,58,8,-4,81
2217480,59,42,1,80
2217990,74,87,-2,82
2218500,0,76,1,81
2219010,27,40,5,76
2219520,55,90,-7,83
2220030,3,38,7,76
2220540,30,22,-3,79
2221050,62,98,-5,84
2221560,10,46,4,80
2222070,22,33,8,72
2222580,50,101,-7,79
2223090,49,49,0,79
2223600,66,20,1,78
2224110,37,93,-4,82
2224620,36,57,3,79
2225130,86,5,-1,80
2225640,87,35,0,80
2226150,58,6,-3,83
2226660,59,36,-2,85
2227170,78,66,2,83
2227680,93,96,0,83
2228190,8,25,3,80
2228700,20,26,8,72
2229210,37,27,-4,76
2229720,54,57,-2,78
2230230,71,87,-8,86
2230740,19,76,10,76
2231250,59,63,-2,78
2231760,76,93,-5,83
2232270,24,82,4,79
2232780,23,46,7,72
2233290,51,96,-6,78
2233800,101,44,3,75
2234310,18,15,-1,76
2234820,22,91,-1,77
2235330,49,55,-6,83
2235840,66,44,-5,88
2236350,81,74,5,83
2236860,11,2,3,80
2237370,37,51,-6,86
2237880,65,101,3,83
2238390,13,49,7,76
2238900,25,36,-4,80
2239410,53,25,1,79
2239920,24,98,-4,83
2240430,9,62,13,70
2240940,36,49,-8,78
2241450,8,99,-9,87
2241960,35,63,4,83
2242470,85,11,3,80
2242980,46,41,3,77
2243490,61,12,-5,82
2244000,12,42,3,79
2244510,52,29,-11,90
2245020,71,59,6,84
2245530,86,30,14,70
2246040,57,1,-16,86
2246550,58,31,7,79
2247060,77,61,-5,84
2247570,92,91,0,84
2248080,22,20,14,70
2248590,39,69,-13,83
2249100,89,17,5,78
2249610,40,47,-7,85
2250120,57,36,-4,89
2250630,76,66,1,88
2251140,91,37,9,79
2251650,8,8,-8,87
2252160,3,57,13,74
2252670,30,41,-5,79
2253180,58,85,-5,84
2253690,6,74,9,75
2254200,33,38,-5,80
2254710,50,27,-6,86
2255220,21,100,6,80
2255730,32,64,-1,81
2256240,60,12,-3,84
2256750,11,42,11,73
2257260,51,29,-9,82
2257770,66,59,1,81
2258280,81,30,5,76
2258790,52,1,-5,81
2259300,13,31,6,75
2259810,41,32,-7,82
2260320,56,3,0,82
2260830,57,33,-5,87
2261340,76,63,4,83
2261850,91,34,9,74
2262360,8,5,-7,81
2262870,3,54,10,71
2263380,30,38,-7,78
2263890,47,9,-2,80
2264400,100,39,6,74
2264910,17,10,-11,85
2265420,100,59,7,78
2265930,7,1,-5,83
2266440,33,50,5,78
2266950,61,100,-1,79
2267460,9,42,-1,80
2267970,21,29,8,72
2268480,49,30,-13,85
2268990,68,60,-2,87
2269500,83,31,7,80
2270010,0,2,-5,85
2270520,11,51,12,73
2271030,23,38,1,72
2271540,51,39,-12,84
2272050,66,69,0,84
2272560,94,99,3,81
2273070,20,27,7,74
2273580,48,28,-7,81
2274090,67,58,-6,87
2274600,99,29,13,74
2275110,70,0,-8,82
2275620,15,30,9,73
2276130,43,48,-9,82
2276640,71,27,0,82
2277150,42,100,-1,83
2277660,41,101,0,83
2278170,40,0,0,83
2278680,1,30,3,80
2279190,49,17,-4,84
2279700,0,90,-3,87
2280210,27,54,7,80
2280720,55,55,0,80
2281230,87,26,3,77
2281740,4,99,-4,81
2282250,31,63,2,79
2282760,59,5,3,76
2283270,20,35,-6,82
2283780,48,36,5,77
2284290,63,66,-3,80
2284800,95,96,1,79
2285310,21,24,0,79
2285820,2,97,-1,80
2286330,29,61,2,78
2286840,57,3,-1,79
2287350,18,33,3,76
2287860,86,34,-1,77
2288370,3,5,-4,81
2288880,14,54,9,72
2289390,25,41,-3,75
2289900,53,85,-6,81
2290410,1,27,5,76
2290920,49,14,-11,87
2291430,0,87,0,87
2291940,27,51,13,74
2292450,55,52,-11,85
2292960,87,23,4,81
2293470,4,96,2,79
2293980,31,60,-3,82
2294490,59,61,0,82
2295000,91,32,3,79
2295510,8,3,-3,82
2296020,3,52,9,73
2296530,43,36,-7,80
2297040,58,39,-9,89
2297550,73,69,2,87
2298060,3,40,12,75
2298570,15,27,1,74
2299080,43,28,-5,79
2299590,52,58,-1,80
2300100,80,48,0,80
2300610,99,51,5,75
2301120,70,22,-9,84
2301630,41,45,8,76
2302140,69,24,-3,79
2302650,40,97,0,79
2303160,39,98,-2,81
2303670,38,99,-2,83
2304180,37,100,4,79
2304690,36,101,-6,85
2305200,35,0,4,81
2305710,98,73,2,79
2306220,5,76,0,79
2306730,32,40,-6,85
2307240,60,11,4,81
2307750,11,41,4,77
2308260,23,11,-8,85
2308770,4,60,12,73
2309280,31,24,-1,74
2309790,51,97,-6,80
2310300,101,39,4,76
2310810,18,28,-1,77
2311320,46,29,-6,83
2311830,78,32,5,78
2312340,97,3,-4,82
2312850,42,33,3,79
2313360,62,4,-1,80
2313870,23,34,-6,86
2314380,51,5,5,81
2314890,12,39,-2,83
2315400,24,26,6,77
2315910,41,99,-1,78
2316420,40,100,-2,80
2316930,39,101,2,78
2317440,38,0,-4,82
2317950,101,30,3,79
2318460,72,1,-2,81
2318970,73,31,9,72
2319480,44,2,-13,85
2319990,91,32,16,69
2320500,62,21,-12,81
2321010,33,94,0,81
2321520,32,58,3,78
2322030,82,0,-8,86
2322540,27,30,11,75
2323050,55,1,-11,86
2323560,0,31,7,79
2324070,48,97,-1,80
2324580,98,39,3,77
2325090,15,53,1,76
2325600,26,40,-8,84
2326110,54,84,0,84
2326620,2,26,4,80
2327130,50,27,5,75
2327640,59,57,-5,80
2328150,7,28,0,80
2328660,19,29,6,74
2329170,47,47,-1,75
2329680,75,18,-1,76
2330190,76,48,-4,80
2330700,91,51,4,76
2331210,100,54,-3,79
2331720,7,57,8,71
2332230,34,21,-10,81
2332740,53,94,2,79
2333250,1,36,1,78
2333760,49,0,-4,82
2334270,96,30,7,75
2334780,67,57,-9,84
2335290,82,28,9,75
2335800,53,54,-10,85
2336310,85,25,9,76
2336820,56,51,-8,84
2337330,67,22,3,81
2337840,38,56,-3,84
2338350,66,100,1,83
2338860,14,42,1,82
2339370,25,29,7,75
2339880,53,0,-10,85
2340390,100,30,7,78
2340900,71,56,-7,85
2341410,86,27,11,74
2341920,57,53,-11,85
2342430,89,24,9,76
2342940,60,50,-9,85
2343450,8,21,4,81
2343960,36,22,-1,82
2344470,55,52,-2,84
2344980,87,23,1,83
2345490,58,57,-2,85
2346000,90,28,4,81
2346510,45,54,-3,84
2347020,95,98,-2,86
2347530,43,26,5,81
2348040,75,77,-1,82
2348550,23,5,-2,84
2349060,65,54,2,82
2349570,97,25,0,82
2350080,68,59,1,81
2350590,16,30,3,78
2351100,27,31,3,75
2351610,59,2,-8,83
2352120,60,32,1,82
2352630,90,35,5,77
2353140,7,61,-3,80
2353650,34,25,-2,82
2354160,66,98,0,82
2354670,14,40,4,78
2355180,25,41,4,74
2355690,75,85,-6,80
2356200,23,13,4,76
2356710,4,86,-11,87
2357220,31,50,18,69
2357730,81,16,-11,80
2358240,82,46,4,76
2358750,10,49,4,72
2359260,21,36,0,72
2359770,71,54,-17,89
2360280,86,57,11,78
2360790,95,60,4,74
2361300,2,63,1,73
2361810,29,27,-2,75
2362320,61,100,-6,81
2362830,9,42,6,75
2363340,21,29,-1,76
2363850,49,97,-2,78
2364360,99,61,-3,81
2364870,6,64,6,75
2365380,33,28,-6,81
2365890,65,101,-1,82
2366400,13,43,10,72
2366910,24,30,-3,75
2367420,10,98,-8,83
2367930,37,62,6,77
2368440,87,4,-2,79
2368950,32,34,9,70
2369460,64,23,-9,79
2369970,35,26,2,77
2370480,55,99,-4,81
2370990,3,41,1,80
2371500,15,5,6,74
2372010,98,54,-7,81
2372520,5,57,5,76
2373030,32,21,-3,79
2373540,64,94,-3,82
2374050,12,36,10,72
2374560,24,23,-8,80
2375070,5,96,-2,82
2375580,32,60,3,79
2376090,82,24,2,77
2376600,53,54,-5,82
2377110,85,25,8,74
2377620,56,55,-9,83
2378130,88,26,7,76
2378640,59,56,-11,87
2379150,70,27,5,82
2379660,41,30,-3,85
2380170,73,33,9,76
2380680,1,36,-3,79
2381190,13,0,-3,82
2381700,55,49,7,75
2382210,87,20,-4,79
2382720,58,50,-7,86
2383230,90,21,9,77
2383740,61,51,-5,82
2384250,72,22,-2,84
2384760,43,52,3,81
2385270,70,41,2,79
2385780,85,44,2,77
2386290,2,47,4,73
2386800,29,11,-9,82
2387310,0,41,8,74
2387820,12,5,-9,83
2388330,7,54,9,74
2388840,19,18,-4,78
2389350,23,91,-2,80
2389860,34,55,4,76
2390370,84,44,-2,78
2390880,1,47,5,73
2391390,13,11,-16,89
2391900,96,60,13,76
2392410,3,63,-1,77
2392920,30,27,4,73
2393430,11,100,-10,83
2393940,38,64,5,78
2394450,37,6,2,76
2394960,90,36,0,76
2395470,7,25,-1,77
2395980,19,12,1,76
2396490,0,61,2,74
2397000,27,25,0,74
2397510,8,98,-7,81
2398020,35,62,5,76
2398530,85,51,-3,79
2399040,94,54,-1,80
2399550,1,57,6,74
2400060,28,21,-3,77
2400570,48,89,2,75
2401080,47,78,-5,80
2401590,97,67,3,77
2402100,4,37,3,74
2402610,16,1,-1,75
2403120,58,50,-3,78
2403630,69,21,-3,81
2404140,20,51,5,76
2404650,32,69,0,76
2405160,59,33,-8,84
2405670,68,36,4,80
2406180,83,39,2,78
2406690,0,10,-6,84
2407200,11,11,3,81
2407710,6,60,5,76
2408220,33,24,1,75
2408730,42,54,-11,86
2409240,69,20,0,86
2409750,20,50,9,77
2410260,32,68,3,74
2410770,59,32,-4,78
2411280,78,62,-9,87
2411790,93,33,13,74
2412300,10,22,-2,76
2412810,22,23,-3,79
2413320,3,96,-1,80
2413830,30,60,1,79
2414340,29,49,8,71
2414850,79,38,-5,76
2415360,98,9,-5,81
2415870,43,39,1,80
2416380,52,10,1,79
2416890,53,40,-5,84
2417400,62,70,-1,85
2417910,10,59,10,75
2418420,21,23,0,75
2418930,100,96,1,74
2419440,7,41,-3,77
2419950,19,28,-1,78
2420460,18,67,9,69
2420970,29,54,-8,77
2421480,28,20,-2,79
2421990,48,69,0,79
2422500,98,58,0,79
2423010,5,88,2,77
2423520,32,52,-2,79
2424030,31,18,1,78
2424540,51,48,-1,79
2425050,93,19,0,79
2425560,94,49,6,73
2426070,1,75,-6,79
2426580,28,39,7,72
2427090,27,5,0,72
2427600,80,35,-6,78
2428110,99,6,-8,86
2428620,44,36,6,80
2429130,53,7,0,80
2429640,54,37,0,80
2430150,63,67,-3,83
2430660,11,97,4,79
2431170,38,61,-3,82
2431680,88,27,-1,83
2432190,5,100,-3,86
2432700,32,64,12,74
2433210,31,28,-8,82
2433720,12,96,4,78
2434230,39,60,-2,80
2434740,89,26,3,77
2435250,6,56,2,75
2435760,17,20,-8,83
2436270,21,59,10,73
2436780,33,23,-4,77
2437290,53,53,-8,85
2437800,95,24,5,80
2438310,27,54,-5,85
2438820,26,20,3,82
2439330,46,69,2,80
2439840,96,35,3,77
2440350,13,24,-5,82
2440860,24,48,3,79
2441370,23,12,1,78
2441880,24,61,5,73
2442390,23,25,5,68
2442900,4,93,-11,79
2443410,31,57,1,78
2443920,30,23,-1,79
2444430,50,91,-1,80
2444940,49,55,6,74
2445450,48,21,-5,79
2445960,101,65,8,71
2446470,8,95,-7,78
2446980,35,59,-5,83
2447490,85,25,9,74
2448000,26,69,-1,75
2448510,25,33,1,74
2449020,24,101,-3,77
2449530,35,65,-7,84
2450040,34,31,1,83
2450550,51,2,0,83
2451060,98,46,8,75
2451570,15,98,-3,78
2452080,42,62,3,75
2452590,41,28,-4,79
2453100,50,101,-3,82
2453610,49,65,7,75
2454120,99,31,-2,77
2454630,16,25,-2,79
2455140,15,64,11,68
2455650,26,28,-9,77
2456160,37,101,-8,85
2456670,36,65,3,82
2457180,35,31,8,74
2457690,55,2,-8,82
2458200,0,32,8,74
2458710,48,98,-4,78
2459220,47,62,-3,81
2459730,46,28,-1,82
2460240,55,65,3,79
2460750,42,54,1,78
2461260,41,20,-3,81
2461770,71,15,3,78
2462280,12,27,-5,83
2462790,23,51,6,77
2463300,22,69,5,72
2463810,21,33,-6,78
2464320,20,101,2,76
2464830,31,65,-5,81
2465340,30,29,5,76
2465850,47,0,-6,82
2466360,94,12,-3,85
2466870,95,24,11,74
2467380,36,19,-9,83
2467890,63,14,5,78
2468400,4,58,4,74
2468910,16,22,-4,78
2469420,15,61,3,75
2469930,26,48,3,72
2470440,25,14,-6,78
2470950,26,63,-1,79
2471460,25,27,1,78
2471970,24,100,-2,80
2472480,35,64,4,76
2472990,34,30,4,72
2473500,51,1,-11,83
2474010,98,13,-4,87
2474520,99,25,8,79
2475030,40,20,-1,80
2475540,90,15,0,80
2476050,91,27,5,75
2476560,32,100,-4,79
2477070,31,2,-2,81
2477580,78,14,3,78
2478090,19,26,-3,81
2478600,18,65,8,73
2479110,17,52,-5,78
2479620,29,39,-2,80
2480130,28,10,5,75
2480640,55,5,-7,82
2481150,56,17,3,79
2481660,99,12,-2,81
2482170,100,24,5,76
2482680,41,19,-8,84
2483190,68,14,5,79
2483700,9,26,6,73
2484210,21,65,-2,75
2484720,20,52,-4,79
2485230,32,39,9,70
2485740,31,5,-6,76
2486250,32,17,-4,80
2486760,82,27,4,76
2487270,101,21,-2,78
2487780,62,33,-9,87
2488290,81,28,11,76
2488800,100,101,-5,81
2489310,48,72,0,81
2489820,98,38,6,75
2490330,15,27,-7,82
2490840,26,66,5,77
2491350,91,53,2,75
2491860,100,61,-2,77
2492370,7,87,-6,83
2492880,18,51,0,83
2493390,30,38,2,81
2493900,29,77,6,75
2494410,28,41,-6,81
2494920,27,80,1,80
2495430,26,44,-1,81
2495940,25,83,-2,83
2496450,24,47,5,78
2496960,23,86,5,73
2497470,22,50,-4,77
2497980,21,89,-2,79
2498490,32,53,-2,81
2499000,31,92,-3,84
2499510,30,56,-3,87
2500020,29,95,14,73
2500530,28,59,-8,81
2501040,27,77,5,76
2501550,26,7,-4,80
2502060,48,30,-2,82
2502570,78,95,-2,84
2503080,26,84,2,82
2503590,25,48,6,76
2504100,24,87,-1,77
2504610,23,51,-2,79
2505120,22,90,0,79
2505630,33,54,-1,80
2506140,32,93,-1,81
2506650,31,57,-2,83
2507160,30,75,5,78
2507670,29,39,1,77
2508180,28,5,-3,80
2508690,21,0,4,76
2509200,63,73,-10,86
2509710,11,62,13,73
2510220,22,49,5,68
2510730,21,67,-9,77
2511240,33,54,-3,80
2511750,32,93,-3,83
2512260,31,57,10,73
2512770,30,75,-9,82
2513280,29,39,6,76
2513790,28,78,-2,78
2514300,27,42,3,75
2514810,26,81,-1,76
2515320,25,45,-1,77
2515830,24,84,0,77
2516340,19,48,-4,81
2516850,18,87,6,75
2517360,29,51,-7,82
2517870,28,90,-1,83
2518380,27,54,5,78
2518890,26,93,3,75
2519400,25,57,-2,77
2519910,24,21,1,76
2520420,23,60,-1,77
2520930,22,78,5,72
2521440,21,42,-6,78
2521950,20,60,7,71
2522460,19,47,-6,77
2522970,31,65,-2,79
2523480,30,83,-2,81
2523990,29,47,0,81
2524500,6,86,4,77
2525010,17,50,-2,79
2525520,29,89,1,78
2526030,28,53,-6,84
2526540,27,92,11,73
2527050,26,56,-6,79
2527560,25,74,5,74
2528070,24,61,-6,80
2528580,23,79,4,76
2529090,22,43,2,74
2529600,21,82,-8,82
2530110,32,46,1,81
2530620,31,64,9,72
2531130,30,82,-8,80
2531640,29,46,7,73
2532150,28,85,-5,78
2532660,27,49,4,74
2533170,26,67,-3,77
2533680,25,85,-3,80
2534190,24,49,8,72
2534700,23,67,-4,76
2535210,22,85,1,75
2535720,33,49,-3,78
2536230,32,67,-3,81
2536740,31,85,1,80
2537250,30,49,-2,82
2537760,29,88,7,75
2538270,28,52,-7,82
2538780,27,91,2,80
2539290,26,55,2,78
2539800,25,73,-1,79
2540310,24,91,4,75
2540820,35,55,-2,77
2541330,34,73,2,75
2541840,33,91,-7,82
2542350,44,55,0,82
2542860,43,73,6,76
2543370,42,91,-2,78
2543880,41,7,-1,79
2544390,17,19,3,76
2544900,28,58,-2,78
2545410,27,76,-1,79
2545920,26,94,3,76
2546430,25,58,-1,77
2546940,24,76,-1,78
2547450,23,13,2,76
2547960,53,89,-10,86
2548470,52,5,4,82
2548980,99,17,-1,83
2549490,40,29,3,80
2550000,54,68,-2,82
2550510,68,86,1,81
2551020,82,2,0,81
2551530,27,14,4,77
2552040,54,90,-6,83
2552550,53,6,2,81
2553060,100,18,-1,82
2553570,61,30,-3,85
2554080,91,25,9,76
2554590,19,20,-7,83
2555100,30,59,12,71
2555610,29,77,-12,83
2556120,41,95,4,79
2556630,40,11,2,77
2557140,70,6,-6,83
2557650,32,18,-4,87
2558160,62,94,3,84
2558670,61,10,1,83
2559180,2,5,1,82
2559690,13,54,11,71
2560200,25,72,-6,77
2560710,37,90,-6,83
2561220,36,27,4,79
2561730,47,66,0,79
2562240,46,84,6,73
2562750,45,0,-8,81
2563260,92,12,1,80
2563770,37,24,1,79
2564280,67,19,-8,87
2564790,97,14,10,77
2565300,42,9,-4,81
2565810,72,4,-3,84
2566320,14,16,6,78
2566830,25,55,-7,85
2567340,24,73,9,76
2567850,36,10,-4,80
2568360,66,5,-2,82
2568870,11,17,1,81
2569380,10,56,7,74
2569890,22,43,-1,75
2570400,21,61,-3,78
2570910,33,46,2,76
2571420,32,64,-1,77
2571930,31,82,-2,79
2572440,30,100,-4,83
2572950,29,37,1,82
2573460,28,76,5,77
2573970,40,94,0,77
2574480,39,31,3,74
2574990,71,70,-8,82
2575500,1,88,4,78
2576010,12,52,1,77
2576520,24,70,4,73
2577030,36,88,-2,75
2577540,35,25,-8,83
2578050,67,64,5,78
2578560,78,9,-6,84
2579070,23,21,6,78
2579580,34,60,3,75
2580090,33,78,-5,80
2580600,32,96,2,78
2581110,31,33,2,76
2581620,42,15,-2,78
2582130,72,10,-3,81
2582640,17,5,-1,82
2583150,68,54,-2,84
2583660,98,49,8,76
2584170,26,44,3,73
2584680,25,62,-1,74
2585190,24,80,-3,77
2585700,35,17,3,74
2586210,65,12,-11,85
2586720,66,7,2,83
2587230,11,19,8,75
2587740,22,58,-7,82
2588250,34,76,5,77
2588760,74,94,-8,85
2589270,88,10,5,80
2589780,33,5,2,78
2590290,63,0,-2,80
2590800,8,97,0,80
2591310,35,61,0,80
2591820,34,100,2,78
2592330,45,37,2,76
2592840,77,76,-6,82
2593350,7,21,3,79
2593860,19,60,9,70
2594370,31,78,-5,75
2594880,43,96,-7,82
2595390,83,33,9,73
2595900,11,28,0,73
2596410,23,67,2,71
2596920,35,4,-9,80
2597430,82,101,-3,83
2597940,96,17,2,81
2598450,57,12,-1,82
2598960,87,7,4,78
2599470,32,2,-3,81
2599980,59,99,-2,83
2600490,99,36,9,74
2601000,27,29,4,70
2601510,59,68,-12,82
2602020,91,86,-8,90
2602530,21,31,18,72
2603040,32,70,-13,85
2603550,72,88,1,84
2604060,86,4,3,81
2604570,31,101,-2,83
2605080,42,38,9,74
2605590,82,56,-4,78
2606100,10,59,-1,79
2606610,22,46,4,75
2607120,33,85,0,75
2607630,45,22,-6,81
2608140,75,17,-1,82
2608650,16,12,2,80
2609160,27,51,4,76
2609670,67,69,-4,80
2610180,99,87,0,80
2610690,29,32,0,80
2611200,61,71,0,80
2611710,93,89,0,80
2612220,23,5,0,80
2612730,24,70,7,73
2613240,36,7,-8,81
2613750,66,2,3,78
2614260,11,99,-2,80
2614770,38,63,0,80
2615280,78,0,-1,81
2615790,23,97,-2,83
2616300,34,34,4,79
2616810,66,73,-2,81
2617320,98,91,-8,89
2617830,28,99,5,84
2618340,39,36,1,83
2618850,71,75,0,83
2619360,1,93,1,82
2619870,28,57,2,80
2620380,68,96,0,80
2620890,16,12,-2,82
2621400,27,61,-2,84
2621910,38,79,7,77
2622420,78,97,0,77
2622930,26,86,-7,84
2623440,37,23,10,74
2623950,67,18,-8,82
2624460,8,13,-1,83
2624970,19,52,-1,84
2625480,31,70,-1,85
2625990,71,88,6,79
2626500,98,4,-7,86
2627010,43,101,4,82
2627520,83,38,3,79
2628030,11,33,-1,80
2628540,23,72,4,76
2629050,35,9,-3,79
2629560,65,4,-2,81
2630070,66,16,-6,87
2630580,7,90,9,78
2631090,34,54,1,77
2631600,74,93,-8,85
2632110,101,9,4,81
2632620,46,4,-2,83
2633130,93,101,-2,85
2633640,23,90,2,83
2634150,34,27,6,77
2634660,66,66,0,77
2635170,98,84,-6,83
2635680,100,92,2,81
2636190,30,8,-1,82
2636700,93,3,-4,86
2637210,38,15,9,77
2637720,68,10,-4,81
2638230,69,5,-4,85
2638740,70,17,8,77
2639250,71,12,-4,81
2639760,72,7,-3,84
2640270,73,19,7,77
2640780,1,14,-4,81
2641290,12,32,-2,83
2641800,24,71,10,73
2642310,36,8,-8,81
2642820,99,3,-2,83
2643330,44,15,-6,89
2643840,74,78,9,80
2644350,85,96,3,77
2644860,96,61,0,77
2645370,24,64,1,76
2645880,36,82,-10,86
2646390,48,19,5,81
2646900,78,14,4,77
2647410,79,9,-2,79
2647920,80,21,2,77
2648430,8,16,-4,81
2648940,19,55,5,76
2649450,31,73,-1,77
2649960,43,91,-3,80
2650470,83,7,-3,83
2650980,84,19,-1,84
2651490,12,14,8,76
2652000,23,53,4,72
2652510,35,71,-6,78
2653020,75,89,-1,79
2653530,86,78,-9,88
2654040,97,86,9,79
2654550,27,100,-1,80
2655060,38,37,1,79
2655570,13,55,0,79
2656080,25,73,-2,81
2656590,37,91,4,77
2657100,49,28,-5,82
2657610,79,23,5,77
2658120,31,18,1,76
2658630,61,13,-6,82
2659140,91,8,-1,83
2659650,92,20,5,78
2660160,24,15,4,74
2660670,54,91,-8,82
2661180,41,7,-5,87
2661690,83,2,3,84
2662200,28,14,4,80
2662710,58,9,-5,85
2663220,54,43,1,84
2663730,65,29,2,82
2664240,95,24,2,80
2664750,23,19,-2,82
2665260,34,74,1,81
2665770,45,92,4,77
2666280,85,8,-3,80
2666790,86,42,1,79
2667300,14,94,0,79
2667810,26,58,4,75
2668320,38,76,-7,82
2668830,25,94,3,79
2669340,36,31,-8,87
2669850,47,70,2,85
2670360,34,7,5,80
2670870,97,2,-4,84
2671380,42,14,2,82
2671890,72,9,-1,83
2672400,73,43,1,82
2672910,1,46,12,70
2673420,13,64,0,70
2673930,52,82,-9,79
2674440,63,100,-6,85
2674950,50,16,5,80
2675460,41,11,-3,83
2675970,71,6,6,77
2676480,72,40,-6,83
2676990,0,43,9,74
2677500,12,61,2,72
2678010,24,79,-8,80
2678520,35,97,5,75
2679030,47,13,-8,83
2679540,77,8,2,81
2680050,78,20,-1,82
2680560,6,15,3,79
2681070,17,54,3,76
2681580,29,72,-3,79
2682090,41,90,-1,80
2682600,52,6,0,80
2683110,82,40,2,78
2683620,10,92,-3,81
2684130,22,56,7,74
2684640,34,74,-6,80
2685150,45,92,1,79
2685660,32,8,-1,80
2686170,62,3,0,80
2686680,7,15,-3,83
2687190,18,54,8,75
2687700,30,72,-2,77
2688210,42,90,4,73
2688720,53,6,-8,81
2689230,83,40,5,76
2689740,11,92,0,76
2690250,23,56,-2,78
2690760,35,74,6,72
2691270,22,92,-7,79
2691780,33,8,-1,80
2692290,63,14,1,79
2692800,93,48,6,73
2693310,21,56,-5,78
2693820,33,74,2,76
2694330,44,92,0,76
2694840,55,8,-6,82
2695350,85,20,9,73
2695860,13,15,-3,76
2696370,24,54,-1,77
2696880,36,72,-1,78
2697390,23,90,-1,79
2697900,34,6,4,75
2698410,64,18,-3,78
2698920,94,13,-4,82
2699430,22,27,7,75
2699940,33,45,-1,76
2700450,20,63,7,69
2700960,31,81,-14,83
2701470,43,99,5,78
2701980,54,15,-3,81
2702490,84,10,2,79
2703000,85,22,2,77
2703510,13,17,-7,84
2704020,24,56,5,79
2704530,36,74,1,78
2705040,23,92,1,77
2705550,34,8,-8,85
2706060,64,3,4,81
2706570,65,15,3,78
2707080,95,10,-8,86
2707590,96,22,3,83
2708100,24,17,10,73
2708610,54,93,-8,81
2709120,41,9,-1,82
2709630,71,4,-1,83
2710140,72,16,4,79
2710650,0,11,0,79
2711160,11,50,1,78
2711670,23,68,6,72
2712180,68,86,-11,83
2712690,16,2,-1,84
2713200,58,51,5,79
2713710,69,69,-4,83
2714220,80,87,1,82
2714730,91,3,0,82
2715240,36,15,5,77
2715750,66,10,-6,83
2716260,7,22,9,74
2716770,19,40,-3,77
2717280,30,58,-3,80
2717790,7,76,5,75
2718300,18,63,-1,76
2718810,29,81,-5,81
2719320,41,99,-3,84
2719830,52,15,1,83
2720340,82,10,11,72
2720850,83,22,-7,79
2721360,11,17,2,77
2721870,22,56,-3,80
2722380,34,74,2,78
2722890,45,92,-6,84
2723400,32,8,6,78
2723910,62,3,-3,81
2724420,63,15,3,78
2724930,93,10,-1,79
2725440,94,22,5,74
2725950,22,17,-7,81
2726460,33,93,5,76
2726970,44,30,-3,79
2727480,74,16,-2,81
2727990,2,11,0,81
2728500,13,50,5,76
2729010,25,68,-2,78
2729520,37,86,-4,82
2730030,48,2,4,78
2730540,95,14,-4,82
2731050,23,26,6,76
2731560,89,65,-6,82
2732070,17,68,9,73
2732580,28,86,-10,83
2733090,39,2,5,78
2733600,86,14,0,78
2734110,14,26,2,76
2734620,25,65,4,72
2735130,37,83,-2,74
2735640,24,101,-5,79
2736150,35,17,0,79
2736660,88,27,-2,81
2737170,16,87,9,72
2737680,28,3,-4,76
2738190,91,68,-1,77
2738700,19,28,6,71
2739210,30,64,-6,77
2739720,41,82,1,76
2740230,28,100,-4,80
2740740,39,16,-3,83
2741250,69,11,0,83
2741760,99,23,7,76
2742270,27,18,1,75
2742780,47,94,0,75
2743290,34,10,1,74
2743800,64,5,-7,81
2744310,65,17,3,78
2744820,95,12,-1,79
2745330,96,24,0,79
2745840,98,19,1,78
2746350,26,31,7,71
2746860,37,49,-9,80
2747370,24,67,7,73
2747880,36,85,-6,79
2748390,23,1,-4,83
2748900,65,66,-3,86
2749410,80,84,9,77
2749920,91,0,-5,82
2750430,36,12,-3,85
2750940,66,7,9,76
2751450,67,19,-6,82
2751960,97,14,-1,83
2752470,58,26,1,82
2752980,88,21,3,79
2753490,16,16,-3,82
2754000,27,55,6,76
2754510,14,73,5,71
2755020,26,91,-7,78
2755530,37,7,-3,81
2756040,67,67,-4,85
2756550,82,85,6,79
2757060,93,1,-6,85
2757570,38,13,0,85
2758080,68,8,0,85
2758590,69,20,4,81
2759100,99,15,10,71
2759610,60,49,-12,83
2760120,75,67,3,80
2760630,90,85,-4,84
2761140,3,1,-1,85
2761650,14,50,6,79
2762160,26,68,2,77
2762670,38,86,-1,78
2763180,25,2,1,77
2763690,67,67,-8,85
2764200,82,85,6,79
2764710,97,1,-5,84
2765220,42,61,1,83
2765730,29,79,9,74
2766240,40,97,-7,81
2766750,51,13,0,81
2767260,81,8,-6,87
2767770,82,20,11,76
2768280,10,15,-11,87
2768790,21,54,5,82
2769300,33,72,3,79
2769810,20,90,4,75
2770320,31,6,-4,79
2770830,94,12,-9,88
2771340,58,46,4,84
2771850,79,6,0,84
2772360,80,18,3,81
2772870,21,13,7,74
2773380,51,89,-6,80
2773890,38,5,-2,82
2774400,68,65,-9,91
2774910,83,83,13,78
2775420,98,101,-5,83
2775930,7,17,8,75
2776440,18,56,6,69
2776950,30,74,-8,77
2777460,17,92,-1,78
2777970,29,8,-3,81
2778480,59,14,-3,84
2778990,0,9,-1,85
2779500,11,58,9,76
2780010,23,76,6,70
2780520,34,94,-18,88
2781030,45,10,3,85
2781540,75,70,7,78
2782050,90,88,-8,86
2782560,3,4,4,82
2783070,14,53,3,79
2783580,26,71,3,76
2784090,38,89,-3,79
2784600,25,5,-1,80
2785110,99,11,-1,81
2785620,100,45,6,75
2786130,28,97,-2,77
2786640,39,13,-6,83
2787150,69,8,2,81
2787660,70,0,1,80
2788170,71,60,-5,85
2788680,86,78,5,80
2789190,101,96,-1,81
2789700,22,12,6,75
2790210,52,88,-1,76
2790720,39,4,-7,83
2791230,69,64,1,82
2791740,84,82,2,80
2792250,99,100,-1,81
2792760,8,16,-7,88
2793270,3,48,14,74
2793780,50,66,-5,79
2794290,37,84,2,77
2794800,24,0,-2,79
2795310,66,65,-5,84
2795820,81,83,3,81
2796330,96,101,1,80
2796840,5,17,2,78
2797350,16,56,4,74
2797860,27,74,-2,76
2798370,39,92,2,74
2798880,26,8,-2,76
2799390,56,14,-6,82
2799900,99,74,-1,83
2800410,12,34,4,79
2800920,24,52,9,70
2801430,62,70,-13,83
2801940,73,88,2,81
2802450,21,4,0,81
2802960,22,53,7,74
2803470,33,71,-1,75
2803980,20,38,-1,76
2804490,31,56,-4,80
2805000,18,74,0,80
2805510,29,92,-1,81
2806020,40,8,5,76
2806530,70,68,-7,83
2807040,85,86,3,80
2807550,100,2,-9,89
2808060,45,14,7,82
2808570,88,74,-1,83
2809080,1,34,8,75
2809590,13,52,3,72
2810100,25,70,-2,74
2810610,37,88,-4,78
2811120,24,4,3,75
2811630,66,10,-8,83
2812140,7,22,8,75
2812650,19,40,-4,79
2813160,31,58,0,79
2813670,18,76,4,75
2814180,29,94,-2,77
2814690,40,10,-4,81
2815200,83,70,4,77
2815710,98,78,-1,78
2816220,11,38,2,76
2816730,23,56,2,74
2817240,35,74,-10,84
2817750,22,92,8,76
2818260,33,8,0,76
2818770,76,68,-5,81
2819280,91,76,-1,82
2819790,4,36,3,79
2820300,16,54,7,72
2820810,28,72,-5,77
2821320,40,90,-3,80
2821830,27,6,-2,82
2822340,90,12,-1,83
2822850,31,24,6,77
2823360,6,10,-1,78
2823870,98,49,3,75
2824380,26,101,-2,77
2824890,37,70,-2,79
2825400,24,88,4,75
2825910,35,75,-2,77
2826420,22,93,2,75
2826930,34,57,0,75
2827440,92,75,-1,76
2827950,5,83,3,73
2828460,32,47,0,73
2828970,19,65,-2,75
2829480,31,83,-4,79
2829990,18,101,-6,85
2830500,30,65,7,78
2831010,17,83,5,73
2831520,29,47,-6,79
2832030,16,65,-1,80
2832540,28,83,2,78
2833050,15,101,0,78
2833560,27,65,3,75
2834070,14,83,-5,80
2834580,26,47,6,74
2835090,13,65,-7,81
2835600,25,29,0,81
2836110,36,47,0,81
2836620,23,65,8,73
2837130,35,83,-7,80
2837640,22,47,14,66
2838150,9,65,-15,81
2838660,21,29,5,76
2839170,8,47,3,73
2839680,20,34,-7,80
2840190,21,52,0,80
2840700,33,70,3,77
2841210,20,94,0,77
2841720,32,58,0,77
2842230,19,76,6,71
2842740,30,40,-4,75
2843250,17,58,-3,78
2843760,29,76,2,76
2844270,16,94,3,73
2844780,43,58,-1,74
2845290,30,76,-1,75
2845800,17,40,-4,79
2846310,29,58,2,77
2846820,16,76,4,73
2847330,28,40,-4,77
2847840,15,58,1,76
2848350,27,22,-7,83
2848860,47,98,6,77
2849370,34,20,-8,85
2849880,64,96,6,79
2850390,51,92,0,79
2850900,38,14,-8,87
2851410,73,9,6,81
2851920,14,21,2,79
2852430,9,60,6,73
2852940,21,24,1,72
2853450,98,63,-5,77
2853960,26,23,0,77
2854470,46,99,-3,80
2854980,33,63,-6,86
2855490,83,87,1,85
2856000,98,95,7,78
2856510,11,29,3,75
2857020,23,68,-2,77
2857530,35,32,4,73
2858040,10,94,-13,86
2858550,37,58,13,73
2859060,24,48,-4,77
2859570,11,35,2,75
2860080,23,101,-3,78
2860590,8,65,1,77
2861100,20,29,3,74
2861610,31,68,-5,79
2862120,18,32,7,72
2862630,46,71,-9,81
2863140,33,95,2,79
2863650,20,59,4,75
2864160,32,22,-8,83
2864670,52,98,1,82
2865180,39,62,1,81
2865690,26,86,3,78
2866200,37,50,-2,80
2866710,24,60,1,79
2867220,36,24,5,74
2867730,51,100,-2,76
2868240,38,64,2,74
2868750,25,88,-6,80
2869260,36,52,3,77
2869770,23,76,9,68
2870280,34,40,-10,78
2870790,21,58,2,76
2871300,33,45,-1,77
2871810,20,55,0,77
2872320,32,73,-2,79
2872830,19,60,-4,83
2873340,31,29,10,73
2873850,6,53,-4,77
2874360,18,17,-4,81
2874870,38,56,5,76
2875380,25,66,-2,78
2875890,65,30,0,78
2876400,95,90,-3,81
2876910,43,98,4,77
2877420,30,62,0,77
2877930,17,49,1,76
2878440,29,36,1,75
2878950,52,75,-4,79
2879460,0,20,3,76
2879970,12,86,0,76
2880480,39,50,5,71
2880990,62,60,-12,83
2881500,77,5,10,73
2882010,78,17,-7,80
2882520,19,29,1,79
2883030,30,68,-1,80
2883540,31,55,3,77
2884050,81,79,-2,79
2884560,29,24,-1,80
2885070,49,30,1,79
2885580,10,38,4,75
2886090,22,25,-2,77
2886600,42,49,-2,79
2887110,29,59,-1,80
2887620,30,83,6,74
2888130,31,47,-8,82
2888640,81,57,0,82
2889150,22,65,8,74
2889660,33,52,-3,77
2890170,83,62,-3,80
2890680,24,22,0,80
2891190,44,61,1,79
2891700,31,9,1,78
2892210,65,15,-5,83
2892720,6,27,5,78
2893230,18,14,-6,84
2893740,38,63,6,78
2894250,88,8,-5,83
2894760,89,20,6,77
2895270,30,32,4,73
2895780,50,79,-7,80
2896290,100,24,0,80
2896800,41,36,4,76
2897310,56,83,-3,79
2897820,4,28,-2,81
2898330,16,94,3,78
2898840,43,58,6,72
2899350,93,3,-10,82
2899860,38,15,0,82
2900370,81,25,4,78
2900880,9,85,0,78
2901390,36,49,4,74
2901900,59,96,-4,78
2902410,7,41,-1,79
2902920,19,5,4,75
2903430,20,15,1,74
2903940,40,91,-2,76
2904450,80,55,-4,80
2904960,21,63,11,69
2905470,33,32,-13,82
2905980,8,38,10,72
2906490,20,35,-2,74
2907000,97,74,-4,78
2907510,10,82,4,74
2908020,37,46,-8,82
2908530,87,93,6,76
2909040,35,38,-6,82
2909550,55,85,-1,83
2910060,3,30,5,78
2910570,15,96,2,76
2911080,42,60,-1,77
2911590,92,70,-5,82
2912100,5,78,7,75
2912610,32,42,-7,82
2913120,82,89,-1,83
2913630,30,34,4,79
2914140,50,58,-4,83
2914650,100,3,1,82
2915160,45,15,-1,83
2915670,88,10,4,79
2916180,89,22,4,75
2916690,30,34,-6,81
2917200,72,58,2,79
2917710,13,3,0,79
2918220,14,52,5,74
2918730,26,39,-4,78
2919240,27,26,-2,80
2919750,47,73,8,72
2920260,97,18,-11,83
2920770,98,30,9,74
2921280,26,90,-1,75
2921790,27,54,-2,77
2922300,28,41,-2,79
2922810,29,88,3,76
2923320,30,52,-2,78
2923830,31,99,-1,79
2924340,32,63,4,75
2924850,33,50,-5,80
2925360,34,97,-4,84
2925870,35,61,7,77
2926380,36,6,-3,80
2926890,79,18,5,75
2927400,20,30,8,67
2927910,21,69,-9,76
2928420,23,56,-1,77
2928930,24,43,0,77
2929440,25,30,8,69
2929950,67,69,-15,84
2930460,82,14,5,79
2930970,23,26,1,78
2931480,43,65,1,77
2931990,93,26,-2,79
2932500,10,86,0,79
2933010,37,50,1,78
2933520,60,60,-4,82
2934030,75,5,0,82
2934540,76,17,5,77
2935050,17,29,4,73
2935560,28,68,-7,80
2936070,29,23,-1,81
2936580,49,29,-1,82
2937090,68,91,-5,87
2937600,16,36,11,76
2938110,23,75,-1,77
2938620,25,12,0,77
2939130,44,88,5,72
2939640,84,10,-12,84
2940150,85,22,12,72
2940660,26,34,-9,81
2941170,46,73,-2,83
2941680,96,21,4,79
2942190,37,33,0,79
2942700,57,39,-2,81
2943210,100,101,-4,85
2943720,21,46,16,69
2944230,6,43,-2,71
2944740,18,30,-12,83
2945250,29,69,1,82
2945760,69,93,-6,88
2946270,17,38,11,77
2946780,18,77,-1,78
2947290,29,64,-2,80
2947800,30,51,2,78
2948310,31,90,-3,81
2948820,32,27,12,69
2949330,52,33,-12,81
2949840,95,95,1,80
2950350,16,40,0,80
2950860,27,79,3,77
2951370,28,16,2,75
2951880,47,92,-6,81
2952390,87,26,10,71
2952900,4,86,-6,77
2953410,31,50,-3,80
2953920,81,89,2,78
2954430,29,34,2,76
2954940,49,13,-3,79
2955450,92,8,-5,84
2955960,93,20,3,81
2956470,25,32,6,75
2956980,45,71,-6,81
2957490,95,16,2,79
2958000,96,28,1,78
2958510,13,23,2,76
2959020,8,62,0,76
2959530,20,49,-1,77
2960040,5,88,-4,81
2960550,32,52,-1,82
2961060,82,91,5,77
2961570,30,70,-3,80
2962080,70,57,-2,82
2962590,11,65,8,74
2963100,23,29,-6,80
2963610,43,68,4,76
2964120,93,13,-9,85
2964630,94,25,13,72
2965140,26,20,-9,81
2965650,46,96,2,79
2966160,86,30,3,76
2966670,3,90,-4,80
2967180,30,54,2,78
2967690,31,93,1,77
2968200,71,30,2,75
2968710,101,90,-6,81
2969220,8,35,3,78
2969730,20,22,3,75
2970240,40,61,-5,80
2970750,90,6,3,77
2971260,91,18,-5,82
2971770,32,30,1,81
2972280,52,36,-4,85
2972790,67,42,2,83
2973300,8,50,10,73
2973810,20,37,-6,79
2974320,60,76,-4,83
2974830,8,21,4,79
2975340,20,60,4,75
2975850,32,99,-7,82
2976360,72,36,-1,83
2976870,13,96,3,80
2977380,40,60,1,79
2977890,90,5,-1,80
2978400,91,17,4,76
2978910,32,29,-6,82
2979420,52,68,-1,83
2979930,0,13,0,83
2980440,11,14,4,79
2980950,6,53,5,74
2981460,18,40,-1,75
2981970,81,79,-6,81
2982480,83,24,3,78
2982990,70,84,-6,84
2983500,18,63,6,78
2984010,30,0,3,75
2984520,31,61,-1,76
2985030,71,97,-8,84
2985540,19,42,13,71
2986050,59,94,-12,83
2986560,7,42,9,74
2987070,19,29,-4,78
2987580,39,68,-1,79
2988090,89,16,-2,81
2988600,90,28,4,77
2989110,7,88,-4,81
2989620,47,52,2,79
2990130,97,31,0,79
2990640,14,91,2,77
2991150,41,55,2,75
2991660,91,3,-8,83
2992170,92,15,1,82
2992680,93,27,7,75
2993190,25,87,-2,77
2993700,65,56,-11,88
2994210,80,1,10,78
2994720,81,13,-8,86
2995230,22,25,11,75
2995740,42,31,-4,79
2996250,57,37,-2,81
2996760,76,45,2,79
2997270,17,3,-7,86
2997780,18,52,13,73
2998290,30,91,-4,77
2998800,70,25,-5,82
2999310,11,85,6,76
2999820,38,49,-4,80
3000330,88,96,-4,84
3000840,36,41,6,78
3001350,59,88,-3,81
3001860,7,33,7,74
3002370,19,20,-4,78
3002880,39,26,-4,82
3003390,58,0,2,80
3003900,59,12,-1,81
3004410,0,72,-2,83
3004920,27,36,6,77
3005430,50,83,-4,81
3005940,100,31,7,74
3006450,32,91,-6,80
3006960,72,92,-7,87
3007470,20,37,12,75
3007980,60,76,-11,86
3008490,8,21,11,75
3009000,19,60,4,71
3009510,30,47,-6,77
3010020,80,94,0,77
3010530,28,39,-2,79
3011040,78,86,-7,86
3011550,26,31,14,72
3012060,46,78,-11,83
3012570,96,26,5,78
3013080,28,86,-4,82
3013590,47,87,3,79
3014100,97,35,6,73
3014610,25,87,-4,77
3015120,65,74,-3,80
3015630,13,19,2,78
3016140,8,58,10,68
3016650,48,45,-13,81
3017160,98,92,-1,82
3017670,5,37,10,72
3018180,17,24,-11,83
3018690,37,63,7,76
3019200,87,99,-9,85
3019710,35,44,6,79
3020220,58,91,-5,84
3020730,6,39,10,74
3021240,18,26,0,74
3021750,38,65,-11,85
3022260,88,13,1,84
3022770,89,92,5,79
3023280,37,37,0,79
3023790,57,84,1,78
3024300,5,32,-1,79
3024810,17,19,4,75
3025320,37,25,-7,82
3025830,52,101,1,81
3026340,92,35,4,77
3026850,20,87,1,76
3027360,60,74,-6,82
3027870,8,8,1,81
3028380,3,57,12,69
3028890,43,44,-10,79
3029400,93,91,-2,81
3029910,14,36,8,73
3030420,54,54,-7,80
3030930,2,101,-5,85
3031440,29,88,-5,90
3031950,69,22,10,80
3032460,10,82,0,80
3032970,50,69,0,80
3033480,100,17,0,80
3033990,101,46,4,76
3034500,29,98,1,75
3035010,39,32,-5,80
3035520,54,38,0,80
3036030,69,46,-4,84
3036540,84,54,0,84
3037050,99,62,6,78
3037560,6,70,1,77
3038070,46,28,0,77
3038580,55,36,-2,79
3039090,70,44,-5,84
3039600,89,52,4,80
3040110,6,10,-5,85
3040620,1,59,13,72
3041130,24,23,-2,74
3041640,44,29,-6,80
3042150,59,37,0,80
3042660,74,45,5,75
3043170,93,53,-1,76
3043680,0,61,3,73
3044190,23,67,-3,76
3044700,25,22,-4,80
3045210,45,28,3,77
3045720,54,36,-9,86
3046230,69,42,5,81
3046740,88,50,4,77
3047250,5,8,-6,83
3047760,0,57,8,75
3048270,23,63,-3,78
3048780,8,81,-1,79
3049290,48,68,3,76
3049800,98,16,-5,81
3050310,30,28,-3,84
3050820,50,34,9,75
3051330,69,42,-7,82
3051840,88,50,6,76
3052350,5,8,-7,83
3052860,33,57,12,71
3053370,83,5,-11,82
3053880,84,49,6,76
3054390,1,57,0,76
3054900,24,11,-3,79
3055410,43,17,4,75
3055920,62,77,-11,86
3056430,10,22,9,77
3056940,21,28,0,77
3057450,41,34,1,76
3057960,56,40,-9,85
3058470,71,46,5,80
3058980,90,54,3,77
3059490,99,57,4,73
3060000,6,65,-1,74
3060510,46,52,-8,82
3061020,96,99,2,80
3061530,17,44,7,73
3062040,57,62,-9,82
3062550,5,7,-1,83
3063060,0,56,9,74
3063570,23,20,2,72
3064080,43,26,-4,76
3064590,62,34,-6,82
3065100,81,42,9,73
3065610,100,94,-12,85
3066120,21,39,13,72
3066630,71,96,-7,79
3067140,19,41,6,73
3067650,4,59,-2,75
3068160,27,46,-6,81
3068670,77,1,3,78
3069180,78,45,-3,81
3069690,97,3,-2,83
3070200,98,47,14,69
3070710,26,99,-12,81
3071220,49,68,4,77
3071730,99,16,-3,80
3072240,31,60,-1,81
3072750,81,8,1,80
3073260,82,52,-3,83
3073770,97,60,10,73
3074280,4,68,-3,76
3074790,31,32,3,73
3075300,32,79,-6,79
3075810,72,34,1,78
3076320,91,86,-9,87
3076830,4,31,9,78
3077340,52,37,-3,81
3077850,67,45,2,79
3078360,82,53,5,74
3078870,91,61,-4,78
3079380,28,69,2,76
3079890,68,87,-2,78
3080400,16,32,3,75
3080910,27,50,-3,78
3081420,50,100,-1,79
3081930,91,48,3,76
3082440,19,100,-3,79
3082950,4,64,8,71
3083460,44,70,-8,79
3083970,94,35,4,75
3084480,22,87,-6,81
3084990,45,56,3,78
3085500,68,4,-2,80
3086010,69,8,1,79
3086520,70,52,-6,85
3087030,85,60,4,81
3087540,100,68,5,76
3088050,7,76,-4,80
3088560,34,40,1,79
3089070,57,43,-3,82
3089580,72,51,2,80
3090090,87,59,-1,81
3090600,0,67,3,78
3091110,27,31,9,69
3091620,50,37,-11,80
3092130,65,43,1,79
3092640,80,51,4,75
3093150,95,54,-1,76
3093660,2,62,3,73
3094170,29,49,-4,77
3094680,52,85,-5,82
3095190,0,33,4,78
3095700,48,84,0,78
3096210,98,32,1,77
3096720,26,84,-2,79
3097230,49,53,1,78
3097740,72,100,-7,85
3098250,20,48,5,80
3098760,5,66,0,80
3099270,45,75,-1,81
3099780,95,9,5,76
3100290,96,53,4,72
3100800,3,61,-1,73
3101310,30,48,-3,76
3101820,53,95,-2,78
3102330,1,43,3,75
3102840,13,80,1,74
3103350,40,49,-2,76
3103860,63,52,-7,83
3104370,78,60,-3,86
3104880,93,68,4,82
3105390,6,76,10,72
3105900,33,40,2,70
3106410,56,43,-11,81
3106920,71,51,2,79
3107430,86,59,1,78
3107940,95,67,0,78
3108450,2,75,-1,79
3108960,29,39,3,76
3109470,52,42,-5,81
3109980,67,50,-3,84
3110490,82,58,5,79
3111000,97,66,-4,83
3111510,4,74,6,77
3112020,31,38,8,69
3112530,54,85,-9,78
3113040,2,33,6,72
3113550,14,20,-7,79
3114060,34,59,0,79
3114570,84,95,-6,85
3115080,32,74,7,78
3115590,72,29,0,78
3116100,0,33,4,74
3116610,48,70,-1,75
3117120,98,18,-7,82
3117630,30,62,-2,84
3118140,53,10,10,74
3118650,54,54,-6,80
3119160,77,62,0,80
3119670,92,70,1,79
3120180,5,78,0,79
3120690,32,42,-5,84
3121200,55,45,4,80
3121710,70,53,-5,85
3122220,85,61,8,77
3122730,100,69,-3,80
3123240,7,77,0,80
3123750,34,64,1,79
3124260,84,12,-2,81
3124770,85,56,2,79
3125280,100,59,3,76
3125790,7,62,2,74
3126300,47,49,-5,79
3126810,70,96,-3,82
3127320,18,41,8,74
3127830,3,42,-1,75
3128340,15,79,1,74
3128850,0,66,-8,82
3129360,23,30,2,80
3129870,46,77,2,78
3130380,96,11,-3,81
3130890,97,55,-1,82
3131400,4,58,12,70
3131910,31,45,-7,77
3132420,54,92,-1,78
3132930,76,37,-2,80
3133440,95,89,-2,82
3133950,16,97,0,82
3134460,43,61,-3,85
3134970,93,60,9,76
3135480,0,68,-3,79
3135990,27,32,5,74
3136500,50,79,-7,81
3137010,100,24,9,72
3137520,32,68,-6,78
3138030,55,16,-5,83
3138540,98,60,9,74
3139050,5,63,-5,79
3139560,32,27,3,76
3140070,52,74,-3,79
3140580,0,19,2,77
3141090,48,20,-1,78
3141600,78,64,-12,90
3142110,93,72,15,75
3142620,6,80,-3,78
3143130,33,44,2,76
3143640,56,91,-1,77
3144150,4,36,5,72
3144660,16,73,0,72
3145170,1,8,-8,80
3145680,12,57,12,68
3146190,99,94,-11,79
3146700,20,0,3,76
3147210,21,49,3,73
3147720,6,96,-10,83
3148230,33,60,8,75
3148740,83,5,0,75
3149250,84,49,-8,83
3149760,1,52,11,72
3150270,24,16,-10,82
3150780,44,92,4,78
3151290,84,56,-2,80
3151800,99,64,-5,85
3152310,6,67,14,71
3152820,46,31,-5,76
3153330,61,5,-4,80
3153840,62,49,0,80
3154350,77,57,1,79
3154860,92,65,4,75
3155370,101,73,-6,81
3155880,14,81,5,76
3156390,101,45,3,73
3156900,29,97,-6,79
3157410,52,61,5,74
3157920,75,6,3,71
3158430,76,50,-11,82
3158940,65,58,-4,86
3159450,80,66,2,84
3159960,95,74,9,75
3160470,8,82,3,72
3160980,35,46,-1,73
3161490,58,93,-9,82
3162000,6,38,3,79
3162510,18,75,4,75
3163020,3,24,-1,76
3163530,51,90,-1,77
3164040,101,54,4,73
3164550,8,62,4,69
3165060,95,26,-6,75
3165570,27,70,1,74
3166080,67,34,-8,82
3166590,86,42,5,77
3167100,14,94,0,77
3167610,41,58,-2,79
3168120,64,57,-1,80
3168630,79,65,-5,85
3169140,94,73,6,79
3169650,7,81,-2,81
3170160,34,45,6,75
3170670,57,92,-5,80
3171180,5,37,4,76
3171690,53,24,-1,77
3172200,96,32,1,76
3172710,28,84,-3,79
3173220,51,48,0,79
3173730,74,56,-4,83
3174240,89,64,2,81
3174750,2,72,9,72
3175260,29,36,-3,75
3175770,52,83,-3,78
3176280,0,47,0,78
3176790,48,11,-7,85
3177300,82,55,7,78
3177810,97,63,2,76
3178320,4,71,0,76
3178830,31,35,-5,81
3179340,54,41,3,78
3179850,69,49,-10,88
3180360,84,57,6,82
3180870,99,60,3,79
3181380,6,63,6,73
3181890,46,27,-10,83
3182400,65,35,3,80
3182910,84,43,6,74
3183420,1,95,-11,85
3183930,28,59,9,76
3184440,78,4,-3,79
3184950,79,48,2,77
3185460,88,51,1,76
3185970,5,54,-1,77
3186480,45,18,-4,81
3186990,88,62,1,80
3187500,1,65,8,72
3188010,28,29,-1,73
3188520,51,76,-7,80
3189030,50,21,-7,87
3189540,93,29,14,73
3190050,25,73,3,70
3190560,48,37,-13,83
3191070,63,43,0,83
3191580,78,51,8,75
3192090,93,54,2,73
3192600,0,57,-1,74
3193110,23,21,-4,78
3193620,43,27,-3,81
3194130,58,1,1,80
3194640,59,45,-2,82
3195150,74,53,-1,83
3195660,89,56,9,74
3196170,98,59,-1,75
3196680,5,84,1,74
3197190,32,48,-3,77
3197700,55,38,-4,81
3198210,70,46,-3,84
3198720,11,49,11,73
3199230,98,86,-13,86
3199740,19,94,11,75
3200250,4,58,0,75
3200760,31,22,-2,77
3201270,46,98,-3,80
3201780,86,62,-5,85
3202290,101,65,9,76
3202800,8,68,-3,79
3203310,35,32,3,76
3203820,58,67,-1,77
3204330,6,12,-3,80
3204840,1,51,1,79
3205350,24,15,0,79
3205860,44,91,-1,80
3206370,84,55,2,78
3206880,99,58,7,71
3207390,6,61,-1,72
3207900,33,25,-2,74
3208410,48,31,-4,78
3208920,63,39,-9,87
3209430,4,47,9,78
3209940,67,11,-2,80
3210450,8,55,4,76
3210960,48,92,0,76
3211470,71,56,-10,86
3211980,86,64,5,81
3212490,101,72,5,76
3213000,8,80,-1,77
3213510,35,44,-3,80
3214020,58,47,2,78
3214530,73,55,-6,84
3215040,88,63,3,81
3215550,1,66,8,73
3216060,28,30,-1,74
3216570,51,33,-2,76
3217080,66,41,-6,82
3217590,7,44,8,74
3218100,47,81,-2,76
3218610,70,84,-1,77
3219120,18,29,-3,80
3219630,13,35,5,75
3220140,76,74,-2,77
3220650,99,82,0,77
3221160,6,90,-1,78
3221670,33,54,-4,82
3222180,56,53,-1,83
3222690,79,61,0,83
3223200,94,69,2,81
3223710,1,72,6,75
3224220,28,36,-1,76
3224730,51,39,-2,78
3225240,66,47,-4,82
3225750,81,50,7,75
3226260,96,53,0,75
3226770,3,61,2,73
3227280,26,25,-7,80
3227790,1,31,5,75
3228300,49,97,-5,80
3228810,72,31,0,80
3229320,13,34,6,74
3229830,76,73,-8,82
3230340,99,81,5,77
3230850,6,89,-4,81
3231360,33,53,2,79
3231870,56,56,-3,82
3232380,79,64,5,77
3232890,94,72,-2,79
3233400,7,80,2,77
3233910,47,44,2,75
3234420,70,52,-11,86
3234930,85,55,6,80
3235440,100,58,9,71
3235950,7,61,-4,75
3236460,47,25,-11,86
3236970,66,33,7,79
3237480,7,36,2,77
3237990,19,42,3,74
3238500,42,81,-7,81
3239010,65,27,-1,82
3239520,6,71,3,79
3240030,33,35,1,78
3240540,56,96,-1,79
3241050,79,99,-7,86
3241560,58,44,1,85
3242070,73,47,-1,86
3242580,88,50,8,78
3243090,1,53,-2,80
3243600,24,17,-8,88
3244110,56,93,11,77
3244620,79,96,-4,81
3245130,27,41,9,72
3245640,50,44,-5,77
3246150,73,52,-2,79
3246660,88,55,9,70
3247170,97,58,-9,79
3247680,4,61,4,75
3248190,27,25,-6,81
3248700,47,31,1,80
3249210,62,37,-1,81
3249720,3,40,2,79
3250230,51,77,-1,80
3250740,101,80,-1,81
3251250,8,88,1,80
3251760,35,52,5,75
3252270,58,55,-9,84
3252780,81,63,5,79
3253290,96,71,4,75
3253800,3,79,1,74
3254310,30,43,0,74
3254820,53,46,-4,78
3255330,76,54,-4,82
3255840,91,57,4,78
3256350,100,60,3,75
3256860,7,88,-6,81
3257370,47,52,5,76
3257880,70,55,-10,86
3258390,85,61,8,78
3258900,100,64,2,76
3259410,7,67,4,72
3259920,47,31,-12,84
3260430,62,37,1,83
3260940,77,40,7,76
3261450,96,43,-3,79
3261960,28,95,1,78
3262470,51,32,-3,81
3262980,66,40,2,79
3263490,81,54,2,77
3264000,96,57,2,75
3264510,3,60,1,74
3265020,43,24,-2,76
3265530,52,32,-8,84
3266040,67,40,0,84
3266550,86,43,9,75
3267060,3,95,-12,87
3267570,30,59,6,81
3268080,53,98,-3,84
3268590,76,32,6,78
3269100,95,35,2,76
3269610,27,87,-1,77
3270120,50,24,-5,82
3270630,59,68,0,82
3271140,82,4,-1,83
3271650,83,48,6,77
3272160,92,51,3,74
3272670,101,54,1,73
3273180,8,57,0,73
3273690,48,63,-4,77
3274200,71,66,-6,83
3274710,94,11,4,79
3275220,95,55,3,76
3275730,2,58,5,71
3276240,25,22,-4,75
3276750,45,28,-4,79
3277260,54,36,-1,80
3277770,69,39,-4,84
3278280,10,42,16,68
3278790,22,81,-8,76
3279300,45,18,-1,77
3279810,79,62,-1,78
3280320,94,70,4,74
3280830,1,73,-3,77
3281340,28,37,3,74
3281850,51,76,-1,75
3282360,74,79,-13,88
3282870,97,24,9,79
3283380,29,68,5,74
3283890,52,5,-9,83
3284400,53,49,5,78
3284910,76,96,-3,81
3285420,99,41,7,74
3285930,31,93,-5,79
3286440,54,30,-6,85
3286950,69,38,1,84
3287460,88,41,7,77
3287970,5,93,-6,83
3288480,32,57,-1,84
3288990,55,96,4,80
3289500,78,33,4,76
3290010,97,85,-9,85
3290520,18,93,11,74
3291030,41,57,0,74
3291540,64,60,-5,79
3292050,87,68,5,74
3292560,0,76,-3,77
3293070,27,40,0,77
3293580,50,79,-1,78
3294090,73,82,-4,82
3294600,96,18,3,79
3295110,28,62,-1,80
3295620,51,101,7,73
3296130,74,5,-12,85
3296640,75,49,7,78
3297150,90,52,0,78
3297660,99,55,3,75
3298170,6,5,-7,82
3298680,1,44,7,75
3299190,64,50,-10,85
3299700,79,56,3,82
3300210,94,59,-2,84
3300720,1,62,3,81
3301230,28,26,7,74
3301740,51,32,-4,78
3302250,60,40,-7,85
3302760,75,43,6,79
3303270,94,46,5,74
3303780,1,98,-5,79
3304290,28,62,2,77
3304800,51,101,-5,82
3305310,74,38,6,76
3305820,83,41,-1,77
3306330,71,93,-10,87
3306840,19,92,12,75
3307350,42,29,-7,82
3307860,57,35,1,81
3308370,72,38,4,77
3308880,81,41,-3,80
3309390,90,44,6,74
3309900,99,96,-3,77
3310410,20,2,-4,81
3310920,77,51,3,78
3311430,86,54,-1,79
3311940,95,57,3,76
3312450,2,60,5,71
3312960,29,66,-13,84
3313470,52,3,2,82
3313980,53,47,6,76
3314490,76,53,-3,79
3315000,91,56,-2,81
3315510,100,59,11,70
3316020,7,67,-1,71
3316530,34,73,-6,77
3317040,90,10,-2,79
3317550,91,54,3,76
3318060,100,57,0,76
3318570,7,101,-8,84
3319080,34,65,0,84
3319590,84,2,9,75
3320100,16,46,3,72
3320610,1,85,-12,84
3321120,28,49,2,82
3321630,51,88,2,80
3322140,101,25,-1,81
3322650,33,69,6,75
3323160,56,6,-1,76
3323670,90,50,-1,77
3324180,99,0,-17,94
3324690,31,44,20,74
3325200,54,43,-10,84
3325710,69,22,4,80
3326220,10,66,4,76
3326730,37,35,-4,80
3327240,60,41,-10,90
3327750,75,47,13,77
3328260,90,50,-1,78
3328770,99,0,-13,91
3329280,31,44,8,83
3329790,54,83,-1,84
3330300,2,82,5,79
3330810,29,46,0,79
3331320,52,45,-5,84
3331830,75,51,0,84
3332340,90,54,4,80
3332850,99,57,3,77
3333360,6,101,-2,79
3333870,33,65,-2,81
3334380,56,101,2,79
3334890,79,5,1,78
3335400,80,49,3,75
3335910,89,52,-2,77
3336420,98,55,3,74
3336930,5,5,-8,82
3337440,0,44,13,69
3337950,46,81,-16,85
3338460,69,80,-1,86
3338970,92,59,7,79
3339480,101,62,4,75
3339990,8,65,-1,76
3340500,48,71,-2,78
3341010,71,70,0,78
3341520,94,49,2,76
3342030,1,101,-8,84
3342540,28,65,9,75
3343050,51,78,1,74
3343560,74,77,-12,86
3344070,97,56,13,73
3344580,4,100,-6,79
3345090,31,64,1,78
3345600,54,100,-3,81
3346110,77,34,0,81
3346620,18,86,8,73
3347130,41,55,-7,80
3347640,64,54,-1,81
3348150,87,33,7,74
3348660,19,85,2,72
3349170,42,54,-11,83
3349680,65,33,0,83
3350190,6,36,11,72
3350700,18,73,-3,75
3351210,41,10,-9,84
3351720,75,22,10,74
3352230,7,66,2,72
3352740,47,35,-5,77
3353250,62,41,-5,82
3353760,77,49,4,78
3354270,86,52,1,77
3354780,95,55,-1,78
3355290,2,58,2,76
3355800,65,22,-5,81
3356310,6,66,7,74
3356820,46,35,-8,82
3357330,61,41,-7,89
3357840,76,49,9,80
3358350,91,52,1,79
3358860,100,55,5,74
3359370,7,5,-13,87
3359880,2,54,14,73
3360390,65,23,-9,82
3360900,6,67,9,73
3361410,46,23,-6,79
3361920,55,31,-2,81
3362430,70,39,-3,84
3362940,85,47,10,74
3363450,94,55,-7,81
3363960,1,58,9,72
3364470,64,22,-7,79
3364980,98,66,-1,80
3365490,5,74,3,77
3366000,32,38,-8,85
3366510,55,44,0,85
3367020,70,52,3,82
3367530,85,60,0,82
3368040,100,68,3,79
3368550,7,76,3,76
3369060,47,40,1,75
3369570,70,48,-3,78
3370080,85,56,-6,84
3370590,100,59,9,75
3371100,7,67,4,71
3371610,47,36,-8,79
3372120,62,42,-1,80
3372630,77,50,-1,81
3373140,92,3,-4,85
3373650,93,47,13,72
3374160,0,99,-13,85
3374670,27,63,6,79
3375180,50,99,4,75
3375690,73,33,-4,79
3376200,14,85,8,71
3376710,101,54,0,71
3377220,8,4,-11,82
3377730,3,53,5,77
3378240,15,22,-2,79
3378750,10,61,5,74
3379260,97,98,-7,81
3379770,18,77,7,74
3380280,3,26,3,71
3380790,51,63,-9,80
3381300,74,42,7,73
3381810,83,50,-6,79
3382320,92,58,5,74
3382830,101,66,-3,77
3383340,8,74,2,75
3383850,48,43,-5,80
3384360,71,22,-5,85
3384870,12,66,12,73
3385380,52,35,-5,78
3385890,67,43,0,78
3386400,82,51,-5,83
3386910,97,54,9,74
3387420,4,4,-10,84
3387930,101,30,7,77
3388440,33,74,-1,78
3388950,56,8,-4,82
3389460,57,52,0,82
3389970,80,31,11,71
3390480,12,83,-4,75
3390990,52,78,-5,80
3391500,0,24,3,77
3392010,48,25,3,74
3392520,57,33,-8,82
3393030,72,41,-4,86
3393540,87,49,8,78
3394050,96,101,-6,84
3394560,17,80,8,76
3395070,2,49,5,71
3395580,14,86,-2,73
3396090,54,55,-6,79
3396600,77,63,-3,82
3397110,92,71,3,79
3397620,101,50,8,71
3398130,8,0,-9,80
3398640,3,49,8,72
3399150,15,86,1,71
3399660,0,50,-4,75
3400170,12,87,-2,77
3400680,52,51,-5,82
3401190,75,59,1,81
3401700,90,38,5,76
3402210,22,90,1,75
3402720,45,39,-3,78
3403230,68,18,-1,79
3403740,9,62,6,73
3404250,49,31,-1,74
3404760,64,39,-9,83
3405270,79,47,5,78
3405780,88,50,1,77
3406290,97,94,-4,81
3406800,18,0,1,80
3407310,75,49,-1,81
3407820,90,57,0,81
3408330,3,69,3,78
3408840,23,33,3,75
3409350,18,32,-6,81
3409860,13,56,7,74
3410370,24,93,1,73
3410880,47,62,-4,77
3411390,70,61,-7,84
3411900,85,40,9,75
3412410,94,92,-15,90
3412920,15,100,14,76
3413430,0,64,1,75
3413940,29,28,-4,79
3414450,49,34,2,77
3414960,64,42,-5,82
3415470,79,50,3,79
3415980,94,53,0,79
3416490,1,97,-8,87
3417000,28,61,3,84
3417510,51,85,1,83
3418020,101,84,-7,90
3418530,14,63,24,66
3419040,25,12,-8,74
3419550,52,61,-5,79
3420060,75,40,0,79
3420570,16,92,2,77
3421080,1,56,1,76
3421590,47,20,-7,83
3422100,81,6,-1,84
3422610,82,18,11,73
3423120,14,30,-10,83
3423630,9,54,6,77
3424140,21,41,6,71
3424650,44,40,-3,74
3425160,67,19,-9,83
3425670,8,63,11,72
3426180,95,12,-10,82
3426690,27,24,2,80
3427200,47,30,0,80
3427710,62,38,1,79
3428220,77,43,1,78
3428730,18,46,1,77
3429240,41,47,-2,79
3429750,64,26,-4,83
3430260,98,70,8,75
3430770,5,49,5,70
3431280,17,100,-6,76
3431790,2,64,1,75
3432300,98,28,-3,78
3432810,30,40,-1,79
3433320,25,88,0,79
3433830,48,37,-2,81
3434340,63,43,5,76
3434850,78,46,0,76
3435360,93,49,-2,78
3435870,0,101,-13,91
3436380,87,65,13,78
3436890,0,44,3,75
3437400,12,81,2,73
3437910,99,45,0,73
3438420,31,97,-8,81
3438930,54,46,4,77
3439440,69,25,-3,80
3439950,1,69,-1,81
3440460,97,33,4,77
3440970,29,85,1,76
3441480,52,34,-12,88
3441990,67,42,1,87
3442500,82,45,15,72
3443010,91,48,-6,78
3443520,100,100,-5,83
3444030,21,79,4,79
3444540,44,80,-4,83
3445050,67,79,1,82
3445560,90,58,10,72
3446070,99,61,-2,74
3446580,6,64,-5,79
3447090,18,13,5,74
3447600,38,89,-4,78
3448110,61,11,-7,85
3448620,95,23,3,82
3449130,27,35,13,69
3449640,50,36,-8,77
3450150,65,15,-5,82
3450660,6,27,1,81
3451170,18,28,3,78
3451680,13,52,5,73
3452190,24,53,-9,82
3452700,47,54,10,72
3453210,70,33,-12,84
3453720,11,36,-1,85
3454230,23,37,10,75
3454740,18,38,-1,76
3455250,13,39,2,74
3455760,24,40,-4,78
3456270,19,41,3,75
3456780,14,42,-6,81
3457290,25,43,5,76
3457800,48,44,1,75
3458310,71,23,-1,76
3458820,3,35,-5,81
3459330,15,36,4,77
3459840,10,37,-1,78
3460350,22,38,-2,80
3460860,17,39,8,72
3461370,12,40,0,72
3461880,23,41,-1,73
3462390,18,42,-1,74
3462900,17,43,-1,75
3463410,28,44,-2,77
3463920,51,45,1,76
3464430,66,24,1,75
3464940,100,76,-3,78
3465450,7,55,6,72
3465960,19,24,-2,74
3466470,39,23,-7,81
3466980,17,58,4,77
3467490,28,59,-3,80
3468000,51,60,3,77
3468510,74,39,-4,81
3469020,89,42,9,72
3469530,21,94,-7,79
3470040,6,95,-8,87
3470550,0,59,12,75
3471060,96,23,-5,80
3471570,28,50,-3,83
3472080,51,51,4,79
3472590,74,30,-1,80
3473100,6,82,3,77
3473610,52,46,2,75
3474120,75,25,0,75
3474630,7,77,-2,77
3475140,47,64,-4,81
3475650,51,10,1,80
3476160,85,22,0,80
3476670,17,34,0,80
3477180,12,35,4,76
3477690,23,36,-2,78
3478200,18,37,7,71
3478710,17,38,-7,78
3479220,28,39,2,76
3479730,23,87,-2,78
3480240,46,88,5,73
3480750,69,34,-13,86
3481260,10,37,12,74
3481770,22,38,4,70
3482280,45,39,-7,77
3482790,65,18,-4,81
3483300,99,30,4,77
3483810,75,42,-8,85
3484320,90,45,12,73
3484830,22,97,-4,77
3485340,33,98,0,77
3485850,34,99,-4,81
3486360,35,100,-1,82
3486870,36,101,6,76
3487380,37,0,-5,81
3487890,71,29,2,79
3488400,3,32,4,75
3488910,15,33,-9,84
3489420,10,34,6,78
3489930,21,35,2,76
3490440,16,36,-2,78
3490950,27,37,2,76
3491460,50,38,0,76
3491970,65,73,-11,87
3492480,88,52,9,78
3492990,1,55,10,68
3493500,13,4,-11,79
3494010,8,53,2,77
3494520,20,40,0,77
3495030,15,41,-2,79
3495540,26,42,7,72
3496050,49,43,-3,75
3496560,72,78,-11,86
3497070,95,57,13,73
3497580,2,60,-4,77
3498090,14,61,4,73
3498600,25,62,-2,75
3499110,24,63,-5,80
3499620,23,64,3,77
3500130,34,65,3,74
3500640,57,13,-9,83
3501150,91,25,6,77
3501660,55,37,-7,84
3502170,70,40,4,80
3502680,85,43,0,80
3503190,2,46,9,71
3503700,14,83,-3,74
3504210,22,70,1,73
3504720,33,71,-5,78
3505230,32,5,-8,86
3505740,66,17,7,79
3506250,100,29,-1,80
3506760,32,41,-5,85
3507270,27,44,10,75
3507780,22,43,-6,81
3508290,21,44,8,73
3508800,20,45,-11,84
3509310,21,46,7,77
3509820,20,47,4,73
3510330,31,48,-3,76
3510840,30,49,-3,79
3511350,29,50,1,78
3511860,28,51,0,78
3512370,27,52,1,77
3512880,26,53,-9,86
3513390,25,54,8,78
3513900,24,55,-1,79
3514410,23,56,5,74
3514920,24,57,0,74
3515430,23,58,-3,77
3515940,22,59,1,76
3516450,33,60,-5,81
3516960,32,61,2,79
3517470,31,9,-4,83
3517980,65,21,3,80
3518490,99,33,8,72
3519000,31,36,-11,83
3519510,51,39,4,79
3520020,66,42,-4,83
3520530,81,45,2,81
3521040,96,48,7,74
3521550,28,51,-9,83
3522060,27,52,7,76
3522570,26,53,2,74
3523080,25,54,1,73
3523590,26,55,-5,78
3524100,25,56,-5,83
3524610,24,57,3,80
3525120,23,2,0,80
3525630,57,26,0,80
3526140,91,12,-4,84
3526650,23,24,9,75
3527160,18,63,3,72
3527670,29,64,-8,80
3528180,28,65,4,76
3528690,29,66,-5,81
3529200,28,67,8,73
3529710,27,68,-4,77
3530220,26,69,4,73
3530730,27,70,-1,74
3531240,28,71,-6,80
3531750,27,72,4,76
3532260,26,73,-2,78
3532770,25,74,6,72
3533280,36,75,-9,81
3533790,91,76,-1,82
3534300,4,57,3,79
3534810,16,70,7,72
3535320,27,71,-2,74
3535830,26,72,-5,79
3536340,25,73,1,78
3536850,36,74,4,74
3537360,35,22,-1,75
3537870,54,8,-5,80
3538380,88,20,0,80
3538890,20,32,7,73
3539400,15,33,1,72
3539910,10,34,-2,74
3540420,21,35,-1,75
3540930,16,36,3,72
3541440,15,37,1,71
3541950,14,38,-8,79
3542460,25,39,-1,80
3542970,20,40,11,69
3543480,19,41,-4,73
3543990,18,42,-4,77
3544500,17,43,8,69
3545010,16,44,-7,76
3545520,27,45,-2,78
3546030,26,46,-1,79
3546540,25,47,6,73
3547050,24,48,0,73
3547560,23,49,1,72
3548070,22,99,-7,79
3548580,33,100,-3,82
3549090,34,101,4,78
3549600,35,0,-4,82
3550110,69,29,2,80
3550620,15,32,2,78
3551130,10,33,7,71
3551640,22,34,-6,77
3552150,17,35,3,74
3552660,16,36,0,74
3553170,11,37,1,73
3553680,23,38,-1,74
3554190,18,39,-3,77
3554700,17,40,-2,79
3555210,28,41,3,76
3555720,64,42,-9,85
3556230,88,45,7,78
3556740,20,97,0,78
3557250,28,98,0,78
3557760,29,35,1,77
3558270,49,36,-5,82
3558780,64,22,7,75
3559290,98,8,-8,83
3559800,30,20,1,82
3560310,91,6,-2,84
3560820,23,18,6,78
3561330,18,94,2,76
3561840,26,28,-5,81
3562350,46,29,1,80
3562860,66,15,-1,81
3563370,100,27,5,76
3563880,43,39,-2,78
3564390,63,40,-7,85
3564900,99,43,12,73
3565410,31,95,-7,80
3565920,42,96,6,74
3566430,78,97,-5,79
3566940,3,25,4,75
3567450,15,26,2,73
3567960,10,65,1,72
3568470,22,66,-4,76
3568980,33,67,2,74
3569490,32,68,-8,82
3570000,31,69,0,82
3570510,30,70,2,80
3571020,29,12,5,75
3571530,63,100,-11,86
3572040,11,48,9,77
3572550,23,49,4,73
3573060,22,50,-6,79
3573570,21,51,4,75
3574080,20,52,-4,79
3574590,19,53,3,76
3575100,18,54,3,73
3575610,29,55,-2,75
3576120,28,97,-5,80
3576630,27,98,2,78
3577140,26,99,-2,80
3577650,37,100,3,77
3578160,36,101,0,77
3578670,47,0,-4,81
3579180,81,12,8,73
3579690,13,24,-2,75
3580200,8,63,1,74
3580710,20,100,1,73
3581220,31,101,-5,78
3581730,42,0,-1,79
3582240,76,12,-2,81
3582750,8,24,4,77
3583260,3,25,0,77
3583770,15,26,-3,80
3584280,10,65,11,69
3584790,22,66,-13,82
3585300,33,67,-2,84
3585810,32,68,5,79
3586320,68,69,-5,84
3586830,83,99,4,80
3587340,8,27,2,78
3587850,20,28,0,78
3588360,15,29,0,78
3588870,10,30,5,73
3589380,21,31,-3,76
3589890,16,32,5,71
3590400,11,33,-3,74
3590910,23,34,-3,77
3591420,18,35,4,73
3591930,13,36,3,70
3592440,24,37,-13,83
3592950,19,38,9,74
3593460,18,39,3,71
3593970,17,63,-3,74
3594480,28,64,-5,79
3594990,27,65,-1,80
3595500,26,66,9,71
3596010,27,67,-4,75
3596520,26,68,-2,77
3597030,25,69,-3,80
3597540,36,70,-4,84
3598050,72,18,3,81
3598560,4,30,4,77
3599070,16,67,0,77
3599580,27,68,1,76
3600090,26,69,-2,78
3600600,25,70,2,76
3601110,24,71,-4,80
3601620,35,72,6,74
3602130,62,20,-5,79
3602640,96,6,-1,80
3603150,28,18,0,80
3603660,48,94,-1,81
3604170,81,42,0,81
3604680,96,45,4,77
3605190,28,97,-1,78
3605700,29,98,1,77
3606210,30,99,-2,79
3606720,31,100,-6,85
3607230,32,101,1,84
3607740,33,0,7,77
3608250,67,29,-7,84
3608760,86,32,7,77
3609270,18,35,1,76
3609780,17,36,-10,86
3610290,12,37,7,79
3610800,24,38,-3,82
3611310,19,39,9,73
3611820,18,40,1,72
3612330,29,41,-4,76
3612840,24,42,-3,79
3613350,22,43,1,78
3613860,21,44,7,71
3614370,20,45,-3,74
3614880,19,46,5,69
3615390,18,23,-10,79
3615900,13,62,6,73
3616410,25,99,-3,76
3616920,36,100,-7,83
3617430,37,101,1,82
3617940,38,0,1,81
3618450,72,29,3,78
3618960,4,32,1,77
3619470,16,33,3,74
3619980,11,34,3,71
3620490,23,35,4,67
3621000,18,36,-3,70
3621510,13,37,-9,79
3622020,24,38,-1,80
3622530,23,39,5,75
3623040,56,40,-9,84
3623550,71,43,3,81
3624060,86,46,3,78
3624570,101,49,2,76
3625080,33,101,-7,83
3625590,34,0,3,80
3626100,68,29,1,79
3626610,87,32,2,77
3627120,19,74,2,75
3627630,30,75,0,75
3628140,31,99,-4,79
3628650,32,100,-2,81
3629160,33,101,5,76
3629670,34,0,-4,80
3630180,68,29,-1,81
3630690,87,32,14,67
3631200,19,84,-10,77
3631710,30,19,-3,80
3632220,9,95,3,77
3632730,36,59,1,76
3633240,86,7,-5,81
3633750,87,19,4,77
3634260,19,31,1,76
3634770,14,32,0,76
3635280,9,33,2,74
3635790,21,34,-2,76
3636300,16,35,1,75
3636810,11,36,-3,78
3637320,23,37,4,74
3637830,18,38,-2,76
3638340,53,11,-2,78
3638850,87,55,-4,82
3639360,0,58,8,74
3639870,12,22,1,73
3640380,7,61,-1,74
3640890,19,98,-6,80
3641400,31,62,-4,84
3641910,81,10,5,79
3642420,58,22,-4,83
3642930,92,66,-1,84
3643440,5,69,14,70
3643950,32,4,-11,81
3644460,66,33,-1,82
3644970,81,36,9,73
3645480,13,88,-3,76
3645990,40,52,-4,80
3646500,74,82,0,80
3647010,89,10,-3,83
3647520,21,22,4,79
3648030,16,61,9,70
3648540,27,98,-3,73
3649050,38,99,-8,81
3649560,39,100,-3,84
3650070,40,22,6,78
3650580,74,8,-2,80
3651090,75,20,0,80
3651600,7,64,7,73
3652110,19,101,-3,76
3652620,31,65,1,75
3653130,81,13,-5,80
3653640,13,25,-5,85
3654150,8,64,9,76
3654660,20,101,-3,79
3655170,32,65,5,74
3655680,82,13,-7,81
3656190,14,25,4,77
3656700,9,64,6,71
3657210,21,15,-6,77
3657720,16,54,-3,80
3658230,28,55,-4,84
3658740,78,56,5,79
3659250,93,59,4,75
3659760,0,62,-1,76
3660270,27,26,-2,78
3660780,22,0,-1,79
3661290,71,24,-3,82
3661800,3,68,9,73
3662310,30,3,-15,88
3662820,64,32,9,79
3663330,30,35,-2,81
3663840,72,36,-1,82
3664350,87,39,3,79
3664860,19,91,0,79
3665370,31,55,2,77
3665880,81,56,0,77
3666390,96,59,3,74
3666900,3,62,-4,78
3667410,15,26,-1,79
3667920,10,65,4,75
3668430,22,0,-7,82
3668940,56,29,7,75
3669450,71,32,-5,80
3669960,90,35,8,72
3670470,22,87,-4,76
3670980,33,24,2,74
3671490,48,72,-2,76
3672000,98,20,-6,82
3672510,30,32,5,77
3673020,25,80,-3,80
3673530,100,17,5,75
3674040,32,29,-3,78
3674550,47,77,1,77
3675060,97,25,1,76
3675570,29,37,2,74
3676080,24,76,-3,77
3676590,35,13,-3,80
3677100,69,42,0,80
3677610,84,45,3,77
3678120,99,48,3,74
3678630,31,100,-6,80
3679140,32,37,9,71
3679650,74,76,-12,83
3680160,89,4,0,83
3680670,21,16,2,81
3681180,16,55,10,71
3681690,28,94,-3,74
3682200,29,31,1,73
3682710,24,79,-5,78
3683220,25,16,1,77
3683730,20,55,7,70
3684240,32,94,-10,80
3684750,33,31,3,77
3685260,48,5,-3,80
3685770,82,17,3,77
3686280,14,29,-2,79
3686790,9,68,4,75
3687300,21,32,4,71
3687810,16,71,-4,75
3688320,28,8,-2,77
3688830,62,37,-6,83
3689340,77,40,9,74
3689850,96,43,-4,78
3690360,28,95,-1,79
3690870,29,32,3,76
3691380,24,71,1,75
3691890,36,8,-8,83
3692400,70,37,-3,86
3692910,85,40,9,77
3693420,17,92,-3,80
3693930,29,56,-3,83
3694440,79,95,-3,86
3694950,27,23,8,78
3695460,22,62,2,76
3695970,23,101,1,75
3696480,35,38,-8,83
3696990,30,77,8,75
3697500,31,14,-1,76
3698010,43,0,-7,83
3698520,77,29,5,78
3699030,9,81,1,77
3699540,36,45,5,72
3700050,63,84,-10,82
3700560,11,21,5,77
3701070,6,60,4,73
3701580,18,97,-9,82
3702090,30,61,9,73
3702600,80,100,-12,85
3703110,28,28,1,84
3703620,23,67,9,75
3704130,35,4,-6,81
3704640,69,33,-2,83
3705150,88,36,8,75
3705660,20,88,-1,76
3706170,31,25,-2,78
3706680,46,64,-2,80
3707190,96,1,-4,84
3707700,28,45,11,73
3708210,78,84,-8,81
3708720,93,12,1,80
3709230,25,24,4,76
3709740,20,63,4,72
3710250,32,0,-8,80
3710760,66,29,-3,83
3711270,85,32,7,76
3711780,17,84,-5,81
3712290,29,21,6,75
3712800,44,60,-3,78
3713310,94,99,-3,81
3713820,15,27,5,76
3714330,10,66,1,75
3714840,22,3,-8,83
3715350,23,52,10,73
3715860,18,91,0,73
3716370,45,28,-1,74
3716880,60,14,-6,80
3717390,61,58,-1,81
3717900,76,65,6,75
3718410,91,46,0,75
3718920,45,98,-6,81
3719430,72,35,2,79
3719940,87,38,-2,81
3720450,19,41,7,74
3720960,46,80,-5,79
3721470,96,17,-1,80
3721980,28,61,2,78
3722490,78,100,-4,82
3723000,26,28,2,80
3723510,81,67,-7,87
3724020,96,48,12,75
3724530,3,100,-9,84
3725040,30,64,2,82
3725550,80,1,-1,83
3726060,81,45,9,74
3726570,90,48,-3,77
3727080,99,51,4,73
3727590,6,1,-9,82
3728100,1,50,9,73
3728610,13,87,-4,77
3729120,40,51,4,73
3729630,67,90,-10,83
3730140,15,70,9,74
3730650,26,7,-8,82
3731160,60,83,3,79
3731670,8,63,4,75
3732180,20,0,-6,81
3732690,77,49,4,77
3733200,86,52,-3,80
3733710,95,55,9,71
3734220,2,99,-8,79
3734730,29,49,3,76
3735240,79,88,-13,89
3735750,27,16,8,81
3736260,47,55,4,77
3736770,74,1,-10,87
3737280,75,45,9,78
3737790,90,48,-1,79
3738300,99,100,-4,83
3738810,20,81,6,77
3739320,31,18,-8,85
3739830,50,57,5,80
3740340,100,87,-1,81
3740850,7,68,3,78
3741360,34,5,-1,79
3741870,68,34,-6,85
3742380,87,78,-9,94
3742890,0,59,18,76
3743400,27,23,1,75
3743910,22,62,-2,77
3744420,33,101,-4,81
3744930,60,38,0,81
3745440,69,41,2,79
3745950,78,44,0,79
3746460,87,47,2,77
3746970,96,91,-5,82
3747480,17,72,9,73
3747990,28,9,-10,83
3748500,29,38,7,76
3749010,56,77,-9,85
3749520,4,14,3,82
3750030,15,53,4,78
3750540,27,92,5,73
3751050,38,29,-8,81
3751560,47,68,-2,83
3752070,80,5,2,81
3752580,81,49,6,75
3753090,90,52,-3,78
3753600,86,96,-6,84
3754110,7,77,5,79
3754620,34,41,9,70
3755130,61,80,-14,84
3755640,9,60,14,70
3756150,21,99,-7,77
3756660,32,36,4,73
3757170,59,75,-12,85
3757680,7,55,10,75
3758190,19,92,-3,78
3758700,30,29,8,70
3759210,72,68,-15,85
3759720,95,49,13,72
3760230,2,101,-9,81
3760740,29,65,5,76
3761250,79,2,-10,86
3761760,80,46,9,77
3762270,99,90,-8,85
3762780,6,71,3,82
3763290,33,35,8,74
3763800,56,83,-7,81
3764310,4,20,6,75
3764820,15,59,4,71
3765330,26,98,-9,80
3765840,37,25,4,76
3766350,46,31,-6,82
3766860,55,70,3,79
3767370,3,50,7,72
3767880,15,87,-7,79
3768390,42,51,1,78
3768900,69,31,-1,79
3769410,15,75,6,73
3769920,26,12,-3,76
3770430,39,51,1,75
3770940,66,50,-10,85
3771450,81,85,0,85
3771960,2,66,6,79
3772470,29,30,1,78
3772980,84,69,2,76
3773490,93,50,-2,78
3774000,0,94,-6,84
3774510,27,58,-2,86
3775020,26,97,1,85
3775530,75,34,6,79
3776040,94,78,2,77
3776550,1,59,-1,78
3777060,28,23,2,76
3777570,23,62,-2,78
3778080,22,101,-1,79
3778590,33,65,-3,82
3779100,83,2,-1,83
3779610,84,6,4,79
3780120,85,50,-2,81
3780630,94,53,7,74
3781140,1,97,-8,82
3781650,10,61,11,71
3782160,22,100,-12,83
3782670,33,37,10,73
3783180,88,85,-12,85
3783690,9,66,7,78
3784200,21,30,0,78
3784710,16,69,-1,79
3785220,27,6,5,74
3785730,61,35,-8,82
3786240,70,38,2,80
3786750,89,41,5,75
3787260,21,93,-2,77
3787770,32,30,1,76
3788280,55,69,-10,86
3788790,3,49,16,70
3789300,15,67,-2,72
3789810,26,4,-9,81
3790320,60,33,-2,83
3790830,79,77,4,79
3791340,0,58,1,78
3791850,12,22,0,78
3792360,7,61,6,72
3792870,19,79,-3,75
3793380,30,16,-1,76
3793890,57,55,-8,84
3794400,80,99,-4,88
3794910,28,23,12,76
3795420,23,62,4,72
3795930,34,101,-11,83
3796440,45,38,4,79
3796950,68,86,-3,82
3797460,16,66,7,75
3797970,27,3,-3,78
3798480,61,32,-5,83
3798990,80,76,13,70
3799500,1,57,-4,74
3800010,13,75,2,72
3800520,40,12,-12,84
3801030,74,56,2,82
3801540,83,37,10,72
3802050,92,89,-15,87
3802560,13,70,11,76
3803070,24,7,-10,86
3803580,58,46,10,76
3804090,82,27,0,76
3804600,14,71,2,74
3805110,25,8,-8,82
3805620,59,47,1,81
3806130,0,95,-3,84
3806640,27,59,2,82
3807150,26,98,1,81
3807660,37,35,0,81
3808170,60,70,-5,86
3808680,8,54,13,73
3809190,20,93,-6,79
3809700,31,30,6,73
3810210,54,69,-8,81
3810720,2,11,0,81
3811230,13,50,2,79
3811740,24,89,3,76
3812250,83,26,-3,79
3812760,15,70,3,76
3813270,26,7,-9,85
3813780,83,36,10,75
3814290,0,88,-7,82
3814800,27,52,0,82
3815310,77,91,2,80
3815820,25,19,7,73
3816330,20,58,-1,74
3816840,31,97,-5,79
3817350,30,34,3,76
3817860,25,73,0,76
3818370,24,10,-3,79
3818880,58,49,-5,84
3819390,6,30,9,75
3819900,18,69,1,74
3820410,29,6,-3,77
3820920,63,12,-4,81
3821430,97,56,5,76
3821940,4,59,3,73
3822450,15,77,-2,75
3822960,26,14,-3,78
3823470,45,1,-2,80
3823980,79,45,8,72
3824490,88,48,-7,79
3825000,97,51,1,78
3825510,4,95,-4,82
3826020,31,59,8,74
3826530,64,98,-9,83
3827040,12,44,6,77
3827550,23,62,-1,78
3828060,22,101,-1,79
3828570,33,38,-1,80
3829080,66,77,-3,83
3829590,14,57,4,79
3830100,25,96,3,76
3830610,36,33,-2,78
3831120,91,68,-8,86
3831630,100,71,10,76
3832140,7,74,-1,77
3832650,34,38,0,77
3833160,89,56,-1,78
3833670,98,59,-1,79
3834180,5,62,7,72
3834690,17,80,-5,77
3835200,28,17,1,76
3835710,23,56,-5,81
3836220,22,95,7,74
3836730,33,32,1,73
3837240,56,80,-8,81
3837750,4,60,10,71
3838260,16,78,2,69
3838770,27,15,-7,76
3839280,46,54,0,76
3839790,101,0,-8,84
3840300,33,44,11,73
3840810,66,62,-12,85
3841320,89,4,8,77
3841830,21,48,-3,80
3842340,20,87,3,77
3842850,31,24,-2,79
3843360,51,63,-3,82
3843870,46,43,6,76
3844380,101,87,-12,88
3844890,8,68,13,75
3845400,35,86,-7,82
3845910,34,23,1,81
3846420,12,67,9,72
3846930,23,4,-8,80
3847440,57,33,-2,82
3847950,76,36,4,78
3848460,95,39,0,78
3848970,12,91,-4,82
3849480,39,33,2,80
3849990,94,81,1,79
3850500,1,27,-1,80
3851010,13,45,3,77
3851520,24,63,-3,80
3852030,23,0,1,79
3852540,57,29,-4,83
3853050,76,32,-1,84
3853560,95,85,-1,85
3854070,16,1,2,83
3854580,58,40,-2,85
3855090,77,43,7,78
3855600,96,46,3,75
3856110,28,98,-4,79
3856620,27,35,2,77
3857130,22,0,-9,86
3857640,56,23,5,81
3858150,75,67,-7,88
3858660,98,9,7,81
3859170,30,53,1,80
3859680,80,92,2,78
3860190,28,20,1,77
3860700,83,59,0,77
3861210,92,62,-1,78
3861720,101,65,-5,83
3862230,8,68,9,74
3862740,20,86,-5,79
3863250,31,23,-3,82
3863760,26,62,1,81
3864270,25,101,-2,83
3864780,36,38,10,73
3865290,91,56,-7,80
3865800,100,59,8,72
3866310,7,62,0,72
3866820,19,80,-7,79
3867330,30,17,-1,80
3867840,49,61,-1,81
3868350,44,41,6,75
3868860,67,76,-9,84
3869370,15,4,2,82
3869880,10,43,2,80
3870390,22,61,3,77
3870900,21,100,-5,82
3871410,32,37,3,79
3871920,27,55,3,76
3872430,26,94,-4,80
3872940,25,31,2,78
3873450,20,49,1,77
3873960,19,67,2,75
3874470,18,85,-2,77
3874980,29,22,-4,81
3875490,24,61,7,74
3876000,23,79,-5,79
3876510,22,16,1,78
3877020,17,55,6,72
3877530,28,73,-9,81
3878040,27,10,0,81
3878550,61,49,-1,82
3879060,76,52,5,77
3879570,85,55,0,77
3880080,94,58,0,77
3880590,1,61,3,74
3881100,13,79,2,72
3881610,25,21,-5,77
3882120,20,60,3,74
3882630,19,78,0,74
3883140,30,15,-5,79
3883650,64,54,-10,89
3884160,12,84,10,79
3884670,24,26,1,78
3885180,19,65,-1,79
3885690,30,83,4,75
3886200,29,20,-6,81
3886710,24,55,3,78
3887220,23,94,-1,79
3887730,34,31,5,74
3888240,57,66,-11,85
3888750,5,96,8,77
3889260,32,60,1,76
3889770,82,2,-4,80
3890280,14,46,11,69
3890790,26,64,-11,80
3891300,25,1,1,79
3891810,59,74,3,76
3892320,7,2,-2,78
3892830,2,41,1,77
3893340,14,59,5,72
3893850,26,77,0,72
3894360,25,14,-8,80
3894870,45,53,-4,84
3895380,40,97,1,83
3895890,39,34,2,81
3896400,62,69,4,77
3896910,10,99,-2,79
3897420,22,63,1,78
3897930,21,81,5,73
3898440,32,18,-8,81
3898950,51,94,5,76
3899460,101,36,-8,84
3899970,33,88,6,78
3900480,32,25,4,74
3900990,52,60,-7,81
3901500,0,90,3,78
3902010,27,54,-1,79
3902520,26,72,2,77
3903030,25,90,-2,79
3903540,24,27,11,68
3904050,19,45,-7,75
3904560,18,84,-1,76
3905070,29,0,-5,81
3905580,63,29,1,80
3906090,82,73,-1,81
3906600,30,15,-2,83
3907110,49,59,1,82
3907620,99,39,9,73
3908130,27,91,-4,77
3908640,26,28,3,74
3909150,21,46,-3,77
3909660,20,64,5,72
3910170,19,82,4,68
3910680,30,100,-10,78
3911190,29,37,4,74
3911700,28,55,-6,80
3912210,78,94,-6,86
3912720,26,22,4,82
3913230,21,61,-1,83
3913740,20,79,9,74
3914250,31,97,-5,79
3914760,30,34,6,73
3915270,29,52,-7,80
3915780,28,85,5,75
3916290,27,22,-6,81
3916800,22,25,4,77
3917310,21,43,-2,79
3917820,20,61,4,75
3918330,19,79,0,75
3918840,30,16,-6,81
3919350,87,55,-1,82
3919860,96,58,2,80
3920370,3,61,8,72
3920880,15,79,-4,76
3921390,27,97,0,76
3921900,26,34,0,76
3922410,21,52,-1,77
3922920,20,70,3,74
3923430,19,88,-1,75
3923940,30,25,1,74
3924450,25,60,-6,80
3924960,24,78,0,80
3925470,23,15,-6,86
3925980,18,38,15,71
3926490,17,56,-2,73
3927000,16,74,4,69
3927510,28,92,-8,77
3928020,27,23,-3,80
3928530,22,58,-1,81
3929040,21,76,6,75
3929550,20,94,-4,79
3930060,31,36,7,72
3930570,30,39,-2,74
3931080,29,57,-5,79
3931590,28,96,0,79
3932100,99,33,-1,80
3932610,27,85,0,80
3933120,26,22,3,77
3933630,46,45,-3,80
3934140,41,89,0,80
3934650,40,31,4,76
3935160,55,34,-6,82
3935670,74,37,8,74
3936180,93,89,-9,83
3936690,98,34,6,77
3937200,26,86,-4,81
3937710,25,23,4,77
3938220,20,36,6,71
3938730,19,54,-4,75
3939240,18,72,8,67
3939750,17,90,-12,79
3940260,29,77,1,78
3940770,28,14,5,73
3941280,47,20,-8,81
3941790,90,64,4,77
3942300,99,67,3,74
3942810,6,70,-6,80
3943320,18,57,4,76
3943830,17,75,2,74
3944340,16,62,0,74
3944850,27,80,-1,75
3945360,26,17,-5,80
3945870,21,52,-3,83
3946380,20,70,7,76
3946890,19,57,-2,78
3947400,18,75,5,73
3947910,17,62,3,70
3948420,16,80,-5,75
3948930,27,67,3,72
3949440,26,89,-7,79
3949950,25,26,1,78
3950460,20,55,0,78
3950970,19,42,3,75
3951480,18,60,4,71
3951990,17,99,-13,84
3952500,29,86,12,72
3953010,28,23,-9,81
3953520,23,58,0,81
3954030,22,45,11,70
3954540,21,32,-6,76
3955050,9,50,6,70
3955560,21,37,-9,79
3956070,20,55,-2,81
3956580,19,42,9,72
3957090,18,29,-6,78
3957600,17,68,6,72
3958110,16,55,-8,80
3958620,15,42,4,76
3959130,14,65,0,76
3959640,26,52,6,70
3960150,25,39,0,70
3960660,24,38,-11,81
3961170,19,41,8,73
3961680,18,80,-3,76
3962190,17,67,0,76
3962700,16,54,-3,79
3963210,15,41,1,78
3963720,14,59,6,72
3964230,26,46,-5,77
3964740,25,33,7,70
3965250,24,36,-7,77
3965760,19,39,-7,84
3966270,14,26,5,79
3966780,9,65,5,74
3967290,21,52,1,73
3967800,20,39,-1,74
3968310,19,26,-4,78
3968820,18,55,2,76
3969330,17,42,0,76
3969840,16,29,6,70
3970350,15,68,-7,77
3970860,26,55,-6,83
3971370,25,54,6,77
3971880,24,41,-1,78
3972390,19,28,-2,80
3972900,18,51,5,75
3973410,17,38,2,73
3973920,16,25,-10,83
3974430,11,64,7,76
3974940,23,51,4,72
3975450,22,38,-2,74
3975960,17,41,1,73
3976470,16,28,-1,74
3976980,11,67,2,72
3977490,23,54,-5,77
3978000,22,41,0,77
3978510,17,44,-1,78
3979020,16,31,4,74
3979530,11,70,-4,78
3980040,23,57,6,72
3980550,22,44,-5,77
3981060,21,31,4,73
3981570,16,34,-5,78
3982080,11,73,2,76
3982590,31,60,-5,81
3983100,30,59,3,78
3983610,29,58,-2,80
3984120,28,61,0,80
3984630,27,48,7,73
3985140,26,47,-5,78
3985650,25,50,1,77
3986160,24,49,-1,78
3986670,23,52,2,76
3987180,15,39,-2,78
3987690,10,26,0,78
3988200,5,65,7,71
3988710,17,52,-6,77
3989220,16,39,3,74
3989730,15,26,-1,75
3990240,10,65,3,72
3990750,22,52,-5,77
3991260,21,39,5,72
3991770,20,38,0,72
3992280,46,41,-8,80
3992790,61,88,-2,82
3993300,9,68,6,76
3993810,21,55,0,76
3994320,20,42,3,73
3994830,19,29,-1,74
3995340,14,32,-1,75
3995850,9,71,3,72
3996360,29,58,-5,77
3996870,28,57,-2,79
3997380,27,56,9,70
3997890,26,55,-6,76
3998400,25,42,1,75
3998910,24,41,-1,76
3999420,23,40,3,73
3999930,18,43,-7,80
4000440,17,82,11,69
4000950,66,69,-11,80
4001460,81,100,3,77
4001970,29,80,0,77
4002480,16,22,-7,84
4002990,11,45,9,75
4003500,23,32,1,74
4004010,18,35,3,71
4004520,13,38,-3,74
4005030,8,25,-11,85
4005540,3,64,9,76
4006050,77,6,-7,83
4006560,9,18,1,82
4007070,4,57,11,71
4007580,16,44,-3,74
4008090,11,83,-5,79
4008600,31,47,1,78
4009110,26,64,2,76
4009620,25,51,0,76
4010130,24,50,6,70
4010640,23,49,-3,73
4011150,22,48,-6,79
4011660,21,47,8,71
4012170,20,46,0,71
4012680,19,45,1,70
4013190,18,82,-8,78
4013700,67,24,-3,81
4014210,8,36,3,78
4014720,20,23,2,76
4015230,15,26,3,73
4015740,10,25,-5,78
4016250,5,64,4,74
4016760,17,28,0,74
4017270,12,31,-2,76
4017780,7,70,1,75
4018290,27,12,0,75
4018800,40,7,-7,82
4019310,74,19,4,78
4019820,15,21,3,75
4020330,10,24,-4,79
4020840,5,63,6,73
4021350,25,50,0,73
4021860,12,49,0,73
4022370,24,86,2,71
4022880,23,23,-2,73
4023390,18,26,-8,81
4023900,13,29,3,78
4024410,8,68,-2,80
4024920,28,55,6,74
4025430,15,54,-7,81
4025940,14,91,6,75
4026450,41,55,-7,82
4026960,36,58,5,77
4027470,23,57,2,75
4027980,22,94,-3,78
4028490,71,36,-3,81
4029000,90,39,8,73
4029510,18,91,-8,81
4030020,67,33,-3,84
4030530,86,36,9,75
4031040,14,88,4,71
4031550,41,30,-7,78
4032060,56,36,-8,86
4032570,75,39,8,78
4033080,94,42,4,74
4033590,22,94,-1,75
4034100,71,29,-7,82
4034610,90,41,5,77
4035120,18,93,2,75
4035630,67,35,-3,78
4036140,86,38,3,75
4036650,14,90,-2,77
4037160,41,32,1,76
4037670,56,48,-6,82
4038180,71,78,-3,85
4038690,19,6,6,79
4039200,14,55,5,74
4039710,25,92,0,74
4040220,24,74,-2,76
4040730,11,9,-5,81
4041240,6,58,6,75
4041750,18,95,-6,81
4042260,19,37,4,77
4042770,14,36,5,72
4043280,13,73,-2,74
4043790,24,15,-9,83
4044300,19,38,7,76
4044810,14,37,-2,78
4045320,9,74,4,74
4045830,29,61,-3,77
4046340,16,60,4,73
4046850,27,97,-2,75
4047360,26,34,-1,76
4047870,25,37,-3,79
4048380,20,36,3,76
4048890,15,35,2,74
4049400,10,72,-4,78
4049910,30,59,-1,79
4050420,17,58,4,75
4050930,16,95,-7,82
4051440,43,37,5,77
4051950,58,68,2,75
4052460,6,98,-4,79
4052970,33,62,2,77
4053480,20,61,1,76
4053990,19,98,-4,80
4054500,30,40,10,70
4055010,25,43,-13,83
4055520,20,42,14,69
4056030,19,41,-13,82
4056540,14,40,12,70
4057050,13,77,-6,76
4057560,14,19,-11,87
4058070,9,42,14,73
4058580,21,79,-4,77
4059090,20,14,4,73
4059600,15,37,-4,77
4060110,14,74,5,72
4060620,25,9,-10,82
4061130,20,4,9,73
4061640,77,53,-9,82
4062150,92,56,5,77
4062660,101,59,-3,80
4063170,8,62,2,78
4063680,20,49,4,74
4064190,19,86,-5,79
4064700,18,21,0,79
4065210,13,44,1,78
4065720,12,81,-1,79
4066230,32,68,-2,81
4066740,19,67,11,70
4067250,18,2,-11,81
4067760,75,51,0,81
4068270,90,54,-2,83
4068780,67,57,5,78
4069290,82,87,1,77
4069800,87,16,-5,82
4070310,28,28,9,73
4070820,23,31,-2,75
4071330,63,34,-4,79
4071840,4,37,8,71
4072350,16,74,-4,75
4072860,27,9,-1,76
4073370,65,4,-6,82
4073880,1,16,-2,84
4074390,12,53,9,75
4074900,24,90,1,74
4075410,23,32,-2,76
4075920,18,31,-1,77
4076430,13,30,-3,80
4076940,8,29,0,80
4077450,20,66,8,72
4077960,19,1,-7,79
4078470,76,50,1,78
4078980,91,53,-5,83
4079490,32,56,6,77
4080000,19,55,3,74
4080510,18,92,-6,80
4081020,29,34,5,75
4081530,24,37,0,75
4082040,19,36,1,74
4082550,14,35,-2,76
4083060,9,72,-1,77
4083570,29,14,1,76
4084080,86,9,-5,81
4084590,22,21,1,80
4085100,17,44,6,74
4085610,16,81,-3,77
4086120,15,23,1,76
4086630,10,52,2,74
4087140,21,89,-3,77
4087650,70,31,-1,78
4088160,7,83,-1,79
4088670,27,47,5,74
4089180,22,46,0,74
4089690,21,45,-1,75
4090200,20,44,2,73
4090710,19,43,-4,77
4091220,18,30,2,75
4091730,13,69,5,70
4092240,24,4,-9,79
4092750,62,53,-2,81
4093260,77,56,-1,82
4093770,92,59,7,75
4094280,101,62,-1,76
4094790,8,65,5,71
4095300,28,52,-6,77
4095810,15,51,2,75
4096320,14,88,-2,77
4096830,60,30,0,77
4097340,1,33,-3,80
4097850,13,77,5,75
4098360,1,19,-3,78
4098870,12,56,1,77
4099380,61,93,-5,82
4099890,48,73,4,78
4100400,35,53,1,77
4100910,22,52,-2,79
4101420,21,89,4,75
4101930,70,31,-5,80
4102440,11,34,5,75
4102950,6,71,0,75
4103460,26,13,-2,77
4103970,83,8,-2,79
4104480,19,20,2,77
4104990,14,23,-4,81
4105500,9,62,5,76
4106010,21,49,2,74
4106520,20,48,0,74
4107030,19,47,1,73
4107540,18,34,-4,77
4108050,13,33,5,72
4108560,8,77,-5,77
4109070,54,19,-5,82
4109580,97,14,4,78
4110090,33,26,0,78
4110600,28,32,5,73
4111110,83,35,-3,76
4111620,11,38,3,73
4112130,10,82,-5,78
4112640,56,24,-8,86
4113150,99,19,10,76
4113660,35,31,0,76
4114170,30,34,4,72
4114680,85,37,-7,79
4115190,13,40,2,77
4115700,12,27,-1,78
4116210,7,66,6,72
4116720,27,8,-10,82
4117230,65,31,-1,83
4117740,6,34,4,79
4118250,18,78,5,74
4118760,67,20,-8,82
4119270,8,32,4,78
4119780,20,76,1,77
4120290,19,18,-5,82
4120800,14,41,4,78
4121310,13,78,5,73
4121820,62,20,-8,81
4122330,3,32,4,77
4122840,15,76,6,71
4123350,64,18,-11,82
4123860,5,30,6,76
4124370,17,74,7,69
4124880,66,16,-12,81
4125390,7,52,9,72
4125900,19,39,3,69
4126410,14,38,-11,80
4126920,9,77,1,79
4127430,73,41,0,79
4127940,14,44,6,73
4128450,13,31,0,73
4128960,8,70,-2,75
4129470,28,34,-2,77
4129980,23,37,1,76
4130490,18,36,-1,77
4131000,13,35,0,77
4131510,8,22,-1,78
4132020,3,61,3,75
4132530,52,25,-2,77
4133040,95,37,0,77
4133550,23,40,0,77
4134060,18,39,2,75
4134570,13,38,4,71
4135080,8,25,-6,77
4135590,3,64,0,77
4136100,52,28,-7,84
4136610,78,23,4,80
4137120,19,35,1,79
4137630,14,74,8,71
4138140,78,61,-14,85
4138650,19,64,13,72
4139160,18,1,-2,74
4139670,75,50,-5,79
4140180,16,53,12,67
4140690,15,40,-6,73
4141200,10,79,6,67
4141710,30,66,-12,79
4142220,29,65,3,76
4142730,16,64,-4,80
4143240,65,1,3,77
4143750,1,13,-7,84
4144260,12,52,16,68
4144770,61,39,-13,81
4145280,2,42,7,74
4145790,14,29,-1,75
4146300,9,68,-1,76
4146810,29,55,-6,82
4147320,16,54,9,73
4147830,15,93,-5,78
4148340,64,57,-6,84
4148850,87,2,1,83
4149360,23,14,7,76
4149870,18,37,-1,77
4150380,13,83,1,76
4150890,33,47,-5,81
4151400,20,46,9,72
4151910,15,33,-4,76
4152420,10,72,-2,78
4152930,30,36,6,72
4153440,25,39,-1,73
4153950,20,38,1,72
4154460,15,37,-3,75
4154970,10,24,-6,81
4155480,77,63,-3,84
4155990,18,8,7,77
4156500,13,31,-3,80
4157010,8,70,7,73
4157520,28,34,-4,77
4158030,23,37,0,77
4158540,18,36,4,73
4159050,13,23,-7,80
4159560,8,62,8,72
4160070,57,49,-11,83
4160580,100,96,-1,84
4161090,21,41,12,72
4161600,16,40,-1,73
4162110,11,27,-3,76
4162620,6,66,2,74
4163130,26,30,-3,77
4163640,21,33,3,74
4164150,16,32,-2,76
4164660,37,71,2,74
4165170,24,51,-1,75
4165680,29,90,1,74
4166190,16,27,-6,80
4166700,11,66,2,78
4167210,23,53,3,75
4167720,22,40,-1,76
4168230,17,39,1,75
4168740,12,78,-1,76
4169250,32,65,-2,78
4169760,19,64,3,75
4170270,18,1,-5,80
4170780,75,50,0,80
4171290,16,53,-1,81
4171800,15,40,1,80
4172310,10,27,5,75
4172820,5,66,2,73
4173330,25,30,-9,82
4173840,20,53,9,73
4174350,19,40,-8,81
4174860,14,79,3,78
4175370,63,66,-3,81
4175880,86,11,-1,82
4176390,22,23,2,80
4176900,17,29,3,77
4177410,12,68,3,74
4177920,61,55,-5,79
4178430,84,0,-2,81
4178940,66,12,-3,84
4179450,7,24,4,80
4179960,2,63,5,75
4180470,29,27,4,71
4180980,24,74,-6,77
4181490,23,11,0,77
4182000,80,17,2,75
4182510,21,29,3,72
4183020,16,76,-1,73
4183530,65,63,-14,87
4184040,88,8,4,83
4184550,24,20,4,79
4185060,19,26,5,74
4185570,14,29,-2,76
4186080,9,68,-5,81
4186590,21,55,5,76
4187100,20,42,3,73
4187610,15,29,-6,79
4188120,10,68,6,73
4188630,59,55,-10,83
4189140,82,0,4,79
4189650,64,12,-3,82
4190160,5,24,11,71
4190670,17,71,-7,78
4191180,66,8,-2,80
4191690,2,20,-3,83
4192200,13,59,13,70
4192710,24,46,0,70
4193220,23,33,-2,72
4193730,18,36,-8,80
4194240,17,75,4,76
4194750,66,62,-14,90
4195260,89,65,13,77
4195770,30,68,-6,83
4196280,29,55,3,80
4196790,28,54,7,73
4197300,27,53,-2,75
4197810,26,52,-3,78
4198320,25,39,-5,83
4198830,20,38,8,75
4199340,19,77,-2,77
4199850,68,14,-7,84
4200360,9,26,9,75
4200870,4,13,-4,79
4201380,101,52,-2,81
4201890,29,55,2,79
4202400,28,35,7,72
4202910,23,38,-9,81
4203420,18,37,8,73
4203930,13,24,-4,77
4204440,8,63,1,76
4204950,57,50,-5,81
4205460,80,53,2,79
4205970,21,56,6,73
4206480,20,43,-6,79
4206990,19,82,6,73
4207500,68,19,-6,79
4208010,9,22,4,75
4208520,4,61,5,70
4209030,53,48,-12,82
4209540,76,51,0,82
4210050,17,54,-4,86
4210560,7,41,7,79
4211070,19,28,1,78
4211580,14,31,1,77
4212090,9,70,3,74
4212600,21,57,-5,79
4213110,20,44,4,75
4213620,19,31,2,73
4214130,14,34,4,69
4214640,13,21,-9,78
4215150,8,60,1,77
4215660,20,47,6,71
4216170,19,34,-2,73
4216680,18,73,1,72
4217190,67,60,-11,83
4217700,90,63,9,74
4218210,45,66,-7,81
4218720,32,46,2,79
4219230,31,49,-2,81
4219740,30,4,10,71
4220250,68,10,-7,78
4220760,4,22,0,78
4221270,16,61,2,76
4221780,15,48,5,71
4222290,14,35,-6,77
4222800,13,74,0,77
4223310,25,61,0,77
4223820,24,48,6,71
4224330,23,47,-4,75
4224840,22,34,-3,78
4225350,17,37,-2,80
4225860,16,24,2,78
4226370,11,27,1,77
4226880,6,66,3,74
4227390,18,8,-11,85
4227900,13,31,16,69
4228410,12,70,-11,80
4228920,24,12,-1,81
4229430,81,18,6,75
4229940,22,21,-4,79
4230450,17,24,4,75
4230960,5,63,0,75
4231470,17,5,-7,82
4231980,12,28,7,75
4232490,7,67,-1,76
4233000,19,54,4,72
4233510,18,41,-5,77
4234020,17,80,2,75
4234530,28,67,2,73
4235040,15,54,-2,75
4235550,26,41,1,74
4236060,21,21,-2,76
4236570,16,24,2,74
4237080,15,27,-10,84
4237590,10,66,14,70
4238100,22,53,-7,77
4238610,21,40,-4,81
4239120,20,39,8,73
4239630,19,26,-5,78
4240140,14,29,1,77
4240650,9,68,-3,80
4241160,21,55,5,75
4241670,20,42,-2,77
4242180,19,29,0,77
4242690,18,32,1,76
4243200,17,71,0,76
4243710,28,58,0,76
4244220,27,0,3,73
4244730,9,25,1,72
4245240,4,64,2,70
4245750,15,6,-12,82
4246260,10,29,4,78
4246770,5,16,-1,79
4247280,16,55,7,72
4247790,33,42,-2,74
4248300,32,45,-5,79
4248810,27,48,3,76
4249320,26,47,0,76
4249830,25,34,2,74
4250340,24,37,6,68
4250850,23,17,-12,80
4251360,18,40,2,78
4251870,17,27,4,74
4252380,12,66,0,74
4252890,23,8,-4,78
4253400,80,31,2,76
4253910,8,34,2,74
4254420,20,21,-4,78
4254930,15,24,3,75
4255440,10,63,-2,77
4255950,21,5,-3,80
4256460,78,28,-2,82
4256970,6,31,5,77
4257480,18,18,5,72
4257990,13,21,-4,76
4258500,8,60,1,75
4259010,20,2,-9,84
4259520,2,25,8,76
4260030,14,69,3,73
4260540,25,11,-3,76
4261050,82,17,-1,77
4261560,23,29,0,77
4262070,28,32,-1,78
4262580,25,36,3,75
4263090,20,16,-3,78
4263600,15,39,7,71
4264110,26,26,-8,79
4264620,21,29,-1,80
4265130,20,52,-2,82
4265640,31,39,4,78
4266150,54,42,-5,83
4266660,97,45,8,75
4267170,25,48,2,73
4267680,24,35,-8,81
4268190,19,79,6,75
4268700,30,21,3,72
4269210,62,24,-13,85
4269720,3,27,9,76
4270230,15,71,1,75
4270740,26,13,3,72
4271250,83,19,-5,77
4271760,24,22,-7,84
4272270,19,28,1,83
4272780,14,29,8,75
4273290,9,16,-6,81
4273800,4,55,6,75
4274310,16,99,-4,79
4274820,28,63,5,74
4275330,1,5,-9,83
4275840,12,54,10,73
4276350,80,41,-2,75
4276860,8,44,2,73
4277370,20,31,-3,76
4277880,15,32,2,74
4278390,26,19,-1,75
4278900,21,25,-2,77
4279410,16,48,1,76
4279920,27,35,-2,78
4280430,24,38,-1,79
4280940,83,37,8,71
4281450,11,40,-2,73
4281960,23,27,-5,78
4282470,18,30,-5,83
4282980,13,31,10,73
4283490,24,18,-3,76
4284000,19,41,-2,78
4284510,30,28,-5,83
4285020,25,75,11,72
4285530,36,17,-11,83
4286040,49,23,2,81
4286550,92,67,2,79
4287060,33,30,4,75
4287570,8,36,-1,76
4288080,20,80,8,68
4288590,31,22,-7,75
4289100,6,28,4,71
4289610,18,72,-4,75
4290120,29,14,-7,82
4290630,11,20,0,82
4291140,6,59,-1,83
4291650,18,1,7,76
4292160,75,24,-9,85
4292670,16,27,8,77
4293180,11,71,5,72
4293690,23,13,-4,76
4294200,80,19,0,76
4294710,21,63,-3,79
4295220,32,5,-6,85
4295730,70,35,6,79
4296240,11,38,7,72
4296750,23,25,-3,75
4297260,18,48,-2,77
4297770,30,92,-1,78
4298280,41,34,-4,82
4298790,64,40,-3,85
4299300,5,43,17,68
4299810,17,30,-6,74
4300320,12,74,4,70
4300830,24,16,-5,75
4301340,19,22,-2,77
4301850,14,45,1,76
4302360,26,32,-3,79
4302870,21,12,-5,84
4303380,16,35,6,78
4303890,28,79,6,72
4304400,39,21,-11,83
4304910,82,27,7,76
4305420,10,30,1,75
4305930,22,17,-3,78
4306440,17,40,0,78
4306950,29,27,6,72
4307460,84,50,-3,75
4307970,25,53,0,75
4308480,100,40,1,74
4308990,28,43,2,72
4309500,25,23,0,72
4310010,20,29,2,70
4310520,17,52,-1,71
4311030,29,39,-6,77
4311540,52,19,-2,79
4312050,95,63,9,70
4312560,36,66,-6,76
4313070,33,46,-6,82
4313580,56,26,3,79
4314090,86,70,-4,83
4314600,7,100,4,79
4315110,19,64,7,72
4315620,30,51,2,70
4316130,27,31,-11,81
4316640,2,75,4,77
4317150,29,39,-5,82
4317660,52,19,6,76
4318170,95,63,-4,80
4318680,36,66,4,76
4319190,33,46,0,76
4319700,56,26,-9,85
4320210,99,70,1,84
4320720,40,73,2,82
4321230,54,53,6,76
4321740,77,33,2,74
4322250,5,36,-5,79
4322760,17,9,-3,82
4323270,12,32,8,74
4323780,24,19,0,74
4324290,19,25,2,72
4324800,96,48,-4,76
4325310,24,51,1,75
4325820,35,95,-6,81
4326330,46,37,1,80
4326840,69,43,-7,87
4327350,10,46,10,77
4327860,22,33,3,74
4328370,17,13,-1,75
4328880,12,19,-6,81
4329390,92,58,3,78
4329900,33,61,-1,79
4330410,30,41,2,77
4330920,53,21,-4,81
4331430,96,65,-2,83
4331940,37,68,1,82
4332450,34,48,0,82
4332960,57,28,-4,86
4333470,100,72,13,73
4333980,41,75,-6,79
4334490,55,55,-2,81
4335000,78,85,0,81
4335510,101,13,-4,85
4336020,83,57,-1,86
4336530,24,60,8,78
4337040,99,47,0,78
4337550,27,50,-7,85
4338060,77,94,-2,87
4338570,25,74,15,72
4339080,36,16,-10,82
4339590,79,35,8,74
4340100,7,38,-5,79
4340610,19,82,1,78
4341120,31,75,0,78
4341630,45,17,-8,86
4342140,88,61,9,77
4342650,29,64,4,73
4343160,2,6,-6,79
4343670,13,45,5,74
4344180,25,89,-7,81
4344690,36,31,-2,83
4345200,59,34,0,83
4345710,0,37,8,75
4346220,12,81,0,75
4346730,24,23,-1,76
4347240,101,29,-6,82
4347750,29,32,8,74
4348260,26,76,-5,79
4348770,40,18,-1,80
4349280,83,62,1,79
4349790,24,65,-3,82
4350300,36,7,-1,83
4350810,18,51,5,78
4351320,30,38,-2,80
4351830,53,18,-3,83
4352340,96,62,3,80
4352850,37,65,1,79
4353360,87,45,6,73
4353870,15,48,-1,74
4354380,27,35,-4,78
4354890,50,38,6,72
4355400,73,41,-12,84
4355910,14,44,9,75
4356420,26,88,0,75
4356930,90,30,2,73
4357440,18,33,-1,74
4357950,30,72,0,74
4358460,3,2,-16,90
4358970,14,51,15,75
4359480,26,95,-6,81
4359990,40,32,4,77
4360500,63,38,-4,81
4361010,4,41,6,75
4361520,16,85,4,71
4362030,28,27,-2,73
4362540,83,30,-3,76
4363050,11,33,-3,79
4363560,23,72,5,74
4364070,34,14,-7,81
4364580,77,9,1,80
4365090,59,53,-6,86
4365600,82,83,4,82
4366110,3,11,8,74
4366620,15,50,1,73
4367130,27,94,0,73
4367640,41,31,-4,77
4368150,64,34,-3,80
4368660,94,37,7,73
4369170,22,40,-6,79
4369680,34,20,0,79
4370190,77,26,6,73
4370700,5,29,0,73
4371210,17,73,0,73
4371720,29,10,-8,81
4372230,11,5,0,81
4372740,6,54,7,74
4373250,18,98,-5,79
4373760,30,40,2,77
4374270,88,20,-1,78
4374780,29,64,2,76
4375290,43,6,-8,84
4375800,86,50,7,77
4376310,14,53,-1,78
4376820,26,92,1,77
4377330,37,29,3,74
4377840,60,32,-12,86
4378350,1,35,7,79
4378860,13,79,0,79
4379370,25,21,8,71
4379880,45,27,-10,81
4380390,88,33,-2,83
4380900,16,36,7,76
4381410,28,75,-4,80
4381920,42,12,1,79
4382430,85,56,-1,80
4382940,48,59,-3,83
4383450,71,39,2,81
4383960,12,42,8,73
4384470,24,29,-5,78
4384980,82,32,3,75
4385490,10,35,5,70
4386000,22,74,-5,75
4386510,33,11,-5,80
4387020,76,6,4,76
4387530,58,50,-7,83
4388040,81,80,0,83
4388550,2,8,2,81
4389060,30,47,10,71
4389570,80,27,-5,76
4390080,8,30,-1,77
4390590,20,3,-4,81
4391100,77,26,8,73
4391610,5,29,-1,74
4392120,17,68,0,74
4392630,29,5,-6,80
4393140,46,30,-4,84
4393650,89,33,8,76
4394160,17,36,1,75
4394670,29,75,-4,79
4395180,43,17,0,79
4395690,73,12,-4,83
4396200,14,56,6,77
4396710,26,95,-5,82
4397220,40,32,10,72
4397730,63,35,-12,84
4398240,4,38,12,72
4398750,16,51,-6,78
4399260,28,90,3,75
4399770,42,27,-3,78
4400280,85,30,6,72
4400790,13,33,-8,80
4401300,25,72,3,77
4401810,39,9,-3,80
4402320,82,53,-1,81
4402830,23,56,1,80
4403340,98,43,4,76
4403850,26,46,3,73
4404360,40,26,-9,82
4404870,63,29,2,80
4405380,93,32,3,77
4405890,21,35,-1,78
4406400,79,74,-5,83
4406910,0,2,2,81
4407420,11,51,8,73
4407930,23,90,2,71
4408440,34,27,-4,75
4408950,57,30,-7,82
4409460,100,33,7,75
4409970,28,36,7,68
4410480,51,16,-16,84
4410990,94,60,10,74
4411500,35,63,-2,76
4412010,49,43,-3,79
4412520,72,46,-3,82
4413030,13,49,9,73
4413540,25,88,-5,78
4414050,36,25,3,75
4414560,59,31,-10,85
4415070,0,34,2,83
4415580,12,78,12,71
4416090,39,20,-5,76
4416600,52,26,-5,81
4417110,82,29,8,73
4417620,10,32,-5,78
4418130,22,71,4,74
4418640,33,8,-8,82
4419150,76,3,3,79
4419660,58,47,-1,80
4420170,81,50,1,79
4420680,22,53,1,78
4421190,97,92,-1,79
4421700,18,72,6,73
4422210,29,9,-8,81
4422720,72,32,3,78
4423230,0,35,3,75
4423740,12,79,-2,77
4424250,39,43,0,77
4424760,62,46,-3,80
4425270,3,49,8,72
4425780,15,62,0,72
4426290,26,101,-5,77
4426800,37,38,-1,78
4427310,60,41,-4,82
4427820,1,44,6,76
4428330,13,88,-1,77
4428840,40,52,-3,80
4429350,63,32,3,77
4429860,4,35,-1,78
4430370,16,79,3,75
4430880,27,21,1,74
4431390,85,24,1,73
4431900,13,27,-4,77
4432410,41,74,1,76
4432920,91,54,-5,81
4433430,19,57,5,76
4433940,98,44,0,76
4434450,26,47,1,75
4434960,23,27,1,74
4435470,81,30,0,74
4435980,9,33,0,74
4436490,21,62,1,73
4437000,32,49,-5,78
4437510,82,29,1,77
4438020,10,32,3,74
4438530,22,71,3,71
4439040,86,8,-12,83
4439550,68,52,-3,86
4440060,9,55,14,72
4440570,21,68,-7,79
4441080,32,5,-4,83
4441590,75,24,11,72
4442100,3,27,1,71
4442610,15,40,-8,79
4443120,27,79,1,78
4443630,38,16,-3,81
4444140,20,11,5,76
4444650,2,34,-2,78
4445160,14,47,5,73
4445670,26,34,-9,82
4446180,49,37,2,80
4446690,92,40,6,74
4447200,20,43,-1,75
4447710,48,30,-8,83
4448220,91,33,7,76
4448730,19,36,1,75
4449240,30,16,-5,80
4449750,12,11,-2,82
4450260,7,50,11,71
4450770,19,63,-6,77
4451280,30,50,3,74
4451790,80,30,3,71
4452300,8,33,-2,73
4452810,20,6,-5,78
4453320,77,35,-5,83
4453830,5,38,5,78
4454340,17,51,1,77
4454850,29,38,0,77
4455360,87,18,-4,81
4455870,28,62,-2,83
4456380,56,42,5,78
4456890,99,45,-1,79
4457400,27,48,3,76
4457910,77,28,4,72
4458420,5,31,-8,80
4458930,17,97,1,79
4459440,44,61,-1,80
4459950,94,41,7,73
4460460,22,44,-1,74
4460970,50,24,-5,79
4461480,80,68,2,77
4461990,1,98,-8,85
4462500,28,62,10,75
4463010,78,42,-7,82
4463520,19,45,7,75
4464030,30,84,-5,80
4464540,41,48,-3,83
4465050,99,28,1,82
4465560,27,72,7,75
4466070,38,52,-6,81
4466580,88,32,8,73
4467090,16,35,-2,75
4467600,28,15,-5,80
4468110,10,10,-1,81
4468620,5,49,9,72
4469130,17,62,-4,76
4469640,29,101,-1,77
4470150,40,65,0,77
4470660,90,45,2,75
4471170,18,48,2,73
4471680,29,12,-3,76
4472190,11,7,-4,80
4472700,6,46,10,70
4473210,18,59,-5,75
4473720,29,1,-6,81
4474230,11,56,6,75
4474740,23,100,0,75
4475250,34,64,-11,86
4475760,84,44,9,77
4476270,12,47,4,73
4476780,24,34,-5,78
4477290,82,14,-6,84
4477800,61,58,-3,87
4478310,36,38,8,79
4478820,94,18,-2,81
4479330,35,62,-4,85
4479840,85,42,8,77
4480350,13,45,-2,79
4480860,25,18,4,75
4481370,83,41,-3,78
4481880,11,44,0,78
4482390,23,17,-1,79
4482900,18,56,-1,80
4483410,29,20,6,74
4483920,11,43,-1,75
4484430,23,87,-7,82
4484940,34,51,6,76
4485450,84,31,3,73
4485960,12,34,1,72
4486470,24,7,-7,79
4486980,6,2,-10,89
4487490,1,51,15,74
4488000,13,15,-8,82
4488510,8,54,6,76
4489020,20,18,4,72
4489530,78,21,-6,78
4490040,19,24,-5,83
4490550,14,47,7,76
4491060,26,91,-1,77
4491570,37,55,-2,79
4492080,87,35,4,75
4492590,15,38,-5,80
4493100,27,82,-1,81
4493610,38,24,8,73
4494120,81,27,-7,80
4494630,9,30,5,75
4495140,21,77,2,73
4495650,32,19,-6,79
4496160,51,14,-8,87
4496670,94,58,10,77
4497180,49,61,-3,80
4497690,99,69,-1,81
4498200,54,72,-2,83
4498710,2,52,9,74
4499220,14,16,-1,75
4499730,9,55,-2,77
4500240,21,28,3,74
4500750,79,57,-7,81
4501260,20,60,9,72
4501770,31,46,-10,82
4502280,64,26,-1,83
4502790,94,29,7,76
4503300,22,32,1,75
4503810,80,12,-5,80
4504320,21,56,1,79
4504830,32,36,1,78
4505340,18,16,3,75
4505850,13,55,1,74
4506360,25,99,-2,76
4506870,36,41,0,76
4507380,94,21,-5,81
4507890,49,65,0,81
4508400,99,45,8,73
4508910,27,48,0,73
4509420,23,28,0,73
4509930,81,8,-9,82
4510440,63,52,-4,86
4510950,19,32,5,81
4511460,77,76,-1,82
4511970,25,56,2,80
4512480,100,36,4,76
4512990,28,39,-3,79
4513500,86,48,1,78
4514010,14,51,6,72
4514520,26,95,-5,77
4515030,37,59,-2,79
4515540,87,39,-1,80
4516050,15,42,5,75
4516560,27,6,-8,83
4517070,9,29,3,80
4517580,21,95,0,80
4518090,48,59,0,80
4518600,73,39,1,79
4519110,51,42,-1,80
4519620,7,45,0,80
4520130,19,89,7,73
4520640,46,31,-9,82
4521150,78,34,7,75
4521660,6,37,0,75
4522170,18,1,-4,79
4522680,75,50,2,77
4523190,16,53,2,75
4523700,28,97,-4,79
4524210,39,61,-1,80
4524720,89,41,3,77
4525230,17,44,-1,78
4525740,29,88,-4,82
4526250,40,52,-1,83
4526760,65,32,1,82
4527270,95,76,1,81
4527780,18,17,8,73
4528290,76,40,-7,80
4528800,17,43,4,76
4529310,92,87,-11,87
4529820,13,67,17,70
4530330,25,9,-10,80
4530840,7,32,-3,83
4531350,19,79,9,74
4531860,30,21,-1,75
4532370,62,24,-4,79
4532880,92,68,0,79
4533390,20,71,6,73
4533900,31,13,-6,79
4534410,61,57,-3,82
4534920,84,37,4,78
4535430,12,40,0,78
4535940,24,84,6,72
4536450,43,26,-3,75
4536960,73,70,-13,88
4537470,21,50,14,74
4537980,96,49,2,72
4538490,24,52,-5,77
4539000,99,32,0,77
4539510,27,35,-1,78
4540020,50,15,-6,84
4540530,93,59,9,75
4541040,21,62,0,75
4541550,32,4,-14,89
4542060,89,2,8,81
4542570,44,46,0,81
4543080,0,26,2,79
4543590,12,92,0,79
4544100,39,56,-6,85
4544610,89,36,12,73
4545120,17,39,-5,78
4545630,28,19,4,74
4546140,60,25,-7,81
4546650,90,69,1,80
4547160,13,72,10,70
4547670,40,14,-10,80
4548180,53,9,3,77
4548690,96,53,-3,80
4549200,24,56,3,77
4549710,38,36,4,73
4550220,96,16,-6,79
4550730,51,60,-2,81
4551240,101,40,3,78
4551750,29,43,7,71
4552260,79,23,-5,76
4552770,7,21,-6,82
4553280,18,87,10,72
4553790,29,51,-1,73
4554300,79,31,-5,78
4554810,7,34,-2,80
4555320,19,100,4,76
4555830,46,64,-2,78
4556340,96,44,6,72
4556850,24,48,-4,76
4557360,74,28,-5,81
4557870,2,31,5,76
4558380,14,97,-6,82
4558890,41,61,6,76
4559400,91,41,3,73
4559910,19,44,-8,81
4560420,30,24,9,72
4560930,88,27,-7,79
4561440,16,25,-4,83
4561950,74,28,5,78
4562460,2,31,0,78
4562970,14,97,3,75
4563480,41,61,0,75
4563990,91,41,-1,76
4564500,19,44,0,76
4565010,30,24,1,75
4565520,88,30,3,72
4566030,16,28,-3,75
4566540,74,67,-6,81
4567050,97,47,-1,82
4567560,25,50,6,76
4568070,0,30,0,76
4568580,12,96,-8,84
4569090,39,60,7,77
4569600,89,40,-1,78
4570110,17,43,2,76
4570620,28,7,-6,82
4571130,85,2,-3,85
4571640,40,46,3,82
4572150,98,26,9,73
4572660,26,24,3,70
4573170,84,27,-5,75
4573680,12,68,-2,77
4574190,23,32,2,75
4574700,81,12,-6,81
4575210,36,24,-2,83
4575720,68,30,1,82
4576230,98,33,10,72
4576740,26,31,-6,78
4577250,84,34,7,71
4577760,12,37,-3,74
4578270,39,10,-2,76
4578780,96,5,-3,79
4579290,41,49,3,76
4579800,64,29,-2,78
4580310,94,73,4,74
4580820,15,3,-5,79
4581330,10,52,2,77
4581840,22,96,3,74
4582350,33,60,0,74
4582860,83,40,-3,77
4583370,11,43,1,76
4583880,23,87,0,76
4584390,34,29,-7,83
4584900,92,35,6,77
4585410,20,95,-1,78
4585920,31,37,-1,79
4586430,89,40,2,77
4586940,17,100,-4,81
4587450,44,64,0,81
4587960,94,44,7,74
4588470,22,47,-2,76
4588980,50,27,-5,81
4589490,80,22,3,78
4590000,8,20,0,78
4590510,19,59,2,76
4591020,30,95,0,76
4591530,41,37,-2,78
4592040,64,81,-4,82
4592550,12,61,7,75
4593060,23,3,-8,83
4593570,80,52,3,80
4594080,59,55,-3,83
4594590,82,35,4,79
4595100,10,76,6,73
4595610,37,40,-3,76
4596120,95,20,-7,83
4596630,23,18,9,74
4597140,81,57,1,73
4597650,9,60,-6,79
4598160,20,19,5,74
4598670,78,58,-6,80
4599180,6,61,5,75
4599690,33,3,-2,77
4600200,90,1,-9,86
4600710,45,45,7,79
4601220,1,25,1,78
4601730,13,91,-3,81
4602240,40,55,7,74
4602750,90,35,0,74
4603260,18,96,-6,80
4603770,45,60,2,78
4604280,95,40,4,74
4604790,23,100,-10,84
4605300,34,42,13,71
4605810,57,22,-14,85
4606320,87,66,1,84
4606830,15,69,7,77
4607340,26,11,1,76
4607850,83,6,-4,80
4608360,38,50,1,79
4608870,88,30,5,74
4609380,16,28,-2,76
4609890,44,67,-3,79
4610400,94,47,2,77
4610910,22,42,-5,82
4611420,33,22,4,78
4611930,65,45,-2,80
4612440,95,48,6,74
4612950,23,43,-4,78
4613460,73,23,-2,80
4613970,1,21,3,77
4614480,13,34,-1,78
4614990,24,73,2,76
4615500,35,15,-1,77
4616010,65,10,-3,80
4616520,20,22,8,72
4617030,78,66,-15,87
4617540,26,46,13,74
4618050,76,26,-6,80
4618560,4,24,2,78
4619070,16,63,1,77
4619580,27,5,-7,84
4620090,84,28,8,76
4620600,12,26,0,76
4621110,23,65,1,75
4621620,34,7,-4,79
4622130,91,19,-4,83
4622640,19,31,9,74
4623150,8,70,0,74
4623660,35,12,-2,76
4624170,65,7,-6,82
4624680,20,19,5,77
4625190,52,58,-1,78
4625700,0,38,-3,81
4626210,12,82,6,75
4626720,39,46,-6,81
4627230,89,26,4,77
4627740,17,24,1,76
4628250,45,63,0,76
4628760,95,43,3,73
4629270,23,1,-10,83
4629780,80,26,6,77
4630290,8,53,-2,79
4630800,19,97,3,76
4631310,46,39,-11,87
4631820,74,45,4,83
4632330,2,48,9,74
4632840,14,92,-4,78
4633350,41,56,1,77
4633860,91,36,3,74
4634370,19,96,-8,82
4634880,46,60,-4,86
4635390,96,40,9,77
4635900,24,100,-5,82
4636410,35,42,-5,87
4636920,49,45,4,83
4637430,63,89,4,79
4637940,11,69,7,72
4638450,22,11,-8,80
4638960,41,50,1,79
4639470,91,30,1,78
4639980,19,71,4,74
4640490,30,8,-7,81
4641000,87,3,-3,84
4641510,42,47,3,81
4642020,65,27,3,78
4642530,95,71,0,78
4643040,23,74,5,73
4643550,34,11,-2,75
4644060,64,6,-13,88
4644570,19,18,7,81
4645080,51,57,-2,83
4645590,101,87,0,83
4646100,22,71,10,73
4646610,33,8,-8,81
4647120,90,3,1,80
4647630,35,47,-1,81
4648140,85,91,-2,83
4648650,33,19,5,78
4649160,65,14,-6,84
4649670,95,26,9,75
4650180,23,24,-3,78
4650690,55,27,-3,81
4651200,85,71,3,78
4651710,6,101,-2,80
4652220,33,65,9,71
4652730,83,7,-13,84
4653240,11,19,8,76
4653750,6,58,3,73
4654260,17,17,-3,76
4654770,12,56,2,74
4655280,23,100,-5,79
4655790,34,37,5,74
4656300,66,81,-11,85
4656810,14,9,3,82
4657320,9,48,9,73
4657830,20,21,-8,81
4658340,15,60,7,74
4658850,26,99,2,72
4659360,37,36,-6,78
4659870,69,80,-3,81
4660380,17,8,5,76
4660890,12,47,1,75
4661400,23,86,3,72
4661910,34,23,-1,73
4662420,66,62,-8,81
4662930,89,25,5,76
4663440,17,23,1,75
4663950,16,62,7,68
4664460,27,101,-11,79
4664970,41,38,5,74
4665480,64,82,-9,83
4665990,12,10,-2,85
4666500,7,49,17,68
4667010,18,8,-10,78
4667520,13,47,6,72
4668030,24,26,-6,78
4668540,56,65,-11,89
4669050,4,95,11,78
4669560,31,59,-6,84
4670070,81,58,3,81
4670580,100,61,3,78
4671090,28,64,-1,79
4671600,78,6,1,78
4672110,33,50,1,77
4672620,66,94,-4,81
4673130,14,22,9,72
4673640,9,61,-4,76
4674150,20,62,5,71
4674660,31,101,-8,79
4675170,45,38,1,78
4675680,77,22,0,78
4676190,5,20,2,76
4676700,33,59,1,75
4677210,83,1,-13,88
4677720,38,45,7,81
4678230,66,48,-4,85
4678740,96,51,8,77
4679250,24,46,2,75
4679760,74,85,-11,86
4680270,22,13,5,81
4680780,17,52,8,73
4681290,28,91,-7,80
4681800,42,28,-2,82
4682310,74,67,-1,83
4682820,97,51,3,80
4683330,25,46,3,77
4683840,75,85,-4,81
4684350,23,13,-3,84
4684860,18,52,13,71
4685370,29,91,-4,75
4685880,43,28,-3,78
4686390,75,34,0,78
4686900,3,75,0,78
4687410,30,39,1,77
4687920,58,42,-3,80
4688430,83,37,0,80
4688940,11,78,8,72
4689450,22,42,-1,73
4689960,50,81,-2,75
4690470,100,23,-2,77
4690980,28,21,4,73
4691490,60,60,-8,81
4692000,83,90,7,74
4692510,4,74,1,73
4693020,31,38,-2,75
4693530,59,41,-8,83
4694040,78,36,4,79
4694550,6,77,6,73
4695060,33,41,0,73
4695570,61,85,-6,79
4696080,9,69,5,74
4696590,20,33,0,74
4697100,24,72,-2,76
4697610,35,9,-7,83
4698120,60,4,1,82
4698630,15,16,6,76
4699140,10,55,3,73
4699650,21,28,3,70
4700160,16,67,-3,73
4700670,27,4,-5,78
4701180,44,27,-3,81
4701690,74,22,-6,87
4702200,2,20,6,81
4702710,89,59,-6,87
4703220,17,62,15,72
4703730,28,101,-5,77
4704240,42,38,-1,78
4704750,74,22,0,78
4705260,2,20,4,74
4705770,14,86,-1,75
4706280,41,50,-1,76
4706790,73,80,-6,82
4707300,21,8,1,81
4707810,16,31,2,79
4708320,11,70,-5,84
4708830,22,34,10,74
4709340,17,73,-3,77
4709850,28,15,1,76
4710360,85,54,3,73
4710870,13,57,0,73
4711380,24,30,-3,76
4711890,19,53,0,76
4712400,30,92,-1,77
4712910,44,56,-1,78
4713420,72,86,-10,88
4713930,20,14,10,78
4714440,15,53,1,77
4714950,26,92,-5,82
4715460,40,56,3,79
4715970,90,55,-4,83
4716480,18,58,14,69
4716990,29,13,-13,82
4717500,86,52,3,79
4718010,14,55,6,73
4718520,25,28,-2,75
4719030,57,67,-2,77
4719540,5,97,-7,84
4720050,32,61,10,74
4720560,82,3,-6,80
4721070,37,15,4,76
4721580,80,10,-2,78
4722090,3,22,-4,82
4722600,84,88,1,81
4723110,5,16,-1,82
4723620,33,55,4,78
4724130,83,54,3,75
4724640,11,86,-2,77
4725150,19,50,-1,78
4725660,30,14,0,78
4726170,87,53,-4,82
4726680,15,56,10,72
4727190,26,20,-5,77
4727700,58,59,0,77
4728210,6,12,0,77
4728720,34,51,1,76
4729230,84,50,-2,78
4729740,12,53,1,77
4730250,23,17,2,75
4730760,18,56,8,67
4731270,29,20,-11,78
4731780,24,43,9,69
4732290,74,42,-17,86
4732800,15,45,18,68
4733310,26,18,-11,79
4733820,21,41,7,72
4734330,71,40,-4,76
4734840,12,43,4,72
4735350,23,16,-12,84
4735860,18,39,9,75
4736370,29,78,-2,77
4736880,43,42,-3,80
4737390,75,21,4,76
4737900,3,19,-2,78
4738410,14,0,-7,85
4738920,9,49,8,77
4739430,20,22,2,75
4739940,15,61,2,73
4740450,26,25,-2,75
4740960,12,31,1,74
4741470,40,4,-4,78
4741980,65,16,2,76
4742490,6,28,2,74
4743000,18,94,-1,75
4743510,26,58,-11,86
4744020,76,22,9,77
4744530,4,20,-4,81
4745040,15,86,5,76
4745550,23,50,-3,79
4746060,22,14,2,77
4746570,17,53,1,76
4747080,28,17,-2,78
4747590,78,23,4,74
4748100,6,21,-4,78
4748610,17,87,-2,80
4749120,25,51,3,77
4749630,75,15,-3,80
4750140,16,27,0,80
4750650,44,66,-2,82
4751160,94,46,5,77
4751670,22,4,-6,83
4752180,79,53,6,77
4752690,7,56,0,77
4753200,18,20,0,77
4753710,13,59,2,75
4754220,24,23,-4,79
4754730,56,18,-1,80
4755240,99,16,3,77
4755750,22,28,-2,79
4756260,17,51,9,70
4756770,28,15,-8,78
4757280,47,38,2,76
4757790,79,44,3,73
4758300,7,47,-2,75
4758810,19,11,-11,86
4759320,14,60,15,71
4759830,25,24,-11,82
4760340,76,30,6,76
4760850,4,71,3,73
4761360,31,35,-9,82
4761870,81,14,4,78
4762380,22,26,-4,82
4762890,84,49,4,78
4763400,12,52,7,71
4763910,23,25,1,70
4764420,9,48,-3,73
4764930,20,21,-2,75
4765440,15,27,-2,77
4765950,10,66,-2,79
4766460,13,30,-2,81
4766970,41,96,-1,82
4767480,55,60,3,79
4767990,3,90,-3,82
4768500,30,54,5,77
4769010,80,53,-10,87
4769520,21,56,11,76
4770030,35,20,-4,80
4770540,67,26,4,76
4771050,97,38,5,71
4771560,25,36,-5,76
4772070,53,59,-4,80
4772580,1,89,0,80
4773090,28,53,4,76
4773600,78,17,-4,80
4774110,19,29,1,79
4774620,18,52,5,74
4775130,32,16,-11,85
4775640,14,39,13,72
4776150,64,3,-9,81
4776660,19,15,1,80
4777170,14,38,4,76
4777680,42,2,-4,80
4778190,76,14,1,79
4778700,17,26,0,79
4779210,12,49,4,75
4779720,24,13,-3,78
4780230,81,36,5,73
4780740,9,77,-1,74
4781250,17,41,-1,75
4781760,45,5,-5,80
4782270,70,3,-3,83
4782780,25,15,7,76
4783290,44,38,1,75
4783800,67,68,-11,86
4784310,15,98,6,80
4784820,23,62,5,75
4785330,37,26,-1,76
4785840,87,32,1,75
4786350,15,30,-5,80
4786860,43,87,1,79
4787370,93,51,2,77
4787880,21,46,7,70
4788390,71,10,-12,82
4788900,12,22,5,77
4789410,7,46,-3,80
4789920,19,10,0,80
4790430,14,59,9,71
4790940,28,23,-3,74
4791450,61,29,-8,82
4791960,2,73,-1,83
4792470,29,27,8,75
4792980,15,50,3,72
4793490,29,23,1,71
4794000,61,29,-13,84
4794510,2,73,6,78
4795020,29,37,5,73
4795530,62,60,-11,84
4796040,10,90,6,78
4796550,18,54,5,73
4797060,32,27,-4,77
4797570,64,50,-5,82
4798080,12,80,3,79
4798590,20,44,7,72
4799100,70,8,-6,78
4799610,95,20,-1,79
4800120,18,32,8,71
4800630,68,5,-11,82
4801140,93,17,1,81
4801650,16,29,8,73
4802160,44,53,-11,84
4802670,94,83,-3,87
4803180,15,11,3,84
4803690,10,60,7,77
4804200,13,24,2,75
4804710,8,81,-2,77
4805220,35,45,3,74
4805730,68,75,-12,86
4806240,16,3,9,77
4806750,73,52,-10,87
4807260,14,84,6,81
4807770,22,48,7,74
4808280,36,21,-10,84
4808790,86,44,5,79
4809300,14,39,2,77
4809810,42,12,-4,81
4810320,85,24,4,77
4810830,13,22,-3,80
4811340,41,45,1,79
4811850,91,75,-2,81
4812360,12,3,2,79
4812870,7,52,7,72
4813380,19,16,-8,80
4813890,14,39,1,79
4814400,42,12,-3,82
4814910,85,24,6,76
4815420,13,22,0,76
4815930,8,45,0,76
4816440,20,18,-10,86
4816950,15,41,9,77
4817460,43,5,-4,81
4817970,68,3,-3,84
4818480,93,15,5,79
4818990,16,27,9,70
4819500,11,50,0,70
4820010,23,23,-7,77
4820520,9,46,5,72
4821030,21,19,-3,75
4821540,54,20,-4,79
4822050,84,64,-4,83
4822560,93,96,0,83
4823070,14,24,3,80
4823580,9,47,6,74
4824090,21,20,-8,82
4824600,16,43,10,72
4825110,30,16,-8,80
4825620,78,39,5,75
4826130,6,80,0,75
4826640,33,44,-2,77
4827150,83,76,-2,79
4827660,4,4,-3,82
4828170,15,53,6,76
4828680,29,26,-3,79
4829190,15,49,2,77
4829700,29,22,3,74
4830210,52,45,-7,81
4830720,75,75,-3,84
4831230,23,3,0,84
4831740,80,52,2,82
4832250,89,34,5,77
4832760,17,32,3,74
4833270,45,50,-7,81
4833780,95,80,-3,84
4834290,16,8,7,77
4834800,11,57,5,72
4835310,14,30,-3,75
4835820,0,87,-5,80
4836330,27,51,4,76
4836840,77,6,-1,77
4837350,0,18,0,77
4837860,28,19,-2,79
4838370,48,42,3,76
4838880,71,72,-9,85
4839390,19,0,2,83
4839900,76,49,4,79
4840410,17,81,6,73
4840920,25,45,-3,76
4841430,75,75,-7,83
4841940,23,3,-1,84
4842450,80,26,6,78
4842960,8,24,0,78
4843470,36,90,-6,84
4843980,50,54,5,79
4844490,100,84,-2,81
4845000,81,12,2,79
4845510,22,24,-3,82
4846020,55,47,0,82
4846530,78,77,-1,83
4847040,101,5,2,81
4847550,24,17,0,81
4848060,19,40,5,76
4848570,69,97,-8,84
4849080,17,25,12,72
4849590,45,48,-8,80
4850100,68,78,-5,85
4850610,16,6,10,75
4851120,11,55,1,74
4851630,14,19,-9,83
4852140,9,42,8,75
4852650,21,15,0,75
4853160,16,38,-3,78
4853670,44,95,2,76
4854180,58,59,-7,83
4854690,81,89,3,80
4855200,29,17,4,76
4855710,77,40,-3,79
4856220,5,81,-1,80
4856730,32,45,-2,82
4857240,82,68,-2,84
4857750,3,98,0,84
4858260,30,62,4,80
4858770,80,26,3,77
4859280,8,24,-5,82
4859790,36,25,8,74
4860300,56,31,-7,81
4860810,86,55,-1,82
4861320,95,58,8,74
4861830,2,61,-5,79
4862340,76,25,5,74
4862850,4,23,-2,76
4863360,16,98,-1,77
4863870,24,62,-1,78
4864380,74,17,-2,80
4864890,15,29,2,78
4865400,19,86,1,77
4865910,27,50,-3,80
4866420,77,80,-9,89
4866930,25,8,10,79
4867440,59,31,-4,83
4867950,89,75,8,75
4868460,10,3,-5,80
4868970,5,52,6,74
4869480,21,25,-1,75
4869990,25,48,0,75
4870500,75,3,-10,85
4871010,100,15,3,82
4871520,23,27,3,79
4872030,9,50,6,73
4872540,21,23,1,72
4873050,7,46,-2,74
4873560,23,19,-6,80
4874070,43,42,3,77
4874580,66,21,1,76
4875090,96,19,-8,84
4875600,28,31,6,78
4876110,42,54,2,76
4876620,92,84,-12,88
4877130,13,12,9,79
4877640,8,35,-6,85
4878150,20,8,1,84
4878660,15,31,6,78
4879170,19,49,3,75
4879680,33,4,-9,84
4880190,67,23,6,78
4880700,97,21,2,76
4881210,20,33,2,74
4881720,70,56,-10,84
4882230,95,86,3,81
4882740,16,14,4,77
4883250,11,37,5,72
4883760,25,94,-8,80
4884270,39,49,3,77
4884780,62,79,-5,82
4885290,10,7,0,82
4885800,84,56,0,82
4886310,93,59,4,78
4886820,0,91,-1,79
4887330,27,55,-4,83
4887840,77,10,2,81
4888350,9,22,3,78
4888860,12,46,3,75
4889370,26,19,-2,77
4889880,46,42,-3,80
4890390,69,21,0,80
4890900,99,19,0,80
4891410,22,31,2,78
4891920,53,84,-4,82
4892430,1,12,2,80
4892940,29,13,4,76
4893450,42,36,0,76
4893960,65,66,-8,84
4894470,88,96,5,79
4894980,36,24,-2,81
4895490,14,47,8,73
4896000,28,65,-3,76
4896510,42,20,2,74
4897020,55,39,-12,86
4897530,98,45,15,71
4898040,26,86,-7,78
4898550,40,41,1,77
4899060,54,73,-1,78
4899570,2,1,-7,85
4900080,13,50,17,68
4900590,27,23,-6,74
4901100,47,2,-1,75
4901610,81,14,1,74
4902120,22,26,-7,81
4902630,26,49,5,76
4903140,76,89,-5,81
4903650,24,17,5,76
4904160,44,23,-5,81
4904670,74,42,4,77
4905180,15,45,1,76
4905690,29,63,3,73
4906200,43,18,-1,74
4906710,56,37,-10,84
4907220,99,43,9,75
4907730,27,84,1,74
4908240,41,39,-9,83
4908750,64,18,1,82
4909260,5,16,2,80
4909770,33,55,-3,83
4910280,83,61,2,81
4910790,92,93,3,78
4911300,13,21,-1,79
4911810,8,22,-11,90
4912320,36,61,13,77
4912830,86,91,-8,85
4913340,7,19,4,81
4913850,10,58,6,75
4914360,13,77,2,73
4914870,21,41,-6,79
4915380,96,80,-3,82
4915890,17,8,5,77
4916400,74,31,-5,82
4916910,2,34,3,79
4917420,50,7,2,77
4917930,93,19,-5,82
4918440,34,31,-2,84
4918950,54,54,3,81
4919460,77,84,-9,90
4919970,25,12,10,80
4920480,44,35,1,79
4920990,67,65,-1,80
4921500,90,95,-2,82
4922010,11,23,3,79
4922520,39,62,-2,81
4923030,89,92,-6,87
4923540,10,20,17,70
4924050,13,59,-5,75
4924560,21,32,1,74
4925070,71,55,-10,84
4925580,12,85,1,83
4926090,20,49,3,80
4926600,70,4,0,80
4927110,2,16,-2,82
4927620,85,17,-4,86
4928130,26,29,8,78
4928640,40,82,-1,79
4929150,54,10,0,79
4929660,97,22,-4,83
4930170,38,34,8,75
4930680,61,81,-12,87
4931190,9,9,7,80
4931700,4,58,5,75
4932210,78,31,-3,78
4932720,6,72,-4,82
4933230,33,36,5,77
4933740,56,15,-1,78
4934250,99,27,-2,80
4934760,27,39,2,78
4935270,50,92,-1,79
4935780,100,20,0,79
4936290,41,32,0,79
4936800,13,55,8,71
4937310,27,28,-4,75
4937820,69,75,-12,87
4938330,17,3,7,80
4938840,74,52,1,79
4939350,15,55,1,78
4939860,29,4,0,78
4940370,63,23,-3,81
4940880,17,64,8,73
4941390,31,37,-10,83
4941900,54,90,2,81
4942410,2,18,-5,86
4942920,30,19,6,80
4943430,24,42,1,79
4943940,74,43,1,78
4944450,2,46,6,72
4944960,18,19,-11,83
4945470,22,42,13,70
4945980,72,68,-16,86
4946490,20,98,9,77
4947000,28,80,-4,81
4947510,42,29,-2,83
4948020,61,52,3,80
4948530,9,82,-1,81
4949040,36,46,2,79
4949550,86,76,-2,81
4950060,7,4,-5,86
4950570,2,53,15,71
4951080,18,26,-3,74
4951590,68,79,-7,81
4952100,16,7,-2,83
4952610,11,56,10,73
4953120,19,29,-3,76
4953630,69,52,-8,84
4954140,10,31,16,68
4954650,24,49,-6,74
4955160,38,75,-5,79
4955670,52,3,-6,85
4956180,86,15,7,78
4956690,27,27,2,76
4957200,69,50,-3,79
4957710,10,45,8,71
4958220,22,18,-2,73
4958730,36,65,-9,82
4959240,86,95,-5,87
4959750,34,23,0,87
4960260,53,46,9,78
4960770,76,93,-7,85
4961280,24,21,8,77
4961790,44,68,-7,84
4962300,94,98,1,83
4962810,15,26,5,78
4963320,18,65,4,74
4963830,32,83,-6,80
4964340,46,38,4,76
4964850,69,85,-9,85
4965360,17,13,4,81
4965870,12,62,3,78
4966380,15,35,4,74
4966890,43,8,-5,79
4967400,86,20,0,79
4967910,27,32,6,73
4968420,50,11,-7,80
4968930,93,23,1,79
4969440,34,35,1,78
4969950,57,82,-2,80
4970460,5,10,2,78
4970970,33,59,-3,81
4971480,83,89,2,79
4971990,31,17,-1,80
4972500,50,61,6,74
4973010,100,91,-7,81
4973520,21,19,9,72
4974030,26,72,-3,75
4974540,40,27,-4,79
4975050,70,50,-4,83
4975560,89,45,5,78
4976070,17,40,1,77
4976580,45,58,-2,79
4977090,95,88,-6,85
4977600,21,16,16,69
4978110,40,39,-17,86
4978620,63,86,3,83
4979130,11,14,3,80
4979640,6,53,4,76
4980150,22,26,6,70
4980660,27,79,-10,80
4981170,41,34,4,76
4981680,46,57,-3,79
4982190,96,87,0,79
4982700,17,15,0,79
4983210,12,8,-3,82
4983720,7,57,11,71
4984230,23,30,-13,84
4984740,28,83,6,78
4985250,42,38,0,78
4985760,65,91,-3,81
4986270,13,19,-4,85
4986780,8,58,11,74
4987290,24,31,0,74
4987800,74,84,-9,83
4988310,22,12,3,80
4988820,41,35,6,74
4989330,64,82,-8,82
4989840,12,10,1,81
4990350,7,59,4,77
4990860,23,32,1,76
4991370,73,85,-10,86
4991880,21,13,14,72
4992390,40,36,-6,78
4992900,63,83,-8,86
4993410,11,11,4,82
4993920,6,60,9,73
4994430,22,33,-5,78
4994940,72,86,-5,83
4995450,20,14,3,80
4995960,39,37,3,77
4996470,62,84,-4,81
4996980,10,12,4,77
4997490,5,58,0,77
4998000,21,31,-2,79
4998510,71,84,-4,83
4999020,19,12,7,76
4999530,38,65,-4,80
5000040,88,95,-2,82
5000550,36,23,1,81
5001060,55,46,1,80
5001570,70,93,-1,81
5002080,18,38,5,76
5002590,68,56,-14,90
5003100,83,1,11,79
5003610,28,13,-4,83
5004120,85,36,8,75
5004630,13,77,-1,76
5005140,1,50,2,74
5005650,49,23,-8,82
5006160,79,18,3,79
5006670,20,30,4,75
5007180,70,83,-9,84
5007690,18,62,8,76
5008200,32,49,-2,78
5008710,82,96,-8,86
5009220,30,24,7,79
5009730,80,71,-9,88
5010240,28,101,12,76
5010750,42,56,-3,79
5011260,92,86,-1,80
5011770,13,31,8,72
5012280,16,49,-7,79
5012790,30,36,4,75
5013300,72,15,-6,81
5013810,13,27,5,76
5014320,17,45,5,71
5014830,92,32,-7,78
5015340,20,73,4,74
5015850,28,60,-2,76
5016360,1,47,6,70
5016870,49,20,-16,86
5017380,92,15,5,81
5017890,33,27,1,80
5018400,90,50,1,79
5018910,18,45,7,72
5019420,93,32,-4,76
5019930,30,73,-2,78
5020440,3,28,3,75
5020950,51,15,-8,83
5021460,94,27,-1,84
5021970,22,68,4,80
5022480,36,55,1,79
5022990,22,85,1,78
5023500,36,40,1,77
5024010,0,19,-5,82
5024520,28,20,-1,83
5025030,78,43,10,73
5025540,6,38,-5,78
5026050,54,11,-2,80
5026560,97,23,1,79
5027070,52,35,-4,83
5027580,82,30,6,77
5028090,10,25,0,77
5028600,13,12,2,75
5029110,8,61,-3,78
5029620,56,48,2,76
5030130,4,95,-9,85
5030640,31,59,-1,86
5031150,81,46,8,78
5031660,9,41,4,74
5032170,57,28,-7,81
5032680,5,23,8,73
5033190,53,10,-5,78
5033700,96,22,0,78
5034210,51,34,-3,81
5034720,101,29,7,74
5035230,29,70,-6,80
5035740,2,25,-1,81
5036250,50,12,0,81
5036760,93,24,1,80
5037270,21,19,3,77
5037780,54,72,-7,84
5038290,2,0,-2,86
5038800,13,49,16,70
5039310,68,36,-16,86
5039820,98,31,4,82
5040330,26,72,7,75
5040840,40,27,-3,78
5041350,90,50,0,78
5041860,18,45,1,77
5042370,93,0,-9,86
5042880,38,12,8,78
5043390,72,24,4,74
5043900,0,65,1,73
5044410,27,29,-5,78
5044920,77,82,-6,84
5045430,25,10,1,83
5045940,82,33,11,72
5046450,10,74,-5,77
5046960,18,38,12,65
5047470,93,25,-13,78
5047980,21,20,-2,80
5048490,54,73,1,79
5049000,2,1,-3,82
5049510,13,50,4,78
5050020,68,37,-3,81
5050530,98,40,11,70
5051040,26,81,-13,83
5051550,40,68,4,79
5052060,90,98,-2,81
5052570,38,26,1,80
5053080,88,49,3,77
5053590,16,44,2,75
5054100,66,31,-7,82
5054610,96,26,-1,83
5055120,24,21,3,80
5055630,41,74,2,78
5056140,91,54,-1,79
5056650,19,49,0,79
5057160,69,36,-2,81
5057670,99,31,3,78
5058180,27,72,-2,80
5058690,0,27,1,79
5059200,48,0,0,79
5059710,82,12,-4,83
5060220,14,24,5,78
5060730,13,77,-2,80
5061240,21,41,1,79
5061750,71,28,-1,80
5062260,101,69,4,76
5062770,49,64,-7,83
5063280,99,94,-4,87
5063790,47,39,2,85
5064300,97,86,6,79
5064810,18,31,5,74
5065320,68,88,-7,81
5065830,16,16,2,79
5066340,11,69,4,75
5066850,19,56,-1,76
5067360,69,11,-2,78
5067870,1,23,2,76
5068380,49,89,-2,78
5068890,99,69,-4,82
5069400,47,64,-3,85
5069910,97,94,3,82
5070420,45,22,2,80
5070930,95,63,-2,82
5071440,43,58,-2,84
5071950,93,88,3,81
5072460,41,33,-2,83
5072970,91,80,0,83
5073480,39,25,-3,86
5073990,89,78,10,76
5074500,37,23,-5,81
5075010,87,46,2,79
5075520,35,41,-3,82
5076030,21,94,-2,84
5076540,24,58,10,74
5077050,74,13,-4,78
5077560,6,46,7,71
5078070,18,33,-10,81
5078580,68,90,0,81
5079090,16,18,1,80
5079600,66,71,-2,82
5080110,14,101,3,79
5080620,62,65,-4,83
5081130,10,95,2,81
5081640,58,59,1,80
5082150,6,4,2,78
5082660,17,53,6,72
5083170,31,40,-6,78
5083680,81,93,-5,83
5084190,29,21,6,77
5084700,79,68,-6,83
5085210,27,98,4,79
5085720,28,53,0,79
5086230,78,40,6,73
5086740,6,35,-1,74
5087250,18,8,-6,80
5087760,75,31,0,80
5088270,3,72,7,73
5088780,51,36,-1,74
5089290,101,31,-3,77
5089800,29,72,2,75
5090310,2,27,-2,77
5090820,50,92,-3,80
5091330,100,20,5,75
5091840,32,32,-7,82
5092350,82,79,5,77
5092860,67,24,-6,83
5093370,97,19,5,78
5093880,29,31,1,77
5094390,79,78,-7,84
5094900,27,6,9,75
5095410,61,29,-6,81
5095920,9,70,6,75
5096430,57,57,-4,79
5096940,5,87,0,79
5097450,53,51,1,78
5097960,1,81,-3,81
5098470,28,45,2,79
5098980,94,32,-1,80
5099490,22,73,4,76
5100000,36,60,-13,89
5100510,86,11,7,82
5101020,18,23,6,76
5101530,35,24,-4,80
5102040,85,71,-1,81
5102550,33,16,2,79
5103060,67,69,-7,86
5103570,15,99,9,77
5104080,23,86,3,74
5104590,24,73,-4,78
5105100,38,60,-1,79
5105610,88,90,-3,82
5106120,36,18,-1,83
5106630,86,71,3,80
5107140,34,101,-4,84
5107650,48,56,6,78
5108160,28,86,2,76
5108670,42,73,-6,82
5109180,92,1,-7,89
5109690,37,13,10,79
5110200,71,8,-3,82
5110710,3,20,2,80
5111220,31,7,-3,83
5111730,65,30,1,82
5112240,95,71,2,80
5112750,8,66,8,72
5113260,56,53,-2,74
5113770,4,100,-10,84
5114280,52,87,3,81
5114790,0,15,-6,87
5115300,28,16,5,82
5115810,47,69,2,80
5116320,97,99,-2,82
5116830,45,27,-1,83
5117340,95,43,9,74
5117850,23,38,1,73
5118360,73,25,-8,81
5118870,1,66,8,73
5119380,49,39,-6,79
5119890,64,86,-7,86
5120400,12,71,14,72
5120910,20,85,-6,78
5121420,23,72,3,75
5121930,37,59,-4,79
5122440,87,4,-2,81
5122950,32,16,-1,82
5123460,89,57,-1,83
5123970,17,60,6,77
5124480,20,47,3,74
5124990,70,34,-9,83
5125500,100,75,7,76
5126010,13,5,2,74
5126520,8,54,0,74
5127030,20,21,-3,77
5127540,23,74,2,75
5128050,37,61,-4,79
5128560,87,48,-3,82
5129070,15,51,9,73
5129580,14,38,-6,79
5130090,42,56,3,76
5130600,90,86,-2,78
5131110,11,31,2,76
5131620,14,18,-3,79
5132130,9,19,-3,82
5132640,37,20,2,80
5133150,87,73,-5,85
5133660,35,1,5,80
5134170,69,20,1,79
5134680,1,61,1,78
5135190,49,79,-2,80
5135700,99,7,-8,88
5136210,31,19,13,75
5136720,48,72,-6,81
5137230,98,0,-2,83
5137740,30,12,8,75
5138250,73,65,-8,83
5138760,21,10,11,72
5139270,55,49,-11,83
5139780,3,96,1,82
5140290,30,60,8,74
5140800,80,47,-5,79
5141310,8,50,2,77
5141820,20,23,-4,81
5142330,23,62,7,74
5142840,98,35,-8,82
5143350,26,76,6,76
5143860,40,63,-2,78
5144370,90,93,-10,88
5144880,38,21,10,78
5145390,88,62,-5,83
5145900,1,65,9,74
5146410,28,38,-4,78
5146920,45,91,-10,88
5147430,95,78,10,78
5147940,18,23,3,75
5148450,21,24,4,71
5148960,38,77,-12,83
5149470,88,64,1,82
5149980,1,67,8,74
5150490,28,40,-3,77
5151000,78,41,-1,78
5151510,6,44,5,73
5152020,18,17,-12,85
5152530,13,56,9,76
5153040,25,29,-5,81
5153550,42,30,3,78
5154060,92,31,2,76
5154570,20,72,1,75
5155080,23,59,-8,83
5155590,98,32,9,74
5156100,26,73,4,70
5156610,40,46,-10,80
5157120,26,93,3,77
5157630,29,30,3,74
5158140,46,77,-6,80
5158650,25,50,2,78
5159160,75,89,-9,87
5159670,23,17,11,76
5160180,26,56,1,75
5160690,101,29,-3,78
5161200,29,70,-2,80
5161710,2,43,3,77
5162220,50,16,-2,79
5162730,75,11,-4,83
5163240,7,23,9,74
5163750,35,24,-5,79
5164260,50,63,4,75
5164770,100,93,-8,83
5165280,21,21,3,80
5165790,24,60,-6,86
5166300,99,33,10,76
5166810,27,74,-2,78
5167320,41,47,3,75
5167830,27,94,-8,83
5168340,30,31,6,77
5168850,45,32,2,75
5169360,75,53,-8,83
5169870,90,56,8,75
5170380,18,59,0,75
5170890,21,32,-2,77
5171400,38,71,-6,83
5171910,24,44,10,73
5172420,74,17,-7,80
5172930,15,34,5,75
5173440,43,73,-14,89
5173950,93,46,22,67
5174460,21,41,-7,74
5174970,49,14,-6,80
5175480,74,31,2,78
5175990,2,72,7,71
5176500,29,45,-3,74
5177010,15,46,0,74
5177520,18,19,-3,77
5178030,13,58,4,73
5178540,16,64,3,70
5179050,19,37,-4,74
5179560,47,76,-7,81
5180070,97,49,6,75
5180580,25,44,2,73
5181090,11,17,-4,77
5181600,6,56,-2,79
5182110,18,29,4,75
5182620,13,68,2,73
5183130,25,41,0,73
5183640,75,14,-10,83
5184150,16,31,11,72
5184660,44,70,-10,82
5185170,94,21,4,78
5185680,26,38,-2,80
5186190,21,39,-6,86
5186700,49,78,5,81
5187210,99,51,4,77
5187720,27,46,0,77
5188230,77,47,-8,85
5188740,5,51,15,70
5189250,17,24,-7,77
5189760,12,63,4,73
5190270,24,36,0,73
5190780,19,9,-12,85
5191290,38,58,5,80
5191800,88,31,4,76
5192310,16,72,-1,77
5192820,19,45,8,69
5193330,47,18,-9,78
5193840,77,13,-1,79
5194350,0,30,2,77
5194860,48,3,1,76
5195370,82,20,-1,77
5195880,14,49,3,74
5196390,25,22,1,73
5196900,28,23,-11,84
5197410,23,76,13,71
5197920,26,49,-7,78
5198430,12,22,-3,81
5198940,7,61,4,77
5199450,19,34,3,74
5199960,47,73,0,74
5200470,59,44,-10,84
5200980,74,47,6,78
5201490,93,50,3,75
5202000,21,45,1,74
5202510,24,18,0,74
5203020,2,57,-1,75
5203530,50,30,-2,77
5204040,69,46,-8,85
5204550,84,49,12,73
5205060,12,52,1,72
5205570,23,25,-2,74
5206080,18,26,-1,75
5206590,13,65,-3,78
5207100,24,38,9,69
5207610,52,56,-10,79
5208120,23,1,0,79
5208630,57,50,-4,83
5209140,72,97,5,78
5209650,20,42,3,75
5210160,48,15,-10,85
5210670,91,10,3,82
5211180,2,27,1,81
5211690,14,0,-2,83
5212200,9,49,8,75
5212710,21,22,-5,80
5213220,16,61,5,75
5213730,28,34,-2,77
5214240,45,87,0,77
5214750,31,60,-1,78
5215260,17,33,4,74
5215770,12,62,1,73
5216280,24,35,-4,77
5216790,47,53,-2,79
5217300,33,100,2,77
5217810,19,73,1,76
5218320,22,46,4,72
5218830,8,19,-6,78
5219340,36,58,-1,79
5219850,22,31,3,76
5220360,17,70,3,73
5220870,20,43,1,72
5221380,6,16,-7,79
5221890,34,55,3,76
5222400,20,28,-1,77
5222910,15,29,-5,82
5223420,10,68,14,68
5223930,100,41,-9,77
5224440,28,82,-3,80
5224950,14,55,4,76
5225460,26,28,-2,78
5225970,21,29,6,72
5226480,7,68,3,69
5226990,10,41,-6,75
5227500,22,14,3,72
5228010,41,53,-10,82
5228520,27,100,5,77
5229030,13,73,5,72
5229540,25,46,-1,73
5230050,53,19,-10,83
5230560,83,14,7,76
5231070,6,31,0,76
5231580,18,4,-3,79
5232090,13,53,3,76
5232600,25,26,-6,82
5233110,20,29,5,77
5233620,6,30,4,73
5234130,18,3,-7,80
5234640,13,52,5,75
5235150,25,25,-6,81
5235660,20,64,7,74
5236170,75,37,-5,79
5236680,3,78,6,73
5237190,30,51,-3,76
5237700,16,24,-4,80
5238210,11,25,0,80
5238720,6,64,7,73
5239230,9,37,3,70
5239740,21,10,-10,80
5240250,40,59,-2,82
5240760,26,60,1,81
5241270,101,33,5,76
5241780,29,74,0,76
5242290,2,47,1,75
5242800,14,20,-4,79
5243310,9,59,4,75
5243820,21,32,-2,77
5244330,16,71,6,71
5244840,19,44,-5,76
5245350,47,17,-5,81
5245860,69,12,4,77
5246370,10,29,0,77
5246880,5,47,5,72
5247390,17,20,-4,76
5247900,19,59,-2,78
5248410,22,9,-1,79
5248920,41,48,9,70
5249430,27,95,-13,83
5249940,30,32,7,76
5250450,16,79,4,72
5250960,19,52,-1,73
5251470,22,25,-2,75
5251980,17,26,-1,76
5252490,12,27,-4,80
5253000,7,66,8,72
5253510,10,39,-1,73
5254020,22,12,-4,77
5254530,41,51,-6,83
5255040,69,98,-4,87
5255550,17,43,3,84
5256060,16,16,4,80
5256570,11,55,5,75
5257080,23,28,-3,78
5257590,18,29,1,77
5258100,13,68,5,72
5258610,16,41,-2,74
5259120,19,59,1,73
5259630,22,77,-3,76
5260140,77,95,-2,78
5260650,25,40,1,77
5261160,20,41,7,70
5261670,6,14,-9,79
5262180,1,53,6,73
5262690,13,26,-1,74
5263200,8,65,0,74
5263710,11,38,1,73
5264220,22,56,-3,76
5264730,21,29,1,75
5265240,20,68,1,74
5265750,23,86,-3,77
5266260,1,23,2,75
5266770,13,24,-6,81
5267280,8,63,9,72
5267790,20,36,-10,82
5268300,15,75,6,76
5268810,18,48,-1,77
5269320,17,66,4,73
5269830,20,84,-1,74
5270340,23,0,-6,80
5270850,57,49,-4,84
5271360,72,96,0,84
5271870,20,41,7,77
5272380,19,59,0,77
5272890,18,77,-3,80
5273400,21,95,3,77
5273910,24,82,0,77
5274420,27,19,-7,84
5274930,46,58,0,84
5275440,32,3,5,79
5275950,66,28,-3,82
5276460,96,69,7,75
5276970,9,72,3,72
5277480,99,59,-9,81
5277990,27,62,1,80
5278500,13,80,2,78
5279010,1,53,2,76
5279520,13,26,4,72
5280030,8,65,-7,79
5280540,11,38,9,70
5281050,22,56,-9,79
5281560,21,74,8,71
5282070,7,92,-4,75
5282580,97,56,-5,80
5283090,14,59,10,70
5283600,26,77,-4,74
5284110,12,14,-3,77
5284620,7,53,-2,79
5285130,19,26,2,77
5285640,18,65,3,74
5286150,17,83,2,72
5286660,5,70,-3,75
5287170,8,43,-1,76
5287680,20,16,-3,79
5288190,15,55,4,75
5288700,14,73,0,75
5289210,2,46,1,74
5289720,14,19,-6,80
5290230,9,58,4,76
5290740,21,31,6,70
5291250,20,70,-8,78
5291760,19,88,3,75
5292270,7,75,5,70
5292780,97,48,-1,71
5293290,25,43,-2,73
5293800,20,90,-4,77
5294310,8,63,5,72
5294820,98,36,-10,82
5295330,26,77,8,74
5295840,25,14,-3,77
5296350,44,53,-1,78
5296860,30,100,2,76
5297370,16,37,0,76
5297880,15,76,0,76
5298390,80,49,1,75
5298900,95,52,1,74
5299410,23,47,0,74
5299920,22,86,1,73
5300430,10,2,-10,83
5300940,5,51,10,73
5301450,17,24,-1,74
5301960,16,63,-1,75
5302470,28,81,-4,79
5302980,27,18,7,72
5303490,46,57,-6,78
5304000,32,2,-2,80
5304510,66,27,-2,82
5305020,7,68,8,74
5305530,19,41,1,73
5306040,15,14,-8,81
5306550,10,53,8,73
5307060,22,26,-2,75
5307570,21,65,4,71
5308080,20,83,-4,75
5308590,8,101,-13,88
5309100,73,65,2,86
5309610,88,10,4,82
5310120,29,27,6,76
5310630,15,74,3,73
5311140,80,47,3,70
5311650,95,50,-7,77
5312160,23,53,-4,81
5312670,22,92,1,80
5313180,10,29,1,79
5313690,5,47,4,75
5314200,17,20,0,75
5314710,16,59,-2,77
5315220,15,77,5,72
5315730,3,50,-2,74
5316240,15,23,5,69
5316750,14,62,-7,76
5317260,26,80,-1,77
5317770,25,17,-1,78
5318280,44,56,-3,81
5318790,30,1,2,79
5319300,47,26,-3,82
5319810,66,65,2,80
5320320,81,10,-5,85
5320830,22,27,9,76
5321340,21,66,8,68
5321850,20,101,-8,76
5322360,85,43,2,74
5322870,13,46,-4,78
5323380,12,64,3,75
5323890,0,37,-1,76
5324400,12,10,-4,80
5324910,7,49,5,75
5325420,19,22,-8,83
5325930,18,61,10,73
5326440,17,100,-7,80
5326950,25,36,6,74
5327460,24,83,-5,79
5327970,23,20,4,75
5328480,9,59,6,69
5328990,21,32,-11,80
5329500,20,71,2,78
5330010,19,8,-5,83
5330520,14,47,6,77
5331030,13,65,8,69
5331540,78,38,-8,77
5332050,6,41,-1,78
5332560,18,14,0,78
5333070,13,53,1,77
5333580,12,71,2,75
5334090,0,44,3,72
5334600,12,17,-3,75
5335110,11,56,1,74
5335620,23,29,1,73
5336130,22,68,-2,75
5336640,21,5,-2,77
5337150,43,28,-4,81
5337660,21,67,7,74
5338170,20,4,-5,79
5338680,42,27,-3,82
5339190,61,30,2,80
5339700,80,71,0,80
5340210,95,16,-2,82
5340720,31,33,10,72
5341230,17,80,-4,76
5341740,82,17,0,76
5342250,23,58,0,76
5342760,22,59,1,75
5343270,21,60,0,75
5343780,20,61,4,71
5344290,19,100,-7,78
5344800,27,64,-4,82
5345310,26,65,7,75
5345820,28,2,-3,78
5346330,62,92,-5,83
5346840,10,37,14,69
5347350,9,38,-7,76
5347860,21,39,7,69
5348370,20,78,-4,73
5348880,19,15,-4,77
5349390,52,54,0,77
5349900,77,101,-5,82
5350410,25,46,6,76
5350920,24,85,2,74
5351430,23,22,-6,80
5351940,56,61,3,77
5352450,81,6,-6,83
5352960,17,50,16,67
5353470,16,51,-11,78
5353980,15,13,-1,79
5354490,10,52,2,77
5355000,22,25,3,74
5355510,55,26,-3,77
5356020,85,67,-3,80
5356530,100,12,-2,82
5357040,36,29,6,76
5357550,14,30,0,76
5358060,13,69,4,72
5358570,78,11,-10,82
5359080,19,28,7,75
5359590,18,67,-3,78
5360100,17,4,-2,80
5360610,59,27,-2,82
5361120,0,68,5,77
5361630,29,32,2,75
5362140,15,79,-6,81
5362650,80,43,2,79
5363160,21,46,6,73
5363670,20,47,-8,81
5364180,19,86,2,79
5364690,84,35,4,75
5365200,12,76,0,75
5365710,77,35,-9,84
5366220,5,76,7,77
5366730,70,40,-4,81
5367240,11,43,5,76
5367750,10,44,2,74
5368260,84,45,-5,79
5368770,4,40,2,77
5369280,16,13,-7,84
5369790,15,52,7,77
5370300,14,53,5,72
5370810,13,54,-2,74
5371320,12,55,4,70
5371830,11,28,-5,75
5372340,10,29,-3,78
5372850,9,30,-6,84
5373360,37,31,4,80
5373870,30,32,5,75
5374380,16,33,-4,79
5374890,15,72,5,74
5375400,18,45,-4,78
5375910,17,46,5,73
5376420,16,47,-3,76
5376930,15,48,1,75
5377440,14,49,7,68
5377950,13,50,-8,76
5378460,12,51,3,73
5378970,11,52,-3,76
5379480,23,25,4,72
5379990,26,26,-3,75
5380500,12,27,-1,76
5381010,11,66,6,70
5381520,76,39,-9,79
5382030,95,80,-4,83
5382540,16,25,6,77
5383050,15,26,-1,78
5383560,14,37,7,71
5384070,13,38,-13,84
5384580,12,39,11,73
5385090,11,40,-1,74
5385600,10,41,-5,79
5386110,9,14,-2,81
5386620,4,53,4,77
5387130,16,26,1,76
5387640,15,65,-1,77
5388150,14,38,0,77
5388660,13,11,-5,82
5389170,8,50,7,75
5389680,73,23,-6,81
5390190,14,64,4,77
5390700,79,37,4,73
5391210,7,78,-5,78
5391720,72,42,-7,85
5392230,13,37,5,80
5392740,12,38,7,73
5393250,11,11,-12,85
5393760,6,50,16,69
5394270,18,23,-6,75
5394780,17,24,8,67
5395290,16,63,-8,75
5395800,15,36,7,68
5396310,14,37,-12,80
5396820,13,38,10,70
5397330,12,93,-6,76
5397840,77,57,-4,80
5398350,92,52,2,78
5398860,12,47,7,71
5399370,11,20,-6,77
5399880,10,59,3,74
5400390,75,32,-3,77
5400900,3,73,3,74
5401410,68,37,-7,81
5401920,22,32,7,74
5402430,21,71,-3,77
5402940,20,20,-4,81
5403450,53,59,-2,83
5403960,78,4,5,78
5404470,14,2,-6,84
5404980,56,51,0,84
5405490,79,98,3,81
5406000,27,43,-7,88
5406510,26,42,15,73
5407020,25,41,-1,74
5407530,75,40,-3,77
5408040,97,35,1,76
5408550,25,76,0,76
5409060,24,25,5,71
5409570,10,72,-7,78
5410080,100,45,-1,79
5410590,28,86,-4,83
5411100,27,41,6,77
5411610,26,40,1,76
5412120,59,41,-14,90
5412630,0,88,6,84
5413140,65,52,0,84
5413650,68,99,0,84
5414160,16,44,12,72
5414670,15,17,-8,80
5415180,14,56,7,73
5415690,13,29,-3,76
5416200,12,101,1,75
5416710,77,65,-7,82
5417220,92,10,-2,84
5417730,33,27,9,75
5418240,36,74,-7,82
5418750,35,73,1,81
5419260,34,72,6,75
5419770,33,71,-11,86
5420280,32,70,9,77
5420790,31,69,-1,78
5421300,30,68,-3,81
5421810,29,23,0,81
5422320,32,70,3,78
5422830,31,69,0,78
5423340,30,24,-1,79
5423850,33,71,5,74
5424360,32,70,-10,84
5424870,31,69,8,76
5425380,30,68,-1,77
5425890,29,23,0,77
5426400,32,70,-8,85
5426910,31,69,6,79
5427420,30,68,2,77
5427930,29,41,-9,86
5428440,28,40,8,78
5428950,27,39,3,75
5429460,26,38,-4,79
5429970,25,37,4,75
5430480,58,36,-12,87
5430990,101,31,10,77
5431500,21,72,3,74
5432010,35,21,-5,79
5432520,83,20,1,78
5433030,24,15,-7,85
5433540,44,74,6,79
5434050,77,25,1,78
5434560,18,66,3,75
5435070,17,39,2,73
5435580,16,96,-4,77
5436090,81,60,-6,83
5436600,96,5,5,78
5437110,41,89,-5,83
5437620,55,88,0,83
5438130,3,87,8,75
5438640,68,36,-5,80
5439150,9,31,-4,84
5439660,8,32,8,76
5440170,19,33,3,73
5440680,18,32,-2,75
5441190,17,33,-6,81
5441700,16,34,5,76
5442210,15,35,2,74
5442720,14,36,-3,77
5443230,13,54,0,77
5443740,12,27,2,75
5444250,11,28,0,75
5444760,10,29,2,73
5445270,9,30,-5,78
5445780,8,31,2,76
5446290,19,49,-5,81
5446800,18,67,9,72
5447310,32,85,-5,77
5447820,46,40,3,74
5448330,69,87,-6,80
5448840,14,32,5,75
5449350,13,50,7,68
5449860,12,68,-2,70
5450370,77,79,-11,81
5450880,48,24,-7,88
5451390,35,23,6,82
5451900,13,22,3,79
5452410,12,23,2,77
5452920,11,24,0,77
5453430,10,25,-2,79
5453940,9,26,1,78
5454450,20,27,3,75
5454960,19,28,-3,78
5455470,18,12,-1,79
5455980,13,61,4,75
5456490,16,34,2,73
5457000,15,33,-3,76
5457510,14,51,0,76
5458020,13,69,0,76
5458530,78,42,-3,79
5459040,19,37,5,74
5459550,18,36,-6,80
5460060,17,35,11,69
5460570,16,36,-5,74
5461080,15,54,1,73
5461590,14,72,2,71
5462100,79,45,1,70
5462610,20,40,-3,73
5463120,70,39,-6,79
5463630,11,34,-4,83
5464140,10,35,5,78
5464650,21,53,-1,79
5465160,20,71,4,75
5465670,34,20,1,74
5466180,12,15,-5,79
5466690,11,54,6,73
5467200,22,27,-6,79
5467710,55,28,-3,82
5468220,3,23,4,78
5468730,15,24,4,74
5469240,14,25,0,74
5469750,34,26,-6,80
5470260,37,73,0,80
5470770,87,72,1,79
5471280,8,17,1,78
5471790,3,18,-4,82
5472300,14,19,6,76
5472810,13,20,2,74
5473320,12,21,-10,84
5473830,11,22,12,72
5474340,10,23,-10,82
5474850,5,24,2,80
5475360,16,25,3,77
5475870,15,26,-3,80
5476380,14,27,-1,81
5476890,9,28,5,76
5477400,20,29,2,74
5477910,19,23,-3,77
5478420,18,24,-2,79
5478930,17,25,3,76
5479440,16,26,2,74
5479950,15,27,-1,75
5480460,14,28,-9,84
5480970,9,29,5,79
5481480,20,30,0,79
5481990,70,29,-4,83
5482500,11,24,5,78
5483010,10,25,1,77
5483520,9,26,-2,79
5484030,20,27,0,79
5484540,19,28,5,74
5485050,18,29,-3,77
5485560,17,30,2,75
5486070,16,31,-1,76
5486580,15,30,1,75
5487090,14,31,-2,77
5487600,13,32,5,72
5488110,12,33,-4,76
5488620,11,90,-5,81
5489130,76,54,-6,87
5489640,17,49,18,69
5490150,16,4,-11,80
5490660,73,53,-4,84
5491170,14,48,6,78
5491680,25,66,-1,79
5492190,39,21,-2,81
5492700,87,20,2,79
5493210,28,15,-2,81
5493720,78,14,-1,82
5494230,10,31,5,77
5494740,21,32,2,75
5495250,54,31,-8,83
5495760,97,42,10,73
5496270,25,37,1,72
5496780,58,36,-11,83
5497290,101,31,5,78
5497800,21,26,5,73
5498310,54,27,-5,78
5498820,2,22,0,78
5499330,68,23,-8,86
5499840,9,18,9,77
5500350,8,19,-5,82
5500860,19,20,7,75
5501370,52,21,-8,83
5501880,0,16,2,81
5502390,11,17,2,79
5502900,10,18,2,77
5503410,5,19,-3,80
5503920,16,20,3,77
5504430,15,21,-3,80
5504940,14,22,2,78
5505450,13,23,4,74
5505960,12,24,2,72
5506470,11,25,-5,77
5506980,10,26,0,77
5507490,21,27,-1,78
5508000,54,28,-4,82
5508510,2,23,6,76
5509020,13,75,3,73
5509530,78,39,-8,81
5510040,19,34,6,75
5510550,18,33,2,73
5511060,17,32,-2,75
5511570,16,89,0,75
5512080,24,53,1,74
5512590,15,8,-7,81
5513100,41,57,3,78
5513610,91,92,-8,86
5514120,62,37,5,81
5514630,3,32,2,79
5515140,15,98,2,77
5515650,23,62,1,76
5516160,47,17,-7,83
5516670,90,12,4,79
5517180,35,29,3,76
5517690,21,76,3,73
5518200,35,31,-3,76
5518710,40,32,-6,82
5519220,8,79,6,76
5519730,20,43,-2,78
5520240,70,100,-5,83
5520750,18,99,3,80
5521260,26,63,6,74
5521770,76,18,-2,76
5522280,17,13,-4,80
5522790,50,62,3,77
5523300,83,61,-1,78
5523810,6,56,3,75
5524320,18,5,5,70
5524830,75,54,-13,83
5525340,16,49,10,73
5525850,27,4,-13,86
5526360,84,3,6,80
5526870,29,47,3,77
5527380,62,46,-7,84
5527890,10,41,12,72
5528400,21,5,-4,76
5528910,97,4,-4,80
5529420,42,48,1,79
5529930,28,47,0,79
5530440,78,46,-1,80
5530950,19,41,5,75
5531460,10,98,-14,89
5531970,18,62,15,74
5532480,29,17,-1,75
5532990,79,16,-1,76
5533500,20,11,-1,77
5534010,53,10,1,76
5534520,96,27,-4,80
5535030,26,22,1,79
5535540,59,23,6,73
5536050,7,18,0,73
5536560,18,19,-6,79
5537070,51,20,-2,81
5537580,101,15,1,80
5538090,46,32,0,80
5538600,69,31,-9,89
5539110,17,26,2,87
5539620,16,27,11,76
5540130,15,28,-5,81
5540640,14,29,-5,86
5541150,13,30,15,71
5541660,12,96,-12,83
5542170,20,60,12,71
5542680,15,9,-11,82
5543190,10,58,7,75
5543700,21,7,-6,81
5544210,78,56,-1,82
5544720,26,51,4,78
5545230,76,50,-6,84
5545740,17,45,14,70
5546250,28,9,-10,80
5546760,71,4,-4,84
5547270,16,48,8,76
5547780,27,3,-2,78
5548290,74,2,-5,83
5548800,19,46,12,71
5549310,69,1,-15,86
5549820,14,45,11,75
5550330,25,9,-10,85
5550840,51,8,5,80
5551350,94,25,6,74
5551860,14,20,-3,77
5552370,13,21,3,74
5552880,12,22,-8,82
5553390,11,23,9,73
5553900,14,24,-5,78
5554410,13,25,4,74
5554920,12,26,-3,77
5555430,11,92,-2,79
5555940,19,56,7,72
5556450,10,5,-14,86
5556960,21,54,13,73
5557470,71,9,-3,76
5557980,12,18,-7,83
5558490,11,19,6,77
5559000,10,20,-4,81
5559510,5,21,4,77
5560020,16,22,0,77
5560530,15,23,3,74
5561040,14,24,2,72
5561550,13,25,-4,76
5562060,12,26,1,75
5562570,11,27,-5,80
5563080,22,28,3,77
5563590,55,29,-6,83
5564100,3,70,11,72
5564610,14,34,2,70
5565120,13,35,-5,75
5565630,24,53,-4,79
5566140,74,8,2,77
5566650,6,25,-1,78
5567160,17,26,7,71
5567670,50,27,-9,80
5568180,100,68,-2,82
5568690,21,63,2,80
5569200,29,81,7,73
5569710,37,45,-10,83
5570220,87,44,10,73
5570730,35,85,-2,75
5571240,43,49,-6,81
5571750,66,48,-6,87
5572260,89,30,10,77
5572770,37,71,-3,80
5573280,87,70,-3,83
5573790,8,49,8,75
5574300,19,100,-3,78
5574810,27,64,0,78
5575320,77,19,-1,79
5575830,18,14,1,78
5576340,51,15,-1,79
5576850,94,10,2,77
5577360,39,27,-5,82
5577870,62,68,5,77
5578380,10,39,1,76
5578890,21,57,0,76
5579400,12,75,3,73
5579910,20,24,-4,77
5580420,53,25,-4,81
5580930,1,66,0,81
5581440,13,30,7,74
5581950,24,31,-5,79
5582460,74,30,3,76
5582970,22,71,2,74
5583480,30,20,-3,77
5583990,80,36,3,74
5584500,28,77,-3,77
5585010,36,32,1,76
5585520,59,33,-4,80
5586030,7,74,6,74
5586540,15,23,3,71
5587050,14,24,-11,82
5587560,13,25,7,75
5588070,12,26,-1,76
5588580,11,27,3,73
5589090,22,28,-4,77
5589600,27,29,-3,80
5590110,50,30,3,77
5590620,73,71,-9,86
5591130,96,42,9,77
5591640,24,83,3,74
5592150,32,32,-1,75
5592660,55,48,-8,83
5593170,78,95,-3,86
5593680,26,66,14,72
5594190,76,21,-3,75
5594700,17,62,1,74
5595210,25,80,-2,76
5595720,33,35,-2,78
5596230,56,51,-4,82
5596740,79,22,3,79
5597250,20,63,4,75
5597760,28,81,-2,77
5598270,36,30,-4,81
5598780,59,86,-1,82
5599290,7,85,1,81
5599800,15,49,8,73
5600310,6,67,-2,75
5600820,14,16,-1,76
5601330,47,17,-4,80
5601840,90,12,0,80
5602350,31,29,1,79
5602860,54,30,-3,82
5603370,2,71,7,75
5603880,10,35,6,69
5604390,21,53,-8,77
5604900,71,71,-3,80
5605410,62,42,-6,86
5605920,85,24,12,74
5606430,5,65,1,73
5606940,13,83,-4,77
5607450,21,47,4,73
5607960,71,2,-9,82
5608470,72,46,-1,83
5608980,13,69,11,72
5609490,21,18,0,72
5610000,54,19,-12,84
5610510,66,14,6,78
5611020,7,31,-2,80
5611530,19,49,3,77
5612040,18,67,3,74
5612550,26,16,-7,81
5613060,29,65,4,77
5613570,20,20,1,76
5614080,53,21,-9,85
5614590,96,16,7,78
5615100,37,61,-3,81
5615610,87,60,3,78
5616120,8,55,4,74
5616630,20,14,-6,80
5617140,53,15,0,80
5617650,96,10,-7,87
5618160,37,54,8,79
5618670,60,53,0,79
5619180,83,24,1,78
5619690,24,65,7,71
5620200,32,14,-16,87
5620710,75,13,3,84
5621220,16,30,10,74
5621730,15,48,-4,78
5622240,14,99,2,76
5622750,22,63,-2,78
5623260,21,81,7,71
5623770,29,30,-6,77
5624280,52,31,-4,81
5624790,95,10,4,77
5625300,18,54,0,77
5625810,17,72,2,75
5626320,25,90,-4,79
5626830,33,39,2,77
5627340,56,18,-6,83
5627850,99,13,8,75
5628360,40,27,-1,76
5628870,63,28,-9,85
5629380,12,69,9,76
5629890,20,33,3,73
5630400,98,34,0,73
5630910,26,75,3,70
5631420,34,24,-12,82
5631930,37,77,5,77
5632440,0,76,-5,82
5632950,8,40,6,76
5633460,20,58,7,69
5633970,19,7,-10,79
5634480,76,56,-1,80
5634990,91,38,1,79
5635500,19,79,3,76
5636010,27,28,-2,78
5636520,50,29,-2,80
5637030,93,70,8,72
5637540,14,49,-1,73
5638050,22,67,2,71
5638560,30,16,-10,81
5639070,80,60,2,79
5639580,95,39,5,74
5640090,16,80,0,74
5640600,24,98,-3,77
5641110,32,62,-6,83
5641620,82,61,4,79
5642130,23,40,0,79
5642640,22,39,7,72
5643150,72,57,-16,88
5643660,87,39,16,72
5644170,15,80,-6,78
5644680,23,44,4,74
5645190,73,43,-13,87
5645700,14,25,9,78
5646210,13,43,7,71
5646720,12,61,-7,78
5647230,20,79,1,77
5647740,28,97,0,77
5648250,36,46,-2,79
5648760,59,45,-4,83
5649270,82,24,9,74
5649780,23,65,3,71
5650290,22,83,-4,75
5650800,30,32,-3,78
5651310,53,11,-5,83
5651820,96,28,4,79
5652330,37,69,5,74
5652840,70,68,-9,83
5653350,93,47,6,77
5653860,21,88,2,75
5654370,29,37,-6,81
5654880,34,55,2,79
5655390,67,54,-5,84
5655900,90,33,5,79
5656410,18,74,1,78
5656920,26,92,2,76
5657430,34,41,-4,80
5657940,57,59,4,76
5658450,80,30,-2,78
5658960,8,71,5,73
5659470,16,89,-5,78
5659980,24,53,-1,79
5660490,23,71,7,72
5661000,31,89,-12,84
5661510,39,38,14,70
5662020,62,9,-7,77
5662530,3,26,3,74
5663040,15,92,-3,77
5663550,23,56,-5,82
5664060,22,74,8,74
5664570,30,92,-6,80
5665080,38,41,4,76
5665590,61,20,-3,79
5666100,2,61,5,74
5666610,10,25,-13,87
5667120,13,26,13,74
5667630,12,44,-2,76
5668140,20,62,0,76
5668650,28,80,1,75
5669160,36,29,-5,80
5669670,59,82,1,79
5670180,7,81,3,76
5670690,15,45,3,73
5671200,14,63,-1,74
5671710,22,81,-1,75
5672220,30,30,-5,80
5672730,53,31,0,80
5673240,96,72,1,79
5673750,17,51,4,75
5674260,16,69,2,73
5674770,24,87,-3,76
5675280,32,36,-1,77
5675790,55,15,-5,82
5676300,98,32,6,76
5676810,26,73,-2,78
5677320,34,91,6,72
5677830,42,55,-11,83
5678340,65,54,3,80
5678850,88,33,6,74
5679360,16,74,2,72
5679870,24,92,-6,78
5680380,32,56,-2,80
5680890,82,55,-2,82
5681400,23,37,7,75
5681910,31,55,2,73
5682420,22,54,-9,82
5682930,30,72,15,67
5683440,38,36,-10,77
5683950,61,7,-8,85
5684460,62,24,6,79
5684970,3,65,2,77
5685480,11,29,1,76
5685990,10,47,4,72
5686500,18,65,2,70
5687010,26,83,-4,74
5687520,34,47,-2,76
5688030,57,46,-12,88
5688540,72,28,7,81
5689050,13,69,14,67
5689560,21,87,-11,78
5690070,29,51,2,76
5690580,20,50,2,74
5691090,19,68,3,71
5691600,27,86,-9,80
5692110,35,50,4,76
5692620,43,49,3,73
5693130,29,20,-4,77
5693640,32,43,1,76
5694150,55,61,-4,80
5694660,78,40,5,75
5695170,1,81,-3,78
5695680,9,45,4,74
5696190,17,1,-10,84
5696700,74,50,6,78
5697210,89,32,6,72
5697720,17,73,-3,75
5698230,25,91,-7,82
5698740,33,55,5,77
5699250,83,54,-3,80
5699760,98,36,5,75
5700270,26,77,-2,77
5700780,34,41,1,76
5701290,57,40,-4,80
5701800,72,19,2,78
5702310,13,60,4,74
5702820,21,78,1,73
5703330,29,96,-1,74
5703840,37,60,-3,77
5704350,45,59,-2,79
5704860,68,58,-2,81
5705370,83,37,7,74
5705880,11,78,-7,81
5706390,19,42,3,78
5706900,18,60,5,73
5707410,26,78,-3,76
5707920,34,42,3,73
5708430,57,60,-5,78
5708940,80,39,5,73
5709450,8,80,-9,82
5709960,16,44,4,78
5710470,24,62,2,76
5710980,32,80,2,74
5711490,40,35,0,74
5712000,63,36,-10,84
5712510,4,77,5,79
5713020,12,41,5,74
5713530,20,59,1,73
5714040,28,77,-3,76
5714550,36,32,2,74
5715060,59,11,-6,80
5715570,60,28,3,77
5716080,8,69,7,70
5716590,16,87,-15,85
5717100,24,51,12,73
5717610,74,69,-9,82
5718120,97,48,3,79
5718630,25,89,-2,81
5719140,33,53,5,76
5719650,83,52,-2,78
5720160,6,34,1,77
5720670,17,52,0,77
5721180,25,70,6,71
5721690,33,34,-7,78
5722200,56,63,-4,82
5722710,4,42,5,77
5723220,16,60,2,75
5723730,24,78,3,72
5724240,32,33,-7,79
5724750,30,12,-1,80
5725260,87,37,4,76
5725770,15,78,-3,79
5726280,23,42,14,65
5726790,31,76,-11,76
5727300,39,46,-3,79
5727810,78,25,0,79
5728320,79,66,-5,84
5728830,94,48,10,74
5729340,22,89,-2,76
5729850,30,44,4,72
5730360,38,43,-5,77
5730870,24,22,3,74
5731380,10,23,-5,79
5731890,5,41,10,69
5732400,16,59,-1,70
5732910,24,77,-4,74
5733420,32,32,-2,76
5733930,55,11,-7,83
5734440,56,28,-4,87
5734950,99,69,7,80
5735460,12,101,-3,83
5735970,20,65,9,74
5736480,28,83,-5,79
5736990,36,38,-1,80
5737500,59,9,5,75
5738010,60,26,-6,81
5738520,1,67,8,73
5739030,9,31,4,69
5739540,20,49,-8,77
5740050,28,4,-4,81
5740560,85,29,7,74
5741070,5,70,-2,76
5741580,13,34,-3,79
5742090,16,52,6,73
5742600,24,70,-1,74
5743110,32,25,-7,81
5743620,35,26,5,76
5744130,38,32,-6,82
5744640,41,38,4,78
5745150,64,17,-6,84
5745660,5,34,5,79
5746170,53,100,-5,84
5746680,61,99,5,79
5747190,9,98,-3,82
5747700,17,62,13,69
5748210,25,80,-3,72
5748720,33,35,-7,79
5749230,56,14,-4,83
5749740,99,31,2,81
5750250,19,72,8,73
5750760,27,90,0,73
5751270,35,45,-9,82
5751780,38,44,4,78
5752290,24,32,1,77
5752800,27,31,0,77
5753310,13,34,-4,81
5753820,16,52,6,75
5754330,24,70,-1,76
5754840,32,25,-1,77
5755350,18,4,-3,80
5755860,75,27,4,76
5756370,97,68,-3,79
5756880,10,100,-2,81
5757390,18,64,2,79
5757900,26,19,8,71
5758410,12,42,-6,77
5758920,20,60,6,71
5759430,28,78,-8,79
5759940,36,33,8,71
5760450,39,90,-8,79
5760960,47,45,0,79
5761470,70,24,-1,80
5761980,11,65,2,78
5762490,19,20,9,69
5763000,22,77,-5,74
5763510,30,32,-7,81
5764020,33,89,3,78
5764530,41,44,1,77
5765040,44,15,-9,86
5765550,87,24,15,71
5766060,7,81,-5,76
5766570,15,45,2,74
5767080,23,0,-7,81
5767590,80,25,5,76
5768100,0,66,-1,77
5768610,8,9,0,77
5769120,3,58,4,73
5769630,11,41,1,72
5770140,19,59,-2,74
5770650,27,14,-11,85
5771160,28,37,9,76
5771670,14,55,-2,78
5772180,22,73,3,75
5772690,30,28,0,75
5773200,33,85,-4,79
5773710,41,40,1,78
5774220,27,11,1,77
5774730,84,36,-1,78
5775240,12,77,7,71
5775750,20,41,-2,73
5776260,11,98,-6,79
5776770,19,62,5,74
5777280,27,17,-6,80
5777790,84,40,7,73
5778300,12,101,-6,79
5778810,20,65,5,74
5779320,28,20,-5,79
5779830,31,43,9,70
5780340,17,100,-7,77
5780850,25,64,2,75
5781360,33,19,-8,83
5781870,81,90,3,80
5782380,2,18,1,79
5782890,13,19,0,79
5783400,8,20,2,77
5783910,11,77,7,70
5784420,19,41,-7,77
5784930,22,98,0,77
5785440,30,62,-5,82
5785950,38,17,-1,83
5786460,86,61,0,83
5786970,9,93,4,79
5787480,17,57,7,72
5787990,25,12,-11,83
5788500,26,35,3,80
5789010,30,92,-3,83
5789520,38,47,13,70
5790030,24,79,-10,80
5790540,32,34,8,72
5791050,18,5,-11,83
5791560,75,28,1,82
5792070,100,69,7,75
5792580,23,101,-3,78
5793090,31,65,5,73
5793600,39,20,-14,87
5794110,87,64,8,79
5794620,10,96,0,79
5795130,18,60,3,76
5795640,26,15,-2,78
5796150,74,86,-3,81
5796660,99,14,-4,85
5797170,31,31,14,71
5797680,17,88,-3,74
5798190,25,43,-7,81
5798700,29,100,4,77
5799210,37,55,-1,78
5799720,23,54,-5,83
5800230,31,9,3,80
5800740,74,26,0,80
5801250,99,67,5,75
5801760,22,99,-1,76
5802270,30,63,-3,79
5802780,38,18,1,78
5803290,86,62,-1,79
5803800,9,94,3,76
5804310,17,58,-1,77
5804820,25,76,2,75
5805330,33,31,0,75
5805840,19,54,2,73
5806350,27,9,-9,82
5806860,53,32,-2,84
5807370,78,59,-1,85
5807880,93,91,6,79
5808390,14,19,4,75
5808900,9,42,0,75
5809410,17,60,5,70
5809920,25,15,-8,78
5810430,28,38,5,73
5810940,32,37,-3,76
5811450,18,60,6,70
5811960,26,15,-10,80
5812470,29,86,0,80
5812980,37,50,1,79
5813490,23,49,7,72
5814000,14,4,-9,81
5814510,71,27,5,76
5815020,96,68,-1,77
5815530,19,100,1,76
5816040,27,64,-5,81
5816550,35,19,1,80
5817060,83,92,-3,83
5817570,4,20,1,82
5818080,15,21,7,75
5818590,14,44,-3,78
5819100,22,101,-4,82
5819610,30,65,6,76
5820120,38,29,-7,83
5820630,63,30,9,74
5821140,88,74,-9,83
5821650,9,2,0,83
5822160,4,51,12,71
5822670,12,24,-6,77
5823180,7,42,4,73
5823690,18,15,-9,82
5824200,13,38,2,80
5824710,16,2,-3,83
5825220,73,25,0,83
5825730,98,52,9,74
5826240,21,11,-8,82
5826750,16,34,7,75
5827260,11,91,-6,81
5827770,19,55,8,73
5828280,10,73,-3,76
5828790,18,37,-1,77
5829300,17,94,0,77
5829810,25,58,7,70
5830320,16,13,-11,81
5830830,11,36,5,76
5831340,14,93,-2,78
5831850,22,57,-2,80
5832360,13,12,2,78
5832870,8,51,7,71
5833380,16,10,-7,78
5833890,11,33,2,76
5834400,14,51,8,68
5834910,22,101,-9,77
5835420,30,65,-3,80
5835930,34,20,4,76
5836440,82,43,-4,80
5836950,5,25,8,72
5837460,53,91,-5,77
5837970,101,15,-2,79
5838480,33,32,-2,81
5838990,56,55,-1,82
5839500,79,85,-1,83
5840010,0,13,7,76
5840520,11,14,-8,84
5841030,6,37,7,77
5841540,18,55,-1,78
5842050,17,10,2,76
5842560,12,33,1,75
5843070,11,51,2,73
5843580,19,101,-9,82
5844090,27,65,5,77
5844600,31,20,-4,81
5845110,56,47,-2,83
5845620,79,29,7,76
5846130,2,56,2,74
5846640,5,20,0,74
5847150,8,86,-1,75
5847660,16,50,-2,77
5848170,15,0,-7,84
5848680,10,23,8,76
5849190,5,80,1,75
5849700,13,44,2,73
5850210,12,101,-12,85
5850720,20,65,12,73
5851230,28,20,-6,79
5851740,23,43,10,69
5852250,14,100,-14,83
5852760,22,64,7,76
5853270,30,19,-2,78
5853780,55,46,1,77
5854290,78,28,0,77
5854800,1,55,9,68
5855310,49,4,-14,82
5855820,83,21,3,79
5856330,15,30,3,76
5856840,14,87,-1,77
5857350,22,51,-2,79
5857860,21,6,-1,80
5858370,16,29,4,76
5858880,15,86,-1,77
5859390,23,50,-3,80
5859900,22,5,4,76
5860410,17,28,1,75
5860920,16,85,1,74
5861430,24,49,-1,75
5861940,23,4,-9,84
5862450,80,27,9,75
5862960,3,54,-1,76
5863470,51,10,-2,78
5863980,85,27,3,75
5864490,5,36,-3,78
5865000,53,93,-6,84
5865510,57,17,-1,85
5866020,100,26,2,83
5866530,20,43,13,70
5867040,19,100,-11,81
5867550,27,64,2,79
5868060,31,19,-1,80
5868570,56,42,-3,83
5869080,81,24,7,76
5869590,1,33,-2,78
5870100,49,51,2,76
5870610,72,81,-9,85
5871120,95,85,4,81
5871630,16,67,6,75
5872140,24,22,-3,78
5872650,19,23,5,73
5873160,5,46,2,71
5873670,17,5,-11,82
5874180,12,28,7,75
5874690,7,85,1,74
5875200,15,49,0,74
5875710,14,99,-3,77
5876220,22,63,3,74
5876730,21,18,1,73
5877240,16,41,-2,75
5877750,19,98,-6,81
5878260,27,62,4,77
5878770,31,17,-2,79
5879280,26,40,2,77
5879790,12,97,-6,83
5880300,20,61,4,79
5880810,19,16,4,75
5881320,14,39,2,73
5881830,29,96,-8,81
5882340,32,51,6,75
5882850,18,77,4,71
5883360,26,32,-3,74
5883870,12,89,-12,86
5884380,20,53,15,71
5884890,23,8,-11,82
5885400,18,31,3,79
5885910,13,88,1,78
5886420,21,52,2,76
5886930,20,7,-4,80
5887440,15,30,1,79
5887950,14,25,3,76
5888460,9,82,-3,79
5888970,17,37,7,72
5889480,20,94,-6,78
5889990,28,49,-2,80
5890500,27,4,5,75
5891010,61,27,-11,86
5891520,2,23,6,80
5892030,13,24,4,76
5892540,8,47,2,74
5893050,20,65,0,74
5893560,19,20,-6,80
5894070,14,43,0,80
5894580,13,61,12,68
5895090,16,16,-6,74
5895600,11,39,2,72
5896110,14,57,-4,76
5896620,17,12,1,75
5897130,12,35,1,74
5897640,11,92,-6,80
5898150,19,56,6,74
5898660,18,11,-4,78
5899170,13,34,2,76
5899680,8,91,-5,81
5900190,16,55,0,81
5900700,19,73,9,72
5901210,22,28,-5,77
5901720,21,51,3,74
5902230,20,80,-5,79
5902740,23,35,-2,81
5903250,27,92,3,78
5903760,30,47,-5,83
5904270,34,70,5,78
5904780,20,18,0,78
5905290,15,41,1,77
5905800,14,59,1,76
5906310,17,77,2,74
5906820,20,32,2,72
5907330,19,50,-6,78
5907840,18,5,0,78
5908350,13,28,5,73
5908860,8,46,4,69
5909370,11,64,-4,73
5909880,14,82,0,73
5910390,17,37,-2,75
5910900,16,94,-7,82
5911410,19,58,7,75
5911920,22,76,3,72
5912430,25,1,-6,78
5912940,59,24,-7,85
5913450,84,33,7,78
5913960,7,94,-7,85
5914470,10,58,12,73
5914980,13,76,-8,81
5915490,16,40,3,78
5916000,19,97,1,77
5916510,22,61,-3,80
5917020,21,16,5,75
5917530,16,39,1,74
5918040,19,96,-7,81
5918550,22,60,3,78
5919060,21,78,3,75
5919570,24,33,-2,77
5920080,28,56,2,75
5920590,31,11,-8,83
5921100,56,34,-4,87
5921610,81,20,5,82
5922120,13,29,5,77
5922630,8,52,5,72
5923140,11,70,1,71
5923650,14,88,-4,75
5924160,17,52,-1,76
5924670,20,70,-3,79
5925180,23,25,6,73
5925690,27,48,-6,79
5926200,31,66,-3,82
5926710,35,21,1,81
5927220,60,44,-3,84
5927730,85,26,8,76
5928240,8,35,-4,80
5928750,20,53,4,76
5929260,19,71,-4,80
5929770,22,89,6,74
5930280,25,44,2,72
5930790,29,62,-4,76
5931300,32,10,-2,78
5931810,57,33,-2,80
5932320,100,15,4,76
5932830,32,24,-3,79
5933340,18,47,4,75
5933850,21,65,2,73
5934360,24,83,-1,74
5934870,27,38,-6,80
5935380,13,61,5,75
5935890,16,79,7,68
5936400,19,97,-10,78
5936910,22,61,-1,79
5937420,25,79,-2,81
5937930,28,34,5,76
5938440,53,57,-5,81
5938950,78,87,1,80
5939460,1,15,-4,84
5939970,12,16,7,77
5940480,7,39,0,77
5940990,10,57,2,75
5941500,13,75,3,72
5942010,16,39,-7,79
5942520,19,57,13,66
5943030,22,75,-11,77
5943540,25,23,6,71
5944050,28,46,-4,75
5944560,78,96,-11,86
5945070,26,24,8,78
5945580,29,47,3,75
5946090,79,70,-11,86
5946600,2,100,-1,87
5947110,5,64,15,72
5947620,8,6,-8,80
5948130,3,60,4,76
5948640,6,2,-1,77
5949150,1,51,5,72
5949660,4,69,-2,74
5950170,7,11,-11,85
5950680,2,60,8,77
5951190,5,78,8,69
5951700,8,42,-7,76
5952210,11,60,6,70
5952720,14,78,0,70
5953230,17,96,-6,76
5953740,20,60,1,75
5954250,23,78,-4,79
5954760,26,26,0,79
5955270,21,49,3,76
5955780,76,67,-4,80
5956290,91,97,-2,82
5956800,14,25,10,72
5957310,15,43,0,72
5957820,18,61,-1,73
5958330,21,79,-3,76
5958840,24,27,3,73
5959350,64,50,-15,88
5959860,89,32,9,79
5960370,17,73,2,77
5960880,20,91,1,76
5961390,23,39,-2,78
5961900,27,57,0,78
5962410,30,80,-2,80
5962920,33,35,4,76
5963430,19,58,-1,77
5963940,22,76,1,76
5964450,25,94,3,73
5964960,28,49,-4,77
5965470,31,99,0,77
5965980,34,54,1,76
5966490,84,84,-4,80
5967000,7,12,1,79
5967510,2,35,0,79
5968020,50,53,3,76
5968530,75,83,-16,92
5969040,23,11,14,78
5969550,18,34,2,76
5970060,22,52,0,76
5970570,25,70,-3,79
5971080,28,88,0,79
5971590,31,43,5,74
5972100,56,75,-4,78
5972610,4,3,-5,83
5973120,15,52,9,74
5973630,18,70,-4,78
5974140,21,88,1,77
5974650,24,4,-6,83
5975160,81,27,4,79
5975670,20,68,0,79
5976180,23,86,7,72
5976690,26,41,0,72
5977200,30,71,-7,79
5977710,33,19,0,79
5978220,83,42,1,78
5978730,6,83,2,76
5979240,9,47,5,71
5979750,12,65,-5,76
5980260,15,83,-2,78
5980770,18,101,1,77
5981280,21,65,0,77
5981790,24,83,1,76
5982300,27,38,2,74
5982810,31,56,-13,87
5983320,34,4,9,78
5983830,68,29,-2,80
5984340,93,70,2,78
5984850,16,0,-6,84
5985360,73,49,9,75
5985870,98,31,2,73
5986380,26,72,0,73
5986890,29,90,-5,78
5987400,32,45,4,74
5987910,18,75,-2,76
5988420,21,30,1,75
5988930,25,48,0,75
5989440,28,98,-2,77
5989950,31,53,-1,78
5990460,34,1,-1,79
5990970,68,26,-2,81
5991480,98,67,2,79
5991990,21,49,0,79
5992500,24,67,8,71
5993010,27,85,-2,73
5993520,30,65,-6,79
5994030,33,13,-3,82
5994540,58,36,-4,86
5995050,83,18,10,76
5995560,6,27,1,75
5996070,9,45,4,71
5996580,12,63,-4,75
5997090,15,81,6,69
5997600,18,99,-7,76
5998110,21,63,-4,80
5998620,24,81,6,74
5999130,27,99,-2,76
5999640,30,54,3,73
6000150,33,2,-9,82
6000660,67,27,6,76
6001170,97,54,0,76
6001680,20,39,-5,81
6002190,23,57,4,77
6002700,26,75,0,77
6003210,29,93,-3,80
6003720,32,48,3,77
6004230,57,74,-1,78
6004740,5,2,-1,79
6005250,16,51,-1,80
6005760,19,69,4,76
6006270,22,87,-5,81
6006780,25,42,5,76
6007290,29,60,-3,79
6007800,28,8,0,79
6008310,53,31,-4,83
6008820,78,39,9,74
6009330,6,24,-7,81
6009840,9,25,-2,83
6010350,12,43,3,80
6010860,15,61,9,71
6011370,18,79,-4,75
6011880,21,97,-2,77
6012390,24,52,-3,80
6012900,23,70,8,72
6013410,26,88,-3,75
6013920,22,43,-3,78
6014430,25,93,-6,84
6014940,28,48,7,77
6015450,32,98,-6,83
6015960,35,53,6,77
6016470,60,1,-4,81
6016980,94,45,8,73
6017490,22,30,2,71
6018000,26,48,-1,72
6018510,30,98,-9,81
6019020,33,53,2,79
6019530,37,1,2,77
6020040,71,18,-6,83
6020550,12,35,6,77
6021060,15,53,5,72
6021570,18,35,-7,79
6022080,21,53,-3,82
6022590,24,71,3,79
6023100,27,26,6,73
6023610,52,27,-8,81
6024120,77,54,6,75
6024630,0,36,3,72
6025140,48,54,-11,83
6025650,73,84,1,82
6026160,98,12,2,80
6026670,21,29,8,72
6027180,20,47,-4,76
6027690,23,65,-1,77
6028200,26,83,-1,78
6028710,29,31,0,78
6029220,33,54,3,75
6029730,37,84,-7,82
6030240,41,32,6,76
6030750,66,38,-10,86
6031260,91,46,12,74
6031770,14,31,-3,77
6032280,17,49,5,72
6032790,20,67,-6,78
6033300,23,85,1,77
6033810,26,33,0,77
6034320,30,63,5,72
6034830,34,11,-6,78
6035340,77,38,2,76
6035850,0,23,-2,78
6036360,11,41,0,78
6036870,14,59,1,77
6037380,17,7,-1,78
6037890,12,30,8,70
6038400,15,48,-3,73
6038910,18,98,-5,78
6039420,21,62,2,76
6039930,24,80,4,72
6040440,27,28,-3,75
6040950,52,29,-7,82
6041460,77,35,7,75
6041970,0,76,-10,85
6042480,3,18,12,73
6042990,14,19,-4,77
6043500,9,20,-1,78
6044010,12,21,0,78
6044520,7,22,-3,81
6045030,10,40,6,75
6045540,13,58,2,73
6046050,16,6,-13,86
6046560,11,29,8,78
6047070,14,47,1,77
6047580,17,65,7,70
6048090,20,13,-8,78
6048600,15,36,-3,81
6049110,18,54,6,75
6049620,21,2,-6,81
6050130,78,25,3,78
6050640,1,66,6,72
6051150,4,8,-11,83
6051660,15,57,6,77
6052170,18,75,2,75
6052680,21,23,-5,80
6053190,25,24,4,76
6053700,29,25,2,74
6054210,15,31,-9,83
6054720,10,32,8,75
6055230,13,50,0,75
6055740,16,68,2,73
6056250,19,16,-3,76
6056760,23,22,-8,84
6057270,27,28,12,72
6057780,31,29,-8,80
6058290,35,60,-1,81
6058800,39,90,3,78
6059310,42,38,2,76
6059820,65,19,-9,85
6060330,6,36,9,76
6060840,9,54,-3,79
6061350,12,41,2,77
6061860,15,59,6,71
6062370,18,7,-3,74
6062880,13,30,1,73
6063390,16,48,-1,74
6063900,19,66,-6,80
6064410,22,14,11,69
6064920,17,20,-8,77
6065430,21,21,5,72
6065940,25,27,2,70
6066450,29,28,-6,76
6066960,44,81,-9,85
6067470,48,9,1,84
6067980,82,26,12,72
6068490,5,67,-7,79
6069000,8,9,-2,81
6069510,3,58,9,72
6070020,6,76,-3,75
6070530,9,63,0,75
6071040,12,50,3,72
6071550,15,37,-6,78
6072060,18,55,2,76
6072570,21,73,-2,78
6073080,24,21,-2,80
6073590,28,27,0,80
6074100,14,33,8,72
6074610,17,51,-7,79
6075120,20,69,-1,80
6075630,23,17,0,80
6076140,18,40,5,75
6076650,21,58,0,75
6077160,24,6,-2,77
6077670,81,31,-1,78
6078180,4,72,-2,80
6078690,7,14,2,78
6079200,10,15,-3,81
6079710,5,16,-4,85
6080220,16,17,11,74
6080730,11,18,1,73
6081240,6,19,-2,75
6081750,9,20,-1,76
6082260,12,21,4,72
6082770,7,39,-5,77
6083280,19,26,5,72
6083790,23,27,-3,75
6084300,27,28,-4,79
6084810,31,29,7,72
6085320,17,35,-2,74
6085830,20,53,-10,84
6086340,23,71,11,73
6086850,26,89,-3,76
6087360,29,37,2,74
6087870,52,69,-8,82
6088380,77,99,-1,83
6088890,0,27,9,74
6089400,48,37,-8,82
6089910,63,43,-1,83
6090420,78,49,1,82
6090930,93,57,1,81
6091440,16,65,0,81
6091950,19,83,6,75
6092460,22,70,-1,76
6092970,25,88,3,73
6093480,28,36,-3,76
6093990,51,62,-1,77
6094500,76,92,-4,81
6095010,101,20,-3,84
6095520,22,37,6,78
6096030,26,55,6,72
6096540,29,3,-10,82
6097050,52,28,1,81
6097560,77,34,0,81
6098070,0,75,8,73
6098580,3,17,-9,82
6099090,14,18,7,75
6099600,18,19,-7,82
6100110,22,20,6,76
6100620,17,26,-8,84
6101130,16,27,6,78
6101640,22,28,-1,79
6102150,26,34,4,75
6102660,30,66,-1,76
6103170,34,14,-10,86
6103680,57,20,1,85
6104190,82,64,9,76
6104700,97,72,-4,80
6105210,10,80,2,78
6105720,13,67,7,71
6106230,16,54,-5,76
6106740,19,72,-2,78
6107250,22,59,3,75
6107760,25,77,0,75
6108270,28,95,-9,84
6108780,31,3,3,81
6109290,54,28,1,80
6109800,79,72,-11,91
6110310,0,0,9,82
6110820,11,49,7,75
6111330,14,36,-1,76
6111840,13,54,0,76
6112350,16,72,2,74
6112860,51,59,-6,80
6113370,76,89,-2,82
6113880,101,17,0,82
6114390,24,34,4,78
6114900,28,35,1,77
6115410,53,41,-4,81
6115920,68,47,5,76
6116430,93,53,-2,78
6116940,16,61,1,77
6117450,19,79,-1,78
6117960,22,66,0,78
6118470,25,84,2,76
6118980,28,0,-7,83
6119490,85,25,8,75
6120000,8,66,4,71
6120510,11,53,0,71
6121020,14,40,-4,75
6121530,17,27,-4,79
6122040,16,28,5,74
6122550,15,29,-9,83
6123060,14,30,11,72
6123570,13,48,-6,78
6124080,16,35,-1,79
6124590,19,53,0,79
6125100,18,40,11,68
6125610,22,58,-3,71
6126120,25,76,-5,76
6126630,28,94,-1,77
6127140,31,81,-1,78
6127650,32,99,-1,79
6128160,35,7,3,76
6128670,58,24,-7,83
6129180,83,65,9,74
6129690,98,73,-11,85
6130200,19,81,4,81
6130710,22,68,2,79
6131220,25,86,7,72
6131730,28,73,-2,74
6132240,30,40,-6,80
6132750,55,41,-2,82
6133260,70,47,2,80
6133770,85,53,2,78
6134280,8,59,6,72
6134790,11,46,-1,73
6135300,22,33,2,71
6135810,26,34,0,71
6136320,51,35,-12,83
6136830,76,41,0,83
6137340,101,82,0,83
6137850,22,90,8,75
6138360,25,77,6,69
6138870,27,95,-11,80
6139380,30,3,3,77
6139890,55,28,-4,81
6140400,80,69,-3,84
6140910,1,50,13,71
6141420,13,37,-4,75
6141930,24,24,-6,81
6142440,28,30,4,77
6142950,53,31,-8,85
6143460,78,37,10,75
6143970,6,78,-6,81
6144480,9,65,9,72
6144990,12,52,-6,78
6145500,23,39,7,71
6146010,27,40,-3,74
6146520,52,66,-4,78
6147030,77,96,-3,81
6147540,0,24,9,72
6148050,12,25,-5,77
6148560,7,26,3,74
6149070,18,27,-3,77
6149580,17,28,-1,78
6150090,16,29,-2,80
6150600,20,30,2,78
6151110,19,31,-4,82
6151620,18,32,3,79
6152130,17,33,-2,81
6152640,16,34,7,74
6153150,20,21,-8,82
6153660,24,22,11,71
6154170,49,23,-8,79
6154680,79,69,-7,86
6155190,0,50,15,71
6155700,63,37,-12,83
6156210,88,45,4,79
6156720,16,86,3,76
6157230,24,73,1,75
6157740,26,60,1,74
6158250,23,47,1,73
6158760,22,48,-2,75
6159270,21,66,0,75
6159780,20,53,-1,76
6160290,19,71,3,73
6160800,27,58,-1,74
6161310,26,45,-1,75
6161820,25,46,-3,78
6162330,24,47,-1,79
6162840,23,48,4,75
6163350,22,35,1,74
6163860,21,36,2,72
6164370,20,37,-5,77
6164880,19,38,3,74
6165390,18,39,-2,76
6165900,17,40,4,72
6166410,16,41,-4,76
6166920,15,28,6,70
6167430,14,29,-8,78
6167940,13,30,1,77
6168450,12,31,-3,80
6168960,11,32,-1,81
6169470,10,33,2,79
6169980,21,34,7,72
6170490,20,35,0,72
6171000,19,36,-3,75
6171510,18,37,-2,77
6172020,17,50,-2,79
6172530,16,68,4,75
6173040,27,55,-6,81
6173550,26,56,3,78
6174060,25,57,-1,79
6174570,24,58,6,73
6175080,23,59,-2,75
6175590,22,46,-4,79
6176100,21,47,4,75
6176610,20,48,-4,79
6177120,19,35,-2,81
6177630,18,36,5,76
6178140,17,37,2,74
6178650,16,38,2,72
6179160,15,39,-2,74
6179670,14,40,2,72
6180180,13,41,-5,77
6180690,12,28,5,72
6181200,11,29,-4,76
6181710,10,30,-6,82
6182220,21,31,10,72
6182730,20,32,-1,73
6183240,19,33,-3,76
6183750,18,34,1,75
6184260,17,35,4,71
6184770,16,36,-1,72
6185280,15,37,-8,80
6185790,14,38,3,77
6186300,13,39,4,73
6186810,12,57,-3,76
6187320,23,44,-6,82
6187830,22,45,7,75
6188340,21,46,4,71
6188850,20,47,-9,80
6189360,19,48,9,71
6189870,18,49,-8,79
6190380,17,67,6,73
6190890,28,54,-11,84
6191400,27,55,1,83
6191910,26,56,5,78
6192420,25,57,3,75
6192930,24,58,-5,80
6193440,23,59,3,77
6193950,22,77,-2,79
6194460,21,19,-4,83
6194970,16,20,9,74
6195480,15,21,-7,81
6195990,14,22,5,76
6196500,13,23,2,74
6197010,12,24,-2,76
6197520,11,25,-1,77
6198030,10,26,-2,79
6198540,5,27,-2,81
6199050,17,28,7,74
6199560,16,29,2,72
6200070,15,30,0,72
6200580,14,31,-6,78
6201090,13,32,1,77
6201600,12,33,-3,80
6202110,11,34,4,76
6202620,10,35,-1,77
6203130,9,36,7,70
6203640,21,23,-4,74
6204150,25,24,-3,77
6204660,50,25,-1,78
6205170,73,33,0,78
6205680,1,74,0,78
6206190,28,16,1,77
6206700,23,22,4,73
6207210,27,23,0,73
6207720,50,24,-8,81
6208230,80,68,-1,82
6208740,1,76,7,75
6209250,28,18,-3,78
6209760,53,19,-6,84
6210270,83,15,5,79
6210780,4,32,0,79
6211290,16,76,4,75
6211800,43,18,-6,81
6212310,66,18,0,81
6212820,89,35,-1,82
6213330,17,76,5,77
6213840,16,18,-3,80
6214350,15,19,-2,82
6214860,14,20,8,74
6215370,13,21,-3,77
6215880,12,22,-2,79
6216390,11,23,-2,81
6216900,10,24,4,77
6217410,9,25,6,71
6217920,8,26,-8,79
6218430,7,27,3,76
6218940,18,28,-3,79
6219450,17,29,5,74
6219960,16,30,1,73
6220470,15,31,-2,75
6220980,14,32,-2,77
6221490,13,33,4,73
6222000,12,34,-1,74
6222510,11,35,0,74
6223020,10,36,0,74
6223530,9,37,-1,75
6224040,8,38,-5,80
6224550,20,39,8,72
6225060,19,40,-2,74
6225570,18,41,-3,77
6226080,17,42,2,75
6226590,16,43,-3,78
6227100,15,44,5,73
6227610,14,45,-1,74
6228120,13,46,7,67
6228630,12,33,-5,72
6229140,11,34,-1,73
6229650,10,35,-2,75
6230160,43,36,-5,80
6230670,58,37,-1,81
6231180,73,45,-3,84
6231690,98,48,13,71
6232200,26,33,-5,76
6232710,51,34,-8,84
6233220,76,35,7,77
6233730,4,76,-1,78
6234240,31,18,-4,82
6234750,26,19,3,79
6235260,21,20,8,71
6235770,16,21,-4,75
6236280,15,22,-9,84
6236790,14,23,1,83
6237300,9,24,8,75
6237810,8,25,-1,76
6238320,7,26,-2,78
6238830,19,27,-2,80
6239340,18,28,11,69
6239850,17,29,-6,75
6240360,16,30,4,71
6240870,15,31,-6,77
6241380,14,32,-3,80
6241890,13,33,6,74
6242400,12,34,-6,80
6242910,11,35,2,78
6243420,10,36,6,72
6243930,9,37,0,72
6244440,8,38,-7,79
6244950,20,39,5,74
6245460,19,40,3,71
6245970,18,41,-13,84
6246480,17,42,12,72
6246990,16,43,-3,75
6247500,15,44,1,74
6248010,14,45,-9,83
6248520,13,46,5,78
6249030,12,47,1,77
6249540,11,48,9,68
6250050,10,49,-4,72
6250560,22,36,-2,74
6251070,21,37,-9,83
6251580,20,38,9,74
6252090,19,39,-1,75
6252600,18,40,3,72
6253110,53,41,-11,83
6253620,68,42,-2,85
6254130,83,45,5,80
6254640,11,86,4,76
6255150,38,28,-1,77
6255660,61,29,-6,83
6256170,91,25,2,81
6256680,12,66,8,73
6257190,24,8,-13,86
6257700,19,9,11,75
6258210,14,10,-2,77
6258720,9,59,3,74
6259230,21,1,-8,82
6259740,78,50,0,82
6260250,1,53,2,80
6260760,13,97,2,78
6261270,21,61,1,77
6261780,20,62,-1,78
6262290,19,63,2,76
6262800,42,64,-9,85
6263310,29,65,4,81
6263820,28,20,7,74
6264330,43,21,-8,82
6264840,66,22,-2,84
6265350,96,18,4,80
6265860,17,35,4,76
6266370,16,36,2,74
6266880,15,37,-5,79
6267390,14,38,2,77
6267900,13,39,2,75
6268410,12,40,-1,76
6268920,11,41,-5,81
6269430,10,42,2,79
6269940,22,43,11,68
6270450,54,44,-18,86
6270960,69,45,2,84
6271470,84,48,8,76
6271980,7,51,3,73
6272490,19,95,-6,79
6273000,48,37,-3,82
6273510,71,38,0,82
6274020,96,41,7,75
6274530,24,82,-2,77
6275040,26,37,-2,79
6275550,25,38,2,77
6276060,24,39,3,74
6276570,23,40,0,74
6277080,22,41,3,71
6277590,21,42,-5,76
6278100,20,43,-1,77
6278610,19,44,0,77
6279120,18,45,2,75
6279630,17,46,1,74
6280140,16,47,1,73
6280650,15,48,-2,75
6281160,14,49,5,70
6281670,13,50,-1,71
6282180,12,51,2,69
6282690,11,52,-7,76
6283200,23,96,-6,82
6283710,37,38,6,76
6284220,60,39,-3,79
6284730,85,42,0,79
6285240,13,83,2,77
6285750,40,25,-1,78
6286260,63,21,-3,81
6286770,93,17,3,78
6287280,25,34,3,75
6287790,24,35,-6,81
6288300,23,36,6,75
6288810,22,37,-2,77
6289320,21,38,2,75
6289830,20,39,-6,81
6290340,19,40,1,80
6290850,18,41,5,75
6291360,17,42,-4,79
6291870,16,43,5,74
6292380,15,44,-7,81
6292890,14,101,-9,90
6293400,41,65,10,80
6293910,28,66,1,79
6294420,27,21,2,77
6294930,50,22,-9,86
6295440,80,18,6,80
6295950,1,35,2,78
6296460,13,79,-4,82
6296970,40,21,0,82
6297480,63,72,0,82
6297990,86,0,4,78
6298500,31,30,3,75
6299010,54,31,-8,83
6299520,84,27,6,77
6300030,12,68,0,77
6300540,24,10,-1,78
6301050,19,11,0,78
6301560,14,60,11,67
6302070,13,15,-12,79
6302580,12,16,1,78
6303090,7,17,-6,84
6303600,18,18,0,84
6304110,13,19,2,82
6304620,8,20,2,80
6305130,7,21,-2,82
6305640,18,22,5,77
6306150,17,23,-2,79
6306660,16,24,3,76
6307170,15,25,-1,77
6307680,14,26,-1,78
6308190,13,27,2,76
6308700,12,28,0,76
6309210,4,29,-3,79
6309720,16,73,3,76
6310230,43,28,-1,77
6310740,66,24,-3,80
6311250,96,20,0,80
6311760,6,37,5,75
6312270,18,81,-1,76
6312780,17,36,4,72
6313290,16,37,-7,79
6313800,15,94,-4,83
6314310,42,58,4,79
6314820,65,88,-9,88
6315330,13,16,7,81
6315840,8,17,-2,83
6316350,7,18,10,73
6316860,18,19,-6,79
6317370,13,20,2,77
6317880,12,21,-3,80
6318390,11,22,2,78
6318900,10,23,2,76
6319410,9,24,3,73
6319920,8,25,0,73
6320430,7,26,0,73
6320940,19,27,1,72
6321450,18,28,-7,79
6321960,17,29,2,77
6322470,16,30,-4,81
6322980,15,31,9,72
6323490,14,32,-4,76
6324000,13,89,-6,82
6324510,40,68,4,78
6325020,27,98,0,78
6325530,41,53,-3,81
6326040,64,54,-1,82
6326550,79,36,3,79
6327060,7,32,2,77
6327570,19,76,2,75
6328080,18,31,-4,79
6328590,17,32,10,69
6329100,16,33,-8,77
6329610,15,34,0,77
6330120,14,91,0,77
6330630,41,33,-2,79
6331140,64,34,-3,82
6331650,94,30,6,76
6332160,22,71,3,73
6332670,24,26,-6,79
6333180,66,27,-1,80
6333690,96,23,3,77
6334200,17,40,5,72
6334710,16,97,-11,83
6335220,43,61,3,80
6335730,66,80,-8,88
6336240,89,8,3,85
6336750,21,25,2,83
6337260,20,26,12,71
6337770,19,27,-3,74
6338280,18,84,-1,75
6338790,45,39,-9,84
6339300,68,86,1,83
6339810,16,14,1,82
6340320,11,63,12,70
6340830,14,18,-7,77
6341340,13,19,0,77
6341850,12,20,-2,79
6342360,94,21,-2,81
6342870,15,38,0,81
6343380,14,95,1,80
6343890,41,59,-1,81
6344400,64,89,2,79
6344910,12,17,-11,90
6345420,7,18,8,82
6345930,6,19,2,80
6346440,17,20,1,79
6346950,16,21,3,76
6347460,15,22,-1,77
6347970,14,23,2,75
6348480,13,24,0,75
6348990,12,81,-1,76
6349500,39,23,-6,82
6350010,62,19,3,79
6350520,3,36,5,74
6351030,15,80,0,74
6351540,55,35,-4,78
6352050,80,17,-2,80
6352560,12,34,3,77
6353070,11,91,-3,80
6353580,38,33,-1,81
6354090,53,80,2,79
6354600,40,8,-4,83
6355110,63,25,0,83
6355620,93,21,4,79
6356130,14,38,-3,82
6356640,13,95,-3,85
6357150,40,37,3,82
6357660,63,84,0,82
6358170,11,12,0,82
6358680,6,61,2,80
6359190,18,3,-2,82
6359700,13,52,12,70
6360210,12,7,-8,78
6360720,7,56,4,74
6361230,19,100,-12,86
6361740,46,42,7,79
6362250,69,89,-10,89
6362760,17,17,15,74
6363270,12,66,-1,75
6363780,15,8,0,75
6364290,10,57,-2,77
6364800,22,101,-5,82
6365310,49,56,1,81
6365820,20,86,8,73
6366330,47,41,-7,80
6366840,70,88,-2,82
6367350,18,16,-2,84
6367860,13,65,13,71
6368370,25,20,-2,73
6368880,20,21,3,70
6369390,93,78,-5,75
6369900,14,74,-2,77
6370410,54,16,-5,82
6370920,97,11,3,79
6371430,29,28,-2,81
6371940,0,75,4,77
6372450,27,17,-1,78
6372960,5,66,3,75
6373470,32,8,-8,83
6373980,55,33,2,81
6374490,98,15,1,80
6375000,30,32,7,73
6375510,1,79,-13,86
6376020,28,21,6,80
6376530,23,22,5,75
6377040,96,69,-9,84
6377550,3,51,15,69
6378060,15,95,-9,78
6378570,42,50,-2,80
6379080,13,80,-3,83
6379590,40,22,1,82
6380100,83,18,4,78
6380610,15,35,2,76
6381120,14,92,-4,80
6381630,41,34,-2,82
6382140,56,32,-3,85
6382650,99,14,-6,91
6383160,31,31,11,80
6383670,2,78,5,75
6384180,29,20,-2,77
6384690,24,58,0,77
6385200,74,13,-5,82
6385710,6,30,9,73
6386220,18,74,1,72
6386730,58,29,-9,81
6387240,101,0,1,80
6387750,33,84,4,76
6388260,20,39,-6,82
6388770,19,96,3,79
6389280,46,51,-2,81
6389790,17,81,1,80
6390300,60,36,-1,81
6390810,1,18,-2,83
6391320,12,19,6,77
6391830,11,76,1,76
6392340,38,31,-1,77
6392850,9,78,-4,81
6393360,36,20,6,75
6393870,86,61,-2,77
6394380,101,56,1,76
6394890,29,51,-4,80
6395400,79,6,-1,81
6395910,11,23,5,76
6396420,6,80,-4,80
6396930,33,22,1,79
6397440,11,60,4,75
6397950,23,15,-3,78
6398460,18,64,8,70
6398970,20,19,-5,75
6399480,15,76,4,71
6399990,58,31,-8,79
6400500,101,43,5,74
6401010,29,84,-2,76
6401520,16,39,-4,80
6402030,95,96,-4,84
6402540,66,24,3,81
6403050,7,65,4,77
6403560,19,7,3,74
6404070,14,56,-3,77
6404580,17,11,-4,81
6405090,12,60,11,70
6405600,24,15,-2,72
6406110,2,64,-4,76
6406620,14,6,-1,77
6407130,9,55,8,69
6407640,21,10,-4,73
6408150,16,59,-4,77
6408660,19,14,-3,80
6409170,14,63,7,73
6409680,17,18,-5,78
6410190,12,67,1,77
6410700,24,22,0,77
6411210,39,23,-4,81
6411720,97,64,6,75
6412230,4,59,-2,77
6412740,16,1,1,76
6413250,58,50,-7,83
6413760,73,97,-2,85
6414270,21,42,12,73
6414780,8,99,-6,79
6415290,35,63,-1,80
6415800,85,29,-3,83
6416310,15,70,9,74
6416820,18,25,2,72
6417330,17,82,-2,74
6417840,20,37,1,73
6418350,70,94,-6,79
6418860,18,2,1,78
6419370,60,51,-4,82
6419880,75,98,1,81
6420390,23,43,7,74
6420900,10,100,-6,80
6421410,22,64,1,79
6421920,21,19,1,78
6422430,16,66,6,72
6422940,28,21,-6,78
6423450,43,22,-1,79
6423960,93,63,0,79
6424470,0,58,4,75
6424980,12,0,-11,86
6425490,7,49,6,80
6426000,19,36,2,78
6426510,18,93,-2,80
6427020,21,48,0,80
6427530,20,3,-3,83
6428040,62,52,0,83
6428550,77,48,2,81
6429060,0,43,5,76
6429570,12,87,2,74
6430080,20,42,6,68
6430590,7,99,-11,79
6431100,34,63,0,79
6431610,21,18,-5,84
6432120,16,67,10,74
6432630,19,22,0,74
6433140,18,69,1,73
6433650,21,24,-6,79
6434160,16,71,5,74
6434670,19,26,-2,76
6435180,18,83,-1,77
6435690,21,38,5,72
6436200,20,95,-8,80
6436710,23,50,8,72
6437220,22,5,-13,85
6437730,64,54,5,80
6438240,79,50,0,80
6438750,88,45,8,72
6439260,16,40,-8,80
6439770,15,97,-1,81
6440280,23,98,4,77
6440790,26,53,-3,80
6441300,25,8,2,78
6441810,20,57,-1,79
6442320,19,12,6,73
6442830,14,61,-2,75
6443340,17,16,0,75
6443850,12,55,-2,77
6444360,24,42,1,76
6444870,23,99,-4,80
6445380,26,54,5,75
6445890,13,9,-4,79
6446400,8,58,3,76
6446910,20,0,-9,85
6447420,54,49,9,76
6447930,69,96,-9,85
6448440,17,41,15,70
6448950,16,98,-4,74
6449460,24,53,0,74
6449970,11,8,-12,86
6450480,6,57,11,75
6450990,18,44,1,74
6451500,5,101,-9,83
6452010,32,65,8,75
6452520,19,20,-6,81
6453030,14,59,3,78
6453540,17,14,0,78
6454050,12,63,2,76
6454560,15,18,-4,80
6455070,10,57,7,73
6455580,22,44,2,71
6456090,21,101,-12,83
6456600,24,56,4,79
6457110,23,11,4,75
6457620,18,60,-2,77
6458130,21,15,0,77
6458640,16,64,1,76
6459150,19,19,-5,81
6459660,14,58,11,70
6460170,17,13,-9,79
6460680,8,62,5,74
6461190,20,17,-10,84
6461700,73,8,5,79
6462210,5,25,3,76
6462720,17,91,-5,81
6463230,20,46,3,78
6463740,19,1,-2,80
6464250,61,50,-4,84
6464760,76,46,5,79
6465270,17,41,5,74
6465780,16,98,-7,81
6466290,43,53,2,79
6466800,77,49,-1,80
6467310,18,44,1,79
6467820,17,101,1,78
6468330,44,56,-2,80
6468840,31,52,3,77
6469350,18,78,4,73
6469860,21,33,-5,78
6470370,16,90,3,75
6470880,19,45,-3,78
6471390,69,79,-1,79
6471900,40,75,-2,81
6472410,27,101,1,80
6472920,30,56,8,72
6473430,17,82,-7,79
6473940,20,37,1,78
6474450,15,94,0,78
6474960,42,49,-2,80
6475470,84,45,4,76
6475980,12,40,-1,77
6476490,24,97,0,77
6477000,27,52,-3,80
6477510,14,78,3,77
6478020,17,33,0,77
6478530,12,90,-5,82
6479040,39,45,8,74
6479550,10,41,-6,80
6480060,22,98,4,76
6480570,25,53,-6,82
6481080,75,8,3,79
6481590,7,25,3,76
6482100,19,82,0,76
6482610,22,37,1,75
6483120,21,94,-5,80
6483630,24,49,9,71
6484140,23,75,-5,76
6484650,26,30,-3,79
6485160,68,33,1,78
6485670,98,74,3,75
6486180,5,70,1,74
6486690,32,12,-7,81
6487200,64,50,0,81
6487710,79,46,5,76
6488220,7,41,-2,78
6488730,19,98,3,75
6489240,22,53,0,75
6489750,21,8,-3,78
6490260,16,57,7,71
6490770,19,12,-4,75
6491280,14,61,7,68
6491790,26,16,-8,76
6492300,21,54,2,74
6492810,20,9,-1,75
6493320,15,58,5,70
6493830,18,13,-8,78
6494340,13,62,5,73
6494850,16,17,-6,79
6495360,11,56,2,77
6495870,23,11,-8,85
6496380,18,60,12,73
6496890,21,15,-5,78
6497400,16,64,8,70
6497910,19,19,-5,75
6498420,14,58,0,75
6498930,17,13,-5,80
6499440,12,62,7,73
6499950,15,17,-5,78
6500460,10,56,6,72
6500970,22,15,-2,74
6501480,17,54,-2,76
6501990,20,9,-3,79
6502500,15,58,10,69
6503010,18,13,-10,79
6503520,13,62,5,74
6504030,25,17,-8,82
6504540,3,56,6,76
6505050,15,100,3,73
6505560,42,42,-7,80
6506070,84,38,4,76
6506580,12,79,2,74
6507090,15,21,-2,76
6507600,10,60,3,73
6508110,22,2,-13,86
6508620,56,51,3,83
6509130,71,47,-3,86
6509640,12,50,18,68
6510150,24,9,-16,84
6510660,19,48,12,72
6511170,18,87,-5,77
6511680,21,42,2,75
6512190,20,68,5,70
6512700,23,23,-7,77
6513210,65,62,-7,84
6513720,36,58,1,83
6514230,86,84,6,77
6514740,57,80,-4,81
6515250,5,76,5,76
6515760,8,18,2,74
6516270,3,57,3,71
6516780,15,101,-12,83
6517290,18,65,2,81
6517800,21,20,2,79
6518310,63,59,-4,83
6518820,78,55,0,83
6519330,19,58,11,72
6519840,18,13,-3,75
6520350,13,52,-1,76
6520860,16,7,0,76
6521370,11,56,2,74
6521880,14,100,-2,76
6522390,17,42,3,73
6522900,16,81,-1,74
6523410,19,23,0,74
6523920,18,62,-1,75
6524430,21,17,-2,77
6524940,16,56,4,73
6525450,19,11,-5,78
6525960,14,60,0,78
6526470,17,15,-3,81
6526980,12,54,9,72
6527490,15,98,-5,77
6528000,18,40,9,68
6528510,17,79,-10,78
6529020,20,28,8,70
6529530,19,67,3,67
6530040,22,22,-10,77
6530550,17,66,6,71
6531060,20,15,-8,79
6531570,15,64,8,71
6532080,18,13,-5,76
6532590,13,52,-2,78
6533100,16,70,7,71
6533610,19,19,-9,80
6534120,14,58,7,73
6534630,17,7,-10,83
6535140,12,56,11,72
6535650,15,100,-10,82
6536160,42,42,0,82
6536670,84,38,8,74
6537180,12,79,-4,78
6537690,15,21,8,70
6538200,10,60,-5,75
6538710,13,2,-11,86
6539220,8,51,15,71
6539730,20,95,-11,82
6540240,23,44,14,68
6540750,98,83,-14,82
6541260,5,79,1,81
6541770,8,21,-7,88
6542280,3,60,10,78
6542790,15,2,0,78
6543300,57,51,-1,79
6543810,72,47,-3,82
6544320,13,50,5,77
6544830,16,89,4,73
6545340,19,31,2,71
6545850,14,70,-7,78
6546360,17,12,-6,84
6546870,12,61,8,76
6547380,49,55,1,75
6547890,91,51,-2,77
6548400,19,92,3,74
6548910,22,34,-5,79
6549420,17,73,5,74
6549930,21,74,3,71
6550440,24,11,-9,80
6550950,19,50,4,76
6551460,18,89,-3,79
6551970,21,31,6,73
6552480,63,70,-6,79
6552990,3,66,2,77
6553500,6,4,2,75
6554010,1,53,-3,78
6554520,13,97,-2,80
6555030,16,39,8,72
6555540,15,78,-2,74
6556050,18,20,-3,77
6556560,13,59,5,72
6557070,16,8,-6,78
6557580,11,57,8,70
6558090,14,101,-11,81
6558600,17,43,11,70
6559110,16,82,-9,79
6559620,19,24,-1,80
6560130,14,63,8,72
6560640,17,100,-7,79
6561150,20,42,7,72
6561660,19,81,-7,79
6562170,22,30,6,73
6562680,64,69,-5,78
6563190,4,5,-2,80
6563700,15,54,9,71
6564210,18,93,-4,75
6564720,21,42,5,70
6565230,20,81,-8,78
6565740,23,18,7,71
6566250,43,57,-6,77
6566760,85,96,-1,78
6567270,6,92,-5,83
6567780,33,34,1,82
6568290,75,73,7,75
6568800,98,69,-5,80
6569310,5,64,8,72
6569820,17,6,-3,75
6570330,12,55,1,74
6570840,15,94,1,73
6571350,18,36,-2,75
6571860,17,75,0,75
6572370,20,24,0,75
6572880,19,63,2,73
6573390,18,0,-6,79
6573900,35,49,2,77
6574410,77,88,-3,80
6574920,17,84,-2,82
6575430,20,26,1,81
6575940,19,65,7,74
6576450,22,2,-4,78
6576960,56,51,-1,79
6577470,98,47,0,79
6577980,26,88,3,76
6578490,29,23,-3,79
6579000,7,62,7,72
6579510,10,4,-14,86
6580020,5,53,9,77
6580530,17,97,-4,81
6581040,20,39,9,72
6581550,19,78,-2,74
6582060,22,15,2,72
6582570,17,54,1,71
6583080,16,93,-1,72
6583590,19,69,-4,76
6584100,18,6,-2,78
6584610,13,55,2,76
6585120,16,94,-4,80
6585630,19,58,2,78
6586140,18,97,1,77
6586650,21,39,0,77
6587160,20,78,0,77
6587670,23,15,-5,82
6588180,1,54,4,78
6588690,13,98,-2,80
6589200,21,62,11,69
6589710,20,101,-13,82
6590220,23,50,8,74
6590730,22,89,-4,78
6591240,25,26,4,74
6591750,20,65,-4,78
6592260,19,2,-2,80
6592770,61,51,0,80
6593280,56,89,-6,86
6593790,55,26,-1,87
6594300,3,67,7,80
6594810,15,9,4,76
6595320,10,58,5,71
6595830,13,7,-13,84
6596340,8,56,11,73
6596850,20,100,-7,80
6597360,23,49,2,78
6597870,22,88,0,78
6598380,25,25,-1,79
6598890,20,64,7,72
6599400,19,1,-3,75
6599910,53,50,-4,79
6600420,76,88,-1,80
6600930,16,72,3,77
6601440,72,9,-7,84
6601950,4,26,9,75
6602460,16,65,1,74
6602970,19,2,-6,80
6603480,53,51,-4,84
6603990,76,89,6,78
6604500,99,73,-2,80
6605010,43,68,-1,81
6605520,42,5,1,80
6606030,76,22,4,76
6606540,6,63,1,75
6607050,18,5,-1,76
6607560,60,54,-9,85
6608070,83,101,1,84
6608580,31,85,4,80
6609090,30,22,-2,82
6609600,25,61,5,77
6610110,24,100,0,77
6610620,27,37,3,74
6611130,26,76,-3,77
6611640,25,13,-3,80
6612150,20,52,-2,82
6612660,19,91,5,77
6613170,22,40,4,73
6613680,21,79,1,72
6614190,20,16,-6,78
6614700,15,55,3,75
6615210,14,94,-9,84
6615720,17,36,8,76
6616230,16,75,2,74
6616740,19,12,1,73
6617250,14,51,-1,74
6617760,13,12,0,74
6618270,8,51,1,73
6618780,20,69,-2,75
6619290,19,6,-7,82
6619800,14,55,14,68
6620310,13,94,-7,75
6620820,16,2,-4,79
6621330,58,51,3,76
6621840,81,35,2,74
6622350,9,76,4,70
6622860,12,25,-7,77
6623370,7,64,3,74
6623880,10,6,-4,78
6624390,5,55,4,74
6624900,17,99,-4,78
6625410,20,7,-1,79
6625920,15,46,6,73
6626430,14,85,-8,81
6626940,17,27,6,75
6627450,16,66,1,74
6627960,15,3,-2,76
6628470,57,52,-3,79
6628980,80,90,0,79
6629490,1,26,1,78
6630000,13,70,2,76
6630510,16,12,-4,80
6631020,11,51,10,70
6631530,14,90,-6,76
6632040,17,32,2,74
6632550,16,71,0,74
6633060,15,8,-6,80
6633570,10,47,2,78
6634080,9,65,7,71
6634590,12,7,-11,82
6635100,7,56,8,74
6635610,19,74,3,71
6636120,18,11,-3,74
6636630,13,50,3,71
6637140,12,89,-8,79
6637650,15,31,3,76
6638160,14,70,5,71
6638670,13,7,-12,83
6639180,8,56,12,71
6639690,11,74,-5,76
6640200,14,84,-2,78
6640710,17,94,0,78
6641220,20,2,-1,79
6641730,62,51,-4,83
6642240,77,89,6,77
6642750,100,73,0,77
6643260,7,68,4,73
6643770,10,10,-7,80
6644280,5,59,8,72
6644790,17,1,-10,82
6645300,59,50,3,79
6645810,82,34,6,73
6646320,10,75,2,71
6646830,13,17,-8,79
6647340,8,56,6,73
6647850,11,74,3,70
6648360,14,16,-14,84
6648870,9,55,14,70
6649380,12,73,-4,74
6649890,15,15,-6,80
6650400,10,54,4,76
6650910,13,72,5,71
6651420,12,82,-3,74
6651930,15,24,-13,87
6652440,10,63,11,76
6652950,13,81,-1,77
6653460,16,23,5,72
6653970,15,62,5,67
6654480,14,101,-13,80
6654990,22,9,-3,83
6655500,48,48,10,73
6656010,71,86,-11,84
6656520,19,70,14,70
6657030,18,7,-9,79
6657540,13,56,3,76
6658050,16,95,-3,79
6658560,19,3,3,76
6659070,61,52,-4,80
6659580,84,90,-5,85
6660090,5,26,10,75
6660600,16,27,1,74
6661110,15,66,2,72
6661620,18,3,-7,79
6662130,60,52,-6,85
6662640,75,53,4,81
6663150,16,48,1,80
6663660,15,87,3,77
6664170,18,97,-1,78
6664680,21,5,-1,79
6665190,63,54,-1,80
6665700,78,92,0,80
6666210,26,76,4,76
6666720,25,13,-4,80
6667230,20,52,4,76
6667740,19,91,-4,80
6668250,22,101,-1,81
6668760,25,38,8,73
6669270,24,77,-3,76
6669780,23,14,3,73
6670290,1,53,-8,81
6670800,4,97,2,79
6671310,7,5,-5,84
6671820,2,54,7,77
6672330,5,98,-8,85
6672840,8,40,7,78
6673350,11,58,5,73
6673860,14,95,-5,78
6674370,17,37,4,74
6674880,16,76,1,73
6675390,19,86,-4,77
6675900,22,23,-1,78
6676410,64,62,-5,83
6676920,87,100,-5,88
6677430,8,36,14,74
6677940,71,54,-12,86
6678450,12,31,11,75
6678960,11,70,2,73
6679470,14,12,-5,78
6679980,9,61,5,73
6680490,12,3,-9,82
6681000,54,52,2,80
6681510,77,90,3,77
6682020,25,26,0,77
6682530,67,65,-9,86
6683040,90,1,5,81
6683550,35,99,4,77
6684060,54,36,-5,82
6684570,97,77,5,77
6685080,4,13,-5,82
6685590,15,62,5,77
6686100,18,101,-3,80
6686610,21,9,2,78
6687120,47,58,0,78
6687630,70,96,1,77
6688140,18,80,-1,78
6688650,21,17,-4,82
6689160,16,56,7,75
6689670,19,95,-9,84
6690180,22,37,11,73
6690690,21,76,-2,75
6691200,24,13,0,75
6691710,2,52,4,71
6692220,5,96,-11,82
6692730,8,38,5,77
6693240,11,82,-1,78
6693750,14,24,-5,83
6694260,13,63,10,73
6694770,16,0,-8,81
6695280,58,49,4,77
6695790,81,87,-3,80
6696300,2,23,2,78
6696810,13,24,0,78
6697320,12,63,4,74
6697830,15,5,-5,79
6698340,57,54,-4,83
6698850,80,92,0,83
6699360,28,28,11,72
6699870,3,67,-3,75
6700380,6,9,-4,79
6700890,17,58,3,76
6701400,20,76,5,71
6701910,23,13,-6,77
6702420,1,52,0,77
6702930,4,96,-7,84
6703440,7,38,9,75
6703950,10,56,1,74
6704460,13,100,-9,83
6704970,16,42,7,76
6705480,15,81,5,71
6705990,18,23,-6,77
6706500,17,62,4,73
6707010,20,101,-5,78
6707520,23,43,1,77
6708030,73,82,-2,79
6708540,21,18,4,75
6709050,98,57,-1,76
6709560,26,98,1,75
6710070,29,35,-5,80
6710580,71,74,1,79
6711090,19,10,6,73
6711600,99,59,-3,76
6712110,27,100,0,76
6712620,30,37,-2,78
6713130,53,76,-5,83
6713640,1,13,3,80
6714150,78,14,0,80
6714660,101,55,2,78
6715170,29,96,2,76
6715680,32,33,-3,79
6716190,7,72,8,71
6716700,10,14,-6,77
6717210,5,53,0,77
6717720,8,97,-4,81
6718230,11,39,7,74
6718740,14,78,1,73
6719250,17,20,-7,80
6719760,16,59,5,75
6720270,19,98,-6,81
6720780,22,40,6,75
6721290,72,79,-8,83
6721800,20,15,5,78
6722310,100,54,3,75
6722820,28,95,-5,80
6723330,31,32,3,77
6723840,6,71,3,74
6724350,9,13,-10,84
6724860,4,52,8,76
6725370,7,96,-6,82
6725880,10,60,6,76
6726390,13,78,0,76
6726900,16,20,-5,81
6727410,15,59,10,71
6727920,18,98,-6,77
6728430,21,6,-3,80
6728940,47,55,2,78
6729450,97,93,-3,81
6729960,18,100,7,74
6730470,21,42,0,74
6730980,20,81,-7,81
6731490,23,18,4,77
6732000,1,57,5,72
6732510,4,101,-10,82
6733020,7,65,13,69
6733530,10,7,-16,85
6734040,5,56,13,72
6734550,8,100,-14,86
6735060,11,64,12,74
6735570,14,64,-2,76
6736080,17,6,-4,80
6736590,12,55,5,75
6737100,15,56,0,75
6737610,18,95,-3,78
6738120,21,37,4,74
6738630,71,76,-10,84
6739140,19,12,0,84
6739650,14,61,14,70
6740160,17,98,-11,81
6740670,20,40,7,74
6741180,19,79,-4,78
6741690,22,16,5,73
6742200,0,55,-6,79
6742710,3,99,-4,83
6743220,6,63,8,75
6743730,9,5,-4,79
6744240,4,54,9,70
6744750,7,98,-11,81
6745260,10,62,11,70
6745770,13,49,-3,73
6746280,16,67,-3,76
6746790,19,68,0,76
6747300,18,69,9,67
6747810,21,70,-11,78
6748320,20,7,7,71
6748830,46,56,-9,80
6749340,69,94,2,78
6749850,17,30,-1,79
6750360,16,31,6,73
6750870,15,32,-4,77
6751380,14,33,-3,80
6751890,13,34,7,73
6752400,12,35,-9,82
6752910,11,36,7,75
6753420,10,54,-3,78
6753930,13,41,2,76
6754440,37,42,-1,77
6754950,60,80,-4,81
6755460,8,16,1,80
6755970,19,17,-6,86
6756480,14,56,15,71
6756990,17,74,-1,72
6757500,20,61,-3,75
6758010,19,79,3,72
6758520,22,66,-1,73
6759030,21,84,-6,79
6759540,24,66,9,70
6760050,23,84,-5,75
6760560,26,94,-4,79
6761070,29,2,0,79
6761580,46,47,1,78
6762090,24,85,3,75
6762600,27,67,0,75
6763110,26,93,-5,80
6763620,29,75,-1,81
6764130,28,93,1,80
6764640,42,30,-3,83
6765150,20,33,9,74
6765660,19,34,5,69
6766170,18,35,-4,73
6766680,17,36,-1,74
6767190,16,37,-9,83
6767700,15,55,11,72
6768210,14,73,-2,74
6768720,17,67,-1,75
6769230,20,85,-1,76
6769740,23,95,0,76
6770250,26,3,-6,82
6770760,83,52,2,80
6771270,11,55,8,72
6771780,14,42,-5,77
6772290,13,60,4,73
6772800,16,47,-2,75
6773310,15,65,3,72
6773820,18,52,-5,77
6774330,17,70,0,77
6774840,20,5,1,76
6775350,77,54,-7,83
6775860,5,57,13,70
6776370,8,44,-8,78
6776880,11,62,4,74
6777390,14,49,-2,76
6777900,13,36,-1,77
6778410,12,54,7,70
6778920,15,41,-8,78
6779430,14,42,3,75
6779940,13,32,2,73
6780450,12,50,-1,74
6780960,11,37,-1,75
6781470,10,55,3,72
6781980,13,42,-4,76
6782490,12,60,6,70
6783000,15,47,-2,72
6783510,14,65,0,72
6784020,17,52,-9,81
6784530,16,70,8,73
6785040,19,57,-2,75
6785550,18,75,-2,77
6786060,21,62,0,77
6786570,20,80,3,74
6787080,23,67,0,74
6787590,22,85,-5,79
6788100,25,72,8,71
6788610,24,90,-6,77
6789120,27,77,-5,82
6789630,26,95,0,82
6790140,29,3,3,79
6790650,86,20,2,77
6791160,10,61,6,71
6791670,13,48,-11,82
6792180,12,66,8,74
6792690,15,53,-8,82
6793200,14,71,9,73
6793710,17,58,1,72
6794220,16,76,-3,75
6794730,19,63,0,75
6795240,18,81,-2,77
6795750,21,68,-1,78
6796260,20,86,0,78
6796770,23,73,1,77
6797280,22,91,4,73
6797790,25,78,-1,74
6798300,24,88,0,74
6798810,27,98,0,74
6799320,30,6,-10,84
6799830,56,23,4,80
6800340,86,64,6,74
6800850,64,46,-17,91
6801360,5,49,19,72
6801870,16,36,-2,74
6802380,15,54,-9,83
6802890,18,72,12,71
6803400,21,59,-4,75
6803910,20,77,0,75
6804420,23,64,-5,80
6804930,22,82,9,71
6805440,25,69,-5,76
6805950,24,87,-1,77
6806460,27,97,1,76
6806970,30,5,-9,85
6807480,56,30,0,85
6807990,86,71,8,77
6808500,95,7,1,76
6809010,40,3,-5,81
6809520,74,20,-4,85
6810030,15,61,5,80
6810540,18,48,8,72
6811050,17,66,2,70
6811560,20,53,-7,77
6812070,19,71,5,72
6812580,22,58,-10,82
6813090,21,76,8,74
6813600,24,63,-7,81
6814110,23,81,2,79
6814620,26,91,4,75
6815130,40,101,-3,78
6815640,54,9,0,78
6816150,80,26,4,74
6816660,8,67,0,74
6817170,11,54,-5,79
6817680,14,41,-4,83
6818190,13,59,13,70
6818700,16,46,-7,77
6819210,15,64,2,75
6819720,18,51,1,74
6820230,17,69,-3,77
6820740,20,56,0,77
6821250,19,32,4,73
6821760,18,33,-3,76
6822270,17,34,-2,78
6822780,16,35,4,74
6823290,15,53,-9,83
6823800,14,71,7,76
6824310,17,58,1,75
6824820,16,76,0,75
6825330,19,63,-2,77
6825840,18,81,0,77
6826350,21,68,-3,80
6826860,20,86,-2,82
6827370,23,20,6,76
6827880,1,26,0,76
6828390,12,27,3,73
6828900,11,28,-1,74
6829410,10,46,-1,75
6829920,13,33,-1,76
6830430,12,34,-1,77
6830940,11,35,-1,78
6831450,10,53,5,73
6831960,13,40,-7,80
6832470,9,58,8,72
6832980,12,45,-10,82
6833490,15,63,5,77
6834000,18,50,7,70
6834510,17,68,-12,82
6835020,20,86,5,77
6835530,23,68,-1,78
6836040,26,86,1,77
6836550,40,35,1,76
6837060,18,73,3,73
6837570,21,60,-4,77
6838080,20,78,2,75
6838590,23,27,4,71
6839100,9,28,-5,76
6839610,20,46,0,76
6840120,19,47,7,69
6840630,18,73,-6,75
6841140,21,22,0,75
6841650,7,23,-6,81
6842160,18,24,6,75
6842670,17,25,0,75
6843180,16,26,-5,80
6843690,11,27,2,78
6844200,10,28,0,78
6844710,9,29,5,73
6845220,20,30,-1,74
6845730,19,31,-2,76
6846240,18,32,-1,77
6846750,13,33,-9,86
6847260,12,34,11,75
6847770,11,52,-6,81
6848280,14,94,6,75
6848790,17,81,0,75
6849300,20,68,2,73
6849810,19,86,-2,75
6850320,22,68,0,75
6850830,36,86,-6,81
6851340,50,10,7,74
6851850,72,27,-7,81
6852360,0,68,7,74
6852870,3,78,2,72
6853380,6,42,-3,75
6853890,17,60,0,75
6854400,16,78,-2,77
6854910,19,65,-3,80
6855420,22,83,1,79
6855930,25,32,3,76
6856440,48,35,-5,81
6856950,26,38,5,76
6857460,49,64,-1,77
6857970,99,0,-10,87
6858480,31,98,6,81
6858990,45,47,-1,82
6859500,20,85,9,73
6860010,23,72,-2,75
6860520,22,90,-3,78
6861030,25,39,4,74
6861540,48,40,-3,77
6862050,26,43,1,76
6862560,76,61,-12,88
6863070,51,64,10,78
6863580,101,0,-10,88
6864090,33,98,6,82
6864600,47,82,0,82
6865110,97,6,-2,84
6865620,47,2,3,81
6866130,27,19,4,77
6866640,5,22,1,76
6867150,16,23,-3,79
6867660,11,26,3,76
6868170,10,27,-1,77
6868680,5,45,3,74
6869190,8,32,2,72
6869700,19,50,2,70
6870210,18,68,-3,73
6870720,21,86,1,72
6871230,24,99,-11,83
6871740,27,48,16,67
6872250,50,74,-14,81
6872760,100,10,0,81
6873270,32,27,5,76
6873780,10,30,1,75
6874290,9,48,-2,77
6874800,12,66,5,72
6875310,15,53,-4,76
6875820,14,71,6,70
6876330,17,20,-1,71
6876840,16,23,-9,80
6877350,15,24,2,78
6877860,14,25,5,73
6878370,9,43,-10,83
6878880,20,30,6,77
6879390,15,33,-3,80
6879900,14,34,-1,81
6880410,9,52,4,77
6880920,12,39,3,74
6881430,11,57,2,72
6881940,14,44,-3,75
6882450,13,39,4,71
6882960,12,57,-2,73
6883470,15,75,-5,78
6883980,18,24,5,73
6884490,17,25,-2,75
6885000,12,28,1,74
6885510,11,46,-1,75
6886020,14,64,2,73
6886530,17,13,0,73
6887040,12,51,-4,77
6887550,15,69,7,70
6888060,18,18,-9,79
6888570,13,21,1,78
6889080,8,22,-3,81
6889590,19,23,3,78
6890100,18,26,4,74
6890610,17,44,-2,76
6891120,16,62,6,70
6891630,19,80,-7,77
6892140,22,29,6,71
6892650,21,32,-4,75
6893160,20,50,8,67
6893670,19,68,-3,70
6894180,18,86,-9,79
6894690,21,35,7,72
6895200,20,53,-2,74
6895710,19,71,-3,77
6896220,18,20,3,74
6896730,13,23,-4,78
6897240,8,24,0,78
6897750,19,25,-2,80
6898260,18,28,1,79
6898770,13,29,5,74
6899280,12,47,2,72
6899790,11,65,-2,74
6900300,14,14,-5,79
6900810,9,17,2,77
6901320,4,18,-4,81
6901830,15,19,5,76
6902340,14,20,3,73
6902850,13,21,-9,82
6903360,8,22,3,79
6903870,3,23,2,77
6904380,14,89,2,75
6904890,17,53,0,75
6905400,16,71,3,72
6905910,19,20,-10,82
6906420,14,26,9,73
6906930,9,44,-6,79
6907440,12,95,-5,84
6907950,15,59,10,74
6908460,14,8,-8,82
6908970,9,57,2,80
6909480,26,75,0,80
6909990,40,93,0,80
6910500,54,42,2,78
6911010,32,45,-2,80
6911520,55,92,-4,84
6912030,3,76,8,76
6912540,46,40,-2,78
6913050,24,78,-1,79
6913560,23,27,4,75
6914070,1,65,1,74
6914580,4,29,-7,81
6915090,15,95,-3,84
6915600,18,59,11,73
6916110,17,77,-2,75
6916620,20,26,1,74
6917130,19,29,1,73
6917640,18,47,-2,75
6918150,17,65,0,75
6918660,16,14,-2,77
6919170,11,53,5,72
6919680,14,2,-5,77
6920190,71,51,-3,80
6920700,12,54,8,72
6921210,15,3,-6,78
6921720,72,52,0,78
6922230,50,55,-5,83
6922740,73,93,0,83
6923250,21,29,10,73
6923760,20,76,-6,79
6924270,23,25,-1,80
6924780,9,63,4,76
6925290,12,27,-1,77
6925800,11,28,1,76
6926310,6,46,7,69
6926820,9,97,-11,80
6927330,52,61,-1,81
6927840,75,99,1,80
6928350,23,35,2,78
6928860,22,82,-3,81
6929370,25,31,4,77
6929880,11,78,5,72
6930390,14,42,-5,77
6930900,13,60,5,72
6931410,16,9,-5,77
6931920,96,58,-1,78
6932430,24,61,3,75
6932940,23,79,2,73
6933450,26,28,0,73
6933960,12,66,1,72
6934470,15,15,-4,76
6934980,10,54,6,70
6935490,13,3,-17,87
6936000,8,52,11,76
6936510,11,1,-6,82
6937020,6,50,6,76
6937530,9,14,-1,77
6938040,4,53,4,73
6938550,7,17,-6,79
6939060,2,18,-1,80
6939570,13,19,-4,84
6940080,8,20,-1,85
6940590,19,21,13,72
6941100,14,24,-4,76
6941610,13,62,2,74
6942120,16,11,-5,79
6942630,11,60,9,70
6943140,14,24,-9,79
6943650,9,25,9,70
6944160,8,91,-12,82
6944670,51,55,2,80
6945180,74,93,-1,81
6945690,22,29,1,80
6946200,64,67,-5,85
6946710,87,3,0,85
6947220,19,101,6,79
6947730,22,65,2,77
6948240,21,83,1,76
6948750,24,32,4,72
6949260,47,70,-2,74
6949770,97,6,-10,84
6950280,29,23,3,81
6950790,7,61,11,70
6951300,10,25,-7,77
6951810,15,26,-1,78
6952320,10,27,1,77
6952830,9,28,-6,83
6953340,4,29,7,76
6953850,15,52,2,74
6954360,14,70,-6,80
6954870,17,19,1,79
6955380,12,20,2,77
6955890,7,21,1,76
6956400,18,22,0,76
6956910,13,23,5,71
6957420,12,24,-7,78
6957930,7,25,-2,80
6958440,18,26,3,77
6958950,17,97,-1,78
6959460,20,61,5,73
6959970,19,79,2,71
6960480,22,28,-5,76
6960990,8,31,0,76
6961500,19,49,1,75
6962010,18,67,2,73
6962520,21,16,1,72
6963030,101,54,-9,81
6963540,29,95,1,80
6964050,43,44,2,78
6964560,21,82,4,74
6965070,24,31,-6,80
6965580,10,69,8,72
6966090,13,33,-1,73
6966600,12,51,1,72
6967110,11,69,4,68
6967620,95,33,-9,77
6968130,23,74,1,76
6968640,22,23,0,76
6969150,17,24,3,73
6969660,12,46,1,72
6970170,11,64,-5,77
6970680,14,28,-1,78
6971190,9,29,-7,85
6971700,8,30,13,72
6972210,19,48,1,71
6972720,18,66,-5,76
6973230,21,84,-1,77
6973740,24,33,1,76
6974250,47,34,1,75
6974760,25,37,-4,79
6975270,48,38,1,78
6975780,26,41,3,75
6976290,49,42,-2,77
6976800,27,80,0,77
6977310,29,44,4,73
6977820,52,91,-5,78
6978330,75,75,-10,88
6978840,98,11,9,79
6979350,30,28,5,74
6979860,8,29,-4,78
6980370,19,30,5,73
6980880,18,31,2,71
6981390,13,32,-7,78
6981900,46,33,0,78
6982410,24,42,-1,79
6982920,74,43,4,75
6983430,96,46,1,74
6983940,24,87,2,72
6984450,27,36,-3,75
6984960,50,37,-7,82
6985470,28,40,1,81
6985980,51,87,0,81
6986490,101,71,9,72
6987000,8,74,2,70
6987510,51,38,-7,77
6988020,29,41,-2,79
6988530,52,88,-1,80
6989040,0,72,5,75
6989550,43,36,1,74
6990060,21,74,1,73
6990570,24,23,-3,76
6991080,19,24,5,71
6991590,76,25,-5,76
6992100,98,66,-4,80
6992610,5,69,6,74
6993120,48,33,-10,84
6993630,26,36,10,74
6994140,49,37,-4,78
6994650,27,40,3,75
6995160,50,41,0,75
6995670,28,79,-9,84
6996180,30,43,7,77
6996690,53,44,-4,81
6997200,31,82,-2,83
6997710,33,46,6,77
6998220,56,93,-3,80
6998730,4,38,-2,82
6999240,16,2,9,73
6999750,73,51,-11,84
7000260,14,54,13,71
7000770,13,72,-4,75
7001280,16,36,0,75
7001790,15,37,1,74
7002300,14,55,-2,76
7002810,13,73,-4,80
7003320,16,37,8,72
7003830,15,38,3,69
7004340,14,56,-6,75
7004850,13,74,-3,78
7005360,16,38,3,75
7005870,15,39,-5,80
7006380,14,40,1,79
7006890,13,58,1,78
7007400,16,76,6,72
7007910,19,40,-16,88
7008420,18,41,14,74
7008930,17,42,-4,78
7009440,16,60,2,76
7009950,15,90,-2,78
7010460,18,54,4,74
7010970,17,72,1,73
7011480,20,90,-2,75
7011990,23,54,-10,85
7012500,22,72,8,77
7013010,21,90,2,75
7013520,24,54,-4,79
7014030,74,73,-5,84
7014540,97,9,5,79
7015050,29,26,2,77
7015560,7,27,-1,78
7016070,18,28,4,74
7016580,17,29,2,72
7017090,16,30,0,72
7017600,15,31,-8,80
7018110,10,49,9,71
7018620,13,82,-6,77
7019130,16,46,2,75
7019640,15,64,-2,77
7020150,18,82,-3,80
7020660,21,46,11,69
7021170,20,64,-3,72
7021680,19,82,-2,74
7022190,22,46,2,72
7022700,45,64,-8,80
7023210,95,9,-1,81
7023720,27,26,-7,88
7024230,5,73,17,71
7024740,73,37,-10,81
7025250,95,78,-4,85
7025760,2,14,4,81
7026270,13,15,9,72
7026780,8,16,-9,81
7027290,3,17,2,79
7027800,14,18,-2,81
7028310,9,19,-2,83
7028820,4,20,1,82
7029330,15,21,6,76
7029840,14,22,1,75
7030350,13,23,-6,81
7030860,8,24,3,78
7031370,19,25,1,77
7031880,14,72,5,72
7032390,17,90,-11,83
7032900,20,54,6,77
7033410,19,72,5,72
7033920,22,21,-1,73
7034430,8,68,2,71
7034940,11,32,-5,76
7035450,10,50,5,71
7035960,13,68,0,71
7036470,16,32,-2,73
7036980,15,50,-4,77
7037490,14,68,1,76
7038000,17,101,-5,81
7038510,46,65,4,77
7039020,69,10,0,77
7039530,1,27,0,77
7040040,12,93,-3,80
7040550,41,57,3,77
7041060,64,2,-1,78
7041570,19,46,7,71
7042080,69,35,-10,81
7042590,10,76,12,69
7043100,13,40,-9,78
7043610,12,58,-5,83
7044120,15,76,15,68
7044630,18,7,-19,87
7045140,13,56,13,74
7045650,16,74,1,73
7046160,19,5,-3,76
7046670,76,54,-7,83
7047180,85,57,-1,84
7047690,94,60,9,75
7048200,1,63,3,72
7048710,4,27,-6,78
7049220,15,93,3,75
7049730,101,57,-4,79
7050240,21,98,5,74
7050750,24,62,-5,79
7051260,23,80,4,75
7051770,26,98,-1,76
7052280,29,47,6,70
7052790,48,94,-10,80
7053300,98,39,3,77
7053810,26,80,0,77
7054320,40,98,-2,79
7054830,54,14,-1,80
7055340,80,31,6,74
7055850,8,72,-1,75
7056360,11,36,-4,79
7056870,10,54,5,74
7057380,13,72,-1,75
7057890,16,36,0,75
7058400,15,54,-2,77
7058910,14,72,-2,79
7059420,17,90,1,78
7059930,20,54,0,78
7060440,19,72,8,70
7060950,22,90,-5,75
7061460,25,79,-2,77
7061970,39,97,-6,83
7062480,25,13,3,80
7062990,3,51,7,73
7063500,6,69,3,70
7064010,9,33,-9,79
7064520,8,51,14,65
7065030,11,69,-10,75
7065540,14,0,-2,77
7066050,71,49,-6,83
7066560,49,52,-1,84
7067070,35,90,8,76
7067580,21,6,-4,80
7068090,78,55,2,78
7068600,19,58,3,75
7069110,18,76,-1,76
7069620,21,94,1,75
7070130,24,58,-1,76
7070640,74,76,-3,79
7071150,97,12,-2,81
7071660,29,29,4,77
7072170,15,76,6,71
7072680,18,40,-3,74
7073190,17,58,-2,76
7073700,16,76,3,73
7074210,19,40,-8,81
7074720,18,79,6,75
7075230,21,97,-4,79
7075740,24,61,5,74
7076250,74,79,-10,84
7076760,97,15,-2,86
7077270,29,32,7,79
7077780,15,79,4,75
7078290,18,43,1,74
7078800,17,61,3,71
7079310,16,79,-3,74
7079820,19,43,-1,75
7080330,18,61,2,73
7080840,17,79,1,72
7081350,20,10,-8,80
7081860,100,59,0,80
7082370,20,100,3,77
7082880,23,64,-4,81
7083390,46,82,-6,87
7083900,96,27,6,81
7084410,26,68,3,78
7084920,49,86,0,78
7085430,72,97,1,77
7085940,20,42,-2,79
7086450,19,60,5,74
7086960,71,78,-11,85
7087470,94,14,5,80
7087980,26,31,9,71
7088490,49,78,-6,77
7089000,72,23,-5,82
7089510,13,64,12,70
7090020,16,97,-13,83
7090530,19,61,12,71
7091040,18,79,1,70
7091550,21,68,-13,83
7092060,20,86,9,74
7092570,23,75,2,72
7093080,37,93,-9,81
7093590,23,9,2,79
7094100,55,38,-5,84
7094610,98,41,11,73
7095120,26,82,-7,80
7095630,40,100,-1,81
7096140,54,37,5,76
7096650,79,40,3,73
7097160,101,81,-4,77
7097670,8,17,2,75
7098180,3,56,2,73
7098690,6,74,-6,79
7099200,10,38,2,77
7099710,9,56,6,71
7100220,12,74,-4,75
7100730,15,5,0,75
7101240,72,54,-8,83
7101750,97,57,6,77
7102260,17,98,-3,80
7102770,20,62,7,73
7103280,77,80,-11,84
7103790,100,16,7,77
7104300,24,33,1,76
7104810,10,72,-1,77
7105320,13,36,2,75
7105830,12,54,2,73
7106340,15,72,-2,75
7106850,18,90,2,73
7107360,21,79,-1,74
7107870,24,68,-7,81
7108380,23,86,4,77
7108890,26,75,-1,78
7109400,40,93,5,73
7109910,26,30,-11,84
7110420,12,69,6,78
7110930,15,33,-2,80
7111440,14,51,9,71
7111950,13,69,-6,77
7112460,16,87,1,76
7112970,19,76,2,74
7113480,22,61,-5,79
7113990,77,79,4,75
7114500,100,15,-9,84
7115010,32,32,7,77
7115520,18,79,4,73
7116030,21,97,-5,78
7116540,24,61,5,73
7117050,74,79,-5,78
7117560,97,15,-2,80
7118070,29,32,-1,81
7118580,15,79,10,71
7119090,18,43,-2,73
7119600,17,61,-2,75
7120110,20,79,-3,78
7120620,23,16,6,72
7121130,1,55,-3,75
7121640,4,19,-6,81
7122150,15,20,1,80
7122660,19,59,7,73
7123170,18,77,3,70
7123680,21,66,-5,75
7124190,23,84,-5,80
7124700,37,21,0,80
7125210,15,65,10,70
7125720,18,83,-5,75
7126230,21,72,-1,76
7126740,24,90,3,73
7127250,38,54,-11,84
7127760,61,101,5,79
7128270,84,46,-2,81
7128780,4,87,-2,83
7129290,47,51,9,74
7129800,70,89,-7,81
7130310,18,34,5,76
7130820,17,73,-4,80
7131330,20,91,4,76
7131840,23,55,5,71
7132350,46,80,-9,80
7132860,69,17,-1,81
7133370,10,34,6,75
7133880,9,52,0,75
7134390,12,70,0,75
7134900,15,12,-4,79
7135410,10,61,9,70
7135920,13,79,-3,73
7136430,16,43,3,70
7136940,15,61,0,70
7137450,18,79,-3,73
7137960,21,16,0,73
7138470,101,55,-6,79
7138980,29,96,2,77
7139490,19,33,2,75
7140000,23,72,0,75
7140510,25,90,-5,80
7141020,39,27,-5,85
7141530,17,66,12,73
7142040,20,84,-4,77
7142550,23,21,4,73
7143060,9,60,-3,76
7143570,12,2,-7,83
7144080,69,51,-2,85
7144590,10,54,9,76
7145100,13,72,1,75
7145610,16,36,6,69
7146120,15,54,-6,75
7146630,18,72,2,73
7147140,21,90,-5,78
7147650,24,54,1,77
7148160,74,72,-10,87
7148670,97,8,3,84
7149180,29,25,6,78
7149690,7,64,4,74
7150200,10,6,-8,82
7150710,5,55,5,77
7151220,8,73,7,70
7151730,11,37,-3,73
7152240,10,55,3,70
7152750,13,73,-4,74
7153260,16,4,-1,75
7153770,73,53,-4,79
7154280,14,56,7,72
7154790,17,74,-4,76
7155300,20,92,1,75
7155810,23,35,5,70
7156320,46,82,-9,79
7156830,69,27,0,79
7157340,99,68,1,78
7157850,6,71,1,77
7158360,9,35,3,74
7158870,21,53,-2,76
7159380,71,71,-4,80
7159890,94,7,-1,81
7160400,76,19,3,78
7160910,0,36,4,74
7161420,12,54,7,67
7161930,15,72,-8,75
7162440,18,90,-2,77
7162950,21,32,0,77
7163460,7,71,1,76
7163970,10,89,1,75
7164480,13,53,5,70
7164990,16,71,0,70
7165500,19,89,-4,74
7166010,22,20,-5,79
7166520,8,59,6,73
7167030,11,77,-8,81
7167540,14,19,4,77
7168050,9,58,2,75
7168560,12,76,2,73
7169070,15,18,-3,76
7169580,19,57,0,76
7170090,22,75,-3,79
7170600,36,93,1,78
7171110,22,9,-3,81
7171620,48,58,4,77
7172130,34,96,-3,80
7172640,20,33,2,78
7173150,24,51,-3,81
7173660,79,69,-2,83
7174170,0,14,3,80
7174680,11,15,-2,82
7175190,6,54,7,75
7175700,18,72,2,73
7176210,21,90,1,72
7176720,24,74,-3,75
7177230,26,92,-10,85
7177740,40,29,8,77
7178250,18,56,0,77
7178760,21,74,7,70
7179270,35,92,-10,80
7179780,21,8,6,74
7180290,47,37,-1,75
7180800,25,84,-4,79
7181310,39,0,1,78
7181820,73,29,2,76
7182330,20,70,3,73
7182840,49,88,-8,81
7183350,72,33,0,81
7183860,0,74,7,74
7184370,56,38,-8,82
7184880,34,41,4,78
7185390,20,88,1,77
7185900,23,4,-3,80
7186410,80,58,4,76
7186920,3,90,-3,79
7187430,30,54,-1,80
7187940,53,72,6,74
7188450,76,30,-4,78
7188960,4,71,0,78
7189470,16,13,-6,84
7189980,11,62,9,75
7190490,23,80,4,71
7191000,37,98,-10,81
7191510,23,14,-7,88
7192020,5,67,16,72
7192530,17,9,-7,79
7193040,43,58,0,79
7193550,66,3,-5,84
7194060,21,47,7,77
7194570,76,65,-3,80
7195080,99,10,-3,83
7195590,23,22,1,82
7196100,9,75,6,76
7196610,52,39,-5,81
7197120,67,86,4,77
7197630,15,31,-1,78
7198140,19,49,1,77
7198650,74,67,-3,80
7199160,97,12,-2,82
7199670,21,29,4,78
7200180,7,76,1,77
7200690,50,40,-2,79
7201200,32,87,3,76
7201710,18,3,-6,82
7202220,75,52,6,76
7202730,84,55,-5,81
7203240,7,58,10,71
7203750,19,76,-8,79
7204260,22,94,7,72
7204770,25,10,-1,73
7205280,7,39,3,70
7205790,19,57,-10,80
7206300,18,75,7,73
7206810,21,93,-7,80
7207320,24,57,10,70
7207830,79,75,-3,73
7208340,0,20,-3,76
7208850,11,21,-4,80
7209360,6,60,4,76
7209870,18,2,-2,78
7210380,75,51,4,74
7210890,84,54,-7,81
7211400,79,57,3,78
7211910,88,89,2,76
7212420,9,25,2,74
7212930,4,43,1,73
7213440,16,61,3,70
7213950,19,79,-5,75
7214460,22,97,0,75
7214970,25,61,0,75
7215480,80,79,-4,79
7215990,1,24,1,78
7216500,13,25,-3,81
7217010,8,26,2,79
7217520,20,44,6,73
7218030,43,62,-10,83
7218540,66,7,3,80
7219050,92,19,-1,81
7219560,16,36,6,75
7220070,71,54,-9,84
7220580,86,86,-1,85
7221090,7,22,7,78
7221600,18,23,-4,82
7222110,22,24,10,72
7222620,8,71,-3,75
7223130,11,35,-9,84
7223640,23,53,5,79
7224150,73,71,1,78
7224660,96,16,0,78
7225170,20,28,5,73
7225680,6,29,-1,74
7226190,18,47,1,73
7226700,73,65,-7,80
7227210,96,10,0,80
7227720,78,22,-1,81
7228230,2,63,8,73
7228740,14,81,-1,74
7229250,17,45,0,74
7229760,72,63,-12,86
7230270,95,8,3,83
7230780,77,20,9,74
7231290,1,37,-3,77
7231800,13,55,1,76
7232310,16,73,-2,78
7232820,19,91,7,71
7233330,22,55,-5,76
7233840,77,73,-4,80
7234350,100,18,2,78
7234860,24,30,8,70
7235370,10,77,-7,77
7235880,13,41,3,74
7236390,12,59,-3,77
7236900,24,77,2,75
7237410,38,95,-2,77
7237920,24,11,-3,80
7238430,50,60,4,76
7238940,36,5,-3,79
7239450,18,22,4,75
7239960,4,23,-5,80
7240470,15,24,1,79
7240980,14,25,4,75
7241490,9,26,-8,83
7242000,21,27,5,78
7242510,7,28,3,75
7243020,19,46,7,68
7243530,74,64,-18,86
7244040,56,9,-7,93
7244550,82,21,16,77
7245060,12,38,-3,80
7245570,24,56,1,79
7246080,47,74,-4,83
7246590,70,19,10,73
7247100,96,36,-6,79
7247610,24,77,2,77
7248120,38,95,-3,80
7248630,24,11,-2,82
7249140,50,60,9,73
7249650,36,5,-9,82
7250160,62,30,-1,83
7250670,92,57,2,81
7251180,101,60,6,75
7251690,29,63,-1,76
7252200,15,81,-1,77
7252710,18,99,-4,81
7253220,47,63,1,80
7253730,70,8,-2,82
7254240,96,20,1,81
7254750,20,37,1,80
7255260,99,55,2,78
7255770,27,96,1,77
7256280,41,12,-6,83
7256790,23,44,6,77
7257300,0,62,-1,78
7257810,12,26,4,74
7258320,7,27,-7,81
7258830,19,45,11,70
7259340,5,63,-3,73
7259850,17,81,-5,78
7260360,20,99,-1,79
7260870,23,63,-5,84
7261380,78,81,-2,86
7261890,101,17,9,77
7262400,25,29,-1,78
7262910,11,76,3,75
7263420,23,40,-2,77
7263930,9,58,-1,78
7264440,21,76,6,72
7264950,35,94,-10,82
7265460,21,72,6,76
7265970,35,90,0,76
7266480,21,68,1,75
7266990,35,86,-7,82
7267500,49,2,9,73
7268010,83,34,-2,75
7268520,11,75,1,74
7269030,23,15,-10,84
7269540,9,64,8,76
7270050,21,82,0,76
7270560,35,100,-8,84
7271070,21,78,7,77
7271580,24,96,-3,80
7272090,27,74,3,77
7272600,41,92,-2,79
7273110,27,70,-3,82
7273620,41,88,3,79
7274130,27,33,2,77
7274640,13,80,5,72
7275150,25,20,-10,82
7275660,11,67,7,75
7276170,23,7,-2,77
7276680,5,56,-1,78
7277190,17,74,2,76
7277700,20,92,0,76
7278210,49,70,-6,82
7278720,35,15,4,78
7279230,17,95,6,72
7279740,46,35,-2,74
7280250,55,41,-11,85
7280760,70,44,3,82
7281270,11,47,7,75
7281780,23,65,-3,78
7282290,37,83,0,78
7282800,51,61,-3,81
7283310,37,6,4,77
7283820,63,23,-1,78
7284330,18,64,2,76
7284840,21,82,3,73
7285350,35,22,-4,77
7285860,17,0,-2,79
7286370,74,49,-2,81
7286880,15,52,9,72
7287390,27,70,-6,78
7287900,41,48,0,78
7288410,27,95,2,76
7288920,41,73,-1,77
7289430,27,18,-2,79
7289940,47,98,0,79
7290450,61,43,-5,84
7290960,43,46,6,78
7291470,29,93,-6,84
7291980,43,71,6,78
7292490,29,16,-6,84
7293000,11,96,9,75
7293510,38,60,-6,81
7294020,24,5,2,79
7294530,50,54,2,77
7295040,36,101,-10,87
7295550,22,79,4,83
7296060,36,57,4,79
7296570,22,2,1,78
7297080,79,51,1,77
7297590,88,54,0,77
7298100,16,86,2,75
7298610,28,42,-4,79
7299120,14,89,5,74
7299630,41,53,-6,80
7300140,27,100,-1,81
7300650,41,40,8,73
7301160,27,87,-3,76
7301670,41,65,1,75
7302180,27,45,6,69
7302690,13,84,-9,78
7303200,25,48,2,76
7303710,11,87,3,73
7304220,38,51,-1,74
7304730,24,98,2,72
7305240,38,82,-9,81
7305750,24,62,4,77
7306260,79,40,3,74
7306770,7,81,-6,80
7307280,19,45,-3,83
7307790,31,84,-1,84
7308300,45,62,8,76
7308810,31,7,-4,80
7309320,13,39,12,68
7309830,25,57,-12,80
7310340,2,35,6,74
7310850,3,77,1,73
7311360,30,41,-2,75
7311870,16,88,-1,76
7312380,28,7,-7,83
7312890,54,39,6,77
7313400,63,42,-4,81
7313910,4,45,10,71
7314420,16,87,-4,75
7314930,28,51,-6,81
7315440,78,90,-1,82
7315950,92,26,4,78
7316460,22,67,6,72
7316970,36,45,-12,84
7317480,22,92,13,71
7317990,36,76,-1,72
7318500,50,60,-9,81
7319010,36,24,3,78
7319520,14,2,-3,81
7320030,71,51,2,79
7320540,12,54,2,77
7321050,24,96,1,76
7321560,38,60,-5,81
7322070,24,44,1,80
7322580,10,83,5,75
7323090,22,47,-9,84
7323600,72,86,-9,93
7324110,86,22,14,79
7324620,16,63,3,76
7325130,28,19,-1,77
7325640,48,99,-5,82
7326150,34,83,-3,85
7326660,48,61,5,80
7327170,98,45,6,74
7327680,26,86,-5,79
7328190,40,64,-7,86
7328700,90,1,5,81
7329210,22,13,5,76
7329720,4,62,8,68
7330230,16,26,-8,76
7330740,11,65,4,72
7331250,23,5,-5,77
7331760,5,54,5,72
7332270,17,96,-13,85
7332780,29,60,8,77
7333290,79,7,-8,85
7333800,11,19,3,82
7334310,6,58,4,78
7334820,18,14,5,73
7335330,4,63,-1,74
7335840,16,3,-5,79
7336350,73,52,-7,86
7336860,14,55,8,78
7337370,83,97,-3,81
7337880,97,81,-1,82
7338390,4,11,-4,86
7338900,68,60,4,82
7339410,82,92,1,81
7339920,96,66,-2,83
7340430,3,69,6,77
7340940,15,9,2,75
7341450,10,58,-7,82
7341960,22,8,3,79
7342470,48,57,3,76
7342980,34,37,-1,77
7343490,20,40,3,74
7344000,6,79,-3,77
7344510,18,19,-4,81
7345020,4,68,5,76
7345530,16,24,-5,81
7346040,11,63,2,79
7346550,23,3,-2,81
7347060,8,52,4,77
7347570,20,94,-3,80
7348080,32,78,6,74
7348590,46,56,-6,80
7349100,28,59,-1,81
7349610,78,98,-2,83
7350120,92,82,-4,87
7350630,74,12,0,87
7351140,15,29,8,79
7351650,10,68,7,72
7352160,22,8,-2,74
7352670,48,57,-7,81
7353180,34,37,3,78
7353690,20,40,2,76
7354200,99,89,-8,84
7354710,81,19,3,81
7355220,11,36,2,79
7355730,42,85,3,76
7356240,56,69,-4,80
7356750,70,5,-2,82
7357260,2,17,4,78
7357770,13,54,5,73
7358280,25,41,3,70
7358790,11,80,-4,74
7359300,23,20,3,71
7359810,9,23,-7,78
7360320,4,62,5,73
7360830,16,2,-9,82
7361340,73,51,-1,83
7361850,14,54,6,77
7362360,26,41,1,76
7362870,12,80,-2,78
7363380,24,67,6,72
7363890,38,54,-10,82
7364400,24,34,7,75
7364910,10,73,-1,76
7365420,22,60,5,71
7365930,36,0,-10,81
7366440,70,32,1,80
7366950,100,73,6,74
7367460,7,76,-1,75
7367970,19,16,-3,78
7368480,5,65,7,71
7368990,17,52,-7,78
7369500,29,39,3,75
7370010,15,78,1,74
7370520,27,34,1,73
7371030,13,73,-5,78
7371540,25,60,4,74
7372050,39,7,-8,82
7372560,21,62,10,72
7373070,76,49,-11,83
7373580,17,52,7,76
7374090,29,39,2,74
7374600,15,78,-3,77
7375110,27,65,-3,80
7375620,77,52,-2,82
7376130,18,55,-3,85
7376640,30,42,7,78
7377150,16,81,-1,79
7377660,28,68,6,73
7378170,42,46,-8,81
7378680,28,84,3,78
7379190,42,62,-3,81
7379700,92,46,3,78
7380210,20,87,1,77
7380720,32,74,0,77
7381230,46,21,5,72
7381740,78,62,-13,85
7382250,60,94,2,83
7382760,8,78,0,83
7383270,20,65,5,78
7383780,32,52,1,77
7384290,18,91,0,77
7384800,30,75,-3,80
7385310,44,12,-2,82
7385820,70,44,6,76
7386330,11,47,-1,77
7386840,23,34,-5,82
7387350,9,73,12,70
7387860,21,60,-4,74
7388370,33,47,-9,83
7388880,19,86,11,72
7389390,52,73,-7,79
7389900,34,57,-3,82
7390410,20,96,10,72
7390920,47,83,-4,76
7391430,97,63,1,75
7391940,4,66,-4,79
7392450,16,50,6,73
7392960,28,37,-10,83
7393470,14,76,15,68
7393980,26,63,-3,71
7394490,76,50,-18,89
7395000,17,53,15,74
7395510,29,40,-6,80
7396020,15,87,1,79
7396530,27,74,2,77
7397040,41,61,1,76
7397550,23,41,3,73
7398060,73,90,-9,82
7398570,21,26,6,76
7399080,7,65,1,75
7399590,19,52,-8,83
7400100,74,30,1,82
7400610,2,71,0,82
7401120,29,81,2,80
7401630,43,59,-1,81
7402140,25,39,3,78
7402650,75,88,-5,83
7403160,89,24,6,77
7403670,19,65,-1,78
7404180,31,52,1,77
7404690,17,91,2,75
7405200,29,78,-6,81
7405710,43,65,6,75
7406220,29,45,-1,76
7406730,79,84,-14,90
7407240,93,20,12,78
7407750,17,29,3,75
7408260,12,68,8,67
7408770,24,55,-7,74
7409280,74,42,-7,81
7409790,93,45,3,78
7410300,21,86,0,78
7410810,35,73,1,77
7411320,49,53,-5,82
7411830,35,91,8,74
7412340,49,69,-3,77
7412850,99,49,5,72
7413360,27,90,-6,78
7413870,41,77,4,74
7414380,91,57,-2,76
7414890,100,60,1,75
7415400,28,63,-6,81
7415910,78,43,-1,82
7416420,6,46,-5,87
7416930,18,33,16,71
7417440,11,72,-3,74
7417950,23,59,-11,85
7418460,73,18,6,79
7418970,3,27,2,77
7419480,15,14,-2,79
7419990,10,63,5,74
7420500,22,50,3,71
7421010,72,37,-10,81
7421520,0,78,1,80
7422030,27,65,1,79
7422540,41,52,-2,81
7423050,23,32,4,77
7423560,9,70,3,74
7424070,21,57,-3,77
7424580,23,44,-3,80
7425090,73,83,-6,86
7425600,87,19,5,81
7426110,11,28,6,75
7426620,6,15,-4,79
7427130,17,64,5,74
7427640,29,51,-1,75
7428150,79,31,-7,82
7428660,7,72,7,75
7429170,19,59,-1,76
7429680,31,46,2,74
7430190,81,26,0,74
7430700,11,67,2,72
7431210,23,54,-8,80
7431720,73,41,-4,84
7432230,14,44,7,77
7432740,26,31,1,76
7433250,12,10,-5,81
7433760,7,59,10,71
7434270,19,46,-5,76
7434780,31,33,-4,80
7435290,17,80,10,70
7435800,29,67,-7,77
7436310,43,54,-1,78
7436820,29,92,-2,80
7437330,43,79,1,79
7437840,93,20,4,75
7438350,23,29,-6,81
7438860,9,67,7,74
7439370,21,54,-2,76
7439880,71,41,-9,85
7440390,12,44,7,78
7440900,24,31,-1,79
7441410,10,70,0,79
7441920,22,57,0,79
7442430,72,44,-4,83
7442940,13,76,4,79
7443450,25,63,4,75
7443960,75,50,-1,76
7444470,3,82,0,76
7444980,30,69,1,75
7445490,80,6,-6,81
7446000,12,38,7,74
7446510,24,77,-5,79
7447020,38,64,1,78
7447530,20,44,6,72
7448040,70,31,-7,79
7448550,100,72,5,74
7449060,7,2,-5,79
7449570,2,51,0,79
7450080,14,38,12,67
7450590,26,25,-15,82
7451100,12,64,12,70
7451610,24,51,-9,79
7452120,74,90,-5,84
7452630,22,26,4,80
7453140,8,65,10,70
7453650,20,52,-9,79
7454160,70,49,-3,82
7454670,11,81,8,74
7455180,38,68,-6,80
7455690,24,5,-6,86
7456200,50,87,5,81
7456710,100,67,2,79
7457220,7,99,3,76
7457730,34,7,-8,84
7458240,16,32,14,70
7458750,11,71,-4,74
7459260,23,58,-6,80
7459770,73,45,6,74
7460280,14,77,-4,78
7460790,26,64,-1,79
7461300,76,44,-1,80
7461810,17,47,2,78
7462320,29,34,0,78
7462830,15,93,-3,81
7463340,42,49,10,71
7463850,24,87,-5,76
7464360,38,24,-4,80
7464870,70,77,-1,81
7465380,84,13,-3,84
7465890,16,45,9,75
7466400,28,32,-7,82
7466910,14,3,-1,83
7467420,71,52,2,81
7467930,12,84,7,74
7468440,24,71,-5,79
7468950,26,51,0,79
7469460,76,77,-1,80
7469970,90,13,0,80
7470480,22,45,10,70
7470990,72,71,-12,82
7471500,86,42,4,78
7472010,14,83,4,74
7472520,41,70,-9,83
7473030,91,11,4,79
7473540,23,43,7,72
7474050,73,69,-13,85
7474560,87,40,9,76
7475070,15,81,-1,77
7475580,27,21,2,75
7476090,13,101,-1,76
7476600,40,88,1,75
7477110,54,12,-5,80
7477620,80,75,-5,85
7478130,94,46,10,75
7478640,22,87,-6,81
7479150,36,27,5,76
7479660,18,80,6,70
7480170,30,20,-6,76
7480680,12,73,2,74
7481190,24,13,-2,76
7481700,6,66,4,72
7482210,18,6,-4,76
7482720,44,55,3,73
7483230,26,35,0,73
7483740,12,15,-6,79
7484250,7,64,0,79
7484760,19,4,1,78
7485270,76,53,0,78
7485780,17,85,-4,82
7486290,29,49,6,76
7486800,79,75,-10,86
7487310,93,46,12,74
7487820,21,87,1,73
7488330,48,27,-9,82
7488840,80,59,3,79
7489350,21,91,-2,81
7489860,33,31,0,81
7490370,19,78,10,71
7490880,31,18,-12,83
7491390,13,48,6,77
7491900,25,85,-4,81
7492410,39,65,0,81
7492920,89,45,1,80
7493430,17,86,-2,82
7493940,29,26,13,69
7494450,15,32,-7,76
7494960,10,60,3,73
7495470,22,0,-8,81
7495980,79,49,5,76
7496490,20,81,-5,81
7497000,47,30,4,77
7497510,90,62,3,74
7498020,99,94,-11,85
7498530,11,65,9,76
7499040,23,5,2,74
7499550,5,54,1,73
7500060,17,96,-5,78
7500570,44,60,-8,86
7501080,94,40,12,74
7501590,22,81,-3,77
7502100,36,30,-9,86
7502610,22,36,1,85
7503120,72,85,1,84
7503630,20,56,12,72
7504140,34,36,-8,80
7504650,48,7,3,77
7505160,74,39,-7,84
7505670,15,80,8,76
7506180,42,44,4,72
7506690,101,76,-9,81
7507200,8,6,4,77
7507710,3,55,2,75
7508220,15,97,-4,79
7508730,42,61,-3,82
7509240,92,41,3,79
7509750,20,82,8,71
7510260,47,22,-9,80
7510770,90,54,-4,84
7511280,31,57,3,81
7511790,81,85,-3,84
7512300,95,21,6,78
7512810,19,38,-1,79
7513320,69,39,0,79
7513830,10,80,4,75
7514340,37,44,-2,77
7514850,23,24,-3,80
7515360,9,63,3,77
7515870,21,3,0,77
7516380,78,52,-4,81
7516890,19,84,5,76
7517400,46,33,-5,81
7517910,89,39,4,77
7518420,17,80,2,75
7518930,44,20,-7,82
7519440,76,52,1,81
7519950,17,84,1,80
7520460,44,33,-4,84
7520970,58,39,-1,85
7521480,101,45,12,73
7521990,29,86,-8,81
7522500,43,35,3,78
7523010,52,41,-4,82
7523520,95,47,10,72
7524030,23,88,-13,85
7524540,37,37,11,74
7525050,23,8,-7,81
7525560,49,61,5,76
7526070,63,41,-11,87
7526580,4,73,6,81
7527090,31,37,4,77
7527600,17,8,-1,78
7528110,43,57,0,78
7528620,29,37,-1,79
7529130,79,65,-5,84
7529640,20,36,12,72
7530150,70,64,-12,84
7530660,84,35,6,78
7531170,12,76,3,75
7531680,15,25,0,75
7532190,65,26,-7,82
7532700,6,58,10,72
7533210,18,100,-15,87
7533720,45,64,5,82
7534230,95,44,5,77
7534740,23,85,-1,78
7535250,50,34,0,78
7535760,93,40,2,76
7536270,21,81,-1,77
7536780,48,30,0,77
7537290,91,62,-6,83
7537800,100,94,10,73
7538310,7,65,-5,78
7538820,34,5,-5,83
7539330,68,37,4,79
7539840,9,69,-6,85
7540350,36,18,6,79
7540860,58,71,-1,80
7541370,72,42,-2,82
7541880,13,74,2,80
7542390,40,14,-2,82
7542900,83,46,3,79
7543410,24,87,2,77
7543920,51,36,-3,80
7544430,60,42,-6,86
7544940,1,85,5,81
7545450,28,49,5,76
7545960,78,29,-1,77
7546470,100,70,0,77
7546980,7,0,-2,79
7547490,2,49,2,77
7548000,14,91,-7,84
7548510,41,40,6,78
7549020,27,11,1,77
7549530,9,64,1,76
7550040,21,4,-1,77
7550550,47,77,2,75
7551060,97,57,-2,77
7551570,17,52,-1,78
7552080,67,89,-5,83
7552590,15,69,13,70
7553100,27,9,-8,78
7553610,53,34,-1,79
7554120,96,66,-2,81
7554630,3,98,-2,83
7555140,30,62,7,76
7555650,44,42,-6,82
7556160,30,13,-1,83
7556670,56,45,0,83
7557180,99,88,-3,86
7557690,6,59,9,77
7558200,18,101,-5,82
7558710,45,65,4,78
7559220,68,45,-4,82
7559730,9,77,10,72
7560240,36,26,-3,75
7560750,76,99,-12,87
7561260,24,70,17,70
7561770,38,50,-15,85
7562280,61,21,2,83
7562790,87,53,2,81
7563300,7,85,5,76
7563810,34,49,0,76
7564320,16,29,-2,78
7564830,95,57,2,76
7565340,2,89,-3,79
7565850,29,53,0,79
7566360,79,79,-4,83
7566870,93,50,10,73
7567380,13,91,-5,78
7567890,40,55,-6,84
7568400,63,35,1,83
7568910,4,67,5,78
7569420,16,7,-5,83
7569930,35,56,4,79
7570440,58,36,-10,89
7570950,101,68,14,75
7571460,8,100,-5,80
7571970,35,64,-6,86
7572480,85,44,7,79
7572990,5,85,1,78
7573500,32,49,4,74
7574010,82,29,-4,78
7574520,12,70,6,72
7575030,24,10,-11,83
7575540,50,63,7,76
7576050,64,43,-9,85
7576560,5,75,9,76
7577070,32,15,-4,80
7577580,58,68,-4,84
7578090,72,48,4,80
7578600,13,80,3,77
7579110,40,20,0,77
7579620,62,52,-5,82
7580130,76,84,0,82
7580640,90,63,8,74
7581150,99,42,-5,79
7581660,19,83,-4,83
7582170,46,47,9,74
7582680,32,18,-8,82
7583190,14,50,2,80
7583700,26,87,3,77
7584210,40,67,-6,83
7584720,63,47,-5,88
7585230,4,79,11,77
7585740,31,43,5,72
7586250,54,23,-12,84
7586760,97,55,13,71
7587270,17,50,-12,83
7587780,29,30,10,73
7588290,15,1,-13,86
7588800,72,50,2,84
7589310,13,82,11,73
7589820,40,22,-9,82
7590330,80,66,2,80
7590840,94,45,0,80
7591350,14,86,4,76
7591860,41,50,-4,80
7592370,64,30,-3,83
7592880,5,71,6,77
7593390,32,11,-9,86
7593900,58,43,5,81
7594410,101,86,3,78
7594920,8,65,6,72
7595430,20,58,-1,73
7595940,22,38,-2,75
7596450,72,74,-7,82
7596960,86,2,1,81
7597470,18,32,0,81
7597980,97,71,2,79
7598490,4,50,5,74
7599000,16,92,-5,79
7599510,43,56,3,76
7600020,66,36,-8,84
7600530,7,68,9,75
7601040,19,32,2,73
7601550,98,60,-2,75
7602060,5,1,-6,81
7602570,16,50,7,74
7603080,28,30,1,73
7603590,14,1,-10,83
7604100,7,50,6,77
7604610,19,92,1,76
7605120,15,32,2,74
7605630,94,5,-9,83
7606140,26,37,13,70
7606650,49,17,-14,84
7607160,75,26,6,78
7607670,101,67,-2,80
7608180,8,99,-4,84
7608690,35,63,9,75
7609200,58,43,-6,81
7609710,98,86,2,79
7610220,19,66,9,70
7610730,48,46,-7,77
7611240,34,17,-11,88
7611750,60,70,9,79
7612260,74,50,1,78
7612770,15,93,0,78
7613280,42,57,0,78
7613790,65,37,-2,80
7614300,6,69,6,74
7614810,33,33,-4,78
7615320,19,4,-3,81
7615830,76,53,1,80
7616340,17,96,1,79
7616850,44,60,0,79
7617360,67,7,-3,82
7617870,101,39,3,79
7618380,21,80,1,78
7618890,48,60,-1,79
7619400,71,40,1,78
7619910,93,81,0,78
7620420,0,11,-10,88
7620930,11,60,18,70
7621440,23,0,-19,89
7621950,80,49,10,79
7622460,0,81,1,78
7622970,27,45,0,78
7623480,13,87,4,74
7623990,40,51,-1,75
7624500,63,31,-10,85
7625010,4,63,12,73
7625520,16,3,-10,83
7626030,73,52,-2,85
7626540,14,95,6,79
7627050,45,59,-1,80
7627560,68,39,-3,83
7628070,9,71,13,70
7628580,36,35,-8,78
7629090,22,6,-3,81
7629600,48,31,-1,82
7630110,91,74,3,79
7630620,100,53,6,73
7631130,20,94,-2,75
7631640,47,58,-6,81
7632150,70,38,-2,83
7632660,11,65,12,71
7633170,23,5,-8,79
7633680,49,54,-1,80
7634190,35,25,4,76
7634700,67,68,-5,81
7635210,81,98,4,77
7635720,2,69,2,75
7636230,29,9,-6,81
7636740,55,34,-2,83
7637250,98,78,3,80
7637760,5,8,-1,81
7638270,16,57,7,74
7638780,28,99,-2,76
7639290,55,63,-4,80
7639800,78,34,3,77
7640310,100,75,0,77
7640820,7,54,7,70
7641330,19,96,-12,82
7641840,46,60,5,77
7642350,69,40,-10,87
7642860,10,43,15,72
7643370,22,85,0,72
7643880,49,25,-8,80
7644390,92,69,2,78
7644900,101,10,-6,84
7645410,33,42,4,80
7645920,56,13,-6,86
7646430,82,45,8,78
7646940,2,86,-4,82
7647450,29,50,8,74
7647960,52,30,-7,81
7648470,74,74,2,79
7648980,88,45,4,75
7649490,8,86,-1,76
7650000,35,50,1,75
7650510,58,30,-8,83
7651020,101,47,8,75
7651530,21,88,2,73
7652040,48,37,-10,83
7652550,34,80,3,80
7653060,61,60,3,77
7653570,84,31,2,75
7654080,4,72,1,74
7654590,31,12,-5,79
7655100,57,44,-2,81
7655610,71,76,-1,82
7656120,85,47,4,78
7656630,5,88,-4,82
7657140,32,52,5,77
7657650,55,32,-5,82
7658160,98,63,-2,84
7658670,5,95,5,79
7659180,32,59,-2,81
7659690,55,87,-2,83
7660200,78,67,-2,85
7660710,92,38,9,76
7661220,12,79,-2,78
7661730,39,43,0,78
7662240,25,14,0,78
7662750,51,67,0,78
7663260,74,47,-1,79
7663770,15,79,6,73
7664280,42,52,-7,80
7664790,28,23,0,80
7665300,14,76,3,77
7665810,41,49,-2,79
7666320,27,28,4,75
7666830,13,101,-9,84
7667340,40,65,5,79
7667850,63,45,-3,82
7668360,4,88,1,81
7668870,31,52,5,76
7669380,54,32,-3,79
7669890,97,64,2,77
7670400,12,5,-6,83
7670910,7,54,10,73
7671420,19,27,-5,78
7671930,23,100,4,74
7672440,50,40,-8,82
7672950,36,68,3,79
7673460,50,8,-1,80
7673970,76,40,2,78
7674480,98,81,-6,84
7674990,10,11,0,84
7675500,5,60,14,70
7676010,17,33,-5,75
7676520,96,75,-5,80
7677030,3,5,-5,85
7677540,14,54,10,75
7678050,26,27,-2,77
7678560,12,100,1,76
7679070,39,64,-7,83
7679580,16,4,6,77
7680090,42,53,0,77
7680600,56,24,-7,84
7681110,99,56,12,72
7681620,19,51,0,72
7682130,18,24,-4,76
7682640,22,97,-8,84
7683150,30,46,10,74
7683660,16,26,-1,75
7684170,95,99,-8,83
7684680,7,29,5,78
7685190,19,80,1,77
7685700,83,29,2,75
7686210,13,70,-2,77
7686720,25,43,-1,78
7687230,2,85,-3,81
7687740,29,49,10,71
7688250,15,91,-2,73
7688760,42,40,-9,82
7689270,28,11,-1,83
7689780,54,29,6,77
7690290,76,61,-5,82
7690800,90,93,4,78
7691310,2,34,6,72
7691820,14,7,-6,78
7692330,40,56,0,78
7692840,54,36,-5,83
7693350,97,68,6,77
7693860,4,100,-5,82
7694370,31,64,4,78
7694880,45,4,-2,80
7695390,79,36,4,76
7695900,101,77,-1,77
7696410,8,7,-4,81
7696920,3,56,5,76
7697430,15,29,-1,77
7697940,14,0,-2,79
7698450,71,49,1,78
7698960,12,81,4,74
7699470,39,54,-2,76
7699980,25,34,2,74
7700490,11,93,-5,79
7701000,38,57,-2,81
7701510,15,37,12,69
7702020,14,17,-14,83
7702530,18,66,10,73
7703040,17,39,-5,78
7703550,96,81,-4,82
7704060,3,52,6,76
7704570,15,25,2,74
7705080,14,98,-7,81
7705590,41,62,9,72
7706100,27,42,-7,79
7706610,4,22,3,76
7707120,15,88,3,73
7707630,42,61,-6,79
7708140,28,41,6,73
7708650,14,21,-8,81
7709160,13,94,9,72
7709670,40,58,-5,77
7710180,26,38,2,75
7710690,12,18,-5,80
7711200,56,91,0,80
7711710,33,71,3,77
7712220,35,51,-1,78
7712730,21,31,2,76
7713240,100,90,-7,83
7713750,86,61,0,83
7714260,95,93,3,80
7714770,81,64,-6,86
7715280,96,96,8,78
7715790,82,76,-8,86
7716300,68,47,6,80
7716810,9,79,5,75
7717320,17,43,-6,81
7717830,16,23,2,79
7718340,7,96,0,79
7718850,34,60,-5,84
7719360,11,40,5,79
7719870,23,13,-2,81
7720380,49,66,1,80
7720890,99,46,5,75
7721400,19,87,1,74
7721910,46,36,-7,81
7722420,61,79,-1,82
7722930,9,59,3,79
7723440,21,32,-2,81
7723950,100,3,2,79
7724460,32,47,5,74
7724970,18,27,-1,75
7725480,97,100,-15,90
7725990,83,28,15,75
7726500,13,69,1,74
7727010,77,18,-6,80
7727520,1,27,7,73
7728030,12,0,-6,79
7728540,69,49,-2,81
7729050,10,81,2,79
7729560,18,45,0,79
7730070,17,25,4,75
7730580,21,98,-6,81
7731090,29,47,4,77
7731600,32,27,4,73
7732110,18,70,-1,74
7732620,17,19,3,71
7733130,3,92,-7,78
7733640,30,56,8,70
7734150,16,36,-9,79
7734660,15,78,5,74
7735170,23,27,2,72
7735680,9,100,-9,81
7736190,36,64,3,78
7736700,13,44,4,74
7737210,12,81,0,74
7737720,20,45,-5,79
7738230,19,25,-1,80
7738740,5,98,4,76
7739250,32,62,-7,83
7739760,9,42,15,68
7740270,21,84,-12,80
7740780,85,33,5,75
7741290,5,74,-7,82
7741800,56,38,-3,85
7742310,99,81,1,84
7742820,6,60,7,77
7743330,100,33,-3,80
7743840,30,74,-1,81
7744350,32,54,2,79
7744860,9,34,0,79
7745370,20,7,2,77
7745880,46,80,-1,78
7746390,23,60,-1,79
7746900,22,40,2,77
7747410,101,82,-3,80
7747920,8,61,5,75
7748430,72,34,-1,76
7748940,94,75,-9,85
7749450,17,54,8,77
7749960,16,91,3,74
7750470,24,55,-4,78
7750980,1,3,-2,80
7751490,12,40,5,75
7752000,23,68,1,74
7752510,87,17,-10,84
7753020,11,49,12,72
7753530,23,22,-9,81
7754040,9,75,8,73
7754550,17,24,2,71
7755060,3,52,-7,78
7755570,15,25,5,73
7756080,94,98,-11,84
7756590,80,77,2,82
7757100,66,96,2,80
7757610,14,76,6,74
7758120,22,49,1,73
7758630,101,29,-6,79
7759140,31,70,0,79
7759650,8,50,5,74
7760160,19,23,-5,79
7760670,5,51,6,73
7761180,16,24,-6,79
7761690,20,97,0,79
7762200,28,46,4,75
7762710,14,88,-3,78
7763220,41,37,2,76
7763730,27,16,1,75
7764240,47,69,2,73
7764750,33,49,-4,77
7765260,19,29,-5,82
7765770,23,0,8,74
7766280,18,25,-2,76
7766790,4,98,-3,79
7767300,31,62,0,79
7767810,8,42,0,79
7768320,19,15,2,77
7768830,45,68,4,73
7769340,31,48,-2,75
7769850,17,28,1,74
7770360,96,56,0,74
7770870,16,51,-3,77
7771380,15,88,-1,78
7771890,42,37,0,78
7772400,28,17,-5,83
7772910,54,70,8,75
7773420,40,50,-8,83
7773930,26,30,6,77
7774440,12,10,1,76
7774950,38,59,-7,83
7775460,15,91,6,77
7775970,42,40,0,77
7776480,28,21,-1,78
7776990,14,74,4,74
7777500,22,23,4,70
7778010,8,51,-3,73
7778520,72,24,-13,86
7779030,98,65,8,78
7779540,5,55,2,76
7780050,69,4,-7,83
7780560,1,34,6,77
7781070,13,71,1,76
7781580,77,20,-1,77
7782090,1,29,-1,78
7782600,12,66,7,71
7783110,5,15,-7,78
7783620,16,64,0,78
7784130,28,101,-1,79
7784640,55,50,-5,84
7785150,69,80,1,83
7785660,83,60,5,78
7786170,92,42,2,76
7786680,12,83,-2,78
7787190,39,32,-2,80
7787700,25,60,-2,82
7788210,100,8,4,78
7788720,32,38,6,72
7789230,18,73,-10,82
7789740,29,8,3,79
7790250,55,33,1,78
7790760,77,77,-2,80
7791270,63,57,-3,83
7791780,49,87,-4,87
7792290,35,67,13,74
7792800,21,7,-2,76
7793310,47,60,-7,83
7793820,33,40,18,65
7794330,19,20,-9,74
7794840,5,73,-6,80
7795350,61,22,2,78
7795860,87,66,-6,84
7796370,96,48,14,70
7796880,16,43,-10,80
7797390,20,80,6,74
7797900,21,29,-1,75
7798410,25,57,0,75
7798920,2,94,-3,78
7799430,29,58,-5,83
7799940,6,95,2,81
7800450,33,44,-1,82
7800960,19,24,4,78
7801470,23,77,2,76
7801980,87,26,1,75
7802490,17,67,3,72
7803000,81,2,-4,76
7803510,77,32,-1,77
7804020,1,73,-4,81
7804530,28,22,10,71
7805040,14,75,-7,78
7805550,41,24,-4,82
7806060,73,68,-1,83
7806570,87,98,4,79
7807080,23,98,-5,84
7807590,50,47,4,80
7808100,36,77,2,78
7808610,13,1,-7,85
7809120,6,50,10,75
7809630,18,87,-3,78
7810140,45,36,-4,82
7810650,59,18,4,78
7811160,85,27,-4,82
7811670,15,68,8,74
7812180,26,3,-3,77
7812690,60,28,-8,85
7813200,86,10,5,80
7813710,18,40,3,77
7814220,97,68,-2,79
7814730,4,50,2,77
7815240,16,23,-1,78
7815750,20,51,-6,84
7816260,75,88,-2,86
7816770,89,16,6,80
7817280,13,25,-3,83
7817790,17,64,8,75
7818300,16,101,-2,77
7818810,43,50,-4,81
7819320,29,29,3,78
7819830,15,57,1,77
7820340,14,94,1,76
7820850,41,43,-3,79
7821360,27,14,0,79
7821870,53,67,1,78
7822380,39,47,0,78
7822890,25,26,-1,79
7823400,11,54,2,77
7823910,75,91,-2,79
7824420,89,26,8,71
7824930,13,67,-6,77
7825440,77,16,-2,79
7825950,1,25,1,78
7826460,12,76,3,75
7826970,39,25,-3,78
7827480,71,69,-6,84
7827990,49,99,4,80
7828500,89,23,2,78
7829010,13,32,3,75
7829520,17,71,-5,80
7830030,81,6,-1,81
7830540,13,36,11,70
7831050,24,73,-8,78
7831560,88,22,-3,81
7832070,12,31,2,79
7832580,23,77,3,76
7833090,87,12,-4,80
7833600,11,21,2,78
7834110,15,60,4,74
7834620,79,97,-3,77
7835130,93,25,-2,79
7835640,17,34,4,75
7836150,21,71,1,74
7836660,85,20,-2,76
7837170,9,29,2,74
7837680,20,66,5,69
7838190,84,1,-14,83
7838700,16,31,5,78
7839210,20,70,1,77
7839720,84,5,-3,80
7840230,16,35,-2,82
7840740,20,74,11,71
7841250,84,9,-14,85
7841760,8,39,6,79
7842270,19,76,3,76
7842780,30,13,-2,78
7843290,56,57,-5,83
7843800,70,87,5,78
7844310,84,66,-1,79
7844820,99,45,8,71
7845330,27,86,-8,79
7845840,4,23,-1,80
7846350,15,60,7,73
7846860,26,97,-4,77
7847370,38,34,-3,80
7847880,24,62,6,74
7848390,21,99,1,73
7848900,48,48,-1,74
7849410,62,78,-9,83
7849920,76,57,2,81
7850430,91,39,0,81
7850940,19,80,2,79
7851450,83,17,1,78
7851960,7,26,-5,83
7852470,18,65,3,80
7852980,82,0,-2,82
7853490,14,30,6,76
7854000,18,69,0,76
7854510,82,4,-9,85
7855020,14,34,14,71
7855530,93,71,-7,78
7856040,0,50,6,72
7856550,64,87,-10,82
7857060,12,27,8,74
7857570,16,66,-2,76
7858080,80,1,-1,77
7858590,12,31,1,76
7859100,16,70,2,74
7859610,80,5,-5,79
7860120,4,35,5,74
7860630,15,8,-6,80
7861140,41,47,2,78
7861650,27,84,1,77
7862160,41,21,-6,83
7862670,67,65,-5,88
7863180,81,44,15,73
7863690,1,23,-10,83
7864200,12,60,15,68
7864710,76,97,-18,86
7865220,24,32,7,79
7865730,28,71,4,75
7866240,30,8,-5,80
7866750,56,33,-6,86
7867260,99,77,6,80
7867770,6,56,6,74
7868280,70,29,-4,78
7868790,96,11,-9,87
7869300,20,38,10,77
7869810,24,77,5,72
7870320,88,14,-4,76
7870830,12,23,1,75
7871340,16,62,4,71
7871850,80,99,-10,81
7872360,94,34,5,76
7872870,24,75,-7,83
7873380,88,12,3,80
7873890,12,21,0,80
7874400,16,60,9,71
7874910,80,97,-17,88
7875420,94,32,10,78
7875930,24,73,2,76
7876440,88,10,-5,81
7876950,12,37,5,76
7877460,23,76,0,76
7877970,87,13,-6,82
7878480,11,22,5,77
7878990,15,61,0,77
7879500,79,98,-7,84
7880010,93,26,3,81
7880520,23,67,10,71
7881030,87,2,-13,84
7881540,19,32,16,68
7882050,98,71,-19,87
7882560,11,50,17,70
7883070,23,87,-6,76
7883580,87,24,-4,80
7884090,11,65,9,71
7884600,75,0,-13,84
7885110,31,30,7,77
7885620,17,80,3,74
7886130,81,17,-4,78
7886640,5,26,1,77
7887150,16,65,-2,79
7887660,80,2,-2,81
7888170,12,32,1,80
7888680,23,71,6,74
7889190,87,8,-9,83
7889700,11,38,11,72
7890210,22,75,-3,75
7890720,86,12,-9,84
7891230,10,39,12,72
7891740,21,76,-4,76
7892250,85,13,-8,84
7892760,9,40,11,73
7893270,20,77,1,72
7893780,84,14,-8,80
7894290,8,23,-7,87
7894800,19,62,10,77
7895310,83,99,-1,78
7895820,97,34,1,77
7896330,27,75,2,75
7896840,91,12,-6,81
7897350,15,39,0,81
7897860,26,78,10,71
7898370,40,15,-13,84
7898880,66,59,2,82
7899390,81,89,4,78
7899900,95,25,-3,81
7900410,25,66,9,72
7900920,100,1,-15,87
7901430,32,31,16,71
7901940,18,59,-2,73
7902450,82,96,-9,82
7902960,96,24,-3,85
7903470,26,33,11,74
7903980,12,70,-2,76
7904490,76,19,-1,77
7905000,0,28,-3,80
7905510,11,65,4,76
7906020,22,0,-4,80
7906530,79,25,4,76
7907040,9,66,6,70
7907550,36,15,-11,81
7908060,62,59,-14,95
7908570,76,89,13,82
7909080,90,25,-2,84
7909590,20,66,4,80
7910100,84,3,-5,85
7910610,8,47,12,73
7911120,19,84,-2,75
7911630,83,21,1,74
7912140,7,30,-7,81
7912650,18,96,4,77
7913160,45,45,-10,87
7913670,31,83,6,81
7914180,32,20,9,72
7914690,47,73,-2,74
7915200,24,13,-7,81
7915710,50,66,3,78
7916220,64,1,0,78
7916730,90,31,2,76
7917240,20,72,1,75
7917750,84,9,-11,86
7918260,8,36,13,73
7918770,19,73,1,72
7919280,83,8,-6,78
7919790,7,52,7,71
7920300,18,89,-5,76
7920810,45,38,-2,78
7921320,59,17,-1,79
7921830,85,61,4,75
7922340,94,40,2,73
7922850,22,81,4,69
7923360,23,18,-5,74
7923870,9,57,4,70
7924380,20,94,-7,77
7924890,47,43,-1,78
7925400,33,81,-6,84
7925910,97,18,6,78
7926420,21,45,-1,79
7926930,25,82,5,74
7927440,26,19,-7,81
7927950,12,72,6,75
7928460,76,21,-1,76
7928970,0,48,2,74
7929480,64,85,-9,83
7929990,12,64,4,79
7930500,23,13,2,77
7931010,49,66,0,77
7931520,63,45,-5,82
7932030,78,27,8,74
7932540,8,68,-1,75
7933050,72,17,-5,80
7933560,98,44,2,78
7934070,26,85,-4,82
7934580,27,22,1,81
7935090,13,61,6,75
7935600,24,98,-3,78
7936110,98,35,3,75
7936620,28,76,-1,76
7937130,42,11,-3,79
7937640,68,55,-5,84
7938150,83,37,7,77
7938660,11,78,-1,78
7939170,38,27,0,78
7939680,47,71,0,78
7940190,61,50,-7,85
7940700,75,32,3,82
7941210,3,73,8,74
7941720,30,22,-3,77
7942230,16,75,0,77
7942740,19,24,-1,78
7943250,5,63,3,75
7943760,56,12,-7,82
7944270,82,39,11,71
7944780,10,80,-11,82
7945290,37,29,4,78
7945800,23,68,0,78
7946310,24,3,1,77
7946820,50,28,-4,81
7947330,72,72,-4,85
7947840,86,51,6,79
7948350,14,33,4,75
7948860,25,72,-4,79
7949370,89,9,-7,86
7949880,13,53,12,74
7950390,24,90,-2,76
7950900,25,27,-5,81
7951410,29,66,0,81
7951920,2,1,1,80
7952430,13,50,6,74
7952940,25,87,-5,79
7953450,26,24,-2,81
7953960,12,63,6,75
7954470,23,12,-4,79
7954980,49,51,2,77
7955490,35,30,-2,79
7956000,21,69,6,73
7956510,22,4,-10,83
7957020,48,29,4,79
7957530,62,73,-5,84
7958040,76,52,1,83
7958550,95,34,13,70
7959060,23,75,-6,76
7959570,87,12,-1,77
7960080,11,39,3,74
7960590,22,76,-2,76
7961100,25,13,-2,78
7961610,51,57,-3,81
7962120,37,36,-3,84
7962630,23,15,5,79
7963140,9,68,4,75
7963650,20,17,-4,79
7964160,6,56,5,74
7964670,70,5,-2,76
7965180,96,49,4,72
7965690,16,90,-5,77
7966200,43,39,0,77
7966710,29,18,-8,85
7967220,55,57,6,79
7967730,69,36,1,78
7968240,99,77,-1,79
7968750,6,56,3,76
7969260,17,93,1,75
7969770,44,42,-1,76
7970280,30,21,-5,81
7970790,16,60,7,74
7971300,19,97,-3,77
7971810,46,46,-5,82
7972320,32,25,5,77
7972830,46,31,-8,85
7973340,60,75,4,81
7973850,29,54,6,75
7974360,6,91,-11,86
7974870,33,40,9,77
7975380,19,19,5,72
7975890,5,58,0,72
7976400,56,7,-9,81
7976910,82,34,9,72
7977420,10,75,-5,77
7977930,37,24,0,77
7978440,51,68,-2,79
7978950,65,47,-6,85
7979460,79,29,10,75
7979970,101,70,-2,77
7980480,8,49,3,74
7980990,20,86,-2,76
7981500,23,35,-5,81
7982010,0,63,1,80
7982520,27,12,2,78
7983030,53,56,-4,82
7983540,67,35,0,82
7984050,8,79,5,77
7984560,35,28,2,75
7985070,21,56,-6,81
7985580,32,93,3,78
7986090,46,42,-2,80
7986600,60,24,0,80
7987110,90,51,1,79
7987620,18,92,6,73
7988130,45,41,-3,76
7988640,31,20,-1,77
7989150,71,73,-1,78
7989660,85,52,-1,79
7990170,99,34,3,76
7990680,19,75,5,71
7991190,35,24,-10,81
7991700,49,47,4,77
7992210,63,26,-6,83
7992720,85,70,3,80
7993230,99,49,8,72
7993740,19,90,-5,77
7994250,46,39,2,75
7994760,32,45,-5,80
7995270,18,24,1,79
7995780,4,63,3,76
7996290,31,12,-3,79
7996800,57,56,-2,81
7997310,71,35,-6,87
7997820,12,76,11,76
7998330,39,25,-8,84
7998840,53,69,0,84
7999350,1,48,11,73
7999860,13,85,-13,86
8000370,40,34,12,74
8000880,26,13,-5,79
8001390,52,66,3,76
8001900,66,45,-6,82
8002410,80,27,2,80
8002920,0,68,1,79
8003430,27,61,-2,81
8003940,24,9,6,75
8004450,50,32,-5,80
8004960,64,38,-2,82
8005470,83,20,6,76
8005980,7,61,-1,77
8006490,18,10,0,77
8007000,44,59,-7,84
8007510,58,38,-2,86
8008020,77,44,11,75
8008530,91,26,-1,76
8009040,21,67,5,71
8009550,32,16,-10,81
8010060,58,60,0,81
8010570,72,39,-1,82
8011080,13,21,4,78
8011590,17,60,4,74
8012100,20,97,-6,80
8012610,47,46,8,72
8013120,33,25,-15,87
8013630,19,78,14,73
8014140,22,27,0,73
8014650,8,66,-1,74
8015160,19,15,-5,79
8015670,5,64,4,75
8016180,32,13,-3,78
8016690,58,57,-3,81
8017200,72,36,2,79
8017710,0,77,2,77
8018220,27,41,7,70
8018730,13,78,-6,76
8019240,40,27,-11,87
8019750,54,50,13,74
8020260,68,29,-7,81
8020770,98,56,3,78
8021280,10,38,7,71
8021790,21,75,-5,76
8022300,24,24,7,69
8022810,56,52,-15,84
8023320,70,31,7,77
8023830,100,72,-1,78
8024340,12,93,-1,79
8024850,39,57,-5,84
8025360,53,94,-3,87
8025870,67,42,3,84
8026380,86,24,6,78
8026890,10,65,6,72
8027400,37,14,-10,82
8027910,63,58,-5,87
8028420,77,95,6,81
8028930,91,74,3,78
8029440,3,53,6,72
8029950,14,90,-6,78
8030460,41,39,-3,81
8030970,27,67,4,77
8031480,41,16,-3,80
8031990,67,60,-2,82
8032500,81,39,4,78
8033010,9,80,-4,82
8033520,36,29,4,78
8034030,23,35,-3,81
8034540,27,72,6,75
8035050,41,21,-9,84
8035560,71,65,-5,89
8036070,85,0,7,82
8036580,17,44,6,76
8037090,16,81,0,76
8037600,43,30,-5,81
8038110,57,83,0,81
8038620,71,62,1,80
8039130,85,99,-5,85
8039640,99,78,8,77
8040150,6,57,2,75
8040660,17,94,-2,77
8041170,15,43,-4,81
8041680,26,80,7,74
8042190,40,29,-5,79
8042700,54,35,3,76
8043210,68,62,-2,78
8043720,82,41,2,76
8044230,10,82,-4,80
8044740,37,31,2,78
8045250,23,59,4,74
8045760,22,96,-1,75
8046270,25,45,-1,76
8046780,76,82,-1,77
8047290,90,61,4,73
8047800,2,43,2,71
8048310,13,80,-10,81
8048820,16,29,8,73
8049330,20,66,3,70
8049840,19,1,-3,73
8050350,76,24,-9,82
8050860,0,65,5,77
8051370,27,14,2,75
8051880,53,58,-2,77
8052390,67,95,-4,81
8052900,15,74,11,70
8053410,18,23,-5,75
8053920,4,62,-1,76
8054430,31,11,-4,80
8054940,57,64,-3,83
8055450,71,43,2,81
8055960,90,25,0,81
8056470,20,66,10,71
8056980,19,1,-5,76
8057490,76,24,-2,78
8058000,0,65,4,74
8058510,27,14,-9,83
8059020,53,67,3,80
8059530,67,46,-4,84
8060040,86,28,5,79
8060550,16,69,5,74
8061060,19,4,-6,80
8061570,45,27,4,76
8062080,59,71,-9,85
8062590,73,50,-1,86
8063100,92,32,14,72
8063610,20,73,-4,76
8064120,23,8,4,72
8064630,49,31,-8,80
8065140,68,58,1,79
8065650,82,37,6,73
8066160,10,78,-3,76
8066670,37,27,-1,77
8067180,51,66,-1,78
8067690,101,45,2,76
8068200,29,86,-9,85
8068710,43,35,1,84
8069220,29,41,14,70
8069730,15,78,-2,72
8070240,18,27,1,71
8070750,22,64,-8,79
8071260,21,101,0,79
8071770,48,50,6,73
8072280,62,29,-4,77
8072790,92,70,-6,83
8073300,4,49,13,70
8073810,15,100,-10,80
8074320,42,49,0,80
8074830,28,28,4,76
8075340,14,65,2,74
8075850,17,14,-1,75
8076360,3,53,3,72
8076870,6,2,-8,80
8077380,1,51,11,69
8077890,12,88,-7,76
8078400,39,37,-12,88
8078910,25,74,13,75
8079420,39,23,-5,80
8079930,53,63,-2,82
8080440,67,42,-5,87
8080950,8,24,7,80
8081460,19,75,4,76
8081970,22,10,6,70
8082480,48,63,-9,79
8082990,62,42,-4,83
8083500,81,48,12,71
8084010,9,30,-10,81
8084520,20,67,6,75
8085030,23,2,-8,83
8085540,80,25,12,71
8086050,4,66,-3,74
8086560,55,15,-8,82
8087070,81,59,4,78
8087580,100,38,-4,82
8088090,28,79,6,76
8088600,42,28,-3,79
8089110,56,81,0,79
8089620,4,60,6,73
8090130,55,9,-9,82
8090640,81,36,1,81
8091150,9,77,5,76
8091660,36,26,-8,84
8092170,50,79,10,74
8092680,64,27,-1,75
8093190,94,68,-6,81
8093700,6,47,7,74
8094210,17,84,-1,75
8094720,44,33,-1,76
8095230,58,39,-9,85
8095740,77,45,5,80
8096250,96,27,7,73
8096760,26,68,-5,78
8097270,40,3,0,78
8097780,66,14,2,76
8098290,92,41,0,76
8098800,20,82,-2,78
8099310,23,31,8,70
8099820,9,68,-4,74
8100330,12,17,-5,79
8100840,7,56,8,71
8101350,18,5,-14,85
8101860,44,54,3,82
8102370,58,91,-4,86
8102880,6,39,7,79
8103390,17,57,4,75
8103900,16,94,-2,77
8104410,43,43,2,75
8104920,29,80,-4,79
8105430,36,15,-1,80
8105940,62,55,-2,82
8106450,76,62,-3,85
8106960,91,41,9,76
8107470,19,82,-2,78
8107980,22,31,2,76
8108490,8,70,-2,78
8109000,64,19,2,76
8109510,90,60,1,75
8110020,5,39,4,71
8110530,16,57,0,71
8111040,15,94,0,71
8111550,42,43,-8,79
8112060,28,22,-1,80
8112570,34,75,0,80
8113080,11,23,3,77
8113590,6,62,4,73
8114100,13,11,-5,78
8114610,92,60,0,78
8115120,9,42,1,77
8115630,21,60,5,72
8116140,20,97,-5,77
8116650,47,46,2,75
8117160,33,83,-7,82
8117670,34,31,1,81
8118180,20,59,7,74
8118690,19,7,0,74
8119200,45,56,-1,75
8119710,31,35,-2,77
8120220,17,42,3,74
8120730,16,84,-1,75
8121240,43,33,-4,79
8121750,58,39,-5,84
8122260,77,45,3,81
8122770,96,27,8,73
8123280,26,68,-4,77
8123790,30,16,2,75
8124300,56,69,-4,79
8124810,4,4,-10,89
8125320,15,53,13,76
8125830,14,71,3,73
8126340,70,11,-4,77
8126850,96,48,1,76
8127360,16,89,0,76
8127870,43,29,-7,83
8128380,62,35,-3,86
8128890,81,75,5,81
8129400,95,82,-5,86
8129910,7,89,6,80
8130420,34,53,2,78
8130930,11,67,3,75
8131440,67,89,-3,78
8131950,15,29,-1,79
8132460,14,71,9,70
8132970,70,11,-11,81
8133480,96,48,2,79
8133990,24,89,-1,80
8134500,25,29,-2,82
8135010,29,66,4,78
8135520,33,14,-3,81
8136030,59,13,2,79
8136540,85,40,-2,81
8137050,13,81,5,76
8137560,69,21,-6,82
8138070,95,62,1,81
8138580,12,68,4,77
8139090,23,8,2,75
8139600,49,61,-2,77
8140110,72,1,-4,81
8140620,98,45,11,70
8141130,26,86,-8,78
8141640,27,26,2,76
8142150,48,32,-3,79
8142660,67,38,-1,80
8143170,86,79,-5,85
8143680,100,86,5,80
8144190,21,93,1,79
8144700,22,33,1,78
8145210,26,72,2,76
8145720,27,12,3,73
8146230,53,92,-8,81
8146740,30,32,6,75
8147250,16,69,3,72
8147760,15,9,-6,78
8148270,10,58,4,74
8148780,21,76,-1,75
8149290,20,16,4,71
8149800,26,69,-4,75
8150310,25,9,-8,83
8150820,51,8,3,80
8151330,77,35,7,73
8151840,5,76,-6,79
8152350,32,16,-2,81
8152860,58,96,4,77
8153370,35,44,-7,84
8153880,21,51,15,69
8154390,20,93,-13,82
8154900,21,33,8,74
8155410,25,72,0,74
8155920,24,12,-2,76
8156430,50,65,-3,79
8156940,100,5,-2,81
8157450,32,49,-4,85
8157960,9,91,10,75
8158470,36,31,-7,82
8158980,22,37,9,73
8159490,26,79,-3,76
8160000,25,19,-4,80
8160510,11,72,2,78
8161020,67,12,-2,80
8161530,93,49,4,76
8162040,21,90,0,76
8162550,66,30,-6,82
8163060,92,71,4,78
8163570,9,50,2,76
8164080,21,68,0,76
8164590,22,86,-3,79
8165100,23,26,7,72
8165610,4,54,1,71
8166120,55,72,-13,84
8166630,3,7,1,83
8167140,14,56,11,72
8167650,13,74,-4,76
8168160,21,5,2,74
8168670,47,28,-2,76
8169180,66,69,-6,82
8169690,80,40,6,76
8170200,8,81,2,74
8170710,35,21,2,72
8171220,67,101,-9,81
8171730,15,41,9,72
8172240,14,59,-4,76
8172750,13,77,2,74
8173260,69,8,-5,79
8173770,95,20,4,75
8174280,19,61,4,71
8174790,18,9,-9,80
8175300,44,58,1,79
8175810,30,65,1,78
8176320,7,13,-11,89
8176830,2,62,12,77
8177340,29,95,3,74
8177850,30,35,1,73
8178360,16,42,-4,77
8178870,15,60,3,74
8179380,14,78,0,74
8179890,15,96,-6,80
8180400,42,36,10,70
8180910,28,42,-10,80
8181420,32,84,4,76
8181930,33,19,1,75
8182440,52,18,-8,83
8182950,78,59,0,83
8183460,97,66,8,75
8183970,14,72,4,71
8184480,15,12,-4,75
8184990,19,51,1,74
8185500,79,69,-3,77
8186010,94,76,-1,78
8186520,7,83,3,75
8187030,15,23,-5,80
8187540,14,62,7,73
8188050,17,80,1,72
8188560,18,20,-10,82
8189070,22,59,6,76
8189580,21,77,-1,77
8190090,22,95,5,72
8190600,23,35,1,71
8191110,9,34,-15,86
8191620,8,52,9,77
8192130,19,70,5,72
8192640,18,10,0,72
8193150,44,90,-9,81
8193660,45,89,4,77
8194170,22,37,2,75
8194680,26,36,-5,80
8195190,12,35,7,73
8195700,11,53,-12,85
8196210,19,71,11,74
8196720,18,19,0,74
8197230,22,58,-7,81
8197740,21,76,7,74
8198250,22,16,0,74
8198760,8,55,7,67
8199270,64,73,-12,79
8199780,12,13,6,73
8200290,7,52,-1,74
8200800,18,70,-2,76
8201310,22,10,-5,81
8201820,48,9,5,76
8202330,74,20,-1,77
8202840,100,61,3,74
8203350,17,9,-5,79
8203860,43,58,-3,82
8204370,93,57,1,81
8204880,10,98,2,79
8205390,18,38,3,76
8205900,17,80,-1,77
8206410,25,20,-1,78
8206920,29,59,7,71
8207430,6,7,-15,86
8207940,1,56,13,73
8208450,28,89,-1,74
8208960,29,29,-6,80
8209470,15,36,6,74
8209980,19,35,-1,75
8210490,23,34,5,70
8211000,9,33,-4,74
8211510,8,75,-3,77
8212020,16,15,-2,79
8212530,35,54,-4,83
8213040,85,53,11,72
8213550,2,60,2,70
8214060,29,93,-6,76
8214570,30,33,6,70
8215080,16,40,-2,72
8215590,20,58,-5,77
8216100,19,100,-1,78
8216610,27,40,0,78
8217120,13,39,8,70
8217630,12,57,-8,78
8218140,23,75,2,76
8218650,24,15,-3,79
8219160,50,68,-3,82
8219670,73,8,-2,84
8220180,74,50,6,78
8220690,93,57,0,78
8221200,10,98,-2,80
8221710,18,38,8,72
8222220,17,80,-9,81
8222730,77,20,0,81
8223240,1,61,8,73
8223750,28,1,-12,85
8224260,54,26,4,81
8224770,73,25,4,77
8225280,99,66,1,76
8225790,6,72,2,74
8226300,14,12,-8,82
8226810,9,61,14,68
8227320,17,79,-7,75
8227830,25,19,0,75
8228340,11,84,-2,77
8228850,19,68,5,72
8229360,18,8,-3,75
8229870,44,57,0,75
8230380,30,99,-1,76
8230890,31,39,0,76
8231400,17,81,3,73
8231910,25,21,-4,77
8232420,40,60,-1,78
8232930,17,8,1,77
8233440,43,57,-5,82
8233950,66,99,1,81
8234460,14,39,9,72
8234970,13,89,-5,77
8235480,21,29,-1,78
8235990,25,28,-1,79
8236500,11,34,4,75
8237010,10,76,1,74
8237520,18,16,-3,77
8238030,4,55,2,75
8238540,12,73,2,73
8239050,20,13,4,69
8239560,6,62,-8,77
8240070,14,2,-3,80
8240580,7,51,4,76
8241090,18,69,0,76
8241600,77,17,0,76
8242110,1,58,-5,81
8242620,9,100,1,80
8243130,17,40,7,73
8243640,16,90,-1,74
8244150,24,30,-1,75
8244660,10,37,-1,76
8245170,21,55,-2,78
8245680,20,3,2,76
8246190,46,2,-6,82
8246700,72,13,2,80
8247210,98,50,5,75
8247720,18,91,6,69
8248230,26,31,-14,83
8248740,30,59,5,78
8249250,7,7,-2,80
8249760,18,56,8,72
8250270,17,4,-10,82
8250780,10,53,7,75
8251290,21,71,0,75
8251800,20,19,-6,81
8252310,24,58,4,77
8252820,23,6,7,70
8253330,49,5,-11,81
8253840,75,16,1,80
8254350,101,57,4,76
8254860,21,98,-1,77
8255370,29,46,-4,81
8255880,6,88,4,77
8256390,33,28,1,76
8256900,19,34,-4,80
8257410,23,33,5,75
8257920,9,32,-1,76
8258430,20,82,-5,81
8258940,28,30,5,76
8259450,14,58,1,75
8259960,22,6,-4,79
8260470,48,5,-3,82
8260980,45,16,1,81
8261490,88,56,3,78
8262000,5,62,5,73
8262510,13,95,-9,82
8263020,21,35,7,75
8263530,25,34,8,67
8264040,48,33,-13,80
8264550,67,39,-8,88
8265060,86,80,1,87
8265570,101,87,10,77
8266080,14,94,-2,79
8266590,22,34,5,74
8267100,15,33,-8,82
8267610,14,75,4,78
8268120,22,15,-3,81
8268630,41,95,-2,83
8269140,42,43,6,77
8269650,13,80,0,77
8270160,21,20,3,74
8270670,7,26,-2,76
8271180,18,44,-5,81
8271690,17,94,2,79
8272200,25,34,4,75
8272710,11,33,-4,79
8273220,22,32,4,75
8273730,75,31,-3,78
8274240,97,72,-3,81
8274750,14,51,5,76
8275260,13,69,8,68
8275770,21,0,-14,82
8276280,78,49,2,80
8276790,97,44,6,74
8277300,17,85,1,73
8277810,25,25,-3,76
8278320,67,53,-6,82
8278830,82,59,2,80
8279340,101,38,4,76
8279850,21,79,-1,77
8280360,29,27,1,76
8280870,15,55,0,76
8281380,14,3,-3,79
8281890,15,52,1,78
8282400,14,70,3,75
8282910,22,10,-1,76
8283420,48,9,0,76
8283930,74,20,-6,82
8284440,15,61,11,71
8284950,23,9,-12,83
8285460,49,8,1,82
8285970,75,19,2,80
8286480,16,60,6,74
8286990,24,0,-4,78
8287500,0,25,1,77
8288010,11,43,3,74
8288520,15,61,-2,76
8289030,23,79,1,75
8289540,22,27,3,72
8290050,64,26,-12,84
8290560,5,67,7,77
8291070,13,7,-5,82
8291580,6,56,8,74
8292090,14,74,6,68
8292600,22,14,-11,79
8293110,48,63,1,78
8293620,71,42,0,78
8294130,90,83,-10,88
8294640,3,54,16,72
8295150,11,72,-3,75
8295660,19,12,-5,80
8296170,38,61,5,75
8296680,61,1,-6,81
8297190,72,31,3,78
8297700,13,72,5,73
8298210,21,12,-5,78
8298720,47,61,0,78
8299230,70,40,-5,83
8299740,89,81,1,82
8300250,2,60,10,72
8300760,29,0,-3,75
8301270,86,11,-6,81
8301780,18,22,5,76
8302290,22,61,4,72
8302800,21,79,-2,74
8303310,22,19,-5,79
8303820,37,58,4,75
8304330,60,100,-10,85
8304840,83,40,13,72
8305350,3,81,-6,78
8305860,30,21,7,71
8306370,49,20,-7,78
8306880,71,19,0,78
8307390,93,60,1,77
8307900,10,101,1,76
8308410,37,41,-5,81
8308920,8,78,2,79
8309430,35,18,2,77
8309940,57,17,-2,79
8310450,100,58,3,76
8310960,20,99,-1,77
8311470,47,39,-2,79
8311980,62,45,-6,85
8312490,81,51,3,82
8313000,100,54,6,76
8313510,20,95,-2,78
8314020,28,35,4,74
8314530,70,72,-9,83
8315040,85,43,6,77
8315550,5,84,-1,78
8316060,32,24,2,76
8316570,47,30,-8,84
8317080,66,29,3,81
8317590,7,70,3,78
8318100,15,10,-6,84
8318610,34,59,5,79
8319120,57,101,-5,84
8319630,80,41,8,76
8320140,0,82,-8,84
8320650,27,22,10,74
8321160,42,28,-7,81
8321670,61,27,-1,82
8322180,2,26,4,78
8322690,13,68,-2,80
8323200,21,8,7,73
8323710,22,81,-6,79
8324220,23,21,9,70
8324730,9,49,-4,74
8325240,20,67,-6,80
8325750,28,85,0,80
8326260,29,25,8,72
8326770,15,53,0,72
8327280,23,71,-6,78
8327790,24,11,0,78
8328300,25,10,-1,79
8328810,26,9,-7,86
8329320,78,8,7,79
8329830,79,87,-6,85
8330340,50,58,8,77
8330850,21,29,2,75
8331360,25,0,-4,79
8331870,82,101,-3,82
8332380,8,36,5,77
8332890,19,54,-3,80
8333400,30,72,2,78
8333910,57,20,0,78
8334420,100,61,5,73
8334930,20,0,-7,80
8335440,77,73,-7,87
8335950,92,44,14,73
8336460,12,85,-7,80
8336970,20,25,2,78
8337480,6,98,-8,86
8337990,33,38,11,75
8338500,4,9,-7,82
8339010,15,58,11,71
8339520,23,76,-2,73
8340030,24,94,-6,79
8340540,32,34,6,73
8341050,3,71,-3,76
8341560,30,11,-8,84
8342070,73,10,4,80
8342580,5,89,-2,82
8343090,32,53,6,76
8343600,55,24,-6,82
8344110,98,65,5,77
8344620,15,68,6,71
8345130,23,86,-4,75
8345640,24,2,0,75
8346150,81,75,-1,76
8346660,96,46,2,74
8347170,16,87,-4,78
8347680,24,27,7,71
8348190,10,64,-2,73
8348700,18,82,2,71
8349210,26,22,-9,80
8349720,12,95,-1,81
8350230,20,35,4,77
8350740,71,72,-2,79
8351250,99,43,6,73
8351760,19,84,-1,74
8352270,27,24,-2,76
8352780,13,30,-2,78
8353290,24,67,1,77
8353800,25,85,1,76
8354310,26,25,-3,79
8354820,12,31,8,71
8355330,23,49,-7,78
8355840,74,86,-7,85
8356350,0,57,11,74
8356860,27,99,-10,84
8357370,28,34,11,73
8357880,14,5,-7,80
8358390,15,54,6,74
8358900,26,72,1,73
8359410,27,7,-5,78
8359920,79,6,-3,81
8360430,11,36,1,80
8360940,22,54,9,71
8361450,23,91,-3,74
8361960,24,31,-2,76
8362470,10,2,-4,80
8362980,21,51,0,80
8363490,72,88,-1,81
8364000,100,59,7,74
8364510,17,100,-1,75
8365020,25,40,5,70
8365530,2,77,-10,80
8366040,29,17,1,79
8366550,48,16,-2,81
8367060,70,15,3,78
8367570,11,94,-2,80
8368080,38,58,0,80
8368590,61,29,-4,84
8369100,2,28,7,77
8369610,13,46,2,75
8370120,24,64,0,75
8370630,35,101,-3,78
8371140,36,84,-1,79
8371650,37,19,1,78
8372160,80,59,-4,82
8372670,99,38,4,78
8373180,19,79,2,76
8373690,27,19,2,74
8374200,46,58,-4,78
8374710,69,29,-1,79
8375220,10,70,8,71
8375730,18,88,-7,78
8376240,26,28,4,74
8376750,12,101,-5,79
8377260,20,65,4,75
8377770,28,83,-1,76
8378280,29,23,-2,78
8378790,15,62,4,74
8379300,23,80,0,74
8379810,31,15,-7,81
8380320,50,14,-1,82
8380830,93,13,2,80
8381340,94,92,0,80
8381850,65,63,-10,90
8382360,80,34,15,75
8382870,0,75,0,75
8383380,27,15,-2,77
8383890,46,14,-1,78
8384400,89,13,-1,79
8384910,90,92,-10,89
8385420,61,24,6,83
8385930,2,27,3,80
8386440,13,69,6,74
8386950,21,9,-7,81
8387460,22,8,7,74
8387970,99,7,-8,82
8388480,75,37,4,78
8388990,94,78,-3,81
8389500,7,49,5,76
8390010,18,67,1,75
8390520,26,85,1,74
8391030,27,25,-1,75
8391540,13,53,5,70
8392050,21,71,-11,81
8392560,29,89,3,78
8393070,30,24,-4,82
8393580,45,27,2,80
8394090,64,30,-2,82
8394600,83,33,9,73
8395110,3,74,-3,76
8395620,30,14,-4,80
8396130,49,13,-6,86
8396640,92,12,7,79
8397150,22,91,1,78
8397660,30,31,7,71
8398170,1,68,-8,79
8398680,28,8,-2,81
8399190,50,7,3,78
8399700,51,18,1,77
8400210,73,21,-2,79
8400720,14,62,9,70
8401230,22,2,-9,79
8401740,79,75,-4,83
8402250,94,46,7,76
8402760,14,87,-4,80
8403270,22,27,3,77
8403780,8,64,6,71
8404290,16,4,-9,80
8404800,17,53,9,71
8405310,25,71,-13,84
8405820,26,6,8,76
8406330,48,5,1,75
8406840,49,16,-8,83
8407350,92,15,6,77
8407860,22,94,-2,79
8408370,30,29,-1,80
8408880,16,66,6,74
8409390,24,1,-7,81
8409900,81,0,1,80
8410410,36,30,2,78
8410920,45,33,-3,81
8411430,60,36,0,81
8411940,79,39,9,72
8412450,101,42,3,69
8412960,21,83,-8,77
8413470,29,18,-2,79
8413980,48,21,-3,82
8414490,91,61,7,75
8415000,8,64,0,75
8415510,16,82,-7,82
8416020,24,22,4,78
8416530,10,25,-6,84
8417040,21,62,11,73
8417550,29,99,-7,80
8418060,30,34,3,77
8418570,53,37,-4,81
8419080,72,40,0,81
8419590,91,43,5,76
8420100,11,84,-3,79
8420610,19,24,2,77
8421120,61,61,-9,86
8421630,75,98,5,81
8422140,89,33,6,75
8422650,9,74,1,74
8423160,17,14,-2,76
8423670,36,63,-6,82
8424180,59,100,3,79
8424690,82,35,6,73
8425200,2,76,-4,77
8425710,29,16,-4,81
8426220,48,96,1,80
8426730,71,31,1,79
8427240,90,34,1,78
8427750,10,75,5,73
8428260,18,15,-2,75
8428770,71,64,-11,86
8429280,85,101,2,84
8429790,99,36,10,74
8430300,19,77,1,73
8430810,27,12,-4,77
8431320,46,52,0,77
8431830,69,89,-1,78
8432340,92,24,1,77
8432850,22,65,3,74
8433360,30,0,-10,84
8433870,87,25,11,73
8434380,17,66,3,70
8434890,25,1,-2,72
8435400,82,26,-6,78
8435910,12,67,4,74
8436420,20,2,-5,79
8436930,21,51,6,73
8437440,20,88,-2,75
8437950,28,23,2,73
8438460,14,26,-7,80
8438970,13,63,2,78
8439480,21,100,-2,80
8439990,29,40,-4,84
8440500,52,77,6,78
8441010,75,12,2,76
8441520,76,91,-8,84
8442030,90,26,7,77
8442540,20,67,1,76
8443050,28,2,-3,79
8443560,85,1,-5,84
8444070,17,31,9,75
8444580,21,68,-4,79
8445090,29,3,7,72
8445600,52,14,-13,85
8446110,84,54,5,80
8446620,1,57,5,75
8447130,9,94,-6,81
8447640,17,58,6,75
8448150,25,95,-7,82
8448660,50,30,3,79
8449170,69,70,-6,85
8449680,92,5,0,85
8450190,24,35,4,81
8450700,47,36,-2,83
8451210,62,39,4,79
8451720,81,42,4,75
8452230,1,83,-3,78
8452740,28,47,5,73
8453250,51,84,-7,80
8453760,74,19,-4,84
8454270,15,60,8,76
8454780,23,97,1,75
8455290,31,32,-3,78
8455800,73,69,-2,80
8456310,96,4,0,80
8456820,28,34,4,76
8457330,70,71,-11,87
8457840,93,6,10,77
8458350,25,36,-2,79
8458860,48,37,4,75
8459370,63,40,-8,83
8459880,82,43,12,71
8460390,2,84,-7,78
8460900,29,48,2,76
8461410,52,85,-1,77
8461920,75,20,-5,82
8462430,16,61,11,71
8462940,24,98,-8,79
8463450,32,33,-1,80
8463960,74,70,3,77
8464470,97,49,1,76
8464980,17,90,0,76
8465490,25,30,5,71
8466000,48,33,-11,82
8466510,63,36,-4,86
8467020,82,39,12,74
8467530,2,80,-11,85
8468040,29,44,6,79
8468550,52,81,-1,80
8469060,75,16,-1,81
8469570,97,53,5,76
8470080,17,94,-8,84
8470590,25,34,7,77
8471100,48,35,1,76
8471610,67,38,-8,84
8472120,86,41,7,77
8472630,6,82,0,77
8473140,14,46,4,73
8473650,25,83,-7,80
8474160,26,18,7,73
8474670,1,67,-7,80
8475180,28,37,1,79
8475690,70,40,-2,81
8476200,89,43,4,77
8476710,9,84,2,75
8477220,17,24,-4,79
8477730,94,25,-1,80
8478240,14,66,6,74
8478750,22,84,0,74
8479260,65,19,-7,81
8479770,6,60,4,77
8480280,14,78,3,74
8480790,22,13,-10,84
8481300,41,62,7,77
8481810,64,99,-5,82
8482320,87,34,11,71
8482830,7,75,-7,78
8483340,15,93,5,73
8483850,23,33,-1,74
8484360,46,34,-8,82
8484870,61,37,-4,86
8485380,80,40,12,74
8485890,0,81,-5,79
8486400,27,45,0,79
8486910,50,82,0,79
8487420,73,17,0,79
8487930,14,58,4,75
8488440,22,76,-1,76
8488950,23,11,-5,81
8489460,24,60,8,73
8489970,47,97,0,73
8490480,70,32,-4,77
8490990,89,73,-3,80
8491500,2,52,5,75
8492010,10,70,2,73
8492520,18,88,-1,74
8493030,26,23,-2,76
8493540,1,24,-5,81
8494050,12,25,3,78
8494560,23,26,-1,79
8495070,65,29,0,79
8495580,6,70,8,71
8496090,14,88,-3,74
8496600,22,28,2,72
8497110,64,31,-16,88
8497620,5,71,6,82
8498130,13,89,9,73
8498640,21,5,-2,75
8499150,78,54,-4,79
8499660,97,57,2,77
8500170,17,60,1,76
8500680,25,78,4,72
8501190,26,13,-14,86
8501700,27,62,11,75
8502210,50,99,-5,80
8502720,73,34,-3,83
8503230,14,75,10,73
8503740,22,93,-2,75
8504250,30,28,-3,78
8504760,16,29,5,73
8505270,27,30,-10,83
8505780,69,31,7,76
8506290,88,72,0,76
8506800,1,79,-1,77
8507310,28,43,5,72
8507820,63,80,-10,82
8508330,86,15,5,77
8508840,6,42,-6,83
8509350,17,60,9,74
8509860,25,78,-4,78
8510370,26,13,-1,79
8510880,45,62,4,75
8511390,68,99,-4,79
8511900,91,34,5,74
8512410,11,75,2,72
8512920,19,93,-4,76
8513430,27,28,-5,81
8513940,2,29,5,76
8514450,13,47,3,73
8514960,24,65,-7,80
8515470,47,0,-4,84
8515980,81,11,6,78
8516490,13,22,-1,79
8517000,12,23,-2,81
8517510,77,24,8,73
8518020,99,65,-5,78
8518530,6,68,0,78
8519040,14,86,6,72
8519550,22,2,-7,79
8520060,79,51,1,78
8520570,98,54,2,76
8521080,18,95,3,73
8521590,26,30,-3,76
8522100,49,67,-2,78
8522610,72,2,-4,82
8523120,4,32,4,78
8523630,15,50,0,78
8524140,14,68,5,73
8524650,22,86,1,72
8525160,39,21,-13,85
8525670,58,61,5,80
8526180,81,98,2,78
8526690,2,33,0,78
8527200,13,51,8,70
8527710,24,69,-7,77
8528220,25,4,3,74
8528730,47,3,-1,75
8529240,81,14,-6,81
8529750,13,55,4,77
8530260,24,73,0,77
8530770,25,8,-2,79
8531280,77,7,4,75
8531790,9,34,4,71
8532300,20,52,-3,74
8532810,43,89,-4,78
8533320,66,24,-5,83
8533830,7,65,9,74
8534340,15,83,-3,77
8534850,23,18,5,72
8535360,100,94,-8,80
8535870,21,29,8,72
8536380,44,66,-12,84
8536890,67,1,4,80
8537400,101,31,4,76
8537910,21,72,-4,80
8538420,29,82,0,80
8538930,56,17,-4,84
8539440,99,16,5,79
8539950,75,27,-4,83
8540460,16,68,9,74
8540970,24,86,1,73
8541480,67,21,-12,85
8541990,8,62,11,74
8542500,16,80,-4,78
8543010,24,15,0,78
8543520,43,64,0,78
8544030,66,101,-3,81
8544540,89,36,2,79
8545050,9,77,0,79
8545560,17,41,7,72
8546070,40,78,-14,86
8546580,101,13,7,79
8547090,77,24,2,77
8547600,99,65,0,77
8548110,6,71,4,73
8548620,14,89,-3,76
8549130,22,53,0,76
8549640,45,90,-7,83
8550150,68,38,7,76
8550660,87,65,-1,77
8551170,101,71,-5,82
8551680,13,77,8,74
8552190,21,95,-2,76
8552700,64,30,-5,81
8553210,5,71,4,77
8553720,13,89,5,72
8554230,21,53,0,72
8554740,44,71,-8,80
8555250,67,19,1,79
8555760,8,60,3,76
8556270,16,78,-1,77
8556780,59,96,-3,80
8557290,82,44,1,79
8557800,101,85,1,78
8558310,8,92,0,78
8558820,16,29,5,73
8559330,20,28,0,73
8559840,43,31,-12,85
8560350,57,5,5,80
8560860,91,37,6,74
8561370,19,78,4,70
8561880,44,13,-11,81
8562390,87,12,2,79
8562900,19,39,12,67
8563410,42,38,-9,76
8563920,56,41,-10,86
8564430,70,47,1,85
8564940,89,50,10,75
8565450,9,91,-6,81
8565960,17,55,8,73
8566470,16,73,-1,74
8566980,27,91,-2,76
8567490,28,26,-2,78
8568000,42,32,-6,84
8568510,56,35,4,80
8569020,75,38,4,76
8569530,3,79,-1,77
8570040,46,97,-5,82
8570550,69,45,-3,85
8571060,10,48,12,73
8571570,21,66,0,73
8572080,20,84,-3,76
8572590,63,19,-2,78
8573100,4,60,6,72
8573610,12,78,-4,76
8574120,20,96,-8,84
8574630,63,1,2,82
8575140,97,31,-1,83
8575650,17,72,14,69
8576160,25,90,-13,82
8576670,26,25,3,79
8577180,68,28,3,76
8577690,98,69,-3,79
8578200,10,75,3,76
8578710,18,39,1,75
8579220,29,38,-4,79
8579730,52,41,-2,81
8580240,66,47,-1,82
8580750,80,50,5,77
8581260,99,53,1,76
8581770,19,94,2,74
8582280,62,34,-9,83
8582790,3,33,9,74
8583300,14,99,-5,79
8583810,22,63,6,73
8584320,41,81,-5,78
8584830,64,80,-1,79
8585340,78,79,2,77
8585850,92,50,1,76
8586360,12,91,-4,80
8586870,55,55,-6,86
8587380,69,58,-1,87
8587890,83,64,6,81
8588400,97,70,5,76
8588910,4,76,-1,77
8589420,47,40,5,72
8589930,61,43,-14,86
8590440,75,49,11,75
8590950,89,52,-2,77
8591460,1,55,5,72
8591970,53,19,-12,84
8592480,96,18,-3,87
8592990,16,45,7,80
8593500,27,44,2,78
8594010,50,43,-2,80
8594520,64,46,-4,84
8595030,78,52,3,81
8595540,92,55,4,77
8596050,4,58,1,76
8596560,47,76,-6,82
8597070,70,75,-4,86
8597580,84,46,12,74
8598090,4,87,-12,86
8598600,47,51,6,80
8599110,70,58,-1,81
8599620,84,98,-2,83
8600130,98,69,5,78
8600640,10,75,10,68
8601150,53,15,-12,80
8601660,96,14,-2,82
8602170,28,41,3,79
8602680,51,40,-2,81
8603190,65,46,-3,84
8603700,6,52,12,72
8604210,17,70,-3,75
8604720,28,10,-2,77
8605230,71,9,-6,83
8605740,3,26,5,78
8606250,14,27,-7,85
8606760,9,26,1,84
8607270,20,25,6,78
8607780,62,28,5,73
8608290,84,69,-14,87
8608800,98,75,6,81
8609310,5,81,3,78
8609820,48,45,2,76
8610330,62,48,-7,83
8610840,76,54,3,80
8611350,90,57,6,74
8611860,2,60,4,70
8612370,45,24,-13,83
8612880,88,23,5,78
8613390,8,64,-2,80
8613900,19,4,2,78
8614410,76,53,-3,81
8614920,90,56,1,80
8615430,2,59,4,76
8615940,45,23,-1,77
8616450,88,22,-2,79
8616960,8,63,0,79
8617470,51,81,-5,84
8617980,74,29,2,82
8618490,15,70,4,78
8619000,26,18,3,75
8619510,40,94,-7,82
8620020,54,42,6,76
8620530,68,48,-8,84
8621040,9,54,10,74
8621550,20,72,-3,77
8622060,21,20,1,76
8622570,7,21,-4,80
8623080,18,22,-3,83
8623590,60,23,6,77
8624100,1,64,-4,81
8624610,44,28,5,76
8625120,58,68,-9,85
8625630,81,69,-1,86
8626140,95,7,5,81
8626650,27,37,6,75
8627160,50,38,-8,83
8627670,64,44,0,83
8628180,5,50,11,72
8628690,16,68,-5,77
8629200,27,16,-8,85
8629710,46,92,10,75
8630220,69,40,-6,81
8630730,10,43,2,79
8631240,21,61,8,71
8631750,35,9,-16,87
8632260,78,49,8,79
8632770,92,52,-2,81
8633280,4,93,1,80
8633790,47,57,-2,82
8634300,20,58,6,76
8634810,19,76,3,73
8635320,59,24,-15,88
8635830,0,64,16,72
8636340,27,65,-2,74
8636850,9,13,-2,76
8637360,4,14,-7,83
8637870,15,15,0,83
8638380,10,64,12,71
8638890,21,82,-7,78
8639400,64,30,-2,80
8639910,83,70,-1,81
8640420,97,8,-7,88
8640930,29,98,11,77
8641440,43,46,-1,78
8641950,66,93,-5,83
8642460,80,34,8,75
8642970,8,75,-2,77
8643480,51,15,-10,87
8643990,94,55,11,76
8644500,6,96,-7,83
8645010,49,60,6,77
8645520,72,61,-8,85
8646030,86,101,0,85
8646540,100,72,7,78
8647050,12,13,0,78
8647560,7,62,3,75
8648070,71,80,-6,81
8648580,85,81,-3,84
8649090,99,19,6,78
8649600,75,46,-5,83
8650110,94,28,-2,85
8650620,14,69,12,73
8651130,21,43,-2,75
8651640,44,44,-5,80
8652150,67,84,1,79
8652660,81,85,1,78
8653170,95,86,-4,82
8653680,7,24,0,82
8654190,18,25,-1,83
8654700,13,26,5,78
8655210,8,27,4,74
8655720,19,28,-6,80
8656230,42,29,-5,85
8656740,56,3,7,78
8657250,90,33,3,75
8657760,18,74,2,73
8658270,61,92,-8,81
8658780,84,40,5,76
8659290,12,81,4,72
8659800,55,55,-10,82
8660310,69,56,0,82
8660820,83,96,0,82
8661330,4,97,2,80
8661840,31,61,-2,82
8662350,54,62,-2,84
8662860,68,63,3,81
8663370,82,1,1,80
8663880,14,31,5,75
8664390,25,32,-4,79
8664900,48,33,-1,80
8665410,62,16,5,75
8665920,3,57,-3,78
8666430,46,75,1,77
8666940,69,23,0,77
8667450,99,64,-2,79
8667960,11,46,4,75
8668470,75,64,-7,82
8668980,89,2,4,78
8669490,21,32,7,71
8670000,44,33,-10,81
8670510,58,7,0,81
8671020,59,97,-1,82
8671530,82,45,4,78
8672040,101,86,-5,83
8672550,22,24,8,75
8673060,64,25,-6,81
8673570,5,66,5,76
8674080,48,84,-10,86
8674590,71,85,3,83
8675100,85,86,4,79
8675610,6,24,3,76
8676120,17,25,-1,77
8676630,82,26,2,75
8677140,10,67,-4,79
8677650,17,68,5,74
8678160,57,86,-9,83
8678670,80,27,9,74
8679180,8,68,4,70
8679690,15,86,-4,74
8680200,55,60,-5,79
8680710,78,61,-2,81
8681220,92,43,6,75
8681730,20,84,-3,78
8682240,63,58,-6,84
8682750,77,98,3,81
8683260,91,99,-6,87
8683770,12,100,4,83
8684280,55,64,-2,85
8684790,69,65,2,83
8685300,83,3,6,77
8685810,15,33,-2,79
8686320,26,34,-1,80
8686830,58,35,-1,81
8687340,77,75,3,78
8687850,91,13,1,77
8688360,67,40,-12,89
8688870,86,80,5,84
8689380,100,18,8,76
8689890,76,45,-7,83
8690400,90,85,-3,86
8690910,11,23,6,80
8691420,6,24,4,76
8691930,17,25,0,76
8692440,86,26,-4,80
8692950,14,67,5,75
8693460,21,85,-3,78
8693970,61,86,-6,84
8694480,84,27,13,71
8694990,12,68,-5,76
8695500,19,86,-5,81
8696010,62,87,1,80
8696520,76,28,3,77
8697030,4,69,-1,78
8697540,47,70,-3,81
8698050,70,71,-3,84
8698560,84,72,-4,88
8699070,98,10,9,79
8699580,74,35,-1,80
8700090,93,76,-5,85
8700600,53,17,3,82
8701110,96,57,5,77
8701620,8,63,6,71
8702130,72,81,-8,79
8702640,86,82,4,75
8703150,100,20,-4,79
8703660,76,47,2,77
8704170,90,53,0,77
8704680,2,35,-10,87
8705190,14,36,15,72
8705700,69,37,-8,80
8706210,88,77,-3,83
8706720,0,15,5,78
8707230,28,16,-1,79
8707740,42,92,0,79
8708250,56,40,-2,81
8708760,70,46,0,81
8709270,84,52,5,76
8709780,98,58,0,76
8710290,10,64,2,74
8710800,74,82,-8,82
8711310,88,83,0,82
8711820,0,21,3,79
8712330,11,22,-3,82
8712840,6,23,3,79
8713350,17,24,2,77
8713860,82,25,0,77
8714370,10,66,3,74
8714880,53,84,-7,81
8715390,76,85,-6,87
8715900,90,86,4,83
8716410,74,24,5,78
8716920,15,65,2,76
8717430,79,83,-8,84
8717940,93,84,3,81
8718450,14,22,6,75
8718960,79,23,-1,76
8719470,0,64,4,72
8719980,27,65,-6,78
8720490,50,66,-2,80
8721000,73,67,-6,86
8721510,87,5,9,77
8722020,88,35,1,76
8722530,16,76,1,75
8723040,56,94,-4,79
8723550,79,95,4,75
8724060,89,96,-8,83
8724570,1,97,1,82
8725080,28,38,5,77
8725590,51,39,-7,84
8726100,65,45,2,82
8726610,79,51,2,80
8727120,93,57,6,74
8727630,5,63,-1,75
8728140,48,81,-5,80
8728650,71,82,-9,89
8729160,85,83,7,82
8729670,99,21,8,74
8730180,19,48,-1,75
8730690,42,49,-7,82
8731200,56,50,2,80
8731710,70,90,-5,85
8732220,84,91,3,82
8732730,98,92,-2,84
8733240,10,30,4,80
8733750,74,31,2,78
8734260,2,72,2,76
8734770,29,73,-1,77
8735280,43,21,-7,84
8735790,57,61,3,81
8736300,71,62,5,76
8736810,85,0,-8,84
8737320,86,30,4,80
8737830,14,71,5,75
8738340,78,89,-11,86
8738850,92,90,1,85
8739360,4,28,7,78
8739870,16,29,1,77
8740380,39,30,-7,84
8740890,53,4,5,79
8741400,54,29,-1,80
8741910,68,69,-4,84
8742420,82,7,2,82
8742930,83,32,2,80
8743440,11,73,-3,83
8743950,75,91,0,83
8744460,89,92,-7,90
8744970,1,20,11,79
8745480,12,21,-6,85
8745990,7,22,6,79
8746500,10,23,-2,81
8747010,5,24,0,81
8747520,16,25,9,72
8748030,81,26,0,72
8748540,9,67,0,72
8749050,52,85,-9,81
8749560,75,26,3,78
8750070,3,67,1,77
8750580,30,85,-1,78
8751090,44,86,-1,79
8751600,67,87,-2,81
8752110,15,88,8,73
8752620,58,28,-8,81
8753130,72,12,0,81
8753640,73,39,-2,83
8754150,87,79,7,76
8754660,101,17,-10,86
8755170,77,44,6,80
8755680,91,84,-6,86
8756190,3,22,9,77
8756700,14,23,-2,79
8757210,79,24,3,76
8757720,9,65,3,73
8758230,73,83,-8,81
8758740,87,84,-3,84
8759250,101,22,5,79
8759760,31,49,0,79
8760270,54,50,-2,81
8760780,68,90,-2,83
8761290,16,91,6,77
8761800,43,40,-1,78
8762310,57,80,-3,81
8762820,5,81,4,77
8763330,32,99,-2,79
8763840,19,100,0,79
8764350,46,74,12,67
8764860,69,15,-14,81
8765370,10,42,11,70
8765880,74,60,-15,85
8766390,88,66,5,80
8766900,0,72,1,79
8767410,27,3,2,77
8767920,44,28,-2,79
8768430,58,2,-4,83
8768940,59,32,0,83
8769450,73,72,1,82
8769960,87,0,0,82
8770470,69,30,4,78
8770980,10,71,3,75
8771490,53,30,-3,78
8772000,67,70,-6,84
8772510,81,71,3,81
8773020,95,101,1,80
8773530,16,29,4,76
8774040,39,30,0,76
8774550,53,36,-11,87
8775060,67,10,8,79
8775570,68,27,-6,85
8776080,98,67,3,82
8776590,10,73,12,70
8777100,37,4,-12,82
8777610,19,29,11,71
8778120,42,30,-8,79
8778630,56,4,-6,85
8779140,57,34,4,81
8779650,71,74,-5,86
8780160,85,2,0,86
8780670,86,32,8,78
8781180,14,73,7,71
8781690,41,32,-10,81
8782200,55,6,6,75
8782710,56,96,-7,82
8783220,79,44,8,74
8783730,93,26,-6,80
8784240,23,67,0,80
8784750,98,85,0,80
8785260,19,50,7,73
8785770,94,68,-9,82
8786280,6,74,6,76
8786790,49,33,-10,86
8787300,63,7,7,79
8787810,64,32,2,77
8788320,94,72,-4,81
8788830,6,54,6,75
8789340,70,13,-2,77
8789850,71,24,1,76
8790360,101,23,-3,79
8790870,31,63,-4,83
8791380,54,11,11,72
8791890,55,22,-15,87
8792400,98,62,11,76
8792910,10,44,-9,85
8793420,74,45,4,81
8793930,15,27,11,70
8794440,12,28,-7,77
8794950,76,29,-2,79
8795460,4,28,-2,81
8795970,16,29,6,75
8796480,95,3,-5,80
8796990,77,33,4,76
8797500,5,74,-1,77
8798010,32,33,0,77
8798520,46,34,0,77
8799030,60,8,-3,80
8799540,61,19,-1,81
8800050,2,59,1,80
8800560,66,92,-5,85
8801070,14,63,11,74
8801580,78,81,-10,84
8802090,92,9,4,80
8802600,93,39,7,73
8803110,21,80,-5,78
8803620,85,54,4,74
8804130,99,36,-2,76
8804640,27,77,-3,79
8805150,54,55,-1,80
8805660,68,26,-3,83
8806170,98,66,6,77
8806680,10,48,1,76
8807190,74,66,-5,81
8807700,88,96,-3,84
8808210,9,24,10,74
8808720,21,63,-6,80
8809230,96,11,-3,83
8809740,78,36,-1,84
8810250,19,35,9,75
8810760,98,36,4,71
8811270,26,77,-7,78
8811780,101,51,1,77
8812290,29,46,-1,78
8812800,52,47,-6,84
8813310,66,87,4,80
8813820,89,58,3,77
8814330,1,40,-4,81
8814840,13,4,2,79
8815350,14,80,2,77
8815860,41,54,-2,79
8816370,64,55,-11,90
8816880,78,95,7,83
8817390,101,23,6,77
8817900,21,63,2,75
8818410,96,37,7,68
8818920,24,57,-9,77
8819430,99,58,1,76
8819940,11,40,-1,77
8820450,75,41,-4,81
8820960,89,44,3,78
8821470,17,43,0,78
8821980,81,44,1,77
8822490,95,47,3,74
8823000,23,42,-3,77
8823510,46,43,-10,87
8824020,60,17,9,78
8824530,1,16,-6,84
8825040,12,17,2,82
8825550,77,56,1,81
8826060,91,38,4,77
8826570,19,58,0,77
8827080,83,59,0,77
8827590,97,65,3,74
8828100,4,71,1,73
8828610,31,2,-7,80
8829120,13,27,4,76
8829630,41,0,-2,78
8830140,75,25,3,75
8830650,3,52,-3,78
8831160,67,85,-10,88
8831670,90,56,14,74
8832180,99,38,-5,79
8832690,27,79,2,77
8833200,0,53,-2,79
8833710,64,86,1,78
8834220,87,57,-3,81
8834730,101,39,9,72
8835240,29,80,-8,80
8835750,2,54,7,73
8836260,66,87,-16,89
8836770,89,58,13,76
8837280,98,61,0,76
8837790,5,43,2,74
8838300,69,61,-13,87
8838810,83,101,4,83
8839320,4,72,12,71
8839830,31,21,-12,83
8840340,46,97,4,79
8840850,73,23,-5,84
8841360,14,22,5,79
8841870,79,61,-2,81
8842380,93,43,10,71
8842890,21,46,-5,76
8843400,96,47,4,72
8843910,24,50,-6,78
8844420,99,51,6,72
8844930,27,54,-7,79
8845440,0,55,4,75
8845950,27,19,-4,79
8846460,9,95,5,74
8846970,36,59,-6,80
8847480,18,60,8,72
8847990,82,61,-7,79
8848500,91,64,0,79
8849010,100,70,4,75
8849520,7,76,-2,77
8850030,34,40,4,73
8850540,57,41,-8,81
8851050,100,15,1,80
8851560,82,11,-1,81
8852070,83,36,5,76
8852580,11,56,4,72
8853090,75,89,-15,87
8853600,98,17,8,79
8854110,74,13,-7,86
8854620,24,9,3,83
8855130,25,80,9,74
8855640,52,54,-18,92
8856150,75,28,15,77
8856660,3,31,-5,82
8857170,15,32,2,80
8857680,79,33,2,78
8858190,7,36,0,78
8858700,19,37,4,74
8859210,94,38,-4,78
8859720,22,41,3,75
8860230,97,42,-1,76
8860740,25,62,3,73
8861250,100,63,-3,76
8861760,7,66,0,76
8862270,71,25,0,76
8862780,101,28,-16,92
8863290,69,24,10,82
8863800,10,23,5,77
8864310,21,24,0,77
8864820,63,27,-2,79
8865330,93,26,-7,86
8865840,23,46,15,71
8866350,98,47,-4,75
8866860,26,50,-2,77
8867370,101,78,-8,85
8867880,8,60,12,73
8868390,72,19,-1,74
8868900,2,15,-7,81
8869410,13,16,1,80
8869920,8,55,7,73
8870430,72,14,-5,78
8870940,73,10,-1,79
8871450,74,35,-1,80
8871960,2,38,4,76
8872470,14,71,-2,78
8872980,78,45,2,76
8873490,19,48,4,72
8874000,94,49,-2,74
8874510,22,52,2,72
8875020,97,53,-8,80
8875530,25,56,3,77
8876040,100,57,-8,85
8876550,28,60,8,77
8877060,1,8,-6,83
8877570,12,57,9,74
8878080,76,58,-6,80
8878590,17,40,0,80
8879100,81,41,3,77
8879610,9,44,0,77
8880120,21,45,1,76
8880630,96,46,-2,78
8881140,24,49,5,73
8881650,99,50,2,71
8882160,27,53,-4,75
8882670,0,54,-2,77
8883180,27,101,-1,78
8883690,54,75,-6,84
8884200,77,46,2,82
8884710,18,49,-1,83
8885220,82,50,6,77
8885730,23,53,2,75
8886240,98,81,-1,76
8886750,5,46,5,71
8887260,69,5,-13,84
8887770,70,35,5,79
8888280,11,38,1,78
8888790,23,39,0,78
8889300,0,40,4,74
8889810,64,73,-13,87
8890320,87,1,8,79
8890830,19,31,-6,85
8891340,98,5,3,82
8891850,80,30,4,78
8892360,56,33,-7,85
8892870,99,7,5,80
8893380,81,32,3,77
8893890,9,35,-2,79
8894400,21,36,4,75
8894910,44,37,-5,80
8895420,53,11,4,76
8895930,83,36,0,76
8896440,11,56,3,73
8896950,75,15,-4,77
8897460,25,27,-4,81
8897970,7,1,-5,86
8898480,2,50,12,74
8898990,66,83,-10,84
8899500,94,11,2,82
8900010,76,36,2,80
8900520,17,39,4,76
8901030,81,40,0,76
8901540,9,43,-1,77
8902050,21,44,5,72
8902560,96,45,-6,78
8903070,24,65,-3,81
8903580,88,66,2,79
8904090,97,31,0,79
8904600,25,51,4,75
8905110,89,79,-6,81
8905620,10,17,-2,83
8906130,5,56,7,76
8906640,69,20,-5,81
8907150,99,16,3,78
8907660,75,41,-4,82
8908170,16,40,5,77
8908680,80,41,-3,80
8909190,8,44,4,76
8909700,20,45,0,76
8910210,84,46,-1,77
8910720,12,49,2,75
8911230,76,50,-5,80
8911740,17,53,1,79
8912250,81,54,-3,82
8912760,22,19,3,79
8913270,4,95,1,78
8913780,31,59,5,73
8914290,54,87,-12,85
8914800,81,13,9,76
8915310,82,25,6,70
8915820,10,45,-3,73
8916330,22,19,-8,81
8916840,4,95,1,80
8917350,31,59,4,76
8917860,54,87,-6,82
8918370,81,59,5,77
8918880,90,24,-6,83
8919390,40,36,-2,85
8919900,22,10,7,78
8920410,4,86,0,78
8920920,31,50,6,72
8921430,54,78,-13,85
8921940,2,37,9,76
8922450,14,98,-8,84
8922960,41,62,10,74
8923470,91,21,-5,79
8923980,12,33,3,76
8924490,77,61,-11,87
8925000,18,26,9,78
8925510,60,0,-2,80
8926020,94,25,-2,82
8926530,24,37,7,75
8927040,1,11,-7,82
8927550,12,60,9,73
8928060,76,19,1,72
8928570,6,31,-9,81
8929080,18,97,-3,84
8929590,45,61,7,77
8930100,68,40,-4,81
8930610,9,14,2,79
8931120,4,53,6,73
8931630,68,12,-9,82
8932140,18,24,11,71
8932650,60,27,-7,78
8933160,1,26,2,76
8933670,12,92,-5,81
8934180,39,56,6,75
8934690,62,84,-3,78
8935200,10,63,9,69
8935710,66,22,-6,75
8936220,7,21,-7,82
8936730,18,60,10,72
8937240,82,34,-3,75
8937750,10,33,1,74
8938260,74,61,-5,79
8938770,15,35,0,79
8939280,26,63,5,74
8939790,23,91,-6,80
8940300,50,65,2,78
8940810,73,96,-4,82
8941320,21,25,2,80
8941830,63,28,2,78
8942340,4,33,1,77
8942850,15,99,-3,80
8943360,42,63,3,77
8943870,65,91,-4,81
8944380,13,20,4,77
8944890,78,59,-8,85
8945400,87,24,7,78
8945910,17,20,-5,83
8946420,82,96,2,81
8946930,3,61,0,81
8947440,30,25,-3,84
8947950,12,101,3,81
8948460,39,65,6,75
8948970,62,93,-3,78
8949480,89,52,2,76
8949990,98,55,3,73
8950500,5,58,-7,80
8951010,69,17,-5,85
8951520,10,29,10,75
8952030,75,57,-6,81
8952540,84,22,6,75
8953050,14,34,-4,79
8953560,78,62,-2,81
8954070,19,27,4,77
8954580,84,1,-3,80
8955090,16,26,5,75
8955600,81,0,-12,87
8956110,13,25,4,83
8956620,78,101,7,76
8957130,3,30,-4,80
8957640,15,96,4,76
8958150,42,60,-3,79
8958660,65,88,-1,80
8959170,92,17,3,77
8959680,74,29,-2,79
8960190,15,28,2,77
8960700,80,2,0,77
8961210,12,27,4,73
8961720,77,55,-14,87
8962230,18,61,12,75
8962740,74,9,-3,78
8963250,6,34,2,76
8963760,18,95,2,74
8964270,45,69,-3,77
8964780,68,17,0,77
8965290,9,51,-2,79
8965800,73,44,3,76
8966310,82,47,4,72
8966820,91,50,-5,77
8967330,32,53,1,76
8967840,55,81,-3,79
8968350,82,29,13,66
8968860,10,49,-10,76
8969370,74,8,-9,85
8969880,6,20,2,83
8970390,17,59,9,74
8970900,73,33,-1,75
8971410,14,32,-7,82
8971920,9,60,6,76
8972430,65,19,-1,77
8972940,6,53,7,70
8973450,62,12,-6,76
8973960,3,24,-8,84
8974470,14,90,4,80
8974980,41,54,4,76
8975490,64,85,-8,84
8976000,91,14,5,79
8976510,23,26,-1,80
8977020,88,0,0,80
8977530,20,30,0,80
8978040,85,4,-1,81
8978550,17,29,4,77
8979060,82,28,1,76
8979570,12,48,-3,79
8980080,76,66,-2,81
8980590,17,60,5,76
8981100,81,8,-8,84
8981610,20,33,7,77
8982120,85,61,-2,79
8982630,94,67,-5,84
8983140,1,73,8,76
8983650,28,37,-1,77
8984160,51,40,-6,83
8984670,33,71,5,78
8985180,60,19,-3,81
8985690,1,15,2,79
8986200,12,16,-4,83
8986710,60,55,2,81
8987220,83,20,4,77
8987730,33,54,-8,85
8988240,56,82,4,81
8988750,83,30,4,77
8989260,11,50,7,70
8989770,75,23,-10,80
8990280,16,19,2,78
8990790,50,58,-1,79
8991300,73,89,-2,81
8991810,96,18,6,75
8992320,78,52,-9,84
8992830,19,55,7,77
8993340,84,3,-2,79
8993850,16,28,3,76
8994360,81,27,4,72
8994870,9,47,1,71
8995380,73,20,-8,79
8995890,14,54,2,77
8996400,78,27,4,73
8996910,6,47,2,71
8997420,62,20,-9,80
8997930,3,16,4,76
8998440,14,92,1,75
8998950,41,66,-3,78
8999460,64,14,-8,86
8999970,5,48,10,76
9000480,11,21,-1,77
9000990,6,20,-3,80
9001500,17,19,8,72
9002010,82,95,-12,84
9002520,3,24,5,79
9003030,14,85,2,77
9003540,41,59,-2,79
9004050,64,7,-7,86
9004560,98,41,11,75
9005070,26,61,-4,79
9005580,53,9,2,77
9006090,87,43,1,76
9006600,15,17,-3,79
9007110,80,56,3,76
9007620,89,62,-1,77
9008130,98,68,-5,82
9008640,5,74,8,74
9009150,32,47,-3,77
9009660,14,46,1,76
9010170,78,64,-6,82
9010680,30,95,-1,83
9011190,57,69,0,83
9011700,80,100,6,77
9012210,1,29,5,72
9012720,57,2,-9,81
9013230,91,27,4,77
9013740,73,47,-6,83
9014250,14,50,8,75
9014760,79,68,-4,79
9015270,88,33,1,78
9015780,16,53,6,72
9016290,80,71,-10,82
9016800,89,36,9,73
9017310,17,32,-3,76
9017820,82,31,4,72
9018330,10,51,2,70
9018840,66,24,-12,82
9019350,7,23,6,76
9019860,18,84,0,76
9020370,45,30,-7,83
9020880,88,4,2,81
9021390,20,29,8,73
9021900,85,32,-9,82
9022410,13,52,9,73
9022920,77,70,-13,86
9023430,100,35,10,76
9023940,28,55,-2,78
9024450,5,54,0,78
9024960,61,27,-1,79
9025470,2,1,-6,85
9025980,13,50,16,69
9026490,77,68,-9,78
9027000,86,33,3,75
9027510,14,53,-2,77
9028020,78,71,-12,89
9028530,19,36,16,73
9029040,84,35,-3,76
9029550,12,55,3,73
9030060,68,28,-2,75
9030570,98,27,-3,78
9031080,80,47,1,77
9031590,21,50,-3,80
9032100,85,68,0,80
9032610,94,99,0,80
9033120,15,28,1,79
9033630,80,2,-1,80
9034140,12,27,5,75
9034650,7,66,0,75
9035160,63,39,-8,83
9035670,4,13,-2,85
9036180,15,62,11,74
9036690,71,36,-9,83
9037200,12,10,4,79
9037710,7,86,4,75
9038220,63,59,-7,82
9038730,91,24,6,76
9039240,67,44,-2,78
9039750,8,50,6,72
9040260,64,23,-6,78
9040770,5,57,2,76
9041280,61,30,-5,81
9041790,2,29,10,71
9042300,14,90,-9,80
9042810,70,64,-6,86
9043320,98,29,12,74
9043830,28,49,-2,76
9044340,5,5,-6,82
9044850,0,81,-1,83
9045360,27,45,10,73
9045870,4,71,-8,81
9046380,31,44,8,73
9046890,28,47,0,73
9047400,25,75,-9,82
9047910,89,49,7,75
9048420,98,52,-8,83
9048930,26,55,3,80
9049440,90,83,-1,81
9049950,99,48,5,76
9050460,27,68,-2,78
9050970,54,27,-10,88
9051480,97,1,13,75
9051990,29,26,2,73
9052500,94,0,-10,83
9053010,26,25,7,76
9053520,8,101,-1,77
9054030,35,65,-4,81
9054540,12,13,3,78
9055050,7,89,-3,81
9055560,63,53,0,81
9056070,4,18,6,75
9056580,15,19,1,74
9057090,80,58,-4,78
9057600,89,64,-3,81
9058110,98,70,5,76
9058620,5,76,-2,78
9059130,61,35,-1,79
9059640,2,9,-8,87
9060150,13,58,11,76
9060660,77,31,5,71
9061170,39,65,-10,81
9061680,36,13,1,80
9062190,79,89,5,75
9062700,5,54,5,70
9063210,61,27,-14,84
9063720,2,1,8,76
9064230,13,50,2,74
9064740,77,68,-8,82
9065250,59,33,-1,83
9065760,0,7,-6,89
9066270,11,21,14,75
9066780,6,97,-6,81
9067290,33,61,4,77
9067800,10,89,0,77
9068310,18,62,-2,79
9068820,82,36,5,74
9069330,10,56,-1,75
9069840,66,29,-3,78
9070350,7,3,-3,81
9070860,2,79,3,78
9071370,29,52,-3,81
9071880,26,80,3,78
9072390,53,54,-1,79
9072900,81,19,6,73
9073410,31,53,-11,84
9073920,24,81,9,75
9074430,89,55,-8,83
9074940,30,61,6,77
9075450,7,9,-2,79
9075960,2,85,-6,85
9076470,29,49,6,79
9076980,6,77,0,79
9077490,62,50,-4,83
9078000,3,15,2,81
9078510,14,16,2,79
9079020,9,92,-1,80
9079530,17,57,6,74
9080040,82,30,0,74
9080550,10,57,0,74
9081060,66,30,-4,78
9081570,7,4,0,78
9082080,2,53,5,73
9082590,58,26,-6,79
9083100,101,0,-7,86
9083610,33,25,10,76
9084120,61,101,-11,87
9084630,88,49,16,71
9085140,97,55,-7,78
9085650,25,61,7,71
9086160,52,20,-12,83
9086670,95,96,5,78
9087180,21,61,5,73
9087690,20,20,-5,78
9088200,85,96,0,78
9088710,11,61,6,72
9089220,67,34,-12,84
9089730,8,8,4,80
9090240,3,84,2,78
9090750,30,49,4,74
9091260,7,75,-6,80
9091770,15,48,-1,81
9092280,79,22,-1,82
9092790,20,56,3,79
9093300,19,30,-1,80
9093810,84,4,-3,83
9094320,16,34,8,75
9094830,27,62,-4,79
9095340,91,10,-6,85
9095850,23,35,11,74
9096360,1,63,0,74
9096870,28,36,-1,75
9097380,93,64,-3,78
9097890,0,88,-3,81
9098400,27,52,7,74
9098910,95,80,-5,79
9099420,2,45,8,71
9099930,10,18,-8,79
9100440,5,94,0,79
9100950,32,58,8,71
9101460,29,86,-9,80
9101970,56,60,-2,82
9102480,84,25,2,80
9102990,25,52,6,74
9103500,2,80,-3,77
9104010,29,45,0,77
9104520,6,73,0,77
9105030,14,38,-2,79
9105540,25,66,-1,80
9106050,89,94,2,78
9106560,15,59,10,68
9107070,71,32,-8,76
9107580,12,40,2,74
9108090,23,68,1,73
9108600,87,42,-2,75
9109110,15,50,0,75
9109620,80,23,-1,76
9110130,21,57,0,76
9110640,85,31,2,74
9111150,13,72,2,72
9111660,69,46,-8,80
9112170,10,52,3,77
9112680,66,25,-6,83
9113190,7,101,-1,84
9113700,34,65,8,76
9114210,11,93,3,73
9114720,67,57,-14,87
9115230,8,22,8,79
9115740,19,23,5,74
9116250,84,33,0,74
9116760,12,74,-2,76
9117270,10,23,-4,80
9117780,5,99,3,77
9118290,84,63,-8,85
9118800,25,28,10,75
9119310,7,2,-4,79
9119820,2,22,-8,87
9120330,13,23,16,71
9120840,78,100,-13,84
9121350,4,4,-1,85
9121860,101,53,8,77
9122370,29,94,3,74
9122880,56,68,-8,82
9123390,84,33,8,74
9123900,12,74,-2,76
9124410,68,48,-7,83
9124920,9,54,12,71
9125430,65,27,-11,82
9125940,6,1,0,82
9126450,1,77,5,77
9126960,28,41,0,77
9127470,93,69,2,75
9127980,0,34,3,72
9128490,56,7,-13,85
9129000,90,41,8,77
9129510,18,82,0,77
9130020,74,56,-7,84
9130530,15,21,2,82
9131040,10,97,4,78
9131550,18,61,6,72
9132060,83,22,-4,76
9132570,33,56,1,75
9133080,30,84,-4,79
9133590,94,58,2,77
9134100,1,64,4,73
9134610,28,28,-6,79
9135120,45,2,3,76
9135630,79,32,-7,83
9136140,20,6,4,79
9136650,72,82,-4,83
9137160,100,47,7,76
9137670,28,88,-2,78
9138180,92,62,-2,80
9138690,33,68,7,73
9139200,10,16,-6,79
9139710,5,92,-1,80
9140220,32,56,2,78
9140730,9,4,-6,84
9141240,4,80,4,80
9141750,31,44,0,80
9142260,8,72,9,71
9142770,64,37,-8,79
9143280,5,11,2,77
9143790,16,87,0,77
9144300,72,61,-5,82
9144810,13,26,8,74
9145320,24,0,-3,77
9145830,58,25,-4,81
9146340,101,101,-7,88
9146850,27,66,9,79
9147360,91,14,-2,81
9147870,23,48,8,73
9148380,34,98,-6,79
9148890,98,72,6,73
9149400,5,37,-5,78
9149910,17,10,-4,82
9150420,50,86,2,80
9150930,27,34,8,72
9151440,24,62,-5,77
9151950,88,10,-6,83
9152460,20,44,11,72
9152970,31,18,-12,84
9153480,81,94,5,79
9153990,7,22,1,78
9154500,18,98,0,78
9155010,26,72,4,74
9155520,90,46,-2,76
9156030,18,87,-4,80
9156540,74,61,-10,90
9157050,0,35,16,74
9157560,11,8,-8,82
9158070,6,84,2,80
9158580,14,96,1,79
9159090,22,60,2,77
9159600,86,34,2,75
9160110,14,75,2,73
9160620,25,49,2,71
9161130,22,99,-9,80
9161640,30,73,-1,81
9162150,94,21,5,76
9162660,76,55,-7,83
9163170,17,20,1,82
9163680,82,96,-1,83
9164190,8,61,10,73
9164700,72,35,-9,82
9165210,20,9,4,78
9165720,72,85,-12,90
9166230,100,50,14,76
9166740,28,70,0,76
9167250,92,18,-4,80
9167760,24,52,-1,81
9168270,88,26,6,75
9168780,18,67,-1,76
9169290,82,41,-3,79
9169800,10,44,5,74
9170310,21,17,-8,82
9170820,54,93,5,77
9171330,31,41,-5,82
9171840,48,69,5,77
9172350,25,17,-6,83
9172860,58,93,7,76
9173370,85,41,0,76
9173880,13,0,-7,83
9174390,6,25,3,80
9174900,17,101,-1,81
9175410,25,75,8,73
9175920,89,49,-4,77
9176430,17,14,-9,86
9176940,50,90,6,80
9177450,27,38,4,76
9177960,4,66,4,72
9178470,12,31,-7,79
9178980,23,5,0,79
9179490,5,30,1,78
9180000,16,4,0,78
9180510,68,80,-7,85
9181020,96,45,6,79
9181530,24,86,0,79
9182040,88,60,-1,80
9182550,29,25,5,75
9183060,46,101,-4,79
9183570,73,75,-10,89
9184080,101,40,15,74
9184590,29,81,-3,77
9185100,93,55,-3,80
9185610,0,20,-6,86
9186120,11,21,-2,88
9186630,22,97,12,76
9187140,33,71,-2,78
9187650,10,19,-5,83
9188160,5,95,1,82
9188670,32,59,1,81
9189180,9,7,-3,84
9189690,4,83,6,78
9190200,60,47,0,78
9190710,1,12,-5,83
9191220,12,13,9,74
9191730,77,89,-13,87
9192240,3,54,15,72
9192750,67,19,-7,79
9193260,8,60,5,74
9193770,19,33,-2,76
9194280,84,7,-9,85
9194790,16,37,12,73
9195300,27,87,-7,80
9195810,91,61,6,74
9196320,100,26,0,74
9196830,30,67,-10,84
9197340,94,15,0,84
9197850,26,32,10,74
9198360,43,60,-3,77
9198870,20,8,-8,85
9199380,72,84,5,80
9199890,100,49,5,75
9200400,28,90,-8,83
9200910,92,64,7,76
9201420,101,29,-1,77
9201930,31,70,-1,78
9202440,95,18,-3,81
9202950,10,35,9,72
9203460,21,8,-2,74
9203970,73,84,-6,80
9204480,101,49,6,74
9204990,29,13,-4,78
9205500,81,89,-5,83
9206010,7,54,7,76
9206520,18,27,-2,78
9207030,83,1,-1,79
9207540,15,31,3,76
9208050,26,5,-3,79
9208560,43,30,1,78
9209070,71,4,-3,81
9209580,3,34,0,81
9210090,14,7,2,79
9210600,47,83,-3,82
9211110,24,31,0,82
9211620,10,5,-3,85
9212130,5,81,5,80
9212640,13,45,4,76
9213150,24,95,-4,80
9213660,35,69,4,76
9214170,12,17,-4,80
9214680,77,93,2,78
9215190,3,58,7,71
9215700,11,23,-3,74
9216210,22,99,-6,80
9216720,33,73,-2,82
9217230,97,21,7,75
9217740,73,55,-9,84
9218250,14,20,8,76
9218760,79,96,-7,83
9219270,5,61,3,80
9219780,69,26,-1,81
9220290,17,0,3,78
9220800,10,25,5,73
9221310,21,26,-5,78
9221820,86,0,-1,79
9222330,18,30,1,78
9222840,29,4,1,77
9223350,63,29,-4,81
9223860,4,3,-2,83
9224370,101,52,8,75
9224880,29,93,-4,79
9225390,93,67,1,78
9225900,8,32,1,77
9226410,19,33,3,74
9226920,84,7,-10,84
9227430,16,37,5,79
9227940,27,11,0,79
9228450,79,87,-3,82
9228960,5,52,5,77
9229470,16,25,-1,78
9229980,81,101,-1,79
9230490,7,66,3,76
9231000,15,31,-7,83
9231510,26,5,-3,86
9232020,8,30,8,78
9232530,19,4,-1,79
9233040,71,29,-1,80
9233550,19,3,-5,85
9234060,71,28,8,77
9234570,19,69,4,73
9235080,30,43,1,72
9235590,64,0,-11,83
9236100,98,30,1,82
9236610,28,71,6,76
9237120,92,45,1,75
9237630,20,65,0,75
9238140,31,39,2,73
9238650,59,4,-12,85
9239160,93,34,5,80
9239670,41,75,3,77
9240180,18,23,-5,82
9240690,83,99,1,81
9241200,9,64,6,75
9241710,20,37,-2,77
9242220,31,11,-2,79
9242730,48,87,-4,83
9243240,25,35,3,80
9243750,90,9,2,78
9244260,22,26,3,75
9244770,39,54,-8,83
9245280,73,19,2,81
9245790,14,36,1,80
9246300,25,10,-2,82
9246810,77,86,3,79
9247320,3,51,6,73
9247830,67,24,-5,78
9248340,8,51,1,77
9248850,19,24,3,74
9249360,84,100,-10,84
9249870,10,65,7,77
9250380,21,39,0,77
9250890,85,13,-11,88
9251400,17,30,15,73
9251910,28,4,-6,79
9252420,45,80,-2,81
9252930,22,28,-2,83
9253440,87,2,3,80
9253950,19,32,4,76
9254460,84,6,-8,84
9254970,54,36,2,82
9255480,97,10,1,81
9255990,29,27,4,77
9256500,11,1,-5,82
9257010,4,77,8,74
9257520,31,11,-10,84
9258030,74,87,3,81
9258540,0,52,5,76
9259050,8,17,-2,78
9259560,19,93,3,75
9260070,27,67,1,74
9260580,91,41,-3,77
9261090,39,75,-4,81
9261600,1,23,2,79
9262110,12,24,-1,80
9262620,7,100,-2,82
9263130,34,65,0,82
9263640,11,13,2,80
9264150,6,89,4,76
9264660,33,53,1,75
9265170,30,18,-6,81
9265680,47,94,3,78
9266190,87,42,5,73
9266700,35,83,-9,82
9267210,99,57,8,74
9267720,6,22,-10,84
9268230,17,23,4,80
9268740,82,48,3,77
9269250,23,13,-4,81
9269760,56,89,-3,84
9270270,84,37,7,77
9270780,32,78,-4,81
9271290,96,52,2,79
9271800,44,17,-1,80
9272310,87,93,-3,83
9272820,13,58,8,75
9273330,24,32,-3,78
9273840,41,6,-4,82
9274350,58,82,-4,86
9274860,86,47,14,72
9275370,34,12,-10,82
9275880,77,88,-4,86
9276390,3,53,11,75
9276900,67,26,-10,85
9277410,8,0,4,81
9277920,3,76,0,81
9278430,67,41,-2,83
9278940,8,15,6,77
9279450,19,91,0,77
9279960,83,65,-9,86
9280470,24,30,12,74
9280980,89,4,-5,79
9281490,21,34,1,78
9282000,68,8,-8,86
9282510,0,25,10,76
9283020,11,26,4,72
9283530,22,0,-6,78
9284040,56,25,-1,79
9284550,4,101,-4,83
9285060,31,65,8,75
9285570,95,30,0,75
9286080,25,71,-6,81
9286590,89,45,5,76
9287100,37,10,-1,77
9287610,89,86,-9,86
9288120,15,51,13,73
9288630,79,25,-4,77
9289140,29,66,-5,82
9289650,93,14,1,81
9290160,25,31,4,77
9290670,90,5,-7,84
9291180,22,35,10,74
9291690,86,9,1,73
9292200,18,48,1,72
9292710,82,22,-3,75
9293220,32,39,-1,76
9293730,60,13,-7,83
9294240,1,30,9,74
9294750,12,31,-8,82
9295260,23,5,-1,83
9295770,75,81,1,82
9296280,1,46,11,71
9296790,65,64,-11,82
9297300,93,29,4,78
9297810,23,46,4,74
9298320,87,20,-11,85
9298830,19,37,5,80
9299340,83,11,6,74
9299850,15,28,0,74
9300360,79,2,-11,85
9300870,11,32,7,78
9301380,22,6,-1,79
9301890,74,82,-4,83
9302400,0,47,11,72
9302910,64,65,-10,82
9303420,92,30,5,77
9303930,22,71,5,72
9304440,86,45,-6,78
9304950,34,10,-3,81
9305460,16,86,1,80
9305970,80,60,-6,86
9306480,21,25,9,77
9306990,38,101,-4,81
9307500,0,75,7,74
9308010,27,39,-6,80
9308520,9,13,1,79
9309030,20,89,-3,82
9309540,84,63,1,81
9310050,25,39,4,77
9310560,89,13,-8,85
9311070,21,30,10,75
9311580,86,77,-8,83
9312090,12,42,9,74
9312600,2,16,-7,81
9313110,13,17,0,81
9313620,78,93,-1,82
9314130,77,58,0,82
9314640,3,23,4,78
9315150,14,24,-2,80
9315660,25,100,-3,83
9316170,89,74,-1,84
9316680,15,39,10,74
9317190,79,57,-4,78
9317700,96,22,0,78
9318210,72,39,-6,84
9318720,13,13,4,80
9319230,8,89,1,79
9319740,72,53,-6,85
9320250,13,18,8,77
9320760,78,94,-6,83
9321270,4,59,8,75
9321780,68,77,-9,84
9322290,96,42,8,76
9322800,24,83,-5,81
9323310,88,57,5,76
9323820,97,63,0,76
9324330,4,28,0,76
9324840,15,46,7,69
9325350,79,64,-11,80
9325860,20,29,4,76
9326370,85,3,-4,80
9326880,17,33,3,77
9327390,81,7,2,75
9327900,13,24,-2,77
9328410,78,100,-10,87
9328920,4,65,5,82
9329430,68,30,1,81
9329940,9,4,2,79
9330450,4,53,0,79
9330960,68,71,-4,83
9331470,96,36,4,79
9331980,44,77,-2,81
9332490,21,3,-2,83
9333000,73,28,3,80
9333510,21,2,-2,82
9334020,14,27,8,74
9334530,79,1,-11,85
9335040,11,31,12,73
9335550,75,49,-6,79
9336060,94,14,1,78
9336570,26,31,2,76
9337080,43,5,2,74
9337590,60,81,-4,78
9338100,8,46,8,70
9338610,72,64,-12,82
9339120,100,29,5,77
9339630,30,70,-1,78
9340140,94,44,8,70
9340650,22,85,-6,76
9341160,86,59,-4,80
9341670,1,24,7,73
9342180,12,25,-3,76
9342690,23,101,-4,80
9343200,87,75,-1,81
9343710,13,40,1,80
9344220,77,14,6,74
9344730,27,31,-1,75
9345240,44,5,-5,80
9345750,78,22,3,77
9346260,28,63,-2,79
9346770,92,100,-5,84
9347280,18,65,9,75
9347790,82,0,-7,82
9348300,14,30,5,77
9348810,25,31,6,71
9349320,42,5,-15,86
9349830,59,81,0,86
9350340,7,46,12,74
9350850,71,64,-9,83
9351360,99,29,7,76
9351870,29,70,-1,77
9352380,93,5,-8,85
9352890,75,35,4,81
9353400,23,76,4,77
9353910,87,50,5,72
9354420,35,15,-4,76
9354930,17,91,1,75
9355440,81,65,-5,80
9355950,7,30,4,76
9356460,19,31,1,75
9356970,83,5,-10,85
9357480,15,35,10,75
9357990,79,53,-2,77
9358500,20,59,0,77
9359010,84,77,-7,84
9359520,10,42,1,83
9360030,74,60,-2,85
9360540,0,25,7,78
9361050,11,62,7,71
9361560,75,36,-11,82
9362070,16,83,3,79
9362580,80,57,-4,83
9363090,21,22,2,81
9363600,54,98,2,79
9364110,31,63,-2,81
9364620,28,100,5,76
9365130,92,74,-11,87
9365640,74,39,2,85
9366150,22,4,2,83
9366660,74,29,0,83
9367170,22,70,5,78
9367680,86,5,-5,83
9368190,68,35,-4,87
9368700,9,9,10,77
9369210,4,58,4,73
9369720,68,76,-4,77
9370230,96,41,2,75
9370740,44,82,-5,80
9371250,21,6,-2,82
9371760,73,31,-2,84
9372270,21,72,8,76
9372780,85,46,-3,79
9373290,33,11,-5,84
9373800,85,87,1,83
9374310,11,52,8,75
9374820,75,70,-5,80
9375330,1,35,4,76
9375840,13,53,1,75
9376350,77,71,-7,82
9376860,3,36,4,78
9377370,15,54,7,71
9377880,79,72,-14,85
9378390,5,37,13,72
9378900,17,55,-8,80
9379410,81,73,0,80
9379920,7,38,3,77
9380430,19,56,1,76
9380940,83,74,-1,77
9381450,9,39,1,76
9381960,21,57,2,74
9382470,85,75,-4,78
9382980,11,40,5,73
9383490,75,58,-8,81
9384000,1,23,-5,86
9384510,12,24,8,78
9385020,77,100,-6,84
9385530,3,65,10,74
9386040,67,29,-9,83
9386550,15,3,1,82
9387060,8,28,10,72
9387570,20,46,0,72
9388080,84,64,-9,81
9388590,93,29,7,74
9389100,23,70,-4,78
9389610,87,88,-8,86
9390120,13,53,14,72
9390630,77,71,-9,81
9391140,3,36,7,74
9391650,15,54,6,68
9392160,79,72,-11,79
9392670,5,37,2,77
9393180,17,55,4,73
9393690,81,73,-11,84
9394200,7,38,7,77
9394710,19,56,1,76
9395220,83,74,-9,85
9395730,9,39,13,72
9396240,21,57,-2,74
9396750,85,75,-5,79
9397260,67,40,-1,80
9397770,15,5,-2,82
9398280,8,81,8,74
9398790,35,99,2,72
9399300,99,73,-6,78
9399810,6,79,9,69
9400320,33,97,-10,79
9400830,97,32,-2,81
9401340,25,73,9,72
9401850,89,8,-8,80
9402360,71,25,-1,81
9402870,19,31,1,80
9403380,84,5,-4,84
9403890,66,35,-1,85
9404400,14,0,5,80
9404910,7,25,3,77
9405420,19,26,-2,79
9405930,84,0,-6,85
9406440,45,30,1,84
9406950,73,4,-2,86
9407460,55,69,3,83
9407970,83,92,-1,84
9408480,9,71,12,72
9408990,73,89,-12,84
9409500,101,68,5,79
9410010,8,74,6,73
9410520,72,84,-16,89
9411030,100,63,18,71
9411540,7,69,-1,72
9412050,71,87,-12,84
9412560,19,66,10,74
9413070,83,1,-9,83
9413580,65,31,2,81
9414090,13,5,2,79
9414600,8,30,-1,80
9415110,20,48,12,68
9415620,84,66,-13,81
9416130,10,31,5,76
9416640,22,68,4,72
9417150,86,3,-13,85
9417660,68,33,7,78
9418170,16,7,-2,80
9418680,68,83,0,80
9419190,16,62,3,77
9419700,80,99,-3,80
9420210,6,78,-1,81
9420720,33,13,0,81
9421230,85,38,6,75
9421740,13,85,-4,79
9422250,40,20,2,77
9422760,22,96,0,77
9423270,49,70,5,72
9423780,99,76,-9,81
9424290,51,41,-2,83
9424800,79,47,4,79
9425310,98,53,5,74
9425820,26,100,-3,77
9426330,53,35,-4,81
9426840,96,9,-2,83
9427350,78,26,4,79
9427860,28,67,-1,80
9428370,92,2,0,80
9428880,74,32,1,79
9429390,22,79,3,76
9429900,86,53,-4,80
9430410,14,59,-1,81
9430920,26,96,4,77
9431430,90,31,2,75
9431940,18,72,0,75
9432450,82,7,-8,83
9432960,64,24,3,80
9433470,12,23,-2,82
9433980,7,99,-1,83
9434490,34,63,4,79
9435000,11,89,-2,81
9435510,38,53,2,79
9436020,20,32,4,75
9436530,84,31,0,75
9437040,12,72,-3,78
9437550,39,7,0,78
9438060,21,83,1,77
9438570,48,18,2,75
9439080,30,17,-7,82
9439590,12,93,2,80
9440100,39,57,-5,85
9440610,89,83,2,83
9441120,71,48,-2,85
9441630,12,54,12,73
9442140,24,91,-4,77
9442650,51,26,-2,79
9443160,101,0,1,78
9443670,33,30,0,78
9444180,87,4,-4,82
9444690,69,34,-4,86
9445200,10,33,7,79
9445710,22,70,3,76
9446220,86,5,-9,85
9446730,68,35,1,84
9447240,16,9,4,80
9447750,49,85,-1,81
9448260,76,9,3,78
9448770,58,26,-8,86
9449280,6,0,0,86
9449790,101,49,8,78
9450300,29,90,-3,81
9450810,56,64,0,81
9451320,84,43,3,78
9451830,32,90,-4,82
9452340,59,25,3,79
9452850,7,10,-2,81
9453360,2,59,5,76
9453870,29,96,-5,81
9454380,56,70,0,81
9454890,4,76,5,76
9455400,31,86,-4,80
9455910,95,60,1,79
9456420,10,66,8,71
9456930,37,40,-13,84
9457440,19,14,10,74
9457950,52,90,-6,80
9458460,79,14,4,76
9458970,7,31,-4,80
9459480,19,68,8,72
9459990,83,3,-12,84
9460500,65,33,0,84
9461010,13,32,5,79
9461520,8,31,-1,80
9462030,20,68,4,76
9462540,84,3,-8,84
9463050,66,33,1,83
9463560,14,32,8,75
9464070,78,31,0,75
9464580,26,72,-8,83
9465090,90,7,0,83
9465600,72,24,-1,84
9466110,0,58,10,74
9466620,27,68,-5,79
9467130,54,3,-4,83
9467640,36,33,1,82
9468150,53,7,0,82
9468660,35,24,3,79
9469170,17,100,-3,82
9469680,44,74,2,80
9470190,21,100,-2,82
9470700,48,74,4,78
9471210,98,100,-5,83
9471720,80,28,8,75
9472230,8,69,1,74
9472740,35,43,-4,78
9473250,17,22,-7,85
9473760,82,98,7,78
9474270,64,26,-4,82
9474780,12,25,3,79
9475290,43,101,-1,80
9475800,70,75,-8,88
9476310,98,3,9,79
9476820,80,33,0,79
9477330,8,74,1,78
9477840,35,48,7,71
9478350,17,27,-2,73
9478860,82,1,-10,83
9479370,64,31,3,80
9479880,12,30,6,74
9480390,24,29,-4,78
9480900,89,3,-9,87
9481410,71,33,7,80
9481920,19,15,5,75
9482430,52,91,-8,83
9482940,29,97,2,81
9483450,56,71,3,78
9483960,38,101,-3,81
9484470,65,75,-1,82
9484980,17,3,1,81
9485490,10,28,-1,82
9486000,5,27,5,77
9486510,17,45,2,75
9487020,29,82,-3,78
9487530,56,56,0,78
9488040,38,86,-3,81
9488550,65,60,-2,83
9489060,47,66,9,74
9489570,74,96,-9,83
9490080,22,24,3,80
9490590,87,100,-1,81
9491100,69,28,-1,82
9491610,17,10,2,80
9492120,12,33,4,76
9492630,24,70,1,75
9493140,89,5,-9,84
9493650,71,35,2,82
9494160,19,17,4,78
9494670,52,93,-3,81
9495180,29,99,1,80
9495690,56,73,1,79
9496200,38,1,-6,85
9496710,20,26,7,78
9497220,85,25,1,77
9497730,15,66,0,77
9498240,27,40,0,77
9498750,20,99,1,76
9499260,47,73,-2,78
9499770,24,30,1,77
9500280,6,4,-1,78
9500790,1,53,3,75
9501300,28,63,-2,77
9501810,5,20,2,75
9502320,17,57,2,73
9502830,29,94,-7,80
9503340,56,68,-1,81
9503850,4,98,0,81
9504360,31,6,5,76
9504870,13,31,-1,77
9505380,8,30,-2,79
9505890,20,67,2,77
9506400,32,2,1,76
9506910,49,27,-9,85
9507420,99,1,1,84
9507930,81,31,10,74
9508440,67,72,-15,89
9508950,95,0,4,85
9509460,77,30,7,78
9509970,25,12,-2,80
9510480,7,88,7,73
9510990,34,62,-4,77
9511500,11,19,3,74
9512010,6,58,1,73
9512520,18,76,-3,76
9513030,30,11,-4,80
9513540,12,36,5,75
9514050,24,54,1,74
9514560,21,53,-2,76
9515070,33,90,2,74
9515580,60,64,-11,85
9516090,88,94,0,85
9516600,14,22,9,76
9517110,79,61,-6,82
9517620,27,67,8,74
9518130,54,2,-11,85
9518640,31,32,12,73
9519150,48,38,-7,80
9519660,76,44,1,79
9520170,95,50,6,73
9520680,43,56,-10,83
9521190,25,13,3,80
9521700,75,38,4,76
9522210,23,58,-3,79
9522720,35,76,3,76
9523230,62,33,-5,81
9523740,10,39,7,74
9524250,22,57,-1,75
9524760,61,75,-4,79
9525270,9,81,5,74
9525780,36,21,-5,79
9526290,86,92,3,76
9526800,12,20,-2,78
9527310,7,59,9,69
9527820,19,77,-2,71
9528330,46,51,-14,85
9528840,96,8,2,83
9529350,78,25,9,74
9529860,6,66,0,74
9530370,18,76,-2,76
9530880,30,50,0,76
9531390,7,7,-6,82
9531900,2,56,6,76
9532410,29,74,-3,79
9532920,56,9,-1,80
9533430,86,26,3,77
9533940,14,67,8,69
9534450,26,2,-14,83
9534960,8,27,10,73
9535470,20,45,-4,77
9535980,85,82,-7,84
9536490,11,88,7,77
9537000,38,98,-7,84
9537510,65,6,0,84
9538020,47,23,4,80
9538530,97,63,5,75
9539040,12,69,1,74
9539550,24,4,-7,81
9540060,41,29,-2,83
9540570,91,35,10,73
9541080,19,76,2,71
9541590,46,11,-11,82
9542100,76,28,9,73
9542610,24,69,-5,78
9543120,36,4,-2,80
9543630,18,29,10,70
9544140,83,88,-11,81
9544650,9,16,2,79
9545160,4,65,6,73
9545670,31,83,-4,77
9546180,58,18,0,77
9546690,6,35,1,76
9547200,18,77,1,75
9547710,30,12,-6,81
9548220,12,37,6,75
9548730,24,74,0,75
9549240,51,9,-2,77
9549750,81,26,2,75
9550260,29,67,1,74
9550770,6,24,-6,80
9551280,18,61,9,71
9551790,30,30,-1,72
9552300,47,89,-7,79
9552810,24,29,1,78
9553320,41,3,-6,84
9553830,23,28,10,74
9554340,88,87,-7,81
9554850,14,93,2,79
9555360,41,1,-3,82
9555870,23,26,3,79
9556380,88,0,-1,80
9556890,70,30,-1,81
9557400,18,12,1,80
9557910,13,61,6,74
9558420,25,98,-3,77
9558930,52,72,1,76
9559440,80,29,3,73
9559950,8,70,5,68
9560460,20,10,-8,76
9560970,37,35,-3,79
9561480,65,94,-6,85
9561990,93,34,9,76
9562500,21,75,1,75
9563010,85,10,-11,86
9563520,7,27,8,78
9564030,19,64,4,74
9564540,31,101,-2,76
9565050,58,75,-4,80
9565560,6,24,-2,82
9566070,17,73,8,74
9566580,28,8,-3,77
9567090,10,33,5,72
9567600,22,70,-7,79
9568110,86,5,-5,84
9568620,68,22,6,78
9569130,16,39,4,74
9569640,28,76,-1,75
9570150,55,11,-3,78
9570660,85,28,0,78
9571170,33,69,-8,86
9571680,10,9,3,83
9572190,5,58,10,73
9572700,17,76,-7,80
9573210,29,16,7,73
9573720,79,41,-10,83
9574230,77,23,7,76
9574740,25,64,0,76
9575250,89,101,-5,81
9575760,15,37,7,74
9576270,79,74,-4,78
9576780,5,12,-5,83
9577290,0,61,5,78
9577800,27,48,-4,82
9578310,4,74,6,76
9578820,31,14,-2,78
9579330,81,13,-2,80
9579840,3,30,6,74
9580350,15,40,2,72
9580860,27,77,-7,79
9581370,54,12,-1,80
9581880,36,29,-1,81
9582390,64,3,2,79
9582900,46,32,-5,84
9583410,74,38,3,81
9583920,15,20,1,80
9584430,80,59,1,79
9584940,21,65,3,76
9585450,85,0,-11,87
9585960,67,30,6,81
9586470,15,12,2,79
9586980,10,61,3,76
9587490,22,1,-6,82
9588000,15,26,4,78
9588510,80,65,-3,81
9589020,21,71,6,75
9589530,85,6,-8,83
9590040,67,35,-4,87
9590550,8,17,11,76
9591060,3,66,6,70
9591570,30,6,-5,75
9592080,12,31,-1,76
9592590,24,68,1,75
9593100,88,3,-4,79
9593610,70,20,-7,86
9594120,11,37,9,77
9594630,23,74,0,77
9595140,87,9,-9,86
9595650,69,26,9,77
9596160,17,67,1,76
9596670,28,2,-6,82
9597180,45,27,4,78
9597690,95,67,-2,80
9598200,10,73,4,76
9598710,18,83,-2,78
9599220,29,57,2,76
9599730,6,99,-10,86
9600240,33,63,7,79
9600750,10,3,-2,81
9601260,5,52,4,77
9601770,17,94,-3,80
9602280,44,43,2,78
9602790,72,81,-10,88
9603300,100,17,12,76
9603810,76,34,-11,87
9604320,24,16,13,74
9604830,74,92,-7,81
9605340,0,28,4,77
9605850,8,65,2,75
9606360,16,5,1,74
9606870,68,54,-10,84
9607380,9,60,10,74
9607890,20,0,-5,79
9608400,13,25,1,78
9608910,78,64,-1,79
9609420,19,70,7,72
9609930,30,5,-11,83
9610440,47,30,5,78
9610950,29,36,-4,82
9611460,71,74,6,76
9611970,99,10,-3,79
9612480,27,27,-1,80
9612990,44,1,2,78
9613500,26,30,-3,81
9614010,68,4,-5,86
9614520,50,21,5,81
9615030,100,61,3,78
9615540,48,43,-2,80
9616050,76,49,-1,81
9616560,17,55,5,76
9617070,20,92,2,74
9617580,85,32,-4,78
9618090,33,73,-4,82
9618600,60,13,1,81
9619110,90,30,7,74
9619620,20,71,-7,81
9620130,31,6,-5,86
9620640,48,31,2,84
9621150,91,37,7,77
9621660,19,78,1,76
9622170,81,13,-1,77
9622680,3,30,-1,78
9623190,14,40,1,77
9623700,25,77,-1,78
9624210,26,51,6,72
9624720,3,93,-4,76
9625230,30,33,1,75
9625740,72,71,-8,83
9626250,100,7,-1,84
9626760,82,24,5,79
9627270,12,65,0,79
9627780,73,5,1,78
9628290,97,22,3,75
9628800,27,63,-8,83
9629310,4,3,-4,87
9629820,101,52,10,77
9630330,29,93,4,73
9630840,56,67,-5,78
9631350,84,3,-3,81
9631860,66,32,-6,87
9632370,7,31,7,80
9632880,72,73,-1,81
9633390,100,9,0,81
9633900,82,26,3,78
9634410,23,67,4,74
9634920,87,2,-14,88
9635430,9,46,13,75
9635940,20,88,-3,78
9636450,28,82,1,77
9636960,55,31,-3,80
9637470,74,13,1,79
9637980,98,30,1,78
9638490,28,71,3,75
9639000,55,11,-8,83
9639510,98,28,8,75
9640020,28,69,1,74
9640530,55,9,-8,82
9641040,79,26,7,75
9641550,9,67,-1,76
9642060,17,16,2,74
9642570,50,92,-2,76
9643080,90,32,-2,78
9643590,18,73,2,76
9644100,29,22,-1,77
9644610,83,98,-6,83
9645120,9,34,7,76
9645630,20,71,-3,79
9646140,31,6,0,79
9646650,13,5,-11,90
9647160,8,54,14,76
9647670,16,96,-4,80
9648180,24,45,5,75
9648690,34,44,0,75
9649200,76,82,-5,80
9649710,2,18,5,75
9650220,13,55,-4,79
9650730,24,92,5,74
9651240,67,41,-6,80
9651750,8,23,6,74
9652260,68,22,-6,80
9652770,9,51,5,75
9653280,74,93,-13,88
9653790,0,29,15,73
9654300,65,80,-6,79
9654810,93,16,4,75
9655320,69,33,-7,82
9655830,10,15,3,79
9656340,75,54,0,79
9656850,16,60,5,74
9657360,81,97,-6,80
9657870,7,33,0,80
9658380,18,75,6,74
9658890,83,24,-5,79
9659400,13,65,6,73
9659910,24,5,-12,85
9660420,41,30,8,77
9660930,56,36,-6,83
9661440,99,42,5,78
9661950,27,83,1,77
9662460,67,32,1,76
9662970,15,14,-12,88
9663480,18,53,10,78
9663990,83,63,-4,82
9664500,24,45,5,77
9665010,1,44,-2,79
9665520,9,86,1,78
9666030,95,35,4,74
9666540,23,76,-4,78
9667050,88,25,2,76
9667560,18,64,8,68
9668070,83,13,-10,78
9668580,5,30,-4,82
9669090,16,72,7,75
9669600,81,21,-5,80
9670110,11,38,4,76
9670620,23,75,1,75
9671130,26,24,0,75
9671640,80,100,-9,84
9672150,6,36,8,76
9672660,71,78,-8,84
9673170,99,14,3,81
9673680,81,31,-2,83
9674190,22,72,2,81
9674700,87,21,1,80
9675210,17,38,6,74
9675720,82,37,-1,75
9676230,30,78,-5,80
9676740,57,18,2,78
9677250,64,35,-8,86
9677760,5,17,2,84
9678270,8,18,7,77
9678780,73,57,-4,81
9679290,14,39,10,71
9679800,79,38,-9,80
9680310,27,79,3,77
9680820,92,28,1,76
9681330,22,69,-1,77
9681840,87,43,0,77
9682350,35,84,0,77
9682860,62,24,-9,86
9683370,3,23,12,74
9683880,14,33,-9,83
9684390,79,34,11,72
9684900,27,11,-11,83
9685410,9,10,3,80
9685920,4,59,7,73
9686430,12,101,-7,80
9686940,20,50,6,74
9687450,85,92,-10,84
9687960,11,28,10,74
9688470,61,27,-4,78
9688980,9,26,-1,79
9689490,74,25,4,75
9690000,4,66,3,72
9690510,12,6,-12,84
9691020,7,55,9,75
9691530,15,97,-2,77
9692040,23,46,8,69
9692550,88,88,-13,82
9693060,14,26,4,78
9693570,79,65,-7,85
9694080,20,47,11,74
9694590,85,89,-11,85
9695100,11,27,8,77
9695610,14,26,-1,78
9696120,79,65,-4,82
9696630,20,47,3,79
9697140,85,89,-10,89
9697650,11,27,18,71
9698160,76,66,-10,81
9698670,2,4,-4,85
9699180,13,53,15,70
9699690,78,95,-20,90
9700200,4,74,10,80
9700710,31,14,0,80
9701220,13,13,3,77
9701730,46,62,-2,79
9702240,88,41,0,79
9702750,36,61,-2,81
9703260,76,1,4,77
9703770,58,31,-5,82
9704280,6,13,-1,83
9704790,9,62,13,70
9705300,74,2,-14,84
9705810,56,32,1,83
9706320,75,14,4,79
9706830,99,31,0,79
9707340,29,72,3,76
9707850,56,12,-3,79
9708360,38,29,1,78
9708870,66,3,-7,85
9709380,48,32,8,77
9709890,91,14,-8,85
9710400,73,31,5,80
9710910,14,13,-3,83
9711420,9,52,8,75
9711930,74,94,-8,83
9712440,22,34,3,80
9712950,87,33,3,77
9713460,35,53,-1,78
9713970,77,95,-8,86
9714480,3,74,15,71
9714990,30,14,-6,77
9715500,12,13,-1,78
9716010,7,52,0,78
9716520,72,94,-3,81
9717030,20,34,5,76
9717540,85,33,-1,77
9718050,33,53,-3,80
9718560,83,95,2,78
9719070,23,74,-2,80
9719580,24,84,3,77
9720090,89,24,2,75
9720600,19,44,0,75
9721110,84,86,-4,79
9721620,10,26,5,74
9722130,75,65,-6,80
9722640,1,47,5,75
9723150,66,89,-8,83
9723660,14,29,1,82
9724170,9,68,7,75
9724680,17,8,-2,77
9725190,101,33,3,74
9725700,31,53,-2,76
9726210,96,52,-1,77
9726720,44,72,-3,80
9727230,21,12,-4,84
9727740,3,35,9,75
9728250,68,77,-12,87
9728760,96,56,13,74
9729270,44,38,-7,81
9729780,72,53,0,81
9730290,87,35,15,66
9730800,35,55,-12,78
9731310,77,97,-5,83
9731820,25,76,6,77
9732330,52,86,-2,79
9732840,79,26,1,78
9733350,9,46,0,78
9733860,21,88,1,77
9734370,86,61,-3,80
9734880,27,67,4,76
9735390,92,7,-8,84
9735900,74,19,5,79
9736410,56,36,-2,81
9736920,84,18,3,78
9737430,66,35,-2,80
9737940,7,17,3,77
9738450,2,56,3,74
9738960,29,98,-10,84
9739470,56,72,6,78
9739980,4,51,4,74
9740490,69,93,-9,83
9741000,17,72,7,76
9741510,82,46,1,75
9742020,30,28,-5,80
9742530,12,2,-2,82
9743040,7,25,0,82
9743550,10,26,7,75
9744060,5,25,-2,77
9744570,70,35,-6,83
9745080,18,17,5,78
9745590,68,56,-7,85
9746100,96,38,10,75
9746610,26,58,-2,77
9747120,91,0,-2,79
9747630,73,12,-7,86
9748140,55,29,1,85
9748650,3,28,11,74
9749160,68,38,-8,82
9749670,16,20,-2,84
9750180,11,59,17,67
9750690,76,101,-17,84
9751200,1,80,6,78
9751710,28,29,-3,81
9752220,10,3,3,78
9752730,5,52,5,73
9753240,70,94,-6,79
9753750,18,73,5,74
9754260,83,47,2,72
9754770,31,29,-6,78
9755280,13,3,-5,83
9755790,6,28,8,75
9756300,71,38,-8,83
9756810,19,20,7,76
9757320,84,59,-2,78
9757830,66,41,-9,87
9758340,7,23,8,79
9758850,72,24,-3,82
9759360,54,53,-5,87
9759870,82,93,11,76
9760380,8,72,-4,80
9760890,35,21,0,80
9761400,85,97,-1,81
9761910,11,76,6,75
9762420,38,25,-9,84
9762930,88,101,-5,89
9763440,14,80,11,78
9763950,96,29,1,77
9764460,26,49,3,74
9764970,85,75,-11,85
9765480,67,89,1,84
9765990,15,68,7,77
9766500,80,42,2,75
9767010,28,24,-1,76
9767520,10,100,-5,81
9768030,37,49,3,78
9768540,19,28,5,73
9769050,84,27,-8,81
9769560,14,47,6,75
9770070,79,84,-2,77
9770580,5,22,-1,78
9771090,8,15,1,77
9771600,3,54,4,73
9772110,77,96,-8,81
9772620,3,75,3,78
9773130,30,24,4,74
9773640,96,100,-10,84
9774150,22,38,8,76
9774660,87,37,-2,78
9775170,35,57,3,75
9775680,17,83,1,74
9776190,44,32,-5,79
9776700,26,6,-5,84
9777210,8,5,8,76
9777720,3,54,-2,78
9778230,77,3,-5,83
9778740,59,15,1,82
9779250,41,32,1,81
9779760,69,6,-3,84
9780270,51,18,2,82
9780780,33,17,-6,88
9781290,15,16,8,80
9781800,75,55,-6,86
9782310,57,37,4,82
9782820,39,19,2,80
9783330,21,18,1,79
9783840,3,57,7,72
9784350,30,99,-3,75
9784860,57,73,-10,85
9785370,84,52,4,81
9785880,66,34,-4,85
9786390,7,16,12,73
9786900,2,55,-4,77
9787410,29,4,-5,82
9787920,11,29,7,75
9788430,76,22,1,74
9788940,58,42,-3,77
9789450,40,24,-4,81
9789960,22,23,7,74
9790470,4,62,-1,75
9790980,31,11,-2,77
9791490,13,10,-1,78
9792000,8,39,-1,79
9792510,20,57,2,77
9793020,47,75,-4,81
9793530,74,54,-5,86
9794040,56,36,0,86
9794550,9,18,5,81
9795060,4,57,5,76
9795570,31,99,-2,78
9796080,61,7,-3,81
9796590,43,24,-9,90
9797100,25,91,17,73
9797610,52,65,-9,82
9798120,34,44,-2,84
9798630,84,23,16,68
9799140,58,43,-10,78
9799650,40,25,-10,88
9800160,22,24,13,75
9800670,4,63,0,75
9801180,31,3,-2,77
9801690,13,28,3,74
9802200,8,21,-5,79
9802710,3,60,11,68
9803220,30,0,-8,76
9803730,12,58,1,75
9804240,24,76,0,75
9804750,51,50,-6,81
9805260,33,29,4,77
9805770,15,3,-5,82
9806280,8,28,5,77
9806790,20,46,-2,79
9807300,85,64,-4,83
9807810,67,46,-5,88
9808320,8,28,11,77
9808830,20,46,-4,81
9809340,32,64,1,80
9809850,59,90,-4,84
9810360,86,69,3,81
9810870,68,51,0,81
9811380,50,33,-2,83
9811890,93,15,3,80
9812400,75,32,2,78
9812910,57,52,-6,84
9813420,39,34,6,78
9813930,21,16,5,73
9814440,3,92,-4,77
9814950,30,32,1,76
9815460,12,11,-2,78
9815970,7,60,-1,79
9816480,34,78,-3,82
9816990,61,96,5,77
9817500,88,75,-7,84
9818010,70,57,-2,86
9818520,52,39,-6,92
9819030,34,21,11,81
9819540,16,97,4,77
9820050,43,46,1,76
9820560,25,25,-6,82
9821070,7,101,2,80
9821580,34,41,5,75
9822090,16,20,-7,82
9822600,81,59,-1,83
9823110,63,41,0,83
9823620,4,23,5,78
9824130,16,41,-2,80
9824640,28,59,3,77
9825150,55,101,-6,83
9825660,82,41,6,77
9826170,64,61,-7,84
9826680,92,43,6,78
9827190,74,63,-7,85
9827700,0,45,13,72
9828210,96,63,-6,78
9828720,78,45,-1,79
9829230,19,27,-2,81
9829740,84,6,2,79
9830250,66,72,-6,85
9830760,94,51,9,76
9831270,76,71,-10,86
9831780,2,53,2,84
9832290,29,95,6,78
9832800,56,3,2,76
9833310,38,15,-3,79
9833820,20,14,-2,81
9834330,2,53,4,77
9834840,29,95,-3,80
9835350,56,3,2,78
9835860,38,15,-1,79
9836370,20,14,1,78
9836880,2,37,3,75
9837390,14,55,-4,79
9837900,26,73,3,76
9838410,53,91,-1,77
9838920,80,70,-2,79
9839430,62,52,-10,89
9839940,90,34,13,76
9840450,72,54,-4,80
9840960,54,36,-3,83
9841470,36,18,-3,86
9841980,18,17,12,74
9842490,0,56,-7,81
9843000,27,98,4,77
9843510,54,47,-3,80
9844020,36,29,3,77
9844530,18,3,1,76
9845040,0,26,-1,77
9845550,48,36,-8,85
9846060,30,18,8,77
9846570,12,41,0,77
9847080,24,59,3,74
9847590,51,77,-1,75
9848100,33,56,-4,79
9848610,67,35,-2,81
9849120,8,55,10,71
9849630,35,97,-11,82
9850140,62,5,3,79
9850650,44,17,-6,85
9851160,26,16,3,82
9851670,8,39,6,76
9852180,20,57,0,76
9852690,19,75,0,76
9853200,46,15,-11,87
9853710,28,47,7,80
9854220,62,26,1,79
9854730,44,46,0,79
9855240,26,25,-4,83
9855750,8,101,-2,85
9856260,35,41,9,76
9856770,17,20,-4,80
9857280,101,59,7,73
9857790,83,79,-5,78
9858300,9,61,3,75
9858810,36,1,-10,85
9859320,18,30,8,77
9859830,13,23,7,70
9860340,8,24,-9,79
9860850,3,61,3,76
9861360,30,1,2,74
9861870,12,26,0,74
9862380,7,65,-1,75
9862890,34,5,-6,81
9863400,16,30,5,76
9863910,11,23,-6,82
9864420,6,62,6,76
9864930,33,2,-6,82
9865440,15,27,2,80
9865950,10,66,5,75
9866460,37,6,-8,83
9866970,19,25,7,76
9867480,18,64,2,74
9867990,45,101,-12,86
9868500,72,9,9,77
9869010,54,26,-8,85
9869520,36,25,2,83
9870030,18,64,11,72
9870540,17,101,-13,85
9871050,44,65,13,72
9871560,71,44,-7,79
9872070,53,26,-3,82
9872580,96,25,-4,86
9873090,78,45,9,77
9873600,19,65,5,72
9874110,46,0,-7,79
9874620,28,29,9,70
9875130,10,76,-11,81
9875640,37,25,-1,82
9876150,19,101,-1,83
9876660,46,50,-3,86
9877170,28,29,8,78
9877680,10,76,6,72
9878190,37,16,-13,85
9878700,19,15,12,73
9879210,14,54,-3,76
9879720,26,72,-1,77
9880230,53,65,-8,85
9880740,35,44,10,75
9881250,17,23,-4,79
9881760,16,62,8,71
9882270,15,99,-9,80
9882780,42,63,2,78
9883290,24,42,5,73
9883800,58,68,-7,80
9884310,86,47,5,75
9884820,68,67,-3,78
9885330,96,32,5,73
9885840,26,52,-5,78
9886350,19,45,1,77
9886860,31,63,-1,78
9887370,58,42,-8,86
9887880,86,24,5,81
9888390,68,44,-10,91
9888900,9,26,18,73
9889410,4,19,-5,78
9889920,15,43,0,78
9890430,27,61,8,70
9890940,54,54,-14,84
9891450,82,19,8,76
9891960,64,39,-7,83
9892470,5,4,-1,84
9892980,0,53,8,76
9893490,27,63,-1,77
9894000,54,56,-8,85
9894510,82,35,7,78
9895020,64,55,-8,86
9895530,92,20,9,77
9896040,74,40,-6,83
9896550,56,60,3,80
9897060,84,39,4,76
9897570,32,59,-6,82
9898080,66,85,-1,83
9898590,94,64,6,77
9899100,9,84,-9,86
9899610,36,33,4,82
9900120,18,72,5,77
9900630,45,7,-4,81
9901140,27,26,1,80
9901650,9,65,1,79
9902160,36,14,-4,83
9902670,18,13,-1,84
9903180,13,52,17,67
9903690,25,89,-6,73
9904200,52,38,-10,83
9904710,80,77,3,80
9905220,6,42,6,74
9905730,18,84,-1,75
9906240,45,33,-3,78
9906750,27,72,-4,82
9907260,54,82,2,80
9907770,81,61,-1,81
9908280,63,26,-3,84
9908790,4,46,8,76
9909300,16,66,7,69
9909810,43,1,-10,79
9910320,25,30,6,73
9910830,7,77,-4,77
9911340,34,57,-1,78
9911850,74,36,-4,82
9912360,56,56,3,79
9912870,84,35,4,75
9913380,66,55,-16,91
9913890,94,37,18,73
9914400,76,57,-14,87
9914910,2,39,10,77
9915420,14,59,0,77
9915930,79,96,-4,81
9916440,5,75,4,77
9916950,32,24,-1,78
9917460,14,63,12,66
9917970,54,12,-17,83
9918480,36,29,4,79
9918990,18,3,-1,80
9919500,11,26,3,77
9920010,6,65,-3,80
9920520,33,85,-4,84
9921030,60,22,10,74
9921540,42,63,-5,79
9922050,24,42,1,78
9922560,58,81,-8,86
9923070,86,60,4,82
9923580,1,66,7,75
9924090,28,36,-3,78
9924600,10,75,5,73
9925110,37,24,-3,76
9925620,19,63,1,75
9926130,31,100,-8,83
9926640,58,37,-1,84
9927150,101,40,10,74
9927660,31,60,-7,81
9928170,58,99,4,77
9928680,85,59,-3,80
9929190,67,65,-2,82
9929700,95,30,6,76
9930210,77,71,-12,88
9930720,3,36,11,77
9931230,15,87,0,77
9931740,42,36,-6,83
9932250,24,75,8,75
9932760,51,10,-8,83
9933270,33,27,3,80
9933780,15,66,7,73
9934290,42,1,-5,78
9934800,24,30,-1,79
9935310,6,69,-1,80
9935820,33,18,6,74
9936330,15,17,-7,81
9936840,69,56,-3,84
9937350,10,38,11,73
9937860,22,75,1,72
9938370,49,10,-6,78
9938880,31,27,-2,80
9939390,13,66,10,70
9939900,40,15,-8,78
9940410,22,14,2,76
9940920,4,37,3,73
9941430,16,55,-7,80
9941940,28,73,9,71
9942450,55,8,-12,83
9942960,37,25,6,77
9943470,19,16,-6,83
9943980,1,55,12,71
9944490,28,65,-3,74
9945000,55,2,-10,84
9945510,37,14,6,78
9946020,19,13,-4,82
9946530,14,52,6,76
9947040,26,70,-5,81
9947550,53,88,1,80
9948060,80,67,1,79
9948570,62,49,-9,88
9949080,90,31,16,72
9949590,20,51,-3,75
9950100,84,69,-4,79
9950610,66,51,-3,82
9951120,7,33,-2,84
9951630,19,51,5,79
9952140,31,69,-3,82
9952650,58,95,4,78
9953160,85,74,-6,84
9953670,67,39,1,83
9954180,8,42,6,77
9954690,20,60,-2,79
9955200,47,78,0,79
9955710,74,15,-1,80
9956220,56,32,-5,85
9956730,99,35,7,78
9957240,29,55,-1,79
9957750,63,94,3,76
9958260,90,73,-6,82
9958770,72,55,-5,87
9959280,13,37,13,74
9959790,25,74,0,74
9960300,52,84,-7,81
9960810,79,63,-6,87
9961320,20,45,16,71
9961830,84,71,-12,83
9962340,40,53,3,80
9962850,22,32,11,69
9963360,4,71,-8,77
9963870,31,81,-8,85
9964380,58,91,4,81
9964890,85,70,-3,84
9965400,67,52,-3,87
9965910,8,99,3,84
9966420,35,63,17,67
9966930,62,42,-16,83
9967440,3,24,6,77
9967950,15,17,1,76
9968460,10,56,-2,78
9968970,22,49,2,76
9969480,86,42,-1,77
9969990,14,62,9,68
9970500,41,99,-13,81
9971010,68,7,3,78
9971520,50,19,-11,89
9972030,93,51,15,74
9972540,75,71,-9,83
9973050,1,53,9,74
9973560,28,73,-2,76
9974070,55,66,-3,79
9974580,37,45,-1,80
9975090,19,24,5,75
9975600,61,63,-4,79
9976110,89,42,9,70
9976620,9,62,1,69
9977130,36,55,-11,80
9977640,18,81,5,75
9978150,45,16,-11,86
9978660,27,15,13,73
9979170,9,14,-12,85
9979680,4,53,6,79
9980190,78,73,0,79
9980700,60,55,-4,83
9981210,88,37,5,78
9981720,8,57,3,75
9982230,82,77,-6,81
9982740,64,59,-3,84
9983250,92,38,7,77
9983760,12,58,2,75
9984270,24,31,-7,82
9984780,6,70,5,77
9985290,33,80,-1,78
9985800,60,53,-8,86
9986310,88,35,6,80
9986820,70,55,-5,85
9987330,98,37,12,73
9987840,18,57,-6,79
9988350,92,30,4,75
9988860,22,50,0,75
9989370,86,43,-3,78
9989880,6,49,8,70
9990390,80,22,-4,74
9990900,62,42,-6,80
9991410,3,24,0,80
9991920,15,34,1,79
9992430,27,33,3,76
9992940,9,72,1,75
9993450,36,82,-3,78
9993960,63,55,-6,84
9994470,91,37,15,69
9994980,11,57,-4,73
9995490,85,30,-4,77
9996000,15,50,3,74
9996510,27,68,-3,77
9997020,54,61,-2,79
9997530,82,84,-7,86
9998040,8,66,15,71
9998550,35,68,-9,80
9999060,62,94,-2,82
9999570,89,15,2,80
10000080,71,32,1,79
10000590,12,52,4,75
10001100,24,70,-2,77
10001610,51,43,3,74
10002120,79,25,-2,76
10002630,61,45,-13,89
10003140,89,27,11,78
10003650,71,47,-13,91
10004160,12,29,19,72
10004670,24,68,-7,79
10005180,51,61,-1,80
10005690,33,84,-1,81
10006200,60,94,-3,84
10006710,87,15,6,78
10007220,19,35,-2,80
10007730,14,74,7,73
10008240,41,48,-5,78
10008750,83,27,6,72
10009260,65,47,-13,85
10009770,93,29,4,81
10010280,27,49,7,74
10010790,31,75,-4,78
10011300,58,48,-4,82
10011810,86,30,4,78
10012320,6,50,3,75
10012830,18,23,0,75
10013340,83,62,-9,84
10013850,24,44,6,78
10014360,90,83,-8,86
10014870,16,65,7,79
10015380,85,38,4,75
10015890,5,58,0,75
10016400,32,78,-3,78
10016910,59,39,-6,84
10017420,0,21,1,83
10017930,28,31,10,73
10018440,10,70,-2,75
10018950,37,63,-3,78
10019460,71,89,-1,79
10019970,99,10,-4,83
10020480,31,22,5,78
10020990,59,98,-3,81
10021500,86,22,6,75
10022010,18,94,-1,76
10022520,45,68,-5,81
10023030,79,47,-3,84
10023540,20,67,10,74
10024050,94,49,-2,76
10024560,14,69,1,75
10025070,41,42,1,74
10025580,50,24,-9,83
10026090,93,23,8,75
10026600,75,43,-6,81
10027110,16,63,7,74
10027620,90,37,1,73
10028130,10,57,-1,74
10028640,84,30,7,67
10029150,4,50,-5,72
10029660,78,70,-4,76
10030170,4,11,-4,80
10030680,32,60,-2,82
10031190,66,86,1,81
10031700,94,7,-7,88
10032210,26,19,12,76
10032720,80,95,-3,79
10033230,6,16,-6,85
10033740,34,55,11,74
10034250,68,81,-11,85
10034760,96,2,5,80
10035270,28,14,1,79
10035780,10,13,3,76
10036290,5,52,2,74
10036800,79,72,-12,86
10037310,5,54,11,75
10037820,79,74,-11,86
10038330,5,56,18,68
10038840,32,76,-10,78
10039350,66,0,-2,80
10039860,100,12,-8,88
10040370,32,24,7,81
10040880,60,100,-3,84
10041390,94,24,6,78
10041900,76,44,0,78
10042410,17,64,2,76
10042920,29,46,-5,81
10043430,63,72,3,78
10043940,91,95,-2,80
10044450,17,77,4,76
10044960,44,51,-8,84
10045470,26,33,8,76
10045980,8,12,1,75
10046490,3,51,0,75
10047000,77,71,-4,79
10047510,3,53,10,69
10048020,77,2,-11,80
10048530,9,14,-5,85
10049040,4,53,10,75
10049550,78,73,-4,79
10050060,4,11,-2,81
10050570,32,60,4,77
10051080,66,86,-6,83
10051590,94,7,1,82
10052100,26,19,10,72
10052610,54,95,-7,79
10053120,88,19,-2,81
10053630,20,39,-1,82
10054140,24,78,1,81
10054650,51,15,1,80
10055160,33,34,1,79
10055670,15,74,9,70
10056180,55,23,-10,80
10056690,98,43,9,71
10057200,18,63,-6,77
10057710,92,37,-2,79
10058220,12,57,6,73
10058730,86,30,-4,77
10059240,68,50,-5,82
10059750,96,32,6,76
10060260,78,52,-1,77
10060770,4,34,-2,79
10061280,16,85,5,74
10061790,43,34,-4,78
10062300,71,8,-4,82
10062810,3,20,6,76
10063320,31,86,-5,81
10063830,71,47,-3,84
10064340,12,9,3,81
10064850,7,85,2,79
10065360,34,34,-5,84
10065870,62,8,0,84
10066380,96,20,3,81
10066890,78,37,0,81
10067400,100,57,3,78
10067910,7,77,0,78
10068420,34,26,-4,82
10068930,88,0,-1,83
10069440,20,12,6,77
10069950,2,88,-4,81
10070460,29,52,0,81
10070970,63,78,-5,86
10071480,91,57,5,81
10071990,100,77,-2,83
10072500,7,59,6,77
10073010,71,8,-4,81
10073520,3,20,-5,86
10074030,31,44,13,73
10074540,65,23,-8,81
10075050,6,43,7,74
10075560,68,63,-8,82
10076070,96,45,8,74
10076580,16,65,2,72
10077090,80,14,-12,84
10077600,12,26,11,73
10078110,7,25,-4,77
10078620,19,50,4,73
10079130,83,11,-8,81
10079640,15,23,6,75
10080150,72,48,-7,82
10080660,100,30,6,76
10081170,20,50,2,74
10081680,84,23,-3,77
10082190,66,43,-10,87
10082700,7,25,14,73
10083210,19,50,-5,78
10083720,83,23,2,76
10084230,65,43,-12,88
10084740,6,25,10,78
10085250,34,35,-2,80
10085760,16,9,3,77
10086270,11,85,0,77
10086780,51,34,-1,78
10087290,79,8,-3,81
10087800,11,20,2,79
10088310,6,59,1,78
10088820,46,8,4,74
10089330,80,27,-2,76
10089840,78,47,-2,78
10090350,19,29,0,78
10090860,84,54,-2,80
10091370,101,36,7,73
10091880,21,56,-7,80
10092390,85,29,6,74
10092900,5,49,-5,79
10093410,69,100,-4,83
10093920,23,79,2,81
10094430,24,28,1,80
10094940,6,53,5,75
10095450,70,2,-13,88
10095960,2,14,11,77
10096470,30,63,0,77
10096980,94,89,-7,84
10097490,20,27,8,76
10098000,24,52,-6,82
10098510,88,25,8,74
10099020,8,45,-2,76
10099530,20,18,1,75
10100040,74,94,-5,80
10100550,0,73,-2,82
10101060,27,37,6,76
10101570,55,11,-6,82
10102080,37,30,5,77
10102590,65,4,-6,83
10103100,99,16,3,80
10103610,81,28,-2,82
10104120,1,48,4,78
10104630,75,99,-7,85
10105140,1,78,2,83
10105650,75,27,3,80
10106160,16,47,1,79
10106670,80,20,0,79
10107180,12,40,5,74
10107690,76,13,-12,86
10108200,8,25,6,80
10108710,3,24,7,73
10109220,15,90,-8,81
10109730,55,39,0,81
10110240,83,21,2,79
10110750,3,41,9,70
10111260,67,68,-14,84
10111770,95,6,4,80
10112280,27,18,3,77
10112790,9,94,-3,80
10113300,49,58,4,76
10113810,77,81,-6,82
10114320,3,19,-3,85
10114830,31,12,2,83
10115340,13,37,6,77
10115850,77,30,-2,79
10116360,99,50,8,71
10116870,19,70,-2,73
10117380,20,79,-8,81
10117890,60,28,3,78
10118400,82,27,2,76
10118910,2,47,0,76
10119420,14,98,-1,77
10119930,54,47,-3,80
10120440,82,87,-6,86
10120950,8,52,15,71
10121460,72,25,-8,79
10121970,94,45,11,68
10122480,14,65,-7,75
10122990,54,14,-7,82
10123500,36,33,-2,84
10124010,64,7,3,81
10124520,98,19,7,74
10125030,80,31,1,73
10125540,0,51,1,72
10126050,74,0,-13,85
10126560,6,12,9,76
10127070,34,37,-6,82
10127580,16,11,2,80
10128090,17,87,8,72
10128600,57,26,-10,82
10129110,79,25,8,74
10129620,101,45,-3,77
10130130,21,65,3,74
10130640,85,14,-8,82
10131150,17,26,6,76
10131660,82,51,-7,83
10132170,34,71,3,80
10132680,98,97,-3,83
10133190,24,35,7,76
10133700,28,34,-2,78
10134210,10,13,-2,80
10134720,5,38,1,79
10135230,17,89,1,78
10135740,57,38,-5,83
10136250,85,12,5,78
10136760,17,39,4,74
10137270,81,32,3,71
10137780,1,52,-3,74
10138290,65,1,-11,85
10138800,99,13,9,76
10139310,81,25,0,76
10139820,1,45,0,76
10140330,75,96,-18,94
10140840,1,17,14,80
10141350,29,43,7,73
10141860,11,69,5,68
10142370,51,18,-6,74
10142880,33,30,-9,83
10143390,26,4,-1,84
10143900,8,29,10,74
10144410,20,54,-1,75
10144920,84,27,3,72
10145430,4,47,-3,75
10145940,68,98,-9,84
10146450,96,77,3,81
10146960,48,42,-1,82
10147470,76,7,-3,85
10147980,8,19,6,79
10148490,3,44,8,71
10149000,67,95,-13,84
10149510,95,16,3,81
10150020,77,28,3,78
10150530,99,48,0,78
10151040,19,68,6,72
10151550,59,17,-10,82
10152060,81,36,10,72
10152570,1,56,-4,76
10153080,41,5,-3,79
10153590,23,24,-3,82
10154100,88,100,-3,85
10154610,14,38,11,74
10155120,78,31,-2,76
10155630,100,51,4,72
10156140,20,71,2,70
10156650,60,20,-14,84
10157160,1,82,7,77
10157670,28,31,-1,78
10158180,10,5,-2,80
10158690,5,54,1,79
10159200,45,3,-1,80
10159710,27,22,6,74
10160220,81,98,-4,78
10160730,7,19,-10,88
10161240,35,44,9,79
10161750,63,23,-5,84
10162260,4,35,7,77
10162770,16,8,1,76
10163280,17,33,4,72
10163790,21,26,-9,81
10164300,25,51,3,78
10164810,89,77,-4,82
10165320,15,14,-2,84
10165830,19,52,14,70
10166340,20,25,-4,74
10166850,85,50,-7,81
10167360,26,70,3,78
10167870,27,43,-1,79
10168380,4,69,4,75
10168890,44,18,-5,80
10169400,26,94,6,74
10169910,66,43,-6,80
10170420,7,8,-6,86
10170930,2,57,8,78
10171440,42,6,-4,82
10171950,24,31,5,77
10172460,89,57,-7,84
10172970,4,22,2,82
10173480,32,15,0,82
10173990,14,91,2,80
10174500,54,40,0,80
10175010,82,22,-2,82
10175520,2,42,7,75
10176030,14,93,-2,77
10176540,54,42,2,75
10177050,82,24,-2,77
10177560,2,44,1,76
10178070,14,17,-8,84
10178580,79,93,8,76
10179090,5,14,-1,77
10179600,33,63,-9,86
10180110,34,89,5,81
10180620,35,38,6,75
10181130,17,78,-2,77
10181640,57,27,-8,85
10182150,100,39,8,77
10182660,20,59,1,76
10183170,84,32,-3,79
10183680,4,52,9,70
10184190,44,1,-11,81
10184700,26,26,6,75
10185210,80,0,-12,87
10185720,62,12,6,81
10186230,44,24,0,81
10186740,84,100,3,78
10187250,10,21,0,78
10187760,5,46,5,73
10188270,45,19,-5,78
10188780,67,44,-3,81
10189290,8,24,4,77
10189800,3,17,-6,83
10190310,68,66,1,82
10190820,96,4,-3,85
10191330,78,16,7,78
10191840,30,9,-8,86
10192350,12,34,11,75
10192860,24,7,2,73
10193370,6,32,0,73
10193880,18,5,-5,78
10194390,19,30,-4,82
10194900,84,55,5,77
10195410,101,37,3,74
10195920,21,57,-4,78
10196430,22,30,7,71
10196940,87,56,-6,77
10197450,28,38,10,67
10197960,21,64,-11,78
10198470,22,37,0,78
10198980,26,36,6,72
10199490,8,62,-1,73
10200000,48,11,-10,83
10200510,30,23,2,81
10201020,84,99,1,80
10201530,10,78,11,69
10202040,50,27,-13,82
10202550,90,1,-2,84
10203060,72,13,1,83
10203570,54,25,1,82
10204080,36,37,-2,84
10204590,53,77,-1,85
10205100,81,56,11,74
10205610,98,38,-4,78
10206120,18,58,9,69
10206630,58,7,-16,85
10207140,40,19,-2,87
10207650,22,44,19,68
10208160,101,70,-13,81
10208670,8,52,6,75
10209180,20,25,-2,77
10209690,85,101,-6,83
10210200,11,80,4,79
10210710,51,29,-3,82
10211220,3,41,9,73
10211730,15,14,-3,76
10212240,80,90,-1,77
10212750,6,69,-2,79
10213260,46,18,-4,83
10213770,28,30,4,79
10214280,10,4,1,78
10214790,3,53,6,72
10215300,43,26,-3,75
10215810,60,0,-6,81
10216320,42,12,-2,83
10216830,24,37,7,76
10217340,17,36,5,71
10217850,21,29,-13,84
10218360,25,54,6,78
10218870,18,27,-3,81
10219380,83,52,6,75
10219890,100,72,-7,82
10220400,52,54,-4,86
10220910,4,94,4,82
10221420,44,43,7,75
10221930,26,83,-3,78
10222440,27,32,-2,80
10222950,9,6,0,80
10223460,4,55,3,77
10223970,44,4,-4,81
10224480,26,16,0,81
10224990,8,92,4,77
10225500,48,41,-2,79
10226010,25,81,5,74
10226520,26,30,-2,76
10227030,8,70,4,72
10227540,48,19,-8,80
10228050,70,31,0,80
10228560,11,51,4,76
10229070,23,24,-9,85
10229580,88,49,7,78
10230090,40,69,-8,86
10230600,74,95,7,79
10231110,0,74,2,77
10231620,27,23,3,74
10232130,87,99,-10,84
10232640,13,78,14,70
10233150,53,27,-9,79
10233660,93,39,1,78
10234170,13,59,5,73
10234680,78,32,-2,75
10235190,100,52,-6,81
10235700,20,72,7,74
10236210,1,21,-2,76
10236720,66,14,-10,86
10237230,67,26,8,78
10237740,89,46,7,71
10238250,9,9,-12,83
10238760,4,58,11,72
10239270,44,31,-6,78
10239780,72,5,-4,82
10240290,4,17,0,82
10240800,32,10,6,76
10241310,14,35,1,75
10241820,79,28,3,72
10242330,101,48,-6,78
10242840,21,68,6,72
10243350,61,41,-12,84
10243860,2,23,10,74
10244370,14,16,-9,83
10244880,9,41,1,82
10245390,21,14,7,75
10245900,22,90,-2,77
10246410,62,39,-6,83
10246920,3,51,17,66
10247430,43,24,-15,81
10247940,83,36,9,72
10248450,3,56,-3,75
10248960,43,29,-13,88
10249470,71,3,5,83
10249980,3,15,5,78
10250490,68,64,-1,79
10251000,96,2,-1,80
10251510,28,14,5,75
10252020,68,39,-6,81
10252530,9,51,6,75
10253040,74,24,-5,80
10253550,26,36,4,76
10254060,91,35,1,75
10254570,11,55,-6,81
10255080,76,28,3,78
10255590,28,48,1,77
10256100,5,74,-2,79
10256610,45,23,1,78
10257120,85,22,-1,79
10257630,17,42,2,77
10258140,12,15,0,77
10258650,77,16,-1,78
10259160,9,28,1,77
10259670,4,21,5,72
10260180,69,14,-7,79
10260690,1,26,4,75
10261200,66,77,-2,77
10261710,100,56,0,77
10262220,20,76,4,73
10262730,21,25,-2,75
10263240,86,50,-3,78
10263750,1,32,1,77
10264260,66,5,-6,83
10264770,100,17,6,77
10265280,15,29,7,70
10265790,80,22,-3,73
10266300,0,42,-1,74
10266810,65,93,-8,82
10267320,66,29,2,80
10267830,7,41,2,78
10268340,72,14,3,75
10268850,4,26,-5,80
10269360,69,101,-4,84
10269870,70,80,2,82
10270380,84,16,-3,85
10270890,16,28,7,78
10271400,11,27,4,74
10271910,6,20,-9,83
10272420,34,21,5,78
10272930,74,20,-8,86
10273440,15,32,9,77
10273950,10,33,0,77
10274460,5,6,-10,87
10274970,0,55,11,76
10275480,74,4,-7,83
10275990,6,16,5,78
10276500,1,17,-3,81
10277010,29,10,7,74
10277520,11,35,0,74
10278030,6,8,-11,85
10278540,1,57,10,75
10279050,75,6,-12,87
10279560,7,18,9,78
10280070,2,19,-1,79
10280580,30,20,4,75
10281090,84,96,-10,85
10281600,10,32,10,75
10282110,5,25,-5,80
10282620,8,18,3,77
10283130,3,19,-1,78
10283640,31,20,-1,79
10284150,71,96,-7,86
10284660,72,32,12,74
10285170,94,35,1,73
10285680,14,55,6,67
10286190,79,28,-6,73
10286700,101,48,0,73
10287210,21,68,0,73
10287720,22,41,1,72
10288230,17,67,-4,76
10288740,18,40,0,76
10289250,82,33,1,75
10289760,2,53,-2,77
10290270,67,2,-5,82
10290780,101,14,-3,85
10291290,83,26,6,79
10291800,24,46,2,77
10292310,17,72,0,77
10292820,18,45,7,70
10293330,82,38,-5,75
10293840,2,41,-3,78
10294350,67,14,-5,83
10294860,8,26,-2,85
10295370,3,27,7,78
10295880,6,0,-5,83
10296390,1,49,11,72
10296900,75,22,-4,76
10297410,16,42,4,72
10297920,81,35,-8,80
10298430,1,55,5,75
10298940,75,4,-8,83
10299450,7,16,0,83
10299960,2,17,5,78
10300470,67,18,4,74
10300980,8,30,-2,76
10301490,3,3,-2,78
10302000,100,52,4,74
10302510,20,72,-5,79
10303020,21,21,1,78
10303530,86,46,1,77
10304040,6,66,6,71
10304550,80,39,-7,78
10305060,0,42,6,72
10305570,65,15,-12,84
10306080,6,27,4,80
10306590,71,0,-4,84
10307100,3,12,0,84
10307610,31,61,10,74
10308120,32,34,-7,81
10308630,49,72,7,74
10309140,83,8,-10,84
10309650,15,20,9,75
10310160,80,21,-4,79
10310670,12,41,-8,87
10311180,7,14,13,74
10311690,2,15,-9,83
10312200,30,16,-3,86
10312710,31,15,8,78
10313220,71,14,0,78
10313730,3,26,6,72
10314240,6,101,-7,79
10314750,46,50,2,77
10315260,80,88,-11,88
10315770,94,11,6,82
10316280,26,23,5,77
10316790,80,24,-1,78
10317300,32,65,3,75
10317810,33,38,-4,79
10318320,50,76,-1,80
10318830,84,0,-2,82
10319340,16,12,5,77
10319850,11,35,3,74
10320360,97,8,-4,78
10320870,29,20,-1,79
10321380,30,11,2,77
10321890,12,10,-2,79
10322400,7,59,9,70
10322910,8,32,-4,74
10323420,20,5,-8,82
10323930,13,28,4,78
10324440,8,27,0,78
10324950,3,0,-11,89
10325460,100,49,8,81
10325970,20,90,5,76
10326480,60,39,-14,90
10326990,1,42,20,70
10327500,66,15,-7,77
10328010,100,27,6,71
10328520,15,68,-3,74
10329030,16,41,-3,77
10329540,80,14,3,74
10330050,12,26,-7,81
10330560,7,52,8,73
10331070,71,25,-2,75
10331580,12,28,-2,77
10332090,7,29,2,75
10332600,71,2,-7,82
10333110,3,14,-1,83
10333620,31,63,5,78
10334130,32,36,6,72
10334640,74,74,-14,86
10335150,88,12,2,84
10335660,20,24,10,74
10336170,85,25,-4,78
10336680,37,66,-2,80
10337190,38,39,0,80
10337700,80,77,-6,86
10338210,94,15,6,80
10338720,26,27,6,74
10339230,43,65,-2,76
10339740,77,91,0,76
10340250,3,27,2,74
10340760,15,0,-3,77
10341270,8,23,-2,79
10341780,3,61,5,74
10342290,67,34,-6,80
10342800,8,37,4,76
10343310,20,10,-8,84
10343820,21,33,7,77
10344330,86,59,-1,78
10344840,1,41,3,75
10345350,66,14,-10,85
10345860,83,31,10,75
10346370,35,72,3,72
10346880,36,45,-2,74
10347390,70,83,-13,87
10347900,84,19,10,77
10348410,101,36,2,75
10348920,53,77,-11,86
10349430,87,13,8,78
10349940,19,30,-1,79
10350450,84,29,1,78
10350960,36,4,-1,79
10351470,94,29,7,72
10351980,46,70,-8,80
10352490,80,43,5,75
10353000,97,46,1,74
10353510,17,87,-4,78
10354020,18,60,4,74
10354530,17,88,-2,76
10355040,18,61,4,72
10355550,19,34,-4,76
10356060,84,33,5,71
10356570,4,74,-6,77
10357080,44,23,-4,81
10357590,84,22,7,74
10358100,16,63,1,73
10358610,17,36,-1,74
10359120,81,9,-4,78
10359630,13,21,-3,81
10360140,12,20,10,71
10360650,77,19,-8,79
10361160,9,36,6,73
10361670,73,9,-10,83
10362180,5,21,5,78
10362690,8,70,6,72
10363200,48,19,-12,84
10363710,91,18,8,76
10364220,6,35,1,75
10364730,18,8,-5,80
10365240,19,31,13,67
10365750,12,30,-15,82
10366260,11,29,8,74
10366770,6,28,-5,79
10367280,18,1,4,75
10367790,11,24,0,75
10368300,6,23,-5,80
10368810,5,98,-2,82
10369320,45,62,-3,85
10369830,46,85,2,83
10370340,47,58,8,75
10370850,81,96,-6,81
10371360,95,17,-3,84
10371870,10,34,8,76
10372380,22,76,-1,77
10372890,23,49,0,77
10373400,87,22,1,76
10373910,19,63,-1,77
10374420,18,36,0,77
10374930,82,23,2,75
10375440,34,64,-7,82
10375950,35,37,9,73
10376460,77,75,-9,82
10376970,91,13,1,81
10377480,23,25,2,79
10377990,65,50,-6,85
10378500,93,32,6,79
10379010,45,73,-1,80
10379520,46,46,3,77
10380030,60,84,-5,82
10380540,94,5,-4,86
10381050,26,17,10,76
10381560,46,40,-4,80
10382070,86,80,-5,85
10382580,100,18,3,82
10383090,15,30,4,78
10383600,14,29,7,71
10384110,13,28,-3,74
10384620,12,27,0,74
10385130,11,26,-2,76
10385640,10,25,-6,82
10386150,9,24,9,73
10386660,8,23,-5,78
10387170,7,22,-3,81
10387680,10,21,2,79
10388190,9,20,0,79
10388700,8,19,-1,80
10389210,7,68,4,76
10389720,47,41,-2,78
10390230,61,81,-3,81
10390740,62,17,-2,83
10391250,63,16,2,81
10391760,64,48,2,79
10392270,92,30,5,74
10392780,44,71,-5,79
10393290,78,44,-3,82
10393800,95,47,10,72
10394310,15,63,-3,75
10394820,16,36,3,72
10395330,80,9,-11,83
10395840,12,21,5,78
10396350,11,20,-8,86
10396860,10,69,9,77
10397370,11,42,3,74
10397880,99,15,-8,82
10398390,31,27,5,77
10398900,85,67,-8,85
10399410,11,49,12,73
10399920,23,22,-8,81
10400430,77,47,-2,83
10400940,91,29,5,78
10401450,43,70,-4,82
10401960,77,43,-1,83
10402470,91,46,6,77
10402980,39,87,-7,84
10403490,53,60,5,79
10404000,67,98,0,79
10404510,95,19,-4,83
10405020,10,36,6,77
10405530,22,9,1,76
10406040,23,32,0,76
10406550,22,31,1,75
10407060,21,30,-1,76
10407570,20,29,4,72
10408080,19,28,4,68
10408590,18,27,-6,74
10409100,19,26,-3,77
10409610,18,25,-1,78
10410120,17,24,2,76
10410630,16,23,1,75
10411140,15,22,-4,79
10411650,14,21,-2,81
10412160,13,20,-1,82
10412670,12,19,7,75
10413180,55,18,-2,77
10413690,56,50,-7,84
10414200,84,90,4,80
10414710,10,26,2,78
10415220,9,25,-8,86
10415730,37,24,3,83
10416240,51,47,5,78
10416750,65,87,-7,85
10417260,93,8,4,81
10417770,25,20,7,74
10418280,85,43,-5,79
10418790,33,84,-5,84
10419300,34,57,3,81
10419810,68,80,-10,91
10420320,82,1,13,78
10420830,14,33,1,77
10421340,13,32,1,76
10421850,77,31,-3,79
10422360,29,72,3,76
10422870,30,45,-4,80
10423380,64,44,2,78
10423890,78,26,0,78
10424400,30,67,-6,84
10424910,31,40,8,76
10425420,30,78,-3,79
10425930,31,51,-7,86
10426440,24,50,12,74
10426950,25,49,2,72
10427460,24,22,-5,77
10427970,78,45,-7,84
10428480,97,40,9,75
10428990,49,81,-6,81
10429500,83,54,0,81
10430010,97,49,8,73
10430520,49,90,-11,84
10431030,50,63,3,81
10431540,64,101,-2,83
10432050,92,74,-4,87
10432560,4,56,13,74
10433070,10,29,-4,78
10433580,9,22,3,75
10434090,8,21,-3,78
10434600,7,20,-4,82
10435110,6,69,13,69
10435620,46,42,-6,75
10436130,74,82,-11,86
10436640,0,3,5,81
10437150,28,52,1,80
10437660,27,51,5,75
10438170,26,50,-4,79
10438680,25,76,4,75
10439190,26,49,0,75
10439700,25,75,4,71
10440210,26,48,-6,77
10440720,90,47,-3,80
10441230,5,88,1,79
10441740,32,52,5,74
10442250,66,78,-4,78
10442760,94,101,-9,87
10443270,20,37,15,72
10443780,19,36,-5,77
10444290,83,35,2,75
10444800,9,76,-1,76
10445310,49,25,-5,81
10445820,6,24,0,81
10446330,5,73,3,78
10446840,45,46,-6,84
10447350,59,69,9,75
10447860,73,5,-6,81
10448370,74,17,4,77
10448880,91,34,-5,82
10449390,43,75,1,81
10449900,42,48,5,76
10450410,56,86,-10,86
10450920,84,7,8,78
10451430,16,19,-6,84
10451940,15,20,10,74
10452450,14,58,-4,78
10452960,13,76,2,76
10453470,14,49,0,76
10453980,13,67,3,73
10454490,14,40,-7,80
10455000,13,39,2,78
10455510,61,57,-12,90
10456020,75,80,9,81
10456530,89,16,5,76
10457040,4,33,0,76
10457550,15,6,-7,83
10458060,16,29,7,76
10458570,77,28,0,76
10459080,29,69,0,76
10459590,30,42,-4,80
10460100,64,80,-7,87
10460610,78,1,1,86
10461120,79,13,-1,87
10461630,80,45,9,78
10462140,50,40,-4,82
10462650,78,63,-1,83
10463160,4,28,10,73
10463670,32,94,-3,76
10464180,33,67,-3,79
10464690,34,40,-2,81
10465200,68,78,-1,82
10465710,82,14,3,79
10466220,99,31,-4,83
10466730,51,72,-2,85
10467240,85,95,-1,86
10467750,99,31,9,77
10468260,51,72,-3,80
10468770,52,95,1,79
10469280,88,16,-5,84
10469790,3,33,8,76
10470300,14,6,-12,88
10470810,15,55,9,79
10471320,14,73,8,71
10471830,15,46,-4,75
10472340,14,64,2,73
10472850,15,37,2,71
10473360,79,30,-6,77
10473870,31,71,-5,82
10474380,32,44,2,80
10474890,66,82,-2,82
10475400,80,3,1,81
10475910,81,15,-2,83
10476420,98,27,9,74
10476930,13,68,0,74
10477440,14,17,-5,79
10477950,13,66,7,72
10478460,14,39,-6,78
10478970,78,32,-3,81
10479480,97,73,-2,83
10479990,12,38,5,78
10480500,11,56,5,73
10481010,12,74,-5,78
10481520,52,23,-3,81
10482030,95,22,1,80
10482540,10,63,5,75
10483050,74,36,-5,80
10483560,93,31,4,76
10484070,45,72,-6,82
10484580,79,95,3,79
10485090,93,16,3,76
10485600,8,48,1,75
10486110,72,21,-5,80
10486620,89,62,2,78
10487130,4,57,2,76
10487640,44,30,-1,77
10488150,61,12,-9,86
10488660,78,44,13,73
10489170,95,39,1,72
10489680,47,80,-13,85
10490190,81,1,6,79
10490700,79,13,-4,83
10491210,96,25,10,73
10491720,11,66,-7,80
10492230,51,39,-2,82
10492740,65,21,4,78
10493250,82,62,-6,84
10493760,99,44,10,74
10494270,51,85,-10,84
10494780,57,6,2,82
10495290,74,18,1,81
10495800,91,13,3,78
10496310,6,25,4,74
10496820,9,35,-3,77
10497330,8,86,3,74
10497840,35,50,-4,78
10498350,69,88,-3,81
10498860,1,9,6,75
10499370,29,58,-4,79
10499880,30,32,3,76
10500390,72,79,-8,84
10500900,86,15,3,81
10501410,1,27,-2,83
10501920,49,93,-1,84
10502430,50,14,4,80
10502940,67,46,-4,84
10503450,70,28,7,77
10503960,22,23,-1,78
10504470,39,82,-5,83
10504980,79,55,4,79
10505490,96,37,6,73
10506000,48,78,-8,81
10506510,82,101,-1,82
10507020,14,22,6,76
10507530,17,60,4,72
10508040,16,78,-2,74
10508550,56,27,-7,81
10509060,75,22,4,77
10509570,92,63,-4,81
10510080,7,58,4,77
10510590,42,31,-2,79
10511100,59,13,-4,83
10511610,76,45,2,81
10512120,95,40,3,78
10512630,47,35,-7,85
10513140,64,17,3,82
10513650,81,12,0,82
10514160,13,24,2,80
10514670,78,83,0,80
10515180,92,19,-3,83
10515690,7,36,5,78
10516200,10,54,2,76
10516710,21,72,3,73
10517220,22,45,-4,77
10517730,2,38,2,75
10518240,50,11,0,75
10518750,67,43,-8,83
10519260,84,25,10,73
10519770,36,66,-9,82
10520280,37,89,1,81
10520790,38,30,5,76
10521300,67,89,-12,88
10521810,101,10,10,78
10522320,53,22,-7,85
10522830,1,17,6,79
10523340,29,66,3,76
10523850,30,39,1,75
10524360,64,77,-11,86
10524870,98,13,3,83
10525380,50,25,4,79
10525890,100,7,-1,80
10526400,98,19,-10,90
10526910,13,36,13,77
10527420,16,54,-1,78
10527930,19,72,3,75
10528440,20,90,-12,87
10528950,60,63,2,85
10529460,74,101,5,80
10529970,6,22,4,76
10530480,9,71,-1,77
10530990,49,44,-4,81
10531500,63,71,-1,82
10532010,77,1,-3,85
10532520,75,13,5,80
10533030,92,30,2,78
10533540,44,25,-4,82
10534050,84,96,4,78
10534560,16,17,-3,81
10535070,17,66,10,71
10535580,18,84,-4,75
10536090,58,48,-11,86
10536600,72,30,10,76
10537110,91,25,2,74
10537620,43,66,-6,80
10538130,77,89,-7,87
10538640,91,25,17,70
10539150,43,20,-13,83
10539660,83,91,2,81
10540170,15,27,11,70
10540680,8,86,-9,79
10541190,48,50,0,79
10541700,82,88,0,79
10542210,96,24,2,77
10542720,11,56,0,77
10543230,22,74,2,75
10543740,23,92,2,73
10544250,63,57,-11,84
10544760,77,39,11,73
10545270,99,34,-1,74
10545780,51,75,-8,82
10546290,85,98,-9,91
10546800,17,19,13,78
10547310,82,68,3,75
10547820,96,50,0,75
10548330,16,97,-12,87
10548840,56,61,8,79
10549350,90,99,-2,81
10549860,22,35,-1,82
10550370,15,94,5,77
10550880,55,58,-11,88
10551390,89,96,3,85
10551900,1,32,7,78
10552410,49,50,-3,81
10552920,83,88,1,80
10553430,15,24,4,76
10553940,80,83,-5,81
10554450,94,19,2,79
10554960,9,36,4,75
10555470,21,54,-7,82
10555980,33,72,3,79
10556490,67,82,-6,85
10557000,101,3,5,80
10557510,33,15,4,76
10558020,73,38,-4,80
10558530,92,20,8,72
10559040,7,37,-7,79
10559550,19,55,-1,80
10560060,31,73,-1,81
10560570,65,91,-3,84
10561080,99,12,6,78
10561590,31,29,2,76
10562100,65,88,-1,77
10562610,99,9,-3,80
10563120,97,21,-2,82
10563630,12,38,7,75
10564140,24,56,-1,76
10564650,58,74,-7,83
10565160,92,97,-4,87
10565670,24,33,15,72
10566180,58,92,-11,83
10566690,92,33,10,73
10567200,44,93,-3,76
10567710,84,34,5,71
10568220,4,94,-8,79
10568730,31,53,0,79
10569240,65,10,-3,82
10569750,99,27,9,73
10570260,51,44,-3,76
10570770,85,26,-2,78
10571280,37,67,-7,85
10571790,71,8,4,81
10572300,3,20,2,79
10572810,31,69,2,77
10573320,65,26,-3,80
10573830,17,58,5,75
10574340,29,76,-2,77
10574850,30,94,-7,84
10575360,31,2,1,83
10575870,48,27,6,77
10576380,88,98,-2,79
10576890,43,34,5,74
10577400,83,93,-10,84
10577910,9,29,5,79
10578420,21,47,4,75
10578930,22,65,-12,87
10579440,23,83,9,78
10579950,24,101,-2,80
10580460,64,66,-10,90
10580970,92,2,10,80
10581480,74,14,-4,84
10581990,75,31,7,77
10582500,76,91,-4,81
10583010,2,27,6,75
10583520,50,45,-8,83
10584030,84,27,9,74
10584540,36,44,-4,78
10585050,70,1,-6,84
10585560,68,33,5,79
10586070,9,15,-7,86
10586580,37,64,3,83
10587090,71,21,-3,86
10587600,72,38,2,84
10588110,91,20,6,78
10588620,6,37,2,76
10589130,18,55,0,76
10589640,30,73,-4,80
10590150,31,2,1,79
10590660,48,27,3,76
10591170,88,9,-6,82
10591680,20,26,6,76
10592190,13,85,-4,80
10592700,53,50,1,79
10593210,81,88,-5,84
10593720,7,24,4,80
10594230,35,42,4,76
10594740,69,101,-5,81
10595250,1,58,7,74
10595760,28,22,-8,82
10596270,10,98,7,75
10596780,37,62,-6,81
10597290,71,19,6,75
10597800,7,36,0,75
10598310,19,54,-3,78
10598820,31,72,5,73
10599330,32,29,-5,78
10599840,14,88,-2,80
10600350,41,53,-7,87
10600860,75,91,6,81
10601370,1,27,8,73
10601880,49,45,-10,83
10602390,83,27,8,75
10602900,3,44,1,74
10603410,15,62,-1,75
10603920,16,80,2,73
10604430,56,45,-7,80
10604940,84,27,4,76
10605450,4,44,1,75
10605960,16,62,2,73
10606470,17,80,-2,75
10606980,18,35,1,74
10607490,30,28,1,73
10608000,12,87,-1,74
10608510,39,52,1,73
10609020,73,90,-7,80
10609530,101,26,2,78
10610040,21,21,5,73
10610550,3,97,-3,76
10611060,30,2,-1,77
10611570,47,21,-6,83
10612080,69,53,2,81
10612590,97,35,3,78
10613100,17,95,-1,79
10613610,57,50,0,79
10614120,91,32,0,79
10614630,11,92,-1,80
10615140,38,56,-4,84
10615650,72,13,3,81
10616160,73,30,4,77
10616670,95,25,-2,79
10617180,15,20,7,72
10617690,80,79,-10,82
10618200,12,15,5,77
10618710,77,64,-1,78
10619220,3,46,2,76
10619730,15,64,4,72
10620240,16,82,-2,74
10620750,56,100,-10,84
10621260,57,41,4,80
10621770,100,23,-1,81
10622280,15,40,7,74
10622790,27,58,-9,83
10623300,28,15,6,77
10623810,68,68,4,73
10624320,0,4,-9,82
10624830,11,53,5,77
10625340,22,71,4,73
10625850,23,89,-4,77
10626360,24,44,-8,85
10626870,17,1,6,79
10627380,10,26,1,78
10627890,22,44,9,69
10628400,23,1,-6,75
10628910,40,26,-8,83
10629420,80,8,2,81
10629930,64,25,3,78
10630440,10,20,-1,79
10630950,14,79,3,76
10631460,54,34,-3,79
10631970,97,16,7,72
10632480,12,33,-6,78
10632990,24,51,2,76
10633500,25,8,-3,79
10634010,26,7,-5,84
10634520,43,32,8,76
10635030,98,14,-5,81
10635540,82,31,2,79
10636050,2,26,-3,82
10636560,50,84,2,80
10637070,51,25,-5,85
10637580,52,96,9,76
10638090,53,37,0,76
10638600,54,19,-9,85
10639110,76,51,-1,86
10639620,15,33,14,72
10640130,27,51,0,72
10640640,85,8,-14,86
10641150,86,25,15,71
10641660,6,42,-1,72
10642170,18,60,-2,74
10642680,30,78,-5,79
10643190,31,33,8,71
10643700,13,71,1,70
10644210,21,26,-4,74
10644720,14,64,1,73
10645230,22,82,1,72
10645740,23,37,-1,73
10646250,24,96,-7,80
10646760,25,78,7,73
10647270,26,96,-8,81
10647780,27,51,10,71
10648290,28,8,-6,77
10648800,45,33,0,77
10649310,100,15,-5,82
10649820,15,32,1,81
10650330,27,91,3,78
10650840,28,46,0,78
10651350,29,3,-6,84
10651860,46,28,8,76
10652370,68,10,-4,80
10652880,69,27,-2,82
10653390,91,22,6,76
10653900,11,17,0,76
10654410,76,56,-5,81
10654920,28,38,4,77
10655430,62,76,-1,78
10655940,63,6,-1,79
10656450,64,18,1,78
10656960,0,13,-5,83
10657470,64,62,-2,85
10657980,92,44,9,76
10658490,12,39,4,72
10659000,24,57,0,72
10659510,25,75,-7,79
10660020,26,30,3,76
10660530,8,89,-2,78
10661040,16,54,7,71
10661550,24,72,-4,75
10662060,25,90,2,73
10662570,33,72,-5,78
10663080,60,13,-5,83
10663590,61,30,1,82
10664100,83,25,9,73
10664610,3,20,-4,77
10665120,31,69,-1,78
10665630,32,26,5,73
10666140,14,8,-4,77
10666650,15,57,-1,78
10667160,23,75,4,74
10667670,24,93,-4,78
10668180,32,48,2,76
10668690,33,30,-2,78
10669200,15,4,3,75
10669710,8,53,-3,78
10670220,16,71,7,71
10670730,24,53,-7,78
10671240,25,10,5,73
10671750,26,35,-6,79
10672260,8,94,1,78
10672770,16,59,1,77
10673280,24,77,4,73
10673790,25,14,-7,80
10674300,26,67,5,75
10674810,27,8,-5,80
10675320,44,33,4,76
10675830,99,15,-6,82
10676340,5,32,6,76
10676850,17,50,5,71
10677360,25,68,-1,72
10677870,26,91,-8,80
10678380,34,46,2,78
10678890,16,84,3,75
10679400,24,49,-3,78
10679910,25,48,0,78
10680420,26,47,3,75
10680930,27,46,2,73
10681440,28,3,-6,79
10681950,45,28,-2,81
10682460,93,10,3,78
10682970,20,27,1,77
10683480,85,26,1,76
10683990,5,21,0,76
10684500,13,70,5,71
10685010,21,87,-4,75
10685520,29,69,-3,78
10686030,56,24,2,76
10686540,78,19,-1,77
10687050,79,14,0,77
10687560,80,31,-4,81
10688070,0,26,4,77
10688580,48,92,0,77
10689090,75,33,-2,79
10689600,97,28,2,77
10690110,17,23,-5,82
10690620,82,61,7,75
10691130,21,43,0,75
10691640,85,42,1,74
10692150,5,37,1,73
10692660,13,55,2,71
10693170,21,73,-5,76
10693680,29,29,-4,80
10694190,11,3,1,79
10694700,12,52,5,74
10695210,20,70,2,72
10695720,28,52,-6,78
10696230,21,95,0,78
10696740,29,44,6,72
10697250,22,82,-3,75
10697760,30,64,-2,77
10698270,57,5,-4,81
10698780,41,17,-3,84
10699290,84,12,5,79
10699800,68,29,-7,86
10700310,9,24,11,75
10700820,74,49,0,75
10701330,96,31,-1,76
10701840,16,26,-4,80
10702350,81,51,3,77
10702860,100,33,-3,80
10703370,20,28,3,77
10703880,85,53,-3,80
10704390,24,35,-3,83
10704900,28,73,8,75
10705410,55,28,-7,82
10705920,98,17,4,78
10706430,4,34,1,77
10706940,12,92,0,77
10707450,20,56,1,76
10707960,28,74,1,75
10708470,55,29,-10,85
10708980,98,11,6,79
10709490,82,23,2,77
10710000,90,18,-2,79
10710510,98,35,7,72
10711020,18,49,0,72
10711530,26,67,-4,76
10712040,27,22,-4,80
10712550,60,98,-2,82
10713060,87,39,6,76
10713570,7,34,3,73
10714080,15,52,4,69
10714590,23,70,-4,73
10715100,22,88,-6,79
10715610,30,37,2,77
10716120,72,75,-2,79
10716630,100,11,-4,83
10717140,84,23,6,77
10717650,92,18,1,76
10718160,100,35,0,76
10718670,20,30,3,73
10719180,85,68,-8,81
10719690,26,50,6,75
10720200,53,93,-6,81
10720710,80,34,8,73
10721220,0,29,-5,78
10721730,48,95,-5,83
10722240,75,36,4,79
10722750,97,23,-2,81
10723260,17,18,8,73
10723770,82,1,-7,80
10724280,80,13,-7,87
10724790,88,25,13,74
10725300,8,20,-1,75
10725810,7,45,1,74
10726320,15,63,3,71
10726830,23,81,-6,77
10727340,31,36,6,71
10727850,73,74,-9,80
10728360,101,10,1,79
10728870,85,22,0,79
10729380,93,17,-1,80
10729890,101,34,6,74
10730400,21,29,-1,75
10730910,86,67,-5,80
10731420,27,49,4,76
10731930,24,92,-4,80
10732440,32,47,5,75
10732950,40,90,-4,79
10733460,67,31,0,79
10733970,8,26,4,75
10734480,7,88,-5,80
10734990,15,52,3,77
10735500,23,70,-1,78
10736010,31,34,7,71
10736520,73,72,-15,86
10737030,101,10,11,75
10737540,99,22,-5,80
10738050,19,17,3,77
10738560,70,42,-9,86
10739070,11,24,11,75
10739580,76,49,-5,80
10740090,17,31,2,78
10740600,82,56,5,73
10741110,2,38,-4,77
10741620,10,96,0,77
10742130,18,60,10,67
10742640,26,78,-13,80
10743150,34,33,7,73
10743660,76,92,-5,78
10744170,2,13,-7,85
10744680,30,62,11,74
10745190,21,3,-6,80
10745700,14,28,8,72
10746210,79,96,-16,88
10746720,5,17,6,82
10747230,33,66,4,78
10747740,60,7,-4,82
10748250,44,19,1,81
10748760,87,18,-1,82
10749270,95,35,9,73
10749780,15,30,-5,78
10750290,80,98,-3,81
10750800,6,34,8,73
10751310,14,52,-9,82
10751820,22,70,10,72
10752330,30,25,-16,88
10752840,50,78,7,81
10753350,77,19,3,78
10753860,85,14,-3,81
10754370,93,31,7,74
10754880,13,26,-8,82
10755390,78,51,7,75
10755900,19,33,-4,79
10756410,84,71,2,77
10756920,25,53,3,74
10757430,52,96,0,74
10757940,79,37,-5,79
10758450,20,32,1,78
10758960,85,100,1,77
10759470,11,36,0,77
10759980,19,54,3,74
10760490,27,72,-6,80
10761000,35,36,4,76
10761510,77,76,-4,80
10762020,3,14,1,79
10762530,31,63,5,74
10763040,58,4,-8,82
10763550,42,16,3,79
10764060,85,52,2,77
10764570,26,34,5,72
10765080,68,72,-6,78
10765590,96,8,-3,81
10766100,80,20,0,81
10766610,21,15,6,75
10767120,41,68,-4,79
10767630,68,9,-4,83
10768140,52,21,3,80
10768650,74,16,2,78
10769160,15,33,2,76
10769670,79,101,-7,83
10770180,4,22,5,78
10770690,32,88,1,77
10771200,59,52,1,76
10771710,87,92,-6,82
10772220,13,28,6,76
10772730,78,96,-12,88
10773240,4,17,10,78
10773750,32,66,-2,80
10774260,59,7,3,77
10774770,43,19,-7,84
10775280,86,18,5,79
10775790,94,35,2,77
10776300,14,30,1,76
10776810,79,98,-8,84
10777320,5,19,3,81
10777830,33,68,0,81
10778340,60,9,6,75
10778850,68,26,-7,82
10779360,9,21,4,78
10779870,37,46,2,76
10780380,79,89,-6,82
10780890,5,60,10,72
10781400,13,9,-5,77
10781910,14,58,1,76
10782420,22,7,-3,79
10782930,23,6,-1,80
10783440,24,31,8,72
10783950,66,69,-13,85
10784460,94,79,6,79
10784970,35,44,3,76
10785480,63,87,-7,83
10785990,90,8,1,82
10786500,74,20,-2,84
10787010,15,37,12,72
10787520,14,3,-7,79
10788030,7,4,-4,83
10788540,35,53,9,74
10789050,62,96,-7,81
10789560,89,37,5,76
10790070,9,32,2,74
10790580,17,50,2,72
10791090,25,6,-1,73
10791600,63,31,-9,82
10792110,4,30,9,73
10792620,32,88,-5,78
10793130,59,52,-8,86
10793640,87,92,7,79
10794150,13,28,6,73
10794660,78,53,-5,78
10795170,19,35,6,72
10795680,84,1,-8,80
10796190,68,63,-6,86
10796700,96,1,6,80
10797210,80,13,-2,82
10797720,88,30,9,73
10798230,8,47,0,73
10798740,16,65,3,70
10799250,24,14,-6,76
10799760,57,67,-8,84
10800270,85,90,1,83
10800780,11,26,9,74
10801290,10,51,1,73
10801800,18,0,-3,76
10802310,11,25,-3,79
10802820,10,50,5,74
10803330,18,101,-12,86
10803840,26,65,6,80
10804350,34,29,-4,84
10804860,94,3,5,79
10805370,78,15,-3,82
10805880,86,32,7,75
10806390,6,27,-3,78
10806900,14,93,2,76
10807410,22,57,2,74
10807920,30,47,-6,80
10808430,57,90,-1,81
10808940,84,31,8,73
10809450,4,50,7,66
10809960,12,15,-21,87
10810470,40,64,10,77
10810980,67,87,-9,86
10811490,94,8,7,79
10812000,78,20,-3,82
10812510,19,37,7,75
10813020,84,38,-2,77
10813530,4,33,7,70
10814040,12,84,-7,77
10814550,20,33,0,77
10815060,85,32,-1,78
10815570,5,27,4,74
10816080,13,85,-1,75
10816590,21,34,3,72
10817100,72,33,-10,82
10817610,17,32,4,78
10818120,16,57,6,72
10818630,24,75,-1,73
10819140,23,24,-3,76
10819650,74,25,-7,83
10820160,96,20,3,80
10820670,2,37,8,72
10821180,10,95,-9,81
10821690,18,59,9,72
10822200,26,15,-7,79
10822710,59,68,2,77
10823220,87,4,-4,81
10823730,71,66,-3,84
10824240,99,4,4,80
10824750,97,16,-3,83
10825260,22,33,9,74
10825770,73,34,-6,80
10826280,14,29,6,74
10826790,13,54,6,68
10827300,21,3,-15,83
10827810,14,28,6,77
10828320,13,29,-1,78
10828830,77,54,2,76
10829340,16,19,-6,82
10829850,81,20,8,74
10830360,17,37,-6,80
10830870,16,38,7,73
10831380,15,4,-9,82
10831890,8,27,4,78
10832400,7,28,-2,80
10832910,15,86,-2,82
10833420,23,35,3,79
10833930,74,36,-1,80
10834440,15,31,6,74
10834950,14,56,-6,80
10835460,22,46,0,80
10835970,86,47,-4,84
10836480,6,50,11,73
10836990,14,70,-5,78
10837500,22,19,0,78
10838010,55,82,-1,79
10838520,82,3,0,79
10839030,66,65,-5,84
10839540,94,1,2,82
10840050,78,63,0,82
10840560,19,28,9,73
10841070,84,29,-2,75
10841580,4,46,1,74
10842090,12,11,-3,77
10842600,45,60,-1,78
10843110,72,83,-3,81
10843620,100,19,-2,83
10844130,6,36,6,77
10844640,14,87,-2,79
10845150,22,52,-1,80
10845660,21,42,9,71
10846170,20,43,-8,79
10846680,84,42,-1,80
10847190,4,37,3,77
10847700,12,95,-1,78
10848210,20,60,3,75
10848720,19,50,3,72
10849230,18,40,-1,73
10849740,17,41,-4,77
10850250,16,34,-3,80
10850760,20,35,5,75
10851270,71,36,-6,81
10851780,12,39,6,75
10852290,11,40,0,75
10852800,10,58,-4,79
10853310,18,7,-4,83
10853820,69,75,1,82
10854330,97,46,5,77
10854840,17,41,4,73
10855350,16,42,-6,79
10855860,15,27,4,75
10856370,80,52,-1,76
10856880,19,17,-3,79
10857390,52,70,-2,81
10857900,79,93,-2,83
10858410,5,14,3,80
10858920,33,63,-2,82
10859430,34,4,-2,84
10859940,51,29,6,78
10860450,73,28,-5,83
10860960,19,23,10,73
10861470,70,48,-10,83
10861980,11,13,1,82
10862490,62,62,3,79
10863000,90,0,3,76
10863510,74,44,-7,83
10864020,15,47,11,72
10864530,14,37,-5,77
10865040,13,1,-1,78
10865550,6,24,-1,79
10866060,34,82,4,75
10866570,61,23,-9,84
10867080,2,18,4,80
10867590,10,19,-2,82
10868100,18,68,7,75
10868610,26,58,-4,79
10869120,25,48,-1,80
10869630,33,91,0,80
10870140,32,55,5,75
10870650,59,98,-8,83
10871160,86,39,6,77
10871670,6,34,0,77
10872180,14,92,-5,82
10872690,22,41,8,74
10873200,21,42,-2,76
10873710,25,43,6,70
10874220,28,86,-8,78
10874730,27,50,2,76
10875240,54,51,-12,88
10875750,82,91,9,79
10876260,8,62,4,75
10876770,16,11,-5,80
10877280,49,60,2,78
10877790,76,83,4,74
10878300,2,54,-7,81
10878810,10,3,1,80
10879320,11,52,5,75
10879830,19,70,0,75
10880340,18,79,0,75
10880850,26,69,-6,81
10881360,25,59,1,80
10881870,24,49,2,78
10882380,23,42,5,73
10882890,24,85,-2,75
10883400,32,50,-2,77
10883910,66,93,-5,82
10884420,93,14,2,80
10884930,101,31,8,72
10885440,21,48,2,70
10885950,20,38,-5,75
10886460,19,39,-5,80
10886970,18,40,1,79
10887480,17,41,7,72
10887990,16,34,-4,76
10888500,15,35,5,71
10889010,79,28,-7,78
10889520,20,45,6,72
10890030,19,38,-13,85
10890540,18,63,10,75
10891050,17,53,2,73
10891560,7,71,-4,77
10892070,15,20,4,73
10892580,80,45,-2,75
10893090,21,48,-2,77
10893600,20,49,5,72
10894110,19,39,-3,75
10894620,18,82,-3,78
10895130,26,7,-7,85
10895640,69,32,5,80
10896150,10,27,-1,81
10896660,9,52,9,72
10897170,17,1,-1,73
10897680,10,26,-6,79
10898190,9,27,6,73
10898700,8,78,-2,75
10899210,16,27,-3,78
10899720,20,52,0,78
10900230,19,70,1,77
10900740,18,19,3,74
10901250,69,44,-10,84
10901760,10,9,0,84
10902270,11,20,4,80
10902780,15,21,2,78
10903290,80,22,-4,82
10903800,21,39,10,72
10904310,14,40,-7,79
10904820,13,58,10,69
10905330,21,76,-3,72
10905840,32,66,-10,82
10906350,33,7,3,79
10906860,41,32,0,79
10907370,84,33,3,76
10907880,4,53,3,73
10908390,12,73,-1,74
10908900,20,22,1,73
10909410,71,47,-10,83
10909920,12,12,3,80
10910430,13,61,3,77
10910940,24,79,-2,79
10911450,23,69,5,74
10911960,22,59,1,73
10912470,26,40,-1,74
10912980,60,83,-5,79
10913490,87,4,-4,83
10914000,19,21,11,72
10914510,79,49,-8,80
10915020,20,14,3,77
10915530,71,67,-4,81
10916040,12,5,2,79
10916550,13,6,-3,82
10917060,14,55,9,73
10917570,13,73,0,73
10918080,21,22,-5,78
10918590,81,23,3,75
10919100,22,40,4,71
10919610,56,41,-11,82
10920120,99,84,1,81
10920630,6,22,5,76
10921140,34,80,-5,81
10921650,61,21,-6,87
10922160,2,16,5,82
10922670,30,65,2,80
10923180,57,6,-2,82
10923690,91,23,6,76
10924200,99,40,2,74
10924710,19,60,-2,76
10925220,18,78,3,73
10925730,80,96,-12,85
10926240,6,17,8,77
10926750,34,66,-6,83
10927260,61,7,7,76
10927770,37,24,-6,82
10928280,56,41,-4,86
10928790,99,42,13,73
10929300,24,62,1,72
10929810,23,52,-11,83
10930320,27,42,9,74
10930830,61,43,-10,84
10931340,2,86,0,84
10931850,29,50,4,80
10932360,68,51,0,80
10932870,9,94,2,78
10933380,17,58,1,77
10933890,16,76,1,76
10934400,24,25,1,75
10934910,84,26,3,72
10935420,25,43,-8,80
10935930,29,44,3,77
10936440,63,87,-8,85
10936950,90,28,6,79
10937460,31,45,-1,80
10937970,65,98,-3,83
10938480,92,39,4,79
10938990,17,59,1,78
10939500,16,77,4,74
10940010,78,26,-6,80
10940520,19,43,0,80
10941030,23,44,10,70
10941540,57,87,-10,80
10942050,84,28,3,77
10942560,25,45,-1,78
10943070,59,88,-3,81
10943580,86,29,3,78
10944090,27,46,2,76
10944600,61,89,-7,83
10945110,88,30,10,73
10945620,13,90,-6,79
10946130,21,39,8,71
10946640,14,82,0,71
10947150,22,31,-10,81
10947660,87,56,3,78
10948170,28,14,-4,82
10948680,71,67,5,77
10949190,12,5,-7,84
10949700,5,54,11,73
10950210,13,3,-10,83
10950720,6,4,6,77
10951230,7,53,3,74
10951740,15,2,-4,78
10952250,8,27,3,75
10952760,19,28,3,72
10953270,84,29,-3,75
10953780,9,89,-4,79
10954290,17,38,2,77
10954800,21,39,4,73
10955310,25,40,-3,76
10955820,18,83,2,74
10956330,80,32,-4,78
10956840,21,92,3,75
10957350,83,41,-4,79
10957860,24,93,1,78
10958370,86,42,2,76
10958880,32,94,-3,79
10959390,59,84,-2,81
10959900,86,25,3,78
10960410,94,42,6,72
10960920,19,62,-3,75
10961430,18,80,-1,76
10961940,80,29,1,75
10962450,5,89,-7,82
10962960,12,53,10,72
10963470,23,71,-2,74
10963980,22,20,-1,75
10964490,82,73,-11,86
10965000,23,11,6,80
10965510,24,12,-3,83
10966020,44,65,2,81
10966530,71,6,4,77
10967040,3,23,0,77
10967550,31,67,-2,79
10968060,58,8,1,78
10968570,82,25,5,73
10969080,7,42,-4,77
10969590,18,60,-1,78
10970100,17,78,5,73
10970610,79,27,-7,80
10971120,25,44,1,79
10971630,29,87,3,76
10972140,56,77,-8,84
10972650,83,18,4,80
10973160,91,35,6,74
10973670,16,95,-4,78
10974180,24,44,7,71
10974690,17,87,-7,78
10975200,25,36,3,75
10975710,62,37,-10,85
10976220,3,81,7,78
10976730,30,45,1,77
10977240,64,88,-9,86
10977750,91,29,12,74
10978260,16,46,3,71
10978770,15,64,-6,77
10979280,77,82,-6,83
10979790,3,20,2,81
10980300,31,64,4,77
10980810,58,5,-7,84
10981320,92,22,8,76
10981830,17,39,3,73
10982340,21,57,-8,81
10982850,25,75,7,74
10983360,26,93,1,73
10983870,88,42,-3,76
10984380,34,94,-5,81
10984890,61,35,-1,82
10985400,2,79,2,80
10985910,29,43,2,78
10986420,63,86,-4,82
10986930,9,27,5,77
10987440,20,45,5,72
10987950,21,63,-4,76
10988460,20,81,0,76
10988970,82,30,1,75
10989480,7,82,3,72
10989990,15,31,-1,73
10990500,19,32,-7,80
10991010,23,33,7,73
10991520,5,76,-5,78
10992030,13,25,-3,81
10992540,17,3,-1,82
10993050,10,26,1,81
10993560,14,51,11,70
10994070,13,69,-6,76
10994580,24,18,4,72
10995090,6,71,-5,77
10995600,14,20,-1,78
10996110,79,21,-2,80
10996620,4,38,4,76
10997130,15,56,3,73
10997640,14,74,-1,74
10998150,22,23,-2,76
10998660,26,63,1,75
10999170,27,81,-2,77
10999680,28,30,-2,79
11000190,10,70,7,72
11000700,18,19,1,71
11001210,83,20,-9,80
11001720,3,37,5,75
11002230,51,55,-6,81
11002740,85,95,-2,83
11003250,67,33,0,83
11003760,8,85,7,76
11004270,16,34,2,74
11004780,20,73,0,74
11005290,82,22,-4,78
11005800,2,39,5,73
11006310,10,57,-3,76
11006820,18,75,4,72
11007330,80,24,-7,79
11007840,39,41,-4,83
11008350,21,81,7,76
11008860,83,30,-3,79
11009370,3,82,-1,80
11009880,11,71,8,72
11010390,19,20,-11,83
11010900,84,59,9,74
11011410,25,0,-4,78
11011920,42,25,-1,79
11012430,90,96,1,78
11012940,72,34,2,76
11013450,13,86,0,76
11013960,21,35,-1,77
11014470,25,75,0,77
11014980,24,24,5,72
11015490,6,49,0,72
11016000,14,67,0,72
11016510,25,85,-9,81
11017020,26,34,6,75
11017530,8,74,-2,77
11018040,16,23,4,73
11018550,81,48,-7,80
11019060,20,6,3,77
11019570,21,31,10,67
11020080,14,71,-8,75
11020590,22,20,-1,76
11021100,87,73,-3,79
11021610,69,11,-6,85
11022120,10,28,4,81
11022630,14,29,4,77
11023140,18,68,6,71
11023650,80,86,-21,92
11024160,94,24,16,76
11024670,14,41,-1,77
11025180,18,59,2,75
11025690,17,77,2,73
11026200,79,26,-11,84
11026710,20,78,4,80
11027220,82,27,2,78
11027730,2,79,8,70
11028240,10,43,-4,74
11028750,14,61,-2,76
11029260,25,79,0,76
11029770,26,97,0,76
11030280,88,46,0,76
11030790,8,98,-9,85
11031300,16,62,7,78
11031810,24,80,-1,79
11032320,98,98,-1,80
11032830,80,36,6,74
11033340,0,88,-9,83
11033850,8,52,4,79
11034360,16,70,10,69
11034870,78,88,-8,77
11035380,60,26,-6,83
11035890,1,78,6,77
11036400,9,42,2,75
11036910,20,60,-2,77
11037420,19,78,7,70
11037930,81,96,-17,87
11038440,63,34,3,84
11038950,4,86,2,82
11039460,12,50,12,70
11039970,20,68,1,69
11040480,82,86,-11,80
11040990,64,24,-1,81
11041500,5,76,4,77
11042010,13,25,0,77
11042520,8,50,2,75
11043030,19,68,-4,79
11043540,18,86,2,77
11044050,80,35,4,73
11044560,0,87,-7,80
11045070,8,51,6,74
11045580,19,69,-1,75
11046090,93,87,-4,79
11046600,75,5,6,73
11047110,7,49,1,72
11047620,18,67,-1,73
11048130,26,85,-4,77
11048640,9,1,-5,82
11049150,2,50,10,72
11049660,10,68,-2,74
11050170,18,17,4,70
11050680,0,66,-9,79
11051190,8,30,1,78
11051700,19,48,6,72
11052210,23,5,-4,76
11052720,5,30,1,75
11053230,16,48,-2,77
11053740,20,66,6,71
11054250,19,84,-1,72
11054760,81,33,-10,82
11055270,22,85,3,79
11055780,84,34,6,73
11056290,4,54,-5,78
11056800,12,72,4,74
11057310,20,21,2,72
11057820,85,46,-7,79
11058330,5,66,-2,81
11058840,13,15,3,78
11059350,17,64,4,74
11059860,28,82,-8,82
11060370,29,19,5,77
11060880,11,90,-3,80
11061390,19,39,-6,86
11061900,23,78,11,75
11062410,97,96,-8,83
11062920,79,34,4,79
11063430,20,54,0,79
11063940,19,72,2,77
11064450,81,90,-5,82
11064960,63,28,-1,83
11065470,4,72,4,79
11065980,12,21,2,77
11066490,16,60,3,74
11067000,24,78,-1,75
11067510,98,15,-4,79
11068020,13,32,7,72
11068530,17,50,-7,79
11069040,16,68,6,73
11069550,24,86,-4,77
11070060,86,23,-2,79
11070570,6,75,1,78
11071080,58,24,-8,86
11071590,101,68,7,79
11072100,8,26,7,72
11072610,19,44,-5,77
11073120,23,62,3,74
11073630,78,80,-9,83
11074140,19,18,12,71
11074650,84,43,-5,76
11075160,4,63,5,71
11075670,12,12,-13,84
11076180,16,61,7,77
11076690,24,79,6,71
11077200,86,97,-17,88
11077710,27,35,10,78
11078220,9,78,3,75
11078730,17,27,-2,77
11079240,21,66,5,72
11079750,20,84,-6,78
11080260,28,21,5,73
11080770,10,46,2,71
11081280,21,64,1,70
11081790,20,82,-5,75
11082300,28,19,3,72
11082810,83,90,-7,79
11083320,24,28,1,78
11083830,28,53,-4,82
11084340,29,92,2,80
11084850,30,29,3,77
11085360,12,54,3,74
11085870,20,72,-3,77
11086380,19,9,5,72
11086890,20,34,-4,76
11087400,24,73,0,76
11087910,25,91,-7,83
11088420,36,28,3,80
11088930,96,53,2,78
11089440,16,56,4,74
11089950,15,74,3,71
11090460,26,23,-7,78
11090970,30,48,0,78
11091480,34,91,-9,87
11091990,35,28,11,76
11092500,90,53,-2,78
11093010,31,56,-2,80
11093520,65,95,0,80
11094030,99,53,4,76
11094540,19,73,0,76
11095050,27,10,-6,82
11095560,9,35,5,77
11096070,20,53,2,75
11096580,19,71,0,75
11097090,30,89,-5,80
11097600,31,26,0,80
11098110,91,9,-2,82
11098620,23,21,8,74
11099130,83,46,-4,78
11099640,24,66,2,76
11100150,23,3,-6,82
11100660,93,28,3,79
11101170,13,80,3,76
11101680,21,29,2,74
11102190,25,68,-7,81
11102700,24,86,4,77
11103210,32,23,-4,81
11103720,87,94,-3,84
11104230,28,32,0,84
11104740,62,57,-1,85
11105250,3,97,-2,87
11105760,11,61,13,74
11106270,22,10,-5,79
11106780,23,35,1,78
11107290,27,74,5,73
11107800,28,11,-4,77
11108310,71,36,-2,79
11108820,12,39,3,76
11109330,11,78,2,74
11109840,19,59,1,73
11110350,18,77,-5,78
11110860,29,14,4,74
11111370,72,39,-7,81
11111880,13,42,7,74
11112390,12,60,-1,75
11112900,23,78,-2,77
11113410,22,15,1,76
11113920,4,64,0,76
11114430,12,13,-5,81
11114940,16,62,8,73
11115450,15,80,-4,77
11115960,23,29,0,77
11116470,65,54,-9,86
11116980,6,94,5,81
11117490,14,58,6,75
11118000,22,76,2,73
11118510,21,13,-8,81
11119020,22,66,5,76
11119530,21,24,-2,78
11120040,86,49,-2,80
11120550,6,52,7,73
11121060,14,1,-9,82
11121570,7,26,1,81
11122080,6,51,8,73
11122590,17,95,-6,79
11123100,25,44,5,74
11123610,26,83,-1,75
11124120,25,20,3,72
11124630,85,21,-6,78
11125140,5,73,2,76
11125650,13,22,-2,78
11126160,78,61,-2,80
11126670,19,69,9,71
11127180,18,6,-6,77
11127690,19,31,3,74
11128200,84,70,-4,78
11128710,25,78,-3,81
11129220,24,15,10,71
11129730,44,68,-10,81
11130240,78,16,-2,83
11130750,81,28,6,77
11131260,1,80,-4,81
11131770,9,44,7,74
11132280,20,62,-1,75
11132790,19,101,-4,79
11133300,27,50,0,79
11133810,31,89,3,76
11134320,32,26,-5,81
11134830,45,51,5,76
11135340,87,91,-10,86
11135850,0,19,4,82
11136360,28,63,6,76
11136870,29,11,-11,87
11137380,72,36,11,76
11137890,94,39,2,74
11138400,14,59,-2,76
11138910,22,77,-2,78
11139420,21,14,0,78
11139930,22,67,1,77
11140440,21,4,4,73
11140950,76,29,-1,74
11141460,98,81,-11,85
11141970,5,19,6,79
11142480,33,68,-4,83
11142990,34,5,9,74
11143500,51,30,-8,82
11144010,70,101,-2,84
11144520,71,22,2,82
11145030,12,25,9,73
11145540,77,64,-10,83
11146050,18,2,4,79
11146560,11,27,-2,81
11147070,14,98,0,81
11147580,22,62,6,75
11148090,21,101,-2,77
11148600,29,38,-2,79
11149110,71,77,-2,81
11149620,72,5,5,76
11150130,4,17,-3,79
11150640,32,66,2,77
11151150,33,3,-2,79
11151660,50,28,-3,82
11152170,69,99,-1,83
11152680,70,20,1,82
11153190,92,23,4,78
11153700,12,35,7,71
11154210,11,15,-7,78
11154720,76,54,0,78
11155230,95,62,-1,79
11155740,12,68,1,78
11156250,20,10,1,77
11156760,21,35,5,72
11157270,86,36,5,67
11157780,6,56,-8,75
11158290,14,100,-4,79
11158800,22,64,6,73
11159310,21,82,-4,77
11159820,20,19,0,77
11160330,85,44,-3,80
11160840,5,47,8,72
11161350,13,65,-6,78
11161860,24,2,-2,80
11162370,79,27,-3,83
11162880,101,79,-1,84
11163390,14,87,10,74
11163900,22,36,-1,75
11164410,26,37,1,74
11164920,68,94,-9,83
11165430,69,15,0,83
11165940,1,27,9,74
11166450,9,93,-12,86
11166960,17,57,14,72
11167470,16,75,-2,74
11167980,24,12,0,74
11168490,25,37,2,72
11169000,67,38,-6,78
11169510,86,41,4,74
11170020,6,61,6,68
11170530,14,10,-11,79
11171040,15,59,4,75
11171550,23,98,-4,79
11172060,31,35,7,72
11172570,73,14,-7,79
11173080,5,31,0,79
11173590,33,97,0,79
11174100,34,34,0,79
11174610,76,74,-1,80
11175120,91,12,-2,82
11175630,23,24,8,74
11176140,99,49,0,74
11176650,19,69,-3,77
11177160,27,6,0,77
11177670,9,31,1,76
11178180,12,32,-7,83
11178690,16,33,4,79
11179200,81,34,2,77
11179710,1,37,0,77
11180220,9,74,1,76
11180730,17,38,4,72
11181240,21,39,-3,75
11181750,25,78,3,72
11182260,26,15,-6,78
11182770,27,40,5,73
11183280,69,41,-14,87
11183790,30,44,5,82
11184300,72,45,7,75
11184810,91,48,-2,77
11185320,11,51,4,73
11185830,19,69,-4,77
11186340,18,6,-4,81
11186850,19,31,3,78
11187360,23,32,3,75
11187870,65,33,0,75
11188380,84,36,0,75
11188890,4,39,-6,81
11189400,12,3,3,78
11189910,73,28,1,77
11190420,95,80,-5,82
11190930,77,18,2,80
11191440,9,35,6,74
11191950,8,53,3,71
11192460,16,90,-5,76
11192970,24,39,8,68
11193480,66,40,-18,86
11193990,85,43,8,78
11194500,5,46,5,73
11195010,13,97,-11,84
11195520,21,61,10,74
11196030,22,100,-4,78
11196540,30,49,12,66
11197050,23,50,-16,82
11197560,24,51,3,79
11198070,28,90,4,75
11198580,29,27,-8,83
11199090,11,28,9,74
11199600,15,29,-9,83
11200110,80,30,12,71
11200620,0,82,-14,85
11201130,27,46,11,74
11201640,20,47,-3,77
11202150,24,48,4,73
11202660,25,49,2,71
11203170,26,50,-5,76
11203680,19,51,0,76
11204190,23,90,-2,78
11204700,24,24,6,72
11205210,6,25,-4,76
11205720,34,26,-1,77
11206230,12,27,-2,79
11206740,77,28,0,79
11207250,99,31,6,73
11207760,19,83,-3,76
11208270,27,32,-5,81
11208780,92,33,2,79
11209290,12,85,7,72
11209800,20,34,-2,74
11210310,24,35,3,71
11210820,66,36,-13,84
11211330,85,39,7,77
11211840,5,91,-8,85
11212350,56,55,3,82
11212860,70,95,3,79
11213370,97,74,1,78
11213880,4,82,4,74
11214390,31,46,-10,84
11214900,73,47,6,78
11215410,92,50,5,73
11215920,12,53,3,70
11216430,20,71,-4,74
11216940,19,5,-9,83
11217450,20,6,4,79
11217960,21,7,1,78
11218470,3,32,1,77
11218980,51,98,-1,78
11219490,52,39,-7,85
11220000,67,40,1,84
11220510,86,43,9,75
11221020,3,46,3,72
11221530,11,83,-5,77
11222040,19,32,1,76
11222550,23,33,-3,79
11223060,88,34,3,76
11223570,8,86,-3,79
11224080,16,50,4,75
11224590,15,68,0,75
11225100,16,86,2,73
11225610,24,35,-1,74
11226120,66,36,-7,81
11226630,85,39,4,77
11227140,5,91,-1,78
11227650,32,55,-6,84
11228160,14,56,11,73
11228670,13,74,1,72
11229180,14,23,-4,76
11229690,79,24,1,75
11230200,101,27,-5,80
11230710,21,30,5,75
11231220,86,31,-6,81
11231730,6,83,2,79
11232240,33,32,5,74
11232750,15,33,-1,75
11233260,19,34,1,74
11233770,23,35,-3,77
11234280,65,36,-8,85
11234790,84,39,6,79
11235300,1,91,-3,82
11235810,28,55,4,78
11236320,29,56,-5,83
11236830,30,57,7,76
11237340,31,100,3,73
11237850,45,37,-7,80
11238360,59,15,-4,84
11238870,27,27,3,81
11239380,5,28,2,79
11239890,33,29,-5,84
11240400,15,30,9,75
11240910,19,31,-2,77
11241420,84,32,3,74
11241930,4,84,0,74
11242440,31,33,-7,81
11242950,13,12,-3,84
11243460,14,61,14,70
11243970,15,79,-3,73
11244480,23,28,0,73
11244990,5,29,-4,77
11245500,33,30,1,76
11246010,47,31,-3,79
11246520,56,32,-1,80
11247030,70,35,-2,82
11247540,89,38,3,79
11248050,17,90,2,77
11248560,44,39,-5,82
11249070,58,18,2,80
11249580,77,21,2,78
11250090,96,73,-1,79
11250600,8,52,8,71
11251110,16,70,-8,79
11251620,17,88,1,78
11252130,44,37,0,78
11252640,58,38,-7,85
11253150,72,41,-1,86
11253660,91,44,11,75
11254170,3,64,2,73
11254680,30,13,-13,86
11255190,31,14,4,82
11255700,50,39,8,74
11256210,64,18,-11,85
11256720,5,21,4,81
11257230,33,41,-7,88
11257740,15,20,12,76
11258250,80,21,-5,81
11258760,0,73,3,78
11259270,27,22,4,74
11259780,9,23,-5,79
11260290,12,24,6,73
11260800,77,25,-3,76
11261310,99,77,1,75
11261820,6,56,5,70
11262330,14,74,-2,72
11262840,15,23,-10,82
11263350,19,24,2,80
11263860,84,25,2,78
11264370,4,77,-7,85
11264880,31,19,7,78
11265390,50,20,-7,85
11265900,69,24,2,83
11266410,88,76,-2,85
11266920,0,55,4,81
11267430,27,4,2,79
11267940,44,29,2,77
11268450,53,30,-3,80
11268960,72,82,-6,86
11269470,86,61,4,82
11269980,100,19,6,76
11270490,25,31,-3,79
11271000,7,10,-4,83
11271510,10,59,9,74
11272020,11,77,0,74
11272530,38,26,-7,81
11273040,52,27,-2,83
11273550,71,79,1,82
11274060,85,58,0,82
11274570,94,16,1,81
11275080,26,28,3,78
11275590,8,29,-3,81
11276100,36,30,6,75
11276610,96,31,-1,76
11277120,16,83,6,70
11277630,17,32,-12,82
11278140,21,57,9,73
11278650,76,75,-7,80
11279160,90,3,1,79
11279670,72,15,-2,81
11280180,13,27,0,81
11280690,78,28,1,80
11281200,97,80,-4,84
11281710,4,59,6,78
11282220,52,8,7,71
11282730,34,20,-7,78
11283240,53,91,-1,79
11283750,54,70,0,79
11284260,36,49,-1,80
11284770,18,28,5,75
11285280,83,29,-1,76
11285790,11,81,-4,80
11286300,12,30,-2,82
11286810,11,31,5,77
11287320,10,32,-3,80
11287830,9,33,5,75
11288340,8,51,2,73
11288850,19,69,-1,74
11289360,20,87,-6,80
11289870,21,36,4,76
11290380,25,37,0,76
11290890,7,16,-1,77
11291400,10,17,-6,83
11291910,9,18,7,76
11292420,12,19,-6,82
11292930,16,20,8,74
11293440,81,21,-6,80
11293950,100,73,-1,81
11294460,79,52,5,76
11294970,98,10,-7,83
11295480,80,22,-2,85
11295990,21,74,11,74
11296500,22,22,-5,79
11297010,4,23,3,76
11297520,32,24,-7,83
11298030,14,25,2,81
11298540,79,26,3,78
11299050,98,78,1,77
11299560,5,57,1,76
11300070,13,101,-8,84
11300580,40,43,12,72
11301090,22,22,-5,77
11301600,4,23,2,75
11302110,32,24,0,75
11302620,14,25,-4,79
11303130,18,26,-3,82
11303640,22,27,2,80
11304150,4,28,6,74
11304660,32,46,-1,75
11305170,14,25,-3,78
11305680,18,26,3,75
11306190,22,27,-1,76
11306700,4,28,-3,79
11307210,32,29,-1,80
11307720,14,30,9,71
11308230,18,31,-4,75
11308740,83,32,0,75
11309250,11,84,-1,76
11309760,38,33,-3,79
11310270,20,34,2,77
11310780,2,35,-2,79
11311290,21,53,4,75
11311800,22,71,1,74
11312310,23,19,-8,82
11312820,83,72,8,74
11313330,97,0,-11,85
11313840,79,86,4,81
11314350,93,14,-1,82
11314860,25,26,0,82
11315370,7,27,1,81
11315880,35,28,3,78
11316390,17,39,0,78
11316900,16,40,-2,80
11317410,20,41,5,75
11317920,24,42,-4,79
11318430,28,43,-2,81
11318940,10,22,1,80
11319450,14,23,1,79
11319960,79,24,3,76
11320470,60,76,-3,79
11320980,74,55,-4,83
11321490,88,34,13,70
11322000,16,86,-5,75
11322510,43,28,1,74
11323020,57,29,-9,83
11323530,76,33,6,77
11324040,4,85,-12,89
11324550,31,27,9,80
11325060,13,28,5,75
11325570,17,29,-1,76
11326080,21,30,-1,77
11326590,3,31,-1,78
11327100,51,75,-4,82
11327610,78,54,4,78
11328120,92,55,3,75
11328630,101,13,-5,80
11329140,83,25,-1,81
11329650,11,77,7,74
11330160,38,19,-7,81
11330670,57,72,-3,84
11331180,71,51,1,83
11331690,85,52,-4,87
11332200,2,53,11,76
11332710,10,97,-5,81
11333220,37,39,2,79
11333730,19,18,4,75
11334240,1,19,-5,80
11334750,29,20,4,76
11335260,11,21,5,71
11335770,15,22,-3,74
11336280,19,23,-1,75
11336790,1,24,-10,85
11337300,29,25,11,74
11337810,11,26,-3,77
11338320,15,27,3,74
11338830,19,28,-11,85
11339340,84,29,8,77
11339850,12,81,-1,78
11340360,39,23,-6,84
11340870,58,24,3,81
11341380,77,25,1,80
11341890,96,77,-1,81
11342400,8,5,-4,85
11342910,36,54,2,83
11343420,18,33,7,76
11343930,22,34,0,76
11344440,26,35,0,76
11344950,8,36,0,76
11345460,20,47,1,75
11345970,24,65,1,74
11346480,25,83,-3,77
11346990,26,20,-2,79
11347500,81,73,-5,84
11348010,95,1,0,84
11348520,77,45,0,84
11349030,96,48,10,74
11349540,24,100,-4,78
11350050,25,37,2,76
11350560,7,38,2,74
11351070,19,56,-5,79
11351580,18,74,6,73
11352090,19,92,-3,76
11352600,46,34,-5,81
11353110,60,35,-4,85
11353620,79,38,9,76
11354130,98,41,4,72
11354640,26,8,-10,82
11355150,59,33,-5,87
11355660,78,37,11,76
11356170,6,40,0,76
11356680,54,58,-3,79
11357190,68,88,-4,83
11357700,82,67,4,79
11358210,96,46,6,73
11358720,24,98,-10,83
11359230,38,35,7,76
11359740,20,36,3,73
11360250,24,37,1,72
11360760,6,38,-8,80
11361270,17,56,1,79
11361780,16,74,7,72
11362290,17,11,-2,74
11362800,101,64,5,69
11363310,8,67,-9,78
11363820,19,9,-2,80
11364330,38,62,2,78
11364840,88,3,-2,80
11365350,70,15,-3,83
11365860,100,77,-2,85
11366370,7,11,2,83
11366880,35,60,5,78
11367390,85,61,-2,80
11367900,99,62,6,74
11368410,6,65,-2,76
11368920,14,7,-3,79
11369430,15,56,1,78
11369940,14,74,1,77
11370450,25,16,1,76
11370960,18,7,-3,79
11371470,19,60,4,75
11371980,18,78,2,73
11372490,29,15,-5,78
11373000,48,68,-5,83
11373510,30,47,9,74
11374020,34,90,-9,83
11374530,48,27,1,82
11375040,62,98,1,81
11375550,77,39,4,77
11376060,96,42,4,73
11376570,24,94,-2,75
11377080,35,31,-4,79
11377590,17,32,3,76
11378100,21,33,3,73
11378610,25,34,-2,75
11379120,7,35,0,75
11379630,18,53,0,75
11380140,17,71,2,73
11380650,28,8,-13,86
11381160,47,33,9,77
11381670,61,34,-2,79
11382180,80,37,5,74
11382690,8,40,-3,77
11383200,19,58,0,77
11383710,18,0,-4,81
11384220,11,25,-2,83
11384730,10,26,6,77
11385240,50,27,-7,84
11385750,69,31,1,83
11386260,88,34,9,74
11386770,18,86,-4,78
11387280,29,23,1,77
11387790,89,76,-1,78
11388300,98,55,4,74
11388810,5,50,-10,84
11389320,53,68,5,79
11389830,57,47,-1,80
11390340,72,26,-2,82
11390850,91,29,8,74
11391360,21,81,-3,77
11391870,20,18,-2,79
11392380,24,71,6,73
11392890,23,8,-3,76
11393400,5,61,1,75
11393910,13,3,-4,79
11394420,6,4,2,77
11394930,7,53,1,76
11395440,18,97,-5,81
11395950,45,39,4,77
11396460,54,79,-6,83
11396970,58,58,1,82
11397480,72,37,-1,83
11397990,91,40,10,73
11398500,19,92,-6,79
11399010,46,29,1,78
11399520,55,100,1,77
11400030,56,41,-9,86
11400540,75,47,11,75
11401050,94,50,2,73
11401560,22,45,-4,77
11402070,26,94,3,74
11402580,25,31,-7,81
11403090,29,32,8,73
11403600,11,11,-12,85
11404110,6,60,6,79
11404620,33,2,2,77
11405130,15,27,-2,79
11405640,19,66,8,71
11406150,18,3,-11,82
11406660,11,52,12,70
11407170,10,89,-4,74
11407680,37,31,-7,81
11408190,52,32,4,77
11408700,71,35,-1,78
11409210,90,38,2,76
11409720,7,90,-3,79
11410230,34,32,4,75
11410740,16,33,0,75
11411250,20,72,1,74
11411760,19,9,-3,77
11412270,82,62,-4,81
11412780,101,41,10,71
11413290,29,93,-6,77
11413800,56,30,-3,80
11414310,75,33,6,74
11414820,94,36,-5,79
11415330,11,88,2,77
11415840,38,30,-1,78
11416350,53,31,-3,81
11416860,72,34,-1,82
11417370,91,37,6,76
11417880,19,40,0,76
11418390,23,41,1,75
11418900,27,84,-5,80
11419410,26,21,5,75
11419920,4,74,0,75
11420430,31,16,-2,77
11420940,50,69,1,76
11421450,77,48,1,75
11421960,96,51,-1,76
11422470,24,54,-8,84
11422980,23,93,9,75
11423490,50,30,-9,84
11424000,69,33,3,81
11424510,88,36,4,77
11425020,16,88,0,77
11425530,43,98,-3,80
11426040,70,35,-3,83
11426550,89,38,10,73
11427060,17,41,4,69
11427570,16,80,-10,79
11428080,43,90,-6,85
11428590,70,27,7,78
11429100,89,30,2,76
11429610,19,82,0,76
11430120,18,57,8,68
11430630,17,36,-13,81
11431140,16,85,3,78
11431650,43,50,0,78
11432160,25,29,-5,83
11432670,7,8,-2,85
11433180,35,57,3,82
11433690,85,36,5,77
11434200,2,39,1,76
11434710,50,12,-8,84
11435220,69,16,5,79
11435730,88,19,1,78
11436240,5,22,2,76
11436750,4,71,-1,77
11437260,31,13,-2,79
11437770,50,66,0,79
11438280,92,45,2,77
11438790,20,48,2,75
11439300,19,87,-3,78
11439810,46,24,1,77
11440320,65,27,-9,86
11440830,84,30,10,76
11441340,14,82,-2,78
11441850,41,47,-3,81
11442360,23,26,6,75
11442870,5,79,-2,77
11443380,32,21,0,77
11443890,51,74,-2,79
11444400,78,53,0,79
11444910,97,56,2,77
11445420,4,59,0,77
11445930,31,1,-5,82
11446440,13,26,1,81
11446950,12,65,4,77
11447460,11,75,5,72
11447970,38,17,-5,77
11448480,63,70,-5,82
11448990,77,100,-1,83
11449500,2,79,2,81
11450010,29,21,4,77
11450520,48,74,-9,86
11451030,98,53,12,74
11451540,26,56,-7,81
11452050,76,95,2,79
11452560,90,74,0,79
11453070,2,53,4,75
11453580,13,97,-1,76
11454090,40,39,-3,79
11454600,22,69,4,75
11455110,21,6,-8,83
11455620,14,59,11,72
11456130,13,98,-13,85
11456640,40,40,7,78
11457150,100,19,-6,84
11457660,23,81,6,78
11458170,22,18,7,71
11458680,82,71,-13,84
11459190,96,50,14,70
11459700,24,45,-3,73
11460210,23,94,-3,76
11460720,22,31,9,67
11461230,64,10,-15,82
11461740,89,72,-3,85
11462250,1,51,11,74
11462760,28,95,-10,84
11463270,27,3,6,78
11463780,46,28,-3,81
11464290,55,81,1,80
11464800,82,60,-3,83
11465310,101,39,11,72
11465820,29,91,-4,76
11466330,28,101,-2,78
11466840,27,38,0,78
11467350,9,17,-4,82
11467860,8,66,12,70
11468370,35,31,-3,73
11468880,44,10,-6,79
11469390,76,14,2,77
11469900,95,66,-1,78
11470410,12,24,-1,79
11470920,11,63,1,78
11471430,50,73,0,78
11471940,77,52,-1,79
11472450,96,55,5,74
11472960,3,58,1,73
11473470,30,0,-6,79
11473980,12,25,-2,81
11474490,11,74,5,76
11475000,38,39,-8,84
11475510,20,18,1,83
11476020,80,71,1,82
11476530,94,101,0,82
11477040,6,80,8,74
11477550,33,45,-7,81
11478060,15,24,2,79
11478570,14,77,4,75
11479080,41,42,-3,78
11479590,23,21,1,77
11480100,83,74,-1,78
11480610,97,2,-7,85
11481120,79,14,3,82
11481630,98,26,8,74
11482140,28,78,-3,77
11482650,27,15,5,72
11483160,46,68,-11,83
11483670,73,47,3,80
11484180,92,50,4,76
11484690,9,53,7,69
11485200,8,63,-3,72
11485710,19,28,-2,74
11486220,84,85,-9,83
11486730,98,13,-1,84
11487240,30,25,1,83
11487750,90,78,5,78
11488260,99,57,1,77
11488770,34,60,-1,78
11489280,33,39,2,76
11489790,15,18,-4,80
11490300,80,71,-2,82
11490810,94,101,-2,84
11491320,6,80,7,77
11491830,33,22,2,75
11492340,52,93,-3,78
11492850,79,72,-6,84
11493360,94,0,1,83
11493870,76,30,4,79
11494380,95,33,-3,82
11494890,25,85,9,73
11495400,24,22,-5,78
11495910,84,75,-8,86
11496420,98,3,2,84
11496930,80,65,-1,85
11497440,95,95,2,83
11497950,7,23,3,80
11498460,6,72,2,78
11498970,33,14,1,77
11499480,52,67,-4,81
11499990,79,46,9,72
11500500,98,49,0,72
11501010,26,44,1,71
11501520,25,23,-6,77
11502030,11,76,4,73
11502540,38,41,0,73
11503050,20,20,-6,79
11503560,6,73,7,72
11504070,33,15,-11,83
11504580,52,68,3,80
11505090,79,47,0,80
11505600,98,50,4,76
11506110,26,45,-1,77
11506620,76,24,-1,78
11507130,95,76,-5,83
11507640,12,55,8,75
11508150,11,28,-2,77
11508660,10,67,2,75
11509170,21,32,6,69
11509680,20,11,-8,77
11510190,39,60,-1,78
11510700,66,39,-2,80
11511210,85,42,4,76
11511720,2,45,4,72
11512230,13,10,-10,82
11512740,76,59,-2,84
11513250,91,38,8,76
11513760,8,90,-8,84
11514270,35,55,4,80
11514780,62,34,-10,90
11515290,81,37,12,78
11515800,100,89,-1,79
11516310,7,17,2,77
11516820,35,66,-2,79
11517330,62,7,0,79
11517840,96,19,-1,80
11518350,26,71,9,71
11518860,25,32,1,70
11519370,29,11,-6,76
11519880,48,64,-13,89
11520390,30,43,16,73
11520900,12,22,-4,77
11521410,11,71,2,75
11521920,38,36,0,75
11522430,20,15,-3,78
11522940,83,68,-6,84
11523450,98,47,7,77
11523960,26,99,-5,82
11524470,53,64,10,72
11524980,35,43,-6,78
11525490,17,22,8,70
11526000,82,1,-13,83
11526510,14,47,7,76
11527020,13,20,-3,79
11527530,12,73,1,78
11528040,39,38,3,75
11528550,54,17,-8,83
11529060,73,12,5,78
11529570,92,24,-2,80
11530080,22,76,5,75
11530590,21,41,2,73
11531100,25,90,-4,77
11531610,52,55,-4,81
11532120,67,34,-2,83
11532630,86,7,6,77
11533140,60,19,-2,79
11533650,1,22,5,74
11534160,49,66,-3,77
11534670,31,45,1,76
11535180,13,24,0,76
11535690,12,23,-1,77
11536200,11,72,2,75
11536710,38,37,2,73
11537220,20,77,-5,78
11537730,31,42,-2,80
11538240,13,21,2,78
11538750,12,22,-1,79
11539260,11,21,7,72
11539770,10,70,-5,77
11540280,21,35,8,69
11540790,25,84,-9,78
11541300,24,49,4,74
11541810,27,48,-8,82
11542320,31,47,2,80
11542830,13,26,-2,82
11543340,8,25,7,75
11543850,7,74,2,73
11544360,34,39,-8,81
11544870,16,18,5,76
11545380,81,71,1,75
11545890,96,9,-5,80
11546400,53,1,-3,83
11546910,72,31,1,82
11547420,91,83,-1,83
11547930,4,21,2,81
11548440,32,8,4,77
11548950,51,7,1,76
11549460,8,19,0,76
11549970,7,68,1,75
11550480,18,33,-2,77
11550990,22,32,-4,81
11551500,87,31,4,77
11552010,17,83,2,75
11552520,55,48,-8,83
11553030,70,88,2,81
11553540,98,67,7,74
11554050,5,25,-7,81
11554560,33,74,4,77
11555070,60,15,0,77
11555580,1,18,-7,84
11556090,29,67,6,78
11556600,56,8,-4,82
11557110,75,20,8,74
11557620,5,72,0,74
11558130,32,37,-2,76
11558640,14,16,4,72
11559150,18,69,-5,77
11559660,17,34,5,72
11560170,21,83,0,72
11560680,32,48,-8,80
11561190,14,27,7,73
11561700,18,26,-3,76
11562210,22,25,5,71
11562720,4,78,-6,77
11563230,31,43,-3,80
11563740,13,42,6,74
11564250,12,29,0,74
11564760,16,28,0,74
11565270,20,27,-5,79
11565780,85,80,-6,85
11566290,100,18,3,82
11566800,30,30,6,76
11567310,12,9,-5,81
11567820,7,58,3,78
11568330,18,23,8,70
11568840,83,76,-13,83
11569350,98,14,1,82
11569860,74,26,5,77
11570370,4,78,-1,78
11570880,31,43,1,77
11571390,13,22,2,75
11571900,78,21,1,74
11572410,8,73,3,71
11572920,35,38,-10,81
11573430,17,37,8,73
11573940,21,86,-5,78
11574450,19,13,-1,79
11574960,38,66,-6,85
11575470,66,7,2,83
11575980,23,19,6,77
11576490,5,72,3,74
11577000,32,37,-4,78
11577510,14,16,-7,85
11578020,18,65,10,75
11578530,17,21,-3,78
11579040,82,74,0,78
11579550,97,12,2,76
11580060,54,24,-4,80
11580570,73,23,6,74
11581080,3,75,0,74
11581590,30,40,-6,80
11582100,12,19,1,79
11582610,77,68,-5,84
11583120,92,6,0,84
11583630,49,18,8,76
11584140,92,17,-5,81
11584650,22,29,5,76
11585160,4,28,-2,78
11585670,15,15,-2,80
11586180,18,64,4,76
11586690,66,20,1,75
11587200,7,72,-4,79
11587710,34,37,3,76
11588220,16,16,1,75
11588730,20,69,-1,76
11589240,19,25,5,71
11589750,23,24,-6,77
11590260,5,77,-3,80
11590770,32,42,-1,81
11591280,14,41,-3,84
11591790,13,40,11,73
11592300,12,13,-9,82
11592810,15,62,4,78
11593320,26,18,-3,81
11593830,8,80,5,76
11594340,35,44,4,72
11594850,17,23,-4,76
11595360,21,22,0,76
11595870,3,75,-1,77
11596380,30,40,4,73
11596890,12,19,-5,78
11597400,15,68,4,74
11597910,26,41,2,72
11598420,81,40,-4,76
11598930,22,39,-4,80
11599440,26,38,2,78
11599950,8,37,4,74
11600460,19,95,-5,79
11600970,46,60,4,75
11601480,28,39,-7,82
11601990,32,38,4,78
11602500,14,17,4,74
11603010,18,70,-2,76
11603520,29,35,-2,78
11604030,11,14,-6,84
11604540,14,63,16,68
11605050,25,36,-2,70
11605560,7,35,-7,77
11606070,18,8,-2,79
11606580,81,61,-1,80
11607090,95,26,3,77
11607600,25,78,5,72
11608110,24,43,-9,81
11608620,28,42,11,70
11609130,10,41,-6,76
11609640,21,14,-3,79
11610150,99,67,2,77
11610660,11,73,8,69
11611170,19,38,-9,78
11611680,23,37,3,75
11612190,27,36,-3,78
11612700,9,15,3,75
11613210,12,64,3,72
11613720,23,29,-2,74
11614230,5,82,0,74
11614740,32,46,0,74
11615250,60,25,-9,83
11615760,1,24,6,77
11616270,12,82,3,74
11616780,23,47,6,68
11617290,78,46,-11,79
11617800,97,45,6,73
11618310,27,40,-11,84
11618820,9,39,3,81
11619330,20,76,9,72
11619840,31,41,-3,75
11620350,13,20,-3,78
11620860,78,19,5,73
11621370,19,14,-6,79
11621880,22,67,5,74
11622390,21,28,0,74
11622900,24,27,-1,75
11623410,6,6,-3,78
11623920,17,55,-1,79
11624430,16,11,-2,81
11624940,71,64,0,81
11625450,85,2,-1,82
11625960,40,32,5,77
11626470,72,72,-1,78
11626980,86,0,0,78
11627490,68,30,-7,85
11628000,9,29,8,77
11628510,20,28,3,74
11629020,85,27,-3,77
11629530,15,79,2,75
11630040,26,44,0,75
11630550,81,43,-1,76
11631060,95,42,1,75
11631570,25,37,-1,76
11632080,7,16,-1,77
11632590,10,65,1,76
11633100,0,30,-4,80
11633610,48,96,0,80
11634120,76,37,2,78
11634630,90,36,2,76
11635140,20,96,-6,82
11635650,31,45,4,78
11636160,86,44,-2,80
11636670,100,43,9,71
11637180,30,38,-2,73
11637690,12,17,-5,78
11638200,15,70,9,69
11638710,26,26,-8,77
11639220,91,54,2,75
11639730,3,49,-5,80
11640240,14,5,0,80
11640750,7,58,10,70
11641260,18,23,-7,77
11641770,83,76,-7,84
11642280,97,4,0,84
11642790,79,34,9,75
11643300,9,33,0,75
11643810,20,70,4,71
11644320,75,26,-7,78
11644830,5,25,1,77
11645340,16,83,3,74
11645850,27,48,5,69
11646360,82,47,-12,81
11646870,101,50,8,73
11647380,21,45,2,71
11647890,76,44,-13,84
11648400,95,47,7,77
11648910,25,42,5,72
11649420,80,101,-13,85
11649930,6,80,4,81
11650440,33,29,7,74
11650950,15,96,-7,81
11651460,63,51,-1,82
11651970,77,81,0,82
11652480,91,9,3,79
11652990,48,21,-4,83
11653500,91,25,5,78
11654010,21,20,3,75
11654520,76,73,-9,84
11655030,90,1,1,83
11655540,72,31,2,81
11656050,13,30,6,75
11656560,24,29,-2,77
11657070,89,28,2,75
11657580,19,88,0,75
11658090,30,53,-7,82
11658600,85,52,0,82
11659110,2,55,11,71
11659620,13,20,-5,76
11660130,78,19,2,74
11660640,8,14,-4,78
11661150,11,63,2,76
11661660,22,3,2,74
11662170,77,2,-4,78
11662680,59,32,-2,80
11663190,0,35,1,79
11663700,11,93,0,79
11664210,59,48,-2,81
11664720,74,30,3,78
11665230,15,33,7,71
11665740,14,32,1,70
11666250,25,31,-3,73
11666760,7,74,1,72
11667270,15,39,0,72
11667780,14,98,-10,82
11668290,62,53,-3,85
11668800,77,35,4,81
11669310,96,38,5,76
11669820,26,98,3,73
11670330,37,38,-4,77
11670840,19,17,1,76
11671350,5,70,3,73
11671860,53,35,-8,81
11672370,72,38,2,79
11672880,13,41,2,77
11673390,12,51,5,72
11673900,11,24,-3,75
11674410,10,23,-2,77
11674920,9,22,3,74
11675430,8,21,-2,76
11675940,7,20,-4,80
11676450,6,69,0,80
11676960,17,18,1,79
11677470,20,10,2,77
11677980,83,63,-7,84
11678490,97,42,10,74
11679000,17,37,-2,76
11679510,72,36,-6,82
11680020,91,39,9,73
11680530,11,34,-4,77
11681040,10,33,5,72
11681550,9,20,-6,78
11682060,8,73,2,76
11682570,19,38,6,70
11683080,74,37,-9,79
11683590,93,40,8,71
11684100,13,35,-6,77
11684610,12,22,-3,80
11685120,11,21,0,80
11685630,10,74,3,77
11686140,21,29,4,73
11686650,7,28,-4,77
11687160,18,86,3,74
11687670,29,26,-5,79
11688180,11,17,-1,80
11688690,10,70,6,74
11689200,21,35,0,74
11689710,32,34,1,73
11690220,87,13,-3,76
11690730,69,25,-7,83
11691240,10,28,8,75
11691750,9,15,-4,79
11692260,12,68,7,72
11692770,23,23,-4,76
11693280,5,76,4,72
11693790,53,16,-10,82
11694300,96,15,1,81
11694810,21,27,2,79
11695320,7,26,5,74
11695830,18,13,-6,80
11696340,73,66,-5,85
11696850,88,96,4,81
11697360,70,24,-3,84
11697870,11,27,8,76
11698380,22,26,0,76
11698890,77,5,-5,81
11699400,32,35,3,78
11699910,14,14,-14,92
11700420,17,67,18,74
11700930,28,23,-10,84
11701440,10,76,10,74
11701950,21,31,-2,76
11702460,86,30,0,76
11702970,6,90,-2,78
11703480,54,54,2,76
11703990,36,84,-6,82
11704500,91,25,4,78
11705010,11,20,2,76
11705520,10,11,-5,81
11706030,65,60,0,81
11706540,80,90,-3,84
11707050,6,69,9,75
11707560,54,24,0,75
11708070,76,27,1,74
11708580,98,87,-8,82
11709090,80,15,5,77
11709600,21,27,1,76
11710110,7,26,1,75
11710620,18,92,-3,78
11711130,29,47,3,75
11711640,84,26,3,72
11712150,4,86,-4,76
11712660,52,50,-8,84
11713170,34,80,2,82
11713680,89,21,8,74
11714190,9,16,-4,78
11714700,8,65,5,73
11715210,19,20,-5,78
11715720,5,73,3,75
11716230,53,28,-8,83
11716740,96,99,6,77
11717250,78,27,0,77
11717760,100,30,-3,80
11718270,20,25,1,79
11718780,85,78,-3,82
11719290,67,35,-2,84
11719800,8,38,10,74
11720310,19,11,-10,84
11720820,74,64,0,84
11721330,89,46,5,79
11721840,9,41,6,73
11722350,20,14,-5,78
11722860,75,67,-1,79
11723370,90,5,-1,80
11723880,72,35,-3,83
11724390,13,3,1,82
11724900,6,27,5,77
11725410,17,93,0,77
11725920,65,48,-4,81
11726430,68,30,-2,83
11726940,9,33,4,79
11727450,20,20,-1,80
11727960,85,59,1,79
11728470,94,62,3,76
11728980,1,65,1,75
11729490,49,20,-4,79
11730000,92,24,0,79
11730510,34,27,-3,82
11731020,57,18,4,78
11731530,100,21,0,78
11732040,20,16,-4,82
11732550,83,69,7,75
11733060,65,48,-10,85
11733570,68,30,12,73
11734080,90,33,-5,78
11734590,10,93,-6,84
11735100,58,48,9,75
11735610,40,30,-3,78
11736120,95,12,-5,83
11736630,77,24,6,77
11737140,99,19,-3,80
11737650,19,31,6,74
11738160,22,30,0,74
11738670,8,9,-13,87
11739180,19,58,11,76
11739690,18,32,0,76
11740200,73,31,-4,80
11740710,14,34,9,71
11741220,69,7,-8,79
11741730,95,19,3,76
11742240,15,3,-2,78
11742750,8,27,-4,82
11743260,7,26,-1,83
11743770,18,84,9,74
11744280,29,39,2,72
11744790,11,18,-4,76
11745300,14,57,6,70
11745810,25,12,-5,75
11746320,88,11,-17,92
11746830,12,23,9,83
11747340,15,56,7,76
11747850,18,11,-1,77
11748360,81,64,-3,80
11748870,96,43,1,79
11749380,16,1,4,75
11749890,9,74,-5,80
11750400,20,29,6,74
11750910,75,28,-4,78
11751420,16,31,7,71
11751930,71,30,-9,80
11752440,12,33,4,76
11752950,23,6,-4,80
11753460,78,5,-2,82
11753970,33,35,1,81
11754480,19,14,1,80
11754990,82,67,-1,81
11755500,97,46,12,69
11756010,17,4,-9,78
11756520,72,77,-5,83
11757030,87,56,5,78
11757540,4,59,5,73
11758050,15,14,-2,75
11758560,1,53,-3,78
11759070,12,8,-9,87
11759580,7,57,7,80
11760090,18,12,3,77
11760600,73,65,2,75
11761110,55,47,-8,83
11761620,70,29,5,78
11762130,92,32,3,75
11762640,12,92,-2,77
11763150,60,47,-5,82
11763660,75,29,7,75
11764170,97,32,-4,79
11764680,17,92,-1,80
11765190,28,47,3,77
11765700,83,46,3,74
11766210,3,4,-10,84
11766720,14,53,3,81
11767230,13,26,4,77
11767740,8,25,0,77
11768250,11,24,-5,82
11768760,14,23,4,78
11769270,9,22,-3,81
11769780,12,21,3,78
11770290,15,20,5,73
11770800,80,59,-8,81
11771310,95,41,6,75
11771820,15,101,-8,83
11772330,63,56,1,82
11772840,78,35,3,79
11773350,19,95,-1,80
11773860,30,50,8,72
11774370,16,49,-7,79
11774880,15,4,2,77
11775390,8,28,-4,81
11775900,11,86,6,75
11776410,59,41,-8,83
11776920,62,23,-6,89
11777430,3,26,13,76
11777940,14,84,-7,83
11778450,25,39,9,74
11778960,11,38,3,71
11779470,10,96,-5,76
11779980,58,51,-5,81
11780490,73,33,0,81
11781000,14,36,4,77
11781510,17,2,-2,79
11782020,72,26,0,79
11782530,94,29,3,76
11783040,14,89,-2,78
11783550,62,44,-3,81
11784060,65,26,-3,84
11784570,6,29,13,71
11785080,17,86,3,68
11785590,20,41,-7,75
11786100,23,7,-5,80
11786610,86,6,-3,83
11787120,10,18,0,83
11787630,13,86,5,78
11788140,24,41,0,78
11788650,27,40,2,76
11789160,13,39,-1,77
11789670,16,12,-5,82
11790180,79,61,6,76
11790690,82,40,6,70
11791200,2,100,-10,80
11791710,50,55,3,77
11792220,36,56,-3,80
11792730,22,55,-6,86
11793240,25,21,8,78
11793750,11,12,3,75
11794260,76,51,-5,80
11794770,79,33,-2,82
11795280,101,93,-11,93
11795790,83,27,22,71
11796300,3,87,-13,84
11796810,51,42,7,77
11797320,33,24,0,77
11797830,36,15,-4,81
11798340,58,14,-2,83
11798850,80,13,2,81
11799360,4,25,8,73
11799870,15,83,-5,78
11800380,18,38,-1,79
11800890,73,4,-4,83
11801400,99,16,4,79
11801910,23,28,8,71
11802420,9,20,-7,78
11802930,12,19,3,75
11803440,62,93,-4,79
11803950,48,72,0,79
11804460,34,51,1,78
11804970,20,30,0,78
11805480,85,29,2,76
11805990,5,89,-10,86
11806500,53,44,7,79
11807010,39,26,0,79
11807520,42,97,-3,82
11808030,28,52,-3,85
11808540,31,18,8,77
11809050,34,89,2,75
11809560,20,44,-2,77
11810070,23,10,-10,87
11810580,86,9,4,83
11811090,10,21,2,81
11811600,13,89,3,78
11812110,16,44,-3,81
11812620,19,17,8,73
11813130,5,85,-3,76
11813640,53,40,-10,86
11814150,56,22,6,80
11814660,78,26,2,78
11815170,100,86,1,77
11815680,7,24,-3,80
11816190,10,73,5,75
11816700,13,28,2,73
11817210,16,96,-6,79
11817720,19,51,7,72
11818230,22,24,1,71
11818740,8,100,-9,80
11819250,56,55,-7,87
11819760,71,34,8,79
11820270,12,33,2,77
11820780,15,101,-2,79
11821290,18,56,3,76
11821800,17,29,2,74
11822310,20,97,-10,84
11822820,23,52,13,71
11823330,78,7,-12,83
11823840,2,19,4,79
11824350,5,10,-3,82
11824860,8,59,7,75
11825370,11,14,-1,76
11825880,14,63,1,75
11826390,17,18,2,73
11826900,3,86,-15,88
11827410,51,41,6,82
11827920,54,23,0,82
11828430,97,22,6,76
11828940,17,82,-3,79
11829450,20,37,5,74
11829960,6,3,-7,81
11830470,17,52,2,79
11830980,16,7,-4,83
11831490,79,56,9,74
11832000,88,38,-3,77
11832510,8,98,-7,84
11833020,56,53,0,84
11833530,71,32,3,81
11834040,12,92,-3,84
11834550,60,47,6,78
11835060,75,29,2,76
11835570,5,89,-5,81
11836080,53,44,3,78
11836590,35,23,-4,82
11837100,21,94,4,78
11837610,24,49,8,70
11838120,79,7,-16,86
11838630,34,19,8,78
11839140,77,90,-5,83
11839650,63,69,1,82
11840160,49,48,-2,84
11840670,35,27,-2,86
11841180,21,18,6,80
11841690,7,71,2,78
11842200,10,26,-2,80
11842710,13,94,-7,87
11843220,16,49,13,74
11843730,19,23,1,73
11844240,5,15,-14,87
11844750,33,64,5,82
11845260,19,4,1,81
11845770,74,53,0,81
11846280,77,59,6,75
11846790,91,38,-2,77
11847300,19,98,-3,80
11847810,22,53,2,78
11848320,25,8,3,75
11848830,80,7,-8,83
11849340,35,19,5,78
11849850,67,90,-5,83
11850360,15,69,4,79
11850870,18,24,2,77
11851380,83,92,-6,83
11851890,69,71,-2,85
11852400,55,9,-3,88
11852910,98,80,8,80
11853420,5,59,8,72
11853930,8,14,-11,83
11854440,11,63,10,73
11854950,14,3,-7,80
11855460,69,52,-2,82
11855970,84,34,6,76
11856480,12,94,-5,81
11856990,60,49,-1,82
11857500,75,31,4,78
11858010,3,91,-4,82
11858520,51,46,1,81
11859030,37,25,-3,84
11859540,23,96,12,72
11860050,26,51,-11,83
11860560,29,17,4,79
11861070,92,35,2,77
11861580,20,95,0,77
11862090,23,50,0,77
11862600,78,16,-7,84
11863110,100,28,3,81
11863620,20,88,8,73
11864130,23,43,-2,75
11864640,9,9,-8,83
11865150,12,58,7,76
11865660,15,100,-2,78
11866170,63,55,1,77
11866680,45,95,-3,80
11867190,31,35,5,75
11867700,13,14,-9,84
11868210,16,63,12,72
11868720,19,3,-5,77
11869230,74,27,3,74
11869740,96,87,-4,78
11870250,78,25,-2,80
11870760,100,85,-6,86
11871270,82,23,7,79
11871780,2,83,2,77
11872290,50,23,-3,80
11872800,80,94,6,74
11873310,62,73,-3,77
11873820,48,52,-2,79
11874330,34,94,3,76
11874840,20,49,1,75
11875350,75,15,-7,82
11875860,97,27,3,79
11876370,17,87,7,72
11876880,20,27,0,72
11877390,6,95,-5,77
11877900,54,35,-2,79
11878410,84,4,1,78
11878920,39,16,-4,82
11879430,82,87,-3,85
11879940,96,27,9,76
11880450,16,87,-2,78
11880960,19,42,2,76
11881470,22,8,-6,82
11881980,77,7,0,82
11882490,1,19,4,78
11883000,29,68,0,78
11883510,15,8,-7,85
11884020,70,57,4,81
11884530,84,39,5,76
11885040,12,99,-10,86
11885550,60,54,6,80
11886060,42,94,-2,82
11886570,28,31,4,78
11887080,14,70,6,72
11887590,17,11,-18,90
11888100,80,60,10,80
11888610,94,18,6,74
11889120,14,78,1,73
11889630,17,33,0,73
11890140,72,101,-13,86
11890650,100,41,12,74
11891160,28,101,-10,84
11891670,31,56,6,78
11892180,17,95,1,77
11892690,20,50,1,76
11893200,23,89,-5,81
11893710,26,29,5,76
11894220,12,97,-6,82
11894730,15,52,11,71
11895240,18,94,-2,73
11895750,21,49,-6,79
11896260,24,23,3,76
11896770,10,62,5,71
11897280,13,2,-8,79
11897790,6,51,5,74
11898300,9,6,-4,78
11898810,72,55,-9,87
11899320,75,61,-4,91
11899830,1,43,20,71
11900340,4,100,-9,80
11900850,52,55,3,77
11901360,38,97,-1,78
11901870,24,52,-6,84
11902380,27,91,14,70
11902890,30,46,-10,80
11903400,12,45,5,75
11903910,15,18,-8,83
11904420,18,67,8,75
11904930,21,7,-4,79
11905440,84,6,0,79
11905950,8,18,5,74
11906460,11,67,2,72
11906970,14,22,0,72
11907480,79,61,-9,81
11907990,82,19,8,73
11908500,2,79,-4,77
11909010,50,34,-4,81
11909520,78,3,-1,82
11910030,33,15,-1,83
11910540,96,86,-3,86
11911050,78,24,10,76
11911560,100,84,-6,82
11912070,7,63,13,69
11912580,10,3,-9,78
11913090,3,52,3,75
11913600,6,7,-3,78
11914110,9,56,4,74
11914620,12,98,-7,81
11915130,15,53,1,80
11915640,18,26,12,68
11916150,4,25,-8,76
11916660,32,3,1,75
11917170,87,74,-6,81
11917680,69,14,-6,87
11918190,10,85,7,80
11918700,58,40,0,80
11919210,61,46,-4,84
11919720,64,4,-1,85
11920230,19,16,6,79
11920740,5,55,6,73
11921250,8,10,-9,82
11921760,36,59,3,79
11922270,22,98,1,78
11922780,25,53,-1,79
11923290,11,92,4,75
11923800,59,47,-9,84
11924310,41,53,2,82
11924820,27,11,5,77
11925330,9,10,-4,81
11925840,12,59,10,71
11926350,15,101,-10,81
11926860,63,56,-5,86
11927370,45,47,4,82
11927880,27,87,5,77
11928390,13,61,-2,79
11928900,16,34,8,71
11929410,71,73,-15,86
11929920,53,13,-1,87
11930430,75,84,4,83
11930940,57,24,2,81
11931450,100,95,4,77
11931960,82,35,0,77
11932470,2,76,1,76
11932980,50,31,-3,79
11933490,93,0,-7,86
11934000,48,71,5,81
11934510,30,29,0,81
11935020,12,20,3,78
11935530,15,59,4,74
11936040,18,32,-2,76
11936550,21,31,-3,79
11937060,3,70,7,72
11937570,51,25,-8,80
11938080,94,96,-2,82
11938590,76,54,-3,85
11939100,58,60,5,80
11939610,40,0,-1,81
11940120,97,19,4,77
11940630,17,79,2,75
11941140,20,34,-3,78
11941650,2,73,-1,79
11942160,50,28,-4,83
11942670,93,99,5,78
11943180,75,57,-6,84
11943690,57,63,3,81
11944200,39,3,-5,86
11944710,21,74,14,72
11945220,24,48,-8,80
11945730,27,87,2,78
11946240,13,42,0,78
11946750,16,15,0,78
11947260,2,64,4,74
11947770,50,19,0,74
11948280,72,79,-10,84
11948790,54,37,1,83
11949300,36,43,6,77
11949810,18,42,2,75
11950320,21,41,4,71
11950830,3,80,-7,78
11951340,51,20,2,76
11951850,73,80,-7,83
11952360,55,38,-6,89
11952870,37,44,6,83
11953380,19,43,9,74
11953890,22,82,-1,75
11954400,25,37,0,75
11954910,7,36,-4,79
11955420,10,9,-4,83
11955930,5,58,5,78
11956440,12,13,0,78
11956950,7,62,9,69
11957460,55,17,-12,81
11957970,77,77,-3,84
11958480,59,35,-1,85
11958990,89,95,5,80
11959500,71,53,-4,84
11960010,53,11,6,78
11960520,75,82,0,78
11961030,57,40,-3,81
11961540,39,46,4,77
11962050,21,4,-10,87
11962560,78,53,8,79
11963070,87,11,-1,80
11963580,11,71,1,79
11964090,22,11,6,73
11964600,85,60,-4,77
11965110,94,18,-1,78
11965620,14,78,-1,79
11966130,17,33,5,74
11966640,101,82,-7,81
11967150,8,40,-1,82
11967660,71,18,6,76
11968170,93,78,-3,79
11968680,75,36,-7,86
11969190,16,96,10,76
11969700,64,51,-8,84
11970210,46,57,4,80
11970720,28,99,1,79
11971230,14,4,-7,86
11971740,7,53,16,70
11972250,18,95,-6,76
11972760,66,50,-7,83
11973270,48,8,-4,87
11973780,70,79,0,87
11974290,52,37,6,81
11974800,34,43,-6,87
11975310,16,17,6,81
11975820,81,66,5,76
11976330,63,24,-8,84
11976840,4,84,5,79
11977350,52,39,3,76
11977860,34,45,-2,78
11978370,16,44,0,78
11978880,15,22,3,75
11979390,80,61,-1,76
11979900,62,19,-6,82
11980410,3,79,2,80
11980920,51,34,1,79
11981430,60,25,-2,81
11981940,1,85,-2,83
11982450,49,40,5,78
11982960,31,31,-4,82
11983470,13,5,-2,84
11983980,76,54,4,80
11984490,58,60,-8,88
11985000,40,96,1,87
11985510,26,70,9,78
11986020,25,25,3,75
11986530,7,101,-6,81
11987040,55,56,0,81
11987550,37,98,3,78
11988060,23,53,4,74
11988570,5,27,-10,84
11989080,33,5,6,78
11989590,59,4,1,77
11990100,85,16,-8,85
11990610,9,87,7,78
11991120,57,42,-8,86
11991630,39,48,8,78
11992140,21,6,-1,79
11992650,84,55,0,79
11993160,93,13,-2,81
11993670,17,25,10,71
11994180,101,101,-10,81
11994690,83,35,1,80
11995200,11,95,-2,82
11995710,59,50,0,82
11996220,41,41,-3,85
11996730,23,15,6,79
11997240,86,6,-4,83
11997750,10,18,5,78
11998260,5,57,3,75
11998770,16,12,-3,78
11999280,79,61,-6,84
11999790,61,67,2,82
12000300,43,1,-1,83
12000810,31,20,4,79
12001320,13,11,-2,81
12001830,76,60,-1,82
12002340,58,18,-2,84
12002850,101,78,1,83
12003360,83,36,9,74
12003870,11,96,-5,79
12004380,59,51,-1,80
12004890,41,42,1,79
12005400,23,33,9,70
12005910,5,32,-11,81
12006420,33,10,-4,85
12006930,96,9,5,80
12007440,20,80,9,71
12007950,23,20,-11,82
12008460,5,96,5,77
12008970,53,51,-5,82
12009480,35,91,0,82
12009990,63,46,-6,88
12010500,78,52,7,81
12011010,6,58,7,74
12011520,17,13,-5,79
12012030,80,62,1,78
12012540,62,20,-7,85
12013050,3,80,4,81
12013560,51,35,-3,84
12014070,71,99,4,80
12014580,53,39,2,78
12015090,35,45,-9,87
12015600,17,44,13,74
12016110,80,62,-9,83
12016620,62,68,3,80
12017130,44,4,-1,81
12017640,26,75,-1,82
12018150,25,30,14,68
12018660,7,4,-13,81
12019170,18,53,6,75
12019680,73,95,-4,79
12020190,55,31,-6,85
12020700,85,0,1,84
12021210,40,19,1,83
12021720,1,90,2,81
12022230,49,30,2,79
12022740,79,101,-1,80
12023250,37,37,5,75
12023760,19,28,-3,78
12024270,1,2,-2,80
12024780,12,51,11,69
12025290,24,93,-8,77
12025800,27,48,1,76
12026310,9,97,-5,81
12026820,57,52,2,79
12027330,39,43,-3,82
12027840,21,79,2,80
12028350,32,34,4,76
12028860,14,25,-7,83
12029370,9,101,0,83
12029880,57,41,1,82
12030390,39,47,7,75
12030900,21,85,-4,79
12031410,32,40,-3,82
12031920,14,14,-3,85
12032430,0,63,9,76
12032940,48,3,-6,82
12033450,3,22,2,80
12033960,31,13,-1,81
12034470,13,12,-2,83
12034980,76,61,-4,87
12035490,58,52,4,83
12036000,40,43,7,76
12036510,22,17,-2,78
12037020,4,66,2,76
12037530,12,6,-3,79
12038040,75,55,0,79
12038550,57,61,-6,85
12039060,39,99,6,79
12039570,25,65,3,76
12040080,80,5,-4,80
12040590,35,76,4,76
12041100,17,61,0,76
12041610,80,1,-9,85
12042120,35,20,0,85
12042630,98,11,7,78
12043140,22,23,7,71
12043650,4,99,-9,80
12044160,52,39,-3,83
12044670,34,45,7,76
12045180,16,87,-5,81
12045690,28,42,3,78
12046200,10,8,-8,86
12046710,5,57,13,73
12047220,17,99,-1,74
12047730,29,54,-3,77
12048240,11,90,-2,79
12048750,59,45,1,78
12049260,74,51,1,77
12049770,2,57,1,76
12050280,14,99,-5,81
12050790,22,54,-1,82
12051300,34,96,7,75
12051810,20,51,-3,78
12052320,32,93,1,77
12052830,67,48,-6,83
12053340,97,54,4,79
12053850,4,95,1,78
12054360,52,35,-5,83
12054870,82,26,7,76
12055380,12,67,2,74
12055890,24,7,-4,78
12056400,87,100,-6,84
12056910,69,36,4,80
12057420,99,77,0,80
12057930,81,35,-2,82
12058440,9,76,6,76
12058950,21,16,-3,79
12059460,3,7,2,77
12059970,31,56,-3,80
12060480,13,92,4,76
12060990,21,47,0,76
12061500,84,25,-3,79
12062010,60,66,-7,86
12062520,42,2,4,82
12063030,24,21,11,71
12063540,6,97,-7,78
12064050,54,37,-3,81
12064560,69,43,-6,87
12065070,99,49,18,69
12065580,27,90,-14,83
12066090,13,45,7,76
12066600,25,87,-1,77
12067110,11,42,4,73
12067620,23,84,1,72
12068130,86,39,-2,74
12068640,14,80,1,73
12069150,26,20,-7,80
12069660,8,96,1,79
12070170,56,36,-5,84
12070680,38,27,2,82
12071190,20,18,7,75
12071700,46,9,3,72
12072210,22,28,-5,77
12072720,4,2,-4,81
12073230,32,51,8,73
12073740,14,93,-1,74
12074250,62,33,-5,79
12074760,92,74,-2,81
12075270,74,80,-7,88
12075780,56,16,8,80
12076290,99,35,5,75
12076800,29,76,-3,78
12077310,11,16,2,76
12077820,39,55,0,76
12078330,21,55,-8,84
12078840,84,94,1,83
12079350,66,30,5,78
12079860,7,71,3,75
12080370,15,11,-6,81
12080880,78,60,1,80
12081390,60,66,-5,85
12081900,42,2,1,84
12082410,24,21,7,77
12082920,6,12,-7,84
12083430,34,61,2,82
12083940,16,1,3,79
12084450,73,50,-6,85
12084960,88,56,9,76
12085470,16,62,1,75
12085980,79,2,-2,77
12086490,34,14,-6,83
12087000,16,5,0,83
12087510,79,98,-1,84
12088020,61,34,3,81
12088530,2,75,5,76
12089040,29,15,-2,78
12089550,11,6,-6,84
12090060,74,55,-2,86
12090570,89,61,12,74
12091080,71,67,-13,87
12091590,53,58,3,84
12092100,35,96,3,81
12092610,21,33,3,78
12093120,3,72,3,75
12093630,30,12,-2,77
12094140,12,3,-7,84
12094650,75,96,-3,87
12095160,23,32,8,79
12095670,5,6,-4,83
12096180,33,55,5,78
12096690,15,94,-2,80
12097200,42,34,8,72
12097710,24,25,-1,73
12098220,6,101,-9,82
12098730,33,41,7,75
12099240,15,79,3,72
12099750,42,19,-9,81
12100260,85,10,-2,83
12100770,67,22,1,82
12101280,8,63,5,77
12101790,20,3,-9,86
12102300,77,52,3,83
12102810,92,58,4,79
12103320,20,64,10,69
12103830,75,4,-13,82
12104340,30,16,-1,83
12104850,12,7,2,81
12105360,7,56,7,74
12105870,19,98,-3,77
12106380,46,38,2,75
12106890,28,29,-3,78
12107400,10,68,0,78
12107910,22,8,-5,83
12108420,85,101,-5,88
12108930,33,37,5,83
12109440,15,11,5,78
12109950,78,50,0,78
12110460,93,56,-1,79
12110970,21,97,1,78
12111480,48,37,-8,86
12111990,98,28,9,77
12112500,18,69,6,71
12113010,19,9,-7,78
12113520,82,0,-6,84
12114030,37,19,-3,87
12114540,87,10,5,82
12115050,42,22,-2,84
12115560,24,13,5,79
12116070,6,4,2,77
12116580,34,53,3,74
12117090,84,92,-7,81
12117600,10,34,0,81
12118110,60,73,2,79
12118620,8,9,1,78
12119130,36,58,5,73
12119640,18,97,-7,80
12120150,45,37,-3,83
12120660,27,28,7,76
12121170,9,67,4,72
12121680,10,7,-11,83
12122190,73,100,1,82
12122700,21,36,3,79
12123210,71,75,-2,81
12123720,99,11,2,79
12124230,81,23,6,73
12124740,1,64,-6,79
12125250,28,4,-6,85
12125760,10,28,1,84
12126270,38,67,6,78
12126780,88,4,-8,86
12127290,43,16,6,80
12127800,70,7,-2,82
12128310,25,19,4,78
12128820,11,22,2,76
12129330,15,61,1,75
12129840,78,1,-5,80
12130350,33,20,8,72
12130860,15,11,-5,77
12131370,78,50,-9,86
12131880,6,56,15,71
12132390,69,98,-11,82
12132900,97,38,12,70
12133410,100,79,-12,82
12133920,82,70,-3,85
12134430,8,61,13,72
12134940,20,1,-2,74
12135450,77,30,-5,79
12135960,18,71,6,73
12136470,19,8,-7,80
12136980,82,101,-4,84
12137490,8,37,2,82
12138000,20,76,11,71
12138510,21,13,-6,77
12139020,84,4,-5,82
12139530,39,16,-2,84
12140040,82,7,2,82
12140550,19,19,1,81
12141060,5,58,7,74
12141570,6,100,-11,85
12142080,33,64,8,77
12142590,83,1,-3,80
12143100,38,13,1,79
12143610,81,17,0,79
12144120,57,88,-4,83
12144630,85,25,8,75
12145140,5,66,1,74
12145650,32,6,-4,78
12146160,14,77,5,73
12146670,41,17,-8,81
12147180,63,8,3,78
12147690,89,20,-4,82
12148200,65,61,1,81
12148710,93,52,3,78
12149220,21,93,2,76
12149730,48,30,-1,77
12150240,98,21,-3,80
12150750,74,92,-5,85
12151260,0,28,11,74
12151770,28,19,0,74
12152280,10,10,-6,80
12152790,73,59,0,80
12153300,101,50,8,72
12153810,21,91,-3,75
12154320,48,31,-7,82
12154830,76,22,7,75
12155340,98,63,-2,77
12155850,26,69,1,76
12156360,27,6,-6,82
12156870,90,99,-6,88
12157380,16,35,11,77
12157890,79,74,-9,86
12158400,5,10,6,80
12158910,33,59,1,79
12159420,83,98,1,78
12159930,9,34,2,76
12160440,72,73,-5,81
12160950,100,9,-3,84
12161460,24,21,11,73
12161970,10,12,-14,87
12162480,38,51,14,73
12162990,20,90,-9,82
12163500,21,27,8,74
12164010,7,66,0,74
12164520,15,6,-6,80
12165030,78,99,-1,81
12165540,4,35,2,79
12166050,32,26,1,78
12166560,14,17,0,78
12167070,77,56,0,78
12167580,92,62,3,75
12168090,5,1,-7,82
12168600,33,50,10,72
12169110,61,89,-16,88
12169620,9,26,8,80
12170130,37,65,7,73
12170640,65,2,-8,81
12171150,20,14,3,78
12171660,83,5,-6,84
12172170,38,17,3,81
12172680,57,8,0,81
12173190,83,20,9,72
12173700,3,61,-4,76
12174210,30,1,-5,81
12174720,18,30,11,70
12175230,81,69,-13,83
12175740,7,60,12,71
12176250,8,0,-8,79
12176760,71,49,-1,80
12177270,99,90,1,79
12177780,25,81,-2,81
12178290,26,18,2,79
12178800,89,9,-1,80
12179310,13,21,2,78
12179820,78,60,-1,79
12180330,4,51,1,78
12180840,67,93,-6,84
12181350,95,30,15,69
12181860,15,71,-3,72
12182370,16,11,-6,78
12182880,91,60,4,74
12183390,4,101,-10,84
12183900,31,65,2,82
12184410,59,2,1,81
12184920,14,14,-7,88
12185430,77,63,10,78
12185940,3,54,-1,79
12186450,66,96,-1,80
12186960,94,27,4,76
12187470,14,68,-1,77
12187980,77,8,-2,79
12188490,1,20,-4,83
12189000,29,11,3,80
12189510,92,2,-5,85
12190020,47,14,3,82
12190530,66,85,-1,83
12191040,94,21,7,76
12191550,14,62,1,75
12192060,77,2,-5,80
12192570,32,14,0,80
12193080,75,5,-3,83
12193590,30,17,4,79
12194100,93,8,0,79
12194610,17,20,6,73
12195120,82,59,-8,81
12195630,97,100,1,80
12196140,23,36,3,77
12196650,5,75,-2,79
12197160,32,15,-4,83
12197670,51,6,-1,84
12198180,77,77,3,81
12198690,3,13,3,78
12199200,31,4,-2,80
12199710,13,75,3,77
12200220,14,30,0,77
12200730,77,69,-10,87
12201240,3,60,19,68
12201750,11,0,-13,81
12202260,4,49,9,72
12202770,67,91,-11,83
12203280,95,27,5,78
12203790,15,68,5,73
12204300,27,8,-1,74
12204810,33,79,-5,79
12205320,26,16,2,77
12205830,89,7,-8,85
12206340,44,19,7,78
12206850,87,90,-4,82
12207360,13,26,8,74
12207870,17,65,-3,77
12208380,29,2,-4,81
12208890,86,31,7,74
12209400,6,72,-1,75
12209910,14,12,-9,84
12210420,9,61,13,71
12210930,72,1,-9,80
12211440,27,13,0,80
12211950,90,4,-3,83
12212460,45,16,2,81
12212970,88,87,-3,84
12213480,9,23,3,81
12213990,37,62,1,80
12214500,19,101,-1,81
12215010,46,56,11,70
12215520,28,94,-8,78
12216030,55,31,-3,81
12216540,98,0,-3,84
12217050,80,71,1,83
12217560,6,62,8,75
12218070,69,2,-9,84
12218580,24,14,9,75
12219090,87,5,-3,78
12219600,42,17,-8,86
12220110,85,88,6,80
12220620,6,24,6,74
12221130,69,15,-6,80
12221640,95,86,3,77
12222150,16,77,-1,78
12222660,28,32,2,76
12223170,10,90,-2,78
12223680,37,45,-2,80
12224190,19,83,5,75
12224700,31,38,-8,83
12225210,13,12,1,82
12225720,76,61,2,80
12226230,91,52,-6,86
12226740,4,93,5,81
12227250,31,48,2,79
12227760,13,87,5,74
12228270,40,42,-1,75
12228780,22,80,-11,86
12229290,34,17,3,83
12229800,77,88,2,81
12230310,59,24,2,79
12230820,0,65,-1,80
12231330,27,20,7,73
12231840,9,11,-7,80
12232350,37,2,-6,86
12232860,19,73,7,79
12233370,31,10,-1,80
12233880,13,81,3,77
12234390,25,36,2,75
12234900,7,75,-1,76
12235410,15,30,-3,79
12235920,19,69,7,72
12236430,31,6,-9,81
12236940,13,77,9,72
12237450,25,32,-2,74
12237960,7,71,-4,78
12238470,15,26,2,76
12238980,80,65,-6,82
12239490,95,56,9,73
12240000,8,97,-8,81
12240510,35,52,3,78
12241020,17,90,7,71
12241530,29,45,-7,78
12242040,27,84,2,76
12242550,39,39,-4,80
12243060,21,30,2,78
12243570,3,69,8,70
12244080,30,24,-12,82
12244590,12,15,0,82
12245100,77,54,7,75
12245610,92,60,-3,78
12246120,5,66,9,69
12246630,13,21,-8,77
12247140,78,60,-5,82
12247650,93,66,2,80
12248160,6,72,4,76
12248670,14,27,1,75
12249180,79,66,-4,79
12249690,94,57,3,76
12250200,7,98,-6,82
12250710,34,53,4,78
12251220,16,92,2,76
12251730,28,47,-2,78
12252240,10,86,-7,85
12252750,18,41,12,73
12253260,30,80,-6,79
12253770,57,17,-3,82
12254280,100,88,-3,85
12254790,13,79,12,73
12255300,25,34,0,73
12255810,7,72,-3,76
12256320,19,27,5,71
12256830,1,66,-3,74
12257340,28,21,-5,79
12257850,43,97,0,79
12258360,70,34,0,79
12258870,85,75,0,79
12259380,6,66,3,76
12259890,18,21,-2,78
12260400,83,60,-4,82
12260910,98,66,7,75
12261420,11,72,5,70
12261930,23,27,-3,73
12262440,5,1,-5,78
12262950,16,50,5,73
12263460,28,89,-5,78
12263970,55,44,-4,82
12264480,70,35,-1,83
12264990,85,76,0,83
12265500,100,12,5,78
12266010,24,24,4,74
12266520,6,100,-4,78
12267030,33,55,0,78
12267540,15,94,-6,84
12268050,27,49,6,78
12268560,9,4,-1,79
12269070,72,97,-1,80
12269580,100,33,-1,81
12270090,20,74,8,73
12270600,32,29,-3,76
12271110,14,20,-2,78
12271620,79,59,3,75
12272130,94,65,-1,76
12272640,7,71,1,75
12273150,15,26,-4,79
12273660,80,65,1,78
12274170,95,44,1,77
12274680,15,85,3,74
12275190,27,40,1,73
12275700,92,79,-9,82
12276210,5,15,2,80
12276720,33,64,2,78
12277230,61,1,-1,79
12277740,16,13,2,77
12278250,79,52,-1,78
12278760,94,58,5,73
12279270,7,64,1,72
12279780,19,19,-5,77
12280290,82,58,-3,80
12280800,97,64,0,80
12281310,10,70,1,79
12281820,22,25,3,76
12282330,87,45,-3,79
12282840,0,86,-2,81
12283350,27,41,8,73
12283860,8,79,-9,82
12284370,16,34,5,77
12284880,28,73,-5,82
12285390,40,10,0,82
12285900,66,81,-7,89
12286410,94,17,12,77
12286920,18,88,6,71
12287430,30,43,-3,74
12287940,53,81,-10,84
12288450,80,22,7,77
12288960,21,63,4,73
12289470,33,18,-4,77
12289980,96,89,-10,87
12290490,17,25,9,78
12291000,80,64,-7,85
12291510,95,70,5,80
12292020,8,76,4,76
12292530,16,31,0,76
12293040,79,70,-9,85
12293550,94,8,-1,86
12294060,18,20,11,75
12294570,83,59,-6,81
12295080,98,65,3,78
12295590,11,71,6,72
12296100,23,26,-3,75
12296610,88,0,-10,85
12297120,43,71,2,83
12297630,71,8,-2,85
12298140,84,79,-1,86
12298650,99,15,2,84
12299160,66,86,0,84
12299670,94,22,4,80
12300180,18,93,5,75
12300690,45,48,2,73
12301200,73,86,-12,85
12301710,96,22,13,72
12302220,20,63,-1,73
12302730,32,18,-6,79
12303240,95,89,0,79
12303750,16,25,6,73
12304260,81,64,-6,79
12304770,96,70,1,78
12305280,9,76,1,77
12305790,17,31,-1,78
12306300,80,70,-2,80
12306810,95,76,2,78
12307320,8,82,3,75
12307830,16,37,1,74
12308340,28,76,-9,83
12308850,40,31,5,78
12309360,55,22,-8,86
12309870,98,93,-1,87
12310380,19,29,15,72
12310890,82,68,-12,84
12311400,97,74,-2,86
12311910,10,80,9,77
12312420,18,35,0,77
12312930,81,74,-13,90
12313440,96,10,11,79
12313950,20,22,0,79
12314460,85,98,-6,85
12314970,6,34,6,79
12315480,18,91,-2,81
12315990,30,35,1,80
12316500,93,74,-5,85
12317010,6,36,11,74
12317520,18,93,-2,76
12318030,30,48,0,76
12318540,93,86,-9,85
12319050,14,22,8,77
12319560,79,61,-1,78
12320070,94,67,1,77
12320580,7,73,6,71
12321090,15,28,-8,79
12321600,78,67,-8,87
12322110,93,73,7,80
12322620,6,79,-1,81
12323130,14,34,10,71
12323640,26,73,-9,80
12324150,38,28,1,79
12324660,53,2,-3,82
12325170,79,73,-2,84
12325680,94,9,3,81
12326190,18,21,3,78
12326700,83,34,3,75
12327210,0,75,-2,77
12327720,27,30,2,75
12328230,92,69,-7,82
12328740,5,75,5,77
12329250,13,74,3,74
12329760,21,29,5,69
12330270,84,68,-15,84
12330780,99,74,7,77
12331290,6,80,1,76
12331800,14,35,-4,80
12332310,17,74,12,68
12332820,29,29,-7,75
12333330,92,3,-12,87
12333840,16,15,9,78
12334350,81,54,-1,79
12334860,96,60,1,78
12335370,3,101,-2,80
12335880,30,56,3,77
12336390,57,95,2,75
12336900,84,36,-2,77
12337410,1,77,-2,79
12337920,28,32,-1,80
12338430,91,6,-2,82
12338940,15,18,3,79
12339450,80,57,-3,82
12339960,95,63,3,79
12340470,2,69,5,74
12340980,29,24,-3,77
12341490,84,100,-5,82
12342000,5,36,6,76
12342510,17,93,-5,81
12343020,44,48,4,77
12343530,59,86,-5,82
12344040,86,57,6,76
12344550,101,63,-1,77
12345060,8,69,4,73
12345570,16,24,-7,80
12346080,81,63,-3,83
12346590,96,69,9,74
12347100,3,75,-3,77
12347610,11,30,1,76
12348120,74,69,-10,86
12348630,89,5,4,82
12349140,13,17,3,79
12349650,76,56,-3,82
12350160,91,62,4,78
12350670,4,68,1,77
12351180,12,23,-2,79
12351690,77,62,-4,83
12352200,92,68,2,81
12352710,101,74,3,78
12353220,8,80,5,73
12353730,16,35,-2,75
12354240,79,74,-5,80
12354750,0,10,2,78
12355260,28,59,0,78
12355770,91,98,-2,80
12356280,12,34,3,77
12356790,75,73,-6,83
12357300,98,9,-1,84
12357810,22,21,10,74
12358320,85,60,-12,86
12358830,99,66,8,78
12359340,6,72,3,75
12359850,14,27,-1,76
12360360,77,66,-8,84
12360870,91,72,4,80
12361380,3,78,6,74
12361890,11,33,-4,78
12362400,74,72,-3,81
12362910,42,8,-1,82
12363420,68,79,-4,86
12363930,82,15,4,82
12364440,6,27,8,74
12364950,62,64,-10,84
12365460,76,0,3,81
12365970,31,71,-3,84
12366480,58,8,-2,86
12366990,84,79,7,79
12367500,98,15,-4,83
12368010,22,86,6,77
12368520,49,41,-4,81
12369030,77,47,3,78
12369540,91,53,-2,80
12370050,3,94,-2,82
12370560,30,49,8,74
12371070,58,88,-11,85
12371580,85,25,10,75
12372090,9,66,1,74
12372600,17,21,-3,77
12373110,82,60,0,77
12373620,96,66,-3,80
12374130,8,72,4,76
12374640,16,27,-3,79
12375150,79,66,-5,84
12375660,93,72,-3,87
12376170,5,78,12,75
12376680,13,33,-2,77
12377190,76,72,-8,85
12377700,90,8,9,76
12378210,14,20,2,74
12378720,77,59,-8,82
12379230,91,65,4,78
12379740,3,71,4,74
12380250,11,26,-2,76
12380760,74,65,-9,85
12381270,88,71,9,76
12381780,0,77,-2,78
12382290,27,32,4,74
12382800,90,71,-4,78
12383310,2,77,6,72
12383820,29,32,-3,75
12384330,92,6,-4,79
12384840,16,18,-1,80
12385350,79,57,-1,81
12385860,93,63,-1,82
12386370,5,69,9,73
12386880,13,24,-2,75
12387390,76,63,-6,81
12387900,90,69,-4,85
12388410,2,75,6,79
12388920,10,30,6,73
12389430,73,69,-10,83
12389940,87,5,2,81
12390450,66,76,-3,84
12390960,94,12,4,80
12391470,18,24,6,74
12391980,83,63,-6,80
12392490,97,69,1,79
12393000,9,75,-1,80
12393510,17,30,5,75
12394020,80,69,-9,84
12394530,94,75,6,78
12395040,6,81,1,77
12395550,14,36,1,76
12396060,69,75,-7,83
12396570,83,11,3,80
12397080,7,82,3,77
12397590,55,37,-7,84
12398100,69,6,-3,87
12398610,95,77,8,79
12399120,7,83,-3,82
12399630,55,38,5,77
12400140,69,44,-4,81
12400650,83,50,7,74
12401160,80,91,-15,89
12401670,94,27,10,79
12402180,18,68,9,70
12402690,81,23,-6,76
12403200,5,64,0,76
12403710,53,19,-5,81
12404220,83,90,3,78
12404730,4,26,-3,81
12405240,32,83,3,78
12405750,46,20,-3,81
12406260,7,91,-6,87
12406770,55,46,4,83
12407280,69,52,1,82
12407790,83,58,1,81
12408300,97,64,9,72
12408810,9,70,-5,77
12409320,10,25,4,73
12409830,9,64,4,69
12410340,20,19,-5,74
12410850,83,58,-3,77
12411360,97,64,-3,80
12411870,9,70,7,73
12412380,16,25,-1,74
12412890,81,64,-8,82
12413400,95,70,5,77
12413910,7,76,5,72
12414420,55,31,-7,79
12414930,69,0,-6,85
12415440,67,71,1,84
12415950,81,7,5,79
12416460,5,78,7,72
12416970,53,33,-7,79
12417480,67,2,-4,83
12417990,93,73,0,83
12418500,5,79,9,74
12419010,53,34,-4,78
12419520,67,3,-4,82
12420030,93,74,8,74
12420540,5,80,-5,79
12421050,53,35,-4,83
12421560,67,4,1,82
12422070,93,75,4,78
12422580,5,81,-2,80
12423090,53,36,1,79
12423600,67,42,-6,85
12424110,81,11,6,79
12424620,5,82,0,79
12425130,53,37,-1,80
12425640,67,43,-3,83
12426150,81,12,2,81
12426660,5,83,3,78
12427170,53,38,-3,81
12427680,67,44,0,81
12428190,81,50,3,78
12428700,95,56,6,72
12429210,7,97,-9,81
12429720,55,52,-2,83
12430230,69,90,0,83
12430740,51,26,-3,86
12431250,65,97,0,86
12431760,93,34,6,80
12432270,21,75,7,73
12432780,20,12,-7,80
12433290,83,65,3,77
12433800,97,71,-2,79
12434310,9,77,3,76
12434820,57,32,-8,84
12435330,71,1,-2,86
12435840,97,72,5,81
12436350,9,78,-1,82
12436860,57,33,2,80
12437370,71,2,-4,84
12437880,97,73,5,79
12438390,9,79,9,70
12438900,16,34,-5,75
12439410,79,73,-10,85
12439920,93,9,6,79
12440430,17,80,4,75
12440940,16,35,-2,77
12441450,15,46,4,73
12441960,14,85,-5,78
12442470,62,40,-6,84
12442980,76,9,2,82
12443490,0,80,1,81
12444000,48,35,-3,84
12444510,62,41,-1,85
12445020,76,10,5,80
12445530,0,81,2,78
12446040,48,45,1,77
12446550,62,83,-2,79
12447060,90,19,-3,82
12447570,14,90,2,80
12448080,62,45,-3,83
12448590,76,51,7,76
12449100,90,57,2,74
12449610,2,63,1,73
12450120,10,18,-9,82
12450630,9,57,7,75
12451140,72,12,-4,79
12451650,98,83,-3,82
12452160,10,19,4,78
12452670,9,58,3,75
12453180,72,13,-7,82
12453690,13,84,9,73
12454200,61,39,-13,86
12454710,75,8,2,84
12455220,101,79,0,84
12455730,8,85,4,80
12456240,56,40,-2,82
12456750,70,46,-5,87
12457260,84,52,8,79
12457770,98,93,1,78
12458280,19,29,-2,80
12458790,82,68,3,77
12459300,96,74,-3,80
12459810,15,80,3,77
12460320,14,35,-1,78
12460830,13,74,7,71
12461340,12,29,-7,78
12461850,75,68,-5,83
12462360,89,4,0,83
12462870,13,16,2,81
12463380,78,55,3,78
12463890,92,61,0,78
12464400,101,67,4,74
12464910,8,73,-3,77
12465420,15,28,-8,85
12465930,78,67,2,83
12466440,92,73,3,80
12466950,4,79,7,73
12467460,52,43,-3,76
12467970,66,49,-3,79
12468480,80,55,2,77
12468990,94,61,-2,79
12469500,6,67,3,76
12470010,14,22,-6,82
12470520,79,61,2,80
12471030,93,67,-4,84
12471540,5,73,10,74
12472050,13,28,-4,78
12472560,12,67,4,74
12473070,11,22,-13,87
12473580,10,61,18,69
12474090,9,16,-16,85
12474600,12,55,9,76
12475110,11,94,-3,79
12475620,59,49,0,79
12476130,73,55,-7,86
12476640,87,61,6,80
12477150,101,67,3,77
12477660,8,73,4,73
12478170,15,28,0,73
12478680,78,67,-17,90
12479190,92,73,19,71
12479700,101,79,-10,81
12480210,8,85,4,77
12480720,56,40,-5,82
12481230,70,46,-3,85
12481740,84,61,3,82
12482250,98,67,9,73
12482760,5,73,-2,75
12483270,13,37,-5,80
12483780,12,76,-2,82
12484290,23,31,4,78
12484800,9,70,2,76
12485310,16,25,-1,77
12485820,81,64,-4,81
12486330,95,70,1,80
12486840,2,76,-3,83
12487350,50,40,2,81
12487860,64,46,1,80
12488370,78,52,-1,81
12488880,92,58,2,79
12489390,101,64,-1,80
12489900,8,70,4,76
12490410,15,25,-3,79
12490920,18,64,7,72
12491430,17,1,-5,77
12491940,72,72,-3,80
12492450,86,8,1,79
12492960,10,20,1,78
12493470,13,59,3,75
12493980,12,98,-6,81
12494490,60,62,-2,83
12495000,83,41,6,77
12495510,11,82,0,77
12496020,18,37,-3,80
12496530,81,76,-2,82
12497040,2,12,-1,83
12497550,13,61,7,76
12498060,12,100,-8,84
12498570,60,64,4,80
12499080,83,0,-2,82
12499590,6,71,8,74
12500100,54,26,-9,83
12500610,97,97,3,80
12501120,18,33,8,72
12501630,21,72,-9,81
12502140,24,9,1,80
12502650,87,80,-3,83
12503160,8,16,3,80
12503670,11,65,6,74
12504180,22,20,-3,77
12504690,85,59,-8,85
12505200,99,65,5,80
12505710,6,71,6,74
12506220,14,26,2,72
12506730,79,65,-13,85
12507240,93,1,7,78
12507750,16,72,2,76
12508260,19,9,-2,78
12508770,82,48,-4,82
12509280,91,89,-2,84
12509790,12,25,4,80
12510300,15,64,7,73
12510810,18,1,-6,79
12511320,29,50,4,75
12511830,52,89,-11,86
12512340,80,26,11,75
12512850,21,67,-3,78
12513360,24,4,3,75
12513870,41,75,-1,76
12514380,69,12,-1,77
12514890,95,83,-2,79
12515400,16,19,-2,81
12515910,19,58,8,73
12516420,22,97,-6,79
12516930,25,34,3,76
12517440,48,73,-7,83
12517950,71,10,3,80
12518460,97,81,1,79
12518970,4,17,2,77
12519480,15,66,4,73
12519990,18,3,-10,83
12520500,29,52,3,80
12521010,92,91,-3,83
12521520,13,27,5,78
12522030,16,66,5,73
12522540,19,3,-11,84
12523050,76,52,-1,85
12523560,79,58,2,83
12524070,82,64,5,78
12524580,91,70,2,76
12525090,100,76,-12,88
12525600,7,82,8,80
12526110,55,46,-4,84
12526620,83,28,13,71
12527130,3,69,-8,79
12527640,11,33,2,77
12528150,14,72,3,74
12528660,17,50,2,72
12529170,97,89,-11,83
12529680,18,25,9,74
12530190,83,64,-8,82
12530700,97,70,4,78
12531210,4,76,1,77
12531720,52,40,-11,88
12532230,55,79,6,82
12532740,83,15,4,78
12533250,7,27,-4,82
12533760,10,66,7,75
12534270,21,99,5,70
12534780,24,36,-8,78
12535290,47,75,-1,79
12535800,81,12,-7,86
12536310,5,24,7,79
12536820,16,63,3,76
12537330,19,0,-1,77
12537840,74,29,-3,80
12538350,15,70,-2,82
12538860,18,7,6,76
12539370,81,46,-4,80
12539880,84,49,3,77
12540390,87,52,1,76
12540900,96,55,0,76
12541410,3,96,-3,79
12541920,11,60,4,75
12542430,22,93,-6,81
12542940,25,30,9,72
12543450,48,69,-9,81
12543960,71,6,1,80
12544470,97,18,-2,82
12544980,21,30,5,77
12545490,86,69,-2,79
12546000,95,5,-3,82
12546510,18,17,5,77
12547020,83,56,-2,79
12547530,98,59,5,74
12548040,5,62,-5,79
12548550,13,95,-1,80
12549060,61,59,1,79
12549570,89,97,-9,88
12550080,10,33,14,74
12550590,22,72,-7,81
12551100,25,9,3,78
12551610,36,80,-2,80
12552120,64,17,-6,86
12552630,5,13,7,79
12553140,33,62,5,74
12553650,88,101,-6,80
12554160,9,37,1,79
12554670,12,76,9,70
12555180,15,7,-8,78
12555690,78,56,-6,84
12556200,81,59,6,78
12556710,92,62,1,77
12557220,101,65,-3,80
12557730,8,68,6,74
12558240,16,101,-4,78
12558750,64,79,-5,83
12559260,92,15,4,79
12559770,16,27,2,77
12560280,81,66,-9,86
12560790,7,2,4,82
12561300,18,51,9,73
12561810,73,90,-8,81
12562320,96,26,4,77
12562830,16,15,-6,83
12563340,81,54,6,77
12563850,90,57,-3,80
12564360,99,60,5,75
12564870,6,63,2,73
12565380,14,96,-4,77
12565890,39,74,-6,83
12566400,67,11,2,81
12566910,92,23,1,80
12567420,12,12,5,75
12567930,77,51,-5,80
12568440,86,54,0,80
12568950,27,57,0,80
12569460,82,96,-8,88
12569970,8,32,15,73
12570480,20,71,-1,74
12570990,23,8,-9,83
12571500,34,9,4,79
12572010,77,80,-9,88
12572520,100,16,12,76
12573030,23,28,-8,84
12573540,88,67,3,81
12574050,29,70,7,74
12574560,84,7,-9,83
12575070,8,19,3,80
12575580,11,58,6,74
12576090,23,97,0,74
12576600,26,34,-2,76
12577110,49,73,3,73
12577620,72,10,-9,82
12578130,4,22,1,81
12578640,32,61,5,76
12579150,60,100,-5,81
12579660,88,37,4,77
12580170,11,40,3,74
12580680,23,79,1,73
12581190,78,16,-3,76
12581700,19,28,-4,80
12582210,84,67,-2,82
12582720,25,70,5,77
12583230,80,7,-4,81
12583740,12,19,-2,83
12584250,15,58,8,75
12584760,27,97,-3,78
12585270,30,34,3,75
12585780,53,72,0,75
12586290,76,8,-11,86
12586800,8,20,10,76
12587310,11,59,-2,78
12587820,23,98,2,76
12588330,35,35,0,76
12588840,17,74,3,73
12589350,29,11,-5,78
12589860,72,82,-11,89
12590370,100,18,5,84
12590880,23,30,4,80
12591390,88,69,0,80
12591900,97,72,3,77
12592410,4,75,2,75
12592920,52,39,-3,78
12593430,80,42,-1,79
12593940,21,45,3,76
12594450,33,84,-6,82
12594960,47,21,-3,85
12595470,90,25,10,75
12595980,31,66,-3,78
12596490,59,3,-4,82
12597000,93,15,1,81
12597510,16,27,1,80
12598020,81,66,1,79
12598530,10,2,-2,81
12599040,3,51,9,72
12599550,15,84,0,72
12600060,63,21,-6,78
12600570,4,11,6,72
12601080,15,60,-4,76
12601590,27,99,-5,81
12602100,39,36,1,80
12602610,60,75,-5,85
12603120,83,11,0,85
12603630,15,19,-1,86
12604140,80,58,7,79
12604650,21,61,0,79
12605160,76,100,-2,81
12605670,2,36,5,76
12606180,14,69,6,70
12606690,26,6,-11,81
12607200,43,7,2,79
12607710,60,26,2,77
12608220,1,29,2,75
12608730,29,67,-3,78
12609240,41,4,1,77
12609750,58,23,-2,79
12610260,101,26,3,76
12610770,24,67,0,76
12611280,79,4,-6,82
12611790,11,16,2,80
12612300,14,55,9,71
12612810,26,94,-6,77
12613320,38,31,-4,81
12613830,41,70,5,76
12614340,69,7,-6,82
12614850,1,19,9,73
12615360,29,56,-2,75
12615870,57,95,-8,83
12616380,85,32,6,77
12616890,8,21,0,77
12617400,73,60,-9,86
12617910,101,98,10,76
12618420,22,34,2,74
12618930,25,73,0,74
12619440,80,10,-5,79
12619950,12,22,1,78
12620460,77,61,-4,82
12620970,18,64,4,78
12621480,30,1,-5,83
12621990,64,30,0,83
12622500,5,33,1,82
12623010,17,71,7,75
12623520,29,8,-4,79
12624030,52,9,-2,81
12624540,77,10,-1,82
12625050,9,22,-2,84
12625560,12,61,7,77
12626070,24,100,-4,81
12626580,36,8,2,79
12627090,79,9,0,79
12627600,11,21,1,78
12628110,14,60,3,75
12628620,26,99,-4,79
12629130,38,36,3,76
12629640,61,74,-6,82
12630150,84,10,-1,83
12630660,16,88,11,72
12631170,64,24,-5,77
12631680,5,27,2,75
12632190,17,65,8,67
12632700,29,2,-7,74
12633210,46,21,-9,83
12633720,89,22,7,76
12634230,30,18,-2,78
12634740,53,19,-2,80
12635250,96,15,2,78
12635760,19,27,5,73
12636270,42,66,-11,84
12636780,65,3,1,83
12637290,99,15,9,74
12637800,22,27,-1,75
12638310,25,66,-2,77
12638820,80,3,-3,80
12639330,12,15,4,76
12639840,77,54,-5,81
12640350,18,57,-3,84
12640860,17,96,9,75
12641370,65,32,-7,82
12641880,6,35,12,70
12642390,18,68,-11,81
12642900,30,5,-1,82
12643410,47,6,5,77
12643920,64,7,-1,78
12644430,98,19,-4,82
12644940,21,31,7,75
12645450,86,70,-10,85
12645960,7,6,9,76
12646470,18,55,-2,78
12646980,73,94,-5,83
12647490,101,30,8,75
12648000,21,71,5,70
12648510,76,8,-8,78
12649020,8,20,-4,82
12649530,36,59,4,78
12650040,64,98,-2,80
12650550,92,35,8,72
12651060,15,76,0,72
12651570,63,12,-6,78
12652080,4,24,-2,80
12652590,32,62,-2,82
12653100,60,101,4,78
12653610,88,38,2,76
12654120,11,41,7,69
12654630,23,80,-13,82
12655140,71,17,8,74
12655650,12,29,-4,78
12656160,24,68,2,76
12656670,36,86,-1,77
12657180,64,23,-3,80
12657690,5,26,3,77
12658200,33,64,-7,84
12658710,61,1,0,84
12659220,95,14,1,83
12659730,27,26,10,73
12660240,50,65,-7,80
12660750,78,1,-5,85
12661260,10,13,9,76
12661770,13,52,-3,79
12662280,25,70,5,74
12662790,80,88,-8,82
12663300,6,24,3,79
12663810,34,25,1,78
12664320,57,101,-4,82
12664830,85,38,8,74
12665340,8,79,-1,75
12665850,56,10,-8,83
12666360,99,11,6,77
12666870,31,23,-1,78
12667380,34,62,-1,79
12667890,62,101,-1,80
12668400,90,38,5,75
12668910,13,79,-4,79
12669420,61,43,-2,81
12669930,2,46,11,70
12670440,14,79,-9,79
12670950,62,10,-4,83
12671460,3,22,1,82
12671970,31,23,3,79
12672480,34,62,7,72
12672990,62,101,-10,82
12673500,90,38,7,75
12674010,13,79,1,74
12674520,61,10,-9,83
12675030,2,22,7,76
12675540,30,88,1,75
12676050,78,25,-5,80
12676560,19,66,4,76
12677070,31,3,-4,80
12677580,48,4,3,77
12678090,82,5,-2,79
12678600,14,17,-3,82
12679110,79,56,3,79
12679620,5,59,7,72
12680130,53,92,-7,79
12680640,81,29,6,73
12681150,4,70,-2,75
12681660,52,34,-4,79
12682170,80,37,0,79
12682680,21,78,1,78
12683190,33,15,-3,81
12683700,76,16,3,78
12684210,17,28,3,75
12684720,82,67,-5,80
12685230,8,68,7,73
12685740,56,101,-9,82
12686250,84,38,5,77
12686760,7,79,4,73
12687270,55,90,-6,79
12687780,83,27,-1,80
12688290,24,68,3,77
12688800,79,86,-8,85
12689310,5,22,2,83
12689820,33,23,3,80
12690330,61,24,-3,83
12690840,2,25,5,78
12691350,30,26,-2,80
12691860,58,65,2,78
12692370,86,1,-10,88
12692880,18,13,10,78
12693390,21,8,-4,82
12693900,38,9,2,80
12694410,81,10,0,80
12694920,13,22,5,75
12695430,78,61,-10,85
12695940,4,62,10,75
12696450,52,95,-1,76
12696960,80,32,3,73
12697470,3,73,-1,74
12697980,51,74,-4,78
12698490,79,11,1,77
12699000,11,23,-1,78
12699510,76,62,-6,84
12700020,2,63,10,74
12700530,50,27,-3,77
12701040,93,28,1,76
12701550,16,69,5,71
12702060,28,4,-6,77
12702570,45,5,0,77
12703080,62,6,-5,82
12703590,79,18,9,73
12704100,20,14,-2,75
12704610,75,15,-6,81
12705120,16,11,-2,83
12705630,79,12,3,80
12706140,11,8,-3,83
12706650,74,57,-1,84
12707160,0,58,11,73
12707670,48,95,-15,88
12708180,76,32,11,77
12708690,17,73,0,77
12709200,29,10,-1,78
12709710,72,11,-5,83
12710220,13,7,-2,85
12710730,76,56,3,82
12711240,17,57,4,78
12711750,72,75,1,77
12712260,100,11,-9,86
12712770,32,7,5,81
12713280,49,8,1,80
12713790,74,9,-6,86
12714300,6,5,6,80
12714810,17,54,0,80
12715320,29,72,8,72
12715830,84,90,-10,82
12716340,10,26,7,75
12716850,13,27,-5,80
12717360,78,66,-1,81
12717870,4,2,1,80
12718380,15,51,3,77
12718890,27,69,-2,79
12719400,82,87,-6,85
12719910,8,23,9,76
12720420,73,24,-3,79
12720930,14,20,1,78
12721440,79,21,2,76
12721950,20,62,-2,78
12722460,75,80,-7,85
12722970,1,16,4,81
12723480,29,17,1,80
12723990,72,18,4,76
12724500,13,14,-6,82
12725010,78,63,-1,83
12725520,4,34,5,78
12726030,52,12,-3,81
12726540,95,44,8,73
12727050,18,85,2,71
12727560,66,63,-9,80
12728070,94,101,2,78
12728580,15,37,6,72
12729090,27,55,-12,84
12729600,55,73,0,84
12730110,78,44,11,73
12730620,101,85,-13,86
12731130,22,86,13,73
12731640,70,23,-9,82
12732150,11,19,2,80
12732660,76,68,4,76
12733170,2,39,2,74
12733680,50,76,-1,75
12734190,78,47,-8,83
12734700,97,50,14,69
12735210,20,91,-11,80
12735720,68,69,3,77
12736230,96,5,-1,78
12736740,28,1,-6,84
12737250,45,30,6,78
12737760,73,4,-4,82
12738270,5,0,-3,85
12738780,16,49,8,77
12739290,28,67,-2,79
12739800,83,85,-8,87
12740310,9,21,10,77
12740820,12,22,-6,83
12741330,15,23,3,80
12741840,80,24,0,80
12742350,3,65,4,76
12742860,51,29,-2,78
12743370,76,30,-2,80
12743880,17,71,7,73
12744390,65,89,-11,84
12744900,93,60,1,83
12745410,16,101,7,76
12745920,41,79,3,73
12746430,69,97,-11,84
12746940,97,32,5,79
12747450,20,73,4,75
12747960,68,91,-11,86
12748470,96,62,10,76
12748980,11,1,-7,83
12749490,4,2,-4,87
12750000,15,51,14,73
12750510,27,69,-2,75
12751020,82,87,-12,87
12751530,8,58,13,74
12752040,56,95,-7,81
12752550,76,66,-3,84
12753060,2,37,12,72
12753570,50,74,-6,78
12754080,78,45,-5,83
12754590,45,86,0,83
12755100,73,27,5,78
12755610,14,68,4,74
12756120,62,55,-11,85
12756630,90,56,7,78
12757140,13,97,-1,79
12757650,61,61,-9,88
12758160,89,32,11,77
12758670,12,73,8,69
12759180,60,51,-16,85
12759690,88,22,9,76
12760200,11,63,9,67
12760710,59,100,-17,84
12761220,87,41,9,75
12761730,10,82,-3,78
12762240,58,60,-5,83
12762750,86,31,12,71
12763260,9,72,-4,75
12763770,57,50,-9,84
12764280,85,51,8,76
12764790,8,92,-3,79
12765300,56,56,-1,80
12765810,79,94,-7,87
12766320,5,65,11,76
12766830,53,43,-2,78
12767340,81,44,2,76
12767850,4,85,-5,81
12768360,52,49,1,80
12768870,75,20,-2,82
12769380,16,16,-1,83
12769890,19,65,9,74
12770400,74,83,-8,82
12770910,0,19,-5,87
12771420,28,20,10,77
12771930,31,21,-10,87
12772440,48,22,4,83
12772950,91,23,9,74
12773460,14,64,3,71
12773970,26,42,-4,75
12774480,49,43,-4,79
12774990,77,44,-1,80
12775500,0,85,-7,87
12776010,48,49,4,83
12776520,71,20,0,83
12777030,12,16,0,83
12777540,15,65,10,73
12778050,63,43,-7,80
12778560,4,44,9,71
12779070,52,81,-12,83
12779580,75,52,2,81
12780090,100,53,7,74
12780600,23,94,-3,77
12781110,71,72,-6,83
12781620,94,43,13,70
12782130,17,84,-4,74
12782640,65,62,-5,79
12783150,88,33,2,77
12783660,11,74,1,76
12784170,59,38,-6,82
12784680,0,39,6,76
12785190,48,76,0,76
12785700,71,47,-1,77
12786210,96,48,-1,78
12786720,19,89,0,78
12787230,67,67,1,77
12787740,90,25,-4,81
12788250,13,66,10,71
12788760,61,44,-14,85
12789270,2,45,7,78
12789780,50,82,-6,84
12790290,73,53,-1,85
12790800,98,54,10,75
12791310,21,95,-5,80
12791820,69,73,3,77
12792330,92,44,2,75
12792840,15,85,-8,83
12793350,63,63,4,79
12793860,86,34,3,76
12794370,9,75,-1,77
12794880,57,53,-6,83
12795390,85,24,10,73
12795900,8,65,2,71
12796410,56,43,-12,83
12796920,84,44,11,72
12797430,7,85,-7,79
12797940,55,49,0,79
12798450,78,20,2,77
12798960,19,61,1,76
12799470,74,79,-8,84
12799980,97,50,9,75
12800490,20,91,1,74
12801000,68,69,-7,81
12801510,91,40,4,77
12802020,14,81,-4,81
12802530,62,59,0,81
12803040,85,30,11,70
12803550,8,71,-3,73
12804060,56,49,-12,85
12804570,84,50,6,79
12805080,7,94,0,79
12805590,55,58,-5,84
12806100,78,29,7,77
12806610,1,70,-3,80
12807120,49,34,0,80
12807630,74,35,2,78
12808140,15,76,1,77
12808650,63,54,-4,81
12809160,86,55,2,79
12809670,9,56,7,72
12810180,57,34,-11,83
12810690,100,35,11,72
12811200,23,76,-5,77
12811710,71,77,-2,79
12812220,94,48,10,69
12812730,17,89,-10,79
12813240,65,67,-2,81
12813750,93,38,0,81
12814260,16,79,3,78
12814770,64,57,-5,83
12815280,87,28,6,77
12815790,10,69,5,72
12816300,58,47,-9,81
12816810,86,48,4,77
12817320,9,89,0,77
12817830,57,53,-5,82
12818340,80,24,2,80
12818850,21,65,4,76
12819360,29,83,0,76
12819870,77,61,-12,88
12820380,18,62,16,72
12820890,26,80,-5,77
12821400,74,81,-8,85
12821910,0,52,10,75
12822420,8,16,-6,81
12822930,11,17,4,77
12823440,76,18,-4,81
12823950,17,14,3,78
12824460,34,15,-1,79
12824970,77,16,-1,80
12825480,18,12,5,75
12825990,35,13,-7,82
12826500,78,14,6,76
12827010,1,10,-4,80
12827520,29,59,3,77
12828030,52,30,-6,83
12828540,95,31,3,80
12829050,18,72,4,76
12829560,26,73,-7,83
12830070,34,91,3,80
12830580,82,69,5,75
12831090,3,40,6,69
12831600,51,18,-16,85
12832110,94,19,8,77
12832620,17,15,9,68
12833130,82,16,-11,79
12833640,5,12,-2,81
12834150,33,61,4,77
12834660,56,6,-5,82
12835170,73,7,1,81
12835680,90,3,-6,87
12836190,22,101,4,83
12836700,30,79,2,81
12837210,78,97,-2,83
12837720,101,68,9,74
12838230,8,69,-5,79
12838740,16,18,-2,81
12839250,81,19,7,74
12839760,22,60,-4,78
12840270,30,78,4,74
12840780,44,56,-8,82
12841290,67,27,4,78
12841800,8,28,-1,79
12842310,36,29,4,75
12842820,53,30,-8,83
12843330,96,31,13,70
12843840,19,72,-3,73
12844350,27,90,-10,83
12844860,75,68,-2,85
12845370,98,39,15,70
12845880,21,80,-4,74
12846390,69,81,-8,82
12846900,97,52,7,75
12847410,20,93,-2,77
12847920,68,71,-5,82
12848430,96,42,13,69
12848940,19,83,-7,76
12849450,27,61,-3,79
12849960,82,79,-2,81
12850470,8,50,7,74
12850980,16,68,-1,75
12851490,24,86,3,72
12852000,72,87,-9,81
12852510,100,58,6,75
12853020,23,99,-2,77
12853530,31,77,-2,79
12854040,45,95,-1,80
12854550,93,36,6,74
12855060,16,77,-7,81
12855570,24,78,3,78
12856080,23,96,6,72
12856590,71,74,-9,81
12857100,99,45,10,71
12857610,22,86,3,68
12858120,70,2,-13,81
12858630,87,100,-2,83
12859140,13,71,5,78
12859650,5,49,-1,79
12860160,13,67,4,75
12860670,21,85,2,73
12861180,29,1,-6,79
12861690,46,74,2,77
12862200,69,45,-8,85
12862710,10,16,7,78
12863220,13,17,-1,79
12863730,78,96,-10,89
12864240,4,67,14,75
12864750,13,16,-4,79
12865260,78,17,6,73
12865770,1,90,-9,82
12866280,49,54,3,79
12866790,77,25,0,79
12867300,18,66,3,76
12867810,18,84,3,73
12868320,26,58,4,69
12868830,54,76,-12,81
12869340,82,47,13,68
12869850,101,48,-9,77
12870360,24,37,-1,78
12870870,47,84,1,77
12871380,75,55,-8,85
12871890,16,56,9,76
12872400,15,74,2,74
12872910,23,92,-7,81
12873420,31,70,5,76
12873930,59,88,-6,82
12874440,87,59,5,77
12874950,2,60,4,73
12875460,10,38,-1,74
12875970,9,56,-7,81
12876480,17,74,3,78
12876990,25,92,2,76
12877500,26,29,1,75
12878010,29,76,-3,78
12878520,43,94,-1,79
12879030,71,35,-2,81
12879540,90,36,7,74
12880050,13,25,-2,76
12880560,16,26,4,72
12881070,81,27,-4,76
12881580,4,16,-1,77
12882090,32,17,-2,79
12882600,49,18,-5,84
12883110,92,19,8,76
12883620,7,92,-6,82
12884130,55,56,-2,84
12884640,83,27,10,74
12885150,6,16,-4,78
12885660,9,65,5,73
12886170,17,53,1,72
12886680,20,71,6,66
12887190,23,89,-15,81
12887700,26,90,7,74
12888210,29,91,-4,78
12888720,43,92,-5,83
12889230,71,63,3,80
12889740,99,34,3,77
12890250,22,23,3,74
12890760,39,24,-5,79
12891270,82,25,5,74
12891780,5,14,-3,77
12892290,8,15,-1,78
12892800,11,64,15,63
12893310,19,82,-13,76
12893820,20,60,1,75
12894330,23,78,2,73
12894840,26,79,-5,78
12895350,29,97,-4,82
12895860,32,98,4,78
12896370,46,99,1,77
12896880,74,40,-5,82
12897390,15,41,11,71
12897900,14,59,-5,76
12898410,17,77,-2,78
12898920,25,95,0,78
12899430,28,96,-3,81
12899940,31,97,5,76
12900450,45,98,-3,79
12900960,73,39,-3,82
12901470,14,40,3,79
12901980,13,41,5,74
12902490,12,47,1,73
12903000,11,65,-7,80
12903510,19,83,5,75
12904020,22,84,-5,80
12904530,25,49,6,74
12905040,53,50,-6,80
12905550,81,21,3,77
12906060,22,94,-2,79
12906570,25,95,6,73
12907080,28,96,-7,80
12907590,42,97,3,77
12908100,56,38,-5,82
12908610,84,39,6,76
12909120,7,10,1,75
12909630,10,59,2,73
12910140,18,77,-1,74
12910650,21,78,3,71
12911160,24,79,-2,73
12911670,27,97,-4,77
12912180,30,75,0,77
12912690,44,93,-2,79
12913200,72,34,2,77
12913710,97,35,1,76
12914220,20,24,-4,80
12914730,85,25,-1,81
12915240,26,14,-3,84
12915750,43,15,2,82
12916260,86,16,4,78
12916770,9,12,5,73
12917280,12,13,-10,83
12917790,15,62,3,80
12918300,18,80,3,77
12918810,66,81,-5,82
12919320,94,52,1,81
12919830,17,23,3,78
12920340,20,24,0,78
12920850,23,25,4,74
12921360,40,26,-5,79
12921870,57,27,-1,80
12922380,76,28,4,76
12922890,17,29,1,75
12923400,20,30,3,72
12923910,23,31,-5,77
12924420,88,32,-1,78
12924930,11,21,-1,79
12925440,14,22,4,75
12925950,79,23,0,75
12926460,20,64,-1,76
12926970,19,65,5,71
12927480,22,83,-5,76
12927990,25,101,-4,80
12928500,28,79,3,77
12929010,42,97,0,77
12929520,56,38,-9,86
12930030,84,39,12,74
12930540,7,80,0,74
12931050,55,58,-9,83
12931560,83,29,6,77
12932070,6,70,1,76
12932580,54,48,-3,79
12933090,82,19,2,77
12933600,5,92,-5,82
12934110,53,56,0,82
12934620,81,27,9,73
12935130,4,68,0,73
12935640,52,32,-10,83
12936150,71,33,-2,85
12936660,90,34,7,78
12937170,13,75,3,75
12937680,61,76,-6,81
12938190,89,47,6,75
12938700,6,18,-1,76
12939210,9,19,-2,78
12939720,12,20,-1,79
12940230,15,21,4,75
12940740,80,22,2,73
12941250,3,95,-9,82
12941760,51,59,1,81
12942270,79,30,6,75
12942780,2,71,4,71
12943290,50,35,-9,80
12943800,78,36,-1,81
12944310,97,37,8,73
12944820,20,26,-4,77
12945330,85,27,-3,80
12945840,26,68,0,80
12946350,23,86,4,76
12946860,26,87,-5,81
12947370,40,97,5,76
12947880,54,38,-7,83
12948390,82,39,6,77
12948900,5,10,-4,81
12949410,8,59,8,73
12949920,56,77,-6,79
12950430,84,48,1,78
12950940,1,49,10,68
12951450,9,27,-8,76
12951960,12,28,-7,83
12952470,15,29,14,69
12952980,80,30,-7,76
12953490,3,71,-5,81
12954000,3,12,2,79
12954510,31,61,1,78
12955020,59,62,-5,83
12955530,87,33,7,76
12956040,10,22,-1,77
12956550,75,23,5,72
12957060,100,64,-3,75
12957570,15,98,-2,77
12958080,63,76,-5,82
12958590,91,47,6,76
12959100,19,48,11,65
12959610,22,66,-10,75
12960120,25,84,-2,77
12960630,39,85,-1,78
12961140,53,56,2,76
12961650,81,27,-1,77
12962160,4,100,-1,78
12962670,52,64,0,78
12963180,80,35,0,78
12963690,99,6,-2,80
12964200,22,2,2,78
12964710,39,75,-1,79
12965220,67,46,-4,83
12965730,95,47,7,76
12966240,23,88,0,76
12966750,26,89,-4,80
12967260,29,90,8,72
12967770,43,91,-7,79
12968280,71,32,1,78
12968790,90,33,5,73
12969300,13,22,-7,80
12969810,78,23,4,76
12970320,1,96,-13,89
12970830,49,60,6,83
12971340,77,31,8,75
12971850,0,20,-3,78
12972360,28,21,4,74
12972870,45,22,-12,86
12973380,88,23,7,79
12973890,11,96,-10,89
12974400,59,60,11,78
12974910,87,31,4,74
12975420,10,20,-7,81
12975930,13,21,4,77
12976440,78,22,-6,83
12976950,19,95,6,77
12977460,67,73,1,76
12977970,95,44,4,72
12978480,23,85,-6,78
12978990,26,86,3,75
12979500,40,87,-2,77
12980010,54,58,-4,81
12980520,82,29,7,74
12981030,5,30,2,72
12981540,8,31,-8,80
12982050,11,32,1,79
12982560,10,33,2,77
12983070,9,34,2,75
12983580,12,35,-3,78
12984090,15,36,4,74
12984600,14,37,1,73
12985110,17,38,-1,74
12985620,20,39,0,74
12986130,23,40,-1,75
12986640,26,41,-7,82
12987150,54,42,-1,83
12987660,82,43,9,74
12988170,10,44,2,72
12988680,9,45,0,72
12989190,12,63,1,71
12989700,15,64,5,66
12990210,80,65,-14,80
12990720,6,36,2,78
12991230,9,37,0,78
12991740,8,38,4,74
12992250,7,39,2,72
12992760,10,40,-1,73
12993270,9,41,1,72
12993780,8,42,-8,80
12994290,11,43,6,74
12994800,10,44,-3,77
12995310,9,45,2,75
12995820,12,46,-1,76
12996330,11,47,1,75
12996840,14,48,6,69
12997350,13,49,-6,75
12997860,12,50,5,70
12998370,11,51,-7,77
12998880,10,52,2,75
12999390,9,53,0,75
12999900,74,54,-7,82
13000410,0,55,6,76
13000920,8,19,-7,83
13001430,11,20,12,71
13001940,76,21,-7,78
13002450,101,94,-7,85
13002960,27,65,6,79
13003470,24,66,0,79
13003980,23,67,8,71
13004490,22,68,-6,77
13005000,21,69,-3,80
13005510,35,70,6,74
13006020,63,11,-10,84
13006530,80,12,4,80
13007040,97,13,1,79
13007550,20,38,1,78
13008060,85,39,2,76
13008570,8,10,-6,82
13009080,11,11,9,73
13009590,76,12,-8,81
13010100,93,13,1,80
13010610,16,38,-1,81
13011120,15,39,4,77
13011630,14,40,1,76
13012140,17,41,-2,78
13012650,16,42,3,75
13013160,15,43,-5,80
13013670,14,44,3,77
13014180,13,45,0,77
13014690,12,46,2,75
13015200,11,47,4,71
13015710,10,48,-3,74
13016220,9,49,2,72
13016730,12,50,-7,79
13017240,11,51,5,74
13017750,10,52,-1,75
13018260,9,53,0,75
13018770,12,54,7,68
13019280,77,55,-14,82
13019790,94,56,5,77
13020300,9,57,8,69
13020810,74,58,-17,86
13021320,0,59,15,71
13021830,8,23,-7,78
13022340,7,24,1,77
13022850,6,25,-6,83
13023360,9,26,4,79
13023870,8,27,5,74
13024380,11,28,-4,78
13024890,10,29,1,77
13025400,9,30,-6,83
13025910,12,31,4,79
13026420,11,32,4,75
13026930,10,33,-1,76
13027440,9,34,10,66
13027950,8,35,-15,81
13028460,11,36,4,77
13028970,10,37,-6,83
13029480,9,38,6,77
13029990,8,39,1,76
13030500,7,40,1,75
13031010,6,41,7,68
13031520,9,42,-11,79
13032030,12,43,-4,83
13032540,11,44,9,74
13033050,10,45,0,74
13033560,9,46,3,71
13034070,12,47,-7,78
13034580,11,48,9,69
13035090,93,49,-9,78
13035600,16,20,3,75
13036110,81,21,-2,77
13036620,4,10,-12,89
13037130,7,59,22,67
13037640,72,46,-14,81
13038150,89,47,5,76
13038660,17,18,1,75
13039170,82,19,-2,77
13039680,5,92,-1,78
13040190,53,56,-2,80
13040700,81,27,4,76
13041210,4,16,-1,77
13041720,7,17,1,76
13042230,10,18,-3,79
13042740,13,19,0,79
13043250,78,20,-1,80
13043760,1,93,-1,81
13044270,49,57,2,79
13044780,77,28,2,77
13045290,0,29,2,75
13045800,28,16,2,73
13046310,45,17,-9,82
13046820,70,18,2,80
13047330,95,91,-2,82
13047840,21,62,10,72
13048350,24,63,2,70
13048860,23,81,-8,78
13049370,26,82,6,72
13049880,40,83,-14,86
13050390,68,54,1,85
13050900,96,25,8,77
13051410,19,98,-1,78
13051920,67,85,-3,81
13052430,95,56,7,74
13052940,10,57,3,71
13053450,75,44,-7,78
13053960,78,45,3,75
13054470,95,46,1,74
13054980,23,17,-12,86
13055490,26,18,11,75
13056000,29,19,-6,81
13056510,46,20,0,81
13057020,76,21,5,76
13057530,101,94,-2,78
13058040,22,65,5,73
13058550,25,66,-5,78
13059060,28,67,4,74
13059570,42,68,-2,76
13060080,70,39,-5,81
13060590,89,58,4,77
13061100,4,29,-3,80
13061610,32,16,4,76
13062120,49,17,-10,86
13062630,66,18,4,82
13063140,7,19,5,77
13063650,10,20,-3,80
13064160,13,21,3,77
13064670,78,22,3,74
13065180,1,95,-8,82
13065690,49,59,0,82
13066200,77,30,6,76
13066710,5,1,-9,85
13067220,33,50,12,73
13067730,61,21,-1,74
13068240,2,94,-8,82
13068750,50,41,0,82
13069260,78,12,2,80
13069770,95,85,2,78
13070280,16,56,8,70
13070790,19,74,-11,81
13071300,22,61,7,74
13071810,25,79,-1,75
13072320,28,16,-1,76
13072830,31,17,-1,77
13073340,48,18,-1,78
13073850,78,19,0,78
13074360,95,92,-15,93
13074870,21,63,17,76
13075380,24,64,3,73
13075890,27,82,-6,79
13076400,30,19,-2,81
13076910,33,20,4,77
13077420,50,21,-1,78
13077930,80,22,-4,82
13078440,3,95,3,79
13078950,51,59,1,78
13079460,79,30,6,72
13079970,2,1,-6,78
13080480,13,2,-2,80
13080990,6,75,9,71
13081500,54,62,-10,81
13082010,82,33,9,72
13082520,10,4,-2,74
13083030,3,5,-20,94
13083540,31,54,14,80
13084050,59,25,-5,85
13084560,0,26,3,82
13085070,28,13,-2,84
13085580,45,14,9,75
13086090,62,39,0,75
13086600,81,10,-6,81
13087110,98,83,7,74
13087620,5,54,-3,77
13088130,8,41,4,73
13088640,73,28,-6,79
13089150,1,101,-4,83
13089660,49,65,0,83
13090170,77,36,4,79
13090680,5,7,-1,80
13091190,33,56,5,75
13091700,61,27,-5,80
13092210,80,28,3,77
13092720,3,101,-10,87
13093230,51,88,5,82
13093740,79,59,5,77
13094250,5,30,4,73
13094760,8,17,-2,75
13095270,73,18,-7,82
13095780,98,91,4,78
13096290,24,62,-3,81
13096800,27,80,1,80
13097310,41,17,4,76
13097820,71,18,-1,77
13098330,96,91,-1,78
13098840,22,62,3,75
13099350,25,80,-4,79
13099860,28,17,3,76
13100370,45,18,-1,77
13100880,70,19,-3,80
13101390,95,92,0,80
13101900,32,63,3,77
13102410,60,34,-7,84
13102920,79,5,5,79
13103430,96,30,9,70
13103940,19,1,-6,76
13104450,36,74,-4,80
13104960,64,45,-7,87
13105470,92,16,8,79
13105980,7,89,0,79
13106490,55,76,-3,82
13107000,83,47,-3,85
13107510,0,18,6,79
13108020,28,19,6,73
13108530,45,20,-10,83
13109040,64,45,-2,85
13109550,92,16,6,79
13110060,7,89,1,78
13110570,55,53,-5,83
13111080,83,24,3,80
13111590,6,97,-2,82
13112100,38,61,-2,84
13112610,66,32,1,83
13113120,85,3,2,81
13113630,0,28,8,73
13114140,48,15,-6,79
13114650,65,88,-2,81
13115160,93,59,5,76
13115670,73,30,-2,78
13116180,14,1,0,78
13116690,7,74,-1,79
13117200,55,61,1,78
13117710,83,32,7,71
13118220,6,3,-17,88
13118730,34,4,9,79
13119240,51,77,-4,83
13119750,79,48,4,79
13120260,98,19,-5,84
13120770,13,92,6,78
13121280,61,79,-4,82
13121790,89,50,10,72
13122300,4,21,-5,77
13122810,7,22,2,75
13123320,72,23,-7,82
13123830,97,96,2,80
13124340,23,67,0,80
13124850,26,4,0,80
13125360,43,77,-3,83
13125870,71,48,1,82
13126380,74,19,5,77
13126890,99,92,-10,87
13127400,20,63,12,75
13127910,23,0,-3,78
13128420,40,73,-3,81
13128930,68,44,-3,84
13129440,96,15,1,83
13129950,11,25,4,79
13130460,76,64,1,78
13130970,2,35,5,73
13131480,50,22,-6,79
13131990,75,23,5,74
13132500,100,96,-11,85
13133010,21,67,8,77
13133520,24,4,-2,79
13134030,41,77,3,76
13134540,77,48,-1,77
13135050,91,54,5,72
13135560,3,25,-4,76
13136070,31,12,-7,83
13136580,48,37,6,77
13137090,76,8,-4,81
13137600,93,18,2,79
13138110,8,91,-1,80
13138620,56,55,0,80
13139130,84,26,1,79
13139640,7,99,1,78
13140150,55,86,-3,81
13140660,83,57,1,80
13141170,97,28,3,77
13141680,20,101,-3,80
13142190,68,38,1,79
13142700,87,12,-1,80
13143210,2,22,-2,82
13143720,30,9,-2,84
13144230,47,82,5,79
13144740,75,53,3,76
13145250,89,24,-1,77
13145760,12,97,3,74
13146270,60,46,-9,83
13146780,88,17,3,80
13147290,3,27,9,71
13147800,31,14,-11,82
13148310,48,21,1,81
13148820,65,22,2,79
13149330,90,95,-3,82
13149840,16,66,8,74
13150350,19,3,-9,83
13150860,36,76,5,78
13151370,41,13,-4,82
13151880,58,38,0,82
13152390,72,39,4,78
13152900,91,10,-1,79
13153410,6,20,6,73
13153920,9,59,0,73
13154430,74,46,-3,76
13154940,88,52,-1,77
13155450,0,58,3,74
13155960,8,7,-4,78
13156470,11,46,5,73
13156980,14,85,-5,78
13157490,62,72,0,78
13158000,90,43,7,71
13158510,10,14,-10,81
13159020,13,53,11,70
13159530,78,92,-13,83
13160040,4,63,0,83
13160550,12,12,3,80
13161060,77,51,6,74
13161570,33,82,-7,81
13162080,47,19,-3,84
13162590,64,44,2,82
13163100,78,50,9,73
13163610,92,56,-2,75
13164120,4,62,1,74
13164630,12,49,-2,76
13165140,15,88,4,72
13165650,63,75,-10,82
13166160,91,46,3,79
13166670,8,17,2,77
13167180,11,56,3,74
13167690,14,95,1,73
13168200,62,44,-10,83
13168710,76,15,6,77
13169220,93,25,-2,79
13169730,16,14,4,75
13170240,81,53,-5,80
13170750,95,59,7,73
13171260,7,65,-1,74
13171770,15,52,2,72
13172280,18,70,-5,77
13172790,21,7,-3,80
13173300,38,80,-4,84
13173810,66,17,4,80
13174320,7,27,8,72
13174830,10,66,-6,78
13175340,21,53,2,76
13175850,24,92,1,75
13176360,27,29,3,72
13176870,44,76,-4,76
13177380,72,13,1,75
13177890,89,23,-4,79
13178400,4,33,2,77
13178910,32,20,-3,80
13179420,49,96,6,74
13179930,77,33,-3,77
13180440,59,4,-7,84
13180950,76,29,7,77
13181460,101,30,-8,85
13181970,24,25,14,71
13182480,27,64,-2,73
13182990,41,1,-7,80
13183500,58,26,4,76
13184010,77,27,-3,79
13184520,18,16,2,77
13185030,21,55,3,74
13185540,20,73,1,73
13186050,23,10,-4,77
13186560,40,49,2,75
13187070,68,20,0,75
13187580,93,16,-4,79
13188090,8,26,-2,81
13188600,11,65,5,76
13189110,19,52,-5,81
13189620,22,91,4,77
13190130,25,28,7,70
13190640,42,67,-14,84
13191150,70,4,-3,87
13191660,87,29,9,78
13192170,10,18,3,75
13192680,75,10,-7,82
13193190,92,22,5,77
13193700,7,32,3,74
13194210,18,71,3,71
13194720,21,8,-11,82
13195230,38,47,9,73
13195740,66,18,-9,82
13196250,7,14,6,76
13196760,10,53,2,74
13197270,21,40,-1,75
13197780,18,79,-2,77
13198290,45,16,2,75
13198800,62,10,-3,78
13199310,79,20,1,77
13199820,96,30,-6,83
13200330,21,26,3,80
13200840,86,65,4,76
13201350,1,71,1,75
13201860,49,35,-2,77
13202370,66,74,-3,80
13202880,94,45,3,77
13203390,11,92,-10,87
13203900,59,41,5,82
13204410,62,47,-1,83
13204920,76,86,6,77
13205430,2,57,5,72
13205940,10,6,-7,79
13206450,27,45,3,76
13206960,30,84,-4,80
13207470,44,21,0,80
13207980,87,46,4,76
13208490,4,93,-4,80
13209000,12,57,9,71
13209510,77,96,-7,78
13210020,3,67,3,75
13210530,11,16,-1,76
13211040,14,55,-2,78
13211550,17,94,3,75
13212060,20,43,-2,77
13212570,23,92,0,77
13213080,26,29,4,73
13213590,91,76,-7,80
13214100,6,47,3,77
13214610,17,34,6,71
13215120,82,73,-8,79
13215630,96,44,5,74
13216140,81,33,-5,79
13216650,22,80,2,77
13217160,25,17,-1,78
13217670,42,93,-3,81
13218180,69,30,0,81
13218690,88,77,0,81
13219200,8,48,6,75
13219710,19,35,-4,79
13220220,84,74,-1,80
13220730,87,45,1,79
13221240,4,92,-4,83
13221750,52,41,-1,84
13222260,55,88,7,77
13222770,83,25,4,73
13223280,6,14,-6,79
13223790,9,53,4,75
13224300,20,40,2,73
13224810,23,79,-2,75
13225320,26,16,-6,81
13225830,43,78,2,79
13226340,71,15,1,78
13226850,88,25,1,77
13227360,11,14,-4,81
13227870,14,53,1,80
13228380,17,92,8,72
13228890,20,41,-8,80
13229400,23,80,1,79
13229910,26,17,-4,83
13230420,29,93,7,76
13230930,32,30,-4,80
13231440,49,69,1,79
13231950,77,40,7,72
13232460,96,87,-12,84
13232970,16,58,11,73
13233480,19,97,-11,84
13233990,27,34,7,77
13234500,44,81,-8,85
13235010,72,18,7,78
13235520,89,28,-2,80
13236030,12,17,1,79
13236540,77,56,3,76
13237050,96,27,-1,77
13237560,19,23,1,76
13238070,84,70,-1,77
13238580,101,41,-5,82
13239090,18,30,12,70
13239600,83,69,-14,84
13240110,9,40,8,76
13240620,12,58,0,76
13241130,15,97,0,76
13241640,23,46,6,70
13242150,26,85,-11,81
13242660,29,22,5,76
13243170,46,98,-5,81
13243680,73,35,2,79
13244190,92,36,9,70
13244700,15,25,-5,75
13245210,80,64,-7,82
13245720,83,35,7,75
13246230,6,82,-4,79
13246740,54,31,1,78
13247250,73,32,-3,81
13247760,92,33,3,78
13248270,15,22,1,77
13248780,80,69,-1,78
13249290,83,40,4,74
13249800,0,87,-10,84
13250310,48,51,3,81
13250820,65,22,4,77
13251330,6,23,-1,78
13251840,9,62,0,78
13252350,12,49,5,73
13252860,15,67,3,70
13253370,91,4,-7,77
13253880,6,0,0,77
13254390,101,49,5,72
13254900,24,96,-1,73
13255410,27,33,-5,78
13255920,44,80,-7,85
13256430,72,17,3,82
13256940,13,13,7,75
13257450,78,52,-8,83
13257960,97,58,6,77
13258470,14,64,6,71
13258980,17,1,-11,82
13259490,34,74,-1,83
13260000,61,11,2,81
13260510,78,7,0,81
13261020,95,3,-1,82
13261530,10,28,3,79
13262040,13,67,5,74
13262550,16,54,-6,80
13263060,19,72,5,75
13263570,22,9,-2,77
13264080,39,85,-5,82
13264590,66,22,-1,83
13265100,7,23,7,76
13265610,10,70,1,75
13266120,18,19,1,74
13266630,35,58,-1,75
13267140,69,3,-4,79
13267650,86,101,-3,82
13268160,12,72,11,71
13268670,15,59,-1,72
13269180,18,77,1,71
13269690,21,14,-8,79
13270200,24,90,-1,80
13270710,27,27,0,80
13271220,30,74,1,79
13271730,57,11,-3,82
13272240,74,7,-3,85
13272750,91,3,-2,87
13273260,6,101,3,84
13273770,33,65,10,74
13274280,60,2,-8,82
13274790,77,100,2,80
13275300,2,71,2,78
13275810,29,35,0,78
13276320,32,82,1,77
13276830,59,19,-6,83
13277340,0,15,2,81
13277850,28,16,8,73
13278360,45,92,-2,75
13278870,72,29,-5,80
13279380,13,76,6,74
13279890,16,25,-3,77
13280400,19,72,4,73
13280910,22,9,-13,86
13281420,39,82,7,79
13281930,66,19,1,78
13282440,7,15,-8,86
13282950,10,64,16,70
13283460,18,13,-4,74
13283970,41,89,-5,79
13284480,68,26,-7,86
13284990,9,27,13,73
13285500,12,66,-6,79
13286010,20,53,1,78
13286520,23,92,0,78
13287030,26,29,2,76
13287540,29,76,2,74
13288050,56,13,-4,78
13288560,81,9,-4,82
13289070,98,5,1,81
13289580,13,1,1,80
13290090,6,74,5,75
13290600,14,23,-3,78
13291110,17,62,0,78
13291620,20,101,-1,79
13292130,47,50,5,74
13292640,75,21,-4,78
13293150,100,17,-7,85
13293660,15,13,8,77
13294170,18,62,6,71
13294680,21,101,0,71
13295190,48,50,-9,80
13295700,19,97,-1,81
13296210,46,46,1,80
13296720,49,93,0,80
13297230,76,34,4,76
13297740,95,81,-8,84
13298250,16,52,10,74
13298760,19,91,-4,78
13299270,22,40,-2,80
13299780,25,87,-2,82
13300290,28,24,2,80
13300800,31,71,-5,85
13301310,58,8,3,82
13301820,75,4,-3,85
13302330,92,0,2,83
13302840,24,98,0,83
13303350,27,35,4,79
13303860,30,82,6,73
13304370,57,19,-11,84
13304880,100,15,6,78
13305390,15,11,-3,81
13305900,18,60,8,73
13306410,21,73,-3,76
13306920,24,10,5,71
13307430,43,86,-13,84
13307940,70,27,5,79
13308450,95,74,-1,80
13308960,18,45,6,74
13309470,21,63,-4,78
13309980,24,81,-1,79
13310490,51,18,6,73
13311000,94,14,-13,86
13311510,9,10,4,82
13312020,12,59,6,76
13312530,15,77,2,74
13313040,18,26,0,74
13313550,21,73,-3,77
13314060,24,10,-3,80
13314570,41,86,2,78
13315080,68,27,-4,82
13315590,9,74,8,74
13316100,17,23,-4,78
13316610,20,70,5,73
13317120,23,7,-4,77
13317630,40,81,-6,83
13318140,67,22,2,81
13318650,8,18,4,77
13319160,11,65,3,74
13319670,19,14,-9,83
13320180,22,63,5,78
13320690,25,81,3,75
13321200,52,18,-13,88
13321710,95,14,8,80
13322220,27,10,1,79
13322730,44,86,-3,82
13323240,71,27,-3,85
13323750,12,23,1,84
13324260,15,70,17,67
13324770,18,19,-8,75
13325280,21,66,1,74
13325790,24,84,-3,77
13326300,27,57,-4,81
13326810,54,96,2,79
13327320,81,37,1,78
13327830,100,84,-4,82
13328340,21,55,7,75
13328850,24,94,-1,76
13329360,51,43,-4,80
13329870,54,90,-3,83
13330380,81,31,9,74
13330890,4,78,1,73
13331400,31,27,-8,81
13331910,67,74,0,81
13332420,81,45,7,74
13332930,100,92,-8,82
13333440,10,63,14,68
13333950,18,12,-16,84
13334460,21,61,8,76
13334970,24,79,-1,77
13335480,27,16,-4,81
13335990,46,92,-4,85
13336500,7,33,6,79
13337010,10,10,-1,80
13337520,13,59,6,74
13338030,16,77,0,74
13338540,19,26,3,71
13339050,22,73,-11,82
13339560,25,17,5,77
13340070,28,64,-1,78
13340580,55,1,0,78
13341090,72,99,-9,87
13341600,99,70,9,78
13342110,16,76,3,75
13342620,19,25,-1,76
13343130,22,72,-2,78
13343640,25,9,-3,81
13344150,42,8,-4,85
13344660,59,27,6,79
13345170,0,74,4,75
13345680,27,38,-7,82
13346190,30,85,-1,83
13346700,57,91,7,76
13347210,84,32,-2,78
13347720,1,73,-2,80
13348230,28,37,-1,81
13348740,31,84,9,72
13349250,58,21,-9,81
13349760,101,17,1,80
13350270,90,13,-7,87
13350780,5,9,6,81
13351290,8,58,10,71
13351800,16,7,-10,81
13352310,33,31,-1,82
13352820,50,78,5,77
13353330,77,19,-4,81
13353840,18,15,5,76
13354350,35,91,-5,81
13354860,62,28,-2,83
13355370,3,75,5,78
13355880,30,39,1,77
13356390,53,86,-5,82
13356900,80,27,9,73
13357410,3,68,-4,77
13357920,30,32,-2,79
13358430,47,79,1,78
13358940,75,20,6,72
13359450,16,61,1,71
13359960,19,35,-8,79
13360470,22,82,-3,82
13360980,25,19,6,76
13361490,28,66,-1,77
13362000,55,84,-9,86
13362510,82,25,9,77
13363020,5,66,2,75
13363530,32,15,-6,81
13364040,75,91,-7,88
13364550,1,62,14,74
13365060,28,11,-3,77
13365570,45,87,-5,82
13366080,72,28,5,77
13366590,13,69,1,76
13367100,16,18,0,76
13367610,81,57,-3,79
13368120,100,100,-8,87
13368630,12,71,11,76
13369140,11,20,-1,77
13369650,10,69,9,68
13370160,18,18,-7,75
13370670,21,65,-6,81
13371180,20,2,-1,82
13371690,37,26,0,82
13372200,51,0,2,80
13372710,68,19,1,79
13373220,9,15,-7,86
13373730,8,64,5,81
13374240,16,13,4,77
13374750,33,62,-2,79
13375260,32,3,6,73
13375770,49,22,-10,83
13376280,68,62,3,80
13376790,82,86,-2,82
13377300,96,57,7,75
13377810,13,77,0,75
13378320,21,26,3,72
13378830,38,73,0,72
13379340,65,14,-12,84
13379850,6,10,0,84
13380360,17,59,13,71
13380870,16,33,0,71
13381380,15,80,-5,76
13381890,23,29,0,76
13382400,40,76,-4,80
13382910,67,17,2,78
13383420,8,13,-3,81
13383930,7,62,7,74
13384440,15,11,-7,81
13384950,32,60,-1,82
13385460,66,5,0,82
13385970,83,17,5,77
13386480,100,13,-6,83
13386990,32,25,9,74
13387500,46,72,-1,75
13388010,80,43,1,74
13388520,99,84,-7,81
13389030,11,55,8,73
13389540,10,4,-13,86
13390050,38,28,5,81
13390560,52,2,1,80
13391070,69,21,-2,82
13391580,10,17,4,78
13392090,9,66,1,77
13392600,20,15,4,73
13393110,37,91,-9,82
13393620,51,32,2,80
13394130,70,36,3,77
13394640,89,83,-5,82
13395150,1,54,8,74
13395660,9,3,-8,82
13396170,17,52,6,76
13396680,16,70,8,68
13397190,19,19,-11,79
13397700,84,68,-2,81
13398210,98,39,6,75
13398720,21,80,-1,76
13399230,24,29,-3,79
13399740,23,76,4,75
13400250,22,50,-2,77
13400760,21,68,1,76
13401270,20,42,0,76
13401780,19,91,2,74
13402290,27,40,-1,75
13402800,61,51,-12,87
13403310,75,33,12,75
13403820,94,74,-4,79
13404330,6,45,3,76
13404840,17,18,-1,77
13405350,82,65,-5,82
13405860,96,36,8,74
13406370,21,77,-5,79
13406880,20,32,1,78
13407390,19,79,3,75
13407900,18,34,-4,79
13408410,17,81,1,78
13408920,25,30,5,73
13409430,42,77,-6,79
13409940,76,18,2,77
13410450,17,13,-3,80
13410960,34,70,-1,81
13411470,48,11,-1,82
13411980,65,7,6,76
13412490,99,19,-1,77
13413000,24,15,-3,80
13413510,66,91,-5,85
13414020,94,62,10,75
13414530,6,68,-10,85
13415040,14,17,6,79
13415550,13,66,6,73
13416060,21,21,-3,76
13416570,63,68,-7,83
13417080,57,39,-5,88
13417590,71,8,2,86
13418100,3,4,5,81
13418610,14,53,5,76
13419120,13,8,-7,83
13419630,55,57,2,81
13420140,69,28,0,81
13420650,10,69,5,76
13421160,18,24,-5,81
13421670,17,35,7,74
13422180,16,82,-4,78
13422690,24,37,9,69
13423200,5,48,-6,75
13423710,16,3,-10,85
13424220,58,76,2,83
13424730,6,47,9,74
13425240,17,2,-6,80
13425750,34,26,6,74
13426260,51,0,-5,79
13426770,85,19,2,77
13427280,93,14,-3,80
13427790,101,26,2,78
13428300,26,21,2,76
13428810,29,68,-4,80
13429320,28,9,2,78
13429830,71,8,-6,84
13430340,3,20,7,77
13430850,14,69,3,74
13431360,22,24,-2,76
13431870,99,71,1,75
13432380,11,36,-4,79
13432890,10,54,4,75
13433400,21,9,-5,80
13433910,47,33,0,80
13434420,61,15,-1,81
13434930,2,11,-3,84
13435440,13,60,10,74
13435950,21,15,-8,82
13436460,2,64,6,76
13436970,10,19,0,76
13437480,9,68,3,73
13437990,20,23,-1,74
13438500,85,29,-4,78
13439010,26,70,5,73
13439520,4,25,-6,79
13440030,3,91,-3,82
13440540,11,55,13,69
13441050,22,10,-10,79
13441560,64,86,-1,80
13442070,87,57,0,80
13442580,101,63,6,74
13443090,13,83,-3,77
13443600,21,38,0,77
13444110,24,49,5,72
13444620,23,98,-6,78
13445130,26,53,4,74
13445640,25,0,-15,89
13446150,42,73,14,75
13446660,76,14,-1,76
13447170,8,24,-7,83
13447680,7,73,6,77
13448190,15,28,-3,80
13448700,80,67,-3,83
13449210,94,38,2,81
13449720,17,79,6,75
13450230,28,34,-2,77
13450740,93,5,-6,83
13451250,25,15,6,77
13451760,0,91,0,77
13452270,8,55,5,72
13452780,19,10,-6,78
13453290,61,59,-4,82
13453800,75,30,7,75
13454310,16,71,3,72
13454820,27,26,-3,75
13455330,9,0,-6,81
13455840,2,49,10,71
13456350,11,4,-11,82
13456860,4,53,10,72
13457370,15,8,-10,82
13457880,41,57,6,76
13458390,64,28,-5,81
13458900,5,69,7,74
13459410,13,24,-6,80
13459920,12,63,5,75
13460430,23,18,-2,77
13460940,4,94,-4,81
13461450,12,58,10,71
13461960,21,13,-7,78
13462470,47,62,1,77
13462980,70,33,-7,84
13463490,11,74,4,80
13464000,22,29,4,76
13464510,72,76,-12,88
13465020,86,47,12,76
13465530,27,88,-2,78
13466040,41,43,-2,80
13466550,64,14,-3,83
13467060,5,9,-1,84
13467570,16,58,13,71
13468080,15,13,-10,81
13468590,80,91,-2,83
13469100,1,62,8,75
13469610,9,26,1,74
13470120,8,75,-8,82
13470630,16,30,4,78
13471140,15,69,6,72
13471650,26,24,-4,76
13472160,8,100,-4,80
13472670,16,55,0,80
13473180,15,73,8,72
13473690,26,28,-3,75
13474200,8,75,6,69
13474710,16,30,-7,76
13475220,15,69,-2,78
13475730,26,24,1,77
13476240,8,100,-3,80
13476750,16,55,6,74
13477260,15,10,-3,77
13477770,26,59,1,76
13478280,25,77,-4,80
13478790,24,32,0,80
13479300,89,43,4,76
13479810,17,84,0,76
13480320,25,39,-1,77
13480830,75,9,-4,81
13481340,83,19,10,71
13481850,91,60,-6,77
13482360,8,66,9,68
13482870,16,21,-7,75
13483380,81,60,-5,80
13483890,56,1,-2,82
13484400,73,11,5,77
13484910,80,21,2,75
13485420,88,62,-1,76
13485930,63,3,-5,81
13486440,18,13,2,79
13486950,101,62,6,73
13487460,29,1,-4,77
13487970,46,74,0,77
13488480,96,15,-6,83
13488990,2,25,7,76
13489500,13,82,1,75
13490010,21,37,0,75
13490520,20,86,0,75
13491030,23,41,0,75
13491540,73,90,-8,83
13492050,21,61,10,73
13492560,20,16,-6,79
13493070,1,65,8,71
13493580,9,20,-11,82
13494090,8,69,5,77
13494600,16,24,2,75
13495110,15,63,-1,76
13495620,26,18,0,76
13496130,76,94,-7,83
13496640,99,65,2,81
13497150,14,4,1,80
13497660,7,53,5,75
13498170,18,8,2,73
13498680,60,84,-8,81
13499190,8,55,12,69
13499700,16,10,-15,84
13500210,99,59,12,72
13500720,27,100,-5,77
13501230,30,55,-1,78
13501740,29,13,-4,82
13502250,72,53,-7,89
13502760,13,35,8,81
13503270,12,53,2,79
13503780,11,71,6,73
13504290,22,26,-3,76
13504800,4,65,5,71
13505310,12,20,-8,79
13505820,11,59,12,67
13506330,22,14,-5,72
13506840,7,90,-3,75
13507350,15,45,0,75
13507860,14,63,5,70
13508370,25,18,-6,76
13508880,7,94,-6,82
13509390,15,49,4,78
13509900,14,67,8,70
13510410,13,22,-6,76
13510920,12,61,2,74
13511430,23,16,-7,81
13511940,100,92,-1,82
13512450,21,63,7,75
13512960,20,18,-3,78
13513470,70,94,-6,84
13513980,18,65,9,75
13514490,17,20,-3,78
13515000,82,59,1,77
13515510,57,100,-10,87
13516020,85,41,10,77
13516530,13,82,2,75
13517040,57,37,-7,82
13517550,100,78,4,78
13518060,21,16,-3,81
13518570,2,65,-1,82
13519080,10,20,1,81
13519590,9,69,6,75
13520100,20,24,-6,81
13520610,19,35,2,79
13521120,18,74,5,74
13521630,21,29,-8,82
13522140,28,40,7,75
13522650,78,51,-8,83
13523160,19,92,9,74
13523670,22,47,0,74
13524180,21,86,-1,75
13524690,24,41,1,74
13525200,74,52,-10,84
13525710,49,93,5,79
13526220,89,34,1,78
13526730,14,75,1,77
13527240,25,30,6,71
13527750,42,41,-6,77
13528260,65,81,-6,83
13528770,88,52,-1,84
13529280,29,93,6,78
13529790,3,48,10,68
13530300,11,3,-12,80
13530810,53,52,-5,85
13531320,76,92,6,79
13531830,99,63,2,77
13532340,20,2,2,75
13532850,77,26,-4,79
13533360,18,67,4,75
13533870,17,22,-4,79
13534380,82,61,4,75
13534890,57,0,-7,82
13535400,12,47,5,77
13535910,11,2,-7,84
13536420,53,51,-1,85
13536930,28,91,9,76
13537440,42,46,-1,77
13537950,65,17,-4,81
13538460,6,58,10,71
13538970,17,13,-3,74
13539480,84,62,-7,81
13539990,59,1,-3,84
13540500,14,20,8,76
13541010,79,31,-5,81
13541520,20,72,9,72
13542030,19,3,-10,82
13542540,76,52,7,75
13543050,51,93,-5,80
13543560,79,34,-2,82
13544070,7,75,10,72
13544580,15,30,-2,74
13545090,14,69,0,74
13545600,13,24,-7,81
13546110,12,25,2,79
13546620,11,64,5,74
13547130,22,19,2,72
13547640,4,95,-5,77
13548150,12,59,4,73
13548660,11,92,-4,77
13549170,19,47,-4,81
13549680,69,65,-1,82
13550190,92,3,-1,83
13550700,7,13,-1,84
13551210,35,62,2,82
13551720,85,73,4,78
13552230,6,11,-2,80
13552740,34,60,2,78
13553250,84,71,-4,82
13553760,5,9,1,81
13554270,33,58,0,81
13554780,83,69,4,77
13555290,4,7,1,76
13555800,15,56,2,74
13556310,14,74,1,73
13556820,25,29,-2,75
13557330,7,40,-5,80
13557840,18,58,9,71
13558350,17,76,-1,72
13558860,28,7,-6,78
13559370,45,47,-3,81
13559880,68,87,-2,83
13560390,91,8,2,81
13560900,6,75,5,76
13561410,14,39,-2,78
13561920,13,40,-3,81
13562430,12,58,2,79
13562940,23,91,-2,81
13563450,34,46,1,80
13563960,57,57,2,78
13564470,80,97,-6,84
13564980,1,68,8,76
13565490,9,32,1,75
13566000,8,33,2,73
13566510,7,34,-1,74
13567020,18,35,-1,75
13567530,68,32,-9,84
13568040,9,73,12,72
13568550,17,28,-8,80
13569060,82,39,10,70
13569570,30,80,-10,80
13570080,44,98,-7,87
13570590,58,35,0,87
13571100,101,76,10,77
13571610,22,15,1,76
13572120,4,83,-5,81
13572630,12,47,1,80
13573140,11,48,10,70
13573650,22,66,-6,76
13574160,36,84,-7,83
13574670,50,0,7,76
13575180,67,19,-2,78
13575690,8,60,4,74
13576200,19,54,2,72
13576710,18,72,-1,73
13577220,29,3,-5,78
13577730,46,4,-2,80
13578240,63,5,-6,86
13578750,80,17,6,80
13579260,97,58,1,79
13579770,18,99,1,78
13580280,26,54,-6,84
13580790,76,72,3,81
13581300,99,10,-1,82
13581810,14,22,4,78
13582320,79,33,2,76
13582830,4,74,0,76
13583340,12,38,2,74
13583850,15,56,-1,75
13584360,26,74,-4,79
13584870,40,92,1,78
13585380,54,29,-2,80
13585890,77,70,3,77
13586400,100,8,-4,81
13586910,15,20,9,72
13587420,80,31,-2,74
13587930,5,72,-3,77
13588440,13,36,5,72
13588950,16,54,-9,81
13589460,19,72,13,68
13589970,30,3,-12,80
13590480,47,4,2,78
13590990,64,23,-4,82
13591500,5,64,9,73
13592010,16,97,-4,77
13592520,27,52,4,73
13593030,8,70,2,71
13593540,19,1,-10,81
13594050,36,25,-1,82
13594560,11,65,4,78
13595070,22,98,4,74
13595580,33,92,-6,80
13596090,47,29,1,79
13596600,56,70,-3,82
13597110,79,93,-2,84
13597620,0,64,8,76
13598130,8,28,-5,81
13598640,19,29,7,74
13599150,69,30,-2,76
13599660,10,71,6,70
13600170,21,2,-6,76
13600680,38,75,-5,81
13601190,78,86,-4,85
13601700,101,57,14,71
13602210,21,98,-1,72
13602720,32,47,-8,80
13603230,55,58,3,77
13603740,78,98,-5,82
13604250,101,19,5,77
13604760,26,60,-1,78
13605270,76,78,-6,84
13605780,99,16,9,75
13606290,24,26,-1,76
13606800,6,27,3,73
13607310,17,45,-3,76
13607820,35,63,-2,78
13608330,75,4,-5,83
13608840,22,14,1,82
13609350,3,15,-1,83
13609860,14,64,8,75
13610370,25,97,-3,78
13610880,67,34,-7,85
13611390,8,75,9,76
13611900,19,6,-3,79
13612410,36,30,1,78
13612920,18,70,6,72
13613430,29,1,-13,85
13613940,46,30,8,77
13614450,63,71,-11,88
13614960,86,42,8,80
13615470,14,83,4,76
13615980,25,14,-1,77
13616490,7,15,-6,83
13617000,18,64,8,75
13617510,29,82,-2,77
13618020,43,100,-1,78
13618530,70,37,5,73
13619040,18,78,-4,77
13619550,29,9,-5,82
13620060,10,49,9,73
13620570,21,37,0,73
13621080,2,38,-5,78
13621590,13,71,0,78
13622100,24,2,3,75
13622610,41,75,-5,80
13623120,81,93,-8,88
13623630,2,64,15,73
13624140,29,97,0,73
13624650,56,34,-3,76
13625160,4,75,3,73
13625670,31,17,-10,83
13626180,58,57,2,81
13626690,81,97,2,79
13627200,2,68,2,77
13627710,29,101,-6,83
13628220,56,38,1,82
13628730,73,41,-2,84
13629240,14,44,1,83
13629750,26,62,0,83
13630260,7,80,3,80
13630770,15,22,-1,81
13631280,80,23,1,80
13631790,5,64,6,74
13632300,32,97,-4,78
13632810,59,34,-3,81
13633320,7,37,4,77
13633830,18,55,-4,81
13634340,21,73,-1,82
13634850,48,91,6,76
13635360,75,32,-5,81
13635870,0,73,13,68
13636380,27,4,-14,82
13636890,44,5,0,82
13637400,61,6,3,79
13637910,78,16,0,79
13638420,86,57,-2,81
13638930,1,60,9,72
13639440,28,93,-6,78
13639950,55,30,-9,87
13640460,3,33,14,73
13640970,15,66,3,70
13641480,27,99,-14,84
13641990,54,36,5,79
13642500,2,39,6,73
13643010,14,72,-4,77
13643520,25,3,1,76
13644030,95,2,-4,80
13644540,10,12,0,80
13645050,27,61,-2,82
13645560,77,79,2,80
13646070,100,50,8,72
13646580,25,91,-4,76
13647090,52,28,-3,79
13647600,0,68,6,73
13648110,27,101,-9,82
13648620,54,38,3,79
13649130,71,78,-6,85
13649640,38,49,5,80
13650150,20,60,4,76
13650660,32,78,-3,79
13651170,59,96,-1,80
13651680,86,67,-4,84
13652190,100,5,0,84
13652700,91,15,5,79
13653210,99,25,4,75
13653720,24,66,-2,77
13654230,51,84,-1,78
13654740,78,55,-4,82
13655250,26,58,1,81
13655760,76,76,0,81
13656270,99,47,2,79
13656780,24,88,0,79
13657290,51,19,-4,83
13657800,94,22,6,77
13658310,19,63,4,73
13658820,86,81,-6,79
13659330,7,52,6,73
13659840,19,85,-3,76
13660350,46,16,-4,80
13660860,73,56,-2,82
13661370,21,96,0,82
13661880,48,34,3,79
13662390,57,35,-7,86
13662900,87,38,10,76
13663410,15,79,-3,79
13663920,23,10,3,76
13664430,4,11,-13,89
13664940,32,60,12,77
13665450,82,78,-6,83
13665960,3,49,8,75
13666470,15,82,-3,78
13666980,23,13,1,77
13667490,5,66,2,75
13668000,13,99,-3,78
13668510,40,41,-2,80
13669020,94,81,-2,82
13669530,1,19,1,81
13670040,12,20,-1,82
13670550,62,59,3,79
13671060,33,99,-2,81
13671570,60,36,0,81
13672080,90,39,9,72
13672590,18,80,-3,75
13673100,45,11,-4,79
13673610,72,15,1,78
13674120,17,4,-2,80
13674630,100,5,-4,84
13675140,25,15,13,71
13675650,7,55,-3,74
13676160,19,88,-1,75
13676670,46,26,-5,80
13677180,76,66,0,80
13677690,2,4,-3,83
13678200,13,53,8,75
13678710,25,71,-7,82
13679220,75,89,-3,85
13679730,23,60,14,71
13680240,73,78,-14,85
13680750,101,49,7,78
13681260,29,90,2,76
13681770,56,27,-4,80
13682280,86,30,15,65
13682790,11,71,-10,75
13683300,23,2,-1,76
13683810,40,75,-1,77
13684320,67,16,-7,84
13684830,94,11,4,80
13685340,11,21,1,79
13685850,14,60,4,75
13686360,26,93,-4,79
13686870,53,30,0,79
13687380,83,33,4,75
13687890,11,74,2,73
13688400,19,5,-9,82
13688910,0,29,10,72
13689420,12,62,-2,74
13689930,24,95,-8,82
13690440,51,32,4,78
13690950,81,35,5,73
13691460,9,76,-3,76
13691970,36,7,-6,82
13692480,0,16,5,77
13692990,11,17,-7,84
13693500,10,18,7,77
13694010,50,67,-4,81
13694520,32,38,-4,85
13695030,14,49,7,78
13695540,26,67,0,78
13696050,53,85,2,76
13696560,1,56,-2,78
13697070,28,89,3,75
13697580,55,26,0,75
13698090,85,29,3,72
13698600,10,70,-8,80
13699110,37,1,-3,83
13699620,54,2,4,79
13700130,71,12,-3,82
13700640,98,7,-2,84
13701150,23,17,4,80
13701660,5,70,8,72
13702170,13,12,-10,82
13702680,96,61,10,72
13703190,24,64,-4,76
13703700,23,82,2,74
13704210,50,13,-3,77
13704720,77,8,0,77
13705230,2,18,0,77
13705740,13,19,1,76
13706250,96,58,-5,81
13706760,24,61,9,72
13707270,79,79,-7,79
13707780,50,50,0,79
13708290,32,90,1,78
13708800,59,27,-5,83
13709310,89,30,12,71
13709820,14,71,-4,75
13710330,26,2,-3,78
13710840,43,31,0,78
13711350,52,71,0,78
13711860,34,42,2,76
13712370,16,53,0,76
13712880,15,71,8,68
13713390,26,2,-12,80
13713900,53,31,-2,82
13714410,83,34,10,72
13714920,11,75,-1,73
13715430,19,17,-3,76
13715940,1,70,-3,79
13716450,28,12,1,78
13716960,55,52,-3,81
13717470,26,92,1,80
13717980,53,29,-2,82
13718490,83,32,7,75
13719000,8,73,-2,77
13719510,35,4,-1,78
13720020,62,75,-8,86
13720530,10,46,6,80
13721040,22,79,2,78
13721550,49,10,-1,79
13722060,76,5,-4,83
13722570,1,15,-4,87
13723080,29,64,6,81
13723590,56,100,-1,82
13724100,83,9,6,76
13724610,8,19,-6,82
13725120,7,18,4,78
13725630,6,67,-2,80
13726140,14,9,1,79
13726650,97,58,0,79
13727160,25,61,-3,82
13727670,24,60,5,77
13728180,23,78,4,73
13728690,50,9,-5,78
13729200,77,12,-5,83
13729710,2,1,4,79
13730220,13,50,9,70
13730730,12,83,-10,80
13731240,39,25,5,75
13731750,89,65,-3,78
13732260,17,68,1,77
13732770,16,101,-4,81
13733280,43,43,-3,84
13733790,25,83,8,76
13734300,87,77,-12,88
13734810,101,15,5,83
13735320,26,25,3,80
13735830,8,78,7,73
13736340,35,72,-4,77
13736850,85,31,0,77
13737360,13,72,6,71
13737870,24,3,-11,82
13738380,6,2,-1,83
13738890,101,51,3,80
13739400,29,54,-3,83
13739910,79,53,-2,85
13740420,7,56,11,74
13740930,18,89,5,69
13741440,29,83,-13,82
13741950,43,77,3,79
13742460,70,88,-4,83
13742970,18,59,9,74
13743480,17,77,0,74
13743990,28,8,-5,79
13744500,55,9,1,78
13745010,82,4,-2,80
13745520,7,14,-2,82
13746030,6,63,11,71
13746540,17,96,-8,79
13747050,44,90,-1,80
13747560,71,101,-7,87
13748070,19,90,7,80
13748580,30,84,-3,83
13749090,29,78,5,78
13749600,28,85,6,72
13750110,27,92,-1,73
13750620,26,99,-6,79
13751130,25,4,3,76
13751640,52,5,-2,78
13752150,79,15,1,77
13752660,4,10,-6,83
13753170,32,59,8,75
13753680,13,70,0,75
13754190,24,1,-9,84
13754700,81,0,1,83
13755210,6,72,6,77
13755720,33,3,-4,81
13756230,60,28,-2,83
13756740,90,31,4,79
13757250,15,72,6,73
13757760,14,3,-6,79
13758270,7,4,0,79
13758780,35,53,-2,81
13759290,17,52,3,78
13759800,16,70,1,77
13760310,15,1,-8,85
13760820,8,2,6,79
13761330,1,3,-1,80
13761840,12,52,7,73
13762350,11,70,-2,75
13762860,22,1,-7,82
13763370,39,2,-4,86
13763880,28,3,8,78
13764390,10,4,-4,82
13764900,40,5,-2,84
13765410,67,6,5,79
13765920,94,16,-8,87
13766430,19,11,3,84
13766940,0,64,8,76
13767450,27,28,-4,80
13767960,9,39,10,70
13768470,8,16,-11,81
13768980,7,65,2,79
13769490,18,98,2,77
13770000,45,92,0,77
13770510,72,1,-3,80
13771020,99,11,0,80
13771530,24,21,5,75
13772040,6,22,-4,79
13772550,5,23,-1,80
13773060,4,24,1,79
13773570,3,61,3,76
13774080,14,94,0,76
13774590,41,58,-1,77
13775100,23,69,0,77
13775610,22,79,5,72
13776120,21,72,-2,74
13776630,20,3,-7,81
13777140,43,4,1,80
13777650,70,75,-6,86
13778160,98,46,13,73
13778670,26,87,-4,77
13779180,25,24,5,72
13779690,7,35,-3,75
13780200,18,53,6,69
13780710,17,71,-8,77
13781220,16,2,-2,79
13781730,9,3,-5,84
13782240,2,4,-1,85
13782750,13,53,8,77
13783260,12,71,5,72
13783770,23,65,-7,79
13784280,22,83,3,76
13784790,21,14,-8,84
13785300,2,67,10,74
13785810,29,31,-2,76
13786320,11,42,-2,78
13786830,10,75,2,76
13787340,21,17,-3,79
13787850,3,70,3,76
13788360,30,34,-6,82
13788870,12,45,6,76
13789380,11,63,4,72
13789890,22,96,-6,78
13790400,21,90,-2,80
13790910,32,21,-2,82
13791420,14,22,12,70
13791930,13,33,-5,75
13792440,12,34,3,72
13792950,11,35,-5,77
13793460,10,36,0,77
13793970,9,54,0,77
13794480,20,91,0,77
13794990,31,85,0,77
13795500,30,95,-4,81
13796010,29,3,-4,85
13796520,11,28,6,79
13797030,10,29,1,78
13797540,9,82,0,78
13798050,36,13,-4,82
13798560,63,53,-2,84
13799070,91,93,3,81
13799580,17,64,5,76
13800090,16,97,-3,79
13800600,43,91,-11,90
13801110,70,28,11,79
13801620,100,31,-1,80
13802130,25,8,0,80
13802640,7,7,-1,81
13803150,2,56,1,80
13803660,29,20,6,74
13804170,11,21,-2,76
13804680,10,22,1,75
13805190,9,23,-5,80
13805700,8,24,7,73
13806210,7,25,-6,79
13806720,6,26,0,79
13807230,5,41,1,78
13807740,16,85,5,73
13808250,43,20,-6,79
13808760,73,60,-5,84
13809270,101,42,9,75
13809780,29,83,-3,78
13810290,28,93,1,77
13810800,55,1,-5,82
13811310,85,11,-4,86
13811820,10,21,6,80
13812330,9,32,2,78
13812840,8,43,2,76
13813350,19,61,0,76
13813860,18,79,0,76
13814370,29,14,-6,82
13814880,59,67,2,80
13815390,41,38,2,78
13815900,23,78,2,76
13816410,22,13,1,75
13816920,4,66,1,74
13817430,31,30,-3,77
13817940,13,41,6,71
13818450,12,59,-6,77
13818960,11,96,-2,79
13819470,38,60,9,70
13819980,20,71,1,69
13820490,9,65,-8,77
13821000,20,59,2,75
13821510,19,77,-2,77
13822020,101,12,-3,80
13822530,26,22,3,77
13823040,8,75,0,77
13823550,35,69,-4,81
13824060,85,80,0,81
13824570,67,66,0,81
13825080,95,37,7,74
13825590,23,78,-7,81
13826100,22,88,2,79
13826610,33,23,3,76
13827120,15,63,-6,82
13827630,26,100,3,79
13828140,37,44,6,73
13828650,19,15,-9,82
13829160,1,68,8,74
13829670,28,32,-7,81
13830180,10,43,9,72
13830690,9,61,-9,81
13831200,20,55,0,81
13831710,19,73,8,73
13832220,18,4,-5,78
13832730,11,77,0,78
13833240,22,19,4,74
13833750,4,30,-3,77
13834260,15,96,2,75
13834770,42,60,-6,81
13835280,24,71,11,70
13835790,23,15,-7,77
13836300,47,68,-2,79
13836810,29,39,6,73
13837320,11,50,-1,74
13837830,10,87,-2,76
13838340,37,81,-6,82
13838850,64,92,6,76
13839360,12,63,-1,77
13839870,23,100,-2,79
13840380,50,44,2,77
13840890,32,26,-3,80
13841400,14,79,9,71
13841910,25,10,-9,80
13842420,7,9,-2,82
13842930,35,58,1,81
13843440,16,69,5,76
13843950,27,4,-2,78
13844460,9,29,2,76
13844970,8,30,2,74
13845480,7,31,-8,82
13845990,57,32,-1,83
13846500,87,35,6,77
13847010,15,76,0,77
13847520,26,79,3,74
13848030,25,89,-2,76
13848540,24,99,-3,79
13849050,51,7,-2,81
13849560,78,78,4,77
13850070,101,49,-2,79
13850580,29,90,0,79
13851090,56,100,-4,83
13851600,83,9,-1,84
13852110,11,19,3,81
13852620,10,30,4,77
13853130,9,31,6,71
13853640,8,32,0,71
13854150,7,33,-2,73
13854660,6,34,-8,81
13855170,17,71,6,75
13855680,16,6,-2,77
13856190,9,74,7,70
13856700,36,5,-10,80
13857210,18,76,9,71
13857720,17,7,-3,74
13858230,101,60,-6,80
13858740,29,66,8,72
13859250,56,76,-13,85
13859760,58,47,3,82
13860270,86,29,6,76
13860780,14,70,-2,78
13861290,25,1,-1,79
13861800,7,30,-4,83
13862310,6,31,10,73
13862820,18,68,1,72
13863330,17,101,-8,80
13863840,44,56,-3,83
13864350,26,27,0,83
13864860,8,80,3,80
13865370,75,22,3,77
13865880,0,25,-2,79
13866390,28,58,-4,83
13866900,51,76,2,81
13867410,74,87,-5,86
13867920,22,58,10,76
13868430,21,76,3,73
13868940,20,7,-7,80
13869450,2,30,1,79
13869960,50,63,-3,82
13870470,73,34,2,80
13870980,1,37,1,79
13871490,49,74,2,77
13872000,31,45,1,76
13872510,13,56,-2,78
13873020,12,93,-1,79
13873530,39,57,-6,85
13874040,20,68,9,76
13874550,19,101,-2,78
13875060,46,95,-2,80
13875570,73,4,-2,82
13876080,1,14,-1,83
13876590,29,15,4,79
13877100,11,55,5,74
13877610,22,92,-1,75
13878120,21,36,4,71
13878630,2,47,-4,75
13879140,14,80,-2,77
13879650,25,11,-5,82
13880160,7,64,7,75
13880670,15,97,-3,78
13881180,23,38,4,74
13881690,4,37,0,74
13882200,16,70,-2,76
13882710,19,1,-5,81
13883220,1,50,6,75
13883730,13,83,0,75
13884240,21,14,-6,81
13884750,3,63,6,75
13885260,11,96,-3,78
13885770,19,60,-4,82
13886280,18,78,9,73
13886790,17,9,-6,79
13887300,100,58,4,75
13887810,28,61,-4,79
13888320,9,79,7,72
13888830,57,21,-10,82
13889340,87,64,5,77
13889850,15,70,-1,78
13890360,26,1,2,76
13890870,8,30,-5,81
13891380,7,31,3,78
13891890,6,68,3,75
13892400,14,101,-8,83
13892910,22,43,2,81
13893420,3,42,2,79
13893930,15,79,2,77
13894440,26,10,-2,79
13894950,83,50,5,74
13895460,11,53,6,68
13895970,10,90,-9,77
13896480,18,32,5,72
13896990,101,43,-1,73
13897500,29,46,3,70
13898010,11,57,-5,75
13898520,23,90,3,72
13899030,26,34,-4,76
13899540,8,45,5,71
13900050,20,82,-8,79
13900560,23,17,2,77
13901070,43,70,-2,79
13901580,24,93,-1,80
13902090,27,28,5,75
13902600,9,39,3,72
13903110,8,76,-4,76
13903620,56,40,-6,82
13904130,84,22,2,80
13904640,25,63,4,76
13905150,6,36,1,75
13905660,18,73,-1,76
13906170,21,46,-5,81
13906680,2,45,11,70
13907190,14,82,-10,80
13907700,25,76,6,74
13908210,24,86,0,74
13908720,23,30,2,72
13909230,5,41,-2,74
13909740,17,78,-3,77
13910250,20,9,1,76
13910760,1,62,-1,77
13911270,28,4,-3,80
13911780,10,29,3,77
13912290,9,82,2,75
13912800,17,24,5,70
13913310,100,35,-1,71
13913820,28,76,-6,77
13914330,27,49,5,72
13914840,8,48,-1,73
13915350,20,81,-2,75
13915860,19,16,2,73
13916370,0,69,-8,81
13916880,27,33,-4,85
13917390,9,44,14,71
13917900,8,81,-9,80
13918410,56,19,-1,81
13918920,83,22,-4,85
13919430,24,25,8,77
13919940,6,36,-1,78
13920450,18,73,2,76
13920960,21,8,0,76
13921470,25,13,-9,85
13921980,7,66,13,72
13922490,15,99,-5,77
13923000,23,41,-2,79
13923510,4,40,4,75
13924020,16,77,5,70
13924530,19,12,-6,76
13925040,0,65,3,73
13925550,8,29,-1,74
13926060,7,82,-3,77
13926570,55,46,-10,87
13927080,83,28,11,76
13927590,11,31,-5,81
13928100,10,30,3,78
13928610,9,99,0,78
13929120,57,63,-5,83
13929630,39,34,2,81
13930140,21,74,2,79
13930650,20,9,2,77
13931160,2,32,2,75
13931670,14,69,7,68
13932180,13,42,-3,71
13932690,12,60,-3,74
13933200,11,97,-1,75
13933710,59,61,-3,78
13934220,87,101,-3,81
13934730,69,72,-2,83
13935240,97,10,2,81
13935750,25,81,-1,82
13936260,24,25,3,79
13936770,6,36,5,74
13937280,5,73,-3,77
13937790,53,11,-4,81
13938300,80,14,4,77
13938810,4,85,-1,78
13939320,52,26,-4,82
13939830,95,66,-3,85
13940340,23,72,5,80
13940850,6,45,8,72
13941360,17,82,-4,76
13941870,25,20,1,75
13942380,7,73,-7,82
13942890,15,15,8,74
13943400,98,68,-8,82
13943910,26,74,3,79
13944420,25,47,2,77
13944930,24,46,0,77
13945440,5,82,3,74
13945950,53,46,-8,82
13946460,35,86,3,79
13946970,34,23,2,77
13947480,16,63,6,71
13947990,15,36,0,71
13948500,14,35,-3,74
13949010,13,53,-3,77
13949520,12,26,-2,79
13950030,11,25,6,73
13950540,10,24,-2,75
13951050,9,77,-2,77
13951560,17,19,0,77
13952070,101,68,2,75
13952580,8,74,1,74
13953090,16,12,1,73
13953600,100,61,-5,78
13954110,7,64,5,73
13954620,55,2,-9,82
13955130,37,46,3,79
13955640,19,86,0,79
13956150,22,21,2,77
13956660,4,74,-3,80
13957170,12,16,-3,83
13957680,11,65,8,75
13958190,19,3,-8,83
13958700,12,52,10,73
13959210,11,25,-8,81
13959720,10,74,6,75
13960230,18,12,-4,79
13960740,0,61,2,77
13961250,8,25,-1,78
13961760,7,74,6,72
13962270,15,16,-9,81
13962780,80,69,2,79
13963290,62,7,-8,87
13963800,88,78,13,74
13964310,9,16,-13,87
13964820,12,65,10,77
13965330,15,0,-5,82
13965840,8,49,5,77
13966350,7,22,1,76
13966860,6,71,-4,80
13967370,14,13,0,80
13967880,97,62,2,78
13968390,4,68,5,73
13968900,12,32,-4,77
13969410,11,50,5,72
13969920,10,87,-4,76
13970430,18,25,1,75
13970940,83,36,2,73
13971450,11,39,-7,80
13971960,10,76,3,77
13972470,18,70,0,77
13972980,21,5,0,77
13973490,3,28,2,75
13974000,15,94,-3,78
13974510,23,43,-1,79
13975020,4,42,8,71
13975530,16,79,-5,76
13976040,24,17,5,71
13976550,6,57,1,70
13977060,14,94,-17,87
13977570,22,43,9,78
13978080,4,42,4,74
13978590,3,79,-1,75
13979100,11,43,2,73
13979610,10,80,2,71
13980120,18,74,0,71
13980630,17,9,-11,82
13981140,101,58,5,77
13981650,29,61,-2,79
13982160,28,97,2,77
13982670,31,41,0,77
13983180,13,64,5,72
13983690,12,101,-11,83
13984200,20,65,8,75
13984710,19,38,-7,82
13985220,18,37,4,78
13985730,101,36,2,76
13986240,29,25,-3,79
13986750,11,101,-4,83
13987260,19,65,14,69
13987770,18,0,-11,80
13988280,11,49,9,71
13988790,10,86,-15,86
13989300,18,35,8,78
13989810,17,71,4,74
13990320,20,6,-1,75
13990830,2,29,-2,77
13991340,50,66,-7,84
13991850,32,89,8,76
13992360,31,26,-2,78
13992870,13,0,-4,82
13993380,6,49,6,76
13993890,14,86,1,75
13994400,22,35,4,71
13994910,4,34,-4,75
13995420,23,71,1,74
13995930,22,45,-1,75
13996440,21,81,1,74
13996950,29,55,-2,76
13997460,30,91,-7,83
13997970,29,98,9,74
13998480,28,42,-9,83
13998990,10,53,5,78
13999500,9,90,0,78
14000010,17,54,0,78
14000520,16,91,2,76
14001030,24,40,-2,78
14001540,5,39,-1,79
14002050,53,72,1,78
14002560,76,95,-9,87
14003070,99,16,7,80
14003580,5,28,-5,85
14004090,4,65,13,72
14004600,12,29,-6,78
14005110,11,30,4,74
14005620,10,31,-5,79
14006130,9,32,1,78
14006640,8,33,9,69
14007150,7,70,-5,74
14007660,15,19,0,74
14008170,14,72,2,72
14008680,22,21,-8,80
14009190,4,74,7,73
14009700,12,38,0,73
14010210,11,39,-4,77
14010720,10,76,0,77
14011230,18,25,0,77
14011740,17,36,2,75
14012250,16,35,1,74
14012760,15,42,-1,75
14013270,14,60,-1,76
14013780,13,97,-1,77
14014290,21,61,7,70
14014800,20,35,-2,72
14015310,1,34,-1,73
14015820,9,71,-6,79
14016330,17,20,2,77
14016840,3,73,-3,80
14017350,11,37,11,69
14017860,10,10,-11,80
14018370,9,59,8,72
14018880,17,8,-5,77
14019390,101,57,3,74
14019900,21,77,0,74
14020410,29,51,-1,75
14020920,11,87,-4,79
14021430,19,51,0,79
14021940,18,24,-1,80
14022450,17,77,5,75
14022960,25,51,-4,79
14023470,24,87,3,76
14023980,23,61,-2,78
14024490,22,35,-4,82
14025000,4,42,10,72
14025510,12,79,-4,76
14026020,20,28,6,70
14026530,2,39,-1,71
14027040,10,13,-11,82
14027550,9,62,9,73
14028060,17,95,-2,75
14028570,25,44,2,73
14029080,7,43,-2,75
14029590,6,80,-6,81
14030100,14,44,4,77
14030610,13,17,1,76
14031120,12,66,2,74
14031630,20,15,-7,81
14032140,2,68,1,80
14032650,10,32,5,75
14033160,9,31,0,75
14033670,8,32,1,74
14034180,7,39,-3,77
14034690,6,76,1,76
14035200,14,40,3,73
14035710,13,41,-5,78
14036220,12,14,-3,81
14036730,11,63,6,75
14037240,19,96,-4,79
14037750,27,45,0,79
14038260,8,81,4,75
14038770,16,45,-5,80
14039280,15,44,6,74
14039790,14,62,0,74
14040300,13,99,-5,79
14040810,21,63,2,77
14041320,20,37,0,77
14041830,1,36,6,71
14042340,49,80,-13,84
14042850,72,1,0,84
14043360,98,45,11,73
14043870,18,65,-4,77
14044380,17,39,3,74
14044890,16,38,4,70
14045400,15,37,-4,74
14045910,14,36,-4,78
14046420,13,35,5,73
14046930,12,34,-6,79
14047440,11,33,2,77
14047950,10,34,2,75
14048460,66,7,-2,77
14048970,92,19,-5,82
14049480,100,28,-3,85
14049990,20,17,6,79
14050500,2,70,1,78
14051010,10,34,-7,85
14051520,9,87,9,76
14052030,17,51,0,76
14052540,16,24,0,76
14053050,15,77,3,73
14053560,23,51,-8,81
14054070,22,50,3,78
14054580,21,49,3,75
14055090,20,48,0,75
14055600,19,47,10,65
14056110,18,83,-15,80
14056620,26,57,5,75
14057130,25,56,-5,80
14057640,24,55,-2,82
14058150,23,54,7,75
14058660,22,53,3,72
14059170,21,52,-14,86
14059680,20,51,16,70
14060190,19,50,0,70
14060700,18,24,-6,76
14061210,0,77,-5,81
14061720,8,41,3,78
14062230,7,78,0,78
14062740,15,20,6,72
14063250,99,73,-1,73
14063760,6,79,-7,80
14064270,14,43,4,76
14064780,13,16,-7,83
14065290,12,65,11,72
14065800,23,59,-7,79
14066310,22,58,-2,81
14066820,21,57,6,75
14067330,20,64,1,74
14067840,19,38,-3,77
14068350,0,45,0,77
14068860,8,65,4,73
14069370,16,59,-2,75
14069880,15,32,1,74
14070390,10,31,-1,75
14070900,9,32,1,74
14071410,8,85,-4,78
14071920,16,49,7,71
14072430,15,22,-10,81
14072940,14,33,6,75
14073450,9,32,-1,76
14073960,8,85,0,76
14074470,16,49,-2,78
14074980,15,23,3,75
14075490,10,34,-8,83
14076000,9,7,10,73
14076510,4,56,-3,76
14077020,12,100,-6,82
14077530,20,64,10,72
14078040,19,38,0,72
14078550,0,45,0,72
14079060,12,65,-1,73
14079570,23,59,-1,74
14080080,22,58,0,74
14080590,21,31,-1,75
14081100,3,42,-2,77
14081610,15,62,3,74
14082120,23,36,-5,79
14082630,5,47,5,74
14083140,16,67,2,72
14083650,27,41,-10,82
14084160,9,48,5,77
14084670,21,42,-1,78
14085180,20,41,1,77
14085690,1,48,1,76
14086200,13,92,1,75
14086710,21,36,-5,80
14087220,16,43,4,76
14087730,15,98,-4,80
14088240,23,62,-2,82
14088750,22,69,7,75
14089260,21,13,4,71
14089770,3,66,0,71
14090280,11,30,-6,77
14090790,6,83,-3,80
14091300,23,47,9,71
14091810,4,54,-1,72
14092320,15,74,-1,73
14092830,23,18,-2,75
14093340,5,71,2,73
14093850,13,13,-6,79
14094360,8,62,4,75
14094870,19,56,-2,77
14095380,18,74,5,72
14095890,26,18,-7,79
14096400,8,71,6,73
14096910,16,13,-5,78
14097420,99,62,1,77
14097930,20,68,0,77
14098440,19,42,1,76
14098950,94,49,1,75
14099460,17,69,-1,76
14099970,25,13,-2,78
14100480,7,66,6,72
14100990,15,60,1,71
14101500,91,4,-9,80
14102010,15,75,7,73
14102520,23,19,-3,76
14103030,5,72,3,73
14103540,13,36,-8,81
14104050,8,43,3,78
14104560,19,89,6,72
14105070,27,33,-3,75
14105580,9,44,-1,76
14106090,21,95,3,73
14106600,29,39,-7,80
14107110,69,50,-3,83
14107620,97,56,5,78
14108130,17,62,6,72
14108640,16,6,-6,78
14109150,9,55,4,74
14109660,20,75,-3,77
14110170,31,19,3,74
14110680,13,56,5,69
14111190,24,0,-15,84
14111700,6,29,7,77
14112210,17,95,-2,79
14112720,25,39,0,79
14113230,7,86,-2,81
14113740,15,50,2,79
14114250,14,68,4,75
14114760,25,12,-5,80
14115270,7,65,5,75
14115780,15,7,-2,77
14116290,8,56,3,74
14116800,19,50,4,70
14117310,18,96,-11,81
14117820,26,40,7,74
14118330,8,39,-5,79
14118840,20,76,3,76
14119350,28,20,1,75
14119860,10,60,4,71
14120370,21,54,2,69
14120880,20,61,-5,74
14121390,19,5,-9,83
14121900,12,54,11,72
14122410,23,28,-4,76
14122920,5,15,-7,83
14123430,33,64,8,75
14123940,14,71,3,72
14124450,25,15,-3,75
14124960,7,68,3,72
14125470,15,32,-3,75
14125980,10,31,-7,82
14126490,9,97,1,81
14127000,17,61,3,78
14127510,19,5,-2,80
14128020,1,54,6,74
14128530,9,1,-9,83
14129040,2,50,9,74
14129550,14,94,-4,78
14130060,22,58,2,76
14130570,46,57,-5,81
14131080,28,28,1,80
14131590,10,68,10,70
14132100,21,62,-3,73
14132610,20,6,-6,79
14133120,2,55,7,72
14133630,14,19,-5,77
14134140,79,72,-1,78
14134650,61,10,-2,80
14135160,95,22,2,78
14135670,71,31,1,77
14136180,12,40,1,76
14136690,11,13,-1,77
14137200,6,62,3,74
14137710,17,4,-10,84
14138220,10,53,11,73
14138730,21,73,-3,76
14139240,20,17,0,76
14139750,2,70,1,75
14140260,10,34,5,70
14140770,9,87,-4,74
14141280,17,51,1,73
14141790,16,20,0,73
14142300,100,73,-4,77
14142810,82,79,-6,83
14143320,64,17,-3,86
14143830,5,26,5,81
14144340,16,92,4,77
14144850,24,36,0,77
14145360,6,47,1,76
14145870,18,67,-1,77
14146380,17,41,2,75
14146890,29,40,-4,79
14147400,11,51,10,69
14147910,23,25,-7,76
14148420,5,86,1,75
14148930,13,50,-2,77
14149440,25,23,3,74
14149950,7,63,4,70
14150460,15,50,-5,75
14150970,14,96,-4,79
14151480,22,60,2,77
14151990,21,33,-3,80
14152500,3,80,-1,81
14153010,51,44,2,79
14153520,33,84,3,76
14154030,19,91,-2,78
14154540,27,35,1,77
14155050,9,46,4,73
14155560,21,33,3,70
14156070,3,80,-11,81
14156580,51,44,4,77
14157090,33,84,-2,79
14157600,67,91,-4,83
14158110,95,62,2,81
14158620,77,68,-2,83
14159130,59,6,-4,87
14159640,93,18,7,80
14160150,25,27,2,78
14160660,7,38,0,78
14161170,19,2,-3,81
14161680,34,51,6,75
14162190,16,22,0,75
14162700,100,75,-4,79
14163210,82,81,-2,81
14163720,53,19,0,81
14164230,96,28,6,75
14164740,21,17,2,73
14165250,3,70,-1,74
14165760,11,34,1,73
14166270,6,81,-1,74
14166780,14,45,1,73
14167290,13,18,-5,78
14167800,8,71,0,78
14168310,16,58,2,76
14168820,27,31,-2,78
14169330,9,78,0,78
14169840,17,42,3,75
14170350,100,41,-5,80
14170860,23,61,3,77
14171370,4,68,1,76
14171880,12,32,3,73
14172390,24,79,-5,78
14172900,35,53,1,77
14173410,17,24,1,76
14173920,3,35,-1,77
14174430,15,101,-5,82
14174940,23,65,7,75
14175450,31,39,-1,76
14175960,13,10,-6,82
14176470,96,63,4,78
14176980,3,69,5,73
14177490,11,33,0,73
14178000,6,32,-5,78
14178510,18,76,-2,80
14179020,26,50,3,77
14179530,8,89,-2,79
14180040,56,53,-2,81
14180550,38,93,3,78
14181060,72,100,-2,80
14181570,100,71,4,76
14182080,7,77,0,76
14182590,15,19,0,76
14183100,99,72,-2,78
14183610,81,78,-9,87
14184120,52,16,5,82
14184630,95,25,6,76
14185140,71,34,-6,82
14185650,12,74,6,76
14186160,20,23,2,74
14186670,6,70,3,71
14187180,14,90,-10,81
14187690,22,45,5,76
14188200,8,52,4,72
14188710,19,72,-2,74
14189220,30,46,5,69
14189730,12,17,-8,77
14190240,7,66,2,75
14190750,15,86,-2,77
14191260,23,35,4,73
14191770,5,82,-7,80
14192280,53,46,4,76
14192790,35,86,-5,81
14193300,69,93,-2,83
14193810,97,64,6,77
14194320,4,70,-1,78
14194830,12,12,1,77
14195340,95,61,-4,81
14195850,2,67,1,80
14196360,10,9,0,80
14196870,5,58,10,70
14197380,13,78,-4,74
14197890,21,65,-1,75
14198400,20,38,1,74
14198910,1,37,0,74
14199420,13,57,-2,76
14199930,24,30,-8,84
14200440,10,77,4,80
14200950,18,64,6,74
14201460,17,37,0,74
14201970,12,55,1,73
14202480,23,28,-2,75
14202990,5,75,-5,80
14203500,13,17,-4,84
14204010,8,70,9,75
14204520,16,57,3,72
14205030,24,30,-1,73
14205540,6,77,-5,78
14206050,14,97,-8,86
14206560,62,61,5,81
14207070,33,101,-5,86
14207580,19,38,14,72
14208090,14,77,-5,77
14208600,22,51,5,72
14209110,3,69,-3,75
14209620,11,11,-11,86
14210130,6,60,10,76
14210640,14,80,4,72
14211150,22,74,2,70
14211660,33,48,-10,80
14212170,15,19,5,75
14212680,1,72,-1,76
14213190,9,36,-4,80
14213700,8,54,3,77
14214210,19,74,0,77
14214720,30,48,0,77
14215230,12,87,-1,78
14215740,20,74,5,73
14216250,28,48,-5,78
14216760,10,87,-2,80
14217270,18,29,4,76
14217780,13,68,2,74
14218290,24,42,2,72
14218800,5,60,-2,74
14219310,13,80,-1,75
14219820,21,35,0,75
14220330,16,74,1,74
14220840,24,48,-2,76
14221350,5,87,-4,80
14221860,13,51,3,77
14222370,16,24,-2,79
14222880,11,63,7,72
14223390,22,36,0,72
14223900,4,75,-8,80
14224410,12,17,1,79
14224920,77,70,-14,93
14225430,48,8,11,82
14225940,82,79,-1,83
14226450,53,17,2,81
14226960,96,57,4,77
14227470,3,63,7,70
14227980,11,83,-3,73
14228490,19,70,-4,77
14229000,27,44,1,76
14229510,9,91,-4,80
14230020,17,46,8,72
14230530,16,64,0,72
14231040,75,37,-10,82
14231550,7,43,8,74
14232060,19,61,-4,78
14232570,22,79,3,75
14233080,42,53,-8,83
14233590,24,24,9,74
14234100,6,71,-5,79
14234610,14,58,4,75
14235120,17,31,3,72
14235630,14,38,-4,76
14236140,9,56,4,72
14236650,20,29,-3,75
14237160,2,82,-8,83
14237670,50,24,4,79
14238180,93,64,5,74
14238690,0,70,2,72
14239200,48,12,-14,86
14239710,91,52,14,72
14240220,11,58,3,69
14240730,22,31,-6,75
14241240,4,70,-1,76
14241750,12,12,-2,78
14242260,7,61,4,74
14242770,15,81,2,72
14243280,23,54,-8,80
14243790,4,72,4,76
14244300,52,59,-5,81
14244810,34,30,4,77
14245320,16,4,-1,78
14245830,9,53,0,78
14246340,20,26,1,77
14246850,2,79,-1,78
14247360,50,21,-7,85
14247870,93,61,10,75
14248380,34,67,-6,81
14248890,68,4,2,79
14249400,0,16,-4,83
14249910,28,53,0,83
14250420,62,92,-1,84
14250930,96,13,6,78
14251440,28,25,-1,79
14251950,10,78,4,75
14252460,58,65,-8,83
14252970,40,36,2,81
14253480,22,10,0,81
14253990,4,63,9,72
14254500,52,83,-7,79
14255010,86,4,-1,80
14255520,18,16,-2,82
14256030,13,69,7,75
14256540,24,43,-1,76
14257050,19,50,-1,77
14257560,18,23,1,76
14258070,13,76,-1,77
14258580,21,63,1,76
14259090,20,36,3,73
14259600,1,43,-2,75
14260110,13,63,3,72
14260620,24,36,-1,73
14261130,6,43,-1,74
14261640,17,16,-6,80
14262150,12,69,8,72
14262660,23,42,-5,77
14263170,4,41,5,72
14263680,15,61,-2,74
14264190,26,34,0,74
14264700,8,41,-10,84
14265210,19,78,14,70
14265720,27,51,-7,77
14266230,8,58,4,73
14266740,19,31,-4,77
14267250,14,38,1,76
14267760,13,37,-4,80
14268270,8,55,4,76
14268780,19,28,3,73
14269290,14,35,0,73
14269800,9,42,-6,79
14270310,8,15,-2,81
14270820,3,64,5,76
14271330,11,84,2,74
14271840,64,71,-9,83
14272350,92,100,1,82
14272860,74,71,0,82
14273370,45,9,6,76
14273880,79,43,-7,83
14274390,20,49,6,77
14274900,1,67,2,75
14275410,49,9,-3,78
14275920,83,80,-5,83
14276430,54,51,3,80
14276940,36,91,-5,85
14277450,70,28,-3,88
14277960,11,23,9,79
14278470,6,30,2,77
14278980,5,37,4,73
14279490,16,24,-6,79
14280000,81,77,-7,86
14280510,52,48,6,80
14281020,34,88,-1,81
14281530,68,92,1,80
14282040,96,13,-2,82
14282550,28,25,5,77
14283060,10,101,0,77
14283570,58,56,-2,79
14284080,29,27,-8,87
14284590,49,80,7,80
14285100,83,53,3,77
14285610,11,59,3,74
14286120,22,32,-8,82
14286630,17,39,11,71
14287140,16,57,-3,74
14287650,15,30,-3,77
14288160,10,37,0,77
14288670,9,11,-4,81
14289180,8,60,8,73
14289690,19,33,-5,78
14290200,14,40,-2,80
14290710,13,58,4,76
14291220,24,31,2,74
14291730,6,38,-2,76
14292240,17,11,2,74
14292750,101,64,2,72
14293260,8,70,-2,74
14293770,16,57,1,73
14294280,15,30,-4,77
14294790,10,83,-4,81
14295300,58,25,-3,84
14295810,101,65,5,79
14296320,8,71,3,76
14296830,19,91,-5,81
14297340,30,64,0,81
14297850,11,1,-2,83
14298360,4,50,12,71
14298870,15,70,-8,79
14299380,26,43,6,73
14299890,7,50,0,73
14300400,18,23,-2,75
14300910,13,76,3,72
14301420,24,50,-4,76
14301930,5,89,-1,77
14302440,53,31,-3,80
14302950,24,35,-3,83
14303460,10,42,9,74
14303970,9,15,-10,84
14304480,8,64,13,71
14304990,16,37,-6,77
14305500,15,55,1,76
14306010,14,73,2,74
14306520,25,46,-2,76
14307030,6,24,0,76
14307540,5,77,-3,79
14308050,53,19,-1,80
14308560,29,28,2,78
14309070,11,75,8,70
14309580,22,48,3,67
14310090,3,66,-9,76
14310600,11,8,-4,80
14311110,6,57,6,74
14311620,17,30,-4,78
14312130,12,27,6,72
14312640,7,66,-5,77
14313150,18,86,-7,84
14313660,29,93,9,75
14314170,25,30,-3,78
14314680,7,83,3,75
14315190,55,25,-7,82
14315700,98,65,2,80
14316210,26,71,1,79
14316720,22,44,0,79
14317230,3,83,-5,84
14317740,51,25,5,79
14318250,81,65,-6,85
14318760,7,71,15,70
14319270,55,91,-11,81
14319780,89,64,1,80
14320290,15,70,8,72
14320800,26,43,-3,75
14321310,7,42,5,70
14321820,18,15,-10,80
14322330,0,68,-3,83
14322840,48,10,-1,84
14323350,82,81,10,74
14323860,8,17,-5,79
14324370,3,51,3,76
14324880,14,24,4,72
14325390,9,63,-2,74
14325900,20,36,-6,80
14326410,15,75,6,74
14326920,26,48,2,72
14327430,7,21,-6,78
14327940,2,70,3,75
14328450,50,12,-7,82
14328960,84,83,7,75
14329470,10,19,-12,87
14329980,5,72,8,79
14330490,53,92,-3,82
14331000,81,29,7,75
14331510,57,18,-12,87
14332020,100,27,7,80
14332530,32,16,-1,81
14333040,14,69,10,71
14333550,25,42,-9,80
14334060,6,81,-3,83
14334570,54,101,1,82
14335080,82,38,2,80
14335590,10,58,5,75
14336100,21,31,-2,77
14336610,16,70,3,74
14337120,27,43,-4,78
14337630,8,82,0,78
14338140,56,24,-5,83
14338650,99,64,11,72
14339160,6,70,-6,78
14339670,44,90,0,78
14340180,78,27,2,76
14340690,10,16,0,76
14341200,5,69,-3,79
14341710,16,11,-5,84
14342220,99,10,3,81
14342730,31,81,4,77
14343240,12,54,6,71
14343750,23,27,-7,78
14344260,5,80,-2,80
14344770,53,22,-5,85
14345280,96,62,9,76
14345790,3,68,1,75
14346300,11,10,-2,77
14346810,6,59,-2,79
14347320,17,32,2,77
14347830,95,85,0,77
14348340,16,23,1,76
14348850,81,76,-3,79
14349360,2,12,-1,80
14349870,13,61,2,78
14350380,24,34,3,75
14350890,10,73,-8,83
14351400,21,46,15,68
14351910,2,19,-9,77
14352420,13,72,0,77
14352930,24,45,-1,78
14353440,5,84,2,76
14353950,53,26,-9,85
14354460,87,66,9,76
14354970,58,72,-3,79
14355480,86,95,-3,82
14355990,7,31,2,80
14356500,6,4,-4,84
14357010,1,53,3,81
14357520,12,73,10,71
14358030,23,46,-12,83
14358540,18,85,0,83
14359050,29,58,11,72
14359560,10,97,-5,77
14360070,58,91,-9,86
14360580,92,28,10,76
14361090,24,17,-8,84
14361600,6,70,15,69
14362110,14,64,-9,78
14362620,25,37,3,75
14363130,20,76,-3,78
14363640,21,49,4,74
14364150,20,22,1,73
14364660,15,2,-13,86
14365170,8,51,11,75
14365680,19,24,0,75
14366190,14,77,1,74
14366700,25,50,2,72
14367210,6,89,-9,81
14367720,54,29,-1,82
14368230,25,69,5,77
14368740,24,6,-4,81
14369250,5,55,7,74
14369760,16,28,0,74
14370270,11,67,5,69
14370780,22,40,-1,70
14371290,3,79,-11,81
14371800,11,21,-7,88
14372310,6,60,13,75
14372820,17,33,0,75
14373330,12,72,-1,76
14373840,23,45,6,70
14374350,4,84,-2,72
14374860,52,24,-9,81
14375370,95,64,6,75
14375880,60,70,-6,81
14376390,88,93,2,79
14376900,59,29,-3,82
14377410,93,35,6,76
14377920,25,24,1,75
14378430,20,77,3,72
14378940,21,14,-8,80
14379450,16,67,7,73
14379960,17,40,-3,76
14380470,52,79,-4,80
14380980,86,0,-2,82
14381490,18,71,9,73
14382000,19,44,-4,77
14382510,0,62,0,77
14383020,48,4,0,77
14383530,82,75,-1,78
14384040,69,11,-6,84
14384550,1,82,2,82
14385060,49,46,11,71
14385570,20,28,-4,75
14386080,15,67,1,74
14386590,26,40,1,73
14387100,7,79,-1,74
14387610,55,73,-7,81
14388120,89,96,4,77
14388630,60,32,-4,81
14389140,1,38,5,76
14389650,49,58,-7,83
14390160,83,81,2,81
14390670,54,17,-4,85
14391180,88,26,6,79
14391690,12,15,5,74
14392200,77,64,-8,82
14392710,48,46,2,80
14393220,19,28,5,75
14393730,14,67,3,72
14394240,15,40,-3,75
14394750,10,79,-1,76
14395260,11,52,0,76
14395770,12,25,1,75
14396280,7,64,-2,77
14396790,8,37,-2,79
14397300,9,10,-7,86
14397810,4,59,13,73
14398320,5,79,-1,74
14398830,53,72,-11,85
14399340,87,95,3,82
14399850,58,16,5,77
14400360,92,25,2,75
14400870,24,14,-8,83
14401380,5,67,7,76
14401890,53,9,-2,78
14402400,87,80,-4,82
14402910,58,18,3,79
14403420,92,50,3,76
14403930,24,56,4,72
14404440,5,29,-5,77
14404950,4,82,1,76
14405460,52,24,-6,82
14405970,86,64,6,76
14406480,18,70,3,73
14406990,19,43,-6,79
14407500,14,82,1,78
14408010,15,55,3,75
14408520,18,28,-4,79
14409030,13,67,1,78
14409540,14,40,2,76
14410050,21,58,4,72
14410560,22,76,-4,76
14411070,23,13,-3,79
14411580,43,66,-1,80
14412090,77,3,-4,84
14412600,9,74,4,80
14413110,10,94,1,79
14413620,58,34,-1,80
14414130,92,40,3,77
14414640,24,29,-3,80
14415150,6,68,4,76
14415660,7,10,-11,87
14416170,2,59,17,70
14416680,3,1,-9,79
14417190,100,50,9,70
14417700,32,70,-8,78
14418210,66,7,2,76
14418720,100,78,-2,78
14419230,71,84,-2,80
14419740,42,5,-1,81
14420250,76,76,-2,83
14420760,47,12,1,82
14421270,81,21,9,73
14421780,13,10,-7,80
14422290,8,59,8,72
14422800,9,32,-6,78
14423310,59,50,-6,84
14423820,93,32,11,73
14424330,25,21,-5,78
14424840,7,74,5,73
14425350,8,16,-5,78
14425860,3,65,4,74
14426370,51,7,-8,82
14426880,85,78,-5,87
14427390,56,16,2,85
14427900,99,25,6,79
14428410,31,20,4,75
14428920,51,73,-5,80
14429430,85,96,-3,83
14429940,56,17,-1,84
14430450,99,26,9,75
14430960,31,21,1,74
14431470,81,89,-8,82
14431980,52,25,1,81
14432490,0,65,1,80
14433000,48,29,3,77
14433510,91,93,-5,82
14434020,62,29,1,81
14434530,10,69,4,77
14435040,58,42,-4,81
14435550,6,48,10,71
14436060,18,21,-4,75
14436570,101,60,0,75
14437080,49,66,-4,79
14437590,83,89,-4,83
14438100,54,10,6,77
14438610,88,42,2,75
14439120,20,62,-2,77
14439630,23,80,2,75
14440140,24,17,1,74
14440650,44,70,-3,77
14441160,78,7,-7,84
14441670,10,78,15,69
14442180,58,72,-12,81
14442690,92,95,2,79
14443200,63,16,-6,85
14443710,97,25,9,76
14444220,29,20,5,71
14444730,49,16,-5,76
14445240,83,25,-1,77
14445750,15,66,3,74
14446260,16,39,-6,80
14446770,99,78,3,77
14447280,6,84,-1,78
14447790,54,48,-2,80
14448300,25,40,5,75
14448810,6,79,-6,81
14449320,54,21,1,80
14449830,97,76,6,74
14450340,68,82,-10,84
14450850,0,3,0,84
14451360,11,52,11,73
14451870,23,70,-2,75
14452380,24,7,4,71
14452890,5,75,-2,73
14453400,53,39,-8,81
14453910,24,21,3,78
14454420,44,74,-1,79
14454930,78,11,-1,80
14455440,10,82,1,79
14455950,58,20,-2,81
14456460,101,58,6,75
14456970,21,64,-1,76
14457480,22,82,1,75
14457990,23,19,-5,80
14458500,43,72,2,78
14459010,77,9,2,76
14459520,9,80,1,75
14460030,57,100,-11,86
14460540,91,37,13,73
14461050,23,78,0,73
14461560,24,15,-4,77
14462070,44,68,-2,79
14462580,78,5,-1,80
14463090,10,76,3,77
14463600,58,14,-3,80
14464110,101,23,4,76
14464620,33,18,7,69
14465130,73,82,-12,81
14465640,44,3,-1,82
14466150,78,74,1,81
14466660,49,56,3,78
14467170,20,79,2,76
14467680,21,16,3,73
14468190,41,69,-1,74
14468700,75,6,-6,80
14469210,7,77,0,80
14469720,55,19,0,80
14470230,98,28,3,77
14470740,30,69,1,76
14471250,64,6,-9,85
14471760,98,77,8,77
14472270,69,83,-7,84
14472780,40,4,3,81
14473290,74,75,-6,87
14473800,45,13,1,86
14474310,88,53,8,78
14474820,16,59,5,73
14475330,19,77,-3,76
14475840,20,14,0,76
14476350,40,67,-5,81
14476860,74,4,1,80
14477370,6,75,1,79
14477880,7,17,-1,80
14478390,10,66,2,78
14478900,22,4,-3,81
14479410,3,53,5,76
14479920,15,73,6,70
14480430,16,91,-5,75
14480940,17,29,3,72
14481450,12,68,-3,75
14481960,24,41,-7,82
14482470,5,64,7,75
14482980,17,2,-5,80
14483490,10,51,9,71
14484000,22,69,-1,72
14484510,25,87,-2,74
14485020,26,24,2,72
14485530,46,71,-4,76
14486040,80,94,0,76
14486550,51,15,-7,83
14487060,94,24,9,74
14487570,26,65,-6,80
14488080,60,83,-6,86
14488590,94,4,3,83
14489100,26,75,5,78
14489610,60,93,-4,82
14490120,94,14,-1,83
14490630,26,85,4,79
14491140,27,22,6,73
14491650,47,69,-5,78
14492160,81,92,-5,83
14492670,7,13,-3,86
14493180,69,62,5,81
14493690,40,0,-4,85
14494200,74,71,0,85
14494710,45,9,2,83
14495220,79,80,1,82
14495730,50,18,4,78
14496240,93,58,-1,79
14496750,21,64,5,74
14497260,24,82,-2,76
14497770,25,100,-3,79
14498280,28,5,0,79
14498790,62,45,-4,83
14499300,3,27,10,73
14499810,15,64,-4,77
14500320,18,82,2,75
14500830,19,20,2,73
14501340,84,73,-5,78
14501850,55,11,-1,79
14502360,89,20,0,79
14502870,21,29,3,76
14503380,86,76,-4,80
14503890,57,14,-3,83
14504400,100,23,4,79
14504910,32,32,4,75
14505420,52,79,-1,76
14505930,86,0,-7,83
14506440,18,44,11,72
14506950,30,62,-11,83
14507460,64,101,4,79
14507970,92,22,2,77
14508480,24,31,-3,80
14508990,44,78,3,77
14509500,78,19,5,72
14510010,10,28,-13,85
14510520,5,27,8,77
14511030,17,45,0,77
14511540,29,63,0,77
14512050,63,62,-5,82
14512560,34,7,8,74
14513070,68,47,-11,85
14513580,9,79,4,81
14514090,57,28,-6,87
14514600,100,68,12,75
14515110,7,74,0,75
14515620,55,23,-7,82
14516130,98,32,8,74
14516640,30,73,-4,78
14517150,64,91,-2,80
14517660,92,12,-4,84
14518170,24,83,3,81
14518680,25,57,2,79
14519190,20,56,4,75
14519700,19,6,-3,78
14520210,53,55,-5,83
14520720,24,0,4,79
14521230,58,29,-4,83
14521740,101,69,3,80
14522250,8,75,9,71
14522760,56,13,-8,79
14523270,90,22,5,74
14523780,22,31,1,73
14524290,17,78,-3,76
14524800,18,16,1,75
14525310,13,63,1,74
14525820,25,81,-4,78
14526330,26,55,4,74
14526840,60,54,-12,86
14527350,31,94,5,81
14527860,32,101,2,79
14528370,66,6,-2,81
14528880,100,77,6,75
14529390,7,22,-3,78
14529900,10,21,1,77
14530410,5,68,-2,79
14530920,53,6,0,79
14531430,87,50,3,76
14531940,28,56,-2,78
14532450,62,55,-7,85
14532960,33,95,9,76
14533470,67,0,-6,82
14533980,101,44,2,80
14534490,21,91,2,78
14535000,22,98,-1,79
14535510,23,36,2,77
14536020,18,35,4,73
14536530,15,34,-1,74
14537040,10,52,6,68
14537550,22,70,-8,76
14538060,21,69,0,76
14538570,24,68,2,74
14539080,25,67,-1,75
14539590,37,66,-8,83
14540100,71,7,4,79
14540610,3,78,3,76
14541120,51,42,-8,84
14541630,73,89,-1,85
14542140,101,10,7,78
14542650,33,22,-3,81
14543160,53,86,-4,85
14543670,87,7,4,81
14544180,19,78,3,78
14544690,20,13,2,76
14545200,40,66,-4,80
14545710,74,89,-3,83
14546220,0,19,5,78
14546730,28,63,4,74
14547240,62,62,-7,81
14547750,33,0,-1,82
14548260,67,29,0,82
14548770,8,76,8,74
14549280,56,18,-9,83
14549790,99,62,5,78
14550300,19,68,4,74
14550810,64,3,-8,82
14551320,98,47,9,73
14551830,18,94,-4,77
14552340,19,32,-1,78
14552850,14,79,-1,79
14553360,62,17,-4,83
14553870,3,61,7,76
14554380,51,101,-4,80
14554890,85,22,3,77
14555400,17,17,0,77
14555910,82,70,3,74
14556420,2,8,-6,80
14556930,30,57,1,79
14557440,5,56,6,73
14557950,17,96,-6,79
14558460,65,34,-4,83
14558970,6,81,8,75
14559480,54,23,-7,82
14559990,97,67,5,77
14560500,17,73,5,72
14561010,18,8,-3,75
14561520,19,61,0,75
14562030,20,69,-5,80
14562540,19,87,5,75
14563050,20,25,1,74
14563560,40,78,-1,75
14564070,74,101,-5,80
14564580,6,22,7,73
14565090,5,40,-1,74
14565600,17,60,3,71
14566110,18,78,-7,78
14566620,19,13,-2,80
14567130,14,66,2,78
14567640,15,1,2,76
14568150,8,50,8,68
14568660,20,68,-4,72
14569170,21,86,2,70
14569680,22,21,-7,77
14570190,42,74,2,75
14570700,76,11,-5,80
14571210,8,23,3,77
14571720,7,70,6,71
14572230,55,8,-7,78
14572740,89,9,-7,85
14573250,21,21,4,81
14573760,41,68,-1,82
14574270,75,13,1,81
14574780,7,14,-2,83
14575290,2,63,3,80
14575800,3,5,-1,81
14576310,100,54,7,74
14576820,20,101,-4,78
14577330,21,39,6,72
14577840,16,38,-4,76
14578350,20,56,-3,79
14578860,19,74,9,70
14579370,20,9,-11,81
14579880,21,62,7,74
14580390,22,80,-3,77
14580900,23,15,2,75
14581410,43,68,-4,79
14581920,77,91,0,79
14582430,3,62,5,74
14582940,4,82,-3,77
14583450,52,24,-3,80
14583960,95,64,4,76
14584470,15,70,2,74
14584980,16,29,2,72
14585490,11,76,-4,76
14586000,12,14,-7,83
14586510,7,63,12,71
14587020,8,1,-7,78
14587530,1,50,2,76
14588040,2,87,-3,79
14588550,50,29,-3,82
14589060,72,93,1,81
14589570,4,14,5,76
14590080,3,63,-1,77
14590590,51,1,0,77
14591100,85,45,-3,80
14591610,5,48,7,73
14592120,6,68,-1,74
14592630,7,6,-9,83
14593140,2,55,9,74
14593650,3,92,-9,83
14594160,51,34,1,82
14594670,73,98,3,79
14595180,5,19,1,78
14595690,6,56,4,74
14596200,7,96,-3,77
14596710,55,34,-3,80
14597220,98,98,-3,83
14597730,30,26,6,77
14598240,50,73,-7,84
14598750,84,96,4,80
14599260,10,67,5,75
14599770,11,5,-2,77
14600280,6,54,2,75
14600790,7,74,1,74
14601300,8,12,-1,75
14601810,3,61,-3,78
14602320,51,101,-3,81
14602830,85,38,8,73
14603340,5,41,0,73
14603850,17,78,-4,77
14604360,18,13,3,74
14604870,13,66,-2,76
14605380,14,4,0,76
14605890,7,53,3,73
14606400,8,90,-1,74
14606910,56,28,-9,83
14607420,99,92,-1,84
14607930,20,20,7,77
14608440,15,73,7,70
14608950,16,8,-13,83
14609460,9,57,10,73
14609970,10,94,-4,77
14610480,58,36,-7,84
14610990,101,100,4,80
14611500,22,38,2,78
14612010,17,0,-6,84
14612520,10,49,11,73
14613030,22,86,-3,76
14613540,23,21,3,73
14614050,43,68,-3,76
14614560,77,91,-8,84
14615070,3,62,9,75
14615580,4,4,-11,86
14616090,32,53,8,78
14616600,66,92,-2,80
14617110,100,13,-5,85
14617620,32,84,3,82
14618130,33,21,2,80
14618640,53,85,4,76
14619150,87,6,-3,79
14619660,19,18,-1,80
14620170,39,71,4,76
14620680,73,94,-10,86
14621190,101,15,4,82
14621700,33,86,1,81
14622210,67,23,2,79
14622720,8,26,8,71
14623230,7,73,-3,74
14623740,8,22,-3,77
14624250,7,69,2,75
14624760,8,18,-8,83
14625270,7,19,7,76
14625780,6,72,-1,77
14626290,7,14,-3,80
14626800,6,63,8,72
14627310,7,1,-8,80
14627820,91,50,5,75
14628330,11,53,2,73
14628840,12,90,-3,76
14629350,20,39,2,74
14629860,15,75,4,70
14630370,16,13,-3,73
14630880,36,66,-3,76
14631390,70,89,-1,77
14631900,98,60,-5,82
14632410,26,66,6,76
14632920,27,0,-3,79
14633430,61,29,0,79
14633940,2,32,5,74
14634450,14,76,2,72
14634960,15,14,-3,75
14635470,80,67,-5,80
14635980,0,5,1,79
14636490,11,54,8,71
14637000,22,91,-3,74
14637510,23,26,1,73
14638020,43,73,-5,78
14638530,77,37,3,75
14639040,18,40,-5,80
14639550,22,76,7,73
14640060,23,20,3,70
14640570,43,67,-8,78
14641080,77,90,-8,86
14641590,3,61,12,74
14642100,4,3,-9,83
14642610,32,52,1,82
14643120,66,88,0,82
14643630,94,59,4,78
14644140,22,65,1,77
14644650,21,27,0,77
14645160,25,74,1,76
14645670,26,36,-3,79
14646180,60,72,-4,83
14646690,88,43,4,79
14647200,16,46,5,74
14647710,15,64,-8,82
14648220,26,101,4,78
14648730,27,45,3,75
14649240,61,81,-8,83
14649750,89,52,4,79
14650260,30,55,-2,81
14650770,64,91,-1,82
14651280,92,62,6,76
14651790,20,94,-7,83
14652300,21,43,8,75
14652810,55,5,-7,82
14653320,89,76,1,81
14653830,9,14,0,81
14654340,8,15,-2,83
14654850,36,64,6,77
14655360,70,100,-2,79
14655870,98,71,5,74
14656380,18,1,-8,82
14656890,11,50,2,80
14657400,23,87,3,77
14657910,24,22,1,76
14658420,44,69,1,75
14658930,78,3,-7,82
14659440,10,76,10,72
14659950,11,14,-6,78
14660460,76,67,-8,86
14660970,2,97,3,83
14661480,50,4,0,83
14661990,84,75,-6,89
14662500,10,3,10,79
14663010,3,4,-12,91
14663520,14,88,19,72
14664030,22,37,1,71
14664540,19,73,0,71
14665050,20,8,-7,78
14665560,46,61,-9,87
14666070,74,32,9,78
14666580,15,35,-1,79
14667090,10,99,-4,83
14667600,58,48,2,81
14668110,19,88,7,74
14668620,20,62,-4,78
14669130,23,80,3,75
14669640,24,24,-3,78
14670150,44,71,4,74
14670660,78,42,-1,75
14671170,19,45,-3,78
14671680,16,7,-4,82
14672190,42,60,0,82
14672700,76,31,6,76
14673210,17,34,4,72
14673720,21,98,-6,78
14674230,37,64,3,75
14674740,78,100,-2,77
14675250,4,71,-3,80
14675760,52,13,-4,84
14676270,95,22,8,76
14676780,19,17,-3,79
14677290,39,70,0,79
14677800,73,4,-5,84
14678310,99,75,5,79
14678820,27,5,0,79
14679330,53,58,0,79
14679840,81,29,6,73
14680350,5,70,-3,76
14680860,6,12,-6,82
14681370,34,61,1,81
14681880,68,97,1,80
14682390,96,68,1,79
14682900,24,100,-1,80
14683410,27,49,6,74
14683920,24,85,-2,76
14684430,25,59,-10,86
14684940,26,95,13,73
14685450,27,69,-1,74
14685960,61,81,-9,83
14686470,89,52,8,75
14686980,17,55,-5,80
14687490,20,17,3,77
14688000,40,70,-8,85
14688510,74,41,6,79
14689020,15,44,5,74
14689530,18,62,3,71
14690040,21,99,-6,77
14690550,19,48,4,73
14691060,18,66,3,70
14691570,21,1,-5,75
14692080,47,50,-2,77
14692590,18,21,-4,81
14693100,21,74,4,77
14693610,22,9,-4,81
14694120,48,62,-5,86
14694630,82,33,15,71
14695140,23,74,-6,77
14695650,24,36,1,76
14696160,21,89,5,71
14696670,22,27,-10,81
14697180,42,80,-1,82
14697690,76,14,4,78
14698200,8,23,-2,80
14698710,11,24,4,76
14699220,87,25,-4,80
14699730,11,20,3,77
14700240,14,73,7,70
14700750,17,11,-8,78
14701260,43,64,1,77
14701770,77,35,-7,84
14702280,18,38,15,69
14702790,15,74,-5,74
14703300,26,23,-1,75
14703810,46,70,-7,82
14704320,80,93,4,78
14704830,6,64,8,70
14705340,17,2,-10,80
14705850,10,51,4,76
14706360,44,88,-7,83
14706870,72,22,6,77
14707380,13,17,-4,81
14707890,12,70,7,74
14708400,23,19,-3,77
14708910,43,72,-8,85
14709420,77,12,6,79
14709930,9,24,7,72
14710440,74,25,-5,77
14710950,15,66,1,76
14711460,26,15,-4,80
14711970,46,68,3,77
14712480,80,100,-2,79
14712990,6,71,10,69
14713500,14,9,-16,85
14714010,40,62,2,83
14714520,74,98,2,81
14715030,0,19,0,81
14715540,28,20,9,72
14716050,48,73,-8,80
14716560,82,96,2,78
14717070,8,67,4,74
14717580,19,16,-6,80
14718090,39,69,3,77
14718600,73,3,-5,82
14719110,5,10,-5,87
14719620,33,59,11,76
14720130,67,95,-3,79
14720640,95,66,4,75
14721150,23,98,-5,80
14721660,26,36,7,73
14722170,23,72,0,73
14722680,57,34,-14,87
14723190,100,74,10,77
14723700,20,4,-2,79
14724210,46,53,0,79
14724720,80,24,0,79
14725230,0,19,-1,80
14725740,28,17,7,73
14726250,48,70,-3,76
14726760,82,93,-7,83
14727270,8,64,8,75
14727780,19,84,1,74
14728290,22,19,2,72
14728800,42,72,-8,80
14729310,76,6,-2,82
14729820,8,18,9,73
14730330,11,71,-2,75
14730840,22,20,-6,81
14731350,42,73,2,79
14731860,76,44,2,77
14732370,17,47,-2,79
14732880,29,65,-3,82
14733390,63,101,3,79
14733900,91,72,-4,83
14734410,17,10,2,81
14734920,10,63,9,72
14735430,21,100,-8,80
14735940,32,49,2,78
14736450,66,85,-3,81
14736960,94,56,6,75
14737470,14,59,0,75
14737980,25,96,-6,81
14738490,36,34,3,78
14739000,56,74,-6,84
14739510,84,45,11,73
14740020,4,48,-2,75
14740530,15,88,-1,76
14741040,23,37,1,75
14741550,57,90,-5,80
14742060,85,10,1,79
14742570,17,22,7,72
14743080,82,75,-4,76
14743590,8,13,-2,78
14744100,36,62,4,74
14744610,70,13,-9,83
14745120,2,8,2,81
14745630,30,57,-1,82
14746140,58,93,-1,83
14746650,86,23,4,79
14747160,18,18,4,75
14747670,38,71,-5,80
14748180,66,8,-4,84
14748690,100,20,1,83
14749200,32,15,-2,85
14749710,58,68,7,78
14750220,86,39,-1,79
14750730,27,42,2,77
14751240,61,95,-9,86
14751750,89,25,16,70
14752260,14,20,-7,77
14752770,42,73,-1,78
14753280,76,10,-6,84
14753790,8,22,7,77
14754300,19,75,9,68
14754810,20,10,-13,81
14755320,46,63,2,79
14755830,80,34,5,74
14756340,12,29,-5,79
14756850,23,82,4,75
14757360,24,19,-1,76
14757870,44,72,-4,80
14758380,78,9,1,79
14758890,10,21,-2,81
14759400,5,74,6,75
14759910,16,23,-3,78
14760420,20,76,10,68
14760930,21,11,-11,79
14761440,47,64,4,75
14761950,75,35,-2,77
14762460,97,30,0,77
14762970,22,25,-3,80
14763480,56,78,-5,85
14763990,84,8,7,78
14764500,16,20,9,69
14765010,81,73,-13,82
14765520,7,11,0,82
14766030,35,60,5,77
14766540,69,99,-1,78
14767050,97,29,3,75
14767560,22,24,-3,78
14768070,42,77,3,75
14768580,70,14,2,73
14769090,2,9,-7,80
14769600,13,58,8,72
14770110,24,95,-8,80
14770620,35,32,6,74
14771130,55,72,-8,82
14771640,83,2,0,82
14772150,15,73,5,77
14772660,26,22,1,76
14773170,46,75,-2,78
14773680,74,12,-5,83
14774190,6,24,4,79
14774700,34,61,2,77
14775210,68,100,-5,82
14775720,96,30,1,81
14776230,21,25,-3,84
14776740,55,78,3,81
14777250,89,49,5,76
14777760,9,52,7,69
14778270,20,89,-7,76
14778780,31,27,-4,80
14779290,51,67,3,77
14779800,85,38,-1,78
14780310,5,33,6,72
14780820,16,73,-4,76
14781330,27,8,0,76
14781840,53,61,-5,81
14782350,81,91,-4,85
14782860,7,19,6,79
14783370,18,72,6,73
14783880,29,7,-5,78
14784390,55,12,-5,83
14784900,98,21,2,81
14785410,30,16,-2,83
14785920,73,69,1,82
14786430,101,7,0,82
14786940,33,19,5,77
14787450,73,72,-8,85
14787960,101,0,2,83
14788470,33,71,3,80
14788980,67,8,-3,83
14789490,101,79,3,80
14790000,13,17,-5,85
14790510,12,70,8,77
14791020,23,8,-1,78
14791530,49,61,6,72
14792040,77,32,-2,74
14792550,2,27,-5,79
14793060,30,67,-3,82
14793570,64,4,-2,84
14794080,98,16,12,72
14794590,30,11,-8,80
14795100,73,64,3,77
14795610,101,2,-6,83
14796120,33,73,-1,84
14796630,67,10,5,79
14797140,101,81,-1,80
14797650,13,19,0,80
14798160,12,58,5,75
14798670,23,76,-3,78
14799180,24,94,2,76
14799690,35,31,-3,79
14800200,55,42,1,78
14800710,83,82,-3,81
14801220,9,10,7,74
14801730,8,59,-2,76
14802240,19,99,2,74
14802750,99,37,-4,78
14803260,24,78,3,75
14803770,25,15,-1,76
14804280,45,68,-4,80
14804790,79,39,9,71
14805300,4,80,-6,77
14805810,52,18,-6,83
14806320,95,27,6,77
14806830,20,22,-3,80
14807340,40,33,3,77
14807850,60,73,-15,92
14808360,88,1,15,77
14808870,20,72,-5,82
14809380,31,9,-4,86
14809890,74,96,2,84
14810400,0,67,8,76
14810910,11,9,-8,84
14811420,10,58,13,71
14811930,21,76,-1,72
14812440,22,94,-4,76
14812950,33,31,-5,81
14813460,53,42,4,77
14813970,81,82,-4,81
14814480,7,10,1,80
14814990,6,59,6,74
14815500,17,99,-8,82
14816010,28,48,4,78
14816520,62,59,0,78
14817030,90,89,-5,83
14817540,2,17,2,81
14818050,13,18,-2,83
14818560,78,67,0,83
14819070,4,5,3,80
14819580,15,54,12,68
14820090,26,72,-8,76
14820600,25,90,-2,78
14821110,36,27,0,78
14821620,56,80,-7,85
14822130,90,51,7,78
14822640,10,92,-3,81
14823150,21,30,13,68
14823660,41,41,-8,76
14824170,61,71,-5,81
14824680,89,101,-1,82
14825190,15,29,6,76
14825700,14,68,1,75
14826210,25,17,-1,76
14826720,45,70,-1,77
14827230,79,7,-4,81
14827740,11,78,5,76
14828250,22,16,-5,81
14828760,42,69,1,80
14829270,76,6,0,80
14829780,35,77,2,78
14830290,69,14,-2,80
14830800,1,9,-4,84
14831310,12,10,3,81
14831820,11,59,7,74
14832330,22,77,-2,76
14832840,33,14,-10,86
14833350,76,67,3,83
14833860,90,97,-6,89
14834370,16,25,11,78
14834880,15,64,11,67
14835390,26,82,-10,77
14835900,25,19,2,75
14836410,45,72,-6,81
14836920,79,9,3,78
14837430,11,80,1,77
14837940,22,18,4,73
14838450,42,71,-6,79
14838960,76,8,-7,86
14839470,8,79,12,74
14839980,19,17,-6,80
14840490,18,28,1,79
14841000,17,67,3,76
14841510,28,85,-2,78
14842020,42,22,1,77
14842530,85,62,-3,80
14843040,99,94,0,80
14843550,20,22,3,77
14844060,40,33,9,68
14844570,60,73,-15,83
14845080,88,44,5,78
14845590,11,85,5,73
14846100,22,23,-6,79
14846610,21,62,6,73
14847120,20,80,0,73
14847630,31,17,-7,80
14848140,51,70,-3,83
14848650,85,41,10,73
14849160,10,36,-6,79
14849670,9,54,1,78
14850180,20,72,3,75
14850690,31,9,-5,80
14851200,74,49,-4,84
14851710,15,55,1,83
14852220,26,73,4,79
14852730,25,91,1,78
14853240,26,28,0,78
14853750,46,39,3,75
14854260,66,79,-9,84
14854770,94,7,7,77
14855280,26,78,0,77
14855790,40,15,-5,82
14856300,83,55,3,79
14856810,97,61,2,77
14857320,17,67,7,70
14857830,28,85,-5,75
14858340,27,22,-4,79
14858850,47,33,3,76
14859360,61,73,-9,85
14859870,89,1,4,81
14860380,21,72,8,73
14860890,32,90,-10,83
14861400,46,27,1,82
14861910,86,67,2,80
14862420,100,5,-2,82
14862930,32,76,2,80
14863440,66,94,-7,87
14863950,94,31,10,77
14864460,19,72,4,73
14864970,30,90,-2,75
14865480,44,27,-6,81
14865990,87,67,2,79
14866500,101,5,1,78
14867010,33,76,0,78
14867520,67,13,-2,80
14868030,101,84,0,80
14868540,22,12,7,73
14869050,42,65,-8,81
14869560,76,2,1,80
14870070,8,73,1,79
14870580,19,22,5,74
14871090,39,33,-7,81
14871600,59,7,-2,83
14872110,43,78,5,78
14872620,77,15,-3,81
14873130,9,86,2,79
14873640,57,24,-6,85
14874150,100,64,9,76
14874660,20,70,6,70
14875170,31,7,-8,78
14875680,65,9,-6,84
14876190,99,80,9,75
14876700,11,18,2,73
14877210,10,57,-6,79
14877720,21,75,7,72
14878230,55,93,-7,79
14878740,89,30,0,79
14879250,14,71,8,71
14879760,25,6,-8,79
14880270,59,55,-3,82
14880780,73,85,-1,83
14881290,87,13,2,81
14881800,19,84,10,71
14882310,30,19,-8,79
14882820,50,72,-2,81
14883330,84,9,0,81
14883840,16,80,6,75
14884350,27,98,-10,85
14884860,38,35,6,79
14885370,72,75,-6,85
14885880,86,3,0,85
14886390,18,74,8,77
14886900,29,9,1,76
14887410,72,49,-9,85
14887920,13,55,10,75
14888430,27,73,-1,76
14888940,61,91,-6,82
14889450,95,28,10,72
14889960,20,23,-17,89
14890470,19,62,15,74
14890980,18,80,3,71
14891490,29,15,-2,73
14892000,72,68,-12,85
14892510,43,98,3,82
14893020,77,35,5,77
14893530,18,38,2,75
14894040,17,77,6,69
14894550,28,12,-12,81
14895060,71,65,-6,87
14895570,42,95,8,79
14896080,76,32,-1,80
14896590,17,27,3,77
14897100,16,66,6,71
14897610,27,84,-5,76
14898120,61,21,-6,82
14898630,2,16,3,79
14899140,13,17,3,76
14899650,12,56,-1,77
14900160,23,74,4,73
14900670,57,11,-9,82
14901180,91,82,-8,90
14901690,62,10,8,82
14902200,96,81,7,75
14902710,17,9,-4,79
14903220,37,77,-3,82
14903730,71,14,1,81
14904240,3,85,-1,82
14904750,51,23,-1,83
14905260,94,63,7,76
14905770,6,69,-1,77
14906280,17,7,-5,82
14906790,18,56,8,74
14907300,17,74,0,74
14907810,28,9,-3,77
14908320,71,49,-3,80
14908830,12,55,11,69
14909340,23,73,-9,78
14909850,24,91,-2,80
14910360,25,28,4,76
14910870,45,67,-2,78
14911380,79,4,1,77
14911890,11,75,-4,81
14912400,22,13,6,75
14912910,42,66,-6,81
14913420,76,3,4,77
14913930,8,74,-3,80
14914440,56,23,-5,85
14914950,99,32,9,76
14915460,24,73,1,75
14915970,58,10,-5,80
14916480,92,81,-2,82
14916990,63,9,-4,86
14917500,97,80,5,81
14918010,18,75,4,77
14918520,19,12,1,76
14919030,39,65,-1,77
14919540,73,2,-8,85
14920050,5,73,6,79
14920560,53,11,-4,83
14921070,96,82,-1,84
14921580,17,10,0,84
14922090,18,59,12,72
14922600,82,77,-12,84
14923110,53,5,3,81
14923620,87,76,-1,82
14924130,58,4,0,82
14924640,92,75,0,82
14925150,4,3,-4,86
14925660,19,52,9,77
14926170,83,70,-6,83
14926680,54,100,-1,84
14927190,88,37,15,69
14927700,11,78,-5,74
14928210,59,16,-8,82
14928720,0,11,-2,84
14929230,38,12,-3,87
14929740,81,16,12,75
14930250,13,87,-2,77
14930760,77,36,3,74
14931270,18,39,-4,78
14931780,99,78,-3,81
14932290,70,6,-1,82
14932800,2,77,0,82
14933310,50,26,0,82
14933820,93,66,-2,84
14934330,5,59,6,78
14934840,69,99,-8,86
14935350,1,36,11,75
14935860,49,56,-1,76
14936370,20,86,1,75
14936880,21,23,2,73
14937390,41,62,-3,76
14937900,75,101,-8,84
14938410,7,29,4,80
14938920,18,30,2,78
14939430,17,69,3,75
14939940,18,6,-8,83
14940450,19,55,6,77
14940960,20,73,4,73
14941470,21,10,-11,84
14941980,41,59,5,79
14942490,75,98,-7,86
14943000,7,26,9,77
14943510,18,44,2,75
14944020,82,62,0,75
14944530,96,92,-6,81
14945040,17,20,3,78
14945550,16,59,4,74
14946060,17,77,-2,76
14946570,18,14,-4,80
14947080,101,63,2,78
14947590,21,69,3,75
14948100,22,6,-3,78
14948610,23,55,3,75
14949120,87,73,-8,83
14949630,101,1,2,81
14950140,33,72,0,81
14950650,4,9,-3,84
14951160,32,58,7,77
14951670,66,97,1,76
14952180,100,25,-4,80
14952690,25,20,0,80
14953200,45,59,1,79
14953710,68,89,-1,80
14954220,0,17,2,78
14954730,28,18,-1,79
14955240,48,86,3,76
14955750,82,23,4,72
14956260,7,94,-6,78
14956770,55,36,-1,79
14957280,98,42,2,77
14957790,23,83,0,77
14958300,24,20,1,76
14958810,44,59,-7,83
14959320,78,70,-2,85
14959830,49,100,3,82
14960340,83,37,7,75
14960850,8,40,-3,78
14961360,19,58,0,78
14961870,83,76,2,76
14962380,54,4,-6,82
14962890,88,75,0,82
14963400,9,3,-3,85
14963910,10,52,13,72
14964420,21,70,-1,73
14964930,22,88,-5,78
14965440,23,25,5,73
14965950,43,36,-8,81
14966460,14,42,10,71
14966970,78,60,-10,81
14967480,92,90,0,81
14967990,63,18,2,79
14968500,17,89,8,71
14969010,65,27,-11,82
14969520,6,98,-4,86
14970030,54,83,5,81
14970540,88,11,-6,87
14971050,20,82,9,78
14971560,21,19,1,77
14972070,41,58,-6,83
14972580,75,88,3,80
14973090,46,16,-6,86
14973600,89,87,0,86
14974110,60,15,5,81
14974620,1,86,-6,87
14975130,49,50,9,78
14975640,20,80,5,73
14976150,21,14,-5,78
14976660,41,63,-4,82
14977170,75,74,-2,84
14977680,46,2,4,80
14978190,80,73,-4,84
14978700,51,1,8,76
14979210,85,72,-4,80
14979720,56,0,-6,86
14980230,90,71,2,84
14980740,9,101,3,81
14981250,57,50,0,81
14981760,28,80,3,78
14982270,29,98,0,78
14982780,30,3,0,78
14983290,12,27,3,75
14983800,11,28,-3,78
14984310,22,29,-3,81
14984820,87,40,8,73
14985330,12,43,-3,76
14985840,24,61,0,76
14986350,58,79,-3,79
14986860,92,7,-2,81
14987370,24,78,6,75
14987880,25,52,-6,81
14988390,89,88,9,72
14988900,10,16,-4,76
14989410,9,17,2,74
14989920,8,18,-13,87
14990430,19,19,3,84
14990940,23,58,10,74
14991450,24,94,2,72
14991960,25,68,-6,78
14992470,69,2,-5,83
14992980,1,73,5,78
14993490,49,58,-2,80
14994000,72,88,-3,83
14994510,95,16,9,74
14995020,27,87,0,74
14995530,61,94,-8,82
14996040,32,22,1,81
14996550,52,73,5,76
14997060,86,1,-7,83
14997570,18,72,13,70
14998080,19,6,-10,80
14998590,45,55,2,78
14999100,68,85,-8,86
14999610,16,13,9,77
15000120,67,62,-4,81
15000630,38,92,-1,82
15001140,72,26,2,80
15001650,13,97,2,78
15002160,61,46,0,78
15002670,75,52,-4,82
15003180,14,58,8,74
15003690,25,76,-3,77
15004200,59,94,-3,80
15004710,93,22,3,77
15005220,18,93,0,77
15005730,66,42,-4,81
15006240,7,48,2,79
15006750,18,68,11,68
15007260,29,42,-9,77
15007770,63,53,-9,86
15008280,4,83,8,78
15008790,52,68,-5,83
15009300,75,98,-2,85
15009810,7,26,2,83
15010320,18,27,5,78
15010830,68,13,-7,85
15011340,0,84,2,83
15011850,48,48,5,78
15012360,19,93,-3,81
15012870,67,42,-1,82
15013380,8,48,8,74
15013890,19,68,-1,75
15014400,20,86,3,72
15014910,68,60,-16,88
15015420,39,90,6,82
15015930,73,97,-1,83
15016440,5,25,5,78
15016950,16,26,-8,86
15017460,19,37,8,78
15017970,23,38,9,69
15018480,57,74,-12,81
15018990,80,2,1,80
15019500,12,73,6,74
15020010,23,93,0,74
15020520,26,100,-12,86
15021030,74,5,3,83
15021540,6,76,9,74
15022050,54,96,-9,83
15022560,88,60,7,76
15023070,27,66,-7,83
15023580,40,0,0,83
15024090,74,71,2,81
15024600,97,101,3,78
15025110,18,29,6,72
15025620,83,40,-6,78
15026130,31,43,0,78
15026640,54,56,-2,80
15027150,25,94,-2,82
15027660,26,101,5,77
15028170,60,6,-10,87
15028680,94,77,5,82
15029190,33,83,6,76
15029700,67,90,-8,84
15030210,90,18,4,80
15030720,66,89,-3,83
15031230,89,17,8,75
15031740,21,88,-4,79
15032250,32,62,0,79
15032760,66,98,-5,84
15033270,100,26,8,76
15033780,25,97,3,73
15034290,59,71,-16,89
15034800,82,5,3,86
15035310,14,76,13,73
15035820,25,25,-4,77
15036330,59,36,1,76
15036840,0,42,0,76
15037350,48,62,-3,79
15037860,71,92,-8,87
15038370,19,20,8,79
15038880,84,69,-6,85
15039390,23,75,8,77
15039900,34,9,3,74
15040410,61,80,-7,81
15040920,84,8,1,80
15041430,16,79,4,76
15041940,27,28,1,75
15042450,47,39,-2,77
15042960,68,50,-5,82
15043470,16,56,8,74
15043980,66,74,-11,85
15044490,14,2,4,81
15045000,7,51,9,72
15045510,18,71,-2,74
15046020,29,45,0,74
15046530,63,56,-13,87
15047040,11,86,8,79
15047550,59,35,-3,82
15048060,0,4,-5,87
15048570,11,53,8,79
15049080,22,73,10,69
15049590,49,7,-10,79
15050100,83,78,-1,80
15050610,54,14,-1,81
15051120,30,85,-1,82
15051630,57,92,-3,85
15052140,91,1,6,79
15052650,23,72,0,79
15053160,50,90,-2,81
15053670,75,101,0,81
15054180,98,29,3,78
15054690,23,70,4,74
15055200,50,88,-6,80
15055710,75,99,-3,83
15056220,100,27,1,82
15056730,25,98,0,82
15057240,52,3,-2,84
15057750,86,74,4,80
15058260,25,2,2,78
15058770,7,73,4,74
15059280,55,93,-8,82
15059790,80,2,-1,83
15060300,12,73,8,75
15060810,60,22,-7,82
15061320,1,93,-3,85
15061830,49,57,4,81
15062340,89,87,-6,87
15062850,60,23,3,84
15063360,1,94,8,76
15063870,49,12,-8,84
15064380,76,83,1,83
15064890,47,19,4,79
15065400,90,90,-1,80
15065910,61,26,-2,82
15066420,2,97,2,80
15066930,50,61,-2,82
15067440,84,72,-1,83
15067950,23,78,10,73
15068460,50,85,-10,83
15068970,75,96,1,82
15069480,0,24,3,79
15069990,48,68,1,78
15070500,73,79,-4,82
15071010,44,7,3,79
15071520,20,78,0,79
15072030,47,96,-1,80
15072540,72,5,-5,85
15073050,4,76,7,78
15073560,52,96,-4,82
15074070,77,5,0,82
15074580,9,76,3,79
15075090,57,25,-2,81
15075600,100,96,1,80
15076110,21,24,-2,82
15076620,47,35,6,76
15077130,88,41,-7,83
15077640,13,82,9,74
15078150,61,31,-4,78
15078660,2,37,-8,86
15079170,50,57,3,83
15079680,21,95,5,78
15080190,48,0,-2,80
15080700,82,71,1,79
15081210,21,77,8,71
15081720,48,8,-13,84
15082230,75,62,-4,88
15082740,23,68,13,75
15083250,41,2,-1,76
15083760,23,87,2,74
15084270,50,94,-6,80
15084780,75,3,1,79
15085290,7,74,1,78
15085800,55,94,-2,80
15086310,80,3,0,80
15086820,12,74,5,75
15087330,60,94,-5,80
15087840,85,3,-2,82
15088350,17,74,10,72
15088860,28,5,-1,73
15089370,55,76,-9,82
15089880,89,87,1,81
15090390,60,93,0,81
15090900,87,2,-5,86
15091410,19,73,15,71
15091920,46,4,-11,82
15092430,73,75,3,79
15092940,44,3,-4,83
15093450,71,74,-1,84
15093960,42,2,0,84
15094470,76,73,-1,85
15094980,15,1,5,80
15095490,8,50,11,69
15096000,19,84,-9,78
15096510,46,15,-3,81
15097020,89,86,1,80
15097530,9,22,-1,81
15098040,12,23,-1,82
15098550,15,24,6,76
15099060,80,35,2,74
15099570,5,76,-6,80
15100080,53,96,-2,82
15100590,78,5,0,82
15101100,10,76,12,70
15101610,58,96,-11,81
15102120,83,5,-1,82
15102630,7,76,8,74
15103140,55,96,-5,79
15103650,80,5,-3,82
15104160,4,76,9,73
15104670,52,96,-5,78
15105180,77,5,-5,83
15105690,1,76,5,78
15106200,49,40,-5,83
15106710,70,46,-3,86
15107220,9,52,10,76
15107730,20,72,4,72
15108240,47,3,-11,83
15108750,73,74,0,83
15109260,12,2,-5,88
15109770,5,51,10,78
15110280,16,71,7,71
15110790,43,91,-9,80
15111300,70,98,-2,82
15111810,97,28,6,76
15112320,22,69,0,76
15112830,49,89,-4,80
15113340,74,100,-2,82
15113850,99,30,7,75
15114360,24,71,2,73
15114870,51,78,-10,83
15115380,76,89,1,82
15115890,99,19,-1,83
15116400,24,90,6,77
15116910,51,97,-2,79
15117420,76,6,0,79
15117930,0,77,-4,83
15118440,48,41,0,83
15118950,69,47,0,83
15119460,8,53,10,73
15119970,19,73,-5,78
15120480,46,4,0,78
15120990,73,75,-8,86
15121500,44,3,5,81
15122010,70,74,3,78
15122520,92,2,-3,81
15123030,24,73,4,77
15123540,51,37,-4,81
15124050,73,43,2,79
15124560,14,49,4,75
15125070,78,82,-2,77
15125580,100,10,-3,80
15126090,24,81,0,80
15126600,51,101,-4,84
15127110,76,65,2,82
15127620,98,71,7,75
15128130,37,77,-4,79
15128640,62,84,-10,89
15129150,85,14,6,83
15129660,9,85,-1,84
15130170,57,49,1,83
15130680,32,55,8,75
15131190,55,19,-6,81
15131700,98,28,2,79
15132210,18,69,5,74
15132720,45,89,-4,78
15133230,70,96,-1,79
15133740,93,26,-3,82
15134250,18,67,9,73
15134760,45,100,-4,77
15135270,72,5,-5,82
15135780,98,76,-1,83
15136290,37,82,7,76
15136800,62,89,-6,82
15137310,85,19,3,79
15137820,10,90,0,79
15138330,58,32,-5,84
15138840,101,38,7,77
15139350,21,79,3,74
15139860,48,10,-5,79
15140370,75,81,-4,83
15140880,98,9,-4,87
15141390,22,80,9,78
15141900,49,87,3,75
15142410,74,51,-5,80
15142920,15,57,1,79
15143430,36,77,2,77
15143940,61,84,-7,84
15144450,84,14,1,83
15144960,8,85,6,77
15145470,56,3,-5,82
15145980,82,74,-5,87
15146490,2,2,5,82
15147000,13,51,7,75
15147510,77,69,-11,86
15148020,16,75,10,76
15148530,43,6,-1,77
15149040,69,77,-6,83
15149550,92,5,3,80
15150060,16,76,9,71
15150570,43,7,-6,77
15151080,70,78,-7,84
15151590,93,8,1,83
15152100,17,79,9,74
15152610,65,10,-8,82
15153120,91,81,-1,83
15153630,12,9,5,78
15154140,38,58,-4,82
15154650,61,69,-2,84
15155160,84,99,1,83
15155670,5,27,5,78
15156180,33,28,5,73
15156690,53,39,-6,79
15157200,75,45,-1,80
15157710,14,51,4,76
15158220,13,69,6,70
15158730,87,89,-14,84
15159240,8,17,1,83
15159750,7,18,0,83
15160260,18,67,11,72
15160770,45,100,-8,80
15161280,72,5,2,78
15161790,98,76,0,78
15162300,18,82,2,76
15162810,45,89,1,75
15163320,70,96,-5,80
15163830,93,24,3,77
15164340,13,65,2,75
15164850,34,85,-3,78
15165360,61,92,-2,80
15165870,84,22,2,78
15166380,8,63,6,72
15166890,56,83,-10,82
15167400,79,13,1,81
15167910,3,84,0,81
15168420,51,48,10,71
15168930,73,78,-17,88
15169440,96,6,11,77
15169950,20,77,2,75
15170460,47,8,-8,83
15170970,73,79,4,79
15171480,96,7,-3,82
15171990,20,78,1,81
15172500,47,9,4,77
15173010,73,16,2,75
15173520,99,87,-5,80
15174030,20,93,0,80
15174540,68,100,2,78
15175050,93,28,5,73
15175560,13,69,-1,74
15176070,61,0,-7,81
15176580,87,71,-1,82
15177090,7,77,4,78
15177600,55,19,-7,85
15178110,98,28,9,76
15178620,18,69,1,75
15179130,45,0,-5,80
15179640,71,71,-9,89
15180150,93,101,7,82
15180660,14,29,9,73
15181170,79,64,-9,82
15181680,18,94,6,76
15182190,33,25,-4,80
15182700,53,32,2,78
15183210,75,39,-3,81
15183720,97,80,1,80
15184230,17,86,0,80
15184740,65,17,-4,84
15185250,6,88,4,80
15185760,54,30,4,76
15186270,76,37,-4,80
15186780,98,78,-2,82
15187290,18,84,9,73
15187800,66,15,-11,84
15188310,7,86,7,77
15188820,55,28,-5,82
15189330,77,35,11,71
15189840,99,76,-4,75
15190350,19,82,2,73
15190860,46,13,-6,79
15191370,68,84,-3,82
15191880,91,12,-1,83
15192390,15,83,9,74
15192900,63,14,-4,78
15193410,89,85,-4,82
15193920,9,13,4,78
15194430,74,62,-7,85
15194940,49,92,2,83
15195450,74,99,-4,87
15195960,97,27,13,74
15196470,17,68,4,70
15196980,28,101,-7,77
15197490,55,6,-3,80
15198000,81,77,0,80
15198510,1,5,-2,82
15199020,12,54,11,71
15199530,33,87,-13,84
15200040,60,94,-1,85
15200550,85,58,6,79
15201060,24,64,1,78
15201570,88,82,-2,80
15202080,8,10,3,77
15202590,19,11,-2,79
15203100,45,60,6,73
15203610,68,90,-7,80
15204120,91,18,0,80
15204630,15,89,2,78
15205140,63,20,-4,82
15205650,4,91,2,80
15206160,52,55,3,77
15206670,74,85,-4,81
15207180,0,13,2,79
15207690,28,14,-1,80
15208200,54,78,-4,84
15208710,77,6,6,78
15209220,1,77,-5,83
15209730,49,8,1,82
15210240,75,79,-2,84
15210750,97,7,4,80
15211260,21,78,2,78
15211770,48,9,-3,81
15212280,74,80,-2,83
15212790,96,8,2,81
15213300,20,79,8,73
15213810,68,10,-9,82
15214320,94,81,3,79
15214830,14,9,-4,83
15215340,40,58,2,81
15215850,63,65,0,81
15216360,85,95,-3,84
15216870,5,23,10,74
15217380,33,24,-3,77
15217890,0,88,-4,81
15218400,48,52,4,77
15218910,70,82,-4,81
15219420,93,10,2,79
15219930,17,81,3,76
15220440,65,12,-5,81
15220950,91,83,-3,84
15221460,11,11,9,75
15221970,37,60,3,72
15222480,60,24,-13,85
15222990,1,31,10,75
15223500,49,64,-4,79
15224010,72,94,-8,87
15224520,95,22,10,77
15225030,15,93,1,76
15225540,63,42,-6,82
15226050,4,48,1,81
15226560,52,68,1,80
15227070,22,98,2,78
15227580,70,3,-4,82
15228090,96,74,0,82
15228600,35,80,-4,86
15229110,60,87,2,84
15229620,83,15,8,76
15230130,7,86,-7,83
15230640,55,71,3,80
15231150,78,101,-3,83
15231660,101,29,11,72
15232170,21,70,0,72
15232680,95,1,-7,79
15233190,19,72,7,72
15233700,93,3,-17,89
15234210,17,74,12,77
15234720,38,5,-5,82
15235230,64,76,7,75
15235740,87,4,-9,84
15236250,11,75,10,74
15236760,59,24,-10,84
15237270,0,31,8,76
15237780,48,51,1,75
15238290,70,81,-8,83
15238800,92,9,5,78
15239310,16,8,0,78
15239820,42,57,-1,79
15240330,65,64,-2,81
15240840,4,94,2,79
15241350,52,12,-6,85
15241860,78,83,3,82
15242370,17,11,4,78
15242880,50,60,3,75
15243390,73,90,-9,84
15243900,96,97,-1,85
15244410,16,25,2,83
15244920,20,32,7,76
15245430,24,33,-2,78
15245940,74,40,0,78
15246450,96,81,-3,81
15246960,35,9,1,80
15247470,61,49,0,80
15247980,76,55,0,80
15248490,15,61,7,73
15249000,27,94,-6,79
15249510,75,101,-3,82
15250020,98,53,4,78
15250530,18,94,4,74
15251040,66,43,-8,82
15251550,88,49,5,77
15252060,8,90,-3,80
15252570,56,39,-3,83
15253080,71,45,2,81
15253590,10,51,8,73
15254100,31,84,-7,80
15254610,56,91,1,79
15255120,81,98,0,79
15255630,2,26,-3,82
15256140,30,27,6,76
15256650,50,18,-1,77
15257160,72,25,-2,79
15257670,94,66,0,79
15258180,33,72,0,79
15258690,58,79,-3,82
15259200,81,7,-1,83
15259710,5,78,11,72
15260220,53,27,-4,76
15260730,75,34,-5,81
15261240,97,75,-3,84
15261750,17,81,9,75
15262260,65,30,-3,78
15262770,87,71,-4,82
15263280,7,78,11,71
15263790,55,98,-7,78
15264300,52,3,-6,84
15264810,82,74,1,83
15265320,2,2,2,81
15265830,13,51,4,77
15266340,25,84,-2,79
15266850,26,91,5,74
15267360,74,98,-1,75
15267870,97,26,-2,77
15268380,17,21,1,76
15268890,21,22,-1,77
15269400,82,23,0,77
15269910,2,64,5,72
15270420,50,84,-10,82
15270930,73,91,-1,83
15271440,96,19,-1,84
15271950,16,90,14,70
15272460,64,39,-11,81
15272970,3,46,4,77
15273480,51,66,1,76
15273990,74,73,-12,88
15274500,89,1,4,84
15275010,17,72,5,79
15275520,29,3,6,73
15276030,85,100,-6,79
15276540,6,5,-11,90
15277050,17,54,18,72
15277560,81,55,-4,76
15278070,20,61,1,75
15278580,19,94,-4,79
15279090,67,43,-8,87
15279600,82,50,10,77
15280110,21,91,-3,80
15280620,69,40,-1,81
15281130,91,47,9,72
15281640,11,88,-10,82
15282150,59,37,0,82
15282660,81,44,15,67
15283170,1,85,-18,85
15283680,49,27,3,82
15284190,71,91,2,80
15284700,94,19,5,75
15285210,14,90,1,74
15285720,62,39,-10,84
15286230,84,46,3,81
15286740,4,87,4,77
15287250,52,36,0,77
15287760,74,43,0,77
15288270,96,84,-2,79
15288780,16,91,8,71
15289290,64,40,-16,87
15289800,79,47,8,79
15290310,101,88,1,78
15290820,21,26,6,72
15291330,42,33,-4,76
15291840,64,40,-11,87
15292350,86,47,14,73
15292860,6,88,-6,79
15293370,54,37,-1,80
15293880,69,44,1,79
15294390,8,51,10,69
15294900,20,71,-7,76
15295410,21,2,-10,86
15295920,2,51,16,70
15296430,50,71,-8,78
15296940,73,78,-10,88
15297450,44,6,8,80
15297960,100,77,-1,81
15298470,20,84,7,74
15298980,21,15,0,74
15299490,82,79,-6,80
15300000,2,7,2,78
15300510,13,8,-1,79
15301020,74,57,-7,86
