step_time,gneJ00_offset,gneJ9_offset,reward,queue_sum
1020,11,8,-7,81
1530,32,77,0,81
2040,42,66,3,78
2550,63,33,-6,84
3060,21,21,3,81
3570,42,90,-3,84
4080,52,79,3,81
4590,73,38,-3,84
5100,29,76,8,76
5610,39,65,1,75
6120,60,24,-9,84
6630,85,1,-2,86
7140,77,74,7,79
7650,35,36,1,78
8160,56,3,-1,79
8670,18,76,-8,87
9180,28,65,7,80
9690,38,54,1,79
10200,59,21,-2,81
10710,15,32,2,79
11220,16,101,-9,88
11730,26,90,2,86
12240,36,79,9,77
12750,46,38,-3,80
13260,4,5,1,79
13770,25,2,-7,86
14280,46,87,8,78
14790,51,46,-3,81
15300,9,13,3,78
15810,30,82,-4,82
16320,40,71,-3,85
16830,69,30,0,85
17340,25,7,3,82
17850,46,92,5,77
18360,75,51,0,77
18870,33,78,-1,78
19380,43,67,-1,79
19890,64,26,-6,85
20400,20,3,4,81
20910,41,28,0,81
21420,101,97,1,80
21930,59,92,9,71
22440,80,51,-2,73
22950,36,31,-9,82
23460,64,100,10,72
23970,19,59,-7,79
24480,29,8,-4,83
24990,30,93,0,83
25500,40,82,3,80
26010,50,41,0,80
26520,8,8,-5,85
27030,29,77,7,78
27540,39,66,1,77
28050,68,36,-4,81
28560,93,13,2,79
29070,49,100,1,78
29580,78,59,-2,80
30090,36,39,-6,86
30600,57,6,12,74
31110,13,79,-12,86
31620,23,68,10,76
32130,33,57,-3,79
32640,54,24,-7,86
33150,12,1,5,81
33660,33,74,11,70
34170,62,33,-14,84
34680,20,21,0,84
35190,41,90,5,79
35700,70,79,-2,81
36210,91,4,8,73
36720,83,77,0,73
37230,41,2,-10,83
37740,60,27,-8,91
38250,85,38,15,76
38760,41,22,-7,83
39270,69,91,9,74
39780,90,16,-5,79
40290,46,89,5,74
40800,75,48,0,74
41310,4,86,-6,80
41820,58,75,9,71
42330,79,64,-4,75
42840,37,44,-5,80
43350,58,11,-1,81
43860,14,36,-1,82
44370,24,7,-3,85
44880,45,92,9,76
45390,74,51,-2,78
45900,32,78,-1,79
46410,42,67,3,76
46920,63,26,-1,77
47430,19,3,-6,83
47940,40,88,3,80
48450,50,77,2,78
48960,71,36,-4,82
49470,96,74,7,75
49980,19,101,-8,83
50490,26,90,-2,85
51000,36,79,4,81
51510,65,68,1,80
52020,23,95,-6,86
52530,33,84,5,81
53040,43,73,1,80
53550,64,32,-5,85
54060,89,20,2,83
54570,45,5,6,77
55080,64,90,-3,80
55590,44,49,3,77
56100,65,16,-5,82
56610,21,27,-2,84
57120,42,96,2,82
57630,71,85,3,79
58140,92,10,-3,82
58650,84,83,0,82
59160,42,8,3,79
59670,67,93,3,76
60180,88,52,1,75
60690,11,90,-3,78
61200,21,79,-6,84
61710,31,68,9,75
62220,60,57,-1,76
62730,18,24,-5,81
63240,39,93,-1,82
63750,68,82,4,78
64260,89,7,-2,80
64770,81,80,1,79
65280,39,5,-3,82
65790,54,90,3,79
66300,83,49,3,76
66810,6,76,-4,80
67320,16,65,-4,84
67830,26,72,2,82
68340,36,61,4,78
68850,57,28,-7,85
69360,82,5,0,85
69870,74,78,10,75
70380,32,3,-3,78
70890,47,76,-1,79
71400,68,35,-3,82
71910,93,73,8,74
72420,51,100,1,73
72930,80,59,-5,78
73440,38,39,-8,86
73950,59,6,9,77
74460,15,79,-6,83
74970,25,68,3,80
75480,35,57,4,76
75990,56,24,-4,80
76500,14,35,1,79
77010,24,44,-1,80
77520,45,11,0,80
78030,73,31,-5,85
78540,29,8,3,82
79050,57,93,4,78
79560,86,52,-4,82
80070,9,79,2,80
80580,90,68,4,76
81090,48,95,-3,79
81600,77,84,5,74
82110,98,9,-8,82
82620,90,82,3,79
83130,48,7,-1,80
83640,4,92,3,77
84150,58,81,-1,78
84660,79,70,0,78
85170,37,97,-3,81
85680,66,86,3,78
86190,87,11,-1,79
86700,43,36,0,79
87210,64,3,5,74
87720,20,76,-9,83
88230,30,65,4,79
88740,40,67,3,76
89250,69,56,1,75
89760,27,18,-13,88
90270,48,87,11,77
90780,77,46,1,76
91290,35,84,-1,77
91800,64,73,0,77
92310,85,35,0,77
92820,41,19,-10,87
93330,69,2,14,73
93840,25,75,-14,87
94350,35,58,17,70
94860,56,17,-7,77
95370,12,28,-8,85
95880,33,46,7,78
96390,54,13,-1,79
96900,10,24,-2,81
97410,18,97,-1,82
97920,28,86,2,80
98430,33,75,4,76
98940,62,64,-2,78
99450,83,31,1,77
99960,39,15,-9,86
100470,67,100,10,76
100980,88,59,5,71
101490,46,86,-10,81
102000,75,45,4,77
102510,33,38,-1,78
103020,54,5,-1,79
103530,16,78,-2,81
104040,26,67,0,81
104550,36,90,4,77
105060,65,79,2,75
105570,86,46,-8,83
106080,44,84,10,73
106590,73,43,-8,81
107100,31,81,0,81
107610,60,70,10,71
108120,81,37,-3,74
108630,37,96,-13,87
109140,66,85,12,75
109650,87,74,-2,77
110160,45,54,-5,82
110670,66,21,-3,85
111180,22,32,1,84
111690,43,101,4,80
112200,72,90,5,75
112710,93,15,-6,81
113220,85,88,5,76
113730,4,13,-3,79
114240,68,10,2,77
114750,24,83,-6,83
115260,34,72,9,74
115770,63,61,1,73
116280,21,88,-11,84
116790,31,77,8,76
117300,32,66,-1,77
117810,42,68,-1,78
118320,63,27,-8,86
118830,21,4,4,82
119340,42,89,5,77
119850,71,78,-3,80
120360,92,3,6,74
120870,84,76,-5,79
121380,42,1,-5,84
121890,54,26,2,82
122400,12,99,-2,84
122910,22,88,-2,86
123420,32,77,10,76
123930,95,66,-4,80
124440,53,29,-5,85
124950,11,49,3,82
125460,21,100,3,79
125970,31,23,-3,82
126480,52,92,7,75
126990,81,51,-9,84
127500,39,89,7,77
128010,68,78,0,77
128520,89,3,1,76
129030,81,76,2,74
129540,39,1,-21,95
130050,54,86,19,76
130560,83,45,-3,79
131070,39,83,4,75
131580,68,72,0,75
132090,89,39,-9,84
132600,45,59,10,74
133110,66,26,-5,79
133620,22,3,-2,81
134130,43,76,3,78
134640,72,35,-4,82
135150,30,55,7,75
135660,51,22,-9,84
136170,9,5,-1,85
136680,30,2,6,79
137190,45,87,0,79
137700,74,76,1,78
138210,95,43,-4,82
138720,51,46,0,82
139230,72,13,9,73
139740,28,86,-10,83
140250,38,75,0,83
140760,48,64,8,75
141270,69,31,-4,79
141780,25,51,3,76
142290,35,53,1,75
142800,56,20,-9,84
143310,25,31,-1,85
143820,46,100,8,77
144330,75,89,5,72
144840,96,14,-4,76
145350,88,87,-2,78
145860,31,12,-4,82
146370,32,85,-2,84
146880,42,74,9,75
147390,71,63,-3,78
147900,29,26,-3,81
148410,50,95,7,74
148920,79,54,-4,78
149430,37,17,-2,80
149940,67,0,7,73
150450,23,73,-12,85
150960,33,62,7,78
151470,54,64,-1,79
151980,75,31,0,79
152490,31,69,1,78
153000,41,58,4,74
153510,62,25,-6,80
154020,18,2,-7,87
154530,39,87,6,81
155040,68,76,11,70
155550,89,43,-14,84
156060,45,81,8,76
156570,74,40,-1,77
157080,99,78,3,74
157590,57,58,-5,79
158100,78,25,-2,81
158610,34,45,2,79
159120,55,12,-1,80
159630,11,85,2,78
160140,21,72,-4,82
160650,31,61,7,75
161160,41,50,-2,77
161670,62,17,-6,83
162180,18,28,5,78
162690,39,97,-3,81
163200,68,86,10,71
163710,89,45,-11,82
164220,94,83,0,82
164730,52,8,2,80
165240,71,92,7,73
165750,92,51,-5,78
166260,48,89,-4,82
166770,77,48,7,75
167280,0,11,-8,83
167790,64,8,4,79
168300,20,81,-8,87
168810,30,70,8,79
169320,40,59,7,72
169830,61,26,-6,78
170340,75,46,1,77
170850,100,84,-2,79
171360,58,64,0,79
171870,79,31,-1,80
172380,35,51,4,76
172890,56,18,-5,81
173400,12,29,-3,84
173910,13,18,0,84
174420,34,87,6,78
174930,63,76,4,74
175440,84,43,-5,79
175950,7,81,-8,87
176460,36,70,12,75
176970,65,59,1,74
177480,23,21,-8,82
177990,44,90,-1,83
178500,73,79,12,71
179010,94,41,-12,83
179520,50,79,6,77
180030,79,38,-5,82
180540,93,58,5,77
181050,16,96,-7,84
181560,26,85,4,80
182070,36,74,2,78
182580,46,63,5,73
183090,67,30,-14,87
183600,81,41,-1,88
184110,95,79,14,74
184620,53,59,0,74
185130,74,26,-2,76
185640,30,46,1,75
186150,51,13,0,75
186660,7,98,-5,80
187170,36,87,-4,84
187680,46,76,12,72
188190,75,35,-6,78
188700,89,55,-4,82
189210,12,93,1,81
189720,22,82,2,79
190230,32,71,2,77
190740,42,60,0,77
191250,22,27,-6,83
191760,43,96,4,79
192270,72,85,1,78
192780,93,74,3,75
193290,2,54,-2,77
193800,12,3,-6,83
194310,33,76,7,76
194820,43,65,4,72
195330,64,54,-4,76
195840,22,50,-5,81
196350,32,52,1,80
196860,53,19,0,80
197370,78,39,5,75
197880,92,59,-2,77
198390,15,22,-7,84
198900,36,91,4,80
199410,65,80,4,76
199920,86,69,1,75
200430,44,49,0,75
200940,65,16,-2,77
201450,21,36,-6,83
201960,42,3,1,82
202470,57,88,4,78
202980,86,47,1,77
203490,9,85,-6,83
204000,19,74,-5,88
204510,29,81,5,83
205020,39,70,3,80
205530,68,59,5,75
206040,26,22,-9,84
206550,47,91,6,78
207060,76,83,-1,79
207570,97,8,-1,80
208080,89,81,2,78
208590,47,93,5,73
209100,76,52,-2,75
209610,34,15,-7,82
210120,35,35,1,81
210630,56,2,7,74
211140,26,75,-5,79
211650,36,64,4,75
212160,65,23,-2,77
212670,21,43,-2,79
213180,31,10,2,77
213690,32,95,-9,86
214200,42,84,6,80
214710,71,43,-4,84
215220,96,81,7,77
215730,54,61,5,72
216240,75,28,-10,82
216750,31,48,7,75
217260,52,15,1,74
217770,71,35,-7,81
218280,96,55,2,79
218790,19,93,-5,84
219300,29,82,2,82
219810,39,71,6,76
220320,68,30,-5,81
220830,82,50,7,74
221340,9,13,-5,79
221850,30,31,-7,86
222360,51,100,8,78
222870,80,59,3,75
223380,38,39,-9,84
223890,59,6,8,76
224400,15,79,-4,80
224910,25,68,-5,85
225420,35,51,14,71
225930,56,18,-9,80
226440,12,29,-5,85
226950,13,98,5,80
227460,23,87,-4,84
227970,33,76,3,81
228480,43,65,4,77
228990,64,32,-12,89
229500,76,52,8,81
230010,34,15,-3,84
230520,35,35,2,82
231030,56,2,9,73
231540,26,75,-4,77
232050,36,64,3,74
232560,65,23,-5,79
233070,57,43,1,78
233580,15,10,-7,85
234090,36,95,3,82
234600,46,84,9,73
235110,75,43,-12,85
235620,100,81,6,79
236130,23,61,-2,81
236640,33,79,2,79
237150,43,68,1,78
237660,64,27,-9,87
238170,20,38,5,82
238680,21,5,7,75
239190,42,78,-5,80
239700,71,67,3,77
240210,92,56,4,73
240720,84,93,-8,81
241230,3,52,1,80
241740,13,1,-1,81
242250,34,86,0,81
242760,44,75,8,73
243270,73,34,-7,80
243780,29,54,5,75
244290,50,21,-1,76
244800,55,41,-5,81
245310,13,8,-4,85
245820,35,77,8,77
246330,45,66,4,73
246840,66,25,-15,88
247350,22,45,8,80
247860,23,12,-4,84
248370,44,81,2,82
248880,73,40,9,73
249390,98,78,-8,81
249900,56,58,0,81
250410,77,25,1,80
250920,33,45,2,78
251430,54,12,-3,81
251940,10,32,-1,82
252450,20,38,3,79
252960,41,5,-3,82
253470,56,90,9,73
253980,77,49,-4,77
254490,0,12,-2,79
255000,88,9,-4,83
255510,80,82,0,83
256020,101,44,3,80
256530,93,64,7,73
257040,16,14,-10,83
257550,37,83,1,82
258060,47,72,6,76
258570,68,61,0,76
259080,26,28,-17,93
259590,47,97,17,76
260100,76,56,3,73
260610,34,6,-10,83
261120,35,91,4,79
261630,45,80,5,74
262140,74,39,-2,76
262650,88,59,-2,78
263160,80,97,1,77
263670,101,56,0,77
264180,24,94,-3,80
264690,34,83,-3,83
265200,63,72,5,78
265710,84,39,-2,80
266220,40,59,3,77
266730,61,26,-11,88
267240,75,46,16,72
267750,100,84,-6,78
268260,74,96,6,72
268770,95,61,-9,81
269280,18,24,1,80
269790,39,93,-3,83
270300,68,82,13,70
270810,89,41,-6,76
271320,1,61,-5,81
271830,11,94,-2,83
272340,40,83,2,81
272850,50,42,-1,82
273360,71,9,5,77
273870,27,82,-6,83
274380,37,71,13,70
274890,66,30,-15,85
275400,80,50,8,77
275910,7,88,-3,80
276420,36,77,0,80
276930,46,66,7,73
277440,67,55,-1,74
277950,25,22,-8,82
278460,46,91,7,75
278970,75,50,-2,77
279480,2,13,0,77
279990,66,10,-8,85
280500,22,83,-2,87
281010,32,72,10,77
281520,42,31,-9,86
282030,63,100,15,71
282540,84,59,-12,83
283050,42,97,3,80
283560,71,86,4,76
284070,92,45,-9,85
284580,48,83,10,75
285090,69,42,-4,79
285600,83,30,2,77
286110,39,50,2,75
286620,60,17,-8,83
287130,16,28,-2,85
287640,37,97,6,79
288150,66,86,6,73
288660,87,45,-8,81
289170,101,83,0,81
289680,59,95,0,81
290190,80,54,6,75
290700,38,17,-7,82
291210,66,0,8,74
291720,62,73,1,73
292230,83,40,-6,79
292740,39,78,3,76
293250,49,37,-6,82
293760,70,4,10,72
294270,26,77,-9,81
294780,36,66,11,70
295290,57,25,-15,85
295800,97,45,0,85
296310,53,48,1,84
296820,74,15,0,84
297330,36,35,0,84
297840,57,2,8,76
298350,13,75,-11,87
298860,23,6,1,86
299370,44,79,7,79
299880,65,38,-8,87
300390,90,76,12,75
300900,48,88,-7,82
301410,69,47,3,79
301920,27,85,-3,82
302430,37,74,2,80
302940,58,63,4,76
303450,79,30,-2,78
303960,35,50,-3,81
304470,56,17,0,81
304980,12,37,0,81
305490,22,43,-1,82
306000,43,10,-3,85
306510,68,95,11,74
307020,89,54,-3,77
307530,81,92,-1,78
308040,0,17,-6,84
308550,64,14,8,76
309060,20,34,4,72
309570,41,1,-9,81
310080,0,74,-3,84
310590,81,5,4,80
311100,73,78,3,77
311610,94,3,-6,83
312120,86,76,7,76
312630,44,88,-5,81
313140,73,47,3,78
313650,87,85,1,77
314160,6,10,-5,82
314670,27,7,0,82
315180,28,92,6,76
315690,19,81,-13,89
316200,48,70,11,78
316710,69,37,-2,80
317220,83,57,8,72
317730,75,69,-4,76
318240,96,96,-3,79
318750,15,21,-4,83
319260,36,90,7,76
319770,65,79,3,73
320280,86,46,-3,76
320790,42,84,-1,77
321300,71,73,2,75
321810,92,100,-7,82
322320,11,25,2,80
322830,32,31,5,75
323340,53,100,-3,78
323850,82,59,-1,79
324360,40,97,-2,81
324870,69,86,5,76
325380,90,75,-3,79
325890,48,0,5,74
326400,44,73,-4,78
326910,65,32,-6,84
327420,79,52,13,71
327930,71,2,-7,78
328440,63,75,6,72
328950,84,0,-4,76
329460,76,73,3,73
329970,97,64,-3,76
330480,9,27,-6,82
330990,10,33,2,80
331500,20,39,-3,83
332010,41,6,1,82
332520,42,91,-2,84
333030,71,80,11,73
333540,92,5,-12,85
334050,84,78,6,79
334560,3,3,0,79
335070,59,0,3,76
335580,15,73,-4,80
336090,25,62,4,76
336600,35,51,-2,78
337110,56,18,-5,83
337620,12,29,6,77
338130,33,98,-7,84
338640,43,87,3,81
339150,72,76,5,76
339660,93,1,-9,85
340170,85,74,7,78
340680,43,101,-6,84
341190,72,90,5,79
341700,93,15,3,76
342210,49,35,-6,82
342720,77,2,9,73
343230,69,75,-3,76
343740,90,0,-5,81
344250,82,73,12,69
344760,1,100,-17,86
345270,82,94,5,81
345780,1,19,4,77
346290,65,16,2,75
346800,21,36,-7,82
347310,42,3,-2,84
347820,1,28,2,82
348330,11,34,1,81
348840,21,40,1,80
349350,42,98,4,76
349860,94,87,-6,82
350370,13,12,0,82
350880,34,81,-1,83
351390,44,70,8,75
351900,65,29,-9,84
352410,79,67,10,74
352920,37,94,-6,80
353430,66,83,4,76
353940,87,50,6,70
354450,43,88,-8,78
354960,72,77,4,74
355470,93,2,-6,80
355980,85,96,6,74
356490,4,21,-3,77
357000,42,27,-8,85
357510,70,47,8,77
358020,28,10,-2,79
358530,29,74,-3,82
359040,39,63,4,78
359550,75,30,-1,79
360060,31,33,0,79
360570,52,101,0,79
361080,81,60,2,77
361590,39,10,-12,89
362100,40,95,8,81
362610,69,84,7,74
363120,90,9,-5,79
363630,46,82,-2,81
364140,75,41,6,75
364650,89,4,-9,84
365160,81,77,6,78
365670,0,2,1,77
366180,56,101,3,74
366690,77,60,4,70
367200,35,10,-10,80
367710,36,83,0,80
368220,65,72,0,80
368730,86,99,-2,82
369240,5,24,-1,83
369750,69,30,2,81
370260,25,50,0,81
370770,26,17,1,80
371280,47,86,3,77
371790,76,45,-5,82
372300,90,83,8,74
372810,9,8,-9,83
373320,30,77,6,77
373830,40,66,8,69
374340,61,25,-16,85
374850,75,36,9,76
375360,89,56,-8,84
375870,45,94,7,77
376380,74,83,0,77
376890,95,8,-4,81
377400,87,81,5,76
377910,6,6,-9,85
378420,27,3,1,84
378930,28,88,2,82
379440,38,77,10,72
379950,67,36,-9,81
380460,81,74,8,73
380970,0,101,-4,77
381480,81,90,-2,79
381990,0,15,0,79
382500,64,12,-2,81
383010,20,85,-7,88
383520,30,74,7,81
384030,40,63,-1,82
384540,61,30,0,82
385050,75,68,7,75
385560,96,95,-1,76
386070,15,20,-4,80
386580,36,89,0,80
387090,65,78,7,73
387600,86,45,-7,80
388110,42,83,4,76
388620,71,42,2,74
389130,85,80,-1,75
389640,4,5,-8,83
390150,60,2,8,75
390660,16,75,-7,82
391170,26,64,7,75
391680,36,53,1,74
392190,57,20,-4,78
392700,71,40,-3,81
393210,85,78,4,77
393720,43,40,-8,85
394230,64,7,11,74
394740,20,52,-6,80
395250,30,1,-7,87
395760,31,86,9,78
396270,41,75,4,74
396780,70,34,-8,82
397290,84,72,5,77
397800,42,84,2,75
398310,16,43,-7,82
398820,26,94,-2,84
399330,36,83,3,81
399840,65,72,6,75
400350,86,39,-5,80
400860,42,59,4,76
401370,63,26,-7,83
401880,77,46,7,76
402390,91,84,2,74
402900,10,9,-11,85
403410,38,78,6,79
403920,67,37,-5,84
404430,81,75,5,79
404940,0,37,-2,81
405450,10,88,3,78
405960,20,77,-7,85
406470,30,66,8,77
406980,31,33,0,77
407490,52,0,-2,79
408000,82,73,8,71
408510,40,35,-14,85
409020,61,2,4,81
409530,23,75,-2,83
410040,33,58,6,77
410550,54,25,0,77
411060,68,45,-4,81
411570,26,8,-7,88
412080,54,81,20,68
412590,75,40,-14,82
413100,89,78,11,71
413610,47,90,-8,79
414120,76,49,5,74
414630,90,87,-10,84
415140,9,99,3,81
415650,38,88,3,78
416160,67,77,1,77
416670,88,89,0,77
417180,7,101,-5,82
417690,88,90,6,76
418200,7,0,-4,80
418710,68,73,8,72
419220,89,40,-6,78
419730,45,43,-2,80
420240,66,10,0,80
420750,22,83,-6,86
421260,32,72,13,73
421770,89,61,-10,83
422280,47,99,3,80
422790,76,93,5,75
423300,97,52,-6,81
423810,53,90,9,72
424320,82,49,-2,74
424830,98,87,-5,79
425340,17,99,-1,80
425850,27,88,-5,85
426360,37,71,6,79
426870,66,38,-6,85
427380,24,58,2,83
427890,34,7,6,77
428400,35,80,0,77
428910,64,69,5,72
429420,85,36,-14,86
429930,41,74,9,77
430440,70,33,1,76
430950,84,53,1,75
431460,98,91,-3,78
431970,17,1,-4,82
432480,45,74,5,77
432990,66,14,-6,83
433500,22,34,2,81
434010,43,1,1,80
434520,2,74,-1,81
435030,83,63,-2,83
435540,41,67,7,76
436050,62,34,-10,86
436560,76,54,8,78
437070,32,92,0,78
437580,61,81,-1,79
438090,82,48,2,77
438600,96,86,5,72
439110,54,98,-7,79
439620,83,57,5,74
440130,75,69,-3,77
440640,33,31,-5,82
441150,54,100,8,74
441660,83,59,-9,83
442170,97,97,3,80
442680,16,22,-4,84
443190,17,91,1,83
443700,27,80,4,79
444210,37,63,4,75
444720,58,30,-13,88
445230,72,50,11,77
445740,30,13,-1,78
446250,58,33,-4,82
446760,86,53,-1,83
447270,42,91,6,77
447780,71,50,-5,82
448290,29,13,-1,83
448800,57,33,-1,84
449310,85,50,0,84
449820,99,88,1,83
450330,57,100,9,74
450840,86,1,-4,78
451350,78,74,1,77
451860,36,41,-2,79
452370,57,8,0,79
452880,13,81,-2,81
453390,23,70,3,78
453900,33,53,0,78
454410,54,20,-2,80
454920,68,40,6,74
455430,82,78,1,73
455940,40,90,-7,80
456450,69,79,4,76
456960,90,46,-5,81
457470,46,84,5,76
457980,75,43,-3,79
458490,89,91,-10,89
459000,8,1,3,86
459510,36,100,10,76
460020,65,89,8,68
460530,86,48,-11,79
461040,42,86,-3,82
461550,71,45,6,76
462060,27,83,-4,80
462570,37,72,5,75
463080,66,31,-2,77
463590,22,51,-3,80
464100,32,18,2,78
464610,60,87,4,74
465120,81,46,-7,81
465630,95,9,-1,82
466140,87,82,0,82
466650,6,18,6,76
467160,7,87,-3,79
467670,36,76,-1,80
468180,46,65,4,76
468690,67,32,-4,80
469200,81,52,5,75
469710,37,15,-7,82
470220,65,35,7,75
470730,101,73,-2,77
471240,13,85,-3,80
471750,23,74,-3,83
472260,33,57,10,73
472770,54,24,-2,75
473280,68,44,-5,80
473790,26,82,-2,82
474300,36,65,7,75
474810,65,32,-8,83
475320,79,52,10,73
475830,35,90,-9,82
476340,64,79,11,71
476850,85,38,-12,83
477360,41,3,5,78
477870,69,76,0,78
478380,90,1,-2,80
478890,82,74,7,73
479400,40,86,-6,79
479910,69,75,4,75
480420,90,0,-3,78
480930,82,73,6,72
481440,92,85,-4,76
481950,50,97,-1,77
482460,79,56,1,76
482970,37,62,-3,79
483480,58,21,-6,85
483990,72,41,4,81
484500,86,79,3,78
485010,5,4,1,77
485520,33,73,-3,80
486030,43,56,1,79
486540,64,23,1,78
487050,20,43,-7,85
487560,30,12,2,83
488070,58,5,5,78
488580,20,78,-5,83
489090,30,67,4,79
489600,40,56,0,79
490110,61,23,-3,82
490620,75,26,3,79
491130,31,46,0,79
491640,52,13,-8,87
492150,80,98,10,77
492660,101,57,-4,81
493170,13,95,-4,85
493680,23,84,0,85
494190,33,73,11,74
494700,43,32,-12,86
495210,71,101,14,72
495720,92,60,-7,79
496230,48,23,0,79
496740,76,43,1,78
497250,90,81,0,78
497760,9,93,-8,86
498270,19,82,1,85
498780,29,71,10,75
499290,39,60,2,73
499800,60,27,-9,82
500310,74,47,-3,85
500820,88,85,4,81
501330,7,10,-3,84
501840,35,79,5,79
502350,64,68,-2,81
502860,71,35,2,79
503370,85,73,2,77
503880,43,85,1,76
504390,72,74,0,76
504900,93,41,1,75
505410,49,44,-4,79
505920,70,11,1,78
506430,26,84,-9,87
506940,36,67,15,72
507450,65,26,-13,85
507960,21,29,7,78
508470,42,98,4,74
508980,71,87,-1,75
509490,92,54,-3,78
510000,4,92,-3,81
510510,85,81,2,79
511020,4,6,-8,87
511530,32,75,10,77
512040,42,34,-6,83
512550,70,1,10,73
513060,66,74,1,72
513570,87,101,-5,77
514080,6,87,-5,82
514590,87,76,0,82
515100,45,88,1,81
515610,74,47,2,79
516120,88,85,-2,81
516630,7,10,-4,85
517140,35,79,5,80
517650,64,62,5,75
518160,85,29,-6,81
518670,41,32,-9,90
519180,69,101,22,68
519690,90,60,-8,76
520200,2,23,-9,85
520710,66,35,-4,89
521220,80,73,19,70
521730,38,100,-14,84
522240,67,89,4,80
522750,88,48,3,77
523260,44,86,-4,81
523770,73,45,9,72
524280,87,83,-6,78
524790,45,8,-1,79
525300,46,93,4,75
525810,75,52,-1,76
526320,33,90,2,74
526830,62,79,0,74
527340,83,46,1,73
527850,39,84,-8,81
528360,68,43,3,78
528870,82,6,5,73
529380,74,51,-8,81
529890,32,89,-5,86
530400,42,72,7,79
530910,71,39,-3,82
531420,85,77,9,73
531930,4,89,-5,78
532440,85,78,-9,87
532950,43,3,11,76
533460,62,76,0,76
533970,83,43,1,75
534480,39,81,-7,82
534990,40,40,3,79
535500,61,7,-6,85
536010,17,80,2,83
536520,27,63,1,82
537030,37,30,-1,83
537540,65,99,17,66
538050,86,58,-8,74
538560,42,62,-4,78
539070,63,29,-6,84
539580,77,32,0,84
540090,33,52,9,75
540600,54,19,-10,85
541110,68,2,13,72
541620,24,75,-8,80
542130,34,58,4,76
542640,55,25,-6,82
543150,85,45,3,79
543660,85,83,3,76
544170,4,8,-6,82
544680,5,5,-1,83
545190,6,74,3,80
545700,16,5,-5,85
546210,44,74,10,75
546720,73,33,-5,80
547230,29,71,-1,81
547740,39,54,0,81
548250,15,21,-4,85
548760,16,90,8,77
549270,26,22,-6,83
549780,54,91,9,74
550290,83,50,-7,81
550800,39,88,0,81
551310,68,71,3,78
551820,89,38,-4,82
552330,45,76,2,80
552840,74,35,1,79
553350,18,73,-3,82
553860,28,56,5,77
554370,29,23,-3,80
554880,57,92,6,74
555390,86,51,-3,77
555900,42,89,1,76
556410,71,48,-5,81
556920,29,11,2,79
557430,30,17,-7,86
557940,58,86,6,80
558450,79,45,12,68
558960,35,83,-16,84
559470,64,66,6,78
559980,85,33,3,75
560490,41,70,1,74
561000,70,29,-1,75
561510,26,67,-7,82
562020,36,50,6,76
562530,57,17,-10,86
563040,13,28,2,84
563550,14,97,5,79
564060,24,71,0,79
564570,34,54,0,79
565080,55,21,-7,86
565590,83,32,2,84
566100,39,35,1,83
566610,60,2,9,74
567120,16,75,-10,84
567630,26,58,6,78
568140,36,25,-5,83
568650,64,94,12,71
569160,85,53,-5,76
569670,41,91,2,74
570180,70,80,-1,75
570690,91,5,0,75
571200,83,78,-5,80
571710,41,3,1,79
572220,69,88,4,75
572730,90,13,-7,82
573240,82,58,6,76
573750,38,21,-12,88
574260,66,90,14,74
574770,87,49,-6,80
575280,43,87,1,79
575790,72,46,-4,83
576300,30,84,2,81
576810,31,67,3,78
577320,41,50,-3,81
577830,62,17,1,80
578340,18,20,2,78
578850,19,89,-5,83
579360,29,21,2,81
579870,30,90,-2,83
580380,31,22,1,82
580890,59,91,3,79
581400,80,50,0,79
581910,36,13,-2,81
582420,64,86,5,76
582930,85,45,0,76
583440,41,83,0,76
583950,70,42,-1,77
584460,26,80,-4,81
584970,36,63,9,72
585480,57,30,-3,75
585990,71,18,-3,78
586500,27,21,1,77
587010,55,90,-2,79
587520,84,49,4,75
588030,40,86,-3,78
588540,69,69,5,73
589050,90,96,-7,80
589560,8,21,-5,85
590070,9,27,5,80
590580,10,33,3,77
591090,20,39,-3,80
591600,21,6,-4,84
592110,49,91,3,81
592620,78,50,6,75
593130,92,13,-6,81
593640,84,100,5,76
594150,3,25,-3,79
594660,67,31,-6,85
595170,81,69,7,78
595680,39,96,-5,83
596190,68,79,9,74
596700,89,4,-7,81
597210,81,77,7,74
597720,0,2,-6,80
598230,56,101,6,74
598740,85,60,-3,77
599250,41,97,-5,82
599760,70,80,6,76
600270,91,5,-2,78
600780,83,78,10,68
601290,41,3,-11,79
601800,0,88,-7,86
602310,81,13,3,83
602820,37,58,1,82
603330,58,25,1,81
603840,72,28,0,81
604350,28,31,-1,82
604860,49,100,1,81
605370,78,89,6,75
605880,99,14,-6,81
606390,91,87,4,77
606900,49,12,-6,83
607410,5,97,2,81
607920,86,29,-5,86
608430,42,66,15,71
608940,63,33,-8,79
609450,77,71,4,75
609960,98,98,-1,76
610470,17,43,-7,83
610980,27,94,4,79
611490,37,26,-4,83
612000,65,95,9,74
612510,86,54,-4,78
613020,42,91,-7,85
613530,71,23,8,77
614040,27,60,-6,83
614550,37,27,0,83
615060,16,96,-2,85
615570,26,28,1,84
616080,47,97,5,79
616590,76,86,-1,80
617100,97,11,0,80
617610,89,84,1,79
618120,47,9,-3,82
618630,3,94,6,76
619140,84,26,-4,80
619650,40,63,2,78
620160,61,30,-1,79
620670,75,50,0,79
621180,31,88,1,78
621690,60,77,8,70
622200,81,44,-11,81
622710,37,82,-4,85
623220,66,3,11,74
623730,22,76,-10,84
624240,32,59,7,77
624750,33,26,-3,80
625260,34,95,-3,83
625770,63,78,7,76
626280,84,45,-4,80
626790,40,83,5,75
627300,69,15,-3,78
627810,25,60,0,78
628320,35,43,1,77
628830,56,10,1,76
629340,12,55,-6,82
629850,22,4,3,79
630360,23,77,3,76
630870,33,60,5,71
631380,34,27,-10,81
631890,35,96,2,79
632400,64,28,-4,83
632910,78,66,5,78
633420,36,93,0,78
633930,65,25,-3,81
634440,21,28,-4,85
634950,22,97,0,85
635460,32,29,4,81
635970,53,98,3,78
636480,82,57,7,71
636990,38,20,-7,78
637500,66,89,6,72
638010,87,14,-8,80
638520,43,51,1,79
639030,64,18,1,78
639540,20,21,-7,85
640050,21,90,-4,89
640560,31,22,7,82
641070,32,91,1,81
641580,61,23,-2,83
642090,17,26,3,80
642600,18,95,-8,88
643110,28,27,7,81
643620,29,96,-7,88
644130,39,28,7,81
644640,67,97,4,77
645150,88,56,1,76
645660,44,94,-4,80
646170,73,53,2,78
646680,31,16,-5,83
647190,32,85,2,81
647700,61,68,3,78
648210,82,35,-1,79
648720,38,73,5,74
649230,67,32,-9,83
649740,23,35,3,80
650250,44,2,-1,81
650760,3,87,-4,85
651270,84,19,5,80
651780,40,64,1,79
652290,61,31,-8,87
652800,75,69,11,76
653310,33,96,-3,79
653820,62,79,4,75
654330,83,4,-2,77
654840,75,77,4,73
655350,96,2,-6,79
655860,88,75,2,77
656370,46,0,-1,78
656880,42,85,-5,83
657390,71,17,5,78
657900,27,54,-2,80
658410,37,21,2,78
658920,38,9,-2,80
659430,39,94,0,80
659940,68,26,0,80
660450,24,64,1,79
660960,34,47,2,77
661470,55,14,-4,81
661980,11,25,1,80
662490,12,94,-2,82
663000,41,26,-1,83
663510,42,9,-1,84
664020,86,94,8,76
664530,5,35,-1,77
665040,15,86,-4,81
665550,25,18,1,80
666060,26,87,0,80
666570,36,19,-4,84
667080,37,2,3,81
667590,38,87,1,80
668100,67,70,5,75
668610,25,97,-9,84
669120,35,29,4,80
669630,36,98,1,79
670140,65,30,-4,83
670650,79,68,7,76
671160,37,95,-10,86
671670,66,78,13,73
672180,87,45,-1,74
672690,43,82,-1,75
673200,72,41,3,72
673710,28,79,-11,83
674220,38,62,2,81
674730,59,29,1,80
675240,73,17,3,77
675750,29,62,1,76
676260,39,29,-6,82
676770,40,98,1,81
677280,51,30,4,77
677790,9,18,-3,80
678300,10,87,3,77
678810,20,19,-5,82
679320,21,88,3,79
679830,31,20,-3,82
680340,32,3,-2,84
680850,33,88,4,80
681360,62,71,4,76
681870,83,38,-10,86
682380,39,41,9,77
682890,60,8,0,77
683400,16,53,-5,82
683910,26,2,3,79
684420,27,87,-5,84
684930,37,70,7,77
685440,66,29,-3,80
685950,22,32,-4,84
686460,43,101,1,83
686970,72,90,11,72
687480,93,15,-5,77
687990,49,60,3,74
688500,70,27,-5,79
689010,26,30,-4,83
689520,47,99,0,83
690030,76,31,-2,85
690540,32,69,13,72
691050,61,52,-10,82
691560,19,19,0,82
692070,20,88,2,80
692580,30,20,0,80
693090,31,89,-2,82
693600,60,72,9,73
694110,81,39,-14,87
694620,37,77,10,77
695130,66,36,-3,80
695640,22,74,-1,81
696150,32,57,8,73
696660,61,24,-5,78
697170,17,62,-6,84
697680,27,45,3,81
698190,48,12,-2,83
698700,49,97,1,82
699210,78,56,13,69
699720,34,6,-13,82
700230,35,79,3,79
700740,64,62,0,79
701250,22,29,-3,82
701760,43,98,4,78
702270,72,87,2,76
702780,93,12,-4,80
703290,49,57,1,79
703800,70,24,0,79
704310,26,27,-2,81
704820,27,96,1,80
705330,37,28,-3,83
705840,38,97,-6,89
706350,67,96,18,71
706860,96,55,-8,79
707370,52,93,-2,81
707880,81,52,8,73
708390,37,89,-8,81
708900,66,72,8,73
709410,87,99,-11,84
709920,6,24,-1,85
710430,70,21,-1,86
710940,26,24,5,81
711450,27,93,-4,85
711960,56,25,7,78
712470,70,28,-3,81
712980,26,31,1,80
713490,27,100,-2,82
714000,37,89,5,77
714510,66,21,-3,80
715020,22,24,-2,82
715530,23,93,-2,84
716040,33,25,4,80
716550,34,94,4,76
717060,63,83,2,74
717570,92,42,-8,82
718080,48,80,6,76
718590,77,39,-9,85
719100,33,61,13,72
719610,62,28,-14,86
720120,18,31,5,81
720630,19,100,0,81
721140,29,32,5,76
721650,30,101,-6,82
722160,59,33,-2,84
722670,17,71,1,83
723180,27,2,-1,84
723690,28,87,4,80
724200,38,19,-3,83
724710,66,2,13,70
725220,22,75,-11,81
725730,32,7,-4,85
726240,33,92,10,75
726750,62,81,-2,77
727260,91,48,0,77
727770,47,86,3,74
728280,76,45,-3,77
728790,32,83,-8,85
729300,61,66,9,76
729810,90,33,-4,80
730320,46,36,-3,83
730830,47,3,7,76
731340,3,88,0,76
731850,32,13,-7,83
732360,33,98,5,78
732870,62,87,3,75
733380,91,46,-6,81
733890,47,84,6,75
734400,76,43,-2,77
734910,98,81,-1,78
735420,56,93,1,77
735930,85,52,0,77
736440,41,90,-4,81
736950,70,49,0,81
737460,28,87,0,81
737970,57,70,7,74
738480,78,37,-4,78
738990,94,75,1,77
739500,21,10,-3,80
740010,22,40,1,79
740520,23,7,5,74
741030,24,92,-6,80
741540,34,24,0,80
742050,35,62,4,76
742560,64,89,3,73
743070,93,48,-13,86
743580,49,86,15,71
744090,78,45,-10,81
744600,92,83,8,73
745110,19,8,-11,84
745620,20,77,8,76
746130,30,9,-4,80
746640,31,94,-5,85
747150,41,26,2,83
747660,69,95,11,72
748170,98,54,-4,76
748680,54,92,-5,81
749190,83,51,0,81
749700,39,89,7,74
750210,68,48,-8,82
750720,26,86,0,82
751230,36,21,2,80
751740,64,90,4,76
752250,93,49,-4,80
752760,49,87,7,73
753270,78,46,-7,80
753780,91,84,3,77
754290,18,9,-4,81
754800,19,78,-2,83
755310,29,10,-1,84
755820,30,95,0,84
756330,40,27,5,79
756840,68,96,6,73
757350,97,55,-5,78
757860,9,93,-3,81
758370,19,18,-5,86
758880,20,87,5,81
759390,30,19,-4,85
759900,31,88,1,84
760410,41,71,10,74
760920,70,30,-4,78
761430,26,68,-2,80
761940,36,51,-1,81
762450,57,18,3,78
762960,13,38,-6,84
763470,23,89,3,81
763980,33,21,0,81
764490,34,90,2,79
765000,63,73,9,70
765510,84,100,-10,80
766020,3,25,-2,82
766530,13,76,0,82
767040,23,7,4,78
767550,24,92,-4,82
768060,34,24,-3,85
768570,35,7,2,83
769080,36,92,7,76
769590,65,81,2,74
770100,86,48,-5,79
770610,42,86,4,75
771120,71,69,-1,76
771630,100,96,-6,82
772140,92,21,8,74
772650,48,58,-1,75
773160,69,25,-7,82
773670,25,63,2,80
774180,35,46,6,74
774690,56,13,-9,83
775200,12,98,4,79
775710,41,23,0,79
776220,69,43,1,78
776730,83,81,2,76
777240,41,6,-5,81
777750,60,91,3,78
778260,89,50,-1,79
778770,45,88,4,75
779280,74,47,-5,80
779790,30,85,-1,81
780300,59,68,8,73
780810,80,35,-7,80
781320,36,73,5,75
781830,65,56,-2,77
782340,23,83,-8,85
782850,33,66,9,76
783360,62,33,-5,81
783870,76,71,-4,85
784380,34,73,9,76
784890,44,32,-6,82
785400,72,101,9,73
785910,101,26,-6,79
786420,57,63,-1,80
786930,78,30,1,79
787440,34,50,2,77
787950,55,17,-4,81
788460,11,28,2,79
788970,21,97,-4,83
789480,31,29,2,81
789990,32,98,3,78
790500,61,30,-1,79
791010,75,68,6,73
791520,2,95,-11,84
792030,31,20,-1,85
792540,32,89,9,76
793050,61,72,-4,80
793560,82,39,0,80
794070,38,77,0,80
794580,67,36,-4,84
795090,81,52,6,78
795600,37,79,2,76
796110,66,38,-8,84
796620,80,76,16,68
797130,72,1,-6,74
797640,28,74,-10,84
798150,38,57,8,76
798660,59,24,2,74
799170,73,44,-2,76
799680,29,82,-4,80
800190,39,40,-3,83
800700,60,7,6,77
801210,94,80,-2,79
801720,86,5,1,78
802230,42,50,1,77
802740,63,17,0,77
803250,19,20,-5,82
803760,20,89,-8,90
804270,30,14,15,75
804780,31,83,-4,79
805290,60,66,8,71
805800,81,93,2,69
806310,0,18,-7,76
806820,10,15,-6,82
807330,11,84,2,80
807840,21,16,0,80
808350,22,85,-7,87
808860,101,68,10,77
809370,57,3,2,75
809880,13,76,-4,79
810390,23,8,0,79
810900,24,81,-1,80
811410,34,64,3,77
811920,63,31,-2,79
812430,77,51,2,77
812940,33,78,0,77
813450,62,61,1,76
813960,20,27,-1,77
814470,41,96,-2,79
814980,70,85,-2,81
815490,91,10,4,77
816000,47,55,-1,78
816510,68,22,1,77
817020,24,59,-2,79
817530,34,8,-3,82
818040,35,93,5,77
818550,64,25,2,75
819060,20,28,-5,80
819570,21,97,2,78
820080,31,29,0,78
820590,32,98,-5,83
821100,61,30,5,78
821610,75,68,9,69
822120,33,95,-13,82
822630,62,78,7,75
823140,83,45,-1,76
823650,39,83,-5,81
824160,68,66,2,79
824670,97,93,2,77
825180,89,18,-3,80
825690,45,55,7,73
826200,66,22,-3,76
826710,22,59,-2,78
827220,32,42,4,74
827730,98,9,-8,82
828240,90,82,0,82
828750,48,7,2,80
829260,4,92,1,79
829770,33,17,-7,86
830280,34,0,5,81
830790,35,85,6,75
831300,64,101,-3,78
831810,93,60,-1,79
832320,49,97,-8,87
832830,78,56,11,76
833340,34,6,-7,83
833850,35,91,3,80
834360,64,74,9,71
834870,85,41,-14,85
835380,41,79,9,76
835890,70,38,-4,80
836400,84,76,0,80
836910,42,1,-1,81
837420,1,86,2,79
837930,30,18,-4,83
838440,31,87,2,81
838950,60,70,8,73
839460,81,37,-3,76
839970,37,75,-6,82
840480,66,58,12,70
840990,24,85,-15,85
841500,34,68,10,75
842010,63,35,-8,83
842520,77,100,7,76
843030,4,25,-4,80
843540,14,43,0,80
844050,24,94,-4,84
844560,34,26,2,82
845070,35,95,6,76
845580,64,78,7,69
846090,85,3,-10,79
846600,41,76,2,77
847110,70,35,-7,84
847620,26,73,5,79
848130,36,56,3,76
848640,57,23,-9,85
849150,71,43,4,81
849660,27,81,-1,82
850170,37,64,6,76
850680,66,23,-5,81
851190,22,60,2,79
851700,32,43,-1,80
852210,53,10,0,80
852720,9,95,-3,83
853230,38,20,9,74
853740,66,40,-7,81
854250,24,78,-4,85
854760,34,61,8,77
855270,63,28,-2,79
855780,19,31,-1,80
856290,20,100,1,79
856800,30,89,-1,80
857310,59,72,8,72
857820,80,39,-7,79
858330,36,77,1,78
858840,46,66,7,71
859350,67,33,-13,84
859860,23,53,7,77
860370,33,20,-7,84
860880,61,89,10,74
861390,90,48,-4,78
861900,46,85,-3,81
862410,75,44,5,76
862920,89,98,0,76
863430,16,23,-4,80
863940,17,92,0,80
864450,27,24,-4,84
864960,69,93,7,77
865470,90,52,-2,79
865980,2,90,-6,85
866490,31,22,0,85
867000,59,91,13,72
867510,88,50,-4,76
868020,0,88,-3,79
868530,29,13,-7,86
869040,57,98,7,79
869550,86,57,-4,83
870060,44,20,-2,85
870570,72,3,10,75
871080,64,76,-3,78
871590,85,43,-3,81
872100,41,80,7,74
872610,70,39,-4,78
873120,84,76,-2,80
873630,42,1,-4,84
874140,43,86,7,77
874650,72,75,-5,82
875160,30,0,0,82
875670,31,85,5,77
876180,60,68,5,72
876690,18,35,-8,80
877200,19,2,-6,86
877710,47,75,15,71
878220,76,34,-16,87
878730,90,72,11,76
879240,48,38,-6,82
879750,49,5,3,79
880260,5,52,-3,82
880770,15,1,0,82
881280,43,86,3,79
881790,72,75,-2,81
882300,30,42,4,77
882810,51,9,-4,81
883320,7,82,-6,87
883830,17,13,6,81
884340,18,82,-1,82
884850,28,78,0,82
885360,38,61,9,73
885870,59,28,-14,87
886380,73,48,11,76
886890,87,11,-7,83
887400,43,56,11,72
887910,64,23,-11,83
888420,20,43,3,80
888930,30,10,-10,90
889440,58,95,8,82
889950,87,54,-2,84
890460,101,92,10,74
890970,93,2,-7,81
891480,85,75,3,78
891990,43,0,-4,82
892500,2,85,2,80
893010,31,17,-8,88
893520,32,86,5,83
894030,61,69,4,79
894540,82,36,-2,81
895050,96,56,-5,86
895560,8,94,1,85
896070,37,26,1,84
896580,65,95,9,75
897090,94,54,-2,77
897600,50,92,1,76
898110,79,51,2,74
898620,35,14,-4,78
899130,36,34,0,78
899640,37,1,-1,79
900150,98,86,-4,83
900660,90,98,8,75
901170,9,23,-7,82
901680,47,92,0,82
902190,76,51,-5,87
902700,34,89,14,73
903210,63,78,-2,75
903720,84,45,-6,81
904230,40,83,7,74
904740,69,72,-2,76
905250,27,99,-5,81
905760,37,31,0,81
906270,65,100,11,70
906780,94,59,-10,80
907290,6,96,-3,83
907800,35,36,2,81
908310,36,3,0,81
908820,37,88,1,80
909330,66,77,5,75
909840,87,44,-3,78
910350,43,82,-3,81
910860,72,71,7,74
911370,30,38,-6,80
911880,51,5,2,78
912390,7,78,-3,81
912900,36,9,-6,87
913410,37,94,3,84
913920,66,83,7,77
914430,87,42,-1,78
914940,43,79,1,77
915450,72,38,0,77
915960,28,58,-4,81
916470,38,41,2,79
916980,59,8,-1,80
917490,15,33,1,79
918000,16,0,-2,81
918510,17,73,-2,83
919020,27,56,6,77
919530,37,23,-9,86
920040,65,92,7,79
920550,94,51,-2,81
921060,50,89,6,75
921570,79,48,2,73
922080,93,86,-4,77
922590,85,11,5,72
923100,41,31,-15,87
923610,69,100,14,73
924120,98,59,-6,79
924630,54,97,-5,84
925140,83,56,8,76
925650,39,6,-4,80
926160,67,91,6,74
926670,96,50,-6,80
927180,52,88,-1,81
927690,81,47,6,75
928200,37,85,-4,79
928710,66,74,5,74
929220,87,41,-4,78
929730,43,61,0,78
930240,64,28,-6,84
930750,78,48,3,81
931260,92,85,-1,82
931770,84,35,3,79
932280,19,55,-2,81
932790,29,4,0,81
933300,30,89,2,79
933810,59,72,2,77
934320,80,39,-1,78
934830,36,77,0,78
935340,65,36,0,78
935850,79,56,4,74
936360,35,6,-8,82
936870,36,91,6,76
937380,65,80,1,75
937890,86,47,-4,79
938400,42,84,1,78
938910,71,73,1,77
939420,29,40,-1,78
939930,50,7,1,77
940440,6,92,-4,81
940950,35,24,4,77
941460,63,93,5,72
941970,92,52,-3,75
942480,48,89,2,73
942990,77,48,-3,76
943500,33,85,-2,78
944010,62,74,2,76
944520,83,41,0,76
945030,39,78,-1,77
945540,68,61,3,74
946050,97,28,-8,82
946560,53,48,2,80
947070,54,15,3,77
947580,10,35,-7,84
948090,20,86,4,80
948600,30,18,0,80
949110,58,87,7,73
949620,87,46,-3,76
950130,43,83,-3,79
950640,72,72,4,75
951150,101,39,-6,81
951660,57,59,-3,84
952170,78,26,3,81
952680,34,46,-2,83
953190,55,13,7,76
953700,11,33,-3,79
954210,21,66,0,79
954720,31,49,3,76
955230,52,16,-3,79
955740,8,36,2,77
956250,18,87,-3,80
956760,28,19,-7,87
957270,29,88,3,84
957780,58,71,11,73
958290,79,38,-1,74
958800,35,76,0,74
959310,64,35,-5,79
959820,78,55,0,79
960330,34,5,-1,80
960840,35,90,-1,81
961350,64,73,4,77
961860,85,40,-2,79
962370,41,60,4,75
962880,70,27,-6,81
963390,26,47,-1,82
963900,27,14,1,81
964410,28,99,-2,83
964920,57,31,2,81
965430,71,51,6,75
965940,27,1,-7,82
966450,28,86,3,79
966960,38,69,-2,81
967470,67,39,-7,88
967980,81,77,19,69
968490,73,39,-11,80
969000,87,77,3,77
969510,79,2,-2,79
970020,71,75,-4,83
970530,92,0,2,81
971040,84,73,7,74
971550,40,85,-7,81
972060,69,74,3,78
972570,98,101,1,77
973080,90,26,-1,78
973590,46,46,5,73
974100,47,13,-11,84
974610,39,98,-4,88
975120,68,81,15,73
975630,89,40,-12,85
976140,45,60,11,74
976650,66,27,-8,82
977160,22,47,-3,85
977670,32,14,5,80
978180,33,87,6,74
978690,62,70,1,73
979200,83,97,-8,81
979710,2,22,3,78
980220,90,19,-4,82
980730,46,39,1,81
981240,54,6,-1,82
981750,10,79,-1,83
982260,20,10,1,82
982770,21,79,-6,88
983280,31,62,6,82
983790,41,29,1,81
984300,69,98,8,73
984810,98,58,-8,81
985320,10,96,-1,82
985830,39,74,10,72
986340,68,33,-5,77
986850,24,53,-5,82
987360,34,20,-1,83
987870,35,3,7,76
988380,36,76,3,73
988890,65,35,-13,86
989400,79,55,8,78
989910,35,5,6,72
990420,36,90,-1,73
990930,65,79,-5,78
991440,86,46,-4,82
991950,100,84,1,81
992460,92,9,1,80
992970,84,82,5,75
993480,76,7,1,74
993990,32,52,-5,79
994500,53,19,2,77
995010,67,54,0,77
995520,25,81,-11,88
996030,35,64,12,76
996540,64,31,-10,86
997050,78,51,14,72
997560,34,78,-5,77
998070,63,61,4,73
998580,92,28,-12,85
999090,48,65,10,75
999600,69,32,-2,77
1000110,25,52,-4,81
1000620,35,19,-3,84
1001130,63,88,13,71
1001640,84,47,-13,84
1002150,40,85,5,79
1002660,69,74,0,79
1003170,90,101,2,77
1003680,9,26,-6,83
1004190,10,44,3,80
1004700,20,95,1,79
1005210,30,27,-8,87
1005720,57,96,5,82
1006230,86,55,8,74
1006740,42,82,-5,79
1007250,71,41,3,76
1007760,85,79,0,76
1008270,12,4,-4,80
1008780,13,73,-5,85
1009290,23,4,3,82
1009800,24,89,-5,87
1010310,34,72,14,73
1010820,63,55,-2,75
1011330,92,22,-7,82
1011840,48,42,0,82
1012350,49,9,0,82
1012860,5,94,4,78
1013370,34,19,-11,89
1013880,35,2,3,86
1014390,36,87,9,77
1014900,65,70,5,72
1015410,86,37,-6,78
1015920,42,74,4,74
1016430,71,33,-8,82
1016940,27,71,2,80
1017450,37,42,-1,81
1017960,58,9,0,81
1018470,14,34,-2,83
1018980,24,1,-1,84
1019490,72,86,11,73
1020000,93,11,-6,79
1020510,85,38,-4,83
1021020,41,76,7,76
1021530,70,11,1,75
1022040,26,31,-10,85
1022550,47,100,15,70
1023060,76,59,-3,73
1023570,68,21,-7,80
1024080,24,41,0,80
1024590,45,8,0,80
1025100,1,93,2,78
1025610,88,18,3,75
1026120,44,38,-5,80
1026630,45,5,1,79
1027140,48,30,-8,87
1027650,76,99,13,74
1028160,97,58,-9,83
1028670,89,96,5,78
1029180,8,21,-2,80
1029690,9,39,2,78
1030200,19,90,-4,82
1030710,29,22,0,82
1031220,30,91,4,78
1031730,40,23,-8,86
1032240,41,43,6,80
1032750,62,10,3,77
1033260,18,30,-4,81
1033770,19,99,-3,84
1034280,29,31,3,81
1034790,30,100,-3,84
1035300,40,32,5,79
1035810,41,101,-10,89
1036320,70,84,11,78
1036830,91,43,-5,83
1037340,47,81,6,77
1037850,76,40,0,77
1038360,90,78,0,77
1038870,82,28,-5,82
1039380,69,48,8,74
1039890,61,100,-3,77
1040400,90,59,-2,79
1040910,82,9,-4,83
1041420,38,54,5,78
1041930,59,21,-7,85
1042440,15,32,8,77
1042950,40,101,-4,81
1043460,69,33,6,75
1043970,83,70,1,74
1044480,75,82,2,72
1044990,96,7,-3,75
1045500,88,44,-4,79
1046010,44,82,2,77
1046520,73,41,-1,78
1047030,98,79,0,78
1047540,90,91,1,77
1048050,9,1,-9,86
1048560,70,100,11,75
1049070,91,59,-2,77
1049580,83,96,3,74
1050090,2,21,-4,78
1050600,12,18,-4,82
1051110,13,87,-4,86
1051620,23,101,3,83
1052130,74,33,0,83
1052640,88,71,9,74
1053150,80,83,-3,77
1053660,101,95,2,75
1054170,93,20,-4,79
1054680,49,40,1,78
1055190,50,7,-3,81
1055700,6,32,5,76
1056210,16,83,-11,87
1056720,26,14,4,83
1057230,27,83,1,82
1057740,37,66,7,75
1058250,66,33,-1,76
1058760,80,53,2,74
1059270,72,3,-3,77
1059780,28,28,-8,85
1060290,29,97,-5,90
1060800,39,80,9,81
1061310,49,63,4,77
1061820,70,30,-4,81
1062330,26,68,1,80
1062840,36,17,-4,84
1063350,37,37,1,83
1063860,58,4,6,77
1064370,14,29,2,75
1064880,24,98,-13,88
1065390,34,30,6,82
1065900,35,99,-3,85
1066410,64,82,11,74
1066920,85,49,-7,81
1067430,99,87,0,81
1067940,91,99,1,80
1068450,10,9,-2,82
1068960,11,78,1,81
1069470,21,9,-3,84
1069980,22,94,0,84
1070490,32,26,4,80
1071000,33,95,-3,83
1071510,43,78,4,79
1072020,72,37,-1,80
1072530,86,75,-2,82
1073040,78,10,10,72
1073550,34,30,-13,85
1074060,35,99,8,77
1074570,64,31,-3,80
1075080,78,51,1,79
1075590,92,89,1,78
1076100,84,101,0,78
1076610,3,11,2,76
1077120,4,8,-6,82
1077630,92,77,2,80
1078140,84,89,3,77
1078650,3,101,1,76
1079160,32,26,-8,84
1079670,33,95,0,84
1080180,62,78,10,74
1080690,83,45,-5,79
1081200,6,83,-2,81
1081710,35,14,6,75
1082220,36,34,-4,79
1082730,37,1,-10,89
1083240,38,86,10,79
1083750,67,69,-1,80
1084260,88,36,1,79
1084770,98,74,-3,82
1085280,21,24,-3,85
1085790,22,93,3,82
1086300,32,25,3,79
1086810,33,94,-2,81
1087320,43,77,9,72
1087830,72,36,-12,84
1088340,86,56,7,77
1088850,9,93,-10,87
1089360,38,18,6,81
1089870,66,38,-2,83
1090380,91,76,4,79
1090890,83,26,-2,81
1091400,39,63,1,80
1091910,60,30,-4,84
1092420,74,52,8,76
1092930,66,2,3,73
1093440,58,27,-11,84
1093950,72,47,9,75
1094460,97,10,-1,76
1094970,89,47,-2,78
1095480,1,85,-7,85
1095990,30,16,3,82
1096500,31,101,-2,84
1097010,41,33,6,78
1097520,42,0,-5,83
1098030,67,25,-3,86
1098540,23,27,6,80
1099050,24,96,-4,84
1099560,34,28,-1,85
1100070,35,97,5,80
1100580,64,80,2,78
1101090,85,39,-5,83
1101600,99,77,0,83
1102110,22,89,1,82
1102620,32,21,0,82
1103130,60,90,6,76
1103640,81,49,0,76
1104150,95,87,-1,77
1104660,87,99,-2,79
1105170,6,9,2,77
1105680,7,78,-4,81
1106190,17,9,0,81
1106700,18,78,-1,82
1107210,28,9,0,82
1107720,29,29,0,82
1108230,30,98,3,79
1108740,40,30,-2,81
1109250,68,99,8,73
1109760,89,58,-7,80
1110270,12,96,-2,82
1110780,22,74,0,82
1111290,67,57,6,76
1111800,59,24,-6,82
1112310,73,44,4,78
1112820,87,82,1,77
1113330,6,94,-8,85
1113840,35,19,2,83
1114350,63,88,4,79
1114860,84,47,-2,81
1115370,7,85,-3,84
1115880,36,16,0,84
1116390,64,101,9,75
1116900,85,60,0,75
1117410,8,28,-6,81
1117920,18,46,-4,85
1118430,28,97,5,80
1118940,38,29,-7,87
1119450,66,98,6,81
1119960,87,57,1,80
1120470,10,2,0,80
1120980,71,71,7,73
1121490,92,38,-9,82
1122000,48,76,9,73
1122510,69,35,-13,86
1123020,83,73,14,72
1123530,75,85,-3,75
1124040,96,97,-6,81
1124550,15,7,1,80
1125060,16,76,-5,85
1125570,26,7,7,78
1126080,27,92,-9,87
1126590,37,24,3,84
1127100,65,93,11,73
1127610,86,52,-8,81
1128120,9,90,2,79
1128630,19,22,-7,86
1129140,20,91,3,83
1129650,30,23,-2,85
1130160,58,92,9,76
1130670,79,51,4,72
1131180,93,63,-5,77
1131690,16,75,-9,86
1132200,26,6,2,84
1132710,27,91,-2,86
1133220,37,69,10,76
1133730,47,36,-3,79
1134240,48,3,0,79
1134750,33,28,-6,85
1135260,61,97,9,76
1135770,82,56,7,69
1136280,5,19,-10,79
1136790,66,37,-4,83
1137300,80,75,7,76
1137810,101,87,0,76
1138320,24,99,-5,81
1138830,34,31,6,75
1139340,55,100,1,74
1139850,84,59,-1,75
1140360,76,94,0,75
1140870,97,53,-7,82
1141380,20,91,3,79
1141890,30,23,-2,81
1142400,58,92,8,73
1142910,79,51,-2,75
1143420,93,89,-5,80
1143930,12,101,-6,86
1144440,41,26,0,86
1144950,69,95,11,75
1145460,90,54,-2,77
1145970,13,91,-5,82
1146480,23,23,4,78
1146990,24,92,-4,82
1147500,34,24,0,82
1148010,62,93,8,74
1148520,83,52,0,74
1149030,39,89,-6,80
1149540,68,78,1,79
1150050,89,45,1,78
1150560,12,83,-5,83
1151070,22,15,0,83
1151580,50,84,8,75
1152090,71,43,-7,82
1152600,96,81,9,73
1153110,19,93,-10,83
1153620,29,25,2,81
1154130,57,94,8,73
1154640,78,53,2,71
1155150,1,90,-7,78
1155660,23,68,-7,85
1156170,33,51,8,77
1156680,54,18,-5,82
1157190,79,38,-2,84
1157700,35,76,11,73
1158210,64,59,-4,77
1158720,85,71,2,75
1159230,77,83,-5,80
1159740,98,95,3,77
1160250,17,5,-8,85
1160760,45,90,7,78
1161270,74,49,-5,83
1161780,99,87,1,82
1162290,22,99,-1,83
1162800,32,31,-3,86
1163310,53,100,12,74
1163820,74,59,2,72
1164330,99,71,-6,78
1164840,22,21,-4,82
1165350,23,90,-5,87
1165860,33,73,13,74
1166370,43,31,-8,82
1166880,71,100,6,76
1167390,92,59,-2,78
1167900,15,96,-7,85
1168410,25,28,2,83
1168920,46,97,6,77
1169430,98,55,-1,78
1169940,21,92,-7,85
1170450,31,24,2,83
1170960,52,93,2,81
1171470,73,52,3,78
1171980,98,2,-2,80
1172490,90,39,2,78
1173000,46,76,8,70
1173510,67,35,-13,83
1174020,92,73,10,73
1174530,15,85,-10,83
1175040,25,17,0,83
1175550,53,86,7,76
1176060,74,45,4,72
1176570,99,8,-8,80
1177080,91,45,-3,83
1177590,47,83,8,75
1178100,68,41,-1,76
1178610,93,79,-2,78
1179120,16,91,-8,86
1179630,26,23,7,79
1180140,52,92,2,77
1180650,73,51,1,76
1181160,98,63,-1,77
1181670,21,75,-1,78
1182180,31,58,0,78
1182690,52,25,-4,82
1183200,80,45,9,73
1183710,94,83,-9,82
1184220,13,95,5,77
1184730,23,27,-7,84
1185240,44,96,8,76
1185750,73,54,3,73
1186260,98,4,-11,84
1186770,90,20,8,76
1187280,46,57,-7,83
1187790,67,24,1,82
1188300,23,61,3,79
1188810,33,10,-4,83
1189320,61,95,10,73
1189830,10,54,-9,82
1190340,20,3,3,79
1190850,48,88,-1,80
1191360,69,46,2,78
1191870,94,83,-2,80
1192380,13,95,-2,82
1192890,23,27,-1,83
1193400,44,96,3,80
1193910,73,54,4,76
1194420,98,4,-2,78
1194930,90,77,-4,82
1195440,13,89,0,82
1195950,23,21,1,81
1196460,44,90,6,75
1196970,73,49,-1,76
1197480,98,86,-9,85
1197990,21,98,5,80
1198500,31,30,3,77
1199010,52,38,-8,85
1199520,80,5,5,80
1200030,69,78,-1,81
1200540,90,45,-2,83
1201050,2,83,-3,86
1201560,31,14,-5,91
1202070,59,99,13,78
1202580,80,58,5,73
1203090,3,95,-5,78
1203600,32,20,-7,85
1204110,60,89,13,72
1204620,81,48,-8,80
1205130,4,85,4,76
1205640,33,17,-5,81
1206150,61,86,10,71
1206660,82,45,-4,75
1207170,5,82,-7,82
1207680,34,13,-3,85
1208190,62,98,11,74
1208700,83,57,2,72
1209210,6,69,-11,83
1209720,16,0,5,78
1210230,77,73,-4,82
1210740,98,35,-5,87
1211250,10,72,6,81
1211760,20,3,-9,90
1212270,48,88,12,78
1212780,69,46,-1,79
1213290,94,83,-1,80
1213800,13,95,-3,83
1214310,23,27,-4,87
1214820,44,96,7,80
1215330,73,85,0,80
1215840,94,47,2,78
1216350,6,84,-3,81
1216860,35,15,0,81
1217370,63,100,6,75
1217880,84,59,-3,78
1218390,7,71,0,78
1218900,17,2,-8,86
1219410,45,87,10,76
1219920,74,45,2,74
1220430,88,83,-5,79
1220940,7,95,2,77
1221450,36,20,0,77
1221960,64,89,5,72
1222470,85,48,-10,82
1222980,99,86,2,80
1223490,18,98,4,76
1224000,28,30,-5,81
1224510,49,99,6,75
1225020,78,58,2,73
1225530,1,8,-6,79
1226040,62,5,0,79
1226550,18,30,-2,81
1227060,39,99,2,79
1227570,68,82,7,72
1228080,89,49,-9,81
1228590,1,87,0,81
1229100,30,18,-1,82
1229610,58,87,4,78
1230120,79,46,-1,79
1230630,93,83,3,76
1231140,12,95,-3,79
1231650,22,27,-5,84
1232160,43,96,10,74
1232670,72,54,-4,78
1233180,64,91,3,75
1233690,85,50,-1,76
1234200,99,87,3,73
1234710,22,99,-14,87
1235220,32,31,8,79
1235730,18,100,-5,84
1236240,28,32,6,78
1236750,49,32,-2,80
1237260,77,101,7,73
1237770,98,60,-5,78
1238280,10,97,0,78
1238790,39,29,-1,79
1239300,67,98,5,74
1239810,88,57,-5,79
1240320,11,94,-4,83
1240830,21,26,4,79
1241340,42,95,-5,84
1241850,71,78,6,78
1242360,92,40,-4,82
1242870,4,66,6,76
1243380,14,99,-6,82
1243890,24,77,-6,88
1244400,34,60,8,80
1244910,55,27,-4,84
1245420,69,47,10,74
1245930,94,9,-5,79
1246440,86,19,2,77
1246950,42,39,-9,86
1247460,63,6,7,79
1247970,19,31,-5,84
1248480,40,100,0,84
1248990,69,83,12,72
1249500,90,45,-5,77
1250010,2,83,-6,83
1250520,31,33,6,77
1251030,52,0,-3,80
1251540,67,85,7,73
1252050,88,44,-6,79
1252560,0,82,-2,81
1253070,22,13,-3,84
1253580,50,82,6,78
1254090,71,41,-1,79
1254600,85,79,1,78
1255110,4,91,0,78
1255620,33,16,-1,79
1256130,61,101,2,77
1256640,82,6,-1,78
1257150,74,79,1,77
1257660,95,91,-3,80
1258170,14,1,-2,82
1258680,75,86,12,70
1259190,96,98,-11,81
1259700,15,8,-3,84
1260210,43,93,6,78
1260720,72,76,2,76
1261230,93,38,-7,83
1261740,5,75,6,77
1262250,34,6,-11,88
1262760,62,91,12,76
1263270,83,50,1,75
1263780,97,88,-4,79
1264290,16,100,-8,87
1264800,26,32,7,80
1265310,47,101,-2,82
1265820,76,84,4,78
1266330,97,96,-1,79
1266840,16,6,-5,84
1267350,44,91,5,79
1267860,73,80,5,74
1268370,94,42,-5,79
1268880,6,79,-2,81
1269390,35,10,2,79
1269900,63,95,6,73
1270410,84,54,-8,81
1270920,98,66,-2,83
1271430,10,1,-2,85
1271940,38,86,4,81
1272450,67,69,4,77
1272960,88,31,-4,81
1273470,44,68,8,73
1273980,65,27,-8,81
1274490,79,65,4,77
1275000,71,77,9,68
1275510,92,39,-16,84
1276020,4,76,9,75
1276530,33,7,-13,88
1277040,61,92,15,73
1277550,82,51,-1,74
1278060,96,88,-3,77
1278570,15,100,-7,84
1279080,44,32,5,79
1279590,72,101,5,74
1280100,93,60,-5,79
1280610,5,98,-3,82
1281120,34,23,-2,84
1281630,62,92,4,80
1282140,83,51,5,75
1282650,97,88,-1,76
1283160,16,100,-7,83
1283670,26,32,1,82
1284180,47,101,1,81
1284690,76,84,5,76
1285200,97,96,-9,85
1285710,16,21,6,79
1286220,37,90,-4,83
1286730,66,73,9,74
1287240,87,35,-10,84
1287750,43,72,10,74
1288260,64,61,-8,82
1288770,85,50,2,80
1289280,99,87,5,75
1289790,11,99,-6,81
1290300,40,77,2,79
1290810,61,60,3,76
1291320,82,22,-6,82
1291830,38,59,8,74
1292340,59,26,-11,85
1292850,73,64,7,78
1293360,94,76,-3,81
1293870,6,88,-4,85
1294380,35,13,7,78
1294890,63,5,4,74
1295400,19,30,-7,81
1295910,40,99,-6,87
1296420,69,82,11,76
1296930,90,71,-2,78
1297440,2,83,-7,85
1297950,83,14,4,81
1298460,39,34,-3,84
1298970,60,1,7,77
1299480,84,26,-6,83
1299990,98,63,-1,84
1300500,10,100,6,78
1301010,39,78,-5,83
1301520,68,61,8,75
1302030,89,73,-3,78
1302540,1,85,2,76
1303050,30,63,-3,79
1303560,59,46,0,79
1304070,73,13,4,75
1304580,29,33,-4,79
1305090,50,0,0,79
1305600,6,25,-6,85
1306110,94,22,2,83
1306620,50,59,3,80
1307130,71,26,1,79
1307640,27,46,-3,82
1308150,48,13,-4,86
1308660,62,98,8,78
1309170,83,57,-1,79
1309680,97,94,-2,81
1310190,16,4,3,78
1310700,77,77,11,67
1311210,98,89,-17,84
1311720,17,101,-4,88
1312230,27,45,7,81
1312740,48,12,1,80
1313250,4,97,-3,83
1313760,33,75,5,78
1314270,62,58,-2,80
1314780,83,25,-1,81
1315290,39,62,0,81
1315800,60,29,-3,84
1316310,74,67,10,74
1316820,95,79,-9,83
1317330,7,91,-9,92
1317840,36,16,4,88
1318350,64,101,13,75
1318860,85,60,1,74
1319370,99,72,-5,79
1319880,11,76,-6,85
1320390,21,7,5,80
1320900,42,92,4,76
1321410,71,81,-1,77
1321920,92,93,-5,82
1322430,11,3,2,80
1322940,72,76,7,73
1323450,93,88,-5,78
1323960,12,100,-5,83
1324470,41,78,7,76
1324980,70,67,2,74
1325490,91,34,-6,80
1326000,47,71,3,77
1326510,68,38,-8,85
1327020,82,76,13,72
1327530,1,88,-8,80
1328040,30,19,-4,84
1328550,56,88,8,76
1329060,77,47,0,76
1329570,91,85,-1,77
1330080,72,97,1,76
1330590,93,86,-7,83
1331100,12,98,3,80
1331610,41,30,-6,86
1332120,69,99,13,73
1332630,90,58,-8,81
1333140,2,96,3,78
1333650,31,46,-4,82
1334160,52,13,3,79
1334670,8,33,-5,84
1335180,18,84,-4,88
1335690,28,16,1,87
1336200,54,85,12,75
1336710,75,74,-3,78
1337220,96,86,5,73
1337730,88,98,-7,80
1338240,7,8,-1,81
1338750,37,77,9,72
1339260,66,36,-3,75
1339770,80,74,1,74
1340280,82,86,-7,81
1340790,1,98,7,74
1341300,30,23,-11,85
1341810,56,92,7,78
1342320,77,81,9,69
1342830,98,15,-10,79
1343340,90,27,-2,81
1343850,46,64,3,78
1344360,67,31,-7,85
1344870,81,69,6,79
1345380,39,81,2,77
1345890,68,70,2,75
1346400,89,82,-7,82
1346910,8,94,3,79
1347420,37,72,2,77
1347930,66,50,-2,79
1348440,80,54,3,76
1348950,94,58,-2,78
1349460,6,95,1,77
1349970,35,27,-10,87
1350480,65,96,14,73
1350990,86,55,-4,77
1351500,100,92,-4,81
1352010,19,2,0,81
1352520,80,75,1,80
1353030,7,87,3,77
1353540,36,18,-10,87
1354050,66,1,7,80
1354560,22,26,-1,81
1355070,43,95,2,79
1355580,72,84,11,68
1356090,93,96,-15,83
1356600,12,6,-1,84
1357110,42,75,6,78
1357620,71,67,-4,82
1358130,92,79,-1,83
1358640,84,91,-1,84
1359150,3,1,10,74
1359660,59,100,-5,79
1360170,80,59,-3,82
1360680,94,63,2,80
1361190,50,100,8,72
1361700,79,59,-4,76
1362210,35,63,-3,79
1362720,56,30,0,79
1363230,70,68,0,79
1363740,91,80,3,76
1364250,10,92,-7,83
1364760,39,24,1,82
1365270,69,93,5,77
1365780,90,82,-1,78
1366290,9,82,-11,89
1366800,38,13,5,84
1367310,68,98,8,76
1367820,89,57,7,69
1368330,45,94,-7,76
1368840,74,83,2,74
1369350,95,95,-9,83
1369860,14,5,3,80
1370370,44,73,5,75
1370880,65,62,-2,77
1371390,86,29,-2,79
1371900,42,66,8,71
1372410,63,33,-16,87
1372920,77,71,14,73
1373430,98,83,-13,86
1373940,10,95,10,76
1374450,39,27,-11,87
1374960,69,96,13,74
1375470,90,55,-3,77
1375980,46,92,-2,79
1376490,75,81,5,74
1377000,96,93,-7,81
1377510,15,3,4,77
1378020,76,76,4,73
1378530,97,88,-7,80
1379040,16,100,-9,89
1379550,26,32,5,84
1380060,47,43,4,80
1380570,68,10,1,79
1381080,2,47,-3,82
1381590,12,98,4,78
1382100,41,21,-4,82
1382610,71,4,10,72
1383120,27,29,-13,85
1383630,48,82,14,71
1384140,77,41,-5,76
1384650,91,78,-3,79
1385160,3,90,-11,90
1385670,32,21,5,85
1386180,62,90,9,76
1386690,83,79,-2,78
1387200,2,91,2,76
1387710,31,100,-1,77
1388220,60,32,-1,78
1388730,74,52,1,77
1389240,88,18,-3,80
1389750,44,55,9,71
1390260,65,22,-8,79
1390770,21,59,-3,82
1391280,31,92,-8,90
1391790,60,75,16,74
1392300,81,74,-5,79
1392810,0,86,-5,84
1393320,29,17,2,82
1393830,59,86,7,75
1394340,80,75,0,75
1394850,101,87,-3,78
1395360,13,99,-7,85
1395870,42,31,6,79
1396380,21,100,-4,83
1396890,59,32,-2,85
1397400,73,70,16,69
1397910,94,82,-11,80
1398420,13,94,1,79
1398930,49,26,-5,84
1399440,79,46,5,79
1399950,35,83,1,78
1400460,64,4,1,77
1400970,20,77,-12,89
1401480,30,8,11,78
1401990,31,93,-4,82
1402500,36,76,11,71
1403010,65,34,-18,89
1403520,79,72,12,77
1404030,35,84,-5,82
1404540,64,67,3,79
1405050,85,34,7,72
1405560,41,71,-3,75
1406070,62,30,-8,83
1406580,76,68,8,75
1407090,97,80,-7,82
1407600,9,92,-3,85
1408110,38,24,5,80
1408620,68,93,7,73
1409130,89,52,-1,74
1409640,45,89,-4,78
1410150,74,78,1,77
1410660,95,5,-4,81
1411170,87,92,1,80
1411680,6,2,1,79
1412190,67,75,0,79
1412700,88,42,-3,82
1413210,0,79,6,76
1413720,29,10,-8,84
1414230,30,95,5,79
1414740,59,27,-11,90
1415250,73,65,20,70
1415760,94,77,-5,75
1416270,6,89,-7,82
1416780,35,21,1,81
1417290,65,90,9,72
1417800,86,79,-5,77
1418310,5,91,-8,85
1418820,34,69,9,76
1419330,63,58,6,70
1419840,84,25,-14,84
1420350,40,62,9,75
1420860,61,29,-13,88
1421370,75,66,10,78
1421880,96,78,-5,83
1422390,8,90,4,79
1422900,37,22,-7,86
1423410,67,91,10,76
1423920,88,80,4,72
1424430,7,92,-8,80
1424940,36,24,-5,85
1425450,66,93,10,75
1425960,17,52,-9,84
1426470,27,85,-1,85
1426980,37,68,3,82
1427490,66,35,3,79
1428000,80,72,6,73
1428510,36,39,-6,79
1429020,57,6,0,79
1429530,13,79,-11,90
1430040,23,6,5,85
1430550,24,91,5,80
1431060,34,23,0,80
1431570,91,92,-1,81
1432080,10,2,-4,85
1432590,71,75,13,72
1433100,92,87,-7,79
1433610,11,99,-3,82
1434120,40,31,1,81
1434630,70,100,10,71
1435140,91,59,-7,78
1435650,3,96,-6,84
1436160,32,28,-1,85
1436670,62,97,13,72
1437180,83,56,-12,84
1437690,39,93,4,80
1438200,68,82,5,75
1438710,89,94,-5,80
1439220,8,4,-2,82
1439730,38,73,7,75
1440240,67,40,-7,82
1440750,81,28,-4,86
1441260,37,48,6,80
1441770,58,15,-2,82
1442280,14,35,0,82
1442790,24,68,2,80
1443300,34,97,1,79
1443810,63,86,1,78
1444320,84,75,2,76
1444830,40,87,-5,81
1445340,69,76,6,75
1445850,90,43,-7,82
1446360,46,80,3,79
1446870,75,69,-3,82
1447380,62,36,-1,83
1447890,76,73,6,77
1448400,97,40,-6,83
1448910,53,77,9,74
1449420,74,44,-4,78
1449930,88,81,0,78
1450440,7,93,-4,82
1450950,36,71,4,78
1451460,65,38,-4,82
1451970,79,75,10,72
1452480,100,42,-10,82
1452990,56,79,7,75
1453500,77,46,-7,82
1454010,91,83,-6,88
1454520,10,95,10,78
1455030,39,73,3,75
1455540,68,40,-5,80
1456050,82,54,2,78
1456560,38,91,0,78
1457070,67,80,2,76
1457580,88,47,3,73
1458090,44,84,-9,82
1458600,73,73,16,66
1459110,94,40,-20,86
1459620,50,77,11,75
1460130,71,36,-4,79
1460640,85,73,8,71
1461150,41,85,-11,82
1461660,70,6,3,79
1462170,26,79,-4,83
1462680,36,0,-3,86
1463190,37,85,9,77
1463700,66,6,2,75
1464210,22,79,-9,84
1464720,32,10,2,82
1465230,33,83,-3,85
1465740,62,4,11,74
1466250,18,77,-18,92
1466760,28,4,9,83
1467270,29,89,0,83
1467780,39,10,-8,91
1468290,40,95,16,75
1468800,69,84,-2,77
1469310,90,51,-3,80
1469820,46,88,-7,87
1470330,75,77,15,72
1470840,96,44,-13,85
1471350,52,81,10,75
1471860,73,40,-6,81
1472370,87,77,-4,85
1472880,6,39,3,82
1473390,16,90,1,81
1473900,26,22,3,78
1474410,47,91,-3,81
1474920,76,80,8,73
1475430,97,92,-3,76
1475940,16,2,-9,85
1476450,77,75,7,78
1476960,98,42,-12,90
1477470,54,79,17,73
1477980,75,46,-3,76
1478490,89,98,-8,84
1479000,8,8,3,81
1479510,38,77,4,77
1480020,67,44,-1,78
1480530,81,81,-3,81
1481040,0,48,-4,85
1481550,65,99,9,76
1482060,86,58,-2,78
1482570,100,70,4,74
1483080,56,82,3,71
1483590,77,41,-9,80
1484100,91,78,12,68
1484610,10,90,-12,80
1485120,39,22,-8,88
1485630,69,91,13,75
1486140,90,50,-5,80
1486650,2,87,4,76
1487160,31,65,0,76
1487670,60,83,5,71
1488180,81,50,-6,77
1488690,95,87,-2,79
1489200,14,99,-7,86
1489710,24,31,5,81
1490220,45,100,-2,83
1490730,74,89,10,73
1491240,95,101,-1,74
1491750,14,11,-7,81
1492260,35,80,8,73
1492770,64,58,-6,79
1493280,85,25,-4,83
1493790,41,62,7,76
1494300,62,29,-1,77
1494810,76,67,5,72
1495320,97,54,-7,79
1495830,53,92,3,76
1496340,82,51,3,73
1496850,96,88,-7,80
1497360,15,100,-4,84
1497870,25,78,-5,89
1498380,20,85,4,85
1498890,30,17,-6,91
1499400,60,86,18,73
1499910,81,45,-3,76
1500420,95,83,-1,77
1500930,14,95,-6,83
1501440,43,73,8,75
1501950,72,40,-2,77
1502460,86,78,3,74
1502970,5,90,-9,83
1503480,34,68,9,74
1503990,63,35,-19,93
1504500,77,73,23,70
1505010,98,85,-9,79
1505520,10,97,-4,83
1506030,39,75,7,76
1506540,68,53,-1,77
1507050,82,20,2,75
1507560,81,28,-5,80
1508070,37,65,4,76
1508580,58,32,-7,83
1509090,72,70,10,73
1509600,93,37,-5,78
1510110,49,74,1,77
1510620,70,63,6,71
1511130,91,30,-11,82
1511640,47,50,8,74
1512150,68,17,-3,77
1512660,24,37,-1,78
1513170,45,4,2,76
1513680,1,29,-2,78
1514190,11,80,-7,85
1514700,21,7,6,79
1515210,51,76,0,79
1515720,72,43,6,73
1516230,86,6,-1,74
1516740,78,43,2,72
1517250,101,80,-9,81
1517760,13,92,-2,83
1518270,23,70,4,79
1518780,33,93,1,78
1519290,62,71,3,75
1519800,83,38,-4,79
1520310,39,75,3,76
1520820,68,34,-1,77
1521330,82,71,1,76
1521840,9,83,-3,79
1522350,19,61,-2,81
1522860,29,68,4,77
1523370,39,97,-2,79
1523880,68,75,1,78
1524390,89,87,0,78
1524900,8,99,-4,82
1525410,37,77,2,80
1525920,66,55,5,75
1526430,95,22,1,74
1526940,51,59,-2,76
1527450,72,26,-4,80
1527960,28,46,-3,83
1528470,49,13,3,80
1528980,5,33,3,77
1529490,15,84,-5,82
1530000,25,62,3,79
1530510,35,33,1,78
1531020,56,0,-1,79
1531530,12,73,-6,85
1532040,22,0,2,83
1532550,83,73,6,77
1533060,97,85,3,74
1533570,9,97,-8,82
1534080,38,75,3,79
1534590,67,53,4,75
1535100,81,65,0,75
1535610,95,77,-5,80
1536120,7,89,1,79
1536630,36,67,6,73
1537140,65,26,-6,79
1537650,50,64,3,76
1538160,71,31,-6,82
1538670,85,69,-5,87
1539180,99,4,9,78
1539690,91,77,-1,79
1540200,3,89,3,76
1540710,32,67,1,75
1541220,61,34,-6,81
1541730,75,72,-6,87
1542240,96,7,2,85
1542750,88,94,6,79
1543260,7,4,-1,80
1543770,37,73,4,76
1544280,66,51,2,74
1544790,80,18,-4,78
1545300,36,55,4,74
1545810,57,22,-9,83
1546320,71,25,4,79
1546830,27,62,-2,81
1547340,37,29,-2,83
1547850,67,98,11,72
1548360,88,57,-6,78
1548870,0,94,1,77
1549380,29,72,3,74
1549890,39,50,-1,75
1550400,60,17,-8,83
1550910,16,37,2,81
1551420,26,8,-4,85
1551930,56,81,14,71
1552440,30,40,-10,81
1552950,61,7,3,78
1553460,17,80,-2,80
1553970,27,58,1,79
1554480,37,25,-2,81
1554990,67,94,6,75
1555500,88,53,-3,78
1556010,0,90,-1,79
1556520,29,68,5,74
1557030,39,97,-5,79
1557540,68,75,6,73
1558050,89,42,-7,80
1558560,45,79,7,73
1559070,74,38,-14,87
1559580,88,76,12,75
1560090,0,88,-4,79
1560600,29,66,5,74
1561110,58,33,-4,78
1561620,72,53,6,72
1562130,33,3,-8,80
1562640,34,76,-1,81
1563150,63,54,4,77
1563660,77,21,2,75
1564170,33,58,-2,77
1564680,54,25,3,74
1565190,68,45,-5,79
1565700,82,12,5,74
1566210,38,49,2,72
1566720,59,16,-15,87
1567230,15,36,7,80
1567740,25,3,-5,85
1568250,53,76,9,76
1568760,74,43,-10,86
1569270,88,81,4,82
1569780,75,93,11,71
1570290,96,52,-8,79
1570800,52,89,6,73
1571310,81,48,-3,76
1571820,37,85,0,76
1572330,66,6,5,71
1572840,22,43,-10,81
1573350,43,10,-3,84
1573860,71,83,16,68
1574370,92,42,-6,74
1574880,48,79,3,71
1575390,77,38,-15,86
1575900,91,75,8,78
1576410,3,87,0,78
1576920,32,65,2,76
1577430,61,32,-8,84
1577940,75,70,13,71
1578450,96,82,-11,82
1578960,8,94,2,80
1579470,37,72,10,70
1579980,66,50,-8,78
1580490,80,17,9,69
1581000,36,54,-5,74
1581510,57,21,-9,83
1582020,71,58,9,74
1582530,85,8,-1,75
1583040,41,92,-1,76
1583550,70,51,3,73
1584060,26,63,-4,77
1584570,36,92,-2,79
1585080,65,70,2,77
1585590,86,37,-7,84
1586100,100,74,6,78
1586610,12,86,-4,82
1587120,22,36,4,78
1587630,43,3,-2,80
1588140,57,76,11,69
1588650,78,43,-4,73
1589160,34,80,-5,78
1589670,63,58,1,77
1590180,77,25,-2,79
1590690,33,62,4,75
1591200,62,29,-8,83
1591710,76,66,7,76
1592220,90,78,2,74
1592730,2,90,-4,78
1593240,31,68,-4,82
1593750,60,97,11,71
1594260,89,56,-6,77
1594770,1,93,-4,81
1595280,30,71,1,80
1595790,40,100,2,78
1596300,69,78,9,69
1596810,90,37,-12,81
1597320,46,74,6,75
1597830,67,33,-10,85
1598340,81,70,18,67
1598850,95,82,-13,80
1599360,7,94,-4,84
1599870,36,72,7,77
1600380,65,50,2,75
1600890,59,44,1,74
1601400,73,11,4,70
1601910,29,31,-5,75
1602420,50,100,-8,83
1602930,79,89,6,77
1603440,100,101,1,76
1603950,19,11,-8,84
1604460,49,80,6,78
1604970,70,39,-1,79
1605480,84,76,2,77
1605990,71,88,3,74
1606500,92,47,-3,77
1607010,4,84,-7,84
1607520,33,62,3,81
1608030,34,29,2,79
1608540,64,98,3,76
1609050,85,57,2,74
1609560,99,94,-3,77
1610070,18,4,-4,81
1610580,46,16,-4,85
1611090,60,19,9,76
1611600,16,56,-3,79
1612110,26,27,-6,85
1612620,56,96,14,71
1613130,85,55,-6,77
1613640,99,92,-1,78
1614150,11,2,2,76
1614660,72,75,1,75
1615170,93,87,-3,78
1615680,12,99,-1,79
1616190,41,77,5,74
1616700,70,36,-8,82
1617210,84,74,10,72
1617720,98,86,-11,83
1618230,10,98,0,83
1618740,39,76,8,75
1619250,68,54,0,75
1619760,82,16,-2,77
1620270,38,53,2,75
1620780,59,20,-2,77
1621290,15,23,-3,80
1621800,16,92,2,78
1622310,26,24,0,78
1622820,49,93,0,78
1623330,78,52,5,73
1623840,92,89,-13,86
1624350,11,101,9,77
1624860,40,79,4,73
1625370,69,38,-4,77
1625880,83,75,-2,79
1626390,70,87,0,79
1626900,91,46,1,78
1627410,3,83,-4,82
1627920,32,61,2,80
1628430,53,28,-4,84
1628940,67,65,7,77
1629450,88,32,-3,80
1629960,44,69,4,76
1630470,65,28,-9,85
1630980,21,31,4,81
1631490,42,100,-2,83
1632000,71,89,14,69
1632510,92,48,-12,81
1633020,4,85,3,78
1633530,33,63,7,71
1634040,62,22,-12,83
1634550,18,25,4,79
1635060,48,94,0,79
1635570,77,53,3,76
1636080,91,90,-1,77
1636590,10,0,0,77
1637100,71,73,2,75
1637610,92,40,-11,86
1638120,4,77,6,80
1638630,33,4,5,75
1639140,34,77,-2,77
1639650,63,100,3,74
1640160,84,59,-9,83
1640670,98,96,9,74
1641180,17,6,-12,86
1641690,47,79,6,80
1642200,68,38,3,77
1642710,82,76,1,76
1643220,69,88,1,75
1643730,90,47,-7,82
1644240,46,85,8,74
1644750,75,44,-2,76
1645260,89,81,-4,80
1645770,1,93,-4,84
1646280,30,71,7,77
1646790,59,94,3,74
1647300,88,53,-4,78
1647810,0,90,5,73
1648320,29,68,-8,81
1648830,39,39,0,81
1649340,60,6,-4,85
1649850,16,79,3,82
1650360,26,6,1,81
1650870,54,79,2,79
1651380,75,68,-3,82
1651890,62,80,3,79
1652400,83,39,4,75
1652910,39,77,0,75
1653420,68,36,-3,78
1653930,82,74,1,77
1654440,9,33,-5,82
1654950,19,4,4,78
1655460,80,77,-2,80
1655970,67,89,6,74
1656480,88,48,-7,81
1656990,0,39,-2,83
1657500,10,90,6,77
1658010,39,68,-1,78
1658520,68,27,-4,82
1659030,24,65,1,81
1659540,34,88,-2,83
1660050,63,9,9,74
1660560,19,29,-7,81
1661070,49,98,1,80
1661580,78,87,7,73
1662090,99,46,-7,80
1662600,55,83,10,70
1663110,84,42,-13,83
1663620,40,80,3,80
1664130,69,39,-2,82
1664640,83,76,5,77
1665150,70,88,2,75
1665660,91,47,-7,82
1666170,3,85,6,76
1666680,32,63,-3,79
1667190,61,30,-5,84
1667700,75,50,8,76
1668210,89,0,-4,80
1668720,81,73,-2,82
1669230,68,32,-3,85
1669740,82,70,6,79
1670250,69,82,-2,81
1670760,90,41,4,77
1671270,46,78,5,72
1671780,75,37,-6,78
1672290,89,75,-3,81
1672800,1,87,-2,83
1673310,30,65,7,76
1673820,59,52,2,74
1674330,84,19,0,74
1674840,40,39,-5,79
1675350,70,6,1,78
1675860,26,43,3,75
1676370,47,10,-6,81
1676880,3,95,0,81
1677390,32,73,5,76
1677900,61,51,-1,77
1678410,75,18,4,73
1678920,31,55,-7,80
1679430,52,22,-2,82
1679940,66,60,13,69
1680450,53,27,-16,85
1680960,67,47,13,72
1681470,81,84,-9,81
1681980,101,43,-4,85
1682490,57,80,7,78
1683000,78,69,3,75
1683510,81,81,-5,80
1684020,0,40,2,78
1684530,10,91,-2,80
1685040,39,23,-5,85
1685550,69,92,14,71
1686060,90,51,-7,78
1686570,2,89,-4,82
1687080,31,67,2,80
1687590,32,96,-4,84
1688100,61,79,14,70
1688610,82,38,-6,76
1689120,38,75,-1,77
1689630,22,64,-5,82
1690140,32,87,4,78
1690650,61,8,3,75
1691160,17,28,-6,81
1691670,18,97,5,76
1692180,47,29,-2,78
1692690,91,98,-3,81
1693200,10,57,-3,84
1693710,20,86,0,84
1694220,30,18,6,78
1694730,53,87,0,78
1695240,82,46,3,75
1695750,96,83,-2,77
1696260,83,95,2,75
1696770,2,54,-6,81
1697280,31,3,1,80
1697790,32,76,-1,81
1698300,61,3,-1,82
1698810,17,76,-1,83
1699320,27,3,2,81
1699830,55,76,12,69
1700340,21,35,-14,83
1700850,65,2,6,77
1701360,21,75,-5,82
1701870,31,58,7,75
1702380,60,17,-3,78
1702890,16,37,-2,80
1703400,17,70,-6,86
1703910,27,99,4,82
1704420,56,31,-3,85
1704930,70,51,9,76
1705440,84,96,-6,82
1705950,3,55,3,79
1706460,13,84,-8,87
1706970,23,16,3,84
1707480,46,85,10,74
1707990,75,44,-7,81
1708500,89,81,8,73
1709010,76,93,0,73
1709520,97,52,-10,83
1710030,9,90,4,79
1710540,38,68,4,75
1711050,67,27,-9,84
1711560,81,30,3,81
1712070,37,67,3,78
1712580,66,34,-9,87
1713090,80,72,12,75
1713600,67,58,-1,76
1714110,54,25,-6,82
1714620,68,45,5,77
1715130,82,82,2,75
1715640,1,41,-7,82
1716150,11,92,-2,84
1716660,40,70,9,75
1717170,69,29,-7,82
1717680,25,67,-7,89
1718190,35,38,8,81
1718700,58,5,4,77
1719210,14,78,-5,82
1719720,24,56,6,76
1720230,34,45,1,75
1720740,55,12,-6,81
1721250,11,32,0,81
1721760,21,3,-5,86
1722270,49,76,12,74
1722780,15,35,-7,81
1723290,16,6,-4,85
1723800,39,79,5,80
1724310,68,68,7,73
1724820,55,35,-7,80
1725330,69,2,8,72
1725840,25,75,-13,85
1726350,35,58,10,75
1726860,56,25,-8,83
1727370,70,28,3,80
1727880,26,66,-4,84
1728390,27,37,1,83
1728900,48,4,5,78
1729410,4,89,-8,86
1729920,33,67,11,75
1730430,62,34,-10,85
1730940,76,72,10,75
1731450,63,84,-1,76
1731960,84,43,-4,80
1732470,98,81,-4,84
1732980,10,16,1,83
1733490,11,89,-1,84
1734000,21,67,0,84
1734510,31,38,4,80
1735020,52,5,-4,84
1735530,8,78,3,81
1736040,37,56,6,75
1736550,58,23,0,75
1737060,14,43,-6,81
1737570,24,14,-3,84
1738080,47,83,11,73
1738590,76,42,-10,83
1739100,90,80,8,75
1739610,13,39,1,74
1740120,23,10,-9,83
1740630,46,83,7,76
1741140,75,42,1,75
1741650,89,80,-5,80
1742160,12,39,0,80
1742670,22,10,1,79
1743180,45,79,2,77
1743690,74,38,-1,78
1744200,30,76,1,77
1744710,59,59,4,73
1745220,46,26,-9,82
1745730,74,46,7,75
1746240,88,84,-5,80
1746750,75,43,1,79
1747260,89,81,1,78
1747770,76,40,0,78
1748280,90,78,-1,79
1748790,77,37,-5,84
1749300,91,75,2,82
1749810,3,87,3,79
1750320,32,65,-3,82
1750830,61,36,3,79
1751340,75,74,4,75
1751850,96,33,-7,82
1752360,52,70,4,78
1752870,73,37,0,78
1753380,87,75,5,73
1753890,101,34,-6,79
1754400,57,71,6,73
1754910,78,59,-7,80
1755420,92,56,0,80
1755930,4,93,1,79
1756440,33,71,2,77
1756950,62,49,8,69
1757460,76,16,-7,76
1757970,32,36,-5,81
1758480,55,3,4,77
1758990,11,76,-6,83
1759500,21,3,0,83
1760010,17,88,-4,87
1760520,27,20,2,85
1761030,50,89,5,80
1761540,79,48,4,76
1762050,93,86,-3,79
1762560,12,45,-3,82
1763070,22,96,1,81
1763580,32,28,6,75
1764090,55,97,-5,80
1764600,84,56,-2,82
1765110,40,94,2,80
1765620,69,77,4,76
1766130,90,44,-6,82
1766640,2,82,3,79
1767150,31,60,3,76
1767660,60,27,-5,81
1768170,74,65,4,77
1768680,61,24,-17,94
1769190,75,62,15,79
1769700,62,21,-6,85
1770210,76,24,10,75
1770720,32,61,-2,77
1771230,61,28,-8,85
1771740,75,48,12,73
1772250,89,86,-6,79
1772760,8,45,-3,82
1773270,18,96,-3,85
1773780,47,74,11,74
1774290,68,33,-12,86
1774800,82,53,10,76
1775310,96,90,-3,79
1775820,15,49,1,78
1776330,25,86,-6,84
1776840,54,69,11,73
1777350,75,36,-15,88
1777860,89,56,10,78
1778370,1,93,4,74
1778880,57,71,-2,76
1779390,78,38,-4,80
1779900,34,76,3,77
1780410,63,54,0,77
1780920,50,21,-15,92
1781430,64,4,18,74
1781940,20,77,-13,87
1782450,30,60,6,81
1782960,59,27,-5,86
1783470,73,65,8,78
1783980,87,24,-3,81
1784490,43,61,10,71
1785000,64,28,-9,80
1785510,78,66,3,77
1786020,92,25,-3,80
1786530,48,62,-1,81
1787040,83,29,5,76
1787550,39,66,9,67
1788060,68,25,-12,79
1788570,24,28,-6,85
1789080,66,97,7,78
1789590,87,56,1,77
1790100,43,93,-1,78
1790610,72,82,-3,81
1791120,93,41,-3,84
1791630,49,79,7,77
1792140,70,38,-1,78
1792650,84,76,1,77
1793160,57,35,-7,84
1793670,71,100,5,79
1794180,92,59,-1,80
1794690,4,96,-3,83
1795200,33,74,3,80
1795710,62,52,2,78
1796220,76,19,3,75
1796730,32,56,-3,78
1797240,53,23,0,78
1797750,67,43,0,78
1798260,81,81,4,74
1798770,0,40,-2,76
1799280,10,91,-2,78
1799790,39,69,2,76
1800300,68,28,-7,83
1800810,82,66,12,71
1801320,96,78,-9,80
1801830,8,90,1,79
1802340,37,68,7,72
1802850,66,35,-14,86
1803360,80,16,8,78
1803870,36,53,0,78
1804380,57,20,-3,81
1804890,71,3,8,73
1805400,27,76,-8,81
1805910,28,59,5,76
1806420,29,26,-6,82
1806930,52,95,4,78
1807440,81,84,-1,79
1807950,0,43,-2,81
1808460,10,94,1,80
1808970,39,72,5,75
1809480,68,39,-3,78
1809990,82,77,-3,81
1810500,55,36,-1,82
1811010,69,3,12,70
1811520,25,76,-11,81
1812030,54,59,3,78
1812540,75,26,2,76
1813050,89,63,-2,78
1813560,1,100,-2,80
1814070,30,78,2,78
1814580,59,61,-1,79
1815090,80,28,1,78
1815600,36,65,4,74
1816110,65,32,-15,89
1816620,79,70,19,70
1817130,93,82,-13,83
1817640,12,94,3,80
1818150,41,4,3,77
1818660,66,77,3,74
1819170,87,44,-5,79
1819680,101,81,0,79
1820190,24,16,-1,80
1820700,47,85,1,79
1821210,76,74,3,76
1821720,97,41,-9,85
1822230,9,78,9,76
1822740,19,56,-3,79
1823250,29,27,-4,83
1823760,52,96,7,76
1824270,81,85,3,73
1824780,0,44,-3,76
1825290,10,95,-5,81
1825800,39,73,3,78
1826310,68,0,4,74
1826820,24,73,-7,81
1827330,25,56,0,81
1827840,26,27,-3,84
1828350,49,96,7,77
1828860,78,85,4,73
1829370,99,20,-11,84
1829880,11,57,1,83
1830390,21,90,0,83
1830900,50,68,4,79
1831410,71,35,-5,84
1831920,85,73,2,82
1832430,72,32,-3,85
1832940,86,70,14,71
1833450,100,5,-9,80
1833960,92,78,-3,83
1834470,4,13,0,83
1834980,92,10,3,80
1835490,48,83,5,75
1836000,77,54,0,75
1836510,91,91,0,75
1837020,10,50,-1,76
1837530,20,101,-7,83
1838040,49,79,7,76
1838550,70,68,4,72
1839060,91,35,-10,82
1839570,3,72,9,73
1840080,32,101,-5,78
1840590,61,79,10,68
1841100,82,68,-9,77
1841610,96,80,-1,78
1842120,19,15,-6,84
1842630,45,84,11,73
1843140,74,73,-2,75
1843650,95,51,-6,81
1844160,7,88,3,78
1844670,36,66,12,66
1845180,65,33,-18,84
1845690,79,70,10,74
1846200,25,5,-11,85
1846710,53,90,11,74
1847220,82,79,-3,77
1847730,1,57,-7,84
1848240,23,6,4,80
1848750,26,79,-1,81
1849260,55,62,4,77
1849770,76,29,-2,79
1850280,32,66,1,78
1850790,61,37,-6,84
1851300,75,74,13,71
1851810,62,52,-10,81
1852320,28,19,-2,83
1852830,51,88,9,74
1853340,80,47,-3,77
1853850,94,84,-4,81
1854360,13,19,-1,82
1854870,14,88,0,82
1855380,43,66,6,76
1855890,64,33,-3,79
1856400,78,70,-1,80
1856910,65,37,-4,84
1857420,79,74,10,74
1857930,100,9,-10,84
1858440,92,46,0,84
1858950,48,83,9,75
1859460,14,72,-10,85
1859970,24,101,4,81
1860480,53,79,4,77
1860990,74,68,-4,81
1861500,61,3,5,76
1862010,17,76,-6,82
1862520,27,59,1,81
1863030,28,30,-2,83
1863540,49,99,6,77
1864050,78,88,-3,80
1864560,99,23,5,75
1865070,55,60,-5,80
1865580,76,27,-4,84
1866090,90,64,3,81
1866600,2,101,1,80
1867110,58,79,6,74
1867620,79,68,-5,79
1868130,66,3,5,74
1868640,22,76,-7,81
1869150,23,59,1,80
1869660,24,30,2,78
1870170,45,99,0,78
1870680,74,88,2,76
1871190,95,23,2,74
1871700,51,60,-5,79
1872210,72,27,-1,80
1872720,28,64,-1,81
1873230,29,18,-2,83
1873740,52,1,2,81
1874250,8,74,-2,83
1874760,18,1,-3,86
1875270,79,74,11,75
1875780,100,52,-2,77
1876290,55,89,3,74
1876800,76,78,-4,78
1877310,97,56,-4,82
1877820,9,93,3,79
1878330,38,17,-2,81
1878840,66,37,3,78
1879350,80,74,4,74
1879860,96,101,-9,83
1880370,15,91,-2,85
1880880,44,69,9,76
1881390,65,101,4,72
1881900,86,60,2,70
1882410,100,97,-12,82
1882920,19,22,-3,85
1883430,42,23,6,79
1883940,70,43,4,75
1884450,84,80,-1,76
1884960,3,5,-7,83
1885470,59,78,9,74
1885980,80,56,0,74
1886490,94,93,-5,79
1887000,13,18,-5,84
1887510,89,87,5,79
1888020,8,12,-1,80
1888530,38,81,2,78
1889040,67,59,1,77
1889550,25,26,-6,83
1890060,48,95,6,77
1890570,14,84,-6,83
1891080,43,62,9,74
1891590,64,29,-1,75
1892100,78,49,2,73
1892610,34,86,-7,80
1893120,73,64,7,73
1893630,29,101,-6,79
1894140,58,79,2,77
1894650,79,46,4,73
1895160,93,83,-6,79
1895670,12,18,-2,81
1896180,42,91,-1,82
1896690,71,80,1,81
1897200,92,69,8,73
1897710,48,4,-5,78
1898220,4,77,4,74
1898730,33,55,-4,78
1899240,54,22,-8,86
1899750,68,59,8,78
1900260,34,26,-1,79
1900770,62,95,5,74
1901280,83,30,-7,81
1901790,39,67,3,78
1902300,60,34,-5,83
1902810,74,71,8,75
1903320,95,6,-7,82
1903830,51,43,0,82
1904340,17,10,-1,83
1904850,38,79,4,79
1905360,67,57,-1,80
1905870,92,24,-4,84
1906380,48,61,9,75
1906890,69,28,-7,82
1907400,25,65,0,82
1907910,26,36,-1,83
1908420,47,3,2,81
1908930,3,16,3,78
1909440,59,34,-14,92
1909950,73,71,15,77
1910460,94,98,-5,82
1910970,13,33,0,82
1911480,14,4,3,79
1911990,44,77,3,76
1912500,65,66,-4,80
1913010,23,33,-5,85
1913520,44,0,3,82
1914030,69,73,3,79
1914540,90,8,-1,80
1915050,46,45,4,76
1915560,67,12,2,74
1916070,23,85,-9,83
1916580,33,63,10,73
1917090,54,41,-5,78
1917600,79,8,-3,81
1918110,35,81,8,73
1918620,64,8,-7,80
1919130,20,81,-5,85
1919640,30,21,1,84
1920150,53,90,10,74
1920660,74,79,-6,80
1921170,95,14,5,75
1921680,51,87,-3,78
1922190,72,76,0,78
1922700,93,54,-4,82
1923210,5,91,1,81
1923720,34,69,0,81
1924230,55,47,-6,87
1924740,76,67,19,68
1925250,97,2,-14,82
1925760,89,75,6,76
1926270,76,10,-2,78
1926780,32,47,6,72
1927290,53,14,-10,82
1927800,9,99,1,81
1928310,38,77,4,77
1928820,59,66,5,72
1929330,80,33,-5,77
1929840,36,70,-3,80
1930350,57,48,-3,83
1930860,78,15,5,78
1931370,34,52,4,74
1931880,55,19,-6,80
1932390,69,56,7,73
1932900,55,93,0,73
1933410,76,52,2,71
1933920,90,89,-10,81
1934430,9,59,-5,86
1934940,19,88,4,82
1935450,48,66,10,72
1935960,69,33,-3,75
1936470,83,70,-1,76
1936980,97,29,-1,77
1937490,53,66,3,74
1938000,74,33,-6,80
1938510,30,70,4,76
1939020,31,48,2,74
1939530,52,15,-10,84
1940040,8,100,-1,85
1940550,37,78,5,80
1941060,66,56,10,70
1941570,53,23,-15,85
1942080,67,43,4,81
1942590,81,80,8,73
1943100,0,39,1,72
1943610,10,52,-11,83
1944120,20,85,1,82
1944630,30,63,-3,85
1945140,51,41,-1,86
1945650,81,8,9,77
1946160,37,45,0,77
1946670,58,12,-6,83
1947180,14,85,2,81
1947690,24,63,1,80
1948200,34,34,1,79
1948710,55,1,8,71
1949220,11,74,-11,82
1949730,21,52,2,80
1950240,31,23,0,80
1950750,61,92,2,78
1951260,82,51,-1,79
1951770,96,88,-1,80
1952280,15,100,-1,81
1952790,44,78,7,74
1953300,65,67,0,74
1953810,86,34,-6,80
1954320,42,71,1,79
1954830,63,2,8,71
1955340,19,75,-13,84
1955850,29,53,6,78
1956360,50,20,-4,82
1956870,64,40,5,77
1957380,78,7,2,75
1957890,34,80,-3,78
1958400,63,58,-7,85
1958910,29,25,5,80
1959420,59,94,8,72
1959930,80,83,-5,77
1960440,101,50,-2,79
1960950,13,87,-2,81
1961460,23,65,4,77
1961970,24,36,-4,81
1962480,45,3,2,79
1962990,1,76,2,77
1963500,57,54,-1,78
1964010,78,21,1,77
1964520,34,58,1,76
1965030,55,25,-7,83
1965540,69,45,8,75
1966050,83,82,2,73
1966560,2,49,-3,76
1967070,12,62,-9,85
1967580,22,91,9,76
1968090,32,69,-1,77
1968600,61,47,0,77
1969110,86,14,-2,79
1969620,42,51,0,79
1970130,63,18,-1,80
1970640,19,55,-1,81
1971150,29,26,-3,84
1971660,59,95,9,75
1972170,80,84,-4,79
1972680,101,51,-3,82
1973190,13,88,0,82
1973700,23,66,1,81
1974210,33,44,-1,82
1974720,54,11,-3,85
1975230,10,96,4,81
1975740,39,74,1,80
1976250,60,52,-4,84
1976760,26,19,1,83
1977270,49,88,2,81
1977780,70,77,6,75
1978290,91,44,-4,79
1978800,3,81,-5,84
1979310,32,59,12,72
1979820,53,26,-9,81
1980330,67,63,10,71
1980840,88,30,-8,79
1981350,44,67,3,76
1981860,65,34,-6,82
1982370,79,71,5,77
1982880,66,30,-5,82
1983390,80,67,0,82
1983900,66,26,4,78
1984410,22,63,-3,81
1984920,32,34,-1,82
1985430,53,1,5,77
1985940,9,74,-7,84
1986450,74,52,11,73
1986960,88,89,-8,81
1987470,7,48,-1,82
1987980,17,81,-1,83
1988490,27,59,4,79
1989000,37,37,-1,80
1989510,58,4,4,76
1990020,14,77,-1,77
1990530,24,55,-2,79
1991040,34,26,-2,81
1991550,57,95,4,77
1992060,23,54,-7,84
1992570,24,25,3,81
1993080,47,94,5,76
1993590,52,53,7,69
1994100,18,20,-10,79
1994610,4,89,-8,87
1995120,33,67,6,81
1995630,54,45,2,79
1996140,73,12,0,79
1996650,29,85,-3,82
1997160,58,63,5,77
1997670,79,30,-11,88
1998180,93,67,11,77
1998690,5,2,-4,81
1999200,93,71,-2,83
1999710,79,6,7,76
2000220,35,43,2,74
2000730,56,10,-7,81
2001240,12,30,-2,83
2001750,13,43,-1,84
2002260,23,76,5,79
2002770,33,54,3,76
2003280,54,21,-5,81
2003790,68,58,8,73
2004300,54,59,-6,79
2004810,75,26,-3,82
2005320,31,63,4,78
2005830,32,30,-10,88
2006340,57,99,7,81
2006850,78,88,3,78
2007360,99,23,1,77
2007870,55,60,-1,78
2008380,76,27,-1,79
2008890,90,64,2,77
2009400,2,101,-4,81
2009910,31,79,0,81
2010420,60,57,1,80
2010930,81,24,2,78
2011440,37,61,3,75
2011950,58,28,-10,85
2012460,72,65,13,72
2012970,59,24,-11,83
2013480,73,61,4,79
2013990,60,62,2,77
2014500,81,29,-5,82
2015010,37,66,6,76
2015520,58,44,-5,81
2016030,44,11,-6,87
2016540,63,96,12,75
2017050,84,31,-4,79
2017560,40,68,3,76
2018070,61,57,-3,79
2018580,48,24,-4,83
2019090,62,97,4,79
2019600,28,32,-2,81
2020110,49,101,1,80
2020620,78,79,5,75
2021130,99,14,-2,77
2021640,11,51,-8,85
2022150,21,84,4,81
2022660,31,62,-1,82
2023170,41,29,-1,83
2023680,66,98,7,76
2024190,87,87,-3,79
2024700,82,22,-1,80
2025210,38,59,6,74
2025720,59,26,-6,80
2026230,73,63,8,72
2026740,29,100,-11,83
2027250,39,78,4,79
2027760,49,56,-1,80
2028270,70,23,0,80
2028780,26,60,4,76
2029290,36,31,-6,82
2029800,61,100,6,76
2030310,90,59,3,73
2030820,2,96,-6,79
2031330,31,74,1,78
2031840,14,15,-2,80
2032350,0,84,-3,83
2032860,29,62,11,72
2033370,39,29,-14,86
2033880,64,98,12,74
2034390,85,33,-9,83
2034900,41,70,7,76
2035410,62,37,-4,80
2035920,76,74,11,69
2036430,71,41,-8,77
2036940,85,78,2,75
2037450,72,13,7,68
2037960,28,50,-13,81
2038470,49,17,-1,82
2038980,63,90,13,69
2039490,84,25,-9,78
2040000,40,62,2,76
2040510,61,29,-11,87
2041020,75,66,15,72
2041530,62,67,3,69
2042040,83,34,-9,78
2042550,39,71,4,74
2043060,49,30,-12,86
2043570,77,99,8,78
2044080,98,34,0,78
2044590,54,71,4,74
2045100,75,38,-9,83
2045610,31,75,-1,84
2046120,41,46,6,78
2046630,62,13,-3,81
2047140,18,50,7,74
2047650,28,63,-7,81
2048160,38,92,3,78
2048670,67,70,5,73
2049180,62,37,-8,81
2049690,76,74,4,77
2050200,71,101,1,76
2050710,66,36,-6,82
2051220,80,73,12,70
2051730,75,8,-5,75
2052240,31,45,-1,76
2052750,52,12,-4,80
2053260,8,97,2,78
2053770,37,75,1,77
2054280,47,53,0,77
2054790,68,20,4,73
2055300,24,57,-8,81
2055810,34,28,-1,82
2056320,59,97,7,75
2056830,80,86,-4,79
2057340,101,11,0,79
2057850,93,48,-3,82
2058360,5,85,3,79
2058870,15,63,-5,84
2059380,25,70,9,75
2059890,35,48,0,75
2060400,56,15,-6,81
2060910,70,35,6,75
2061420,26,72,-5,80
2061930,36,50,4,76
2062440,57,17,-5,81
2062950,13,0,0,81
2063460,74,73,8,73
2063970,69,100,-1,74
2064480,90,35,-2,76
2064990,46,72,-1,77
2065500,12,39,0,77
2066010,22,52,-4,81
2066520,32,19,3,78
2067030,55,88,7,71
2067540,76,23,-5,76
2068050,32,60,1,75
2068560,42,79,2,73
2069070,64,68,1,72
2069580,59,57,-5,77
2070090,59,24,-6,83
2070600,15,61,3,80
2071110,25,90,-3,83
2071620,35,68,7,76
2072130,45,97,-2,78
2072640,74,86,6,72
2073150,95,11,-6,78
2073660,51,48,0,78
2074170,81,15,1,77
2074680,37,52,-3,80
2075190,58,19,-3,83
2075700,14,56,4,79
2076210,24,5,-3,82
2076720,39,78,5,77
2077230,61,56,0,77
2077740,27,23,-4,81
2078250,50,92,9,72
2078760,71,81,-5,77
2079270,92,70,5,72
2079780,15,5,-10,82
2080290,45,74,9,73
2080800,66,33,-10,83
2081310,80,70,5,78
2081820,75,5,7,71
2082330,31,42,-10,81
2082840,52,9,1,80
2083350,8,82,-2,82
2083860,37,60,2,80
2084370,58,27,-10,90
2084880,72,64,15,75
2085390,67,101,2,73
2085900,62,36,-6,79
2086410,76,73,1,78
2086920,97,8,-2,80
2087430,89,45,4,76
2087940,1,82,4,72
2088450,30,60,-4,76
2088960,40,27,-6,82
2089470,63,96,8,74
2089980,26,31,-5,79
2090490,47,100,-1,80
2091000,76,35,0,80
2091510,32,72,2,78
2092020,42,50,5,73
2092530,63,17,-8,81
2093040,19,54,-1,82
2093550,29,67,8,74
2094060,39,45,-5,79
2094570,60,12,-5,84
2095080,16,49,3,81
2095590,26,62,0,81
2096100,36,91,0,81
2096610,65,26,1,80
2097120,21,63,-1,81
2097630,31,92,-6,87
2098140,41,27,5,82
2098650,69,96,5,77
2099160,90,31,-3,80
2099670,46,68,6,74
2100180,67,57,-3,77
2100690,25,24,-4,81
2101200,48,93,1,80
2101710,14,14,2,78
2102220,44,83,-5,83
2102730,65,18,-4,87
2103240,21,55,8,79
2103750,31,84,1,78
2104260,41,19,-2,80
2104770,69,56,2,78
2105280,27,93,-7,85
2105790,37,28,4,81
2106300,60,97,10,71
2106810,81,32,-7,78
2107320,37,69,2,76
2107830,58,36,-11,87
2108340,72,73,9,78
2108850,93,74,-4,82
2109360,5,9,2,80
2109870,35,78,1,79
2110380,45,5,-3,82
2110890,1,90,4,78
2111400,30,68,3,75
2111910,40,46,-2,77
2112420,61,13,0,77
2112930,17,50,2,75
2113440,27,63,-3,78
2113950,37,92,0,78
2114460,66,27,0,78
2114970,80,64,10,68
2115480,94,101,-15,83
2115990,13,36,1,82
2116500,23,49,5,77
2117010,33,16,-7,84
2117520,56,85,9,75
2118030,22,74,-9,84
2118540,32,57,10,74
2119050,53,24,-9,83
2119560,29,61,-1,84
2120070,39,90,1,83
2120580,68,25,1,82
2121090,24,62,-3,85
2121600,34,45,9,76
2122110,55,12,-1,77
2122620,11,49,-1,78
2123130,21,82,-4,82
2123640,31,17,-2,84
2124150,54,86,9,75
2124660,20,45,-5,80
2125170,30,12,-7,87
2125680,60,97,11,76
2126190,81,32,-3,79
2126700,37,69,1,78
2127210,47,58,4,74
2127720,68,25,-7,81
2128230,82,62,4,77
2128740,96,99,-4,81
2129250,15,34,4,77
2129760,25,1,-5,82
2130270,28,86,-2,84
2130780,38,21,4,80
2131290,66,90,6,74
2131800,87,25,-11,85
2132310,43,62,11,74
2132820,64,29,-15,89
2133330,78,66,16,73
2133840,100,1,-10,83
2134350,92,38,3,80
2134860,48,75,3,77
2135370,69,34,-10,87
2135880,83,71,8,79
2136390,41,72,5,74
2136900,62,31,-7,81
2137410,76,68,8,73
2137920,97,69,-6,79
2138430,9,4,-2,81
2138940,39,73,8,73
2139450,60,32,-10,83
2139960,74,69,8,75
2140470,95,70,-3,78
2140980,7,5,-4,82
2141490,10,94,4,78
2142000,39,72,1,77
2142510,60,61,3,74
2143020,81,28,-3,77
2143530,37,65,3,74
2144040,58,54,-1,75
2144550,24,21,-8,83
2145060,47,90,6,77
2145570,76,79,0,77
2146080,97,80,-1,78
2146590,8,15,0,78
2147100,38,84,-1,79
2147610,48,73,5,74
2148120,69,32,-8,82
2148630,83,69,1,81
2149140,97,4,-1,82
2149650,89,41,5,77
2150160,1,78,1,76
2150670,27,56,-3,79
2151180,37,23,-5,84
2151690,60,92,11,73
2152200,81,27,-5,78
2152710,37,64,6,72
2153220,58,31,-8,80
2153730,72,68,8,72
2154240,93,69,-6,78
2154750,5,4,-3,81
2155260,61,77,7,74
2155770,7,66,-9,83
2156280,17,95,-4,87
2156790,27,73,6,81
2157300,37,51,0,81
2157810,58,18,3,78
2158320,72,55,2,76
2158830,86,92,-3,79
2159340,5,27,-4,83
2159850,15,40,3,80
2160360,25,91,-5,85
2160870,35,69,16,69
2161380,56,28,-18,87
2161890,70,65,5,82
2162400,91,66,6,76
2162910,3,1,-2,78
2163420,59,74,5,73
2163930,80,33,-7,80
2164440,94,94,-2,82
2164950,13,29,-2,84
2165460,14,42,7,77
2165970,24,55,-8,85
2166480,34,33,5,80
2166990,68,0,4,76
2167500,24,73,-8,84
2168010,34,56,8,76
2168520,55,23,-4,80
2169030,69,60,8,72
2169540,27,14,-9,81
2170050,50,83,-1,82
2170560,71,72,12,70
2171070,92,73,-11,81
2171580,4,8,4,77
2172090,60,26,-9,86
2172600,74,63,10,76
2173110,32,64,0,76
2173620,42,23,-7,83
2174130,65,60,8,75
2174640,23,61,-9,84
2175150,33,10,8,76
2175660,34,95,-5,81
2176170,63,73,7,74
2176680,84,40,-7,81
2177190,98,77,7,74
2177700,10,12,-7,81
2178210,40,81,3,78
2178720,69,70,1,77
2179230,90,29,0,77
2179740,2,66,3,74
2180250,24,44,-5,79
2180760,45,11,-7,86
2181270,59,96,11,75
2181780,80,3,-1,76
2182290,72,40,-3,79
2182800,86,77,4,75
2183310,6,78,-7,82
2183820,83,56,0,82
2184330,97,93,0,82
2184840,16,28,2,80
2185350,17,97,-1,81
2185860,27,75,-2,83
2186370,37,53,4,79
2186880,58,20,-8,87
2187390,72,57,12,75
2187900,30,94,-5,80
2188410,52,72,4,76
2188920,73,31,3,73
2189430,87,68,-3,76
2189940,101,3,-2,78
2190450,3,40,1,77
2190960,13,91,-1,78
2191470,42,69,-2,80
2191980,63,58,2,78
2192490,21,25,-2,80
2193000,44,94,2,78
2193510,73,83,0,78
2194020,94,84,1,77
2194530,13,19,-4,81
2195040,43,88,9,72
2195550,90,77,-5,77
2196060,10,78,-3,80
2196570,20,56,3,77
2197080,30,5,-3,80
2197590,45,78,4,76
2198100,66,37,-1,77
2198610,80,74,1,76
2199120,101,75,-3,79
2199630,13,10,-2,81
2200140,43,79,3,78
2200650,64,68,4,74
2201160,71,27,0,74
2201670,85,64,-3,77
2202180,99,101,-3,80
2202690,18,36,-1,81
2203200,19,3,-1,82
2203710,80,76,-2,84
2204220,38,11,-4,88
2204730,39,96,2,86
2205240,68,74,11,75
2205750,89,33,-9,84
2206260,1,70,13,71
2206770,30,48,-8,79
2207280,51,15,-3,82
2207790,65,52,5,77
2208300,79,53,-6,83
2208810,93,90,7,76
2209320,12,25,-4,80
2209830,13,94,-2,82
2210340,90,72,2,80
2210850,10,73,-3,83
2211360,20,51,2,81
2211870,30,0,-2,83
2212380,45,73,11,72
2212890,66,32,-12,84
2213400,80,69,4,80
2213910,38,70,4,76
2214420,59,37,-13,89
2214930,73,74,7,82
2215440,94,75,-2,84
2215950,6,10,-2,86
2216460,62,79,11,75
2216970,83,38,-2,77
2217480,97,75,2,75
2217990,9,10,-7,82
2218500,39,79,7,75
2219010,5,68,-4,79
2219520,34,46,-3,82
2220030,55,13,7,75
2220540,11,50,-4,79
2221050,21,83,-8,87
2221560,31,61,10,77
2222070,41,28,-2,79
2222580,64,97,9,70
2223090,85,56,-10,80
2223600,99,93,-6,86
2224110,18,28,4,82
2224620,39,97,3,79
2225130,68,75,5,74
2225640,89,34,-4,78
2226150,45,71,5,73
2226660,66,30,-13,86
2227170,80,67,16,70
2227680,0,68,-11,81
2228190,22,46,3,78
2228700,43,13,-7,85
2229210,57,98,4,81
2229720,78,87,1,80
2230230,99,22,0,80
2230740,55,59,4,76
2231250,17,26,-7,83
2231760,39,95,2,81
2232270,68,73,4,77
2232780,89,32,-3,80
2233290,1,69,0,80
2233800,57,47,-1,81
2234310,15,14,-1,82
2234820,45,83,0,82
2235330,66,72,3,79
2235840,87,61,4,75
2236350,101,98,-9,84
2236860,20,33,4,80
2237370,41,0,1,79
2237880,58,85,3,76
2238390,79,44,-7,83
2238900,93,81,6,77
2239410,13,82,-2,79
2239920,23,60,-3,82
2240430,33,89,0,82
2240940,43,67,3,79
2241450,64,34,1,78
2241960,78,71,4,74
2242470,36,30,-6,80
2242980,15,99,-9,89
2243490,25,77,1,88
2244000,35,55,16,72
2244510,56,22,-10,82
2245020,70,59,-3,85
2245530,28,60,7,78
2246040,38,38,-4,82
2246550,17,5,-1,83
2247060,78,74,6,77
2247570,36,33,-6,83
2248080,70,0,9,74
2248590,26,73,-11,85
2249100,36,80,8,77
2249610,46,58,-1,78
2250120,67,25,-1,79
2250630,23,62,-3,82
2251140,33,69,10,72
2251650,43,47,-9,81
2252160,55,14,-4,85
2252670,11,51,8,77
2253180,21,84,-2,79
2253690,31,62,-1,80
2254200,41,40,-4,84
2254710,20,7,-1,85
2255220,28,76,7,78
2255730,38,54,0,78
2256240,59,21,-4,82
2256750,73,92,10,72
2257260,94,51,-11,83
2257770,6,88,-4,87
2258280,35,66,8,79
2258790,56,33,-2,81
2259300,70,70,4,77
2259810,92,5,-4,81
2260320,66,42,-9,90
2260830,80,79,16,74
2261340,38,80,-10,84
2261850,48,29,0,84
2262360,78,98,11,73
2262870,99,57,-16,89
2263380,11,94,6,83
2263890,40,72,5,78
2264400,61,50,-4,82
2264910,19,17,3,79
2265420,45,86,-6,85
2265930,66,64,3,82
2266440,24,31,-4,86
2266950,58,100,12,74
2267460,70,59,-2,76
2267970,92,60,-8,84
2268480,4,97,1,83
2268990,33,75,6,77
2269500,43,53,6,71
2270010,64,20,-11,82
2270520,20,57,2,80
2271030,30,6,-2,82
2271540,31,79,-2,84
2272050,41,57,8,76
2272560,62,24,-7,83
2273070,76,61,4,79
2273580,34,62,2,77
2274090,55,29,-7,84
2274600,69,66,8,76
2275110,27,33,-7,83
2275620,48,0,1,82
2276130,4,73,4,78
2276640,14,51,-5,83
2277150,24,0,2,81
2277660,85,73,4,77
2278170,5,74,0,77
2278680,34,52,0,77
2279190,55,19,-9,86
2279700,33,56,12,74
2280210,54,23,-6,80
2280720,68,60,7,73
2281230,26,61,-7,80
2281740,36,90,1,79
2282250,65,68,4,75
2282760,86,3,-6,81
2283270,78,40,4,77
2283780,92,77,1,76
2284290,12,78,-5,81
2284800,22,56,-3,84
2285310,32,76,10,74
2285820,42,54,-5,79
2286330,63,21,-1,80
2286840,48,58,6,74
2287350,69,25,-10,84
2287860,25,62,2,82
2288370,35,91,2,80
2288880,45,69,9,71
2289390,66,23,-7,78
2289900,22,60,-4,82
2290410,32,9,-5,87
2290920,40,94,8,79
2291430,69,72,0,79
2291940,27,73,1,78
2292450,37,51,2,76
2292960,58,101,-1,77
2293470,79,60,3,74
2293980,93,35,-5,79
2294490,49,72,4,75
2295000,70,31,-4,79
2295510,84,68,4,75
2296020,98,69,-4,79
2296530,10,4,-4,83
2297040,18,77,-1,84
2297550,28,55,6,78
2298060,38,22,0,78
2298570,68,91,4,74
2299080,89,50,-3,77
2299590,1,87,-6,83
2300100,23,65,3,80
2300610,33,98,-6,86
2301120,43,76,9,77
2301630,64,65,5,72
2302140,22,66,-8,80
2302650,32,95,0,80
2303160,42,73,6,74
2303670,63,32,-7,81
2304180,77,69,10,71
2304690,35,70,-13,84
2305200,45,99,5,79
2305710,55,77,6,73
2306220,76,44,1,72
2306730,90,81,-6,78
2307240,10,82,-8,86
2307750,20,60,6,80
2308260,30,93,-7,87
2308770,40,71,12,75
2309280,61,38,-4,79
2309790,75,75,7,72
2310300,97,76,-3,75
2310810,9,11,-6,81
2311320,35,80,2,79
2311830,98,58,0,79
2312340,10,95,-11,90
2312850,20,73,6,84
2313360,30,51,4,80
2313870,51,18,1,79
2314380,65,55,2,77
2314890,23,22,-2,79
2315400,49,91,2,77
2315910,70,80,-6,83
2316420,91,15,0,83
2316930,47,52,1,82
2317440,68,19,3,79
2317950,24,56,1,78
2318460,34,69,3,75
2318970,44,98,-8,83
2319480,68,19,4,79
2319990,24,56,1,78
2320500,34,79,-4,82
2321010,44,0,2,80
2321520,61,85,6,74
2322030,82,44,-9,83
2322540,96,81,3,80
2323050,16,16,2,78
2323560,32,85,1,77
2324070,42,63,3,74
2324580,63,30,-10,84
2325090,77,67,8,76
2325600,35,68,1,75
2326110,57,31,-11,86
2326620,71,68,8,78
2327130,29,69,3,75
2327640,39,47,-5,80
2328150,60,57,-3,83
2328660,18,24,3,80
2329170,19,93,-5,85
2329680,29,71,3,82
2330190,39,100,-2,84
2330700,49,78,10,74
2331210,70,37,-4,78
2331720,84,74,6,72
2332230,42,75,-2,74
2332740,63,34,-8,82
2333250,77,71,6,76
2333760,35,72,-2,78
2334270,45,101,-1,79
2334780,67,79,6,73
2335290,88,46,-7,80
2335800,0,83,-2,82
2336310,50,61,5,77
2336820,71,28,-7,84
2337330,85,65,11,73
2337840,99,66,-6,79
2338350,11,1,3,76
2338860,67,74,5,71
2339370,88,41,-10,81
2339880,0,78,-1,82
2340390,22,56,1,81
2340900,32,85,1,80
2341410,42,6,0,80
2341920,56,91,6,74
2342430,77,50,-3,77
2342940,91,87,1,76
2343450,10,88,-7,83
2343960,39,66,7,76
2344470,60,33,-7,83
2344980,74,70,6,77
2345490,32,5,-8,85
2346000,33,90,3,82
2346510,43,68,6,76
2347020,64,35,-1,77
2347530,78,72,-1,78
2348040,36,73,0,78
2348550,46,0,7,71
2349060,2,73,-8,79
2349570,24,51,3,76
2350080,34,18,-3,79
2350590,50,87,6,73
2351100,71,46,-7,80
2351610,85,83,3,77
2352120,4,84,2,75
2352630,33,62,-1,76
2353140,54,29,-5,81
2353650,68,66,6,75
2354160,26,67,-11,86
2354670,36,96,4,82
2355180,46,74,3,79
2355690,67,41,-5,84
2356200,81,78,5,79
2356710,39,79,2,77
2357220,49,57,2,75
2357730,70,24,-6,81
2358240,84,61,7,74
2358750,98,98,-8,82
2359260,17,8,-4,86
2359770,29,77,7,79
2360280,39,55,1,78
2360790,60,22,-3,81
2361300,43,59,7,74
2361810,64,26,-14,88
2362320,78,63,6,82
2362830,36,64,13,69
2363340,57,23,-12,81
2363850,71,60,6,75
2364360,29,61,-5,80
2364870,39,28,-6,86
2365380,55,97,13,73
2365890,76,56,1,72
2366400,34,57,-1,73
2366910,55,24,-11,84
2367420,69,61,9,75
2367930,27,28,-10,85
2368440,54,97,6,79
2368950,75,56,1,78
2369460,33,57,1,77
2369970,54,24,-14,91
2370480,68,5,13,78
2370990,24,42,-6,84
2371500,45,9,4,80
2372010,59,82,11,69
2372520,80,41,-18,87
2373030,94,78,11,76
2373540,14,13,-11,87
2374050,44,82,7,80
2374560,66,60,4,76
2375070,24,61,-2,78
2375580,34,84,-2,80
2376090,44,62,3,77
2376600,65,29,-7,84
2377110,79,66,4,80
2377620,37,67,3,77
2378130,47,34,-7,84
2378640,5,1,-2,86
2379150,61,74,11,75
2379660,82,41,0,75
2380170,96,78,-5,80
2380680,16,13,-2,82
2381190,32,82,5,77
2381700,42,60,-6,83
2382210,63,27,5,78
2382720,77,64,2,76
2383230,35,101,-3,79
2383740,64,79,7,72
2384250,85,38,-5,77
2384760,99,75,-1,78
2385270,11,10,-2,80
2385780,41,79,4,76
2386290,63,57,3,73
2386800,21,16,-11,84
2387310,51,85,12,72
2387820,17,44,-10,82
2388330,27,50,0,82
2388840,27,17,-6,88
2389350,50,86,12,76
2389860,72,45,2,74
2390370,86,82,-8,82
2390880,44,17,1,81
2391390,58,54,8,73
2391900,16,21,-12,85
2392410,46,90,2,83
2392920,68,68,7,76
2393430,26,27,-5,81
2393940,53,96,3,78
2394450,75,85,2,76
2394960,96,44,-4,80
2395470,8,81,-3,83
2395980,56,59,6,77
2396490,14,26,-6,83
2397000,15,95,-1,84
2397510,25,73,1,83
2398020,35,96,5,78
2398530,64,74,3,75
2399040,85,33,-6,81
2399550,41,70,6,75
2400060,62,29,-10,85
2400570,76,66,7,78
2401080,34,25,-4,82
2401590,68,94,7,75
2402100,89,53,2,73
2402610,1,90,-7,80
2403120,30,68,1,79
2403630,40,46,-1,80
2404140,61,13,-6,86
2404650,17,50,8,78
2405160,27,3,-7,85
2405670,28,76,5,80
2406180,38,54,4,76
2406690,59,21,-3,79
2407200,15,58,-6,85
2407710,25,65,-3,88
2408220,35,98,6,82
2408730,57,76,8,74
2409240,78,43,-7,81
2409750,92,80,2,79
2410260,50,15,-2,81
2410770,64,52,3,78
2411280,22,53,-2,80
2411790,45,59,7,73
2412300,66,26,-12,85
2412810,80,63,10,75
2413320,38,64,-3,78
2413830,59,31,-6,84
2414340,73,68,15,69
2414850,31,69,-10,79
2415360,41,92,-3,82
2415870,63,70,8,74
2416380,21,37,-6,80
2416890,42,4,-2,82
2417400,61,29,2,80
2417910,75,66,1,79
2418420,33,67,2,77
2418930,55,45,1,76
2419440,13,46,-10,86
2419950,23,79,2,84
2420460,33,57,9,75
2420970,55,24,-6,81
2421480,69,61,13,68
2421990,27,62,-15,83
2422500,37,40,3,80
2423010,64,7,4,76
2423520,20,44,-4,80
2424030,30,11,2,78
2424540,31,84,-4,82
2425050,32,62,4,78
2425560,69,40,-4,82
2426070,83,77,4,78
2426580,41,12,-4,82
2427090,55,85,3,79
2427600,21,44,-2,81
2428110,22,11,1,80
2428620,23,80,-5,85
2429130,33,58,11,74
2429640,55,17,-11,85
2430150,69,54,8,77
2430660,27,91,-6,83
2431170,37,69,8,75
2431680,59,47,-8,83
2432190,17,14,4,79
2432700,33,83,1,78
2433210,55,61,3,75
2433720,34,20,-7,82
2434230,68,89,4,78
2434740,90,48,-3,81
2435250,2,85,5,76
2435760,31,63,-5,81
2436270,53,41,-2,83
2436780,11,8,2,81
2437290,12,81,-3,84
2437800,22,59,4,80
2438310,23,92,-4,84
2438820,45,70,9,75
2439330,11,29,-7,82
2439840,12,42,0,82
2440350,22,55,3,79
2440860,32,33,-4,83
2441370,66,0,8,75
2441880,22,37,-4,79
2442390,43,4,1,78
2442900,101,77,-4,82
2443410,13,12,-6,88
2443920,14,85,6,82
2444430,24,63,-4,86
2444940,34,41,9,77
2445450,68,8,-1,78
2445960,24,45,-2,80
2446470,25,12,-1,81
2446980,41,81,3,78
2447490,63,40,0,78
2448000,77,77,7,71
2448510,35,36,-10,81
2449020,69,3,9,72
2449530,25,40,-6,78
2450040,46,7,1,77
2450550,2,80,-9,86
2451060,24,58,11,75
2451570,25,36,-9,84
2452080,46,3,3,81
2452590,2,76,3,78
2453100,31,54,2,76
2453610,53,21,3,73
2454120,67,58,-6,79
2454630,25,59,3,76
2455140,35,37,-6,82
2455650,69,4,6,76
2456160,25,41,-10,86
2456670,46,8,4,82
2457180,60,45,5,77
2457690,85,46,-5,82
2458200,99,83,6,76
2458710,19,18,-1,77
2459220,20,87,-5,82
2459730,30,65,2,80
2460240,52,43,-4,84
2460750,31,10,-2,86
2461260,32,83,7,79
2461770,54,61,6,73
2462280,33,28,-17,90
2462790,67,97,13,77
2463300,88,56,3,74
2463810,0,93,-7,81
2464320,29,71,-1,82
2464830,30,49,5,77
2465340,51,16,-1,78
2465850,65,53,-1,79
2466360,23,54,0,79
2466870,33,32,-1,80
2467380,67,101,8,72
2467890,89,60,-7,79
2468400,1,97,-2,81
2468910,30,75,0,81
2469420,52,53,6,75
2469930,31,20,-6,81
2470440,58,89,9,72
2470950,79,48,-8,80
2471460,93,85,2,78
2471970,13,20,-2,80
2472480,14,89,0,80
2472990,24,67,0,80
2473500,34,45,2,78
2474010,55,12,-5,83
2474520,11,49,-5,88
2475030,21,100,3,85
2475540,31,78,10,75
2476050,60,56,-5,80
2476560,18,4,0,80
2477070,19,77,-6,86
2477580,29,55,10,76
2478090,30,22,-8,84
2478600,53,91,12,72
2479110,75,50,-3,75
2479620,89,87,-3,78
2480130,9,46,-3,81
2480640,19,79,-4,85
2481150,29,57,5,80
2481660,51,24,1,79
2482170,65,61,2,77
2482680,23,20,-10,87
2483190,46,89,15,72
2483700,75,48,-6,78
2484210,89,85,-1,79
2484720,9,44,-3,82
2485230,19,95,-2,84
2485740,29,73,8,76
2486250,51,51,-10,86
2486760,30,18,5,81
2487270,50,87,6,75
2487780,72,46,2,73
2488290,40,83,-3,76
2488800,62,61,4,72
2489310,84,28,-3,75
2489820,40,65,2,73
2490330,6,32,-11,84
2490840,16,38,-1,85
2491350,17,44,6,79
2491860,27,77,0,79
2492370,49,55,2,77
2492880,28,22,-5,82
2493390,58,51,4,78
2493900,16,52,-1,79
2494410,26,85,-8,87
2494920,36,63,9,78
2495430,58,41,-11,89
2495940,77,42,11,78
2496450,91,79,-5,83
2496960,11,38,2,81
2497470,21,71,4,77
2497980,31,49,1,76
2498490,52,16,-2,78
2499000,66,53,-3,81
2499510,24,54,4,77
2500020,25,32,1,76
2500530,52,12,-1,77
2501040,8,97,-5,82
2501550,37,75,1,81
2502060,59,53,2,79
2502570,38,20,-8,87
2503080,66,3,8,79
2503590,22,40,1,78
2504100,43,7,-4,82
2504610,62,80,9,73
2505120,83,39,-10,83
2505630,97,76,5,78
2506140,17,11,-6,84
2506650,33,80,0,84
2507160,55,58,6,78
2507670,34,25,-8,86
2508180,64,94,9,77
2508690,30,29,-6,83
2509200,53,98,3,80
2509710,75,76,-1,81
2510220,97,11,1,80
2510730,9,48,5,75
2511240,19,26,-7,82
2511750,20,95,-1,83
2512260,30,73,11,72
2512770,52,51,-9,81
2513280,31,18,-1,82
2513790,54,87,4,78
2514300,75,46,2,76
2514810,89,83,-9,85
2515320,9,18,5,80
2515830,17,84,-3,83
2516340,27,62,4,79
2516850,28,85,-5,84
2517360,50,63,7,77
2517870,71,30,-4,81
2518380,27,67,4,77
2518890,49,45,-5,82
2519400,28,12,2,80
2519910,29,97,-2,82
2520420,51,75,7,75
2520930,72,34,-4,79
2521440,86,71,4,75
2521950,6,72,0,75
2522460,35,50,-7,82
2522970,56,17,-2,84
2523480,12,0,3,81
2523990,73,73,-4,85
2524500,95,74,10,75
2525010,15,9,-9,84
2525520,23,78,0,84
2526030,33,56,11,73
2526540,54,23,-11,84
2527050,68,6,8,76
2527560,24,43,-4,80
2528070,45,10,-6,86
2528580,64,95,12,74
2529090,85,96,-6,80
2529600,4,55,-3,83
2530110,14,88,-5,88
2530620,24,66,10,78
2531130,25,44,2,76
2531640,46,11,-4,80
2532150,60,96,4,76
2532660,82,55,0,76
2533170,96,92,-4,80
2533680,15,51,-4,84
2534190,25,84,0,84
2534700,35,62,11,73
2535210,56,41,-6,79
2535720,14,42,-6,85
2536230,24,100,5,80
2536740,34,78,4,76
2537250,56,56,5,71
2537760,35,23,-16,87
2538270,58,92,14,73
2538780,79,51,1,72
2539290,93,88,-7,79
2539800,12,47,-6,85
2540310,22,98,5,80
2540820,32,76,8,72
2541330,54,54,-13,85
2541840,33,21,3,82
2542350,56,90,3,79
2542860,78,49,8,71
2543370,92,86,-9,80
2543880,12,45,-4,84
2544390,22,16,0,84
2544900,23,85,4,80
2545410,33,63,3,77
2545920,55,30,-7,84
2546430,69,50,6,78
2546940,83,87,3,75
2547450,2,46,-3,78
2547960,12,79,-4,82
2548470,22,57,1,81
2548980,32,35,3,78
2549490,55,2,-4,82
2550000,11,75,-2,84
2550510,21,53,1,83
2551020,22,31,0,83
2551530,56,100,6,77
2552040,85,59,-1,78
2552550,99,96,1,77
2553060,18,55,-7,84
2553570,28,62,11,73
2554080,50,40,-10,83
2554590,75,7,2,81
2555100,31,44,6,75
2555610,52,11,-5,80
2556120,8,96,-4,84
2556630,37,74,-1,85
2557140,59,52,5,80
2557650,38,19,0,80
2558160,61,92,3,77
2558670,72,51,10,67
2559180,86,52,-13,80
2559690,100,89,0,80
2560200,20,90,2,78
2560710,42,68,2,76
2561220,63,27,-3,79
2561730,77,47,1,78
2562240,91,84,1,77
2562750,11,43,-5,82
2563260,21,94,-3,85
2563770,31,72,6,79
2564280,53,50,-4,83
2564790,32,17,6,77
2565300,55,90,1,76
2565810,76,49,4,72
2566320,90,86,-12,84
2566830,10,45,1,83
2567340,20,52,2,81
2567850,21,75,-9,90
2568360,31,53,8,82
2568870,52,20,0,82
2569380,66,40,0,82
2569890,80,77,9,73
2570400,101,8,-6,79
2570910,13,81,-3,82
2571420,42,59,7,75
2571930,63,26,-15,90
2572440,77,64,19,71
2572950,23,65,-14,85
2573460,24,48,10,75
2573970,45,15,-7,82
2574480,59,100,6,76
2574990,80,59,1,75
2575500,94,60,-3,78
2576010,6,97,-3,81
2576520,35,75,0,81
2577030,57,53,4,77
2577540,36,54,0,77
2578050,57,21,-4,81
2578560,71,41,-1,82
2579070,85,78,4,78
2579580,5,79,2,76
2580090,34,57,0,76
2580600,36,24,-5,81
2581110,59,93,9,72
2581620,80,52,-16,88
2582130,94,89,9,79
2582640,13,48,-3,82
2583150,23,81,2,80
2583660,33,59,8,72
2584170,54,26,-14,86
2584680,68,56,11,75
2585190,90,57,-8,83
2585700,2,94,10,73
2586210,31,72,-10,83
2586720,53,50,4,79
2587230,32,17,1,78
2587740,40,86,1,77
2588250,62,64,-4,81
2588760,83,23,4,77
2589270,39,60,8,69
2589780,60,19,-15,84
2590290,74,2,9,75
2590800,30,75,-9,84
2591310,31,53,7,77
2591820,52,20,-5,82
2592330,66,40,1,81
2592840,80,77,9,72
2593350,0,36,-10,82
2593860,10,87,3,79
2594370,39,65,7,72
2594880,60,24,-7,79
2595390,74,44,2,77
2595900,88,81,2,75
2596410,7,40,-5,80
2596920,17,91,-5,85
2597430,27,69,3,82
2597940,28,47,10,72
2598450,49,14,-7,79
2598960,80,34,3,76
2599470,36,71,-1,77
2599980,58,49,-3,80
2600490,37,16,-6,86
2601000,67,101,14,72
2601510,88,60,1,71
2602020,0,97,-6,77
2602530,29,75,-4,81
2603040,51,53,-1,82
2603550,72,20,5,77
2604060,28,57,1,76
2604570,50,24,-7,83
2605080,64,44,5,78
2605590,78,11,0,78
2606100,34,48,3,75
2606610,55,15,-7,82
2607120,11,35,0,82
2607630,21,68,1,81
2608140,31,75,3,78
2608650,53,53,-1,79
2609160,32,20,-8,87
2609670,65,89,12,75
2610180,86,48,5,70
2610690,100,85,-18,88
2611200,19,4,9,79
2611710,20,77,-7,86
2612220,30,55,10,76
2612730,51,94,2,74
2613240,80,53,-1,75
2613750,29,54,-5,80
2614260,50,21,-1,81
2614770,64,41,-1,82
2615280,78,78,0,82
2615790,99,37,-5,87
2616300,11,74,10,77
2616810,21,52,-6,83
2617320,31,85,4,79
2617830,60,63,3,76
2618340,81,30,-5,81
2618850,37,67,4,77
2619360,58,34,-4,81
2619870,72,54,5,76
2620380,86,55,1,75
2620890,100,92,-4,79
2621400,19,93,-5,84
2621910,29,71,-6,90
2622420,30,2,12,78
2622930,31,75,-5,83
2623440,32,53,7,76
2623950,53,20,-4,80
2624460,67,3,4,76
2624970,23,76,-7,83
2625480,33,54,8,75
2625990,54,21,-14,89
2626500,68,4,15,74
2627010,24,77,-10,84
2627520,34,60,9,75
2628030,55,27,-11,86
2628540,69,47,12,74
2629050,83,6,-4,78
2629560,39,43,-1,79
2630070,60,10,2,77
2630580,16,83,-4,81
2631090,26,61,1,80
2631600,36,39,4,76
2632110,57,6,3,73
2632620,13,79,-6,79
2633130,23,57,2,77
2633640,33,35,-3,80
2634150,54,2,7,73
2634660,10,75,-10,83
2635170,20,53,2,81
2635680,30,86,2,79
2636190,31,64,2,77
2636700,41,31,-12,89
2637210,71,100,15,74
2637720,92,59,-11,85
2638230,4,96,6,79
2638740,33,74,3,76
2639250,43,52,-1,77
2639760,64,19,-5,82
2640270,20,56,-3,85
2640780,30,89,8,77
2641290,59,67,0,77
2641800,80,34,0,77
2642310,94,71,-1,78
2642820,32,72,4,74
2643330,61,50,-4,78
2643840,19,17,-6,84
2644350,49,86,6,78
2644860,70,64,5,73
2645370,91,65,-4,77
2645880,3,66,-5,82
2646390,31,44,3,79
2646900,52,11,-6,85
2647410,8,96,3,82
2647920,37,74,-1,83
2648430,58,52,8,75
2648940,16,19,-6,81
2649450,17,88,-1,82
2649960,27,66,2,80
2650470,28,44,4,76
2650980,49,11,-11,87
2651490,63,84,13,74
2652000,84,43,-2,76
2652510,98,80,-5,81
2653020,18,81,1,80
2653530,28,59,1,79
2654040,38,26,-2,81
2654550,68,95,4,77
2655060,89,54,0,77
2655570,1,91,-8,85
2656080,30,69,5,80
2656590,31,47,5,75
2657100,52,14,-8,83
2657610,66,87,8,75
2658120,87,46,-4,79
2658630,101,83,-8,87
2659140,21,84,4,83
2659650,31,62,8,75
2660160,41,40,-1,76
2660670,97,7,-3,79
2661180,53,44,-9,88
2661690,83,11,11,77
2662200,39,48,-4,81
2662710,60,15,0,81
2663220,16,18,4,77
2663730,58,87,-3,80
2664240,79,15,-1,81
2664750,35,52,8,73
2665260,56,19,-8,81
2665770,70,56,5,76
2666280,84,57,0,76
2666790,98,10,-3,79
2667300,10,47,2,77
2667810,20,80,3,74
2668320,30,58,-6,80
2668830,40,25,3,77
2669340,41,94,-4,81
2669850,70,72,6,75
2670360,91,73,-10,85
2670870,3,74,3,82
2671380,32,52,10,72
2671890,53,19,-9,81
2672400,67,57,9,72
2672910,25,58,-6,78
2673420,35,25,-7,85
2673930,65,94,10,75
2674440,86,53,-3,78
2674950,100,90,2,76
2675460,20,91,-4,80
2675970,30,69,0,80
2676480,31,47,2,78
2676990,52,14,-5,83
2677500,8,99,2,81
2678010,37,77,4,77
2678520,66,55,1,76
2679030,67,56,-1,77
2679540,25,57,-2,79
2680050,35,90,-5,84
2680560,64,68,4,80
2681070,22,35,-2,82
2681580,64,2,6,76
2682090,20,75,-5,81
2682600,30,53,5,76
2683110,51,20,-6,82
2683620,65,40,4,78
2684130,79,41,-1,79
2684640,93,79,9,70
2685150,51,80,-8,78
2685660,72,39,3,75
2686170,86,76,0,75
2686680,6,77,-5,80
2687190,35,55,5,75
2687700,56,22,-8,83
2688210,70,60,8,75
2688720,28,61,-5,80
2689230,29,94,-1,81
2689740,58,72,4,77
2690250,79,39,-5,82
2690760,93,77,6,76
2691270,51,78,0,76
2691780,72,37,-2,78
2692290,86,75,3,75
2692800,44,76,-2,77
2693310,73,35,-2,79
2693820,87,73,6,73
2694330,45,74,0,73
2694840,67,33,-8,81
2695350,81,53,2,79
2695860,95,90,3,76
2696370,15,91,-6,82
2696880,44,69,4,78
2697390,65,36,-1,79
2697900,79,74,6,73
2698410,37,75,-3,76
2698920,66,53,-3,79
2699430,24,54,5,74
2699940,25,87,-13,87
2700450,26,65,7,80
2700960,27,43,-3,83
2701470,48,10,3,80
2701980,4,95,0,80
2702490,33,73,-2,82
2703000,62,51,7,75
2703510,63,18,-8,83
2704020,19,55,5,78
2704530,29,88,-2,80
2705040,58,66,1,79
2705550,37,33,-4,83
2706060,16,0,-5,88
2706570,77,73,13,75
2707080,99,15,-8,83
2707590,55,52,-7,90
2708100,34,19,17,73
2708610,42,88,-5,78
2709120,71,66,4,74
2709630,29,33,-8,82
2710140,71,0,2,80
2710650,27,73,-3,83
2711160,28,51,2,81
2711670,50,18,-1,82
2712180,64,21,2,80
2712690,78,24,3,77
2713200,34,61,2,75
2713710,63,28,-7,82
2714220,77,48,0,82
2714730,91,54,7,75
2715240,3,91,-2,77
2715750,32,69,2,75
2716260,61,36,-5,80
2716770,75,3,10,70
2717280,31,76,-5,75
2717790,60,7,-10,85
2718300,16,80,0,85
2718810,26,58,3,82
2719320,27,91,-4,86
2719830,56,69,4,82
2720340,35,36,0,82
2720850,77,3,5,77
2721360,33,76,-1,78
2721870,62,54,3,75
2722380,20,21,-4,79
2722890,62,90,-1,80
2723400,83,49,5,75
2723910,97,86,-1,76
2724420,55,87,1,75
2724930,77,46,4,71
2725440,91,83,-7,78
2725950,49,84,2,76
2726460,78,43,0,76
2726970,92,81,-6,82
2727480,50,82,8,74
2727990,79,41,-12,86
2728500,93,79,8,78
2729010,51,80,3,75
2729520,80,39,-2,77
2730030,36,76,1,76
2730540,65,54,-1,77
2731050,23,21,-5,82
2731560,43,90,3,79
2732070,72,68,3,76
2732580,30,35,0,76
2733090,9,2,-9,85
2733600,65,75,12,73
2734110,23,42,-8,81
2734620,44,9,-2,83
2735130,58,82,6,77
2735640,79,41,-4,81
2736150,35,78,3,78
2736660,64,56,2,76
2737170,22,23,1,75
2737680,23,92,-6,81
2738190,24,70,-1,82
2738700,25,48,3,79
2739210,26,15,-5,84
2739720,34,84,6,78
2740230,63,62,-4,82
2740740,21,29,-2,84
2741250,63,98,7,77
2741760,85,57,1,76
2742270,99,58,-6,82
2742780,11,95,4,78
2743290,40,73,-3,81
2743800,69,51,4,77
2744310,27,52,-1,78
2744820,49,19,0,78
2745330,63,22,-4,82
2745840,77,59,3,79
2746350,35,60,7,72
2746860,56,27,-10,82
2747370,70,65,6,76
2747880,28,66,-12,88
2748390,29,99,12,76
2748900,58,77,2,74
2749410,79,36,-1,75
2749920,93,73,-9,84
2750430,51,74,9,75
2750940,72,41,-6,81
2751450,86,78,-5,86
2751960,44,79,12,74
2752470,73,38,-7,81
2752980,87,76,6,75
2753490,45,77,-2,77
2754000,74,36,0,77
2754510,88,73,4,73
2755020,46,74,-4,77
2755530,68,41,0,77
2756040,82,78,4,73
2756550,40,79,-5,78
2757060,69,82,6,72
2757570,90,41,-7,79
2758080,2,79,2,77
2758590,31,57,3,74
2759100,52,24,-8,82
2759610,66,62,4,78
2760120,24,63,-3,81
2760630,25,41,-3,84
2761140,60,8,8,76
2761650,16,45,-5,81
2762160,17,78,-3,84
2762670,27,56,6,78
2763180,28,23,-3,81
2763690,29,92,-3,84
2764200,58,70,14,70
2764710,79,37,-12,82
2765220,93,75,1,81
2765730,51,76,5,76
2766240,72,35,-4,80
2766750,86,73,2,78
2767260,44,74,3,75
2767770,66,33,-5,80
2768280,80,71,-2,82
2768790,38,72,6,76
2769300,67,39,-4,80
2769810,81,77,4,76
2770320,39,78,-5,81
2770830,68,56,3,78
2771340,26,57,1,77
2771850,27,24,-6,83
2772360,69,93,10,73
2772870,90,52,-5,78
2773380,2,89,-1,79
2773890,31,67,3,76
2774400,32,45,-5,81
2774910,53,12,0,81
2775420,9,15,-2,83
2775930,51,84,7,76
2776440,80,43,-2,78
2776950,94,81,-5,83
2777460,52,82,8,75
2777970,74,41,-1,76
2778480,88,79,1,75
2778990,46,80,-2,77
2779500,75,39,0,77
2780010,89,77,-2,79
2780520,47,78,6,73
2781030,76,37,-8,81
2781540,90,75,3,78
2782050,48,76,-1,79
2782560,70,77,7,72
2783070,28,78,-11,83
2783580,29,56,5,78
2784090,30,44,2,76
2784600,51,11,-4,80
2785110,7,84,1,79
2785620,36,62,6,73
2786130,65,29,-16,89
2786640,79,67,12,77
2787150,37,68,5,72
2787660,66,27,-13,85
2788170,80,65,10,75
2788680,38,66,-4,79
2789190,59,33,-7,86
2789700,73,71,11,75
2790210,31,72,-3,78
2790720,32,50,-2,80
2791230,53,17,-1,81
2791740,67,55,6,75
2792250,25,56,1,74
2792760,26,89,-13,87
2793270,27,67,4,83
2793780,28,100,4,79
2794290,57,78,5,74
2794800,78,79,3,71
2795310,36,80,-2,73
2795820,65,58,1,72
2796330,23,59,-6,78
2796840,24,37,-7,85
2797350,51,4,6,79
2797860,7,77,1,78
2798370,36,55,4,74
2798880,57,22,-9,83
2799390,71,60,11,72
2799900,29,61,-5,77
2800410,30,16,-4,81
2800920,31,85,0,81
2801430,60,63,5,76
2801940,18,30,-3,79
2802450,19,99,-2,81
2802960,48,77,5,76
2803470,70,78,-2,78
2803980,91,79,-3,81
2804490,49,80,7,74
2805000,78,39,-8,82
2805510,92,77,3,79
2806020,50,78,6,73
2806530,72,79,-4,77
2807040,93,80,2,75
2807550,51,81,-2,77
2808060,73,40,3,74
2808570,87,78,-4,78
2809080,45,79,1,77
2809590,74,57,3,74
2810100,32,58,4,70
2810610,61,13,-5,75
2811120,17,50,-3,78
2811630,18,83,-7,85
2812140,28,61,7,78
2812650,29,28,-8,86
2813160,52,97,11,75
2813670,81,56,0,75
2814180,95,57,-2,77
2814690,7,94,-7,84
2815200,36,72,10,74
2815710,65,50,-2,76
2816220,23,51,-2,78
2816730,24,18,-1,79
2817240,44,87,0,79
2817750,73,65,5,74
2818260,31,66,-1,75
2818770,60,33,-8,83
2819280,74,71,15,68
2819790,32,72,-12,80
2820300,33,50,8,72
2820810,54,17,-14,86
2821320,68,90,8,78
2821830,89,49,-1,79
2822340,1,86,0,79
2822850,23,64,-2,81
2823360,24,97,0,81
2823870,46,75,10,71
2824380,68,34,-13,84
2824890,82,72,6,78
2825400,40,73,0,78
2825910,69,51,-5,83
2826420,27,52,10,73
2826930,49,19,-8,81
2827440,63,92,9,72
2827950,84,51,-6,78
2828460,98,88,-3,81
2828970,18,89,3,78
2829480,40,67,2,76
2829990,62,34,-13,89
2830500,76,72,17,72
2831010,98,73,-5,77
2831520,10,74,-4,81
2832030,20,52,-1,82
2832540,21,85,-4,86
2833050,22,63,8,78
2833560,23,41,-2,80
2834070,44,8,-6,86
2834580,58,81,15,71
2835090,79,82,-4,75
2835600,100,83,-6,81
2836110,20,84,-6,87
2836620,30,62,12,75
2837130,31,29,-11,86
2837640,73,98,13,73
2838150,94,57,-9,82
2838660,6,95,0,82
2839170,35,73,6,76
2839680,36,51,0,76
2840190,57,80,5,71
2840700,78,39,-11,82
2841210,92,77,6,76
2841720,12,78,-4,80
2842230,34,56,9,71
2842740,56,23,-9,80
2843250,70,61,5,75
2843760,28,62,-5,80
2844270,29,40,-1,81
2844780,50,7,-3,84
2845290,64,80,3,81
2845800,85,81,-1,82
2846310,5,82,5,77
2846820,34,60,0,77
2847330,56,27,-4,81
2847840,70,65,3,78
2848350,28,32,-8,86
2848860,70,101,11,75
2849370,92,29,-5,80
2849880,48,66,5,75
2850390,69,33,-2,77
2850900,83,71,7,70
2851410,3,72,-7,77
2851920,25,50,-4,81
2852430,26,17,2,79
2852940,42,86,-5,84
2853450,71,64,14,70
2853960,29,65,-10,80
2854470,30,43,2,78
2854980,51,10,-2,80
2855490,65,83,4,76
2856000,86,50,-2,78
2856510,100,87,-4,82
2857020,20,88,3,79
2857530,42,66,4,75
2858040,63,25,-10,85
2858550,77,63,9,76
2859060,35,64,2,74
2859570,57,31,-4,78
2860080,71,69,1,77
2860590,29,70,-2,79
2861100,58,48,1,78
2861610,59,15,-3,81
2862120,15,18,3,78
2862630,0,87,-5,83
2863140,22,65,3,80
2863650,23,72,-4,84
2864160,24,50,5,79
2864670,25,17,-4,83
2865180,26,86,0,83
2865690,27,64,4,79
2866200,28,42,-6,85
2866710,49,9,3,82
2867220,63,12,4,78
2867730,19,85,-8,86
2868240,41,63,12,74
2868750,62,30,-12,86
2869260,76,68,7,79
2869770,34,69,0,79
2870280,56,47,-1,80
2870790,14,14,-7,87
2871300,22,83,4,83
2871810,23,61,2,81
2872320,24,39,-1,82
2872830,45,6,0,82
2873340,59,91,8,74
2873850,80,19,-1,75
2874360,36,56,-2,77
2874870,57,23,-4,81
2875380,71,61,7,74
2875890,29,62,-6,80
2876400,87,40,-7,87
2876910,101,78,14,73
2877420,13,90,-10,83
2877930,35,68,7,76
2878440,64,46,1,75
2878950,78,13,1,74
2879460,34,50,-6,80
2879970,55,17,0,80
2880480,69,20,4,76
2880990,25,57,-6,82
2881500,26,90,0,82
2882010,27,68,1,81
2882520,28,46,1,80
2883030,49,13,-3,83
2883540,63,16,7,76
2884050,19,53,-5,81
2884560,20,86,-2,83
2885070,42,64,12,71
2885580,63,31,-9,80
2886090,77,69,4,76
2886600,35,70,-1,77
2887110,64,37,-4,81
2887620,70,75,14,67
2888130,91,87,-15,82
2888640,49,99,6,76
2889150,78,77,-3,79
2889660,36,78,2,77
2890170,39,56,3,74
2890680,60,23,-7,81
2891190,74,61,8,73
2891700,32,62,-1,74
2892210,61,29,-5,79
2892720,75,67,8,71
2893230,33,68,-9,80
2893740,62,46,3,77
2894250,20,47,-2,79
2894760,21,80,-5,84
2895270,43,58,8,76
2895780,64,25,1,75
2896290,78,62,3,72
2896800,36,63,-9,81
2897310,57,30,-5,86
2897820,71,68,8,78
2898330,29,69,-1,79
2898840,51,47,-2,81
2899350,30,14,0,81
2899860,5,83,3,78
2900370,27,61,2,76
2900880,28,39,0,76
2901390,49,6,-4,80
2901900,63,79,13,67
2902410,84,80,-13,80
2902920,4,15,-4,84
2903430,60,28,-1,85
2903940,74,66,18,67
2904450,32,67,-11,78
2904960,54,45,-10,88
2905470,84,12,6,82
2905980,98,49,2,80
2906490,10,86,2,78
2907000,32,64,0,78
2907510,54,42,-5,83
2908020,12,43,3,80
2908530,22,56,-2,82
2909040,44,12,-2,84
2909550,58,85,6,78
2910060,79,21,0,78
2910570,35,58,3,75
2911080,56,25,-6,81
2911590,70,63,2,79
2912100,28,64,0,79
2912610,29,42,3,76
2913120,50,9,-4,80
2913630,64,82,12,68
2914140,85,83,-9,77
2914650,43,18,1,76
2915160,23,91,-10,86
2915670,45,69,12,74
2916180,66,70,1,73
2916690,87,71,0,73
2917200,45,72,-3,76
2917710,66,31,-4,80
2918220,80,69,6,74
2918730,38,70,-1,75
2919240,60,48,-5,80
2919750,90,15,1,79
2920260,2,42,2,77
2920770,12,20,-6,83
2921280,20,89,-2,85
2921790,42,67,12,73
2922300,63,34,-14,87
2922810,77,72,13,74
2923320,35,73,-1,75
2923830,57,51,-5,80
2924340,24,18,1,79
2924850,54,87,1,78
2925360,75,65,1,77
2925870,33,66,2,75
2926380,55,44,-14,89
2926890,13,11,5,84
2927400,43,80,12,72
2927910,64,58,-6,78
2928420,94,59,5,73
2928930,6,96,-11,84
2929440,81,74,4,80
2929950,39,75,-1,81
2930460,60,53,-3,84
2930970,18,20,2,82
2931480,48,89,6,76
2931990,70,67,-4,80
2932500,28,68,4,76
2933010,29,46,0,76
2933520,50,13,-4,80
2934030,64,16,1,79
2934540,20,53,-1,80
2935050,21,86,-7,87
2935560,43,64,8,79
2936070,64,31,-2,81
2936580,78,69,8,73
2937090,36,4,-15,88
2937600,37,89,5,83
2938110,66,67,9,74
2938620,24,79,-8,82
2939130,46,63,7,75
2939640,67,30,-5,80
2940150,81,68,8,72
2940660,39,80,-7,79
2941170,61,58,4,75
2941680,19,59,0,75
2942190,29,37,-8,83
2942700,50,4,4,79
2943210,64,77,1,78
2943720,85,89,-4,82
2944230,4,24,6,76
2944740,60,37,-7,83
2945250,88,75,5,78
2945760,8,87,-7,85
2946270,37,13,7,78
2946780,67,98,7,71
2947290,88,57,-4,75
2947800,0,94,-3,78
2948310,29,72,-2,80
2948820,51,50,-1,81
2949330,75,17,1,80
2949840,31,54,4,76
2950350,52,21,-4,80
2950860,66,58,3,77
2951370,24,59,-6,83
2951880,25,92,-10,93
2952390,47,70,15,78
2952900,68,37,3,75
2953410,82,74,2,73
2953920,40,86,-2,75
2954430,62,64,-5,80
2954940,20,31,-2,82
2955450,50,74,10,72
2955960,71,33,-6,78
2956470,85,70,-2,80
2956980,43,82,1,79
2957490,65,60,5,74
2958000,23,72,-12,86
2958510,45,50,11,75
2959020,66,17,-3,78
2959530,22,54,-1,79
2960040,32,32,-1,80
2960550,62,101,3,77
2961060,84,36,2,75
2961570,98,73,-8,83
2962080,10,8,-2,85
2962590,18,77,1,84
2963100,28,55,8,76
2963610,50,22,-3,79
2964120,64,59,-4,83
2964630,22,26,1,82
2965140,52,95,4,78
2965650,74,73,2,76
2966160,95,85,-3,79
2966670,53,97,5,74
2967180,75,56,2,72
2967690,89,93,-7,79
2968200,8,3,-3,82
2968710,16,76,0,82
2969220,26,54,2,80
2969730,48,21,-6,86
2970240,62,59,7,79
2970750,20,7,1,78
2971260,50,76,0,78
2971770,71,54,5,73
2972280,29,55,1,72
2972790,30,22,-9,81
2973300,60,91,6,75
2973810,81,50,-3,78
2974320,95,87,-2,80
2974830,23,22,3,77
2975340,53,91,0,77
2975850,75,69,5,72
2976360,96,81,-10,82
2976870,54,16,4,78
2977380,10,53,1,77
2977890,20,31,-6,83
2978400,50,100,0,83
2978910,72,78,6,77
2979420,93,90,0,77
2979930,12,0,-6,83
2980440,20,73,3,80
2980950,30,51,9,71
2981460,51,18,-13,84
2981970,65,56,9,75
2982480,23,68,-13,88
2982990,33,101,12,76
2983500,55,79,-1,77
2984010,76,57,5,72
2984520,34,94,-5,77
2985030,56,72,3,74
2985540,77,39,-7,81
2986050,91,52,3,78
2986560,3,89,-6,84
2987070,25,67,5,79
2987580,47,45,-6,85
2988090,77,12,13,72
2988600,91,49,-7,79
2989110,3,86,-1,80
2989620,25,64,4,76
2990130,47,42,-6,82
2990640,77,9,9,73
2991150,33,46,-3,76
2991660,54,13,-6,82
2992170,68,50,0,82
2992680,82,51,6,76
2993190,96,88,-2,78
2993700,15,100,-6,84
2994210,37,78,4,80
2994720,59,56,1,79
2995230,17,23,-3,82
2995740,47,92,5,77
2996250,69,70,3,74
2996760,90,37,-4,78
2997270,2,74,-7,85
2997780,24,52,7,78
2998290,34,19,-3,81
2998800,64,88,8,73
2999310,85,66,-4,77
2999820,99,78,0,77
3000330,11,90,-1,78
3000840,33,68,-3,81
3001350,55,35,-5,86
3001860,69,2,11,75
3002370,25,75,-10,85
3002880,47,53,5,80
3003390,68,20,-1,81
3003900,82,57,10,71
3004410,96,94,-10,81
3004920,15,4,3,78
3005430,23,73,-1,79
3005940,50,51,-5,84
3006450,29,18,4,80
3006960,51,87,1,79
3007470,72,65,4,75
3007980,30,77,-1,76
3008490,52,55,3,73
3009000,73,22,-3,76
3009510,87,59,-4,80
3010020,101,96,-2,82
3010530,20,6,0,82
3011040,50,75,5,77
3011550,71,53,0,77
3012060,29,90,-2,79
3012570,51,68,8,71
3013080,72,35,-4,75
3013590,86,72,-4,79
3014100,44,84,2,77
3014610,66,62,3,74
3015120,24,63,-4,78
3015630,46,41,-4,82
3016140,76,8,4,78
3016650,32,81,-7,85
3017160,54,59,5,80
3017670,75,26,-5,85
3018180,89,63,3,82
3018690,1,75,4,78
3019200,23,50,-3,81
3019710,45,83,6,75
3020220,67,61,-1,76
3020730,25,28,-9,85
3021240,55,97,13,72
3021750,77,75,-6,78
3022260,35,87,1,77
3022770,57,65,1,76
3023280,78,32,0,76
3023790,92,69,2,74
3024300,4,81,-10,84
3024810,26,59,6,78
3025320,48,37,-7,85
3025830,78,4,11,74
3026340,92,41,-2,76
3026850,4,78,-3,79
3027360,26,56,2,77
3027870,48,23,-10,87
3028380,62,61,8,79
3028890,20,28,-7,86
3029400,50,97,7,79
3029910,72,75,0,79
3030420,93,87,-5,84
3030930,12,99,-3,87
3031440,41,77,8,79
3031950,63,55,0,79
3032460,21,56,-4,83
3032970,43,89,3,80
3033480,61,67,6,74
3033990,82,34,-9,83
3034500,96,71,4,79
3035010,8,6,-1,80
3035520,64,75,7,73
3036030,85,87,-1,74
3036540,4,99,-8,82
3037050,26,77,-2,84
3037560,48,55,6,78
3038070,27,22,-8,86
3038580,57,91,9,77
3039090,79,26,-2,79
3039600,93,63,0,79
3040110,5,100,-3,82
3040620,27,78,3,79
3041130,49,56,0,79
3041640,70,23,-3,82
3042150,84,60,0,82
3042660,98,97,0,82
3043170,17,7,2,80
3043680,47,76,5,75
3044190,69,43,1,74
3044700,83,80,-3,77
3045210,2,92,1,76
3045720,24,70,-11,87
3046230,10,1,6,81
3046740,71,74,12,69
3047250,92,86,-8,77
3047760,11,98,-10,87
3048270,33,76,8,79
3048780,55,54,-1,80
3049290,85,21,2,78
3049800,99,21,-6,84
3050310,11,58,0,84
3050820,21,91,6,78
3051330,43,69,3,75
3051840,64,36,-9,84
3052350,78,74,10,74
3052860,36,86,-3,77
3053370,58,64,2,75
3053880,79,31,-1,76
3054390,93,68,3,73
3054900,5,3,-8,81
3055410,61,72,5,76
3055920,82,39,-5,81
3056430,96,76,3,78
3056940,8,88,-1,79
3057450,37,66,6,73
3057960,59,33,-9,82
3058470,73,71,6,76
3058980,31,38,3,73
3059490,52,5,-2,75
3060000,66,78,2,73
3060510,87,90,-1,74
3061020,6,25,-4,78
3061530,16,38,2,76
3062040,26,5,-8,84
3062550,56,78,12,72
3063060,77,56,-4,76
3063570,91,93,-2,78
3064080,10,3,-4,82
3064590,18,72,-2,84
3065100,28,50,10,74
3065610,49,17,-4,78
3066120,63,54,3,75
3066630,21,21,-11,86
3067140,51,90,5,81
3067650,73,68,3,78
3068160,31,80,-5,83
3068670,53,58,4,79
3069180,74,25,2,77
3069690,88,62,-3,80
3070200,0,99,7,73
3070710,22,77,-11,84
3071220,44,84,9,75
3071730,66,62,3,72
3072240,24,19,-11,83
3072750,54,88,7,76
3073260,76,66,-1,77
3073770,34,67,4,73
3074280,56,34,-9,82
3074790,70,72,8,74
3075300,91,39,-10,84
3075810,3,76,9,75
3076320,25,54,-6,81
3076830,47,21,1,80
3077340,75,59,0,80
3077850,33,96,-2,82
3078360,55,74,8,74
3078870,76,31,-3,77
3079380,90,68,2,75
3079890,2,3,0,75
3080400,58,72,4,71
3080910,79,39,-11,82
3081420,93,77,7,75
3081930,21,89,-7,82
3082440,43,67,3,79
3082950,64,34,-7,86
3083460,78,72,16,70
3083970,36,7,-8,78
3084480,66,92,5,73
3084990,87,28,-9,82
3085500,43,65,5,77
3086010,64,32,-11,88
3086520,78,70,11,77
3087030,99,27,-5,82
3087540,11,64,3,79
3088050,21,42,-2,81
3088560,43,9,-7,88
3089070,57,34,10,78
3089580,71,72,3,75
3090090,92,7,-3,78
3090600,84,44,-5,83
3091110,98,81,3,80
3091620,51,16,-6,86
3092130,65,19,9,77
3092640,21,56,-3,80
3093150,43,89,3,77
3093660,65,67,-1,78
3094170,86,34,-6,84
3094680,100,71,3,81
3095190,12,6,-2,83
3095700,42,75,5,78
3096210,64,53,-2,80
3096720,78,10,5,75
3097230,34,47,3,72
3097740,55,14,-13,85
3098250,69,17,11,74
3098760,25,54,-8,82
3099270,47,21,-2,84
3099780,61,59,5,79
3100290,91,16,-2,81
3100800,3,53,-6,87
3101310,13,60,7,80
3101820,23,93,-4,84
3102330,45,71,10,74
3102840,66,38,-6,80
3103350,80,76,3,77
3103860,38,43,-5,82
3104370,68,10,4,78
3104880,24,47,0,78
3105390,46,14,3,75
3105900,60,17,-3,78
3106410,16,54,-3,81
3106920,26,87,-5,86
3107430,48,65,8,78
3107940,69,32,4,74
3108450,83,70,-5,79
3108960,97,82,-3,82
3109470,9,17,0,82
3109980,39,86,2,80
3110490,61,7,-2,82
3111000,17,44,-5,87
3111510,27,77,6,81
3112020,49,55,6,75
3112530,70,22,-3,78
3113040,84,59,-2,80
3113550,98,96,-6,86
3114060,17,31,7,79
3114570,39,100,-3,82
3115080,68,78,10,72
3115590,89,90,-4,76
3116100,8,0,0,76
3116610,64,73,4,72
3117120,85,40,-11,83
3117630,99,78,3,80
3118140,11,13,-6,86
3118650,41,82,7,79
3119160,63,60,1,78
3119670,21,27,-6,84
3120180,63,96,6,78
3120690,84,24,-2,80
3121200,40,61,6,74
3121710,61,28,-7,81
3122220,75,66,-4,85
3122730,33,1,2,83
3123240,48,74,8,75
3123750,69,41,-6,81
3124260,83,79,7,74
3124770,2,91,-5,79
3125280,31,69,-3,82
3125790,53,72,9,73
3126300,74,39,-8,81
3126810,88,76,1,80
3127320,81,88,1,79
3127830,0,100,1,78
3128340,29,78,-1,79
3128850,51,56,7,72
3129360,30,23,-11,83
3129870,60,92,11,72
3130380,82,70,-3,75
3130890,96,82,-6,81
3131400,24,94,-2,83
3131910,46,72,6,77
3132420,68,39,-5,82
3132930,82,76,2,80
3133440,75,88,5,75
3133950,96,100,-4,79
3134460,15,10,-2,81
3134970,76,79,7,74
3135480,69,91,-9,83
3135990,90,48,-2,85
3136500,2,86,7,78
3137010,31,64,0,78
3137520,53,42,-1,79
3138030,81,9,-3,82
3138540,37,46,7,75
3139050,58,13,-7,82
3139560,14,50,3,79
3140070,24,83,-6,85
3140580,46,32,0,85
3141090,74,101,8,77
3141600,95,36,-2,79
3142110,7,73,-5,84
3142620,36,51,5,79
3143130,57,18,-6,85
3143640,71,21,9,76
3144150,85,58,-4,80
3144660,99,95,3,77
3145170,18,5,-6,83
3145680,48,78,10,73
3146190,70,56,-6,79
3146700,28,57,-2,81
3147210,50,24,1,80
3147720,64,62,2,78
3148230,43,29,-3,81
3148740,73,98,10,71
3149250,94,33,-11,82
3149760,6,70,-1,83
3150270,28,48,7,76
3150780,49,15,-5,81
3151290,63,18,0,81
3151800,77,55,8,73
3152310,91,92,-4,77
3152820,10,2,-6,83
3153330,66,75,10,73
3153840,87,87,-4,77
3154350,15,99,-2,79
3154860,44,77,0,79
3155370,65,55,3,76
3155880,95,12,-1,77
3156390,7,49,-3,80
3156900,17,82,-1,81
3157410,27,60,3,78
3157920,37,38,1,77
3158430,58,5,-4,81
3158940,14,78,-6,87
3159450,24,56,6,81
3159960,34,34,2,79
3160470,64,1,5,74
3160980,20,38,-3,77
3161490,41,5,-6,83
3162000,56,78,10,73
3162510,77,90,-5,78
3163020,98,0,2,76
3163530,90,37,3,73
3164040,2,74,-8,81
3164550,58,52,0,81
3165060,88,19,1,80
3165570,0,56,5,75
3166080,22,34,-3,78
3166590,52,1,8,70
3167100,8,38,-9,79
3167610,18,51,-1,80
3168120,28,54,0,80
3168630,49,21,1,79
3169140,63,58,2,77
3169650,21,15,-6,83
3170160,51,84,13,70
3170670,72,62,1,69
3171180,0,74,-3,72
3171690,56,52,-5,77
3172200,35,19,-7,84
3172710,65,88,6,78
3173220,86,23,3,75
3173730,100,60,-1,76
3174240,12,97,-4,80
3174750,41,75,3,77
3175260,62,53,1,76
3175770,20,10,-5,81
3176280,50,79,8,73
3176790,71,57,-4,77
3177300,29,7,-11,88
3177810,59,80,14,74
3178320,80,92,-4,78
3178830,101,2,-1,79
3179340,93,39,0,79
3179850,5,76,-5,84
3180360,34,54,9,75
3180870,55,21,-8,83
3181380,69,59,6,77
3181890,99,16,-4,81
3182400,11,53,-3,84
3182910,21,86,-3,87
3183420,31,64,13,74
3183930,53,42,-3,77
3184440,83,43,0,77
3184950,97,80,-1,78
3185460,25,15,-3,81
3185970,55,84,4,77
3186480,76,65,1,76
3186990,69,77,-1,77
3187500,90,12,1,76
3188010,2,49,-4,80
3188520,12,27,-1,81
3189030,7,60,-2,83
3189540,17,38,-2,85
3190050,27,9,4,81
3190560,57,82,9,72
3191070,78,94,0,72
3191580,99,29,-5,77
3192090,11,66,-4,81
3192600,21,44,1,80
3193110,31,77,2,78
3193620,60,55,4,74
3194130,39,12,-8,82
3194640,67,15,0,82
3195150,23,52,9,73
3195660,33,30,-9,82
3196170,63,99,9,73
3196680,85,34,-6,79
3197190,99,71,0,79
3197700,11,6,-6,85
3198210,72,79,8,77
3198720,93,36,1,76
3199230,5,73,1,75
3199740,27,51,-6,81
3200250,48,18,-3,84
3200760,62,101,5,79
3201270,83,36,1,78
3201780,97,73,1,77
3202290,9,8,-2,79
3202800,65,77,4,75
3203310,86,34,-9,84
3203820,100,71,7,77
3204330,12,6,-9,86
3204840,42,75,12,74
3205350,64,53,-1,75
3205860,22,90,-8,83
3206370,44,68,14,69
3206880,65,49,-15,84
3207390,93,86,6,78
3207900,21,21,-5,83
3208410,51,90,9,74
3208920,80,68,-2,76
3209430,8,80,-10,86
3209940,30,58,11,75
3210450,51,25,-5,80
3210960,65,62,10,70
3211470,58,74,-1,71
3211980,79,86,-4,75
3212490,100,21,1,74
3213000,12,58,-10,84
3213510,22,65,8,76
3214020,32,43,-4,80
3214530,53,10,-2,82
3215040,9,13,-3,85
3215550,39,82,10,75
3216060,68,60,2,73
3216570,61,17,-13,86
3217080,75,54,13,73
3217590,89,4,-3,76
3218100,81,41,-2,78
3218610,95,78,0,78
3219120,23,90,-1,79
3219630,45,68,7,72
3220140,66,49,-4,76
3220650,80,101,2,74
3221160,101,36,-3,77
3221670,13,73,-4,81
3222180,23,51,3,78
3222690,33,32,-7,85
3223200,63,101,11,74
3223710,85,36,-6,80
3224220,99,73,1,79
3224730,11,8,0,79
3225240,41,77,6,73
3225750,63,55,-5,78
3226260,93,5,-7,85
3226770,5,42,11,74
3227280,15,20,-8,82
3227790,45,89,8,74
3228300,74,67,-1,75
3228810,67,79,4,71
3229320,65,91,6,65
3229830,58,26,-18,83
3230340,72,64,10,73
3230850,65,76,-9,82
3231360,86,88,3,79
3231870,79,87,0,79
3232380,100,99,0,79
3232890,19,9,-2,81
3233400,49,78,6,75
3233910,70,59,-2,77
3234420,28,71,-1,78
3234930,50,49,1,77
3235440,29,16,-7,84
3235950,59,85,7,77
3236460,80,66,-1,78
3236970,8,23,-6,84
3237480,16,96,6,78
3237990,38,74,2,76
3238500,60,52,-3,79
3239010,18,19,1,78
3239520,48,88,0,78
3240030,70,66,1,77
3240540,63,78,7,70
3241050,84,90,-4,74
3241560,3,0,-2,76
3242070,59,73,3,73
3242580,80,40,-3,76
3243090,94,77,-1,77
3243600,22,89,-5,82
3244110,44,67,8,74
3244620,65,34,-3,77
3245130,79,71,4,73
3245640,72,83,0,73
3246150,93,95,-7,80
3246660,12,5,-2,82
3247170,73,74,2,80
3247680,66,86,15,65
3248190,87,98,-18,83
3248700,6,33,7,76
3249210,16,46,-3,79
3249720,26,53,-2,81
3250230,47,20,-1,82
3250740,61,23,-4,86
3251250,75,26,9,77
3251760,89,63,0,77
3252270,1,100,-2,79
3252780,57,78,5,74
3253290,78,90,3,71
3253800,99,0,-11,82
3254310,91,37,2,80
3254820,3,74,6,74
3255330,25,52,-2,76
3255840,46,19,-9,85
3256350,74,22,8,77
3256860,88,59,-1,78
3257370,0,96,-1,79
3257880,56,74,-1,80
3258390,77,41,1,79
3258900,91,78,3,76
3259410,19,90,-10,86
3259920,41,68,9,77
3260430,62,35,-4,81
3260940,76,73,7,74
3261450,97,85,-5,79
3261960,85,97,2,77
3262470,4,7,0,77
3262980,60,76,4,73
3263490,81,43,-6,79
3264000,95,80,2,77
3264510,23,92,-5,82
3265020,45,70,7,75
3265530,66,37,-4,79
3266040,80,74,4,75
3266550,73,86,-4,79
3267060,94,98,3,76
3267570,13,8,-5,81
3268080,43,77,6,75
3268590,64,55,-2,77
3269100,22,67,-4,81
3269610,32,74,-1,82
3270120,54,52,2,80
3270630,75,19,-4,84
3271140,89,56,6,78
3271650,1,93,3,75
3272160,57,71,4,71
3272670,78,38,-14,85
3273180,92,76,7,78
3273690,20,88,-2,80
3274200,42,66,0,80
3274710,63,33,1,79
3275220,77,70,6,73
3275730,98,82,-7,80
3276240,17,94,-4,84
3276750,39,72,11,73
3277260,60,50,-9,82
3277770,88,17,4,78
3278280,0,54,-9,87
3278790,10,61,3,84
3279300,20,68,1,83
3279810,30,75,9,74
3280320,52,53,-4,78
3280830,73,20,1,77
3281340,87,57,1,76
3281850,101,94,-4,80
3282360,20,4,-5,85
3282870,81,77,9,76
3283380,74,89,3,73
3283890,95,101,-2,75
3284400,14,11,-7,82
3284910,44,80,5,77
3285420,65,58,-6,83
3285930,23,59,0,83
3286440,45,62,9,74
3286950,66,29,-9,83
3287460,80,66,8,75
3287970,8,78,-2,77
3288480,30,56,-1,78
3288990,51,23,-4,82
3289500,65,5,8,74
3290010,79,78,3,71
3290520,100,90,-7,78
3291030,28,0,-15,93
3291540,89,85,13,80
3292050,8,20,-4,84
3292560,16,33,6,78
3293070,37,0,-4,82
3293580,52,73,5,77
3294090,73,40,2,75
3294600,87,77,-3,78
3295110,98,89,-1,79
3295620,17,101,-1,80
3296130,39,79,2,78
3296640,60,57,4,74
3297150,39,24,-10,84
3297660,67,93,11,73
3298170,88,28,-5,78
3298680,0,65,0,78
3299190,56,43,-9,87
3299700,84,10,11,76
3300210,98,55,1,75
3300720,10,92,-5,80
3301230,32,70,1,79
3301740,53,73,1,78
3302250,74,62,6,72
3302760,32,74,-8,80
3303270,53,52,2,78
3303780,74,19,1,77
3304290,88,56,-3,80
3304800,0,93,1,79
3305310,56,71,4,75
3305820,77,38,-3,78
3306330,91,75,-5,83
3306840,19,87,-1,84
3307350,41,65,9,75
3307860,62,32,-7,82
3308370,76,52,9,73
3308880,90,89,-2,75
3309390,9,101,-4,79
3309900,38,79,4,75
3310410,60,57,-1,76
3310920,81,24,-5,81
3311430,95,61,4,77
3311940,7,98,-1,78
3312450,92,76,2,76
3312960,20,88,-11,87
3313470,42,66,12,75
3313980,63,33,-5,80
3314490,77,70,10,70
3315000,5,82,-13,83
3315510,90,60,4,79
3316020,2,97,2,77
3316530,58,75,3,74
3317040,79,42,-8,82
3317550,93,79,2,80
3318060,34,91,0,80
3318570,56,69,7,73
3319080,77,36,-4,77
3319590,91,73,0,77
3320100,3,85,2,75
3320610,25,63,-8,83
3321120,47,86,9,74
3321630,68,45,-4,78
3322140,82,46,2,76
3322650,96,83,-4,80
3323160,15,95,-7,87
3323670,37,73,8,79
3324180,58,51,1,78
3324690,86,18,1,77
3325200,100,55,-2,79
3325710,12,92,-4,83
3326220,34,70,8,75
3326730,55,48,-10,85
3327240,83,15,12,73
3327750,97,52,-9,82
3328260,9,89,5,77
3328770,31,67,-2,79
3329280,52,45,-2,81
3329790,31,12,1,80
3330300,61,81,5,75
3330810,82,40,-6,81
3331320,96,77,5,76
3331830,8,89,-3,79
3332340,30,67,2,77
3332850,52,90,-1,78
3333360,73,49,-5,83
3333870,87,86,6,77
3334380,6,98,-7,84
3334890,91,76,1,83
3335400,19,88,3,80
3335910,41,66,7,73
3336420,62,25,-11,84
3336930,76,78,12,72
3337440,97,90,-11,83
3337950,16,0,4,79
3338460,77,73,6,73
3338970,35,85,-11,84
3339480,56,88,10,74
3339990,77,47,-3,77
3340500,91,84,-8,85
3341010,10,96,1,84
3341520,66,74,7,77
3342030,87,86,3,74
3342540,6,98,-7,81
3343050,91,76,-3,84
3343560,19,88,-2,86
3344070,41,66,11,75
3344580,62,33,-7,82
3345090,76,70,9,73
3345600,4,82,-6,79
3346110,60,60,0,79
3346620,18,27,-4,83
3347130,48,88,8,75
3347640,69,47,-1,76
3348150,83,59,-4,80
3348660,97,71,10,70
3349170,9,83,-9,79
3349680,31,61,0,79
3350190,52,28,-5,84
3350700,95,48,7,77
3351210,7,85,-7,84
3351720,92,63,4,80
3352230,4,79,1,79
3352740,60,57,-3,82
3353250,90,69,4,78
3353760,2,81,-6,84
3354270,58,59,6,78
3354780,88,26,0,78
3355290,0,63,4,74
3355800,56,41,-11,85
3356310,84,8,-3,88
3356820,76,45,14,74
3357330,90,8,-4,78
3357840,82,45,-3,81
3358350,96,82,3,78
3358860,24,94,-6,84
3359370,46,72,8,76
3359880,67,31,-4,80
3360390,81,68,3,77
3360900,9,80,-5,82
3361410,31,58,6,76
3361920,52,25,-12,88
3362430,80,7,11,77
3362940,94,44,-6,83
3363450,6,81,-2,85
3363960,28,59,7,78
3364470,49,26,-4,82
3364980,77,46,3,79
3365490,91,83,-3,82
3366000,19,95,-2,84
3366510,41,73,8,76
3367020,62,62,-3,79
3367530,92,74,1,78
3368040,20,55,-6,84
3368550,30,62,7,77
3369060,51,29,-5,82
3369570,79,49,8,74
3370080,93,61,-4,78
3370590,5,98,-7,85
3371100,90,76,6,79
3371610,18,88,-1,80
3372120,40,66,0,80
3372630,61,55,4,76
3373140,91,67,3,73
3373650,3,27,-7,80
3374160,13,33,-1,81
3374670,21,56,-1,82
3375180,31,63,-4,86
3375690,52,30,7,79
3376200,66,50,0,79
3376710,80,48,4,75
3377220,94,85,-8,83
3377730,22,97,2,81
3378240,44,75,4,77
3378750,65,64,1,76
3379260,95,76,1,75
3379770,7,88,-11,86
3380280,29,66,6,80
3380790,50,55,2,78
3381300,71,22,0,78
3381810,85,59,4,74
3382320,99,71,-6,80
3382830,11,83,-1,81
3383340,33,61,7,74
3383850,54,28,-9,83
3384360,68,10,12,71
3384870,82,55,-9,80
3385380,96,92,5,75
3385890,1,2,-4,79
3386400,57,71,3,76
3386910,78,38,-7,83
3387420,92,75,9,74
3387930,20,87,-12,86
3388440,42,65,7,79
3388950,63,32,-10,89
3389460,77,14,13,76
3389970,91,51,-4,80
3390480,3,75,6,74
3390990,59,53,-4,78
3391500,89,65,2,76
3392010,1,77,-5,81
3392520,57,55,6,75
3393030,87,67,0,75
3393540,101,79,-2,77
3394050,13,91,-7,84
3394560,35,69,5,79
3395070,56,36,-10,89
3395580,84,18,10,79
3396090,98,55,-3,82
3396600,10,92,-1,83
3397110,32,70,7,76
3397620,53,59,-1,77
3398130,83,26,2,75
3398640,97,63,-4,79
3399150,9,100,1,78
3399660,31,78,-5,83
3400170,53,101,5,78
3400680,74,90,9,69
3401190,95,0,-5,74
3401700,87,37,-7,81
3402210,101,74,0,81
3402720,13,86,0,81
3403230,35,64,5,76
3403740,56,53,2,74
3404250,86,20,-3,77
3404760,100,57,-1,78
3405270,12,94,-3,81
3405780,34,72,1,80
3406290,56,61,7,73
3406800,86,28,-4,77
3407310,100,65,-1,78
3407820,12,0,-8,86
3408330,73,73,7,79
3408840,1,85,-2,81
3409350,57,63,6,75
3409860,87,30,-2,77
3410370,101,67,1,76
3410880,13,2,-7,83
3411390,74,71,5,78
3411900,2,83,-4,82
3412410,58,61,8,74
3412920,79,28,-11,85
3413430,93,65,7,78
3413940,5,8,-2,80
3414450,35,77,4,76
3414960,57,66,-2,78
3415470,78,33,0,78
3415980,92,70,6,72
3416490,4,82,-9,81
3417000,60,60,6,75
3417510,90,27,-10,85
3418020,2,64,4,81
3418530,24,42,-4,85
3419040,45,9,2,83
3419550,59,29,-1,84
3420060,73,11,3,81
3420570,87,56,-1,82
3421080,101,68,3,79
3421590,13,80,-6,85
3422100,35,58,9,76
3422610,56,25,-14,90
3423120,70,7,13,77
3423630,84,52,-1,78
3424140,98,89,-1,79
3424650,26,101,-8,87
3425160,48,79,13,74
3425670,69,68,-2,76
3426180,99,80,-6,82
3426690,25,92,-2,84
3427200,47,81,9,75
3427710,68,70,-6,81
3428220,20,82,-2,83
3428730,42,60,5,78
3429240,63,27,-8,86
3429750,77,30,4,82
3430260,91,33,7,75
3430770,3,70,-4,79
3431280,59,48,-5,84
3431790,89,15,7,77
3432300,1,60,-5,82
3432810,23,38,2,80
3433320,44,5,0,80
3433830,58,78,7,73
3434340,79,67,-4,77
3434850,7,79,-6,83
3435360,29,57,3,80
3435870,50,24,2,78
3436380,64,50,-1,79
3436890,78,17,2,77
3437400,92,54,-5,82
3437910,4,91,9,73
3438420,60,69,0,73
3438930,81,36,-2,75
3439440,95,73,-10,85
3439950,7,8,6,79
3440460,37,77,6,73
3440970,59,66,-2,75
3441480,89,55,-8,83
3441990,1,92,4,79
3442500,23,70,-8,87
3443010,45,77,10,77
3443520,66,66,-1,78
3444030,45,33,-3,81
3444540,73,0,7,74
3445050,65,73,-4,78
3445560,86,85,3,75
3446070,79,97,-2,77
3446580,72,32,-3,80
3447090,86,69,-1,81
3447600,49,81,6,75
3448110,70,70,-8,83
3448620,100,82,6,77
3449130,28,94,-10,87
3449640,50,83,13,74
3450150,71,42,-5,79
3450660,85,62,9,70
3451170,99,74,-4,74
3451680,11,86,-13,87
3452190,33,64,13,74
3452700,54,31,-7,81
3453210,68,13,5,76
3453720,82,58,2,74
3454230,96,27,-8,82
3454740,8,64,0,82
3455250,30,71,-1,83
3455760,52,94,6,77
3456270,73,83,-5,82
3456780,94,95,0,82
3457290,22,5,1,81
3457800,83,74,2,79
3458310,46,86,4,75
3458820,68,75,5,70
3459330,61,87,-7,77
3459840,82,76,2,75
3460350,93,88,-4,79
3460860,21,100,2,77
3461370,43,78,-4,81
3461880,64,67,6,75
3462390,43,34,-8,83
3462900,71,1,7,76
3463410,64,46,-2,78
3463920,92,66,0,78
3464430,4,78,1,77
3464940,60,56,2,75
3465450,90,23,-5,80
3465960,2,60,1,79
3466470,63,67,1,78
3466980,93,56,-3,81
3467490,5,93,-1,82
3468000,61,71,5,77
3468510,82,38,-7,84
3469020,96,75,5,79
3469530,8,87,-4,83
3470040,30,65,5,78
3470550,52,88,-1,79
3471060,73,77,7,72
3471570,66,89,-1,73
3472080,87,78,-1,74
3472590,98,90,-3,77
3473100,26,0,-5,82
3473610,87,73,-2,84
3474120,98,85,9,75
3474630,26,97,-8,83
3475140,48,75,11,72
3475650,69,64,-5,77
3476160,99,76,0,77
3476670,11,88,-6,83
3477180,33,26,6,77
3477690,56,95,2,75
3478200,77,84,3,72
3478710,98,96,-5,77
3479220,26,6,-2,79
3479730,87,79,-5,84
3480240,98,91,3,81
3480750,26,1,6,75
3481260,87,74,-6,81
3481770,98,86,7,74
3482280,7,98,-4,78
3482790,29,29,-7,85
3483300,59,98,11,74
3483810,80,87,-2,76
3484320,101,99,-5,81
3484830,29,9,2,79
3485340,57,93,9,70
3485850,79,82,-10,80
3486360,100,94,-1,81
3486870,28,4,3,78
3487380,89,77,3,75
3487890,100,89,1,74
3488400,28,101,-8,82
3488910,50,79,9,73
3489420,71,38,-6,79
3489930,85,20,2,77
3490440,99,57,-5,82
3490950,11,94,6,76
3491460,33,72,1,75
3491970,55,61,-3,78
3492480,85,28,-1,79
3492990,41,65,7,72
3493500,62,32,-12,84
3494010,76,14,7,77
3494520,90,59,3,74
3495030,2,71,-6,80
3495540,58,49,3,77
3496050,86,16,1,76
3496560,100,53,-2,78
3497070,12,90,-7,85
3497580,34,68,8,77
3498090,55,57,3,74
3498600,85,24,-5,79
3499110,41,61,8,71
3499620,62,28,-12,83
3500130,76,10,9,74
3500640,32,55,-9,83
3501150,53,22,1,82
3501660,67,4,5,77
3502170,23,49,-5,82
3502680,44,16,5,77
3503190,58,36,-3,80
3503700,72,18,1,79
3504210,28,55,-5,84
3504720,49,22,-2,86
3505230,63,4,12,74
3505740,19,49,-3,77
3506250,41,56,6,71
3506760,62,23,-12,83
3507270,76,5,6,77
3507780,32,50,2,75
3508290,53,17,-10,85
3508800,67,101,7,78
3509310,88,90,0,78
3509820,7,0,-1,79
3510330,63,69,5,74
3510840,84,81,-9,83
3511350,44,16,4,79
3511860,58,100,3,76
3512370,79,89,-4,80
3512880,100,101,6,74
3513390,19,36,-8,82
3513900,40,3,-3,85
3514410,54,88,6,79
3514920,75,77,8,71
3515430,68,89,-4,75
3515940,89,78,-6,81
3516450,100,90,1,80
3516960,9,25,4,76
3517470,65,94,-5,81
3517980,86,83,2,79
3518490,14,95,-2,81
3519000,36,73,3,78
3519510,58,62,0,78
3520020,88,51,-3,81
3520530,0,88,-1,82
3521040,56,66,5,77
3521550,77,33,-7,84
3522060,91,36,8,76
3522570,3,72,-7,83
3523080,59,50,3,80
3523590,87,17,4,76
3524100,101,54,-7,83
3524610,13,91,-1,84
3525120,35,69,5,79
3525630,57,58,5,74
3526140,36,25,-8,82
3526650,64,94,6,76
3527160,85,83,0,76
3527670,78,95,-2,78
3528180,99,5,-3,81
3528690,91,78,-1,82
3529200,0,90,-1,83
3529710,56,68,6,77
3530220,77,35,-5,82
3530730,91,72,4,78
3531240,17,7,-10,88
3531750,45,76,13,75
3532260,66,65,4,71
3532770,59,54,-9,80
3533280,87,21,-2,82
3533790,43,58,12,70
3534300,64,25,-13,83
3534810,78,7,9,74
3535320,92,52,-6,80
3535830,4,89,2,78
3536340,60,67,5,73
3536850,82,34,-4,77
3537360,96,71,-7,84
3537870,8,6,5,79
3538380,64,75,9,70
3538890,85,87,-11,81
3539400,4,99,-1,82
3539910,60,77,10,72
3540420,81,66,-4,76
3540930,92,4,-4,80
3541440,84,77,2,78
3541950,47,89,7,71
3542460,69,78,-7,78
3542970,90,90,-2,80
3543480,18,0,-3,83
3543990,79,73,1,82
3544500,42,85,2,80
3545010,64,74,6,74
3545520,85,63,-5,79
3546030,99,75,-10,89
3546540,11,10,7,82
3547050,39,79,1,81
3547560,61,68,12,69
3548070,83,35,-10,79
3548580,97,38,-1,80
3549090,9,75,-2,82
3549600,31,53,5,77
3550110,52,20,-5,82
3550620,66,2,8,74
3551130,80,68,-8,82
3551640,6,80,4,78
3552150,28,58,-1,79
3552660,50,25,0,79
3553170,64,7,4,75
3553680,20,52,-8,83
3554190,42,59,5,78
3554700,63,26,-5,83
3555210,77,8,11,72
3555720,91,53,-4,76
3556230,3,90,-4,80
3556740,59,68,3,77
3557250,80,35,-2,79
3557760,94,72,1,78
3558270,6,7,-4,82
3558780,62,76,12,70
3559290,83,88,-7,77
3559800,3,100,-9,86
3560310,59,78,15,71
3560820,80,67,-2,73
3561330,91,79,-12,85
3561840,17,91,5,80
3562350,39,69,4,76
3562860,61,58,0,76
3563370,83,47,-1,77
3563880,97,84,0,77
3564390,23,96,-19,96
3564900,45,74,16,80
3565410,66,63,11,69
3565920,59,75,-7,76
3566430,80,87,-4,80
3566940,101,22,2,78
3567450,13,59,-2,80
3567960,23,66,-1,81
3568470,45,89,0,81
3568980,67,78,11,70
3569490,88,90,-10,80
3570000,8,25,-6,86
3570510,64,31,1,85
3571020,78,13,8,77
3571530,92,58,0,77
3572040,4,95,-5,82
3572550,60,73,3,79
3573060,82,62,2,77
3573570,96,84,2,75
3574080,22,19,-8,83
3574590,45,88,9,74
3575100,67,77,5,69
3575610,88,12,-13,82
3576120,0,49,0,82
3576630,22,56,1,81
3577140,44,63,5,76
3577650,65,52,-3,79
3578160,93,64,-2,81
3578670,5,101,1,80
3579180,61,79,5,75
3579690,82,68,4,71
3580200,45,3,-15,86
3580710,59,88,16,70
3581220,81,23,-5,75
3581730,95,60,1,74
3582240,7,97,-6,80
3582750,29,75,-3,83
3583260,51,82,4,79
3583770,73,71,8,71
3584280,66,83,-1,72
3584790,87,18,-5,77
3585300,101,55,-5,82
3585810,13,92,-5,87
3586320,35,70,7,80
3586830,57,93,5,75
3587340,79,82,2,73
3587850,72,17,-5,78
3588360,32,54,-2,80
3588870,53,35,-3,83
3589380,67,17,3,80
3589890,23,20,-5,85
3590400,46,89,7,78
3590910,68,78,2,76
3591420,90,90,-7,83
3591930,16,25,4,79
3592440,24,94,-3,82
3592950,46,36,3,79
3593460,74,3,1,78
3593970,88,76,-4,82
3594480,99,88,1,81
3594990,25,23,0,81
3595500,48,92,2,79
3596010,70,81,4,75
3596520,92,93,-1,76
3597030,12,28,-4,80
3597540,20,34,-3,83
3598050,43,1,-1,84
3598560,57,74,6,78
3599070,78,63,-3,81
3599580,41,100,-4,85
3600090,63,89,11,74
3600600,85,24,-9,83
3601110,99,61,2,81
3601620,11,98,-1,82
3602130,33,76,-1,83
3602640,55,99,3,80
3603150,77,88,1,79
3603660,99,23,-2,81
3604170,11,60,5,76
3604680,21,38,-4,80
3605190,51,5,-7,87
3605700,65,50,7,80
3606210,79,51,7,73
3606720,93,88,-7,80
3607230,2,23,-3,83
3607740,58,29,-3,86
3608250,72,11,6,80
3608760,86,56,7,73
3609270,100,44,-8,81
3609780,12,81,2,79
3610290,34,59,5,74
3610800,55,48,-9,83
3611310,83,15,4,79
3611820,97,60,-1,80
3612330,9,97,-4,84
3612840,31,75,5,79
3613350,53,98,-1,80
3613860,75,87,8,72
3614370,97,99,-9,81
3614880,17,34,-3,84
3615390,39,1,3,81
3615900,53,86,6,75
3616410,75,21,-4,79
3616920,89,58,-2,81
3617430,1,95,1,80
3617940,57,73,9,71
3618450,50,8,-16,87
3618960,64,11,10,77
3619470,78,56,0,77
3619980,92,68,1,76
3620490,4,3,-2,78
3621000,60,72,6,72
3621510,82,84,-4,76
3622020,2,19,-6,82
3622530,58,25,-3,85
3623040,72,7,13,72
3623550,28,80,-10,82
3624060,50,1,4,78
3624570,64,74,0,78
3625080,86,86,0,78
3625590,6,98,0,78
3626100,28,76,2,76
3626610,50,54,1,75
3627120,29,43,-7,82
3627630,59,10,5,77
3628140,15,55,-4,81
3628650,25,33,6,75
3629160,48,0,-7,82
3629670,62,73,6,76
3630180,84,85,0,76
3630690,95,20,-4,80
3631200,7,57,-5,85
3631710,17,64,2,83
3632220,39,71,3,80
3632730,61,52,4,76
3633240,89,64,-4,80
3633750,1,101,4,76
3634260,57,79,-2,78
3634770,78,68,2,76
3635280,89,3,-4,80
3635790,1,76,-5,85
3636300,57,54,4,81
3636810,80,55,6,75
3637320,94,67,-3,78
3637830,6,2,-2,80
3638340,62,75,9,71
3638850,84,87,-2,73
3639360,4,99,-11,84
3639870,26,77,-1,85
3640380,48,84,5,80
3640890,70,73,4,76
3641400,92,85,0,76
3641910,1,97,4,72
3642420,57,75,-6,78
3642930,49,34,-15,93
3643440,72,16,17,76
3643950,28,89,-12,88
3644460,50,96,10,78
3644970,72,85,-2,80
3645480,93,97,2,78
3645990,12,32,-8,86
3646500,34,13,5,81
3647010,48,97,-1,82
3647520,70,86,11,71
3648030,91,98,-3,74
3648540,0,8,-7,81
3649050,56,81,3,78
3649560,77,70,9,69
3650070,88,82,-9,78
3650580,99,94,5,73
3651090,8,4,-7,80
3651600,36,73,-3,83
3652110,58,54,8,75
3652620,80,55,-7,82
3653130,94,92,0,82
3653640,3,27,-2,84
3654150,59,34,-1,85
3654660,73,16,10,75
3655170,87,61,-1,76
3655680,101,98,-3,79
3656190,10,8,-2,81
3656700,18,77,1,80
3657210,40,55,3,77
3657720,61,22,-7,84
3658230,75,25,10,74
3658740,89,28,-2,76
3659250,1,65,-4,80
3659760,23,72,-2,82
3660270,45,79,9,73
3660780,67,93,1,72
3661290,89,52,-6,78
3661800,1,89,1,77
3662310,57,67,3,74
3662820,78,56,0,74
3663330,92,57,-3,77
3663840,4,94,4,73
3664350,26,72,-9,82
3664860,48,79,5,77
3665370,70,38,-5,82
3665880,84,41,-2,84
3666390,98,44,5,79
3666900,10,81,0,79
3667410,32,59,2,77
3667920,53,48,-1,78
3668430,76,15,1,77
3668940,32,88,-2,79
3669450,54,77,5,74
3669960,75,36,-8,82
3670470,89,74,4,78
3670980,100,86,-5,83
3671490,9,98,1,82
3672000,31,76,2,80
3672510,53,99,4,76
3673020,75,58,-6,82
3673530,38,59,6,76
3674040,59,48,-4,80
3674550,87,49,0,80
3675060,101,87,2,78
3675570,10,99,-2,80
3676080,32,77,7,73
3676590,54,66,-3,76
3677100,75,33,-5,81
3677610,89,36,-1,82
3678120,1,73,2,80
3678630,23,51,8,72
3679140,45,65,-2,74
3679650,66,66,-4,78
3680160,77,78,5,73
3680670,88,90,-8,81
3681180,99,0,5,76
3681690,11,73,-8,84
3682200,33,80,7,77
3682710,55,69,-2,79
3683220,76,36,-3,82
3683730,90,74,5,77
3684240,101,86,-2,79
3684750,10,98,-1,80
3685260,32,76,2,78
3685770,54,79,3,75
3686280,75,38,-4,79
3686790,89,41,-2,81
3687300,1,79,6,75
3687810,57,57,2,73
3688320,36,80,-4,77
3688830,58,69,5,72
3689340,79,36,-4,76
3689850,93,39,-4,80
3690360,5,77,-3,83
3690870,27,55,7,76
3691380,49,69,0,76
3691890,70,28,-6,82
3692400,84,31,-2,84
3692910,98,34,1,83
3693420,10,37,6,77
3693930,20,43,-4,81
3694440,42,10,0,81
3694950,56,83,8,73
3695460,78,42,-3,76
3695970,92,80,-3,79
3696480,1,92,-3,82
3696990,57,70,10,72
3697500,78,29,-10,82
3698010,92,32,0,82
3698520,4,69,-4,86
3699030,26,47,2,84
3699540,47,14,2,82
3700050,61,87,7,75
3700560,82,15,2,73
3701070,38,88,-6,79
3701580,60,77,2,77
3702090,81,78,-5,82
3702600,42,90,6,76
3703110,64,79,2,74
3703620,85,91,0,74
3704130,4,1,-5,79
3704640,60,74,6,73
3705150,81,33,-9,82
3705660,95,36,3,79
3706170,7,74,-6,85
3706680,29,52,6,79
3707190,50,19,-1,80
3707700,64,1,1,79
3708210,20,74,-3,82
3708720,42,81,5,77
3709230,64,70,2,75
3709740,43,82,-4,79
3710250,65,96,7,72
3710760,87,24,-3,75
3711270,43,61,2,73
3711780,64,42,-4,77
3712290,3,43,-3,80
3712800,13,50,0,80
3713310,23,57,3,77
3713820,45,64,4,73
3714330,66,65,-3,76
3714840,45,77,-1,77
3715350,67,66,-4,81
3715860,28,67,3,78
3716370,50,70,6,72
3716880,71,29,-7,79
3717390,85,67,-2,81
3717900,48,79,7,74
3718410,70,68,-14,88
3718920,31,69,11,77
3719430,53,72,2,75
3719940,74,73,-2,77
3720450,35,85,-1,78
3720960,57,88,8,70
3721470,3,47,-12,82
3721980,13,54,3,79
3722490,23,61,-3,82
3723000,22,68,-5,87
3723510,44,75,13,74
3724020,65,89,2,72
3724530,86,48,-10,82
3725040,100,86,4,78
3725550,12,98,3,75
3726060,34,76,-3,78
3726570,56,61,2,76
3727080,35,73,-5,81
3727590,57,76,10,71
3728100,78,35,-2,73
3728610,92,73,-6,79
3729120,4,85,-2,81
3729630,26,63,0,81
3730140,48,70,7,74
3730650,69,71,2,72
3731160,30,83,-8,80
3731670,52,86,5,75
3732180,73,45,-4,79
3732690,87,83,2,77
3733200,48,95,0,77
3733710,70,84,-1,78
3734220,91,96,-2,80
3734730,10,6,-1,81
3735240,18,79,1,80
3735750,40,57,3,77
3736260,61,28,-8,85
3736770,75,10,7,78
3737280,31,83,1,77
3737790,53,72,1,76
3738300,74,31,-2,78
3738810,88,28,-6,84
3739320,44,31,-3,87
3739830,67,13,10,77
3740340,23,86,-8,85
3740850,45,89,9,76
3741360,67,78,-3,79
3741870,88,37,-5,84
3742380,0,40,6,78
3742890,10,47,-5,83
3743400,20,54,4,79
3743910,42,61,3,76
3744420,63,32,-1,77
3744930,77,14,2,75
3745440,33,87,-9,84
3745950,55,90,7,77
3746460,76,49,0,77
3746970,90,50,-2,79
3747480,2,88,-1,80
3747990,24,66,-7,87
3748500,46,73,13,74
3749010,67,32,-7,81
3749520,81,6,4,77
3750030,37,79,0,77
3750540,59,82,8,69
3751050,80,41,-8,77
3751560,94,44,-1,78
3752070,6,47,-3,81
3752580,16,54,-3,84
3753090,26,57,5,79
3753600,48,38,1,78
3754110,71,5,1,77
3754620,27,78,1,76
3755130,49,81,0,76
3755640,70,40,2,74
3756150,84,78,-4,78
3756660,45,90,-4,82
3757170,67,79,7,75
3757680,88,38,-7,82
3758190,0,41,4,78
3758700,15,48,0,78
3759210,25,55,-3,81
3759720,47,58,2,79
3760230,11,25,-7,86
3760740,99,98,4,82
3761250,18,8,-2,84
3761760,41,77,9,75
3762270,62,66,2,73
3762780,48,25,-16,89
3763290,62,7,14,75
3763800,18,80,-8,83
3764310,40,58,12,71
3764820,61,17,-8,79
3765330,17,20,-4,83
3765840,40,89,0,83
3766350,62,78,7,76
3766860,83,37,-2,78
3767370,97,40,-6,84
3767880,9,78,3,81
3768390,31,56,6,75
3768900,52,15,-12,87
3769410,66,99,10,77
3769920,87,58,-6,83
3770430,101,70,9,74
3770940,13,5,-10,84
3771450,36,78,3,81
3771960,58,81,11,70
3772470,79,40,-11,81
3772980,93,78,6,75
3773490,5,90,-6,81
3774000,27,68,-3,84
3774510,49,75,7,77
3775020,70,34,-5,82
3775530,84,16,4,78
3776040,40,89,-3,81
3776550,62,92,4,77
3777060,83,51,2,75
3777570,97,89,-4,79
3778080,6,101,0,79
3778590,28,79,-7,86
3779100,50,86,11,75
3779610,71,45,1,74
3780120,85,27,-3,77
3780630,41,30,-2,79
3781140,64,99,0,79
3781650,85,58,4,75
3782160,99,59,-8,83
3782670,11,97,7,76
3783180,33,75,2,74
3783690,55,78,1,73
3784200,76,37,-7,80
3784710,90,19,-3,83
3785220,46,92,7,76
3785730,68,51,-4,80
3786240,82,52,-4,84
3786750,96,34,2,82
3787260,8,37,4,78
3787770,18,50,-3,81
3788280,28,57,6,75
3788790,50,38,-7,82
3789300,64,5,7,75
3789810,20,78,-9,84
3790320,42,85,5,79
3790830,64,74,7,72
3791340,85,33,-2,74
3791850,41,36,-2,76
3792360,64,3,0,76
3792870,20,76,-9,85
3793380,42,83,9,76
3793890,64,72,4,72
3794400,85,31,-12,84
3794910,41,34,1,83
3795420,64,1,8,75
3795930,20,74,-5,80
3796440,42,81,5,75
3796950,63,70,1,74
3797460,84,82,0,74
3797970,45,94,-11,85
3798480,66,83,10,75
3798990,87,42,-5,80
3799500,101,45,-4,84
3800010,13,83,4,80
3800520,35,61,-4,84
3801030,56,42,6,78
3801540,70,43,3,75
3802050,84,25,-6,81
3802560,40,98,-4,85
3803070,62,101,8,77
3803580,83,60,-2,79
3804090,97,61,-5,84
3804600,9,99,1,83
3805110,31,77,3,80
3805620,53,80,1,79
3806130,74,39,2,77
3806640,88,21,-6,83
3807150,44,94,0,83
3807660,66,83,10,73
3808170,87,42,-5,78
3808680,101,45,1,77
3809190,13,48,-6,83
3809700,23,55,3,80
3810210,45,58,4,76
3810720,66,25,-4,80
3811230,80,7,5,75
3811740,36,80,0,75
3812250,57,1,0,75
3812760,13,74,-11,86
3813270,35,81,9,77
3813780,57,84,3,74
3814290,78,43,-3,77
3814800,92,81,-2,79
3815310,1,93,-2,81
3815820,23,71,1,80
3816330,45,78,4,76
3816840,66,37,-5,81
3817350,80,19,5,76
3817860,36,92,-3,79
3818370,57,81,2,77
3818880,78,40,-2,79
3819390,92,22,-7,86
3819900,48,95,8,78
3820410,69,84,4,74
3820920,90,43,-9,83
3821430,2,46,0,83
3821940,12,53,3,80
3822450,22,60,-4,84
3822960,44,67,13,71
3823470,65,26,-14,85
3823980,21,8,-1,86
3824490,44,77,6,80
3825000,65,66,1,79
3825510,26,78,-3,82
3826020,48,85,2,80
3826530,69,44,-2,82
3827040,83,26,-1,83
3827550,39,29,1,82
3828060,62,98,3,79
3828570,83,57,-2,81
3829080,97,39,0,81
3829590,9,42,0,81
3830100,31,45,1,80
3830610,52,12,0,80
3831120,66,96,6,74
3831630,87,23,-8,82
3832140,43,34,-2,84
3832650,66,1,9,75
3833160,22,74,-6,81
3833670,44,81,3,78
3834180,65,70,6,72
3834690,86,82,-12,84
3835200,5,94,6,78
3835710,27,72,-4,82
3836220,49,79,11,71
3836730,70,38,-11,82
3837240,84,20,4,78
3837750,40,23,-2,80
3838260,63,5,4,76
3838770,19,78,-8,84
3839280,41,85,2,82
3839790,62,88,9,73
3840300,83,47,-4,77
3840810,97,29,-1,78
3841320,53,32,-1,79
3841830,67,14,5,74
3842340,23,87,-5,79
3842850,45,65,4,75
3843360,66,66,-3,78
3843870,27,67,-2,80
3844380,49,90,1,79
3844890,70,79,0,79
3845400,91,46,-1,80
3845910,3,28,-4,84
3846420,91,31,4,80
3846930,47,34,0,80
3847440,70,1,7,73
3847950,26,74,-9,82
3848460,48,81,9,73
3848970,69,70,-10,83
3849480,90,71,7,76
3849990,46,83,-9,85
3850500,67,72,9,76
3851010,88,84,-5,81
3851520,7,96,-4,85
3852030,29,74,2,83
3852540,51,81,9,74
3853050,72,40,0,74
3853560,86,22,-4,78
3854070,42,95,-8,86
3854580,64,98,9,77
3855090,85,87,-5,82
3855600,4,99,-3,85
3856110,58,77,12,73
3856620,79,36,-8,81
3857130,93,74,1,80
3857640,2,75,0,80
3858150,24,53,-5,85
3858660,46,56,10,75
3859170,67,23,-1,76
3859680,23,26,-5,81
3860190,46,95,0,81
3860700,68,84,3,78
3861210,89,96,-7,85
3861720,8,6,2,83
3862230,64,75,9,74
3862740,85,42,-8,82
3863250,99,80,4,78
3863760,8,67,-5,83
3864270,30,74,5,78
3864780,52,77,1,77
3865290,73,66,-1,78
3865800,52,67,-3,81
3866310,73,34,-4,85
3866820,87,16,9,76
3867330,43,89,-2,78
3867840,65,10,1,77
3868350,21,83,-7,84
3868860,4,61,2,82
3869370,26,68,-1,83
3869880,48,75,8,75
3870390,69,34,-9,84
3870900,83,16,3,81
3871410,39,89,0,81
3871920,61,92,7,74
3872430,82,51,0,74
3872940,96,89,-4,78
3873450,15,101,-2,80
3873960,37,79,-2,82
3874470,59,0,7,75
3874980,15,73,-8,83
3875490,37,80,2,81
3876000,59,83,9,72
3876510,80,42,-8,80
3877020,94,24,-5,85
3877530,50,27,1,84
3878040,64,9,6,78
3878550,20,82,-9,87
3879060,42,89,11,76
3879570,64,78,-3,79
3880080,85,45,-4,83
3880590,99,48,3,80
3881100,11,86,-3,83
3881610,33,64,6,77
3882120,55,78,8,69
3882630,76,37,-15,84
3883140,90,19,5,79
3883650,46,92,-4,83
3884160,68,81,12,71
3884670,89,93,-9,80
3885180,50,3,1,79
3885690,64,76,-2,81
3886200,85,43,1,80
3886710,99,46,0,80
3887220,11,84,-7,87
3887730,33,62,7,80
3888240,54,29,-1,81
3888750,68,11,7,74
3889260,24,84,-5,79
3889770,46,87,-3,82
3890280,68,90,11,71
3890790,89,49,-14,85
3891300,1,87,9,76
3891810,23,65,-2,78
3892320,45,68,1,77
3892830,66,35,-7,84
3893340,80,42,6,78
3893850,94,24,0,78
3894360,6,97,-4,82
3894870,28,75,0,82
3895380,50,98,6,76
3895890,72,87,0,76
3896400,93,99,0,76
3896910,12,9,-6,82
3897420,35,78,6,76
3897930,57,81,-2,78
3898440,78,70,3,75
3898950,57,82,3,72
3899460,79,41,0,72
3899970,93,23,-7,79
3900480,49,60,7,72
3900990,70,27,-10,82
3901500,84,9,6,76
3902010,40,82,-2,78
3902520,62,3,-1,79
3903030,18,76,-5,84
3903540,40,83,5,79
3904050,62,4,8,71
3904560,18,77,-10,81
3905070,40,55,8,73
3905580,61,22,-12,85
3906090,75,4,9,76
3906600,31,77,-5,81
3907110,53,80,2,79
3907620,75,39,6,73
3908130,89,42,-11,84
3908640,1,80,9,75
3909150,57,58,-7,82
3909660,36,25,-5,87
3910170,23,94,-2,89
3910680,45,72,13,76
3911190,66,31,-8,84
3911700,80,13,10,74
3912210,36,86,-10,84
3912720,58,7,5,79
3913230,14,80,-4,83
3913740,36,58,8,75
3914250,58,25,-10,85
3914760,72,7,8,77
3915270,40,80,1,76
3915780,62,94,-2,78
3916290,84,83,-2,80
3916800,63,95,6,74
3917310,85,54,2,72
3917820,99,36,-11,83
3918330,11,39,2,81
3918840,21,42,-1,82
3919350,42,9,2,80
3919860,56,93,4,76
3920370,78,82,-3,79
3920880,99,94,-1,80
3921390,60,4,0,80
3921900,16,77,-4,84
3922410,38,55,2,82
3922920,59,22,2,80
3923430,73,4,4,76
3923940,29,77,0,76
3924450,51,80,3,73
3924960,72,39,-2,75
3925470,86,21,-11,86
3925980,42,24,4,82
3926490,65,6,-1,83
3927000,21,79,3,80
3927510,43,86,2,78
3928020,65,75,7,71
3928530,86,87,-15,86
3929040,65,99,14,72
3929550,86,58,-6,78
3930060,100,40,-5,83
3930570,12,78,1,82
3931080,34,56,0,82
3931590,55,23,0,82
3932100,69,5,6,76
3932610,25,78,-7,83
3933120,47,81,9,74
3933630,69,70,-6,80
3934140,48,37,-1,81
3934650,71,4,8,73
3935160,27,77,-6,79
3935670,49,80,5,74
3936180,71,69,-6,80
3936690,50,81,3,77
3937200,55,70,4,73
3937710,89,37,-8,81
3938220,1,40,6,75
3938730,11,43,-1,76
3939240,53,46,1,75
3939750,20,13,-7,82
3940260,43,82,6,76
3940770,65,71,3,73
3941280,86,83,-1,74
3941790,65,95,-3,77
3942300,86,54,1,76
3942810,100,91,-3,79
3943320,32,1,-3,82
3943830,47,85,6,76
3944340,69,74,3,73
3944850,90,86,-4,77
3945360,101,98,-1,78
3945870,20,8,-6,84
3946380,43,77,10,74
3946890,64,36,-11,85
3947400,78,18,8,77
3947910,34,91,5,72
3948420,56,80,-8,80
3948930,77,69,4,76
3949440,56,81,-1,77
3949950,77,40,-3,80
3950460,91,22,3,77
3950970,47,25,-6,83
3951480,61,7,5,78
3951990,17,80,-7,85
3952500,39,87,10,75
3953010,61,76,-6,81
3953520,82,65,-4,85
3954030,68,66,11,74
3954540,89,78,-3,77
3955050,35,90,-4,81
3955560,57,64,3,78
3956070,36,31,-14,92
3956580,59,100,14,78
3957090,80,89,3,75
3957600,101,101,-5,80
3958110,20,11,-2,82
3958620,43,80,8,74
3959130,65,69,-3,77
3959640,44,36,-2,79
3960150,67,49,6,73
3960660,81,61,-3,76
3961170,95,73,-1,77
3961680,7,85,-6,83
3962190,29,63,3,80
3962700,51,66,5,75
3963210,72,33,-2,77
3963720,86,15,-3,80
3964230,42,88,5,75
3964740,64,77,0,75
3965250,85,89,-12,87
3965760,64,101,11,76
3966270,85,60,1,75
3966780,99,72,-4,79
3967290,11,84,-3,82
3967800,33,62,5,77
3968310,54,65,2,75
3968820,33,32,-2,77
3969330,56,101,0,77
3969840,77,60,4,73
3970350,91,61,-6,79
3970860,3,98,-1,80
3971370,59,76,3,77
3971880,80,43,-7,84
3972390,94,25,5,79
3972900,6,62,-2,81
3973410,28,69,5,76
3973920,50,58,0,76
3974430,29,25,-9,85
3974940,52,94,11,74
3975450,74,83,-4,78
3975960,95,95,2,76
3976470,14,5,-1,77
3976980,26,74,0,77
3977490,48,63,2,75
3978000,69,30,-13,88
3978510,83,12,11,77
3979020,39,85,-2,79
3979530,61,74,0,79
3980040,82,95,-2,81
3980550,1,5,3,78
3981060,57,74,2,76
3981570,36,41,-10,86
3982080,59,8,11,75
3982590,15,81,-5,80
3983100,37,59,2,78
3983610,58,26,-6,84
3984120,72,8,8,76
3984630,86,81,4,72
3985140,65,93,-4,76
3985650,86,52,0,76
3986160,100,89,-11,87
3986670,12,101,3,84
3987180,34,101,6,78
3987690,56,90,6,72
3988200,78,49,-1,73
3988710,92,31,-8,81
3989220,4,34,5,76
3989730,14,37,0,76
3990240,36,18,-10,86
3990750,59,0,11,75
3991260,15,73,-8,83
3991770,37,80,2,81
3992280,59,1,2,79
3992790,73,74,-3,82
3993300,52,86,7,75
3993810,74,45,-1,76
3994320,88,27,-2,78
3994830,44,64,3,75
3995340,65,31,-9,84
3995850,79,13,10,74
3996360,35,86,-2,76
3996870,57,75,0,76
3997380,78,64,1,75
3997890,57,76,0,75
3998400,78,35,-1,76
3998910,92,17,-3,79
3999420,4,54,1,78
3999930,26,61,2,76
4000440,48,84,3,73
4000950,70,73,1,72
4001460,49,85,-1,73
4001970,71,74,-8,81
4002480,92,86,5,76
4002990,71,98,7,69
4003500,93,57,-10,79
4004010,5,95,-3,82
4004520,90,73,-3,85
4005030,2,85,5,80
4005540,58,63,0,80
4006050,37,30,-3,83
4006560,60,99,6,77
4007070,81,58,-7,84
4007580,95,40,3,81
4008090,7,77,-1,82
4008600,29,55,10,72
4009110,50,22,-4,76
4009620,64,4,0,76
4010130,78,77,1,75
4010640,89,89,-8,83
4011150,68,101,5,78
4011660,90,90,1,77
4012170,9,0,-7,84
4012680,65,73,11,73
4013190,44,40,0,73
4013700,23,7,-11,84
4014210,38,80,7,77
4014720,60,69,1,76
4015230,39,36,-1,77
4015740,62,3,1,76
4016250,76,76,2,74
4016760,55,88,0,74
4017270,77,77,-2,76
4017780,56,89,0,76
4018290,77,48,-3,79
4018800,91,30,2,77
4019310,47,67,-2,79
4019820,68,34,2,77
4020330,82,16,-3,80
4020840,38,100,-2,82
4021350,60,21,7,75
4021860,74,3,-2,77
4022370,88,76,-1,78
4022880,67,88,1,77
4023390,88,47,-6,83
4023900,0,29,5,78
4024410,10,36,-9,87
4024920,32,47,7,80
4025430,53,14,1,79
4025940,67,98,6,73
4026450,89,57,-10,83
4026960,1,94,-3,86
4027470,57,72,10,76
4027980,78,39,-8,84
4028490,92,21,4,80
4029000,4,58,-5,85
4029510,26,65,1,84
4030020,48,88,10,74
4030530,70,77,1,73
4031040,49,89,-1,74
4031550,71,1,-1,75
4032060,27,74,-2,77
4032570,49,97,-3,80
4033080,71,86,7,73
4033590,50,98,-5,78
4034100,72,87,6,72
4034610,93,99,-7,79
4035120,12,9,-3,82
4035630,20,78,-2,84
4036140,42,85,9,75
4036650,64,74,0,75
4037160,43,41,-5,80
4037670,66,8,3,77
4038180,22,92,-6,83
4038690,44,70,3,80
4039200,65,29,-4,84
4039710,79,11,8,76
4040220,35,84,-3,79
4040730,57,5,4,75
4041240,13,42,-11,86
4041750,35,23,0,86
4042260,58,65,13,73
4042770,37,32,-6,79
4043280,60,101,4,75
4043790,81,60,-11,86
4044300,95,97,8,78
4044810,14,7,-1,79
4045320,22,76,1,78
4045830,44,65,3,75
4046340,65,32,-6,81
4046850,79,14,9,72
4047360,93,51,-9,81
4047870,5,88,0,81
4048380,61,66,10,71
4048890,40,78,-5,76
4049400,62,67,0,76
4049910,41,34,-9,85
4050420,64,1,8,77
4050930,78,74,-5,82
4051440,57,86,7,75
4051950,79,45,1,74
4052460,93,83,-3,77
4052970,2,95,0,77
4053480,58,73,5,72
4053990,79,94,-5,77
4054500,100,4,0,77
4055010,12,41,-10,87
4055520,34,48,12,75
4056030,55,15,-5,80
4056540,11,99,-3,83
4057050,33,77,5,78
4057560,55,100,2,76
4058070,77,89,-1,77
4058580,98,101,1,76
4059090,17,11,-6,82
4059600,40,80,6,76
4060110,62,69,-1,77
4060620,41,81,-5,82
4061130,63,2,9,73
4061640,19,39,-10,83
4062150,41,20,4,79
4062660,55,2,0,79
4063170,69,86,8,71
4063680,90,98,-11,82
4064190,9,8,1,81
4064700,65,77,3,78
4065210,44,89,-2,80
4065720,66,10,7,73
4066230,22,47,-5,78
4066740,44,28,-6,84
4067250,67,10,8,76
4067760,23,47,-5,81
4068270,45,34,-2,83
4068780,73,1,7,76
4069290,87,74,-3,79
4069800,66,86,8,71
4070310,87,98,-3,74
4070820,6,8,-7,81
4071330,14,81,-1,82
4071840,36,59,3,79
4072350,57,26,-7,86
4072860,71,8,12,74
4073370,85,45,-3,77
4073880,99,82,3,74
4074390,78,17,-4,78
4074900,92,54,1,77
4075410,4,91,-4,81
4075920,60,69,3,78
4076430,39,81,-1,79
4076940,61,2,1,78
4077450,75,75,4,74
4077960,54,87,2,72
4078470,76,46,-4,76
4078980,90,83,-5,81
4079490,69,95,11,70
4080000,90,54,-5,75
4080510,2,91,-5,80
4081020,58,69,8,72
4081530,37,81,-7,79
4082040,59,2,3,76
4082550,73,75,1,75
4083060,52,87,-6,81
4083570,74,76,9,72
4084080,95,88,-11,83
4084590,74,46,7,76
4085100,88,83,0,76
4085610,67,95,7,69
4086120,88,54,-7,76
4086630,0,91,-3,79
4087140,56,69,3,76
4087650,77,90,5,71
4088160,98,0,-12,83
4088670,10,73,7,76
4089180,32,51,0,76
4089690,53,18,-5,81
4090200,67,0,5,76
4090710,81,73,-4,80
4091220,60,85,5,75
4091730,81,97,-2,77
4092240,0,7,2,75
4092750,56,25,-6,81
4093260,70,7,2,79
4093770,84,44,4,75
4094280,98,82,-4,79
4094790,24,17,2,77
4095300,47,86,-1,78
4095810,69,100,6,72
4096320,91,35,-6,78
4096830,3,72,1,77
4097340,25,50,-1,78
4097850,47,37,-1,79
4098360,75,4,7,72
4098870,89,77,-7,79
4099380,1,89,2,77
4099890,57,67,1,76
4100400,36,34,-7,83
4100910,59,1,5,78
4101420,73,74,9,69
4101930,94,86,-6,75
4102440,13,98,-6,81
4102950,35,76,6,75
4103460,57,99,-4,79
4103970,79,11,3,76
4104480,93,48,-6,82
4104990,5,86,0,82
4105500,61,64,2,80
4106010,40,31,-3,83
4106520,63,100,6,77
4107030,84,59,0,77
4107540,98,96,-1,78
4108050,17,6,-2,80
4108560,40,75,5,75
4109070,62,89,0,75
4109580,83,48,3,72
4110090,97,85,-9,81
4110600,29,97,3,78
4111110,51,75,4,74
4111620,17,34,-5,79
4112130,25,61,-2,81
4112640,47,84,8,73
4113150,69,98,-1,74
4113660,90,57,-10,84
4114170,2,95,6,78
4114680,58,73,10,68
4115190,79,94,-11,79
4115700,100,4,1,78
4116210,12,77,-8,86
4116720,34,55,13,73
4117230,55,22,-4,77
4117740,69,4,1,76
4118250,83,77,-5,81
4118760,62,89,8,73
4119270,83,48,-2,75
4119780,97,85,-11,86
4120290,6,20,11,75
4120800,62,26,-13,88
4121310,76,64,9,79
4121820,55,76,4,75
4122330,76,61,-2,77
4122840,90,98,-5,82
4123350,9,8,3,79
4123860,12,77,-1,80
4124370,34,55,0,80
4124880,55,22,-4,84
4125390,69,4,11,73
4125900,83,77,-6,79
4126410,94,89,2,77
4126920,13,101,-4,81
4127430,35,79,1,80
4127940,57,0,6,74
4128450,71,73,0,74
4128960,50,85,-4,78
4129470,71,17,-3,81
4129980,85,54,2,79
4130490,99,91,0,79
4131000,31,1,-4,83
4131510,46,85,10,73
4132020,67,99,0,73
4132530,88,58,-3,76
4133040,0,95,-8,84
4133550,56,73,11,73
4134060,77,94,-3,76
4134570,98,4,-5,81
4135080,10,41,-3,84
4135590,32,64,4,80
4136100,54,45,1,79
4136610,77,12,6,73
4137120,91,49,-9,82
4137630,3,87,6,76
4138140,59,65,-1,77
4138650,38,32,-8,85
4139160,61,101,6,79
4139670,83,33,-2,81
4140180,97,71,5,76
4140690,9,6,-9,85
4141200,65,75,10,75
4141710,44,42,-8,83
4142220,67,9,9,74
4142730,88,82,-5,79
4143240,67,94,4,75
4143750,88,53,0,75
4144260,0,90,0,75
4144770,56,68,0,75
4145280,55,35,-11,86
4145790,69,2,12,74
4146300,12,75,-10,84
4146810,34,53,7,77
4147320,95,20,-6,83
4147830,7,57,1,82
4148340,29,64,6,76
4148850,51,87,-2,78
4149360,73,101,5,73
4149870,94,20,-5,78
4150380,6,57,1,77
4150890,28,64,-4,81
4151400,50,87,3,78
4151910,72,19,4,74
4152420,28,56,-1,75
4152930,50,74,-2,77
4153440,71,93,4,73
4153950,92,52,-6,79
4154460,4,90,3,76
4154970,60,68,0,76
4155480,39,35,-6,82
4155990,62,2,16,66
4156500,76,75,-7,73
4157010,55,87,-2,75
4157520,77,46,-2,77
4158030,91,84,1,76
4158540,23,96,-2,78
4159050,45,74,0,78
4159560,66,55,0,78
4160070,29,37,-4,82
4160580,52,4,-1,83
4161090,66,88,5,78
4161600,87,73,-1,79
4162110,98,85,-3,82
4162620,7,97,-2,84
4163130,29,75,2,82
4163640,51,98,3,79
4164150,73,57,3,76
4164660,58,94,-1,77
4165170,80,26,-6,83
4165680,94,8,7,76
4166190,6,45,-6,82
4166700,16,52,2,80
4167210,38,75,2,78
4167720,60,98,1,77
4168230,82,30,-5,82
4168740,96,68,5,77
4169250,8,3,-2,79
4169760,64,72,1,78
4170270,85,39,-7,85
4170780,99,77,10,75
4171290,11,12,-10,85
4171800,34,81,4,81
4172310,56,2,3,78
4172820,12,86,-2,80
4173330,34,64,5,75
4173840,56,78,7,68
4174350,77,37,-16,84
4174860,91,75,7,77
4175370,5,87,-2,79
4175880,61,65,5,74
4176390,40,32,-8,82
4176900,63,101,8,74
4177410,85,33,-7,81
4177920,99,71,7,74
4178430,11,6,-2,76
4178940,19,75,-6,82
4179450,41,58,6,76
4179960,62,25,-1,77
4180470,76,7,2,75
4180980,32,44,-2,77
4181490,55,11,-3,80
4182000,69,95,4,76
4182510,90,5,-2,78
4183020,2,42,0,78
4183530,24,49,-5,83
4184040,12,16,0,83
4184550,35,85,5,78
4185060,57,6,1,77
4185570,13,90,-9,86
4186080,35,68,7,79
4186590,57,82,5,74
4187100,79,67,0,74
4187610,90,79,-1,75
4188120,101,91,-8,83
4188630,33,1,5,78
4189140,48,85,-1,79
4189650,70,17,1,78
4190160,26,101,-2,80
4190670,48,79,3,77
4191180,70,38,4,73
4191690,84,76,0,73
4192200,63,88,-5,78
4192710,84,47,3,75
4193220,98,85,-3,78
4193730,10,97,-2,80
4194240,32,75,-2,82
4194750,54,57,8,74
4195260,33,24,-11,85
4195770,56,93,3,82
4196280,78,21,7,75
4196790,34,58,-3,78
4197300,55,25,-1,79
4197810,69,7,5,74
4198320,83,91,-3,77
4198830,15,1,-2,79
4199340,30,74,6,73
4199850,52,97,0,73
4200360,74,29,-7,80
4200870,88,67,4,76
4201380,0,79,-4,80
4201890,56,57,2,78
4202400,35,24,-1,79
4202910,58,47,4,75
4203420,72,14,0,75
4203930,28,51,-7,82
4204440,49,18,-7,89
4204950,63,0,22,67
4205460,19,73,-17,84
4205970,41,80,8,76
4206480,76,63,5,71
4206990,39,75,-3,74
4207500,61,89,-2,76
4208010,82,48,5,71
4208520,96,86,-9,80
4209030,57,98,2,78
4209540,79,26,2,76
4210050,93,64,1,75
4210560,5,101,-10,85
4211070,61,79,13,72
4211580,82,91,-4,76
4212090,1,0,-2,78
4212600,48,99,0,78
4213110,70,20,3,75
4213620,26,2,0,75
4214130,41,75,-2,77
4214640,63,33,-3,80
4215150,77,15,0,80
4215660,33,52,3,77
4216170,54,19,-7,84
4216680,68,1,13,71
4217190,24,74,-9,80
4217700,46,81,0,80
4218210,68,95,7,73
4218720,90,5,-6,79
4219230,32,42,3,76
4219740,55,9,-8,84
4220250,69,93,9,75
4220760,90,45,-8,83
4221270,2,83,6,77
4221780,58,61,1,76
4222290,37,28,-10,86
4222800,60,97,12,74
4223310,82,25,-6,80
4223820,38,62,3,77
4224330,59,29,-6,83
4224840,73,11,6,77
4225350,87,48,-1,78
4225860,101,86,0,78
4226370,13,98,-4,82
4226880,35,76,7,75
4227390,57,58,1,74
4227900,36,25,-7,81
4228410,59,94,0,81
4228920,81,22,-1,82
4229430,37,59,8,74
4229940,58,18,-10,84
4230450,72,0,10,74
4230960,86,73,-4,78
4231470,97,85,-3,81
4231980,9,97,3,78
4232490,65,75,7,71
4233000,86,87,-10,81
4233510,65,99,1,80
4234020,87,27,4,76
4234530,43,64,1,75
4235040,64,23,-7,82
4235550,78,5,1,81
4236060,34,42,0,81
4236570,57,9,1,80
4237080,13,93,-5,85
4237590,35,71,4,81
4238100,57,52,0,81
4238610,80,19,3,78
4239120,94,56,-1,79
4239630,6,94,-5,84
4240140,62,72,6,78
4240650,41,84,-2,80
4241160,63,65,3,77
4241670,42,77,3,74
4242180,64,91,1,73
4242690,86,50,-5,78
4243200,100,88,-6,84
4243710,32,100,2,82
4244220,54,32,0,82
4244730,68,14,3,79
4245240,24,51,-3,82
4245750,46,32,4,78
4246260,60,101,4,74
4246770,82,60,-6,80
4247280,96,97,-1,81
4247790,28,7,-1,82
4248300,43,80,3,79
4248810,65,1,0,79
4249320,79,74,2,77
4249830,42,86,-1,78
4250340,64,68,-1,79
4250850,43,80,0,79
4251360,65,62,5,74
4251870,44,74,-5,79
4252380,91,33,-3,82
4252890,3,70,3,79
4253400,59,48,-5,84
4253910,73,15,0,84
4254420,29,53,9,75
4254930,51,34,-12,87
4255440,65,16,3,84
4255950,79,100,10,74
4256460,100,10,-10,84
4256970,12,47,2,82
4257480,22,54,1,81
4257990,44,77,6,75
4258500,66,91,-2,77
4259010,77,1,4,73
4259520,91,38,0,73
4260030,3,75,-3,76
4260540,99,53,-6,82
4261050,11,91,2,80
4261560,33,69,-2,82
4262070,55,51,8,74
4262580,34,70,-3,77
4263090,56,52,-3,80
4263600,35,64,3,77
4264110,23,45,-10,87
4264620,46,26,6,81
4265130,60,8,2,79
4265640,74,92,7,72
4266150,95,2,-5,77
4266660,7,39,3,74
4267170,17,52,-8,82
4267680,39,47,2,80
4268190,62,14,0,80
4268700,18,98,-4,84
4269210,40,76,11,73
4269720,62,57,-1,74
4270230,41,69,0,74
4270740,63,50,-3,77
4271250,77,87,1,76
4271760,56,99,0,76
4272270,78,58,0,76
4272780,92,95,-7,83
4273290,24,5,-5,88
4273800,36,89,4,84
4274310,79,71,8,76
4274820,90,83,-4,80
4275330,101,95,0,80
4275840,33,5,-1,81
4276350,48,89,1,80
4276860,70,1,4,76
4277370,26,85,-7,83
4277880,48,67,6,77
4278390,14,52,-3,80
4278900,24,59,3,77
4279410,46,40,-1,78
4279920,71,7,-4,82
4280430,27,45,2,80
4280940,15,12,-6,86
4281450,1,81,2,84
4281960,57,59,4,80
4282470,80,71,2,78
4282980,43,83,-1,79
4283490,65,65,1,78
4284000,44,77,3,75
4284510,66,91,3,72
4285020,88,50,-9,81
4285530,0,88,2,79
4286040,56,66,2,77
4286550,42,33,-13,90
4287060,65,15,11,79
4287570,21,99,-8,87
4288080,43,77,7,80
4288590,65,59,11,69
4289100,28,71,-13,82
4289610,50,53,2,80
4290120,29,20,-4,84
4290630,52,89,11,73
4291140,15,1,-13,86
4291650,23,85,6,80
4292160,45,67,4,76
4292670,67,86,1,75
4293180,89,98,0,75
4293690,100,8,-4,79
4294200,12,45,-4,83
4294710,22,26,1,82
4295220,45,95,4,78
4295730,67,77,-2,80
4296240,101,89,3,77
4296750,33,101,-5,82
4297260,55,33,1,81
4297770,69,15,5,76
4298280,25,99,-10,86
4298790,47,31,6,80
4299300,61,13,-2,82
4299810,17,97,-2,84
4300320,39,75,7,77
4300830,61,89,4,73
4301340,83,48,0,73
4301850,97,86,-7,80
4302360,6,98,2,78
4302870,62,76,5,73
4303380,83,88,-5,78
4303890,15,100,-5,83
4304400,37,78,1,82
4304910,59,60,5,77
4305420,38,27,-4,81
4305930,61,96,5,76
4306440,83,55,4,72
4306950,97,92,-8,80
4307460,29,2,-3,83
4307970,44,86,5,78
4308480,66,68,0,78
4308990,100,80,0,78
4309500,12,92,-3,81
4310010,34,70,3,78
4310520,44,52,-1,79
4311030,67,19,-1,80
4311540,23,1,1,79
4312050,26,74,-2,81
4312560,36,56,8,73
4313070,57,23,-3,76
4313580,71,5,4,72
4314090,85,42,-7,79
4314600,99,80,4,75
4315110,11,92,-7,82
4315620,33,70,8,74
4316130,43,84,-3,77
4316640,65,66,-3,80
4317150,44,78,1,79
4317660,66,59,6,73
4318170,80,71,-5,78
4318680,91,83,-4,82
4319190,52,95,4,78
4319700,74,77,6,72
4320210,6,89,-9,81
4320720,62,67,-4,85
4321230,48,34,3,82
4321740,62,6,-3,85
4322250,76,90,14,71
4322760,97,0,-11,82
4323270,9,37,0,82
4323780,19,18,-1,83
4324290,42,87,6,77
4324800,64,69,-4,81
4325310,43,81,8,73
4325820,65,95,0,73
4326330,76,54,-7,80
4326840,90,66,2,78
4327350,2,78,1,77
4327860,58,56,-2,79
4328370,83,23,1,78
4328880,97,60,-4,82
4329390,9,97,1,81
4329900,31,75,1,80
4330410,53,57,7,73
4330920,32,24,-10,83
4331430,55,93,10,73
4331940,77,52,-2,75
4332450,91,64,1,74
4332960,3,38,-7,81
4333470,13,45,0,81
4333980,23,26,3,78
4334490,46,95,-2,80
4335000,68,77,12,68
4335510,79,89,-9,77
4336020,90,101,-4,81
4336530,22,11,-9,90
4337040,45,95,12,78
4337550,67,77,7,71
4338060,53,89,-8,79
4338570,75,48,6,73
4339080,89,67,-7,80
4339590,1,79,4,76
4340100,57,57,-3,79
4340610,82,24,-1,80
4341120,96,61,1,79
4341630,8,98,-4,83
4342140,30,76,9,74
4342650,52,58,4,70
4343160,31,25,-9,79
4343670,54,94,4,75
4344180,76,76,2,73
4344690,55,88,-6,79
4345200,77,5,5,74
4345710,91,42,-9,83
4346220,3,80,6,77
4346730,59,58,-4,81
4347240,38,25,0,81
4347750,61,94,5,76
4348260,83,53,-2,78
4348770,97,72,0,78
4349280,9,84,-4,82
4349790,31,62,4,78
4350300,41,29,-13,91
4350810,64,98,13,78
4351320,86,57,-5,83
4351830,100,39,3,80
4352340,12,76,2,78
4352850,22,54,-5,83
4353360,32,77,4,79
4353870,42,59,2,77
4354380,63,26,-7,84
4354890,77,8,3,81
4355400,91,45,3,78
4355910,3,27,-7,85
4356420,91,33,2,83
4356930,3,15,2,81
4357440,59,33,3,78
4357950,73,15,0,78
4358460,87,99,-3,81
4358970,6,9,5,76
4359480,94,78,-6,82
4359990,55,90,7,75
4360500,77,52,1,74
4361010,91,71,-3,77
4361520,3,83,-3,80
4362030,59,79,5,75
4362540,80,98,0,75
4363050,101,8,-3,78
4363560,13,45,-2,80
4364070,23,48,0,80
4364580,33,29,-5,85
4365090,56,98,4,81
4365600,77,80,6,75
4366110,88,92,-7,82
4366620,20,2,3,79
4367130,35,75,1,78
4367640,45,57,2,76
4368150,66,24,2,74
4368660,80,6,-7,81
4369170,94,43,-2,83
4369680,6,80,-1,84
4370190,94,58,2,82
4370700,6,95,1,81
4371210,28,73,2,79
4371720,38,55,1,78
4372230,59,22,-1,79
4372740,73,4,2,77
4373250,87,41,-2,79
4373760,101,23,-3,82
4374270,13,8,4,78
4374780,16,77,-5,83
4375290,26,84,-6,89
4375800,48,66,17,72
4376310,69,33,-7,79
4376820,83,15,5,74
4377330,97,52,-7,81
4377840,9,90,-3,84
4378350,31,68,1,83
4378860,41,50,5,78
4379370,64,17,4,74
4379880,78,101,-3,77
4380390,99,11,-3,80
4380900,11,98,-1,81
4381410,65,76,6,75
4381920,51,88,2,73
4382430,73,47,-5,78
4382940,60,66,4,74
4383450,46,33,-10,84
4383960,69,0,7,77
4384470,25,84,-3,80
4384980,47,66,6,74
4385490,68,33,-5,79
4386000,82,15,0,79
4386510,96,99,1,78
4387020,28,9,-2,80
4387530,31,93,-6,86
4388040,41,14,5,81
4388550,55,98,4,77
4389060,76,57,6,71
4389570,39,69,-6,77
4390080,61,36,-3,80
4390590,75,18,2,78
4391100,31,0,-2,80
4391610,46,84,2,78
4392120,67,65,3,75
4392630,53,32,-6,81
4393140,67,51,4,77
4393650,81,70,-1,78
4394160,90,82,6,72
4394670,101,94,-4,76
4395180,10,4,-10,86
4395690,25,88,3,83
4396200,62,70,5,78
4396710,83,37,-2,80
4397220,97,19,3,77
4397730,9,56,-5,82
4398240,19,63,-4,86
4398750,29,70,6,80
4399260,39,52,-1,81
4399770,60,43,5,76
4400280,74,62,1,75
4400790,37,81,-1,76
4401300,47,2,-3,79
4401810,62,86,10,69
4402320,83,3,-8,77
4402830,97,40,-7,84
4403340,9,78,5,79
4403850,40,56,1,78
4404360,61,23,-1,79
4404870,75,5,2,77
4405380,31,43,4,73
4405890,52,10,-4,77
4406400,66,94,3,74
4406910,61,4,-2,76
4407420,36,88,-5,81
4407930,46,70,7,74
4408440,67,37,-5,79
4408950,81,19,-4,83
4409460,37,1,-1,84
4409970,52,85,11,73
4410480,73,2,0,73
4410990,29,39,-5,78
4411500,52,6,-3,81
4412010,66,90,6,75
4412520,87,0,-2,77
4413030,61,37,-6,83
4413540,10,19,4,79
4414050,18,37,-1,80
4414560,39,4,-5,85
4415070,54,88,11,74
4415580,75,5,-1,75
4416090,31,43,-6,81
4416600,52,10,0,81
4417110,66,94,7,74
4417620,61,4,-6,80
4418130,17,88,-4,84
4418640,39,66,8,76
4419150,60,33,-9,85
4419660,74,15,10,75
4420170,30,53,-1,76
4420680,51,20,-3,79
4421190,65,2,6,73
4421700,21,40,-5,78
4422210,42,7,-3,81
4422720,56,91,7,74
4423230,77,50,-9,83
4423740,91,88,8,75
4424250,23,100,-10,85
4424760,33,78,8,77
4425270,43,92,-3,80
4425780,64,74,9,71
4426290,85,41,-11,82
4426800,99,79,3,79
4427310,11,91,1,78
4427820,65,69,9,69
4428330,51,81,-6,75
4428840,72,100,5,70
4429350,93,59,-8,78
4429860,61,96,5,73
4430370,82,24,-5,78
4430880,38,62,2,76
4431390,59,29,-6,82
4431900,73,11,4,78
4432410,87,95,2,76
4432920,6,5,-6,82
4433430,94,74,5,77
4433940,6,86,-1,78
4434450,62,64,7,71
4434960,25,76,-11,82
4435470,35,58,10,72
4435980,56,25,-7,79
4436490,70,7,6,73
4437000,26,45,-7,80
4437510,47,12,0,80
4438020,61,96,3,77
4438530,82,24,4,73
4439040,38,61,-4,77
4439550,59,28,-8,85
4440060,73,10,3,82
4440570,29,48,6,76
4441080,50,15,-3,79
4441590,64,99,5,74
4442100,59,27,-7,81
4442610,73,9,4,77
4443120,29,47,-2,79
4443630,50,14,-3,82
4444140,64,98,11,71
4444650,85,26,-9,80
4445160,99,63,2,78
4445670,11,66,-4,82
4446180,21,73,1,81
4446690,31,55,8,73
4447200,52,22,-10,83
4447710,66,4,9,74
4448220,22,42,-6,80
4448730,10,9,-3,83
4449240,18,78,-4,87
4449750,28,10,6,81
4450260,51,79,5,76
4450770,72,38,-2,78
4451280,86,20,-1,79
4451790,42,57,8,71
4452300,63,24,-5,76
4452810,77,6,-2,78
4453320,33,43,0,78
4453830,54,10,0,78
4454340,10,94,-2,80
4454850,32,72,-2,82
4455360,42,95,-4,86
4455870,64,7,6,80
4456380,20,45,3,77
4456890,30,26,-8,85
4457400,53,95,5,80
4457910,74,23,2,78
4458420,30,61,2,76
4458930,40,28,-10,86
4459440,63,97,17,69
4459950,84,56,-8,77
4460460,98,93,-4,81
4460970,30,3,-1,82
4461480,45,87,7,75
4461990,67,101,4,71
4462500,88,60,-5,76
4463010,0,79,-7,83
4463520,56,57,6,77
4464030,42,24,-5,82
4464540,56,6,1,81
4465050,70,90,8,73
4465560,91,0,-8,81
4466070,65,99,6,75
4466580,86,58,-3,78
4467090,100,70,1,77
4467600,12,82,-2,79
4468110,34,60,6,73
4468620,55,27,-13,86
4469130,69,9,8,78
4469640,25,93,-10,88
4470150,47,21,7,81
4470660,61,3,6,75
4471170,17,41,-11,86
4471680,5,22,0,86
4472190,61,40,6,80
4472700,75,59,-2,82
4473210,61,78,2,80
4473720,82,97,3,77
4474230,1,7,-1,78
4474740,57,25,-6,84
4475250,71,7,10,74
4475760,27,44,-8,82
4476270,50,11,3,79
4476780,64,95,8,71
4477290,75,23,-8,79
4477800,31,60,1,78
4478310,53,41,-4,82
4478820,67,8,9,73
4479330,23,92,-10,83
4479840,45,24,5,78
4480350,59,43,-5,83
4480860,73,10,4,79
4481370,29,94,-7,86
4481880,51,6,2,84
4482390,65,90,7,77
4482900,86,0,2,75
4483410,60,37,-12,87
4483920,74,19,13,74
4484430,30,56,-2,76
4484940,51,23,-14,90
4485450,65,5,24,66
4485960,21,42,-10,76
4486470,9,9,-11,87
4486980,97,78,6,81
4487490,6,90,0,81
4488000,62,68,-1,82
4488510,48,87,6,76
4489020,70,101,5,71
4489530,91,60,-9,80
4490040,3,97,-5,85
4490550,59,75,10,75
4491060,80,87,-4,79
4491570,12,99,-3,82
4492080,66,77,3,79
4492590,87,89,-3,82
4493100,19,101,3,79
4493610,41,79,-4,83
4494120,63,93,5,78
4494630,84,3,-1,79
4495140,58,40,-4,83
4495650,72,59,6,77
4496160,35,71,-6,83
4496670,45,53,7,76
4497180,66,20,-1,77
4497690,80,2,2,75
4498200,36,39,-4,79
4498710,63,6,1,78
4499220,19,44,-1,79
4499730,20,25,-1,80
4500240,43,94,-7,87
4500750,65,76,9,78
4501260,86,88,3,75
4501770,97,100,-5,80
4502280,29,10,-2,82
4502790,52,94,6,76
4503300,73,26,-6,82
4503810,87,64,4,78
4504320,101,101,-7,85
4504830,33,11,7,78
4505340,47,95,2,76
4505850,69,7,-3,79
4506360,25,45,-3,82
4506870,48,12,5,77
4507380,62,96,1,76
4507890,73,55,1,75
4508400,36,74,-2,77
4508910,46,88,2,75
4509420,68,0,3,72
4509930,24,38,-7,79
4510440,58,5,0,79
4510950,72,89,4,75
4511460,93,101,-1,76
4511970,12,11,-3,79
4512480,15,80,-5,84
4512990,25,58,2,82
4513500,35,40,5,77
4514010,58,7,-6,83
4514520,14,91,2,81
4515030,24,69,-1,82
4515540,34,51,3,79
4516050,55,18,-3,82
4516560,69,0,15,67
4517070,25,38,-12,79
4517580,11,5,-1,80
4518090,99,74,1,79
4518600,11,86,-3,82
4519110,33,64,9,73
4519620,55,23,-14,87
4520130,69,5,15,72
4520640,25,42,-15,87
4521150,59,9,11,76
4521660,15,93,-5,81
4522170,25,27,-4,85
4522680,48,96,8,77
4523190,70,8,-4,81
4523700,26,46,4,77
4524210,47,13,-6,83
4524720,61,97,8,75
4525230,72,25,-2,77
4525740,28,7,-6,83
4526250,43,91,7,76
4526760,48,12,-7,83
4527270,62,96,11,72
4527780,57,24,-11,83
4528290,71,6,5,78
4528800,27,44,-5,83
4529310,48,11,0,83
4529820,62,95,9,74
4530330,84,5,0,74
4530840,98,42,-8,82
4531350,10,80,3,79
4531860,20,58,-3,82
4532370,30,81,0,82
4532880,23,2,-8,90
4533390,38,39,12,78
4533900,61,6,2,76
4534410,17,90,-7,83
4534920,27,68,3,80
4535430,37,50,7,73
4535940,58,17,-4,77
4536450,14,101,-1,78
4536960,68,79,4,74
4537470,89,91,-2,76
4537980,100,1,-7,83
4538490,74,39,1,82
4539000,88,77,12,70
4539510,99,89,-4,74
4540020,8,101,-5,79
4540530,47,79,3,76
4541040,69,38,-1,77
4541550,83,20,-6,83
4542060,39,58,5,78
4542570,60,25,-2,80
4543080,74,7,7,73
4543590,88,44,-8,81
4544100,0,82,-3,84
4544610,56,60,4,80
4545120,42,27,-6,86
4545630,61,96,12,74
4546140,72,55,2,72
4546650,35,67,-5,77
4547160,45,81,-1,78
4547670,67,95,6,72
4548180,78,54,-2,74
4548690,41,66,1,73
4549200,63,85,4,69
4549710,74,97,-4,73
4550220,95,7,-8,81
4550730,7,44,1,80
4551240,17,73,-3,83
4551750,27,5,-2,85
4552260,71,89,12,73
4552770,92,101,-5,78
4553280,1,11,-4,82
4553790,57,29,-2,84
4554300,71,11,3,81
4554810,27,95,-7,88
4555320,37,23,9,79
4555830,53,92,0,79
4556340,74,20,-1,80
4556850,30,58,6,74
4557360,52,25,-3,77
4557870,66,7,0,77
4558380,80,45,4,73
4558890,94,83,-7,80
4559400,3,95,-3,83
4559910,44,73,8,75
4560420,65,32,-8,83
4560930,79,14,7,76
4561440,35,52,-1,77
4561950,56,19,-1,78
4562460,70,1,-2,80
4562970,26,85,-2,82
4563480,36,67,4,78
4563990,57,48,6,72
4564500,76,67,-5,77
4565010,87,79,-8,85
4565520,98,91,6,79
4566030,30,1,-3,82
4566540,45,85,4,78
4567050,66,23,-1,79
4567560,22,5,-5,84
4568070,37,89,4,80
4568580,59,71,7,73
4569090,80,83,-6,79
4569600,91,95,5,74
4570110,23,5,-9,83
4570620,38,89,3,80
4571130,34,71,3,77
4571640,44,92,-3,80
4572150,65,4,9,71
4572660,21,42,-9,80
4573170,42,9,-4,84
4573680,56,93,10,74
4574190,77,52,-1,75
4574700,40,71,2,73
4575210,53,85,1,72
4575720,74,32,-6,78
4576230,88,70,3,75
4576740,99,82,-3,78
4577250,8,94,-3,81
4577760,62,72,5,76
4578270,83,84,-2,78
4578780,94,96,2,76
4579290,13,6,-5,81
4579800,21,75,-6,87
4580310,31,57,13,74
4580820,52,24,-9,83
4581330,66,6,5,78
4581840,22,90,-6,84
4582350,65,68,7,77
4582860,26,80,-8,85
4583370,36,62,10,75
4583880,57,76,2,73
4584390,78,88,-3,76
4584900,89,100,-1,77
4585410,8,10,-6,83
4585920,96,79,4,79
4586430,5,91,-4,83
4586940,59,69,13,70
4587450,80,81,-4,74
4587960,71,93,1,73
4588470,92,3,0,73
4588980,48,40,-13,86
4589490,67,7,7,79
4590000,23,91,-6,85
4590510,45,69,8,77
4591020,66,28,-2,79
4591530,80,10,2,77
4592040,36,48,-1,78
4592550,57,15,-2,80
4593060,13,99,-5,85
4593570,52,77,3,82
4594080,73,96,10,72
4594590,94,6,-5,77
4595100,50,43,-5,82
4595610,69,10,5,77
4596120,25,94,-5,82
4596630,35,72,8,74
4597140,57,86,3,71
4597650,78,45,-2,73
4598160,92,27,-3,76
4598670,48,64,0,76
4599180,69,31,-3,79
4599690,83,13,1,78
4600200,39,97,-4,82
4600710,49,9,3,79
4601220,5,93,-6,85
4601730,59,71,10,75
4602240,80,83,-8,83
4602750,41,95,2,81
4603260,62,7,2,79
4603770,18,91,-6,85
4604280,28,69,2,83
4604790,38,83,5,78
4605300,48,65,1,77
4605810,69,32,-5,82
4606320,83,14,5,77
4606830,39,98,-4,81
4607340,60,19,2,79
4607850,74,1,3,76
4608360,48,85,3,73
4608870,70,99,-1,74
4609380,81,58,1,73
4609890,37,70,-5,78
4610400,58,84,6,72
4610910,79,43,-5,77
4611420,93,25,-3,80
4611930,49,62,6,74
4612440,70,29,-7,81
4612950,84,11,3,78
4613460,40,53,-1,79
4613970,61,20,-1,80
4614480,75,2,7,73
4614990,31,40,-4,77
4615500,65,7,1,76
4616010,21,91,-7,83
4616520,43,69,3,80
4617030,64,28,-4,84
4617540,78,10,3,81
4618050,34,94,0,81
4618560,55,15,2,79
4619070,11,99,-3,82
4619580,65,77,9,73
4620090,86,89,-6,79
4620600,80,101,2,77
4621110,101,11,-3,80
4621620,13,98,-5,85
4622130,35,76,-2,87
4622640,56,57,13,74
4623150,77,19,-8,82
4623660,33,56,7,75
4624170,54,23,-7,82
4624680,68,5,5,77
4625190,24,89,-9,86
4625700,34,1,9,77
4626210,49,85,1,76
4626720,70,44,-6,82
4627230,84,26,2,80
4627740,40,63,3,77
4628250,61,30,-9,86
4628760,74,12,10,76
4629270,30,96,2,74
4629780,35,8,-4,78
4630290,50,92,4,74
4630800,71,51,-1,75
4631310,34,70,-1,76
4631820,44,51,0,76
4632330,65,18,-7,83
4632840,79,0,9,74
4633350,35,38,-4,78
4633860,69,5,3,75
4634370,25,89,-10,85
4634880,35,71,9,76
4635390,45,85,-3,79
4635900,66,99,7,72
4636410,87,58,-9,81
4636920,43,95,-1,82
4637430,64,77,4,78
4637940,85,89,1,77
4638450,4,101,-1,78
4638960,58,79,6,72
4639470,79,38,-12,84
4639980,93,76,9,75
4640490,2,88,-1,76
4641000,56,66,0,76
4641510,77,33,-5,81
4642020,91,15,1,80
4642530,47,52,3,77
4643040,68,19,-1,78
4643550,24,1,-7,85
4644060,39,85,6,79
4644570,49,99,2,77
4645080,70,11,0,77
4645590,26,95,-17,94
4646100,47,7,10,84
4646610,61,91,10,74
4647120,82,50,-9,83
4647630,96,69,4,79
4648140,8,81,0,79
4648650,30,59,5,74
4649160,51,73,-1,75
4649670,72,32,-5,80
4650180,86,14,4,76
4650690,42,51,4,72
4651200,63,18,-7,79
4651710,19,0,2,77
4652220,34,73,3,74
4652730,44,87,-8,82
4653240,65,101,6,76
4653750,86,60,-1,77
4654260,42,72,-1,78
4654770,78,31,-1,79
4655280,34,13,-3,82
4655790,49,97,0,82
4656300,70,56,5,77
4656810,31,68,0,77
4657320,41,82,5,72
4657830,63,96,-1,73
4658340,74,55,0,73
4658850,37,74,-4,77
4659360,47,88,-1,78
4659870,68,0,-2,80
4660380,82,38,4,76
4660890,96,20,0,76
4661400,52,57,-1,77
4661910,73,24,-1,78
4662420,29,6,-2,80
4662930,44,90,1,79
4663440,65,2,10,69
4663950,21,40,-15,84
4664460,42,7,0,84
4664970,56,91,5,79
4665480,77,50,-6,85
4665990,91,69,4,81
4666500,0,81,-1,82
4667010,56,59,4,78
4667520,42,26,-5,83
4668030,61,95,8,75
4668540,72,54,-6,81
4669050,83,73,3,78
4669560,94,85,-6,84
4670070,3,97,8,76
4670580,57,75,-1,77
4671090,78,34,-4,81
4671600,92,16,2,79
4672110,48,53,6,73
4672620,69,20,-2,75
4673130,25,57,-5,80
4673640,35,38,0,80
4674150,69,5,6,74
4674660,25,42,-4,78
4675170,46,9,1,77
4675680,60,93,0,77
4676190,81,52,5,72
4676700,95,89,-5,77
4677210,27,101,-8,85
4677720,37,13,4,81
4678230,51,97,2,79
4678740,73,9,0,79
4679250,29,47,3,76
4679760,50,14,-8,84
4680270,64,98,9,75
4680780,75,57,-5,80
4681290,61,69,7,73
4681800,82,70,-4,77
4682310,93,58,-3,80
4682820,5,95,4,76
4683330,59,73,2,74
4683840,80,40,-7,81
4684350,94,78,6,75
4684860,3,90,-5,80
4685370,57,68,5,75
4685880,78,35,-3,78
4686390,92,73,6,72
4686900,1,85,-8,80
4687410,42,63,9,71
4687920,63,30,-10,81
4688430,77,12,-1,82
4688940,33,96,6,76
4689450,38,8,-8,84
4689960,53,92,3,81
4690470,32,51,2,79
4690980,53,18,-5,84
4691490,67,0,4,80
4692000,23,38,-4,84
4692510,57,5,7,77
4693020,13,89,-4,81
4693530,23,67,1,80
4694040,33,90,0,80
4694550,38,2,1,79
4695060,53,86,0,79
4695570,74,45,5,74
4696080,88,64,0,74
4696590,51,76,3,71
4697100,73,35,-7,78
4697610,87,17,-5,83
4698120,43,43,2,81
4698630,77,10,4,77
4699140,33,47,2,75
4699650,54,14,-6,81
4700160,68,98,11,70
4700670,79,57,-7,77
4701180,42,69,-1,78
4701690,64,36,-6,84
4702200,78,18,6,78
4702710,34,55,3,75
4703220,55,22,-2,77
4703730,69,4,2,75
4704240,25,8,-10,85
4704750,40,92,3,82
4705260,62,13,0,82
4705770,18,97,-4,86
4706280,40,75,10,76
4706790,62,56,-3,79
4707300,23,23,2,77
4707810,57,92,4,73
4708320,79,51,-8,81
4708830,93,33,-2,83
4709340,5,70,6,77
4709850,61,48,-7,84
4710360,80,15,9,75
4710870,36,52,2,73
4711380,57,19,-7,80
4711890,71,1,9,71
4712400,27,39,-12,83
4712910,61,6,9,74
4713420,17,10,-4,78
4713930,32,79,-3,81
4714440,42,0,-7,88
4714950,57,84,9,79
4715460,78,43,-1,80
4715970,92,25,3,77
4716480,48,62,4,73
4716990,69,29,-9,82
4717500,83,11,0,82
4718010,39,95,4,78
4718520,44,16,-4,82
4719030,58,100,2,80
4719540,79,12,3,77
4720050,35,96,-4,81
4720560,45,8,3,78
4721070,59,92,-1,79
4721580,81,51,2,77
4722090,95,55,-4,81
4722600,7,93,-2,83
4723110,61,71,11,72
4723620,47,38,-8,80
4724130,66,5,5,75
4724640,22,9,-6,81
4725150,37,78,3,78
4725660,47,92,3,75
4726170,69,4,-1,76
4726680,25,42,-5,81
4727190,59,9,2,79
4727700,15,93,1,78
4728210,25,71,-7,85
4728720,35,53,9,76
4729230,56,20,0,76
4729740,70,2,3,73
4730250,26,6,-9,82
4730760,41,90,4,78
4731270,63,72,1,77
4731780,84,39,-1,78
4732290,98,77,-4,82
4732800,7,12,0,82
4733310,15,30,2,80
4733820,23,11,-3,83
4734330,31,95,0,83
4734840,41,7,5,78
4735350,55,91,-1,79
4735860,76,19,1,78
4736370,32,57,1,77
4736880,53,24,-4,81
4737390,3,6,-1,82
4737900,91,24,-2,84
4738410,3,62,5,79
4738920,13,91,-8,87
4739430,23,69,4,83
4739940,33,51,4,79
4740450,54,18,-9,88
4740960,68,0,11,77
4741470,82,38,-6,83
4741980,96,76,6,77
4742490,5,88,-2,79
4743000,61,66,0,79
4743510,47,33,-3,82
4744020,66,0,6,76
4744530,22,38,-6,82
4745040,45,5,-1,83
4745550,59,89,9,74
4746060,70,17,-8,82
4746570,26,55,4,78
4747080,36,36,0,78
4747590,70,3,6,72
4748100,26,41,-2,74
4748610,60,8,-1,75
4749120,16,92,-7,82
4749630,26,70,-2,84
4750140,36,52,8,76
4750650,57,19,-6,82
4751160,13,1,-4,86
4751670,21,85,-5,91
4752180,31,67,15,76
4752690,41,48,-3,79
4753200,75,15,10,69
4753710,31,52,-4,73
4754220,52,19,-11,84
4754730,66,1,3,81
4755240,22,39,1,80
4755750,10,6,1,79
4756260,18,90,-3,82
4756770,28,11,1,81
4757280,43,95,0,81
4757790,64,77,5,76
4758300,85,89,-2,78
4758810,8,101,-6,84
4759320,62,79,12,72
4759830,83,91,-3,75
4760340,2,1,-5,80
4760850,90,85,3,77
4761360,101,97,-5,82
4761870,33,7,2,80
4762380,48,91,1,79
4762890,69,3,-1,80
4763400,25,41,-4,84
4763910,59,8,10,74
4764420,15,92,-6,80
4764930,37,70,1,79
4765440,58,37,-4,83
4765950,72,56,4,79
4766460,33,68,5,74
4766970,43,82,1,73
4767480,64,96,2,71
4767990,85,55,-8,79
4768500,99,92,3,76
4769010,8,2,-5,81
4769520,16,86,-1,82
4770030,26,64,0,82
4770540,36,46,6,76
4771050,57,13,-7,83
4771560,13,97,-5,88
4772070,52,75,18,70
4772580,73,34,-10,80
4773090,87,72,5,75
4773600,98,84,-6,81
4774110,7,96,6,75
4774620,61,74,2,73
4775130,82,86,-5,78
4775640,93,21,-2,80
4776150,49,58,6,74
4776660,70,25,-3,77
4777170,84,7,2,75
4777680,40,44,-4,79
4778190,61,11,0,79
4778700,17,95,-7,86
4779210,27,73,6,80
4779720,37,96,-5,85
4780230,47,17,3,82
4780740,61,96,2,80
4781250,82,24,1,79
4781760,38,61,3,76
4782270,59,28,-9,85
4782780,73,10,6,79
4783290,29,47,0,79
4783800,50,14,-3,82
4784310,64,98,7,75
4784820,75,26,-8,83
4785330,31,64,4,79
4785840,41,78,1,78
4786350,62,92,7,71
4786860,73,51,-8,79
4787370,59,33,0,79
4787880,73,15,0,79
4788390,29,52,4,75
4788900,50,19,-3,78
4789410,64,1,5,73
4789920,20,39,-12,85
4790430,41,20,1,84
4790940,6,2,1,83
4791450,94,75,6,77
4791960,3,87,-3,80
4792470,59,65,3,77
4792980,80,32,-2,79
4793490,36,70,3,76
4794000,46,84,-5,81
4794510,67,98,8,73
4795020,78,57,-2,75
4795530,64,69,0,75
4796040,25,81,-11,86
4796550,35,2,12,74
4797060,50,86,-1,75
4797570,71,100,-4,79
4798080,82,28,-5,84
4798590,38,65,10,74
4799100,59,24,-15,89
4799610,73,6,14,75
4800120,29,43,0,75
4800630,50,10,-11,86
4801140,64,94,18,68
4801650,85,53,-14,82
4802160,99,90,1,81
4802670,18,25,3,78
4803180,41,94,-5,83
4803690,51,6,6,77
4804200,7,90,-9,86
4804710,46,68,14,72
4805220,67,87,1,71
4805730,88,99,-3,74
4806240,7,9,-7,81
4806750,95,6,-6,87
4807260,87,43,11,76
4807770,101,80,-4,80
4808280,10,15,-3,83
4808790,18,33,4,79
4809300,6,0,-4,83
4809810,94,73,5,78
4810320,3,8,-9,87
4810830,59,5,8,79
4811340,15,43,-2,81
4811850,25,24,1,80
4812360,48,93,-1,81
4812870,69,5,7,74
4813380,25,42,-3,77
4813890,46,9,-7,84
4814400,60,93,11,73
4814910,81,52,-2,75
4815420,95,89,-4,79
4815930,4,101,-4,83
4816440,60,79,9,74
4816950,81,91,-5,79
4817460,0,97,0,79
4817970,56,75,3,76
4818480,77,34,-3,79
4818990,91,72,-2,81
4819500,0,7,-2,83
4820010,56,4,0,83
4820520,12,88,-3,86
4821030,0,66,1,85
4821540,88,95,6,79
4822050,7,90,1,78
4822560,63,68,-4,82
4823070,24,80,2,80
4823580,34,62,9,71
4824090,55,21,-9,80
4824600,69,34,3,77
4825110,83,72,-3,80
4825620,94,84,3,77
4826130,3,96,-2,79
4826640,59,74,9,70
4827150,80,93,-9,79
4827660,101,3,-3,82
4828170,13,40,4,78
4828680,23,21,0,78
4829190,46,90,2,76
4829700,67,2,2,74
4830210,23,40,-7,81
4830720,44,7,4,77
4831230,58,45,-2,79
4831740,77,12,0,79
4832250,91,49,-1,80
4832760,3,87,-2,82
4833270,42,65,7,75
4833780,63,32,-8,83
4834290,77,70,15,68
4834800,88,82,-13,81
4835310,99,94,1,80
4835820,18,4,-6,86
4836330,33,88,1,85
4836840,43,70,2,83
4837350,64,37,-4,87
4837860,78,19,10,77
4838370,34,56,0,77
4838880,55,23,-3,80
4839390,69,5,4,76
4839900,25,42,-3,79
4840410,46,9,-1,80
4840920,60,93,3,77
4841430,81,21,0,77
4841940,37,58,0,77
4842450,58,25,-8,85
4842960,72,7,7,78
4843470,28,44,0,78
4843980,49,11,-1,79
4844490,63,95,4,75
4845000,84,54,-2,77
4845510,98,92,-2,79
4846020,17,2,-3,82
4846530,3,75,-1,83
4847040,59,2,9,74
4847550,15,39,-2,76
4848060,25,20,-6,82
4848570,48,89,6,76
4849080,69,1,-1,77
4849590,25,31,-8,85
4850100,87,100,10,75
4850610,6,10,-5,80
4851120,14,79,1,79
4851630,24,57,-1,80
4852140,34,38,0,80
4852650,61,5,4,76
4853160,17,42,-8,84
4853670,27,23,6,78
4854180,50,92,2,76
4854690,82,4,1,75
4855200,38,41,-7,82
4855710,59,8,-4,86
4856220,15,92,6,80
4856730,37,70,1,79
4857240,58,37,-7,86
4857750,72,19,5,81
4858260,28,1,-5,86
4858770,43,85,11,75
4859280,64,99,-2,77
4859790,75,58,0,77
4860300,61,95,-1,78
4860810,82,23,3,75
4861320,38,60,-6,81
4861830,59,27,2,79
4862340,79,9,-2,81
4862850,35,46,3,78
4863360,56,13,-1,79
4863870,70,97,2,77
4864380,91,56,-6,83
4864890,20,93,1,82
4865400,30,71,2,80
4865910,59,53,1,79
4866420,20,20,0,79
4866930,28,89,-3,82
4867440,38,71,2,80
4867950,59,38,-4,84
4868460,73,20,7,77
4868970,29,57,-7,84
4869480,39,24,4,80
4869990,58,93,3,77
4870500,79,52,3,74
4871010,93,89,-7,81
4871520,2,101,-1,82
4872030,58,79,8,74
4872540,79,95,3,71
4873050,100,5,-7,78
4873560,12,42,1,77
4874070,22,23,-9,86
4874580,45,92,10,76
4875090,55,4,-2,78
4875600,11,41,-11,89
4876110,22,22,10,79
4876620,45,91,-3,82
4877130,55,3,0,82
4877640,11,87,-1,83
4878150,99,65,1,82
4878660,11,0,1,81
4879170,19,84,-7,88
4879680,29,98,3,85
4880190,39,10,1,84
4880700,58,94,11,73
4881210,79,53,-4,77
4881720,65,90,5,72
4882230,86,49,-4,76
4882740,100,87,-4,80
4883250,9,99,-4,84
4883760,65,77,10,74
4884270,86,89,-3,77
4884780,97,101,-5,82
4885290,16,11,0,82
4885800,24,80,-3,85
4886310,34,62,10,75
4886820,44,29,-6,81
4887330,63,98,6,75
4887840,74,57,-1,76
4888350,85,69,-5,81
4888860,50,81,0,81
4889370,71,95,8,73
4889880,82,54,-4,77
4890390,68,91,3,74
4890900,89,50,-7,81
4891410,1,88,4,77
4891920,87,66,-2,79
4892430,98,78,-8,87
4892940,7,35,4,83
4893450,17,16,1,82
4893960,25,85,-4,86
4894470,35,99,8,78
4894980,45,11,-8,86
4895490,64,95,8,78
4896000,85,54,3,75
4896510,99,91,0,75
4897020,8,1,-4,79
4897530,16,74,-6,85
4898040,26,1,4,81
4898550,41,85,0,81
4899060,62,99,3,78
4899570,83,58,3,75
4900080,69,95,2,73
4900590,80,54,-5,78
4901100,19,91,-1,79
4901610,29,69,-1,80
4902120,39,83,4,76
4902630,49,97,0,76
4903140,70,9,-3,79
4903650,26,96,-4,83
4904160,36,28,5,78
4904670,59,97,2,76
4905180,80,25,-3,79
4905690,36,62,2,77
4906200,57,29,-3,80
4906710,71,11,4,76
4907220,27,48,-2,78
4907730,48,15,0,78
4908240,62,99,1,77
4908750,83,58,1,76
4909260,0,95,-5,81
4909770,56,73,3,78
4910280,77,40,-7,85
4910790,91,78,7,78
4911300,0,90,2,76
4911810,56,68,3,73
4912320,77,35,-6,79
4912830,91,73,-2,81
4913340,0,85,-5,86
4913850,56,63,10,76
4914360,77,30,-7,83
4914870,91,68,10,73
4915380,0,3,-7,80
4915890,56,0,-1,81
4916400,70,84,11,70
4916910,91,96,-9,79
4917420,10,6,-3,82
4917930,18,90,-3,85
4918440,28,68,5,80
4918950,38,82,1,79
4919460,48,96,3,76
4919970,69,8,-2,78
4920480,25,45,-5,83
4920990,46,12,-3,86
4921500,60,96,12,74
4922010,71,24,-4,78
4922520,85,81,6,72
4923030,96,93,-9,81
4923540,5,3,2,79
4924050,61,76,7,72
4924560,82,43,-7,79
4925070,96,81,4,75
4925580,5,16,-6,81
4926090,93,34,2,79
4926600,5,71,-2,81
4927110,93,49,-4,85
4927620,5,86,5,80
4928130,44,64,7,73
4928640,65,31,-4,77
4929150,79,69,-1,78
4929660,90,81,-1,79
4930170,101,16,1,78
4930680,13,53,-10,88
4931190,23,76,2,86
4931700,33,58,12,74
4932210,54,25,-7,81
4932720,68,7,8,73
4933230,24,44,-5,78
4933740,45,11,-9,87
4934250,64,95,14,73
4934760,75,23,-6,79
4935270,89,60,1,78
4935780,1,97,1,77
4936290,57,75,0,77
4936800,78,42,0,77
4937310,92,80,0,77
4937820,89,92,-3,80
4938330,8,27,-3,83
4938840,16,8,-4,87
4939350,19,92,3,84
4939860,29,70,8,76
4940370,39,84,-4,80
4940880,49,98,-1,81
4941390,70,10,1,80
4941900,26,47,3,77
4942410,47,14,-1,78
4942920,61,98,5,73
4943430,82,57,-10,83
4943940,68,94,6,77
4944450,79,53,2,75
4944960,93,90,-7,82
4945470,54,0,2,80
4945980,68,84,3,77
4946490,89,69,1,76
4947000,100,4,-12,88
4947510,12,41,4,84
4948020,22,22,1,83
4948530,45,91,2,81
4949040,66,3,9,72
4949550,22,40,-12,84
4950060,43,7,-5,89
4950570,62,91,15,74
4951080,73,50,-4,78
4951590,92,87,2,76
4952100,1,99,-6,82
4952610,57,77,6,76
4953120,78,98,1,75
4953630,99,83,-5,80
4954140,8,18,1,79
4954650,96,101,-2,81
4955160,15,36,1,80
4955670,16,17,1,79
4956180,32,86,1,78
4956690,24,100,-3,81
4957200,34,32,-6,87
4957710,57,101,11,76
4958220,78,60,-3,79
4958730,89,22,0,79
4959240,45,59,0,79
4959750,66,26,-5,84
4960260,80,8,3,81
4960770,94,45,3,78
4961280,6,82,-1,79
4961790,45,60,3,76
4962300,66,27,-4,80
4962810,80,9,1,79
4963320,94,46,-5,84
4963830,6,83,5,79
4964340,62,61,-3,82
4964850,23,28,-2,84
4965360,46,97,6,78
4965870,57,9,3,75
4966380,13,29,-4,79
4966890,101,10,-2,81
4967400,13,47,-3,84
4967910,23,28,6,78
4968420,46,97,-5,83
4968930,57,9,6,77
4969440,13,93,-4,81
4969950,52,71,6,75
4970460,73,38,-1,76
4970970,87,20,-5,81
4971480,43,57,6,75
4971990,64,24,-9,84
4972500,78,6,0,84
4973010,34,93,4,80
4973520,45,5,-7,87
4974030,64,89,14,73
4974540,75,48,-3,76
4975050,6,85,-2,78
4975560,62,63,2,76
4976070,73,30,-2,78
4976580,87,67,4,74
4977090,98,2,-6,80
4977600,72,89,6,74
4978110,93,48,-9,83
4978620,5,85,1,82
4979130,61,63,7,75
4979640,22,48,-7,82
4980150,32,62,6,76
4980660,42,29,-11,87
4981170,61,98,9,78
4981680,72,57,4,74
4982190,83,24,-5,79
4982700,33,61,3,76
4983210,43,75,-2,78
4983720,64,89,4,74
4984230,75,48,-7,81
4984740,89,85,11,70
4985250,100,97,-13,83
4985760,9,32,5,78
4986270,99,13,-2,80
4986780,11,100,-4,84
4987290,50,78,5,79
4987800,71,37,-2,81
4988310,85,19,1,80
4988820,41,56,2,78
4989330,62,23,-4,82
4989840,76,5,11,71
4990350,32,42,-8,79
4990860,66,9,2,77
4991370,22,96,-8,85
4991880,32,74,11,74
4992390,42,88,-6,80
4992900,63,0,1,79
4993410,19,4,-2,81
4993920,34,77,5,76
4994430,44,91,-4,80
4994940,65,3,6,74
4995450,21,7,-9,83
4995960,33,91,-6,89
4996470,36,73,13,76
4996980,46,87,-3,79
4997490,67,46,-2,81
4998000,37,13,3,78
4998510,56,97,-1,79
4999020,67,56,0,79
4999530,86,23,2,77
5000040,42,60,1,76
5000550,59,27,-2,78
5001060,73,9,3,75
5001570,29,96,-8,83
5002080,32,8,1,82
5002590,47,92,8,74
5003100,58,4,1,73
5003610,14,41,-10,83
5004120,2,22,2,81
5004630,58,40,-1,82
5005140,77,7,10,72
5005650,33,44,-5,77
5006160,67,11,2,75
5006670,23,98,-9,84
5007180,33,76,9,75
5007690,43,90,-3,78
5008200,65,2,1,77
5008710,21,6,-4,81
5009220,36,75,7,74
5009730,46,89,-6,80
5010240,67,1,4,76
5010750,23,5,-6,82
5011260,26,78,-1,83
5011770,36,101,0,83
5012280,47,13,0,83
5012790,61,97,6,77
5013300,72,56,-3,80
5013810,33,23,0,80
5014320,52,92,3,77
5014830,73,51,-5,82
5015340,92,18,3,79
5015850,48,55,3,76
5016360,69,22,-2,78
5016870,83,59,1,77
5017380,69,96,2,75
5017890,80,55,-5,80
5018400,99,59,0,80
5018910,11,96,1,79
5019420,67,74,6,73
5019930,53,95,-4,77
5020440,75,54,5,72
5020950,38,91,-7,79
5021460,49,3,2,77
5021970,5,87,-8,85
5022480,61,65,9,76
5022990,47,32,-13,89
5023500,66,101,15,74
5024010,77,60,4,70
5024520,88,97,-15,85
5025030,99,82,10,75
5025540,8,17,-5,80
5026050,16,35,-3,83
5026560,24,2,4,79
5027070,27,86,-11,90
5027580,30,100,15,75
5028090,35,12,-15,90
5028600,38,96,7,83
5029110,48,8,4,79
5029620,4,92,-3,82
5030130,60,70,10,72
5030640,46,37,-12,84
5031150,65,4,4,80
5031660,21,91,-2,82
5032170,31,69,1,81
5032680,41,83,3,78
5033190,51,97,-3,81
5033700,72,9,7,74
5034210,28,96,-4,78
5034720,38,28,-1,79
5035230,57,97,4,75
5035740,68,56,-3,78
5036250,79,23,-3,81
5036760,35,60,2,79
5037270,56,27,-1,80
5037780,70,9,7,73
5038290,26,35,-9,82
5038800,49,2,4,78
5039310,68,86,4,74
5039820,79,5,-8,82
5040330,35,42,0,82
5040840,54,35,-1,83
5041350,82,17,6,77
5041860,38,54,-2,79
5042370,59,21,-2,81
5042880,73,3,7,74
5043390,29,90,-14,88
5043900,32,2,15,73
5044410,47,86,0,73
5044920,69,100,-6,79
5045430,80,59,-3,82
5045940,91,96,9,73
5046450,0,6,-9,82
5046960,56,3,3,79
5047470,12,87,-2,81
5047980,51,65,4,77
5048490,72,32,-8,85
5049000,86,14,6,79
5049510,42,51,5,74
5050020,5,18,-5,79
5050530,13,36,-3,82
5051040,23,17,3,79
5051550,31,86,0,79
5052060,42,100,1,78
5052570,53,12,-2,80
5053080,67,96,4,76
5053590,78,55,-1,77
5054100,64,92,5,72
5054610,75,51,-4,76
5055120,61,88,1,75
5055630,72,47,1,74
5056140,86,84,-1,75
5056650,97,19,-5,80
5057160,9,56,-1,81
5057670,19,85,-3,84
5058180,29,63,7,77
5058690,39,77,-3,80
5059200,49,91,4,76
5059710,70,3,2,74
5060220,26,40,-6,80
5060730,60,7,7,73
5061240,16,91,-9,82
5061750,55,69,9,73
5062260,76,28,-3,76
5062770,32,65,5,71
5063280,42,79,-8,79
5063790,63,93,5,74
5064300,74,52,2,72
5064810,85,89,-5,77
5065320,96,24,-5,82
5065830,52,61,5,77
5066340,73,28,-3,80
5066850,87,66,5,75
5067360,98,1,-5,80
5067870,72,38,0,80
5068380,86,76,9,71
5068890,97,38,-10,81
5069400,9,75,2,79
5069910,48,53,0,79
5070420,69,20,3,76
5070930,25,57,-6,82
5071440,35,71,5,77
5071950,45,85,1,76
5072460,66,99,3,73
5072970,77,58,-4,77
5073480,88,95,-2,79
5073990,99,80,1,78
5074500,8,15,-2,80
5075010,16,88,-1,81
5075520,26,66,-2,83
5076030,36,48,5,78
5076540,57,15,-5,83
5077050,13,99,0,83
5077560,52,77,12,71
5078070,73,36,-10,81
5078580,87,18,4,77
5079090,43,55,-3,80
5079600,64,22,4,76
5080110,20,59,-7,83
5080620,30,41,7,76
5081130,51,8,-7,83
5081640,65,92,7,76
5082150,76,77,0,76
5082660,87,12,-4,80
5083170,43,49,8,72
5083680,64,16,-7,79
5084190,20,100,-6,85
5084700,30,78,3,82
5085210,40,60,8,74
5085720,61,27,-14,88
5086230,75,9,14,74
5086740,31,46,-1,75
5087250,52,13,-3,78
5087760,66,97,3,75
5088270,77,25,-5,80
5088780,91,62,6,74
5089290,3,99,-4,78
5089800,59,77,3,75
5090310,80,98,-1,76
5090820,91,17,-9,85
5091330,3,54,3,82
5091840,59,83,6,76
5092350,80,42,1,75
5092860,94,79,-5,80
5093370,3,14,-2,82
5093880,11,11,4,78
5094390,19,84,-8,86
5094900,29,62,7,79
5095410,39,43,-6,85
5095920,73,10,5,80
5096430,29,47,2,78
5096940,50,14,-3,81
5097450,64,98,4,77
5097960,75,26,-5,82
5098470,89,63,2,80
5098980,1,100,4,76
5099490,57,78,1,75
5100000,78,63,-1,76
5100510,89,25,-1,77
5101020,45,62,1,76
5101530,66,29,-12,88
5102040,80,11,7,81
5102550,36,48,6,75
5103060,12,15,-8,83
5103570,20,100,4,79
5104080,42,78,3,76
5104590,64,92,2,74
5105100,75,11,-1,75
5105610,31,48,0,75
5106120,52,15,-10,85
5106630,66,99,10,75
5107140,77,27,-2,77
5107650,91,64,-2,79
5108160,77,101,7,72
5108670,15,20,-6,78
5109180,23,89,-7,85
5109690,33,67,12,73
5110200,43,81,-3,76
5110710,65,95,-1,77
5111220,76,14,-1,78
5111730,32,51,7,71
5112240,53,18,-12,83
5112750,67,0,2,81
5113260,23,37,4,77
5113770,44,4,-7,84
5114280,58,88,14,70
5114790,69,47,-5,75
5115300,80,84,0,75
5115810,91,19,-2,77
5116320,3,56,-8,85
5116830,59,85,12,73
5117340,70,70,-3,76
5117850,81,55,7,69
5118360,95,92,-14,83
5118870,4,77,4,79
5119380,60,55,1,78
5119890,79,22,1,77
5120400,35,59,-2,79
5120910,56,44,-3,82
5121420,75,11,-1,83
5121930,89,48,2,81
5122440,1,86,-1,82
5122950,57,64,5,77
5123460,78,85,1,76
5123970,99,20,-3,79
5124480,11,57,-1,80
5124990,21,86,-2,82
5125500,31,64,4,78
5126010,41,45,-3,81
5126520,60,12,2,79
5127030,74,96,1,78
5127540,85,81,-8,86
5128050,96,16,5,81
5128560,8,53,-2,83
5129070,18,82,-3,86
5129580,28,60,6,80
5130090,38,41,3,77
5130600,59,8,-6,83
5131110,73,91,1,82
5131620,84,76,1,81
5132130,95,11,4,77
5132640,7,48,-9,86
5133150,17,77,3,83
5133660,27,4,1,82
5134170,42,77,7,75
5134680,64,62,0,75
5135190,25,47,-7,82
5135700,13,28,-1,83
5136210,21,9,-2,85
5136720,33,82,2,83
5137230,43,3,1,82
5137740,58,87,3,79
5138250,80,68,-3,82
5138760,91,30,5,77
5139270,3,67,-7,84
5139780,59,45,-1,85
5140290,78,12,8,77
5140800,92,49,-3,80
5141310,4,87,1,79
5141820,60,65,3,76
5142330,81,27,-1,77
5142840,95,64,-1,78
5143350,7,101,-4,82
5143860,46,79,5,77
5144370,68,64,2,75
5144880,79,26,-3,78
5145390,35,63,1,77
5145900,45,30,-9,86
5146410,15,99,-1,87
5146920,54,77,16,71
5147430,75,36,-11,82
5147940,89,74,6,76
5148450,100,9,-4,80
5148960,12,96,-1,81
5149470,51,74,10,71
5149980,73,59,-8,79
5150490,84,63,-1,80
5151000,95,100,2,78
5151510,14,35,-4,82
5152020,24,16,-7,89
5152530,36,85,14,75
5153040,41,99,-4,79
5153550,46,11,1,78
5154060,60,95,2,76
5154570,71,80,1,75
5155080,82,42,-4,79
5155590,96,23,-3,82
5156100,8,60,4,78
5156610,18,89,-9,87
5157120,28,67,11,76
5157630,38,81,-2,78
5158140,48,2,-4,82
5158650,67,27,3,79
5159160,81,65,-2,81
5159670,92,27,-2,83
5160180,4,64,4,79
5160690,26,93,-7,86
5161200,36,71,9,77
5161710,46,52,-1,78
5162220,65,19,2,76
5162730,79,39,0,76
5163240,93,11,-4,80
5163750,5,98,-1,81
5164260,44,76,6,75
5164770,66,35,-5,80
5165280,80,17,-1,81
5165790,36,54,5,76
5166300,57,21,-9,85
5166810,71,3,12,73
5167320,85,23,-3,76
5167830,41,60,4,72
5168340,62,87,-4,76
5168850,73,6,-3,79
5169360,87,26,-2,81
5169870,101,63,1,80
5170380,13,100,-5,85
5170890,52,78,9,76
5171400,73,63,-4,80
5171910,84,25,-1,81
5172420,98,62,2,79
5172930,10,99,-4,83
5173440,49,77,10,73
5173950,71,36,-5,78
5174460,85,17,3,75
5174970,99,54,-3,78
5175480,11,92,-3,81
5175990,50,70,6,75
5176500,71,55,0,75
5177010,82,92,4,71
5177520,93,77,-14,85
5178030,2,39,6,79
5178540,1,68,1,78
5179050,57,46,-1,79
5179560,76,13,6,73
5180070,90,33,-11,84
5180580,2,70,8,76
5181090,58,48,4,72
5181600,77,15,-7,79
5182110,91,52,-4,83
5182620,3,90,2,81
5183130,42,68,5,76
5183640,64,27,-9,85
5184150,78,65,12,73
5184660,89,27,-4,77
5185170,1,64,2,75
5185680,11,42,-4,79
5186190,21,23,1,78
5186700,40,92,2,76
5187210,45,4,-6,82
5187720,64,88,13,69
5188230,75,47,-8,77
5188740,89,85,-7,84
5189250,100,64,5,79
5189760,12,101,-2,81
5190270,51,79,4,77
5190780,73,38,1,76
5191290,56,76,2,74
5191800,49,61,-4,78
5192310,35,52,3,75
5192820,56,19,-5,80
5193330,70,1,6,74
5193840,26,26,-8,82
5194350,45,95,4,78
5194860,50,7,-2,80
5195370,64,91,5,75
5195880,75,10,-2,77
5196390,89,30,-4,81
5196900,1,67,1,80
5197410,57,45,-6,86
5197920,76,12,11,75
5198430,32,49,0,75
5198940,53,16,-5,80
5199450,67,100,4,76
5199960,78,59,5,71
5200470,89,96,-13,84
5200980,100,81,3,81
5201490,9,16,-5,86
5202000,17,89,7,79
5202510,27,67,1,78
5203020,37,81,-4,82
5203530,47,2,1,81
5204040,66,27,4,77
5204550,80,65,-1,78
5205060,91,21,0,78
5205570,3,58,-2,80
5206080,59,87,7,73
5206590,81,46,-5,78
5207100,95,84,-2,80
5207610,4,19,4,76
5208120,12,53,-4,80
5208630,22,82,-1,81
5209140,32,65,4,77
5209650,42,46,1,76
5210160,61,13,-4,80
5210670,75,33,-3,83
5211180,89,71,6,77
5211690,100,6,-2,79
5212200,12,43,-4,83
5212710,22,24,3,80
5213220,30,93,-5,85
5213730,35,101,2,83
5214240,40,84,5,78
5214750,45,5,-3,81
5215260,59,89,5,76
5215770,81,48,3,73
5216280,95,85,-7,80
5216790,4,97,-2,82
5217300,60,75,8,74
5217810,19,96,-9,83
5218320,24,84,-1,84
5218830,34,5,0,84
5219340,35,90,4,80
5219850,40,2,0,80
5220360,59,86,5,75
5220870,70,45,3,72
5221380,84,55,-8,80
5221890,98,92,2,78
5222400,7,27,-4,82
5222910,17,8,2,80
5223420,25,81,-4,84
5223930,28,64,3,81
5224440,38,45,-3,84
5224950,61,12,7,77
5225460,17,32,-2,79
5225970,3,13,2,77
5226480,11,10,-2,79
5226990,19,95,-1,80
5227500,24,73,4,76
5228010,34,87,-2,78
5228520,39,8,-4,82
5229030,40,92,7,75
5229540,45,13,-5,80
5230050,59,97,4,76
5230560,70,25,-1,77
5231070,84,6,-4,81
5231580,98,43,-2,83
5232090,10,81,5,78
5232600,88,59,-4,82
5233110,0,69,0,82
5233620,56,98,5,77
5234130,67,79,-2,79
5234640,78,100,5,74
5235150,89,59,-5,79
5235660,1,96,3,76
5236170,57,74,1,75
5236680,90,95,-7,82
5237190,9,5,0,82
5237700,17,78,1,81
5238210,27,56,4,77
5238720,49,37,-3,80
5239230,68,4,5,75
5239740,24,49,0,75
5240250,46,94,-2,77
5240760,51,6,-1,78
5241270,70,89,4,74
5241780,81,8,-5,79
5242290,37,28,-4,83
5242800,56,97,9,74
5243310,67,56,-4,78
5243820,53,78,7,71
5244330,75,37,-6,77
5244840,89,57,1,76
5245350,1,94,-3,79
5245860,57,72,6,73
5246370,78,93,-2,75
5246880,89,12,-6,81
5247390,45,32,-1,82
5247900,64,14,1,81
5248410,20,97,-5,86
5248920,25,75,4,82
5249430,35,98,-4,86
5249940,40,19,3,83
5250450,59,1,7,76
5250960,15,21,-5,81
5251470,23,90,-1,82
5251980,33,68,8,74
5252490,55,49,-3,77
5253000,74,16,1,76
5253510,30,36,-10,86
5254020,49,3,7,79
5254530,63,87,5,74
5255040,74,6,0,74
5255550,30,26,-10,84
5256060,49,8,0,84
5256570,5,92,4,80
5257080,61,70,1,79
5257590,82,91,8,71
5258100,93,1,-14,85
5258610,67,74,8,77
5259120,78,95,-1,78
5259630,99,14,-1,79
5260140,11,101,-1,80
5260650,50,79,0,80
5261160,71,6,7,73
5261670,27,26,-10,83
5262180,46,95,4,79
5262690,51,7,3,76
5263200,65,91,4,72
5263710,76,50,-8,80
5264220,90,72,0,80
5264730,101,7,-2,82
5265240,75,27,2,80
5265750,89,47,0,80
5266260,45,85,-4,84
5266770,67,66,10,74
5267280,78,28,0,74
5267790,34,48,1,73
5268300,55,15,-11,84
5268810,11,99,2,82
5269320,89,77,1,81
5269830,100,89,4,77
5270340,9,101,-3,80
5270850,48,79,-2,82
5271360,69,6,11,71
5271870,25,26,-15,86
5272380,44,95,8,78
5272890,49,16,0,78
5273400,63,100,4,74
5273910,74,28,-8,82
5274420,88,48,7,75
5274930,0,86,-3,78
5275440,39,64,-1,79
5275950,60,45,0,79
5276460,79,12,3,76
5276970,35,32,-7,83
5277480,54,101,7,76
5277990,75,60,4,72
5278500,86,22,-5,77
5279010,42,42,-1,78
5279520,61,9,3,75
5280030,17,29,-8,83
5280540,34,37,3,80
5281050,53,4,6,74
5281560,67,29,-6,80
5282070,81,10,1,79
5282580,37,30,-4,83
5283090,56,99,6,77
5283600,67,26,-8,85
5284110,81,8,-3,88
5284620,95,28,9,79
5285130,51,48,-1,80
5285640,70,15,4,76
5286150,26,35,-8,84
5286660,58,2,1,83
5287170,72,22,5,78
5287680,28,3,0,78
5288190,31,76,-4,82
5288700,41,99,0,82
5289210,46,20,0,82
5289720,60,2,7,75
5290230,74,22,-6,81
5290740,30,42,2,79
5291250,51,49,0,79
5291760,70,16,5,74
5292270,26,36,-8,82
5292780,12,3,4,78
5293290,0,76,-5,83
5293800,56,54,3,80
5294310,97,21,2,78
5294820,53,41,-6,84
5295330,72,8,11,73
5295840,28,53,-6,79
5296350,49,34,-8,87
5296860,68,16,5,82
5297370,24,36,-3,85
5297880,47,3,7,78
5298390,61,87,6,72
5298900,72,14,-3,75
5299410,28,34,-8,83
5299920,51,1,11,72
5300430,7,26,-9,81
5300940,15,7,-5,86
5301450,23,80,-2,88
5301960,33,1,-1,89
5302470,36,26,7,82
5302980,59,95,4,78
5303490,80,76,5,73
5304000,91,88,-6,79
5304510,0,100,0,79
5305020,54,78,8,71
5305530,75,5,-1,72
5306040,31,50,-5,77
5306550,52,17,-6,83
5307060,66,101,9,74
5307570,77,29,-2,76
5308080,33,67,2,74
5308590,55,48,-3,77
5309100,74,15,1,76
5309610,30,35,-8,84
5310120,53,2,5,79
5310630,9,27,-6,85
5311140,17,8,0,85
5311650,25,81,1,84
5312160,35,2,-4,88
5312670,50,86,13,75
5313180,71,67,-5,80
5313690,82,89,5,75
5314200,1,24,-6,81
5314710,57,5,4,77
5315220,13,25,-3,80
5315730,101,6,-6,86
5316240,75,43,3,83
5316750,89,24,8,75
5317260,45,44,-2,77
5317770,66,11,3,74
5318280,22,31,-5,79
5318790,45,100,5,74
5319300,50,12,-8,82
5319810,64,96,6,76
5320320,75,24,-5,81
5320830,89,44,2,79
5321340,1,82,1,78
5321850,57,60,1,77
5322360,39,27,-2,79
5322870,62,96,0,79
5323380,73,24,2,77
5323890,29,44,-2,79
5324400,50,11,-3,82
5324910,6,95,4,78
5325420,60,73,6,72
5325930,81,40,-1,73
5326440,95,78,-3,76
5326950,4,90,-2,78
5327460,58,68,5,73
5327970,44,97,-6,79
5328480,65,18,4,75
5328990,21,38,-10,85
5329500,42,19,-1,86
5330010,50,1,11,75
5330520,64,21,0,75
5331030,20,41,-5,80
5331540,41,22,-5,85
5332050,60,4,9,76
5332560,16,24,-7,83
5333070,39,93,7,76
5333580,60,14,-8,84
5334090,74,98,6,78
5334600,71,26,-5,83
5335110,85,7,5,78
5335620,41,52,4,74
5336130,62,19,-6,80
5336640,76,39,-4,84
5337150,90,21,0,84
5337660,46,41,-1,85
5338170,69,8,3,82
5338680,25,28,-5,87
5339190,48,97,10,77
5339700,69,18,-1,78
5340210,25,38,-4,82
5340720,46,5,-1,83
5341230,60,30,5,78
5341740,74,50,8,70
5342250,60,87,-7,77
5342760,81,93,5,72
5343270,92,28,-3,75
5343780,4,65,-2,77
5344290,43,94,-5,82
5344800,48,15,1,81
5345310,62,99,7,74
5345820,73,34,-7,81
5346330,87,15,0,81
5346840,43,35,1,80
5347350,62,2,8,72
5347860,18,22,-8,80
5348370,26,91,1,79
5348880,36,3,4,75
5349390,51,28,-6,81
5349900,65,10,3,78
5350410,21,30,2,76
5350920,44,99,-4,80
5351430,21,11,-3,83
5351940,33,80,10,73
5352450,38,1,-6,79
5352960,53,26,-5,84
5353470,67,8,7,77
5353980,23,28,-5,82
5354490,46,97,2,80
5355000,23,9,-3,83
5355510,9,82,1,82
5356020,63,60,5,77
5356530,49,22,-11,88
5357040,63,4,13,75
5357550,19,49,-3,78
5358060,29,30,-1,79
5358570,48,99,-1,80
5359080,59,20,1,79
5359590,73,40,1,78
5360100,87,22,3,75
5360610,43,42,-3,78
5361120,64,9,5,73
5361630,20,29,-6,79
5362140,43,98,1,78
5362650,54,10,-2,80
5363160,10,94,-5,85
5363670,64,72,8,77
5364180,50,94,3,74
5364690,72,6,-3,77
5365200,28,26,-4,81
5365710,51,95,-1,82
5366220,28,7,2,80
5366730,31,80,0,80
5367240,36,1,-1,81
5367750,51,26,-2,83
5368260,65,8,9,74
5368770,21,28,-9,83
5369280,44,97,1,82
5369790,49,9,3,79
5370300,5,93,3,76
5370810,59,71,4,72
5371320,45,38,-12,84
5371830,2,5,1,83
5372340,58,2,5,78
5372850,14,22,-4,82
5373360,22,3,-2,84
5373870,37,28,6,78
5374380,56,97,0,78
5374890,67,9,0,78
5375400,23,29,-8,86
5375910,46,98,13,73
5376420,23,10,-13,86
5376930,35,83,3,83
5377440,45,4,4,79
5377950,60,24,-1,80
5378460,74,6,1,79
5378970,30,26,-5,84
5379480,53,95,5,79
5379990,30,7,-2,81
5380500,45,27,-5,86
5381010,12,9,4,82
5381520,20,78,-5,87
5382030,30,101,-2,89
5382540,33,13,10,79
5383050,41,97,1,78
5383560,46,9,-1,79
5384070,60,29,-5,84
5384580,74,11,4,80
5385090,30,31,-1,81
5385600,89,100,4,77
5386110,45,35,-4,81
5386620,64,69,6,75
5387130,50,31,-9,84
5387640,64,13,7,77
5388150,20,33,-6,83
5388660,6,0,1,82
5389170,62,73,2,80
5389680,48,40,-2,82
5390190,67,7,6,76
5390700,23,27,-1,77
5391210,9,96,-1,78
5391720,63,74,-4,82
5392230,84,33,0,82
5392740,40,53,4,78
5393250,61,20,0,78
5393760,71,1,3,75
5394270,27,21,-11,86
5394780,50,90,14,72
5395290,26,2,-11,83
5395800,29,27,6,77
5396310,52,96,-3,80
5396820,29,8,2,78
5397330,32,28,-10,88
5397840,55,97,9,79
5398350,32,9,-5,84
5398860,40,93,3,81
5399370,17,14,-1,82
5399880,25,98,-5,87
5400390,35,76,11,76
5400900,40,90,-3,79
5401410,50,11,-3,82
5401920,64,95,9,73
5402430,75,54,-4,77
5402940,31,4,-2,79
5403450,32,77,-1,80
5403960,37,100,-3,83
5404470,14,12,2,81
5404980,22,81,-3,84
5405490,32,95,4,80
5406000,37,7,0,80
5406510,38,27,-3,83
5407020,61,96,5,78
5407530,72,8,1,77
5408040,28,28,-6,83
5408550,51,97,0,83
5409060,28,9,0,83
5409570,40,82,3,80
5410080,61,96,7,73
5410590,72,8,0,73
5411100,28,28,-7,80
5411610,51,97,1,79
5412120,28,9,-9,88
5412630,40,82,11,77
5413140,61,96,-3,80
5413650,82,55,3,77
5414160,38,5,3,74
5414670,53,89,-4,78
5415180,74,1,3,75
5415690,30,21,-6,81
5416200,53,90,4,77
5416710,74,2,2,75
5417220,30,22,-7,82
5417730,53,91,7,75
5418240,74,3,4,71
5418750,30,23,-18,89
5419260,53,5,7,82
5419770,67,25,3,79
5420280,81,7,-2,81
5420790,37,27,-3,84
5421300,60,96,6,78
5421810,81,8,6,72
5422320,37,28,-8,80
5422830,60,97,9,71
5423340,23,9,-19,90
5423850,35,93,10,80
5424360,40,5,-1,81
5424870,55,89,6,75
5425380,76,48,-1,76
5425890,32,85,-9,85
5426400,53,6,7,78
5426910,9,90,-3,81
5427420,63,68,3,78
5427930,84,35,-2,80
5428440,98,55,0,80
5428950,10,92,1,79
5429460,64,70,3,76
5429970,85,29,-7,83
5430480,41,49,1,82
5430990,62,16,-1,83
5431500,18,100,2,81
5432010,57,78,7,74
5432520,78,37,-1,75
5433030,92,57,-9,84
5433540,4,94,6,78
5434050,58,72,2,76
5434560,79,31,-11,87
5435070,93,68,13,74
5435580,49,3,-12,86
5436090,63,28,6,80
5436600,77,10,2,78
5437110,33,30,-4,82
5437620,56,99,5,77
5438130,77,11,2,75
5438640,33,31,-11,86
5439150,92,100,6,80
5439660,11,35,-2,82
5440170,21,16,-4,86
5440680,33,4,6,80
5441190,48,88,5,75
5441700,25,0,-10,85
5442210,40,25,3,82
5442720,68,7,1,81
5443230,24,27,0,81
5443740,83,96,-2,83
5444250,2,55,4,79
5444760,60,84,6,73
5445270,81,43,-8,81
5445780,95,25,-2,83
5446290,51,62,7,76
5446800,72,21,-3,79
5447310,28,58,0,79
5447820,64,72,4,75
5448330,85,31,-7,82
5448840,99,68,3,79
5449350,55,3,3,76
5449860,11,23,-1,77
5450370,95,4,-5,82
5450880,51,41,-4,86
5451390,70,8,8,78
5451900,26,28,0,78
5452410,49,97,-1,79
5452920,26,9,-7,86
5453430,29,93,2,84
5453940,50,5,4,80
5454450,6,30,1,79
5454960,16,36,-3,82
5455470,24,75,1,81
5455980,34,89,7,74
5456490,39,1,-13,87
5457000,54,26,6,81
5457510,68,46,4,77
5458020,24,28,-3,80
5458530,83,97,3,77
5459040,2,32,-5,82
5459550,12,13,0,82
5460060,15,82,-4,86
5460570,25,60,4,82
5461080,35,64,9,73
5461590,40,78,-2,75
5462100,45,92,-6,81
5462610,50,4,0,81
5463120,6,29,-3,84
5463630,16,35,3,81
5464140,17,16,4,77
5464650,25,85,-7,84
5465160,35,99,3,81
5465670,40,11,1,80
5466180,52,95,4,76
5466690,29,7,-8,84
5467200,32,91,-5,89
5467710,37,3,11,78
5468220,52,28,-3,81
5468730,66,10,6,75
5469240,22,30,-7,82
5469750,56,99,2,80
5470260,33,11,-5,85
5470770,36,95,0,85
5471280,41,7,5,80
5471790,55,91,3,77
5472300,76,3,4,73
5472810,32,40,-5,78
5473320,66,7,2,76
5473830,22,27,-3,79
5474340,81,96,-1,80
5474850,0,55,4,76
5475360,58,84,3,73
5475870,79,43,-11,84
5476380,93,25,7,77
5476890,49,62,2,75
5477400,70,29,-10,85
5477910,84,66,13,72
5478420,40,1,-15,87
5478930,43,26,4,83
5479440,71,95,9,74
5479950,92,54,-1,75
5480460,48,91,-4,79
5480970,69,3,6,73
5481480,25,40,-11,84
5481990,59,7,10,74
5482500,15,27,-7,81
5483010,23,58,-2,83
5483520,33,70,2,81
5484030,54,84,8,73
5484540,75,98,0,73
5485050,96,33,-6,79
5485560,52,70,0,79
5486070,73,37,-3,82
5486580,87,19,9,73
5487090,43,56,-3,76
5487600,64,23,0,76
5488110,20,4,-8,84
5488620,23,77,4,80
5489130,33,91,2,78
5489640,54,3,0,78
5490150,10,28,-4,82
5490660,18,34,3,79
5491170,26,1,-6,85
5491680,29,74,-1,86
5492190,50,88,8,78
5492700,71,0,6,72
5493210,27,37,-11,83
5493720,86,4,4,79
5494230,42,41,-3,82
5494740,65,8,8,74
5495250,21,28,-5,79
5495760,80,97,3,76
5496270,91,56,-2,78
5496780,3,93,-1,79
5497290,57,26,-5,84
5497800,71,8,2,82
5498310,27,28,0,82
5498820,86,97,-1,83
5499330,97,32,-2,85
5499840,53,69,9,76
5500350,74,36,-6,82
5500860,88,18,7,75
5501370,44,55,1,74
5501880,65,22,-3,77
5502390,21,59,-4,81
5502900,31,82,3,78
5503410,36,96,1,77
5503920,47,8,-4,81
5504430,61,92,9,72
5504940,72,27,-8,80
5505450,28,64,3,77
5505960,38,78,-1,78
5506470,15,92,-4,82
5506980,94,70,3,79
5507490,3,5,-4,83
5508000,11,2,-2,85
5508510,19,75,1,84
5509020,29,89,3,81
5509530,50,1,2,79
5510040,64,71,7,72
5510550,85,33,-14,86
5511060,99,70,7,79
5511570,11,5,-7,86
5512080,19,74,0,86
5512590,29,88,-3,89
5513100,50,0,9,80
5513610,64,25,0,80
5514120,78,7,6,74
5514630,34,44,-5,79
5515140,68,11,2,77
5515650,24,31,-5,82
5516160,32,100,4,78
5516670,53,12,0,78
5517180,81,96,-4,82
5517690,0,31,8,74
5518200,101,37,-6,80
5518710,13,74,-6,86
5519220,23,1,7,79
5519730,26,26,-12,91
5520240,49,95,15,76
5520750,70,7,3,73
5521260,26,33,-6,79
5521770,60,0,-1,80
5522280,16,25,-5,85
5522790,24,94,6,79
5523300,45,6,-3,82
5523810,59,90,8,74
5524320,80,2,1,73
5524830,36,39,-4,77
5525340,70,6,1,76
5525850,26,43,-1,77
5526360,47,10,-8,85
5526870,61,30,8,77
5527380,75,12,1,76
5527890,31,32,-9,85
5528400,65,101,5,80
5528910,86,60,11,69
5529420,100,22,-10,79
5529930,12,59,-1,80
5530440,22,88,-1,81
5530950,32,66,3,78
5531460,42,80,3,75
5531970,63,94,1,74
5532480,84,53,2,72
5532990,98,90,-1,73
5533500,7,25,-7,80
5534010,15,31,-2,82
5534520,23,12,-4,86
5535030,26,81,-8,94
5535540,29,2,9,85
5536050,32,27,-1,86
5536560,40,96,4,82
5537070,61,8,5,77
5537580,17,28,0,77
5538090,25,97,-4,81
5538600,35,75,1,80
5539110,45,89,2,78
5539620,66,1,2,76
5540130,22,26,-1,77
5540640,30,95,-9,86
5541150,35,7,6,80
5541660,38,91,0,80
5542170,49,3,2,78
5542680,63,28,1,77
5543190,77,10,-1,78
5543700,33,30,-1,79
5544210,52,99,-4,83
5544720,73,11,7,76
5545230,29,31,-8,84
5545740,63,100,6,78
5546250,74,12,2,76
5546760,88,32,-4,80
5547270,0,69,-1,81
5547780,58,98,5,76
5548290,79,10,0,76
5548800,35,30,-5,81
5549310,69,99,7,74
5549820,80,58,1,73
5550330,91,8,1,72
5550840,3,45,-14,86
5551350,13,74,2,84
5551860,23,1,2,82
5552370,26,26,1,81
5552880,43,95,-2,83
5553390,48,7,7,76
5553900,62,91,0,76
5554410,73,50,-1,77
5554920,87,0,1,76
5555430,101,26,-3,79
5555940,13,63,0,79
5556450,23,92,-2,81
5556960,33,70,7,74
5557470,38,84,-4,78
5557980,43,98,0,78
5558490,54,10,-4,82
5559000,68,94,4,78
5559510,6,53,-8,86
5560020,16,60,3,83
5560530,26,41,-1,84
5561040,85,8,6,78
5561550,41,45,0,78
5562060,75,12,3,75
5562570,31,32,-7,82
5563080,65,101,6,76
5563590,76,60,4,72
5564100,87,27,-7,79
5564610,101,64,7,72
5565120,13,101,-14,86
5565630,2,79,7,79
5566140,60,57,2,77
5566650,94,24,-3,80
5567160,6,61,-1,81
5567670,16,90,-4,85
5568180,26,68,8,77
5568690,36,82,-1,78
5569200,41,96,1,77
5569710,52,8,0,77
5570220,66,28,0,77
5570730,80,10,4,73
5571240,36,30,-14,87
5571750,70,99,15,72
5572260,81,58,-1,73
5572770,44,8,-6,79
5573280,58,92,1,78
5573790,69,4,0,78
5574300,25,29,1,77
5574810,44,98,0,77
5575320,21,10,-5,82
5575830,24,79,2,80
5576340,34,93,0,80
5576850,39,14,-9,89
5577360,96,98,3,86
5577870,5,33,6,80
5578380,15,14,-2,82
5578890,18,83,-3,85
5579400,28,59,9,76
5579910,38,73,2,74
5580420,60,87,3,71
5580930,71,46,-7,78
5581440,85,98,2,76
5581950,96,57,-3,79
5582460,8,94,3,76
5582970,62,72,1,75
5583480,20,39,-11,86
5583990,21,20,5,81
5584500,38,89,-3,84
5585010,48,1,5,79
5585520,62,26,2,77
5586030,76,8,-2,79
5586540,32,45,1,78
5587050,66,12,2,76
5587560,22,49,-6,82
5588070,32,63,6,76
5588580,33,77,-1,77
5589090,43,91,3,74
5589600,48,3,-10,84
5590110,62,87,11,73
5590620,73,46,-2,75
5591130,87,28,-8,83
5591640,43,65,4,79
5592150,64,32,-3,82
5592660,78,14,9,73
5593170,34,51,-6,79
5593680,68,18,5,74
5594190,24,55,0,74
5594700,34,69,3,71
5595210,44,83,-9,80
5595720,21,97,-2,82
5596230,31,75,6,76
5596740,42,89,-4,80
5597250,47,1,3,77
5597760,61,26,-14,91
5598270,75,8,15,76
5598780,31,45,1,75
5599290,65,12,-5,80
5599800,21,49,1,79
5600310,31,63,3,76
5600820,41,77,-2,78
5601330,63,91,6,72
5601840,74,50,-1,73
5602350,88,32,-5,78
5602860,0,69,-1,79
5603370,58,47,1,78
5603880,77,14,4,74
5604390,33,51,1,73
5604900,54,18,-4,77
5605410,68,0,7,70
5605920,24,73,-11,81
5606430,34,96,3,78
5606940,76,8,4,74
5607450,32,45,-12,86
5607960,66,12,10,76
5608470,22,49,-8,84
5608980,32,72,3,81
5609490,33,95,-5,86
5610000,38,16,9,77
5610510,52,100,-1,78
5611020,22,12,-3,81
5611530,25,81,-5,86
5612040,35,2,7,79
5612550,38,27,1,78
5613060,57,96,6,72
5613570,68,8,-7,79
5614080,24,34,2,77
5614590,43,1,-4,81
5615100,57,26,5,76
5615610,71,8,-1,77
5616120,27,45,-2,79
5616630,46,12,0,79
5617140,60,96,3,76
5617650,71,31,-5,81
5618160,85,13,6,75
5618670,41,50,1,74
5619180,75,17,-3,77
5619690,89,54,2,75
5620200,1,91,-16,91
5620710,55,69,15,76
5621220,76,36,3,73
5621730,90,73,-6,79
5622240,101,8,-2,81
5622750,13,45,-2,83
5623260,23,26,8,75
5623770,42,95,0,75
5624280,53,7,-3,78
5624790,9,91,-2,80
5625300,87,69,3,77
5625810,98,4,-4,81
5626320,72,41,1,80
5626830,86,67,5,75
5627340,97,2,-4,79
5627850,71,39,-4,83
5628360,85,21,4,79
5628870,41,58,7,72
5629380,62,25,-11,83
5629890,76,7,11,72
5630400,32,44,-4,76
5630910,66,3,3,73
5631420,22,76,-11,84
5631930,32,99,-5,89
5632440,37,20,5,84
5632950,56,2,12,72
5633460,12,39,-9,81
5633970,22,20,-5,86
5634480,39,89,3,83
5634990,50,1,3,80
5635500,6,26,-2,82
5636010,16,7,3,79
5636520,19,76,-2,81
5637030,29,99,-1,82
5637540,34,11,2,80
5638050,37,95,0,80
5638560,48,16,-3,83
5639070,62,100,10,73
5639580,73,35,-4,77
5640090,87,72,0,77
5640600,98,7,-7,84
5641110,10,44,1,83
5641620,20,25,-1,84
5642130,39,94,-1,85
5642640,50,15,5,80
5643150,64,99,4,76
5643660,75,58,8,68
5644170,86,8,-10,78
5644680,42,45,-2,80
5645190,76,12,4,76
5645700,32,49,-2,78
5646210,53,16,-3,81
5646720,67,100,6,75
5647230,78,59,-2,77
5647740,41,96,-3,80
5648250,52,8,3,77
5648760,66,92,0,77
5649270,77,51,2,75
5649780,91,88,-4,79
5650290,0,23,2,77
5650800,10,29,1,76
5651310,98,35,-7,83
5651820,54,11,5,78
5652330,10,95,-3,81
5652840,91,73,1,80
5653350,0,35,-5,85
5653860,10,42,6,79
5654370,76,23,0,79
5654880,32,60,3,76
5655390,54,74,4,72
5655900,75,33,-10,82
5656410,89,15,7,75
5656920,45,52,-8,83
5657430,79,19,4,79
5657940,35,56,4,75
5658450,57,23,-4,79
5658960,71,5,3,76
5659470,27,78,-4,80
5659980,30,101,1,79
5660490,35,79,-1,80
5661000,46,0,0,80
5661510,60,25,0,80
5662020,74,7,5,75
5662530,30,44,0,75
5663040,51,11,-5,80
5663550,65,95,4,76
5664060,76,54,-3,79
5664570,39,4,-1,80
5665080,42,88,1,79
5665590,53,0,0,79
5666100,9,37,5,74
5666610,19,43,-3,77
5667120,29,24,-2,79
5667630,48,93,5,74
5668140,59,83,-7,81
5668650,70,64,9,72
5669160,81,101,-9,81
5669670,92,60,2,79
5670180,4,97,0,79
5670690,85,75,-6,85
5671200,96,37,4,81
5671710,83,74,6,75
5672220,94,9,-5,80
5672730,50,46,-6,86
5673240,69,13,8,78
5673750,25,50,3,75
5674260,26,17,-2,77
5674770,29,86,1,76
5675280,40,100,-8,84
5675790,51,21,-8,92
5676300,65,3,10,82
5676810,21,76,-1,83
5677320,31,99,3,80
5677830,63,11,2,78
5678340,19,31,1,77
5678850,38,100,-5,82
5679360,49,21,8,74
5679870,63,3,-5,79
5680380,19,40,-3,82
5680890,20,21,1,81
5681400,39,90,1,80
5681910,50,11,2,78
5682420,6,95,0,78
5682930,87,73,2,76
5683440,98,35,-5,81
5683950,10,72,-7,88
5684460,20,95,11,77
5684970,31,73,-4,81
5685480,41,96,-2,83
5685990,52,17,2,81
5686500,66,101,10,71
5687010,77,60,-4,75
5687520,40,22,-8,83
5688030,68,4,10,73
5688540,24,41,-6,79
5689050,45,8,-3,82
5689560,48,92,5,77
5690070,69,51,5,72
5690580,32,1,-4,76
5691090,35,85,-9,85
5691600,46,6,6,79
5692110,60,90,9,70
5692620,71,49,-9,79
5693130,38,31,-3,82
5693640,57,100,5,77
5694150,68,59,1,76
5694660,31,21,-4,80
5695170,50,90,0,80
5695680,27,2,-1,81
5696190,30,75,5,76
5696700,40,98,-6,82
5697210,51,10,-1,83
5697720,65,94,10,73
5698230,76,53,-6,79
5698740,32,90,1,78
5699250,43,11,-5,83
5699760,46,95,1,82
5700270,23,16,1,81
5700780,40,85,-1,82
5701290,70,6,10,72
5701800,26,43,-11,83
5702310,60,10,6,77
5702820,16,94,-4,81
5703330,26,72,3,78
5703840,36,95,-5,83
5704350,47,16,4,79
5704860,61,100,3,76
5705370,72,59,2,74
5705880,35,96,-8,82
5706390,56,89,9,73
5706900,33,83,-11,84
5707410,44,4,0,84
5707920,0,88,6,78
5708430,81,66,0,78
5708940,44,1,1,77
5709450,0,74,3,74
5709960,58,52,-8,82
5710470,25,19,2,80
5710980,42,88,1,79
5711490,19,9,-3,82
5712000,22,82,-4,86
5712510,32,3,8,78
5713020,35,87,-2,80
5713530,45,8,0,80
5714040,59,92,5,75
5714550,70,91,0,75
5715060,81,50,-1,76
5715570,95,87,-1,77
5716080,4,22,-5,82
5716590,92,40,-1,83
5717100,4,77,6,77
5717610,85,59,-2,79
5718120,99,96,-4,83
5718630,8,31,5,78
5719140,18,12,-6,84
5719650,21,81,-5,89
5720160,31,2,12,77
5720670,34,86,-5,82
5721180,11,7,1,81
5721690,14,80,0,81
5722200,24,58,-2,83
5722710,34,81,4,79
5723220,44,2,-7,86
5723730,47,86,7,79
5724240,24,100,-7,86
5724750,34,78,8,78
5725260,45,101,1,77
5725770,56,13,1,76
5726280,12,47,-8,84
5726790,22,28,1,83
5727300,41,97,-1,84
5727810,51,18,2,82
5728320,65,0,9,73
5728830,21,73,-8,81
5729340,31,96,-1,82
5729850,41,8,3,79
5730360,60,92,3,76
5730870,37,51,0,76
5731380,58,18,-2,78
5731890,72,0,4,74
5732400,28,73,-7,81
5732910,38,96,-5,86
5733420,59,17,4,82
5733930,73,101,9,73
5734440,94,60,-2,75
5734950,6,97,-2,77
5735460,87,75,3,74
5735970,98,10,-1,75
5736480,10,47,-8,83
5736990,20,28,1,82
5737500,39,97,7,75
5738010,60,18,-4,79
5738520,74,0,2,77
5739030,30,73,0,77
5739540,40,96,-1,78
5740050,61,8,2,76
5740560,17,92,-6,82
5741070,67,70,-2,84
5741580,6,32,4,80
5742090,16,13,-1,81
5742600,19,82,-3,84
5743110,29,60,10,74
5743620,39,83,0,74
5744130,16,4,-16,90
5744640,19,77,3,87
5745150,29,100,6,81
5745660,50,78,7,74
5746170,71,92,4,70
5746680,92,51,-12,82
5747190,4,88,-1,83
5747700,85,66,8,75
5748210,96,1,-3,78
5748720,8,74,-9,87
5749230,89,52,7,80
5749740,1,89,1,79
5750250,82,67,3,76
5750760,93,29,-5,81
5751270,49,66,2,79
5751780,70,33,-4,83
5752290,84,15,6,77
5752800,40,52,-1,78
5753310,61,19,-3,81
5753820,75,1,7,74
5754330,89,74,-10,84
5754840,100,96,2,82
5755350,9,31,-1,83
5755860,19,12,-1,84
5756370,22,96,-1,85
5756880,41,74,2,83
5757390,62,88,9,74
5757900,17,47,-5,79
5758410,27,70,-3,82
5758920,37,93,6,76
5759430,58,14,-12,88
5759940,72,98,16,72
5760450,93,33,-10,82
5760960,5,70,1,81
5761470,86,48,2,79
5761980,100,30,5,74
5762490,12,67,-12,86
5763000,22,90,4,82
5763510,32,68,5,77
5764020,53,49,-6,83
5764530,72,16,4,79
5765040,86,53,1,78
5765550,100,90,-2,80
5766060,32,25,-5,85
5766570,51,94,7,78
5767080,72,15,0,78
5767590,28,35,-7,85
5768100,62,2,10,75
5768610,76,75,1,74
5769120,87,37,-8,82
5769630,101,74,5,77
5770140,33,9,-5,82
5770650,36,47,2,80
5771160,70,14,3,77
5771670,84,51,0,77
5772180,98,88,-2,79
5772690,7,23,2,77
5773200,91,29,-5,82
5773710,3,66,2,80
5774220,84,44,3,77
5774730,98,26,0,77
5775240,10,63,-3,80
5775750,20,86,-4,84
5776260,30,64,8,76
5776770,51,45,-1,77
5777280,70,12,4,73
5777790,26,49,-6,79
5778300,47,30,-6,85
5778810,66,12,15,70
5779320,22,32,-14,84
5779830,56,101,9,75
5780340,33,13,-9,84
5780850,36,97,3,81
5781360,57,56,-4,85
5781870,76,23,9,76
5782380,32,60,0,76
5782890,53,41,-8,84
5783400,72,8,9,75
5783910,28,28,-7,82
5784420,47,97,7,75
5784930,68,18,0,75
5785440,82,55,-5,80
5785950,45,92,2,78
5786460,66,13,4,74
5786970,22,97,-12,86
5787480,32,75,5,81
5787990,42,98,2,79
5788500,63,19,-1,80
5789010,19,1,-1,81
5789520,22,74,3,78
5790030,32,97,-7,85
5790540,53,18,4,81
5791050,67,0,7,74
5791560,81,73,-2,76
5792070,92,35,-9,85
5792580,4,72,11,74
5793090,85,50,-1,75
5793600,52,87,4,71
5794110,73,101,-2,73
5794620,28,60,-5,78
5795130,38,41,-4,82
5795640,72,8,6,76
5796150,28,28,-10,86
5796660,47,97,12,74
5797170,24,18,-7,81
5797680,43,87,-5,86
5798190,64,8,13,73
5798700,20,28,-9,82
5799210,39,97,6,76
5799720,60,18,-3,79
5800230,74,0,4,75
5800740,30,25,-3,78
5801250,49,94,-9,87
5801760,70,15,12,75
5802270,26,35,-10,85
5802780,60,2,15,70
5803290,16,75,-13,83
5803800,26,98,0,83
5804310,47,76,15,68
5804820,68,35,-7,75
5805330,82,17,-2,77
5805840,38,54,-3,80
5806350,59,21,2,78
5806860,73,3,5,73
5807370,29,28,-9,82
5807880,48,97,2,80
5808390,69,18,-4,84
5808900,25,0,3,81
5809410,28,84,-3,84
5809920,49,5,-1,85
5810430,68,89,5,80
5810940,79,48,7,73
5811450,93,30,-9,82
5811960,5,67,3,79
5812470,86,45,-2,81
5812980,100,27,-2,83
5813490,12,64,1,82
5814000,22,87,0,82
5814510,43,65,10,72
5815020,64,24,-12,84
5815530,78,6,8,76
5816040,34,79,1,75
5816550,55,0,1,74
5817060,69,25,-5,79
5817570,83,7,4,75
5818080,39,44,-12,87
5818590,58,11,11,76
5819100,14,95,-8,84
5819610,95,73,10,74
5820120,4,35,-7,81
5820630,14,16,2,79
5821140,33,85,0,79
5821650,54,6,-5,84
5822160,73,90,6,78
5822670,94,52,-4,82
5823180,6,34,9,73
5823690,16,40,-11,84
5824200,26,21,-5,89
5824710,45,90,16,73
5825220,66,2,1,72
5825730,22,27,-13,85
5826240,41,96,5,80
5826750,62,17,1,79
5827260,18,101,-8,87
5827770,39,79,10,77
5828280,60,0,3,74
5828790,74,73,-6,80
5829300,35,35,1,79
5829810,54,2,1,78
5830320,73,27,2,76
5830830,87,9,-2,78
5831340,101,46,-6,84
5831850,13,83,-1,85
5832360,94,61,7,78
5832870,6,98,3,75
5833380,87,76,1,74
5833890,98,38,-7,81
5834400,10,75,-4,85
5834910,91,53,5,80
5835420,3,90,0,80
5835930,84,68,1,79
5836440,95,3,-4,83
5836950,8,29,-2,85
5837460,18,35,1,84
5837970,37,16,-1,85
5838480,40,100,8,77
5838990,61,21,-8,85
5839500,75,3,8,77
5840010,89,76,-4,81
5840520,100,38,2,79
5841030,12,75,-7,86
5841540,22,98,4,82
5842050,43,76,4,78
5842560,64,90,9,69
5843070,85,49,-6,75
5843580,99,86,-7,82
5844090,8,48,5,77
5844600,18,71,-4,81
5845110,28,94,-2,83
5845620,56,72,9,74
5846130,77,34,-8,82
5846640,91,16,1,81
5847150,3,53,-3,84
5847660,13,60,3,81
5848170,23,83,-11,92
5848680,44,4,11,81
5849190,63,88,8,73
5849700,84,47,-6,79
5850210,98,29,0,79
5850720,10,66,-1,80
5851230,20,44,3,77
5851740,8,25,-7,84
5852250,16,43,6,78
5852760,26,24,-5,83
5853270,45,93,6,77
5853780,66,14,-3,80
5854290,80,98,4,76
5854800,101,57,-5,81
5855310,13,94,-1,82
5855820,94,72,4,78
5856330,3,7,3,75
5856840,59,25,-7,82
5857350,73,7,7,75
5857860,29,44,-7,82
5858370,63,11,4,78
5858880,19,31,-1,79
5859390,38,100,-2,81
5859900,59,21,-1,82
5860410,73,3,11,71
5860920,29,76,-10,81
5861430,6,99,1,80
5861940,87,77,-1,81
5862450,98,100,4,77
5862960,17,35,-1,78
5863470,36,16,-5,83
5863980,55,100,3,80
5864490,32,21,-1,81
5865000,51,90,4,77
5865510,28,49,-4,81
5866020,49,30,-3,84
5866530,68,12,11,73
5867040,65,38,-10,83
5867550,79,20,3,80
5868060,35,57,1,79
5868570,56,24,-6,85
5869080,70,6,11,74
5869590,26,31,-8,82
5870100,45,100,1,81
5870610,22,21,-8,89
5871120,41,90,4,85
5871630,62,11,7,78
5872140,76,95,3,75
5872650,87,54,-6,81
5873160,101,91,2,79
5873670,20,26,-5,84
5874180,39,95,-2,86
5874690,16,16,-1,87
5875200,1,85,7,80
5875710,82,63,-1,81
5876220,49,25,0,81
5876730,63,7,2,79
5877240,19,80,-4,83
5877750,29,58,6,77
5878260,50,39,0,77
5878770,69,6,0,77
5879280,25,79,-6,83
5879790,46,0,7,76
5880300,65,25,-5,81
5880810,79,7,6,75
5881320,35,80,-3,78
5881830,12,1,-4,82
5882340,15,74,2,80
5882850,25,52,2,78
5883360,47,75,1,77
5883870,68,34,-7,84
5884380,82,16,3,81
5884890,96,53,6,75
5885400,8,90,-7,82
5885910,89,68,4,78
5886420,52,3,6,72
5886930,66,28,-8,80
5887440,80,10,5,75
5887950,36,36,-5,80
5888460,55,3,1,79
5888970,69,76,0,79
5889480,90,38,-5,84
5889990,2,75,2,82
5890500,83,53,8,74
5891010,97,90,-6,80
5891520,16,52,-4,84
5892030,26,33,2,82
5892540,45,0,5,77
5893050,64,25,-10,87
5893560,78,7,12,75
5894070,34,44,-6,81
5894580,68,11,7,74
5895090,24,31,-10,84
5895600,43,100,0,84
5896110,64,21,5,79
5896620,78,3,4,75
5897130,92,29,-5,80
5897640,4,66,-2,82
5898150,85,44,-1,83
5898660,99,26,2,81
5899170,11,63,-4,85
5899680,21,86,-2,87
5900190,42,64,14,73
5900700,63,31,-11,84
5901210,77,13,5,79
5901720,91,33,0,79
5902230,3,70,-6,85
5902740,84,48,6,79
5903250,98,30,2,77
5903760,10,67,-6,83
5904270,20,45,-1,84
5904780,23,68,-1,85
5905290,44,91,5,80
5905800,65,12,3,77
5906310,79,32,1,76
5906820,93,69,3,73
5907330,12,31,-11,84
5907840,0,12,4,80
5908350,56,9,-2,82
5908860,12,93,5,77
5909370,93,71,-6,83
5909880,98,6,2,81
5910390,10,43,-1,82
5910900,20,24,2,80
5911410,39,93,2,78
5911920,60,14,-2,80
5912430,59,14,-5,85
5912940,73,98,7,78
5913450,94,57,0,78
5913960,6,94,-4,82
5914470,87,72,-7,89
5914980,98,94,12,77
5915490,17,56,-6,83
5916000,27,79,0,83
5916510,48,0,6,77
5917020,67,73,3,74
5917530,88,35,-10,84
5918040,0,72,4,80
5918550,81,50,-2,82
5919060,95,32,6,76
5919570,7,69,-8,84
5920080,88,47,0,84
5920590,0,84,7,77
5921100,81,62,0,77
5921610,0,24,0,77
5922120,10,30,-7,84
5922630,18,36,6,78
5923140,39,3,1,77
5923650,58,28,-5,82
5924160,72,10,8,74
5924670,86,30,-5,79
5925180,100,67,4,75
5925690,12,2,-4,79
5926200,20,75,-2,81
5926710,41,98,4,77
5927220,62,10,-4,81
5927730,76,30,5,76
5928240,90,67,-3,79
5928750,95,29,3,76
5929260,7,66,-9,85
5929770,17,44,3,82
5930280,27,67,-1,83
5930790,48,90,3,80
5931300,69,2,9,71
5931810,83,27,-12,83
5932320,97,64,3,80
5932830,9,101,-1,81
5933340,90,79,3,78
5933850,65,14,5,73
5934360,79,34,-1,74
5934870,93,71,-3,77
5935380,98,33,-2,79
5935890,10,70,2,77
5936400,32,48,0,77
5936910,53,15,-4,81
5937420,67,99,10,71
5937930,88,58,-8,79
5938440,0,95,1,78
5938950,58,73,5,73
5939460,79,40,-5,78
5939970,93,22,0,78
5940480,5,59,-2,80
5940990,15,37,-3,83
5941500,16,18,-1,84
5942010,24,87,1,83
5942520,45,65,8,75
5943030,66,32,-8,83
5943540,80,14,8,75
5944050,94,34,-10,85
5944560,6,71,2,83
5945070,87,49,-2,85
5945580,101,31,8,77
5946090,13,68,-7,84
5946600,23,46,-2,86
5947110,44,27,4,82
5947620,72,9,5,77
5948130,86,29,-9,86
5948640,100,66,7,79
5949150,12,1,0,79
5949660,20,74,3,76
5950170,41,97,-7,83
5950680,62,22,2,81
5951190,76,4,4,77
5951700,90,41,4,73
5952210,2,78,-8,81
5952720,83,56,5,76
5953230,97,93,-3,79
5953740,16,55,-6,85
5954250,26,78,1,84
5954760,47,101,8,76
5955270,68,22,-1,77
5955780,82,59,5,72
5956290,101,21,-6,78
5956800,13,58,-2,80
5957310,23,81,-3,83
5957820,44,2,-2,85
5958330,59,27,0,85
5958840,73,9,12,73
5959350,87,29,-6,79
5959860,101,66,-1,80
5960370,13,1,-3,83
5960880,25,74,4,79
5961390,46,97,-9,88
5961900,67,18,7,81
5962410,81,0,4,77
5962920,0,37,-1,78
5963430,44,43,-1,79
5963940,63,10,4,75
5964450,19,30,-8,83
5964960,38,99,0,83
5965470,59,20,5,78
5965980,73,57,-1,79
5966490,92,19,2,77
5967000,4,56,-8,85
5967510,14,79,1,84
5968020,36,57,13,71
5968530,57,24,-11,82
5969040,71,6,10,72
5969550,85,43,-8,80
5970060,99,25,-2,82
5970570,11,62,0,82
5971080,21,85,1,81
5971590,42,63,5,76
5972100,63,30,-2,78
5972610,77,12,3,75
5973120,91,32,-6,81
5973630,3,69,-3,84
5974140,61,47,6,78
5974650,80,14,-2,80
5975160,94,51,0,80
5975670,6,88,3,77
5976180,87,66,10,67
5976690,92,28,-17,84
5977200,4,65,1,83
5977710,85,43,2,81
5978220,99,80,1,80
5978730,18,15,-2,82
5979240,30,84,4,78
5979750,51,5,-5,83
5980260,65,30,1,82
5980770,79,12,5,77
5981280,93,32,-5,82
5981790,5,69,0,82
5982300,15,47,2,80
5982810,25,28,-2,82
5983320,44,97,4,78
5983830,65,18,2,76
5984340,21,55,-7,83
5984850,31,78,6,77
5985360,52,101,-2,79
5985870,73,13,-5,84
5986380,29,33,2,82
5986890,57,0,3,79
5987400,72,25,-2,81
5987910,86,62,2,79
5988420,12,24,0,79
5988930,96,30,4,75
5989440,8,67,-10,85
5989950,18,45,3,82
5990460,28,26,-1,83
5990970,47,81,7,76
5991480,68,95,4,72
5991990,89,54,-5,77
5992500,1,91,2,75
5993010,82,69,1,74
5993520,87,4,-5,79
5994030,61,41,0,79
5994540,80,8,-2,81
5995050,94,28,0,81
5995560,6,65,-5,86
5996070,16,90,8,78
5996580,21,68,-4,82
5997090,42,91,0,82
5997600,19,3,-1,83
5998110,31,76,5,78
5998620,52,99,-5,83
5999130,73,11,8,75
5999640,87,31,-4,79
6000150,101,68,-3,82
6000660,13,3,1,81
6001170,25,31,0,81
6001680,44,100,-1,82
6002190,21,21,3,79
6002700,40,90,0,79
6003210,17,11,-5,84
6003720,25,80,8,76
6004230,30,94,-8,84
6004740,35,6,0,84
6005250,50,31,4,80
6005760,69,100,6,74
6006270,90,59,-6,80
6006780,2,96,0,80
6007290,83,74,1,79
6007800,88,36,-3,82
6008310,0,73,7,75
6008820,58,51,-9,84
6009330,77,18,7,77
6009840,91,55,-3,80
6010350,3,92,-1,81
6010860,84,70,8,73
6011370,89,32,-9,82
6011880,1,69,-3,85
6012390,82,47,6,79
6012900,96,29,-2,81
6013410,8,66,3,78
6013920,18,44,-4,82
6014430,19,25,-3,85
6014940,27,94,4,81
6015450,48,72,10,71
6015960,69,31,-6,77
6016470,83,13,-3,80
6016980,39,2,-1,81
6017490,54,27,-6,87
6018000,68,9,11,76
6018510,82,29,-6,82
6019020,96,66,8,74
6019530,8,1,-9,83
6020040,16,74,0,83
6020550,26,52,6,77
6021060,47,66,2,75
6021570,68,33,-6,81
6022080,82,15,3,78
6022590,38,52,-1,79
6023100,59,19,-5,84
6023610,73,55,6,78
6024120,92,92,1,77
6024630,11,54,-4,81
6025140,21,35,-1,82
6025650,29,2,-2,84
6026160,44,27,1,83
6026670,63,9,9,74
6027180,19,29,-13,87
6027690,27,98,0,87
6028200,48,76,11,76
6028710,69,35,-6,82
6029220,83,17,2,80
6029730,97,54,2,78
6030240,9,91,-7,85
6030750,90,69,2,83
6031260,98,31,4,79
6031770,10,68,-12,91
6032280,20,91,7,84
6032790,41,69,8,76
6033300,62,6,-2,78
6033810,18,26,-4,82
6034320,26,95,-5,87
6034830,47,73,11,76
6035340,68,32,-9,85
6035850,82,14,6,79
6036360,96,34,-1,80
6036870,8,71,-4,84
6037380,89,49,11,73
6037890,1,86,-10,83
6038400,82,64,-1,84
6038910,49,26,-3,87
6039420,77,8,5,82
6039930,91,28,3,79
6040440,20,65,-3,82
6040950,30,88,3,79
6041460,35,9,-3,82
6041970,54,93,5,77
6042480,75,5,4,73
6042990,89,25,-7,80
6043500,1,62,1,79
6044010,59,40,-13,92
6044520,78,22,15,77
6045030,34,59,2,75
6045540,55,26,-6,81
6046050,69,8,6,75
6046560,83,28,-4,79
6047070,39,65,10,69
6047580,60,24,-11,80
6048090,74,6,2,78
6048600,88,26,-5,83
6049110,0,63,1,82
6049620,58,41,-3,85
6050130,77,23,6,79
6050640,91,43,0,79
6051150,3,80,-5,84
6051660,84,58,5,79
6052170,1,95,-4,83
6052680,82,73,-1,84
6053190,91,35,1,83
6053700,3,72,10,73
6054210,61,50,-4,77
6054720,28,12,-3,80
6055230,40,96,-1,81
6055740,61,17,6,75
6056250,17,37,-10,85
6056760,25,18,5,80
6057270,37,87,2,78
6057780,58,8,0,78
6058290,14,28,-3,81
6058800,22,97,-2,83
6059310,43,75,11,72
6059820,64,34,-6,78
6060330,78,16,0,78
6060840,92,36,-4,82
6061350,4,73,-1,83
6061860,85,51,10,73
6062370,99,88,-5,78
6062880,18,23,-3,81
6063390,26,92,4,77
6063900,47,70,-2,79
6064410,68,29,-4,83
6064920,82,11,2,81
6065430,39,31,1,80
6065940,67,100,8,72
6066450,88,59,-9,81
6066960,0,96,1,80
6067470,81,74,0,80
6067980,48,36,-3,83
6068490,67,3,10,73
6069000,81,23,-5,78
6069510,37,60,1,77
6070020,58,27,-12,89
6070530,72,9,17,72
6071040,28,29,-8,80
6071550,62,98,2,78
6072060,83,57,5,73
6072570,46,94,-11,84
6073080,67,100,6,78
6073590,66,59,7,71
6074100,33,21,-8,79
6074610,26,90,-10,89
6075120,47,11,7,82
6075630,75,95,3,79
6076140,96,54,-3,82
6076650,8,91,2,80
6077160,89,69,0,80
6077670,56,4,4,76
6078180,12,24,-1,77
6078690,96,93,-7,84
6079200,15,55,2,82
6079710,25,36,-2,84
6080220,59,3,8,76
6080730,15,23,-6,82
6081240,99,92,3,79
6081750,18,27,-6,85
6082260,26,96,2,83
6082770,47,74,13,70
6083280,68,33,-15,85
6083790,82,53,6,79
6084300,96,90,-2,81
6084810,15,52,-3,84
6085320,25,33,3,81
6085830,59,0,5,76
6086340,15,25,-7,83
6086850,23,94,0,83
6087360,44,72,5,78
6087870,65,61,6,72
6088380,21,23,-15,87
6088890,55,92,11,76
6089400,76,81,1,75
6089910,97,43,-7,82
6090420,9,80,3,79
6090930,90,58,-1,80
6091440,2,95,-7,87
6091950,83,73,5,82
6092460,50,35,0,82
6092970,78,17,7,75
6093480,34,16,-5,80
6093990,42,100,-1,81
6094500,63,89,6,75
6095010,84,78,2,73
6095520,3,40,-11,84
6096030,13,21,3,81
6096540,41,90,1,80
6097050,62,11,-1,81
6097560,18,31,5,76
6098070,0,100,-5,81
6098580,81,78,7,74
6099090,0,40,-7,81
6099600,58,21,-7,88
6100110,72,3,18,70
6100620,28,23,-16,86
6101130,62,5,7,79
6101640,18,25,-7,86
6102150,46,94,6,80
6102660,67,83,-2,82
6103170,88,72,-2,84
6103680,55,7,5,79
6104190,11,27,-5,84
6104700,99,8,-7,91
6105210,73,45,13,78
6105720,87,27,2,76
6106230,43,64,2,74
6106740,64,31,-18,92
6107250,78,13,13,79
6107760,34,50,2,77
6108270,55,17,-6,83
6108780,69,101,10,73
6109290,90,90,-9,82
6109800,9,52,1,81
6110310,19,33,0,81
6110820,1,0,-2,83
6111330,57,99,6,77
6111840,78,58,4,73
6112350,45,95,-12,85
6112860,66,84,7,78
6113370,87,43,-1,79
6113880,101,80,-1,80
6114390,20,15,-1,81
6114900,54,84,7,74
6115410,75,43,-5,79
6115920,89,101,-2,81
6116430,8,63,-3,84
6116940,92,44,5,79
6117450,4,81,0,79
6117960,85,59,-6,85
6118470,52,96,9,76
6118980,73,85,-3,79
6119490,94,74,0,79
6120000,13,36,1,78
6120510,1,17,-6,84
6121020,57,14,-1,85
6121530,71,98,7,78
6122040,92,57,0,78
6122550,4,94,-1,79
6123060,85,72,-1,80
6123570,4,7,-1,81
6124080,92,4,7,74
6124590,66,41,-6,80
6125100,80,23,-2,82
6125610,36,60,6,76
6126120,57,49,-8,84
6126630,24,16,0,84
6127140,58,85,0,84
6127650,79,44,6,78
6128160,93,81,2,76
6128670,12,43,-2,78
6129180,22,24,-5,83
6129690,56,93,7,76
6130200,77,52,2,74
6130710,33,34,-7,81
6131220,67,1,4,77
6131730,23,26,-6,83
6132240,57,95,9,74
6132750,78,54,-4,78
6133260,99,91,1,77
6133770,18,26,-9,86
6134280,46,95,3,83
6134790,67,84,4,79
6135300,88,73,6,73
6135810,7,35,-10,83
6136320,85,16,-2,85
6136830,41,53,10,75
6137340,62,20,-4,79
6137850,76,2,7,72
6138360,50,39,-8,80
6138870,71,6,-1,81
6139380,27,43,4,77
6139890,48,10,-5,82
6140400,67,94,5,77
6140910,88,53,-3,80
6141420,0,91,2,78
6141930,58,69,4,74
6142440,79,36,-4,78
6142950,93,73,4,74
6143460,60,8,-11,85
6143970,74,33,2,83
6144480,88,15,1,82
6144990,0,52,1,81
6145500,58,33,-7,88
6146010,86,15,8,80
6146520,100,52,-6,86
6147030,12,89,7,79
6147540,93,67,8,71
6148050,25,2,-16,87
6148560,37,75,10,77
6149070,58,64,-1,78
6149580,40,31,-9,87
6150090,74,100,8,79
6150600,95,89,4,75
6151110,27,51,-4,79
6151620,48,40,-2,81
6152130,82,7,3,78
6152640,38,80,1,77
6153150,59,69,1,76
6153660,80,36,1,75
6154170,94,73,-6,81
6154680,26,54,3,78
6155190,47,35,0,78
6155700,75,2,0,78
6156210,49,27,-2,80
6156720,77,9,6,74
6157230,33,29,-2,76
6157740,67,98,-2,78
6158250,88,87,3,75
6158760,7,49,-7,82
6159270,17,30,3,79
6159780,101,99,7,72
6160290,20,34,-15,87
6160800,54,79,15,72
6161310,75,38,-13,85
6161820,89,20,8,77
6162330,45,57,4,73
6162840,66,24,-7,80
6163350,80,6,-3,83
6163860,54,26,0,83
6164370,68,8,11,72
6164880,24,28,-8,80
6165390,58,97,-1,81
6165900,79,56,8,73
6166410,35,38,-8,81
6166920,69,5,9,72
6167430,25,30,-10,82
6167940,59,99,4,78
6168450,80,88,6,72
6168960,101,77,-8,80
6169470,33,12,-4,84
6169980,61,96,12,72
6170490,82,85,-2,74
6171000,1,47,-15,89
6171510,89,28,9,80
6172020,45,65,4,76
6172530,66,32,-4,80
6173040,80,14,4,76
6173550,36,34,-4,80
6174060,70,1,7,73
6174570,26,26,-8,81
6175080,60,95,3,78
6175590,81,54,-5,83
6176100,67,16,5,78
6176610,23,36,-2,80
6177120,57,3,2,78
6177630,13,28,-2,80
6178140,97,9,0,80
6178650,71,63,4,76
6179160,38,85,-7,83
6179670,15,74,-4,87
6180180,25,55,7,80
6180690,46,36,0,80
6181200,74,3,11,69
6181710,30,23,-10,79
6182220,64,92,5,74
6182730,85,81,-1,75
6183240,41,43,-10,85
6183750,54,10,6,79
6184260,10,94,5,74
6184770,91,72,-5,79
6185280,47,34,-3,82
6185790,75,1,2,80
6186300,49,26,-2,82
6186810,77,8,7,75
6187320,33,28,-6,81
6187830,67,97,4,77
6188340,44,86,-8,85
6188850,21,75,0,85
6189360,31,57,4,81
6189870,52,24,2,79
6190380,66,6,6,73
6190890,22,26,-10,83
6191400,56,95,6,77
6191910,33,84,-11,88
6192420,10,65,3,85
6192930,98,46,-1,86
6193440,10,28,5,81
6193950,100,9,0,81
6194460,74,46,-1,82
6194970,88,28,-1,83
6195480,44,65,9,74
6195990,65,32,-10,84
6196500,79,14,8,76
6197010,35,34,-5,81
6197520,69,1,8,73
6198030,25,74,-11,84
6198540,35,56,8,76
6199050,56,23,-7,83
6199560,70,5,10,73
6200070,26,25,-7,80
6200580,54,94,4,76
6201090,31,83,-11,87
6201600,41,4,4,83
6202110,47,29,-3,86
6202620,75,11,9,77
6203130,64,31,-1,78
6203640,78,13,6,72
6204150,34,33,-8,80
6204660,68,0,0,80
6205170,24,25,-3,83
6205680,52,94,8,75
6206190,29,83,-11,86
6206700,32,4,7,79
6207210,60,77,4,75
6207720,37,44,-8,83
6208230,71,11,7,76
6208740,27,31,2,74
6209250,61,100,0,74
6209760,38,89,-7,81
6210270,15,1,5,76
6210780,43,74,6,70
6211290,20,33,-11,81
6211800,2,0,-1,82
6212310,58,99,4,78
6212820,35,88,-6,84
6213330,12,70,0,84
6213840,22,51,3,81
6214350,32,32,-2,83
6214860,66,101,8,75
6215370,77,90,0,75
6215880,88,79,1,74
6216390,44,41,-8,82
6216900,78,8,6,76
6217410,34,28,-4,80
6217920,62,39,-1,81
6218430,76,21,-2,83
6218940,32,41,6,77
6219450,66,8,1,76
6219960,22,28,-6,82
6220470,50,97,8,74
6220980,27,86,-5,79
6221490,4,68,-3,82
6222000,62,49,-1,83
6222510,29,31,0,83
6223020,63,100,11,72
6223530,40,89,-3,75
6224040,17,1,-16,91
6224550,25,74,14,77
6225060,87,97,1,76
6225570,98,86,-5,81
6226080,30,48,2,79
6226590,64,15,-3,82
6227100,20,35,2,80
6227610,54,2,0,80
6228120,68,27,-1,81
6228630,82,9,6,75
6229140,38,29,-11,86
6229650,66,11,12,74
6230160,22,31,-6,80
6230670,50,100,4,76
6231180,27,89,-11,87
6231690,30,71,5,82
6232200,7,94,1,81
6232710,88,72,0,81
6233220,44,34,2,79
6233730,72,1,-1,80
6234240,28,74,-1,81
6234750,38,97,-3,84
6235260,15,18,-2,86
6235770,43,0,9,77
6236280,58,25,-2,79
6236790,72,7,6,73
6237300,28,27,-7,80
6237810,62,96,-1,81
6238320,39,85,1,80
6238830,16,66,-3,83
6239340,26,47,0,83
6239850,14,28,-2,85
6240360,0,9,-6,91
6240870,56,6,12,79
6241380,12,31,-5,84
6241890,100,12,5,79
6242400,74,49,0,79
6242910,37,31,0,79
6243420,65,100,9,70
6243930,42,89,-11,81
6244440,19,78,-3,84
6244950,29,56,5,79
6245460,6,37,3,76
6245970,16,18,-8,84
6246480,44,87,4,80
6246990,21,8,-7,87
6247500,49,81,11,76
6248010,26,70,-2,78
6248520,36,51,1,77
6249030,70,18,0,77
6249540,26,55,-1,78
6250050,3,36,1,77
6250560,13,17,-5,82
6251070,101,90,0,82
6251580,33,25,2,80
6252090,0,94,-2,82
6252600,58,43,0,82
6253110,25,25,1,81
6253620,59,94,0,81
6254130,36,83,3,78
6254640,13,97,-5,83
6255150,94,75,5,78
6255660,50,10,-7,85
6256170,64,94,5,80
6256680,41,83,0,80
6257190,18,4,-2,82
6257700,3,77,0,82
6258210,61,55,5,77
6258720,28,37,-8,85
6259230,62,4,8,77
6259740,18,29,-4,81
6260250,0,98,7,74
6260760,58,76,-1,75
6261270,35,61,2,73
6261780,12,75,-7,80
6262290,93,53,1,79
6262800,49,90,-2,81
6263310,26,79,-5,86
6263820,3,60,8,78
6264330,13,41,-4,82
6264840,23,22,0,82
6265350,57,91,8,74
6265860,34,50,1,73
6266370,68,17,-4,77
6266880,24,54,-3,80
6267390,1,35,-2,82
6267900,89,16,4,78
6268410,45,53,-1,79
6268920,79,20,-4,83
6269430,35,57,6,77
6269940,56,38,-3,80
6270450,23,20,-5,85
6270960,57,89,12,73
6271470,34,78,-12,85
6271980,11,59,1,84
6272490,99,40,-4,88
6273000,11,77,-1,89
6273510,99,55,2,87
6274020,11,92,-1,88
6274530,99,70,5,83
6275040,31,5,-8,91
6275550,34,30,9,82
6276060,20,99,-5,87
6276570,30,77,-2,89
6277080,51,59,11,78
6277590,33,26,-17,95
6278100,67,8,17,78
6278610,23,28,-7,85
6279120,57,97,9,76
6279630,34,86,-8,84
6280140,11,7,-5,89
6280650,67,80,13,76
6281160,49,69,1,75
6281670,70,54,-4,79
6282180,37,43,4,75
6282690,71,10,-4,79
6283200,27,30,4,75
6283710,61,99,0,75
6284220,38,88,-3,78
6284730,15,9,-2,80
6285240,0,82,-6,86
6285750,58,60,10,76
6286260,25,27,-10,86
6286770,59,96,8,78
6287280,36,85,3,75
6287790,13,99,-9,84
6288300,94,77,5,79
6288810,26,12,-12,91
6289320,11,96,11,80
6289830,92,74,1,79
6290340,48,9,-2,81
6290850,4,34,1,80
6291360,14,15,-6,86
6291870,42,84,6,80
6292380,19,66,-1,81
6292890,29,47,2,79
6293400,17,14,-6,85
6293910,51,83,8,77
6294420,28,72,2,75
6294930,5,86,-15,90
6295440,61,64,14,76
6295950,43,31,-8,84
6296460,77,100,9,75
6296970,54,89,-7,82
6297480,31,78,-1,83
6297990,8,101,5,78
6298500,89,79,3,75
6299010,24,14,-10,85
6299520,58,83,12,73
6300030,35,42,-3,76
6300540,69,9,-9,85
6301050,25,34,4,81
6301560,59,1,5,76
6302070,74,26,0,76
6302580,30,65,1,75
6303090,40,79,-2,77
6303600,71,93,5,72
6304110,48,82,-2,74
6304620,25,96,-8,82
6305130,46,36,2,80
6305640,13,3,-3,83
6306150,28,76,4,79
6306660,33,57,3,76
6307170,54,38,-1,77
6307680,21,5,-6,83
6308190,36,78,5,78
6308700,13,59,-4,82
6309210,23,40,1,81
6309720,5,7,-5,86
6310230,61,4,6,80
6310740,17,29,-6,86
6311250,3,98,4,82
6311760,84,76,5,77
6312270,51,38,-2,79
6312780,79,5,3,76
6313290,53,30,-6,82
6313800,67,12,10,72
6314310,23,32,-13,85
6314820,57,101,5,80
6315330,34,90,-1,81
6315840,55,11,2,79
6316350,11,95,4,75
6316860,92,73,-2,77
6317370,48,8,-8,85
6317880,62,33,4,81
6318390,76,15,3,78
6318900,32,35,-2,80
6319410,66,2,2,78
6319920,22,27,-5,83
6320430,56,96,9,74
6320940,33,85,-5,79
6321450,54,61,2,77
6321960,49,28,-10,87
6322470,16,10,1,86
6322980,72,79,6,80
6323490,54,68,7,73
6324000,36,35,-9,82
6324510,76,2,2,80
6325020,32,27,-2,82
6325530,66,96,9,73
6326040,43,55,-2,75
6326550,64,22,3,72
6327060,20,4,-15,87
6327570,35,77,7,80
6328080,12,91,-4,84
6328590,93,69,3,81
6329100,49,4,-6,87
6329610,64,29,7,80
6330120,78,11,2,78
6330630,34,31,-6,84
6331140,68,100,14,70
6331650,45,59,-4,74
6332160,66,26,-5,79
6332670,80,8,3,76
6333180,36,81,-4,80
6333690,13,2,-4,84
6334200,69,75,3,81
6334710,55,37,-2,83
6335220,74,4,7,76
6335730,30,29,-8,84
6336240,64,98,5,79
6336750,41,57,6,73
6337260,62,24,-4,77
6337770,76,6,-4,81
6338280,32,31,-3,84
6338790,66,100,8,76
6339300,43,89,-3,79
6339810,20,1,-7,86
6340320,76,74,7,79
6340830,32,36,1,78
6341340,66,3,-5,83
6341850,22,28,0,83
6342360,56,97,9,74
6342870,33,9,-3,77
6343380,7,93,1,76
6343890,88,71,-7,83
6344400,44,6,-8,91
6344910,59,31,5,86
6345420,73,13,12,74
6345930,29,33,-8,82
6346440,23,0,-8,90
6346950,38,73,13,77
6347460,48,87,2,75
6347970,25,101,-14,89
6348480,35,79,12,77
6348990,12,61,-7,84
6349500,22,42,3,81
6350010,10,9,-3,84
6350520,97,78,8,76
6351030,53,13,-4,80
6351540,9,96,1,79
6352050,90,74,-2,81
6352560,46,9,0,81
6353070,60,34,-1,82
6353580,74,16,4,78
6354090,30,36,-4,82
6354600,64,3,5,77
6355110,20,28,-10,87
6355620,54,97,6,81
6356130,31,9,3,78
6356640,46,93,0,78
6357150,23,5,-6,84
6357660,38,78,6,78
6358170,15,92,-6,84
6358680,96,70,-1,85
6359190,59,5,14,71
6359700,15,30,-8,79
6360210,1,36,-1,80
6360720,11,17,-3,83
6361230,39,90,1,82
6361740,16,2,-4,86
6362250,1,75,2,84
6362760,59,53,1,83
6363270,26,20,1,82
6363780,60,89,8,74
6364290,37,48,-5,79
6364800,19,15,-5,84
6365310,53,84,6,78
6365820,30,43,2,76
6366330,64,10,-3,79
6366840,20,30,1,78
6367350,54,99,-2,80
6367860,31,11,-3,83
6368370,46,95,5,78
6368880,23,7,-8,86
6369390,38,80,4,82
6369900,48,94,4,78
6370410,25,6,-1,79
6370920,40,79,6,73
6371430,17,93,-11,84
6371940,96,71,6,78
6372450,52,6,-2,80
6372960,8,31,-4,84
6373470,96,12,0,84
6373980,52,49,7,77
6374490,19,16,-7,84
6375000,4,85,0,84
6375510,60,63,6,78
6376020,27,30,-3,81
6376530,61,99,4,77
6377040,38,58,0,77
6377550,59,25,-4,81
6378060,73,7,1,80
6378570,29,32,-3,83
6379080,63,101,2,81
6379590,40,60,11,70
6380100,61,27,-20,90
6380610,75,9,11,79
6381120,31,46,0,79
6381630,52,13,-4,83
6382140,66,97,5,78
6382650,43,56,0,78
6383160,64,23,-6,84
6383670,78,5,7,77
6384180,34,78,-2,79
6384690,44,60,5,74
6385200,65,27,-9,83
6385710,79,9,5,78
6386220,35,46,2,76
6386730,56,13,-9,85
6387240,70,97,13,72
6387750,81,56,-9,81
6388260,44,93,0,81
6388770,65,5,3,78
6389280,21,30,-5,83
6389790,55,99,5,78
6390300,32,58,-2,80
6390810,53,72,7,73
6391320,74,31,-7,80
6391830,88,68,-6,86
6392340,20,3,8,78
6392850,35,76,3,75
6393360,45,90,0,75
6393870,22,2,-8,83
6394380,25,27,-1,84
6394890,59,96,7,77
6395400,36,55,0,77
6395910,57,22,-3,80
6396420,71,4,4,76
6396930,27,29,-7,83
6397440,61,98,14,69
6397950,38,57,-11,80
6398460,59,24,2,78
6398970,73,6,1,77
6399480,88,31,-1,78
6399990,44,68,2,76
6400500,65,27,-8,84
6401010,79,9,11,73
6401520,35,46,-8,81
6402030,69,13,6,75
6402540,25,50,-2,77
6403050,35,64,1,76
6403560,45,78,5,71
6404070,66,37,-13,84
6404580,80,19,10,74
6405090,36,56,-5,79
6405600,57,23,-3,82
6406110,71,5,7,75
6406620,27,30,-5,80
6407130,61,99,8,72
6407640,72,58,-1,73
6408150,39,20,-10,83
6408660,67,2,13,70
6409170,23,75,-11,81
6409680,33,98,2,79
6410190,54,10,0,79
6410700,10,94,1,78
6411210,15,72,-9,87
6411720,25,54,9,78
6412230,35,68,3,75
6412740,45,82,-3,78
6413250,66,96,-2,80
6413760,87,55,2,78
6414270,101,92,1,77
6414780,33,27,-5,82
6415290,67,96,8,74
6415800,78,55,-6,80
6416310,41,37,-2,82
6416820,27,4,-10,92
6417330,42,29,3,89
6417840,76,11,15,74
6418350,32,31,-10,84
6418860,66,100,7,77
6419370,43,59,4,73
6419880,64,63,-4,77
6420390,31,25,-7,84
6420900,59,94,6,78
6421410,36,83,1,77
6421920,57,72,2,75
6422430,78,31,-9,84
6422940,92,13,7,77
6423450,48,50,-2,79
6423960,82,17,6,73
6424470,38,54,-6,79
6424980,59,21,0,79
6425490,73,3,1,78
6426000,29,28,-1,79
6426510,63,97,8,71
6427020,74,56,-6,77
6427530,41,18,-2,79
6428040,69,0,2,77
6428550,25,25,-6,83
6429060,59,94,9,74
6429570,36,53,-3,77
6430080,57,20,-5,82
6430590,71,2,5,77
6431100,27,27,-5,82
6431610,61,96,4,78
6432120,72,55,-5,83
6432630,39,37,2,81
6433140,73,100,13,68
6433650,84,25,-8,76
6434160,40,62,1,75
6434670,61,51,-6,81
6435180,28,18,-3,84
6435690,56,0,2,82
6436200,71,25,1,81
6436710,85,7,1,80
6437220,41,44,-2,82
6437730,75,11,6,76
6438240,31,48,-6,82
6438750,65,15,2,80
6439260,21,99,-5,85
6439770,42,77,3,82
6440280,63,66,5,77
6440790,30,28,-8,85
6441300,64,97,11,74
6441810,75,56,1,73
6442320,42,38,-6,79
6442830,76,5,2,77
6443340,32,42,6,71
6443850,66,9,-2,73
6444360,22,93,-11,84
6444870,43,71,7,77
6445380,64,60,-1,78
6445890,31,49,5,73
6446400,52,16,-13,86
6446910,66,100,11,75
6447420,87,59,-2,77
6447930,101,41,-3,80
6448440,13,78,-3,83
6448950,23,56,8,75
6449460,33,70,4,71
6449970,43,84,-7,78
6450480,64,48,-2,80
6450990,31,15,-3,83
6451500,39,99,1,82
6452010,60,81,4,78
6452520,81,40,-3,81
6453030,95,22,-1,82
6453540,7,59,2,80
6454050,17,41,-3,83
6454560,27,23,0,83
6455070,61,92,11,72
6455580,72,51,1,71
6456090,91,33,-13,84
6456600,3,70,2,82
6457110,61,48,-4,86
6457620,28,30,4,82
6458130,62,99,5,77
6458640,73,58,3,74
6459150,92,20,-8,82
6459660,4,57,2,80
6460170,14,39,-2,82
6460680,24,21,-5,87
6461190,58,90,13,74
6461700,69,49,1,73
6462210,36,11,-5,78
6462720,51,95,-3,81
6463230,28,7,-3,84
6463740,43,91,4,80
6464250,53,12,-1,81
6464760,67,96,5,76
6465270,78,55,-2,78
6465780,41,37,1,77
6466290,60,38,-2,79
6466800,74,20,6,73
6467310,30,2,-7,80
6467820,45,86,6,74
6468330,22,100,-8,82
6468840,32,78,4,78
6469350,42,101,-1,79
6469860,47,22,-7,86
6470370,75,4,14,72
6470880,49,41,-8,80
6471390,68,8,5,75
6471900,24,92,-6,81
6472410,34,4,-3,84
6472920,49,88,15,69
6473430,26,0,-21,90
6473940,29,25,13,77
6474450,48,94,2,75
6474960,11,6,-6,81
6475470,19,79,-2,83
6475980,29,45,4,79
6476490,17,12,-6,85
6477000,2,81,-3,88
6477510,90,59,8,80
6478020,53,96,0,80
6478530,74,8,0,80
6479040,30,45,5,75
6479550,18,12,-7,82
6480060,33,81,10,72
6480570,10,2,-11,83
6481080,18,75,1,82
6481590,28,57,4,78
6482100,38,39,-2,80
6482610,5,6,-4,84
6483120,61,72,12,72
6483630,72,39,-9,81
6484140,86,21,4,77
6484650,42,58,0,77
6485160,63,25,-4,81
6485670,77,7,-1,82
6486180,33,44,4,78
6486690,52,11,-4,82
6487200,66,95,9,73
6487710,77,54,-5,78
6488220,40,91,0,78
6488730,50,12,-3,81
6489240,64,96,8,73
6489750,75,55,-4,77
6490260,38,92,1,76
6490770,48,13,-11,87
6491280,76,97,12,75
6491790,87,86,-3,78
6492300,54,48,1,77
6492810,73,15,3,74
6493320,29,52,-8,82
6493830,39,34,1,81
6494340,58,94,6,75
6494850,35,15,-8,83
6495360,50,99,5,78
6495870,27,20,-6,84
6496380,46,89,7,77
6496890,23,10,-9,86
6497400,31,94,3,83
6497910,41,15,3,80
6498420,56,99,2,78
6498930,33,20,-9,87
6499440,41,2,10,77
6499950,56,27,-4,81
6500460,70,9,6,75
6500970,26,93,-8,83
6501480,36,5,6,77
6501990,51,89,-3,80
6502500,28,10,-5,85
6503010,31,94,-5,90
6503520,41,15,11,79
6504030,55,99,1,78
6504540,32,20,-1,79
6505050,40,2,-6,85
6505560,55,86,9,76
6506070,21,45,-7,83
6506580,9,12,-3,86
6507090,12,81,7,79
6507600,22,59,-7,86
6508110,32,82,12,74
6508620,37,64,-2,76
6509130,47,31,-6,82
6509640,66,13,7,75
6510150,22,97,-5,80
6510660,32,75,7,73
6511170,42,98,-8,81
6511680,52,19,2,79
6512190,66,1,9,70
6512700,22,74,-15,85
6513210,32,97,0,85
6513720,42,18,1,84
6514230,56,0,12,72
6514740,12,84,-6,78
6515250,93,62,2,76
6515760,56,99,1,75
6516270,33,20,-12,87
6516780,14,29,4,83
6517290,0,98,1,82
6517800,58,76,10,72
6518310,24,43,-7,79
6518820,12,10,-4,83
6519330,15,79,5,78
6519840,25,93,-6,84
6520350,35,5,3,81
6520860,50,89,7,74
6521370,27,10,-13,87
6521880,42,94,10,77
6522390,19,6,-6,83
6522900,22,75,2,81
6523410,32,98,-2,83
6523920,42,19,3,80
6524430,56,1,3,77
6524940,71,85,2,75
6525450,82,74,-2,77
6525960,45,36,-2,79
6526470,64,3,4,75
6526980,20,87,-3,78
6527490,30,101,-10,88
6528000,40,22,10,78
6528510,68,4,2,76
6529020,15,88,-6,82
6529530,25,66,0,82
6530040,35,89,0,82
6530550,45,10,-8,90
6531060,64,94,15,75
6531570,75,53,3,72
6532080,94,15,-9,81
6532590,50,52,3,78
6533100,69,19,-4,82
6533610,25,1,3,79
6534120,40,85,6,73
6534630,50,6,-9,82
6535140,69,90,9,73
6535650,80,49,-4,77
6536160,94,31,-2,79
6536670,6,68,1,78
6537180,16,50,-5,83
6537690,26,18,11,72
6538200,45,87,-9,81
6538710,22,8,1,80
6539220,37,92,-4,84
6539730,47,74,8,76
6540240,24,41,-6,82
6540750,12,8,-3,85
6541260,20,77,1,84
6541770,30,100,2,82
6542280,40,12,-4,86
6542790,41,96,10,76
6543300,46,17,-4,80
6543810,60,101,5,75
6544320,54,22,-8,83
6544830,68,4,6,77
6545340,24,41,1,76
6545850,12,8,-6,82
6546360,20,77,2,80
6546870,30,59,-3,83
6547380,40,41,8,75
6547890,59,8,-6,81
6548400,78,92,11,70
6548910,89,27,-5,75
6549420,1,64,1,74
6549930,59,14,-10,84
6550440,15,98,5,79
6550950,25,76,-1,80
6551460,35,99,-2,82
6551970,45,81,2,80
6552480,34,63,3,77
6552990,44,30,-3,80
6553500,63,99,0,80
6554010,74,84,1,79
6554520,13,46,-6,85
6555030,78,28,10,75
6555540,92,10,-8,83
6556050,4,47,5,78
6556560,14,29,-3,81
6557070,22,11,0,81
6557580,30,80,3,78
6558090,40,62,1,77
6558600,28,29,-15,92
6559110,62,98,15,77
6559620,39,19,-2,79
6560130,58,1,1,78
6560640,73,26,-1,79
6561150,29,8,-2,81
6561660,44,92,1,80
6562170,54,68,7,73
6562680,75,35,-5,78
6563190,89,17,0,78
6563700,1,54,-6,84
6564210,11,4,5,79
6564720,19,73,-3,82
6565230,29,55,6,76
6565740,39,37,-6,82
6566250,73,4,15,67
6566760,29,41,-10,77
6567270,63,8,4,73
6567780,19,92,-7,80
6568290,29,70,-1,81
6568800,39,93,2,79
6569310,49,75,4,75
6569820,71,89,2,73
6570330,82,9,-5,78
6570840,38,46,-2,80
6571350,72,13,5,75
6571860,28,97,-4,79
6572370,38,78,2,77
6572880,48,101,1,76
6573390,25,83,-9,85
6573900,60,65,12,73
6574410,79,32,-8,81
6574920,93,14,-2,83
6575430,5,51,0,83
6575940,15,33,5,78
6576450,3,39,-5,83
6576960,13,91,1,82
6577470,23,69,-2,84
6577980,33,51,11,73
6578490,67,18,-3,76
6579000,81,0,1,75
6579510,55,37,-6,81
6580020,74,4,7,74
6580530,30,8,-8,82
6581040,33,95,-6,88
6581550,43,77,13,75
6582060,65,59,-2,77
6582570,84,21,4,73
6583080,40,58,-3,76
6583590,61,25,0,76
6584100,75,7,-2,78
6584610,31,52,1,77
6585120,32,19,-3,80
6585630,33,1,3,77
6586140,48,26,-5,82
6586650,62,8,3,79
6587160,18,92,-7,86
6587670,28,70,7,79
6588180,38,52,0,79
6588690,72,19,-1,80
6589200,28,56,2,78
6589710,38,38,-1,79
6590220,72,5,2,77
6590730,28,9,-8,85
6591240,31,93,3,82
6591750,41,14,1,81
6592260,69,98,11,70
6592770,80,33,-7,77
6593280,94,70,-6,83
6593790,0,25,0,83
6594300,10,31,5,78
6594810,20,83,-4,82
6595320,61,4,12,70
6595830,17,49,-8,78
6596340,27,31,0,78
6596850,61,100,2,76
6597360,38,21,-1,77
6597870,57,3,1,76
6598380,13,48,1,75
6598890,23,100,-7,82
6599400,33,78,5,77
6599910,43,60,6,71
6600420,61,27,-5,76
6600930,75,9,2,74
6601440,31,46,-6,80
6601950,65,13,6,74
6602460,21,97,-8,82
6602970,31,75,9,73
6603480,41,98,-5,78
6603990,46,19,-6,84
6604500,60,1,7,77
6605010,16,26,-4,81
6605520,24,95,-5,86
6606030,34,73,9,77
6606540,44,96,-4,81
6607050,54,17,3,78
6607560,68,101,3,75
6608070,79,60,-3,78
6608580,46,22,-11,89
6609090,60,4,13,76
6609600,16,29,-5,81
6610110,24,98,2,79
6610620,34,76,1,78
6611130,24,58,-2,80
6611640,34,40,0,80
6612150,68,7,3,77
6612660,24,44,-3,80
6613170,12,26,-5,85
6613680,20,8,3,82
6614190,23,92,-3,85
6614700,33,70,11,74
6615210,43,45,-3,77
6615720,62,12,-2,79
6616230,18,96,-4,83
6616740,28,74,5,78
6617250,38,56,4,74
6617760,59,23,-14,88
6618270,73,5,14,74
6618780,29,42,-5,79
6619290,63,9,2,77
6619800,19,93,-6,83
6620310,29,71,4,79
6620820,39,53,2,77
6621330,73,20,-3,80
6621840,87,57,4,76
6622350,50,39,-6,82
6622860,69,6,11,71
6623370,25,51,-5,76
6623880,35,18,-6,82
6624390,36,0,-4,86
6624900,51,25,12,74
6625410,65,7,1,73
6625920,21,44,-7,80
6626430,31,26,-1,81
6626940,39,95,-4,85
6627450,46,16,5,80
6627960,60,100,4,76
6628470,37,21,-4,80
6628980,45,3,-4,84
6629490,64,28,-2,86
6630000,78,95,7,79
6630510,55,57,3,76
6631020,74,24,4,72
6631530,88,61,-5,77
6632040,51,98,0,77
6632550,28,19,-1,78
6633060,36,88,0,78
6633570,58,70,2,76
6634080,30,59,2,74
6634590,52,41,-5,79
6635100,71,81,8,71
6635610,48,43,-11,82
6636120,49,98,3,79
6636630,26,19,-4,83
6637140,43,88,0,83
6637650,65,70,11,72
6638160,28,32,-12,84
6638670,47,101,5,79
6639180,24,22,-4,83
6639690,32,91,7,76
6640200,54,12,-2,78
6640710,68,96,6,72
6641220,23,53,-4,76
6641730,45,76,-1,77
6642240,67,58,6,71
6642750,30,20,-8,79
6643260,38,89,-3,82
6643770,60,71,11,71
6644280,94,33,-10,81
6644790,6,70,2,79
6645300,62,20,-3,82
6645810,76,2,10,72
6646320,32,75,-7,79
6646830,42,57,0,79
6647340,76,24,1,78
6647850,32,6,-9,87
6648360,35,31,3,84
6648870,69,100,13,71
6649380,46,35,-8,79
6649890,65,2,0,79
6650400,21,6,-3,82
6650910,24,79,3,79
6651420,25,61,1,78
6651930,47,43,-7,85
6652440,48,10,0,85
6652950,62,94,11,74
6653460,17,53,-3,77
6653970,27,35,-8,85
6654480,61,2,10,75
6654990,17,47,-5,80
6655500,27,70,-3,83
6656010,37,52,6,77
6656520,71,19,1,76
6657030,27,1,-8,84
6657540,42,26,2,82
6658050,70,8,9,73
6658560,26,12,-11,84
6659070,34,96,5,79
6659580,56,17,-2,81
6660090,70,101,6,75
6660600,25,36,-8,83
6661110,59,3,3,80
6661620,15,28,3,77
6662130,16,97,0,77
6662640,38,75,3,74
6663150,60,57,-5,79
6663660,27,24,1,78
6664170,44,93,-4,82
6664680,21,75,1,81
6665190,43,57,5,76
6665700,77,24,2,74
6666210,33,61,-2,76
6666720,55,43,-8,84
6667230,56,10,2,82
6667740,12,94,3,79
6668250,93,72,0,79
6668760,31,7,-3,82
6669270,34,91,6,76
6669780,56,73,2,74
6670290,77,32,-8,82
6670800,91,14,1,81
6671310,3,51,11,70
6671820,61,1,-6,76
6672330,17,26,-7,83
6672840,25,95,-4,87
6673350,28,98,10,77
6673860,50,76,-2,79
6674370,71,58,6,73
6674880,34,20,-9,82
6675390,42,2,-2,84
6675900,57,27,7,77
6676410,71,9,0,77
6676920,27,82,-5,82
6677430,49,64,9,73
6677940,70,31,-8,81
6678450,84,13,4,77
6678960,40,50,-5,82
6679470,74,17,2,80
6679980,30,101,-6,86
6680490,52,83,12,74
6681000,74,42,-4,78
6681510,88,24,1,77
6682020,44,61,-4,81
6682530,65,28,-10,91
6683040,79,10,9,82
6683550,35,47,7,75
6684060,69,14,-5,80
6684570,25,98,0,80
6685080,47,76,2,78
6685590,69,58,2,76
6686100,32,20,-5,81
6686610,40,2,-3,84
6687120,55,27,4,80
6687630,69,9,3,77
6688140,25,46,-3,80
6688650,47,13,-2,82
6689160,61,97,7,75
6689670,38,56,1,74
6690180,60,23,-9,83
6690690,74,5,9,74
6691200,30,42,-6,80
6691710,64,9,0,80
6692220,84,13,4,76
6692730,40,50,-2,78
6693240,74,17,2,76
6693750,88,54,-2,78
6694260,51,36,-2,80
6694770,65,18,-1,81
6695280,21,0,0,81
6695790,24,73,1,80
6696300,46,55,0,80
6696810,80,22,8,72
6697320,36,59,-3,75
6697830,58,26,-6,81
6698340,72,8,-1,82
6698850,28,81,-3,85
6699360,50,63,6,79
6699870,71,30,-4,83
6700380,85,12,10,73
6700890,41,49,-1,74
6701400,75,16,-2,76
6701910,31,53,0,76
6702420,53,0,-1,77
6702930,68,73,2,75
6703440,6,35,-5,80
6703950,16,17,1,79
6704460,24,86,-7,86
6704970,27,68,2,84
6705480,49,50,5,79
6705990,83,84,-3,82
6706500,44,46,0,82
6707010,78,13,6,76
6707520,34,50,-1,77
6708030,68,17,-3,80
6708540,24,101,-4,84
6709050,46,79,7,77
6709560,23,68,-5,82
6710070,26,50,3,79
6710580,48,17,-9,88
6711090,62,101,2,86
6711600,83,60,8,78
6712110,46,82,3,75
6712620,23,64,-7,82
6713130,45,46,3,79
6713640,79,13,-3,82
6714150,35,50,9,73
6714660,69,17,-5,78
6715170,25,101,-3,81
6715680,47,79,11,70
6716190,69,38,-7,77
6716700,83,20,-7,84
6717210,39,57,6,78
6717720,60,24,4,74
6718230,74,6,-3,77
6718740,30,79,-2,79
6719250,52,61,4,75
6719760,24,28,-6,81
6720270,58,97,5,76
6720780,35,86,-7,83
6721290,57,68,3,80
6721800,34,57,0,80
6722310,22,24,-2,82
6722820,39,93,-1,83
6723330,61,75,9,74
6723840,38,34,-11,85
6724350,72,1,14,71
6724860,28,74,-8,79
6725370,50,56,2,77
6725880,22,23,0,77
6726390,39,92,0,77
6726900,61,13,-4,81
6727410,17,97,-1,82
6727920,39,75,0,82
6728430,61,57,4,78
6728940,28,24,-4,82
6729450,45,93,-1,83
6729960,22,75,-1,84
6730470,44,57,4,80
6730980,65,24,0,80
6731490,79,6,7,73
6732000,35,43,-7,80
6732510,69,10,-8,88
6733020,25,14,4,84
6733530,28,83,2,82
6734040,50,65,6,76
6734550,71,32,-7,83
6735060,85,14,4,79
6735570,41,18,3,76
6736080,55,0,0,76
6736590,70,25,-4,80
6737100,84,7,1,79
6737610,40,80,-2,81
6738120,17,62,-1,82
6738630,27,65,6,76
6739140,37,47,-5,81
6739650,71,14,6,75
6740160,27,51,-8,83
6740670,49,33,4,79
6741180,63,15,-2,81
6741690,19,99,-1,82
6742200,41,77,6,76
6742710,63,66,5,71
6743220,26,33,-7,78
6743730,60,0,-1,79
6744240,75,25,0,79
6744750,89,7,-2,81
6745260,45,82,-3,84
6745770,67,64,4,80
6746280,30,86,-3,83
6746790,52,68,7,76
6747300,73,35,2,74
6747810,87,17,-4,78
6748320,43,54,-3,81
6748830,77,21,-2,83
6749340,91,58,6,77
6749850,3,95,-2,79
6750360,61,73,2,77
6750870,82,35,-3,80
6751380,96,17,0,80
6751890,8,54,-8,88
6752400,18,57,-2,90
6752910,28,60,16,74
6753420,50,66,-4,78
6753930,71,25,-2,80
6754440,85,7,0,80
6754950,41,52,4,76
6755460,62,19,1,75
6755970,76,1,0,75
6756480,32,74,-3,78
6756990,54,56,0,78
6757500,73,23,2,76
6758010,29,5,-11,87
6758520,44,30,6,81
6759030,72,12,-2,83
6759540,28,16,3,80
6760050,45,85,5,75
6760560,22,74,-9,84
6761070,44,77,8,76
6761580,66,36,-3,79
6762090,80,18,5,74
6762600,36,55,-6,80
6763110,57,22,-2,82
6763620,71,4,10,72
6764130,27,77,-6,78
6764640,37,59,2,76
6765150,59,26,-5,81
6765660,73,8,-1,82
6766170,29,81,-2,84
6766680,51,63,10,74
6767190,23,30,-12,86
6767700,57,99,6,80
6768210,34,88,0,80
6768720,56,70,6,74
6769230,22,29,-8,82
6769740,56,98,4,78
6770250,33,87,-10,88
6770760,43,69,12,76
6771270,65,36,-5,81
6771780,79,18,3,78
6772290,35,22,-2,80
6772800,52,91,7,73
6773310,29,80,-12,85
6773820,39,62,8,77
6774330,27,29,-10,87
6774840,44,98,10,77
6775350,21,87,-5,82
6775860,31,65,3,79
6776370,53,47,0,79
6776880,72,14,-1,80
6777390,86,34,-1,81
6777900,100,16,1,80
6778410,12,1,-4,84
6778920,15,74,2,82
6779430,25,77,2,80
6779940,47,80,4,76
6780450,69,69,-5,81
6780960,30,31,-4,85
6781470,64,100,14,71
6781980,41,59,-8,79
6782490,62,26,-5,84
6783000,76,8,6,78
6783510,32,81,-2,80
6784020,54,63,5,75
6784530,73,30,-4,79
6785040,87,12,2,77
6785550,43,32,-4,81
6786060,71,101,2,79
6786570,48,60,4,75
6787080,14,27,-10,85
6787590,22,24,3,82
6788100,41,93,5,77
6788610,63,82,2,75
6789120,40,67,-2,77
6789630,62,26,-8,85
6790140,76,8,5,80
6790650,32,81,0,80
6791160,54,63,1,79
6791670,26,30,-8,87
6792180,60,99,13,74
6792690,37,88,-5,79
6793200,59,70,7,72
6793710,80,88,0,72
6794220,89,23,-6,78
6794730,1,60,-1,79
6795240,11,10,-4,83
6795750,14,83,2,81
6796260,36,61,9,72
6796770,58,46,2,70
6797280,21,68,-8,78
6797790,31,71,6,72
6798300,53,53,-8,80
6798810,72,20,1,79
6799320,86,57,6,73
6799830,100,94,-2,75
6800340,19,29,-9,84
6800850,49,98,9,75
6801360,26,87,-13,88
6801870,29,90,10,78
6802380,51,75,9,69
6802890,73,34,-9,78
6803400,87,16,2,76
6803910,43,53,5,71
6804420,64,20,-10,81
6804930,78,2,12,69
6805440,52,75,-6,75
6805950,73,34,-2,77
6806460,87,16,1,76
6806970,101,53,-3,79
6807480,13,90,-5,84
6807990,35,68,7,77
6808500,57,57,0,77
6809010,76,19,2,75
6809520,32,56,0,75
6810030,54,45,-6,81
6810540,21,12,-1,82
6811050,24,85,-5,87
6811560,46,74,8,79
6812070,68,63,1,78
6812580,31,39,-3,81
6813090,65,6,5,76
6813600,21,79,-8,84
6814110,43,82,10,74
6814620,20,71,-10,84
6815130,30,74,1,83
6815640,52,56,8,75
6816150,71,23,-3,78
6816660,85,5,5,73
6817170,99,78,-7,80
6817680,6,13,-2,82
6818190,14,22,2,80
6818700,42,91,4,76
6819210,19,80,-11,87
6819720,41,83,10,77
6820230,63,72,-1,78
6820740,82,61,7,71
6821250,45,23,-14,85
6821760,73,5,14,71
6822270,29,78,-8,79
6822780,51,67,5,74
6823290,72,34,-4,78
6823800,86,16,0,78
6824310,42,76,6,72
6824820,64,35,-15,87
6825330,78,17,13,74
6825840,34,37,-5,79
6826350,68,4,5,74
6826860,24,77,-9,83
6827370,46,80,4,79
6827880,23,93,-3,82
6828390,45,71,6,76
6828900,66,30,-3,79
6829410,80,12,5,74
6829920,36,57,-3,77
6830430,58,42,-4,81
6830940,77,9,4,77
6831450,33,82,-7,84
6831960,11,71,0,84
6832470,21,74,4,80
6832980,43,77,8,72
6833490,65,36,-6,78
6834000,79,18,-7,85
6834510,35,53,13,72
6835020,56,20,-10,82
6835530,70,2,7,75
6836040,66,75,-3,78
6836550,5,64,-6,84
6837060,15,67,5,79
6837570,25,70,-4,83
6838080,8,73,-6,89
6838590,18,76,8,81
6839100,28,79,-1,82
6839610,50,82,7,75
6840120,27,71,-8,83
6840630,37,74,6,77
6841140,47,63,6,71
6841650,68,30,-11,82
6842160,82,12,-2,84
6842670,38,57,13,71
6843180,59,16,-7,78
6843690,73,100,1,77
6844200,94,59,-5,82
6844710,6,96,5,77
6845220,84,74,1,76
6845730,47,36,-7,83
6846240,66,3,11,72
6846750,22,48,-10,82
6847260,32,37,2,80
6847770,62,4,4,76
6848280,76,49,2,74
6848790,39,31,-9,83
6849300,67,100,5,78
6849810,22,59,-1,79
6850320,32,62,4,75
6850830,42,51,-4,79
6851340,63,18,-6,85
6851850,77,0,3,82
6852360,51,73,7,75
6852870,72,32,-6,81
6853380,86,14,5,76
6853890,100,59,-6,82
6854400,12,96,3,79
6854910,90,74,-2,81
6855420,53,9,-7,88
6855930,67,55,13,75
6856440,30,44,-2,77
6856950,60,11,1,76
6857460,16,56,-3,79
6857970,26,59,2,77
6858480,36,48,-2,79
6858990,70,15,-4,83
6859500,26,18,6,77
6860010,11,87,-7,84
6860520,89,65,-5,89
6861030,6,0,8,81
6861540,23,73,3,78
6862050,33,76,-1,79
6862560,43,65,6,73
6863070,64,50,-1,74
6863580,27,32,-5,79
6864090,12,101,-4,83
6864600,90,79,-3,86
6865110,53,41,8,78
6865620,72,8,-2,80
6866130,86,53,-3,83
6866640,100,90,6,77
6867150,19,25,-2,79
6867660,4,94,-1,80
6868170,10,72,-2,82
6868680,20,75,-4,86
6869190,42,78,14,72
6869700,19,67,-11,83
6870210,29,70,4,79
6870720,39,59,6,73
6871230,60,18,-7,80
6871740,16,0,-4,84
6872250,19,73,1,83
6872760,41,76,5,78
6873270,62,65,7,71
6873780,25,27,-10,81
6874290,44,96,6,75
6874800,21,85,-12,87
6875310,42,88,11,76
6875820,63,77,-3,79
6876330,84,39,-5,84
6876840,98,21,6,78
6877350,10,58,-7,85
6877860,20,61,1,84
6878370,42,64,9,75
6878880,63,23,-8,83
6879390,77,5,8,75
6879900,33,78,-2,77
6880410,55,67,2,75
6880920,76,56,-6,81
6881430,39,18,0,81
6881940,67,0,2,79
6882450,82,73,8,71
6882960,91,35,-9,80
6883470,3,72,-2,82
6883980,25,22,-3,85
6884490,42,91,4,81
6885000,64,80,6,75
6885510,85,42,-8,83
6886020,99,24,4,79
6886530,11,61,-4,83
6887040,21,64,1,82
6887550,43,46,3,79
6888060,62,13,0,79
6888570,76,58,6,73
6889080,39,47,-7,80
6889590,58,14,2,78
6890100,14,98,-5,83
6890610,36,76,7,76
6891120,58,65,2,74
6891630,79,27,-5,79
6892140,93,64,4,75
6892650,10,101,-7,82
6893160,91,79,-3,85
6893670,54,14,1,84
6894180,68,98,15,69
6894690,89,57,-7,76
6895200,1,94,1,75
6895710,79,72,6,69
6896220,42,34,-16,85
6896730,61,1,8,77
6897240,75,46,0,77
6897750,89,28,-4,81
6898260,1,65,6,75
6898770,59,15,-6,81
6899280,73,99,7,74
6899790,94,58,-5,79
6900300,6,95,5,74
6900810,84,73,-3,77
6901320,47,35,-2,79
6901830,66,89,7,72
6902340,87,48,-3,75
6902850,101,85,-2,77
6903360,20,20,-1,78
6903870,39,89,-1,79
6904380,61,78,6,73
6904890,82,37,-7,80
6905400,96,19,-1,81
6905910,8,56,0,81
6906420,18,59,-2,83
6906930,28,62,6,77
6907440,38,51,-2,79
6907950,59,18,-3,82
6908460,73,29,6,76
6908970,87,11,-7,83
6909480,101,56,4,79
6909990,13,93,-1,80
6910500,91,71,6,74
6911010,8,6,-5,79
6911520,16,79,2,77
6912030,38,57,8,69
6912540,15,16,-14,83
6913050,23,85,-3,86
6913560,33,88,4,82
6914070,36,77,3,79
6914580,46,66,-5,84
6915090,67,62,4,80
6915600,86,51,4,76
6916110,100,88,-7,83
6916620,19,23,3,80
6917130,38,92,-7,87
6917640,59,81,13,74
6918150,80,70,3,71
6918660,89,32,-5,76
6919170,1,69,1,75
6919680,59,19,-7,82
6920190,73,1,8,74
6920700,69,46,-2,76
6921210,83,8,3,73
6921720,97,45,-13,86
6922230,9,82,7,79
6922740,87,60,2,77
6923250,4,97,-2,79
6923760,82,75,2,77
6924270,45,10,-5,82
6924780,60,94,12,70
6925290,71,53,-5,75
6925800,34,35,-11,86
6926310,19,2,3,83
6926820,22,75,-2,85
6927330,25,78,6,79
6927840,47,72,5,74
6928350,68,61,-4,78
6928860,31,23,-4,82
6929370,50,5,2,80
6929880,64,51,0,80
6930390,83,33,-5,85
6930900,97,70,9,76
6931410,23,5,-9,85
6931920,26,78,2,83
6932430,29,60,12,71
6932940,39,49,-3,74
6933450,58,38,-1,75
6933960,72,20,-3,78
6934470,86,57,-3,81
6934980,100,94,0,81
6935490,32,29,-5,86
6936000,51,11,5,81
6936510,65,95,2,79
6937020,76,31,0,79
6937530,90,68,1,78
6938040,4,3,2,76
6938550,60,76,3,73
6939060,79,65,-8,81
6939570,95,101,4,77
6940080,14,36,-4,81
6940590,24,42,3,78
6941100,34,9,1,77
6941610,53,34,-2,79
6942120,31,16,-5,84
6942630,56,100,4,80
6943140,33,89,-6,86
6943650,36,71,7,79
6944160,46,60,6,73
6944670,67,49,-10,83
6945180,86,31,5,78
6945690,100,68,-1,79
6946200,12,3,2,77
6946710,15,76,-4,81
6947220,25,79,2,79
6947730,35,82,-6,85
6948240,45,71,12,73
6948750,55,60,5,68
6949260,74,49,-10,78
6949770,37,31,-5,83
6950280,56,100,6,77
6950790,33,89,-3,80
6951300,43,78,6,74
6951810,53,67,-2,76
6952320,74,56,2,74
6952830,37,93,-4,78
6953340,14,75,-6,84
6953850,24,78,3,81
6954360,34,81,3,78
6954870,44,63,5,73
6955380,65,52,-5,78
6955890,84,41,-1,79
6956400,98,23,-3,82
6956910,10,60,3,79
6957420,20,63,-6,85
6957930,30,1,9,76
6958440,45,26,-3,79
6958950,59,8,-2,81
6959460,15,53,5,76
6959970,25,56,-2,78
6960480,35,38,-2,80
6960990,65,5,2,78
6961500,21,50,0,78
6962010,31,32,-5,83
6962520,16,101,-1,84
6963030,94,79,4,80
6963540,55,14,2,78
6964050,69,17,0,78
6964560,25,54,-6,84
6965070,35,36,2,82
6965580,54,3,0,82
6966090,10,28,4,78
6966600,20,10,0,78
6967110,23,83,-4,82
6967620,33,86,5,77
6968130,43,68,1,76
6968640,53,57,2,74
6969150,72,19,-4,78
6969660,28,56,3,75
6970170,38,45,-9,84
6970680,57,12,5,79
6971190,13,57,-4,83
6971700,23,60,5,78
6972210,33,49,-1,79
6972720,63,38,-7,86
6973230,77,20,11,75
6973740,33,57,5,70
6974250,43,46,-8,78
6974760,62,13,3,75
6975270,18,58,-3,78
6975780,28,61,1,77
6976290,38,50,-1,78
6976800,68,17,-1,79
6977310,24,62,2,77
6977820,34,44,-1,78
6978330,53,11,-5,83
6978840,9,95,-2,85
6979350,87,73,9,76
6979860,50,35,-8,84
6980370,69,17,9,75
6980880,25,62,-2,77
6981390,35,85,-1,78
6981900,45,67,2,76
6982410,66,56,5,71
6982920,29,18,-8,79
6983430,48,87,-1,80
6983940,25,76,2,78
6984450,35,79,-1,79
6984960,45,68,-1,80
6985470,66,57,7,73
6985980,29,19,-14,87
6986490,14,1,10,77
6987000,17,74,-5,82
6987510,27,77,5,77
6988020,37,66,0,77
6988530,47,55,-3,80
6989040,66,22,-1,81
6989550,80,25,2,79
6990060,36,62,3,76
6990570,46,51,0,76
6991080,65,13,-13,89
6991590,79,16,9,80
6992100,35,53,5,75
6992610,68,42,-1,76
6993120,31,24,-8,84
6993630,56,93,8,76
6994140,67,82,1,75
6994650,44,71,0,75
6995160,54,60,-2,77
6995670,17,49,-3,80
6996180,27,52,1,79
6996690,37,41,-3,82
6997200,22,8,-1,83
6997710,25,81,-1,84
6998220,28,84,2,82
6998730,38,87,4,78
6999240,48,76,3,75
6999750,58,65,-5,80
7000260,77,54,6,74
7000770,40,43,-3,77
7001280,59,10,3,74
7001790,15,55,-5,79
7002300,25,58,3,76
7002810,35,47,0,76
7003320,65,14,-2,78
7003830,79,59,-1,79
7004340,42,96,-2,81
7004850,52,85,6,75
7005360,62,74,3,72
7005870,83,63,-4,76
7006380,46,25,-7,83
7006890,60,7,10,73
7007400,74,52,-2,75
7007910,37,41,-4,79
7008420,22,8,-7,86
7008930,34,81,7,79
7009440,44,70,8,71
7009950,54,29,-14,85
7010460,68,11,6,79
7010970,24,56,-4,83
7011480,34,59,6,77
7011990,44,48,5,72
7012500,65,15,-7,79
7013010,21,60,-4,83
7013520,31,63,3,80
7014030,41,52,4,76
7014540,62,19,-1,77
7015050,76,22,-3,80
7015560,90,59,-2,82
7016070,53,97,4,78
7016580,30,86,-3,81
7017090,40,89,7,74
7017600,61,78,1,73
7018110,82,67,-6,79
7018620,98,56,-7,86
7019130,10,94,3,83
7019640,88,72,3,80
7020150,51,7,-4,84
7020660,65,53,4,80
7021170,84,42,-2,82
7021680,98,24,-2,84
7022190,10,61,2,82
7022700,20,64,0,82
7023210,30,67,4,78
7023720,40,56,3,75
7024230,61,23,1,74
7024740,75,26,-5,79
7025250,89,29,-7,86
7025760,1,66,10,76
7026270,11,69,-6,82
7026780,21,72,2,80
7027290,31,75,2,78
7027800,41,78,0,78
7028310,62,67,2,76
7028820,1,56,-2,78
7029330,11,59,-3,81
7029840,21,62,1,80
7030350,31,65,1,79
7030860,41,54,2,77
7031370,62,21,-2,79
7031880,76,24,-1,80
7032390,90,61,3,77
7032900,100,98,3,74
7033410,19,34,-8,82
7033920,49,1,2,80
7034430,64,65,10,70
7034940,25,27,-13,83
7035450,55,96,7,76
7035960,76,85,4,72
7036470,97,21,-3,75
7036980,9,58,-4,79
7037490,10,61,-1,80
7038000,20,64,-3,83
7038510,30,67,9,74
7039020,87,56,-6,80
7039530,50,94,-1,81
7040040,71,83,-2,83
7040550,92,72,0,83
7041060,30,7,-1,84
7041570,45,80,6,78
7042080,66,69,2,76
7042590,27,58,-1,77
7043100,37,47,3,74
7043610,58,14,-8,82
7044120,14,17,2,80
7044630,44,86,2,78
7045140,65,75,8,70
7045650,86,64,-5,75
7046160,49,101,-9,84
7046670,70,90,3,81
7047180,91,26,3,78
7047690,47,63,8,70
7048200,68,52,-7,77
7048710,35,41,1,76
7049220,65,8,1,75
7049730,21,53,-3,78
7050240,31,35,-3,81
7050750,16,2,0,81
7051260,31,75,11,70
7051770,53,64,-4,74
7052280,70,53,-7,81
7052790,31,42,0,81
7053300,61,9,-1,82
7053810,17,54,-3,85
7054320,27,57,7,78
7054830,37,46,2,76
7055340,58,13,-7,83
7055850,72,20,4,79
7056360,28,65,1,78
7056870,50,68,6,72
7057380,71,57,-4,76
7057890,38,19,-8,84
7058400,66,1,2,82
7058910,81,46,2,80
7059420,44,84,0,80
7059930,65,73,6,74
7060440,15,62,-10,84
7060950,25,65,4,80
7061460,35,68,8,72
7061970,57,57,-2,74
7062480,18,46,-12,86
7062990,28,28,5,81
7063500,53,97,5,76
7064010,74,86,1,75
7064520,95,22,-8,83
7065030,51,59,9,74
7065540,72,48,0,74
7066050,35,37,-5,79
7066560,60,4,4,75
7067070,16,49,-6,81
7067580,26,52,6,75
7068090,36,19,-10,85
7068600,61,1,8,77
7069110,76,46,-5,82
7069620,39,84,1,81
7070130,60,73,9,72
7070640,81,62,-9,81
7071150,44,51,4,77
7071660,65,18,-3,80
7072170,21,21,1,79
7072680,6,90,-2,81
7073190,12,68,1,80
7073700,22,71,-2,82
7074210,25,74,3,79
7074720,47,77,7,72
7075230,68,66,-11,83
7075740,29,55,5,78
7076250,50,22,-11,89
7076760,64,4,13,76
7077270,20,49,-4,80
7077780,30,52,3,77
7078290,51,19,-2,79
7078800,65,1,4,75
7079310,39,46,-3,78
7079820,60,13,-2,80
7080330,16,16,-1,81
7080840,1,85,-4,85
7081350,59,63,8,77
7081860,22,30,-4,81
7082370,7,99,-7,88
7082880,13,77,6,82
7083390,35,80,0,82
7083900,56,62,4,78
7084410,77,51,4,74
7084920,40,89,-4,78
7085430,62,78,6,72
7085940,17,67,-13,85
7086450,27,70,5,80
7086960,37,59,3,77
7087470,58,48,-2,79
7087980,25,37,1,78
7088490,50,4,0,78
7089000,65,49,-2,80
7089510,32,16,0,80
7090020,57,100,5,75
7090530,78,28,0,75
7091040,34,31,-6,81
7091550,19,100,0,81
7092060,40,78,3,78
7092570,62,67,5,73
7093080,36,56,-3,76
7093590,57,23,-12,88
7094100,71,5,7,81
7094610,27,50,5,76
7095120,37,17,-9,85
7095630,62,101,10,75
7096140,17,90,1,74
7096650,39,68,-7,81
7097160,60,57,5,76
7097670,27,24,-4,80
7098180,12,93,0,80
7098690,22,71,-1,81
7099200,44,74,2,79
7099710,65,63,7,72
7100220,28,52,-4,76
7100730,38,41,-3,79
7101240,71,8,-1,80
7101750,27,53,1,79
7102260,37,20,-4,83
7102770,4,2,2,81
7103280,60,75,9,72
7103790,37,64,-7,79
7104300,58,31,-10,89
7104810,72,13,16,73
7105320,28,58,-5,78
7105830,38,47,2,76
7106340,59,14,-2,78
7106850,15,17,-2,80
7107360,0,32,-2,82
7107870,10,35,2,80
7108380,20,38,6,74
7108890,42,5,-12,86
7109400,57,51,4,82
7109910,24,18,0,82
7110420,9,87,3,79
7110930,15,65,-2,81
7111440,25,68,0,81
7111950,35,71,6,75
7112460,57,60,-1,76
7112970,20,27,-13,89
7113480,5,96,4,85
7113990,11,74,3,82
7114500,21,77,-1,83
7115010,31,71,0,83
7115520,41,74,6,77
7116030,62,63,4,73
7116540,25,21,-11,84
7117050,50,90,7,77
7117560,27,79,-2,79
7118070,49,68,7,72
7118580,12,57,-12,84
7119090,22,60,5,79
7119600,32,63,2,77
7120110,42,52,1,76
7120620,63,19,-8,84
7121130,19,22,-1,85
7121640,4,4,5,80
7122150,91,77,2,78
7122660,29,66,3,75
7123170,39,55,-2,77
7123680,60,22,-3,80
7124190,74,4,3,77
7124700,30,49,2,75
7125210,18,16,-7,82
7125720,3,85,-8,90
7126230,44,85,8,82
7126740,21,74,2,80
7127250,43,77,4,76
7127760,65,66,-2,78
7128270,28,55,2,76
7128780,38,22,-6,82
7129290,23,4,-2,84
7129800,38,77,11,73
7130310,60,66,-3,76
7130820,23,55,-2,78
7131330,33,58,0,78
7131840,43,47,-2,80
7132350,54,14,1,79
7132860,10,98,-1,80
7133370,16,76,-7,87
7133880,26,79,6,81
7134390,36,68,6,75
7134900,58,57,-4,79
7135410,25,19,-6,85
7135920,10,88,5,80
7136430,88,66,-1,81
7136940,51,55,2,79
7137450,25,22,-2,81
7137960,50,91,1,80
7138470,27,80,-7,87
7138980,30,83,9,78
7139490,52,86,2,76
7140000,73,75,6,70
7140510,31,64,-5,75
7141020,41,53,-6,81
7141530,62,20,-2,83
7142040,18,23,0,83
7142550,3,92,3,80
7143060,59,70,2,78
7143570,100,59,-2,80
7144080,12,97,-4,84
7144590,18,75,-6,90
7145100,28,78,7,83
7145610,50,81,6,77
7146120,72,70,2,75
7146630,10,59,-9,84
7147140,20,62,-1,85
7147650,30,65,11,74
7148160,40,54,-6,80
7148670,61,21,-2,82
7149180,75,3,9,73
7149690,31,48,-5,78
7150200,52,15,-4,82
7150710,66,18,-3,85
7151220,22,63,7,78
7151730,32,66,4,74
7152240,54,55,-4,78
7152750,21,44,-3,81
7153260,31,47,7,74
7153770,19,36,-9,83
7154280,29,3,1,82
7154790,44,76,6,76
7155300,66,65,5,71
7155810,33,54,-5,76
7156320,21,43,-8,84
7156830,31,32,-2,86
7157340,16,101,8,78
7157850,94,79,-4,82
7158360,32,15,1,81
7158870,57,99,4,77
7159380,34,88,0,77
7159890,56,77,-6,83
7160400,77,66,6,77
7160910,40,28,-3,80
7161420,65,97,7,73
7161930,20,33,-12,85
7162440,21,22,0,85
7162950,6,91,1,84
7163460,12,69,7,77
7163970,22,72,-5,82
7164480,32,75,4,78
7164990,42,64,5,73
7165500,30,53,-1,74
7166010,18,42,-8,82
7166520,28,45,1,81
7167030,16,34,0,81
7167540,4,23,1,80
7168050,14,26,-5,85
7168560,22,99,0,85
7169070,43,77,9,76
7169580,53,66,2,74
7170090,74,55,-3,77
7170600,37,44,-4,81
7171110,96,11,2,79
7171620,70,48,5,74
7172130,86,37,-7,81
7172640,100,75,2,79
7173150,38,10,-3,82
7173660,53,94,5,77
7174170,30,83,-8,85
7174680,40,72,9,76
7175190,61,61,-1,77
7175700,28,50,-4,81
7176210,50,39,3,78
7176720,17,6,-7,85
7177230,32,79,11,74
7177740,9,68,-11,85
7178250,19,71,10,75
7178760,41,60,-5,80
7179270,62,49,4,76
7179780,25,38,-5,81
7180290,55,5,2,79
7180800,11,50,-3,82
7181310,21,53,2,80
7181820,31,56,11,69
7182330,53,45,-8,77
7182840,20,7,-9,86
7183350,5,80,6,80
7183860,61,58,2,78
7184370,28,20,-6,84
7184880,53,89,13,71
7185390,30,78,-9,80
7185900,52,67,0,80
7186410,73,56,8,72
7186920,40,45,-7,79
7187430,25,12,-6,85
7187940,50,85,4,81
7188450,71,74,5,76
7188960,80,63,-1,77
7189470,43,52,1,76
7189980,2,41,-3,79
7190490,12,44,0,79
7191000,22,47,-4,83
7191510,32,36,2,81
7192020,17,3,-2,83
7192530,32,76,3,80
7193040,42,65,0,80
7193550,63,54,2,78
7194060,30,43,-1,79
7194570,60,32,0,79
7195080,74,14,3,76
7195590,30,59,-1,77
7196100,52,48,-1,78
7196610,19,37,-7,85
7197120,7,26,0,85
7197630,71,35,0,85
7198140,85,73,11,74
7198650,23,62,-7,81
7199160,33,65,2,79
7199670,55,54,3,76
7200180,22,43,-6,82
7200690,10,32,-5,87
7201200,100,35,-3,90
7201710,56,72,16,74
7202220,77,61,-5,79
7202730,40,50,2,77
7203240,61,17,-2,79
7203750,17,62,-1,80
7204260,27,65,1,79
7204770,37,54,-2,81
7205280,58,43,4,77
7205790,25,32,-9,86
7206300,10,101,6,80
7206810,91,79,-1,81
7207320,52,68,7,74
7207830,73,57,-3,77
7208340,36,46,2,75
7208850,95,35,-8,83
7209360,7,72,2,81
7209870,17,75,0,81
7210380,27,78,-2,83
7210890,30,67,3,80
7211400,40,56,5,75
7211910,61,45,-4,79
7212420,28,34,-3,82
7212930,13,23,0,82
7213440,43,96,2,80
7213950,64,85,5,75
7214460,85,74,-3,78
7214970,23,63,-6,84
7215480,33,66,3,81
7215990,55,55,3,78
7216500,22,44,0,78
7217010,32,33,-7,85
7217520,55,0,8,77
7218030,11,45,-2,79
7218540,21,48,2,77
7219050,31,37,-4,81
7219560,90,4,4,77
7220070,64,77,2,75
7220580,85,66,-1,76
7221090,23,55,-4,80
7221600,33,44,3,77
7222110,63,33,-3,80
7222620,77,71,6,74
7223130,38,60,-6,80
7223640,60,49,-2,82
7224150,27,11,-1,83
7224660,42,84,3,80
7225170,64,73,7,73
7225680,85,62,-4,77
7226190,48,51,-2,79
7226700,67,40,2,77
7227210,81,78,-6,83
7227720,42,14,1,82
7228230,57,87,10,72
7228740,12,23,-10,82
7229250,42,96,2,80
7229760,19,85,-4,84
7230270,29,74,3,81
7230780,51,77,6,75
7231290,72,66,0,75
7231800,95,55,-6,81
7232310,51,93,-2,83
7232820,28,82,-1,84
7233330,50,71,10,74
7233840,71,60,-3,77
7234350,32,98,-6,83
7234860,42,87,4,79
7235370,52,76,5,74
7235880,65,65,-9,83
7236390,86,54,2,81
7236900,100,92,4,77
7237410,19,28,-9,86
7237920,49,101,5,81
7238430,26,90,0,81
7238940,36,79,3,78
7239450,58,68,6,72
7239960,79,57,-2,74
7240470,42,95,-2,76
7240980,64,84,-1,77
7241490,19,20,-7,84
7242000,44,89,1,83
7242510,54,78,8,75
7243020,76,37,-6,81
7243530,90,75,4,77
7244040,4,11,-3,80
7244550,43,84,4,76
7245060,20,73,-10,86
7245570,30,76,7,79
7246080,52,65,4,75
7246590,73,54,-7,82
7247100,36,92,-1,83
7247610,46,81,3,80
7248120,68,70,11,69
7248630,29,59,-7,76
7249140,39,48,-2,78
7249650,60,15,1,77
7250160,16,60,-8,85
7250670,26,63,8,77
7251180,36,52,1,76
7251690,57,23,-11,87
7252200,71,5,13,74
7252710,27,78,-8,82
7253220,37,67,5,77
7253730,47,56,-3,80
7254240,68,27,-1,81
7254750,82,89,-4,85
7255260,43,25,4,81
7255770,71,98,4,77
7256280,26,34,-2,79
7256790,56,1,3,76
7257300,12,74,-9,85
7257810,22,77,1,84
7258320,32,80,7,77
7258830,42,69,5,72
7259340,52,28,-17,89
7259850,66,10,15,74
7260360,22,55,-5,79
7260870,32,58,5,74
7261380,42,47,-6,80
7261890,65,14,4,76
7262400,21,59,-6,82
7262910,31,62,2,80
7263420,41,51,0,80
7263930,62,18,3,77
7264440,18,63,-7,84
7264950,28,66,4,80
7265460,38,69,3,77
7265970,48,58,-1,78
7266480,69,47,1,77
7266990,32,85,-6,83
7267500,54,74,8,75
7268010,75,93,3,72
7268520,30,29,-11,83
7269030,55,98,10,73
7269540,10,87,-6,79
7270050,20,65,-2,81
7270560,30,68,4,77
7271070,40,57,3,74
7271580,61,24,-6,80
7272090,75,6,4,76
7272600,31,79,0,76
7273110,41,68,6,70
7273620,51,39,-12,82
7274130,70,6,7,75
7274640,26,79,-10,85
7275150,36,68,10,75
7275660,46,39,-6,81
7276170,13,6,-2,83
7276680,30,79,7,76
7277190,52,68,1,75
7277700,73,87,4,71
7278210,28,23,-12,83
7278720,53,92,5,78
7279230,63,81,4,74
7279740,18,34,-4,78
7280250,40,1,-6,84
7280760,55,47,-1,85
7281270,74,14,9,76
7281780,30,59,1,75
7282290,40,48,-3,78
7282800,63,15,-2,80
7283310,19,60,0,80
7283820,29,63,5,75
7284330,39,52,-5,80
7284840,60,23,2,78
7285350,74,61,-6,84
7285860,37,99,1,83
7286370,47,88,4,79
7286880,57,77,8,71
7287390,78,96,-8,79
7287900,33,32,-1,80
7288410,58,101,0,80
7288920,68,90,10,70
7289430,23,26,-12,82
7289940,48,95,1,81
7290450,58,84,3,78
7290960,80,20,0,78
7291470,36,65,5,73
7291980,58,36,-6,79
7292490,72,74,6,73
7293000,33,10,-8,81
7293510,48,83,4,77
7294020,25,72,0,77
7294530,35,61,3,74
7295040,45,20,-9,83
7295550,59,2,11,72
7296060,15,47,-10,82
7296570,25,50,6,76
7297080,35,39,-6,82
7297590,20,6,-1,83
7298100,35,79,4,79
7298610,45,68,6,73
7299120,66,39,-4,77
7299630,80,77,-2,79
7300140,41,13,-4,83
7300650,55,97,5,78
7301160,32,86,-4,82
7301670,42,75,7,75
7302180,64,64,-6,81
7302690,25,53,2,79
7303200,35,42,-1,80
7303710,60,9,2,78
7304220,16,54,-3,81
7304730,26,57,0,81
7305240,36,46,6,75
7305750,57,13,-1,76
7306260,13,58,-13,89
7306770,23,61,9,80
7307280,33,50,3,77
7307790,54,21,-4,81
7308300,68,3,-1,82
7308810,24,76,0,82
7309320,34,65,0,82
7309830,44,54,6,76
7310340,65,21,-6,82
7310850,79,66,9,73
7311360,42,2,-13,86
7311870,57,48,6,80
7312380,24,15,1,79
7312890,41,84,-5,84
7313400,51,73,10,74
7313910,72,62,-6,80
7314420,33,51,3,77
7314930,55,22,-4,81
7315440,69,4,6,75
7315950,25,77,-8,83
7316460,35,80,3,80
7316970,45,69,2,78
7317480,66,58,2,76
7317990,27,47,-3,79
7318500,37,36,-2,81
7319010,22,3,-8,89
7319520,37,76,12,77
7320030,47,65,7,70
7320540,68,84,-5,75
7321050,23,20,-7,82
7321560,48,89,6,76
7322070,25,78,-7,83
7322580,35,67,10,73
7323090,45,56,-4,77
7323600,66,23,0,77
7324110,22,68,-6,83
7324620,32,71,10,73
7325130,90,84,-6,79
7325640,51,20,1,78
7326150,65,2,1,77
7326660,21,47,0,77
7327170,31,36,-3,80
7327680,16,3,-4,84
7328190,31,76,4,80
7328700,41,65,7,73
7329210,51,24,-16,89
7329720,65,6,10,79
7330230,21,51,-5,84
7330740,31,54,6,78
7331250,41,43,-2,80
7331760,64,10,5,75
7332270,86,55,-4,79
7332780,100,93,0,79
7333290,61,29,-7,86
7333800,75,67,14,72
7334310,36,29,-16,88
7334820,61,98,14,74
7335330,71,57,-1,75
7335840,32,46,0,75
7336350,33,13,-3,78
7336860,48,86,0,78
7337370,58,75,7,71
7337880,79,64,-9,80
7338390,40,53,6,74
7338900,61,20,-11,85
7339410,75,2,8,77
7339920,49,75,-3,80
7340430,70,64,4,76
7340940,31,53,2,74
7341450,41,7,-6,80
7341960,60,80,4,76
7342470,81,39,-8,84
7342980,95,77,4,80
7343490,56,12,3,77
7344000,12,57,-7,84
7344510,22,60,6,78
7345020,32,49,0,78
7345530,62,16,-4,82
7346040,18,61,0,82
7346550,28,64,1,81
7347060,38,53,4,77
7347570,59,24,-6,83
7348080,73,6,8,75
7348590,29,51,-8,83
7349100,39,40,3,80
7349610,62,7,3,77
7350120,18,52,-8,85
7350630,28,55,9,76
7351140,38,44,-6,82
7351650,68,11,10,72
7352160,24,56,-9,81
7352670,34,45,9,72
7353180,55,12,-6,78
7353690,11,57,-6,84
7354200,21,60,0,84
7354710,31,63,11,73
7355220,41,52,-5,78
7355730,62,19,-6,84
7356240,76,64,8,76
7356750,37,53,1,75
7357260,67,20,4,71
7357770,23,65,-8,79
7358280,33,68,2,77
7358790,43,57,1,76
7359300,64,46,-1,77
7359810,80,35,-1,78
7360320,94,73,-1,79
7360830,55,9,0,79
7361340,11,54,-8,87
7361850,21,57,9,78
7362360,31,60,-3,81
7362870,41,49,2,79
7363380,64,16,2,77
7363890,78,61,2,75
7364400,94,50,-5,80
7364910,6,88,-1,81
7365420,16,66,1,80
7365930,26,69,-2,82
7366440,36,58,10,72
7366950,58,17,-4,76
7367460,14,62,-9,85
7367970,24,65,5,80
7368480,34,54,1,79
7368990,55,43,-4,83
7369500,74,10,4,79
7370010,30,55,4,75
7370520,40,69,-7,82
7371030,62,58,1,81
7371540,78,47,6,75
7372050,92,85,-8,83
7372560,53,21,-3,86
7373070,67,3,10,76
7373580,23,48,-6,82
7374090,33,37,-4,86
7374600,63,4,11,75
7375110,19,49,-8,83
7375620,29,52,10,73
7376130,39,41,-6,79
7376640,62,8,0,79
7377150,18,53,1,78
7377660,28,56,2,76
7378170,38,23,-4,80
7378680,63,5,8,72
7379190,19,50,-9,81
7379700,29,53,3,78
7380210,39,20,2,76
7380720,64,89,1,75
7381230,19,22,-8,83
7381740,20,91,-3,86
7382250,30,69,6,80
7382760,40,58,4,76
7383270,61,25,-5,81
7383780,75,7,3,78
7384290,31,52,0,78
7384800,53,19,-6,84
7385310,67,1,8,76
7385820,23,46,-4,80
7386330,33,13,3,77
7386840,58,97,1,76
7387350,13,5,-3,79
7387860,25,78,-2,81
7388370,47,81,5,76
7388880,24,70,-2,78
7389390,46,73,3,75
7389900,67,32,-5,80
7390410,81,70,-5,85
7390920,42,59,13,72
7391430,63,26,-10,82
7391940,77,8,3,79
7392450,33,53,-4,83
7392960,55,20,0,83
7393470,69,2,5,78
7393980,25,47,-2,80
7394490,35,14,-2,82
7395000,36,87,-1,83
7395510,58,76,8,75
7396020,79,65,3,72
7396530,35,54,-6,78
7397040,56,21,-2,80
7397550,70,3,2,78
7398060,26,48,-3,81
7398570,36,15,2,79
7399080,37,99,-5,84
7399590,14,88,5,79
7400100,24,66,2,77
7400610,34,80,-4,81
7401120,44,69,3,78
7401630,65,69,1,77
7402140,26,58,-3,80
7402650,36,72,-2,82
7403160,46,61,8,74
7403670,67,28,-7,81
7404180,81,66,1,80
7404690,42,55,5,75
7405200,63,22,-8,83
7405710,19,4,4,79
7406220,31,77,1,78
7406730,53,66,-4,82
7407240,74,33,8,74
7407750,30,71,-3,77
7408260,52,60,2,75
7408770,93,27,-3,78
7409280,49,64,0,78
7409790,70,31,-6,84
7410300,84,69,8,76
7410810,45,58,1,75
7411320,66,25,-5,80
7411830,80,63,4,76
7412340,43,52,-2,78
7412850,17,19,-8,86
7413360,56,88,12,74
7413870,33,77,-10,84
7414380,55,66,12,72
7414890,96,33,-7,79
7415400,52,70,7,72
7415910,74,37,-14,86
7416420,88,75,6,80
7416930,49,64,3,77
7417440,70,31,-4,81
7417950,84,69,10,71
7418460,47,4,-11,82
7418970,3,49,1,81
7419480,13,52,-2,83
7419990,23,55,1,82
7420500,33,58,7,75
7421010,55,25,-14,89
7421520,69,7,13,76
7422030,25,52,-7,83
7422540,35,66,13,70
7423050,57,55,-10,80
7423560,24,22,-5,85
7424070,54,91,10,75
7424580,31,80,-3,78
7425090,41,69,0,78
7425600,63,28,-6,84
7426110,77,66,8,76
7426620,40,55,-5,81
7427130,70,22,5,76
7427640,26,67,-11,87
7428150,36,56,13,74
7428660,58,23,-11,85
7429170,72,5,11,74
7429680,28,50,-6,80
7430190,50,17,1,79
7430700,64,62,-1,80
7431210,27,51,1,79
7431720,37,18,-2,81
7432230,38,0,1,80
7432740,53,45,7,73
7433250,20,12,-13,86
7433760,37,81,2,84
7434270,47,70,11,73
7434780,24,37,-7,80
7435290,54,4,0,80
7435800,10,49,-4,84
7436310,20,52,11,73
7436820,30,66,-2,75
7437330,40,80,-7,82
7437840,62,69,2,80
7438350,25,36,-3,83
7438860,55,3,2,81
7439370,11,48,-1,82
7439880,21,51,0,82
7440390,31,54,9,73
7440900,53,21,-12,85
7441410,67,3,11,74
7441920,23,48,-9,83
7442430,33,51,12,71
7442940,63,18,-10,81
7443450,19,63,1,80
7443960,29,66,-1,81
7444470,30,69,-1,82
7444980,52,72,10,72
7445490,74,31,-7,79
7446000,88,34,-6,85
7446510,44,71,9,76
7447020,21,60,-7,83
7447530,22,63,-1,84
7448040,32,66,4,80
7448550,54,80,1,79
7449060,31,39,-5,84
7449570,32,6,-3,87
7450080,33,79,9,78
7450590,55,68,-2,80
7451100,96,35,1,79
7451610,52,72,6,73
7452120,7,39,-9,82
7452630,17,42,3,79
7453140,27,9,-6,85
7453650,42,82,8,77
7454160,19,96,-8,85
7454670,29,74,8,77
7455180,51,63,-1,78
7455690,92,30,-3,81
7456200,4,67,-4,85
7456710,14,70,1,84
7457220,24,73,4,80
7457730,25,76,-2,82
7458240,47,79,5,77
7458750,24,38,-9,86
7459260,54,5,4,82
7459770,10,50,-3,85
7460280,20,53,6,79
7460790,21,56,5,74
7461300,31,70,-2,76
7461810,41,84,0,76
7462320,18,73,-10,86
7462830,28,76,3,83
7463340,50,79,11,72
7463850,27,38,-10,82
7464360,9,5,-7,89
7464870,65,78,12,77
7465380,20,67,-8,85
7465890,21,70,2,83
7466400,22,73,6,77
7466910,32,76,0,77
7467420,33,35,1,76
7467930,34,2,-7,83
7468440,49,75,8,75
7468950,26,64,-8,83
7469460,36,67,8,75
7469970,58,56,-5,80
7470480,19,23,0,80
7470990,20,92,0,80
7471500,30,70,4,76
7472010,40,73,4,72
7472520,17,32,-8,80
7473030,47,101,6,74
7473540,24,90,-6,80
7474050,34,79,1,79
7474560,44,93,2,77
7475070,21,82,-9,86
7475580,31,85,5,81
7476090,53,74,7,74
7476600,30,41,-5,79
7477110,60,8,1,78
7477620,16,53,-3,81
7478130,26,56,1,80
7478640,36,59,2,78
7479150,46,26,-2,80
7479660,60,8,-7,87
7480170,74,53,12,75
7480680,13,90,-4,79
7481190,23,68,-6,85
7481700,33,71,13,72
7482210,10,74,-14,86
7482720,20,77,4,82
7483230,30,80,1,81
7483740,90,83,-4,85
7484250,51,18,-2,87
7484760,65,0,11,76
7485270,39,73,2,74
7485780,49,87,-5,79
7486290,26,76,-2,81
7486800,36,79,-6,87
7487310,46,82,8,79
7487820,23,71,2,77
7488330,33,74,-10,87
7488840,43,77,13,74
7489350,20,66,-11,85
7489860,30,69,6,79
7490370,40,101,-5,84
7490880,17,90,-2,86
7491390,27,68,7,79
7491900,37,57,0,79
7492410,58,24,-2,81
7492920,72,27,-5,86
7493430,28,30,2,84
7493940,29,99,6,78
7494450,6,88,-1,79
7494960,62,66,3,76
7495470,23,33,-2,78
7495980,24,0,-4,82
7496490,39,73,4,78
7497000,49,87,-1,79
7497510,26,76,-1,80
7498020,36,79,3,77
7498530,46,93,-5,82
7499040,23,82,-6,88
7499550,33,85,10,78
7500060,10,74,-3,81
7500570,20,52,-6,87
7501080,30,55,14,73
7501590,40,69,-5,78
7502100,17,40,-7,85
7502610,27,7,2,83
7503120,28,80,1,82
7503630,50,83,11,71
7504140,27,42,-12,83
7504650,57,9,3,80
7505160,13,54,-8,88
7505670,23,57,6,82
7506180,24,60,3,79
7506690,34,63,0,79
7507200,44,77,1,78
7507710,21,66,-8,86
7508220,31,69,11,75
7508730,8,58,-5,80
7509240,18,61,-3,83
7509750,99,64,6,77
7510260,11,101,-9,86
7510770,67,79,12,74
7511280,22,38,-9,83
7511790,23,5,1,82
7512300,38,78,0,82
7512810,60,81,4,78
7513320,15,40,-3,81
7513830,25,43,-3,84
7514340,55,10,3,81
7514850,69,56,5,76
7515360,30,45,-6,82
7515870,60,12,9,73
7516380,16,57,-7,80
7516890,26,60,-2,82
7517400,36,63,2,80
7517910,58,77,8,72
7518420,35,36,-3,75
7518930,94,3,-5,80
7519440,68,76,8,72
7519950,29,35,-10,82
7520460,30,7,-2,84
7520970,31,80,4,80
7521480,53,83,3,77
7521990,30,42,-1,78
7522500,60,9,-1,79
7523010,16,55,-1,80
7523520,26,58,1,79
7524030,27,61,1,78
7524540,37,64,2,76
7525050,25,23,-9,85
7525560,10,92,1,84
7526070,16,70,0,84
7526580,26,73,5,79
7527090,27,22,-11,90
7527600,28,91,7,83
7528110,50,80,8,75
7528620,27,39,-9,84
7529130,57,6,-1,85
7529640,13,79,3,82
7530150,23,82,-4,86
7530660,45,85,9,77
7531170,22,44,-8,85
7531680,37,11,6,79
7532190,38,95,-6,85
7532700,60,84,12,73
7533210,66,43,-7,80
7533720,80,25,4,76
7534230,36,62,3,73
7534740,65,21,-4,77
7535250,79,24,0,77
7535760,35,61,1,76
7536270,56,28,-4,80
7536780,70,10,6,74
7537290,26,55,-7,81
7537800,36,22,3,78
7538310,37,91,-4,82
7538820,14,94,0,82
7539330,70,72,7,75
7539840,31,31,-4,79
7540350,61,100,9,70
7540860,16,59,-10,80
7541370,26,62,0,80
7541880,36,65,6,74
7542390,58,24,-8,82
7542900,72,6,5,77
7543410,28,79,-9,86
7543920,50,82,11,75
7544430,27,41,-9,84
7544940,57,8,3,81
7545450,13,54,1,80
7545960,23,57,3,77
7546470,24,60,0,77
7546980,34,63,6,71
7547490,56,22,-14,85
7548000,70,4,11,74
7548510,26,49,-4,78
7549020,56,16,-7,85
7549530,70,19,1,84
7550040,84,22,9,75
7550550,40,59,3,72
7551060,28,26,-11,83
7551570,29,95,4,79
7552080,51,98,-4,83
7552590,28,10,1,82
7553100,29,83,-2,84
7553610,51,86,9,75
7554120,28,45,-8,83
7554630,29,12,-3,86
7555140,30,85,10,76
7555650,52,88,6,70
7556160,7,47,-14,84
7556670,17,50,4,80
7557180,18,53,-2,82
7557690,19,56,2,80
7558200,20,59,1,79
7558710,21,62,3,76
7559220,43,65,-1,77
7559730,31,32,-8,85
7560240,61,101,7,78
7560750,16,60,-6,84
7561260,26,63,7,77
7561770,48,66,3,74
7562280,69,33,-6,80
7562790,83,15,2,78
7563300,39,60,2,76
7563810,60,27,-11,87
7564320,74,9,20,67
7564830,30,82,-16,83
7565340,52,85,8,75
7565850,15,44,-3,78
7566360,16,47,-3,81
7566870,17,50,2,79
7567380,18,53,-2,81
7567890,19,56,-3,84
7568400,20,59,5,79
7568910,21,62,-2,81
7569420,22,65,0,81
7569930,23,68,-1,82
7570440,45,71,1,81
7570950,66,38,-5,86
7571460,80,20,8,78
7571970,94,65,3,75
7572480,57,0,-2,77
7572990,13,73,-11,88
7573500,23,76,4,84
7574010,24,79,-3,87
7574520,25,82,5,82
7575030,26,85,-6,88
7575540,27,88,2,86
7576050,48,91,10,76
7576560,25,3,-14,90
7577070,26,76,8,82
7577580,48,79,5,77
7578090,25,38,-2,79
7578600,26,5,-7,86
7579110,27,78,2,84
7579620,49,81,7,77
7580130,26,40,-8,85
7580640,8,7,0,85
7581150,16,80,-5,90
7581660,38,83,11,79
7582170,60,92,3,76
7582680,15,51,-3,79
7583190,25,54,1,78
7583700,35,57,4,74
7584210,57,24,-11,85
7584720,71,6,8,77
7585230,27,79,-2,79
7585740,49,82,3,76
7586250,26,41,-7,83
7586760,8,8,0,83
7587270,16,77,0,83
7587780,38,80,3,80
7588290,60,94,6,74
7588800,15,53,-6,80
7589310,25,0,-4,84
7589820,26,73,4,80
7590330,27,76,-3,83
7590840,28,79,3,80
7591350,29,63,-1,81
7591860,51,66,1,80
7592370,8,33,-5,85
7592880,18,36,4,81
7593390,19,3,-4,85
7593900,20,76,7,78
7594410,42,79,5,73
7594920,19,38,-8,81
7595430,20,5,3,78
7595940,75,78,3,75
7596450,33,99,-7,82
7596960,38,11,-3,85
7597470,39,95,10,75
7597980,16,7,-11,86
7598490,17,80,-1,87
7599000,39,83,7,80
7599510,61,97,2,78
7600020,16,28,-7,85
7600530,24,97,2,83
7601040,29,75,0,83
7601550,51,78,11,72
7602060,14,37,-10,82
7602570,24,40,1,81
7603080,25,7,-7,88
7603590,26,80,-3,91
7604100,27,83,7,84
7604610,49,86,5,79
7605120,26,100,-7,86
7605630,47,78,5,81
7606140,24,37,1,80
7606650,12,4,2,78
7607160,20,73,-1,79
7607670,42,76,-1,80
7608180,64,18,0,80
7608690,20,21,2,78
7609200,21,90,-9,87
7609710,26,49,5,82
7610220,52,16,5,77
7610730,66,19,-1,78
7611240,22,22,-1,79
7611750,23,67,-5,84
7612260,24,70,3,81
7612770,25,73,-2,83
7613280,47,76,8,75
7613790,24,90,-11,86
7614300,34,93,4,82
7614810,56,96,6,76
7615320,33,55,-8,84
7615830,63,22,-1,85
7616340,77,4,9,76
7616850,33,77,-8,84
7617360,55,80,6,78
7617870,77,39,-10,88
7618380,91,42,5,83
7618890,3,80,-1,84
7619400,59,83,8,76
7619910,14,42,-2,78
7620420,21,45,-4,82
7620930,22,48,6,76
7621440,44,15,-8,84
7621950,58,99,5,79
7622460,35,58,-3,82
7622970,57,25,1,81
7623480,71,7,6,75
7623990,27,52,-5,80
7624500,28,19,0,80
7625010,23,88,-5,85
7625520,45,0,-2,87
7626030,64,25,11,76
7626540,78,30,-3,79
7627050,92,33,-3,82
7627560,4,70,-3,85
7628070,14,73,4,81
7628580,36,76,7,74
7629090,58,90,2,72
7629600,13,49,-7,79
7630110,23,52,3,76
7630620,24,55,-3,79
7631130,25,58,0,79
7631640,35,61,1,78
7632150,57,28,-6,84
7632660,71,10,7,77
7633170,27,55,-2,79
7633680,31,22,-9,88
7634190,32,4,2,86
7634700,33,29,7,79
7635210,34,98,-7,86
7635720,56,101,10,76
7636230,33,13,-4,80
7636740,34,97,1,79
7637250,11,100,-5,84
7637760,67,78,5,79
7638270,22,99,-5,84
7638780,44,77,9,75
7639290,66,91,2,73
7639800,21,27,-11,84
7640310,22,96,3,81
7640820,27,74,5,76
7641330,49,77,-1,77
7641840,26,44,-1,78
7642350,27,11,-2,80
7642860,28,84,-3,83
7643370,50,87,8,75
7643880,27,101,-6,81
7644390,49,79,7,74
7644900,26,38,-6,80
7645410,27,5,-1,81
7645920,28,87,-8,89
7646430,38,90,9,80
7646940,60,2,9,71
7647450,74,47,-3,74
7647960,39,85,-2,76
7648470,16,7,-7,83
7648980,17,76,3,80
7649490,27,79,-3,83
7650000,49,82,9,74
7650510,71,41,1,73
7651020,85,79,-4,77
7651530,23,15,-5,82
7652040,24,84,-3,85
7652550,46,87,10,75
7653060,23,101,-7,82
7653570,28,79,0,82
7654080,50,82,6,76
7654590,27,41,-12,88
7655100,28,8,6,82
7655610,29,81,-4,86
7656120,51,84,10,76
7656630,28,98,-6,82
7657140,38,76,8,74
7657650,48,90,0,74
7658160,25,2,-10,84
7658670,26,75,1,83
7659180,36,78,10,73
7659690,58,92,-2,75
7660200,13,4,-6,81
7660710,14,77,-2,83
7661220,24,4,-3,86
7661730,25,77,7,79
7662240,47,80,0,79
7662750,69,94,5,74
7663260,24,53,-4,78
7663770,34,67,-4,82
7664280,44,81,7,75
7664790,66,95,0,75
7665300,21,31,-6,81
7665810,22,100,-2,83
7666320,32,78,5,78
7666830,54,92,4,74
7667340,9,51,-6,80
7667850,19,54,-3,83
7668360,29,57,9,74
7668870,51,71,0,74
7669380,73,100,0,74
7669890,28,36,-7,81
7670400,29,3,-4,85
7670910,30,76,9,76
7671420,52,90,-3,79
7671930,29,2,-4,83
7672440,30,75,8,75
7672950,52,89,-3,78
7673460,7,1,-4,82
7673970,8,74,4,78
7674480,64,1,8,70
7674990,38,46,-10,80
7675500,39,13,-4,84
7676010,40,97,1,83
7676520,62,86,7,76
7677030,17,13,-8,84
7677540,18,82,3,81
7678050,28,22,-1,82
7678560,29,91,-3,85
7679070,39,94,-1,86
7679580,61,83,13,73
7680090,16,42,-6,79
7680600,26,45,-5,84
7681110,48,12,6,78
7681620,62,85,3,75
7682130,17,12,-5,80
7682640,18,81,-6,86
7683150,28,95,8,78
7683660,50,98,2,76
7684170,27,10,-6,82
7684680,28,83,-2,84
7685190,38,86,7,77
7685700,60,100,4,73
7686210,15,12,-13,86
7686720,16,81,1,85
7687230,26,84,4,81
7687740,48,87,-1,82
7688250,70,101,9,73
7688760,25,60,-9,82
7689270,35,74,7,75
7689780,57,88,-7,82
7690290,79,15,9,73
7690800,35,60,-2,75
7691310,57,27,-13,88
7691820,71,9,5,83
7692330,85,54,9,74
7692840,99,91,-6,80
7693350,60,26,-9,89
7693860,74,8,10,79
7694370,30,53,3,76
7694880,40,20,-10,86
7695390,41,2,9,77
7695900,60,27,2,75
7696410,74,9,-4,79
7696920,30,54,2,77
7697430,40,21,-3,80
7697940,54,3,0,80
7698450,68,28,3,77
7698960,82,10,3,74
7699470,38,55,2,72
7699980,60,22,-10,82
7700490,74,4,7,75
7701000,48,49,-10,85
7701510,56,16,8,77
7702020,12,61,-3,80
7702530,22,64,-4,84
7703040,32,67,6,78
7703550,42,81,-4,82
7704060,64,95,3,79
7704570,19,31,-6,85
7705080,20,100,3,82
7705590,25,78,-2,84
7706100,26,81,1,83
7706610,36,84,1,82
7707120,46,98,5,77
7707630,68,10,-3,80
7708140,24,55,1,79
7708650,34,58,1,78
7709160,44,25,1,77
7709670,45,7,-2,79
7710180,59,32,-1,80
7710690,73,14,5,75
7711200,29,59,-4,79
7711710,39,73,4,75
7712220,61,87,0,75
7712730,16,14,-3,78
7713240,17,83,-8,86
7713750,27,61,7,79
7714260,37,75,-1,80
7714770,59,89,6,74
7715280,80,48,-5,79
7715790,94,86,1,78
7716300,55,21,-1,79
7716810,69,3,3,76
7717320,25,48,-2,78
7717830,35,15,3,75
7718340,36,88,-8,83
7718850,58,77,4,79
7719360,13,44,-6,85
7719870,23,47,4,81
7720380,33,14,4,77
7720890,34,98,-3,80
7721400,56,10,-1,81
7721910,79,55,5,76
7722420,42,92,2,74
7722930,64,4,-3,77
7723440,78,49,-1,78
7723950,92,87,3,75
7724460,101,22,2,73
7724970,13,59,-9,82
7725480,23,62,-1,83
7725990,33,65,8,75
7726500,55,79,1,74
7727010,77,6,-4,78
7727520,33,51,2,76
7728030,63,18,-3,79
7728540,19,21,-2,81
7729050,49,90,3,78
7729560,71,2,2,76
7730070,45,47,-3,79
7730580,53,14,-4,83
7731090,67,17,7,76
7731600,23,62,-8,84
7732110,45,65,10,74
7732620,67,32,-7,81
7733130,81,14,9,72
7733640,2,59,-7,79
7734150,58,62,-2,81
7734660,99,29,0,81
7735170,11,66,1,80
7735680,21,69,0,80
7736190,43,72,5,75
7736700,65,86,4,71
7737210,20,22,-13,84
7737720,50,91,4,80
7738230,72,3,4,76
7738740,46,48,-2,78
7739250,54,15,-3,81
7739760,68,18,8,73
7740270,24,63,-10,83
7740780,46,66,7,76
7741290,67,95,2,74
7741800,22,54,-9,83
7742310,32,57,10,73
7742820,54,71,-2,75
7743330,75,38,-3,78
7743840,89,52,2,76
7744350,1,89,-5,81
7744860,57,67,5,76
7745370,79,34,-3,79
7745880,93,71,-1,80
7746390,101,6,1,79
7746900,75,43,3,76
7747410,89,81,-3,79
7747920,50,16,-4,83
7748430,64,100,11,72
7748940,19,59,-10,82
7749450,29,62,5,77
7749960,51,76,2,75
7750470,73,3,1,74
7750980,47,48,-2,76
7751490,55,15,-2,78
7752000,69,18,-3,81
7752510,25,21,-1,82
7753020,50,90,4,78
7753530,72,2,10,68
7754040,46,75,-1,69
7754550,68,89,-5,74
7755060,23,16,-10,84
7755570,48,85,8,76
7756080,70,99,6,70
7756590,25,58,-5,75
7757100,47,72,1,74
7757610,69,101,-2,76
7758120,24,60,-8,84
7758630,46,63,5,79
7759140,67,30,0,79
7759650,81,12,7,72
7760160,95,49,-10,82
7760670,7,86,0,82
7761180,63,64,4,78
7761690,24,31,-10,88
7762200,54,100,8,80
7762710,76,12,-4,84
7763220,90,57,9,75
7763730,2,94,-1,76
7764240,58,72,3,73
7764750,79,39,-15,88
7765260,93,21,9,79
7765770,49,58,3,76
7766280,70,25,-4,80
7766790,84,62,5,75
7767300,47,99,-8,83
7767810,69,11,13,70
7768320,25,56,-17,87
7768830,47,59,10,77
7769340,68,26,-3,80
7769850,82,29,6,74
7770360,96,66,-5,79
7770870,2,1,2,77
7771380,58,100,5,72
7771890,80,12,2,70
7772400,36,57,-5,75
7772910,58,71,1,74
7773420,13,100,-8,82
7773930,69,78,4,78
7774440,90,5,-8,86
7774950,64,50,9,77
7775460,27,39,-3,80
7775970,57,6,0,80
7776480,71,51,3,77
7776990,79,73,-2,79
7777500,17,8,-3,82
7778010,29,81,-2,84
7778520,51,84,7,77
7779030,73,43,-6,83
7779540,87,56,4,79
7780050,39,93,-3,82
7780560,50,82,8,74
7781070,72,41,-5,79
7781580,86,23,0,79
7782090,42,60,1,78
7782600,63,27,-7,85
7783110,77,9,8,77
7783620,33,54,1,76
7784130,55,68,2,74
7784640,76,97,4,70
7785150,31,56,-2,72
7785660,53,70,-5,77
7786170,74,29,-6,83
7786680,88,32,6,77
7787190,44,69,1,76
7787700,66,83,3,73
7788210,21,42,-8,81
7788720,43,9,-5,86
7789230,57,34,7,79
7789740,71,16,2,77
7790250,27,53,-5,82
7790760,49,56,6,76
7791270,31,23,-2,78
7791780,56,92,-1,79
7792290,78,4,9,70
7792800,34,49,-7,77
7793310,55,16,-5,82
7793820,69,19,8,74
7794330,83,56,-3,77
7794840,97,93,2,75
7795350,16,28,-6,81
7795860,46,97,7,74
7796370,77,9,-1,75
7796880,33,54,-1,76
7797390,55,68,5,71
7797900,76,27,-9,80
7798410,90,64,4,76
7798920,2,101,-10,86
7799430,58,79,14,72
7799940,79,38,-3,75
7800450,93,75,-4,79
7800960,31,10,-4,83
7801470,56,94,5,78
7801980,78,53,6,72
7802490,16,90,-11,83
7803000,72,68,8,75
7803510,48,90,1,74
7804020,70,49,-1,75
7804530,20,71,-4,79
7805040,42,100,-1,80
7805550,64,12,-1,81
7806060,20,57,1,80
7806570,30,60,1,79
7807080,52,74,6,73
7807590,73,33,-10,83
7808100,87,15,8,75
7808610,101,52,-4,79
7809120,13,89,-3,82
7809630,69,67,8,74
7810140,7,26,-3,77
7810650,29,35,-5,82
7811160,59,2,3,79
7811670,8,27,-3,82
7812180,30,36,5,77
7812690,60,3,0,77
7813200,74,48,0,77
7813710,88,30,-5,82
7814220,0,67,2,80
7814730,56,70,8,72
7815240,11,29,-9,81
7815750,33,38,3,78
7816260,34,5,-1,79
7816770,49,30,0,79
7817280,63,12,-2,81
7817790,19,57,2,79
7818300,29,60,2,77
7818810,51,74,4,73
7819320,73,33,-7,80
7819830,87,70,4,76
7820340,25,3,-11,87
7820850,40,28,5,82
7821360,65,97,6,76
7821870,87,56,-1,77
7822380,101,93,-4,81
7822890,62,28,3,78
7823400,76,10,4,74
7823910,32,55,1,73
7824420,54,69,-4,77
7824930,36,98,-1,78
7825440,58,87,5,73
7825950,80,46,-10,83
7826460,94,28,3,80
7826970,50,65,4,76
7827480,72,94,6,70
7827990,27,53,-6,76
7828500,49,67,-2,78
7829010,70,96,-3,81
7829520,25,55,-4,85
7830030,35,79,5,80
7830540,57,93,3,77
7831050,34,52,-2,79
7831560,22,66,-5,84
7832070,44,69,5,79
7832580,66,28,-4,83
7833090,80,31,9,74
7833600,36,68,-4,78
7834110,58,82,9,69
7834620,80,41,-17,86
7835130,94,23,7,79
7835640,50,60,2,77
7836150,32,27,-5,82
7836660,62,96,9,73
7837170,73,55,-4,77
7837680,11,92,-6,83
7838190,67,70,2,81
7838700,49,5,0,81
7839210,63,30,-3,84
7839720,77,12,6,78
7840230,91,49,1,77
7840740,3,86,-4,81
7841250,59,64,5,76
7841760,20,31,-10,86
7842270,19,25,-2,88
7842780,49,94,6,82
7843290,71,6,8,74
7843800,85,51,-8,82
7844310,99,9,1,81
7844820,73,46,5,76
7845330,87,83,-2,78
7845840,48,18,-2,80
7846350,62,21,-4,84
7846860,76,24,11,73
7847370,32,61,-3,76
7847880,54,75,1,75
7848390,76,2,-1,76
7848900,50,47,-4,80
7849410,58,14,-1,81
7849920,72,17,11,70
7850430,28,54,-10,80
7850940,50,68,6,74
7851450,71,97,-1,75
7851960,26,56,-5,80
7852470,48,59,11,69
7852980,70,26,-12,81
7853490,84,63,4,77
7854000,22,100,-7,84
7854510,27,78,8,76
7855020,49,67,1,75
7855530,70,96,1,74
7856040,81,55,-3,77
7856550,44,92,0,77
7857060,66,81,4,73
7857570,87,8,-4,77
7858080,101,45,-7,84
7858590,13,82,10,74
7859100,69,60,-6,80
7859610,30,10,-7,87
7860120,42,35,5,82
7860630,67,2,10,72
7861140,23,47,-8,80
7861650,45,50,-1,81
7862160,66,17,7,74
7862670,22,20,-7,81
7863180,52,89,6,75
7863690,74,1,4,71
7864200,30,74,-1,72
7864710,52,63,-1,73
7865220,74,30,-5,78
7865730,88,67,5,73
7866240,26,2,-5,78
7866750,41,27,-5,83
7867260,55,9,-3,86
7867770,69,34,7,79
7868280,83,16,1,78
7868790,39,53,4,74
7869300,60,20,-5,79
7869810,74,23,1,78
7870320,88,60,-4,82
7870830,26,97,5,77
7871340,48,75,1,76
7871850,70,2,-2,78
7872360,84,47,-7,85
7872870,98,84,7,78
7873380,59,19,-4,82
7873890,73,22,5,77
7874400,29,59,-2,79
7874910,39,48,5,74
7875420,60,15,-3,77
7875930,16,18,-5,82
7876440,46,87,4,78
7876950,68,101,9,69
7877460,79,36,-12,81
7877970,93,73,6,75
7878480,31,8,-14,89
7878990,46,33,7,82
7879500,60,0,7,75
7880010,34,25,-7,82
7880520,19,7,0,82
7881030,31,80,3,79
7881540,53,69,4,75
7882050,74,98,-4,79
7882560,95,33,4,75
7883070,7,70,-7,82
7883580,17,99,0,82
7884090,56,77,5,77
7884600,78,4,0,77
7885110,34,41,-5,82
7885620,64,8,0,82
7886130,78,53,6,76
7886640,17,90,-3,79
7887150,39,68,-1,80
7887660,61,97,5,75
7888170,83,32,-7,82
7888680,97,69,2,80
7889190,3,4,2,78
7889700,59,1,1,77
7890210,73,26,-3,80
7890720,87,63,0,80
7891230,25,100,-3,83
7891740,46,78,5,78
7892250,68,92,4,74
7892760,89,27,-2,76
7893270,45,64,4,72
7893780,66,31,-8,80
7894290,80,68,2,78
7894800,41,3,-5,83
7895310,55,28,-2,85
7895820,69,10,3,82
7896330,83,56,12,70
7896840,97,93,-16,86
7897350,58,28,9,77
7897860,72,65,2,75
7898370,33,0,-7,82
7898880,48,25,-2,84
7899390,62,7,9,75
7899900,18,52,-9,84
7900410,28,55,2,82
7900920,38,69,9,73
7901430,60,83,2,71
7901940,71,10,-6,77
7902450,85,55,-2,79
7902960,99,92,-7,86
7903470,60,27,1,85
7903980,74,30,8,77
7904490,88,67,-3,80
7905000,26,2,2,78
7905510,41,75,5,73
7906020,63,89,-2,75
7906530,74,24,-9,84
7907040,88,61,2,82
7907550,26,98,-1,83
7908060,36,85,4,79
7908570,58,74,9,70
7909080,80,1,-12,82
7909590,54,74,12,70
7910100,65,1,-7,77
7910610,79,26,0,77
7911120,93,63,0,77
7911630,5,100,-2,79
7912140,61,78,5,74
7912650,82,5,-2,76
7913160,96,42,-8,84
7913670,8,79,6,78
7914180,64,57,-2,80
7914690,25,24,-4,84
7915200,51,93,4,80
7915710,28,52,5,75
7916220,38,66,0,75
7916730,48,80,-5,80
7917240,70,69,8,72
7917750,78,4,-7,79
7918260,92,49,2,77
7918770,4,86,-1,78
7919280,60,64,2,76
7919790,21,31,-1,77
7920300,51,100,-4,81
7920810,73,89,12,69
7921320,40,24,-17,86
7921830,65,6,1,85
7922340,79,51,13,72
7922850,93,88,-9,81
7923360,54,23,-3,84
7923870,68,5,5,79
7924380,24,50,1,78
7924890,34,53,-2,80
7925400,56,20,-1,81
7925910,70,23,6,75
7926420,84,60,-3,78
7926930,22,97,-3,81
7927440,32,75,6,75
7927950,42,89,-2,77
7928460,64,78,2,75
7928970,85,5,-8,83
7929480,59,42,-1,84
7929990,67,9,5,79
7930500,23,46,7,72
7931010,33,60,-2,74
7931520,43,74,-2,76
7932030,53,88,-3,79
7932540,75,0,-1,80
7933050,49,25,-5,85
7933560,63,7,9,76
7934070,77,52,0,76
7934580,40,89,0,76
7935090,50,78,2,74
7935600,72,99,3,71
7936110,83,34,-14,85
7936620,97,71,10,75
7937130,35,6,-6,81
7937640,60,31,0,81
7938150,74,13,0,81
7938660,30,50,4,77
7939170,40,17,1,76
7939680,54,101,-2,78
7940190,65,13,3,75
7940700,21,50,-7,82
7941210,31,53,2,80
7941720,41,67,5,75
7942230,63,96,-6,81
7942740,18,85,-1,82
7943250,28,63,5,77
7943760,38,52,-2,79
7944270,63,19,0,79
7944780,19,22,-3,82
7945290,49,91,8,74
7945800,71,3,-1,75
7946310,85,28,-3,78
7946820,99,65,-1,79
7947330,11,0,-6,85
7947840,23,73,3,82
7948350,33,76,5,77
7948860,43,90,0,77
7949370,53,79,-1,78
7949880,75,6,4,74
7950390,89,43,-9,83
7950900,1,80,6,77
7951410,57,58,-2,79
7951920,65,25,4,75
7952430,79,62,1,74
7952940,17,35,-8,82
7953450,27,17,-4,86
7953960,52,101,9,77
7954470,62,90,4,73
7954980,73,17,-3,76
7955490,87,54,-3,79
7956000,101,91,-4,83
7956510,89,26,4,79
7957020,1,63,1,78
7957530,57,3,-2,80
7958040,71,28,-2,82
7958550,85,65,4,78
7959060,23,0,-3,81
7959570,35,73,3,78
7960080,45,87,1,77
7960590,55,101,-1,78
7961100,65,13,1,77
7961610,79,50,3,74
7962120,93,87,-6,80
7962630,0,22,2,78
7963140,10,28,-2,80
7963650,20,10,4,76
7964160,32,94,-11,87
7964670,42,83,8,79
7965180,64,10,0,79
7965690,78,47,7,72
7966200,92,84,-5,77
7966710,30,19,-3,80
7967220,55,1,2,78
7967730,69,26,-5,83
7968240,83,29,6,77
7968750,97,65,-1,78
7969260,9,0,-6,84
7969770,21,73,2,82
7970280,31,13,1,81
7970790,43,97,5,76
7971300,65,9,-5,81
7971810,79,54,4,77
7972320,17,91,-6,83
7972830,27,69,-2,85
7973340,37,72,7,78
7973850,47,49,-4,82
7974360,72,16,8,74
7974870,86,53,-5,79
7975380,100,90,-4,83
7975890,45,25,0,83
7976400,73,7,7,76
7976910,87,52,-3,79
7977420,43,89,-1,80
7977930,65,1,3,77
7978440,79,56,7,70
7978950,42,93,-9,79
7979460,64,82,6,73
7979970,85,9,-1,74
7980480,99,46,-5,79
7980990,11,83,-3,82
7981500,21,61,8,74
7982010,31,64,0,74
7982520,41,78,-3,77
7983030,63,92,-1,78
7983540,85,11,-4,82
7984050,99,48,-2,84
7984560,11,85,1,83
7985070,67,63,3,80
7985580,28,6,0,80
7986090,40,31,-3,83
7986600,65,100,6,77
7987110,87,27,-3,80
7987620,101,64,2,78
7988130,13,101,-2,80
7988640,69,79,6,74
7989150,78,46,-9,83
7989660,92,83,1,82
7990170,30,18,-3,85
7990680,42,0,-1,86
7991190,56,25,5,81
7991700,70,7,2,79
7992210,84,52,1,78
7992720,98,89,3,75
7993230,59,24,-4,79
7993740,73,6,3,76
7994250,87,51,-4,80
7994760,101,88,-4,84
7995270,39,23,3,81
7995780,64,92,13,68
7996290,75,27,-10,78
7996800,89,64,8,70
7997310,27,101,-16,86
7997820,37,79,7,79
7998330,59,93,2,77
7998840,81,20,-2,79
7999350,37,57,6,73
7999860,59,24,-5,78
8000370,73,6,3,75
8000880,87,51,-1,76
8001390,101,88,-5,81
8001900,24,23,1,80
8002410,49,92,4,76
8002920,26,4,-7,83
8003430,38,77,10,73
8003940,15,91,-10,83
8004450,99,69,-2,85
8004960,22,4,1,84
8005470,34,77,6,78
8005980,61,21,-2,80
8006490,75,3,6,74
8007000,49,48,-9,83
8007510,23,15,4,79
8008020,35,84,1,78
8008530,57,98,2,76
8009040,62,25,-8,84
8009550,76,7,7,77
8010060,90,52,-1,78
8010570,2,89,-1,79
8011080,58,67,5,74
8011590,79,34,-7,81
8012100,93,71,-1,82
8012610,54,6,-1,83
8013120,68,31,0,83
8013630,82,13,7,76
8014140,96,50,-2,78
8014650,8,88,-9,87
8015160,64,66,11,76
8015670,25,33,-8,84
8016180,55,0,12,72
8016690,69,25,-8,80
8017200,83,62,4,76
8017710,21,99,-7,83
8018220,26,77,2,81
8018730,36,4,-1,82
8019240,51,29,-5,87
8019750,65,11,11,76
8020260,21,56,-7,83
8020770,31,59,8,75
8021280,41,73,-5,80
8021790,51,87,4,76
8022300,28,14,-6,82
8022810,40,98,2,80
8023320,61,10,6,74
8023830,17,55,-8,82
8024340,27,58,6,76
8024850,37,72,0,76
8025360,58,86,3,73
8025870,79,13,-8,81
8026380,93,50,3,78
8026890,5,87,-9,87
8027400,61,14,10,77
8027910,17,39,-5,82
8028420,27,21,7,75
8028930,52,90,-2,77
8029440,73,2,5,72
8029950,47,47,-12,84
8030460,21,14,-2,86
8030970,33,87,9,77
8031480,54,101,-4,81
8031990,75,13,5,76
8032500,31,68,1,75
8033010,41,82,-6,81
8033520,62,9,3,78
8034030,76,34,-6,84
8034540,90,16,12,72
8035050,2,53,-8,80
8035560,12,82,0,80
8036070,33,60,5,75
8036580,43,74,3,72
8037090,64,88,3,69
8037600,85,24,-9,78
8038110,41,61,5,73
8038620,62,28,-10,83
8039130,76,10,4,79
8039640,90,55,4,75
8040150,46,92,3,72
8040660,67,4,-2,74
8041170,41,29,-10,84
8041680,66,98,7,77
8042190,87,34,-3,80
8042700,101,71,0,80
8043210,33,6,-5,85
8043720,45,31,2,83
8044230,59,100,8,75
8044740,70,12,-2,77
8045250,26,57,-4,81
8045760,36,71,6,75
8046270,46,85,-3,78
8046780,67,99,9,69
8047290,22,35,-19,88
8047800,4,2,6,82
8048310,60,75,7,75
8048820,42,94,-7,82
8049330,63,6,8,74
8049840,19,51,-10,84
8050350,29,54,10,74
8050860,39,21,-5,79
8051370,53,3,-3,82
8051880,27,49,-5,87
8052390,48,63,13,74
8052900,69,30,-7,81
8053410,83,12,8,73
8053920,39,57,-3,76
8054430,60,24,-3,79
8054940,74,6,3,76
8055450,48,51,5,71
8055960,62,18,-12,83
8056470,76,21,7,76
8056980,32,58,2,74
8057490,54,72,0,74
8058000,75,91,4,70
8058510,96,6,-7,77
8059020,70,43,-1,78
8059530,84,81,4,74
8060040,45,77,-1,75
8060550,66,91,2,73
8061060,87,18,-6,79
8061570,101,55,3,76
8062080,13,92,-8,84
8062590,42,70,8,76
8063100,63,99,4,72
8063610,84,26,-5,77
8064120,40,63,3,74
8064630,61,30,-8,82
8065140,75,12,7,75
8065650,31,57,-1,76
8066160,41,71,3,73
8066670,62,100,1,72
8067180,83,12,-3,75
8067690,39,57,0,75
8068200,60,24,-10,85
8068710,74,6,8,77
8069220,48,51,2,75
8069730,22,18,-14,89
8070240,34,0,9,80
8070750,49,73,8,72
8071260,70,0,-2,74
8071770,44,73,4,70
8072280,65,87,0,70
8072790,86,100,-6,76
8073300,5,36,1,75
8073810,15,65,-5,80
8074320,25,94,-4,84
8074830,46,21,8,76
8075340,60,3,-4,80
8075850,74,49,8,72
8076360,12,71,-11,83
8076870,22,100,-1,84
8077380,43,78,7,77
8077890,64,92,4,73
8078400,75,19,-1,74
8078910,31,64,0,74
8079420,41,78,-2,76
8079930,62,92,4,72
8080440,73,19,-4,76
8080950,29,64,-3,79
8081460,39,67,2,77
8081970,60,81,3,74
8082480,81,48,0,74
8082990,95,30,-7,81
8083500,7,67,0,81
8084010,17,96,-2,83
8084520,46,74,10,73
8085030,67,88,2,71
8085540,88,15,-8,79
8086050,0,60,-2,81
8086560,65,63,2,79
8087070,26,30,-7,86
8087580,51,99,9,77
8088090,72,11,6,71
8088600,28,56,-7,78
8089110,38,70,2,76
8089620,59,84,9,67
8090130,22,11,-17,84
8090640,34,95,4,80
8091150,55,7,0,80
8091660,69,53,0,80
8092170,30,20,-3,83
8092680,55,2,2,81
8093190,69,48,6,75
8093700,7,70,-6,81
8094210,17,99,-4,85
8094720,38,77,4,81
8095230,59,91,8,73
8095740,70,18,0,73
8096250,26,63,-3,76
8096760,36,77,0,76
8097270,70,91,6,70
8097780,81,18,-10,80
8098290,95,63,5,75
8098800,7,100,-10,85
8099310,13,78,4,81
8099820,42,5,-3,84
8100330,56,30,6,78
8100840,70,12,1,77
8101350,84,57,2,75
8101860,47,79,-2,77
8102370,68,93,2,75
8102880,89,20,-5,80
8103390,1,57,3,77
8103900,57,60,-2,79
8104410,31,27,-7,86
8104920,57,96,8,78
8105430,34,8,-7,85
8105940,35,92,8,77
8106450,40,4,-2,79
8106960,54,50,6,73
8107470,31,17,-8,81
8107980,59,101,4,77
8108490,70,13,2,75
8109000,84,58,-1,76
8109510,22,80,-10,86
8110020,43,7,1,85
8110530,29,32,2,83
8111040,55,101,2,81
8111550,76,13,1,80
8112060,90,58,1,79
8112570,2,95,2,77
8113080,58,73,4,73
8113590,79,40,-13,86
8114100,93,22,7,79
8114610,5,59,2,77
8115120,15,88,-8,85
8115630,36,66,11,74
8116140,57,80,2,72
8116650,78,7,-9,81
8117160,52,52,1,80
8117670,73,19,4,76
8118180,29,64,0,76
8118690,50,78,0,76
8119200,71,5,2,74
8119710,45,50,-4,78
8120220,66,17,2,76
8120730,80,62,-3,79
8121240,41,84,1,78
8121750,62,98,4,74
8122260,83,10,-5,79
8122770,97,55,1,78
8123280,9,93,-6,84
8123790,38,71,4,80
8124300,59,85,7,73
8124810,80,12,1,72
8125320,94,57,-4,76
8125830,6,94,-5,81
8126340,90,72,3,78
8126850,101,7,-6,84
8127360,75,52,6,78
8127870,91,74,1,77
8128380,100,9,-6,83
8128890,74,82,6,77
8129400,95,49,-8,85
8129910,7,87,0,85
8130420,36,65,4,81
8130930,57,79,13,68
8131440,78,46,-2,70
8131950,92,13,-5,75
8132460,4,58,-7,82
8132970,14,87,3,79
8133480,43,65,3,76
8133990,64,32,-3,79
8134500,78,14,2,77
8135010,37,60,1,76
8135520,58,74,3,73
8136030,79,41,-15,88
8136540,93,23,5,83
8137050,5,60,3,80
8137560,15,89,-5,85
8138070,36,67,9,76
8138580,57,34,-7,83
8139090,71,16,4,79
8139600,85,76,-4,83
8140110,46,72,6,77
8140620,68,86,3,74
8141130,89,3,1,73
8141640,63,76,6,67
8142150,84,95,-11,78
8142660,3,12,-7,85
8143170,77,9,10,75
8143680,91,54,2,73
8144190,3,91,-4,77
8144700,32,69,1,76
8145210,42,83,1,75
8145720,99,97,-4,79
8146230,75,32,2,77
8146740,89,14,-5,82
8147250,1,59,8,74
8147760,66,88,-3,77
8148270,87,15,-1,78
8148780,67,60,1,77
8149290,28,27,-8,85
8149800,54,96,9,76
8150310,75,8,-2,78
8150820,89,53,-7,85
8151330,1,91,5,80
8151840,57,69,0,80
8152350,78,36,0,80
8152860,92,18,0,80
8153370,4,55,-1,81
8153880,14,84,-1,82
8154390,43,62,6,76
8154900,64,29,-3,79
8155410,78,11,5,74
8155920,92,56,-2,76
8156430,4,93,-2,78
8156940,60,71,4,74
8157450,81,38,-5,79
8157960,95,20,-4,83
8158470,7,57,0,83
8158980,99,86,-1,84
8159490,60,21,5,79
8160000,74,3,3,76
8160510,48,48,-1,77
8161020,49,15,-8,85
8161530,63,99,8,77
8162040,74,26,-3,80
8162550,88,8,-1,81
8163060,62,53,3,78
8163570,23,20,-6,84
8164080,40,80,9,75
8164590,61,94,5,70
8165100,72,53,-7,77
8165610,33,75,-1,78
8166120,43,89,-1,79
8166630,48,1,3,76
8167140,62,47,-8,84
8167650,23,14,2,82
8168160,40,83,-2,84
8168670,61,97,11,73
8169180,72,9,-4,77
8169690,86,54,-2,79
8170200,100,91,4,75
8170710,7,26,-4,79
8171220,17,32,-2,81
8171730,18,101,0,81
8172240,0,79,2,79
8172750,56,76,2,77
8173260,77,43,6,71
8173770,91,81,-7,78
8174280,100,100,-1,79
8174790,7,35,-3,82
8175300,17,17,4,78
8175810,34,86,-2,80
8176320,55,100,8,72
8176830,66,12,-8,80
8177340,80,57,7,73
8177850,6,94,-5,78
8178360,62,72,2,76
8178870,83,39,-8,84
8179380,97,21,4,80
8179890,9,58,0,80
8180400,19,23,1,79
8180910,20,92,-2,81
8181420,25,70,0,81
8181930,26,84,0,81
8182440,48,98,5,76
8182950,25,10,-5,81
8183460,37,79,0,81
8183970,59,93,8,73
8184480,70,20,-6,79
8184990,84,57,0,79
8185500,23,94,1,78
8186010,44,72,1,77
8186520,65,86,4,73
8187030,86,5,-2,75
8187540,60,50,0,75
8188050,88,17,-4,79
8188560,0,54,2,77
8189070,56,83,2,75
8189580,67,97,1,74
8190090,88,16,-1,75
8190600,0,53,-5,80
8191110,10,82,-4,84
8191620,39,9,0,84
8192130,67,93,12,72
8192640,88,12,-6,78
8193150,44,57,2,76
8193660,65,24,-5,81
8194170,79,6,7,74
8194680,53,51,-2,76
8195190,14,18,-6,82
8195700,42,87,3,79
8196210,63,101,-2,81
8196720,74,13,5,76
8197230,88,58,-1,77
8197740,0,95,3,74
8198250,56,73,-2,76
8198760,77,40,-2,78
8199270,91,22,-2,80
8199780,3,59,-2,82
8200290,13,66,-2,84
8200800,23,13,4,80
8201310,35,82,1,79
8201820,56,96,8,71
8202330,67,8,-4,75
8202840,81,53,3,72
8203350,95,72,-8,80
8203860,21,7,-7,87
8204370,33,80,10,77
8204880,54,94,6,71
8205390,65,6,-3,74
8205900,21,51,-3,77
8206410,31,65,-5,82
8206920,41,79,8,74
8207430,62,93,4,70
8207940,73,12,-5,75
8208450,29,57,-3,78
8208960,39,71,0,78
8209470,60,85,2,76
8209980,71,4,-2,78
8210490,85,49,0,78
8211000,99,87,5,73
8211510,6,22,-10,83
8212020,7,28,4,79
8212530,17,10,-4,83
8213040,29,94,7,76
8213550,50,6,-5,81
8214060,64,52,5,76
8214570,25,19,-5,81
8215080,53,88,1,80
8215590,74,0,6,74
8216100,48,45,-15,89
8216610,76,12,10,79
8217120,32,57,5,74
8217630,53,71,0,74
8218140,74,90,-2,76
8218650,95,26,-2,78
8219160,7,63,-5,83
8219670,17,92,3,80
8220180,22,70,2,78
8220690,32,84,-2,80
8221200,42,98,0,80
8221710,63,10,7,73
8222220,19,55,-10,83
8222730,29,37,-1,84
8223240,55,4,4,80
8223750,29,50,2,78
8224260,50,17,2,76
8224770,64,101,3,73
8225280,75,13,0,73
8225790,31,58,-3,76
8226300,41,72,-1,77
8226810,51,86,3,74
8227320,28,100,-12,86
8227830,49,78,11,75
8228340,26,92,-7,82
8228850,47,4,2,80
8229360,61,50,0,80
8229870,22,17,-8,88
8230380,39,101,3,85
8230890,60,13,6,79
8231400,16,58,-4,83
8231910,26,65,5,78
8232420,36,79,0,78
8232930,46,93,0,78
8233440,23,5,-5,83
8233950,38,78,9,74
8234460,48,92,1,73
8234970,25,4,-13,86
8235480,37,77,3,83
8235990,47,91,6,77
8236500,24,3,-5,82
8237010,52,76,10,72
8237520,73,90,-4,76
8238030,84,26,-3,79
8238540,40,63,3,76
8239050,62,77,2,74
8239560,72,96,-3,77
8240070,83,15,-6,83
8240580,39,60,7,76
8241090,61,74,1,75
8241600,71,41,-3,78
8242110,85,23,-4,82
8242620,41,60,6,76
8243130,62,27,-10,86
8243640,76,9,11,75
8244150,32,54,5,70
8244660,54,68,-6,76
8245170,75,35,-2,78
8245680,89,17,-3,81
8246190,45,84,0,81
8246700,22,98,-4,85
8247210,43,76,9,76
8247720,20,90,-7,83
8248230,41,68,8,75
8248740,62,82,0,75
8249250,17,101,-5,80
8249760,95,79,5,75
8250270,56,14,-8,83
8250780,12,98,0,83
8251290,66,76,9,74
8251800,27,97,-10,84
8252310,48,9,7,77
8252820,62,93,2,75
8253330,73,5,0,75
8253840,29,51,-1,76
8254350,59,65,4,72
8254860,20,32,-7,79
8255370,36,101,1,78
8255880,57,13,-4,82
8256390,13,59,6,76
8256900,23,73,-2,78
8257410,33,87,-3,81
8257920,43,101,-3,84
8258430,53,13,3,81
8258940,67,97,1,80
8259450,78,14,8,72
8259960,34,59,2,70
8260470,44,73,-8,78
8260980,54,87,5,73
8261490,64,101,-3,76
8262000,75,13,1,75
8262510,31,58,0,75
8263020,41,72,1,74
8263530,51,86,-2,76
8264040,61,100,-1,77
8264550,71,12,-3,80
8265060,27,57,2,78
8265570,37,71,0,78
8266080,47,85,0,78
8266590,57,7,-2,80
8267100,13,53,-2,82
8267610,23,82,-9,91
8268120,33,96,11,80
8268630,38,8,0,80
8269140,66,54,3,77
8269650,27,21,-10,87
8270160,44,3,5,82
8270670,58,49,7,75
8271180,19,16,-6,81
8271690,36,85,-1,82
8272200,7,99,-1,83
8272710,63,77,11,72
8273220,73,96,1,71
8273730,84,15,-8,79
8274240,40,52,4,75
8274750,61,19,-3,78
8275260,17,1,-3,81
8275770,78,74,4,77
8276280,39,70,-2,79
8276790,49,84,-2,81
8277300,59,98,4,77
8277810,69,10,3,74
8278320,25,56,-5,79
8278830,35,70,6,73
8279340,45,84,-5,78
8279850,55,98,-6,84
8280360,65,10,10,74
8280870,21,56,-8,82
8281380,31,38,2,80
8281890,90,5,-2,82
8282400,37,51,4,78
8282910,9,18,-4,82
8283420,39,0,4,78
8283930,67,46,-2,80
8284440,83,65,4,76
8284950,46,84,1,75
8285460,56,98,3,72
8285970,66,10,-5,77
8286480,22,56,-4,81
8286990,32,70,5,76
8287500,42,84,-1,77
8288010,52,98,-2,79
8288520,62,65,5,74
8289030,23,32,-9,83
8289540,40,101,-2,85
8290050,50,13,7,78
8290560,64,97,7,71
8291070,74,16,-11,82
8291580,30,19,2,80
8292090,47,88,2,78
8292600,57,0,4,74
8293110,13,46,-3,77
8293620,23,28,-8,85
8294130,51,97,1,84
8294640,61,9,5,79
8295150,17,55,0,79
8295660,27,37,2,77
8296170,86,4,2,75
8296680,60,41,0,75
8297190,100,8,-5,80
8297700,74,45,2,78
8298210,88,27,-13,91
8298720,44,64,20,71
8299230,66,83,-5,76
8299740,76,2,3,73
8300250,50,48,0,73
8300760,51,15,-7,80
8301270,65,99,3,77
8301780,75,18,2,75
8302290,31,55,-7,82
8302800,41,69,3,79
8303310,51,83,5,74
8303820,61,97,3,71
8304330,71,9,-9,80
8304840,27,55,1,79
8305350,37,69,5,74
8305860,47,83,-12,86
8306370,57,97,8,78
8306880,67,9,5,73
8307390,23,54,-8,81
8307900,33,68,4,77
8308410,43,82,-2,79
8308920,64,96,8,71
8309430,74,15,-7,78
8309940,30,61,2,76
8310450,40,75,2,74
8310960,50,89,-1,75
8311470,60,1,2,73
8311980,16,47,-5,78
8312490,26,29,-7,85
8313000,43,98,0,85
8313510,64,10,12,73
8314020,20,56,-7,80
8314530,30,70,-2,82
8315040,40,84,4,78
8315550,50,98,-2,80
8316060,60,10,1,79
8316570,16,56,-6,85
8317080,26,63,1,84
8317590,36,77,13,71
8318100,46,91,-4,75
8318610,56,3,-6,81
8319120,70,49,4,77
8319630,26,68,0,77
8320140,36,82,-2,79
8320650,46,96,3,76
8321160,67,8,4,72
8321670,23,54,-4,76
8322180,33,68,0,76
8322690,43,82,1,75
8323200,53,96,-6,81
8323710,63,8,5,76
8324220,19,54,-8,84
8324730,29,61,8,76
8325240,39,75,3,73
8325750,49,89,-5,78
8326260,59,1,-1,79
8326770,73,47,8,71
8327280,29,66,-7,78
8327790,39,80,-4,82
8328300,49,94,5,77
8328810,59,6,0,77
8329320,15,52,-5,82
8329830,25,55,6,76
8330340,35,69,2,74
8330850,89,83,-8,82
8331360,50,18,-4,86
8331870,64,0,9,77
8332380,38,46,-2,79
8332890,59,13,2,77
8333400,15,59,-3,80
8333910,25,66,-3,83
8334420,35,80,6,77
8334930,45,94,1,76
8335440,55,6,-5,81
8335950,11,52,0,81
8336460,21,59,-2,83
8336970,31,62,4,79
8337480,41,76,-1,80
8337990,51,90,4,76
8338500,61,2,-1,77
8339010,17,48,-6,83
8339520,27,30,-1,84
8340030,57,99,10,74
8340540,67,11,-4,78
8341050,23,57,0,78
8341560,33,71,-3,81
8342070,43,85,7,74
8342580,64,99,0,74
8343090,74,88,3,71
8343600,95,7,-11,82
8344110,69,44,-1,83
8344620,30,26,3,80
8345130,58,95,5,75
8345640,68,7,-1,76
8346150,24,53,3,73
8346660,34,67,-1,74
8347170,44,81,1,73
8347680,54,95,-4,77
8348190,64,7,0,77
8348700,20,53,0,77
8349210,15,67,-7,84
8349720,25,70,5,79
8350230,35,84,2,77
8350740,56,98,4,73
8351250,66,10,-6,79
8351760,22,56,-2,81
8352270,32,59,10,71
8352780,42,18,-10,81
8353290,70,0,6,75
8353800,44,46,-10,85
8354310,18,13,1,84
8354820,30,82,4,80
8355330,40,96,-3,83
8355840,61,8,5,78
8356350,17,54,0,78
8356860,27,57,0,78
8357370,37,71,1,77
8357880,47,85,-5,82
8358390,68,99,3,79
8358900,78,18,2,77
8359410,34,64,3,74
8359920,55,78,2,72
8360430,76,37,-10,82
8360940,90,19,2,80
8361450,46,56,-3,83
8361960,67,23,8,75
8362470,23,26,-7,82
8362980,99,95,3,79
8363490,60,30,-4,83
8364000,74,12,3,80
8364510,30,58,1,79
8365020,40,72,1,78
8365530,61,86,2,76
8366040,71,45,-3,79
8366550,27,64,-1,80
8367060,37,78,3,77
8367570,47,92,0,77
8368080,57,4,-9,86
8368590,13,50,-3,89
8369100,23,53,9,80
8369610,33,56,4,76
8370120,54,70,2,74
8370630,75,91,-5,79
8371140,96,10,3,76
8371650,52,47,1,75
8372160,26,14,-8,83
8372670,38,98,-2,85
8373180,59,10,6,79
8373690,15,56,-2,81
8374200,25,59,4,77
8374710,35,62,3,74
8375220,56,21,-11,85
8375730,70,3,10,75
8376240,44,49,-5,80
8376750,65,16,1,79
8377260,21,19,-1,80
8377770,38,88,4,76
8378280,48,0,2,74
8378790,4,46,1,73
8379300,62,75,3,70
8379810,72,96,-1,71
8380320,93,55,-13,84
8380830,49,93,7,77
8381340,59,5,3,74
8381850,15,51,-2,76
8382360,25,65,-3,79
8382870,35,79,4,75
8383380,45,93,-3,78
8383890,55,59,-2,80
8384400,29,26,-8,88
8384910,46,95,5,83
8385420,56,7,-1,84
8385930,12,53,3,81
8386440,22,82,-2,83
8386950,32,65,7,76
8387460,42,79,-1,77
8387970,52,93,-1,78
8388480,62,42,-3,81
8388990,78,61,4,77
8389500,34,23,-3,80
8390010,62,92,6,74
8390520,72,51,-4,78
8391030,28,70,-3,81
8391540,38,84,1,80
8392050,48,98,-1,81
8392560,58,10,9,72
8393070,14,56,-11,83
8393580,24,59,6,77
8394090,34,62,2,75
8394600,44,76,0,75
8395110,54,64,-4,79
8395620,28,83,-5,84
8396130,38,66,6,78
8396640,59,80,7,71
8397150,69,101,-4,75
8397660,79,20,-6,81
8398170,35,57,6,75
8398680,45,71,3,72
8399190,55,85,-2,74
8399700,65,44,-2,76
8400210,39,63,2,74
8400720,60,77,5,69
8401230,70,98,-8,77
8401740,80,17,2,75
8402250,36,54,0,75
8402760,57,21,-4,79
8403270,71,3,4,75
8403780,27,28,-7,82
8404290,44,97,-1,83
8404800,54,9,2,81
8405310,10,55,-4,85
8405820,20,58,5,80
8406330,23,61,-7,87
8406840,33,64,8,79
8407350,43,78,6,73
8407860,53,37,-10,83
8408370,81,4,10,73
8408880,55,41,-13,86
8409390,83,35,9,77
8409900,39,72,1,76
8410410,49,86,1,75
8410920,59,100,-5,80
8411430,69,12,3,77
8411940,25,58,0,77
8412450,35,61,0,77
8412960,45,75,-1,78
8413470,55,89,1,77
8413980,65,1,2,75
8414490,39,47,-2,77
8415000,13,14,-6,83
8415510,30,83,1,82
8416020,40,97,7,75
8416530,50,9,-5,80
8417040,64,55,0,80
8417550,25,74,-1,81
8418060,35,77,7,74
8418570,45,91,-5,79
8419080,55,3,2,77
8419590,11,49,-1,78
8420100,21,52,-3,81
8420610,31,22,0,81
8421120,48,91,2,79
8421630,58,3,9,70
8422140,14,49,-10,80
8422650,24,52,-3,83
8423160,34,66,10,73
8423670,44,80,0,73
8424180,54,94,-3,76
8424690,64,6,-3,79
8425200,20,52,-2,81
8425710,30,46,4,77
8426220,51,13,-6,83
8426730,65,97,5,78
8427240,79,14,-5,83
8427750,35,51,9,74
8428260,56,18,-7,81
8428770,70,0,6,75
8429280,44,46,-5,80
8429790,65,13,4,76
8430300,21,59,-7,83
8430810,31,91,-3,86
8431320,52,31,4,82
8431830,80,13,1,81
8432340,36,50,6,75
8432850,57,17,-4,79
8433360,71,101,7,72
8433870,81,37,-8,80
8434380,37,75,4,76
8434890,47,89,2,74
8435400,57,1,-3,77
8435910,31,47,-6,83
8436420,52,14,-2,85
8436930,66,98,5,80
8437440,76,34,3,77
8437950,90,72,-3,80
8438460,51,7,-2,82
8438970,7,32,0,82
8439480,17,38,0,82
8439990,27,20,-1,83
8440500,44,89,10,73
8441010,65,1,-5,78
8441520,39,47,-2,80
8442030,60,14,4,76
8442540,16,60,-9,85
8443050,26,67,2,83
8443560,36,90,6,77
8444070,57,2,3,74
8444580,13,48,-9,83
8445090,23,51,5,78
8445600,33,65,2,76
8446110,43,79,0,76
8446620,53,93,3,73
8447130,74,5,-3,76
8447640,48,50,-3,79
8448150,22,17,-3,82
8448660,39,86,5,77
8449170,60,100,0,77
8449680,70,89,4,73
8450190,91,6,-2,75
8450700,65,43,-4,79
8451210,26,62,-2,81
8451720,36,51,7,74
8452230,57,18,-8,82
8452740,71,0,5,77
8453250,45,25,-6,83
8453760,73,7,9,74
8454270,29,53,-1,75
8454780,39,20,-4,79
8455290,53,2,-2,81
8455800,9,48,-5,86
8456310,19,51,9,77
8456820,101,45,-5,82
8457330,13,82,2,80
8457840,42,60,4,76
8458350,63,27,-5,81
8458860,77,9,7,74
8459370,33,54,1,73
8459880,54,21,-8,81
8460390,68,3,5,76
8460900,24,28,-5,81
8461410,100,97,-4,85
8461920,61,32,5,80
8462430,75,14,1,79
8462940,31,32,0,79
8463450,5,101,-2,81
8463960,63,26,-3,84
8464470,77,8,6,78
8464980,33,78,3,75
8465490,43,92,-5,80
8466000,53,81,3,77
8466510,74,100,3,74
8467020,95,36,-5,79
8467530,51,73,2,77
8468040,72,92,2,75
8468550,93,27,-5,80
8469060,49,64,5,75
8469570,70,31,-9,84
8470080,84,13,5,79
8470590,40,50,5,74
8471100,61,17,-8,82
8471610,75,101,7,75
8472120,85,37,-5,80
8472630,41,75,4,76
8473140,62,89,-1,77
8473650,72,6,-1,78
8474160,28,52,-2,80
8474670,49,19,1,79
8475180,63,1,3,76
8475690,37,47,-3,79
8476200,58,14,-1,80
8476710,14,98,0,80
8477220,43,76,2,78
8477730,53,90,2,76
8478240,63,79,1,75
8478750,73,98,2,73
8479260,83,34,2,71
8479770,39,71,-6,77
8480280,49,85,2,75
8480790,59,99,-3,78
8481300,69,88,5,73
8481810,79,24,-8,81
8482320,35,61,6,75
8482830,45,75,1,74
8483340,55,89,-4,78
8483850,65,78,5,73
8484360,75,97,-5,78
8484870,85,14,2,76
8485380,41,51,5,71
8485890,62,74,-2,73
8486400,72,41,-10,83
8486910,86,23,2,81
8487420,42,60,5,76
8487930,63,27,-6,82
8488440,77,9,8,74
8488950,33,55,-2,76
8489460,54,69,2,74
8489970,75,88,-3,77
8490480,36,23,-10,87
8490990,53,5,12,75
8491500,9,51,-4,79
8492010,19,58,-5,84
8492520,29,65,4,80
8493030,39,54,6,74
8493540,60,21,-6,80
8494050,16,3,-3,83
8494560,28,76,1,82
8495070,38,99,1,81
8495580,48,88,-1,82
8496090,58,77,8,74
8496600,68,96,-3,77
8497110,78,32,-9,86
8497620,92,70,10,76
8498130,48,5,-5,81
8498640,67,51,2,79
8499150,95,70,3,76
8499660,51,5,-2,78
8500170,7,51,-2,80
8500680,17,58,-2,82
8501190,27,65,0,82
8501700,37,88,1,81
8502210,47,77,5,76
8502720,57,66,-3,79
8503230,31,33,-9,88
8503740,5,0,10,78
8504250,22,73,-2,80
8504760,32,13,-3,83
8505270,47,97,9,74
8505780,76,86,-2,76
8506290,37,21,-9,85
8506800,49,3,4,81
8507310,5,49,0,81
8507820,15,52,3,78
8508330,25,55,-3,81
8508840,35,49,-1,82
8509350,65,16,2,80
8509860,21,19,0,80
8510370,38,88,1,79
8510880,48,77,3,76
8511390,58,66,1,75
8511900,32,33,-3,78
8512410,49,12,-2,80
8512920,63,58,2,78
8513430,24,23,3,75
8513940,41,92,-3,78
8514450,51,81,-1,79
8514960,61,70,2,77
8515470,71,37,-7,84
8515980,85,19,3,81
8516490,41,56,9,72
8517000,62,23,-11,83
8517510,76,5,6,77
8518020,50,30,-13,90
8518530,78,12,16,74
8519040,34,49,-4,78
8519550,55,16,-3,81
8520060,11,100,0,81
8520570,40,78,3,78
8521080,50,92,2,76
8521590,60,81,0,76
8522100,70,100,4,72
8522610,80,35,-7,79
8523120,94,73,-1,80
8523630,50,8,2,78
8524140,6,54,-7,85
8524650,16,61,3,82
8525160,26,68,1,81
8525670,36,91,4,77
8526180,5,80,0,77
8526690,70,58,2,75
8527200,31,95,-10,85
8527710,36,84,9,76
8528220,46,73,5,71
8528730,56,92,-1,72
8529240,66,81,1,71
8529750,76,100,-8,79
8530260,86,36,-2,81
8530770,100,74,-1,82
8531280,8,9,-2,84
8531790,36,82,6,78
8532300,46,71,1,77
8532810,56,90,2,75
8533320,66,79,5,70
8533830,76,98,-7,77
8534340,86,34,6,71
8534850,42,71,-5,76
8535360,52,85,0,76
8535870,62,74,5,71
8536380,72,93,-4,75
8536890,82,10,0,75
8537400,38,47,-10,85
8537910,12,14,6,79
8538420,96,83,-5,84
8538930,57,18,4,80
8539440,71,0,3,77
8539950,45,73,4,73
8540460,55,87,-5,78
8540970,65,76,8,70
8541480,75,95,-6,76
8541990,85,30,-1,77
8542500,41,67,0,77
8543010,51,86,3,74
8543520,61,100,-3,77
8544030,71,89,2,75
8544540,81,6,-1,76
8545050,55,31,-5,81
8545560,69,13,5,76
8546070,25,59,-5,81
8546580,35,53,9,72
8547090,57,20,-8,80
8547600,71,2,10,70
8548110,45,27,-16,86
8548620,73,9,3,83
8549130,29,55,1,82
8549640,39,49,2,80
8550150,60,16,-3,83
8550660,74,62,9,74
8551170,35,29,-12,86
8551680,52,98,5,81
8552190,62,87,3,78
8552700,72,4,4,74
8553210,46,29,-7,81
8553720,74,98,8,73
8554230,84,15,-8,81
8554740,40,52,-2,83
8555250,61,19,4,79
8555760,75,22,-4,83
8556270,31,25,0,83
8556780,48,7,3,80
8557290,67,86,10,70
8557800,77,3,-3,73
8558310,51,28,-9,82
8558820,65,10,-4,86
8559330,21,56,2,84
8559840,31,59,9,75
8560350,41,73,1,74
8560860,51,87,4,70
8561370,61,101,-7,77
8561880,71,90,4,73
8562390,81,26,-2,75
8562900,37,63,0,75
8563410,47,30,-9,84
8563920,75,99,12,72
8564430,86,35,-14,86
8564940,42,73,9,77
8565450,52,87,1,76
8565960,62,101,2,74
8566470,73,18,-4,78
8566980,29,55,-1,79
8567490,39,22,0,79
8568000,67,4,6,73
8568510,23,29,-10,83
8569020,40,98,0,83
8569530,50,10,1,82
8570040,64,14,4,78
8570550,78,60,-2,80
8571060,52,79,10,70
8571570,63,98,-5,75
8572080,73,15,3,72
8572590,29,52,-1,73
8573100,39,19,-8,81
8573610,67,1,4,77
8574120,41,26,1,76
8574630,69,95,1,75
8575140,80,12,-1,76
8575650,36,58,1,75
8576160,57,25,-9,84
8576670,71,7,8,76
8577180,27,53,2,74
8577690,37,47,-4,78
8578200,58,14,-5,83
8578710,14,98,3,80
8579220,53,76,4,76
8579730,63,95,0,76
8580240,73,14,-3,79
8580750,29,60,5,74
8581260,39,74,1,73
8581770,49,88,-4,77
8582280,59,0,0,77
8582790,33,46,-3,80
8583300,63,13,0,80
8583810,19,59,-6,86
8584320,29,66,7,79
8584830,39,60,2,77
8585340,60,27,-7,84
8585850,74,9,13,71
8586360,30,82,-12,83
8586870,52,3,6,77
8587380,71,28,-7,84
8587890,85,10,3,81
8588400,41,47,-2,83
8588910,69,14,2,81
8589420,25,51,3,78
8589930,35,18,-2,80
8590440,63,0,5,75
8590950,37,73,-4,79
8591460,40,87,-3,82
8591970,61,8,3,79
8592480,17,54,-3,82
8592990,27,57,6,76
8593500,37,71,1,75
8594010,47,85,-3,78
8594520,57,99,0,78
8595030,67,11,4,74
8595540,23,57,-8,82
8596050,33,60,6,76
8596560,43,74,3,73
8597070,53,95,-5,78
8597580,63,16,-1,79
8598090,19,19,-1,80
8598600,31,88,-1,81
8599110,52,9,5,76
8599620,66,67,3,73
8600130,27,88,-12,85
8600640,30,9,4,81
8601150,42,82,2,79
8601660,52,3,0,79
8602170,71,49,4,75
8602680,81,68,-4,79
8603190,42,3,-9,88
8603700,57,28,3,85
8604210,71,10,9,76
8604720,27,47,0,76
8605230,49,14,-8,84
8605740,63,98,14,70
8606250,74,33,-10,80
8606760,88,71,3,77
8607270,98,6,-6,83
8607780,72,43,12,71
8608290,86,62,-8,79
8608800,96,99,-4,83
8609310,57,34,0,83
8609820,71,16,3,80
8610330,27,53,-1,81
8610840,49,47,2,79
8611350,84,14,-6,85
8611860,40,51,7,78
8612370,61,18,-2,80
8612880,17,21,-7,87
8613390,56,90,10,77
8613900,66,15,-1,78
8614410,22,18,-6,84
8614920,39,87,-3,87
8615430,60,8,10,77
8615940,16,54,-2,79
8616450,26,57,-1,80
8616960,36,60,4,76
8617470,57,27,-4,80
8617980,71,9,3,77
8618490,27,82,-6,83
8619000,49,3,4,79
8619510,68,49,2,77
8620020,29,68,4,73
8620530,39,82,-12,85
8621040,60,76,10,75
8621550,70,43,-10,85
8622060,84,62,8,77
8622570,45,99,-7,84
8623080,55,20,2,82
8623590,69,2,5,77
8624100,25,75,-5,82
8624610,35,15,-3,85
8625120,47,99,8,77
8625630,57,11,-3,80
8626140,13,57,-3,83
8626650,23,60,4,79
8627160,33,54,3,76
8627670,54,21,1,75
8628180,68,3,-8,83
8628690,24,76,0,83
8629200,34,99,-2,85
8629710,55,20,-1,86
8630220,69,2,13,73
8630730,43,75,0,73
8631240,53,34,-8,81
8631750,81,16,-4,85
8632260,37,53,6,79
8632770,58,20,-4,83
8633280,72,2,3,80
8633790,46,27,-3,83
8634300,74,9,1,82
8634810,30,55,2,80
8635320,40,22,0,80
8635830,68,4,0,80
8636340,24,29,-3,83
8636850,41,98,-1,84
8637360,62,10,12,72
8637870,18,56,-11,83
8638380,28,63,11,72
8638890,38,77,-8,80
8639400,48,91,8,72
8639910,58,3,-3,75
8640420,14,28,-7,82
8640930,98,97,5,77
8641440,59,32,-9,86
8641950,73,92,10,76
8642460,83,27,-1,77
8642970,34,64,0,77
8643480,44,78,-6,83
8643990,54,92,6,77
8644500,64,44,-9,86
8645010,83,26,2,84
8645520,39,63,5,79
8646030,15,77,-4,83
8646540,25,2,2,81
8647050,40,27,1,80
8647560,65,96,8,72
8648070,75,21,-2,74
8648580,31,58,1,73
8649090,41,72,-3,76
8649600,51,86,1,75
8650110,61,100,6,69
8650620,71,25,-13,82
8651130,27,28,0,82
8651640,53,97,-1,83
8652150,74,9,5,78
8652660,30,34,0,78
8653170,4,1,0,78
8653680,60,74,7,71
8654190,70,95,-4,75
8654700,80,20,-5,80
8655210,36,57,5,75
8655720,46,29,-5,80
8656230,74,98,3,77
8656740,84,23,-3,80
8657250,40,60,5,75
8657760,61,27,-5,80
8658270,75,65,0,80
8658780,36,84,5,75
8659290,46,98,-1,76
8659800,56,10,-6,82
8660310,12,35,2,80
8660820,22,29,-6,86
8661330,52,98,5,81
8661840,62,10,5,76
8662350,18,35,-8,84
8662860,40,2,4,80
8663370,59,27,-5,85
8663880,73,9,11,74
8664390,29,34,-9,83
8664900,46,1,0,83
8665410,65,47,2,81
8665920,26,14,-5,86
8666430,38,98,10,76
8666940,59,10,-9,85
8667450,15,56,7,78
8667960,25,59,-5,83
8668470,35,53,12,71
8668980,56,20,-8,79
8669490,70,2,1,78
8670000,44,27,-2,80
8670510,72,9,0,80
8671020,28,34,-1,81
8671530,58,1,-1,82
8672040,77,26,4,78
8672550,33,63,5,73
8673060,54,77,0,73
8673570,75,91,-3,76
8674080,85,26,-9,85
8674590,41,63,9,76
8675100,62,30,-7,83
8675610,76,12,9,74
8676120,32,49,-3,77
8676630,62,16,-2,79
8677140,18,19,0,79
8677650,48,88,0,79
8678160,58,0,4,75
8678670,32,73,1,74
8679180,42,87,-8,82
8679690,52,101,0,82
8680200,62,13,7,75
8680710,18,50,-5,80
8681220,28,44,6,74
8681730,50,11,-10,84
8682240,64,36,3,81
8682750,78,18,8,73
8683260,60,55,-7,80
8683770,88,22,1,79
8684280,44,59,2,77
8684790,65,26,-4,81
8685300,79,8,2,79
8685810,35,33,-3,82
8686320,60,0,7,75
8686830,34,25,-3,78
8687340,59,94,3,75
8687850,69,19,-5,80
8688360,83,22,5,75
8688870,39,59,-2,77
8689380,60,26,-7,84
8689890,74,8,11,73
8690400,30,45,-3,76
8690910,60,12,0,76
8691420,16,49,-2,78
8691930,26,52,-1,79
8692440,36,19,-9,88
8692950,48,1,9,79
8693460,67,26,1,78
8693970,81,64,2,76
8694480,42,101,-10,86
8694990,47,13,9,77
8695500,61,97,2,75
8696010,71,22,-3,78
8696520,27,25,3,75
8697030,53,94,2,73
8697540,63,6,-9,82
8698050,19,52,5,77
8698560,29,55,0,77
8699070,39,22,-5,82
8699580,53,4,2,80
8700090,9,29,-3,83
8700600,31,38,2,81
8701110,61,5,7,74
8701620,17,30,-5,79
8702130,101,99,-3,82
8702640,62,34,-1,83
8703150,76,16,4,79
8703660,32,53,1,78
8704170,42,20,-5,83
8704680,70,2,9,74
8705190,44,27,-8,82
8705700,72,9,3,79
8706210,28,34,0,79
8706720,54,1,2,77
8707230,28,26,-5,82
8707740,54,95,6,76
8708250,64,20,-4,80
8708760,20,23,-1,81
8709270,37,92,-3,84
8709780,42,4,-2,86
8710290,61,29,6,80
8710800,75,11,-1,81
8711310,31,36,3,78
8711820,90,3,-4,82
8712330,64,40,3,79
8712840,83,22,-4,83
8713350,39,25,5,78
8713860,67,94,1,77
8714370,78,29,0,77
8714880,34,66,2,75
8715390,44,60,6,69
8715900,65,27,-12,81
8716410,79,9,0,81
8716920,35,34,-1,82
8717430,52,1,9,73
8717940,8,26,-6,79
8718450,30,20,-6,85
8718960,47,89,10,75
8719470,52,1,3,72
8719980,8,26,-6,78
8720490,30,20,-7,85
8721000,47,89,10,75
8721510,57,1,-4,79
8722020,13,26,-3,82
8722530,35,20,-2,84
8723040,47,2,5,79
8723550,3,27,-5,84
8724060,25,30,4,80
8724570,42,99,-2,82
8725080,47,11,-2,84
8725590,61,95,7,77
8726100,71,31,-7,84
8726610,85,1,8,76
8727120,59,74,1,75
8727630,49,95,-4,79
8728140,54,7,-2,81
8728650,10,32,-1,82
8729160,32,35,-1,83
8729670,62,2,9,74
8730180,18,27,-9,83
8730690,48,96,4,79
8731200,53,8,-1,80
8731710,9,54,-1,81
8732220,19,61,-2,83
8732730,41,64,9,74
8733240,63,31,-6,80
8733750,77,13,-2,82
8734260,33,38,-1,83
8734770,63,5,9,74
8735280,19,30,-7,81
8735790,49,99,-1,82
8736300,59,11,6,76
8736810,15,31,-9,85
8737320,37,25,-1,86
8737830,63,7,10,76
8738340,19,32,-5,81
8738850,1,101,0,81
8739360,57,26,-2,83
8739870,23,8,3,80
8740380,35,81,2,78
8740890,45,95,-1,79
8741400,55,7,1,78
8741910,11,32,-6,84
8742420,33,14,1,83
8742930,45,98,-1,84
8743440,55,10,4,80
8743950,11,35,-3,83
8744460,33,17,4,79
8744970,45,101,1,78
8745480,55,13,-6,84
8745990,11,97,1,83
8746500,67,22,2,81
8747010,23,25,2,79
8747520,40,94,-2,81
8748030,62,97,9,72
8748540,72,32,-2,74
8749050,86,14,-4,78
8749560,42,51,0,78
8750070,72,18,3,75
8750580,28,38,-2,77
8751090,45,5,-2,79
8751600,1,30,-7,86
8752110,91,33,8,78
8752620,47,70,-2,80
8753130,35,84,5,75
8753640,45,98,-7,82
8754150,55,101,5,77
8754660,65,13,1,76
8755170,21,33,-7,83
8755680,51,0,4,79
8756190,7,25,0,79
8756700,29,19,-6,85
8757210,46,88,5,80
8757720,56,0,-3,83
8758230,12,25,3,80
8758740,96,19,-4,84
8759250,52,56,8,76
8759760,31,23,-12,88
8760270,61,92,14,74
8760780,17,28,-10,84
8761290,47,97,11,73
8761800,57,9,-7,80
8762310,13,34,-3,83
8762820,35,16,-1,84
8763330,47,100,4,80
8763840,57,1,5,75
8764350,13,26,-7,82
8764860,35,20,2,80
8765370,52,2,3,77
8765880,8,27,-7,84
8766390,30,21,0,84
8766900,47,90,5,79
8767410,69,2,4,75
8767920,25,75,-6,81
8768430,57,78,5,76
8768940,62,99,2,74
8769450,72,34,-6,80
8769960,86,16,2,78
8770470,42,53,4,74
8770980,21,20,-10,84
8771490,38,2,-1,85
8772000,53,27,6,79
8772510,67,9,6,73
8773020,23,29,-7,80
8773530,40,98,-1,81
8774040,69,101,9,72
8774550,79,36,-8,80
8775060,93,18,4,76
8775570,49,55,-2,78
8776080,66,22,-5,83
8776590,22,4,4,79
8777100,34,75,5,74
8777610,56,89,-1,75
8778120,66,1,1,74
8778630,22,74,-10,84
8779140,44,77,9,75
8779650,66,91,0,75
8780160,21,10,-4,79
8780670,33,83,-2,81
8781180,55,86,5,76
8781690,65,22,-1,77
8782200,21,25,-5,82
8782710,14,94,0,82
8783220,43,72,8,74
8783730,65,86,0,74
8784240,20,22,-13,87
8784750,50,91,10,77
8785260,27,3,-4,81
8785770,39,76,1,80
8786280,61,79,7,73
8786790,0,98,-6,79
8787300,41,23,-5,84
8787810,55,5,1,83
8788320,11,30,6,77
8788830,33,12,-1,78
8789340,45,96,-2,80
8789850,67,8,0,80
8790360,23,33,-1,81
8790870,53,0,6,75
8791380,9,25,-7,82
8791890,31,31,-4,86
8792400,61,100,10,76
8792910,71,12,-7,83
8793420,27,15,0,83
8793930,39,99,5,78
8794440,68,11,2,76
8794950,24,31,-5,81
8795460,41,100,2,79
8795970,70,1,2,77
8796480,26,74,-11,88
8796990,48,77,20,68
8797500,25,91,-10,78
8798010,47,94,0,78
8798520,52,6,-2,80
8799030,8,31,-3,83
8799540,30,13,-1,84
8800050,42,97,3,81
8800560,52,100,3,78
8801070,29,12,-7,85
8801580,41,96,4,81
8802090,62,8,-4,85
8802600,18,33,3,82
8803110,48,27,3,79
8803620,62,9,2,77
8804130,18,29,-7,84
8804640,48,98,5,79
8805150,53,10,-1,80
8805660,9,35,1,79
8806170,31,38,1,78
8806680,13,5,-4,82
8807190,25,78,-3,85
8807700,47,81,4,81
8808210,69,95,5,76
8808720,24,31,-1,77
8809230,6,100,-8,85
8809740,47,87,5,80
8810250,68,101,-1,81
8810760,23,37,2,79
8811270,5,4,-2,81
8811780,61,77,11,70
8812290,43,12,-16,86
8812800,57,96,8,78
8813310,62,8,3,75
8813820,18,28,-4,79
8814330,48,97,2,77
8814840,53,9,-4,81
8815350,67,34,-5,86
8815860,81,52,7,79
8816370,37,34,0,79
8816880,11,1,-6,85
8817390,23,74,-3,88
8817900,45,81,14,74
8818410,67,95,0,74
8818920,22,30,-12,86
8819430,52,99,14,72
8819940,57,11,-7,79
8820450,13,36,-4,83
8820960,35,39,2,81
8821470,65,6,3,78
8821980,21,31,-1,79
8822490,51,60,8,71
8823000,92,27,-10,81
8823510,48,37,-5,86
8824020,60,4,12,74
8824530,16,77,-7,81
8825040,38,80,0,81
8825550,60,94,4,77
8826060,15,6,-5,82
8826570,27,79,1,81
8827080,49,93,0,81
8827590,70,5,3,78
8828100,26,30,-3,81
8828610,43,99,1,80
8829120,64,11,0,80
8829630,20,31,-4,84
8830140,50,100,3,81
8830650,71,10,6,75
8831160,27,30,-9,84
8831670,44,99,5,79
8832180,65,11,-1,80
8832690,21,84,-3,83
8833200,43,91,4,79
8833710,90,3,2,77
8834220,64,76,-3,80
8834730,19,43,-3,83
8835240,41,37,1,82
8835750,53,4,-2,84
8836260,9,29,2,82
8836770,31,23,3,79
8837280,43,92,-4,83
8837790,64,4,10,73
8838300,20,29,-9,82
8838810,37,98,0,82
8839320,58,10,9,73
8839830,14,30,-6,79
8840340,36,24,2,77
8840850,48,93,-5,82
8841360,53,5,6,76
8841870,67,30,-11,87
8842380,81,12,7,80
8842890,37,32,2,78
8843400,49,101,-3,81
8843910,54,13,-8,89
8844420,68,97,16,73
8844930,23,32,-11,84
8845440,35,101,4,80
8845950,40,13,-5,85
8846460,52,97,6,79
8846970,57,9,2,77
8847480,13,29,-4,81
8847990,35,23,3,78
8848500,47,92,4,74
8849010,69,4,1,73
8849520,25,29,-7,80
8850030,37,98,2,78
8850540,58,10,5,73
8851050,14,30,-9,82
8851560,36,24,-3,85
8852070,61,6,11,74
8852580,17,31,-2,76
8853090,29,25,-7,83
8853600,41,94,4,79
8854110,63,6,1,78
8854620,19,31,-2,80
8855130,31,100,-1,81
8855640,53,12,1,80
8856150,67,32,-2,82
8856660,81,14,3,79
8857170,37,34,-3,82
8857680,49,1,-1,83
8858190,68,26,0,83
8858700,82,35,4,79
8859210,96,55,-3,82
8859720,8,53,2,80
8860230,18,60,-7,87
8860740,40,67,9,78
8861250,61,25,-8,86
8861760,75,7,13,73
8862270,31,27,-9,82
8862780,56,96,5,77
8863290,61,8,-2,79
8863800,17,28,-8,87
8864310,29,22,4,83
8864820,41,91,4,79
8865330,63,3,-2,81
8865840,19,28,0,81
8866350,31,97,-1,82
8866860,53,9,-2,84
8867370,67,34,3,81
8867880,81,16,3,78
8868390,37,36,0,78
8868900,49,3,-5,83
8869410,63,28,-2,85
8869920,77,10,9,76
8870430,33,30,-8,84
8870940,58,99,4,80
8871450,80,11,7,73
8871960,36,31,-11,84
8872470,48,100,3,81
8872980,70,12,5,76
8873490,26,65,0,76
8874000,48,79,3,73
8874510,70,93,-1,74
8875020,25,5,-11,85
8875530,37,89,5,80
8876040,59,1,3,77
8876550,55,26,-3,80
8877060,69,8,4,76
8877570,25,28,-11,87
8878080,42,97,2,85
8878590,64,9,10,75
8879100,20,29,-6,81
8879610,32,98,6,75
8880120,54,10,-7,82
8880630,68,48,5,77
8881140,29,70,-1,78
8881650,51,64,7,71
8882160,72,78,-3,74
8882670,33,13,-8,82
8883180,45,97,1,81
8883690,67,9,2,79
8884200,23,29,0,79
8884710,35,98,2,77
8885220,57,10,-4,81
8885730,13,30,-4,85
8886240,35,24,-1,86
8886750,47,6,11,75
8887260,61,31,-9,84
8887770,75,13,7,77
8888280,31,44,-8,85
8888790,43,11,2,83
8889300,55,95,6,77
8889810,77,7,0,77
8890320,33,27,-7,84
8890830,59,96,3,81
8891340,81,8,7,74
8891850,37,28,-8,82
8892360,49,97,1,81
8892870,71,9,5,76
8893380,27,29,-16,92
8893890,44,98,9,83
8894400,66,10,2,81
8894910,22,30,-2,83
8895420,39,99,0,83
8895930,61,11,-1,84
8896440,17,31,2,82
8896950,39,100,0,82
8897460,61,12,3,79
8897970,17,15,-6,85
8898480,29,84,4,81
8898990,51,98,5,76
8899500,73,10,-4,80
8900010,29,30,-4,84
8900520,41,99,-3,87
8901030,63,11,11,76
8901540,19,31,-5,81
8902050,31,25,-1,82
8902560,43,94,0,82
8903070,65,6,8,74
8903580,21,26,-6,80
8904090,47,95,4,76
8904600,69,7,2,74
8905110,40,27,-10,84
8905620,65,9,2,82
8906130,21,34,2,80
8906640,33,1,-6,86
8907150,45,26,1,85
8907660,57,8,1,84
8908170,71,54,8,76
8908680,32,76,0,76
8909190,54,90,3,73
8909700,9,2,-7,80
8910210,21,75,-2,82
8910720,43,89,8,74
8911230,65,1,-3,77
8911740,61,26,-5,82
8912250,75,8,3,79
8912760,31,28,-7,86
8913270,56,97,12,74
8913780,11,9,-8,82
8914290,23,82,-7,89
8914800,45,85,15,74
8915310,67,99,1,73
8915820,22,34,-5,78
8916330,34,1,-5,83
8916840,46,26,2,81
8917350,60,8,2,79
8917860,16,28,-3,82
8918370,67,22,4,78
8918880,23,4,-1,79
8919390,61,77,8,71
8919900,16,12,-13,84
8920410,28,96,-4,88
8920920,50,8,12,76
8921430,6,92,-8,84
8921940,47,70,7,77
8922450,68,84,-2,79
8922960,23,43,-4,83
8923470,45,37,-3,86
8923980,57,4,10,76
8924490,13,77,-12,88
8925000,35,71,8,80
8925510,57,65,2,78
8926020,15,32,0,78
8926530,37,26,-10,88
8927040,49,8,10,78
8927550,63,28,-2,80
8928060,77,10,3,77
8928570,33,30,-14,91
8929080,45,99,9,82
8929590,6,11,0,82
8930100,18,5,-4,86
8930610,30,78,5,81
8931120,52,92,3,78
8931630,29,4,0,78
8932140,41,77,0,78
8932650,63,91,4,74
8933160,18,26,-10,84
8933670,30,95,-5,89
8934180,52,7,4,85
8934690,71,27,-3,88
8935200,0,9,8,80
8935710,56,6,-2,82
8936220,12,31,2,80
8936730,34,25,-4,84
8937240,46,94,0,84
8937750,68,6,6,78
8938260,24,26,-1,79
8938770,41,95,-4,83
8939280,46,7,1,82
8939790,60,91,10,72
8940300,15,50,-7,79
8940810,25,44,-1,80
8941320,47,11,-4,84
8941830,61,95,15,69
8942340,16,7,-20,89
8942850,28,80,5,84
8943360,50,94,3,81
8943870,72,6,2,79
8944380,28,26,-1,80
8944890,40,95,5,75
8945400,45,7,-9,84
8945910,64,32,1,83
8946420,78,14,7,76
8946930,34,34,-5,81
8947440,46,1,1,80
8947950,65,26,1,79
8948460,79,46,2,77
8948970,93,28,-5,82
8949480,49,65,5,77
8949990,70,79,2,75
8950500,31,14,-10,85
8951010,43,98,2,83
8951520,64,10,8,75
8952030,20,30,-13,88
8952540,52,99,7,81
8953050,55,11,0,81
8953560,69,95,11,70
8954070,24,30,-9,79
8954580,36,99,-3,82
8955090,58,11,6,76
8955600,14,31,-4,80
8956110,36,25,0,80
8956620,48,94,5,75
8957130,70,6,1,74
8957640,26,79,-3,77
8958150,48,93,-2,79
8958660,3,5,0,79
8959170,77,2,6,73
8959680,51,75,-4,77
8960190,72,89,5,72
8960700,27,24,-7,79
8961210,39,93,-5,84
8961720,60,5,1,83
8962230,74,30,1,82
8962740,88,50,8,74
8963250,0,87,-7,81
8963760,56,65,2,79
8964270,77,95,-4,83
8964780,32,54,13,70
8965290,54,68,-5,75
8965800,75,82,-2,77
8966310,36,17,-4,81
8966820,48,101,-3,84
8967330,69,13,9,75
8967840,25,33,-6,81
8968350,37,0,-2,83
8968860,49,25,-1,84
8969370,63,7,10,74
8969880,19,76,-6,80
8970390,41,79,4,76
8970900,63,93,9,67
8971410,18,52,-13,80
8971920,40,46,1,79
8972430,61,13,4,75
8972940,17,33,-10,85
8973450,29,0,0,85
8973960,41,73,10,75
8974470,63,87,2,73
8974980,18,46,-10,83
8975490,40,40,1,82
8976000,52,7,5,77
8976510,8,32,-7,84
8977020,30,26,5,79
8977530,42,95,0,79
8978040,47,7,-7,86
8978550,66,32,3,83
8979060,80,14,6,77
8979570,94,34,-4,81
8980080,6,71,-2,83
8980590,28,65,7,76
8981100,50,59,-3,79
8981610,71,26,-2,81
8982120,85,46,3,78
8982630,99,84,-4,82
8983140,60,7,2,80
8983650,16,32,-3,83
8984160,38,26,0,83
8984670,63,95,9,74
8985180,18,54,-7,81
8985690,40,48,2,79
8986200,61,15,5,74
8986710,17,35,-7,81
8987220,39,29,0,81
8987730,51,98,2,79
8988240,56,10,0,79
8988750,70,30,-5,84
8989260,84,12,8,76
8989770,40,20,-6,82
8990280,52,2,12,70
8990790,66,75,-7,77
8991300,80,34,-7,84
8991810,94,54,10,74
8992320,6,91,-7,81
8992830,47,69,9,72
8993340,2,83,-8,80
8993850,43,61,5,75
8994360,64,75,7,68
8994870,85,34,-10,78
8995380,99,71,1,77
8995890,31,6,-7,84
8996400,43,79,11,73
8996910,48,93,-4,77
8997420,53,5,-2,79
8997930,67,78,5,74
8998440,88,37,-7,81
8998950,0,74,6,75
8999460,41,80,-5,80
8999970,63,74,6,74
9000480,84,33,-8,82
9000990,98,70,2,80
9001500,59,5,0,80
9002010,73,78,-1,81
9002520,34,13,-2,83
9003030,46,7,-1,84
9003540,71,32,3,81
9004050,85,14,4,77
9004560,41,51,-3,80
9005070,62,18,6,74
9005580,55,89,-4,78
9006090,76,48,-2,80
9006600,43,11,1,79
9007110,71,95,2,77
9007620,26,30,-5,82
9008130,38,99,-3,85
9008640,43,11,4,81
9009150,57,5,7,74
9009660,13,78,-7,81
9010170,23,56,8,73
9010680,33,50,-5,78
9011190,54,44,3,75
9011700,21,11,-8,83
9012210,33,84,3,80
9012720,54,98,2,78
9013230,75,10,-2,80
9013740,89,20,-1,81
9014250,1,57,3,78
9014760,23,60,2,76
9015270,33,54,4,72
9015780,54,68,-2,74
9016290,9,27,-9,83
9016800,31,21,-4,87
9017310,43,3,5,82
9017820,58,28,3,79
9018330,72,10,3,76
9018840,86,20,0,76
9019350,42,57,4,72
9019860,63,71,0,72
9020370,24,6,-8,80
9020880,36,0,5,75
9021390,51,73,3,72
9021900,72,32,-13,85
9022410,86,70,10,75
9022920,47,5,-4,79
9023430,61,30,-2,81
9023940,75,12,6,75
9024450,89,22,-4,79
9024960,45,59,1,78
9025470,66,26,-4,82
9025980,80,8,7,75
9026490,94,18,-4,79
9027000,6,55,-2,81
9027510,16,58,2,79
9028020,26,52,3,76
9028530,36,46,2,74
9029040,57,13,-13,87
9029550,71,16,5,82
9030060,85,26,6,76
9030570,99,63,2,74
9031080,11,100,-7,81
9031590,40,78,0,81
9032100,61,72,6,75
9032610,82,7,1,74
9033120,56,17,-12,86
9033630,70,101,11,75
9034140,25,36,-7,82
9034650,37,3,1,81
9035160,49,76,8,73
9035670,70,90,-2,75
9036180,91,25,-4,79
9036690,3,62,3,76
9037200,25,56,-2,78
9037710,35,50,0,78
9038220,56,33,-3,81
9038730,70,15,2,79
9039240,84,25,-3,82
9039750,40,62,6,76
9040260,61,76,1,75
9040770,82,35,-6,81
9041280,96,73,2,79
9041790,57,8,-14,93
9042300,71,33,16,77
9042810,85,53,0,77
9043320,99,90,4,73
9043830,60,25,-10,83
9044340,74,8,10,73
9044850,88,18,-14,87
9045360,0,55,7,80
9045870,10,49,-2,82
9046380,20,52,5,77
9046890,30,46,1,76
9047400,51,13,-4,80
9047910,65,97,3,77
9048420,20,32,-1,78
9048930,32,101,-5,83
9049440,53,79,10,73
9049950,74,38,-9,82
9050460,88,20,9,73
9050970,0,57,-11,84
9051480,10,60,1,83
9051990,20,63,8,75
9052500,30,57,-5,80
9053010,40,51,7,73
9053520,61,18,-9,82
9054030,75,21,1,81
9054540,89,24,7,74
9055050,1,61,-7,81
9055560,23,55,2,79
9056070,33,49,1,78
9056580,58,16,-3,81
9057090,72,100,6,75
9057600,93,35,-5,80
9058110,5,72,1,79
9058620,15,50,-2,81
9059130,25,44,9,72
9059640,13,38,-10,82
9060150,23,32,-1,83
9060660,49,101,2,81
9061170,56,22,4,77
9061680,70,4,8,69
9062190,44,77,-9,78
9062700,65,91,4,74
9063210,20,26,-11,85
9063720,32,95,4,81
9064230,37,98,5,76
9064740,58,10,-6,82
9065250,72,20,7,75
9065760,86,57,3,72
9066270,25,94,-12,84
9066780,46,72,9,75
9067290,67,86,3,72
9067800,88,21,-2,74
9068310,44,58,-4,78
9068820,65,25,-5,83
9069330,79,7,8,75
9069840,53,17,-9,84
9070350,67,101,7,77
9070860,22,36,-2,79
9071370,34,3,-1,80
9071880,46,28,-6,86
9072390,58,97,7,79
9072900,79,9,5,74
9073410,35,19,-10,84
9073920,60,1,10,74
9074430,34,26,-3,77
9074940,59,95,2,75
9075450,14,84,-9,84
9075960,24,62,4,80
9076470,34,56,9,71
9076980,55,70,-7,78
9077490,76,37,3,75
9078000,90,74,-2,77
9078510,51,9,-2,79
9079020,65,34,2,77
9079530,79,16,4,73
9080040,35,53,1,72
9080550,56,20,-6,78
9081060,70,2,6,72
9081570,44,75,-3,75
9082080,54,69,-2,77
9082590,75,28,-3,80
9083100,89,31,-5,85
9083610,1,68,15,70
9084120,66,46,-11,81
9084630,27,28,-1,82
9085140,53,97,4,78
9085650,74,9,1,77
9086160,30,19,-5,82
9086670,55,1,3,79
9087180,29,26,2,77
9087690,54,95,2,75
9088200,64,54,0,75
9088710,25,11,-5,80
9089220,37,84,-2,82
9089730,47,87,5,77
9090240,57,43,0,77
9090750,18,25,-11,88
9091260,44,19,-1,89
9091770,56,16,10,79
9092280,70,100,7,72
9092790,25,35,-11,83
9093300,37,2,4,79
9093810,49,75,3,76
9094320,70,69,1,75
9094830,31,58,4,71
9095340,41,52,-8,79
9095850,62,19,5,74
9096360,18,39,-7,81
9096870,28,33,-4,85
9097380,54,0,2,83
9097890,69,25,7,76
9098400,25,45,-6,82
9098910,46,39,5,77
9099420,71,6,0,77
9099930,23,16,-4,81
9100440,35,85,6,75
9100950,56,88,2,73
9101460,66,47,-1,74
9101970,27,36,-9,83
9102480,39,3,-5,88
9102990,54,28,3,85
9103500,68,10,7,78
9104010,24,20,-6,84
9104520,36,2,0,84
9105030,61,27,7,77
9105540,75,9,2,75
9106050,31,19,-5,80
9106560,43,88,0,80
9107070,53,0,1,79
9107580,65,25,-4,83
9108090,79,7,10,73
9108600,35,17,-6,79
9109110,47,101,6,73
9109620,68,13,-4,77
9110130,24,23,-6,83
9110640,50,92,7,76
9111150,71,4,4,72
9111660,27,77,-11,83
9112170,37,80,6,77
9112680,58,94,3,74
9113190,13,53,-2,76
9113700,23,56,-2,78
9114210,33,50,3,75
9114720,54,17,-6,81
9115230,68,101,3,78
9115740,23,36,-2,80
9116250,35,3,1,79
9116760,47,28,-1,80
9117270,72,10,1,79
9117780,28,20,2,77
9118290,53,89,1,76
9118800,74,1,4,72
9119310,48,74,3,69
9119820,58,33,-11,80
9120330,72,15,5,75
9120840,28,25,-6,81
9121350,54,94,7,74
9121860,9,6,-10,84
9122370,48,79,8,76
9122880,69,73,4,72
9123390,30,8,-9,81
9123900,42,81,2,79
9124410,63,75,5,74
9124920,84,64,-7,81
9125430,45,101,3,78
9125940,66,13,0,78
9126450,22,23,-3,81
9126960,34,92,-6,87
9127470,55,95,12,75
9127980,76,47,0,75
9128490,86,84,1,74
9129000,47,19,-11,85
9129510,59,1,13,72
9130020,15,26,-8,80
9130530,54,95,1,79
9131040,64,47,4,75
9131550,25,14,-8,83
9132060,37,98,-2,85
9132570,58,101,9,76
9133080,68,22,-3,79
9133590,24,25,-3,82
9134100,50,94,9,73
9134610,71,6,3,70
9135120,27,16,-7,77
9135630,39,85,1,76
9136140,49,88,1,75
9136650,70,0,-1,76
9137160,44,25,-3,79
9137670,69,18,-3,82
9138180,25,21,0,82
9138690,50,15,-2,84
9139200,64,99,7,77
9139710,19,34,-6,83
9140220,7,1,6,77
9140730,68,74,2,75
9141240,29,9,-7,82
9141750,41,3,6,76
9142260,66,28,-3,79
9142770,80,66,4,75
9143280,41,1,-3,78
9143790,66,26,-4,82
9144300,80,8,5,77
9144810,36,18,-2,79
9145320,61,0,4,75
9145830,35,25,-6,81
9146340,60,94,4,77
9146850,81,53,1,76
9147360,42,90,1,75
9147870,52,2,-4,79
9148380,8,27,3,76
9148890,18,21,-8,84
9149400,30,90,3,81
9149910,35,93,4,77
9150420,40,96,-10,87
9150930,61,99,13,74
9151440,82,34,-3,77
9151950,96,71,0,77
9152460,57,6,-8,85
9152970,13,31,-2,87
9153480,1,25,0,87
9153990,91,31,4,83
9154500,3,68,4,79
9155010,59,71,3,76
9155520,80,30,-7,83
9156030,94,67,4,79
9156540,55,2,2,77
9157050,11,27,-3,80
9157560,21,21,-9,89
9158070,46,90,11,78
9158580,67,79,5,73
9159090,88,68,3,70
9159600,49,3,-7,77
9160110,45,28,-4,81
9160620,70,10,2,79
9161130,26,20,-2,81
9161640,51,89,6,75
9162150,72,48,1,74
9162660,33,85,-14,88
9163170,54,88,10,78
9163680,75,47,3,75
9164190,14,84,-7,82
9164700,24,62,1,81
9165210,34,65,6,75
9165720,44,59,2,73
9166230,65,26,-13,86
9166740,79,8,7,79
9167250,35,18,-5,84
9167760,60,0,6,78
9168270,34,38,-1,79
9168780,59,5,-1,80
9169290,15,30,-4,84
9169800,27,24,0,84
9170310,53,93,7,77
9170820,8,45,3,74
9171330,18,39,-11,85
9171840,28,33,5,80
9172350,54,0,3,77
9172860,10,25,-4,81
9173370,100,19,3,78
9173880,12,56,-2,80
9174390,22,59,1,79
9174900,32,62,2,77
9175410,42,56,2,75
9175920,63,23,-5,80
9176430,77,26,4,76
9176940,33,29,-5,81
9177450,18,98,-4,85
9177960,28,76,7,78
9178470,38,79,-1,79
9178980,48,73,5,74
9179490,69,32,-4,78
9180000,83,14,-3,81
9180510,39,24,2,79
9181020,64,93,3,76
9181530,19,52,-2,78
9182040,29,55,-8,86
9182550,39,49,6,80
9183060,64,16,-2,82
9183570,78,26,1,81
9184080,92,29,0,81
9184590,48,66,7,74
9185100,69,33,-9,83
9185610,83,15,2,81
9186120,39,25,-2,83
9186630,64,94,15,68
9187140,19,29,-13,81
9187650,42,98,5,76
9188160,47,101,1,75
9188670,68,13,-12,87
9189180,24,23,6,81
9189690,50,92,8,73
9190200,71,51,-3,76
9190710,32,40,0,76
9191220,57,7,-8,84
9191730,71,32,2,82
9192240,85,70,5,77
9192750,46,5,-1,78
9193260,71,30,4,74
9193770,85,68,-2,76
9194280,46,3,-6,82
9194790,71,28,5,77
9195300,85,10,-6,83
9195810,59,20,1,82
9196320,73,2,14,68
9196830,47,75,-7,75
9197340,52,89,-4,79
9197850,73,48,5,74
9198360,89,85,-2,76
9198870,50,20,1,75
9199380,64,2,3,72
9199890,38,75,-8,80
9200400,48,69,2,78
9200910,69,36,0,78
9201420,83,18,2,76
9201930,39,28,-8,84
9202440,64,97,10,74
9202950,19,32,-11,85
9203460,42,101,3,82
9203970,63,2,5,77
9204480,77,27,1,76
9204990,91,30,-1,77
9205500,3,67,5,72
9206010,61,73,-8,80
9206520,82,40,-2,82
9207030,96,78,8,74
9207540,57,13,-18,92
9208050,71,97,16,76
9208560,92,32,-2,78
9209070,48,69,2,76
9209580,69,83,-2,78
9210090,90,18,-4,82
9210600,46,55,4,78
9211110,67,22,-3,81
9211620,81,42,5,76
9212130,95,80,-4,80
9212640,56,15,-5,85
9213150,70,99,10,75
9213660,91,34,-2,77
9214170,3,71,-2,79
9214680,59,74,8,71
9215190,80,41,-10,81
9215700,94,79,4,77
9216210,55,14,-6,83
9216720,69,17,7,76
9217230,25,27,-9,85
9217740,51,96,8,77
9218250,72,8,1,76
9218760,28,18,-10,86
9219270,40,87,2,84
9219780,61,90,5,79
9220290,82,49,1,78
9220800,96,87,2,76
9221310,57,22,-10,86
9221820,71,4,9,77
9222330,27,77,-9,86
9222840,37,80,6,80
9223350,47,83,7,73
9223860,24,97,-8,81
9224370,45,75,1,80
9224880,66,34,-2,82
9225390,80,16,4,78
9225900,36,26,-7,85
9226410,61,95,9,76
9226920,16,30,-2,78
9227430,28,24,-6,84
9227940,54,93,8,76
9228450,31,5,-7,83
9228960,43,30,1,82
9229470,68,99,7,75
9229980,23,34,-8,83
9230490,46,42,6,77
9231000,71,9,-4,81
9231510,27,19,-2,83
9232020,53,88,7,76
9232530,30,0,-18,94
9233040,42,25,10,84
9233550,67,7,5,79
9234060,23,17,0,79
9234570,35,86,-2,81
9235080,56,89,9,72
9235590,77,48,-3,75
9236100,91,85,-6,81
9236610,52,20,-2,83
9237120,66,2,5,78
9237630,40,75,2,76
9238140,61,89,-4,80
9238650,82,48,8,72
9239160,96,85,-6,78
9239670,57,20,-4,82
9240180,71,2,7,75
9240690,45,75,2,73
9241200,50,89,-2,75
9241710,5,37,-5,80
9242220,15,43,6,74
9242730,25,37,-5,79
9243240,37,4,2,77
9243750,62,29,-5,82
9244260,76,11,1,81
9244770,32,21,0,81
9245280,57,90,10,71
9245790,78,49,-7,78
9246300,92,12,-1,79
9246810,48,22,-6,85
9247320,73,4,12,73
9247830,29,77,-4,77
9248340,39,80,-4,81
9248850,49,74,10,71
9249360,26,33,-14,85
9249870,49,0,8,77
9250380,5,25,-2,79
9250890,95,31,-5,84
9251400,51,68,10,74
9251910,72,35,-5,79
9252420,86,73,7,72
9252930,47,8,-8,80
9253440,61,33,0,80
9253950,75,15,0,80
9254460,31,25,-5,85
9254970,56,7,5,80
9255480,12,17,-4,84
9255990,51,11,3,81
9256500,7,95,-4,85
9257010,13,73,1,84
9257520,35,76,10,74
9258030,57,90,-2,76
9258540,62,49,1,75
9259050,23,16,-9,84
9259560,35,85,2,82
9260070,56,88,9,73
9260580,11,47,-6,79
9261090,21,50,-4,83
9261600,31,44,2,81
9262110,54,11,3,78
9262620,10,31,2,76
9263130,20,37,-5,81
9263640,59,4,5,76
9264150,15,69,-6,82
9264660,25,72,2,80
9265170,47,75,4,76
9265680,68,89,6,70
9266190,23,48,-7,77
9266700,33,42,-2,79
9267210,18,9,-4,83
9267720,30,82,-1,84
9268230,35,85,3,81
9268740,40,88,0,81
9269250,61,0,2,79
9269760,17,73,-2,81
9270270,27,76,2,79
9270780,37,79,3,76
9271290,59,82,1,75
9271800,14,41,-4,79
9272310,24,44,3,76
9272820,12,11,-1,77
9273330,24,80,-3,80
9273840,46,83,3,77
9274350,51,97,2,75
9274860,6,9,-3,78
9275370,45,6,-6,84
9275880,59,31,4,80
9276390,73,13,-1,81
9276900,29,23,0,81
9277410,36,92,-1,82
9277920,41,95,3,79
9278430,70,7,1,78
9278940,26,17,-5,83
9279450,38,101,2,81
9279960,43,13,1,80
9280470,71,97,8,72
9280980,26,56,-5,77
9281490,36,50,-4,81
9282000,57,17,0,81
9282510,71,101,0,81
9283020,26,20,-4,85
9283530,38,2,5,80
9284040,63,27,-4,84
9284550,77,9,5,79
9285060,33,19,3,76
9285570,45,88,-4,80
9286080,66,0,3,77
9286590,40,73,3,74
9287100,69,87,-8,82
9287610,90,46,3,79
9288120,2,84,5,74
9288630,31,62,-2,76
9289140,53,56,0,76
9289650,14,23,-10,86
9290160,26,17,-2,88
9290670,38,86,9,79
9291180,67,89,10,69
9291690,22,48,-8,77
9292200,32,42,-6,83
9292710,55,9,5,78
9293220,11,34,2,76
9293730,33,40,-3,79
9294240,18,7,-3,82
9294750,30,80,5,77
9295260,59,83,2,75
9295770,80,42,-2,77
9296280,94,24,-7,84
9296790,50,44,7,77
9297300,17,11,-1,78
9297810,29,80,-9,87
9298320,51,83,8,79
9298830,72,97,-1,80
9299340,27,56,2,78
9299850,37,50,3,75
9300360,58,17,-4,79
9300870,72,101,7,72
9301380,27,60,-6,78
9301890,37,54,1,77
9302400,58,21,-2,79
9302910,72,3,3,76
9303420,46,13,-5,81
9303930,60,97,6,75
9304440,15,9,-6,81
9304950,27,82,0,81
9305460,32,85,1,80
9305970,37,99,4,76
9306480,66,11,2,74
9306990,22,46,-3,77
9307500,32,40,0,77
9308010,44,7,-3,80
9308520,72,32,5,75
9309030,86,52,-3,78
9309540,100,41,-5,83
9310050,12,61,2,81
9310560,22,64,3,78
9311070,32,67,2,76
9311580,42,81,-4,80
9312090,77,95,5,75
9312600,32,54,1,74
9313110,42,13,-4,78
9313620,70,97,0,78
9314130,25,56,-1,79
9314640,35,50,4,75
9315150,56,17,-7,82
9315660,70,101,9,73
9316170,25,60,-7,80
9316680,35,63,4,76
9317190,56,22,-8,84
9317700,70,4,6,78
9318210,26,29,-3,81
9318720,49,98,2,79
9319230,78,57,2,77
9319740,39,46,-3,80
9320250,62,13,2,78
9320760,18,97,-9,87
9321270,47,75,12,75
9321780,24,89,-10,85
9322290,27,92,6,79
9322800,30,4,3,76
9323310,42,29,-4,80
9323820,67,11,-6,86
9324330,23,36,0,86
9324840,35,3,9,77
9325350,50,28,-5,82
9325860,78,10,5,77
9326370,34,30,-5,82
9326880,46,99,9,73
9327390,75,11,-10,83
9327900,31,31,3,80
9328410,43,100,-1,81
9328920,72,22,1,80
9329430,28,42,4,76
9329940,49,9,-4,80
9330450,63,34,-3,83
9330960,77,16,5,78
9331470,33,36,-1,79
9331980,58,3,4,75
9332490,14,28,-9,84
9333000,26,34,7,77
9333510,49,1,5,72
9334020,63,26,-10,82
9334530,77,8,8,74
9335040,33,18,-12,86
9335550,45,0,7,79
9336060,60,25,0,79
9336570,74,7,-2,81
9337080,88,17,-2,83
9337590,44,37,-5,88
9338100,69,4,16,72
9338610,25,29,-12,84
9339120,48,98,4,80
9339630,69,5,6,74
9340140,25,30,-8,82
9340650,48,99,5,77
9341160,69,11,1,76
9341670,25,31,-9,85
9342180,48,100,8,77
9342690,69,12,-4,81
9343200,25,32,-3,84
9343710,48,101,6,78
9344220,77,13,0,78
9344730,33,33,-5,83
9345240,45,0,0,83
9345750,70,25,-2,85
9346260,84,45,1,84
9346770,98,27,2,82
9347280,10,64,0,82
9347790,20,67,-3,85
9348300,23,70,5,80
9348810,26,73,-6,86
9349320,29,76,2,84
9349830,39,79,6,78
9350340,60,93,2,76
9350850,81,5,2,74
9351360,55,15,-12,86
9351870,69,35,7,79
9352380,83,17,4,75
9352890,39,37,-8,83
9353400,62,4,8,75
9353910,18,29,-11,86
9354420,41,23,2,84
9354930,53,5,2,82
9355440,67,30,2,80
9355950,81,12,-1,81
9356460,37,32,-2,83
9356970,62,101,6,77
9357480,83,60,4,73
9357990,39,97,-11,84
9358500,60,9,7,77
9359010,16,29,-6,83
9359520,55,23,-1,84
9360030,69,5,10,74
9360540,25,15,-11,85
9361050,37,99,-1,86
9361560,58,0,12,74
9362070,73,25,-9,83
9362580,29,45,2,81
9363090,50,12,2,79
9363600,64,96,0,79
9364110,85,55,6,73
9364620,101,92,-8,81
9365130,62,27,-4,85
9365640,76,9,8,77
9366150,32,29,-3,80
9366660,57,98,3,77
9367170,78,57,5,72
9367680,81,94,-6,78
9368190,0,29,-2,80
9368700,90,35,-2,82
9369210,2,55,-5,87
9369720,92,58,11,76
9370230,4,95,-3,79
9370740,33,73,6,73
9371250,55,87,1,72
9371760,76,46,-9,81
9372270,90,28,-3,84
9372780,46,48,4,80
9373290,67,15,4,76
9373800,23,35,-12,88
9374310,46,2,10,78
9374820,61,27,-1,79
9375330,75,9,6,73
9375840,31,29,-9,82
9376350,56,98,4,78
9376860,77,57,1,77
9377370,38,94,-1,78
9377880,67,6,4,74
9378390,23,26,-8,82
9378900,8,95,0,82
9379410,37,73,3,79
9379920,58,87,10,69
9380430,13,46,-12,81
9380940,23,49,-1,82
9381450,33,55,1,81
9381960,43,14,1,80
9382470,71,98,8,72
9382980,26,57,-5,77
9383490,36,71,1,76
9384000,46,85,-5,81
9384510,67,99,8,73
9385020,22,58,-3,76
9385530,32,61,-4,80
9386040,42,75,2,78
9386550,64,89,6,72
9387060,19,48,-8,80
9387570,29,54,0,80
9388080,39,48,0,80
9388590,60,15,-3,83
9389100,16,99,6,77
9389610,45,77,1,76
9390120,22,36,-7,83
9390630,10,3,-1,84
9391140,22,87,1,83
9391650,44,90,9,74
9392160,73,18,4,70
9392670,36,38,-8,78
9393180,61,5,1,77
9393690,17,30,-8,85
9394200,29,36,6,79
9394710,54,3,5,74
9395220,10,28,-9,83
9395730,11,34,2,81
9396240,21,40,1,80
9396750,9,34,-2,82
9397260,19,40,3,79
9397770,29,46,-2,81
9398280,41,13,0,81
9398790,53,97,7,74
9399300,30,56,-5,79
9399810,40,50,1,78
9400320,61,17,-11,89
9400830,75,37,8,81
9401340,89,57,0,81
9401850,1,94,-1,82
9402360,57,72,6,76
9402870,78,31,-7,83
9403380,92,51,5,78
9403890,4,71,-2,80
9404400,60,74,10,70
9404910,15,33,-10,80
9405420,16,27,1,79
9405930,17,3,-7,86
9406440,29,76,6,80
9406950,51,79,4,76
9407460,28,38,-1,77
9407970,62,5,0,77
9408480,18,30,-4,81
9408990,48,99,4,77
9409500,77,11,3,74
9410010,33,31,-6,80
9410520,67,100,1,79
9411030,93,59,-1,80
9411540,5,96,-4,84
9412050,61,74,6,78
9412560,82,33,-1,79
9413070,96,53,-4,83
9413580,8,91,7,76
9414090,37,69,-1,77
9414600,47,77,6,71
9415110,24,36,-15,86
9415620,12,3,-1,87
9416130,68,76,9,78
9416640,23,11,1,77
9417150,35,5,0,77
9417660,60,30,-6,83
9418170,74,12,7,76
9418680,30,32,-3,79
9419190,89,101,1,78
9419700,44,36,-7,85
9420210,69,3,9,76
9420720,43,13,-9,85
9421230,55,100,10,75
9421740,84,59,0,75
9422250,100,96,-2,77
9422760,61,31,-1,78
9423270,75,13,1,77
9423780,31,33,-4,81
9424290,90,0,3,78
9424800,64,73,2,76
9425310,22,32,-9,85
9425820,45,26,6,79
9426330,70,8,7,72
9426840,26,28,-11,83
9427350,56,97,6,77
9427860,33,56,-1,78
9428370,43,15,0,78
9428880,71,99,5,73
9429390,26,58,-8,81
9429900,36,61,5,76
9430410,46,75,3,73
9430920,23,34,-10,83
9431430,53,1,2,81
9431940,68,26,0,81
9432450,82,54,6,75
9432960,98,91,-5,80
9433470,59,26,-2,82
9433980,73,8,3,79
9434490,29,28,-4,83
9435000,54,97,9,74
9435510,89,56,1,73
9436020,1,93,-11,84
9436530,57,71,10,74
9437040,78,30,-9,83
9437550,92,50,8,75
9438060,4,87,-1,76
9438570,33,65,-3,79
9439080,11,67,-6,85
9439590,21,70,-2,87
9440100,31,73,10,77
9440610,53,76,4,73
9441120,74,35,-9,82
9441630,88,17,6,76
9442140,44,37,-7,83
9442650,69,4,7,76
9443160,43,29,-4,80
9443670,68,11,-5,85
9444180,81,31,5,80
9444690,95,69,4,76
9445200,9,4,-2,78
9445710,21,77,-3,81
9446220,43,80,0,81
9446730,65,83,7,74
9447240,20,42,-12,86
9447750,42,93,13,73
9448260,71,14,-4,77
9448770,27,34,-4,81
9449280,86,1,2,79
9449790,60,31,-4,83
9450300,74,13,6,77
9450810,30,33,-3,80
9451320,15,0,-4,84
9451830,30,73,7,77
9452340,52,76,4,73
9452850,73,35,-10,83
9453360,87,17,1,82
9453870,43,37,3,79
9454380,68,4,1,78
9454890,64,29,-4,82
9455400,78,11,6,76
9455910,34,21,-3,79
9456420,59,3,2,77
9456930,43,28,-7,84
9457440,68,10,9,75
9457950,24,30,-2,77
9458460,49,99,-1,78
9458970,78,11,3,75
9459480,34,21,-2,77
9459990,59,3,5,72
9460500,15,28,-4,76
9461010,99,22,-8,84
9461520,55,59,6,78
9462030,76,48,8,70
9462540,81,85,-5,75
9463050,39,20,-9,84
9463560,51,2,1,83
9464070,66,27,4,79
9464580,80,9,3,76
9465090,36,19,-6,82
9465600,48,1,4,78
9466110,63,26,0,78
9466620,77,8,6,72
9467130,33,18,-11,83
9467640,45,0,6,77
9468150,60,25,-6,83
9468660,74,7,6,77
9469170,30,17,-8,85
9469680,42,101,-4,89
9470190,71,2,17,72
9470700,45,12,-16,88
9471210,73,96,15,73
9471720,28,31,-5,78
9472230,62,100,7,71
9472740,91,52,-8,79
9473250,3,90,7,72
9473760,59,68,-7,79
9474270,80,57,4,75
9474780,43,94,-4,79
9475290,65,15,-2,81
9475800,79,35,4,77
9476310,93,73,-3,80
9476820,54,8,1,79
9477330,68,18,3,76
9477840,24,21,-1,77
9478350,49,90,0,77
9478860,26,11,-4,81
9479370,38,95,1,80
9479880,67,7,7,73
9480390,23,17,-11,84
9480900,35,86,4,80
9481410,64,9,-1,81
9481920,20,19,1,80
9482430,32,88,0,80
9482940,61,91,7,73
9483450,16,50,-6,79
9483960,38,53,4,75
9484470,59,20,0,75
9484980,73,40,-4,79
9485490,87,22,-2,81
9486000,43,32,0,81
9486510,68,101,8,73
9487020,23,36,-10,83
9487530,82,30,3,80
9488040,96,12,0,80
9488550,52,22,4,76
9489060,66,4,1,75
9489570,22,14,-7,82
9490080,34,98,-4,86
9490590,63,101,8,78
9491100,18,90,-5,83
9491610,40,68,8,75
9492120,62,82,-1,76
9492630,17,41,-4,80
9493140,39,44,5,75
9493650,13,11,-8,83
9494160,25,95,-2,85
9494670,48,79,11,74
9495180,25,31,-6,80
9495690,59,100,4,76
9496200,36,59,1,75
9496710,58,73,-1,76
9497220,13,94,-4,80
9497730,52,72,7,73
9498240,73,31,-7,80
9498750,87,13,0,80
9499260,43,23,0,80
9499770,71,5,-3,83
9500280,27,15,4,79
9500790,39,99,3,76
9501300,68,11,-2,78
9501810,24,21,-6,84
9502320,50,3,0,84
9502830,46,28,1,83
9503340,74,10,4,79
9503850,30,20,-4,83
9504360,42,2,1,82
9504870,57,27,-3,85
9505380,71,9,12,73
9505890,27,19,-11,84
9506400,70,88,12,72
9506910,25,23,-8,80
9507420,59,92,5,75
9507930,88,51,2,73
9508440,44,88,-9,82
9508950,73,9,6,76
9509460,29,19,-4,80
9509970,41,1,-2,82
9510480,66,26,3,79
9510990,80,8,-1,80
9511500,36,18,-4,84
9512010,48,0,1,83
9512520,63,25,4,79
9513030,77,7,-4,83
9513540,33,17,0,83
9514050,45,101,4,79
9514560,74,13,6,73
9515070,30,23,-3,76
9515580,55,92,-5,81
9516090,84,44,2,79
9516600,98,82,2,77
9517110,56,17,-4,81
9517620,12,101,-1,82
9518130,41,79,5,77
9518640,18,99,-8,85
9519150,57,77,10,75
9519660,78,36,-4,79
9520170,61,18,-2,81
9520680,24,0,2,79
9521190,39,73,-2,81
9521700,61,87,4,77
9522210,16,46,-2,79
9522720,38,49,3,76
9523230,59,16,-2,78
9523740,15,36,2,76
9524250,3,30,-8,84
9524760,93,33,6,78
9525270,49,70,3,75
9525780,4,29,-5,80
9526290,14,35,-3,83
9526800,36,29,1,82
9527310,61,98,7,75
9527820,16,57,-6,81
9528330,26,60,4,77
9528840,48,74,3,74
9529350,77,33,-8,82
9529860,91,15,3,79
9530370,47,25,-7,86
9530880,75,7,9,77
9531390,31,17,-3,80
9531900,43,101,-4,84
9532410,72,13,8,76
9532920,28,23,-9,85
9533430,54,92,9,76
9533940,83,51,-5,81
9534450,15,33,1,80
9534960,3,27,-4,84
9535470,93,33,6,78
9535980,49,70,4,74
9536490,70,29,-10,84
9537000,84,11,5,79
9537510,40,21,-2,81
9538020,52,3,-3,84
9538530,77,28,0,84
9539040,33,10,2,82
9539550,45,94,7,75
9540060,74,6,-1,76
9540570,30,79,-2,78
9541080,52,93,1,77
9541590,81,5,-9,86
9542100,55,78,15,71
9542610,76,37,-8,79
9543120,90,19,0,79
9543630,46,29,-1,80
9544140,71,11,2,78
9544650,27,21,-4,82
9545160,52,90,7,75
9545670,29,49,3,72
9546180,17,16,-11,83
9546690,38,85,3,80
9547200,60,99,6,74
9547710,89,58,-6,80
9548220,3,95,6,74
9548730,59,73,2,72
9549240,14,32,-9,81
9549750,36,13,1,80
9550260,48,39,-1,81
9550770,22,6,-6,87
9551280,34,79,11,76
9551790,56,93,-2,78
9552300,11,44,-4,82
9552810,21,47,-3,85
9553320,43,50,7,78
9553830,15,17,-1,79
9554340,54,86,1,78
9554850,31,45,-4,82
9555360,52,12,1,81
9555870,66,96,7,74
9556380,21,55,-2,76
9556890,31,69,2,74
9557400,53,83,-3,77
9557910,30,42,2,75
9558420,2,9,-6,81
9558930,41,6,1,80
9559440,66,31,3,77
9559950,80,13,-3,80
9560460,36,23,-2,82
9560970,48,5,-5,87
9561480,62,30,13,74
9561990,76,12,-2,76
9562500,32,22,3,73
9563010,57,91,0,73
9563520,86,50,-11,84
9564030,100,32,3,81
9564540,56,69,5,76
9565050,13,28,-7,83
9565560,1,10,1,82
9566070,57,3,10,72
9566580,13,28,-12,84
9567090,1,22,5,79
9567600,91,28,3,76
9568110,33,65,2,74
9568620,55,79,-1,75
9569130,10,38,-4,79
9569640,20,19,-3,82
9570150,46,8,3,79
9570660,60,33,1,78
9571170,74,65,2,76
9571680,35,0,-5,81
9572190,50,25,-4,85
9572700,78,7,10,75
9573210,34,17,-10,85
9573720,46,101,0,85
9574230,75,13,9,76
9574740,31,33,-3,79
9575250,65,0,5,74
9575760,39,51,-5,79
9576270,73,18,3,76
9576780,29,38,-1,77
9577290,88,5,-5,82
9577800,62,78,10,72
9578310,17,37,-12,84
9578820,5,51,3,81
9579330,15,54,0,81
9579840,25,57,1,80
9580350,35,71,-2,82
9580860,45,85,0,82
9581370,67,99,8,74
9581880,22,34,-7,81
9582390,23,1,-1,82
9582900,38,74,6,76
9583410,60,88,3,73
9583920,15,47,-12,85
9584430,25,29,0,85
9584940,51,98,10,75
9585450,80,50,0,75
9585960,96,87,-12,87
9586470,57,22,2,85
9586980,71,4,10,75
9587490,27,29,-4,79
9588000,53,98,1,78
9588510,82,50,0,78
9589020,87,87,-7,85
9589530,48,22,4,81
9590040,62,4,9,72
9590550,18,29,-9,81
9591060,19,98,2,79
9591570,48,76,1,78
9592080,25,35,-11,89
9592590,59,2,10,79
9593100,15,27,3,76
9593610,16,96,-6,82
9594120,100,74,1,81
9594630,61,9,1,80
9595140,17,34,-1,81
9595650,5,1,3,78
9596160,61,85,1,77
9596670,16,44,0,77
9597180,26,58,0,77
9597690,36,72,-1,78
9598200,13,86,-4,82
9598710,42,70,9,73
9599220,64,29,-8,81
9599730,78,11,9,72
9600240,34,31,-11,83
9600750,59,100,7,76
9601260,14,52,-5,81
9601770,24,59,1,80
9602280,34,73,3,77
9602790,56,87,1,76
9603300,11,46,0,76
9603810,21,60,-8,84
9604320,31,74,6,78
9604830,53,88,3,75
9605340,82,47,1,74
9605850,96,29,-3,77
9606360,52,66,1,76
9606870,73,25,-6,82
9607380,87,7,2,80
9607890,43,17,0,80
9608400,71,101,11,69
9608910,26,60,-12,81
9609420,36,49,5,76
9609930,24,16,-5,81
9610440,36,100,-2,83
9610950,65,12,4,79
9611460,21,32,-2,81
9611970,22,101,1,80
9612480,51,79,5,75
9612990,76,38,-10,85
9613500,90,20,8,77
9614010,46,40,-1,78
9614520,51,7,4,74
9615030,7,32,-3,77
9615540,97,84,-4,81
9616050,58,19,-6,87
9616560,72,33,8,79
9617070,86,15,-4,83
9617580,42,35,2,81
9618090,67,2,2,79
9618600,63,27,1,78
9619110,77,9,4,74
9619620,33,29,-7,81
9620130,18,98,1,80
9620640,0,76,-4,84
9621150,41,60,6,78
9621660,62,19,-4,82
9622170,18,1,-1,83
9622680,30,74,1,82
9623190,52,63,10,72
9623700,73,30,-5,77
9624210,87,12,-1,78
9624720,43,22,-10,88
9625230,68,38,7,81
9625740,82,20,5,76
9626250,54,40,2,74
9626760,15,7,-12,86
9627270,76,80,5,81
9627780,37,69,-3,84
9628290,47,83,3,81
9628800,24,72,-9,90
9629310,34,86,7,83
9629820,39,75,3,80
9630330,16,89,-5,85
9630840,100,73,7,78
9631350,61,8,3,75
9631860,17,28,-9,84
9632370,101,97,1,83
9632880,80,32,5,78
9633390,94,52,2,76
9633900,6,90,-3,79
9634410,90,74,-3,82
9634920,51,33,-3,85
9635430,76,15,3,82
9635940,32,68,8,74
9636450,54,82,2,72
9636960,31,41,-12,84
9637470,32,8,7,77
9637980,44,92,-2,79
9638490,66,4,4,75
9639000,22,29,-6,81
9639510,48,98,8,73
9640020,25,10,-12,85
9640530,37,94,6,79
9641040,42,6,-4,83
9641550,67,31,4,79
9642060,81,13,1,78
9642570,37,33,-5,83
9643080,62,0,11,72
9643590,36,25,-10,82
9644100,101,7,-1,83
9644610,75,17,6,77
9645120,31,37,-4,81
9645630,90,4,4,77
9646140,64,14,7,70
9646650,20,34,-13,83
9647160,21,1,1,82
9647670,36,74,4,78
9648180,46,88,-1,79
9648690,23,0,-5,84
9649200,35,25,3,81
9649710,60,94,6,75
9650220,37,53,1,74
9650730,25,20,-10,84
9651240,51,89,9,75
9651750,28,48,1,74
9652260,16,15,-7,81
9652770,28,84,-4,85
9653280,50,98,8,77
9653790,27,10,-2,79
9654300,39,76,1,78
9654810,49,90,-1,79
9655320,26,2,-8,87
9655830,41,27,5,82
9656340,66,96,10,72
9656850,21,55,-5,77
9657360,31,69,-3,80
9657870,41,83,2,78
9658380,18,97,-6,84
9658890,23,75,1,83
9659400,33,89,-4,87
9659910,38,78,9,78
9660420,43,81,-1,79
9660930,53,49,1,78
9661440,58,16,-2,80
9661950,72,100,5,75
9662460,27,95,-8,83
9662970,49,7,5,78
9663480,63,32,-1,79
9663990,77,14,6,73
9664500,33,34,-7,80
9665010,92,1,-1,81
9665520,66,74,5,76
9666030,21,41,-8,84
9666540,43,8,1,83
9667050,62,33,3,80
9667560,76,15,-1,81
9668070,32,35,-2,83
9668580,57,2,3,80
9669090,13,27,-5,85
9669600,1,9,-1,86
9670110,57,2,13,73
9670620,13,27,-10,83
9671130,14,9,3,80
9671640,75,78,13,67
9672150,36,37,-14,81
9672660,61,4,10,71
9673170,100,29,-8,79
9673680,56,49,8,71
9674190,17,16,-12,83
9674700,78,85,5,78
9675210,39,44,0,78
9675720,64,11,0,78
9676230,20,31,-1,79
9676740,5,100,-1,80
9677250,61,25,1,79
9677760,75,7,0,79
9678270,31,27,-3,82
9678780,56,96,5,77
9679290,33,8,-2,79
9679800,45,33,-4,83
9680310,70,0,11,72
9680820,44,25,-11,83
9681330,69,7,5,78
9681840,25,27,-6,84
9682350,51,96,4,80
9682860,72,8,9,71
9683370,28,28,-15,86
9683880,53,97,10,76
9684390,30,9,-2,78
9684900,42,93,1,77
9685410,19,5,-3,80
9685920,31,78,-5,85
9686430,41,92,10,75
9686940,18,4,-8,83
9687450,30,77,10,73
9687960,24,91,-6,79
9688470,29,75,-2,81
9688980,39,89,1,80
9689490,61,1,4,76
9690000,35,26,-10,86
9690510,60,95,12,74
9691020,37,54,-6,80
9691530,49,21,0,80
9692040,63,3,5,75
9692550,19,7,-4,79
9693060,31,91,-6,85
9693570,41,3,1,84
9694080,66,28,7,77
9694590,80,48,1,76
9695100,94,70,0,76
9695610,26,5,-8,84
9696120,38,30,8,76
9696630,63,99,3,73
9697140,40,58,-4,77
9697650,61,25,-2,79
9698160,75,7,3,76
9698670,31,17,-7,83
9699180,56,101,6,77
9699690,33,13,-7,84
9700200,45,97,3,81
9700710,22,9,-6,87
9701220,83,93,7,80
9701730,38,28,-2,82
9702240,63,97,9,73
9702750,40,16,-10,83
9703260,52,100,6,77
9703770,29,12,-6,83
9704280,41,96,4,79
9704790,63,8,2,77
9705300,19,28,-3,80
9705810,20,97,-3,83
9706320,30,75,0,83
9706830,40,89,7,76
9707340,50,1,-1,77
9707850,64,26,-11,88
9708360,78,8,8,80
9708870,34,18,0,80
9709380,59,0,-1,81
9709890,33,25,-1,82
9710400,58,94,7,75
9710910,35,53,3,72
9711420,57,20,-6,78
9711930,71,2,-1,79
9712440,45,75,3,76
9712950,66,34,-3,79
9713460,80,16,6,73
9713970,36,36,-8,81
9714480,70,3,7,74
9714990,44,13,-4,78
9715500,58,97,3,75
9716010,89,9,-6,81
9716520,63,19,0,81
9717030,77,1,5,76
9717540,51,11,-15,91
9718050,65,95,21,70
9718560,20,54,-13,83
9719070,30,57,6,77
9719580,40,71,3,74
9720090,50,30,-14,88
9720600,78,12,11,77
9721110,34,22,-1,78
9721620,59,91,3,75
9722130,36,10,-8,83
9722640,48,82,11,72
9723150,58,41,-17,89
9723660,83,23,11,78
9724170,39,43,4,74
9724680,73,10,-3,77
9725190,29,20,-5,82
9725700,54,2,2,80
9726210,68,27,-5,85
9726720,82,9,5,80
9727230,38,19,-5,85
9727740,50,1,2,83
9728250,65,26,4,79
9728760,79,8,4,75
9729270,35,18,-6,81
9729780,60,0,3,78
9730290,34,25,-8,86
9730800,59,94,12,74
9731310,36,53,3,71
9731820,61,20,-7,78
9732330,75,2,4,74
9732840,49,12,-4,78
9733350,63,32,-7,85
9733860,77,14,10,75
9734370,33,34,-6,81
9734880,67,1,11,70
9735390,41,11,-10,80
9735900,53,95,-1,81
9736410,30,84,0,81
9736920,40,98,2,79
9737430,45,10,0,79
9737940,59,80,8,71
9738450,36,39,-12,83
9738960,70,6,9,74
9739470,26,16,-9,83
9739980,38,85,3,80
9740490,48,99,4,76
9741000,25,11,-9,85
9741510,37,95,3,82
9742020,47,7,1,81
9742530,61,32,3,78
9743040,75,14,-2,80
9743550,31,34,2,78
9744060,90,1,1,77
9744570,64,74,-1,78
9745080,85,33,0,78
9745590,99,53,-4,82
9746100,11,91,4,78
9746610,95,1,-9,87
9747120,69,11,13,74
9747630,83,21,-8,82
9748140,97,41,3,79
9748650,9,61,-1,80
9749160,99,68,-4,84
9749670,31,3,4,80
9750180,46,28,-6,86
9750690,58,10,7,79
9751200,72,20,1,78
9751710,86,40,-7,85
9752220,100,60,6,79
9752730,12,82,-9,88
9753240,22,66,3,85
9753750,32,73,7,78
9754260,42,87,-1,79
9754770,64,101,4,75
9755280,85,60,0,75
9755790,100,82,-2,77
9756300,32,17,-5,82
9756810,51,101,3,79
9757320,72,13,7,72
9757830,28,23,-15,87
9758340,53,92,10,77
9758850,30,4,-5,82
9759360,42,29,1,81
9759870,67,98,4,77
9760380,22,17,-7,84
9760890,34,86,3,81
9761400,56,100,2,79
9761910,33,12,-5,84
9762420,45,96,5,79
9762930,67,8,6,73
9763440,81,18,-10,83
9763950,37,28,0,83
9764460,62,97,8,75
9764970,39,56,-2,77
9765480,60,23,-2,79
9765990,74,5,3,76
9766500,30,15,-5,81
9767010,55,99,3,78
9767520,32,11,-1,79
9768030,33,95,-4,83
9768540,55,7,3,80
9769050,69,17,5,75
9769560,83,37,-7,82
9770070,97,57,4,78
9770580,9,79,-2,80
9771090,93,63,-3,83
9771600,25,100,-3,86
9772110,30,84,4,82
9772620,40,98,-5,87
9773130,62,10,9,78
9773640,76,20,6,72
9774150,32,40,-6,78
9774660,33,7,-1,79
9775170,34,32,-7,86
9775680,60,101,9,77
9776190,37,60,4,73
9776700,47,27,-14,87
9777210,72,9,14,73
9777720,86,19,-10,83
9778230,42,39,0,83
9778740,67,6,2,81
9779250,81,16,2,79
9779760,95,36,-1,80
9780270,7,56,-3,83
9780780,17,63,6,77
9781290,27,66,-2,79
9781800,37,13,-5,84
9782310,38,97,5,79
9782820,60,9,-1,80
9783330,74,29,1,79
9783840,88,49,-3,82
9784350,0,69,-2,84
9784860,56,53,7,77
9785370,61,20,-4,81
9785880,75,40,1,80
9786390,89,60,2,78
9786900,94,82,-4,82
9787410,26,17,2,80
9787920,51,86,5,75
9788430,28,100,-15,90
9788940,38,12,6,84
9789450,39,96,6,78
9789960,61,8,0,78
9790470,75,28,-1,79
9790980,89,48,0,79
9791490,1,68,4,75
9792000,11,101,-4,79
9792510,95,85,-2,81
9793020,56,5,2,79
9793530,70,15,2,77
9794040,84,35,0,77
9794550,98,55,-2,79
9795060,10,92,0,79
9795570,94,76,-1,80
9796080,26,11,-5,85
9796590,38,95,2,83
9797100,60,7,9,74
9797610,74,27,-2,76
9798120,88,47,-6,82
9798630,0,67,9,73
9799140,56,51,-11,84
9799650,61,18,3,81
9800160,75,21,2,79
9800670,89,41,-9,88
9801180,1,61,12,76
9801690,11,94,-7,83
9802200,95,78,-3,86
9802710,56,13,5,81
9803220,70,16,2,79
9803730,84,36,3,76
9804240,98,56,-6,82
9804750,10,78,1,81
9805260,94,62,-4,85
9805770,26,84,1,84
9806280,48,98,8,76
9806790,25,10,-16,92
9807300,37,94,9,83
9807810,59,6,6,77
9808320,73,16,4,73
9808830,29,36,-7,80
9809340,30,3,-1,81
9809850,45,28,0,81
9810360,73,10,5,76
9810870,87,30,0,76
9811380,101,50,-1,77
9811890,13,70,-9,86
9812400,35,73,7,79
9812910,57,87,4,75
9813420,34,46,-3,78
9813930,35,13,-6,84
9814440,36,97,2,82
9814950,58,9,4,78
9815460,72,29,-2,80
9815970,86,49,1,79
9816480,100,71,-4,83
9816990,32,6,4,79
9817500,33,0,-8,87
9818010,48,25,7,80
9818520,62,45,-1,81
9819030,23,65,-2,83
9819540,45,79,10,73
9820050,67,38,-6,79
9820560,81,58,2,77
9821070,97,80,-1,78
9821580,58,15,0,78
9822090,72,35,1,77
9822600,86,55,0,77
9823110,100,77,0,77
9823620,32,12,-4,81
9824130,33,96,-2,83
9824640,55,8,3,80
9825150,69,28,2,78
9825660,83,48,9,69
9826170,97,32,-12,81
9826680,9,52,-5,86
9827190,19,55,3,83
9827700,29,58,7,76
9828210,39,72,-2,78
9828720,61,31,-9,87
9829230,75,13,9,78
9829740,45,33,-10,88
9830250,46,0,2,86
9830760,61,25,4,82
9831270,75,7,5,77
9831780,89,27,3,74
9832290,1,47,-7,81
9832800,11,50,2,79
9833310,21,57,-4,83
9833820,31,60,8,75
9834330,53,19,-11,86
9834840,67,1,12,74
9835350,41,11,-3,77
9835860,69,31,2,75
9836370,83,51,-3,78
9836880,97,12,-3,81
9837390,71,22,0,81
9837900,27,42,5,76
9838410,28,9,-3,79
9838920,29,93,-1,80
9839430,51,5,6,74
9839940,65,25,-9,83
9840450,79,7,10,73
9840960,35,17,-6,79
9841470,47,86,0,79
9841980,69,100,0,79
9842490,74,59,-3,82
9843000,35,81,1,81
9843510,57,95,4,77
9844020,34,54,4,73
9844530,44,13,-5,78
9845040,72,33,-3,81
9845550,86,15,-3,84
9846060,100,35,4,80
9846570,12,55,3,77
9847080,22,58,-2,79
9847590,32,72,8,71
9848100,54,31,-15,86
9848610,68,13,11,75
9849120,82,33,-3,78
9849630,96,53,-6,84
9850140,8,73,0,84
9850650,18,57,2,82
9851160,28,60,5,77
9851670,38,86,-2,79
9852180,60,100,5,74
9852690,82,59,2,72
9853200,20,1,-11,83
9853710,35,74,9,74
9854220,57,88,4,70
9854730,79,47,-8,78
9855240,93,67,4,74
9855750,25,2,-17,91
9856260,40,27,8,83
9856770,65,96,9,74
9857280,42,55,-5,79
9857790,63,22,2,77
9858300,77,42,-2,79
9858810,91,62,8,71
9859320,5,99,-11,82
9859830,61,24,0,82
9860340,75,6,5,77
9860850,49,16,-5,82
9861360,63,100,6,76
9861870,40,59,3,73
9862380,62,18,-16,89
9862890,76,38,7,82
9863400,90,58,0,82
9863910,4,80,4,78
9864420,60,64,-2,80
9864930,42,31,-3,83
9865440,67,100,7,76
9865950,89,59,-3,79
9866460,3,81,-5,84
9866970,59,65,1,83
9867480,41,32,2,81
9867990,66,14,4,77
9868500,22,34,-5,82
9869010,4,1,-9,91
9869520,60,100,12,79
9870030,37,59,3,76
9870540,47,26,-10,86
9871050,61,8,12,74
9871560,75,28,-7,81
9872070,89,48,2,79
9872580,1,70,3,76
9873090,57,1,1,75
9873600,72,11,-1,76
9874110,86,21,-7,83
9874620,100,41,7,76
9875130,12,61,-9,85
9875640,22,68,3,82
9876150,32,71,3,79
9876660,54,85,7,72
9877170,76,44,-4,76
9877680,90,64,-7,83
9878190,4,86,7,76
9878700,60,70,1,75
9879210,65,29,-11,86
9879720,79,11,0,86
9880230,35,21,6,80
9880740,60,3,2,78
9881250,74,13,3,75
9881760,30,23,-9,84
9882270,55,92,6,78
9882780,77,51,1,77
9883290,93,73,1,76
9883800,7,95,-9,85
9884310,91,20,8,77
9884820,47,40,-9,86
9885330,72,7,6,80
9885840,46,17,-1,81
9886350,60,37,-5,86
9886860,74,19,11,75
9887370,30,39,-12,87
9887880,4,6,4,83
9888390,60,101,10,73
9888900,37,60,-9,82
9889410,47,27,2,80
9889920,61,9,2,78
9890430,75,19,-3,81
9890940,31,39,-3,84
9891450,32,6,-2,86
9891960,47,90,7,79
9892470,69,2,5,74
9892980,43,12,-10,84
9893490,55,96,9,75
9894000,32,55,-1,76
9894510,42,22,-5,81
9895020,54,4,4,77
9895530,68,14,1,76
9896040,24,34,-4,80
9896550,25,1,2,78
9897060,40,74,6,72
9897570,50,33,-12,84
9898080,75,0,11,73
9898590,49,10,-4,77
9899100,63,30,-3,80
9899610,77,12,3,77
9900120,33,16,-1,78
9900630,45,100,-4,82
9901140,74,12,7,75
9901650,30,32,-6,81
9902160,55,101,6,75
9902670,84,60,-2,77
9903180,47,82,0,77
9903690,69,96,2,75
9904200,80,55,-1,76
9904710,96,77,-1,77
9905220,10,99,-2,79
9905730,94,24,-2,81
9906240,50,44,5,76
9906750,24,11,-4,80
9907260,39,84,3,77
9907770,61,98,2,75
9908280,90,57,-4,79
9908790,4,79,1,78
9909300,60,63,0,78
9909810,42,30,-1,79
9910320,67,99,10,69
9910830,44,58,-7,76
9911340,65,25,0,76
9911850,79,7,1,75
9912360,53,17,-8,83
9912870,67,101,8,75
9913380,44,60,-3,78
9913890,65,27,-5,83
9914400,79,9,7,76
9914910,35,19,0,76
9915420,75,1,-6,82
9915930,49,11,-1,83
9916440,63,95,11,72
9916950,79,54,-5,77
9917460,42,76,1,76
9917970,64,90,0,76
9918480,75,49,-1,77
9918990,91,71,5,72
9919500,5,60,-17,89
9920010,14,67,8,81
9920520,24,74,-3,84
9921030,29,88,-1,85
9921540,39,0,-4,89
9922050,54,25,7,82
9922560,68,45,5,77
9923070,84,58,-1,78
9923580,100,80,-1,79
9924090,14,0,-6,85
9924600,75,73,9,76
9925110,91,95,-3,79
9925620,5,30,1,78
9926130,15,23,-7,85
9926640,16,92,0,85
9927150,100,76,5,80
9927660,32,11,-9,89
9928170,57,95,10,79
9928680,86,7,-1,80
9929190,60,17,-1,81
9929700,16,37,0,81
9930210,26,51,6,75
9930720,36,18,-3,78
9931230,61,6,1,77
9931740,17,16,-1,78
9932250,78,85,4,74
9932760,39,74,-4,78
9933270,44,88,-1,79
9933780,66,0,5,74
9934290,40,10,-12,86
9934800,55,94,8,78
9935310,84,53,2,76
9935820,100,75,0,76
9936330,14,10,-12,88
9936840,29,79,8,80
9937350,39,93,0,80
9937860,68,5,-3,83
9938370,42,15,1,82
9938880,67,35,2,80
9939390,81,55,4,76
9939900,97,77,-3,79
9940410,11,99,-9,88
9940920,95,9,3,85
9941430,69,19,9,76
9941940,25,39,0,76
9942450,59,6,-2,78
9942960,15,16,-8,86
9943470,30,9,6,80
9943980,42,93,0,80
9944490,71,5,6,74
9945000,45,15,-13,87
9945510,60,35,4,83
9946020,74,55,5,78
9946530,90,77,-3,81
9947040,4,99,3,78
9947550,33,83,1,77
9948060,62,97,6,71
9948570,67,56,-7,78
9949080,41,78,1,77
9949590,51,92,2,75
9950100,80,4,-2,77
9950610,54,14,-2,79
9951120,10,44,-3,82
9951630,20,47,3,79
9952140,30,61,6,73
9952650,40,75,-8,81
9953160,50,89,-3,84
9953670,55,1,2,82
9954180,70,11,4,78
9954690,26,21,-4,82
9955200,52,90,5,77
9955710,29,2,-7,84
9956220,44,27,-5,89
9956730,69,47,7,82
9957240,85,60,2,80
9957750,8,82,-2,82
9958260,92,66,4,78
9958770,6,88,-5,83
9959280,90,72,1,82
9959790,4,94,-1,83
9960300,88,78,10,73
9960810,2,100,-8,81
9961320,58,84,11,70
9961830,63,43,-12,82
9962340,79,56,7,75
9962850,95,78,-2,77
9963360,18,100,-4,81
9963870,23,84,-3,84
9964380,33,98,-4,88
9964890,38,10,2,86
9965400,63,35,6,80
9965910,77,55,-3,83
9966420,93,77,13,70
9966930,7,99,-12,82
9967440,91,83,-3,85
9967950,73,3,7,78
9968460,47,13,-4,82
9968970,61,33,0,82
9969480,75,53,1,81
9969990,91,75,2,79
9970500,12,97,-4,83
9971010,96,81,0,83
9971520,10,1,3,80
9972030,71,74,1,79
9972540,29,96,-3,82
9973050,34,8,2,80
9973560,49,33,3,77
9974070,74,53,4,73
9974580,90,75,-1,74
9975090,4,97,-8,82
9975600,88,22,-1,83
9976110,66,42,4,79
9976620,82,62,7,72
9977130,98,84,-12,84
9977640,12,4,1,83
9978150,73,77,1,82
9978660,31,99,9,73
9979170,60,11,-5,78
9979680,13,21,-5,83
9980190,52,14,1,82
9980700,66,34,-7,89
9981210,80,54,14,75
9981720,96,76,-7,82
9982230,10,98,2,80
9982740,94,82,-3,83
9983250,8,17,4,79
9983760,47,10,5,74
9984270,61,30,-8,82
9984780,75,50,6,76
9985290,91,72,-2,78
9985800,5,94,-1,79
9986310,89,19,-1,80
9986820,45,29,-10,90
9987330,70,11,18,72
9987840,26,21,-10,82
9988350,51,90,4,78
9988860,80,2,3,75
9989370,54,12,-5,80
9989880,68,32,4,76
9990390,82,3,-4,80
9990900,56,13,2,78
9991410,70,33,-5,83
9991920,84,53,5,78
9992430,100,75,0,78
9992940,14,10,-9,87
9993450,29,3,4,83
9993960,44,28,0,83
9994470,69,48,6,77
9994980,94,70,-1,78
9995490,8,5,-7,85
9996000,69,78,12,73
9996510,27,67,-9,82
9997020,37,81,2,80
9997530,47,95,-3,83
9998040,52,7,4,79
9998550,66,32,-3,82
9999060,80,52,9,73
9999570,96,74,-6,79
10000080,10,9,-2,81
10000590,71,2,5,76
10001100,45,12,-6,82
10001610,59,37,6,76
10002120,73,57,2,74
10002630,89,79,-6,80
10003140,3,14,2,78
10003650,59,7,-4,82
10004160,73,17,8,74
10004670,29,37,-5,79
10005180,63,4,-2,81
10005690,77,14,8,73
10006200,33,24,-13,86
10006710,58,44,13,73
10007220,83,66,-5,78
10007730,99,1,-6,84
10008240,73,11,12,72
10008750,29,21,-11,83
10009260,54,90,6,77
10009770,83,2,-2,79
10010280,57,12,2,77
10010790,71,32,-6,83
10011300,85,52,3,80
10011810,11,74,-5,85
10012320,21,58,4,81
10012830,31,61,4,77
10013340,41,75,1,76
10013850,51,89,-1,77
10014360,80,1,0,77
10014870,62,11,-2,79
10015380,18,31,-3,82
10015890,0,24,0,82
10016400,90,17,5,77
10016910,46,27,-4,81
10017420,60,47,-4,85
10017930,76,29,7,78
10018440,90,49,-2,80
10018950,2,69,1,79
10019460,12,53,-3,82
10019970,22,60,3,79
10020480,32,83,-4,83
10020990,61,97,6,77
10021500,90,14,-3,80
10022010,46,24,-1,81
10022520,60,6,7,74
10023030,16,16,-2,76
10023540,92,9,-6,82
10024050,66,19,5,77
10024560,22,39,-9,86
10025070,52,59,11,75
10025580,34,79,-5,80
10026090,44,93,-1,81
10026600,73,5,4,77
10027110,29,15,-4,81
10027620,54,35,4,77
10028130,79,55,5,72
10028640,95,77,-7,79
10029150,9,12,1,78
10029660,48,5,-5,83
10030170,42,30,-2,85
10030680,67,12,10,75
10031190,23,22,-4,79
10031700,49,91,-3,82
10032210,78,12,4,78
10032720,34,22,-9,87
10033230,59,4,16,71
10033740,15,14,-12,83
10034250,91,7,-4,87
10034760,65,17,10,77
10035270,21,37,-5,82
10035780,51,50,4,78
10036290,33,39,-6,84
10036800,15,6,-2,86
10037310,76,79,12,74
10037820,58,14,-10,84
10038330,14,17,0,84
10038840,40,10,-7,91
10039350,65,35,8,83
10039860,79,17,4,79
10040370,35,27,-2,81
10040880,60,47,3,78
10041390,76,14,-1,79
10041900,32,24,-4,83
10042410,57,93,10,73
10042920,86,10,-10,83
10043430,42,20,4,79
10043940,67,2,4,75
10044450,41,12,-7,82
10044960,66,37,3,79
10045470,78,57,4,75
10045980,41,79,-1,76
10046490,63,93,5,71
10047000,92,10,-9,80
10047510,48,20,1,79
10048020,62,2,-1,80
10048530,18,12,-2,82
10049040,30,96,1,81
10049550,59,8,4,77
10050060,15,18,-5,82
10050570,76,11,4,78
10051080,32,21,-3,81
10051590,57,3,1,80
10052100,13,28,2,78
10052610,14,37,-7,85
10053120,24,43,5,80
10053630,54,36,-4,84
10054140,68,49,5,79
10054650,84,71,-1,80
10055160,100,93,0,80
10055670,14,28,0,80
10056180,15,21,1,79
10056690,41,14,-3,82
10057200,56,34,-5,87
10057710,70,54,5,82
10058220,86,76,8,74
10058730,0,11,-3,77
10059240,56,4,0,77
10059750,70,29,-3,80
10060260,26,49,4,76
10060770,36,42,-2,78
10061280,18,9,-11,89
10061790,79,82,10,79
10062300,95,17,-2,81
10062810,51,27,2,79
10063320,65,9,-3,82
10063830,21,19,0,82
10064340,47,88,3,79
10064850,69,0,2,77
10065360,51,30,0,77
10065870,65,50,-3,80
10066380,81,72,10,70
10066890,97,7,-9,79
10067400,71,17,1,78
10067910,27,37,-5,83
10068420,53,4,5,78
10068930,9,14,-3,81
10069440,48,7,-1,82
10069950,62,32,-2,84
10070460,76,14,7,77
10070970,32,24,-8,85
10071480,58,6,6,79
10071990,14,16,-5,84
10072500,75,100,3,81
10073010,80,36,8,73
10073520,94,56,-12,85
10074030,8,40,2,83
10074540,18,43,9,74
10075050,28,52,-4,78
10075560,38,66,4,74
10076070,60,80,1,73
10076580,15,99,-8,81
10077090,99,77,1,80
10077600,13,12,-4,84
10078110,74,96,9,75
10078620,29,13,-10,85
10079130,41,97,5,80
10079640,70,100,2,78
10080150,46,59,2,76
10080660,85,78,4,72
10081170,101,13,-6,78
10081680,57,40,-3,81
10082190,24,60,-7,88
10082700,34,63,9,79
10083210,44,77,0,79
10083720,66,36,0,79
10084230,80,56,8,71
10084740,43,93,-9,80
10085250,72,5,4,76
10085760,28,15,-8,84
10086270,40,88,7,77
10086780,69,0,-4,81
10087290,51,10,0,81
10087800,7,35,-3,84
10088310,17,38,2,82
10088820,27,51,8,74
10089330,37,54,-3,77
10089840,25,21,-11,88
10090350,51,3,11,77
10090860,7,28,-5,82
10091370,17,31,-5,87
10091880,47,24,7,80
10092390,61,6,5,75
10092900,17,16,-2,77
10093410,78,5,1,76
10093920,52,15,-8,84
10094430,66,18,8,76
10094940,22,38,-5,81
10095450,52,51,6,75
10095960,34,18,-9,84
10096470,49,45,1,83
10096980,54,12,8,75
10097490,10,32,-11,86
10098000,100,35,3,83
10098510,56,55,6,77
10099020,61,75,5,72
10099530,43,94,-5,77
10100040,72,6,4,73
10100550,28,16,-10,83
10101060,40,100,2,81
10101570,69,12,0,81
10102080,25,32,3,78
10102590,51,101,1,77
10103100,33,60,3,74
10103610,55,74,-1,75
10104120,60,93,-3,78
10104630,37,52,7,71
10105140,96,19,-6,77
10105650,52,29,-9,86
10106160,66,11,5,81
10106670,22,21,1,80
10107180,48,90,6,74
10107690,24,2,-15,89
10108200,85,75,8,81
10108710,48,10,-2,83
10109220,62,35,5,78
10109730,76,17,4,74
10110240,32,27,-5,79
10110750,58,96,3,76
10111260,87,13,-2,78
10111770,43,23,-5,83
10112280,58,5,-3,86
10112790,14,30,6,80
10113300,98,39,-2,82
10113810,54,59,6,76
10114320,36,48,-5,81
10114830,18,15,0,81
10115340,79,4,-5,86
10115850,61,14,10,76
10116360,17,34,-4,80
10116870,101,43,-1,81
10117380,13,80,0,81
10117890,35,64,3,78
10118400,45,78,4,74
10118910,21,37,-11,85
10119420,3,30,3,82
10119930,13,33,2,80
10120440,1,42,-6,86
10120950,91,45,10,76
10121460,47,65,6,70
10121970,68,84,-5,75
10122480,50,73,2,73
10122990,55,32,-14,87
10123500,69,14,6,81
10124010,25,24,-2,83
10124520,51,93,6,77
10125030,80,52,-3,80
10125540,43,74,2,78
10126050,65,88,3,75
10126560,76,47,-2,77
10127070,92,67,-5,82
10127580,6,56,0,82
10128090,96,63,-1,83
10128600,9,85,-1,84
10129110,48,69,8,76
10129620,30,88,-3,79
10130130,59,0,0,79
10130640,74,30,1,78
10131150,88,50,-2,80
10131660,2,70,3,77
10132170,67,54,6,71
10132680,30,76,-6,77
10133190,40,90,-5,82
10133700,69,2,6,76
10134210,65,12,-4,80
10134720,21,22,-3,83
10135230,47,91,6,77
10135740,76,3,3,74
10136250,89,13,-8,82
10136760,45,23,0,82
10137270,59,5,8,74
10137780,15,15,-6,80
10138290,76,84,2,78
10138800,58,73,9,69
10139310,40,40,-15,84
10139820,14,7,1,83
10140330,75,80,8,75
10140840,57,69,-5,80
10141350,39,58,1,79
10141860,49,25,-3,82
10142370,63,7,3,79
10142880,98,17,-3,82
10143390,54,27,-2,84
10143900,68,9,6,78
10144410,24,19,-6,84
10144920,50,88,7,77
10145430,27,0,-6,83
10145940,42,25,3,80
10146450,9,7,-2,82
10146960,70,80,0,82
10147470,52,69,6,76
10147980,34,88,-3,79
10148490,44,0,-4,83
10149000,59,25,2,81
10149510,73,7,3,78
10150020,29,17,-6,84
10150530,41,101,0,84
10151040,70,13,9,75
10151550,26,23,-9,84
10152060,52,5,5,79
10152570,8,30,-1,80
10153080,98,23,-9,89
10153590,54,33,5,84
10154100,68,15,8,76
10154610,24,25,-11,87
10155120,50,94,7,80
10155630,27,6,1,79
10156140,42,84,0,79
10156650,52,98,3,76
10157160,81,10,0,76
10157670,37,20,-6,82
10158180,49,2,2,80
10158690,64,12,2,78
10159200,20,22,-3,81
10159710,2,91,6,75
10160220,58,16,-6,81
10160730,14,19,0,81
10161240,98,32,-3,84
10161750,54,52,7,77
10162260,28,19,-1,78
10162770,54,88,1,77
10163280,83,0,1,76
10163790,65,73,2,74
10164300,47,40,-9,83
10164810,21,7,-3,86
10165320,36,80,7,79
10165830,46,94,5,74
10166340,23,6,-8,82
10166850,38,79,1,81
10167360,48,93,1,80
10167870,25,5,-2,82
10168380,40,78,4,78
10168890,50,92,-4,82
10169400,60,4,13,69
10169910,16,14,-13,82
10170420,77,83,6,76
10170930,59,72,2,74
10171440,41,91,-7,81
10171950,51,3,6,75
10172460,66,13,-2,77
10172970,22,23,-6,83
10173480,48,92,6,77
10173990,25,4,-4,81
10174500,40,77,2,79
10175010,50,91,1,78
10175520,27,3,-9,87
10176030,42,76,12,75
10176540,52,35,-4,79
10177050,67,2,3,76
10177560,41,12,-5,81
10178070,56,22,2,79
10178580,70,4,5,74
10179090,44,14,-11,85
10179600,59,24,5,80
10180110,73,6,4,76
10180620,47,16,-4,80
10181130,61,26,-2,82
10181640,75,8,8,74
10182150,31,18,-7,81
10182660,43,91,3,78
10183170,53,3,-1,79
10183680,9,13,-4,83
10184190,48,6,0,83
10184700,4,92,5,78
10185210,60,60,-2,80
10185720,42,27,-1,81
10186230,57,96,9,72
10186740,34,55,-4,76
10187250,44,72,0,76
10187760,54,86,1,75
10188270,31,45,2,73
10188780,61,12,-13,86
10189290,17,22,3,83
10189800,56,91,6,77
10190310,33,8,-7,84
10190820,48,80,5,79
10191330,58,39,3,76
10191840,32,61,-2,78
10192350,42,75,4,74
10192860,52,89,1,73
10193370,29,48,-9,82
10193880,11,15,-4,86
10194390,50,28,3,83
10194900,65,10,-1,84
10195410,21,20,2,82
10195920,47,89,7,75
10196430,24,1,-3,78
10196940,39,74,0,78
10197450,49,88,2,76
10197960,26,0,-7,83
10198470,41,73,10,73
10198980,51,32,-12,85
10199490,66,14,7,78
10200000,22,24,-2,80
10200510,48,93,4,76
10201020,25,5,-7,83
10201530,40,78,6,77
10202040,50,21,-6,83
10202550,64,3,7,76
10203060,38,13,-10,86
10203570,53,86,8,78
10204080,30,45,-4,82
10204590,60,12,6,76
10205100,16,22,-1,77
10205610,100,91,-2,79
10206120,14,11,-7,86
10206630,29,80,3,83
10207140,39,83,2,81
10207650,49,97,4,77
10208160,26,9,-8,85
10208670,41,82,8,77
10209180,51,96,0,77
10209690,28,55,-1,78
10210200,38,69,1,77
10210710,48,28,-7,84
10211220,22,10,-7,91
10211730,37,83,11,80
10212240,47,86,5,75
10212750,24,100,-10,85
10213260,34,78,8,77
10213770,44,92,1,76
10214280,21,4,-6,82
10214790,36,77,7,75
10215300,46,91,-3,78
10215810,23,3,-7,85
10216320,38,76,7,78
10216830,48,90,1,77
10217340,25,2,0,77
10217850,40,75,-2,79
10218360,50,34,-1,80
10218870,65,1,11,69
10219380,39,11,-8,77
10219890,54,26,-8,85
10220400,68,8,11,74
10220910,24,18,-9,83
10221420,50,87,5,78
10221930,27,101,-5,83
10222440,37,79,6,77
10222950,47,93,1,76
10223460,24,52,-2,78
10223970,34,55,4,74
10224480,55,22,-2,76
10224990,69,32,-4,80
10225500,83,42,5,75
10226010,97,64,-5,80
10226520,11,86,-1,81
10227030,50,64,5,76
10227540,32,31,-8,84
10228050,58,100,9,75
10228560,35,17,-10,85
10229070,50,90,11,74
10229580,27,2,-11,85
10230090,42,75,9,76
10230600,19,34,-6,82
10231110,29,1,-2,84
10231620,44,74,11,73
10232130,54,33,-11,84
10232640,69,0,12,72
10233150,43,10,-6,78
10233660,62,35,-5,83
10234170,76,17,2,81
10234680,32,27,-3,84
10235190,58,96,8,76
10235700,35,13,-5,81
10236210,50,86,4,77
10236720,27,100,-5,82
10237230,37,78,5,77
10237740,47,92,-3,80
10238250,57,4,3,77
10238760,72,14,-3,80
10239270,28,2,-5,85
10239780,43,27,-1,86
10240290,17,9,7,79
10240800,32,78,-4,83
10241310,42,81,11,72
10241820,19,95,-5,77
10242330,29,73,-2,79
10242840,39,76,3,76
10243350,49,90,0,76
10243860,26,2,-5,81
10244370,41,75,5,76
10244880,51,89,-2,78
10245390,28,1,-5,83
10245900,43,74,2,81
10246410,53,88,6,75
10246920,30,47,-8,83
10247430,60,14,5,78
10247940,16,24,-1,79
10248450,55,93,3,76
10248960,32,5,-10,86
10249470,47,78,15,71
10249980,24,37,-11,82
10250490,6,4,3,79
10251000,62,77,4,75
10251510,44,96,-6,81
10252020,54,8,2,79
10252530,10,18,-2,81
10253040,66,27,-2,83
10253550,80,37,0,83
10254060,94,59,8,75
10254570,8,81,-7,82
10255080,64,65,1,81
10255590,38,32,0,81
10256100,12,101,-1,82
10256610,68,85,5,77
10257120,45,2,1,76
10257630,60,27,-14,90
10258140,74,47,12,78
10258650,90,60,4,74
10259160,4,82,-7,81
10259670,43,66,5,76
10260180,53,25,-11,87
10260690,67,7,5,82
10261200,41,17,-3,85
10261710,56,101,9,76
10262220,33,60,0,76
10262730,43,74,3,73
10263240,53,88,-2,75
10263750,30,5,-7,82
10264260,45,78,3,79
10264770,55,92,2,77
10265280,65,4,-6,83
10265790,39,14,1,82
10266300,54,8,1,81
10266810,10,18,1,80
10267320,66,27,-3,83
10267830,80,30,0,83
10268340,36,52,13,70
10268850,57,19,-14,84
10269360,71,29,5,79
10269870,85,51,4,75
10270380,41,73,-5,80
10270890,51,87,0,80
10271400,28,101,-6,86
10271910,38,13,6,80
10272420,53,7,-2,82
10272930,9,32,-2,84
10273440,99,35,-2,86
10273950,55,55,9,77
10274460,37,22,-5,82
10274970,52,91,8,74
10275480,62,3,2,72
10275990,36,13,-5,77
10276500,51,7,-6,83
10277010,66,17,8,75
10277520,22,27,-10,85
10278030,48,96,10,75
10278540,25,8,-16,91
10279050,40,81,15,76
10279560,50,95,-6,82
10280070,60,7,8,74
10280580,16,17,-8,82
10281090,55,86,8,74
10281600,65,3,4,70
10282110,39,13,-9,79
10282620,54,23,-1,80
10283130,68,33,2,78
10283640,82,15,2,76
10284150,47,25,-6,82
10284660,61,7,1,81
10285170,17,17,-1,82
10285680,32,86,5,77
10286190,42,100,2,75
10286700,52,12,-11,86
10287210,66,37,2,84
10287720,80,57,10,74
10288230,96,79,-2,76
10288740,10,101,-6,82
10289250,66,26,6,76
10289760,80,36,-2,78
10290270,36,74,7,71
10290780,46,88,-10,81
10291290,56,0,5,76
10291800,30,10,-2,78
10292310,31,83,-1,79
10292820,41,97,3,76
10293330,51,9,1,75
10293840,65,19,-7,82
10294350,21,29,-4,86
10294860,47,98,7,79
10295370,57,10,1,78
10295880,13,20,-6,84
10296390,75,33,2,82
10296900,89,53,6,76
10297410,3,75,-6,82
10297920,59,59,3,79
10298430,33,26,-2,81
10298940,58,95,7,74
10299450,68,12,-1,75
10299960,24,22,-6,81
10300470,50,91,6,75
10300980,27,3,-9,84
10301490,42,76,5,79
10302000,52,90,-3,82
10302510,62,2,7,75
10303020,36,12,-1,76
10303530,51,85,0,76
10304040,61,2,0,76
10304550,35,12,-4,80
10305060,50,85,7,73
10305570,60,99,-1,74
10306080,70,16,-1,75
10306590,26,26,-5,80
10307100,49,95,3,77
10307610,59,7,0,77
10308120,15,17,-10,87
10308630,30,86,7,80
10309140,40,100,0,80
10309650,50,12,3,77
10310160,64,37,1,76
10310670,78,59,-7,83
10311180,52,81,12,71
10311690,62,100,-7,78
10312200,39,17,-2,80
10312710,54,90,3,77
10313220,64,7,-5,82
10313730,20,17,3,79
10314240,46,86,-1,80
10314750,56,100,3,77
10315260,33,59,-1,78
10315770,43,26,-2,80
10316280,58,95,6,74
10316790,68,12,-6,80
10317300,24,22,0,80
10317810,50,91,4,76
10318320,60,3,0,76
10318830,34,13,-9,85
10319340,49,86,5,80
10319850,26,100,0,80
10320360,36,78,5,75
10320870,46,92,-2,77
10321380,56,4,-2,79
10321890,12,14,-3,82
10322400,51,83,6,76
10322910,61,0,-4,80
10323420,57,10,4,76
10323930,13,20,-9,85
10324440,52,89,7,78
10324950,29,1,-1,79
10325460,44,74,3,76
10325970,54,88,1,75
10326480,64,5,-5,80
10326990,20,15,-5,85
10327500,35,84,8,77
10328010,45,98,-2,79
10328520,55,10,-6,85
10329030,11,36,2,83
10329540,21,49,5,78
10330050,31,63,1,77
10330560,41,77,3,74
10331070,51,91,6,68
10331580,28,50,-16,84
10332090,38,64,5,79
10332600,48,78,5,74
10333110,58,37,-12,86
10333620,59,19,5,81
10334130,15,22,0,81
10334640,54,91,6,75
10335150,31,3,-6,81
10335660,46,76,12,69
10336170,56,35,-15,84
10336680,70,17,6,78
10337190,26,27,-5,83
10337700,52,96,8,75
10338210,29,8,-9,84
10338720,44,81,7,77
10339230,54,95,-3,80
10339740,31,7,-4,84
10340250,46,80,8,76
10340760,56,39,-7,83
10341270,71,21,7,76
10341780,27,41,-3,79
10342290,15,8,-5,84
10342800,27,81,0,84
10343310,37,95,12,72
10343820,66,7,-5,77
10344330,22,80,-10,87
10344840,32,87,9,78
10345350,42,101,0,78
10345860,52,13,-5,83
10346370,8,16,4,79
10346880,64,25,-3,82
10347390,78,28,1,81
10347900,34,31,3,78
10348410,35,100,-3,81
10348920,64,12,-1,82
10349430,20,45,4,78
10349940,30,12,-1,79
10350450,42,25,4,75
10350960,57,94,0,75
10351470,68,53,3,72
10351980,31,75,-8,80
10352490,41,89,-2,82
10353000,51,1,6,76
10353510,71,11,-5,81
10354020,27,21,-1,82
10354530,53,90,8,74
10355040,30,42,-8,82
10355550,69,9,1,81
10356060,12,19,-1,82
10356570,74,12,4,78
10357080,30,22,-7,85
10357590,56,91,14,71
10358100,33,50,-7,78
10358610,54,17,1,77
10359120,68,37,0,77
10359630,82,57,-2,79
10360140,22,44,3,76
10360650,32,58,-1,77
10361160,90,72,-1,78
10361670,4,7,-4,82
10362180,60,4,7,75
10362690,16,77,-6,81
10363200,26,8,-3,84
10363710,41,81,6,78
10364220,51,95,4,74
10364730,28,7,-10,84
10365240,43,80,1,83
10365750,53,94,9,74
10366260,30,53,-2,76
10366770,6,20,-9,85
10367280,62,29,3,82
10367790,76,11,4,78
10368300,32,21,-5,83
10368810,47,90,5,78
10369320,57,2,-2,80
10369830,72,12,8,72
10370340,28,22,-9,81
10370850,54,91,5,76
10371360,65,3,5,71
10371870,21,76,-15,86
10372380,31,83,10,76
10372890,41,97,-4,80
10373400,70,9,8,72
10373910,26,19,-4,76
10374420,41,88,-4,80
10374930,51,0,5,75
10375440,66,10,1,74
10375950,22,20,-10,84
10376460,48,89,8,76
10376970,25,1,-13,89
10377480,40,74,12,77
10377990,50,88,3,74
10378500,27,47,-3,77
10379010,37,61,-1,78
10379520,47,75,3,75
10380030,57,94,2,73
10380540,34,53,-3,76
10381050,55,20,-9,85
10381560,69,2,13,72
10382070,51,12,-6,78
10382580,65,22,-3,81
10383090,79,25,3,78
10383600,49,45,-6,84
10384110,6,12,-2,86
10384620,21,21,5,81
10385130,47,90,4,77
10385640,24,2,-9,86
10386150,39,75,9,77
10386660,49,89,-3,80
10387170,26,48,1,79
10387680,36,15,-6,85
10388190,51,99,13,72
10388700,28,11,-11,83
10389210,40,84,5,78
10389720,50,98,-2,80
10390230,60,10,0,80
10390740,16,20,-3,83
10391250,78,89,7,76
10391760,39,9,-7,83
10392270,54,20,4,79
10392780,68,40,0,79
10393290,82,60,3,76
10393800,98,82,-1,77
10394310,12,17,-7,84
10394820,74,86,6,78
10395330,35,5,-8,86
10395840,50,16,1,85
10396350,64,100,13,72
10396860,75,36,-7,79
10397370,89,56,2,77
10397880,3,78,-9,86
10398390,44,62,14,72
10398900,49,29,-10,82
10399410,63,11,-4,86
10399920,28,21,3,83
10400430,0,90,5,78
10400940,41,68,-3,81
10401450,51,82,7,74
10401960,28,1,-13,87
10402470,43,74,10,77
10402980,53,33,-6,83
10403490,68,53,9,74
10404000,29,75,-7,81
10404510,39,89,3,78
10405020,49,1,-4,82
10405530,64,26,-4,86
10406040,78,8,9,77
10406550,34,18,-4,81
10407060,46,38,-1,82
10407570,61,5,4,78
10408080,17,15,4,74
10408590,32,84,-9,83
10409100,42,98,4,79
10409610,52,10,-4,83
10410120,66,21,6,77
10410630,22,41,-3,80
10411140,32,8,0,80
10411650,47,81,-3,83
10412160,57,95,6,77
10412670,68,47,6,71
10413180,84,69,-1,72
10413690,45,91,-9,81
10414200,55,3,4,77
10414710,11,13,-6,83
10415220,26,82,4,79
10415730,36,96,-8,87
10416240,46,1,12,75
10416750,61,26,-2,77
10417260,75,29,0,77
10417770,31,49,2,75
10418280,41,16,-7,82
10418790,56,100,12,70
10419300,67,59,-5,75
10419810,28,81,-13,88
10420320,38,95,9,79
10420830,48,7,-5,84
10421340,4,32,6,78
10421850,14,33,-4,82
10422360,24,34,2,80
10422870,50,1,7,73
10423380,6,26,-7,80
10423890,16,27,-1,81
10424400,55,96,-7,88
10424910,65,8,11,77
10425420,21,18,-2,79
10425930,47,87,-4,83
10426440,57,101,4,79
10426950,68,53,3,76
10427460,29,75,-4,80
10427970,39,89,0,80
10428480,49,1,0,80
10428990,64,26,3,77
10429500,20,29,-4,81
10430010,46,98,5,76
10430520,56,10,-11,87
10431030,70,13,7,80
10431540,26,23,-1,81
10432050,52,11,3,78
10432560,8,14,-6,84
10433070,47,27,4,80
10433580,62,47,2,78
10434090,77,69,1,77
10434600,93,91,-7,84
10435110,54,11,1,83
10435620,10,21,5,78
10436130,11,14,1,77
10436640,26,83,-9,86
10437150,36,90,7,79
10437660,46,2,2,77
10438170,61,27,-4,81
10438680,75,9,6,75
10439190,31,19,-11,86
10439700,16,88,1,85
10440210,26,66,3,82
10440720,36,89,6,76
10441230,46,1,-1,77
10441740,61,26,-9,86
10442250,75,8,14,72
10442760,31,18,-4,76
10443270,43,87,-2,78
10443780,53,101,0,78
10444290,63,13,-5,83
10444800,19,23,-1,84
10445310,20,92,-2,86
10445820,30,70,10,76
10446330,40,93,-5,81
10446840,50,5,-1,82
10447350,65,30,-7,89
10447860,79,12,5,84
10448370,35,22,10,74
10448880,60,91,-4,78
10449390,70,8,7,71
10449900,26,18,-7,78
10450410,51,87,3,75
10450920,61,46,1,74
10451430,76,13,-9,83
10451940,32,23,7,76
10452450,57,92,0,76
10452960,67,44,-2,78
10453470,83,11,5,73
10453980,39,21,-10,83
10454490,51,41,6,77
10455000,66,8,0,77
10455510,22,18,-1,78
10456020,37,87,-2,80
10456530,47,101,1,79
10457040,57,13,2,77
10457550,13,33,-8,85
10458060,23,34,9,76
10458570,82,1,0,76
10459080,64,31,-4,80
10459590,78,51,0,80
10460100,93,40,0,80
10460610,5,78,6,74
10461120,70,62,-6,80
10461630,31,84,-1,81
10462140,41,69,5,76
10462650,51,28,-12,88
10463160,66,10,14,74
10463670,22,20,-8,82
10464180,37,89,6,76
10464690,47,1,-7,83
10465200,62,26,6,77
10465710,76,46,-4,81
10466220,92,68,1,80
10466730,53,90,3,77
10467240,74,2,1,76
10467750,56,12,-6,82
10468260,12,15,-1,83
10468770,51,28,-3,86
10469280,66,10,15,71
10469790,22,20,-15,86
10470300,37,89,10,76
10470810,47,1,-4,80
10471320,62,26,-2,82
10471830,76,46,4,78
10472340,92,68,3,75
10472850,53,90,0,75
10473360,74,42,1,74
10473870,88,62,-4,78
10474380,2,84,-1,79
10474890,43,62,8,71
10475400,64,29,-12,83
10475910,78,11,1,82
10476420,34,21,5,77
10476930,59,90,-1,78
10477440,69,49,5,73
10477950,84,16,-5,78
10478460,40,26,-3,81
10478970,52,95,8,73
10479480,73,47,-3,76
10479990,89,67,-2,78
10480500,50,89,-1,79
10481010,60,1,5,74
10481520,42,26,-3,77
10482030,67,46,-3,80
10482540,82,66,8,72
10483050,43,88,-6,78
10483560,53,0,0,78
10484070,68,25,-4,82
10484580,82,45,4,78
10485090,96,65,4,74
10485600,9,87,-7,81
10486110,48,65,9,72
10486620,69,24,-10,82
10487130,83,27,3,79
10487640,39,47,1,78
10488150,64,14,-4,82
10488660,20,17,2,80
10489170,35,86,-2,82
10489680,45,100,2,80
10490190,55,12,1,79
10490700,69,32,-4,83
10491210,83,14,8,75
10491720,39,29,-5,80
10492230,61,98,6,74
10492740,72,57,-1,75
10493250,33,79,-7,82
10493760,43,93,2,80
10494270,53,5,6,74
10494780,9,30,-5,79
10495290,19,23,-3,82
10495800,45,92,6,76
10496310,80,4,-3,79
10496820,54,14,-5,84
10497330,68,98,12,72
10497840,79,15,-5,77
10498350,35,25,-4,81
10498860,60,94,7,74
10499370,71,53,-1,75
10499880,32,75,-1,76
10500390,42,89,-5,81
10500900,52,1,6,75
10501410,67,26,-6,81
10501920,81,8,-1,82
10502430,37,18,0,82
10502940,52,0,4,78
10503450,67,94,5,73
10503960,78,53,2,71
10504470,94,75,-3,74
10504980,8,64,-8,82
10505490,18,71,-4,86
10506000,28,78,2,84
10506510,38,85,6,78
10507020,48,99,-3,81
10507530,69,11,5,76
10508040,25,21,-7,83
10508550,51,90,6,77
10509060,62,2,-4,81
10509570,77,75,11,70
10510080,38,34,-7,77
10510590,63,1,2,75
10511100,19,26,-6,81
10511610,45,95,1,80
10512120,66,7,4,76
10512630,22,17,-5,81
10513140,37,86,2,79
10513650,47,100,-2,81
10514160,58,12,4,77
10514670,14,32,-5,82
10515180,15,25,1,81
10515690,38,94,-3,84
10516200,48,79,12,72
10516710,59,93,-6,78
10517220,70,52,4,74
10517730,31,19,-14,88
10518240,43,1,5,83
10518750,58,12,4,79
10519260,14,32,-3,82
10519770,24,45,1,81
10520280,34,12,5,76
10520790,49,85,0,76
10521300,70,44,-4,80
10521810,85,64,2,78
10522320,48,86,-5,83
10522830,58,100,11,72
10523340,69,59,-4,76
10523850,30,26,-8,84
10524360,47,8,3,81
10524870,62,33,-1,82
10525380,76,53,7,75
10525890,91,54,-5,80
10526400,4,76,2,78
10526910,60,54,3,75
10527420,75,21,-2,77
10527930,31,41,-3,80
10528440,52,8,-8,88
10528950,18,33,8,80
10529460,19,0,-4,84
10529970,34,73,1,83
10530480,44,96,1,82
10530990,65,8,9,73
10531500,21,18,-6,79
10532010,36,87,0,79
10532520,46,101,0,79
10533030,100,13,-2,81
10533540,56,23,-5,86
10534050,70,5,8,78
10534560,26,15,-4,82
10535070,41,84,5,77
10535580,62,5,0,77
10536090,18,15,-7,84
10536600,33,4,6,78
10537110,48,29,-8,86
10537620,63,11,10,76
10538130,19,31,-8,84
10538640,45,100,8,76
10539150,66,12,-1,77
10539660,94,34,-4,81
10540170,6,71,7,74
10540680,45,0,-6,80
10541190,60,67,1,79
10541700,42,26,-7,86
10542210,57,8,8,78
10542720,13,12,-7,85
10543230,28,1,3,82
10543740,43,26,-4,86
10544250,58,8,6,80
10544760,72,33,8,72
10545270,86,53,0,72
10545780,101,42,-7,79
10546290,13,79,-3,82
10546800,23,10,-5,87
10547310,38,83,9,78
10547820,48,97,0,78
10548330,69,9,3,75
10548840,25,19,-8,83
10549350,40,88,1,82
10549860,50,0,5,77
10550370,65,25,-11,88
10550880,79,7,10,78
10551390,35,17,-3,81
10551900,50,101,1,80
10552410,71,13,4,76
10552920,27,35,0,76
10553430,9,2,-2,78
10553940,24,75,-5,83
10554450,27,82,0,83
10554960,67,96,13,70
10555470,88,55,-9,79
10555980,1,44,-1,80
10556490,11,51,-1,81
10557000,21,58,4,77
10557510,31,81,-1,78
10558020,41,95,-2,80
10558530,62,7,2,78
10559040,18,32,0,78
10559550,19,101,-2,80
10560060,40,79,4,76
10560570,61,93,2,74
10561080,82,52,-4,78
10561590,98,41,-4,82
10562100,10,61,-1,83
10562610,20,68,5,78
10563120,30,75,-1,79
10563630,40,89,0,79
10564140,61,1,0,79
10564650,35,31,-1,80
10565160,60,100,4,76
10565670,81,59,-5,81
10566180,44,81,7,74
10566690,65,95,3,71
10567200,86,54,-2,73
10567710,101,43,-9,82
10568220,13,63,-2,84
10568730,23,96,1,83
10569240,44,74,6,77
10569750,65,33,1,76
10570260,79,53,-6,82
10570770,42,35,-5,87
10571280,67,2,9,78
10571790,82,27,1,77
10572300,96,47,-3,80
10572810,8,67,-5,85
10573320,18,74,-1,86
10573830,28,81,1,85
10574340,38,88,6,79
10574850,59,0,0,79
10575360,74,25,3,76
10575870,30,45,-1,77
10576380,51,12,-13,90
10576890,65,15,11,79
10577400,21,18,-5,84
10577910,47,87,8,76
10578420,68,101,2,74
10578930,89,60,-5,79
10579440,2,49,-2,81
10579950,12,56,2,79
10580460,22,63,-4,83
10580970,32,70,2,81
10581480,42,93,4,77
10581990,63,5,1,76
10582500,19,30,-7,83
10583010,45,99,6,77
10583520,66,11,1,76
10584030,22,33,-3,79
10584540,48,0,3,76
10585050,63,25,-4,80
10585560,77,7,4,76
10586070,33,17,-2,78
10586580,48,101,0,78
10587090,69,13,7,71
10587600,25,35,-7,78
10588110,46,2,0,78
10588620,61,27,-8,86
10589130,75,9,8,78
10589640,31,31,-1,79
10590150,56,36,-1,80
10590660,70,18,1,79
10591170,26,21,-7,86
10591680,52,90,15,71
10592190,73,49,-13,84
10592700,34,38,5,79
10593210,68,5,4,75
10593720,42,30,-5,80
10594230,67,99,8,72
10594740,88,59,0,72
10595250,2,48,-3,75
10595760,76,55,3,72
10596270,39,44,-11,83
10596780,73,11,6,77
10597290,29,33,-3,80
10597800,11,22,-8,88
10598310,85,15,5,83
10598820,41,37,3,80
10599330,62,4,0,80
10599840,36,29,1,79
10600350,61,98,6,73
10600860,82,57,-4,77
10601370,97,46,-3,80
10601880,9,66,-4,84
10602390,83,73,9,75
10602900,44,100,-3,78
10603410,65,33,-1,79
10603920,79,53,3,76
10604430,95,42,-9,85
10604940,7,62,1,84
10605450,17,69,3,81
10605960,27,76,2,79
10606470,30,90,-3,82
10606980,51,2,2,80
10607490,65,27,-6,86
10608000,79,9,8,78
10608510,35,19,-7,85
10609020,50,1,8,77
10609530,65,26,-3,80
10610040,79,8,7,73
10610550,35,18,-3,76
10611060,50,38,-6,82
10611570,17,5,-1,83
10612080,32,78,11,72
10612590,53,92,-9,81
10613100,74,51,7,74
10613610,35,40,-3,77
10614120,69,7,0,77
10614630,25,17,-9,86
10615140,51,86,9,77
10615650,24,45,-8,85
10616160,45,99,2,83
10616670,66,11,0,83
10617180,22,14,5,78
10617690,37,83,-5,83
10618200,58,97,8,75
10618710,79,56,-6,81
10619220,40,45,-1,82
10619730,61,12,5,77
10620240,17,15,-9,86
10620750,32,84,10,76
10621260,53,98,-4,80
10621770,74,10,4,76
10622280,30,32,-6,82
10622790,56,101,6,76
10623300,77,53,3,73
10623810,93,42,-7,80
10624320,99,62,2,78
10624830,11,51,2,76
10625340,21,58,-10,86
10625850,24,61,4,82
10626360,34,84,1,81
10626870,55,87,4,77
10627380,32,46,-1,78
10627890,53,13,-7,85
10628400,67,16,10,75
10628910,81,19,-5,80
10629420,37,22,0,80
10629930,63,4,3,77
10630440,19,29,-2,79
10630950,93,98,0,79
10631460,54,33,-6,85
10631970,69,15,4,81
10632480,25,37,-4,85
10632990,51,4,8,77
10633500,65,29,-2,79
10634010,79,11,5,74
10634520,35,33,-7,81
10635030,69,0,5,76
10635540,51,19,-6,82
10636050,65,1,5,77
10636560,39,26,-2,79
10637070,64,8,2,77
10637580,20,18,0,77
10638090,46,87,2,75
10638600,23,101,-9,84
10639110,44,79,10,74
10639620,65,93,3,71
10640130,76,52,-4,75
10640640,37,41,2,73
10641150,58,8,-5,78
10641660,72,11,2,76
10642170,28,95,-9,85
10642680,31,98,8,77
10643190,36,10,-2,79
10643700,51,94,5,74
10644210,72,6,1,73
10644720,28,16,-17,90
10645230,43,100,11,79
10645740,64,12,-2,81
10646250,20,15,-6,87
10646760,4,84,10,77
10647270,60,68,3,74
10647780,42,35,-8,82
10648290,63,2,10,72
10648800,45,27,-5,77
10649310,59,96,5,72
10649820,12,55,-5,77
10650330,22,62,-6,83
10650840,32,69,7,76
10651350,42,92,-4,80
10651860,71,13,-4,84
10652370,27,35,4,80
10652880,101,2,2,78
10653390,75,24,-1,79
10653900,31,27,2,77
10654410,16,96,2,75
10654920,45,74,-1,76
10655430,50,88,0,76
10655940,27,0,-7,83
10656450,42,73,7,76
10656960,52,87,-6,82
10657470,73,101,4,78
10657980,84,60,5,73
10658490,100,41,-2,75
10659000,12,62,-8,83
10659510,22,69,-1,84
10660020,32,72,11,73
10660530,42,95,-9,82
10661040,63,7,7,75
10661550,19,32,-8,83
10662060,93,21,1,82
10662570,49,43,1,81
10663080,54,22,0,81
10663590,68,42,1,80
10664100,82,62,5,75
10664610,98,51,0,75
10665120,10,88,-2,77
10665630,39,66,3,74
10666140,49,25,-15,89
10666650,63,7,10,79
10667160,19,32,0,79
10667670,20,21,-5,84
10668180,46,10,3,81
10668690,60,35,3,78
10669200,74,17,3,75
10669710,30,20,-8,83
10670220,56,2,4,79
10670730,70,27,0,79
10671240,84,30,0,79
10671750,40,33,-5,84
10672260,66,0,11,73
10672770,48,25,-6,79
10673280,18,7,-2,81
10673790,79,80,8,73
10674300,42,69,1,72
10674810,52,83,-1,73
10675320,29,97,-18,91
10675830,34,100,8,83
10676340,39,12,-2,85
10676850,51,96,10,75
10677360,28,8,-10,85
10677870,43,92,6,79
10678380,20,13,-5,84
10678890,41,82,4,80
10679400,18,96,2,78
10679910,57,74,3,75
10680420,78,33,-4,79
10680930,92,53,3,76
10681440,4,90,-12,88
10681950,45,15,9,79
10682460,59,99,6,73
10682970,36,58,-5,78
10683480,46,10,-2,80
10683990,60,13,4,76
10684500,16,16,-7,83
10685010,72,100,6,77
10685520,83,59,1,76
10686030,99,48,-6,82
10686540,11,85,-1,83
10687050,21,88,1,82
10687560,31,66,4,78
10688070,41,69,3,75
10688580,51,83,-2,77
10689090,56,42,0,77
10689600,64,31,-4,81
10690110,78,13,4,77
10690620,34,35,1,76
10691130,6,2,-2,78
10691640,67,75,5,73
10692150,76,64,-4,77
10692660,39,53,0,77
10693170,60,20,-1,78
10693680,74,23,1,77
10694190,30,26,-5,82
10694700,56,95,4,78
10695210,61,54,-2,80
10695720,66,21,6,74
10696230,22,24,-7,81
10696740,48,13,2,79
10697250,62,16,-2,81
10697760,18,19,1,80
10698270,44,8,-4,84
10698780,58,92,8,76
10699290,35,4,-4,80
10699800,50,29,-7,87
10700310,65,11,10,77
10700820,21,33,4,73
10701330,63,0,-3,76
10701840,45,25,-3,79
10702350,59,7,1,78
10702860,15,32,-6,84
10703370,25,35,6,78
10703880,99,2,-2,80
10704390,81,32,-1,81
10704900,95,35,1,80
10705410,7,72,3,77
10705920,63,3,3,74
10706430,59,28,-9,83
10706940,73,10,5,78
10707450,29,32,-2,80
10707960,55,101,2,78
10708470,32,13,-5,83
10708980,44,97,7,76
10709490,73,9,0,76
10710000,29,34,-3,79
10710510,55,1,3,76
10711020,69,26,-4,80
10711530,83,7,6,74
10712040,39,23,-12,86
10712550,51,5,8,78
10713060,65,30,-2,80
10713570,79,50,10,70
10714080,42,39,-8,78
10714590,63,6,3,75
10715100,19,31,-2,77
10715610,1,100,-4,81
10716120,57,78,7,74
10716630,34,37,-9,83
10717140,6,4,0,83
10717650,62,77,5,78
10718160,44,36,-10,88
10718670,70,18,9,79
10719180,26,40,1,78
10719690,56,7,-1,79
10720200,12,32,-2,81
10720710,22,25,3,78
10721220,48,94,0,78
10721730,25,6,-2,80
10722240,40,79,7,73
10722750,17,93,-9,82
10723260,46,71,2,80
10723770,56,85,5,75
10724280,23,74,-11,86
10724790,26,77,-2,88
10725300,29,84,6,82
10725810,32,87,0,82
10726320,61,101,14,68
10726830,38,60,-8,76
10727340,59,74,3,73
10727850,78,63,-3,76
10728360,39,52,-1,77
10728870,60,19,2,75
10729380,16,39,-3,78
10729890,26,42,-3,81
10730400,56,31,1,80
10730910,70,13,-1,81
10731420,26,35,5,76
10731930,85,2,3,73
10732440,67,24,-3,76
10732950,23,27,-6,82
10733460,49,96,8,74
10733970,26,8,-2,76
10734480,38,81,0,76
10734990,15,2,-4,80
10735500,30,75,2,78
10736010,40,98,-9,87
10736520,69,10,15,72
10737030,25,32,-9,81
10737540,26,101,3,78
10738050,31,79,-2,80
10738560,34,0,-1,81
10739070,49,73,11,70
10739580,26,32,-17,87
10740090,52,101,7,80
10740600,29,60,4,76
10741110,39,74,1,75
10741620,49,88,0,75
10742130,26,0,-8,83
10742640,41,73,3,80
10743150,62,87,4,76
10743660,39,46,-3,79
10744170,60,13,0,79
10744680,16,75,-5,84
10745190,26,82,-2,86
10745700,29,89,1,85
10746210,32,92,9,76
10746720,61,4,1,75
10747230,57,29,-11,86
10747740,71,11,14,72
10748250,27,31,-14,86
10748760,17,100,-2,88
10749270,56,78,13,75
10749780,33,37,-3,78
10750290,18,4,-13,91
10750800,33,39,13,78
10751310,63,6,6,72
10751820,19,31,-6,78
10752330,61,54,-6,84
10752840,66,21,2,82
10753350,80,24,5,77
10753860,36,27,-1,78
10754370,51,9,-6,84
10754880,65,34,4,80
10755390,79,54,3,77
10755900,42,43,-3,80
10756410,63,10,1,79
10756920,76,35,2,77
10757430,90,55,-5,82
10757940,2,75,5,77
10758450,67,53,-6,83
10758960,28,42,2,81
10759470,87,9,1,80
10759980,43,31,0,80
10760490,0,100,3,77
10761000,56,78,6,71
10761510,61,37,-9,80
10762020,82,19,8,72
10762530,38,56,-8,80
10763040,59,23,2,78
10763550,73,5,0,78
10764060,29,30,-2,80
10764570,55,99,-2,82
10765080,32,51,6,76
10765590,53,18,-4,80
10766100,67,0,6,74
10766610,49,30,-9,83
10767120,63,23,6,77
10767630,77,26,-2,79
10768140,33,29,-2,81
10768650,59,98,8,73
10769160,36,41,-3,76
10769670,8,63,-9,85
10770180,18,70,4,81
10770690,28,77,1,80
10771200,38,80,6,74
10771710,15,94,-5,79
10772220,44,72,2,77
10772730,54,31,-10,87
10773240,68,13,9,78
10773750,24,16,-4,82
10774260,36,85,4,78
10774770,39,88,1,77
10775280,16,9,-6,83
10775790,31,82,7,76
10776300,60,85,3,73
10776810,37,44,-5,78
10777320,22,11,-2,80
10777830,34,84,2,78
10778340,63,87,5,73
10778850,18,46,-3,76
10779360,28,49,-4,80
10779870,38,42,2,78
10780380,10,9,-3,81
10780890,25,82,-4,85
10781400,28,85,6,79
10781910,31,88,0,79
10782420,34,51,0,79
10782930,55,18,-6,85
10783440,69,0,14,71
10783950,51,25,-13,84
10784460,65,7,15,69
10784970,21,32,-11,80
10785480,6,21,-10,90
10785990,62,14,13,77
10786500,18,34,2,75
10787010,0,27,-6,81
10787520,10,30,3,78
10788030,20,33,-1,79
10788540,2,22,-1,80
10789050,58,15,1,79
10789560,14,18,-1,80
10790070,15,7,2,78
10790580,30,80,3,75
10791090,40,94,-9,84
10791600,70,97,11,73
10792110,47,32,-6,79
10792620,62,14,1,78
10793130,18,17,0,78
10793640,3,6,-8,86
10794150,77,3,10,76
10794660,51,28,-5,81
10795170,65,10,1,80
10795680,21,35,-2,82
10796190,51,89,7,75
10796700,28,48,-6,81
10797210,49,0,2,79
10797720,64,25,-8,87
10798230,78,7,15,72
10798740,34,32,-9,81
10799250,19,21,0,81
10799760,4,10,2,79
10800270,78,3,-1,80
10800780,60,28,0,80
10801290,74,10,6,74
10801800,30,58,0,74
10802310,40,10,-6,80
10802820,55,35,-8,88
10803330,69,17,10,78
10803840,25,37,-3,81
10804350,55,4,10,71
10804860,11,29,-6,77
10805370,21,38,-5,82
10805880,3,92,-1,83
10806390,59,70,8,75
10806900,64,59,-1,76
10807410,72,48,-7,83
10807920,80,37,2,81
10808430,94,57,3,78
10808940,6,94,-2,80
10809450,35,72,-2,82
10809960,45,95,-1,83
10810470,66,16,3,80
10810980,22,19,-1,81
10811490,48,8,2,79
10812000,62,33,1,78
10812510,76,15,0,78
10813020,32,35,-2,80
10813530,17,24,-2,82
10814040,2,17,-5,87
10814550,58,10,4,83
10815060,14,35,-1,84
10815570,24,38,9,75
10816080,45,27,-10,85
10816590,60,9,11,74
10817100,16,34,-7,81
10817610,17,27,-1,82
10818120,18,20,-6,88
10818630,33,9,12,76
10819140,48,34,-7,83
10819650,63,23,0,83
10820160,77,5,12,71
10820670,33,30,-10,81
10821180,34,19,4,77
10821690,46,39,-5,82
10822200,67,28,1,81
10822710,81,31,-1,82
10823220,37,51,1,81
10823730,58,40,2,79
10824240,73,29,2,77
10824750,87,49,7,70
10825260,101,86,-5,75
10825770,4,21,-8,83
10826280,14,14,2,81
10826790,29,3,5,76
10827300,44,76,1,75
10827810,54,90,-3,78
10828320,75,42,4,74
10828830,89,62,-9,83
10829340,72,99,9,74
10829850,27,58,-4,78
10830360,37,81,1,77
10830870,58,2,2,75
10831380,14,27,-8,83
10831890,98,20,-2,85
10832400,54,57,10,75
10832910,36,46,1,74
10833420,57,13,-7,81
10833930,71,38,7,74
10834440,85,58,2,72
10834950,48,95,-4,76
10835460,69,16,-5,81
10835970,25,36,-5,86
10836480,51,25,3,83
10836990,65,7,7,76
10837500,21,32,-6,82
10838010,95,21,0,82
10838520,51,58,9,73
10839030,33,47,2,71
10839540,63,14,-7,78
10840050,19,17,-6,84
10840560,31,6,5,79
10841070,46,79,0,79
10841580,67,93,5,74
10842090,22,28,-9,83
10842600,48,17,3,80
10843110,62,7,6,74
10843620,18,32,-8,82
10844130,19,39,2,80
10844640,29,32,-2,82
10845150,14,21,-3,85
10845660,15,14,-1,86
10846170,30,98,4,82
10846680,7,83,3,79
10847190,68,61,2,77
10847700,50,50,-7,84
10848210,71,39,7,77
10848720,85,59,-2,79
10849230,48,96,-8,87
10849740,69,17,7,80
10850250,25,20,-2,82
10850760,37,9,1,81
10851270,52,34,-4,85
10851780,66,16,7,78
10852290,22,19,-4,82
10852800,7,1,-1,83
10853310,68,74,1,82
10853820,50,63,6,76
10854330,71,22,-6,82
10854840,27,25,1,81
10855350,53,14,3,78
10855860,67,39,-5,83
10856370,81,21,3,80
10856880,37,41,2,78
10857390,9,30,-3,81
10857900,10,31,1,80
10858410,11,44,3,77
10858920,21,47,-4,81
10859430,31,40,2,79
10859940,3,7,-6,85
10860450,77,4,7,78
10860960,51,29,-2,80
10861470,65,11,-3,83
10861980,21,36,1,82
10862490,95,25,1,81
10863000,51,62,7,74
10863510,33,51,-3,77
10864020,54,10,-6,83
10864530,68,35,3,80
10865040,82,17,2,78
10865550,38,37,-2,80
10866060,64,4,1,79
10866570,38,29,-4,83
10867080,39,11,-2,85
10867590,54,36,3,82
10868100,69,18,7,75
10868610,25,38,-7,82
10869120,10,27,-5,87
10869630,84,20,0,87
10870140,40,40,10,77
10870650,61,29,-8,85
10871160,75,11,8,77
10871670,31,36,-5,82
10872180,16,25,0,82
10872690,90,18,-3,85
10873200,46,55,7,78
10873710,67,44,3,75
10874220,82,33,-4,79
10874730,96,53,-1,80
10875240,8,90,3,77
10875750,73,68,-3,80
10876260,34,3,3,77
10876770,49,28,-7,84
10877280,63,10,8,76
10877790,77,35,-4,80
10878300,91,55,3,77
10878810,3,44,-4,81
10879320,13,47,-2,83
10879830,23,50,9,74
10880340,33,64,1,73
10880850,43,16,-9,82
10881360,77,100,10,72
10881870,32,35,-13,85
10882380,58,2,9,76
10882890,73,67,-2,78
10883400,82,2,-1,79
10883910,56,32,-1,80
10884420,70,13,3,77
10884930,26,33,-2,79
10885440,52,22,-6,85
10885950,66,52,10,75
10886460,27,89,-5,80
10886970,37,1,-5,85
10887480,52,26,6,79
10887990,66,8,0,79
10888500,22,33,-4,83
10889010,23,22,-4,87
10889520,8,11,1,86
10890030,23,4,10,76
10890540,38,77,1,75
10891050,48,100,-4,79
10891560,69,12,3,76
10892070,25,32,-3,79
10892580,51,101,-2,81
10893090,72,22,4,77
10893600,28,42,-3,80
10894110,58,31,-2,82
10894620,72,13,8,74
10895130,28,33,-7,81
10895640,54,22,-1,82
10896150,76,4,4,78
10896660,50,29,-2,80
10897170,64,11,5,75
10897680,20,31,-7,82
10898190,46,20,1,81
10898700,60,2,4,77
10899210,34,27,-4,81
10899720,35,9,3,78
10900230,50,34,-3,81
10900740,51,16,-2,83
10901250,65,100,8,75
10901760,42,35,-4,79
10902270,68,2,4,75
10902780,42,27,-4,79
10903290,27,9,0,79
10903800,39,82,3,76
10904310,60,41,-3,79
10904820,75,23,-3,82
10905330,31,43,3,79
10905840,52,10,-1,80
10906350,66,30,2,78
10906860,80,50,2,76
10907370,90,39,-4,80
10907880,2,76,1,79
10908390,12,26,-3,82
10908900,13,89,2,80
10909410,23,67,-1,81
10909920,33,70,-3,84
10910430,43,93,8,76
10910940,64,14,-7,83
10911450,20,17,-2,85
10911960,32,6,1,84
10912470,33,31,8,76
10912980,34,100,-7,83
10913490,44,12,1,82
10914000,59,96,8,74
10914510,36,55,3,71
10915020,57,14,-15,86
10915530,71,98,11,75
10916040,82,57,-3,78
10916550,87,94,-1,79
10917060,96,29,-3,82
10917570,52,66,13,69
10918080,73,25,-13,82
10918590,87,45,2,80
10919100,101,82,3,77
10919610,4,17,1,76
10920120,78,10,-6,82
10920630,34,30,3,79
10921140,19,99,0,79
10921650,29,77,-2,81
10922160,39,80,1,80
10922670,49,1,0,80
10923180,64,26,3,77
10923690,78,8,1,76
10924200,52,53,-4,80
10924710,57,42,0,80
10925220,65,9,9,71
10925730,21,29,-12,83
10926240,47,18,-3,86
10926750,75,0,5,81
10927260,57,42,-1,82
10927770,72,31,4,78
10928280,86,13,0,78
10928790,42,33,-1,79
10929300,63,15,3,76
10929810,77,18,3,73
10930320,33,38,-9,82
10930830,63,5,7,75
10931340,77,30,-3,78
10931850,91,50,-5,83
10932360,3,32,5,78
10932870,13,45,-3,81
10933380,23,48,3,78
10933890,33,41,-6,84
10934400,63,30,6,78
10934910,77,12,-1,79
10935420,91,32,-2,81
10935930,3,69,3,78
10936440,68,72,0,78
10936950,50,31,-9,87
10937460,65,13,11,76
10937970,21,16,-7,83
10938480,47,100,2,81
10938990,57,21,-4,85
10939500,71,3,6,79
10940010,45,33,0,79
10940520,60,0,2,77
10941030,34,30,-4,81
10941540,64,99,2,79
10942050,41,98,-2,81
10942560,62,10,8,73
10943070,18,30,-8,81
10943580,19,19,2,79
10944090,45,8,-2,81
10944600,59,92,5,76
10945110,36,51,-3,79
10945620,57,10,2,77
10946130,71,30,-2,79
10946640,85,12,-1,80
10947150,41,34,-3,83
10947660,42,16,-6,89
10948170,54,100,8,81
10948680,31,59,4,77
10949190,52,11,-1,78
10949700,66,4,5,73
10950210,40,34,-6,79
10950720,61,1,3,76
10951230,35,31,-4,80
10951740,20,100,1,79
10952250,2,78,-5,84
10952760,58,91,11,73
10953270,35,50,-1,74
10953780,65,17,-9,83
10954290,79,101,6,77
10954800,100,60,-7,84
10955310,12,97,7,77
10955820,96,75,1,76
10956330,3,26,-3,79
10956840,13,8,-1,80
10957350,74,81,-1,81
10957860,56,40,3,78
10958370,71,29,3,75
10958880,85,11,-1,76
10959390,41,33,-7,83
10959900,71,0,7,76
10960410,53,30,-7,83
10960920,67,12,8,75
10961430,23,32,-5,80
10961940,49,101,-3,83
10962450,70,60,4,79
10962960,31,97,-10,89
10963470,34,56,14,75
10963980,55,15,-6,81
10964490,69,99,6,75
10965000,46,58,2,73
10965510,67,17,-3,76
10966020,23,37,-8,84
10966530,53,26,-2,86
10967040,67,8,12,74
10967550,23,28,-10,84
10968060,8,17,1,83
10968570,9,10,-4,87
10969080,24,7,4,83
10969590,39,80,10,73
10970100,16,1,-10,83
10970610,77,74,7,76
10971120,59,33,-2,78
10971630,73,15,-3,81
10972140,29,37,2,79
10972650,14,26,-4,83
10973160,98,8,2,81
10973670,72,45,4,77
10974180,80,34,-1,78
10974690,94,72,-2,80
10975200,1,7,0,80
10975710,57,4,6,74
10976220,13,29,-4,78
10976730,99,11,3,75
10977240,73,48,-2,77
10977750,81,37,-5,82
10978260,95,19,2,80
10978770,7,56,1,79
10979280,17,59,-3,82
10979790,27,62,7,75
10980300,37,85,-5,80
10980810,47,99,-2,82
10981320,24,88,-4,86
10981830,27,91,4,82
10982340,30,26,3,79
10982850,15,95,-5,84
10983360,99,27,-1,85
10983870,55,64,9,76
10984380,76,53,3,73
10984890,50,90,-4,77
10985400,27,2,-4,81
10985910,42,75,5,76
10986420,52,13,-8,84
10986930,66,97,11,73
10987440,43,56,0,73
10987950,64,45,-6,79
10988460,92,34,2,77
10988970,48,71,0,77
10989480,69,30,-3,80
10989990,83,12,-1,81
10990500,39,32,-8,89
10991010,24,14,3,86
10991520,45,87,4,82
10992030,22,101,0,82
10992540,32,79,4,78
10993050,42,93,-5,83
10993560,63,82,7,76
10994070,84,41,-3,79
10994580,98,23,2,77
10995090,54,60,1,76
10995600,75,49,-4,80
10996110,1,38,-3,83
10996620,11,41,8,75
10997130,21,54,-6,81
10997640,31,43,5,76
10998150,52,10,-3,79
10998660,8,94,1,78
10999170,92,26,-7,85
10999680,4,63,4,81
11000190,14,66,-5,86
11000700,24,69,6,80
11001210,34,72,2,78
11001720,55,31,-6,84
11002230,69,13,9,75
11002740,25,33,-4,79
11003250,10,22,-2,81
11003760,11,4,-3,84
11004270,72,77,6,78
11004780,81,12,4,74
11005290,37,32,-8,82
11005800,22,21,-3,85
11006310,7,10,0,85
11006820,81,7,5,80
11007330,37,37,-4,84
11007840,67,26,-3,87
11008350,81,8,6,81
11008860,55,53,-3,84
11009370,60,42,7,77
11009880,75,24,0,77
11010390,31,6,-1,78
11010900,88,90,0,78
11011410,97,25,-5,83
11011920,9,62,1,82
11012430,19,65,-2,84
11012940,29,68,10,74
11013450,39,82,-9,83
11013960,49,71,11,72
11014470,31,30,-14,86
11014980,16,12,-4,90
11015490,37,96,1,89
11016000,58,85,16,73
11016510,35,44,-5,78
11017020,20,33,-10,88
11017530,41,22,2,86
11018040,53,4,8,78
11018550,67,29,-6,84
11019060,81,11,5,79
11019570,37,56,4,75
11020080,58,8,-2,77
11020590,72,92,-2,79
11021100,93,27,-3,82
11021610,49,64,8,74
11022120,70,57,-5,79
11022630,79,46,-5,84
11023140,93,83,6,78
11023650,0,18,-2,80
11024160,56,11,0,80
11024670,70,95,8,72
11025180,47,54,-8,80
11025690,68,43,-3,83
11026200,96,25,5,78
11026710,52,62,-1,79
11027220,34,51,1,78
11027730,55,40,-1,79
11028240,63,22,-5,84
11028750,77,4,7,77
11029260,51,34,-7,84
11029770,72,16,7,77
11030280,28,36,1,76
11030790,13,3,-9,85
11031300,28,76,8,77
11031810,38,90,-2,79
11032320,59,2,3,76
11032830,44,27,-7,83
11033340,56,9,-4,87
11033850,12,93,-4,91
11034360,93,28,6,85
11034870,49,65,16,69
11035380,70,24,-7,76
11035890,84,61,0,76
11036400,93,98,-6,82
11036910,0,33,6,76
11037420,10,36,0,76
11037930,20,49,-5,81
11038440,30,31,-1,82
11038950,15,20,3,79
11039460,0,9,-4,83
11039970,56,6,3,80
11040480,41,31,-2,82
11040990,26,13,-5,87
11041500,47,97,9,78
11042010,68,86,8,70
11042520,89,21,-10,80
11043030,45,58,7,73
11043540,66,47,-3,76
11044050,74,36,-1,77
11044560,88,18,4,73
11045070,44,55,-4,77
11045580,65,44,1,76
11046090,73,81,-3,79
11046600,82,70,1,78
11047110,64,5,5,73
11047620,20,50,-10,83
11048130,30,32,2,81
11048640,15,21,-3,84
11049150,0,10,-1,85
11049660,74,7,9,76
11050170,48,80,-4,80
11050680,25,92,-7,87
11051190,46,27,7,80
11051700,67,10,0,80
11052210,23,30,-3,83
11052720,8,19,-4,87
11053230,64,1,15,72
11053740,46,46,-4,76
11054250,28,35,-9,85
11054760,49,38,6,79
11055270,34,20,0,79
11055780,64,2,4,75
11056290,38,27,-8,83
11056800,23,9,-5,88
11057310,44,93,8,80
11057820,21,82,-1,81
11058330,42,85,5,76
11058840,63,6,2,74
11059350,19,31,-4,78
11059860,1,20,-1,79
11060370,11,13,-3,82
11060880,23,97,0,82
11061390,53,75,5,77
11061900,74,34,-2,79
11062410,88,16,-1,80
11062920,44,53,3,77
11063430,65,42,-9,86
11063940,79,24,7,79
11064450,93,6,2,77
11064960,67,43,-1,78
11065470,75,32,-3,81
11065980,89,14,0,81
11066490,45,34,-2,83
11067000,66,16,4,79
11067510,80,36,-4,83
11068020,94,18,4,79
11068530,50,55,-4,83
11069040,71,44,3,80
11069550,85,26,-4,84
11070060,41,29,-4,88
11070570,26,11,8,80
11071080,38,95,3,77
11071590,48,54,0,77
11072100,30,43,-7,84
11072610,60,32,1,83
11073120,74,52,6,77
11073630,82,89,-8,85
11074140,91,24,11,74
11074650,47,61,-3,77
11075160,68,50,-4,81
11075670,76,32,-2,83
11076180,90,14,6,77
11076690,46,36,-2,79
11077200,58,18,0,79
11077710,72,0,6,73
11078220,54,30,-5,78
11078730,68,12,0,78
11079240,24,16,-6,84
11079750,36,100,1,83
11080260,57,59,6,77
11080770,39,48,-5,82
11081280,60,68,6,76
11081790,42,57,-1,77
11082300,63,16,1,76
11082810,19,36,-7,83
11083320,1,25,0,83
11083830,68,76,4,79
11084340,50,11,-5,84
11084850,64,95,8,76
11085360,41,54,2,74
11085870,62,43,-4,78
11086380,29,25,-11,89
11086890,14,7,0,89
11087400,35,80,8,81
11087910,12,69,-6,87
11088420,22,72,5,82
11088930,32,75,6,76
11089440,42,98,-5,81
11089950,19,87,-2,83
11090460,29,65,6,77
11090970,39,88,-6,83
11091480,60,9,5,78
11091990,74,29,-4,82
11092500,88,11,0,82
11093010,44,31,-2,84
11093520,74,13,10,74
11094030,30,33,-7,81
11094540,60,22,-1,82
11095050,74,4,11,71
11095560,48,49,-11,82
11096070,30,38,0,82
11096580,15,27,-5,87
11097090,99,16,5,82
11097600,55,53,2,80
11098110,37,42,-5,85
11098620,19,31,-1,86
11099130,93,20,2,84
11099640,49,57,7,77
11100150,31,46,2,75
11100660,52,35,-8,83
11101170,64,17,2,81
11101680,78,37,2,79
11102190,92,75,4,75
11102700,74,10,-1,76
11103210,88,30,-3,79
11103720,93,67,0,79
11104230,56,2,4,75
11104740,70,27,-4,79
11105250,8,9,-1,80
11105760,82,6,-1,81
11106270,64,26,3,78
11106780,78,8,0,78
11107290,34,28,-6,84
11107800,64,17,4,80
11108310,78,101,0,80
11108820,89,36,-1,81
11109330,1,74,1,80
11109840,66,87,6,74
11110350,43,46,-8,82
11110860,25,35,0,82
11111370,10,24,-3,85
11111880,66,17,-1,86
11112390,22,37,3,83
11112900,52,26,1,82
11113410,66,8,8,74
11113920,80,28,-6,80
11114430,36,31,-1,81
11114940,21,20,-6,87
11115450,51,9,6,81
11115960,65,29,3,78
11116470,79,11,-4,82
11116980,93,31,-1,83
11117490,5,68,3,80
11118000,15,71,0,80
11118510,25,74,-1,81
11119020,35,77,0,81
11119530,45,100,3,78
11120040,22,21,-10,88
11120550,7,10,0,88
11121060,81,7,0,88
11121570,63,37,2,86
11122080,77,19,4,82
11122590,91,39,-4,86
11123100,3,76,11,75
11123610,68,1,-5,80
11124120,50,74,4,76
11124630,32,33,-7,83
11125140,62,22,-3,86
11125650,76,4,12,74
11126160,50,34,-7,81
11126670,62,23,2,79
11127180,76,5,5,74
11127690,50,78,-1,75
11128200,27,37,-10,85
11128710,48,26,1,84
11129220,33,8,2,82
11129730,45,81,1,81
11130240,22,70,-1,82
11130750,32,59,3,79
11131260,42,48,0,79
11131770,27,37,0,79
11132280,12,26,-6,85
11132790,96,39,1,84
11133300,8,76,7,77
11133810,18,60,-3,80
11134320,28,63,2,78
11134830,38,52,2,76
11135340,59,41,-3,79
11135850,87,23,-1,80
11136360,101,60,2,78
11136870,13,97,-4,82
11137380,97,75,0,82
11137890,3,10,3,79
11138400,77,7,-1,80
11138910,91,23,2,78
11139420,3,60,0,78
11139930,13,63,-3,81
11140440,23,66,-5,86
11140950,33,69,9,77
11141460,43,83,1,76
11141970,65,35,-4,80
11142480,79,17,3,77
11142990,93,37,-6,83
11143500,5,74,7,76
11144010,70,58,6,70
11144520,49,95,-11,81
11145030,70,7,6,75
11145540,26,52,-3,78
11146050,36,41,0,78
11146560,66,30,0,78
11147070,80,12,2,76
11147580,94,34,0,76
11148090,6,71,-5,81
11148600,16,55,-1,82
11149110,26,58,0,82
11149620,36,47,7,75
11150130,66,36,1,74
11150640,80,18,-7,81
11151150,36,38,2,79
11151660,66,5,5,74
11152170,80,78,-1,75
11152680,89,13,-4,79
11153190,1,29,-1,80
11153700,11,30,-1,81
11154210,12,43,-7,88
11154720,22,46,10,78
11155230,32,35,0,78
11155740,62,24,-15,93
11156250,76,6,15,78
11156760,50,22,1,77
11157270,64,4,-1,78
11157780,78,77,-2,80
11158290,57,12,-4,84
11158800,71,15,14,70
11159310,85,35,-15,85
11159820,99,73,12,73
11160330,19,8,-11,84
11160840,31,81,7,77
11161350,41,95,-1,78
11161860,71,84,3,75
11162370,92,19,-6,81
11162880,4,56,-2,83
11163390,14,59,6,77
11163900,24,62,-1,78
11164410,34,51,-3,81
11164920,82,40,-1,82
11165430,96,78,6,76
11165940,101,13,-6,82
11166450,13,50,-1,83
11166960,23,53,1,82
11167470,33,42,4,78
11167980,54,9,-7,85
11168490,68,29,9,76
11169000,82,49,-3,79
11169510,96,38,-6,85
11170020,8,75,8,77
11170530,18,88,-3,80
11171040,40,20,-6,86
11171550,52,2,14,72
11172060,66,47,0,72
11172570,74,36,-3,75
11173080,88,56,-6,81
11173590,0,93,2,79
11174100,74,18,-3,82
11174610,88,38,-2,84
11175120,0,76,0,84
11175630,74,89,11,73
11176140,85,24,-3,76
11176650,99,61,-3,79
11177160,11,98,-6,85
11177670,92,23,-1,86
11178180,4,43,9,77
11178690,14,46,-7,84
11179200,24,49,3,81
11179710,34,38,-5,86
11180220,64,101,9,77
11180730,41,60,-2,79
11181240,62,19,1,78
11181750,76,39,-3,81
11182260,90,77,4,77
11182770,69,12,0,77
11183280,83,32,-4,81
11183790,97,70,0,81
11184300,0,5,1,80
11184810,74,2,3,77
11185320,56,32,-3,80
11185830,70,14,6,74
11186340,84,34,-4,78
11186850,98,54,-2,80
11187360,10,92,-6,86
11187870,94,17,6,80
11188380,6,33,2,78
11188890,16,46,-1,79
11189400,26,49,-4,83
11189910,36,38,0,83
11190420,66,5,7,76
11190930,40,50,0,76
11191440,61,17,0,76
11191950,75,37,-7,83
11192460,89,75,6,77
11192970,94,10,2,75
11193480,68,47,-3,78
11193990,73,36,-6,84
11194500,87,74,13,71
11195010,69,9,-5,76
11195520,83,29,-4,80
11196030,39,66,5,75
11196540,60,25,-9,84
11197050,74,7,10,74
11197560,59,52,-3,77
11198070,41,41,-6,83
11198580,71,30,1,82
11199090,85,12,3,79
11199600,99,34,5,74
11200110,11,71,-4,78
11200620,21,100,-6,84
11201130,51,32,5,79
11201640,65,21,-6,85
11202150,79,41,6,79
11202660,93,79,7,72
11203170,98,14,-6,78
11203680,10,51,-1,79
11204190,20,54,-3,82
11204700,30,57,8,74
11205210,40,46,-1,75
11205720,12,13,-7,82
11206230,99,2,3,79
11206740,81,75,4,75
11207250,60,10,-4,79
11207760,74,13,2,77
11208270,30,33,-4,81
11208780,15,0,1,80
11209290,27,73,-3,83
11209800,37,76,6,77
11210310,47,99,6,71
11210820,24,58,-13,84
11211330,99,61,6,78
11211840,11,98,-4,82
11212350,92,23,3,79
11212860,48,60,2,77
11213370,27,27,-10,87
11213880,12,16,-1,88
11214390,74,5,13,75
11214900,48,21,-7,82
11215410,62,3,2,80
11215920,47,33,-2,82
11216430,68,0,9,73
11216940,50,30,-7,80
11217450,78,43,4,76
11217960,92,80,-5,81
11218470,71,15,4,77
11218980,85,35,-4,81
11219490,99,73,1,80
11220000,2,8,-3,83
11220510,58,5,2,81
11221020,72,50,9,72
11221530,77,39,-4,76
11222040,30,77,-1,77
11222550,60,91,4,73
11223060,37,50,0,73
11223570,58,17,-6,79
11224080,72,37,1,78
11224590,86,50,0,78
11225100,100,87,-2,80
11225610,3,22,0,80
11226120,77,15,-4,84
11226630,91,60,3,81
11227140,96,97,2,79
11227650,3,32,1,78
11228160,70,83,8,70
11228670,52,18,-11,81
11229180,66,0,10,71
11229690,48,30,-14,85
11230200,60,12,4,81
11230710,74,15,5,76
11231220,30,60,-2,78
11231730,40,49,-5,83
11232240,70,38,4,79
11232750,84,76,4,75
11233260,63,11,-9,84
11233770,77,31,10,74
11234280,91,69,-2,76
11234790,70,4,4,72
11235300,44,49,-4,76
11235810,23,16,-15,91
11236320,44,5,12,79
11236830,58,30,-2,81
11237340,72,12,2,79
11237850,86,57,5,74
11238360,49,94,-6,80
11238870,26,6,3,77
11239380,38,79,-1,78
11239890,15,64,-9,87
11240400,25,67,6,81
11240910,28,81,-3,84
11241420,31,2,5,79
11241930,43,27,-2,81
11242440,55,9,0,81
11242950,69,34,0,81
11243460,83,72,8,73
11243970,62,7,-9,82
11244480,76,52,1,81
11244990,55,41,-4,85
11245500,34,23,3,82
11246010,64,12,0,82
11246520,78,57,4,78
11247030,57,94,2,76
11247540,34,53,0,76
11248050,64,86,3,73
11248560,41,45,-6,79
11249070,13,12,-2,81
11249580,69,1,7,74
11250090,51,31,-6,80
11250600,65,13,5,75
11251110,79,33,-4,79
11251620,93,71,1,78
11252130,54,6,-3,81
11252640,68,31,3,78
11253150,82,69,3,75
11253660,61,4,-2,77
11254170,57,49,-1,78
11254680,62,38,-1,79
11255190,76,27,-5,84
11255700,90,30,8,76
11256210,2,67,-1,77
11256720,67,70,-3,80
11257230,46,59,0,80
11257740,25,48,-2,82
11258250,26,37,-2,84
11258760,11,4,0,84
11259270,23,77,-1,85
11259780,24,80,1,84
11260290,27,83,3,81
11260800,30,97,0,81
11261310,33,9,-3,84
11261820,45,100,0,84
11262330,22,12,-4,88
11262840,34,47,6,82
11263350,64,36,-1,83
11263860,78,18,6,77
11264370,34,38,-4,81
11264880,19,27,-7,88
11265390,49,16,8,80
11265900,63,36,3,77
11266410,77,18,-1,78
11266920,91,38,-1,79
11267430,3,75,-1,80
11267940,68,88,6,74
11268450,45,23,-12,86
11268960,57,5,6,80
11269470,71,30,0,80
11269980,85,68,9,71
11270490,67,3,-6,77
11271000,49,33,-4,81
11271510,6,22,3,78
11272020,7,15,-3,81
11272530,81,12,6,75
11273040,37,57,0,75
11273550,16,16,-7,82
11274060,1,5,5,77
11274570,75,2,3,74
11275080,57,32,-11,85
11275590,71,14,5,80
11276100,85,34,1,79
11276610,99,72,-6,85
11277120,2,7,1,84
11277630,76,4,10,74
11278140,58,20,-9,83
11278650,72,23,3,80
11279160,86,26,-4,84
11279670,42,63,11,73
11280180,63,82,1,72
11280690,40,71,-6,78
11281200,50,85,4,74
11281710,27,99,-10,84
11282220,9,31,3,81
11282730,10,37,-2,83
11283240,20,50,2,81
11283750,21,53,1,80
11284260,22,56,0,80
11284770,23,59,3,77
11285280,33,82,-2,79
11285790,63,3,4,75
11286300,37,33,-8,83
11286810,22,0,2,81
11287320,34,73,-1,82
11287830,37,96,1,81
11288340,67,17,8,73
11288850,23,37,-10,83
11289360,5,26,0,83
11289870,79,19,0,83
11290380,35,39,2,81
11290890,65,28,-4,85
11291400,79,10,6,79
11291910,93,26,0,79
11292420,5,63,-1,80
11292930,15,66,0,80
11293440,25,73,-8,88
11293950,28,76,12,76
11294460,58,99,1,75
11294970,35,58,0,75
11295480,12,10,-7,82
11295990,42,7,-1,83
11296500,43,32,1,82
11297010,64,101,8,74
11297520,41,90,-10,84
11298030,18,11,6,78
11298540,30,84,-5,83
11299050,60,69,6,77
11299560,65,58,-4,81
11300070,44,47,1,80
11300580,26,14,-5,85
11301090,38,98,5,80
11301600,15,19,-2,82
11302110,45,8,-3,85
11302620,57,33,6,79
11303130,71,15,-2,81
11303640,85,35,1,80
11304150,99,73,0,80
11304660,2,8,-1,81
11305170,76,5,7,74
11305680,58,21,-11,85
11306190,72,3,11,74
11306700,54,19,-9,83
11307210,68,39,-1,84
11307720,82,77,7,77
11308230,64,12,-4,81
11308740,20,37,0,81
11309250,21,26,0,81
11309760,3,15,-8,89
11310270,59,12,2,87
11310780,73,37,4,83
11311290,87,75,8,75
11311800,69,10,-6,81
11312310,83,55,8,73
11312820,62,92,-5,78
11313330,39,9,-12,90
11313840,51,34,9,81
11314350,56,23,1,80
11314860,70,5,6,74
11315370,66,50,-4,78
11315880,48,39,-6,84
11316390,53,6,4,80
11316900,45,31,-3,83
11317410,2,13,3,80
11317920,76,10,4,76
11318430,90,55,-4,80
11318940,53,93,2,78
11319450,30,5,-13,91
11319960,42,78,16,75
11320470,19,92,-8,83
11320980,1,24,-1,84
11321490,75,75,4,80
11322000,54,10,-4,84
11322510,68,35,7,77
11323020,82,73,3,74
11323530,64,8,-9,83
11324040,78,33,10,73
11324550,92,71,-5,78
11325060,97,6,-4,82
11325570,79,36,1,81
11326080,93,74,4,77
11326590,75,9,-9,86
11327100,89,39,2,84
11327610,1,23,2,82
11328120,11,24,-3,85
11328630,85,17,-4,89
11329140,99,37,11,78
11329650,11,56,-5,83
11330160,21,63,5,78
11330670,31,76,-1,79
11331180,61,99,2,77
11331690,38,16,-7,84
11332200,50,100,6,78
11332710,27,21,-8,86
11333220,57,3,7,79
11333730,53,28,-8,87
11334240,67,10,12,75
11334750,81,55,-4,79
11335260,86,44,0,79
11335770,100,82,2,77
11336280,3,17,-3,80
11336790,59,14,-2,82
11337300,73,34,9,73
11337810,87,72,-15,88
11338320,66,7,10,78
11338830,80,37,1,77
11339340,94,75,0,77
11339850,99,10,-5,82
11340360,73,40,3,79
11340870,87,78,1,78
11341380,69,13,1,77
11341890,83,33,-4,81
11342400,97,71,8,73
11342910,79,6,-4,77
11343420,61,22,2,75
11343930,75,42,-1,76
11344440,89,80,1,75
11344950,98,15,-6,81
11345460,10,37,2,79
11345970,20,50,-3,82
11346480,30,73,5,77
11346990,40,96,-4,81
11347500,17,17,-3,84
11348010,38,86,5,79
11348520,15,7,-3,82
11349030,27,80,3,79
11349540,37,1,0,79
11350050,49,26,-3,82
11350560,63,8,4,78
11351070,77,28,-3,81
11351580,33,66,9,72
11352090,10,80,-8,80
11352600,84,5,0,80
11353110,66,35,-3,83
11353620,80,73,11,72
11354130,62,8,-2,74
11354640,76,38,-6,80
11355150,90,76,1,79
11355660,72,11,6,73
11356170,86,31,-8,81
11356680,100,69,4,77
11357190,3,4,-4,81
11357700,77,1,7,74
11358210,59,31,-12,86
11358720,73,13,6,80
11359230,87,33,5,75
11359740,101,70,-1,76
11360250,4,5,-1,77
11360760,78,2,-3,80
11361270,60,32,-6,86
11361780,74,14,7,79
11362290,30,34,-5,84
11362800,15,1,0,84
11363310,27,74,5,79
11363820,37,97,-5,84
11364330,14,9,3,81
11364840,26,78,0,81
11365350,36,101,-5,86
11365860,66,13,11,75
11366370,80,33,-1,76
11366880,94,71,-4,80
11367390,32,6,1,79
11367900,44,79,-1,80
11368410,66,98,6,74
11368920,43,57,-1,75
11369430,64,24,-3,78
11369940,78,62,5,73
11370450,36,99,-10,83
11370960,66,11,3,80
11371470,80,31,-3,83
11371980,94,69,11,72
11372490,8,4,-9,81
11373000,69,1,6,75
11373510,51,31,-8,83
11374020,56,51,6,77
11374530,38,18,-7,84
11375040,50,0,6,78
11375550,71,30,-5,83
11376060,85,68,7,76
11376570,64,3,-2,78
11377080,46,33,-6,84
11377590,51,0,12,72
11378100,65,30,-4,76
11378610,79,68,-3,79
11379120,58,3,-2,81
11379630,43,33,-3,84
11380140,0,0,8,76
11380650,56,99,-4,80
11381160,33,20,-2,82
11381670,63,93,1,81
11382180,40,52,5,76
11382690,61,19,-5,81
11383200,75,0,2,79
11383710,57,30,-6,85
11384220,71,12,3,82
11384730,85,32,-1,83
11385240,99,70,3,80
11385750,60,5,1,79
11386260,74,35,5,74
11386770,88,73,-13,87
11387280,67,8,10,77
11387790,29,38,-3,80
11388300,59,5,1,79
11388810,73,78,6,73
11389320,52,13,-14,87
11389830,66,38,5,82
11390340,80,76,4,78
11390850,59,11,0,78
11391360,73,31,-2,80
11391870,87,69,3,77
11392380,45,4,-3,80
11392890,57,29,0,80
11393400,71,49,8,72
11393910,34,38,-12,84
11394420,64,5,9,75
11394930,60,35,-4,79
11395440,74,55,1,78
11395950,79,92,0,78
11396460,88,27,-1,79
11396970,44,65,1,78
11397480,65,84,2,76
11397990,70,1,2,74
11398500,52,31,-8,82
11399010,66,13,2,80
11399520,80,33,1,79
11400030,36,71,4,75
11400540,13,85,-6,81
11401050,94,10,6,75
11401560,68,40,-11,86
11402070,82,78,14,72
11402580,40,13,-18,90
11403090,52,97,11,79
11403600,29,14,-5,84
11404110,41,34,-1,85
11404620,71,1,12,73
11405130,53,31,-7,80
11405640,67,51,3,77
11406150,89,73,0,77
11406660,68,8,-7,84
11407170,82,38,2,82
11407680,96,76,5,77
11408190,54,11,-5,82
11408700,68,31,5,77
11409210,82,69,5,72
11409720,61,4,-4,76
11410230,57,34,-9,85
11410740,71,16,3,82
11411250,85,36,3,79
11411760,99,74,2,77
11412270,57,9,0,77
11412780,71,39,-4,81
11413290,85,77,1,80
11413800,64,12,0,80
11414310,78,32,4,76
11414820,92,70,-1,77
11415330,71,5,2,75
11415840,56,35,-10,85
11416350,61,55,5,80
11416860,40,22,1,79
11417370,70,42,1,78
11417880,75,62,8,70
11418390,54,99,-5,75
11418900,31,58,-5,80
11419410,41,10,-4,84
11419920,53,35,0,84
11420430,58,2,7,77
11420940,54,32,-4,81
11421450,68,52,6,75
11421960,47,74,-1,76
11422470,69,93,-6,82
11422980,46,52,-2,84
11423490,25,19,2,82
11424000,55,88,11,71
11424510,32,47,-13,84
11425020,53,14,2,82
11425530,67,34,2,80
11426040,81,54,4,76
11426550,60,91,4,72
11427060,37,50,-7,79
11427570,58,17,-2,81
11428080,72,100,6,75
11428590,49,59,3,72
11429100,54,78,-6,78
11429610,76,97,3,75
11430120,53,56,4,71
11430630,32,75,-9,80
11431140,42,98,-1,81
11431650,19,10,-2,83
11432160,31,83,3,80
11432670,41,97,3,77
11433180,18,9,-4,81
11433690,30,82,-1,82
11434200,40,3,-3,85
11434710,55,28,0,85
11435220,69,48,5,80
11435730,74,70,-5,85
11436240,53,92,12,73
11436750,30,51,-3,76
11437260,40,18,-7,83
11437770,52,0,5,78
11438280,67,30,0,78
11438790,81,68,7,71
11439300,39,3,-14,85
11439810,51,28,5,80
11440320,65,10,5,75
11440830,21,30,-11,86
11441340,51,99,12,74
11441850,28,58,-8,82
11442360,38,81,3,79
11442870,48,95,-7,86
11443380,25,12,3,83
11443890,37,85,4,79
11444400,59,6,2,77
11444910,73,26,-3,80
11445420,87,46,1,79
11445930,101,84,5,74
11446440,39,19,-10,84
11446950,51,39,1,83
11447460,56,6,3,80
11447970,70,36,2,78
11448480,84,56,4,74
11448990,47,93,-7,81
11449500,24,14,-3,84
11450010,36,98,2,82
11450520,66,10,4,78
11451030,22,30,-3,81
11451540,7,99,1,80
11452050,88,24,2,78
11452560,44,44,0,78
11453070,49,11,0,78
11453580,63,14,2,76
11454090,19,34,-7,83
11454600,49,1,1,82
11455110,70,31,0,82
11455620,84,69,10,72
11456130,93,4,-6,78
11456640,75,34,0,78
11457150,89,72,6,72
11457660,98,7,-9,81
11458170,72,37,8,73
11458680,86,75,-2,75
11459190,95,10,-5,80
11459700,80,40,0,80
11460210,94,78,0,80
11460720,1,13,-2,82
11461230,57,10,5,77
11461740,13,30,-5,82
11462250,75,43,0,82
11462760,80,81,6,76
11463270,59,16,-4,80
11463780,73,36,6,74
11464290,87,74,6,68
11464800,96,9,-15,83
11465310,81,39,-1,84
11465820,95,77,9,75
11466330,2,12,-7,82
11466840,58,9,4,78
11467350,72,29,0,78
11467860,86,67,-1,79
11468370,65,2,0,79
11468880,47,32,3,76
11469390,52,52,2,74
11469900,57,19,-9,83
11470410,71,1,11,72
11470920,53,31,-12,84
11471430,81,13,6,78
11471940,37,33,-4,82
11472450,67,53,7,75
11472960,72,75,4,71
11473470,51,94,-6,77
11473980,28,53,2,75
11474490,50,67,0,75
11475000,71,86,-5,80
11475510,48,21,1,79
11476020,62,3,6,73
11476530,58,33,-19,92
11477040,72,15,14,78
11477550,28,45,2,76
11478060,58,12,-2,78
11478570,14,42,-8,86
11479080,36,55,13,73
11479590,66,74,-4,77
11480100,75,93,4,73
11480610,97,29,-10,83
11481120,53,49,7,76
11481630,58,16,-3,79
11482140,14,36,-2,81
11482650,36,49,3,78
11483160,66,16,-1,79
11483670,22,36,-5,84
11484180,52,3,4,80
11484690,73,33,-2,82
11485200,87,71,5,77
11485710,65,6,1,76
11486220,61,36,-1,77
11486730,66,18,3,74
11487240,22,38,-4,78
11487750,52,5,-6,84
11488260,66,35,3,81
11488770,80,73,6,75
11489280,89,8,-5,80
11489790,45,38,-1,81
11490300,50,5,0,81
11490810,64,35,4,77
11491320,78,73,1,76
11491830,87,95,-3,79
11492340,66,30,3,76
11492850,80,68,1,75
11493360,89,3,-5,80
11493870,71,33,2,78
11494380,85,71,7,71
11494890,101,6,-4,75
11495400,83,36,-10,85
11495910,97,74,7,78
11496420,4,9,5,73
11496930,78,6,0,73
11497440,63,36,-4,77
11497950,77,74,0,77
11498460,56,9,-1,78
11498970,70,29,-4,82
11499480,84,67,1,81
11499990,63,2,7,74
11500500,45,32,-13,87
11501010,75,14,12,75
11501520,31,34,-4,79
11502030,61,1,4,75
11502540,43,31,-3,78
11503050,73,100,2,76
11503560,50,59,-3,79
11504070,55,78,5,74
11504580,32,37,-6,80
11505090,62,4,8,72
11505600,58,34,-12,84
11506110,72,16,7,77
11506620,28,36,-2,79
11507130,58,3,7,72
11507640,79,48,-6,78
11508150,84,68,3,75
11508660,63,3,-7,82
11509170,59,33,3,79
11509680,73,53,7,72
11510190,51,75,-2,74
11510700,28,34,-8,82
11511210,58,1,2,80
11511720,79,31,5,75
11512230,35,69,-1,76
11512740,57,28,-9,85
11513250,71,48,10,75
11513760,76,68,3,72
11514270,55,27,-13,85
11514780,69,9,12,73
11515290,25,39,-9,82
11515800,46,6,-1,83
11516310,60,79,9,74
11516820,81,38,-8,82
11517330,95,76,4,78
11517840,100,11,-1,79
11518350,85,41,0,79
11518860,99,79,0,79
11519370,2,14,2,77
11519880,58,11,0,77
11520390,14,31,-4,81
11520900,36,24,0,81
11521410,66,6,2,79
11521920,62,36,-3,82
11522430,76,56,3,79
11522940,81,78,3,76
11523450,90,13,4,72
11523960,46,35,-4,76
11524470,51,2,2,74
11524980,72,32,-3,77
11525490,86,52,4,73
11526000,0,89,-12,85
11526510,81,14,5,80
11527020,95,36,2,78
11527530,7,74,-6,84
11528040,81,87,7,77
11528550,63,22,-9,86
11529060,77,3,11,75
11529570,59,76,0,75
11530080,80,35,-4,79
11530590,36,73,9,70
11531100,58,32,-13,83
11531610,72,52,11,72
11532120,77,74,1,71
11532630,86,33,-14,85
11533140,42,53,4,81
11533650,63,20,2,79
11534160,77,40,5,74
11534670,91,78,-8,82
11535180,70,13,9,73
11535690,26,35,-14,87
11536200,56,2,14,73
11536710,52,75,-1,74
11537220,73,34,-10,84
11537730,87,72,7,77
11538240,96,31,-7,84
11538750,52,69,12,72
11539260,73,28,-7,79
11539770,87,66,-1,80
11540280,96,1,-1,81
11540790,78,74,7,74
11541300,57,33,-6,80
11541810,71,15,-3,83
11542320,27,35,7,76
11542830,12,2,1,75
11543340,24,75,-4,79
11543850,27,94,-5,84
11544360,30,6,4,80
11544870,42,79,5,75
11545380,64,38,0,75
11545890,78,58,-3,78
11546400,94,80,-2,80
11546910,1,15,-1,81
11547420,57,12,3,78
11547930,71,32,-2,80
11548440,85,70,-2,82
11548950,64,29,-3,85
11549460,78,11,11,74
11549970,34,33,-11,85
11550480,64,0,5,80
11550990,85,73,-4,84
11551500,94,32,7,77
11552010,50,52,-1,78
11552520,71,19,-2,80
11553030,27,41,-3,83
11553540,57,8,2,81
11554050,42,81,0,81
11554560,64,95,10,71
11555070,41,54,-3,74
11555580,62,21,-6,80
11556090,76,41,6,74
11556600,90,79,-5,79
11557110,99,38,-1,80
11557620,55,76,3,77
11558130,76,95,-3,80
11558640,97,54,1,79
11559150,53,92,2,77
11559660,30,51,-2,79
11560170,75,10,9,70
11560680,31,32,-14,84
11561190,61,101,7,77
11561700,38,18,-2,79
11562210,50,0,0,79
11562720,71,30,8,71
11563230,85,68,-13,84
11563740,46,27,5,79
11564250,51,53,3,76
11564760,72,20,0,76
11565270,28,42,-6,82
11565780,58,9,1,81
11566290,43,82,2,79
11566800,65,96,9,70
11567310,42,55,-2,72
11567820,63,22,-6,78
11568330,77,3,7,71
11568840,59,76,-2,73
11569350,80,95,-4,77
11569860,57,54,3,74
11570370,62,13,-3,77
11570880,18,35,-6,83
11571390,40,2,1,82
11571900,55,75,10,72
11572410,76,34,-13,85
11572920,90,72,6,79
11573430,51,31,-8,87
11573940,81,13,9,78
11574450,37,86,2,76
11574960,59,100,0,76
11575470,36,59,7,69
11575980,58,18,-14,83
11576490,72,101,10,73
11577000,49,60,-4,77
11577510,70,27,-6,83
11578020,84,65,10,73
11578530,62,54,-6,79
11579040,41,21,0,79
11579550,69,94,5,74
11580060,29,53,-7,81
11580570,39,20,0,81
11581080,67,2,3,78
11581590,63,75,8,70
11582100,46,34,-7,77
11582610,51,1,-1,78
11583120,65,31,-3,81
11583630,79,69,5,76
11584140,77,4,-2,78
11584650,62,77,4,74
11585160,67,96,4,70
11585670,44,55,-5,75
11586180,65,22,-3,78
11586690,79,3,7,71
11587200,61,19,-9,80
11587710,17,0,4,76
11588220,32,73,-3,79
11588730,35,92,-1,80
11589240,57,4,8,72
11589750,53,77,-3,75
11590260,30,36,0,75
11590770,15,3,-11,86
11591280,36,76,3,83
11591790,57,95,10,73
11592300,26,12,-12,85
11592810,11,85,3,82
11593320,92,10,1,81
11593830,48,26,-1,82
11594340,33,8,-6,88
11594850,45,81,7,81
11595360,67,100,4,77
11595870,44,59,3,74
11596380,65,26,-9,83
11596890,79,64,9,74
11597400,58,101,-4,78
11597910,57,60,3,75
11598420,62,79,2,73
11598930,39,98,-6,79
11599440,16,10,-2,81
11599950,78,76,-3,84
11600460,57,11,0,84
11600970,71,94,15,69
11601480,48,53,-12,81
11601990,20,20,-1,82
11602500,5,89,2,80
11603010,61,14,-2,82
11603520,17,1,-1,83
11604030,32,74,11,72
11604540,9,93,-9,81
11605050,90,18,5,76
11605560,46,40,-2,78
11606070,51,7,-4,82
11606580,65,90,9,73
11607090,42,7,-11,84
11607600,70,90,14,70
11608110,47,49,-12,82
11608620,52,16,5,77
11609130,66,99,2,75
11609640,43,16,-5,80
11610150,71,100,9,71
11610660,48,17,-14,85
11611170,62,21,11,74
11611680,18,59,-8,82
11612190,40,62,11,71
11612700,62,21,-14,85
11613210,76,2,9,76
11613720,58,32,-6,82
11614230,72,14,9,73
11614740,28,82,-4,77
11615250,50,96,2,75
11615760,0,8,-6,81
11616270,56,5,-4,85
11616780,70,35,2,83
11617290,84,73,10,73
11617800,100,8,-9,82
11618310,85,38,0,82
11618820,99,76,10,72
11619330,13,11,-17,89
11619840,75,8,9,80
11620350,31,30,1,79
11620860,16,99,2,77
11621370,97,24,-10,87
11621880,53,46,9,78
11622390,58,13,0,78
11622900,14,96,-7,85
11623410,95,21,3,82
11623920,51,43,2,80
11624430,56,10,3,77
11624940,12,93,1,76
11625450,93,18,2,74
11625960,49,40,-9,83
11626470,71,7,9,74
11626980,27,37,-5,79
11627490,12,4,0,79
11628000,99,77,0,79
11628510,57,12,-1,80
11629020,13,95,-2,82
11629530,35,20,0,82
11630040,20,2,-3,85
11630550,32,75,5,80
11631060,35,98,6,74
11631570,57,10,1,73
11632080,13,32,-7,80
11632590,35,41,3,77
11633100,20,8,-10,87
11633610,32,81,7,80
11634120,54,95,5,75
11634630,31,12,-4,79
11635140,43,85,-4,83
11635650,20,6,-2,85
11636160,32,79,9,76
11636670,54,93,3,73
11637180,31,52,3,70
11637690,53,11,-6,76
11638200,67,94,3,73
11638710,44,53,-9,82
11639220,29,72,4,78
11639730,51,95,1,77
11640240,28,54,1,76
11640750,50,13,-4,80
11641260,64,97,11,69
11641770,41,56,-6,75
11642280,63,15,-2,77
11642790,19,37,-4,81
11643300,41,68,7,74
11643810,63,27,-9,83
11644320,77,65,14,69
11644830,35,24,-10,79
11645340,20,93,4,75
11645850,42,18,-8,83
11646360,70,0,9,74
11646870,52,30,-3,77
11647380,66,12,-5,82
11647890,22,34,5,77
11648400,7,1,-4,81
11648910,75,100,5,76
11649420,52,59,1,75
11649930,31,26,-9,84
11650440,16,95,5,79
11650950,97,20,-2,81
11651460,53,42,1,80
11651970,58,24,-5,85
11652480,52,6,3,82
11652990,66,79,8,74
11653500,71,38,-4,78
11654010,85,76,-3,81
11654520,43,35,-5,86
11655030,28,2,7,79
11655540,49,75,2,77
11656050,26,43,-3,80
11656560,14,10,-1,81
11657070,76,7,-3,84
11657580,32,23,3,81
11658090,17,5,-3,84
11658600,29,78,4,80
11659110,51,92,6,74
11659620,28,51,-6,80
11660130,50,3,-4,84
11660640,64,56,2,82
11661150,69,78,2,80
11661660,48,37,1,79
11662170,20,4,-7,86
11662680,5,77,0,86
11663190,95,2,6,80
11663700,77,75,-1,81
11664210,35,10,2,79
11664720,88,94,-4,83
11665230,67,29,2,81
11665740,81,11,6,75
11666250,37,33,-10,85
11666760,67,0,11,74
11667270,49,19,-7,81
11667780,63,1,5,76
11668290,59,74,6,70
11668800,42,33,-14,84
11669310,72,0,9,75
11669820,68,73,2,73
11670330,77,32,-1,74
11670840,91,70,-5,79
11671350,49,5,0,79
11671860,63,76,8,71
11672370,85,35,-13,84
11672880,41,73,2,82
11673390,63,87,5,77
11673900,40,46,-4,81
11674410,25,13,-2,83
11674920,10,97,8,75
11675430,66,22,-1,76
11675940,64,4,2,74
11676450,20,77,-13,87
11676960,42,84,9,78
11677470,19,5,-4,82
11677980,31,78,2,80
11678490,34,101,0,80
11679000,56,60,6,74
11679510,28,19,-11,85
11680020,13,1,0,85
11680530,69,100,-2,87
11681040,51,59,2,85
11681550,72,18,7,78
11682060,28,40,4,74
11682570,13,7,-11,85
11683080,75,4,4,81
11683590,31,77,7,74
11684100,53,91,1,73
11684610,30,50,-1,74
11685120,52,9,-6,80
11685630,8,93,0,80
11686140,89,18,-4,84
11686650,45,40,3,81
11687160,66,7,10,71
11687670,22,29,-13,84
11688180,7,98,3,81
11688690,63,23,-8,89
11689200,77,5,9,80
11689710,33,24,4,76
11690220,63,93,3,73
11690730,40,52,1,72
11691240,62,19,-7,79
11691750,18,85,-7,86
11692260,40,53,8,78
11692770,62,20,-1,79
11693280,76,2,5,74
11693790,58,75,4,70
11694300,35,34,-11,81
11694810,20,1,-5,86
11695320,41,74,5,81
11695830,63,33,-8,89
11696340,77,15,10,79
11696850,33,37,0,79
11697360,18,4,-5,84
11697870,3,77,-2,86
11698380,25,2,-1,87
11698890,46,75,13,74
11699400,68,34,-5,79
11699910,82,16,0,79
11700420,38,38,-2,81
11700930,23,5,-7,88
11701440,35,78,12,76
11701950,57,92,-1,77
11702460,34,51,1,76
11702970,22,18,-8,84
11703480,7,87,-3,87
11703990,29,12,2,85
11704500,59,85,10,75
11705010,36,44,-4,79
11705520,22,11,-6,85
11706030,52,95,8,77
11706540,29,54,4,73
11707050,51,32,-6,79
11707560,79,14,9,70
11708070,35,36,-9,79
11708580,65,3,5,74
11709090,61,33,-7,81
11709600,75,15,5,76
11710110,31,37,-5,81
11710620,16,4,-5,86
11711130,19,77,2,84
11711640,22,45,1,83
11712150,44,58,8,75
11712660,23,25,-9,84
11713170,8,94,0,84
11713680,64,19,5,79
11714190,20,1,-4,83
11714700,48,74,4,79
11715210,70,33,-9,88
11715720,55,15,5,83
11716230,11,99,3,80
11716740,92,24,0,80
11717250,48,74,2,78
11717760,25,33,-10,88
11718270,10,0,8,80
11718780,38,99,-5,85
11719290,60,11,8,77
11719800,16,33,-3,80
11720310,38,0,0,80
11720820,66,73,8,72
11721330,45,32,-15,87
11721840,73,14,4,83
11722350,29,36,3,80
11722860,14,3,-3,83
11723370,42,76,5,78
11723880,19,35,-4,82
11724390,7,2,3,79
11724900,69,101,3,76
11725410,46,60,-5,81
11725920,51,27,-1,82
11726430,65,9,4,78
11726940,21,25,-3,81
11727450,6,94,-2,83
11727960,87,19,-1,84
11728470,43,41,5,79
11728980,64,8,-1,80
11729490,20,81,-2,82
11730000,42,49,4,78
11730510,63,16,-2,80
11731020,19,100,-4,84
11731530,41,25,0,84
11732040,26,7,-6,90
11732550,11,80,4,86
11733060,33,11,9,77
11733570,18,84,-8,85
11734080,40,98,4,81
11734590,98,10,3,78
11735100,83,26,2,76
11735610,39,64,0,76
11736120,61,23,-6,82
11736630,75,5,3,79
11737140,31,1,-5,84
11737650,59,74,8,76
11738160,36,33,-2,78
11738670,21,0,-1,79
11739180,6,73,-6,85
11739690,62,4,13,72
11740200,18,34,-8,80
11740710,40,1,-5,85
11741220,68,54,3,82
11741730,42,21,1,81
11742240,27,3,-5,86
11742750,55,76,13,73
11743260,32,35,-10,83
11743770,17,2,-1,84
11744280,2,75,-4,88
11744790,58,0,15,73
11745300,54,73,-2,75
11745810,31,32,-11,86
11746320,16,101,-2,88
11746830,97,26,4,84
11747340,53,64,14,70
11747850,32,23,-16,86
11748360,62,92,12,74
11748870,39,51,-3,77
11749380,18,18,-2,79
11749890,3,87,-8,87
11750400,59,12,5,82
11750910,15,95,4,78
11751420,96,20,-2,80
11751930,52,42,2,78
11752440,57,9,2,76
11752950,13,25,-8,84
11753460,75,34,1,83
11753970,89,72,0,83
11754480,68,94,15,68
11754990,45,53,-8,76
11755500,30,20,0,76
11756010,15,2,-9,85
11756520,0,75,3,82
11757030,65,0,10,72
11757540,39,30,-18,90
11758050,24,12,2,88
11758560,9,85,4,84
11759070,31,10,5,79
11759580,16,83,-14,93
11760090,38,8,10,83
11760600,66,92,14,69
11761110,43,51,-6,75
11761620,73,18,-3,78
11762130,29,40,-1,79
11762640,14,7,-6,85
11763150,76,4,3,82
11763660,72,34,-2,84
11764170,86,72,7,77
11764680,24,94,-7,84
11765190,27,19,1,83
11765700,57,88,7,76
11766210,34,47,-6,82
11766720,22,14,2,80
11767230,7,98,-2,82
11767740,88,23,2,80
11768250,44,61,4,76
11768760,65,20,-6,82
11769270,79,58,3,79
11769780,40,80,-4,83
11770290,43,94,1,82
11770800,46,6,-4,86
11771310,74,89,10,76
11771820,51,6,-5,81
11772330,65,79,6,75
11772840,42,38,-10,85
11773350,72,5,10,75
11773860,28,35,-5,80
11774370,13,2,-4,84
11774880,100,75,-5,89
11775390,56,10,8,81
11775900,12,93,-1,82
11776410,34,18,0,82
11776920,19,0,1,81
11777430,4,73,-2,83
11777940,26,100,4,79
11778450,31,78,-3,82
11778960,34,92,6,76
11779470,37,4,-3,79
11779980,65,88,7,72
11780490,42,47,-9,81
11781000,27,14,2,79
11781510,12,87,-4,83
11782020,93,12,0,83
11782530,49,28,2,81
11783040,77,10,4,77
11783550,33,40,5,72
11784060,18,7,-12,84
11784570,3,80,6,78
11785080,59,5,1,77
11785590,15,35,-4,81
11786100,37,44,1,80
11786610,22,11,-6,86
11787120,7,89,5,81
11787630,63,14,2,79
11788140,19,36,0,79
11788650,41,3,-9,88
11789160,69,56,11,77
11789670,43,78,2,75
11790180,20,30,-4,79
11790690,5,99,-3,82
11791200,61,24,4,78
11791710,75,62,7,71
11792220,31,84,-7,78
11792730,34,98,-2,80
11793240,37,10,-4,84
11793750,65,94,12,72
11794260,42,11,-11,83
11794770,70,95,12,71
11795280,47,12,-12,83
11795790,75,96,6,77
11796300,52,55,-3,80
11796810,24,22,-7,87
11797320,54,4,8,79
11797830,10,34,-3,82
11798340,32,85,7,75
11798850,9,99,-6,81
11799360,65,24,-3,84
11799870,79,62,9,75
11800380,63,58,1,74
11800890,24,54,-5,79
11801400,46,6,-1,80
11801910,74,89,2,78
11802420,51,6,-1,79
11802930,65,79,5,74
11803440,42,98,-7,81
11803950,19,10,-2,83
11804460,49,94,4,79
11804970,26,53,0,79
11805480,48,20,0,79
11805990,62,2,4,75
11806500,18,32,-6,81
11807010,40,101,-1,82
11807520,17,13,0,82
11808030,47,82,7,75
11808540,24,96,-7,82
11809050,29,74,5,77
11809560,32,88,-4,81
11810070,35,0,-5,86
11810580,47,84,7,79
11811090,69,43,-1,80
11811600,83,25,-1,81
11812110,39,63,7,74
11812620,61,22,-8,82
11813130,75,60,5,77
11813640,31,82,-5,82
11814150,34,96,5,77
11814660,56,8,-4,81
11815170,12,91,-2,83
11815680,68,16,3,80
11816190,24,38,-5,85
11816700,54,5,5,80
11817210,10,88,-1,81
11817720,32,13,1,80
11818230,60,97,7,73
11818740,37,16,-3,76
11819250,65,100,2,74
11819760,42,59,-1,75
11820270,63,26,-13,88
11820780,77,8,2,86
11821290,33,18,3,83
11821800,63,0,8,75
11822310,45,19,-8,83
11822820,30,1,2,81
11823330,42,85,5,76
11823840,19,99,-8,84
11824350,41,24,1,83
11824860,69,6,4,79
11825370,25,16,-2,81
11825880,55,100,11,70
11826390,32,59,-8,78
11826900,54,11,-6,84
11827410,68,95,12,72
11827920,45,54,-6,78
11828430,30,21,-1,79
11828940,60,90,5,74
11829450,37,49,-4,78
11829960,96,16,-3,81
11830470,52,38,-2,83
11830980,26,5,-2,85
11831490,43,89,11,74
11832000,20,1,-18,92
11832510,41,74,17,75
11833020,63,26,-8,83
11833530,77,41,7,76
11834040,91,79,-1,77
11834550,47,91,-3,80
11835060,24,3,-11,91
11835570,45,76,11,80
11836080,67,90,6,74
11836590,44,49,-6,80
11837100,16,16,-2,82
11837610,78,85,7,75
11838120,34,2,-9,84
11838630,46,86,9,75
11839140,23,45,-3,78
11839650,45,12,-5,83
11840160,73,96,13,70
11840670,50,13,-20,90
11841180,78,97,9,81
11841690,55,86,-2,83
11842200,32,3,0,83
11842710,53,87,3,80
11843220,30,46,5,75
11843730,18,13,-5,80
11844240,3,82,0,80
11844750,59,7,-7,87
11845260,73,90,13,74
11845770,50,7,-8,82
11846280,64,91,8,74
11846790,41,50,-4,78
11847300,62,17,-3,81
11847810,18,101,0,81
11848320,40,26,1,80
11848830,70,95,4,76
11849340,47,12,-9,85
11849850,75,96,12,73
11850360,52,13,-3,76
11850870,66,97,-2,78
11851380,43,14,-7,85
11851890,71,98,9,76
11852400,48,15,-1,77
11852910,62,99,2,75
11853420,39,16,-6,81
11853930,24,100,-9,90
11854440,46,25,8,82
11854950,74,7,-1,83
11855460,30,78,6,77
11855970,52,92,0,77
11856480,29,44,-3,80
11856990,14,11,-3,83
11857500,76,95,6,77
11858010,53,5,0,77
11858520,38,24,-9,86
11859030,23,6,2,84
11859540,35,90,5,79
11860050,57,2,4,75
11860560,53,21,-7,82
11861070,3,3,6,76
11861580,59,0,-2,78
11862090,55,30,-5,83
11862600,69,12,3,80
11863110,25,34,0,80
11863620,10,1,-4,84
11864130,66,100,3,81
11864640,43,59,8,73
11865150,64,26,-7,80
11865660,20,8,-6,86
11866170,32,92,-1,87
11866680,35,4,8,79
11867190,47,88,-3,82
11867700,69,40,8,74
11868210,83,22,-10,84
11868720,39,44,2,82
11869230,24,11,-5,87
11869740,36,80,12,75
11870250,58,94,0,75
11870760,35,11,-4,79
11871270,63,95,8,71
11871780,40,54,-5,76
11872290,61,21,-5,81
11872800,75,3,10,71
11873310,71,22,-6,77
11873820,27,4,-5,82
11874330,55,88,6,76
11874840,32,40,-7,83
11875350,17,7,1,82
11875860,29,91,-1,83
11876370,51,59,7,76
11876880,33,26,-6,82
11877390,63,95,6,76
11877900,40,12,-11,87
11878410,68,96,13,74
11878920,45,13,-11,85
11879430,59,97,12,73
11879940,36,56,-2,75
11880450,58,23,-12,87
11880960,72,5,12,75
11881470,28,24,-6,81
11881980,51,93,4,77
11882490,28,5,-9,86
11883000,49,89,10,76
11883510,12,48,-6,82
11884020,34,41,6,76
11884530,19,8,-6,82
11885040,40,92,1,81
11885550,62,4,5,76
11886060,18,23,-2,78
11886570,3,92,-6,84
11887080,25,17,-1,85
11887590,48,101,9,76
11888100,25,13,-9,85
11888610,48,97,8,77
11889120,25,9,-7,84
11889630,37,93,3,81
11890140,59,5,6,75
11890650,15,76,-8,83
11891160,37,90,6,77
11891670,59,2,0,77
11892180,55,21,1,76
11892690,69,3,1,75
11893200,65,22,-2,77
11893710,21,4,-2,79
11894220,49,77,6,73
11894730,71,36,-8,81
11895240,85,18,0,81
11895750,41,89,0,81
11896260,63,10,7,74
11896770,19,81,-10,84
11897280,41,49,7,77
11897790,64,16,-1,78
11898300,20,21,-3,81
11898810,43,3,1,80
11899320,71,87,7,73
11899830,92,46,-10,83
11900340,48,84,5,78
11900850,70,36,3,75
11901360,84,18,-3,78
11901870,40,40,-4,82
11902380,63,7,4,78
11902890,19,78,-4,82
11903400,41,92,8,74
11903910,63,4,-1,75
11904420,19,77,-6,81
11904930,41,45,9,72
11905440,64,12,-10,82
11905950,78,34,3,79
11906460,92,16,-1,80
11906970,48,38,3,77
11907480,70,5,4,73
11907990,26,24,-8,81
11908500,49,93,1,80
11909010,26,52,-4,84
11909520,48,4,5,79
11910030,76,88,3,76
11910540,58,100,1,75
11911050,35,52,-1,76
11911560,57,19,-3,79
11912070,71,1,4,75
11912580,53,20,-8,83
11913090,67,2,7,76
11913600,63,75,3,73
11914110,45,34,-12,85
11914620,68,1,11,74
11915130,64,31,-9,83
11915640,78,13,9,74
11916150,34,35,-7,81
11916660,19,2,-2,83
11917170,47,86,1,82
11917680,24,45,1,81
11918190,46,99,3,78
11918700,68,11,-4,82
11919210,24,33,-1,83
11919720,47,0,2,81
11920230,68,84,6,75
11920740,89,43,-5,80
11921250,1,2,2,78
11921760,24,101,-1,79
11922270,46,26,-6,85
11922780,73,8,6,79
11923290,29,70,-1,80
11923800,32,84,2,78
11924310,54,5,0,78
11924820,10,86,-2,80
11925330,32,11,-3,83
11925840,60,95,7,76
11926350,37,54,2,74
11926860,58,21,-4,78
11927370,72,3,0,78
11927880,68,65,4,74
11928390,26,77,-6,80
11928900,29,100,-5,85
11929410,51,68,10,75
11929920,72,87,2,73
11930430,93,99,-6,79
11930940,0,34,5,74
11931450,22,85,-10,84
11931960,44,53,8,76
11932470,67,22,-5,81
11932980,23,3,1,80
11933490,51,87,5,75
11934000,28,101,-14,89
11934510,50,69,13,76
11935020,71,88,2,74
11935530,92,100,-7,81
11936040,11,35,2,79
11936550,33,44,3,76
11937060,56,13,-7,83
11937570,12,97,1,82
11938080,97,22,2,80
11938590,53,44,-3,83
11939100,58,26,4,79
11939610,72,8,4,75
11940120,28,70,-1,76
11940630,50,93,-3,79
11941140,72,5,4,75
11941650,28,67,-3,78
11942160,50,90,1,77
11942670,27,49,-3,80
11943180,49,1,-4,84
11943690,77,31,3,81
11944200,33,12,-4,85
11944710,61,96,10,75
11945220,38,13,-5,80
11945730,66,97,7,73
11946240,43,56,0,73
11946750,64,25,-8,81
11947260,78,7,7,74
11947770,34,23,-4,78
11948280,62,92,4,74
11948790,39,51,1,73
11949300,60,20,-8,81
11949810,74,2,4,77
11950320,56,21,-4,81
11950830,70,3,6,75
11951340,66,22,-4,79
11951850,22,4,-6,85
11952360,50,88,10,75
11952870,72,40,-3,78
11953380,86,22,-1,79
11953890,42,44,-4,83
11954400,65,13,10,73
11954910,21,13,-12,85
11955420,44,56,7,78
11955930,65,25,-8,86
11956440,79,7,9,77
11956950,35,69,1,76
11957460,57,21,-6,82
11957970,71,3,9,73
11958480,53,22,-10,83
11958990,67,4,5,78
11959500,63,23,1,77
11960010,77,5,-3,80
11960520,73,35,3,77
11961030,87,17,-1,78
11961540,43,39,-11,89
11962050,66,21,9,80
11962560,22,3,-2,82
11963070,50,88,6,76
11963580,72,40,0,76
11964090,86,22,-3,79
11964600,42,44,-4,83
11965110,65,78,11,72
11965620,87,67,3,69
11966130,45,56,-8,77
11966640,68,25,1,76
11967150,82,6,-6,82
11967660,34,68,6,76
11968170,56,82,3,73
11968680,78,41,-10,83
11969190,92,23,9,74
11969700,48,45,0,74
11970210,71,14,-3,77
11970720,27,36,-1,78
11971230,50,3,-2,80
11971740,78,87,1,79
11972250,87,99,1,78
11972760,96,34,-2,80
11973270,52,72,5,75
11973780,73,43,-1,76
11974290,87,36,-5,81
11974800,101,17,1,80
11975310,13,29,-4,84
11975820,35,11,8,76
11976330,63,95,1,75
11976840,85,12,-2,77
11977350,41,28,-3,80
11977860,69,10,-1,81
11978370,25,40,4,77
11978880,47,7,-6,83
11979390,75,91,4,79
11979900,97,1,-3,82
11980410,49,74,9,73
11980920,71,33,-3,76
11981430,85,15,-2,78
11981940,41,37,-5,83
11982450,64,4,-1,84
11982960,78,66,3,81
11983470,36,55,8,73
11983980,58,14,-5,78
11984490,14,97,0,78
11985000,95,22,-9,87
11985510,51,44,4,83
11986020,30,2,3,80
11986530,58,87,4,76
11987040,80,4,0,76
11987550,36,20,-4,80
11988060,64,2,6,74
11988570,60,32,-6,80
11989080,74,14,5,75
11989590,81,59,-2,77
11990100,39,81,-3,80
11990610,61,2,4,76
11991120,57,32,-5,81
11991630,71,14,5,76
11992140,27,59,-2,78
11992650,49,11,-6,84
11993160,77,95,12,72
11993670,99,5,-1,73
11994180,73,21,-2,75
11994690,29,43,-2,77
11995200,51,10,-3,80
11995710,65,94,8,72
11996220,87,11,-6,78
11996730,43,27,-10,88
11997240,71,9,8,80
11997750,27,54,0,80
11998260,49,6,-3,83
11998770,34,90,0,83
11999280,37,2,4,79
11999790,65,22,1,78
12000300,21,4,-6,84
12000810,49,89,4,80
12001320,71,41,2,78
12001830,85,23,-1,79
12002340,41,45,-4,83
12002850,94,12,3,80
12003360,50,28,-3,83
12003870,78,10,5,78
12004380,34,72,5,73
12004890,56,86,-5,78
12005400,78,3,2,76
12005910,52,19,1,75
12006420,66,1,2,73
12006930,62,31,-7,80
12007440,76,13,9,71
12007950,32,29,-10,81
12008460,55,98,5,76
12008970,77,50,2,74
12009480,35,39,-7,81
12009990,58,6,5,76
12010500,14,89,-5,81
12011010,36,14,7,74
12011520,64,98,0,74
12012030,86,15,-4,78
12012540,42,37,-6,84
12013050,95,19,1,83
12013560,51,41,2,81
12014070,56,23,-6,87
12014580,70,5,11,76
12015090,26,67,-5,81
12015600,2,81,-7,88
12016110,24,6,1,87
12016620,52,90,11,76
12017130,74,42,-1,77
12017640,88,24,-6,83
12018150,44,46,1,82
12018660,65,13,3,79
12019170,21,96,-3,82
12019680,43,21,3,79
12020190,71,3,9,70
12020700,56,19,-10,80
12021210,70,1,8,72
12021720,71,17,-7,79
12022230,85,58,6,73
12022740,36,65,-3,76
12023250,58,79,-1,77
12023760,80,98,3,74
12024270,0,33,-6,80
12024780,22,72,4,76
12025290,25,86,-1,77
12025800,47,100,-2,79
12026310,69,12,-3,82
12026820,25,57,1,81
12027330,47,9,-2,83
12027840,75,93,9,74
12028350,97,82,-8,82
12028860,55,17,-2,84
12029370,69,101,6,78
12029880,91,18,0,78
12030390,47,40,-2,80
12030900,75,7,6,74
12031410,31,23,-7,81
12031920,54,92,0,81
12032430,76,51,4,77
12032940,34,40,-3,80
12033450,57,7,-5,85
12033960,71,91,9,76
12034470,93,8,-2,78
12034980,78,24,3,75
12035490,34,65,-4,79
12036000,56,17,0,79
12036510,70,101,3,76
12037020,92,18,5,71
12037530,48,40,-8,79
12038040,56,7,-8,87
12038550,41,91,4,83
12039060,63,3,6,77
12039570,59,33,-9,86
12040080,73,15,5,81
12040590,29,45,2,79
12041100,51,12,-5,84
12041610,79,96,11,73
12042120,100,6,-9,82
12042630,85,70,8,74
12043140,43,5,-10,84
12043650,45,89,4,80
12044160,67,1,5,75
12044670,49,63,0,75
12045180,70,30,-3,78
12045690,84,12,-1,79
12046200,40,28,-1,80
12046710,68,97,7,73
12047220,90,14,-7,80
12047730,46,30,4,76
12048240,74,12,-3,79
12048750,30,83,-5,84
12049260,33,97,5,79
12049770,36,9,-3,82
12050280,64,93,10,72
12050790,86,10,-8,80
12051300,42,26,-3,83
12051810,70,8,2,81
12052320,26,79,-1,82
12052830,29,93,3,79
12053340,51,5,-2,81
12053850,79,89,6,75
12054360,84,24,-2,77
12054870,40,44,-9,86
12055380,63,11,8,78
12055890,19,31,-5,83
12056400,42,100,1,82
12056910,64,12,3,79
12057420,20,95,0,79
12057930,42,20,-3,82
12058440,70,2,7,75
12058950,52,32,-6,81
12059460,80,14,2,79
12059970,36,59,5,74
12060480,58,26,-7,81
12060990,72,8,5,76
12061500,28,79,-6,82
12062010,31,93,2,80
12062520,53,5,0,80
12063030,67,89,6,74
12063540,89,6,-1,75
12064050,63,1,-1,76
12064560,59,31,-7,83
12065070,87,13,1,82
12065580,43,29,1,81
12066090,71,11,5,76
12066600,27,82,-11,87
12067110,30,96,8,79
12067620,33,21,-5,84
12068130,61,3,6,78
12068640,57,33,-2,80
12069150,85,15,-5,85
12069660,41,86,3,82
12070170,63,100,10,72
12070680,40,17,-12,84
12071190,68,101,7,77
12071700,90,60,2,75
12072210,41,49,-5,80
12072720,64,16,2,78
12073230,78,100,-6,84
12073740,99,89,3,81
12074250,57,24,0,81
12074760,71,6,7,74
12075270,56,77,0,74
12075780,78,96,3,71
12076290,100,85,-11,82
12076800,58,20,0,82
12077310,72,2,5,77
12077820,46,32,-7,84
12078330,74,14,6,78
12078840,30,34,-7,85
12079350,53,1,8,77
12079860,49,85,-9,86
12080370,37,37,1,85
12080880,58,4,7,78
12081390,79,75,4,74
12081900,37,64,-3,77
12082410,59,23,-6,83
12082920,73,5,7,76
12083430,58,35,-4,80
12083940,86,17,2,78
12084450,42,37,-3,81
12084960,95,4,-1,82
12085470,69,20,4,78
12085980,41,2,-7,85
12086490,39,86,6,79
12087000,61,100,6,73
12087510,38,59,-1,74
12088020,60,18,-3,77
12088530,74,0,6,71
12089040,56,73,-5,76
12089550,78,92,0,76
12090060,73,2,0,76
12090570,47,75,-5,81
12091080,69,34,2,79
12091590,83,16,0,79
12092100,39,36,-6,85
12092610,62,3,5,80
12093120,58,33,-5,85
12093630,86,15,6,79
12094140,42,35,-5,84
12094650,65,2,7,77
12095160,61,32,0,77
12095670,75,14,-6,83
12096180,31,34,7,76
12096690,54,3,-1,77
12097200,82,76,4,73
12097710,40,88,-7,80
12098220,62,0,-3,83
12098730,58,30,-1,84
12099240,72,27,2,82
12099750,86,9,-1,83
12100260,42,80,5,78
12100770,64,32,-9,87
12101280,78,14,9,78
12101790,34,36,-2,80
12102300,57,5,3,77
12102810,71,89,2,75
12103320,92,48,-9,84
12103830,4,30,5,79
12104340,26,81,-3,82
12104850,29,49,4,78
12105360,51,8,-5,83
12105870,79,92,7,76
12106380,101,81,-2,78
12106890,21,93,-5,83
12107400,43,71,9,74
12107910,65,30,-14,88
12108420,79,12,6,82
12108930,35,34,-1,83
12109440,88,3,2,81
12109950,40,76,7,74
12110460,62,35,-12,86
12110970,90,17,9,77
12111480,46,37,-2,79
12111990,54,4,1,78
12112500,10,88,-2,80
12113010,32,13,-3,83
12113520,72,97,6,77
12114030,94,56,2,75
12114540,95,78,-6,81
12115050,53,90,5,76
12115560,30,22,-9,85
12116070,53,4,3,82
12116580,74,88,7,75
12117090,95,77,-4,79
12117600,15,89,1,78
12118110,37,67,3,75
12118620,47,26,-15,90
12119130,75,8,10,80
12119640,31,79,2,78
12120150,34,38,-5,83
12120660,57,7,1,82
12121170,42,27,-2,84
12121680,70,9,8,76
12122190,26,29,-4,80
12122700,49,100,-7,87
12123210,26,52,5,82
12123720,27,4,2,80
12124230,65,77,1,79
12124740,47,66,-3,82
12125250,68,25,3,79
12125760,82,7,1,78
12126270,38,79,3,75
12126780,60,31,-13,88
12127290,88,13,7,81
12127800,44,84,5,76
12128310,21,43,-4,80
12128820,43,10,-5,85
12129330,71,94,8,77
12129840,93,53,-3,80
12130350,19,75,-3,83
12130860,22,6,-4,87
12131370,50,79,6,81
12131880,72,38,3,78
12132390,86,20,-5,83
12132900,100,40,6,77
12133410,12,62,-9,86
12133920,34,95,7,79
12134430,37,7,-1,80
12134940,65,80,7,73
12135450,89,69,-3,76
12135960,47,58,1,75
12136470,68,27,-6,81
12136980,82,9,6,75
12137490,67,31,-14,89
12138000,81,13,14,75
12138510,37,35,-4,79
12139020,60,2,7,72
12139530,56,75,-5,77
12140040,77,94,2,75
12140550,98,83,-3,78
12141060,18,95,-5,83
12141570,40,73,7,76
12142080,62,32,-6,82
12142590,76,14,1,81
12143100,32,87,-2,83
12143610,35,72,11,72
12144120,45,31,-8,80
12144630,73,0,5,75
12145140,55,73,-1,76
12145650,76,42,1,75
12146160,90,31,0,75
12146670,46,0,-3,78
12147180,74,73,7,71
12147690,32,85,-9,80
12148200,35,74,8,72
12148710,45,26,-10,82
12149220,73,8,10,72
12149730,29,81,-8,80
12150240,32,70,-5,85
12150750,35,22,1,84
12151260,58,91,7,77
12151770,80,50,1,76
12152280,96,39,-10,86
12152790,8,77,7,79
12153300,30,2,0,79
12153810,58,75,6,73
12154320,79,44,-7,80
12154830,93,82,4,76
12155340,7,94,-4,80
12155850,29,72,-6,86
12156360,32,61,3,83
12156870,42,28,2,81
12157380,70,10,-3,84
12157890,55,83,7,77
12158400,76,42,-3,80
12158910,90,80,8,72
12159420,4,92,-8,80
12159930,26,17,-4,84
12160440,49,86,6,78
12160950,26,75,-4,82
12161460,29,60,3,79
12161970,39,12,-4,83
12162480,67,96,4,79
12162990,44,85,-2,81
12163500,65,74,4,77
12164010,86,63,1,76
12164520,37,52,-1,77
12165030,58,19,1,76
12165540,72,0,0,76
12166050,54,73,1,75
12166560,75,42,-1,76
12167070,89,31,-4,80
12167580,45,53,-4,84
12168090,66,22,1,83
12168600,22,3,0,83
12169110,50,76,10,73
12169620,27,35,-7,80
12170130,50,2,2,78
12170640,78,99,6,72
12171150,99,88,-5,77
12171660,18,5,-7,84
12172170,46,78,4,80
12172680,67,37,0,80
12173190,81,75,1,79
12173700,39,64,4,75
12174210,60,23,-10,85
12174720,74,4,11,74
12175230,48,77,2,72
12175740,25,36,-9,81
12176250,48,3,3,78
12176760,76,76,6,72
12177270,34,65,-8,80
12177780,44,24,-8,88
12178290,72,6,15,73
12178800,28,79,-6,79
12179310,31,68,1,78
12179820,41,20,-10,88
12180330,69,2,9,79
12180840,51,75,1,78
12181350,28,34,-9,87
12181860,51,23,5,82
12182370,65,5,6,76
12182880,21,78,-7,83
12183390,24,46,4,79
12183900,33,13,-5,84
12184410,61,97,8,76
12184920,38,56,-3,79
12185430,59,45,-3,82
12185940,87,34,2,80
12186450,101,72,-1,81
12186960,27,61,0,81
12187470,37,50,5,76
12187980,58,19,-5,81
12188490,72,0,5,76
12189000,54,73,2,74
12189510,75,62,-3,77
12190020,33,24,-8,85
12190530,56,6,8,77
12191040,70,79,3,74
12191550,91,68,0,74
12192060,5,57,-3,77
12192570,15,64,-3,80
12193080,25,32,-5,85
12193590,48,1,7,78
12194100,69,74,6,72
12194610,27,63,-10,82
12195120,30,15,-3,85
12195630,53,4,5,80
12196140,67,77,9,71
12196650,88,66,-6,77
12197160,46,55,1,76
12197670,67,44,-11,87
12198180,28,33,9,78
12198690,51,2,-4,82
12199200,47,75,2,80
12199710,68,34,-4,84
12200220,82,72,6,78
12200730,40,34,-7,85
12201240,63,23,5,80
12201750,77,4,8,72
12202260,33,26,-12,84
12202770,56,15,4,80
12203280,12,98,1,79
12203790,79,76,-3,82
12204300,37,65,4,78
12204810,47,24,-9,87
12205320,75,6,9,78
12205830,31,79,0,78
12206340,8,93,1,77
12206850,92,18,-1,78
12207360,48,40,1,77
12207870,69,2,-1,78
12208380,57,47,-1,79
12208890,31,36,2,77
12209400,54,25,-14,91
12209910,68,7,11,80
12210420,24,80,-4,84
12210930,27,48,2,82
12211440,57,26,2,80
12211950,71,8,6,74
12212460,27,53,-3,77
12212970,37,42,-3,80
12213480,58,31,0,80
12213990,72,13,-2,82
12214500,28,58,6,76
12215010,38,10,-4,80
12215520,66,94,7,73
12216030,43,53,-5,78
12216540,64,22,0,78
12217050,78,3,2,76
12217560,52,76,1,75
12218070,73,35,-9,84
12218580,87,73,11,73
12219090,45,62,0,73
12219600,66,31,-5,78
12220110,80,12,-3,81
12220620,14,34,-2,83
12221130,2,16,4,79
12221640,92,67,-2,81
12222150,50,56,6,75
12222660,32,45,-8,83
12223170,55,14,-1,84
12223680,69,97,11,73
12224190,46,86,-6,79
12224700,23,75,-2,81
12225210,26,43,-3,84
12225720,14,32,1,83
12226230,15,14,3,80
12226740,38,3,-8,88
12227250,59,76,9,79
12227760,80,65,7,72
12228270,38,54,-6,78
12228780,61,23,-4,82
12229290,75,4,8,74
12229800,49,49,-16,90
12230310,72,38,5,85
12230820,86,20,5,80
12231330,42,42,-2,82
12231840,65,31,4,78
12232350,79,13,-1,79
12232860,35,58,3,76
12233370,45,47,-4,80
12233880,19,36,-4,84
12234390,20,18,2,82
12234900,43,7,2,80
12235410,71,91,8,72
12235920,92,80,-8,80
12236430,50,15,-6,86
12236940,78,99,12,74
12237450,99,88,-4,78
12237960,57,23,-3,81
12238470,71,5,10,71
12238980,27,50,-8,79
12239490,15,39,1,78
12240000,3,21,-7,85
12240510,93,72,11,74
12241020,51,7,-8,82
12241530,65,80,7,75
12242040,86,69,-4,79
12242550,44,4,-1,80
12243060,72,87,3,77
12243570,93,76,-2,79
12244080,51,65,0,79
12244590,72,54,-2,81
12245100,30,43,5,76
12245610,48,32,-6,82
12246120,49,14,-2,84
12246630,63,98,9,75
12247140,40,87,-9,84
12247650,50,76,8,76
12248160,27,35,-10,86
12248670,50,24,1,85
12249180,64,6,7,78
12249690,20,51,-2,80
12250200,30,33,1,79
12250710,53,22,1,78
12251220,67,4,1,77
12251730,41,49,3,74
12252240,97,38,-12,86
12252750,53,76,9,77
12253260,74,65,3,74
12253770,32,87,-8,82
12254280,35,72,1,81
12254790,45,61,-1,82
12255300,66,50,6,76
12255810,24,39,-4,80
12256320,12,28,-4,84
12256830,0,10,3,81
12257340,90,96,-3,84
12257850,9,31,2,82
12258360,10,13,0,82
12258870,33,2,3,79
12259380,34,86,-3,82
12259890,37,71,6,76
12260400,58,60,1,75
12260910,93,49,-3,78
12261420,5,87,-2,80
12261930,95,65,4,76
12262440,53,0,-6,82
12262950,74,30,5,77
12263460,30,68,0,77
12263970,40,57,5,72
12264480,61,26,-11,83
12264990,75,8,-1,84
12265500,31,53,9,75
12266010,41,42,-6,81
12266520,62,31,2,79
12267030,76,13,-3,82
12267540,32,58,9,73
12268050,42,47,-8,81
12268560,63,36,-3,84
12269070,77,18,11,73
12269580,33,63,-4,77
12270090,43,52,3,74
12270600,64,41,-5,79
12271110,65,30,-1,80
12271620,79,12,0,80
12272130,35,67,5,75
12272640,45,56,1,74
12273150,66,45,-1,75
12273660,24,34,-6,81
12274170,47,23,-3,84
12274680,61,5,11,73
12275190,35,78,-3,76
12275700,38,67,2,74
12276210,60,56,2,72
12276720,18,45,-10,82
12277230,28,27,2,80
12277740,51,16,-13,93
12278250,79,100,19,74
12278760,100,89,-11,85
12279270,58,24,2,83
12279780,72,6,9,74
12280290,46,79,-4,78
12280800,23,38,-11,89
12281310,46,27,5,84
12281820,47,9,-3,87
12282330,75,76,15,72
12282840,33,98,-11,83
12283350,36,83,4,79
12283860,39,72,6,73
12284370,49,31,-11,84
12284880,77,13,3,81
12285390,33,58,0,81
12285900,54,47,7,74
12286410,28,36,-16,90
12286920,49,25,-1,91
12287430,70,7,13,78
12287940,26,80,-4,82
12288450,29,65,1,81
12288960,50,17,-1,82
12289470,64,101,7,75
12289980,41,60,-6,81
12290490,62,29,-6,87
12291000,76,11,7,80
12291510,32,56,9,71
12292020,53,15,-10,81
12292530,67,98,8,73
12293040,44,57,-2,75
12293550,65,26,-3,78
12294060,79,8,-3,81
12294570,35,81,-1,82
12295080,12,66,-3,85
12295590,22,99,3,82
12296100,49,77,9,73
12296610,26,36,-5,78
12297120,49,3,-1,79
12297630,70,76,2,77
12298140,28,65,-1,78
12298650,38,17,-2,80
12299160,66,101,5,75
12299670,43,60,-2,77
12300180,64,27,-10,87
12300690,78,9,10,77
12301200,34,31,-7,84
12301710,57,100,12,72
12302220,34,59,-1,73
12302730,55,18,-10,83
12303240,69,0,8,75
12303750,51,73,-1,76
12304260,72,32,-9,85
12304770,86,13,4,81
12305280,42,35,-3,84
12305790,63,17,9,75
12306300,19,100,-10,85
12306810,40,78,8,77
12307320,61,67,1,76
12307830,19,56,-3,79
12308340,29,41,-5,84
12308850,52,30,2,82
12309360,80,12,5,77
12309870,36,34,-3,80
12310380,59,1,4,76
12310890,80,74,0,76
12311400,54,36,-2,78
12311910,55,18,-6,84
12312420,69,0,8,76
12312930,26,73,-3,79
12313440,29,58,0,79
12313950,39,47,4,75
12314460,60,14,-3,78
12314970,74,97,6,72
12315480,95,86,-5,77
12315990,53,21,-5,82
12316500,67,91,9,73
12317010,88,50,1,72
12317520,0,39,-11,83
12318030,90,90,6,77
12318540,48,25,-4,81
12319050,76,7,8,73
12319560,32,52,-7,80
12320070,53,19,-2,82
12320580,67,1,8,74
12321090,49,74,0,74
12321600,26,33,-8,82
12322110,47,0,7,75
12322620,68,73,7,68
12323130,26,62,-12,80
12323640,36,47,1,79
12324150,57,14,-1,80
12324660,13,97,-3,83
12325170,34,22,0,83
12325680,19,4,-2,85
12326190,40,77,9,76
12326700,61,29,-11,87
12327210,75,11,16,71
12327720,31,56,-7,78
12328230,52,41,-3,81
12328740,26,30,3,78
12329250,47,19,1,77
12329760,61,1,-4,81
12330270,82,74,2,79
12330780,40,96,-4,83
12331290,61,81,9,74
12331800,82,70,-6,80
12332310,40,32,1,79
12332820,61,101,4,75
12333330,82,60,-2,77
12333840,40,22,-8,85
12334350,63,4,9,76
12334860,84,77,2,74
12335370,42,12,-6,80
12335880,70,96,4,76
12336390,91,85,-5,81
12336900,83,20,9,72
12337410,39,42,-8,80
12337920,60,31,1,79
12338430,74,13,-2,81
12338940,30,96,3,78
12339450,51,81,1,77
12339960,72,100,6,71
12340470,93,19,-9,80
12340980,49,41,0,80
12341490,70,3,7,73
12342000,44,76,-4,77
12342510,97,65,-4,81
12343020,16,54,3,78
12343530,19,36,-1,79
12344040,40,18,-6,85
12344550,61,0,15,70
12345060,43,73,-7,77
12345570,64,32,-7,84
12346080,78,14,11,73
12346590,34,59,1,72
12347100,55,18,-14,86
12347610,69,0,7,79
12348120,51,73,6,73
12348630,72,32,-11,84
12349140,86,70,8,76
12349650,44,5,-12,88
12350160,72,78,12,76
12350670,93,13,1,75
12351180,49,35,-14,89
12351690,70,17,6,83
12352200,26,100,-4,87
12352710,29,25,5,82
12353220,52,14,2,80
12353730,66,98,7,73
12354240,87,87,-8,81
12354750,45,22,-9,90
12355260,66,4,12,78
12355770,54,77,-5,83
12356280,75,62,8,75
12356790,33,99,-6,81
12357300,54,31,0,81
12357810,82,13,2,79
12358320,38,35,-7,86
12358830,59,17,0,86
12359340,73,101,9,77
12359850,94,60,0,77
12360360,81,97,4,73
12360870,11,32,-11,84
12361380,101,14,2,82
12361890,86,36,4,78
12362400,100,74,-4,82
12362910,19,9,0,82
12363420,40,82,3,79
12363930,61,67,0,79
12364440,82,89,0,79
12364950,78,24,-2,81
12365460,34,5,3,78
12365970,55,78,8,70
12366480,76,37,-8,78
12366990,90,75,0,78
12367500,9,10,-4,82
12368010,32,94,-4,86
12368520,53,62,10,76
12369030,74,84,-5,81
12369540,95,19,0,81
12370050,51,41,2,79
12370560,72,34,-1,80
12371070,86,72,4,76
12371580,44,7,-15,91
12372090,72,91,14,77
12372600,93,26,-3,80
12373110,49,48,1,79
12373620,70,17,0,79
12374130,45,100,0,79
12374640,66,85,8,71
12375150,87,74,-6,77
12375660,6,9,-5,82
12376170,29,36,0,82
12376680,52,3,0,82
12377190,73,76,5,77
12377700,94,78,1,76
12378210,52,13,-5,81
12378720,66,97,7,74
12379230,43,56,-5,79
12379740,64,49,1,78
12380250,22,30,-3,81
12380760,48,99,0,81
12381270,69,84,9,72
12381780,90,4,-5,77
12382290,64,77,2,75
12382800,85,99,-3,78
12383310,4,34,-2,80
12383820,14,85,1,79
12384330,2,10,-5,84
12384840,92,34,-1,85
12385350,48,72,12,73
12385860,36,31,-11,84
12386370,24,100,2,82
12386880,45,25,4,78
12387390,70,7,0,78
12387900,26,29,-7,85
12388410,49,98,9,76
12388920,70,83,4,72
12389430,91,18,-12,84
12389940,47,40,3,81
12390450,68,7,7,74
12390960,24,80,-13,87
12391470,27,48,13,74
12391980,15,15,-7,81
12392490,36,99,3,78
12393000,39,84,-2,80
12393510,49,69,11,69
12394020,37,88,-13,82
12394530,47,73,4,78
12395040,35,32,-6,84
12395550,56,101,4,80
12396060,33,53,5,75
12396570,21,20,-10,85
12397080,42,2,2,83
12397590,63,75,6,77
12398100,51,68,4,73
12398610,72,61,-1,74
12399120,30,83,-6,80
12399630,33,68,7,73
12400140,43,27,-11,84
12400650,64,9,6,78
12401160,20,93,-2,80
12401670,23,18,-5,85
12402180,44,0,7,78
12402690,65,73,3,75
12403200,86,7,-6,81
12403710,42,29,-1,82
12404220,67,11,2,80
12404730,23,95,-2,82
12405240,26,20,-4,86
12405750,52,2,11,75
12406260,40,75,-4,79
12406770,61,98,3,76
12407280,38,17,-10,86
12407790,50,101,8,78
12408300,71,86,5,73
12408810,92,21,-8,81
12409320,48,43,0,81
12409830,69,10,5,76
12410340,25,83,-8,84
12410850,28,51,11,73
12411360,38,18,-12,85
12411870,50,0,9,76
12412380,71,84,3,73
12412890,92,4,-8,81
12413400,44,77,7,74
12413910,21,62,-13,87
12414420,24,44,10,77
12414930,12,29,-9,86
12415440,0,11,3,83
12415950,90,8,5,78
12416460,46,30,-7,85
12416970,71,12,10,75
12417480,27,96,-6,81
12417990,30,21,3,78
12418500,15,3,-4,82
12419010,36,76,-3,85
12419520,46,99,1,84
12420030,23,0,0,84
12420540,44,73,12,72
12421050,65,92,1,71
12421560,42,9,-14,85
12422070,43,93,6,79
12422580,72,78,-2,81
12423090,77,100,6,75
12423600,98,35,-10,85
12424110,10,17,6,79
12424620,72,6,4,75
12425130,28,79,-9,84
12425640,31,64,1,83
12426150,41,46,2,81
12426660,29,39,2,79
12427170,17,28,-10,89
12427680,40,10,7,82
12428190,41,94,1,81
12428700,44,42,0,81
12429210,65,9,7,74
12429720,21,93,-9,83
12430230,31,18,1,82
12430740,56,0,3,79
12431250,77,73,6,73
12431760,35,8,-7,80
12432270,36,92,5,75
12432780,46,77,-4,79
12433290,23,62,-5,84
12433800,26,44,8,76
12434310,14,11,-4,80
12434820,35,95,-4,84
12435330,38,80,8,76
12435840,48,1,-1,77
12436350,62,85,7,70
12436860,83,44,-7,77
12437370,55,26,-7,84
12437880,69,8,12,72
12438390,25,81,-14,86
12438900,28,63,7,79
12439410,38,45,0,79
12439920,26,12,-8,87
12440430,47,96,11,76
12440940,24,55,-6,82
12441450,34,37,6,76
12441960,22,4,-3,79
12442470,34,77,4,75
12442980,44,100,-3,78
12443490,65,85,6,72
12444000,42,44,-10,82
12444510,65,11,6,76
12445020,21,95,0,76
12445530,24,20,-10,86
12446040,50,2,2,84
12446550,64,86,9,75
12447060,41,3,-11,86
12447570,62,87,11,75
12448080,39,46,-4,79
12448590,27,13,-11,90
12449100,48,97,4,86
12449610,51,82,13,73
12450120,28,41,-8,81
12450630,16,8,-4,85
12451140,39,92,6,79
12451650,42,77,-1,80
12452160,19,59,6,74
12452670,22,82,-11,85
12453180,25,50,8,77
12453690,35,32,2,75
12454200,61,101,1,74
12454710,38,60,4,70
12455220,26,19,-14,84
12455730,49,1,3,81
12456240,63,74,1,80
12456750,84,67,-1,81
12457260,42,29,-7,88
12457770,67,11,15,73
12458280,23,95,-6,79
12458790,26,27,0,79
12459300,49,9,-5,84
12459810,63,93,9,75
12460320,40,52,0,75
12460830,61,19,-5,80
12461340,17,1,0,80
12461850,38,74,5,75
12462360,15,97,-9,84
12462870,37,22,3,81
12463380,62,4,0,81
12463890,50,88,-2,83
12464400,71,9,7,76
12464910,27,93,-9,85
12465420,30,61,10,75
12465930,7,43,-8,83
12466440,97,25,-6,89
12466950,53,7,8,81
12467460,67,91,11,70
12467970,44,50,-11,81
12468480,29,39,-4,85
12468990,52,21,-1,86
12469500,66,3,12,74
12470010,54,76,0,74
12470520,42,35,-13,87
12471030,69,2,13,74
12471540,57,86,0,74
12472050,34,3,-5,79
12472560,57,87,5,74
12473070,34,46,-4,78
12473580,22,13,-9,87
12474090,45,97,6,81
12474600,22,18,0,81
12475110,45,0,3,78
12475620,59,84,6,72
12476130,36,1,-5,77
12476640,64,74,5,72
12477150,22,63,-9,81
12477660,32,45,2,79
12478170,33,34,-4,83
12478680,59,16,4,79
12479190,73,100,3,76
12479700,50,59,1,75
12480210,29,52,-3,78
12480720,17,34,-3,81
12481230,5,16,-10,91
12481740,95,100,3,88
12482250,53,35,4,84
12482760,54,17,4,80
12483270,68,101,5,75
12483780,45,60,1,74
12484290,33,53,-7,81
12484800,34,20,-1,82
12485310,35,2,5,77
12485820,36,75,5,72
12486330,46,64,-5,77
12486840,67,23,-5,82
12487350,81,5,3,79
12487860,69,89,1,78
12488370,74,6,2,76
12488880,62,79,3,73
12489390,67,98,-5,78
12489900,44,57,3,75
12490410,65,50,0,75
12490920,23,32,-11,86
12491430,46,101,8,78
12491940,23,60,-4,82
12492450,24,42,4,78
12492960,12,9,-1,79
12493470,35,93,-3,82
12493980,38,82,5,77
12494490,15,71,-11,88
12495000,37,53,11,77
12495510,25,20,-6,83
12496020,48,2,-3,86
12496530,69,86,10,76
12497040,46,3,-8,84
12497550,60,87,10,74
12498060,37,46,-7,81
12498570,25,13,-1,82
12499080,51,97,2,80
12499590,28,86,-6,86
12500100,31,54,12,74
12500610,19,21,-13,87
12501120,82,10,12,75
12501630,38,83,-9,84
12502140,41,4,-3,87
12502650,42,88,10,77
12503160,19,9,-11,88
12503670,42,93,8,80
12504180,19,14,-1,81
12504690,42,98,-4,85
12505200,19,87,3,82
12505710,22,12,-1,83
12506220,45,96,8,75
12506730,22,17,-17,92
12507240,45,101,13,79
12507750,22,90,-9,88
12508260,25,58,10,78
12508770,28,40,0,78
12509280,16,7,-7,85
12509790,39,80,3,82
12510300,42,1,-2,84
12510810,63,74,11,73
12511320,68,33,-10,83
12511830,82,15,0,83
12512340,96,56,4,79
12512850,8,38,-6,85
12513360,30,20,1,84
12513870,53,2,9,75
12514380,67,75,-1,76
12514890,25,94,-7,83
12515400,28,26,1,82
12515910,91,8,-1,83
12516420,43,53,5,78
12516930,64,20,1,77
12517440,78,2,4,73
12517950,52,75,0,73
12518460,40,34,-8,81
12518970,61,1,1,80
12519480,49,74,7,73
12519990,37,33,-13,86
12520500,60,0,11,75
12521010,48,73,4,71
12521520,36,32,-11,82
12522030,37,101,5,77
12522540,40,60,0,77
12523050,28,27,-12,89
12523560,51,96,6,83
12524070,28,17,-5,88
12524580,91,101,1,87
12525090,49,36,6,81
12525600,50,18,-3,84
12526110,64,0,13,71
12526620,52,73,-2,73
12527130,40,32,-12,85
12527640,63,14,8,77
12528150,77,98,7,70
12528660,54,33,-15,85
12529170,68,15,6,79
12529680,82,99,-4,83
12530190,1,34,2,81
12530700,91,85,4,77
12531210,49,20,-7,84
12531720,63,2,11,73
12532230,59,47,-11,84
12532740,60,29,2,82
12533250,74,11,8,74
12533760,30,56,-5,79
12534270,18,45,-4,83
12534780,19,27,0,83
12535290,82,9,5,78
12535800,38,82,-2,80
12536310,41,3,-3,83
12536820,42,56,3,80
12537330,63,23,2,78
12537840,77,5,1,77
12538350,65,78,7,70
12538860,42,97,-9,79
12539370,19,18,-7,86
12539880,82,7,3,83
12540390,70,80,13,70
12540900,92,15,-11,81
12541410,4,60,1,80
12541920,94,0,-9,89
12542430,76,33,7,82
12542940,90,15,2,80
12543450,2,60,-1,81
12543960,92,0,6,75
12544470,74,73,1,74
12544980,32,8,-9,83
12545490,33,81,4,79
12546000,36,2,-3,82
12546510,37,55,7,75
12547020,25,14,-8,83
12547530,48,98,-2,85
12548040,25,19,0,85
12548550,48,1,4,81
12549060,62,54,1,80
12549570,67,36,-1,81
12550080,81,18,1,80
12550590,37,0,-5,85
12551100,38,53,10,75
12551610,59,20,-10,85
12552120,73,2,10,75
12552630,47,75,1,74
12553140,24,34,-11,85
12553650,47,1,3,82
12554160,61,54,8,74
12554670,19,47,-8,82
12555180,20,29,2,80
12555690,43,98,5,75
12556200,20,19,-14,89
12556710,43,1,8,81
12557220,64,54,1,80
12557730,22,47,-2,82
12558240,23,70,3,79
12558750,26,93,-2,81
12559260,31,25,1,80
12559770,94,7,0,80
12560280,68,80,13,67
12560790,89,99,-9,76
12561300,8,34,1,75
12561810,30,85,-9,84
12562320,33,6,3,81
12562830,34,79,5,76
12563340,11,0,-1,77
12563850,32,73,5,72
12564360,35,96,-8,80
12564870,38,81,2,78
12565380,15,2,-12,90
12565890,36,75,10,80
12566400,39,98,-5,85
12566910,42,83,9,76
12567420,19,42,-2,78
12567930,7,27,-8,86
12568440,97,78,5,81
12568950,55,13,2,79
12569460,69,97,1,78
12569970,46,33,-3,81
12570480,47,15,5,76
12570990,61,99,6,70
12571500,38,58,-5,75
12572010,59,17,-1,76
12572520,73,101,-7,83
12573030,94,37,1,82
12573540,6,74,9,73
12574050,96,101,-12,85
12574560,15,36,4,81
12575070,16,18,2,79
12575580,79,7,1,78
12576090,64,52,0,78
12576600,22,45,-5,83
12577110,44,27,-1,84
12577620,45,9,3,81
12578130,73,93,5,76
12578640,94,28,-8,84
12579150,6,65,1,83
12579660,28,33,8,75
12580170,29,0,-8,83
12580680,50,73,3,80
12581190,71,32,-4,84
12581700,85,14,7,77
12582210,99,34,-2,79
12582720,11,71,-6,85
12583230,33,98,7,78
12583740,36,57,4,74
12584250,58,16,-2,76
12584760,72,100,0,76
12585270,49,55,-1,77
12585780,70,24,1,76
12586290,84,44,-2,78
12586800,98,82,0,78
12587310,56,17,3,75
12587820,70,101,1,74
12588330,91,60,-4,78
12588840,3,97,-7,85
12589350,93,22,7,78
12589860,49,42,-3,81
12590370,50,24,-2,83
12590880,64,6,3,80
12591390,49,26,1,79
12591900,63,8,0,79
12592410,69,28,-5,84
12592920,83,10,4,80
12593430,39,30,-5,85
12593940,62,12,8,77
12594450,18,32,-5,82
12594960,41,75,3,79
12595470,62,98,7,72
12595980,39,57,-6,78
12596490,27,16,-7,85
12597000,57,100,6,79
12597510,54,59,2,77
12598020,20,28,-4,81
12598530,43,97,3,78
12599040,20,18,-6,84
12599550,43,17,3,81
12600060,44,101,-2,83
12600570,65,60,6,77
12601080,23,97,-6,83
12601590,26,22,2,81
12602100,49,91,2,79
12602610,26,12,-4,83
12603120,27,96,-1,84
12603630,30,55,7,77
12604140,33,14,3,74
12604650,34,98,-11,85
12605160,37,57,11,74
12605670,58,16,-3,77
12606180,72,100,0,77
12606690,49,59,4,73
12607200,70,26,-10,83
12607710,84,8,6,77
12608220,40,28,-5,82
12608730,70,10,6,76
12609240,84,30,-6,82
12609750,40,50,4,78
12610260,25,9,-8,86
12610770,55,93,7,79
12611280,32,52,-1,80
12611790,53,11,-5,85
12612300,67,95,12,73
12612810,44,54,0,73
12613320,65,21,-11,84
12613830,79,41,11,73
12614340,93,61,0,73
12614850,25,98,-12,85
12615360,28,57,4,81
12615870,31,80,-6,87
12616380,34,1,10,77
12616890,35,74,-2,79
12617400,12,97,-4,83
12617910,0,22,1,82
12618420,90,73,5,77
12618930,48,8,-7,84
12619440,62,92,10,74
12619950,39,51,3,71
12620460,40,10,-16,87
12620970,70,94,19,68
12621480,91,53,-11,79
12621990,3,91,-3,82
12622500,93,16,3,79
12623010,49,36,-3,82
12623520,50,3,1,81
12624030,64,56,2,79
12624540,65,15,4,75
12625050,21,99,-6,81
12625560,43,58,3,78
12626070,64,97,9,69
12626580,41,56,-7,76
12627090,62,15,-2,78
12627600,18,35,-5,83
12628110,19,17,-3,86
12628620,49,6,4,82
12629130,63,59,5,77
12629640,21,18,-4,81
12630150,84,0,-1,82
12630660,66,62,7,75
12631170,24,99,-11,86
12631680,29,24,-4,90
12632190,59,6,7,83
12632700,15,26,5,78
12633210,77,8,-3,81
12633720,33,28,-5,86
12634230,63,10,6,80
12634740,77,30,4,76
12635250,91,50,-4,80
12635760,3,32,2,78
12636270,93,83,2,76
12636780,51,18,-7,83
12637290,65,0,7,76
12637800,47,45,-6,82
12638310,21,12,5,77
12638820,22,96,-7,84
12639330,43,21,-1,85
12639840,44,3,7,78
12640350,72,87,0,78
12640860,93,46,-5,83
12641370,5,83,-1,84
12641880,95,8,4,80
12642390,47,28,-6,86
12642900,48,10,2,84
12643410,62,94,8,76
12643920,39,53,1,75
12644430,60,20,-3,78
12644940,74,2,2,76
12645450,48,64,-1,77
12645960,69,23,0,77
12646470,25,5,1,76
12646980,55,25,-4,80
12647490,69,7,1,79
12648000,25,27,-3,82
12648510,55,96,1,81
12649020,32,55,8,73
12649530,54,22,-10,83
12650040,68,4,12,71
12650550,64,24,-6,77
12651060,78,6,1,76
12651570,28,26,-6,82
12652080,58,8,-2,84
12652590,72,28,4,80
12653100,86,10,1,79
12653610,42,30,-4,83
12654120,43,12,0,83
12654630,71,96,9,74
12655140,48,55,-5,79
12655650,30,22,-5,84
12656160,60,91,10,74
12656670,37,50,4,70
12657180,19,17,-9,79
12657690,49,60,4,75
12658200,70,19,-12,87
12658710,84,39,11,76
12659220,98,76,1,75
12659730,56,11,-6,81
12660240,70,31,5,76
12660750,84,13,-4,80
12661260,40,33,0,80
12661770,41,0,-3,83
12662280,69,53,6,77
12662790,27,15,1,76
12663300,57,99,-3,79
12663810,34,58,4,75
12664320,55,17,-8,83
12664830,69,101,8,75
12665340,46,60,-5,80
12665850,67,19,0,80
12666360,23,39,-1,81
12666870,24,6,5,76
12667380,54,90,4,72
12667890,31,49,-10,82
12668400,52,8,2,80
12668910,66,92,8,72
12669420,43,51,-13,85
12669930,25,18,5,80
12670440,55,0,5,75
12670950,51,62,2,73
12671460,72,21,-6,79
12671970,28,41,-2,81
12672480,58,8,6,75
12672990,72,28,-7,82
12673500,86,10,3,79
12674010,42,30,-16,95
12674520,43,12,14,81
12675030,71,96,6,75
12675540,92,55,-2,77
12676050,4,92,-5,82
12676560,94,17,-3,85
12677070,50,37,3,82
12677580,55,19,3,79
12678090,69,1,6,73
12678600,21,63,-8,81
12679110,24,86,-1,82
12679620,27,11,1,81
12680130,28,95,-1,82
12680640,31,54,6,76
12681150,53,13,-6,82
12681660,67,97,10,72
12682170,44,56,-3,75
12682680,65,15,-11,86
12683190,79,35,0,86
12683700,93,17,6,80
12684210,5,37,0,80
12684720,27,19,-2,82
12685230,57,1,4,78
12685740,53,63,3,75
12686250,35,22,-7,82
12686760,36,4,5,77
12687270,37,57,1,76
12687780,58,16,-6,82
12688290,72,100,6,76
12688800,49,59,0,76
12689310,70,28,-6,82
12689820,84,10,4,78
12690330,69,28,1,77
12690840,83,10,5,72
12691350,39,30,-8,80
12691860,40,12,0,80
12692370,41,96,1,79
12692880,63,55,7,72
12693390,21,92,-7,79
12693900,24,17,1,78
12694410,54,47,-3,81
12694920,59,16,-3,84
12695430,73,100,9,75
12695940,50,59,-3,78
12696450,32,28,-6,84
12696960,62,10,7,77
12697470,76,30,-3,80
12697980,90,12,5,75
12698490,46,32,-9,84
12699000,47,14,3,81
12699510,61,98,9,72
12700020,38,57,-8,80
12700530,59,16,-1,81
12701040,73,100,5,76
12701550,50,59,1,75
12702060,32,28,-10,85
12702570,62,10,3,82
12703080,76,30,0,82
12703590,90,12,4,78
12704100,2,32,-5,83
12704610,24,83,-2,85
12705120,27,4,3,82
12705630,28,57,5,77
12706140,31,16,-2,79
12706650,16,100,-4,83
12707160,38,25,-2,85
12707670,68,7,6,79
12708180,82,69,2,77
12708690,40,4,-6,83
12709200,68,57,2,81
12709710,69,94,4,77
12710220,27,53,2,75
12710730,49,12,-2,77
12711240,63,96,4,73
12711750,40,55,-2,75
12712260,61,14,-6,81
12712770,75,98,10,71
12713280,96,33,-8,79
12713790,8,70,-6,85
12714300,30,97,4,81
12714810,33,18,-4,85
12715320,63,0,9,76
12715830,59,62,-1,77
12716340,64,31,-5,82
12716850,78,13,2,80
12717360,92,33,-4,84
12717870,4,70,6,78
12718380,26,97,-6,84
12718890,48,22,2,82
12719400,62,4,8,74
12719910,58,66,-5,79
12720420,40,28,-2,81
12720930,70,10,9,72
12721440,84,30,-4,76
12721950,98,67,-5,81
12722460,1,2,-1,82
12722970,31,101,1,81
12723480,34,60,3,78
12723990,56,19,-8,86
12724500,70,1,9,77
12725010,22,63,-6,83
12725520,25,86,-8,91
12726030,28,11,10,81
12726540,29,95,5,76
12727050,32,16,-7,83
12727560,62,100,13,70
12728070,39,59,-10,80
12728580,60,18,-1,81
12729090,74,38,4,77
12729600,88,20,-3,80
12730110,0,40,-5,85
12730620,10,22,4,81
12731130,11,4,0,81
12731640,41,88,3,78
12732150,44,9,-1,79
12732660,58,29,-5,84
12733170,72,11,10,74
12733680,86,31,-3,77
12734190,100,68,-9,86
12734700,3,3,3,83
12735210,33,0,6,77
12735720,34,20,-3,80
12736230,64,2,8,72
12736740,16,64,-11,83
12737250,19,70,0,83
12737760,22,93,-2,85
12738270,25,18,5,80
12738780,55,0,5,75
12739290,69,20,-3,78
12739800,83,40,5,73
12740310,97,77,-3,76
12740820,0,12,-3,79
12741330,67,9,0,79
12741840,81,70,-5,84
12742350,39,5,-1,85
12742860,40,89,5,80
12743370,43,10,-5,85
12743880,71,94,11,74
12744390,92,29,-11,85
12744900,4,49,6,79
12745410,14,31,-3,82
12745920,15,13,-5,87
12746430,45,56,8,79
12746940,75,25,-1,80
12747450,89,45,2,78
12747960,1,65,-10,88
12748470,23,92,5,83
12748980,26,17,4,79
12749490,56,101,-6,85
12750000,33,22,-1,86
12750510,63,4,13,73
12751020,59,24,-6,79
12751530,73,6,7,72
12752040,58,26,-12,84
12752550,72,8,10,74
12753060,86,28,-3,77
12753570,100,48,-3,80
12754080,12,68,-3,83
12754590,15,91,0,83
12755100,37,16,-2,85
12755610,38,100,2,83
12756120,41,21,-3,86
12756630,71,3,11,75
12757140,23,23,-4,79
12757650,53,5,-4,83
12758160,67,25,2,81
12758670,81,7,6,75
12759180,31,27,-5,80
12759690,61,9,1,79
12760200,75,29,0,79
12760710,89,49,-3,82
12761220,1,86,3,79
12761730,23,11,-3,82
12762240,53,95,4,78
12762750,30,54,4,74
12763260,52,13,-7,81
12763770,66,97,8,73
12764280,43,56,-5,78
12764790,64,25,-1,79
12765300,78,7,3,76
12765810,92,27,-6,82
12766320,4,47,1,81
12766830,26,98,1,80
12767340,29,23,-1,81
12767850,59,5,2,79
12768360,73,25,4,75
12768870,87,45,-5,80
12769380,101,65,2,78
12769890,13,0,-4,82
12770400,67,41,8,74
12770910,81,23,-12,86
12771420,95,43,11,75
12771930,7,63,-9,84
12772440,17,45,6,78
12772950,20,27,1,77
12773460,50,81,4,73
12773970,72,40,-6,79
12774480,86,60,3,76
12774990,44,97,1,75
12775500,66,18,-2,77
12776010,80,38,0,77
12776520,94,58,-5,82
12777030,6,78,1,81
12777540,28,3,-3,84
12778050,40,87,4,80
12778560,62,8,0,80
12779070,76,28,-6,86
12779580,90,48,2,84
12780090,27,68,0,84
12780600,30,91,-4,88
12781110,33,12,8,80
12781620,34,32,-1,81
12782130,64,14,0,81
12782640,78,34,2,79
12783150,92,54,2,77
12783660,4,74,0,77
12784170,26,101,0,77
12784680,29,26,-8,85
12785190,59,8,6,79
12785700,73,28,-1,80
12786210,87,48,9,71
12786720,73,68,2,69
12787230,52,3,-9,78
12787740,66,23,3,75
12788250,80,43,-3,78
12788760,94,25,-1,79
12789270,50,45,-3,82
12789780,29,65,3,79
12790290,32,88,-1,80
12790800,35,9,-1,81
12791310,36,29,5,76
12791820,66,11,-3,79
12792330,80,31,2,77
12792840,94,51,-1,78
12793350,6,88,-5,83
12793860,73,13,4,79
12794370,87,33,-2,81
12794880,101,53,-3,84
12795390,13,90,2,82
12795900,35,15,-1,83
12796410,47,99,2,81
12796920,69,20,2,79
12797430,83,40,-4,83
12797940,97,60,6,77
12798450,9,97,-8,85
12798960,31,22,4,81
12799470,61,4,6,75
12799980,57,24,-2,77
12800490,71,6,-2,79
12801000,67,68,-3,82
12801510,89,27,0,82
12802020,1,47,4,78
12802530,23,98,-5,83
12803040,26,23,1,82
12803550,56,92,1,81
12804060,78,51,3,78
12804570,83,33,0,78
12805080,97,53,-3,81
12805590,9,90,0,81
12806100,99,15,-1,82
12806610,11,35,1,81
12807120,33,17,-3,84
12807630,63,101,5,79
12808140,85,60,9,70
12808650,43,97,-7,77
12809160,65,56,2,75
12809670,70,93,0,75
12810180,91,52,-9,84
12810690,3,72,7,77
12811200,25,99,-9,86
12811710,28,24,3,83
12812220,58,6,1,82
12812730,72,26,2,80
12813240,86,46,0,80
12813750,100,66,0,80
12814260,12,1,2,78
12814770,73,85,2,76
12815280,78,44,-8,84
12815790,92,26,8,76
12816300,4,46,0,76
12816810,71,97,1,75
12817320,93,56,-6,81
12817830,5,76,3,78
12818340,72,1,5,73
12818850,46,63,-1,74
12819360,67,22,-5,79
12819870,81,42,-2,81
12820380,95,24,1,80
12820890,7,44,-4,84
12821400,29,95,-2,86
12821910,32,54,11,75
12822420,54,13,-13,88
12822930,68,97,12,76
12823440,89,56,0,76
12823950,52,76,7,69
12824460,74,35,-9,78
12824970,88,55,-2,80
12825480,0,92,3,77
12825990,22,17,-8,85
12826500,52,101,1,84
12827010,74,43,1,83
12827520,88,25,3,80
12828030,0,45,-3,83
12828540,22,96,-4,87
12829050,25,21,7,80
12829560,51,90,-4,84
12830070,93,36,0,84
12830580,5,56,3,81
12831090,27,5,-5,86
12831600,39,78,10,76
12832110,61,101,2,74
12832620,83,60,-2,76
12833130,3,97,-5,81
12833640,25,22,0,81
12834150,51,11,5,76
12834660,65,31,-4,80
12835170,79,13,3,77
12835680,93,33,-2,79
12836190,5,70,-3,82
12836700,27,97,5,77
12837210,30,56,-1,78
12837720,52,15,-7,85
12838230,7,35,-1,86
12838740,29,86,10,76
12839250,51,7,-4,80
12839760,65,27,3,77
12840270,79,47,0,77
12840780,93,84,-6,83
12841290,98,19,10,73
12841800,10,39,-9,82
12842310,32,21,-4,86
12842820,62,3,8,78
12843330,76,65,2,76
12843840,55,0,-3,79
12844350,51,30,-9,88
12844860,36,12,-5,93
12845370,37,32,6,87
12845880,67,14,10,77
12846390,81,34,-1,78
12846900,95,54,-3,81
12847410,7,91,-2,83
12847920,29,16,3,80
12848430,59,100,7,73
12848940,81,59,-1,74
12849450,39,96,-9,83
12849960,42,17,7,76
12850470,70,37,-4,80
12850980,84,19,2,78
12851490,98,39,-6,84
12852000,10,76,6,78
12852510,32,1,1,77
12853020,44,21,-6,83
12853530,56,3,10,73
12854040,70,9,-6,79
12854550,84,71,-2,81
12855060,42,6,-2,83
12855570,56,26,-4,87
12856080,70,8,12,75
12856590,84,70,-2,77
12857100,89,5,0,77
12857610,63,67,-3,80
12858120,42,2,-3,83
12858630,57,64,11,72
12859140,79,33,-7,79
12859650,101,53,1,78
12860160,13,90,-8,86
12860670,35,15,8,78
12861180,6,99,-1,79
12861690,28,24,-3,82
12862200,54,6,1,81
12862710,68,68,4,77
12863220,47,3,-5,82
12863730,61,65,6,76
12864240,40,79,-5,81
12864750,62,0,10,71
12865260,58,62,-10,81
12865770,37,99,-3,84
12866280,40,20,1,83
12866790,41,2,8,75
12867300,55,64,-2,77
12867810,34,33,-5,82
12868320,64,2,5,77
12868830,60,64,2,75
12869340,39,101,-9,84
12869850,61,22,2,82
12870360,75,4,9,73
12870870,49,66,0,73
12871380,70,25,-8,81
12871890,84,6,3,78
12872400,58,68,2,76
12872910,79,37,-3,79
12873420,93,57,-3,82
12873930,5,94,4,78
12874440,27,19,-5,83
12874950,53,1,1,82
12875460,67,63,8,74
12875970,46,100,-5,79
12876480,68,21,0,79
12876990,82,41,-2,81
12877500,96,61,2,79
12878010,16,32,-4,83
12878520,17,75,-4,87
12879030,20,98,6,81
12879540,42,30,-1,82
12880050,68,12,4,78
12880560,82,32,-3,81
12881070,96,52,-2,83
12881580,8,89,4,79
12882090,30,14,-3,82
12882600,42,98,1,81
12883110,64,19,-1,82
12883620,78,39,0,82
12884130,92,59,2,80
12884640,12,96,0,80
12885150,34,21,-3,83
12885660,64,3,7,76
12886170,60,65,6,70
12886680,82,0,-4,74
12887190,64,62,-3,77
12887700,43,24,0,77
12888210,44,6,-4,81
12888720,58,89,4,77
12889230,80,48,3,74
12889740,85,85,-10,84
12890250,90,20,8,76
12890760,2,40,-5,81
12891270,24,22,-6,87
12891780,54,11,5,82
12892290,68,31,1,81
12892800,82,13,7,74
12893310,96,33,-5,79
12893820,8,53,-2,81
12894330,30,60,4,77
12894840,52,83,-1,78
12895350,74,4,4,74
12895860,48,66,4,70
12896370,69,25,-9,79
12896880,83,45,-1,80
12897390,97,27,-1,81
12897900,9,47,2,79
12898410,31,29,-8,87
12898920,57,18,10,77
12899430,71,101,6,71
12899940,93,26,-8,79
12900450,5,46,0,79
12900960,27,53,2,77
12901470,49,76,7,70
12901980,71,35,-11,81
12902490,85,16,8,73
12903000,99,36,-5,78
12903510,11,73,-3,81
12904020,33,96,1,80
12904530,55,17,1,79
12905040,69,100,6,73
12905550,91,25,-10,83
12906060,3,45,7,76
12906570,25,68,-10,86
12907080,28,91,3,83
12907590,31,12,7,76
12908100,43,96,-6,82
12908610,65,17,11,71
12909120,79,80,-2,73
12909630,37,15,-6,79
12910140,49,99,3,76
12910650,71,20,1,75
12911160,85,40,-4,79
12911670,99,21,1,78
12912180,11,41,0,78
12912690,33,64,6,72
12913200,55,87,-5,77
12913710,77,46,-4,81
12914220,85,27,0,81
12914730,99,47,4,77
12915240,11,84,-4,81
12915750,33,9,-1,82
12916260,34,29,2,80
12916770,60,18,2,78
12917280,74,101,9,69
12917790,96,26,-11,80
12918300,8,46,2,78
12918810,30,69,-4,82
12919320,52,92,2,80
12919830,74,13,-1,81
12920340,88,33,-1,82
12920850,0,70,2,80
12921360,22,97,-5,85
12921870,25,22,0,85
12922380,51,11,2,83
12922890,65,31,5,78
12923400,79,51,0,78
12923910,87,44,-4,82
12924420,101,25,4,78
12924930,13,62,-2,80
12925440,35,30,-4,84
12925950,61,99,11,73
12926460,83,58,-5,78
12926970,41,95,-3,81
12927480,63,16,4,77
12927990,77,36,-6,83
12928500,91,17,3,80
12929010,3,79,1,79
12929520,68,4,3,76
12930030,82,66,-2,78
12930540,40,1,3,75
12931050,66,63,2,73
12931560,24,100,-11,84
12932070,46,25,2,82
12932580,58,7,-1,83
12933090,72,90,10,73
12933600,93,25,-11,84
12934110,5,62,1,83
12934620,27,69,8,75
12935130,49,92,-8,83
12935640,71,13,6,77
12936150,85,96,-4,81
12936660,90,31,4,77
12937170,2,68,1,76
12937680,24,95,-8,84
12938190,46,20,0,84
12938700,60,2,11,73
12939210,56,75,-1,74
12939720,78,94,1,73
12940230,25,29,-7,80
12940740,51,18,-7,87
12941250,65,0,11,76
12941760,39,62,0,76
12942270,61,21,-4,80
12942780,75,2,4,76
12943290,49,64,3,73
12943800,70,83,-1,74
12944310,75,18,-2,76
12944820,31,38,-5,81
12945330,57,27,2,79
12945840,71,9,0,79
12946350,56,71,2,77
12946860,78,40,2,75
12947370,92,21,-3,78
12947880,4,41,-4,82
12948390,26,54,5,77
12948900,48,13,-4,81
12949410,62,96,9,72
12949920,84,24,-7,79
12950430,40,44,3,76
12950940,66,13,-2,78
12951450,83,75,-2,80
12951960,41,10,-1,81
12952470,42,93,0,81
12952980,64,14,0,81
12953490,78,97,10,71
12954000,99,32,-8,79
12954510,11,69,-4,83
12955020,33,37,3,80
12955530,59,26,-4,84
12956040,57,8,10,74
12956550,71,70,0,74
12957060,29,60,3,71
12957570,51,83,-2,73
12958080,73,42,-8,81
12958590,87,72,6,75
12959100,45,7,-6,81
12959610,73,90,6,75
12960120,94,25,-5,80
12960630,6,62,-5,85
12961140,28,69,6,79
12961650,31,92,-4,83
12962160,63,13,-4,87
12962670,77,96,11,76
12963180,98,31,-3,79
12963690,10,68,-3,82
12964200,32,36,-1,83
12964710,58,5,3,80
12965220,54,67,4,76
12965730,75,86,4,72
12966240,96,21,-3,75
12966750,52,51,-2,77
12967260,57,13,-3,80
12967770,71,96,3,77
12968280,92,21,-2,79
12968790,48,41,-4,83
12969300,27,3,-3,86
12969810,42,86,4,82
12970320,67,7,1,81
12970830,52,69,10,71
12971340,73,88,-1,72
12971850,94,23,-7,79
12972360,50,60,2,77
12972870,71,21,-4,81
12973380,85,2,1,80
12973890,59,64,8,72
12974400,80,101,-8,80
12974910,101,36,0,80
12975420,13,73,-3,83
12975930,35,96,2,81
12976440,38,17,-2,83
12976950,39,101,10,73
12977460,61,22,-14,87
12977970,75,3,13,74
12978480,49,65,1,73
12978990,70,84,-3,76
12979500,91,19,-6,82
12980010,3,81,-2,84
12980520,70,6,4,80
12981030,66,68,2,78
12981540,71,3,2,76
12982050,45,65,-3,79
12982560,66,24,-1,80
12983070,80,5,4,76
12983580,54,67,2,74
12984090,75,86,-8,82
12984600,96,21,3,79
12985110,52,58,2,77
12985620,31,19,-1,78
12986130,57,1,-5,83
12986640,78,63,1,82
12987150,36,100,2,80
12987660,39,21,-1,81
12988170,24,3,-6,87
12988680,36,76,9,78
12989190,58,99,7,71
12989700,80,24,-10,81
12990210,36,44,3,78
12990720,21,5,-13,91
12991230,42,89,12,79
12991740,64,10,3,76
12992250,20,72,-4,80
12992760,23,95,-6,86
12993270,26,20,2,84
12993780,11,9,2,82
12994290,26,52,2,80
12994800,48,75,7,73
12995310,70,34,-10,83
12995820,84,72,2,81
12996330,42,7,-1,82
12996840,70,90,7,75
12997350,91,25,-5,80
12997860,47,63,3,77
12998370,68,82,-2,79
12998880,89,17,-3,82
12999390,45,79,8,74
12999900,67,38,-6,80
13000410,81,68,1,79
13000920,39,3,-10,89
13001430,54,33,9,80
13001940,55,15,-3,83
13002450,69,68,5,78
13002960,43,3,-5,83
13003470,69,33,2,81
13003980,83,71,8,73
13004490,41,6,-6,79
13005000,69,89,3,76
13005510,90,24,-2,78
13006020,46,62,-1,79
13006530,67,81,5,74
13007040,88,16,-7,81
13007550,44,78,3,78
13008060,65,101,3,75
13008570,87,29,-3,78
13009080,43,67,1,77
13009590,64,86,2,75
13010100,85,76,-4,79
13010610,90,11,0,79
13011120,75,73,7,72
13011630,33,8,-9,81
13012140,34,81,-1,82
13012650,37,93,-2,84
13013160,40,14,-4,88
13013670,41,98,12,76
13014180,63,19,-5,81
13014690,77,0,4,77
13015200,59,62,-3,80
13015710,38,52,4,76
13016220,59,71,0,76
13016730,80,61,2,74
13017240,38,98,-6,80
13017750,41,19,3,77
13018260,26,1,-4,81
13018770,41,74,7,74
13019280,63,33,-9,83
13019790,77,71,10,73
13020300,35,6,-9,82
13020810,50,89,-7,89
13021320,71,10,17,72
13021830,27,19,-12,84
13022340,53,1,9,75
13022850,49,63,-6,81
13023360,70,82,2,79
13023870,28,17,-3,82
13024380,54,101,-2,84
13024890,75,22,11,73
13025400,31,63,-8,81
13025910,53,86,5,76
13026420,75,45,-3,79
13026930,76,83,4,75
13027440,81,18,2,73
13027950,37,80,-4,77
13028460,59,1,0,77
13028970,55,31,-8,85
13029480,60,13,7,78
13029990,74,75,-2,80
13030500,32,10,-5,85
13031010,47,83,9,76
13031520,69,4,0,76
13032030,65,66,-6,82
13032540,23,56,0,82
13033050,26,79,2,80
13033560,48,0,6,74
13034070,69,30,-9,83
13034580,83,60,8,75
13035090,41,97,-4,79
13035600,63,18,-1,80
13036110,19,101,5,75
13036620,41,26,-10,85
13037130,67,8,7,78
13037640,23,70,-6,84
13038150,26,12,1,83
13038660,41,96,4,79
13039170,63,17,1,78
13039680,19,100,-3,81
13040190,41,25,-3,84
13040700,67,7,9,75
13041210,63,80,-9,84
13041720,85,39,5,79
13042230,99,77,4,75
13042740,8,12,-4,79
13043250,31,1,-7,86
13043760,52,54,5,81
13044270,31,15,3,78
13044780,16,50,-2,80
13045290,19,73,-2,82
13045800,22,96,5,77
13046310,25,21,-5,82
13046820,51,10,4,78
13047330,65,93,1,77
13047840,42,52,3,74
13048350,63,11,-2,76
13048860,19,84,-6,82
13049370,22,5,-2,84
13049880,43,78,6,78
13050390,65,37,-3,81
13050900,79,19,4,77
13051410,35,81,-5,82
13051920,57,2,7,75
13052430,53,75,1,74
13052940,19,34,-7,81
13053450,20,23,-4,85
13053960,46,12,-2,87
13054470,60,95,13,74
13054980,82,54,1,73
13055490,83,43,-1,74
13056000,97,81,-8,82
13056510,55,16,1,81
13057020,69,99,-1,82
13057530,91,58,2,80
13058040,78,47,5,75
13058550,92,29,-5,80
13059060,48,49,-2,82
13059570,69,38,-1,83
13060080,61,20,6,77
13060590,75,40,0,77
13061100,89,22,-3,80
13061610,45,84,3,77
13062120,67,43,-1,78
13062630,72,36,-2,80
13063140,87,18,0,80
13063650,101,80,0,80
13064160,4,15,2,78
13064670,94,4,-3,81
13065180,68,66,4,77
13065690,89,27,-5,82
13066200,45,47,2,80
13066710,66,14,1,79
13067220,22,76,-7,86
13067730,25,83,0,86
13068240,28,90,1,85
13068750,31,11,-1,86
13069260,32,95,9,77
13069770,35,54,1,76
13070280,56,21,-3,79
13070790,70,3,2,77
13071300,66,65,0,77
13071810,24,54,-6,83
13072320,46,77,4,79
13072830,68,36,-2,81
13073340,82,18,5,76
13073850,38,80,0,76
13074360,60,1,-1,77
13074870,81,74,4,73
13075380,1,9,-10,83
13075890,62,6,8,75
13076400,58,79,6,69
13076910,79,19,-15,84
13077420,35,81,6,78
13077930,57,2,0,78
13078440,78,75,7,71
13078950,36,10,-9,80
13079460,46,83,-1,81
13079970,68,4,12,69
13080480,64,77,-3,72
13080990,85,36,-17,89
13081500,99,17,8,81
13082010,11,79,-5,86
13082520,33,0,9,77
13083030,48,73,3,74
13083540,70,32,-1,75
13084050,84,14,-1,76
13084560,40,87,-3,79
13085070,62,8,1,78
13085580,47,81,-1,79
13086090,69,40,-2,81
13086600,83,22,5,76
13087110,39,63,-1,77
13087620,60,22,-6,83
13088130,74,4,11,72
13088640,48,77,-6,78
13089150,70,36,-12,90
13089660,84,18,13,77
13090170,98,80,-5,82
13090680,56,15,-1,83
13091190,70,99,11,72
13091700,92,83,-7,79
13092210,97,18,3,76
13092720,9,80,-1,77
13093230,31,5,-3,80
13093740,46,78,6,74
13094250,68,37,-9,83
13094760,82,19,7,76
13095270,38,81,-5,81
13095780,41,2,2,79
13096290,62,55,-10,89
13096800,83,22,8,81
13097310,39,63,8,73
13097820,61,22,-5,78
13098330,75,23,2,76
13098840,89,64,-7,83
13099350,47,101,4,79
13099860,69,22,-1,80
13100370,83,4,-1,81
13100880,57,77,10,71
13101390,79,85,-8,79
13101900,37,20,0,79
13102410,22,21,-6,85
13102920,56,10,7,78
13103430,70,83,3,75
13103940,92,73,-5,80
13104450,50,8,0,80
13104960,64,92,4,76
13105470,86,51,-3,79
13105980,49,33,-4,83
13106490,50,15,-1,84
13107000,64,99,10,74
13107510,86,58,-2,76
13108020,49,95,1,75
13108530,71,16,2,73
13109040,85,57,-3,76
13109550,43,94,-4,80
13110060,65,15,0,80
13110570,79,99,6,74
13111080,56,34,-5,79
13111590,57,16,2,77
13112100,13,100,-4,81
13112610,35,25,0,81
13113120,20,94,-2,83
13113630,42,26,-1,84
13114140,27,8,2,82
13114650,28,81,0,82
13115160,50,2,6,76
13115670,64,75,4,72
13116180,86,65,-2,74
13116690,44,0,-11,85
13117200,59,30,5,80
13117710,73,12,0,80
13118220,29,53,2,78
13118730,51,42,3,75
13119240,56,9,-6,81
13119750,70,82,0,81
13120260,28,72,2,79
13120770,31,95,-1,80
13121280,53,54,5,75
13121790,32,43,-6,81
13122300,33,10,-6,87
13122810,48,94,8,79
13123320,70,15,2,77
13123830,84,56,-3,80
13124340,47,93,4,76
13124850,69,14,-1,77
13125360,83,55,-2,79
13125870,41,92,-4,83
13126380,63,13,3,80
13126890,77,54,2,78
13127400,35,43,-1,79
13127910,20,10,-4,83
13128420,41,101,0,83
13128930,63,22,2,81
13129440,77,4,4,77
13129950,51,66,-1,78
13130460,17,33,-4,82
13130970,18,0,-2,84
13131480,33,73,6,78
13131990,36,32,-2,80
13132500,94,101,2,78
13133010,13,36,-2,80
13133520,35,18,-2,82
13134030,36,0,10,72
13134540,51,5,-9,81
13135050,36,46,0,81
13135560,57,72,5,76
13136070,23,31,-4,80
13136580,88,100,3,77
13137090,7,35,-5,82
13137600,97,17,3,79
13138110,9,54,-4,83
13138620,31,61,9,74
13139130,53,50,-6,80
13139640,74,39,3,77
13140150,88,21,-7,84
13140660,44,62,5,79
13141170,70,29,-3,82
13141680,84,11,1,81
13142190,58,99,6,75
13142700,80,58,0,75
13143210,38,95,-8,83
13143720,60,16,3,80
13144230,74,100,2,78
13144740,51,35,-4,82
13145250,72,17,1,81
13145760,86,58,4,77
13146270,44,95,2,75
13146780,66,16,0,75
13147290,80,57,3,72
13147800,18,94,-13,85
13148310,21,26,5,80
13148820,55,95,-6,86
13149330,76,16,16,70
13149840,32,57,-9,79
13150350,54,80,7,72
13150860,31,39,-10,82
13151370,54,6,3,79
13151880,68,47,-5,84
13152390,26,29,4,80
13152900,60,18,3,77
13153410,74,0,5,72
13153920,48,62,-3,75
13154430,69,21,-4,79
13154940,25,58,-1,80
13155450,28,81,-6,86
13155960,31,2,5,81
13156470,46,75,9,72
13156980,68,34,-7,79
13157490,82,16,4,75
13158000,38,79,0,75
13158510,60,0,0,75
13159020,34,41,0,75
13159530,57,8,-3,78
13160040,71,92,-3,81
13160550,92,27,1,80
13161060,48,64,9,71
13161570,69,83,-5,76
13162080,90,18,0,76
13162590,46,55,-3,79
13163100,67,22,5,74
13163610,23,4,-11,85
13164120,38,77,9,76
13164630,60,100,2,74
13165140,82,59,0,74
13165650,40,96,-6,80
13166160,43,17,-11,91
13166670,44,101,13,78
13167180,66,22,-7,85
13167690,80,4,9,76
13168200,54,41,-3,79
13168710,75,30,-7,86
13169220,89,12,10,76
13169730,45,49,2,74
13170240,50,16,-8,82
13170750,64,100,5,77
13171260,41,35,-2,79
13171770,26,2,-2,81
13172280,41,75,9,72
13172790,63,34,-12,84
13173300,77,16,8,76
13173810,33,57,-3,79
13174320,55,24,0,79
13174830,5,6,-2,81
13175340,28,97,2,79
13175850,31,32,-1,80
13176360,65,101,3,77
13176870,87,36,-7,84
13177380,101,73,6,78
13177890,59,8,-9,87
13178400,44,6,6,81
13178910,59,90,2,79
13179420,81,49,3,76
13179930,39,86,0,76
13180440,61,7,-1,77
13180950,75,48,-3,80
13181460,33,85,6,74
13181970,55,6,-4,78
13182480,69,47,2,76
13182990,27,84,-10,86
13183500,30,5,4,82
13184010,45,89,7,75
13184520,67,10,3,72
13185030,23,51,-10,82
13185540,26,74,1,81
13186050,29,97,-11,92
13186560,32,32,12,80
13187070,17,82,-7,87
13187580,39,3,3,84
13188090,60,87,10,74
13188600,37,22,-7,81
13189110,22,4,0,81
13189620,37,77,8,73
13190130,40,100,-8,81
13190640,43,21,0,81
13191150,58,3,7,74
13191660,72,44,2,72
13192170,30,26,-10,82
13192680,53,15,0,82
13193190,67,99,7,75
13193700,44,34,-7,82
13194210,65,1,6,76
13194720,39,42,-4,80
13195230,60,9,-2,82
13195740,74,50,1,81
13196250,32,87,0,81
13196760,35,8,-4,85
13197270,50,92,10,75
13197780,72,13,-4,79
13198290,28,54,-1,80
13198800,31,21,-6,86
13199310,58,3,12,74
13199820,54,44,-3,77
13200330,75,81,-1,78
13200840,33,16,-2,80
13201350,34,100,4,76
13201860,37,21,-7,83
13202370,52,3,-1,84
13202880,66,33,8,76
13203390,80,15,-3,79
13203900,36,52,-2,81
13204410,57,19,1,80
13204920,71,1,6,74
13205430,45,74,-2,76
13205940,67,33,-6,82
13206450,81,15,6,76
13206960,37,56,2,74
13207470,58,15,-8,82
13207980,72,99,12,70
13208490,94,58,-9,79
13209000,6,95,-16,95
13209510,56,20,19,76
13210020,70,2,3,73
13210530,44,43,-7,80
13211040,65,10,6,74
13211550,21,51,-3,77
13212060,24,74,-5,82
13212570,27,97,-4,86
13213080,49,32,9,77
13213590,7,14,-9,86
13214100,69,3,9,77
13214610,43,76,1,76
13215120,65,99,-3,79
13215630,87,58,-4,83
13216140,45,40,0,83
13216650,30,7,-1,84
13217160,45,91,11,73
13217670,67,12,-6,79
13218180,23,53,1,78
13218690,26,76,-2,80
13219200,29,99,-3,83
13219710,32,20,3,80
13220220,47,89,3,77
13220730,69,10,1,76
13221240,25,51,-5,81
13221750,47,74,9,72
13222260,69,20,-4,76
13222770,83,2,-2,78
13223280,57,64,4,74
13223790,15,23,-13,87
13224300,38,12,6,81
13224810,39,96,-4,85
13225320,42,17,6,79
13225830,70,101,1,78
13226340,92,60,4,74
13226850,50,97,-2,76
13227360,72,18,2,74
13227870,28,59,-8,82
13228380,31,82,6,76
13228890,53,3,1,75
13229400,67,76,1,74
13229910,25,35,-8,82
13230420,26,2,3,79
13230930,41,75,2,77
13231440,63,98,3,74
13231950,85,57,-6,80
13232460,18,94,-2,82
13232970,21,19,3,79
13233480,47,8,-1,80
13233990,61,92,2,78
13234500,38,51,1,77
13235010,59,18,0,77
13235520,73,0,1,76
13236030,47,73,5,71
13236540,69,32,-6,77
13237050,83,14,3,74
13237560,39,55,-4,78
13238070,60,22,-2,80
13238580,74,4,6,74
13239090,48,77,2,72
13239600,70,36,-7,79
13240110,84,18,-2,81
13240620,40,59,-2,83
13241130,62,26,-6,89
13241640,76,8,14,75
13242150,32,49,3,72
13242660,54,16,-5,77
13243170,68,100,8,69
13243680,45,59,-8,77
13244190,66,26,-4,81
13244700,80,8,6,75
13245210,54,81,-2,77
13245720,76,40,0,77
13246230,90,22,-5,82
13246740,46,35,0,82
13247250,31,17,-5,87
13247760,46,101,4,83
13248270,68,22,7,76
13248780,24,4,-4,80
13249290,39,88,-1,81
13249800,61,9,-4,85
13250310,17,93,7,78
13250820,39,25,0,78
13251330,40,7,-2,80
13251840,55,91,3,77
13252350,77,12,1,76
13252860,33,53,0,76
13253370,55,20,-11,87
13253880,69,2,13,74
13254390,43,75,-2,76
13254900,65,89,5,71
13255410,87,48,-6,77
13255920,45,30,-2,79
13256430,46,12,-5,84
13256940,74,96,11,73
13257450,95,13,-6,79
13257960,69,54,0,79
13258470,27,6,-1,80
13258980,42,90,3,77
13259490,45,11,-3,80
13260000,73,95,6,74
13260510,94,12,-4,78
13261020,68,28,-1,79
13261530,9,10,-3,82
13262040,24,101,0,82
13262550,27,33,1,81
13263060,50,0,1,80
13263570,71,30,4,76
13264080,85,12,-2,78
13264590,41,53,4,74
13265100,62,20,-7,81
13265610,88,2,0,81
13266120,62,64,6,75
13266630,20,16,-9,84
13267140,54,100,8,76
13267650,31,21,-14,90
13268160,65,3,15,75
13268670,39,65,4,71
13269180,61,24,-14,85
13269690,75,6,11,74
13270200,49,68,1,73
13270710,70,27,-4,77
13271220,84,9,-3,80
13271730,58,71,10,70
13272240,16,90,-6,76
13272750,38,22,-7,83
13273260,63,4,8,75
13273770,59,77,-2,77
13274280,80,36,-3,80
13274790,94,18,-1,81
13275300,50,59,6,75
13275810,16,26,-10,85
13276320,39,15,-3,88
13276830,59,99,13,75
13277340,36,58,-1,76
13277850,46,10,0,76
13278360,60,94,2,74
13278870,37,15,-5,79
13279380,22,99,0,79
13279890,25,31,-6,85
13280400,51,100,2,83
13280910,73,12,5,78
13281420,29,53,2,76
13281930,39,20,-6,82
13282440,64,2,5,77
13282950,38,86,-2,79
13283460,60,7,4,75
13283970,16,48,-8,83
13284480,19,71,1,82
13284990,22,94,-2,84
13285500,25,26,6,78
13286010,23,95,-3,81
13286520,26,27,-2,83
13287030,49,96,10,73
13287540,71,17,3,70
13288050,27,101,-16,86
13288560,30,33,3,83
13289070,64,0,10,73
13289580,38,30,-12,85
13290090,61,12,9,76
13290600,17,96,-3,79
13291110,39,21,-2,81
13291620,40,3,2,79
13292130,55,87,2,77
13292640,23,8,-8,85
13293150,44,92,7,78
13293660,66,13,2,76
13294170,22,97,-9,85
13294680,44,29,0,85
13295190,69,11,5,80
13295700,25,95,-4,84
13296210,28,27,-2,86
13296720,62,9,10,76
13297230,18,93,-5,81
13297740,40,18,-1,82
13298250,25,0,-2,84
13298760,40,84,9,75
13299270,62,5,3,72
13299780,58,89,-2,74
13300290,80,1,0,74
13300800,54,74,-1,75
13301310,75,26,-11,86
13301820,31,8,3,83
13302330,46,92,8,75
13302840,68,13,-6,81
13303350,24,97,-5,86
13303860,27,32,5,81
13304370,12,101,-3,84
13304880,51,26,5,79
13305390,52,8,-1,80
13305900,66,92,13,67
13306410,43,51,-10,77
13306920,64,3,5,72
13307430,38,87,-7,79
13307940,60,8,-2,81
13308450,16,92,-4,85
13308960,38,24,7,78
13309470,23,6,-3,81
13309980,38,79,-1,82
13310490,60,0,7,75
13311000,34,84,-3,78
13311510,56,5,4,74
13312020,30,89,-9,83
13312530,52,10,2,81
13313040,66,94,5,76
13313550,43,53,3,73
13314060,64,20,-1,74
13314570,20,2,-15,89
13315080,41,86,8,81
13315590,63,7,4,77
13316100,19,91,-3,80
13316610,41,16,-2,82
13317120,42,100,2,80
13317630,64,21,-2,82
13318140,78,3,9,73
13318650,52,65,-4,77
13319160,10,17,-7,84
13319670,33,6,10,74
13320180,48,90,-5,79
13320690,95,11,1,78
13321200,69,33,2,76
13321710,83,15,-2,78
13322220,39,99,-8,86
13322730,61,20,7,79
13323240,75,2,7,72
13323750,49,64,-2,74
13324260,70,78,1,73
13324770,28,30,-17,90
13325280,13,99,2,88
13325790,35,24,8,80
13326300,20,6,-5,85
13326810,41,90,2,83
13327320,63,11,4,79
13327830,19,95,-7,86
13328340,41,20,10,76
13328850,42,2,-10,86
13329360,57,86,15,71
13329870,34,45,-13,84
13330380,68,12,8,76
13330890,24,96,-15,91
13331400,46,21,7,84
13331910,47,3,2,82
13332420,75,87,10,72
13332930,52,39,-7,79
13333440,95,6,-1,80
13333950,69,68,4,76
13334460,27,20,-4,80
13334970,12,2,-5,85
13335480,33,86,3,82
13335990,55,7,4,78
13336500,11,91,0,78
13337010,50,16,-5,83
13337520,64,100,9,74
13338030,41,59,0,74
13338540,62,11,-6,80
13339050,18,95,2,78
13339560,40,20,-5,83
13340070,25,2,1,82
13340580,46,86,4,78
13341090,68,7,8,70
13341600,24,91,-9,79
13342110,46,16,0,79
13342620,47,100,-3,82
13343130,69,21,4,78
13343640,25,3,-1,79
13344150,40,76,4,75
13344660,62,99,4,71
13345170,39,58,-7,78
13345680,60,10,3,75
13346190,16,94,-3,78
13346700,38,19,-4,82
13347210,23,1,0,82
13347720,44,74,10,72
13348230,21,97,-14,86
13348740,43,22,3,83
13349250,28,4,-7,90
13349760,43,88,10,80
13350270,65,9,3,77
13350780,21,93,-6,83
13351290,43,18,2,81
13351800,44,0,1,80
13352310,59,84,7,73
13352820,36,36,-6,79
13353330,37,18,-7,86
13353840,57,0,6,80
13354350,78,30,2,78
13354860,34,12,-2,80
13355370,19,96,-7,87
13355880,41,21,7,80
13356390,42,3,3,77
13356900,57,87,0,77
13357410,34,46,-1,78
13357920,55,13,-8,86
13358430,69,97,11,75
13358940,46,56,-5,80
13359450,67,8,7,73
13359960,23,92,-10,83
13360470,26,17,6,77
13360980,89,101,-4,81
13361490,8,36,0,81
13362000,30,59,7,74
13362510,52,82,-2,76
13363020,74,41,1,75
13363530,88,23,-3,78
13364040,44,5,-10,88
13364550,59,89,18,70
13365060,36,48,-5,75
13365570,21,74,-11,86
13366080,43,97,0,86
13366590,65,18,6,80
13367100,21,0,-3,83
13367610,36,84,2,81
13368120,58,5,3,78
13368630,43,89,1,77
13369140,65,10,1,76
13369650,21,94,-7,83
13370160,43,19,-1,84
13370670,77,1,4,80
13371180,51,31,-3,83
13371690,52,13,5,78
13372200,66,97,3,75
13372710,43,56,-1,76
13373220,64,8,-3,79
13373730,20,92,-4,83
13374240,42,17,-6,89
13374750,43,101,10,79
13375260,65,22,2,77
13375770,21,4,-2,79
13376280,36,77,3,76
13376790,58,100,1,75
13377300,35,21,-8,83
13377810,20,3,-2,85
13378320,41,87,7,78
13378830,63,8,2,76
13379340,19,30,-5,81
13379850,42,84,-1,82
13380360,64,5,-2,84
13380870,38,89,5,79
13381380,60,10,-3,82
13381890,74,94,9,73
13382400,51,46,-5,78
13382910,56,13,2,76
13383420,12,97,-7,83
13383930,51,22,0,83
13384440,79,4,4,79
13384950,53,26,-2,81
13385460,67,8,3,78
13385970,23,92,-3,81
13386480,45,70,9,72
13386990,67,84,-6,78
13387500,44,36,-7,85
13388010,29,18,2,83
13388520,55,0,5,78
13389030,76,84,3,75
13389540,65,74,1,74
13390050,23,26,-12,86
13390560,49,95,5,81
13391070,71,16,1,80
13391580,27,100,-1,81
13392090,49,78,5,76
13392600,26,30,-9,85
13393110,60,99,4,81
13393620,37,20,-4,85
13394130,22,2,0,85
13394640,43,75,8,77
13395150,65,98,2,75
13395660,42,57,-6,81
13396170,63,9,3,78
13396680,77,93,1,77
13397190,54,45,-4,81
13397700,59,12,0,81
13398210,73,96,4,77
13398720,50,48,-3,80
13399230,24,0,1,79
13399740,39,73,0,79
13400250,61,96,2,77
13400760,38,17,-5,82
13401270,39,101,7,75
13401780,38,22,-13,88
13402290,59,4,11,77
13402800,80,88,-5,82
13403310,38,23,2,80
13403820,63,5,5,75
13404330,59,89,-3,78
13404840,36,41,-4,82
13405350,59,8,9,73
13405860,55,92,-3,76
13406370,32,13,-10,86
13406880,74,97,6,80
13407390,51,49,6,74
13407900,25,1,-7,81
13408410,40,85,6,75
13408920,62,6,-1,76
13409430,47,90,-2,78
13409940,69,11,-2,80
13410450,25,95,-10,90
13410960,47,73,13,77
13411470,69,32,-4,81
13411980,83,14,-2,83
13412490,39,36,1,82
13413000,65,18,0,82
13413510,79,0,2,80
13414020,53,30,-4,84
13414530,38,12,-1,85
13415040,39,96,4,81
13415550,61,82,7,74
13416060,38,41,-8,82
13416570,23,8,-4,86
13417080,38,92,3,83
13417590,60,13,7,76
13418100,74,97,1,75
13418610,95,56,-5,80
13419120,82,38,-2,82
13419630,96,20,5,77
13420140,52,42,-6,83
13420650,57,24,-2,85
13421160,71,6,9,76
13421670,45,90,-4,80
13422180,67,11,4,76
13422690,23,95,-13,89
13423200,45,73,14,75
13423710,67,32,-9,84
13424220,81,14,5,79
13424730,37,36,-5,84
13425240,63,18,1,83
13425750,77,0,4,79
13426260,51,30,-5,84
13426770,52,12,6,78
13427280,66,96,5,73
13427790,43,55,0,73
13428300,48,22,-6,79
13428810,49,4,-6,85
13429320,64,88,6,79
13429830,68,47,-3,82
13430340,26,29,1,81
13430850,27,98,-8,89
13431360,49,76,12,77
13431870,71,35,-8,85
13432380,85,17,5,80
13432890,41,39,-2,82
13433400,62,21,1,81
13433910,76,3,3,78
13434420,50,25,-3,81
13434930,1,7,-3,84
13435440,24,4,2,82
13435950,39,88,2,80
13436460,61,9,3,77
13436970,46,93,-7,84
13437480,68,14,10,74
13437990,82,98,-7,81
13438500,59,88,8,73
13439010,36,47,-3,76
13439520,37,14,-7,83
13440030,89,98,6,77
13440540,8,33,-4,81
13441050,30,15,-8,89
13441560,45,99,10,79
13442070,67,20,-7,86
13442580,81,2,5,81
13443090,55,24,-3,84
13443600,69,6,10,74
13444110,43,28,-7,81
13444620,44,10,1,80
13445130,45,94,-2,82
13445640,22,15,-1,83
13446150,37,99,8,75
13446660,59,58,-2,77
13447170,64,80,-2,79
13447680,41,32,-2,81
13448190,42,14,-1,82
13448700,43,98,-4,86
13449210,65,19,7,79
13449720,79,1,13,66
13450230,53,23,-13,79
13450740,67,5,6,73
13451250,41,27,-8,81
13451760,26,9,-4,85
13452270,41,93,5,80
13452780,63,14,0,80
13453290,19,98,-4,84
13453800,24,57,6,78
13454310,46,80,6,72
13454820,23,1,-11,83
13455330,38,85,3,80
13455840,60,6,-2,82
13456350,45,90,11,71
13456860,22,11,-14,85
13457370,37,95,5,80
13457880,59,16,-1,81
13458390,73,100,5,76
13458900,50,59,0,76
13459410,71,11,0,76
13459920,27,95,-7,83
13460430,30,30,4,79
13460940,56,99,2,77
13461450,25,20,-1,78
13461960,51,2,-4,82
13462470,72,27,-3,85
13462980,86,9,9,76
13463490,42,31,-5,81
13464000,27,100,-4,85
13464510,48,59,9,76
13465020,69,18,2,74
13465530,25,0,-12,86
13466040,40,84,6,80
13466550,62,5,8,72
13467060,36,21,-8,80
13467570,21,3,-5,85
13468080,36,87,5,80
13468590,58,8,2,78
13469100,43,92,-6,84
13469610,65,13,7,77
13470120,21,97,-5,82
13470630,43,75,1,81
13471140,65,98,13,68
13471650,42,57,-12,80
13472160,63,16,5,75
13472670,19,100,-3,78
13473180,40,59,5,73
13473690,28,26,-11,84
13474200,54,8,6,78
13474710,39,92,-3,81
13475220,60,13,0,81
13475730,74,97,6,75
13476240,51,56,-8,83
13476750,91,17,2,81
13477260,47,39,2,79
13477770,52,21,-3,82
13478280,66,3,1,81
13478790,40,28,0,81
13479300,25,10,-5,86
13479810,40,94,9,77
13480320,62,15,-4,81
13480830,76,99,-1,82
13481340,53,58,3,79
13481850,58,25,-3,82
13482360,72,7,10,72
13482870,28,29,-5,77
13483380,13,98,-2,79
13483890,1,23,-1,80
13484400,91,51,1,79
13484910,47,33,-6,85
13485420,32,15,1,84
13485930,47,99,1,83
13486440,68,20,3,80
13486950,82,89,1,79
13487460,72,9,-1,80
13487970,57,34,2,78
13488480,71,16,-2,80
13488990,27,100,0,80
13489500,20,59,-6,86
13490010,42,82,7,79
13490520,64,3,3,76
13491030,38,28,-6,82
13491540,23,10,-6,88
13492050,38,94,4,84
13492560,59,15,5,79
13493070,73,99,2,77
13493580,50,58,-2,79
13494090,29,25,-5,84
13494600,14,94,-3,87
13495110,2,53,3,84
13495620,92,60,7,77
13496130,79,42,1,76
13496640,93,24,-4,80
13497150,49,27,-3,83
13497660,34,41,2,81
13498170,19,8,-5,86
13498680,40,92,3,83
13499190,61,13,0,83
13499700,17,97,0,83
13500210,39,56,3,80
13500720,60,23,-2,82
13501230,74,5,6,76
13501740,48,67,4,72
13502250,69,26,-8,80
13502760,83,8,1,79
13503270,57,30,-5,84
13503780,71,12,9,75
13504290,27,32,-8,83
13504800,50,101,1,82
13505310,71,22,5,77
13505820,27,20,-5,82
13506330,52,2,0,82
13506840,37,27,-7,89
13507350,62,9,11,78
13507860,47,93,0,78
13508370,24,14,-7,85
13508880,39,98,1,84
13509390,60,57,8,76
13509900,39,79,-5,81
13510410,61,0,6,75
13510920,82,30,-3,78
13511430,38,12,-1,79
13511940,39,96,-3,82
13512450,60,17,4,78
13512960,74,101,6,72
13513470,51,60,-3,75
13513980,30,27,-3,78
13514490,15,96,-8,86
13515000,54,21,4,82
13515510,68,3,8,74
13516020,42,28,-11,85
13516530,67,10,8,77
13517040,81,30,-3,80
13517550,37,12,2,78
13518060,38,96,-6,84
13518570,59,17,-1,85
13519080,73,101,12,73
13519590,50,60,-2,75
13520100,71,19,-2,77
13520610,27,1,-9,86
13521120,42,85,10,76
13521630,63,6,2,74
13522140,37,22,-9,83
13522650,22,4,-4,87
13523160,43,88,9,78
13523670,64,9,6,72
13524180,20,29,-13,85
13524690,43,18,1,84
13525200,58,0,5,79
13525710,32,30,1,78
13526220,17,99,-12,90
13526730,5,58,3,87
13527240,27,81,3,84
13527750,30,2,3,81
13528260,45,86,1,80
13528770,13,7,-3,83
13529280,28,91,1,82
13529790,31,50,5,77
13530300,41,9,-5,82
13530810,56,93,6,76
13531320,33,52,-4,80
13531830,54,11,-2,82
13532340,68,95,13,69
13532850,45,54,-3,72
13533360,18,21,-14,86
13533870,41,10,5,81
13534380,56,94,6,75
13534890,77,53,6,69
13535400,54,75,-5,74
13535910,31,34,-8,82
13536420,16,23,-8,90
13536930,39,12,11,79
13537440,40,96,-3,82
13537950,61,17,4,78
13538460,17,101,-4,82
13538970,37,60,5,77
13539480,47,19,-7,84
13539990,62,1,13,71
13540500,64,31,-11,82
13541010,78,13,8,74
13541520,34,33,-10,84
13542030,19,0,6,78
13542540,40,73,2,76
13543050,61,96,1,75
13543560,38,55,0,75
13544070,59,22,-6,81
13544580,73,4,7,74
13545090,47,26,-13,87
13545600,32,8,7,80
13546110,47,101,5,75
13546620,24,22,-7,82
13547130,47,4,-3,85
13547640,56,88,14,71
13548150,33,47,-9,80
13548660,56,14,0,80
13549170,70,98,0,80
13549680,47,57,3,77
13550190,68,24,0,77
13550700,98,6,-2,79
13551210,72,28,-4,83
13551720,86,10,4,79
13552230,42,32,-7,86
13552740,27,14,-2,88
13553250,42,98,7,81
13553760,63,19,3,78
13554270,19,1,-2,80
13554780,40,85,-1,81
13555290,61,6,8,73
13555800,75,22,-1,74
13556310,31,42,-3,77
13556820,16,9,-5,82
13557330,37,93,-1,83
13557840,58,14,4,79
13558350,72,98,9,70
13558860,49,57,-4,74
13559370,70,48,0,74
13559880,47,70,-1,75
13560390,68,29,-7,82
13560900,24,11,-1,83
13561410,53,95,2,81
13561920,30,16,3,78
13562430,45,100,6,72
13562940,22,21,-9,81
13563450,43,3,-2,83
13563960,64,87,11,72
13564470,41,46,-5,77
13564980,62,13,-1,78
13565490,76,33,-2,80
13566000,90,15,4,76
13566510,46,35,-9,85
13567020,51,17,-1,86
13567530,65,101,9,77
13568040,42,60,2,75
13568550,63,19,-6,81
13569060,77,39,3,78
13569570,91,21,-5,83
13570080,47,41,6,77
13570590,52,8,-3,80
13571100,37,92,1,79
13571610,58,13,-3,82
13572120,72,97,11,71
13572630,49,56,-4,75
13573140,28,15,-8,83
13573650,43,99,-1,84
13574160,64,20,3,81
13574670,78,2,3,78
13575180,52,32,-1,79
13575690,57,14,0,79
13576200,71,98,9,70
13576710,10,57,-13,83
13577220,20,80,0,83
13577730,23,82,-5,88
13578240,26,3,3,85
13578750,41,87,8,77
13579260,62,8,-6,83
13579770,47,28,7,76
13580280,48,10,-2,78
13580790,76,94,7,71
13581300,53,53,-10,81
13581810,58,20,-2,83
13582320,72,2,8,75
13582830,46,32,-8,83
13583340,31,14,-9,92
13583850,52,98,14,78
13584360,29,57,3,75
13584870,39,16,-10,85
13585380,40,100,-2,87
13585890,61,21,9,78
13586400,75,3,-1,79
13586910,49,23,0,79
13587420,63,5,5,74
13587930,51,25,-9,83
13588440,33,7,-7,90
13588950,48,91,19,71
13589460,25,3,-14,85
13589970,46,76,9,76
13590480,23,35,-8,84
13590990,44,2,1,83
13591500,65,27,8,75
13592010,79,9,-1,76
13592520,64,29,-2,78
13593030,78,11,-2,80
13593540,34,31,-4,84
13594050,68,100,5,79
13594560,45,59,5,74
13595070,66,28,-14,88
13595580,80,10,6,82
13596090,72,30,8,74
13596600,86,12,-8,82
13597110,42,32,0,82
13597620,67,101,11,71
13598130,44,60,-5,76
13598640,65,19,-3,79
13599150,79,39,-6,85
13599660,93,21,1,84
13600170,5,41,5,79
13600680,15,54,-4,83
13601190,37,77,5,78
13601700,58,100,-1,79
13602210,35,59,2,77
13602720,56,11,-12,89
13603230,70,95,11,78
13603740,47,54,0,78
13604250,68,21,-5,83
13604760,82,3,9,74
13605270,56,25,-6,80
13605780,70,7,2,78
13606290,44,27,-5,83
13606800,29,9,3,80
13607310,28,93,-8,88
13607820,49,25,-3,91
13608330,50,7,12,79
13608840,64,91,9,70
13609350,41,50,-3,73
13609860,62,17,-5,78
13610370,76,101,1,77
13610880,53,60,-1,78
13611390,32,29,-4,82
13611900,66,98,16,66
13612410,43,32,-19,85
13612920,68,14,12,73
13613430,24,34,-12,85
13613940,58,1,6,79
13614450,79,26,-2,81
13614960,93,8,4,77
13615470,67,30,-4,81
13615980,81,56,0,81
13616490,39,38,6,75
13617000,60,5,-7,82
13617510,45,30,5,77
13618020,70,12,4,73
13618530,84,32,-3,76
13619040,98,14,-7,83
13619550,72,36,-5,88
13620060,86,18,9,79
13620570,42,38,-8,87
13621080,76,5,13,74
13621590,50,25,-6,80
13622100,64,7,7,73
13622610,15,27,-8,81
13623120,16,81,-3,84
13623630,66,49,5,79
13624140,71,1,3,76
13624650,45,31,-5,81
13625160,70,100,3,78
13625670,47,17,-3,81
13626180,61,101,3,78
13626690,38,13,-8,86
13627200,39,97,4,82
13627710,60,56,8,74
13628220,39,8,-12,86
13628730,40,92,4,82
13629240,61,13,-1,83
13629750,75,33,-7,90
13630260,89,15,10,80
13630770,45,35,2,78
13631280,50,2,-2,80
13631790,71,27,-3,83
13632300,85,9,1,82
13632810,59,29,-1,83
13633320,73,11,12,71
13633830,29,31,-16,87
13634340,63,13,10,77
13634850,77,33,-2,79
13635360,91,15,0,79
13635870,47,35,-8,87
13636380,32,2,2,85
13636890,47,86,5,80
13637400,24,7,-7,87
13637910,45,91,4,83
13638420,66,12,-2,85
13638930,88,32,3,82
13639440,0,52,-1,83
13639950,90,59,8,75
13640460,95,41,-6,81
13640970,7,61,2,79
13641480,17,68,-9,88
13641990,19,75,7,81
13642500,22,12,-4,85
13643010,37,96,1,84
13643520,58,17,1,83
13644030,72,101,11,72
13644540,93,60,1,71
13645050,98,82,-6,77
13645560,1,2,0,77
13646070,57,101,2,75
13646580,34,13,-7,82
13647090,35,97,-8,90
13647600,56,18,6,84
13648110,70,38,0,84
13648620,84,20,4,80
13649130,98,40,2,78
13649640,10,87,-2,80
13650150,15,12,1,79
13650660,30,1,-2,81
13651170,45,85,2,79
13651680,22,6,-9,88
13652190,43,90,10,78
13652700,20,11,-8,86
13653210,35,95,3,83
13653720,56,16,-5,88
13654230,70,100,12,76
13654740,47,59,-3,79
13655250,68,26,-3,82
13655760,82,8,2,80
13656270,56,28,-5,85
13656780,70,10,10,75
13657290,55,30,-4,79
13657800,69,12,1,78
13658310,25,32,-8,86
13658820,59,101,12,74
13659330,36,60,1,73
13659840,46,19,-8,81
13660350,60,1,9,72
13660860,56,21,-7,79
13661370,70,3,5,74
13661880,44,23,-1,75
13662390,45,5,-4,79
13662900,58,89,6,73
13663410,35,48,-3,76
13663920,56,15,-3,79
13664430,70,99,2,77
13664940,47,16,-4,81
13665450,48,36,2,79
13665960,53,18,0,79
13666470,67,0,7,72
13666980,41,19,-15,87
13667490,42,1,2,85
13668000,63,26,2,83
13668510,77,8,3,80
13669020,51,28,-2,82
13669530,52,10,3,79
13670040,66,94,8,71
13670550,43,53,-5,76
13671060,77,20,1,75
13671570,33,40,-3,78
13672080,67,7,1,77
13672590,52,27,-3,80
13673100,66,9,-1,81
13673610,48,29,-1,82
13674120,82,11,2,80
13674630,32,31,-11,91
13675140,66,20,6,85
13675650,80,40,3,82
13676160,94,22,-1,83
13676670,50,42,1,82
13677180,55,9,3,79
13677690,69,29,-4,83
13678200,83,11,-5,88
13678710,68,31,8,80
13679220,82,51,5,75
13679730,87,73,-6,81
13680240,45,95,-4,85
13680750,22,12,0,85
13681260,56,81,8,77
13681770,33,40,-7,84
13682280,67,7,7,77
13682790,52,27,-2,79
13683300,66,9,3,76
13683810,51,29,1,75
13684320,52,11,-2,77
13684830,66,31,-8,85
13685340,80,13,9,76
13685850,36,33,-4,80
13686360,70,0,5,75
13686870,44,19,-9,84
13687380,58,1,8,76
13687890,79,21,-1,77
13688400,35,41,-10,87
13688910,9,8,9,78
13689420,24,99,2,76
13689930,29,77,-4,80
13690440,32,100,-1,81
13690950,96,59,6,75
13691460,8,81,-2,77
13691970,18,6,-4,81
13692480,33,90,-12,93
13692990,36,42,12,81
13693500,10,9,-1,82
13694010,25,100,-1,83
13694520,28,78,3,80
13695030,31,30,1,79
13695540,65,99,7,72
13696050,42,58,-6,78
13696560,63,17,-2,80
13697070,77,37,-9,89
13697580,91,19,8,81
13698090,47,39,-1,82
13698600,52,6,-3,85
13699110,65,26,0,85
13699620,79,8,7,78
13700130,53,28,-6,84
13700640,67,10,6,78
13701150,81,30,-3,81
13701660,95,50,-2,83
13702170,7,70,-2,85
13702680,17,77,5,80
13703190,27,55,10,70
13703700,37,14,-12,82
13704210,38,98,-2,84
13704720,15,50,-1,85
13705230,25,45,5,80
13705740,46,4,-3,83
13706250,61,29,-3,86
13706760,75,11,13,73
13707270,31,31,-12,85
13707780,65,94,9,76
13708290,42,53,0,76
13708800,63,20,-9,85
13709310,19,40,9,76
13709820,29,7,-9,85
13710330,44,91,0,85
13710840,65,43,5,80
13711350,66,25,2,78
13711860,80,45,2,76
13712370,94,65,-1,77
13712880,71,87,8,69
13713390,48,46,-8,77
13713900,53,13,-10,87
13714410,67,33,5,82
13714920,81,53,13,69
13715430,37,15,-11,80
13715940,38,99,-5,85
13716450,41,58,3,82
13716960,62,17,-1,83
13717470,18,37,3,80
13717980,28,91,-7,87
13718490,31,94,4,83
13719000,34,97,4,79
13719510,37,56,4,75
13720020,47,15,-9,84
13720530,75,99,7,77
13721040,52,58,3,74
13721550,31,17,-5,79
13722060,46,86,3,76
13722570,23,38,-8,84
13723080,57,5,5,79
13723590,42,25,-7,86
13724100,27,7,1,85
13724610,42,70,9,76
13725120,19,22,-11,87
13725630,42,11,10,77
13726140,70,31,-2,79
13726650,84,51,-1,80
13727160,98,73,-1,81
13727670,75,35,2,79
13728180,89,55,-4,83
13728690,1,75,4,79
13729200,59,0,-3,82
13729710,33,20,-1,83
13730220,18,89,-5,88
13730730,21,67,11,77
13731240,24,26,-9,86
13731750,58,95,14,72
13732260,35,54,-1,73
13732770,8,13,-7,80
13733280,70,2,4,76
13733790,44,22,-5,81
13734300,29,4,-1,82
13734810,44,67,4,78
13735320,21,26,-11,89
13735830,44,95,6,83
13736340,21,47,1,82
13736850,31,101,-2,84
13737360,36,79,5,79
13737870,13,31,-9,88
13738380,14,98,2,86
13738890,53,59,8,78
13739400,32,11,-15,93
13739910,47,95,14,79
13740420,24,30,-2,81
13740930,58,99,1,80
13741440,35,58,5,75
13741950,45,17,-9,84
13742460,59,101,9,75
13742970,36,60,-5,80
13743480,46,19,1,79
13743990,60,39,-1,80
13744500,65,21,4,76
13745010,79,41,1,75
13745520,93,61,-6,81
13746030,98,23,0,81
13746540,54,43,-5,86
13747050,59,10,9,77
13747560,73,30,-4,81
13748070,87,50,3,78
13748580,101,30,3,75
13749090,13,50,-6,81
13749600,23,57,3,78
13750110,93,9,-3,81
13750620,67,25,-4,85
13751130,81,45,12,73
13751640,95,25,-7,80
13752150,51,45,2,78
13752660,56,12,-3,81
13753170,70,32,2,79
13753680,84,52,-6,85
13754190,98,41,-4,89
13754700,10,61,7,82
13755210,20,68,-4,86
13755720,23,75,1,85
13756230,26,27,4,81
13756740,60,96,7,74
13757250,37,48,-9,83
13757760,71,15,4,79
13758270,27,35,-4,83
13758780,61,2,8,75
13759290,35,18,-8,83
13759800,36,0,-8,91
13760310,51,25,9,82
13760820,65,7,1,81
13761330,21,23,-1,82
13761840,55,12,-6,88
13762350,69,32,4,84
13762860,83,14,9,75
13763370,39,34,-9,84
13763880,24,23,0,84
13764390,9,92,1,83
13764900,59,70,8,75
13765410,36,22,-7,82
13765920,37,4,-2,84
13766430,52,24,0,84
13766940,66,6,7,77
13767450,51,22,-8,85
13767960,65,4,10,75
13768470,39,49,-1,76
13768980,73,16,0,76
13769490,29,36,-7,83
13770000,30,74,0,83
13770510,33,26,4,79
13771020,34,95,-4,83
13771530,37,73,2,81
13772040,47,25,-6,87
13772550,75,7,3,84
13773060,31,23,6,78
13773570,32,12,-2,80
13774080,17,32,-3,83
13774590,18,86,1,82
13775100,28,64,7,75
13775610,38,16,-12,87
13776120,39,100,7,80
13776630,16,21,-1,81
13777140,50,10,-4,85
13777650,64,35,1,84
13778160,78,17,3,81
13778670,34,37,4,77
13779180,19,91,-2,79
13779690,29,69,0,79
13780200,39,21,-1,80
13780710,40,3,-4,84
13781220,55,28,-2,86
13781730,69,10,10,76
13782240,25,30,-3,79
13782750,59,99,5,74
13783260,36,58,-5,79
13783770,46,10,0,79
13784280,60,30,0,79
13784790,74,12,-1,80
13785300,30,32,3,77
13785810,15,101,-9,86
13786320,54,79,10,76
13786830,31,1,1,75
13787340,46,26,-13,88
13787850,31,8,6,82
13788360,32,92,0,82
13788870,35,44,3,79
13789380,20,11,-7,86
13789890,41,0,-3,89
13790400,62,25,6,83
13790910,76,7,5,78
13791420,50,52,0,78
13791930,29,4,-5,83
13792440,44,77,5,78
13792950,21,91,-8,86
13793460,24,69,9,77
13793970,34,21,-14,91
13794480,19,3,12,79
13794990,34,76,5,74
13795500,44,99,-8,82
13796010,65,51,3,79
13796520,42,3,-4,83
13797030,57,28,1,82
13797540,71,10,-1,83
13798050,85,30,-3,86
13798560,82,50,7,79
13799070,87,39,-3,82
13799580,101,36,6,76
13800090,13,73,-3,79
13800600,23,51,-3,82
13801110,33,3,9,73
13801620,34,28,-8,81
13802130,19,97,-2,83
13802640,58,75,6,77
13803150,79,27,-3,80
13803660,67,47,-1,81
13804170,72,14,-2,83
13804680,28,34,3,80
13805190,62,1,10,70
13805700,36,20,-13,83
13806210,37,2,3,80
13806720,52,27,-7,87
13807230,66,9,8,79
13807740,22,25,2,77
13808250,7,94,-18,95
13808760,46,19,9,86
13809270,47,1,12,74
13809780,32,26,-8,82
13810290,33,15,0,82
13810800,34,99,2,80
13811310,37,58,3,77
13811820,47,17,-4,81
13812330,75,37,6,75
13812840,89,57,-5,80
13813350,1,36,-1,81
13813860,11,43,0,81
13814370,21,50,4,77
13814880,31,39,-2,79
13815390,65,6,4,75
13815900,21,26,-9,84
13816410,44,15,5,79
13816920,58,35,-2,81
13817430,72,17,3,78
13817940,28,37,1,77
13818450,13,4,-2,79
13818960,28,95,-2,81
13819470,31,73,0,81
13819980,41,96,-3,84
13820490,44,17,-6,90
13821000,45,101,6,84
13821510,22,22,-1,85
13822020,7,11,-5,90
13822530,69,0,7,83
13823040,90,19,5,78
13823550,73,39,-7,85
13824060,87,21,5,80
13824570,43,41,-3,83
13825080,17,30,-3,86
13825590,2,19,8,78
13826100,92,8,-3,81
13826610,66,24,-8,89
13827120,80,6,10,79
13827630,36,22,-5,84
13828140,21,4,-3,87
13828650,36,95,6,81
13829160,57,7,3,78
13829670,71,32,-4,82
13830180,85,52,5,77
13830690,97,34,-4,81
13831200,53,54,-1,82
13831710,32,15,2,80
13832220,33,84,3,77
13832730,43,5,-4,81
13833240,57,30,5,76
13833750,71,12,-7,83
13834260,27,57,5,78
13834770,37,9,-7,85
13835280,38,93,11,74
13835790,41,52,-1,75
13836300,39,71,6,69
13836810,49,30,-15,84
13837320,34,12,2,82
13837830,35,32,-3,85
13838340,36,101,7,78
13838850,13,60,-1,79
13839360,23,67,-5,84
13839870,26,86,1,83
13840380,29,11,-3,86
13840890,30,95,5,81
13841400,33,73,-1,82
13841910,43,25,0,82
13842420,28,7,-5,87
13842930,43,80,11,76
13843440,20,32,-5,81
13843950,54,86,5,76
13844460,31,3,-8,84
13844970,46,76,8,76
13845480,23,95,-16,92
13845990,26,73,12,80
13846500,36,25,-1,81
13847010,37,94,4,77
13847520,58,15,0,77
13848030,72,35,-6,83
13848540,86,17,3,80
13849050,42,62,5,75
13849560,63,81,0,75
13850070,40,100,-4,79
13850580,17,52,-5,84
13851090,27,4,3,81
13851600,42,77,7,74
13852110,19,91,-7,81
13852620,58,69,3,78
13853130,35,88,-4,82
13853640,38,9,-1,83
13854150,53,29,-1,84
13854660,67,11,7,77
13855170,23,56,-7,84
13855680,33,8,-4,88
13856190,48,81,13,75
13856700,25,100,-13,88
13857210,28,78,3,85
13857720,38,30,7,78
13858230,16,99,0,78
13858740,70,77,4,74
13859250,47,96,-10,84
13859760,24,48,3,81
13860270,34,0,3,78
13860780,49,25,-8,86
13861290,63,7,9,77
13861800,77,23,-2,79
13862310,33,43,-1,80
13862820,34,10,-3,83
13863330,49,73,7,76
13863840,26,32,-11,87
13864350,60,21,0,87
13864860,74,3,13,74
13865370,48,22,-3,77
13865880,62,4,-3,80
13866390,36,20,1,79
13866900,21,2,-11,90
13867410,36,75,17,73
13867920,13,27,-17,90
13868430,36,16,11,79
13868940,51,5,-2,81
13869450,64,78,9,72
13869960,41,97,-11,83
13870470,18,18,-2,85
13870980,33,7,6,79
13871490,34,80,0,79
13872000,44,32,1,78
13872510,29,101,-3,81
13873020,6,79,2,79
13873530,73,57,2,77
13874040,50,79,3,74
13874550,27,98,-5,79
13875060,30,76,-4,83
13875570,7,28,0,83
13876080,97,79,-4,87
13876590,74,101,9,78
13877100,51,60,2,76
13877610,30,79,-7,83
13878120,33,98,2,81
13878630,36,57,8,73
13879140,13,76,-11,84
13879650,80,83,-1,85
13880160,57,0,9,76
13880670,78,73,-2,78
13881180,10,95,-5,83
13881690,49,73,10,73
13882200,26,92,-11,84
13882710,29,17,-1,85
13883220,44,6,7,78
13883730,58,31,-2,80
13884240,72,13,-1,81
13884750,86,29,-3,84
13885260,100,49,7,77
13885770,12,28,-1,78
13886280,13,71,-3,81
13886790,52,78,9,72
13887300,29,37,-10,82
13887810,63,26,-1,83
13888320,77,8,10,73
13888830,33,45,-1,74
13889340,12,64,-15,89
13889850,22,71,5,84
13890360,25,74,3,81
13890870,28,26,-4,85
13891380,62,15,4,81
13891890,18,35,2,79
13892400,13,24,-8,87
13892910,75,13,7,80
13893420,31,58,4,76
13893930,41,10,-8,84
13894440,56,94,6,78
13894950,33,11,-5,83
13895460,34,31,8,75
13895970,35,100,-6,81
13896480,38,52,7,74
13896990,59,71,-2,76
13897500,36,90,0,76
13898010,13,11,-6,82
13898520,28,0,-2,84
13899030,43,25,10,74
13899540,44,7,-11,85
13900050,59,32,8,77
13900560,73,14,-2,79
13901070,29,34,-8,87
13901580,52,23,2,85
13902090,66,5,10,75
13902600,51,50,-6,81
13903110,30,39,1,80
13903620,64,28,-1,81
13904130,78,10,6,75
13904640,92,55,-5,80
13905150,4,34,-1,81
13905660,26,85,0,81
13906170,29,92,-3,84
13906680,32,44,3,81
13907190,33,47,-1,82
13907700,34,66,4,78
13908210,44,18,-5,83
13908720,58,0,4,79
13909230,73,25,-2,81
13909740,29,45,5,76
13910250,78,99,-1,77
13910760,55,16,-7,84
13911270,69,100,10,74
13911780,46,17,-14,88
13912290,60,101,17,71
13912800,37,18,-10,81
13913310,22,0,-4,85
13913820,37,25,0,85
13914330,22,7,1,84
13914840,37,80,6,78
13915350,14,32,-3,81
13915860,36,21,-1,82
13916370,37,3,1,81
13916880,52,28,-7,88
13917390,66,10,2,86
13917900,80,26,6,80
13918410,94,46,2,78
13918920,6,84,-5,83
13919430,45,62,7,76
13919940,66,81,1,75
13920450,87,100,-6,81
13920960,6,35,2,79
13921470,28,86,-8,87
13921980,31,19,0,87
13922490,46,1,9,78
13923000,60,26,-5,83
13923510,74,46,2,81
13924020,88,35,1,80
13924530,0,73,6,74
13925040,58,86,2,72
13925550,35,45,-7,79
13926060,20,14,-2,81
13926570,35,3,-4,85
13927080,50,76,7,78
13927590,27,95,-12,90
13928100,30,73,16,74
13928610,52,25,-9,83
13929120,66,7,9,74
13929630,80,52,0,74
13930140,57,31,-9,83
13930650,71,13,7,76
13931160,85,58,0,76
13931670,62,37,-8,84
13932180,76,19,5,79
13932690,32,39,-3,82
13933200,17,28,-3,85
13933710,40,17,2,83
13934220,55,101,3,80
13934730,32,13,-3,83
13935240,33,97,4,79
13935750,68,75,-3,82
13936260,45,64,4,78
13936770,24,83,-13,91
13937280,27,90,4,87
13937790,30,23,0,87
13938300,64,12,9,78
13938810,78,57,4,74
13939320,55,36,-5,79
13939830,56,18,-7,86
13940340,70,0,9,77
13940850,22,25,-2,79
13941360,48,14,-4,83
13941870,62,98,9,74
13942380,39,15,-14,88
13942890,24,99,-3,91
13943400,63,77,18,73
13943910,40,96,-4,77
13944420,17,41,-5,82
13944930,66,95,16,66
13945440,43,54,-6,72
13945950,22,6,-8,80
13946460,37,90,0,80
13946970,59,42,-1,81
13947480,60,21,4,77
13947990,74,41,-5,82
13948500,88,23,2,80
13949010,0,26,2,78
13949520,21,77,-5,83
13950030,24,84,-2,85
13950540,27,17,4,81
13951050,42,101,-1,82
13951560,72,18,1,81
13952070,86,21,6,75
13952580,42,24,-5,80
13953090,27,6,-4,84
13953600,42,90,-3,87
13954110,63,42,7,80
13954620,77,21,3,77
13955130,91,41,-3,80
13955640,3,79,-2,82
13956150,42,57,8,74
13956660,63,76,1,73
13957170,40,95,-7,80
13957680,61,7,9,71
13958190,75,23,-3,74
13958700,31,43,-2,76
13959210,32,97,-6,82
13959720,35,75,6,76
13960230,57,89,-1,77
13960740,34,6,-10,87
13961250,49,90,14,73
13961760,26,2,-13,86
13962270,41,86,9,77
13962780,63,100,6,71
13963290,40,52,-7,78
13963800,19,4,-8,86
13964310,34,88,9,77
13964820,56,0,-4,81
13965330,41,25,-9,90
13965840,56,7,7,83
13966350,70,32,-2,85
13966860,84,14,1,84
13967370,98,59,4,80
13967880,10,81,-1,81
13968390,49,59,5,76
13968900,28,78,-5,81
13969410,50,81,3,78
13969920,27,100,-5,83
13970430,30,78,-1,84
13970940,52,30,3,81
13971450,66,12,6,75
13971960,80,57,-2,77
13972470,59,36,-5,82
13972980,73,18,7,75
13973490,87,38,-7,82
13974000,101,76,3,79
13974510,78,98,-1,80
13975020,55,33,0,80
13975530,69,15,0,80
13976040,25,35,0,80
13976550,48,89,1,79
13977060,25,1,-2,81
13977570,40,26,2,79
13978080,41,8,-2,81
13978590,55,33,4,77
13979100,69,15,-2,79
13979610,83,35,3,76
13980120,97,14,-5,81
13980630,9,59,0,81
13981140,19,62,-3,84
13981650,41,65,7,77
13982160,63,17,-3,80
13982670,77,37,-1,81
13983180,91,75,6,75
13983690,70,10,-4,79
13984200,26,55,-2,81
13984710,48,7,1,80
13985220,62,32,-2,82
13985730,76,14,12,70
13986240,32,59,-9,79
13986750,54,11,2,77
13987260,68,36,1,76
13987770,82,18,6,70
13988280,38,38,-16,86
13988790,23,27,2,84
13989300,46,16,6,78
13989810,60,100,1,77
13990320,37,17,0,77
13990830,38,101,-3,80
13991340,60,79,5,75
13991850,37,98,-7,82
13992360,59,76,13,69
13992870,36,95,-11,80
13993380,58,73,8,72
13993890,35,92,-12,84
13994400,57,4,8,76
13994910,71,29,-6,82
13995420,85,49,6,76
13995930,99,28,-6,82
13996440,11,48,-1,83
13996950,33,51,10,73
13997460,34,70,2,71
13997970,56,84,-6,77
13998480,33,1,-18,95
13998990,48,26,10,85
13999500,62,8,7,78
14000010,76,33,3,75
14000520,90,53,-5,80
14001030,2,32,-1,81
14001540,12,83,1,80
14002050,93,61,0,80
14002560,5,83,4,76
14003070,59,61,-3,79
14003580,38,17,-3,82
14004090,23,101,-7,89
14004600,62,79,14,75
14005110,39,98,-6,81
14005620,61,76,7,74
14006130,38,95,-7,81
14006640,60,7,5,76
14007150,74,52,0,76
14007660,53,31,-5,81
14008170,67,13,7,74
14008680,81,33,-9,83
14009190,95,71,10,73
14009700,72,6,-4,77
14010210,24,51,-1,78
14010720,46,65,7,71
14011230,23,84,-17,88
14011740,26,62,9,79
14012250,48,65,6,73
14012760,27,84,-11,84
14013270,49,62,7,77
14013780,28,81,-3,80
14014290,50,59,3,77
14014800,29,78,-1,78
14015310,51,92,6,72
14015820,28,4,-14,86
14016330,43,29,4,82
14016840,44,11,-3,85
14017350,45,36,2,83
14017860,30,18,-4,87
14018370,45,0,6,81
14018880,60,25,-6,87
14019390,74,45,5,82
14019900,88,65,6,76
14020410,67,87,5,71
14020920,44,4,-7,78
14021430,58,29,-4,82
14021940,72,49,7,75
14022450,51,28,-4,79
14022960,65,10,2,77
14023470,21,55,-2,79
14023980,43,58,-4,83
14024490,66,10,5,78
14025000,80,55,7,71
14025510,59,34,-12,83
14026020,73,16,10,73
14026530,29,61,-5,78
14027040,39,64,6,72
14027550,61,83,-1,73
14028060,38,0,-11,84
14028570,16,32,0,84
14029080,39,35,7,77
14029590,24,2,-5,82
14030100,39,27,-1,83
14030610,65,9,9,74
14031120,21,54,-9,83
14031630,43,57,6,77
14032140,22,76,-5,82
14032650,25,54,1,81
14033160,35,57,11,70
14033670,45,71,1,69
14034180,22,90,-19,88
14034690,39,68,12,76
14035200,61,82,4,72
14035710,38,101,-10,82
14036220,60,79,9,73
14036730,81,98,-4,77
14037240,58,33,0,77
14037750,72,15,-1,78
14038260,28,35,2,76
14038770,13,2,-3,79
14039280,28,75,0,79
14039790,50,89,-1,80
14040300,27,1,-3,83
14040810,42,74,8,75
14041320,64,93,2,73
14041830,41,10,-6,79
14042340,42,30,5,74
14042850,27,23,-8,82
14043360,50,12,6,76
14043870,64,32,-10,86
14044380,78,14,9,77
14044890,34,34,-3,80
14045400,19,23,-1,81
14045910,42,12,-2,83
14046420,43,32,3,80
14046930,28,101,-7,87
14047440,50,79,11,76
14047950,27,98,-9,85
14048460,49,76,11,74
14048970,26,95,-15,89
14049480,29,73,8,81
14049990,39,76,2,79
14050500,61,90,8,71
14051010,38,7,-7,78
14051520,39,27,-1,79
14052030,24,9,-6,85
14052540,45,82,9,76
14053050,67,96,2,74
14053560,44,13,-7,81
14054070,58,33,-3,84
14054580,72,53,12,72
14055090,51,32,-11,83
14055600,30,14,4,79
14056110,15,98,0,79
14056620,54,76,4,75
14057130,31,95,-7,82
14057640,56,73,9,73
14058150,33,92,-15,88
14058660,55,95,15,73
14059170,32,12,-11,84
14059680,33,32,3,81
14060190,18,52,-1,82
14060700,69,55,3,79
14061210,48,75,5,74
14061720,3,94,-6,80
14062230,42,72,2,78
14062740,64,91,6,72
14063250,41,8,-8,80
14063760,42,28,-1,81
14064270,65,10,3,78
14064780,79,30,3,75
14065290,93,50,-6,81
14065800,5,88,-3,84
14066310,44,23,6,78
14066820,58,5,2,76
14067330,72,21,-1,77
14067840,86,41,-2,79
14068350,100,79,-2,81
14068860,79,14,7,74
14069370,35,34,-13,87
14069880,58,23,5,82
14070390,72,43,3,79
14070900,86,22,-2,81
14071410,100,42,7,74
14071920,12,79,-5,79
14072430,51,14,-1,80
14072940,65,34,1,79
14073450,79,54,0,79
14073960,58,33,4,75
14074470,72,53,3,72
14074980,51,32,-8,80
14075490,65,14,8,72
14076000,21,34,-8,80
14076510,44,88,2,78
14077020,66,0,7,71
14077530,18,45,-8,79
14078040,40,48,1,78
14078550,25,17,-6,84
14079060,48,6,-2,86
14079570,62,31,12,74
14080080,76,51,-4,78
14080590,63,71,5,73
14081100,42,90,-8,81
14081610,64,93,8,73
14082120,41,10,-2,75
14082630,55,30,-8,83
14083140,69,50,4,79
14083650,70,29,-5,84
14084160,84,49,-1,85
14084670,98,69,6,79
14085180,85,48,6,73
14085690,99,27,-4,77
14086200,55,47,1,76
14086710,34,14,-5,81
14087220,35,34,1,80
14087730,58,23,-3,83
14088240,72,43,2,81
14088750,86,25,-4,85
14089260,42,45,6,79
14089770,21,12,-2,81
14090280,44,1,-7,88
14090790,59,26,4,84
14091300,73,46,8,76
14091810,87,25,-3,79
14092320,43,45,3,76
14092830,22,12,-5,81
14093340,45,96,3,78
14093850,67,99,3,75
14094360,44,16,-4,79
14094870,58,36,-1,80
14095380,72,18,4,76
14095890,28,38,-4,80
14096400,51,5,-8,88
14096910,65,30,6,82
14097420,79,50,10,72
14097930,93,29,-8,80
14098440,49,11,-2,82
14098950,63,31,1,81
14099460,77,51,13,68
14099970,56,30,-20,88
14100480,70,12,13,75
14100990,26,32,-8,83
14101500,49,101,5,78
14102010,71,2,7,71
14102520,23,18,-14,85
14103030,46,7,10,75
14103540,60,27,-7,82
14104050,74,47,10,72
14104560,53,26,-11,83
14105070,67,8,7,76
14105580,23,24,-5,81
14106090,46,13,4,77
14106600,60,33,-1,78
14107110,74,15,-1,79
14107620,30,35,-1,80
14108130,53,2,-1,81
14108640,67,27,3,78
14109150,81,47,4,74
14109660,95,26,-8,82
14110170,51,46,4,78
14110680,30,13,-1,79
14111190,45,97,-1,80
14111700,67,100,3,77
14112210,44,17,-7,84
14112720,58,101,4,80
14113230,35,13,-10,90
14113740,36,97,6,84
14114250,58,100,5,79
14114760,35,12,0,79
14115270,36,32,2,77
14115780,37,101,-4,81
14116290,59,79,4,77
14116800,80,98,1,76
14117310,57,15,-3,79
14117820,71,35,2,77
14118330,85,73,-2,79
14118840,64,95,6,73
14119350,41,54,0,73
14119860,64,21,-10,83
14120370,78,41,7,76
14120880,92,61,-12,88
14121390,71,40,7,81
14121900,85,22,5,76
14122410,41,42,-5,81
14122920,26,9,-1,82
14123430,27,82,-2,84
14123940,49,85,9,75
14124450,26,99,-11,86
14124960,48,77,14,72
14125470,70,91,1,71
14125980,47,8,-10,81
14126490,61,33,2,79
14127000,75,15,-6,85
14127510,31,31,2,83
14128020,65,100,8,75
14128530,42,59,0,75
14129040,63,26,-4,79
14129550,77,64,5,74
14130060,56,26,-8,82
14130570,70,8,5,77
14131080,26,24,-3,80
14131590,60,13,-2,82
14132100,74,16,2,80
14132610,30,64,0,80
14133120,52,78,8,72
14133630,29,97,-17,89
14134140,51,75,18,71
14134650,28,94,-14,85
14135160,50,72,8,77
14135670,71,91,2,75
14136180,48,8,-7,82
14136690,62,33,2,80
14137200,76,15,9,71
14137710,32,31,-5,76
14138220,66,100,2,74
14138730,43,17,-10,84
14139240,57,101,13,71
14139750,34,60,-5,76
14140260,56,74,0,76
14140770,77,93,1,75
14141280,98,10,3,72
14141790,50,26,-14,86
14142300,64,8,7,79
14142810,78,24,-3,82
14143320,92,62,0,82
14143830,4,41,0,82
14144340,14,44,4,78
14144850,36,47,1,77
14145360,59,14,-1,78
14145870,73,17,2,76
14146380,24,62,-4,80
14146890,46,65,5,75
14147400,67,32,-10,85
14147910,81,70,9,76
14148420,60,60,-3,79
14148930,39,27,-7,86
14149440,73,96,10,76
14149950,94,13,1,75
14150460,50,29,-9,84
14150970,64,11,9,75
14151480,20,56,-6,81
14151990,42,59,10,71
14152500,6,26,-8,79
14153010,28,77,-2,81
14153520,50,80,8,73
14154030,27,39,-8,81
14154540,50,6,0,81
14155050,64,31,-3,84
14155560,78,69,12,72
14156070,57,4,2,70
14156580,13,20,-15,85
14157090,36,9,4,81
14157600,37,34,-9,90
14158110,71,16,10,80
14158620,27,61,8,72
14159130,49,64,-2,74
14159640,70,31,-6,80
14160150,84,69,-3,83
14160660,63,4,5,78
14161170,59,20,-5,83
14161680,73,2,9,74
14162190,25,47,-4,78
14162700,47,14,-4,82
14163210,61,98,8,74
14163720,38,15,-3,77
14164230,39,99,-5,82
14164740,61,0,2,80
14165250,35,19,0,80
14165760,20,1,-6,86
14166270,35,55,14,72
14166780,57,7,-4,76
14167290,42,23,-6,82
14167800,27,5,-6,88
14168310,48,78,14,74
14168820,25,37,-6,80
14169330,26,4,-5,85
14169840,41,29,4,81
14170350,64,98,11,70
14170860,41,17,-9,79
14171370,26,101,-10,89
14171880,48,36,7,82
14172390,49,3,4,78
14172900,62,28,-4,82
14173410,76,10,7,75
14173920,32,55,-1,76
14174430,54,69,0,76
14174940,75,88,3,73
14175450,96,5,-3,76
14175960,48,21,-10,86
14176470,62,3,14,72
14176980,58,19,-10,82
14177490,72,1,5,77
14178000,24,17,-1,78
14178510,47,6,-5,83
14179020,75,31,1,82
14179530,89,69,5,77
14180040,53,4,-6,83
14180550,63,29,0,83
14181060,77,11,10,73
14181570,33,27,-15,88
14182080,67,9,12,76
14182590,23,25,-8,84
14183100,46,14,2,82
14183610,60,87,6,76
14184120,37,4,-3,79
14184630,38,77,1,78
14185140,60,91,7,71
14185650,37,50,-8,79
14186160,60,17,-5,84
14186670,16,101,4,80
14187180,55,79,3,77
14187690,32,98,-8,85
14188200,54,76,10,75
14188710,75,95,1,74
14189220,52,30,-8,82
14189730,66,12,5,77
14190240,22,28,-6,83
14190750,45,97,4,79
14191260,66,100,2,77
14191770,43,17,-7,84
14192280,27,101,3,81
14192790,49,36,-2,83
14193300,28,18,0,83
14193810,51,0,4,79
14194320,97,25,-4,83
14194830,53,63,10,73
14195340,74,84,-5,78
14195850,51,19,-9,87
14196360,65,1,17,70
14196870,39,2,-9,79
14197380,54,27,-3,82
14197890,68,9,11,71
14198400,24,25,-10,81
14198910,47,96,7,74
14199420,69,99,-4,78
14199930,90,35,0,78
14200440,2,73,-4,82
14200950,41,8,3,79
14201460,69,92,4,75
14201970,46,28,-8,83
14202480,31,10,3,80
14202990,32,81,3,77
14203500,54,84,4,73
14204010,76,43,-4,77
14204520,90,85,-4,81
14205030,69,20,3,78
14205540,25,23,-4,82
14206050,48,12,-3,85
14206560,62,96,5,80
14207070,39,13,-2,82
14207580,73,97,8,74
14208090,50,33,-6,80
14208600,29,15,1,79
14209110,50,86,-1,80
14209620,72,100,7,73
14210130,49,36,-9,82
14210640,28,29,1,81
14211150,62,83,6,75
14211660,83,35,-5,80
14212170,97,73,3,77
14212680,74,8,6,71
14213190,30,24,-13,84
14213700,53,6,6,78
14214210,67,31,-3,81
14214720,81,69,3,78
14215230,60,4,6,72
14215740,16,20,-12,84
14216250,39,9,7,77
14216760,40,93,-3,80
14217270,62,96,8,72
14217780,39,48,-9,81
14218290,62,17,-2,83
14218800,76,20,5,78
14219310,32,23,-3,81
14219820,66,92,15,66
14220330,43,11,-21,87
14220840,57,36,2,85
14221350,71,18,9,76
14221860,27,21,-8,84
14222370,50,3,1,83
14222880,64,28,7,76
14223390,78,10,-7,83
14223900,34,26,0,83
14224410,57,8,1,82
14224920,71,33,4,78
14225430,85,71,4,74
14225940,62,6,-3,77
14226450,18,22,-3,80
14226960,41,11,-4,84
14227470,42,95,6,78
14227980,64,47,0,78
14228490,65,26,-11,89
14229000,79,8,9,80
14229510,35,24,0,80
14230020,58,6,4,76
14230530,14,22,-8,84
14231040,37,76,4,80
14231550,59,28,-3,83
14232060,73,10,2,81
14232570,29,26,-8,89
14233080,63,8,12,77
14233590,77,24,-2,79
14234100,33,62,1,78
14234610,55,14,-9,87
14235120,69,98,10,77
14235630,46,34,-8,85
14236140,80,1,6,79
14236650,54,17,-3,82
14237160,68,101,7,75
14237670,45,37,-6,81
14238180,24,4,-3,84
14238690,39,29,-5,89
14239200,62,11,2,87
14239710,76,36,2,85
14240220,90,18,12,73
14240730,46,34,-13,86
14241240,25,16,6,80
14241750,10,100,7,73
14242260,49,35,-6,79
14242770,70,2,5,74
14243280,44,21,-15,89
14243790,67,3,14,75
14244300,63,19,-7,82
14244810,77,1,4,78
14245320,51,17,3,75
14245830,87,101,-6,81
14246340,6,36,1,80
14246850,28,87,3,77
14247360,50,20,-1,78
14247870,64,2,2,76
14248380,60,18,-9,85
14248890,74,0,7,78
14249400,48,19,-6,84
14249910,62,1,11,73
14250420,36,20,-7,80
14250930,21,2,-8,88
14251440,42,86,8,80
14251950,64,38,-1,81
14252460,78,20,2,79
14252970,34,23,-1,80
14253480,68,5,6,74
14253990,64,21,-3,77
14254500,78,24,-3,80
14255010,34,27,-3,83
14255520,68,9,7,76
14256030,24,25,-8,84
14256540,47,7,3,81
14257050,61,32,1,80
14257560,75,14,7,73
14258070,31,30,-11,84
14258580,65,12,1,83
14259090,79,96,1,82
14259600,100,31,2,80
14260110,12,34,0,80
14260620,34,85,4,76
14261130,56,37,0,76
14261640,57,30,-5,81
14262150,20,12,-5,86
14262660,43,96,4,82
14263170,65,17,0,82
14263680,81,20,5,77
14264190,37,22,-5,82
14264700,60,4,2,80
14265210,56,6,0,80
14265720,52,31,-2,82
14266230,57,13,-2,84
14266740,71,97,8,76
14267250,92,33,-2,78
14267760,48,36,-5,83
14268270,82,3,9,74
14268780,34,19,-6,80
14269290,59,1,-3,83
14269800,80,26,3,80
14270310,36,29,-5,85
14270820,59,11,10,75
14271330,73,95,1,74
14271840,94,14,-11,85
14272350,50,30,5,80
14272860,35,12,-9,89
14273370,36,96,9,80
14273880,58,74,10,70
14274390,79,43,-6,76
14274900,93,25,-3,79
14275410,49,28,-7,86
14275920,63,10,7,79
14276430,19,35,-2,81
14276940,41,0,1,80
14277450,62,25,3,77
14277960,50,7,-1,78
14278470,64,32,-5,83
14278980,78,14,3,80
14279490,34,30,-1,81
14280000,68,12,2,79
14280510,53,57,-1,80
14281020,74,26,0,80
14281530,88,8,5,75
14282040,62,24,-2,77
14282550,76,6,-2,79
14283060,50,22,-2,81
14283570,64,4,5,76
14284080,38,20,-5,81
14284590,23,2,-1,82
14285100,44,86,-1,83
14285610,47,38,0,83
14286120,26,20,1,82
14286630,60,89,4,78
14287140,37,29,-2,80
14287650,71,99,3,77
14288160,92,35,3,74
14288670,48,38,-11,85
14289180,69,20,13,72
14289690,25,40,-9,81
14290200,48,9,3,78
14290710,62,93,9,69
14291220,39,52,-8,77
14291730,60,19,1,76
14292240,74,1,3,73
14292750,48,20,-18,91
14293260,76,2,17,74
14293770,50,21,-7,81
14294280,64,3,9,72
14294790,38,22,-5,77
14295300,63,4,0,77
14295810,59,20,-4,81
14296320,73,2,5,76
14296830,47,18,-6,82
14297340,61,0,0,82
14297850,35,25,-4,86
14298360,58,7,-2,88
14298870,71,32,7,81
14299380,85,14,3,78
14299890,41,30,-9,87
14300400,75,12,13,74
14300910,31,28,-6,80
14301420,65,10,1,79
14301930,21,26,-9,88
14302440,44,15,8,80
14302950,72,99,7,73
14303460,49,58,-8,81
14303970,28,27,-10,91
14304480,13,9,7,84
14304990,36,93,-1,85
14305500,58,71,5,80
14306010,40,40,-5,85
14306520,74,9,13,72
14307030,30,25,-8,80
14307540,64,7,-4,84
14308050,60,32,2,82
14308560,74,14,7,75
14309070,30,34,-5,80
14309580,64,3,5,75
14310090,60,19,-5,80
14310600,74,1,5,75
14311110,48,17,-6,81
14311620,62,101,4,77
14312130,39,77,0,77
14312640,61,29,-3,80
14313150,75,11,4,76
14313660,31,27,-6,82
14314170,65,9,3,79
14314680,21,25,0,79
14315190,55,96,-2,81
14315700,32,48,3,78
14316210,54,17,-1,79
14316720,68,101,3,76
14317230,45,60,0,76
14317740,66,29,-4,80
14318250,80,11,6,74
14318760,36,27,-6,80
14319270,70,9,3,77
14319780,26,25,-8,85
14320290,49,96,9,76
14320800,26,74,-4,80
14321310,48,52,4,76
14321820,27,21,-5,81
14322330,61,3,5,76
14322840,57,19,-9,85
14323350,71,39,2,83
14323860,85,21,4,79
14324370,41,24,-6,85
14324880,26,6,-6,91
14325390,60,90,19,72
14325900,37,49,-8,80
14326410,71,18,2,78
14326920,27,38,1,77
14327430,61,7,0,77
14327940,17,23,-5,82
14328450,40,42,4,78
14328960,63,11,4,74
14329470,19,31,-10,84
14329980,42,1,0,84
14330490,70,26,5,79
14331000,84,29,2,77
14331510,40,49,-1,78
14332020,61,18,-5,83
14332530,17,0,4,79
14333040,32,84,-2,81
14333550,54,62,2,79
14334060,75,14,3,76
14334570,31,34,-11,87
14335080,65,88,11,76
14335590,86,7,-3,79
14336100,60,23,-6,85
14336610,74,5,5,80
14337120,48,21,0,80
14337630,62,3,8,72
14338140,58,19,-13,85
14338650,72,1,9,76
14339160,46,20,-10,86
14339670,74,2,12,74
14340180,48,47,-1,75
14340690,27,16,-12,87
14341200,50,100,3,84
14341710,71,78,6,78
14342220,50,68,1,77
14342730,71,37,-4,81
14343240,85,19,5,76
14343750,41,39,-5,81
14344260,20,93,1,80
14344770,42,71,4,76
14345280,64,12,1,75
14345790,20,32,-7,82
14346300,43,86,7,75
14346810,64,64,0,75
14347320,85,86,-7,82
14347830,64,21,-1,83
14348340,78,41,6,77
14348850,92,23,-4,81
14349360,48,43,-1,82
14349870,27,4,-3,85
14350380,42,24,4,81
14350890,27,6,-5,86
14351400,48,90,14,72
14351910,25,49,-7,79
14352420,47,8,-8,87
14352930,75,33,11,76
14353440,89,53,-4,80
14353950,76,91,1,79
14354460,97,26,0,79
14354970,53,46,-2,81
14355480,32,100,-2,83
14355990,73,78,6,77
14356500,52,13,-7,84
14357010,66,97,5,79
14357520,43,33,-1,80
14358030,77,0,5,75
14358540,29,45,-5,80
14359050,30,14,-2,82
14359560,15,98,-8,90
14360070,37,76,9,81
14360580,58,99,2,79
14361090,79,51,9,70
14361600,66,73,-5,75
14362110,45,63,-6,81
14362620,66,32,2,79
14363130,80,14,6,73
14363640,36,30,-5,78
14364150,37,12,-7,85
14364660,38,96,2,83
14365170,60,79,10,73
14365680,81,48,-3,76
14366190,95,30,-4,80
14366700,51,50,0,80
14367210,30,19,-8,88
14367720,15,1,3,85
14368230,36,85,1,84
14368740,58,63,7,77
14369250,37,32,-4,81
14369760,71,14,6,75
14370270,27,34,-4,79
14370780,61,3,1,78
14371290,57,28,-1,79
14371800,71,10,0,79
14372310,27,30,-9,88
14372820,61,101,12,76
14373330,38,60,1,75
14373840,59,12,-4,79
14374350,73,32,-4,83
14374860,87,52,7,76
14375370,74,54,-2,78
14375880,53,16,-4,82
14376390,67,100,9,73
14376900,44,54,-9,82
14377410,23,21,-3,85
14377920,46,64,9,76
14378430,67,14,-1,77
14378940,23,34,-2,79
14379450,75,3,3,76
14379960,49,48,-6,82
14380470,28,17,0,82
14380980,62,101,7,75
14381490,39,60,-1,76
14382000,60,19,-6,82
14382510,74,39,2,80
14383020,88,59,0,80
14383530,75,81,1,79
14384040,54,71,0,79
14384550,75,40,-4,83
14385060,89,22,4,79
14385570,45,42,0,79
14386080,24,9,0,79
14386590,25,29,-3,82
14387100,59,100,-1,83
14387610,36,59,5,78
14388120,58,18,-6,84
14388630,72,38,8,76
14389140,86,58,2,74
14389650,87,20,-8,82
14390160,43,40,2,80
14390670,44,7,-2,82
14391180,57,27,-1,83
14391690,71,47,12,71
14392200,50,14,-9,80
14392710,64,34,-7,87
14393220,78,16,9,78
14393730,34,36,-5,83
14394240,68,5,9,74
14394750,64,25,-5,79
14395260,78,45,-3,82
14395770,92,65,6,76
14396280,50,27,-15,91
14396790,51,9,14,77
14397300,65,29,-9,86
14397810,79,49,15,71
14398320,93,51,-10,81
14398830,5,53,-1,82
14399340,27,90,2,80
14399850,49,68,4,76
14400360,26,27,-4,80
14400870,60,98,8,72
14401380,37,57,-4,76
14401890,58,16,1,75
14402400,72,36,-3,78
14402910,86,56,-1,79
14403420,65,58,7,72
14403930,44,48,-8,80
14404440,23,15,3,77
14404950,8,58,-3,80
14405460,30,95,-5,85
14405970,52,73,11,74
14406480,57,32,-12,86
14406990,71,14,3,83
14407500,27,34,2,81
14408010,28,3,-2,83
14408520,29,87,1,82
14409030,51,65,6,76
14409540,33,34,-4,80
14410050,67,1,3,77
14410560,41,89,-2,79
14411070,63,67,5,74
14411580,42,36,-7,81
14412090,76,3,0,81
14412600,50,23,4,77
14413110,64,43,-2,79
14413620,65,25,-1,80
14414130,79,45,3,77
14414640,93,47,-1,78
14415150,5,49,-1,79
14415660,15,100,-2,81
14416170,54,59,8,73
14416680,33,28,-13,86
14417190,67,10,4,82
14417700,23,30,0,82
14418210,75,101,9,73
14418720,52,26,-9,82
14419230,66,8,3,79
14419740,22,28,-1,80
14420250,56,99,0,80
14420760,33,58,-4,84
14421270,82,89,4,80
14421780,61,24,-2,82
14422290,75,44,10,72
14422800,89,26,-7,79
14423310,45,46,2,77
14423820,24,15,-2,79
14424330,58,99,5,74
14424840,35,58,-7,81
14425350,57,17,-2,83
14425860,71,37,4,79
14426370,85,19,-1,80
14426880,41,39,-2,82
14427390,2,6,0,82
14427900,25,3,0,82
14428410,40,23,-1,83
14428920,41,5,-2,85
14429430,42,25,3,82
14429940,43,7,-10,92
14430450,44,32,3,89
14430960,23,14,1,88
14431470,57,98,11,77
14431980,34,57,1,76
14432490,22,16,-5,81
14433000,56,59,4,77
14433510,35,28,-11,88
14434020,69,97,4,84
14434530,46,56,12,72
14435040,25,23,-12,84
14435550,59,94,6,78
14436060,36,53,2,76
14436570,57,12,-6,82
14437080,13,32,3,79
14437590,13,83,-15,94
14438100,35,18,15,79
14438610,36,0,3,76
14439120,64,20,-5,81
14439630,20,40,1,80
14440140,42,101,-3,83
14440650,64,79,11,72
14441160,41,48,-10,82
14441670,75,15,-1,83
14442180,31,35,9,74
14442690,65,2,-5,79
14443200,53,47,2,77
14443710,32,14,-4,81
14444220,33,34,1,80
14444730,67,1,7,73
14445240,55,72,-3,76
14445750,32,41,-4,80
14446260,66,21,-1,81
14446770,80,41,4,77
14447280,94,61,1,76
14447790,81,23,-2,78
14448300,37,43,1,77
14448810,19,12,-3,80
14449320,53,81,4,76
14449830,30,40,-5,81
14450340,64,7,6,75
14450850,20,27,-9,84
14451360,43,98,4,80
14451870,65,76,10,70
14452380,42,66,-9,79
14452890,64,25,-9,88
14453400,78,45,9,79
14453910,92,65,5,74
14454420,97,0,-7,81
14454930,71,16,6,75
14455440,27,36,-1,76
14455950,61,3,2,74
14456460,49,23,-11,85
14456970,63,43,3,82
14457480,42,45,5,77
14457990,21,12,-11,88
14458500,55,81,9,79
14459010,32,40,0,79
14459520,66,7,4,75
14460030,22,27,-8,83
14460540,56,98,3,80
14461050,33,76,2,78
14461560,55,35,-4,82
14462070,89,17,-8,90
14462580,45,37,5,85
14463090,79,4,9,76
14463600,53,49,-5,81
14464110,32,18,-7,88
14464620,53,87,7,81
14465130,30,46,-5,86
14465640,51,13,1,85
14466150,72,33,-1,86
14466660,86,53,12,74
14467170,73,55,-1,75
14467680,52,17,-5,80
14468190,66,37,3,77
14468700,80,19,-4,81
14469210,36,39,1,80
14469720,70,6,5,75
14470230,26,51,-1,76
14470740,48,10,-12,88
14471250,76,30,11,77
14471760,32,50,2,75
14472270,54,9,-5,80
14472780,68,29,-3,83
14473290,82,49,4,79
14473800,96,87,6,73
14474310,101,22,-6,79
14474820,57,38,1,78
14475330,58,5,-3,81
14475840,71,50,1,80
14476350,50,12,1,79
14476860,64,32,-1,80
14477370,78,52,4,76
14477880,83,19,1,75
14478390,39,39,-7,82
14478900,18,6,-4,86
14479410,39,90,8,78
14479920,61,68,1,77
14480430,66,58,-6,83
14480940,45,48,3,80
14481450,24,15,-2,82
14481960,58,99,9,73
14482470,35,51,1,72
14482980,56,18,-9,81
14483490,34,38,-2,83
14484000,68,5,7,76
14484510,42,21,-6,82
14485020,56,41,2,80
14485530,57,8,8,72
14486040,70,28,-5,77
14486550,84,48,-5,82
14487060,98,86,5,77
14487570,1,21,-2,79
14488080,23,72,-1,80
14488590,45,50,5,75
14489100,24,19,-9,84
14489610,58,90,7,77
14490120,35,49,1,76
14490630,56,18,1,75
14491140,12,38,-7,82
14491650,34,89,2,80
14492160,56,67,-1,81
14492670,35,36,-3,84
14493180,69,3,11,73
14493690,43,48,-4,77
14494200,22,15,-5,82
14494710,56,84,3,79
14495220,22,43,2,77
14495730,44,2,-4,81
14496240,72,22,7,74
14496750,28,42,-7,81
14497260,51,9,-2,83
14497770,65,29,5,78
14498280,79,49,7,71
14498790,93,51,-7,78
14499300,5,83,0,78
14499810,44,18,-5,83
14500320,72,0,5,78
14500830,24,19,-7,85
14501340,58,90,4,81
14501850,35,49,4,77
14502360,56,16,-2,79
14502870,70,36,0,79
14503380,84,56,5,74
14503890,63,18,-6,80
14504400,19,38,-3,83
14504910,41,100,7,76
14505420,63,59,5,71
14505930,42,49,-6,77
14506440,21,16,-9,86
14506950,55,87,10,76
14507460,32,46,-1,77
14507970,53,15,-2,79
14508480,67,35,5,74
14508990,81,55,-1,75
14509500,31,17,-4,79
14510010,16,101,-5,84
14510520,55,60,10,74
14511030,62,29,0,74
14511540,76,49,3,71
14512050,81,69,-1,72
14512560,58,31,-5,77
14513070,72,51,-5,82
14513580,51,71,9,73
14514090,72,40,-5,78
14514600,86,60,3,75
14515110,65,22,-3,78
14515620,21,42,-3,81
14516130,43,11,2,79
14516640,71,31,0,79
14517150,85,51,-2,81
14517660,37,89,1,80
14518170,59,10,2,78
14518680,73,30,-1,79
14519190,87,50,2,77
14519700,101,88,-3,80
14520210,4,23,1,79
14520720,94,74,-3,82
14521230,42,36,0,82
14521740,76,5,3,79
14522250,50,25,-1,80
14522760,64,7,1,79
14523270,77,27,-1,80
14523780,91,47,0,80
14524290,3,85,-1,81
14524800,42,20,-2,83
14525310,56,2,9,74
14525820,69,27,-1,75
14526330,83,47,-2,77
14526840,97,85,-3,80
14527350,76,20,8,72
14527860,32,40,-6,78
14528370,66,9,0,78
14528880,22,34,-1,79
14529390,45,1,1,78
14529900,58,26,-5,83
14530410,72,46,7,76
14530920,77,66,6,70
14531430,56,28,-16,86
14531940,70,10,10,76
14532450,26,30,-7,83
14532960,60,101,10,73
14533470,37,60,-6,79
14533980,59,19,-2,81
14534490,15,39,6,75
14535000,37,6,-3,78
14535510,65,31,-6,84
14536020,79,51,15,69
14536530,93,40,-9,78
14537040,5,60,-7,85
14537550,15,9,4,81
14538060,38,93,1,80
14538570,60,71,5,75
14539080,37,40,-7,82
14539590,71,9,1,81
14540100,27,34,2,79
14540610,61,1,0,79
14541120,35,26,-1,80
14541630,69,95,1,79
14542140,46,31,-2,81
14542650,25,100,-2,83
14543160,47,62,8,75
14543670,68,29,-11,86
14544180,82,11,6,80
14544690,38,56,3,77
14545200,87,23,-1,78
14545710,43,43,1,77
14546220,22,10,-5,82
14546730,56,94,5,77
14547240,33,2,-4,81
14547750,46,27,-4,85
14548260,47,9,3,82
14548770,61,34,-4,86
14549280,75,56,14,72
14549790,54,18,-5,77
14550300,68,38,-4,81
14550810,82,58,5,76
14551320,61,20,-6,82
14551830,75,40,6,76
14552340,89,60,-6,82
14552850,68,22,3,79
14553360,82,42,-2,81
14553870,96,80,6,75
14554380,101,15,-3,78
14554890,53,52,6,72
14555400,32,19,-15,87
14555910,66,1,18,69
14556420,40,46,-8,77
14556930,19,15,-9,86
14557440,42,99,-1,87
14557950,77,77,15,72
14558460,35,67,-2,74
14558970,57,26,-13,87
14559480,71,8,13,74
14559990,27,28,-8,82
14560500,61,99,9,73
14561010,38,58,-4,77
14561520,87,25,-4,81
14562030,43,63,5,76
14562540,65,30,-5,81
14563050,79,50,5,76
14563560,93,70,-4,80
14564070,70,32,-8,88
14564580,84,52,9,79
14565090,98,54,-9,88
14565600,10,92,6,82
14566110,49,27,-4,86
14566620,63,9,5,81
14567130,77,29,-6,87
14567640,91,49,4,83
14568150,3,87,2,81
14568660,42,46,3,78
14569170,21,13,-4,82
14569680,44,97,6,76
14570190,21,75,-8,84
14570700,43,10,-2,86
14571210,71,35,6,80
14571720,85,55,-2,82
14572230,99,75,8,74
14572740,76,37,-1,75
14573250,90,57,-2,77
14573760,2,19,-6,83
14574270,92,70,3,80
14574780,97,32,-3,83
14575290,9,52,-5,88
14575800,31,1,9,79
14576310,46,26,2,77
14576820,60,8,2,75
14577330,16,28,-7,82
14577840,39,17,3,79
14578350,53,37,-5,84
14578860,32,19,3,81
14579370,66,1,5,76
14579880,54,46,-4,80
14580390,33,13,-3,83
14580900,62,33,2,81
14581410,76,53,6,75
14581920,55,2,-3,78
14582430,68,47,2,76
14582940,73,9,1,75
14583450,29,54,-4,79
14583960,39,21,-3,82
14584470,73,3,3,79
14584980,47,48,4,75
14585490,26,15,-7,82
14586000,60,99,7,75
14586510,37,58,4,71
14587020,71,25,-9,80
14587530,85,45,5,75
14588040,99,83,-1,76
14588550,78,18,-1,77
14589060,34,38,-9,86
14589570,68,27,-4,90
14590080,82,47,10,80
14590590,96,85,-2,82
14591100,73,20,7,75
14591610,36,40,-5,80
14592120,15,9,-5,85
14592630,38,93,3,82
14593140,73,71,5,77
14593650,78,6,-1,78
14594160,70,51,-1,79
14594670,49,13,-5,84
14595180,63,33,-2,86
14595690,77,15,12,74
14596200,33,35,-7,81
14596710,67,2,7,74
14597220,55,47,-2,76
14597730,34,14,-8,84
14598240,35,34,8,76
14598750,69,3,-3,79
14599260,43,28,-6,85
14599770,77,10,5,80
14600280,33,55,5,75
14600790,43,14,-3,78
14601300,57,34,0,78
14601810,71,85,6,72
14602320,48,75,0,72
14602830,25,34,-9,81
14603340,48,1,0,81
14603850,61,26,-1,82
14604360,75,46,3,79
14604870,89,84,-4,83
14605380,95,19,7,76
14605890,51,39,-10,86
14606400,85,6,7,79
14606910,59,22,6,73
14607420,73,42,-6,79
14607930,87,62,5,74
14608440,66,24,-11,85
14608950,80,44,6,79
14609460,21,82,-7,86
14609970,24,17,6,80
14610480,58,101,-1,81
14610990,35,60,11,70
14611500,12,92,-10,80
14612010,51,27,-3,83
14612520,65,47,9,74
14613030,70,9,-3,77
14613540,26,54,-1,78
14614050,36,74,4,74
14614560,46,97,-4,78
14615070,23,18,-9,87
14615580,86,0,7,80
14616090,60,88,7,73
14616600,37,47,-10,83
14617110,71,14,4,79
14617620,27,52,0,79
14618130,37,54,-2,81
14618640,86,21,-2,83
14619150,42,41,3,80
14619660,76,10,4,76
14620170,26,30,-7,83
14620680,60,101,7,76
14621190,37,60,2,74
14621700,47,27,-8,82
14622210,61,9,-2,84
14622720,75,34,9,75
14623230,89,72,-4,79
14623740,94,34,-1,80
14624250,6,72,1,79
14624760,45,7,-9,88
14625270,73,32,7,81
14625780,87,70,4,77
14626290,64,32,-10,87
14626800,78,70,16,71
14627310,57,32,-9,80
14627820,71,14,3,77
14628330,27,34,-4,81
14628840,50,1,-3,84
14629350,63,26,1,83
14629860,77,7,5,78
14630370,51,52,-2,80
14630880,30,19,-5,85
14631390,64,1,11,74
14631900,38,26,-14,88
14632410,72,8,19,69
14632920,64,53,-7,76
14633430,69,15,-6,82
14633940,83,35,7,75
14634450,97,73,-5,80
14634960,0,35,1,79
14635470,64,86,6,73
14635980,85,3,-3,76
14636490,59,48,-1,77
14637000,64,15,0,77
14637510,78,35,-6,83
14638020,92,55,7,76
14638530,4,17,-5,81
14639040,66,68,-1,82
14639550,71,30,0,82
14640060,85,50,7,75
14640570,99,83,-3,78
14641080,2,18,-5,83
14641590,92,69,3,80
14642100,50,31,-7,87
14642610,84,13,21,66
14643120,40,58,-8,74
14643630,61,25,-6,80
14644140,75,45,5,75
14644650,89,65,3,72
14645160,94,27,-10,82
14645670,50,47,7,75
14646180,55,14,-8,83
14646690,69,34,8,75
14647200,83,54,2,73
14647710,41,16,-7,80
14648220,69,36,3,77
14648730,83,56,-2,79
14649240,24,76,-5,84
14649750,27,54,4,80
14650260,76,13,1,79
14650770,32,38,-4,83
14651280,66,5,9,74
14651790,62,30,-8,82
14652300,76,50,9,73
14652810,53,70,-5,78
14653320,74,37,5,73
14653830,88,57,-10,83
14654340,93,77,4,79
14654850,70,39,5,74
14655360,84,59,-3,77
14655870,42,21,-3,80
14656380,43,3,-8,88
14656890,56,28,7,81
14657400,70,48,0,81
14657910,28,15,3,78
14658420,62,84,4,74
14658930,39,53,-2,76
14659440,18,20,-7,83
14659950,52,91,3,80
14660460,29,12,-1,81
14660970,30,96,-2,83
14661480,65,74,12,71
14661990,23,43,-13,84
14662500,72,12,2,82
14663010,28,32,-5,87
14663520,62,21,6,81
14664030,76,41,5,76
14664540,90,61,1,75
14665050,77,23,-8,83
14665560,51,43,-3,86
14666070,85,10,5,81
14666580,77,55,6,75
14667090,35,17,-6,81
14667600,60,101,3,78
14668110,37,60,3,75
14668620,14,19,-13,88
14669130,37,8,3,85
14669640,38,33,8,77
14670150,72,0,4,73
14670660,46,20,-11,84
14671170,71,40,2,82
14671680,85,22,-3,85
14672190,41,42,7,78
14672700,75,9,-2,80
14673210,67,54,6,74
14673720,25,21,-10,84
14674230,59,10,11,73
14674740,15,30,-6,79
14675250,64,81,2,77
14675760,85,50,-9,86
14676270,62,32,10,76
14676780,76,14,3,73
14677290,32,34,-9,82
14677800,66,1,12,70
14678310,40,21,-16,86
14678820,74,3,8,78
14679330,48,23,-1,79
14679840,62,5,6,73
14680350,36,25,-9,82
14680860,61,7,3,79
14681370,57,27,-3,82
14681880,71,47,6,76
14682390,70,29,-5,81
14682900,84,49,5,76
14683410,71,69,3,73
14683920,29,31,-6,79
14684430,63,35,-7,86
14684940,77,17,13,73
14685450,33,37,-14,87
14685960,67,6,14,73
14686470,41,26,-10,83
14686980,66,8,1,82
14687490,62,28,-7,89
14688000,76,10,8,81
14688510,68,30,1,80
14689020,82,50,5,75
14689530,69,39,-4,79
14690040,83,21,-3,82
14690550,39,41,1,81
14691060,73,10,5,76
14691570,86,30,-3,79
14692080,100,50,-7,86
14692590,12,52,4,82
14693100,34,1,-11,93
14693610,49,26,20,73
14694120,63,8,-1,74
14694630,19,28,-7,81
14695140,42,17,-6,87
14695650,43,101,2,85
14696160,20,79,-3,88
14696670,23,89,8,80
14697180,73,24,-2,82
14697690,29,5,2,80
14698200,30,89,-2,82
14698710,33,67,7,75
14699220,43,90,-3,78
14699730,20,11,1,77
14700240,54,95,2,75
14700750,31,12,-7,82
14701260,32,96,-2,84
14701770,82,74,6,78
14702280,59,36,-4,82
14702790,73,18,2,80
14703300,29,38,9,71
14703810,88,7,-5,76
14704320,62,52,1,75
14704830,67,14,-2,77
14705340,23,34,-2,79
14705850,46,3,3,76
14706360,59,28,-4,80
14706870,73,10,3,77
14707380,29,30,-3,80
14707890,63,12,-5,85
14708400,77,95,10,75
14708910,54,85,-1,76
14709420,31,44,0,76
14709930,52,11,-6,82
14710440,66,36,6,76
14710950,80,18,0,76
14711460,36,38,-5,81
14711970,88,7,1,80
14712480,62,52,2,78
14712990,67,14,0,78
14713500,23,34,-3,81
14714010,24,3,-2,83
14714520,39,23,-1,84
14715030,24,5,-3,87
14715540,39,89,3,84
14716050,42,67,5,79
14716560,19,69,-6,85
14717070,22,4,3,82
14717580,37,88,4,78
14718090,14,9,1,77
14718600,76,93,2,75
14719110,53,28,-9,84
14719620,67,10,4,80
14720130,23,30,-5,85
14720640,46,101,1,84
14721150,67,22,2,82
14721660,23,42,3,79
14722170,72,44,-1,80
14722680,77,26,3,77
14723190,33,46,0,77
14723700,58,15,-6,83
14724210,72,98,8,75
14724720,49,23,-6,81
14725230,63,5,6,75
14725740,59,30,-7,82
14726250,73,12,7,75
14726760,29,32,-9,84
14727270,63,1,9,75
14727780,59,26,-5,80
14728290,73,7,6,74
14728800,65,32,-9,83
14729310,79,14,1,82
14729820,35,34,6,76
14730330,87,3,-2,78
14730840,61,29,-2,80
14731350,75,11,4,76
14731860,31,31,-10,86
14732370,65,13,6,80
14732880,21,96,2,78
14733390,71,31,0,78
14733900,85,12,-1,79
14734410,77,32,2,77
14734920,91,13,1,76
14735430,47,39,-6,82
14735940,26,1,-3,85
14736450,41,85,1,84
14736960,62,6,4,80
14737470,58,31,-1,81
14737980,72,13,3,78
14738490,28,96,-5,83
14739000,63,31,1,82
14739510,77,13,8,74
14740020,33,15,-9,83
14740530,58,99,9,74
14741040,35,58,-5,79
14741550,70,89,8,71
14742060,47,48,-7,78
14742570,26,17,-5,83
14743080,60,101,6,77
14743590,37,60,3,74
14744100,58,19,-7,81
14744610,72,0,7,74
14745120,46,88,-6,80
14745630,23,9,-6,86
14746140,44,93,5,81
14746650,21,71,-8,89
14747160,24,74,6,83
14747670,27,9,0,83
14748180,42,93,2,81
14748690,19,52,-1,82
14749200,68,55,4,78
14749710,26,17,0,78
14750220,51,101,-5,83
14750730,28,22,1,82
14751240,62,4,8,74
14751750,58,75,-3,77
14752260,79,44,4,73
14752770,93,26,-1,74
14753280,49,28,-10,84
14753790,74,10,2,82
14754300,66,26,7,75
14754810,80,7,-2,77
14755320,76,23,3,74
14755830,32,25,-8,82
14756340,57,7,1,81
14756850,70,32,2,79
14757360,84,13,-1,80
14757870,40,58,3,77
14758380,61,25,-2,79
14758890,75,6,4,75
14759400,71,32,0,75
14759910,85,13,-3,78
14760420,41,29,0,78
14760930,75,11,1,77
14761440,31,99,-5,82
14761950,66,77,9,73
14762460,43,67,-6,79
14762970,92,26,0,79
14763480,4,28,-3,82
14763990,26,79,0,82
14764500,29,57,11,71
14765010,39,88,-6,77
14765520,5,66,-11,88
14766030,95,1,6,82
14766540,69,89,8,74
14767050,46,48,-4,78
14767560,51,15,-4,82
14768070,65,98,8,74
14768580,42,2,-13,87
14769090,55,27,6,81
14769600,69,9,3,78
14770110,65,97,2,76
14770620,42,56,-3,79
14771130,63,25,-1,80
14771640,77,6,4,76
14772150,73,94,0,76
14772660,50,56,-5,81
14773170,29,23,2,79
14773680,63,92,8,71
14774190,40,51,-4,75
14774700,19,18,-4,79
14775210,79,61,7,72
14775720,37,23,-11,83
14776230,62,5,-3,86
14776740,58,30,6,80
14777250,72,12,11,69
14777760,28,38,-12,81
14778270,62,7,5,76
14778780,18,32,-8,84
14779290,41,101,1,83
14779800,91,79,2,81
14780310,49,41,-2,83
14780820,70,3,11,72
14781330,44,91,-6,78
14781840,83,69,3,75
14782350,41,31,-8,83
14782860,2,13,1,82
14783370,64,10,2,80
14783880,20,93,-7,87
14784390,70,28,9,78
14784900,84,9,-1,79
14785410,76,97,7,72
14785920,53,22,-7,79
14786430,67,42,-5,84
14786940,72,24,5,79
14787450,28,5,-8,87
14787960,43,89,4,83
14788470,66,48,4,79
14788980,45,10,-5,84
14789490,73,30,8,76
14790000,72,11,-3,79
14790510,28,99,-2,81
14791020,78,34,-2,83
14791530,92,16,2,81
14792040,48,2,-1,82
14792550,61,27,5,77
14793060,75,9,-1,78
14793570,31,80,-7,85
14794080,70,83,14,71
14794590,47,73,-1,72
14795100,24,32,-13,85
14795610,76,1,10,75
14796120,50,89,3,72
14796630,27,48,-6,78
14797140,76,7,-1,79
14797650,64,95,3,76
14798160,41,54,-1,77
14798670,7,23,-1,78
14799180,97,74,-7,85
14799690,89,36,2,83
14800200,1,56,0,83
14800710,71,59,10,73
14801220,50,21,-6,79
14801730,64,29,-5,84
14802240,64,49,4,80
14802750,38,11,3,77
14803260,39,31,-8,85
14803770,69,13,14,71
14804280,25,96,-8,79
14804790,75,74,-2,81
14805300,54,36,-3,84
14805810,55,18,-4,88
14806320,69,38,7,81
14806830,83,20,-1,82
14807340,39,40,5,77
14807850,74,9,2,75
14808360,30,97,-9,84
14808870,65,56,4,80
14809380,39,45,-5,85
14809890,13,34,2,83
14810400,8,85,1,82
14810910,47,20,6,76
14811420,61,40,-6,82
14811930,62,22,5,77
14812440,76,42,1,76
14812950,90,24,-8,84
14813460,46,44,4,80
14813970,81,13,6,74
14814480,37,101,-15,89
14814990,72,79,15,74
14815500,49,41,-7,81
14816010,54,3,8,73
14816520,67,28,-10,83
14817030,81,9,2,81
14817540,37,97,-2,83
14818050,72,75,6,77
14818560,49,37,-5,82
14819070,70,4,7,75
14819580,44,92,-2,77
14820090,79,70,-2,79
14820600,58,32,-4,83
14821110,72,14,8,75
14821620,2,97,-3,78
14822130,41,32,-11,89
14822640,66,14,12,77
14823150,22,34,-2,79
14823660,45,1,-7,86
14824170,58,26,5,81
14824680,8,46,-1,82
14825190,18,49,1,81
14825700,67,52,12,69
14826210,25,14,-14,83
14826720,40,98,-1,84
14827230,75,76,7,77
14827740,54,11,-3,80
14828250,74,31,-1,81
14828760,88,51,-5,86
14829270,0,89,14,72
14829780,56,24,-17,89
14830290,70,81,6,83
14830800,91,50,1,82
14831310,3,88,1,81
14831820,42,23,3,78
14832330,67,5,2,76
14832840,23,93,-5,81
14833350,73,71,3,78
14833860,31,33,-8,86
14834370,56,2,11,75
14834880,52,27,-9,84
14835390,66,9,4,80
14835900,22,97,1,79
14836410,61,75,2,77
14836920,38,44,-4,81
14837430,87,13,2,79
14837940,43,50,-4,83
14838450,92,19,1,82
14838960,48,56,4,78
14839470,69,25,-5,83
14839980,25,45,2,81
14840490,74,34,3,78
14841000,88,54,3,75
14841510,75,43,-4,79
14842020,89,25,0,79
14842530,45,62,5,74
14843040,24,31,-9,83
14843550,86,0,2,81
14844060,60,88,2,79
14844570,37,47,2,77
14845080,86,16,-2,79
14845590,42,2,-3,82
14846100,67,27,3,79
14846610,81,47,-2,81
14847120,86,85,0,81
14847630,84,20,2,79
14848140,40,57,3,76
14848650,61,26,-7,83
14849160,75,8,5,78
14849670,31,34,-7,85
14850180,56,3,7,78
14850690,69,28,4,74
14851200,83,48,-8,82
14851710,97,68,2,80
14852220,6,30,0,80
14852730,16,81,-2,82
14853240,55,16,3,79
14853750,69,36,-10,89
14854260,83,18,8,81
14854770,39,38,2,79
14855280,64,5,5,74
14855790,20,93,-9,83
14856300,59,55,6,77
14856810,64,17,4,73
14857320,20,37,-11,84
14857830,69,98,11,73
14858340,46,57,-6,79
14858850,67,26,0,79
14859360,81,46,-2,81
14859870,95,28,3,78
14860380,51,65,0,78
14860890,72,34,5,73
14861400,86,36,-9,82
14861910,100,74,6,76
14862420,9,36,-3,79
14862930,19,87,-6,85
14863440,58,22,4,81
14863950,72,42,-4,85
14864460,86,24,5,80
14864970,42,61,5,75
14865480,63,20,-10,85
14865990,77,40,4,81
14866500,91,22,1,80
14867010,47,31,-3,83
14867520,72,13,6,77
14868030,28,101,-1,78
14868540,67,60,0,78
14869050,46,22,-2,80
14869560,60,4,1,79
14870070,56,92,7,72
14870580,33,51,-3,75
14871090,68,18,-2,77
14871600,24,38,-4,81
14872110,73,5,5,76
14872620,29,93,-4,80
14873130,64,71,6,74
14873640,22,40,-5,79
14874150,71,7,5,74
14874660,27,95,-6,80
14875170,62,54,6,74
14875680,41,16,-8,82
14876190,66,36,3,79
14876700,80,18,-3,82
14877210,43,4,0,82
14877720,71,29,2,80
14878230,85,49,4,76
14878740,99,87,-6,82
14879250,8,49,2,80
14879760,18,86,-4,84
14880270,57,48,5,79
14880780,31,15,-6,85
14881290,56,99,11,74
14881800,67,58,-3,77
14882310,46,20,-3,80
14882820,60,2,5,75
14883330,56,90,0,75
14883840,33,49,-7,82
14884350,54,16,-2,84
14884860,68,100,8,76
14885370,45,59,-1,77
14885880,66,28,-3,80
14886390,80,48,1,79
14886900,67,30,1,78
14887410,81,50,4,74
14887920,68,70,1,73
14888430,73,39,-12,85
14888940,87,21,9,76
14889450,43,58,4,72
14889960,64,25,-6,78
14890470,78,45,2,76
14890980,92,27,-8,84
14891490,48,64,9,75
14892000,69,33,-1,76
14892510,83,53,-4,80
14893020,84,15,-3,83
14893530,40,1,2,81
14894040,56,26,3,78
14894550,70,46,3,75
14895060,81,39,-8,83
14895570,95,59,3,80
14896080,7,21,1,79
14896590,2,72,0,79
14897100,43,7,-10,89
14897610,58,27,6,83
14898120,72,9,7,76
14898630,28,97,-13,89
14899140,63,32,9,80
14899650,77,14,6,74
14900160,33,0,-7,81
14900670,48,25,2,79
14901180,62,7,-1,80
14901690,18,27,1,79
14902200,67,96,-1,80
14902710,44,55,8,72
14903220,65,22,-4,76
14903730,79,42,1,75
14904240,93,62,-5,80
14904750,80,24,-1,81
14905260,36,44,8,73
14905770,57,13,-7,80
14906280,71,33,9,71
14906790,85,53,-8,79
14907300,72,46,4,75
14907810,73,39,-6,81
14908320,87,59,3,78
14908830,98,21,1,77
14909340,34,58,3,74
14909850,44,17,-11,85
14910360,58,101,10,75
14910870,35,60,2,73
14911380,45,19,-14,87
14911890,60,39,7,80
14912400,61,32,0,80
14912910,75,14,6,74
14913420,26,34,-10,84
14913930,49,49,9,75
14914440,54,18,-10,85
14914950,68,38,2,83
14915460,82,20,8,75
14915970,38,40,-5,80
14916480,64,9,-3,83
14916990,78,29,2,81
14917500,92,49,4,77
14918010,4,87,-4,81
14918520,43,22,-4,85
14919030,58,4,6,79
14919540,14,29,-3,82
14920050,63,72,11,71
14920560,84,41,-16,87
14921070,98,79,8,79
14921580,17,41,1,78
14922090,39,92,-3,81
14922600,60,70,9,72
14923110,37,39,-11,83
14923620,89,8,4,79
14924130,85,34,-1,80
14924640,99,54,-3,83
14925150,11,92,2,81
14925660,50,27,0,81
14926170,64,9,0,81
14926680,78,97,4,77
14927190,99,86,4,73
14927700,57,21,-5,78
14928210,71,3,3,75
14928720,67,91,-1,76
14929230,88,50,-1,77
14929740,0,32,-3,80
14930250,10,83,-7,87
14930760,49,18,1,86
14931270,63,0,9,77
14931780,59,88,4,73
14932290,36,47,-4,77
14932800,57,16,-1,78
14933310,71,36,-3,81
14933820,85,18,3,78
14934330,41,4,-16,94
14934840,56,88,16,78
14935350,33,47,3,75
14935860,54,16,-4,79
14936370,68,36,-8,87
14936880,82,18,7,80
14937390,38,38,-1,81
14937900,59,7,2,79
14938410,73,27,2,77
14938920,87,47,-3,80
14939430,101,85,2,78
14939940,20,20,-1,79
14940450,35,91,1,78
14940960,70,69,3,75
14941470,28,38,-10,85
14941980,54,7,9,76
14942490,68,27,-3,79
14943000,82,47,1,78
14943510,96,29,-1,79
14944020,8,66,-3,82
14944530,47,1,2,80
14945040,61,26,-4,84
14945550,75,8,9,75
14946060,71,96,2,73
14946570,92,55,-2,75
14947080,4,44,-11,86
14947590,26,47,9,77
14948100,36,32,1,76
14948610,62,1,-3,79
14949120,51,89,3,76
14949630,86,67,-2,78
14950140,91,29,-4,82
14950650,3,67,5,77
14951160,42,2,1,76
14951670,70,22,-4,80
14952180,84,42,1,79
14952690,98,80,1,78
14953200,7,15,-5,83
14953710,30,58,5,78
14954220,79,17,0,78
14954730,93,37,-3,81
14955240,5,75,5,76
14955750,44,10,-4,80
14956260,72,30,-3,83
14956770,86,50,8,75
14957280,100,88,-2,77
14957790,19,23,-2,79
14958300,45,92,-4,83
14958810,80,95,7,76
14959320,101,5,-10,86
14959830,75,93,9,77
14960340,96,18,-5,82
14960850,8,44,1,81
14961360,30,95,-3,84
14961870,33,73,6,78
14962380,55,76,4,74
14962890,76,35,-8,82
14963400,90,55,4,78
14963910,2,44,-1,79
14964420,24,95,0,79
14964930,74,73,3,76
14965440,32,42,-8,84
14965950,62,11,8,76
14966460,14,31,-3,79
14966970,63,74,0,79
14967480,84,43,-1,80
14967990,98,81,1,79
14968500,1,16,1,78
14969010,57,67,6,72
14969520,78,58,-3,75
14970030,55,20,-6,81
14970540,69,2,5,76
14971050,65,90,3,73
14971560,42,49,-5,78
14972070,63,18,-1,79
14972580,77,38,6,73
14973090,91,43,-14,87
14973600,3,81,4,83
14974110,53,16,1,82
14974620,67,100,4,78
14975130,44,59,0,78
14975640,65,28,-1,79
14976150,79,48,6,73
14976660,93,37,-7,80
14977170,5,75,5,75
14977680,61,10,-8,83
14978190,75,30,2,81
14978700,89,50,2,79
14979210,1,88,3,76
14979720,57,23,-9,85
14980230,71,5,7,78
14980740,67,93,1,77
14981250,44,52,-1,78
14981760,65,21,1,77
14982270,79,41,-1,78
14982780,93,79,-3,81
14983290,51,14,1,80
14983800,65,34,1,79
14984310,79,46,-2,81
14984820,93,28,3,78
14985330,5,65,-1,79
14985840,27,0,-8,87
14986350,42,20,-1,88
14986860,57,2,18,70
14987370,71,22,-5,75
14987880,85,42,-14,89
14988390,99,80,17,72
14988900,2,15,-6,78
14989410,3,66,3,75
14989920,25,1,-7,82
14990430,40,85,2,80
14990940,75,63,2,78
14991450,33,25,-9,87
14991960,58,7,12,75
14992470,72,27,0,75
14992980,86,47,-5,80
14993490,100,85,1,79
14994000,19,20,-1,80
14994510,45,9,-2,82
14995020,59,93,7,75
14995530,70,52,4,71
14996040,28,14,-15,86
14996550,43,98,5,81
14997060,78,76,4,77
14997570,36,38,-8,85
14998080,62,58,13,72
14998590,20,27,-13,85
14999100,46,16,0,85
14999610,60,100,3,82
15000120,65,78,10,72
15000630,86,47,-8,80
15001140,100,85,-2,82
15001650,19,20,-2,84
15002160,45,9,4,80
15002670,59,29,-2,82
15003180,73,11,3,79
15003690,87,99,-2,81
15004200,6,34,0,81
15004710,28,85,-3,84
15005220,50,63,10,74
15005730,71,32,-11,85
15006240,85,52,6,79
15006750,99,90,5,74
15007260,2,25,-3,77
15007770,24,76,-5,82
15008280,46,54,3,79
15008790,67,23,-3,82
15009300,81,43,5,77
15009810,95,81,2,75
15010320,53,16,-2,77
15010830,67,36,-6,83
15011340,81,18,3,80
15011850,95,38,-2,82
15012360,7,75,0,82
15012870,29,10,5,77
15013380,41,30,-12,89
15013890,66,12,10,79
15014400,80,32,2,77
15014910,94,70,-3,80
15015420,99,5,1,79
15015930,73,42,0,79
15016440,87,24,-3,82
15016950,101,44,-2,84
15017460,13,82,0,84
15017970,52,17,0,84
15018480,66,37,-2,86
15018990,80,19,6,80
15019500,94,5,2,78
15020010,68,42,-3,81
15020520,82,24,1,80
15021030,96,61,3,77
15021540,8,23,-3,80
15022050,30,74,-4,84
15022560,52,52,7,77
15023070,57,21,-5,82
15023580,71,41,1,81
15024090,85,79,7,74
15024600,43,14,-8,82
15025110,57,34,5,77
15025620,71,16,-3,80
15026130,85,36,2,78
15026640,99,74,0,78
15027150,2,9,-8,86
15027660,25,6,1,85
15028170,37,90,2,83
15028680,66,68,8,75
15029190,87,37,-10,85
15029700,101,75,4,81
15030210,20,10,-1,82
15030720,32,94,-1,83
15031230,61,72,15,68
15031740,82,41,-6,74
15032250,96,79,-6,80
15032760,101,14,-7,87
15033270,97,51,2,85
15033780,9,89,8,77
15034290,65,24,-2,79
15034800,79,44,0,79
15035310,93,82,-1,80
15035820,98,17,2,78
15036330,10,54,-2,80
15036840,32,57,5,75
15037350,53,24,-5,80
15037860,67,44,0,80
15038370,81,37,3,77
15038880,95,75,-3,80
15039390,53,37,-12,92
15039900,49,19,7,85
15040410,70,39,11,74
15040920,84,77,-2,76
15041430,42,12,-6,82
15041940,56,32,1,81
15042450,70,14,3,78
15042960,84,34,-5,83
15043470,98,72,4,79
15043980,56,7,-2,81
15044490,70,27,1,80
15045000,84,47,-3,83
15045510,98,85,1,82
15046020,1,20,5,77
15046530,23,71,-4,81
15047040,45,49,4,77
15047550,66,18,1,76
15048060,80,38,0,76
15048570,94,76,-2,78
15049080,52,11,-4,82
15049590,66,31,1,81
15050100,80,51,8,73
15050610,94,13,0,73
15051120,6,50,-7,80
15051630,16,53,-4,84
15052140,38,56,8,76
15052650,59,25,-6,82
15053160,73,45,9,73
15053670,87,38,-5,78
15054180,101,76,5,73
15054690,4,11,-5,78
15055200,66,62,0,78
15055710,71,24,0,78
15056220,85,61,3,75
15056730,90,23,-5,80
15057240,2,60,-5,85
15057750,24,63,3,82
15058260,46,41,-2,84
15058770,59,61,10,74
15059280,64,51,-1,75
15059790,69,13,-2,77
15060300,83,33,-2,79
15060810,97,71,-4,83
15061320,55,6,3,80
15061830,69,26,-3,83
15062340,83,46,10,73
15062850,97,19,-4,77
15063360,9,56,-7,84
15063870,19,59,-2,86
15064380,41,62,9,77
15064890,62,31,-1,78
15065400,76,51,2,76
15065910,81,0,-7,83
15066420,55,73,9,74
15066930,76,32,-7,81
15067440,90,70,2,79
15067950,48,32,-2,81
15068460,61,101,6,75
15068970,66,79,-2,77
15069480,87,4,-4,81
15069990,83,92,2,79
15070500,88,27,0,79
15071010,0,64,6,73
15071520,56,101,-7,80
15072030,61,79,7,73
15072540,38,48,-3,76
15073050,59,17,-8,84
15073560,73,37,6,78
15074070,87,75,5,73
15074580,45,10,-12,85
15075090,58,30,-6,91
15075600,72,12,17,74
15076110,86,32,-10,84
15076620,100,70,12,72
15077130,87,5,-7,79
15077640,83,42,2,77
15078150,97,80,1,76
15078660,0,15,-5,81
15079170,56,66,6,75
15079680,22,35,-6,81
15080190,71,2,5,76
15080700,67,90,2,74
15081210,88,15,-4,78
15081720,0,1,-3,81
15082230,56,100,2,79
15082740,61,78,5,74
15083250,82,47,1,73
15083760,96,85,-3,76
15084270,54,20,-9,85
15084780,68,40,4,81
15085290,82,22,-2,83
15085800,96,59,6,77
15086310,8,96,-9,86
15086820,47,31,3,83
15087330,60,13,6,77
15087840,74,101,3,74
15088350,51,26,-8,82
15088860,65,8,1,81
15089370,61,34,2,79
15089880,75,16,-2,81
15090390,89,2,5,76
15090900,63,39,-2,78
15091410,77,61,3,75
15091920,35,23,-6,81
15092430,60,66,9,72
15092940,65,93,-2,74
15093450,42,52,-1,75
15093960,63,21,-6,81
15094470,77,41,-3,84
15094980,91,79,5,79
15095490,49,14,-2,81
15096000,63,34,4,77
15096510,77,16,2,75
15097020,91,2,-2,77
15097530,65,90,4,73
15098040,86,15,-7,80
15098550,100,41,-3,83
15099060,12,78,3,80
15099570,34,13,-5,85
15100080,46,33,8,77
15100590,71,0,4,73
15101100,45,88,-6,79
15101610,66,66,-2,81
15102120,71,56,-3,84
15102630,96,22,9,75
15103140,8,59,-6,81
15103650,30,96,-4,85
15104160,52,74,13,72
15104670,73,33,-12,84
15105180,87,71,4,80
15105690,45,6,-3,83
15106200,73,31,7,76
15106710,87,69,-5,81
15107220,45,31,-5,86
15107730,70,51,9,77
15108240,28,13,-5,82
15108750,43,33,-3,85
15109260,68,0,10,75
15109770,42,88,-3,78
15110280,77,66,-3,81
15110790,35,28,1,80
15111300,60,97,5,75
15111810,65,22,-3,78
15112320,79,42,-4,82
15112830,93,80,3,79
15113340,51,15,0,79
15113850,65,35,-2,81
15114360,79,17,3,78
15114870,35,3,-1,79
15115380,50,23,-5,84
15115890,64,5,6,78
15116400,60,93,-3,81
15116910,37,52,5,76
15117420,58,21,-4,80
15117930,72,41,4,76
15118440,86,79,-4,80
15118950,44,14,-2,82
15119460,56,34,1,81
15119970,70,54,1,80
15120480,28,16,-5,85
15120990,53,100,7,78
15121500,88,78,5,73
15122010,46,13,-9,82
15122520,74,33,0,82
15123030,88,71,7,75
15123540,46,6,-13,88
15124050,74,26,12,76
15124560,88,46,0,76
15125070,0,84,-5,81
15125580,39,62,5,76
15126090,60,93,5,71
15126600,81,18,-8,79
15127110,37,4,-6,85
15127620,52,82,12,73
15128130,87,41,-9,82
15128640,101,79,4,78
15129150,59,14,-8,86
15129660,73,34,10,76
15130170,87,72,-1,77
15130680,45,7,-7,84
15131190,59,27,2,82
15131700,73,47,8,74
15132210,86,9,-4,78
15132720,82,46,4,74
15133230,96,84,-5,79
15133740,54,19,-2,81
15134250,68,39,5,76
15134760,82,59,-4,80
15135270,40,21,3,77
15135780,52,3,-2,79
15136290,65,23,-5,84
15136800,79,43,5,79
15137310,93,81,0,79
15137820,51,16,-3,82
15138330,65,36,-1,83
15138840,79,56,9,74
15139350,37,93,-3,77
15139860,72,71,2,75
15140370,49,6,-6,81
15140880,62,31,-8,89
15141390,76,13,8,81
15141900,32,101,2,79
15142410,67,79,5,74
15142920,88,4,-5,79
15143430,62,92,1,78
15143940,83,51,4,74
15144450,97,13,-6,80
15144960,53,50,-2,82
15145470,74,70,-3,85
15145980,53,66,10,75
15146490,74,35,-7,82
15147000,88,55,5,77
15147510,75,92,6,71
15148020,96,17,-8,79
15148530,52,54,2,77
15149040,57,23,-6,83
15149550,71,43,7,76
15150060,85,81,0,76
15150570,43,16,-4,80
15151080,68,36,1,79
15151590,82,56,1,78
15152100,40,18,-4,82
15152610,52,38,4,78
15153120,77,58,0,78
15153630,35,95,-3,81
15154140,70,39,-1,82
15154650,84,59,10,72
15155160,42,96,-8,80
15155670,77,74,1,79
15156180,35,9,4,75
15156690,60,29,-4,79
15157200,74,49,6,73
15157710,99,42,-8,81
15158220,11,79,4,77
15158730,33,57,-1,78
15159240,43,16,-4,82
15159750,68,36,-5,87
15160260,82,18,10,77
15160770,38,38,-2,79
15161280,60,58,5,74
15161790,39,54,-1,75
15162300,60,13,-6,81
15162810,74,33,-4,85
15163320,88,53,8,77
15163830,75,91,1,76
15164340,96,16,-1,77
15164850,52,53,-1,78
15165360,57,22,-1,79
15165870,71,42,-4,83
15166380,85,62,8,75
15166890,62,99,-2,77
15167400,83,24,0,77
15167910,39,61,5,72
15168420,49,20,-11,83
15168930,77,40,7,76
15169440,91,78,0,76
15169950,49,13,-3,79
15170460,63,33,-1,80
15170970,77,53,7,73
15171480,54,90,-6,79
15171990,89,49,-1,80
15172500,1,87,1,79
15173010,40,22,-9,88
15173520,65,42,14,74
15174030,70,62,-1,75
15174540,28,99,-2,77
15175050,50,77,4,73
15175560,71,36,-6,79
15176070,85,56,0,79
15176580,72,93,2,77
15177090,93,18,-5,82
15177600,49,55,7,75
15178110,70,24,-4,79
15178620,84,61,3,76
15179130,42,101,-6,82
15179640,77,79,10,72
15180150,54,14,-12,84
15180660,68,34,5,79
15181170,6,54,-5,84
15181680,16,57,1,83
15182190,38,60,6,77
15182700,48,19,-3,80
15183210,62,39,1,79
15183720,75,32,2,77
15184230,89,70,7,70
15184740,47,5,-15,85
15185250,60,25,-1,86
15185760,74,45,7,79
15186270,61,65,5,74
15186780,40,6,-9,83
15187290,53,26,-2,85
15187800,67,46,10,75
15188310,25,39,-1,76
15188820,74,59,-5,81
15189330,32,96,8,73
15189840,67,74,-7,80
15190350,72,15,-8,88
15190860,86,52,15,73
15191370,73,89,0,73
15191880,50,79,-2,75
15192390,60,38,-3,78
15192900,74,58,3,75
15193410,32,95,-13,88
15193920,54,73,14,74
15194430,75,14,0,74
15194940,31,51,-6,80
15195450,41,18,-3,83
15195960,53,38,4,79
15196470,58,58,1,78
15196980,63,78,4,74
15197490,40,19,-11,85
15198000,52,39,4,81
15198510,57,6,2,79
15199020,70,26,5,74
15199530,26,46,-9,83
15200040,47,13,0,83
15200550,61,33,4,79
15201060,75,53,-9,88
15201570,33,15,0,88
15202080,45,35,5,83
15202590,70,2,10,73
15203100,66,90,1,72
15203610,43,49,-8,80
15204120,64,16,-2,82
15204630,78,53,0,82
15205140,55,39,3,79
15205650,56,59,6,73
15206160,35,28,-10,83
15206670,60,10,7,76
15207180,16,30,-10,86
15207690,39,99,3,83
15208200,74,77,4,79
15208710,51,12,-2,81
15209220,65,32,-4,85
15209730,79,52,11,74
15210240,66,14,1,73
15210750,22,51,-10,83
15211260,44,54,5,78
15211770,65,23,0,78
15212280,79,43,2,76
15212790,93,81,-5,81
15213300,51,16,-1,82
15213810,65,36,2,80
15214320,79,18,5,75
15214830,35,55,2,73
15215340,45,22,-6,79
15215850,58,42,1,78
15216360,71,62,-5,83
15216870,29,58,6,77
15217380,50,17,-4,81
15217890,64,37,1,80
15218400,78,57,8,72
15218910,55,19,-12,84
15219420,69,39,6,78
15219930,83,59,2,76
15220440,60,96,-4,80
15220950,37,15,0,80
15221460,49,35,-4,84
15221970,28,2,0,84
15222480,49,22,-2,86
15222990,62,42,3,83
15223500,63,62,8,75
15224010,42,82,-5,80
15224520,63,60,8,72
15225030,21,56,-11,83
15225540,43,59,6,77
15226050,64,26,-6,83
15226560,78,46,-3,86
15227070,92,66,8,78
15227580,50,1,-4,82
15228090,63,21,-2,84
15228600,77,98,16,68
15229110,54,57,-13,81
15229620,75,26,5,76
15230130,31,63,-3,79
15230640,41,83,5,74
15231150,62,61,-4,78
15231660,67,30,-6,84
15232170,81,50,6,78
15232680,82,73,-2,80
15233190,40,8,-4,84
15233700,65,28,4,80
15234210,79,48,4,76
15234720,66,85,4,72
15235230,87,44,-7,79
15235740,101,64,-3,82
15236250,88,101,3,79
15236760,7,36,-2,81
15237270,29,23,0,81
15237780,92,5,0,81
15238290,66,42,2,79
15238800,67,62,1,78
15239310,25,58,-3,81
15239820,35,61,9,72
15240330,45,20,-13,85
15240840,73,40,6,79
15241350,87,60,2,77
15241860,74,97,5,72
15242370,95,56,-6,78
15242880,82,93,0,78
15243390,1,3,-1,79
15243900,16,0,-10,89
15244410,37,84,13,76
15244920,59,62,-1,77
15245430,38,31,-2,79
15245940,63,100,7,72
15246450,40,59,-7,79
15246960,61,26,-3,82
15247470,75,46,3,79
15247980,62,66,-1,80
15248490,83,35,6,74
15249000,39,55,-7,81
15249510,60,22,5,76
15250020,74,42,0,76
15250530,88,62,0,76
15251040,46,99,-5,81
15251550,23,77,-4,85
15252060,45,12,-2,87
15252570,58,32,1,86
15253080,72,2,12,74
15253590,46,22,-8,82
15254100,59,42,0,82
15254610,84,62,9,73
15255120,42,84,-8,81
15255630,52,62,7,74
15256140,73,31,-7,81
15256650,87,51,4,77
15257160,101,37,-8,85
15257670,13,74,2,83
15258180,23,9,0,83
15258690,35,93,3,80
15259200,57,71,0,80
15259710,78,40,1,79
15260220,34,60,3,76
15260730,44,27,-5,81
15261240,57,9,0,81
15261750,70,29,-1,82
15262260,84,49,7,75
15262770,71,86,3,72
15263280,48,76,0,72
15263790,25,35,-13,85
15264300,46,2,1,84
15264810,59,27,1,83
15265320,73,47,5,78
15265830,60,67,2,76
15266340,41,36,-6,82
15266850,54,56,6,76
15267360,33,25,-7,83
15267870,58,7,10,73
15268380,71,27,-4,77
15268890,85,47,-5,82
15269400,99,67,2,80
15269910,86,2,-2,82
15270420,60,90,9,73
15270930,37,49,-2,75
15271440,58,16,-5,80
15271950,72,36,0,80
15272460,86,56,5,75
15272970,73,76,5,70
15273480,50,45,-14,84
15273990,71,14,9,75
15274500,27,34,-5,80
15275010,48,1,0,80
15275520,61,21,2,78
15276030,75,41,-2,80
15276540,89,23,2,78
15277050,45,43,1,77
15277560,66,10,-2,79
15278070,80,30,0,79
15278580,36,67,7,72
15279090,46,26,-15,87
15279600,71,8,10,77
15280110,27,28,-8,85
15280620,53,99,10,75
15281130,30,58,-1,76
15281640,40,17,-11,87
15282150,65,101,13,74
15282660,42,60,-7,81
15283170,63,29,-4,85
15283680,77,49,14,71
15284190,91,42,-9,80
15284700,3,79,3,77
15285210,13,14,-6,83
15285720,28,3,1,82
15286230,40,76,8,74
15286740,50,35,0,74
15287250,63,2,-8,82
15287760,59,0,5,77
15288270,55,20,-4,81
15288780,69,40,0,81
15289290,83,22,1,80
15289800,97,42,-3,83
15290310,9,79,6,77
15290820,19,14,-2,79
15291330,31,98,-3,82
15291840,53,57,6,76
15292350,58,26,-7,83
15292860,72,46,8,75
15293370,85,66,-2,77
15293880,46,1,3,74
15294390,59,21,-8,82
15294900,73,41,1,81
15295410,87,61,10,71
15295920,85,98,-4,75
15296430,4,57,-9,84
15296940,14,60,8,76
15297450,24,63,-4,80
15297960,34,66,7,73
15298470,44,25,-14,87
15298980,56,45,7,80
15299490,61,65,8,72
15300000,59,34,-15,87
15300510,73,54,9,78
15301020,47,76,3,75
