step_time,gneJ00_offset,gneJ9_offset,reward,queue_sum
1020,2,18,-7,85
1530,3,31,1,84
2040,4,95,2,82
2550,24,95,5,77
3060,25,86,2,75
3570,28,77,-4,79
4080,31,68,2,77
4590,5,59,0,77
5100,69,50,-6,83
5610,94,53,7,76
6120,17,73,2,74
6630,81,64,-4,78
7140,4,26,-9,87
7650,5,39,10,77
8160,69,1,-5,82
8670,45,20,5,77
9180,95,39,1,76
9690,18,28,-8,84
10200,70,41,-2,86
10710,79,44,-1,87
11220,13,57,6,81
11730,77,48,1,80
12240,14,68,3,77
12750,78,59,-4,81
13260,1,21,-2,83
13770,2,34,1,82
14280,66,98,3,79
14790,48,89,-5,84
15300,30,80,10,74
15810,12,71,-1,75
16320,47,62,1,74
16830,29,53,-5,79
17340,81,66,-5,84
17850,4,77,5,79
18360,24,68,4,75
18870,25,59,0,75
19380,101,50,2,73
19890,24,39,-9,82
20400,76,50,-1,83
20910,13,69,9,74
21420,14,60,-2,76
21930,78,51,-8,84
22440,1,52,6,78
22950,65,61,-1,79
23460,47,72,3,76
23970,29,63,-2,78
24480,54,54,-3,81
24990,36,65,11,70
25500,18,56,-11,81
26010,82,47,3,78
26520,91,67,-5,83
27030,14,29,3,80
27540,15,42,3,77
28050,79,4,-9,86
28560,55,23,6,80
29070,3,36,-3,83
29580,67,70,1,82
30090,49,81,5,77
30600,31,72,0,77
31110,5,63,6,71
31620,6,54,-10,81
32130,70,45,5,76
32640,7,46,-4,80
33150,71,55,-7,87
33660,96,66,9,78
34170,19,71,4,74
34680,83,62,-5,79
35190,6,24,-5,84
35700,7,37,2,82
36210,71,101,7,75
36720,53,92,-11,86
37230,35,83,7,79
37740,38,74,3,76
38250,20,65,0,76
38760,84,56,-8,84
39270,7,57,7,77
39780,71,48,-2,79
40290,96,49,-1,80
40800,3,10,-6,86
41310,4,23,10,76
41820,5,36,-11,87
42330,69,100,4,83
42840,51,91,5,78
43350,33,82,2,76
43860,36,73,6,70
44370,18,64,-12,82
44880,82,55,-2,84
45390,5,75,6,78
45900,25,66,5,73
46410,101,57,-7,80
46920,8,77,1,79
47430,9,68,0,79
47940,37,59,-2,81
48450,89,50,2,79
48960,98,70,1,78
49470,21,90,5,73
49980,22,81,0,73
50490,25,72,0,73
51000,28,63,2,71
51510,2,54,-3,74
52020,3,74,-6,80
52530,6,65,3,77
53040,7,56,0,77
53550,10,47,-5,82
54060,74,16,2,80
54570,91,87,-1,81
55080,12,98,2,79
55590,32,89,4,75
56100,35,80,-2,77
56610,38,71,3,74
57120,20,62,-6,80
57630,84,53,1,79
58140,93,73,6,73
58650,16,74,-3,76
59160,17,65,3,73
59670,81,56,-11,84
60180,4,57,3,81
60690,7,48,3,78
61200,71,17,-3,81
61710,88,88,-2,83
62220,9,24,-3,86
62730,10,37,4,82
63240,11,101,5,77
63750,31,92,6,71
64260,13,83,-6,77
64770,14,74,3,74
65280,15,65,-1,75
65790,79,56,-9,84
66300,2,57,6,78
66810,5,48,4,74
67320,69,39,-6,80
67830,91,42,-1,81
68340,11,31,-2,83
68850,75,44,3,80
69360,84,71,-7,87
69870,7,82,7,80
70380,27,73,1,79
70890,91,64,-1,80
71400,14,84,2,78
71910,15,75,1,77
72420,79,66,-3,80
72930,2,77,2,78
73440,22,68,2,76
73950,25,59,-2,78
74460,89,50,-4,82
74970,98,70,4,78
75480,21,90,2,76
75990,24,81,-3,79
76500,27,72,-3,82
77010,91,63,3,79
77520,14,83,5,74
78030,15,74,-1,75
78540,79,65,-7,82
79050,2,76,7,75
79560,22,16,-13,88
80070,61,55,12,76
80580,43,66,0,76
81090,25,57,-5,81
81600,89,48,0,81
82110,98,68,2,79
82620,35,88,6,73
83130,101,79,-11,84
83640,24,80,7,77
84150,27,71,-1,78
84660,1,62,1,77
85170,4,53,-3,80
85680,68,44,-8,88
86190,77,47,5,83
86700,14,45,2,81
87210,78,44,2,79
87720,87,64,-6,85
88230,10,65,7,78
88740,13,56,-6,84
89250,77,47,4,80
89760,86,67,2,78
90270,9,87,2,76
90780,29,78,0,76
91290,32,69,-3,79
91800,6,60,4,75
92310,9,51,-2,77
92820,73,42,2,75
93330,96,62,-2,77
93840,33,82,2,75
94350,15,73,3,72
94860,79,64,-11,83
95370,2,75,7,76
95880,22,66,3,73
96390,86,57,-11,84
96900,23,77,9,75
97410,87,68,-12,87
97920,10,69,11,76
98430,30,60,2,74
98940,12,51,-12,86
99450,76,20,5,81
99960,93,91,-4,85
100470,14,0,4,81
100980,53,39,5,76
101490,35,50,0,76
102000,87,63,-5,81
102510,10,83,-2,83
103020,30,74,15,68
103530,12,65,-3,71
104040,76,56,-12,83
104550,13,57,11,72
105060,77,48,-9,81
105570,14,68,9,72
106080,78,59,-9,81
106590,38,60,4,77
107100,20,51,-9,86
107610,29,50,10,76
108120,81,63,0,76
108630,4,64,0,76
109140,5,3,-8,84
109650,16,42,8,76
110160,80,41,-6,82
110670,1,68,9,73
111180,16,59,-5,78
111690,80,50,-3,81
112200,17,70,5,76
112710,81,61,-5,81
113220,18,62,0,81
113730,82,53,-5,86
114240,19,73,9,77
114750,83,64,-6,83
115260,6,65,8,75
115770,9,56,-3,78
116280,73,47,-9,87
116790,10,66,13,74
117300,74,57,-13,87
117810,11,68,9,78
118320,75,59,-9,87
118830,12,62,9,78
119340,76,53,-4,82
119850,13,54,5,77
120360,77,23,-9,86
120870,0,12,8,78
121380,11,36,-5,83
121890,75,35,1,82
122400,98,62,10,72
122910,19,82,-2,74
123420,20,73,-1,75
123930,84,64,-5,80
124440,21,65,3,77
124950,85,56,-3,80
125460,22,76,-3,83
125970,86,67,-2,85
126480,23,68,9,76
126990,87,59,-7,83
127500,24,79,13,70
128010,27,70,-2,72
128520,1,61,-2,74
129030,2,52,0,74
129540,66,43,-8,82
130050,66,62,7,75
130560,48,73,-6,81
131070,30,64,10,71
131580,12,55,-7,78
132090,76,46,-4,82
132600,99,66,2,80
133110,36,86,5,75
133620,18,77,2,73
134130,82,68,-11,84
134640,19,69,6,78
135150,83,60,-5,83
135660,20,61,9,74
136170,84,52,-6,80
136680,21,79,9,71
137190,24,70,-9,80
137700,88,61,-1,81
138210,25,81,9,72
138720,28,72,-2,74
139230,2,63,-4,78
139740,5,54,-7,85
140250,69,45,2,83
140760,6,48,4,79
141270,70,39,-2,81
141780,93,66,-4,85
142290,30,67,-1,86
142800,94,58,7,79
143310,31,78,-1,80
143820,5,69,8,72
144330,25,60,-2,74
144840,101,51,-3,77
145350,29,38,-7,84
145860,81,51,6,78
146370,9,71,1,77
146880,29,62,2,75
147390,3,53,2,73
147900,6,44,-3,76
148410,70,35,-5,81
148920,93,62,-2,83
149430,30,82,9,74
149940,33,73,1,73
150450,15,64,-8,81
150960,79,55,-7,88
151470,16,56,15,73
151980,80,47,-14,87
152490,28,74,10,77
153000,2,65,0,77
153510,5,56,-3,80
154020,69,47,4,76
154530,6,48,-5,81
155040,70,39,1,80
155550,80,59,-7,87
156060,17,60,10,77
156570,20,51,-2,79
157080,84,20,-3,82
157590,101,91,2,80
158100,51,0,-1,81
158610,27,19,0,81
159120,66,30,0,81
159630,89,57,1,80
160140,26,77,10,70
160650,29,68,-2,72
161160,11,59,2,70
161670,75,50,-12,82
162180,12,51,3,79
162690,76,42,-8,87
163200,4,69,13,74
163710,24,60,-2,76
164220,100,51,-1,77
164730,28,40,-4,81
165240,80,51,-2,83
165750,17,52,7,76
166260,81,43,-3,79
166770,9,70,4,75
167280,29,61,-1,76
167790,81,52,-4,80
168300,18,79,4,76
168810,21,70,-2,78
169320,62,61,1,77
169830,44,72,-1,78
170340,26,63,1,77
170850,0,83,-1,78
171360,20,23,-2,80
171870,72,17,-1,81
172380,48,88,1,80
172890,30,79,2,78
173400,12,77,1,77
173910,78,68,-7,84
174420,101,79,11,73
174930,24,80,1,72
175440,27,71,-3,75
175950,30,62,0,75
176460,82,53,-4,79
176970,19,54,5,74
177480,83,45,-11,85
177990,11,72,12,73
178500,77,63,-13,86
179010,14,74,14,72
179520,80,65,-16,88
180030,3,76,13,75
180540,23,67,2,73
181050,87,58,-6,79
181560,24,59,0,79
182070,100,50,4,75
182580,28,39,-3,78
183090,10,52,1,77
183600,74,43,-8,85
184110,97,70,9,76
184620,20,71,5,71
185130,84,62,-14,85
185640,21,63,8,77
186150,85,54,-8,85
186660,13,81,10,75
187170,79,72,-14,89
187680,29,83,21,68
188190,11,74,-6,74
188700,77,65,-9,83
189210,0,66,10,73
189720,20,57,-2,75
190230,52,48,0,75
190740,34,59,-1,76
191250,16,50,0,76
191760,80,41,-6,82
192270,87,68,-2,84
192780,10,69,3,81
193290,74,60,-2,83
193800,11,71,6,77
194310,77,62,-8,85
194820,14,65,14,71
195330,78,56,-11,82
195840,15,57,7,75
196350,79,48,-5,80
196860,0,49,4,76
197370,64,40,-4,80
197880,87,43,-2,82
198390,94,32,-4,86
198900,17,21,6,80
199410,69,60,-3,83
199920,51,71,3,80
200430,33,62,0,80
200940,85,53,5,75
201450,22,54,-1,76
201960,98,23,-7,83
202470,13,12,1,82
202980,52,51,8,74
203490,34,52,-4,78
204000,86,53,-1,79
204510,23,54,1,78
205020,87,23,3,75
205530,63,12,-3,78
206040,39,83,8,70
206550,21,74,-5,75
207060,85,65,-2,77
207570,8,66,2,75
208080,11,57,0,75
208590,75,48,-4,79
209100,12,49,-4,83
209610,76,18,3,80
210120,52,89,-1,81
210630,34,80,5,76
211140,16,71,0,76
211650,80,62,-9,85
212160,17,63,8,77
212670,81,54,-9,86
213180,18,57,15,71
213690,82,97,-12,83
214200,64,16,-1,84
214710,40,87,11,73
215220,22,78,1,72
215730,86,69,-12,84
216240,9,70,10,74
216750,75,61,-15,89
217260,12,62,9,80
217770,76,53,-7,87
218280,13,54,10,77
218790,77,45,-3,80
219300,100,48,6,74
219810,48,37,-10,84
220320,30,48,4,80
220830,82,49,4,76
221340,3,50,-3,79
221850,67,41,3,76
222360,90,44,-12,88
222870,13,33,7,81
223380,77,46,7,74
223890,100,47,-5,79
224400,21,36,-4,83
224910,73,75,0,83
225420,55,88,-4,87
225930,37,79,8,79
226440,19,70,-3,82
226950,83,61,7,75
227460,20,62,-6,81
227970,84,53,-1,82
228480,21,54,4,78
228990,85,23,-6,84
229500,8,94,7,77
230010,28,34,-1,78
230520,10,73,1,77
231030,76,64,-4,81
231540,99,65,14,67
232050,20,54,-11,78
232560,84,23,1,77
233070,60,12,-8,85
233580,36,31,5,80
234090,18,70,11,69
234600,82,61,-16,85
235110,5,62,8,77
235620,6,53,0,77
236130,70,44,-9,86
236640,93,47,3,83
237150,16,36,2,81
237660,80,100,-3,84
238170,62,91,2,82
238680,44,82,0,82
239190,26,73,10,72
239700,8,64,-5,77
240210,72,55,-5,82
240720,9,56,6,76
241230,73,47,-9,85
241740,10,50,8,77
242250,74,41,-8,85
242760,11,54,9,76
243270,75,45,-10,86
243780,98,48,11,75
244290,21,37,-4,79
244800,73,50,-6,85
245310,10,51,12,73
245820,74,42,-2,75
246330,97,31,-9,84
246840,20,20,0,84
247350,39,59,5,79
247860,21,60,-1,80
248370,85,29,-9,89
248880,100,18,10,79
249390,76,28,-5,84
249900,101,17,6,78
250410,77,27,-8,86
250920,0,98,0,86
251430,20,38,8,78
251940,72,0,-3,81
252450,48,19,0,81
252960,55,38,-6,87
253470,94,57,11,76
253980,15,58,3,73
254490,79,49,-10,83
255000,0,50,8,75
255510,64,41,-7,82
256020,87,60,3,79
256530,24,61,6,73
257040,100,52,-4,77
257550,21,41,-1,78
258060,85,54,-6,84
258570,22,55,5,79
259080,86,46,-3,82
259590,7,47,3,79
260100,71,38,0,79
260610,94,51,-4,83
261120,17,40,0,83
261630,81,53,3,80
262140,18,54,4,76
262650,82,45,-4,80
263160,3,46,5,75
263670,67,37,-11,86
264180,90,56,7,79
264690,27,57,5,74
265200,9,48,-4,78
265710,73,39,-8,86
266220,17,58,12,74
266730,81,49,-13,87
267240,2,68,9,78
267750,22,59,3,75
268260,47,50,-9,84
268770,29,63,4,80
269280,54,54,2,78
269790,36,67,2,76
270300,18,58,0,76
270810,82,49,-6,82
271320,3,50,4,78
271830,67,19,0,78
272340,43,90,2,76
272850,25,81,-1,77
273360,92,72,-9,86
273870,15,73,15,71
274380,79,64,-13,84
274890,2,65,10,74
275400,22,89,-2,76
275910,89,80,-11,87
276420,10,81,8,79
276930,30,72,-3,82
277440,12,63,5,77
277950,76,54,-4,81
278460,99,55,8,73
278970,20,44,-5,78
279480,96,57,2,76
279990,17,58,-1,77
280500,81,49,-3,80
281010,2,50,4,76
281520,66,41,-3,79
282030,13,60,5,74
282540,77,51,-9,83
283050,14,70,5,78
283560,81,61,2,76
284070,4,62,2,74
284580,24,53,-5,79
285090,49,54,5,74
285600,31,67,-2,76
286110,13,58,-1,77
286620,80,49,-10,87
287130,1,50,7,80
287640,65,41,-3,83
288150,88,60,6,77
288660,9,61,1,76
289170,76,52,-4,80
289680,13,53,6,74
290190,80,44,-10,84
290700,1,57,12,72
291210,2,48,-7,79
291720,66,57,-3,82
292230,48,96,0,82
292740,30,87,11,71
293250,12,78,-3,74
293760,32,69,-5,79
294270,14,60,4,75
294780,78,51,-4,79
295290,101,52,8,71
295800,22,41,-16,87
296310,74,54,-3,90
296820,99,73,17,73
297330,22,74,-1,74
297840,89,65,-13,87
298350,12,66,8,79
298860,79,57,0,79
299370,2,58,4,75
299880,3,49,-5,80
300390,67,40,-2,82
300900,20,53,2,80
301410,84,74,-2,82
301920,7,75,6,76
302430,27,66,1,75
302940,9,57,2,73
303450,73,48,-10,83
303960,96,67,1,82
304470,19,68,6,76
304980,83,59,-3,79
305490,6,60,2,77
306000,31,51,0,77
306510,13,52,0,77
307020,80,43,-3,80
307530,1,56,4,76
308040,2,47,-4,80
308550,3,38,2,78
309060,67,0,-3,81
309570,43,19,6,75
310080,25,38,-11,86
310590,77,77,3,83
311100,59,90,3,80
311610,41,81,1,79
312120,23,72,2,77
312630,90,63,1,76
313140,13,64,-3,79
313650,80,55,-5,84
314160,17,56,5,79
314670,84,47,-5,84
315180,5,74,7,77
315690,6,65,2,75
316200,87,56,-5,80
316710,10,57,2,78
317220,77,48,-2,80
317730,100,49,-1,81
318240,21,38,2,79
318750,73,51,-4,83
319260,98,70,11,72
319770,21,71,-2,74
320280,88,62,-10,84
320790,11,63,7,77
321300,78,54,-5,82
321810,1,55,7,75
322320,2,46,-1,76
322830,66,37,-8,84
323340,89,56,7,77
323850,12,57,-1,78
324360,79,48,-9,87
324870,0,67,19,68
325380,20,58,-9,77
325890,87,49,0,77
326400,8,38,-10,87
326910,9,0,10,77
327420,48,39,5,72
327930,30,40,-4,76
328440,12,53,0,76
328950,79,44,-8,84
329460,0,63,9,75
329970,1,54,-1,76
330480,2,45,-2,78
330990,66,7,0,78
331500,42,26,-3,81
332010,81,65,-1,82
332520,4,66,4,78
333030,5,57,4,74
333540,6,48,-6,80
334050,31,17,3,77
334560,70,30,-2,79
335070,93,43,-2,81
335580,11,32,4,77
336090,30,45,-1,78
336600,82,58,-1,79
337110,5,59,9,70
337620,30,50,-7,77
338130,82,51,-7,84
338640,3,70,1,83
339150,4,61,9,74
339660,29,52,-2,76
340170,81,53,-7,83
340680,18,72,8,75
341190,85,63,-11,86
341700,8,64,13,73
342210,75,55,-8,81
342720,100,56,5,76
343230,21,45,-3,79
343740,97,46,1,78
344250,18,35,2,76
344760,37,99,-3,79
345270,19,90,-1,80
345780,86,81,-4,84
346290,7,94,2,82
346800,27,85,11,71
347310,94,76,-20,91
347820,17,77,20,71
348330,81,68,-14,85
348840,4,69,11,74
349350,85,60,-9,83
349860,8,61,7,76
350370,72,52,-5,81
350880,97,53,5,76
351390,18,42,-2,78
351900,43,96,3,75
352410,25,87,-1,76
352920,92,78,-6,82
353430,15,79,3,79
353940,82,70,-6,85
354450,5,71,14,71
354960,86,62,-11,82
355470,9,63,9,73
355980,34,54,-7,80
356490,16,55,6,74
357000,83,46,-7,81
357510,4,47,7,74
358020,29,38,2,72
358530,11,51,-5,77
359040,78,42,-12,89
359550,101,55,13,76
360060,22,44,1,75
360570,41,6,2,73
361080,17,25,-10,83
361590,69,64,-2,85
362100,51,1,9,76
362610,27,20,-4,80
363120,66,59,-2,82
363630,48,98,0,82
364140,30,89,13,69
364650,97,80,-16,85
365160,20,81,12,73
365670,87,72,-11,84
366180,10,73,14,70
366690,77,64,-8,78
367200,0,65,1,77
367710,1,5,-4,81
368220,12,18,0,81
368730,31,57,4,77
369240,13,58,-2,79
369750,80,49,-5,84
370260,1,68,13,71
370770,82,59,-13,84
371280,29,27,5,79
371790,81,66,-4,83
372300,4,67,9,74
372810,5,58,-1,75
373320,6,49,0,75
373830,70,40,-6,81
374340,93,53,6,75
374850,14,42,0,75
375360,39,4,-2,77
375870,15,23,-7,84
376380,34,62,12,72
376890,16,63,2,70
377400,83,54,-11,81
377910,6,55,7,74
378420,31,46,-2,76
378930,13,59,-4,80
379440,80,28,2,78
379950,3,41,2,76
380460,4,3,-5,81
380970,15,42,4,77
381480,40,63,4,73
381990,22,64,2,71
382500,89,85,-16,87
383010,29,98,11,76
383520,96,17,-4,80
384030,72,27,-2,82
384540,95,40,2,80
385050,18,29,-8,88
385560,37,68,15,73
386070,19,59,-2,75
386580,86,80,-7,82
387090,9,90,1,81
387600,29,30,3,78
388110,11,69,6,72
388620,78,60,-6,78
389130,1,61,6,72
389640,82,52,-10,82
390150,19,53,3,79
390660,83,74,-6,85
391170,6,11,1,84
391680,21,50,4,80
392190,85,71,-3,83
392700,8,72,10,73
393210,33,63,0,73
393720,15,84,-6,79
394230,82,75,-3,82
394740,3,76,7,75
395250,84,67,-9,84
395760,7,68,8,76
396270,32,59,2,74
396780,14,80,3,71
397290,81,71,-7,78
397800,2,8,-3,81
398310,13,21,3,78
398820,32,60,1,77
399330,14,61,1,76
399840,78,52,-11,87
400350,101,53,12,75
400860,22,54,-5,80
401370,47,75,3,77
401880,29,66,0,77
402390,3,87,-6,83
402900,84,27,-2,85
403410,7,40,4,81
403920,32,2,10,71
404430,8,21,-10,81
404940,9,34,-2,83
405450,28,47,5,78
405960,10,60,2,76
406470,35,51,-6,82
406980,17,52,3,79
407490,42,73,1,78
408000,24,64,-1,79
408510,49,85,-3,82
409020,31,76,9,73
409530,13,67,-4,77
410040,38,58,0,77
410550,20,79,4,73
411060,87,70,-16,89
411570,10,71,10,79
412080,35,62,5,74
412590,17,53,-4,78
413100,42,74,5,73
413610,24,65,0,73
414120,49,86,-2,75
414630,31,77,-2,77
415140,13,68,2,75
415650,80,17,-5,80
416160,3,30,2,78
416670,31,43,0,78
417180,13,82,-3,81
417690,38,73,4,77
418200,20,64,-3,80
418710,84,55,-1,81
419220,7,56,9,72
419730,8,47,-6,78
420240,9,38,-6,84
420750,24,0,12,72
421260,0,19,-5,77
421770,28,32,-3,80
422280,10,71,12,68
422790,91,62,-12,80
423300,12,63,6,74
423810,76,54,-5,79
424320,101,55,1,78
424830,22,56,3,75
425340,98,91,-3,78
425850,19,10,-4,82
426360,34,49,8,74
426870,16,62,-2,76
427380,80,34,-3,79
427890,1,47,2,77
428400,29,38,-10,87
428910,81,77,7,80
429420,2,90,1,79
429930,83,30,-4,83
430440,6,43,-1,84
430950,34,34,2,82
431460,16,73,9,73
431970,17,64,0,73
432480,81,55,-10,83
432990,4,56,9,74
433500,85,47,-12,86
434010,6,48,4,82
434520,87,39,-3,85
435030,10,66,9,76
435540,91,57,-6,82
436050,14,58,7,75
436560,39,49,-3,78
437070,21,62,2,76
437580,46,53,1,75
438090,28,66,4,71
438600,2,57,-2,73
439110,83,48,-13,86
439620,4,61,9,77
440130,5,52,0,77
440640,86,43,-1,78
441150,7,70,5,73
441660,88,61,-16,89
442170,11,62,19,70
442680,36,53,-9,79
443190,18,54,1,78
443700,43,45,2,76
444210,25,56,1,75
444720,101,77,-4,79
445230,24,78,8,71
445740,91,69,-11,82
446250,14,70,11,71
446760,39,61,-7,78
447270,21,82,6,72
447780,22,22,-10,82
448290,47,61,10,72
448800,29,82,-5,77
449310,54,73,3,74
449820,36,94,5,69
450330,18,85,-8,77
450840,85,76,-7,84
451350,8,77,2,82
451860,89,68,3,79
452370,12,69,7,72
452880,37,7,-2,74
453390,62,26,-1,75
453900,85,39,-7,82
454410,8,52,7,75
454920,72,43,-11,86
455430,95,56,11,75
455940,16,57,-3,78
456450,80,48,-7,85
456960,3,75,7,78
457470,84,15,-8,86
457980,7,25,5,81
458490,8,64,6,75
459000,89,55,-9,84
459510,10,56,11,73
460020,74,47,-7,80
460530,97,48,1,79
461040,18,31,-2,81
461550,52,44,5,76
462060,34,83,-1,77
462570,16,74,-3,80
463080,80,65,-2,82
463590,3,66,5,77
464100,84,57,-10,87
464610,7,58,11,76
465120,88,49,-8,84
465630,9,76,11,73
466140,90,67,-10,83
466650,13,68,9,74
467160,38,59,-1,75
467670,20,50,-7,82
468180,84,51,-3,85
468690,7,52,6,79
469200,32,43,3,76
469710,14,56,-1,77
470220,39,47,4,73
470730,21,60,-5,78
471240,85,51,-3,81
471750,6,92,-1,82
472260,87,83,-8,90
472770,10,96,10,80
473280,91,36,-2,82
473790,14,49,7,75
474300,78,40,-3,78
474810,101,53,1,77
475320,24,42,-2,79
475830,100,55,2,77
476340,21,82,0,77
476850,85,73,-10,87
477360,8,74,10,77
477870,89,65,-4,81
478380,12,66,4,77
478890,76,57,0,77
479400,101,58,1,76
479910,22,59,2,74
480420,98,50,-5,79
480930,19,39,-1,80
481440,95,52,2,78
481950,16,79,0,78
482460,17,70,9,69
482970,81,61,-13,82
483480,4,62,5,77
483990,85,21,-3,80
484500,8,48,-3,83
485010,33,39,3,80
485520,15,78,6,74
486030,40,69,3,71
486540,22,60,-6,77
487050,47,51,4,73
487560,29,64,-7,80
488070,3,55,9,71
488580,84,46,-9,80
489090,7,73,7,73
489600,88,64,-7,80
490110,11,65,4,76
490620,36,56,4,72
491130,18,57,-4,76
491640,82,48,-6,82
492150,3,61,7,75
492660,4,52,3,72
493170,68,43,-2,74
493680,91,44,-10,84
494190,14,57,5,79
494700,78,48,-6,85
495210,101,49,6,79
495720,22,38,-5,84
496230,98,0,-2,86
496740,74,19,8,78
497250,99,32,-3,81
497760,22,59,2,79
498270,86,50,-4,83
498780,7,77,8,75
499290,88,68,-4,79
499800,11,69,1,78
500310,36,60,-3,81
500820,18,81,6,75
501330,82,72,-7,82
501840,5,73,7,75
502350,86,64,-8,83
502860,9,65,5,78
503370,73,56,-8,86
503880,74,95,-2,88
504390,56,14,5,83
504900,32,33,-2,85
505410,14,72,7,78
505920,39,63,9,69
506430,21,54,-8,77
506940,46,75,-2,79
507450,28,66,2,77
507960,2,57,1,76
508470,83,48,-8,84
508980,4,61,7,77
509490,85,52,-3,80
510000,8,79,3,77
510510,89,70,-7,84
511020,12,71,5,79
511530,37,62,5,74
512040,19,53,-2,76
512550,83,74,-7,83
513060,6,75,7,76
513570,87,66,-11,87
514080,1,78,16,71
514590,82,18,-8,79
515100,5,45,-2,81
515610,4,36,-1,82
516120,32,100,7,75
516630,14,19,-4,79
517140,53,58,5,74
517650,35,97,3,71
518160,17,88,-9,80
518670,81,7,-4,84
519180,57,26,3,81
519690,97,39,1,80
520200,20,28,2,78
520710,72,67,-5,83
521220,54,78,0,83
521730,36,99,8,75
522240,18,18,-11,86
522750,43,57,11,75
523260,5,78,-7,82
523770,86,69,-3,85
524280,9,70,8,77
524790,34,33,-8,85
525300,16,72,13,72
525810,80,63,-12,84
526320,3,64,8,76
526830,84,55,-5,81
527340,7,56,4,77
527850,88,47,-3,80
528360,11,74,2,78
528870,36,65,-2,80
529380,18,86,1,79
529890,43,77,3,76
530400,25,68,0,76
530910,50,59,1,75
531420,32,80,4,71
531930,14,71,-4,75
532440,39,62,-2,77
532950,21,83,3,74
533460,94,74,-9,83
533970,10,75,7,76
534480,35,66,0,76
534990,17,57,-3,79
535500,81,78,-6,85
536010,63,15,3,82
536520,39,25,10,72
537030,21,36,-12,84
537540,73,75,-6,90
538050,55,12,10,80
538560,80,31,3,77
539070,3,58,3,74
539580,84,49,-13,87
540090,7,76,13,74
540600,88,67,-10,84
541110,11,68,9,75
541620,36,59,-4,79
542130,18,80,4,75
542640,43,71,2,73
543150,25,62,-6,79
543660,50,83,1,78
544170,32,74,-1,79
544680,14,65,6,73
545190,39,56,1,72
545700,21,77,-1,73
546210,46,68,-2,75
546720,28,89,-3,78
547230,10,8,-5,83
547740,49,47,9,74
548250,31,89,5,69
548760,13,8,-16,85
549270,52,47,7,78
549780,34,58,5,73
550290,16,79,-5,78
550800,82,70,-2,80
551310,5,71,6,74
551820,86,62,-14,88
552330,9,63,14,74
552840,34,54,-1,75
553350,16,55,-1,76
553860,41,76,-6,82
554370,23,67,7,75
554880,96,88,-5,80
555390,78,7,-5,85
555900,54,26,3,82
556410,94,45,0,82
556920,17,34,7,75
557430,42,73,-2,77
557940,24,64,0,77
558450,0,85,-2,79
558960,81,76,-6,85
559470,63,38,-2,87
559980,1,57,6,81
560490,2,48,5,76
561000,27,10,1,75
561510,52,21,-3,78
562020,34,40,-1,79
562530,16,51,-1,80
563040,41,13,4,76
563550,48,32,-6,82
564060,30,43,-2,84
564570,12,82,6,78
565080,37,73,-2,80
565590,19,64,7,73
566100,83,33,-6,79
566610,6,22,-1,80
567120,7,35,2,78
567630,32,99,1,77
568140,14,18,-5,82
568650,53,57,4,78
569160,35,96,5,73
569670,17,15,-9,82
570180,56,54,2,80
570690,38,65,4,76
571200,20,56,-10,86
571710,45,77,6,80
572220,27,68,7,73
572730,9,89,-3,76
573240,90,80,-8,84
573750,13,17,-2,86
574260,38,56,8,78
574770,20,57,0,78
575280,45,78,5,73
575790,27,69,-5,78
576300,52,90,2,76
576810,34,81,1,75
577320,16,50,-4,79
577830,41,12,3,76
578340,23,31,-8,84
578850,75,70,7,77
579360,57,7,-4,81
579870,33,26,2,79
580380,15,37,2,77
580890,40,76,4,73
581400,22,67,-1,74
581910,47,36,-11,85
582420,29,47,8,77
582930,11,0,-3,80
583440,50,39,-4,84
583950,32,50,4,80
584460,14,89,2,78
584970,39,80,2,76
585480,21,71,1,75
585990,46,92,-8,83
586500,28,83,0,83
587010,101,2,-1,84
587520,77,21,-2,86
588030,0,48,10,76
588540,1,39,-3,79
589050,26,1,5,74
589560,51,20,-6,80
590070,76,39,-3,83
590580,101,66,7,76
591090,24,67,3,73
591600,49,88,-7,80
592110,31,79,8,72
592620,13,100,-3,75
593130,94,91,-10,85
593640,17,10,9,76
594150,56,49,-5,81
594660,38,60,8,73
595170,20,81,0,73
595680,93,72,-12,85
596190,16,73,10,75
596700,41,64,4,71
597210,23,85,-5,76
597720,96,4,-8,84
598230,72,23,3,81
598740,97,50,3,78
599250,20,39,-3,81
599760,54,1,0,81
600270,30,20,3,78
600780,55,31,1,77
601290,80,50,3,74
601800,3,51,-9,83
602310,28,42,7,76
602820,10,43,-7,83
603330,35,5,8,75
603840,11,24,-6,81
604350,12,63,3,78
604860,37,54,5,73
605370,19,55,-3,76
605880,44,76,9,67
606390,26,67,-12,79
606900,51,88,2,77
607410,33,79,-6,83
607920,15,100,1,82
608430,40,91,8,74
608940,22,82,-2,76
609450,23,73,0,76
609960,96,42,0,76
610470,19,31,-14,90
610980,53,70,15,75
611490,35,91,4,71
612000,17,62,-3,74
612510,81,53,-6,80
613020,4,54,7,73
613530,29,45,-4,77
614040,11,46,-6,83
614550,36,8,6,77
615060,61,27,-3,80
615570,86,46,-1,81
616080,9,73,6,75
616590,34,64,-5,80
617100,16,55,4,76
617610,39,24,-4,80
618120,79,35,1,79
618630,2,24,0,79
619140,3,88,-4,83
619650,4,79,-1,84
620160,5,70,3,81
620670,6,61,7,74
621180,31,52,1,73
621690,13,53,-3,76
622200,38,44,-3,79
622710,20,83,5,74
623220,93,74,-4,78
623730,16,75,5,73
624240,41,66,-3,76
624750,23,57,-2,78
625260,48,78,-1,79
625770,30,69,9,70
626280,12,60,-6,76
626790,76,51,-6,82
627300,101,52,7,75
627810,24,41,-4,79
628320,76,80,0,79
628830,58,101,-3,82
629340,40,92,9,73
629850,22,83,-8,81
630360,47,74,10,71
630870,29,65,-8,79
631380,54,56,4,75
631890,36,95,0,75
632400,18,86,-2,77
632910,43,77,3,74
633420,25,68,-4,78
633930,50,89,-3,81
634440,32,80,8,73
634950,14,71,-8,81
635460,39,62,1,80
635970,21,63,6,74
636480,85,54,-6,80
636990,8,55,6,74
637500,33,46,-4,78
638010,15,85,3,75
638520,40,76,3,72
639030,22,67,-6,78
639540,86,21,-6,84
640050,9,10,0,84
640560,10,49,3,81
641070,35,40,-3,84
641580,17,79,13,71
642090,42,70,-8,79
642600,24,61,4,75
643110,6,22,-3,78
643620,7,35,-2,80
644130,32,99,7,73
644640,14,90,-8,81
645150,39,81,2,79
645660,21,72,1,78
646170,46,63,-3,81
646680,28,84,6,75
647190,10,75,0,75
647700,35,66,5,70
648210,17,57,-6,76
648720,42,48,3,73
649230,24,10,-8,81
649740,49,49,6,75
650250,31,11,-5,80
650760,56,66,4,76
651270,38,67,-3,79
651780,20,58,0,79
652290,84,27,-3,82
652800,7,16,4,78
653310,8,29,-7,85
653820,9,42,8,77
654330,34,33,-7,84
654840,59,72,7,77
655350,41,93,4,73
655860,23,84,-4,77
656370,96,75,-1,78
656880,19,76,8,70
657390,44,67,-5,75
657900,26,58,-5,80
658410,51,59,7,73
658920,33,80,2,71
659430,15,71,-3,74
659940,16,62,-2,76
660450,41,53,-3,79
660960,23,54,3,76
661470,48,16,-5,81
661980,73,35,3,78
662490,98,62,1,77
663000,21,51,-4,81
663510,46,13,2,79
664020,67,32,4,75
664530,90,59,-3,78
665040,13,60,-1,79
665550,38,51,5,74
666060,20,52,-6,80
666570,45,14,6,74
667080,70,33,-4,78
667590,95,60,2,76
668100,18,61,-3,79
668610,43,52,7,72
669120,25,73,-6,78
669630,50,64,0,78
670140,32,65,2,76
670650,57,56,5,71
671160,39,57,-2,73
671670,21,58,-3,76
672180,46,63,1,75
672690,28,84,1,74
673200,10,75,0,74
673710,35,66,-2,76
674220,17,57,-1,77
674730,81,48,-4,81
675240,4,75,7,74
675750,24,66,-1,75
676260,49,57,-3,78
676770,31,58,1,77
677280,13,59,1,76
677790,38,50,-1,77
678300,20,3,-4,81
678810,45,42,4,77
679320,27,53,1,76
679830,9,54,1,75
680340,34,45,-4,79
680850,16,56,3,76
681360,80,47,-10,86
681870,3,74,11,75
682380,84,65,-7,82
682890,7,66,4,78
683400,32,57,5,73
683910,27,58,0,73
684420,9,49,-12,85
684930,34,11,9,76
685440,59,30,-7,83
685950,84,43,2,81
686460,7,70,4,77
686970,8,61,4,73
687480,72,52,-13,86
687990,97,53,10,76
688500,20,42,-4,80
689010,45,4,4,76
689520,21,23,2,74
690030,3,62,-4,78
690540,4,53,0,78
691050,5,44,-2,80
691560,30,35,2,78
692070,12,74,6,72
692580,37,65,1,71
693090,19,56,-4,75
693600,83,47,-9,84
694110,6,74,10,74
694620,26,65,-3,77
695130,51,56,1,76
695640,33,95,5,71
696150,15,86,-5,76
696660,40,77,4,72
697170,22,68,1,71
697680,23,59,-4,75
698190,87,50,-5,80
698700,10,77,3,77
699210,11,68,3,74
699720,36,59,-5,79
700230,18,60,1,78
700740,82,51,-1,79
701250,5,52,4,75
701760,6,43,-5,80
702270,31,5,10,70
702780,13,24,-15,85
703290,14,63,11,74
703800,39,54,0,74
704310,21,55,-2,76
704820,85,46,-4,80
705330,8,35,3,77
705840,9,99,-3,80
706350,29,90,1,79
706860,11,81,3,76
707370,36,72,6,70
707880,18,63,-2,72
708390,82,54,-13,85
708900,5,55,8,77
709410,6,46,-4,81
709920,31,37,6,75
710430,56,48,-8,83
710940,38,59,13,70
711450,20,50,-12,82
711960,45,41,0,82
712470,27,52,5,77
712980,52,53,-4,81
713490,34,64,13,68
714000,16,55,-9,77
714510,80,46,-5,82
715020,3,73,4,78
715530,4,64,5,73
716040,10,55,-1,74
716550,74,46,-10,84
717060,99,47,7,77
717570,22,36,0,77
718080,74,100,-6,83
718590,56,19,1,82
719100,81,29,1,81
719610,4,39,2,79
720120,5,1,-3,82
720630,6,40,2,80
721140,7,2,-2,82
721650,8,41,2,80
722160,9,32,1,79
722670,10,96,1,78
723180,30,87,3,75
723690,55,78,1,74
724200,37,69,2,72
724710,19,60,-3,75
725220,83,51,-4,79
725730,6,52,1,78
726240,31,43,6,72
726750,13,44,-6,78
727260,38,6,2,76
727770,63,34,-3,79
728280,88,35,0,79
728790,11,24,-4,83
729300,51,63,6,77
729810,33,34,-6,83
730320,15,45,-4,87
730830,16,7,7,80
731340,41,46,1,79
731850,23,57,2,77
732360,48,48,0,77
732870,30,59,-1,78
733380,55,50,-4,82
733890,37,61,9,73
734400,79,52,-7,80
734910,2,53,8,72
735420,3,44,-3,75
735930,28,35,-8,83
736440,80,46,-2,85
736950,3,73,12,73
737460,23,64,-1,74
737970,87,55,-10,84
738480,10,56,11,73
738990,35,47,-3,76
739500,17,58,1,75
740010,81,49,-8,83
740520,4,100,4,79
741030,24,91,3,76
741540,25,82,2,74
742050,50,73,-9,83
742560,32,64,9,74
743070,14,55,-1,75
743580,78,46,-6,81
744090,1,47,1,80
744600,2,38,5,75
745110,3,0,-6,81
745620,14,39,-2,83
746130,39,1,12,71
746640,15,20,-12,83
747150,34,59,11,72
747660,16,50,-14,86
748170,41,1,16,70
748680,17,20,-11,81
749190,36,59,4,77
749700,18,50,-1,78
750210,43,41,-3,81
750720,25,52,6,75
751230,20,53,-7,82
751740,45,92,5,77
752250,27,83,0,77
752760,30,74,-1,78
753270,55,65,1,77
753780,37,86,2,75
754290,19,77,-2,77
754800,83,52,-3,80
755310,6,53,5,75
755820,31,44,-4,79
756330,83,6,-3,82
756840,59,16,3,79
757350,84,26,-4,83
757860,7,27,-1,84
758370,8,66,14,70
758880,33,57,-6,76
759390,15,58,-1,77
759900,40,49,9,68
760410,22,50,-9,77
760920,17,41,-7,84
761430,12,3,7,77
761940,37,42,-5,82
762450,93,53,2,80
762960,16,54,3,77
763470,41,45,0,77
763980,23,56,1,76
764490,48,18,3,73
765000,73,0,-2,75
765510,49,19,-2,77
766020,74,29,-4,81
766530,99,56,1,80
767040,22,57,5,75
767550,47,48,-7,82
768060,29,59,3,79
768570,54,60,6,73
769080,36,99,-3,76
769590,18,90,0,76
770100,43,81,-5,81
770610,25,72,7,74
771120,28,63,-3,77
771630,53,54,-4,81
772140,35,65,3,78
772650,17,56,3,75
773160,42,47,-1,76
773670,24,58,-2,78
774180,49,49,1,77
774690,31,60,0,77
775200,13,51,0,77
775710,77,42,-5,82
776220,0,43,3,79
776730,3,5,1,78
777240,14,44,-1,79
777750,39,6,7,72
778260,15,25,-12,84
778770,49,64,6,78
779280,31,65,0,78
779790,13,56,5,73
780300,38,47,-2,75
780810,20,58,-5,80
781320,84,49,-2,82
781830,7,50,8,74
782340,32,41,-6,80
782850,14,52,4,76
783360,39,43,-2,78
783870,21,54,2,76
784380,46,45,0,76
784890,28,56,0,76
785400,53,47,-3,79
785910,35,58,5,74
786420,17,59,-4,78
786930,42,50,4,74
787440,24,51,-8,82
787950,49,52,5,77
788460,31,63,5,72
788970,13,54,-3,75
789480,38,45,1,74
789990,20,46,-5,79
790500,15,8,-10,89
791010,54,47,10,79
791520,36,58,3,76
792030,18,59,3,73
792540,82,50,-7,80
793050,5,51,4,76
793560,30,42,-2,78
794070,82,53,-2,80
794580,5,54,3,77
795090,30,45,1,76
795600,12,7,-2,78
796110,37,46,0,78
796620,19,57,1,77
797130,44,48,4,73
797640,26,49,-8,81
798150,78,50,4,77
798660,1,51,-1,78
799170,26,42,5,73
799680,8,43,-12,85
800190,33,5,14,71
800700,9,24,-10,81
801210,10,63,9,72
801720,35,54,-1,73
802230,17,55,-1,74
802740,81,46,-9,83
803250,4,47,8,75
803760,29,38,-10,85
804270,81,49,5,80
804780,4,50,1,79
805290,29,41,1,78
805800,11,52,3,75
806310,36,2,0,75
806820,12,21,-14,89
807330,37,60,14,75
807840,19,51,-3,78
808350,14,13,-6,84
808860,53,52,10,74
809370,35,63,-1,75
809880,17,54,-6,81
810390,42,45,1,80
810900,24,56,-2,82
811410,19,57,1,81
811920,44,48,4,77
812430,26,59,-2,79
812940,51,60,6,73
813450,33,61,-3,76
813960,15,52,-4,80
814470,40,43,-1,81
814980,22,54,6,75
815490,35,93,3,72
816000,17,84,-5,77
816510,42,75,1,76
817020,24,66,1,75
817530,49,57,1,74
818040,31,68,4,70
818550,13,59,-9,79
819060,38,50,1,78
819570,20,51,2,76
820080,15,13,-5,81
820590,54,52,4,77
821100,36,63,4,73
821610,18,54,-6,79
822120,82,45,-5,84
822630,5,46,8,76
823140,30,37,-1,77
823650,12,48,2,75
824160,37,10,6,69
824670,19,29,-13,82
825180,71,68,3,79
825690,53,69,-1,80
826200,35,90,3,77
826710,17,81,0,77
827220,42,72,7,70
827730,24,63,-10,80
828240,49,54,1,79
828750,31,55,5,74
829260,13,46,-9,83
829770,38,37,7,76
830280,20,48,-4,80
830790,15,10,-3,83
831300,54,49,7,76
831810,36,60,2,74
832320,42,51,-6,80
832830,24,62,3,77
833340,49,53,0,77
833850,31,64,6,71
834360,13,55,-4,75
834870,38,46,-1,76
835380,20,57,-10,86
835890,84,19,6,80
836400,7,46,-1,81
836910,32,8,-1,82
837420,57,63,-2,84
837930,39,64,8,76
838440,21,55,-8,84
838950,85,17,0,84
839460,8,33,-1,85
839970,11,34,5,80
840480,36,98,7,73
840990,18,89,-4,77
841500,43,80,-1,78
842010,25,71,4,74
842520,28,62,-1,75
843030,53,53,-2,77
843540,35,64,2,75
844050,17,55,2,73
844560,42,46,-6,79
845070,24,57,5,74
845580,49,48,-4,78
846090,31,59,3,75
846600,56,60,-1,76
847110,38,61,-1,77
847620,20,62,-2,79
848130,45,53,7,72
848640,27,54,-6,78
849150,52,55,3,75
849660,34,94,2,73
850170,16,85,-4,77
850680,41,76,-1,78
851190,23,67,-1,79
851700,26,58,-1,80
852210,90,49,-3,83
852720,13,50,8,75
853230,38,41,-6,81
853740,20,52,-1,82
854250,15,14,3,79
854760,54,53,-5,84
855270,36,64,6,78
855780,18,65,3,75
856290,82,56,-2,77
856800,5,57,2,75
857310,30,48,-3,78
857820,82,49,0,78
858330,5,50,-3,81
858840,30,12,1,80
859350,55,23,1,79
859860,22,24,-4,83
860370,47,63,12,71
860880,29,74,-4,75
861390,54,65,-1,76
861900,36,66,3,73
862410,61,67,-5,78
862920,43,88,3,75
863430,25,79,-4,79
863940,28,70,-1,80
864450,53,61,-3,83
864960,35,72,10,73
865470,17,63,-2,75
865980,42,54,1,74
866490,24,55,-3,77
867000,49,46,-2,79
867510,31,57,8,71
868020,13,58,-8,79
868530,38,49,3,76
869040,20,60,1,75
869550,45,51,-6,81
870060,27,62,2,79
870570,52,24,1,78
871080,77,25,-4,82
871590,0,26,-1,83
872100,28,27,4,79
872610,80,38,0,79
873120,3,39,-4,83
873630,28,1,6,77
874140,53,20,-5,82
874650,78,39,5,77
875160,1,40,-2,79
875670,26,2,0,79
876180,51,21,7,72
876690,76,40,-6,78
877200,101,41,-8,86
877710,24,42,9,77
878220,19,43,2,75
878730,14,44,-8,83
879240,39,6,10,73
879750,15,25,-12,85
880260,40,64,-1,86
880770,22,65,12,74
881280,25,56,-5,79
881790,50,57,3,76
882300,32,58,3,73
882810,14,59,-5,78
883320,17,50,2,76
883830,42,41,1,75
884340,24,22,-10,85
884850,49,61,14,71
885360,31,100,-6,77
885870,36,91,3,74
886380,18,82,-2,76
886890,43,73,0,76
887400,25,64,-5,81
887910,50,55,4,77
888420,32,94,5,72
888930,37,85,-1,73
889440,19,76,8,65
889950,22,67,-10,75
890460,25,58,1,74
890970,50,49,-3,77
891480,32,56,0,77
891990,57,57,1,76
892500,39,96,4,72
893010,21,87,-5,77
893520,46,78,4,73
894030,28,69,-1,74
894540,33,60,1,73
895050,15,61,-2,75
895560,40,52,-1,76
896070,22,53,-4,80
896580,47,15,3,77
897090,72,34,-5,82
897600,97,61,4,78
898110,20,62,-1,79
898620,45,24,-4,83
899130,70,31,4,79
899640,95,58,-3,82
900150,18,59,0,82
900660,43,50,9,73
901170,25,51,-4,77
901680,50,52,3,74
902190,32,63,-5,79
902700,14,64,5,74
903210,39,55,1,73
903720,21,94,-4,77
904230,46,85,-6,83
904740,28,76,8,75
905250,33,67,-3,78
905760,38,58,1,77
906270,20,39,-10,87
906780,15,78,8,79
907290,40,69,4,75
907800,22,60,0,75
908310,47,51,-2,77
908820,29,62,-1,78
909330,54,53,3,75
909840,36,64,0,75
910350,18,55,0,75
910860,43,46,-6,81
911370,25,57,-1,82
911880,50,58,2,80
912390,32,69,-1,81
912900,37,60,6,75
913410,19,51,-1,76
913920,44,13,-7,83
914430,69,32,2,81
914940,94,59,6,75
915450,17,60,0,75
915960,42,29,0,75
916470,67,36,-7,82
916980,92,55,4,78
917490,15,56,1,77
918000,40,47,-6,83
918510,22,58,0,83
919020,47,9,2,81
919530,72,28,1,80
920040,97,55,1,79
920550,20,56,4,75
921060,45,29,-4,79
921570,70,36,-2,81
922080,95,63,2,79
922590,18,64,6,73
923100,82,55,-9,82
923610,5,56,8,74
924120,8,47,-6,80
924630,33,38,1,79
925140,15,45,-1,80
925650,40,100,0,80
926160,22,91,-2,82
926670,47,42,-2,84
927180,29,53,1,83
927690,54,54,2,81
928200,36,65,7,74
928710,18,56,-2,76
929220,43,30,-5,81
929730,68,37,3,78
930240,93,64,-8,86
930750,16,65,10,76
931260,41,56,5,71
931770,23,57,-3,74
932280,48,48,-5,79
932790,30,59,4,75
933300,35,60,-2,77
933810,17,13,-11,88
934320,42,52,10,78
934830,24,63,4,74
935340,49,54,-6,80
935850,31,65,8,72
936360,13,56,-7,79
936870,38,47,-2,81
937380,20,58,7,74
937890,84,49,-12,86
938400,7,76,12,74
938910,27,25,-6,80
939420,52,36,0,80
939930,77,43,-3,83
940440,0,70,8,75
940950,20,19,-8,83
941460,45,58,13,70
941970,27,11,-12,82
942480,52,22,1,81
942990,77,41,-2,83
943500,0,68,10,73
944010,20,59,0,73
944520,84,50,-10,83
945030,7,51,10,73
945540,32,42,-7,80
946050,14,53,4,76
946560,78,44,-8,84
947070,1,71,8,76
947580,21,20,-3,79
948090,46,59,9,70
948600,28,97,-3,73
949110,31,88,-3,76
949620,13,79,1,75
950130,38,70,1,74
950640,20,61,-1,75
951150,84,52,-8,83
951660,7,53,8,75
952170,32,44,-2,77
952680,14,55,-3,80
953190,17,46,1,79
953700,42,47,3,76
954210,24,58,2,74
954720,49,11,-10,84
955230,74,30,6,78
955740,99,57,-1,79
956250,22,58,-1,80
956760,47,49,0,80
957270,29,60,4,76
957780,54,51,0,76
958290,36,58,3,73
958800,18,59,-6,79
959310,43,50,-6,85
959820,25,61,2,83
960330,50,62,10,73
960840,32,100,-1,74
961350,14,91,-5,79
961860,34,82,8,71
962370,16,73,-3,74
962880,80,64,-15,89
963390,3,65,15,74
963900,23,56,-6,80
964410,18,47,4,76
964920,13,48,-9,85
965430,38,39,1,84
965940,20,50,-3,87
966450,84,51,4,83
966960,7,52,3,80
967470,32,43,0,80
967980,14,50,5,75
968490,39,41,-1,76
969000,21,52,-2,78
969510,85,53,-5,83
970020,8,54,7,76
970530,72,45,-2,78
971040,97,64,3,75
971550,20,65,0,75
972060,84,56,-3,78
972570,7,57,1,77
973080,71,48,-7,84
973590,96,49,12,72
974100,19,50,-7,79
974610,83,41,0,79
975120,6,42,1,78
975630,31,33,-5,83
976140,99,44,9,74
976650,22,71,-2,76
977160,25,62,-2,78
977670,89,53,-4,82
978180,12,80,5,77
978690,76,71,-4,81
979200,101,7,3,78
979710,77,26,-9,87
980220,0,53,10,77
980730,64,44,-6,83
981240,89,51,6,77
981750,12,52,0,77
982260,37,43,-1,78
982770,19,54,-6,84
983280,83,23,3,81
983790,6,50,3,78
984300,70,41,-1,79
984810,95,42,2,77
985320,18,69,-3,80
985830,82,60,-2,82
986340,5,61,6,76
986850,69,52,-4,80
987360,94,59,1,79
987870,17,60,4,75
988380,81,51,-1,76
988890,4,52,-3,79
989400,68,43,-6,85
989910,93,50,6,79
990420,16,51,-2,81
990930,80,42,-2,83
991440,3,69,10,73
991950,23,60,1,72
992460,87,51,-5,77
992970,10,52,-5,82
993480,13,43,6,76
993990,77,44,-10,86
994500,0,71,8,78
995010,3,20,-7,85
995520,6,33,2,83
996030,9,46,2,81
996540,73,37,-1,82
997050,98,64,7,75
997560,21,65,4,71
998070,24,56,-11,82
998580,88,47,3,79
999090,11,74,0,79
999600,13,65,9,70
1000110,77,56,-13,83
1000620,0,57,9,74
1001130,3,48,-7,81
1001640,67,39,0,81
1002150,92,58,0,81
1002660,15,59,3,78
1003170,79,50,-2,80
1003680,2,51,0,80
1004190,66,42,-6,86
1004700,91,43,10,76
1005210,14,44,-7,83
1005720,39,45,7,76
1006230,21,52,-1,77
1006740,85,43,-6,83
1007250,8,44,2,81
1007760,72,35,-3,84
1008270,97,62,5,79
1008780,68,63,-1,80
1009290,50,70,-2,82
1009800,32,91,8,74
1010310,14,82,0,74
1010820,34,73,0,74
1011330,16,64,-1,75
1011840,80,55,-7,82
1012350,3,56,11,71
1012860,67,47,-11,82
1013370,92,54,-2,84
1013880,15,81,5,79
1014390,79,72,-1,80
1014900,2,73,5,75
1015410,5,64,4,71
1015920,8,55,-6,77
1016430,72,46,-5,82
1016940,97,65,5,77
1017450,20,66,0,77
1017960,84,57,-10,87
1018470,7,58,16,71
1018980,71,49,-7,78
1019490,96,50,0,78
1020000,19,51,0,78
1020510,83,42,-8,86
1021020,6,69,9,77
1021530,9,60,5,72
1022040,73,51,-17,89
1022550,98,52,13,76
1023060,21,53,-3,79
1023570,85,44,-2,81
1024080,8,71,4,77
1024590,72,62,-6,83
1025100,97,63,10,73
1025610,20,64,2,71
1026120,84,55,-14,85
1026630,7,56,9,76
1027140,71,47,-3,79
1027650,96,48,2,77
1028160,19,49,-3,80
1028670,83,40,-1,81
1029180,6,41,-4,85
1029690,47,32,3,82
1030200,72,39,0,82
1030710,97,58,8,74
1031220,20,59,-2,76
1031730,84,50,-2,78
1032240,7,51,-3,81
1032750,71,42,1,80
1033260,96,61,2,78
1033770,19,62,3,75
1034280,83,53,-9,84
1034790,6,54,9,75
1035300,70,45,-2,77
1035810,95,46,-1,78
1036320,18,47,-3,81
1036830,82,86,0,81
1037340,64,22,3,78
1037850,89,41,-5,83
1038360,12,42,1,82
1038870,76,33,-2,84
1039380,101,60,10,74
1039890,24,61,3,71
1040400,88,14,-14,85
1040910,64,24,9,76
1041420,89,51,-2,78
1041930,12,52,2,76
1042440,76,43,-7,83
1042950,101,62,13,70
1043460,24,63,-7,77
1043970,88,54,0,77
1044480,11,55,2,75
1044990,75,46,-9,84
1045500,100,47,10,74
1046010,23,48,-4,78
1046520,87,87,-5,83
1047030,69,23,1,82
1047540,94,33,-3,85
1048050,17,60,10,75
1048560,81,51,-4,79
1049070,4,52,6,73
1049580,68,43,-6,79
1050090,93,44,-3,82
1050600,16,71,9,73
1051110,80,62,-13,86
1051620,3,63,14,72
1052130,6,54,-3,75
1052640,70,45,-8,83
1053150,95,46,9,74
1053660,18,47,-3,77
1054170,82,48,-4,81
1054680,5,49,2,79
1055190,69,40,0,79
1055700,94,41,-1,80
1056210,17,42,5,75
1056720,81,43,-9,84
1057230,4,44,7,77
1057740,68,35,-3,80
1058250,93,54,1,79
1058760,16,55,6,73
1059270,80,46,-4,77
1059780,3,47,-6,83
1060290,67,38,6,77
1060800,92,57,-5,82
1061310,15,58,7,75
1061820,79,49,-3,78
1062330,2,50,1,77
1062840,66,41,-8,85
1063350,91,60,4,81
1063860,14,61,3,78
1064370,78,52,-4,82
1064880,1,53,9,73
1065390,65,44,-6,79
1065900,90,45,3,76
1066410,13,46,-4,80
1066920,77,37,-4,84
1067430,0,64,5,79
1067940,64,55,-1,80
1068450,46,56,9,71
1068960,28,94,0,71
1069470,10,85,-3,74
1069980,30,76,-2,76
1070490,12,67,5,71
1071000,76,58,-17,88
1071510,101,59,18,70
1072020,24,60,-5,75
1072530,88,51,-5,80
1073040,11,52,6,74
1073550,75,43,-10,84
1074060,100,62,14,70
1074570,23,63,-5,75
1075080,87,54,-10,85
1075590,10,55,9,76
1076100,74,46,-4,80
1076610,99,47,2,78
1077120,22,48,-1,79
1077630,86,10,-7,86
1078140,62,29,4,82
1078650,69,48,3,79
1079160,94,49,-1,80
1079670,17,50,0,80
1080180,81,12,-2,82
1080690,57,31,-3,85
1081200,97,50,5,80
1081710,20,51,1,79
1082220,84,90,-7,86
1082730,66,26,1,85
1083240,91,45,4,81
1083750,14,46,5,76
1084260,78,37,-1,77
1084770,1,38,-4,81
1085280,65,29,1,80
1085790,90,48,-4,84
1086300,13,49,6,78
1086810,94,40,-5,83
1087320,17,41,-4,87
1087830,81,80,6,81
1088340,63,16,-1,82
1088850,88,35,4,78
1089360,11,36,3,75
1089870,75,100,-2,77
1090380,57,36,-4,81
1090890,82,55,1,80
1091400,5,56,1,79
1091910,69,47,-8,87
1092420,94,48,16,71
1092930,17,49,-8,79
1093440,81,88,-5,84
1093950,63,24,12,72
1094460,88,43,-6,78
1094970,11,44,-2,80
1095480,75,35,1,79
1095990,100,36,0,79
1096500,23,37,-3,82
1097010,75,76,-2,84
1097520,57,12,-1,85
1098030,33,31,6,79
1098540,15,38,2,77
1099050,79,39,-11,88
1099560,2,40,-2,90
1100070,66,2,5,85
1100580,42,21,4,81
1101090,49,28,-2,83
1101600,74,35,4,79
1102110,99,36,4,75
1102620,22,37,-5,80
1103130,74,76,3,77
1103640,56,12,-6,83
1104150,32,31,2,81
1104660,14,38,2,79
1105170,78,0,-10,89
1105680,54,19,12,77
1106190,79,38,-5,82
1106700,2,39,-1,83
1107210,66,1,4,79
1107720,42,20,-2,81
1108230,49,27,-1,82
1108740,74,34,2,80
1109250,99,35,1,79
1109760,22,36,-2,81
1110270,74,75,-3,84
1110780,56,11,-3,87
1111290,32,30,7,80
1111800,14,69,1,79
1112310,78,60,-3,82
1112820,1,61,8,74
1113330,70,52,-8,82
1113840,95,53,3,79
1114350,18,54,5,74
1114860,82,45,-6,80
1115370,5,46,0,80
1115880,69,37,1,79
1116390,94,38,-3,82
1116900,17,39,3,79
1117410,12,40,-6,85
1117920,76,2,3,82
1118430,52,21,-3,85
1118940,92,40,5,80
1119450,15,41,3,77
1119960,79,3,-3,80
1120470,55,22,2,78
1120980,80,41,0,78
1121490,3,42,-5,83
1122000,67,33,0,83
1122510,75,34,-1,84
1123020,100,69,11,73
1123530,23,70,-6,79
1124040,87,61,-4,83
1124550,10,62,9,74
1125060,74,53,-5,79
1125570,99,54,3,76
1126080,22,55,-4,80
1126590,86,46,-1,81
1127100,9,47,0,81
1127610,73,38,-1,82
1128120,98,39,-5,87
1128630,21,66,12,75
1129140,85,57,-2,77
1129650,8,58,1,76
1130160,72,49,-10,86
1130670,97,59,6,80
1131180,20,60,1,79
1131690,84,51,-4,83
1132200,7,52,3,80
1132710,71,43,1,79
1133220,96,44,2,77
1133730,19,45,-6,83
1134240,83,46,-1,84
1134750,6,47,7,77
1135260,70,38,4,73
1135770,95,39,-8,81
1136280,18,40,-5,86
1136790,13,79,10,76
1137300,77,70,-8,84
1137810,0,71,8,76
1138320,3,62,0,76
1138830,67,53,-3,79
1139340,92,54,-1,80
1139850,15,55,-6,86
1140360,79,46,2,84
1140870,2,47,8,76
1141380,66,38,-4,80
1141890,91,65,-5,85
1142400,14,66,7,78
1142910,78,57,-9,87
1143420,1,58,12,75
1143930,26,49,-4,79
1144440,60,50,-5,84
1144950,85,51,6,78
1145460,8,52,2,76
1145970,72,43,-2,78
1146480,97,44,0,78
1146990,20,45,-5,83
1147500,54,84,11,72
1148010,36,75,-4,76
1148520,18,66,2,74
1149030,82,57,-13,87
1149540,5,58,3,84
1150050,69,49,1,83
1150560,94,50,-1,84
1151070,17,51,9,75
1151580,81,42,-6,81
1152090,4,69,1,80
1152600,29,60,7,73
1153110,81,51,-7,80
1153620,4,52,8,72
1154130,68,43,-9,81
1154640,93,44,-7,88
1155150,16,45,10,78
1155660,80,44,-3,81
1156170,3,45,0,81
1156680,67,36,0,81
1157190,92,63,3,78
1157700,15,64,6,72
1158210,79,55,-8,80
1158720,2,56,2,78
1159230,66,47,-4,82
1159740,91,48,6,76
1160250,14,49,1,75
1160760,78,40,-7,82
1161270,1,67,5,77
1161780,2,58,-1,78
1162290,66,49,-2,80
1162800,91,50,-1,81
1163310,14,51,3,78
1163820,39,42,2,76
1164330,21,53,-5,81
1164840,16,44,0,81
1165350,80,43,-6,87
1165860,3,70,8,79
1166370,6,19,-5,84
1166880,7,58,12,72
1167390,71,49,0,72
1167900,96,50,-1,73
1168410,19,77,1,72
1168920,83,68,-12,84
1169430,6,69,15,69
1169940,31,60,-6,75
1170450,83,51,-9,84
1170960,6,52,2,82
1171470,31,43,-4,86
1171980,83,82,5,81
1172490,6,18,0,81
1173000,7,57,8,73
1173510,32,48,-10,83
1174020,84,87,3,80
1174530,7,23,-4,84
1175040,8,62,10,74
1175550,72,53,-5,79
1176060,97,54,7,72
1176570,20,81,-4,76
1177080,84,72,-9,85
1177590,7,73,10,75
1178100,27,64,-2,77
1178610,91,55,-5,82
1179120,99,82,4,78
1179630,22,83,1,77
1180140,86,74,-11,88
1180650,9,75,16,72
1181160,29,66,-6,78
1181670,81,57,-1,79
1182180,4,58,0,79
1182690,68,49,-4,83
1183200,93,50,-1,84
1183710,16,51,2,82
1184220,80,24,2,80
1184730,3,51,3,77
1185240,67,42,-2,79
1185750,92,43,-2,81
1186260,15,70,8,73
1186770,79,61,-9,82
1187280,2,62,8,74
1187790,27,53,-1,75
1188300,79,44,-4,79
1188810,2,71,-1,80
1189320,27,62,1,79
1189830,32,53,-1,80
1190340,84,92,2,78
1190850,7,28,-6,84
1191360,8,67,7,77
1191870,33,58,0,77
1192380,85,59,-2,79
1192890,8,60,-2,81
1193400,33,51,-2,83
1193910,15,90,5,78
1194420,35,81,3,75
1194930,17,72,3,72
1195440,81,52,-13,85
1195950,4,53,9,76
1196460,29,44,-2,78
1196970,81,83,-8,86
1197480,4,19,10,76
1197990,5,32,-8,84
1198500,30,45,7,77
1199010,82,84,-7,84
1199520,5,20,4,80
1200030,6,34,-4,84
1200540,31,98,8,76
1201050,36,71,-4,80
1201560,88,62,-4,84
1202070,11,37,2,82
1202580,36,101,8,74
1203090,18,37,-4,78
1203600,13,101,-3,81
1204110,68,92,-4,85
1204620,50,28,6,79
1205130,75,39,1,78
1205640,100,66,2,76
1206150,60,67,1,75
1206660,54,3,-8,83
1207170,30,22,5,78
1207680,55,61,1,77
1208190,37,100,4,73
1208700,19,37,-2,75
1209210,71,76,-5,80
1209720,53,12,0,80
1210230,29,39,-10,90
1210740,81,78,12,78
1211250,4,14,-6,84
1211760,5,27,-3,87
1212270,6,66,11,76
1212780,31,57,4,72
1213290,83,96,-16,88
1213800,65,32,4,84
1214310,90,59,3,81
1214820,13,60,6,75
1215330,38,51,-4,79
1215840,20,90,3,76
1216350,84,27,-7,83
1216860,7,54,4,79
1217370,32,45,-1,80
1217880,84,46,-3,83
1218390,7,73,10,73
1218900,27,64,-4,77
1219410,91,55,-1,78
1219920,14,82,-1,79
1220430,39,22,-1,80
1220940,64,33,5,75
1221450,89,60,-9,84
1221960,12,61,12,72
1222470,37,52,-6,78
1222980,19,63,8,70
1223490,14,54,-15,85
1224000,39,16,16,69
1224510,64,43,-13,82
1225020,89,44,4,78
1225530,12,71,4,74
1226040,76,62,-13,87
1226550,101,63,11,76
1227060,24,64,6,70
1227570,88,55,-15,85
1228080,11,82,8,77
1228590,36,73,3,74
1229100,18,64,3,71
1229610,82,55,-9,80
1230120,5,56,-2,82
1230630,30,47,2,80
1231140,82,86,-2,82
1231650,5,22,4,78
1232160,6,35,-3,81
1232670,31,48,5,76
1233180,83,59,-2,78
1233690,6,60,3,75
1234200,31,51,2,73
1234710,13,52,-3,76
1235220,38,43,-3,79
1235730,20,54,-1,80
1236240,15,1,1,79
1236750,40,40,-5,84
1237260,65,51,6,78
1237770,90,62,-1,79
1238280,13,63,3,76
1238790,77,54,-13,89
1239300,0,55,15,74
1239810,25,46,-2,76
1240320,77,85,-1,77
1240830,59,21,-4,81
1241340,84,48,5,76
1241850,7,49,1,75
1242360,32,11,1,74
1242870,57,38,-3,77
1243380,82,49,-4,81
1243890,5,50,3,78
1244400,30,41,-9,87
1244910,82,52,10,77
1245420,5,53,2,75
1245930,30,44,-4,79
1246440,82,55,-3,82
1246950,5,56,2,80
1247460,30,47,7,73
1247970,82,48,-8,81
1248480,5,75,3,78
1248990,30,66,4,74
1249500,82,57,-10,84
1250010,5,58,5,79
1250520,30,49,-3,82
1251030,82,11,-2,84
1251540,5,49,3,81
1252050,30,40,-4,85
1252560,82,79,2,83
1253070,5,15,2,81
1253580,6,54,3,78
1254090,31,45,1,77
1254600,83,56,-8,85
1255110,6,57,12,73
1255620,31,48,-2,75
1256130,83,59,-3,78
1256640,6,60,1,77
1257150,31,51,0,77
1257660,83,62,-7,84
1258170,6,63,8,76
1258680,31,54,0,76
1259190,83,55,-7,83
1259700,6,69,7,76
1260210,31,60,-3,79
1260720,65,20,-5,84
1261230,90,47,6,78
1261740,13,19,-3,81
1262250,38,58,4,77
1262760,90,59,-6,83
1263270,13,60,11,72
1263780,77,51,-12,84
1264290,0,52,6,78
1264800,64,43,-8,86
1265310,89,82,3,83
1265820,12,18,-2,85
1266330,46,57,4,81
1266840,28,96,3,78
1267350,29,33,1,77
1267860,81,72,-11,88
1268370,4,9,7,81
1268880,5,48,-3,84
1269390,30,10,-2,86
1269900,55,21,9,77
1270410,80,48,-6,83
1270920,3,49,1,82
1271430,28,40,1,81
1271940,80,79,0,81
1272450,3,15,-1,82
1272960,4,54,4,78
1273470,29,45,2,76
1273980,81,46,-4,80
1274490,4,47,4,76
1275000,29,38,2,74
1275510,81,77,-8,82
1276020,45,13,5,77
1276530,70,32,2,75
1277040,95,59,-2,77
1277550,7,60,0,77
1278060,32,51,-2,79
1278570,84,52,-3,82
1279080,7,53,2,80
1279590,32,44,2,78
1280100,84,83,-6,84
1280610,7,19,3,81
1281120,8,58,3,78
1281630,33,49,-4,82
1282140,85,88,1,81
1282650,8,24,-3,84
1283160,9,63,7,77
1283670,73,54,-8,85
1284180,98,55,11,74
1284690,21,56,2,72
1285200,85,47,-14,86
1285710,8,74,11,75
1286220,33,65,1,74
1286730,85,56,-7,81
1287240,8,57,3,78
1287750,33,48,-5,83
1288260,85,71,4,79
1288770,8,4,-3,82
1289280,33,43,5,77
1289790,15,82,3,74
1290300,79,24,-10,84
1290810,2,51,9,75
1291320,27,42,-7,82
1291830,79,81,-2,84
1292340,2,17,0,84
1292850,30,30,0,84
1293360,82,69,-5,89
1293870,5,70,13,76
1294380,6,61,5,71
1294890,31,52,-5,76
1295400,83,53,-7,83
1295910,6,54,7,76
1296420,31,45,-2,78
1296930,83,84,-5,83
1297440,6,20,0,83
1297950,7,59,11,72
1298460,32,50,-14,86
1298970,84,51,5,81
1299480,7,52,2,79
1299990,32,43,-6,85
1300500,84,82,5,80
1301010,81,18,-7,87
1301520,4,45,9,78
1302030,29,36,-1,79
1302540,81,75,-5,84
1303050,4,11,3,81
1303560,5,50,4,77
1304070,30,41,-8,85
1304580,82,80,3,82
1305090,5,16,-1,83
1305600,6,55,6,77
1306110,31,46,-3,80
1306620,83,85,2,78
1307130,6,21,-2,80
1307640,7,60,4,76
1308150,32,51,-5,81
1308660,84,90,-4,85
1309170,7,26,7,78
1309680,8,39,-7,85
1310190,33,52,10,75
1310700,85,91,-3,78
1311210,8,27,-3,81
1311720,9,40,-3,84
1312230,34,53,5,79
1312740,86,54,0,79
1313250,9,55,4,75
1313760,73,46,-10,85
1314270,98,47,13,72
1314780,21,74,2,70
1315290,85,65,-12,82
1315800,8,66,3,79
1316310,33,57,5,74
1316820,85,58,-5,79
1317330,8,59,2,77
1317840,8,50,-5,82
1318350,33,41,3,79
1318860,85,52,1,78
1319370,8,53,-3,81
1319880,33,44,3,78
1320390,85,45,-1,79
1320900,8,72,6,73
1321410,98,63,-8,81
1321920,21,64,0,81
1322430,16,55,5,76
1322940,41,46,-2,78
1323450,23,85,5,73
1323960,24,76,2,71
1324470,25,67,-8,79
1324980,26,58,0,79
1325490,51,59,-4,83
1326000,33,98,8,75
1326510,38,89,-3,78
1327020,20,80,2,76
1327530,21,71,2,74
1328040,22,62,-2,76
1328550,17,53,-6,82
1329060,42,44,7,75
1329570,24,55,-1,76
1330080,81,56,-8,84
1330590,4,57,14,70
1331100,29,48,-5,75
1331610,81,49,-8,83
1332120,4,50,10,73
1332630,58,41,-14,87
1333140,93,80,7,80
1333650,16,81,3,77
1334160,17,72,2,75
1334670,81,63,-9,84
1335180,4,64,7,77
1335690,5,55,5,72
1336200,14,46,-4,76
1336710,39,37,-3,79
1337220,21,48,2,77
1337730,16,49,-8,85
1338240,17,11,2,83
1338750,42,50,7,76
1339260,24,89,1,75
1339770,25,80,-3,78
1340280,26,71,1,77
1340790,29,62,8,69
1341300,81,53,-10,79
1341810,4,54,2,77
1342320,29,45,3,74
1342830,81,84,-6,80
1343340,79,20,-3,83
1343850,2,47,2,81
1344360,27,38,6,75
1344870,79,77,-8,83
1345380,2,13,-1,84
1345890,3,52,5,79
1346400,28,43,-2,81
1346910,80,82,-1,82
1347420,3,18,-2,84
1347930,4,57,6,78
1348440,29,48,0,78
1348950,81,49,-5,83
1349460,4,50,5,78
1349970,29,41,2,76
1350480,81,52,-7,83
1350990,4,53,9,74
1351500,29,44,-7,81
1352010,81,83,1,80
1352520,4,19,1,79
1353030,5,32,0,79
1353540,30,33,-2,81
1354050,82,72,-3,84
1354560,5,73,9,75
1355070,6,64,3,72
1355580,31,55,-4,76
1356090,83,56,-9,85
1356600,6,57,13,72
1357110,31,48,-4,76
1357620,83,87,-9,85
1358130,6,23,2,83
1358640,7,62,5,78
1359150,58,53,-3,81
1359660,40,64,4,77
1360170,92,65,-3,80
1360680,15,66,4,76
1361190,16,57,-1,77
1361700,17,48,-9,86
1362210,42,10,8,78
1362720,67,29,-2,80
1363230,92,56,-1,81
1363740,15,57,2,79
1364250,16,48,3,76
1364760,17,10,-7,83
1365270,42,49,9,74
1365780,94,88,-4,78
1366290,17,24,-2,80
1366800,69,63,-2,82
1367310,94,64,5,77
1367820,17,65,5,72
1368330,60,56,-7,79
1368840,42,67,3,76
1369350,24,68,3,73
1369860,25,59,0,73
1370370,26,50,-6,79
1370880,78,51,-2,81
1371390,1,52,10,71
1371900,26,43,-12,83
1372410,78,82,1,82
1372920,1,18,-1,83
1373430,2,31,1,82
1373940,30,44,7,75
1374450,82,83,-8,83
1374960,5,19,7,76
1375470,6,58,3,73
1375980,31,49,-6,79
1376490,83,50,-2,81
1377000,6,51,-2,83
1377510,31,42,6,77
1378020,83,81,-6,83
1378530,6,17,7,76
1379040,7,56,1,75
1379550,32,47,0,75
1380060,84,48,0,75
1380570,7,95,-3,78
1381080,27,44,-1,79
1381590,79,45,-2,81
1382100,2,46,5,76
1382610,27,37,-6,82
1383120,79,76,-3,85
1383630,2,12,4,81
1384140,3,25,-4,85
1384650,31,38,3,82
1385160,83,49,-2,84
1385670,6,50,8,76
1386180,31,41,-8,84
1386690,83,80,-6,90
1387200,6,81,10,80
1387710,7,72,7,73
1388220,74,63,-8,81
1388730,99,64,6,75
1389240,22,65,-3,78
1389750,23,56,0,78
1390260,24,30,-5,83
1390770,76,69,-1,84
1391280,101,70,6,78
1391790,24,71,4,74
1392300,25,62,-1,75
1392810,26,53,-5,80
1393320,60,54,0,80
1393830,85,55,0,80
1394340,8,56,3,77
1394850,33,35,-8,85
1395360,58,46,4,81
1395870,83,47,2,79
1396380,6,48,-2,81
1396890,31,39,-3,84
1397400,83,50,0,84
1397910,6,51,10,74
1398420,86,42,-8,82
1398930,9,43,-1,83
1399440,34,5,6,77
1399950,59,18,0,77
1400460,84,45,2,75
1400970,7,46,-6,81
1401480,32,37,-1,82
1401990,84,48,3,79
1402500,7,49,-1,80
1403010,32,11,3,77
1403520,57,22,-4,81
1404030,82,49,-3,84
1404540,5,50,4,80
1405050,30,41,3,77
1405560,82,52,-5,82
1406070,5,53,8,74
1406580,30,44,-8,82
1407090,82,55,2,80
1407600,5,56,4,76
1408110,30,47,5,71
1408620,82,86,-11,82
1409130,5,22,-8,90
1409640,6,35,9,81
1410150,31,48,2,79
1410660,83,49,-2,81
1411170,6,50,0,81
1411680,31,41,7,74
1412190,83,52,-8,82
1412700,6,53,5,77
1413210,27,44,-2,79
1413720,79,45,-5,84
1414230,2,46,10,74
1414740,27,37,-4,78
1415250,79,48,0,78
1415760,2,49,0,78
1416270,27,40,-5,83
1416780,79,51,4,79
1417290,2,52,5,74
1417800,27,43,-3,77
1418310,79,82,-6,83
1418820,2,18,-1,84
1419330,30,31,3,81
1419840,82,42,2,79
1420350,5,43,0,79
1420860,30,5,2,77
1421370,55,18,1,76
1421880,80,45,-10,86
1422390,3,46,7,79
1422900,28,8,4,75
1423410,53,19,-5,80
1423920,78,46,-4,84
1424430,1,47,7,77
1424940,26,38,2,75
1425450,78,20,-5,80
1425960,1,47,1,79
1426470,26,9,4,75
1426980,51,20,-2,77
1427490,76,21,-9,86
1428000,101,48,9,77
1428510,24,49,-4,81
1429020,58,50,2,79
1429530,83,51,-9,88
1430040,6,52,14,74
1430550,31,43,-6,80
1431060,83,17,-1,81
1431570,6,44,-2,83
1432080,31,6,7,76
1432590,56,19,-3,79
1433100,81,46,-2,81
1433610,4,47,2,79
1434120,29,38,-7,86
1434630,81,77,4,82
1435140,4,13,-3,85
1435650,5,52,7,78
1436160,30,43,2,76
1436670,82,54,-5,81
1437180,5,55,2,79
1437690,30,46,0,79
1438200,82,47,-2,81
1438710,5,48,4,77
1439220,30,39,1,76
1439730,82,50,0,76
1440240,5,51,-2,78
1440750,30,42,0,78
1441260,82,53,-1,79
1441770,5,54,-1,80
1442280,30,45,8,72
1442790,82,46,-12,84
1443300,5,47,12,72
1443810,30,38,-14,86
1444320,82,49,3,83
1444830,5,50,9,74
1445340,30,41,-9,83
1445850,82,52,4,79
1446360,5,53,0,79
1446870,30,44,4,75
1447380,82,55,-1,76
1447890,5,56,-5,81
1448400,30,47,8,73
1448910,82,48,-9,82
1449420,5,49,5,77
1449930,30,40,-1,78
1450440,82,51,-6,84
1450950,5,52,10,74
1451460,30,43,-6,80
1451970,82,44,-1,81
1452480,5,45,-1,82
1452990,30,7,4,78
1453500,55,18,1,77
1454010,80,19,-2,79
1454520,3,46,-2,81
1455030,28,8,1,80
1455540,53,19,-1,81
1456050,78,20,-3,84
1456560,1,47,2,82
1457070,26,9,4,78
1457580,51,20,0,78
1458090,76,21,-4,82
1458600,101,48,1,81
1459110,24,49,-1,82
1459620,76,50,3,79
1460130,101,51,2,77
1460640,24,52,4,73
1461150,76,53,-4,77
1461660,101,54,0,77
1462170,24,55,1,76
1462680,58,56,-7,83
1463190,40,63,9,74
1463700,22,64,-2,76
1464210,23,55,-2,78
1464720,57,56,-1,79
1465230,39,57,-1,80
1465740,91,96,-4,84
1466250,14,32,5,79
1466760,15,71,7,72
1467270,79,62,-16,88
1467780,2,63,10,78
1468290,27,54,-7,85
1468800,61,93,7,78
1469310,43,94,2,76
1469820,25,85,5,71
1470330,63,22,-9,80
1470840,88,49,-6,86
1471350,11,50,7,79
1471860,36,41,-1,80
1472370,88,52,-2,82
1472880,11,53,9,73
1473390,36,44,-6,79
1473900,18,83,1,78
1474410,82,23,-2,80
1474920,5,50,3,77
1475430,69,41,-8,85
1475940,94,42,6,79
1476450,17,43,-1,80
1476960,42,82,9,71
1477470,24,73,-4,75
1477980,25,64,-4,79
1478490,26,65,5,74
1479000,78,56,-10,84
1479510,1,57,12,72
1480020,26,48,-9,81
1480530,78,87,3,78
1481040,28,23,-7,85
1481550,14,62,10,75
1482060,78,53,-5,80
1482570,1,54,4,76
1483080,26,45,-2,78
1483590,78,46,-5,83
1484100,1,47,8,75
1484610,26,38,-8,83
1485120,78,49,7,76
1485630,1,46,-2,78
1486140,26,55,1,77
1486650,60,53,-1,78
1487160,85,54,-5,83
1487670,8,55,8,75
1488180,33,46,-4,79
1488690,85,57,1,78
1489200,8,58,3,75
1489710,33,49,-3,78
1490220,85,60,-5,83
1490730,8,61,7,76
1491240,33,52,3,73
1491750,15,53,-1,74
1492260,40,44,0,74
1492770,22,40,-10,84
1493280,2,79,2,82
1493790,27,19,0,82
1494300,52,58,6,76
1494810,34,59,5,71
1495320,86,60,-9,80
1495830,9,61,7,73
1496340,73,52,-7,80
1496850,98,53,0,80
1497360,21,54,4,76
1497870,85,45,-2,78
1498380,8,46,2,76
1498890,33,37,-4,80
1499400,85,48,-1,81
1499910,8,49,8,73
1500420,33,40,-5,78
1500930,85,51,2,76
1501440,8,52,1,75
1501950,33,43,-7,82
1502460,85,54,6,76
1502970,8,55,-3,79
1503480,33,46,4,75
1503990,85,47,-3,78
1504500,8,48,0,78
1505010,33,39,-3,81
1505520,85,50,2,79
1506030,8,51,8,71
1506540,33,42,-8,79
1507050,85,53,1,78
1507560,8,54,-1,79
1508070,33,45,1,78
1508580,85,56,-7,85
1509090,8,57,8,77
1509600,33,48,-1,78
1510110,85,87,-5,83
1510620,8,23,1,82
1511130,9,62,8,74
1511640,44,53,-7,81
1512150,26,64,9,72
1512660,78,55,-8,80
1513170,1,56,7,73
1513680,26,47,-6,79
1514190,78,48,-5,84
1514700,1,49,11,73
1515210,26,40,-11,84
1515720,78,79,4,80
1516230,1,15,-1,81
1516740,29,28,-5,86
1517250,81,67,6,80
1517760,4,68,1,79
1518270,29,59,5,74
1518780,8,50,-7,81
1519290,33,41,9,72
1519800,15,52,-7,79
1520310,40,43,1,78
1520820,22,54,-3,81
1521330,47,55,-1,82
1521840,29,94,10,72
1522350,30,85,-5,77
1522860,31,76,2,75
1523370,83,67,-11,86
1523880,6,68,10,76
1524390,31,59,1,75
1524900,83,50,-7,82
1525410,6,51,5,77
1525920,31,42,-2,79
1526430,83,53,-1,80
1526940,6,54,2,78
1527450,31,45,2,76
1527960,83,46,-3,79
1528470,6,47,-4,83
1528980,31,38,10,73
1529490,83,49,-10,83
1530000,6,50,6,77
1530510,31,41,-6,83
1531020,83,80,1,82
1531530,6,16,4,78
1532040,91,55,-5,83
1532550,14,56,7,76
1533060,39,47,-1,77
1533570,21,58,2,75
1534080,24,49,-4,79
1534590,76,50,-2,81
1535100,101,51,6,75
1535610,24,52,-11,86
1536120,76,53,3,83
1536630,101,54,12,71
1537140,24,55,-6,77
1537650,76,56,-2,79
1538160,65,57,-8,87
1538670,90,58,9,78
1539180,13,59,2,76
1539690,38,50,-2,78
1540200,20,51,-4,82
1540710,15,90,3,79
1541220,79,81,1,78
1541730,2,17,-2,80
1542240,30,30,0,80
1542750,82,41,3,77
1543260,5,42,-4,81
1543770,30,55,2,79
1544280,82,46,-1,80
1544790,5,47,2,78
1545300,30,38,-7,85
1545810,82,77,2,83
1546320,5,78,7,76
1546830,30,18,-1,77
1547340,55,29,-3,80
1547850,80,36,1,79
1548360,3,63,3,76
1548870,28,54,1,75
1549380,80,45,-3,78
1549890,3,46,4,74
1550400,28,37,-1,75
1550910,80,48,-7,82
1551420,3,49,2,80
1551930,28,40,0,80
1552440,80,79,-4,84
1552950,3,15,2,82
1553460,4,28,-1,83
1553970,32,41,6,77
1554480,14,52,0,77
1554990,78,43,-3,80
1555500,1,44,4,76
1556010,65,35,-1,77
1556520,90,36,-6,83
1557030,13,63,9,74
1557540,77,54,-11,85
1558050,0,55,6,79
1558560,25,46,2,77
1559070,77,47,-2,79
1559580,0,48,6,73
1560090,25,39,-9,82
1560600,77,78,3,79
1561110,59,14,2,77
1561620,35,41,3,74
1562130,17,52,-1,75
1562640,81,43,-14,89
1563150,4,44,7,82
1563660,32,35,4,78
1564170,14,74,2,76
1564680,78,65,-12,88
1565190,1,66,11,77
1565700,65,57,-3,80
1566210,47,58,5,75
1566720,29,59,0,75
1567230,81,50,-8,83
1567740,4,51,3,80
1568250,68,42,3,77
1568760,93,43,-2,79
1569270,16,70,9,70
1569780,80,61,-14,84
1570290,3,62,8,76
1570800,67,53,-7,83
1571310,92,54,3,80
1571820,15,55,3,77
1572330,79,46,-3,80
1572840,2,47,5,75
1573350,66,38,-3,78
1573860,91,39,-2,80
1574370,14,40,4,76
1574880,39,41,-3,79
1575390,21,52,1,78
1575900,85,43,1,77
1576410,8,44,-5,82
1576920,33,35,2,80
1577430,15,74,7,73
1577940,79,65,-10,83
1578450,2,66,8,75
1578960,27,57,-2,77
1579470,79,48,-5,82
1579980,2,49,7,75
1580490,27,40,0,75
1581000,79,51,-5,80
1581510,2,52,6,74
1582020,66,43,0,74
1582530,91,44,-11,85
1583040,14,45,1,84
1583550,39,58,9,75
1584060,21,49,-2,77
1584570,16,40,-1,78
1585080,11,41,-6,84
1585590,36,54,12,72
1586100,18,55,-7,79
1586610,82,46,3,76
1587120,5,47,-4,80
1587630,30,38,-6,86
1588140,82,77,5,81
1588650,5,13,0,81
1589160,6,52,6,75
1589670,31,43,-5,80
1590180,83,82,1,79
1590690,6,18,-8,87
1591200,7,57,15,72
1591710,71,48,-10,82
1592220,96,49,6,76
1592730,19,50,3,73
1593240,20,41,-7,80
1593750,72,42,1,79
1594260,97,43,-1,80
1594770,20,70,9,71
1595280,84,61,-11,82
1595790,7,62,1,81
1596300,71,53,-4,85
1596810,96,54,7,78
1597320,19,55,4,74
1597830,83,46,-8,82
1598340,44,47,12,70
1598850,26,86,1,69
1599360,27,77,-4,73
1599870,28,68,-4,77
1600380,29,59,1,76
1600890,81,50,-10,86
1601400,4,51,9,77
1601910,29,42,-7,84
1602420,81,81,0,84
1602930,4,17,4,80
1603440,5,56,8,72
1603950,69,47,-7,79
1604460,94,48,2,77
1604970,17,75,5,72
1605480,81,66,-12,84
1605990,4,67,15,69
1606500,68,58,-11,80
1607010,19,59,9,71
1607520,83,50,-12,83
1608030,6,51,9,74
1608540,70,42,-7,81
1609050,95,43,3,78
1609560,18,70,8,70
1610070,82,61,-10,80
1610580,5,62,4,76
1611090,69,53,0,76
1611600,94,54,-2,78
1612110,17,34,-2,80
1612620,69,73,8,72
1613130,51,9,-6,78
1613640,27,36,-2,80
1614150,79,75,-1,81
1614660,63,76,4,77
1615170,45,12,3,74
1615680,21,39,-9,83
1616190,73,78,9,74
1616700,55,14,-7,81
1617210,31,41,-4,85
1617720,83,80,-1,86
1618230,6,81,9,77
1618740,7,72,4,73
1619250,71,63,-2,75
1619760,53,64,-7,82
1620270,35,65,5,77
1620780,17,56,-1,78
1621290,81,47,-7,85
1621800,4,74,8,77
1622310,68,65,-1,78
1622820,50,2,4,74
1623330,26,21,-7,81
1623840,78,60,-3,84
1624350,1,61,9,75
1624860,17,52,1,74
1625370,81,43,-8,82
1625880,4,70,-1,83
1626390,20,50,4,79
1626900,15,89,3,76
1627410,79,80,-8,84
1627920,29,16,4,80
1628430,65,55,3,77
1628940,47,56,-4,81
1629450,29,95,3,78
1629960,11,86,2,76
1630470,21,77,2,74
1630980,85,68,-8,82
1631490,8,69,8,74
1632000,72,60,-12,86
1632510,97,61,11,75
1633020,20,62,-4,79
1633530,84,53,-1,80
1634040,7,54,6,74
1634550,71,45,-3,77
1635060,96,46,0,77
1635570,19,73,5,72
1636080,83,64,-17,89
1636590,6,65,13,76
1637100,70,56,-8,84
1637610,95,57,8,76
1638120,18,84,2,74
1638630,82,75,-13,87
1639140,5,76,15,72
1639650,69,67,-4,76
1640160,85,3,-4,80
1640670,61,22,5,75
1641180,86,49,-6,81
1641690,9,76,3,78
1642200,10,67,6,72
1642710,74,58,-9,81
1643220,99,59,5,76
1643730,22,86,1,75
1644240,86,77,-9,84
1644750,9,13,-1,85
1645260,28,52,9,76
1645770,80,53,-8,84
1646280,3,54,8,76
1646790,67,45,-3,79
1647300,92,46,1,78
1647810,15,73,0,78
1648320,79,64,-11,89
1648830,2,65,14,75
1649340,18,2,-5,80
1649850,19,41,4,76
1650360,14,42,-5,81
1650870,9,55,0,81
1651380,37,46,5,76
1651890,19,57,-6,82
1652400,83,48,3,79
1652910,6,75,6,73
1653420,7,66,-3,76
1653930,71,57,-4,80
1654440,96,58,-2,82
1654950,19,59,4,78
1655460,83,50,-1,79
1655970,6,51,5,74
1656480,70,42,-13,87
1656990,95,43,8,79
1657500,18,70,4,75
1658010,82,61,-6,81
1658520,5,62,5,76
1659030,30,53,-1,77
1659540,82,54,-5,82
1660050,5,55,3,79
1660560,30,46,1,78
1661070,82,57,-2,80
1661580,5,58,6,74
1662090,69,49,-9,83
1662600,94,50,2,81
1663110,17,77,8,73
1663620,81,68,-9,82
1664130,4,69,7,75
1664640,20,60,3,72
1665150,15,51,-5,77
1665660,79,42,-2,79
1666170,2,69,-1,80
1666680,66,60,-4,84
1667190,48,61,7,77
1667700,30,99,-1,78
1668210,12,36,-7,85
1668720,31,75,13,72
1669230,13,66,-3,75
1669740,77,57,-8,83
1670250,0,58,4,79
1670760,64,49,-2,81
1671270,89,50,5,76
1671780,12,77,2,74
1672290,76,68,-11,85
1672800,101,69,5,80
1673310,24,70,0,80
1673820,88,61,-1,81
1674330,11,62,12,69
1674840,75,53,-15,84
1675350,100,54,9,75
1675860,23,81,4,71
1676370,87,72,-12,83
1676880,10,73,13,70
1677390,74,64,-16,86
1677900,99,65,11,75
1678410,22,66,-1,76
1678920,86,39,-9,85
1679430,9,66,10,75
1679940,73,57,-9,84
1680450,98,58,6,78
1680960,21,59,2,76
1681470,85,50,-8,84
1681980,8,77,6,78
1682490,72,68,-4,82
1683000,54,5,0,82
1683510,30,24,-1,83
1684020,49,35,1,82
1684530,27,46,0,82
1685040,79,57,-2,84
1685550,2,58,12,72
1686060,66,49,-7,79
1686570,91,50,-3,82
1687080,14,77,9,73
1687590,78,68,-12,85
1688100,1,69,12,73
1688610,17,6,-7,80
1689120,36,45,0,80
1689630,18,56,8,72
1690140,82,30,-10,82
1690650,5,57,4,78
1691160,69,48,-9,87
1691670,94,49,7,80
1692180,17,76,6,74
1692690,81,16,-8,82
1693200,4,43,-3,85
1693710,23,56,9,76
1694220,87,95,-11,87
1694730,37,31,0,87
1695240,67,42,5,82
1695750,92,43,6,76
1696260,15,70,4,72
1696770,79,61,-8,80
1697280,2,62,1,79
1697790,66,75,-3,82
1698300,48,0,6,76
1698810,24,19,-4,80
1699320,43,58,7,73
1699830,25,59,-5,78
1700340,89,38,-4,82
1700850,12,65,11,71
1701360,76,56,-15,86
1701870,80,57,5,81
1702380,3,58,4,77
1702890,67,49,-2,79
1703400,92,88,-3,82
1703910,15,89,6,76
1704420,25,29,-5,81
1704930,77,68,-2,83
1705440,0,69,-1,84
1705950,64,6,5,79
1706460,40,79,-2,81
1706970,22,70,2,79
1707480,86,61,-2,81
1707990,9,62,6,75
1708500,73,53,-9,84
1709010,98,54,8,76
1709520,21,81,2,74
1710030,85,18,-9,83
1710540,8,45,3,80
1711050,33,58,5,75
1711560,85,59,-8,83
1712070,8,60,2,81
1712580,72,51,-4,85
1713090,97,52,5,80
1713600,20,79,0,80
1714110,84,70,-8,88
1714620,7,71,13,75
1715130,71,62,-10,85
1715640,96,63,5,80
1716150,19,64,-1,81
1716660,83,55,0,81
1717170,6,56,9,72
1717680,70,47,-7,79
1718190,95,48,-2,81
1718700,18,75,6,75
1719210,82,66,-8,83
1719720,5,67,13,70
1720230,69,58,-7,77
1720740,94,97,-16,93
1721250,44,33,13,80
1721760,26,44,-2,82
1722270,78,55,1,81
1722780,1,68,8,73
1723290,65,8,-9,82
1723800,41,35,3,79
1724310,23,46,1,78
1724820,87,85,-5,83
1725330,10,10,3,80
1725840,29,49,0,80
1726350,81,88,4,76
1726860,63,13,-7,83
1727370,88,40,0,83
1727880,11,67,9,74
1728390,75,58,-8,82
1728900,100,59,7,75
1729410,23,86,0,75
1729920,87,23,-6,81
1730430,10,50,3,78
1730940,35,41,-3,81
1731450,87,52,-2,83
1731960,10,79,11,72
1732470,74,70,-10,82
1732980,56,7,-6,88
1733490,32,26,7,81
1734000,14,37,-5,86
1734510,33,76,12,74
1735020,97,67,1,73
1735530,20,68,3,70
1736040,84,59,-11,81
1736550,7,60,8,73
1737060,71,51,-6,79
1737570,96,52,1,78
1738080,19,79,5,73
1738590,83,70,-9,82
1739100,6,71,7,75
1739610,70,62,-4,79
1740120,95,63,-1,80
1740630,18,64,6,74
1741140,82,55,-6,80
1741650,5,56,5,75
1742160,69,47,-9,84
1742670,94,48,7,77
1743180,17,75,3,74
1743690,81,80,-2,76
1744200,4,5,-4,80
1744710,5,44,2,78
1745220,27,35,-5,83
1745730,79,46,6,77
1746240,2,73,5,72
1746750,66,64,-14,86
1747260,48,75,14,72
1747770,30,66,-4,76
1748280,64,57,-7,83
1748790,46,68,3,80
1749300,28,59,1,79
1749810,92,50,-2,81
1750320,15,77,6,75
1750830,79,68,-10,85
1751340,2,69,10,75
1751850,66,60,-8,83
1752360,48,71,6,77
1752870,30,72,8,69
1753380,82,63,-10,79
1753890,5,64,5,74
1754400,69,55,-18,92
1754910,94,56,16,76
1755420,17,83,1,75
1755930,81,74,-7,82
1756440,4,75,8,74
1756950,68,66,-9,83
1757460,50,77,11,72
1757970,32,68,-8,80
1758480,96,59,0,80
1758990,19,60,5,75
1759500,83,51,-5,80
1760010,6,52,1,79
1760520,70,43,-8,87
1761030,95,70,5,82
1761540,18,71,10,72
1762050,82,62,-11,83
1762560,5,63,7,76
1763070,30,54,-1,77
1763580,82,45,-1,78
1764090,5,72,-2,80
1764600,30,63,-1,81
1765110,64,54,0,81
1765620,89,55,1,80
1766130,12,56,1,79
1766640,37,47,3,76
1767150,19,58,-1,77
1767660,83,67,-8,85
1768170,6,68,8,77
1768680,31,95,4,73
1769190,13,86,-4,77
1769700,77,77,-1,78
1770210,59,2,-4,82
1770720,35,21,0,82
1771230,71,32,3,79
1771740,56,59,-2,81
1772250,38,86,6,75
1772760,20,77,2,73
1773270,84,68,-12,85
1773780,7,69,8,77
1774290,32,60,6,71
1774800,84,51,-10,81
1775310,7,78,8,73
1775820,88,69,-17,90
1776330,11,70,17,73
1776840,75,61,-11,84
1777350,100,62,9,75
1777860,23,63,-3,78
1778370,87,72,-9,87
1778880,10,73,12,75
1779390,74,64,-9,84
1779900,99,65,9,75
1780410,22,66,0,75
1780920,86,39,-9,84
1781430,9,66,10,74
1781940,73,57,-10,84
1782450,98,58,1,83
1782960,21,85,2,81
1783470,85,58,-1,82
1783980,20,59,3,79
1784490,84,68,-8,87
1785000,7,69,8,79
1785510,32,60,0,79
1786020,84,61,-7,86
1786530,7,62,7,79
1787040,32,53,3,76
1787550,89,92,-5,81
1788060,71,17,3,78
1788570,96,44,5,73
1789080,19,71,-3,76
1789590,83,62,-13,89
1790100,6,63,17,72
1790610,31,54,-9,81
1791120,83,45,-3,84
1791630,6,72,6,78
1792140,31,63,10,68
1792650,13,54,-15,83
1793160,38,63,2,81
1793670,90,74,2,79
1794180,13,75,7,72
1794690,77,66,-10,82
1795200,0,67,2,80
1795710,25,80,4,76
1796220,89,53,-4,80
1796730,12,80,0,80
1797240,37,71,7,73
1797750,19,62,-5,78
1798260,83,71,-9,87
1798770,6,72,15,72
1799280,87,63,-11,83
1799790,10,64,8,75
1800300,35,55,-2,77
1800810,17,66,3,74
1801320,81,57,-13,87
1801830,4,58,14,73
1802340,29,49,-7,80
1802850,81,60,-1,81
1803360,4,61,5,76
1803870,49,41,-4,80
1804380,31,52,6,74
1804890,83,14,-5,79
1805400,6,41,1,78
1805910,31,3,2,76
1806420,7,16,-9,85
1806930,26,55,11,74
1807440,60,64,-4,78
1807950,42,75,6,72
1808460,24,66,-8,80
1808970,88,39,-6,86
1809480,11,66,6,80
1809990,36,57,2,78
1810500,88,96,-1,79
1811010,70,21,1,78
1811520,95,48,3,75
1812030,18,75,3,72
1812540,82,66,-9,81
1813050,5,67,8,73
1813560,30,76,-6,79
1814070,64,85,-2,81
1814580,46,10,2,79
1815090,71,37,1,78
1815600,96,64,-5,83
1816110,19,65,6,77
1816620,83,74,-6,83
1817130,6,75,6,77
1817640,31,1,2,75
1818150,7,14,-9,84
1818660,26,27,0,84
1819170,78,66,1,83
1819680,1,67,5,78
1820190,26,76,6,72
1820700,90,49,-10,82
1821210,13,76,3,79
1821720,38,67,10,69
1822230,20,58,-5,74
1822740,84,31,-8,82
1823250,7,58,6,76
1823760,32,67,3,73
1824270,14,76,-4,77
1824780,78,67,-1,78
1825290,1,68,1,77
1825800,26,77,8,69
1826310,3,50,-7,76
1826820,28,59,1,75
1827330,62,21,-2,77
1827840,87,48,-6,83
1828350,10,75,9,74
1828860,35,1,-3,77
1829370,11,14,-5,82
1829880,30,53,7,75
1830390,12,99,0,75
1830900,93,39,-7,82
1831410,16,66,6,76
1831920,80,39,-8,84
1832430,3,66,10,74
1832940,28,75,3,71
1833450,62,49,-4,75
1833960,44,50,1,74
1834470,26,61,2,72
1834980,60,70,-6,78
1835490,42,97,1,77
1836000,24,33,1,76
1836510,76,44,-6,82
1837020,101,71,10,72
1837530,24,72,-7,79
1838040,88,81,-6,85
1838550,11,6,3,82
1839060,30,45,6,76
1839570,82,56,-2,78
1840080,5,57,2,76
1840590,30,66,3,73
1841100,64,23,-6,79
1841610,89,50,2,77
1842120,12,77,2,75
1842630,37,68,-4,79
1843140,19,4,-7,86
1843650,38,17,8,78
1844160,45,28,-2,80
1844670,70,39,-5,85
1845180,95,66,5,80
1845690,18,67,7,73
1846200,43,40,-8,81
1846710,25,51,-1,82
1847220,59,13,4,78
1847730,84,40,-2,80
1848240,7,67,4,76
1848750,32,76,3,73
1849260,66,85,-8,81
1849770,48,10,9,72
1850280,36,37,-4,76
1850790,18,48,-4,80
1851300,37,57,8,72
1851810,19,84,-8,80
1852320,83,57,-3,83
1852830,6,58,8,75
1853340,31,67,1,74
1853850,65,76,-5,79
1854360,47,1,-3,82
1854870,23,20,2,80
1855380,42,31,1,79
1855890,24,42,-2,81
1856400,58,55,2,79
1856910,40,66,1,78
1857420,22,28,-10,88
1857930,74,67,11,77
1858440,99,78,-6,83
1858950,22,79,11,72
1859460,86,52,-13,85
1859970,9,79,7,78
1860480,34,94,4,74
1860990,16,67,-4,78
1861500,41,76,-1,79
1862010,23,12,-4,83
1862520,42,23,1,82
1863030,67,34,0,82
1863540,92,61,3,79
1864050,15,62,1,78
1864560,40,71,6,72
1865070,22,72,-2,74
1865580,86,81,-12,86
1866090,9,6,5,81
1866600,34,19,0,81
1867110,59,30,2,79
1867620,84,57,0,79
1868130,7,58,0,79
1868640,32,67,-1,80
1869150,66,29,-5,85
1869660,91,56,3,82
1870170,14,83,5,77
1870680,39,56,7,70
1871190,21,83,-1,71
1871700,85,56,-12,83
1872210,8,57,4,79
1872720,33,66,4,75
1873230,15,28,-10,85
1873740,34,67,6,79
1874250,16,66,2,77
1874760,80,75,-8,85
1875270,3,76,9,76
1875780,28,89,1,75
1876290,92,62,-1,76
1876800,15,63,1,75
1877310,40,72,-2,77
1877820,22,93,-3,80
1878330,86,66,-4,84
1878840,9,67,13,71
1879350,73,58,-14,85
1879860,98,59,11,74
1880370,21,86,-1,75
1880880,85,59,-9,84
1881390,8,60,9,75
1881900,33,69,-2,77
1882410,15,90,-4,81
1882920,40,30,9,72
1883430,65,41,-10,82
1883940,90,42,4,78
1884450,13,69,8,70
1884960,77,78,-13,83
1885470,59,3,5,78
1885980,35,22,1,77
1886490,60,33,-4,81
1887000,85,60,-4,85
1887510,8,76,11,74
1888020,33,85,1,73
1888530,15,59,-8,81
1889040,40,32,4,77
1889550,65,43,-3,80
1890060,90,44,2,78
1890570,13,71,2,76
1891080,38,80,-1,77
1891590,20,42,-7,84
1892100,54,4,7,77
1892610,30,23,-11,88
1893120,55,34,9,79
1893630,80,61,-6,85
1894140,3,62,13,72
1894650,28,71,0,72
1895160,62,45,-11,83
1895670,87,56,5,78
1896180,10,57,3,75
1896690,35,48,-4,79
1897200,17,59,2,77
1897710,42,68,-2,79
1898220,24,69,6,73
1898730,49,43,-4,77
1899240,31,54,-13,90
1899750,50,16,8,82
1900260,95,29,-1,83
1900770,18,56,6,77
1901280,43,65,6,71
1901790,25,27,-11,82
1902300,77,38,2,80
1902810,0,65,7,73
1903320,25,78,-3,76
1903830,35,87,7,69
1904340,17,61,-11,80
1904850,77,70,0,80
1905360,0,71,-1,81
1905870,91,84,-2,83
1906380,14,85,8,75
1906890,39,76,-6,81
1907400,21,38,-2,83
1907910,73,49,3,80
1908420,98,50,3,77
1908930,21,77,3,74
1909440,85,51,-10,84
1909950,8,78,5,79
1910460,33,87,10,69
1910970,15,61,-10,79
1911480,40,70,4,75
1911990,22,32,-14,89
1912500,74,43,7,82
1913010,99,70,4,78
1913520,49,71,-2,80
1914030,31,98,4,76
1914540,13,38,-6,82
1915050,38,51,3,79
1915560,20,62,4,75
1916070,84,71,-9,84
1916580,7,72,10,74
1917090,32,63,0,74
1917600,14,25,-8,82
1918110,33,64,3,79
1918620,15,26,-2,81
1919130,49,65,6,75
1919640,31,92,4,71
1920150,13,32,-14,85
1920660,32,45,7,78
1921170,14,56,-2,80
1921680,39,18,4,76
1922190,21,31,-9,85
1922700,73,42,8,77
1923210,98,69,0,77
1923720,21,70,-3,80
1924230,85,79,-3,83
1924740,67,58,0,83
1925250,49,59,5,78
1925760,31,70,3,75
1926270,13,44,1,74
1926780,38,53,2,72
1927290,20,15,-8,80
1927800,39,26,3,77
1928310,21,37,-2,79
1928820,73,50,-1,80
1929330,98,51,2,78
1929840,21,78,5,73
1930350,85,87,-9,82
1930860,67,12,-2,84
1931370,41,39,6,78
1931880,23,50,-1,79
1932390,57,12,2,77
1932900,31,39,-5,82
1933410,13,50,-1,83
1933920,38,12,4,79
1934430,63,39,-2,81
1934940,88,40,-2,83
1935450,11,67,8,75
1935960,36,58,-7,82
1936470,88,20,3,79
1936980,11,47,-3,82
1937490,36,56,8,74
1938000,18,67,-6,80
1938510,43,76,7,73
1939020,25,97,-5,78
1939530,35,37,-3,81
1940040,17,48,2,79
1940550,42,10,-3,82
1941060,18,29,-3,85
1941570,37,68,8,77
1942080,19,30,-7,84
1942590,38,69,9,75
1943100,20,70,1,74
1943610,45,79,-3,77
1944120,27,80,8,69
1944630,9,54,-5,74
1945140,34,45,-6,80
1945650,16,58,7,73
1946160,41,67,-1,74
1946670,23,29,-7,81
1947180,42,40,8,73
1947690,24,51,-6,79
1948200,58,13,-1,80
1948710,83,40,-3,83
1949220,6,67,8,75
1949730,31,58,3,72
1950240,13,20,-13,85
1950750,32,59,11,74
1951260,14,21,-15,89
1951770,53,60,12,77
1952280,58,87,4,73
1952790,40,6,-8,81
1953300,16,25,0,81
1953810,68,64,4,77
1954320,50,26,-3,80
1954830,75,39,-1,81
1955340,100,66,7,74
1955850,23,67,3,71
1956360,33,41,-7,78
1956870,15,54,4,74
1957380,40,63,2,72
1957890,22,90,-1,73
1958400,47,30,-9,82
1958910,72,41,2,80
1959420,97,68,3,77
1959930,20,69,-1,78
1960440,45,78,2,76
1960950,27,69,0,76
1961460,52,78,-4,80
1961970,34,99,1,79
1962480,16,39,-4,83
1962990,41,52,8,75
1963500,23,65,2,73
1964010,48,56,-4,77
1964520,30,83,3,74
1965030,55,57,-3,77
1965540,37,84,5,72
1966050,19,75,-4,76
1966560,44,66,-7,83
1967070,26,93,9,74
1967580,8,33,-11,85
1968090,33,46,12,73
1968600,15,57,1,72
1969110,40,48,-5,77
1969620,22,59,1,76
1970130,47,33,0,76
1970640,72,44,-5,81
1971150,97,71,-1,82
1971660,20,72,10,72
1972170,45,63,-4,76
1972680,27,90,6,70
1973190,37,81,-7,77
1973700,19,72,-1,78
1974210,44,63,6,72
1974720,26,84,-2,74
1975230,36,75,0,74
1975740,18,66,-4,78
1976250,43,57,7,71
1976760,25,84,-5,76
1977270,50,75,-3,79
1977780,32,66,6,73
1978290,14,57,1,72
1978800,39,48,-3,75
1979310,21,59,0,75
1979820,46,33,-3,78
1980330,71,44,-1,79
1980840,96,71,2,77
1981350,19,72,7,70
1981860,44,63,-12,82
1982370,26,74,5,77
1982880,51,65,-5,82
1983390,33,92,7,75
1983900,15,66,-2,77
1984410,40,57,1,76
1984920,25,68,-1,77
1985430,50,59,1,76
1985940,32,72,2,74
1986450,66,63,-3,77
1986960,48,76,0,77
1987470,30,67,2,75
1987980,64,41,-3,78
1988490,89,68,-4,82
1989000,12,69,10,72
1989510,37,60,-5,77
1990020,89,98,-8,85
1990530,71,23,2,83
1991040,96,50,3,80
1991550,19,77,7,73
1992060,44,68,-3,76
1992570,26,95,-2,78
1993080,51,35,1,77
1993590,76,46,-4,81
1994100,101,73,5,76
1994610,24,74,1,75
1995120,49,65,-9,84
1995630,31,92,14,70
1996140,56,83,-6,76
1996650,38,19,0,76
1997160,63,30,-4,80
1997670,88,57,-5,85
1998180,11,84,5,80
1998690,36,33,2,78
1999200,18,44,-5,83
1999710,52,57,8,75
2000220,34,68,3,72
2000730,68,59,-10,82
2001240,93,66,-1,83
2001750,16,67,11,72
2002260,41,58,-1,73
2002770,23,85,-2,75
2003280,48,76,4,71
2003790,30,67,-8,79
2004300,35,3,2,77
2004810,11,22,-1,78
2005320,30,35,-1,79
2005830,82,46,1,78
2006340,5,73,2,76
2006850,30,64,5,71
2007360,64,0,-13,84
2007870,40,19,5,79
2008380,47,30,3,76
2008890,72,41,-2,78
2009400,97,68,-1,79
2009910,20,69,8,71
2010420,45,78,-10,81
2010930,27,14,5,76
2011440,52,25,-4,80
2011950,77,52,-1,81
2012460,0,79,8,73
2012970,82,28,-8,81
2013480,5,55,7,74
2013990,30,46,-1,75
2014500,82,57,-9,84
2015010,5,84,7,77
2015520,30,33,2,75
2016030,12,44,-6,81
2016540,37,53,9,72
2017050,19,64,-5,77
2017560,44,73,4,73
2018070,26,94,0,73
2018580,51,34,-7,80
2019090,76,45,1,79
2019600,101,72,4,75
2020110,24,99,0,75
2020620,49,39,-2,77
2021130,74,50,-1,78
2021640,99,51,0,78
2022150,22,78,5,73
2022660,47,87,-5,78
2023170,29,23,-1,79
2023680,54,34,1,78
2024190,79,45,0,78
2024700,2,72,-2,80
2025210,27,100,8,72
2025720,52,40,-4,76
2026230,77,51,-4,80
2026740,0,78,4,76
2027250,25,4,-3,79
2027760,50,15,-3,82
2028270,75,51,-1,83
2028780,100,78,7,76
2029290,23,79,5,71
2029800,48,88,-7,78
2030310,30,24,0,78
2030820,55,35,-4,82
2031330,80,46,8,74
2031840,3,73,-6,80
2032350,28,58,5,75
2032860,8,96,-8,83
2033370,33,36,0,83
2033880,15,47,3,80
2034390,40,56,-1,81
2034900,22,67,4,77
2035410,47,76,-3,80
2035920,29,12,0,80
2036430,54,23,7,73
2036940,79,50,-8,81
2037450,2,77,5,76
2037960,27,86,5,71
2038470,52,95,-3,74
2038980,34,31,-5,79
2039490,16,42,0,79
2040000,41,53,4,75
2040510,23,80,2,73
2041020,48,89,-4,77
2041530,30,25,-6,83
2042040,55,36,1,82
2042550,80,47,3,79
2043060,3,74,3,76
2043570,28,0,-1,77
2044080,4,13,-1,78
2044590,32,26,-7,85
2045100,57,37,4,81
2045610,77,48,8,73
2046120,0,75,-6,79
2046630,25,24,-3,82
2047140,50,35,6,76
2047650,75,46,-3,79
2048160,100,73,5,74
2048670,23,74,4,70
2049180,48,48,-4,74
2049690,30,10,-3,77
2050200,55,21,-1,78
2050710,80,48,-3,81
2051220,3,75,5,76
2051730,28,24,-8,84
2052240,53,35,9,75
2052750,78,62,-8,83
2053260,1,97,5,78
2053770,26,37,1,77
2054280,78,48,-7,84
2054790,1,75,12,72
2055300,26,1,2,70
2055810,51,14,-9,79
2056320,76,33,-1,80
2056830,101,60,5,75
2057340,24,87,7,68
2057850,49,27,-8,76
2058360,74,54,-3,79
2058870,99,55,2,77
2059380,22,82,3,74
2059890,47,22,-5,79
2060400,72,49,-4,83
2060910,97,50,9,74
2061420,20,77,-3,77
2061930,45,17,2,75
2062440,70,44,-10,85
2062950,95,71,7,78
2063460,18,72,4,74
2063970,43,81,4,70
2064480,25,72,-2,72
2064990,35,46,-3,75
2065500,17,53,-9,84
2066010,42,62,11,73
2066520,24,100,-2,75
2067030,49,36,-1,76
2067540,74,43,1,75
2068050,99,70,-1,76
2068560,22,71,3,73
2069070,47,80,-10,83
2069580,29,16,3,80
2070090,54,27,-4,84
2070600,79,10,2,82
2071110,2,29,-1,83
2071620,27,42,1,82
2072130,79,49,3,79
2072640,2,76,3,76
2073150,27,25,-10,86
2073660,52,36,5,81
2074170,77,43,4,77
2074680,0,70,2,75
2075190,25,83,1,74
2075700,50,92,1,73
2076210,32,83,2,71
2076720,14,57,-4,75
2077230,39,66,-3,78
2077740,91,2,-6,84
2078250,67,21,4,80
2078760,92,48,1,79
2079270,15,75,9,70
2079780,40,84,-7,77
2080290,22,20,-8,85
2080800,41,27,5,80
2081310,66,34,2,78
2081820,91,61,1,77
2082330,14,62,4,73
2082840,39,71,2,71
2083350,21,62,-8,79
2083860,46,36,4,75
2084370,88,43,-7,82
2084880,11,70,4,78
2085390,36,79,-2,80
2085900,29,53,4,76
2086410,81,15,-3,79
2086920,4,42,-1,80
2087430,29,55,2,78
2087940,48,17,2,76
2088450,73,44,-2,78
2088960,98,71,-3,81
2089470,21,72,9,72
2089980,46,81,-9,81
2090490,28,17,2,79
2091000,53,28,-1,80
2091510,78,55,2,78
2092020,1,56,2,76
2092530,26,65,-3,79
2093040,51,39,-8,87
2093550,76,40,8,79
2094060,101,67,-2,81
2094570,24,68,9,72
2095080,49,77,-2,74
2095590,31,13,-5,79
2096100,56,24,-1,80
2096610,81,51,-6,86
2097120,4,78,9,77
2097630,29,27,-3,80
2098140,54,38,0,80
2098650,79,45,-1,81
2099160,2,72,4,77
2099670,27,81,1,76
2100180,32,55,5,71
2100690,84,82,-13,84
2101200,7,7,2,82
2101710,32,20,1,81
2102220,57,31,1,80
2102730,82,58,-2,82
2103240,5,59,5,77
2103750,30,68,4,73
2104260,82,42,-9,82
2104770,5,69,8,74
2105280,30,18,-8,82
2105790,55,29,5,77
2106300,80,56,-7,84
2106810,3,57,5,79
2107320,28,66,6,73
2107830,33,40,-4,77
2108340,15,47,-6,83
2108850,40,56,6,77
2109360,22,83,6,71
2109870,47,92,-13,84
2110380,29,28,2,82
2110890,81,35,5,77
2111400,4,62,-4,81
2111910,29,71,6,75
2112420,81,45,-2,77
2112930,4,72,-4,81
2113440,29,81,7,74
2113950,54,55,-7,81
2114460,36,62,4,77
2114970,88,89,-5,82
2115480,11,42,0,82
2115990,36,4,6,76
2116500,61,23,-2,78
2117010,86,50,-6,84
2117520,9,77,9,75
2118030,34,26,-9,84
2118540,59,37,4,80
2119050,84,64,-4,84
2119560,7,65,9,75
2120070,32,74,4,71
2120580,84,48,-5,76
2121090,7,75,-5,81
2121600,32,24,1,80
2122110,57,35,-3,83
2122620,82,62,2,81
2123130,5,63,8,73
2123640,30,72,1,72
2124150,49,46,-4,76
2124660,31,53,-1,77
2125170,83,80,-7,84
2125680,6,5,5,79
2126190,31,18,-5,84
2126700,56,29,7,77
2127210,81,56,-4,81
2127720,4,57,6,75
2128230,29,66,-7,82
2128740,54,40,-4,86
2129250,79,67,5,81
2129760,2,68,2,79
2130270,27,81,5,74
2130780,52,55,-4,78
2131290,34,82,0,78
2131800,86,56,-1,79
2132310,9,83,-1,80
2132820,34,32,1,79
2133330,86,39,-5,84
2133840,9,66,8,76
2134350,34,75,4,72
2134860,86,49,-7,79
2135370,9,76,3,76
2135880,34,25,-5,81
2136390,59,36,1,80
2136900,84,63,-2,82
2137410,7,64,6,76
2137920,32,73,6,70
2138430,84,47,-10,80
2138940,7,74,5,75
2139450,32,23,-3,78
2139960,57,30,-5,83
2140470,82,57,0,83
2140980,5,58,7,76
2141490,30,67,3,73
2142000,82,41,-13,86
2142510,5,68,9,77
2143020,30,77,5,72
2143530,82,51,-7,79
2144040,5,78,2,77
2144550,30,27,-13,90
2145060,55,34,20,70
2145570,80,61,-11,81
2146080,3,62,6,75
2146590,28,71,3,72
2147100,7,45,-6,78
2147610,32,54,-8,86
2148120,84,16,3,83
2148630,7,43,6,77
2149140,32,5,3,74
2149650,57,18,-6,80
2150160,82,45,0,80
2150670,5,72,-1,81
2151180,30,81,8,73
2151690,82,55,-10,83
2152200,5,56,6,77
2152710,30,65,6,71
2153220,82,27,-16,87
2153730,5,54,10,77
2154240,30,63,-7,84
2154750,55,72,8,76
2155260,37,8,2,74
2155770,62,18,-3,77
2156280,87,45,-3,80
2156790,10,72,4,76
2157300,35,81,2,74
2157810,17,55,-4,78
2158320,42,64,6,72
2158830,24,91,-5,77
2159340,49,27,0,77
2159850,74,54,-6,83
2160360,99,55,10,73
2160870,22,82,1,72
2161380,47,91,-5,77
2161890,29,82,6,71
2162400,54,56,-6,77
2162910,36,83,-4,81
2163420,88,19,0,81
2163930,11,46,-2,83
2164440,36,55,3,80
2164950,81,82,-3,83
2165460,4,18,4,79
2165970,29,31,-2,81
2166480,47,38,3,78
2166990,72,65,-5,83
2167500,97,92,5,78
2168010,20,28,-9,87
2168520,39,67,18,69
2169030,21,58,-4,73
2169540,46,67,-2,75
2170050,28,29,-9,84
2170560,80,36,0,84
2171070,3,63,5,79
2171580,28,72,8,71
2172090,80,46,-5,76
2172600,3,73,1,75
2173110,28,86,2,73
2173620,53,60,-9,82
2174130,35,87,11,71
2174640,17,61,-4,75
2175150,42,70,1,74
2175660,24,61,-5,79
2176170,43,70,4,75
2176680,25,32,-6,81
2177190,77,39,1,80
2177700,0,66,1,79
2178210,25,79,8,71
2178720,77,88,-11,82
2179230,27,24,-5,87
2179740,79,35,2,85
2180250,2,62,10,75
2180760,27,71,5,70
2181270,79,45,-9,79
2181780,2,72,5,74
2182290,27,85,1,73
2182800,79,59,-11,84
2183310,2,60,4,80
2183820,27,69,4,76
2184330,79,78,-6,82
2184840,2,3,6,76
2185350,27,16,-5,81
2185860,52,27,1,80
2186370,77,54,-1,81
2186880,0,55,8,73
2187390,25,64,-6,79
2187900,44,73,3,76
2188410,96,64,-2,78
2188920,19,91,-1,79
2189430,44,27,2,77
2189940,69,54,-4,81
2190450,94,55,0,81
2190960,17,82,9,72
2191470,42,91,0,72
2191980,24,27,-11,83
2192490,76,34,7,76
2193000,101,61,-4,80
2193510,24,88,3,77
2194020,88,24,-5,82
2194530,11,51,3,79
2195040,36,60,2,77
2195550,88,87,-11,88
2196060,11,12,8,80
2196570,30,51,8,72
2197080,82,78,-11,83
2197590,72,3,4,79
2198100,46,22,-2,81
2198610,71,33,2,79
2199120,96,60,1,78
2199630,19,87,1,77
2200140,44,23,0,77
2200650,69,34,0,77
2201160,94,61,-5,82
2201670,17,88,8,74
2202180,42,37,-6,80
2202690,24,48,3,77
2203200,76,86,-9,86
2203710,58,22,4,82
2204220,83,49,0,82
2204730,6,76,1,81
2205240,31,25,2,79
2205750,56,36,-4,83
2206260,81,63,3,80
2206770,4,64,6,74
2207280,29,73,3,71
2207790,29,47,-12,83
2208300,81,74,2,81
2208810,4,101,-1,82
2209320,29,50,7,75
2209830,81,77,-5,80
2210340,4,2,-4,84
2210850,29,15,4,80
2211360,54,26,-2,82
2211870,79,53,5,77
2212380,2,80,-2,79
2212890,27,93,9,70
2213400,79,29,-10,80
2213910,2,56,1,79
2214420,27,69,4,75
2214930,79,78,-5,80
2215440,29,3,7,73
2215950,54,16,-8,81
2216460,79,43,0,81
2216970,2,5,-5,86
2217480,30,18,5,81
2217990,55,29,-6,87
2218500,80,40,5,82
2219010,3,67,3,79
2219520,28,76,10,69
2220030,80,67,-16,85
2220540,3,68,11,74
2221050,28,77,-5,79
2221560,80,68,-8,87
2222070,3,84,9,78
2222580,28,97,2,76
2223090,29,33,-9,85
2223600,81,44,4,81
2224110,4,71,2,79
2224620,98,80,-2,81
2225130,21,5,-1,82
2225640,40,18,7,75
2226150,65,29,-6,81
2226660,90,56,1,80
2227170,13,83,7,73
2227680,38,92,2,71
2228190,20,28,-9,80
2228700,72,39,5,75
2229210,97,66,-6,81
2229720,20,93,2,79
2230230,45,29,-9,88
2230740,70,40,11,77
2231250,95,67,-3,80
2231760,18,94,1,79
2232270,43,30,5,74
2232780,25,41,-3,77
2233290,77,52,-5,82
2233800,0,79,7,75
2234310,25,92,1,74
2234820,26,28,-7,81
2235330,78,39,-3,84
2235840,1,66,5,79
2236350,26,75,5,74
2236860,45,66,-1,75
2237370,27,2,-3,78
2237880,91,15,-4,82
2238390,14,42,0,82
2238900,33,51,3,79
2239410,85,78,-1,80
2239920,8,3,4,76
2240430,27,16,-4,80
2240940,64,27,-4,84
2241450,89,54,2,82
2241960,12,81,5,77
2242470,37,90,3,74
2242980,19,26,-8,82
2243490,71,37,1,81
2244000,96,64,-1,82
2244510,19,91,11,71
2245020,83,82,-15,86
2245530,33,18,2,84
2246040,58,29,6,78
2246550,83,56,0,78
2247060,6,83,-2,80
2247570,31,32,-2,82
2248080,83,43,-2,84
2248590,6,70,3,81
2249100,31,61,8,73
2249610,83,52,-12,85
2250120,6,79,11,74
2250630,31,28,-5,79
2251140,83,39,-4,83
2251650,6,66,12,71
2252160,31,57,-6,77
2252670,83,48,-1,78
2253180,6,75,0,78
2253690,31,84,6,72
2254200,13,75,-3,75
2254710,38,66,0,75
2255220,90,57,-8,83
2255730,66,84,-2,85
2256240,48,20,9,76
2256750,73,47,-6,82
2257260,98,74,6,76
2257770,21,101,-9,85
2258280,22,92,12,73
2258790,23,83,0,73
2259300,87,79,-8,81
2259810,10,4,4,77
2260320,29,15,-4,81
2260830,48,26,-1,82
2261340,73,37,2,80
2261850,98,64,3,77
2262360,21,91,1,76
2262870,22,27,-10,86
2263380,74,38,3,83
2263890,99,65,3,80
2264400,22,92,-3,83
2264910,86,83,-4,87
2265420,36,8,3,84
2265930,100,19,2,82
2266440,23,46,6,76
2266950,75,55,-11,87
2267460,100,82,8,79
2267970,23,7,-4,83
2268480,42,18,10,73
2268990,24,29,-12,85
2269500,76,40,9,76
2270010,101,67,4,72
2270520,24,94,-4,76
2271030,25,1,3,73
2271540,44,14,-5,78
2272050,69,25,-1,79
2272560,94,52,-1,80
2273070,17,79,3,77
2273580,81,70,-3,80
2274090,4,97,-2,82
2274600,29,46,2,80
2275110,81,59,-1,81
2275620,4,86,2,79
2276130,29,35,-4,83
2276640,81,46,5,78
2277150,4,73,3,75
2277660,29,82,-2,77
2278170,93,37,0,77
2278680,16,64,-2,79
2279190,80,55,0,79
2279700,3,82,-2,81
2280210,28,95,3,78
2280720,92,31,-7,85
2281230,15,58,8,77
2281740,79,49,-6,83
2282250,2,76,9,74
2282760,14,85,-5,79
2283270,39,21,3,76
2283780,21,48,-4,80
2284290,73,57,3,77
2284800,98,84,-6,83
2285310,21,7,8,75
2285820,40,18,0,75
2286330,65,29,1,74
2286840,90,56,-5,79
2287350,13,83,4,75
2287860,23,74,4,71
2288370,87,65,-9,80
2288880,10,92,3,77
2289390,91,41,-3,80
2289900,14,68,-8,88
2290410,78,59,6,82
2290920,1,86,6,76
2291430,26,99,3,73
2291940,90,35,-12,85
2292450,13,62,9,76
2292960,38,53,-3,79
2293470,90,91,-1,80
2293980,7,27,-9,89
2294490,35,40,9,80
2295000,87,51,2,78
2295510,10,78,2,76
2296020,35,69,1,75
2296530,17,60,0,75
2297040,81,51,-8,83
2297550,4,78,5,78
2298060,29,87,6,72
2298570,81,42,-11,83
2299080,4,69,4,79
2299590,29,82,8,71
2300100,93,73,-11,82
2300610,16,100,2,80
2301120,97,49,1,79
2301630,20,76,8,71
2302140,84,67,-11,82
2302650,7,94,-1,83
2303160,32,30,2,81
2303670,51,41,0,81
2304180,70,52,3,78
2304690,95,79,-8,86
2305200,18,4,8,78
2305710,37,15,0,78
2306220,44,26,-6,84
2306730,69,37,6,78
2307240,94,64,3,75
2307750,17,91,1,74
2308260,81,82,-12,86
2308770,100,18,2,84
2309280,74,45,-2,86
2309790,99,72,6,80
2310300,22,99,2,78
2310810,86,35,-6,84
2311320,9,62,8,76
2311830,34,53,0,76
2312340,86,91,-8,84
2312850,3,27,1,83
2313360,31,40,3,80
2313870,83,51,2,78
2314380,6,78,5,73
2314890,70,26,-8,81
2315400,95,53,1,80
2315910,18,80,-1,81
2316420,82,71,-5,86
2316930,101,98,3,83
2317440,18,34,-2,85
2317950,37,45,7,78
2318460,89,56,1,77
2318970,12,83,2,75
2319480,37,32,-5,80
2319990,56,43,1,79
2320500,81,70,-5,84
2321010,100,97,3,81
2321520,17,33,-4,85
2322030,36,44,5,80
2322540,88,55,-1,81
2323050,11,82,0,81
2323560,36,91,7,74
2324070,100,27,-7,81
2324580,23,54,2,79
2325090,87,63,-2,81
2325600,10,90,8,73
2326110,91,81,-10,83
2326620,8,6,-1,84
2327130,27,17,1,83
2327640,46,28,6,77
2328150,71,39,-7,84
2328660,96,66,8,76
2329170,19,93,4,72
2329680,83,84,-8,80
2330190,0,20,4,76
2330700,28,33,-6,82
2331210,80,44,3,79
2331720,3,71,6,73
2332230,28,80,3,70
2332740,92,71,-8,78
2333250,15,98,-2,80
2333760,96,34,1,79
2334270,19,61,2,77
2334780,83,52,4,73
2335290,6,79,-7,80
2335800,31,88,9,71
2336310,95,24,-12,83
2336820,18,51,-1,84
2337330,82,60,3,81
2337840,5,87,2,79
2338350,30,35,-9,88
2338860,82,46,11,77
2339370,5,73,1,76
2339880,30,82,4,72
2340390,94,73,-14,86
2340900,20,100,11,75
2341410,84,91,-11,86
2341920,1,12,6,80
2342430,29,25,-1,81
2342940,81,36,1,80
2343450,4,63,6,74
2343960,29,72,-1,75
2344470,93,63,-3,78
2344980,16,90,-1,79
2345490,80,26,-7,86
2346000,3,53,9,77
2346510,28,62,2,75
2347020,80,28,-3,78
2347530,3,55,4,74
2348040,28,64,-2,76
2348550,92,55,-5,81
2349060,15,82,7,74
2349570,79,73,-9,83
2350080,98,100,-2,85
2350590,15,36,2,83
2351100,34,43,5,78
2351610,86,54,-3,81
2352120,9,81,4,77
2352630,34,90,-1,78
2353140,98,45,3,75
2353650,21,72,1,74
2354160,85,63,-15,89
2354670,11,90,15,74
2355180,36,81,-5,79
2355690,88,72,-3,82
2356200,11,99,-1,83
2356710,92,48,8,75
2357220,15,75,-4,79
2357730,79,84,-3,82
2358240,98,20,-1,83
2358750,72,47,3,80
2359260,97,74,12,68
2359770,20,101,-7,75
2360280,84,37,-7,82
2360790,7,64,5,77
2361300,71,73,-3,80
2361810,53,9,-3,83
2362320,27,36,-2,85
2362830,79,90,5,80
2363340,29,26,-2,82
2363850,81,37,-2,84
2364360,4,64,8,76
2364870,29,73,2,74
2365380,93,64,-5,79
2365890,16,91,2,77
2366400,41,82,3,74
2366910,23,73,0,74
2367420,87,64,-11,85
2367930,10,91,10,75
2368440,91,100,-4,79
2368950,8,25,0,79
2369460,36,38,0,79
2369970,88,49,0,79
2370480,11,76,1,78
2370990,75,85,-6,84
2371500,57,21,2,82
2372010,19,48,3,79
2372520,83,57,-6,85
2373030,6,84,6,79
2373540,31,93,5,74
2374050,95,29,-8,82
2374560,18,56,5,77
2375070,82,65,-8,85
2375580,5,92,2,83
2376090,30,101,9,74
2376600,94,37,-10,84
2377110,17,64,8,76
2377620,81,73,-2,78
2378130,100,100,-6,84
2378640,17,36,7,77
2379150,36,45,2,75
2379660,18,56,-6,81
2380170,82,65,0,81
2380680,5,92,-2,83
2381190,30,40,-2,85
2381700,49,51,5,80
2382210,31,78,-5,85
2382720,95,87,2,83
2383230,12,12,2,81
2383740,31,23,1,80
2384250,95,34,-2,82
2384760,18,61,9,73
2385270,82,70,-13,86
2385780,101,97,5,81
2386290,18,33,-2,83
2386800,37,44,6,77
2387310,19,71,1,76
2387820,57,80,-6,82
2388330,39,16,3,79
2388840,64,27,-1,80
2389350,89,54,-1,81
2389860,12,81,4,77
2390370,76,90,-5,82
2390880,58,26,1,81
2391390,83,53,3,78
2391900,6,80,4,74
2392410,70,89,-5,79
2392920,52,25,-4,83
2393430,77,52,1,82
2393940,0,79,4,78
2394450,64,92,-3,81
2394960,46,28,1,80
2395470,71,39,-5,85
2395980,96,66,6,79
2396490,19,93,-2,81
2397000,83,29,-5,86
2397510,6,56,8,78
2398020,70,65,-3,81
2398530,89,52,-2,83
2399040,12,79,6,77
2399550,76,88,-5,82
2400060,58,24,-2,84
2400570,83,51,-3,87
2401080,0,78,1,86
2401590,25,87,7,79
2402100,89,96,0,79
2402610,6,32,-6,85
2403120,34,45,9,76
2403630,16,72,1,75
2404140,80,81,-9,84
2404650,99,17,0,84
2405160,73,44,0,84
2405670,98,71,8,76
2406180,21,98,-3,79
2406690,85,34,0,79
2407200,8,61,4,75
2407710,72,70,-4,79
2408220,54,97,6,73
2408730,36,88,1,72
2409240,18,79,-3,75
2409750,82,88,-6,81
2410260,101,24,0,81
2410770,75,51,-1,82
2411280,100,78,3,79
2411790,23,100,5,74
2412300,87,36,-10,84
2412810,10,63,7,77
2413320,74,72,-6,83
2413830,93,99,-1,84
2414340,10,35,5,79
2414850,38,44,1,78
2415360,20,55,4,74
2415870,84,64,-10,84
2416380,7,91,1,83
2416890,71,84,2,81
2417400,53,20,-1,82
2417910,78,47,3,79
2418420,1,74,4,75
2418930,65,83,-11,86
2419440,47,19,6,80
2419950,72,46,-3,83
2420460,97,73,11,72
2420970,20,100,-8,80
2421480,84,36,-3,83
2421990,42,63,6,77
2422500,24,90,-2,79
2423010,88,26,2,77
2423520,11,53,4,73
2424030,75,44,-11,84
2424540,100,71,7,77
2425050,23,98,-3,80
2425560,87,34,-3,83
2426070,10,61,7,76
2426580,74,70,-4,80
2427090,93,97,-7,87
2427600,10,33,5,82
2428110,29,46,8,74
2428620,81,73,-10,84
2429130,100,100,3,81
2429640,26,36,0,81
2430150,78,47,2,79
2430660,1,74,0,79
2431170,26,83,3,76
2431680,90,74,-12,88
2432190,13,101,13,75
2432700,94,92,-10,85
2433210,20,28,2,83
2433720,39,39,1,82
2434230,21,50,0,82
2434740,85,7,-7,89
2435250,59,26,6,83
2435760,84,53,0,83
2436270,7,80,11,72
2436780,88,71,-13,85
2437290,14,98,3,82
2437800,95,34,6,76
2438310,18,61,-5,81
2438820,82,52,-1,82
2439330,17,79,8,74
2439840,81,70,-10,84
2440350,7,97,2,82
2440860,88,33,2,80
2441370,11,60,12,68
2441880,75,51,-15,83
2442390,100,78,6,77
2442900,23,3,-1,78
2443410,65,52,-2,80
2443920,90,63,-3,83
2444430,78,90,-7,90
2444940,28,26,7,83
2445450,47,37,5,78
2445960,29,48,-2,80
2446470,81,59,-2,82
2446980,4,86,5,77
2447490,85,41,-7,84
2448000,8,68,9,75
2448510,89,59,-3,78
2449020,12,86,1,77
2449530,76,77,-5,82
2450040,58,2,0,82
2450550,20,21,-1,83
2451060,39,32,6,77
2451570,21,43,0,77
2452080,85,52,-7,84
2452590,8,79,9,75
2453100,72,70,-8,83
2453610,54,97,1,82
2454120,36,88,10,72
2454630,18,79,-3,75
2455140,82,70,-11,86
2455650,5,97,4,82
2456160,86,46,1,81
2456670,44,73,-3,84
2457180,26,64,7,77
2457690,90,73,-10,87
2458200,13,100,6,81
2458710,94,36,-1,82
2459220,17,63,8,74
2459730,81,54,-4,78
2460240,4,81,3,75
2460750,85,90,-6,81
2461260,67,26,3,78
2461770,92,53,-1,79
2462280,15,80,4,75
2462790,79,71,-13,88
2463300,2,98,7,81
2463810,83,53,-1,82
2464320,6,80,3,79
2464830,87,89,-6,85
2465340,4,25,0,85
2465850,32,38,5,80
2466360,14,2,-1,81
2466870,33,13,-3,84
2467380,58,24,7,77
2467890,83,51,2,75
2468400,6,78,0,75
2468910,87,87,-11,86
2469420,13,12,2,84
2469930,32,23,2,82
2470440,57,34,4,78
2470950,82,61,-6,84
2471460,5,88,1,83
2471970,86,43,2,81
2472480,9,70,4,77
2472990,34,79,-2,79
2473500,16,70,4,75
2474010,80,61,-6,81
2474520,3,88,2,79
2475030,84,43,-2,81
2475540,7,70,8,73
2476050,32,79,-3,76
2476560,14,65,0,76
2477070,78,56,-9,85
2477580,1,83,9,76
2478090,82,38,-4,80
2478600,5,65,3,77
2479110,30,74,3,74
2479620,94,65,-7,81
2480130,17,92,3,78
2480640,98,28,-2,80
2481150,21,55,-1,81
2481660,85,64,-3,84
2482170,8,91,2,82
2482680,89,46,2,80
2483190,12,73,7,73
2483700,76,64,-13,86
2484210,101,91,12,74
2484720,24,16,-6,80
2485230,43,27,0,80
2485740,25,38,5,75
2486250,77,49,-6,81
2486760,0,76,2,79
2487270,81,85,-6,85
2487780,63,21,1,84
2488290,88,48,2,82
2488800,11,75,7,75
2489310,75,66,-9,84
2489820,100,93,7,77
2490330,23,18,-4,81
2490840,42,29,1,80
2491350,67,40,6,74
2491860,92,67,-6,80
2492370,15,94,5,75
2492880,96,49,-5,80
2493390,19,76,5,75
2493900,83,85,-3,78
2494410,65,10,0,78
2494920,39,37,4,74
2495430,21,48,-5,79
2495940,85,57,-5,84
2496450,8,84,4,80
2496960,89,93,-4,84
2497470,71,18,3,81
2497980,45,45,4,77
2498490,27,56,3,74
2499000,91,47,-10,84
2499510,14,74,10,74
2500020,39,65,-1,75
2500530,21,92,0,75
2501040,85,83,-10,85
2501550,2,8,7,78
2502060,30,21,0,78
2502570,49,32,6,72
2503080,74,59,-10,82
2503590,99,86,5,77
2504100,22,11,-2,79
2504610,41,22,-2,81
2505120,66,33,3,78
2505630,91,60,-1,79
2506140,14,87,-5,84
2506650,39,78,8,76
2507160,21,69,-2,78
2507670,85,53,-4,82
2508180,8,80,6,76
2508690,89,89,-9,85
2509200,71,14,1,84
2509710,45,41,-1,85
2510220,27,52,11,74
2510730,79,61,-9,83
2511240,2,88,3,80
2511750,83,43,3,77
2512260,6,70,3,74
2512770,31,61,0,74
2513280,13,52,-3,77
2513790,38,43,-4,81
2514300,20,54,3,78
2514810,84,63,-2,80
2515320,7,90,1,79
2515830,88,81,-8,87
2516340,11,6,2,85
2516850,30,17,5,80
2517360,55,28,0,80
2517870,80,55,-3,83
2518380,3,82,3,80
2518890,28,37,3,77
2519400,10,48,-2,79
2519910,35,39,-7,86
2520420,17,46,7,79
2520930,36,55,5,74
2521440,18,82,-2,76
2521950,82,73,-5,81
2522460,5,100,-1,82
2522970,86,55,0,82
2523480,9,82,1,81
2523990,90,73,-7,88
2524500,13,100,7,81
2525010,94,91,-3,84
2525520,17,27,7,77
2526030,36,38,-6,83
2526540,27,45,9,74
2527050,79,72,-9,83
2527560,2,99,-2,85
2528070,83,54,6,79
2528580,6,81,0,79
2529090,31,72,-1,80
2529600,13,63,6,74
2530110,38,54,-11,85
2530620,20,81,10,75
2531130,84,72,-13,88
2531640,7,99,5,83
2532150,88,54,5,78
2532660,11,81,5,73
2533170,36,72,-4,77
2533680,18,63,-6,83
2534190,43,54,8,75
2534700,25,81,2,73
2535210,89,72,-9,82
2535720,12,99,4,78
2536230,93,90,-17,95
2536740,16,15,8,87
2537250,35,26,11,76
2537760,17,37,-7,83
2538270,36,101,5,78
2538780,18,37,-2,80
2539290,70,46,-2,82
2539800,95,73,1,81
2540310,18,100,0,81
2540820,99,91,-2,83
2541330,22,16,2,81
2541840,41,27,3,78
2542350,66,38,-8,86
2542860,91,65,9,77
2543370,14,92,-3,80
2543880,95,83,-2,82
2544390,18,8,5,77
2544900,37,19,0,77
2545410,19,30,-7,84
2545920,38,41,6,78
2546430,20,52,-1,79
2546940,39,43,-2,81
2547450,21,54,4,77
2547960,85,45,-2,79
2548470,8,72,6,73
2548980,33,63,1,72
2549490,15,54,-8,80
2550000,40,45,1,79
2550510,22,72,0,79
2551020,86,63,-1,80
2551530,9,90,7,73
2552040,90,81,-13,86
2552550,13,6,-1,87
2553060,32,17,4,83
2553570,57,28,4,79
2554080,82,55,-7,86
2554590,5,82,1,85
2555100,30,73,16,69
2555610,94,55,-10,79
2556120,17,82,4,75
2556630,81,73,-10,85
2557140,4,100,2,83
2557650,29,49,1,82
2558160,81,76,3,79
2558670,63,1,-4,83
2559180,37,20,5,78
2559690,62,31,-1,79
2560200,87,58,-4,83
2560710,10,85,-1,84
2561220,35,76,11,73
2561730,17,67,-3,76
2562240,81,58,-8,84
2562750,4,85,7,77
2563260,85,98,-4,81
2563770,67,23,0,81
2564280,92,50,-2,83
2564790,15,77,10,73
2565300,79,68,-6,79
2565810,2,95,-5,84
2566320,27,50,9,75
2566830,79,61,-7,82
2567340,2,88,4,78
2567850,27,43,-1,79
2568360,79,70,-1,80
2568870,2,97,-2,82
2569380,27,46,2,80
2569890,79,57,-1,81
2570400,2,84,0,81
2570910,27,9,5,76
2571420,52,20,2,74
2571930,77,47,-4,78
2572440,0,74,-1,79
2572950,25,87,1,78
2573460,89,78,-2,80
2573970,12,3,2,78
2574480,31,14,3,75
2574990,56,25,-4,79
2575500,81,52,-4,83
2576010,4,79,4,79
2576520,29,70,2,77
2577030,55,61,5,72
2577540,37,88,-1,73
2578050,19,79,-3,76
2578560,83,70,-6,82
2579070,6,97,4,78
2579580,87,46,-4,82
2580090,10,73,2,80
2580600,35,64,9,71
2581110,17,55,-6,77
2581620,81,46,0,77
2582130,4,73,1,76
2582640,29,64,1,75
2583150,93,55,-3,78
2583660,16,82,0,78
2584170,41,73,8,70
2584680,23,64,-3,73
2585190,87,55,-8,81
2585700,10,82,5,76
2586210,35,73,-2,78
2586720,17,64,2,76
2587230,42,55,-1,77
2587740,24,93,6,71
2588250,88,84,-8,79
2588760,11,9,-4,83
2589270,36,20,4,79
2589780,61,31,-3,82
2590290,86,58,2,80
2590800,9,85,-3,83
2591310,34,76,7,76
2591820,16,67,5,71
2592330,80,58,-7,78
2592840,3,85,0,78
2593350,28,76,2,76
2593860,92,67,-1,77
2594370,15,94,-3,80
2594880,40,85,7,73
2595390,22,76,-3,76
2595900,86,67,-5,81
2596410,9,94,2,79
2596920,90,85,-5,84
2597430,13,10,1,83
2597940,32,21,8,75
2598450,57,32,-6,81
2598960,82,59,3,78
2599470,5,86,0,78
2599980,30,77,6,72
2600490,76,68,-6,78
2601000,101,95,-3,81
2601510,24,20,-3,84
2602020,49,31,2,82
2602530,74,42,5,77
2603040,99,69,1,76
2603550,22,96,1,75
2604060,47,87,4,71
2604570,29,78,-4,75
2605080,11,69,0,75
2605590,36,60,1,74
2606100,18,51,-8,82
2606610,43,42,5,77
2607120,25,53,-6,83
2607630,89,44,4,79
2608140,30,71,10,69
2608650,12,62,-7,76
2609160,37,53,0,76
2609670,19,80,2,74
2610180,83,71,-13,87
2610690,6,98,0,87
2611200,31,89,19,68
2611710,13,80,-7,75
2612220,38,71,4,71
2612730,20,62,-5,76
2613240,84,53,-14,90
2613750,7,80,14,76
2614260,32,71,0,76
2614770,14,62,2,74
2615280,76,53,-15,89
2615790,101,80,2,87
2616300,24,5,9,78
2616810,49,54,4,74
2617320,31,81,4,70
2617830,95,72,-14,84
2618340,18,99,8,76
2618850,43,90,0,76
2619360,25,81,1,75
2619870,89,72,-3,78
2620380,12,99,-3,81
2620890,37,90,9,72
2621400,19,81,-1,73
2621910,83,72,-15,88
2622420,89,99,7,81
2622930,71,35,-1,82
2623440,96,62,5,77
2623950,19,89,3,74
2624460,83,80,-9,83
2624970,6,16,1,82
2625480,34,55,-1,83
2625990,16,66,12,71
2626500,41,57,-12,83
2627010,23,68,10,73
2627520,87,59,-8,81
2628030,10,86,4,77
2628540,35,13,1,76
2629050,60,24,0,76
2629560,85,51,-9,85
2630070,8,78,9,76
2630580,33,69,4,72
2631090,15,60,-2,74
2631600,40,51,-8,82
2632110,22,62,6,76
2632620,86,53,-3,79
2633130,9,80,1,78
2633640,34,71,3,75
2634150,16,62,1,74
2634660,80,53,-11,85
2635170,3,80,8,77
2635680,28,71,3,74
2636190,53,62,-4,78
2636700,35,100,3,75
2637210,17,91,1,74
2637720,46,82,-7,81
2638230,28,73,10,71
2638740,92,64,-10,81
2639250,15,91,1,80
2639760,40,82,5,75
2640270,22,73,3,72
2640780,86,64,-11,83
2641290,9,91,6,77
2641800,90,82,-6,83
2642310,13,7,-1,84
2642820,38,7,-4,88
2643330,63,18,14,74
2643840,88,45,-10,84
2644350,11,72,7,77
2644860,36,63,-3,80
2645370,88,54,1,79
2645880,11,81,0,79
2646390,36,72,4,75
2646900,18,63,-5,80
2647410,43,54,2,78
2647920,25,65,5,73
2648430,89,56,-6,79
2648940,14,83,-2,81
2649450,39,74,2,79
2649960,21,65,-1,80
2650470,85,56,0,80
2650980,8,83,-4,84
2651490,33,74,10,74
2652000,15,65,-5,79
2652510,40,56,6,73
2653020,22,98,0,73
2653530,51,89,-6,79
2654040,33,80,6,73
2654550,1,71,-7,80
2655060,26,62,-2,82
2655570,51,53,4,78
2656080,33,64,-2,80
2656590,26,55,3,77
2657100,19,46,-5,82
2657610,83,55,5,77
2658120,6,82,-4,81
2658630,31,73,9,72
2659140,13,64,-4,76
2659650,38,55,-1,77
2660160,20,66,1,76
2660670,84,57,-8,84
2661180,7,84,12,72
2661690,32,75,-2,74
2662200,14,66,-1,75
2662710,39,57,0,75
2663220,21,84,-2,77
2663730,85,75,-6,83
2664240,8,0,-1,84
2664750,33,11,6,78
2665260,58,22,0,78
2665770,83,49,-3,81
2666280,6,76,6,75
2666790,31,67,-3,78
2667300,57,58,0,78
2667810,39,85,-1,79
2668320,21,76,3,76
2668830,85,67,-8,84
2669340,8,94,4,80
2669850,33,85,6,74
2670360,15,76,-2,76
2670870,40,67,-7,83
2671380,22,58,5,78
2671890,47,49,-2,80
2672400,29,60,1,79
2672910,54,51,1,78
2673420,36,62,-2,80
2673930,29,53,4,76
2674440,81,44,-6,82
2674950,4,71,6,76
2675460,29,62,0,76
2675970,54,53,3,73
2676480,36,64,-4,77
2676990,18,55,-2,79
2677500,43,46,5,74
2678010,25,57,-1,75
2678520,50,48,-4,79
2679030,32,59,0,79
2679540,25,50,-5,84
2680050,89,41,4,80
2680560,12,68,-1,81
2681070,37,59,4,77
2681580,19,70,3,74
2682090,83,61,-8,82
2682600,6,88,-4,86
2683110,31,37,3,83
2683620,83,48,1,82
2684130,6,75,9,73
2684640,31,66,-5,78
2685150,56,57,0,78
2685660,38,68,3,75
2686170,20,59,-2,77
2686680,84,50,-2,79
2687190,7,77,7,72
2687700,32,68,-4,76
2688210,25,41,-4,80
2688720,77,52,-7,87
2689230,0,79,8,79
2689740,25,92,5,74
2690250,89,83,-11,85
2690760,12,8,-3,88
2691270,37,19,11,77
2691780,62,30,-4,81
2692290,87,57,1,80
2692800,10,84,5,75
2693310,35,56,1,74
2693820,17,47,-3,77
2694330,42,38,3,74
2694840,24,49,-5,79
2695350,88,58,-2,81
2695860,11,85,7,74
2696370,36,34,-2,76
2696880,18,20,-10,86
2697390,37,31,7,79
2697900,19,42,0,79
2698410,38,51,-2,81
2698920,90,62,-3,84
2699430,13,89,5,79
2699940,38,80,0,79
2700450,20,71,3,76
2700960,84,62,-9,85
2701470,7,89,3,82
2701980,87,38,2,80
2702490,10,65,4,76
2703000,35,56,1,75
2703510,17,47,1,74
2704020,42,38,-6,80
2704530,24,49,-2,82
2705040,88,60,-1,83
2705550,11,87,5,78
2706060,36,78,2,76
2706570,18,69,-1,77
2707080,82,60,-10,87
2707590,5,87,9,78
2708100,30,36,0,78
2708610,12,47,-1,79
2709120,37,38,1,78
2709630,19,49,0,78
2710140,44,58,-2,80
2710650,26,85,7,73
2711160,90,76,-9,82
2711670,13,1,4,78
2712180,38,12,-3,81
2712690,45,23,2,79
2713200,70,34,1,78
2713710,95,61,0,78
2714220,18,88,5,73
2714730,82,79,-12,85
2715240,5,4,1,84
2715750,30,43,6,78
2716260,12,54,1,77
2716770,37,45,1,76
2717280,19,56,0,76
2717790,83,47,-3,79
2718300,6,74,4,75
2718810,31,65,1,74
2719320,24,56,2,72
2719830,88,47,-11,83
2720340,11,74,5,78
2720850,36,65,-1,79
2721360,29,56,4,75
2721870,80,47,-4,79
2722380,3,74,2,77
2722890,28,65,2,75
2723400,21,56,-4,79
2723910,85,47,-2,81
2724420,8,74,5,76
2724930,33,65,-2,78
2725440,15,56,5,73
2725950,40,47,-11,84
2726460,22,58,5,79
2726970,47,49,6,73
2727480,29,60,0,73
2727990,34,51,-7,80
2728500,32,62,3,77
2729010,25,53,-3,80
2729520,89,62,-1,81
2730030,12,89,4,77
2730540,93,38,-6,83
2731050,16,65,9,74
2731560,56,56,-9,83
2732070,38,67,8,75
2732580,20,58,-5,80
2733090,84,49,-4,84
2733600,7,76,7,77
2734110,32,67,1,76
2734620,25,58,1,75
2735130,84,49,-7,82
2735640,7,76,5,77
2736150,32,67,1,76
2736660,37,58,1,75
2737170,19,49,0,75
2737680,44,40,-4,79
2738190,26,51,-4,83
2738700,19,62,0,83
2739210,44,53,7,76
2739720,26,64,1,75
2740230,19,55,-3,78
2740740,83,64,-9,87
2741250,6,91,12,75
2741760,31,40,-6,81
2742270,83,51,1,80
2742780,6,78,4,76
2743290,31,58,3,73
2743800,83,49,-13,86
2744310,6,76,10,76
2744820,31,67,6,70
2745330,36,58,-9,79
2745840,18,49,0,79
2746350,43,40,-3,82
2746860,25,51,6,76
2747370,18,42,-2,78
2747880,11,51,-5,83
2748390,36,42,-5,88
2748900,18,53,3,85
2749410,43,44,8,77
2749920,25,55,-1,78
2750430,18,46,0,78
2750940,43,37,1,77
2751450,25,48,0,77
2751960,18,10,-6,83
2752470,43,21,0,83
2752980,50,32,3,80
2753490,75,43,0,80
2754000,100,70,-1,81
2754510,23,97,4,77
2755020,98,88,-7,84
2755530,21,13,0,84
2756040,40,24,4,80
2756550,47,35,-5,85
2757060,29,46,8,77
2757570,81,57,-3,80
2758080,4,84,-2,82
2758590,29,75,9,73
2759100,22,66,0,73
2759610,86,57,-9,82
2760120,9,84,8,74
2760630,34,75,-5,79
2761140,27,66,4,75
2761650,20,57,-3,78
2762160,84,48,-6,84
2762670,7,75,8,76
2763180,32,66,6,70
2763690,14,57,-9,79
2764200,39,48,4,75
2764710,21,59,-2,77
2765220,85,50,0,77
2765730,8,77,-2,79
2766240,33,68,-4,83
2766750,26,59,6,77
2767260,19,50,-2,79
2767770,12,41,-2,81
2768280,37,32,5,76
2768790,19,43,-4,80
2769300,12,52,1,79
2769810,37,43,0,79
2770320,19,54,3,76
2770830,44,45,-1,77
2771340,26,56,-5,82
2771850,19,63,3,79
2772360,44,54,0,79
2772870,26,65,1,78
2773380,19,56,3,75
2773890,44,47,-1,76
2774400,26,58,-4,80
2774910,19,49,-4,84
2775420,83,88,2,82
2775930,65,13,5,77
2776440,39,40,-2,79
2776950,21,51,1,78
2777460,14,42,0,78
2777970,39,33,-3,81
2778480,21,44,-3,84
2778990,73,53,3,81
2779500,98,80,3,78
2780010,21,5,1,77
2780520,36,16,-3,80
2781030,43,27,2,78
2781540,25,38,-3,81
2782050,77,49,-4,85
2782560,0,76,10,75
2783070,25,89,5,70
2783580,100,80,-5,75
2784090,23,5,-1,76
2784600,48,16,-7,83
2785110,55,43,8,75
2785620,80,54,-7,82
2786130,3,81,4,78
2786640,28,30,-4,82
2787150,80,41,-2,84
2787660,7,68,8,76
2788170,32,59,2,74
2788680,84,50,-8,82
2789190,7,77,5,77
2789700,32,68,1,76
2790210,25,59,-6,82
2790720,18,50,1,81
2791230,82,41,-2,83
2791740,5,68,8,75
2792250,30,59,2,73
2792760,23,50,-10,83
2793270,75,59,0,83
2793780,100,86,9,74
2794290,23,11,-6,80
2794800,42,22,4,76
2795310,49,33,-6,82
2795820,54,44,3,79
2796330,79,55,-5,84
2796840,2,82,8,76
2797350,27,95,5,71
2797860,0,86,-13,84
2798370,25,35,8,76
2798880,77,46,-5,81
2799390,0,73,4,77
2799900,25,86,4,73
2800410,89,77,-16,89
2800920,12,2,8,81
2801430,54,13,5,76
2801940,28,40,0,76
2802450,10,51,-4,80
2802960,35,42,1,79
2803470,17,53,-2,81
2803980,42,44,6,75
2804490,24,55,4,71
2805000,17,46,-9,80
2805510,42,55,3,77
2806020,24,93,5,72
2806530,99,84,-10,82
2807040,22,9,4,78
2807550,37,20,3,75
2808060,19,31,-1,76
2808570,71,38,-8,84
2809080,96,65,3,81
2809590,19,92,3,78
2810100,94,83,-8,86
2810610,17,8,4,82
2811120,36,19,3,79
2811630,43,30,-2,81
2812140,25,41,-1,82
2812650,77,52,-2,84
2813160,0,79,5,79
2813670,25,28,2,77
2814180,77,39,-1,78
2814690,0,66,3,75
2815200,25,79,2,73
2815710,100,70,-4,77
2816220,23,97,3,74
2816730,98,33,-10,84
2817240,21,60,6,78
2817750,40,51,-1,79
2818260,22,62,7,72
2818770,41,53,-2,74
2819280,23,64,2,72
2819790,42,55,-8,80
2820300,24,93,10,70
2820810,99,30,-17,87
2821320,22,57,10,77
2821830,41,48,0,77
2822340,23,59,-1,78
2822850,42,50,3,75
2823360,24,61,-2,77
2823870,17,52,1,76
2824380,42,43,4,72
2824890,24,54,-4,76
2825400,17,45,-1,77
2825910,36,54,0,77
2826420,18,81,5,72
2826930,82,72,-11,83
2827440,5,99,3,80
2827950,30,90,11,69
2828460,35,81,-5,74
2828970,17,72,-1,75
2829480,81,63,-11,86
2829990,4,90,4,82
2830500,29,39,4,78
2831010,81,50,-1,79
2831520,4,77,6,73
2832030,29,86,-3,76
2832540,2,77,-1,77
2833050,27,26,-11,88
2833560,46,37,3,85
2834070,28,48,11,74
2834580,10,59,-4,78
2835090,35,50,4,74
2835600,17,61,-1,75
2836110,36,52,0,75
2836620,18,79,-2,77
2837130,82,70,-7,84
2837640,5,97,0,84
2838150,30,46,9,75
2838660,82,8,-10,85
2839170,58,27,4,81
2839680,65,54,-1,82
2840190,90,81,-5,87
2840700,13,6,-3,90
2841210,32,17,14,76
2841720,14,28,-6,82
2842230,33,39,-1,83
2842740,15,50,5,78
2843250,40,41,-1,79
2843760,22,52,1,78
2844270,41,61,-5,83
2844780,93,52,7,76
2845290,16,79,4,72
2845800,91,70,-7,79
2846310,14,97,-1,80
2846820,89,46,3,77
2847330,12,73,1,76
2847840,37,64,4,72
2848350,19,55,-3,75
2848860,38,46,0,75
2849370,20,57,-3,78
2849880,39,48,3,75
2850390,21,59,-1,76
2850900,40,50,-2,78
2851410,22,61,5,73
2851920,41,52,0,73
2852430,23,63,-2,75
2852940,42,54,-4,79
2853450,24,81,3,76
2853960,99,72,-5,81
2854470,22,99,5,76
2854980,12,48,-8,84
2855490,40,57,8,76
2856000,22,84,3,73
2856510,97,75,-10,83
2857020,20,0,12,71
2857530,62,11,-3,74
2858040,36,38,-1,75
2858550,18,49,-5,80
2859060,37,58,4,76
2859570,19,27,-6,82
2860080,71,38,2,80
2860590,78,65,-2,82
2861100,1,76,8,74
2861610,26,89,-1,75
2862120,101,80,-2,77
2862630,24,5,-2,79
2863140,43,16,1,78
2863650,50,27,-4,82
2864160,57,38,0,82
2864670,64,49,3,79
2865180,71,60,-5,84
2865690,37,71,6,78
2866200,19,62,5,73
2866710,22,53,-12,85
2867220,41,60,9,76
2867730,23,98,-2,78
2868240,98,47,-3,81
2868750,3,74,1,80
2869260,28,87,7,73
2869770,1,78,-1,74
2870280,26,91,-6,80
2870790,101,82,3,77
2871300,6,7,-7,84
2871810,25,20,2,82
2872320,44,31,5,77
2872830,49,42,-7,84
2873340,31,53,10,74
2873850,13,44,-7,81
2874360,32,53,6,75
2874870,14,44,-6,81
2875380,33,53,10,71
2875890,15,44,-4,75
2876400,34,53,-1,76
2876910,16,25,-6,82
2877420,35,64,1,81
2877930,87,55,-1,82
2878440,10,82,6,76
2878950,85,31,-7,83
2879460,92,58,1,82
2879970,15,85,5,77
2880480,90,76,-3,80
2880990,7,1,2,78
2881500,26,12,-1,79
2882010,45,23,4,75
2882520,52,30,-6,81
2883030,62,41,1,80
2883540,69,78,1,79
2884050,51,14,0,79
2884560,58,41,-5,84
2885070,65,48,4,80
2885580,72,55,1,79
2886090,79,82,-3,82
2886600,61,7,1,81
2887110,37,26,0,81
2887620,19,37,-2,83
2888130,38,44,1,82
2888640,20,51,2,80
2889150,39,42,5,75
2889660,21,49,-4,79
2890170,14,40,1,78
2890680,33,31,-1,79
2891190,15,38,3,76
2891700,34,51,3,73
2892210,2,42,-6,79
2892720,30,4,5,74
2893230,49,23,-6,80
2893740,56,34,4,76
2894250,63,61,-1,77
2894760,45,88,4,73
2895270,27,79,2,71
2895780,9,70,-7,78
2896290,34,61,-1,79
2896800,16,52,-5,84
2897310,44,43,8,76
2897820,26,54,0,76
2898330,45,45,-1,77
2898840,27,52,3,74
2899350,20,43,-12,86
2899860,39,50,9,77
2900370,21,61,-6,83
2900880,40,52,9,74
2901390,22,43,-5,79
2901900,74,50,-4,83
2902410,91,77,-2,85
2902920,8,2,3,82
2903430,27,13,5,77
2903940,46,24,2,75
2904450,53,35,-5,80
2904960,35,46,2,78
2905470,17,57,4,74
2905980,20,48,-3,77
2906490,39,39,-5,82
2907000,21,50,2,80
2907510,14,41,-1,81
2908020,33,54,2,79
2908530,1,45,-1,80
2909040,29,54,5,75
2909550,81,45,-8,83
2910060,88,72,0,83
2910570,11,99,-1,84
2911080,86,48,-1,85
2911590,93,75,2,83
2912100,10,76,10,73
2912610,85,67,-8,81
2913120,8,94,0,81
2913630,83,43,-2,83
2914140,90,70,1,82
2914650,7,97,-1,83
2915160,82,46,-2,85
2915670,89,73,4,81
2916180,6,74,4,77
2916690,31,65,5,72
2917200,13,56,-5,77
2917710,32,47,2,75
2918220,14,54,-2,77
2918730,33,45,-5,82
2919240,15,56,5,77
2919750,18,47,-7,84
2920260,37,38,9,75
2920770,19,49,-3,78
2921280,38,40,-1,79
2921790,20,47,4,75
2922300,39,38,-5,80
2922810,21,49,1,79
2923320,40,56,4,75
2923830,22,83,-2,77
2924340,97,74,-3,80
2924850,20,101,0,80
2925360,95,92,-5,85
2925870,77,28,1,84
2926380,84,55,0,84
2926890,50,82,4,80
2927400,32,73,8,72
2927910,14,64,0,72
2928420,24,55,-4,76
2928930,43,46,-4,80
2929440,25,57,2,78
2929950,18,48,-5,83
2930460,37,61,10,73
2930970,19,52,-8,81
2931480,38,43,6,75
2931990,20,54,-6,81
2932500,39,45,6,75
2933010,21,56,0,75
2933520,14,47,-11,86
2934030,33,38,5,81
2934540,15,49,4,77
2935050,34,40,-1,78
2935560,16,47,-1,79
2936070,35,38,-5,84
2936580,17,45,7,77
2937090,36,36,-5,82
2937600,18,47,-2,84
2938110,37,56,3,81
2938620,19,63,5,76
2939130,22,11,-2,78
2939640,41,18,1,77
2940150,48,29,-6,83
2940660,55,40,9,74
2941170,37,51,0,74
2941680,19,58,-2,76
2942190,22,49,0,76
2942700,15,40,-6,82
2943210,34,53,0,82
2943720,16,60,7,75
2944230,19,51,-4,79
2944740,38,42,3,76
2945250,20,53,-1,77
2945760,39,44,-8,85
2946270,21,51,7,78
2946780,14,42,1,77
2947290,33,33,-7,84
2947800,15,44,1,83
2948310,34,57,3,80
2948820,16,48,6,74
2949330,35,39,-3,77
2949840,17,46,-2,79
2950350,36,59,4,75
2950860,18,50,-7,82
2951370,37,41,7,75
2951880,19,52,-6,81
2952390,38,43,2,79
2952900,20,50,-1,80
2953410,39,41,6,74
2953920,21,48,-7,81
2954430,40,55,3,78
2954940,22,62,5,73
2955450,41,53,-8,81
2955960,23,60,2,79
2956470,42,51,3,76
2956980,24,62,1,75
2957490,17,53,-5,80
2958000,36,44,-3,83
2958510,18,51,5,78
2959020,37,42,2,76
2959530,19,49,2,74
2960040,38,40,0,74
2960550,20,35,-11,85
2961060,72,42,2,83
2961570,97,69,-2,85
2962080,20,96,6,79
2962590,95,87,-5,84
2963100,77,23,-7,91
2963610,84,31,9,82
2964120,7,58,3,79
2964630,32,49,0,79
2965140,84,40,-1,80
2965650,7,67,11,69
2966160,32,58,-2,71
2966670,14,49,-8,79
2967180,39,40,0,79
2967690,21,47,-2,81
2968200,40,56,0,81
2968710,22,67,10,71
2969220,12,58,-12,83
2969730,37,49,2,81
2970240,19,60,0,81
2970750,38,51,1,80
2971260,20,58,3,77
2971770,39,49,-2,79
2972280,21,56,2,77
2972790,40,47,-7,84
2973300,22,54,5,79
2973810,41,67,6,73
2974320,23,58,1,72
2974830,42,49,-7,79
2975340,24,56,7,72
2975850,43,47,-2,74
2976360,25,54,-3,77
2976870,44,45,-3,80
2977380,26,52,12,68
2977890,19,87,-9,77
2978400,94,78,-7,84
2978910,17,79,10,74
2979420,92,70,-5,79
2979930,15,71,3,76
2980440,40,62,-3,79
2980950,22,53,-1,80
2981460,41,44,1,79
2981970,23,51,1,78
2982480,42,42,-4,82
2982990,24,49,5,77
2983500,43,40,5,72
2984010,25,47,-8,80
2984520,44,38,1,79
2985030,26,45,0,79
2985540,45,52,4,75
2986050,27,59,-10,85
2986560,46,50,5,80
2987070,28,57,5,75
2987580,21,48,-10,85
2988090,40,55,10,75
2988600,22,62,-1,76
2989110,41,53,2,74
2989620,23,60,-6,80
2990130,42,51,8,72
2990640,24,58,-5,77
2991150,43,49,-3,80
2991660,25,56,5,75
2992170,44,47,-5,80
2992680,26,54,7,73
2993190,45,45,-15,88
2993700,27,52,9,79
2994210,20,43,0,79
2994720,39,34,4,75
2995230,58,41,-10,85
2995740,83,48,6,79
2996250,6,75,-1,80
2996760,31,24,0,80
2997270,41,31,0,80
2997780,23,38,3,77
2998290,42,45,-8,85
2998800,24,52,6,79
2999310,43,43,3,76
2999820,25,50,-2,78
3000330,44,41,0,78
3000840,26,48,-3,81
3001350,45,55,6,75
3001860,27,62,-1,76
3002370,20,53,4,72
3002880,39,44,-4,76
3003390,21,51,-7,83
3003900,40,58,9,74
3004410,22,96,-3,77
3004920,97,87,-2,79
3005430,20,12,-3,82
3005940,39,19,3,79
3006450,46,26,2,77
3006960,71,33,-1,78
3007470,96,60,3,75
3007980,19,87,1,74
3008490,94,78,-15,89
3009000,17,79,14,75
3009510,36,70,-8,83
3010020,29,61,9,74
3010530,48,52,-6,80
3011040,30,59,6,74
3011550,49,50,-7,81
3012060,31,57,8,73
3012570,24,48,-1,74
3013080,17,55,-8,82
3013590,36,46,-1,83
3014100,18,53,1,82
3014610,37,44,8,74
3015120,19,51,-9,83
3015630,38,42,-1,84
3016140,20,49,5,79
3016650,39,62,1,78
3017160,21,53,-1,79
3017670,40,44,5,74
3018180,22,51,-6,80
3018690,41,42,-1,81
3019200,23,49,-4,85
3019710,42,62,12,73
3020220,24,100,-1,74
3020730,99,91,-9,83
3021240,96,27,3,80
3021750,19,54,4,76
3022260,38,45,2,74
3022770,20,52,-5,79
3023280,39,43,7,72
3023790,21,50,-7,79
3024300,40,41,0,79
3024810,22,40,3,76
3025320,41,31,1,75
3025830,23,38,-8,83
3026340,75,45,1,82
3026850,100,72,0,82
3027360,23,99,5,77
3027870,98,90,-6,83
3028380,21,26,2,81
3028890,73,33,-7,88
3029400,98,60,16,72
3029910,21,87,-2,74
3030420,66,78,0,74
3030930,48,14,2,72
3031440,55,24,-9,81
3031950,62,31,2,79
3032460,69,58,0,79
3032970,94,65,1,78
3033480,17,92,4,74
3033990,98,83,-9,83
3034500,21,84,4,79
3035010,31,75,3,76
3035520,24,66,0,76
3036030,43,57,5,71
3036540,25,95,-9,80
3037050,100,86,0,80
3037560,23,87,8,72
3038070,98,78,-5,77
3038580,21,79,3,74
3039090,40,70,2,72
3039600,22,61,-3,75
3040110,41,52,-7,82
3040620,23,59,6,76
3041130,42,50,-3,79
3041640,24,57,3,76
3042150,43,48,3,73
3042660,25,55,-3,76
3043170,44,46,2,74
3043680,26,53,-7,81
3044190,45,44,2,79
3044700,27,51,3,76
3045210,46,42,-4,80
3045720,28,49,-1,81
3046230,47,62,0,81
3046740,29,100,7,74
3047250,74,91,-10,84
3047760,56,27,-1,85
3048270,63,34,7,78
3048780,88,61,-5,83
3049290,11,62,6,77
3049800,36,53,3,74
3050310,18,44,-5,79
3050820,37,57,3,76
3051330,19,48,3,73
3051840,38,39,0,73
3052350,20,46,-8,81
3052860,39,59,7,74
3053370,21,50,-11,85
3053880,40,41,6,79
3054390,22,48,1,78
3054900,41,55,5,73
3055410,23,17,-11,84
3055920,42,24,6,78
3056430,24,31,-7,85
3056940,43,38,10,75
3057450,25,45,4,71
3057960,44,36,-4,75
3058470,26,43,-10,85
3058980,8,50,10,75
3059490,33,41,-5,80
3060000,15,48,4,76
3060510,34,39,-7,83
3061020,16,46,-4,87
3061530,35,53,11,76
3062040,17,60,-10,86
3062550,36,51,6,80
3063060,18,58,6,74
3063570,37,49,1,73
3064080,19,11,-5,78
3064590,38,18,-4,82
3065100,45,25,0,82
3065610,52,32,2,80
3066120,77,33,5,75
3066630,0,60,4,71
3067140,25,51,-6,77
3067650,44,42,4,73
3068160,26,49,-7,80
3068670,19,11,6,74
3069180,38,18,-5,79
3069690,45,25,-5,84
3070200,52,32,7,77
3070710,77,39,-6,83
3071220,0,34,0,83
3071730,25,47,9,74
3072240,44,38,-8,82
3072750,26,45,4,78
3073260,45,7,1,77
3073770,21,61,-4,81
3074280,40,52,7,74
3074790,22,14,-1,75
3075300,41,21,0,75
3075810,48,28,-2,77
3076320,73,35,-2,79
3076830,98,62,2,77
3077340,21,89,7,70
3077850,96,80,-12,82
3078360,38,81,8,74
3078870,20,72,-3,77
3079380,39,63,5,72
3079890,21,54,-11,83
3080400,40,45,3,80
3080910,22,52,5,75
3081420,41,43,-2,77
3081930,23,50,-1,78
3082440,42,12,7,71
3082950,83,50,-8,79
3083460,6,77,1,78
3083970,31,68,2,76
3084480,50,59,0,76
3084990,32,21,-3,79
3085500,68,28,-4,83
3086010,7,55,9,74
3086520,32,46,-3,77
3087030,14,53,1,76
3087540,39,44,4,72
3088050,21,6,-6,78
3088560,40,13,9,69
3089070,22,20,-14,83
3089580,41,27,3,80
3090090,66,34,2,78
3090600,61,61,2,76
3091110,43,23,-1,77
3091620,50,30,2,75
3092130,75,37,-7,82
3092640,100,64,0,82
3093150,23,91,6,76
3093660,98,82,-7,83
3094170,21,83,7,76
3094680,40,74,5,71
3095190,22,65,-2,73
3095700,41,56,-3,76
3096210,23,94,-6,82
3096720,68,43,-3,85
3097230,93,50,7,78
3097740,16,77,4,74
3098250,35,68,-2,76
3098760,17,59,-1,77
3099270,36,50,-1,78
3099780,18,57,-1,79
3100290,37,48,-1,80
3100800,19,10,1,79
3101310,38,17,2,77
3101820,45,24,-4,81
3102330,70,31,3,78
3102840,95,58,0,78
3103350,18,85,0,78
3103860,67,76,2,76
3104370,49,12,1,75
3104880,56,22,-5,80
3105390,54,29,0,80
3105900,79,36,3,77
3106410,2,63,2,75
3106920,27,54,2,73
3107430,20,16,-7,80
3107940,39,23,-2,82
3108450,74,30,-5,87
3108960,99,57,5,82
3109470,22,84,8,74
3109980,67,75,-6,80
3110490,49,11,6,74
3111000,25,92,-3,77
3111510,4,83,-1,78
3112020,29,96,1,77
3112530,19,87,3,74
3113040,100,78,-8,82
3113550,98,46,3,79
3114060,21,73,7,72
3114570,40,64,2,70
3115080,22,55,-6,76
3115590,41,46,-1,77
3116100,23,53,-3,80
3116610,42,44,-3,83
3117120,24,51,4,79
3117630,43,58,-3,82
3118140,25,96,6,76
3118650,4,87,-8,84
3119160,29,36,7,77
3119670,5,43,0,77
3120180,30,34,1,76
3120690,12,41,-5,81
3121200,37,54,7,74
3121710,19,92,2,72
3122220,64,41,-9,81
3122730,89,48,1,80
3123240,12,75,5,75
3123750,37,66,-1,76
3124260,19,57,-5,81
3124770,38,48,3,78
3125280,20,55,2,76
3125790,39,46,-2,78
3126300,21,53,2,76
3126810,40,44,-2,78
3127320,22,51,-5,83
3127830,41,42,4,79
3128340,23,49,6,73
3128850,42,40,-1,74
3129360,24,47,-11,85
3129870,43,54,14,71
3130380,25,92,-2,73
3130890,15,83,-12,85
3131400,40,74,11,74
3131910,22,65,-1,75
3132420,41,56,-4,79
3132930,23,18,-8,87
3133440,42,25,6,81
3133950,67,32,2,79
3134460,92,59,1,78
3134970,15,86,2,76
3135480,40,35,-3,79
3135990,22,42,-1,80
3136500,41,55,7,73
3137010,23,17,-6,79
3137520,42,24,1,78
3138030,67,31,-2,80
3138540,92,58,3,77
3139050,15,85,3,74
3139560,40,76,4,70
3140070,22,67,-5,75
3140580,41,58,1,74
3141090,23,96,-6,80
3141600,68,32,3,77
3142110,93,59,0,77
3142620,16,86,-2,79
3143130,41,35,6,73
3143640,23,42,-5,78
3144150,42,49,0,78
3144660,24,56,3,75
3145170,43,47,-1,76
3145680,25,54,-2,78
3146190,44,45,-2,80
3146700,26,52,7,73
3147210,45,43,-5,78
3147720,27,50,-2,80
3148230,46,41,-3,83
3148740,28,48,6,77
3149250,47,39,-4,81
3149760,29,46,-3,84
3150270,48,53,8,76
3150780,30,91,10,66
3151290,12,82,-10,76
3151800,37,31,-3,79
3152310,62,38,-3,82
3152820,87,45,7,75
3153330,10,72,2,73
3153840,35,87,-2,75
3154350,39,78,-4,79
3154860,21,69,4,75
3155370,40,60,7,68
3155880,22,98,-11,79
3156390,67,34,-10,89
3156900,92,61,10,79
3157410,15,88,4,75
3157920,96,37,-3,78
3158430,19,64,1,77
3158940,44,55,-5,82
3159450,26,93,12,70
3159960,71,29,-10,80
3160470,96,56,0,80
3160980,19,83,4,76
3161490,44,74,-3,79
3162000,26,65,5,74
3162510,45,56,-3,77
3163020,27,94,5,72
3163530,17,30,-10,82
3164040,36,37,3,79
3164550,18,44,-1,80
3165060,37,57,9,71
3165570,19,95,-7,78
3166080,44,31,-8,86
3166590,69,38,0,86
3167100,94,45,10,76
3167610,17,72,-6,82
3168120,42,63,13,69
3168630,24,101,-9,78
3169140,69,37,-5,83
3169650,94,31,1,82
3170160,17,58,13,69
3170670,36,49,-12,81
3171180,18,87,5,76
3171690,43,78,2,74
3172200,25,69,0,74
3172710,44,60,1,73
3173220,26,98,-4,77
3173730,71,34,-2,79
3174240,96,61,3,76
3174750,19,88,2,74
3175260,100,79,2,72
3175770,23,4,-10,82
3176280,24,15,1,81
3176790,43,22,6,75
3177300,68,29,-2,77
3177810,93,56,3,74
3178320,16,83,-7,81
3178830,41,74,8,73
3179340,23,65,-3,76
3179850,42,56,5,71
3180360,24,94,-4,75
3180870,69,30,-10,85
3181380,94,57,9,76
3181890,17,84,2,74
3182400,42,75,7,67
3182910,24,66,-8,75
3183420,43,57,-1,76
3183930,25,95,2,74
3184440,70,31,-5,79
3184950,95,58,5,74
3185460,18,85,-3,77
3185970,43,76,-4,81
3186480,25,12,2,79
3186990,44,19,9,70
3187500,49,26,-10,80
3188010,74,33,-1,81
3188520,99,60,7,74
3189030,22,87,-4,78
3189540,47,78,4,74
3190050,29,14,-6,80
3190560,54,21,1,79
3191070,59,31,-2,81
3191580,84,38,1,80
3192090,7,65,3,77
3192600,32,56,7,70
3193110,14,47,-8,78
3193620,39,60,2,76
3194130,21,51,-5,81
3194640,40,89,8,73
3195150,45,80,-1,74
3195660,27,71,4,70
3196170,46,62,-10,80
3196680,28,100,4,76
3197190,18,36,-5,81
3197700,37,43,9,72
3198210,19,50,-5,77
3198720,38,41,2,75
3199230,20,48,-3,78
3199740,39,39,-4,82
3200250,21,46,-2,84
3200760,40,55,12,72
3201270,22,93,-1,73
3201780,67,29,-4,77
3202290,92,56,0,77
3202800,15,83,0,77
3203310,40,74,-1,78
3203820,22,65,1,77
3204330,41,56,0,77
3204840,23,94,1,76
3205350,43,85,-8,84
3205860,48,76,11,73
3206370,30,12,-6,79
3206880,37,19,0,79
3207390,62,26,0,79
3207900,69,53,2,77
3208410,94,54,0,77
3208920,17,81,-1,78
3209430,42,72,2,76
3209940,24,63,-5,81
3210450,43,54,6,75
3210960,25,92,4,71
3211470,70,83,-7,78
3211980,52,19,-3,81
3212490,59,26,4,77
3213000,66,53,-5,82
3213510,91,54,8,74
3214020,14,81,-4,78
3214530,39,72,3,75
3215040,21,63,-2,77
3215550,40,54,-1,78
3216060,22,92,3,75
3216570,25,28,-1,76
3217080,7,35,-2,78
3217590,32,48,0,78
3218100,14,86,1,77
3218610,39,77,-4,81
3219120,44,68,0,81
3219630,26,4,9,72
3220140,77,11,-8,80
3220650,53,21,2,78
3221160,60,48,-3,81
3221670,42,55,6,75
3222180,24,93,3,72
3222690,69,84,-7,79
3223200,51,20,1,78
3223710,58,27,-1,79
3224220,65,54,1,78
3224730,90,61,-2,80
3225240,13,88,1,79
3225750,39,37,1,78
3226260,21,44,2,76
3226770,40,35,-6,82
3227280,22,42,4,78
3227790,41,49,1,77
3228300,23,56,-4,81
3228810,42,47,8,73
3229320,24,54,-1,74
3229830,43,45,-6,80
3230340,25,52,0,80
3230850,44,43,5,75
3231360,26,50,-1,76
3231870,45,41,-4,80
3232380,27,48,-4,84
3232890,46,55,9,75
3233400,28,93,-2,77
3233910,31,84,4,73
3234420,21,75,-2,75
3234930,24,53,3,72
3235440,43,44,-3,75
3235950,25,51,1,74
3236460,90,42,-3,77
3236970,13,69,4,73
3237480,38,60,-2,75
3237990,20,51,-1,76
3238500,39,42,1,75
3239010,21,49,-6,81
3239520,40,40,5,76
3240030,22,47,0,76
3240540,41,38,-3,79
3241050,23,45,2,77
3241560,42,52,3,74
3242070,24,90,-1,75
3242580,69,81,-2,77
3243090,51,17,-7,84
3243600,58,27,5,79
3244110,65,34,-2,81
3244620,90,61,7,74
3245130,13,88,-2,76
3245640,38,37,-2,78
3246150,20,44,-4,82
3246660,39,61,7,75
3247170,21,52,-3,78
3247680,40,43,0,78
3248190,22,50,1,77
3248700,41,88,1,76
3249210,23,79,1,75
3249720,26,70,0,75
3250230,29,61,4,71
3250740,94,52,-5,76
3251250,17,79,3,73
3251760,24,70,0,73
3252270,27,61,-7,80
3252780,46,52,5,75
3253290,28,59,0,75
3253800,47,50,-5,80
3254310,29,57,3,77
3254820,48,48,-3,80
3255330,30,55,0,80
3255840,49,46,-4,84
3256350,31,53,5,79
3256860,24,91,5,74
3257370,69,39,-4,78
3257880,94,66,-6,84
3258390,17,93,10,74
3258900,98,42,-2,76
3259410,21,69,3,73
3259920,24,60,-1,74
3260430,5,51,1,73
3260940,30,42,-1,74
3261450,12,49,-2,76
3261960,37,40,-5,81
3262470,19,47,5,76
3262980,38,38,-1,77
3263490,20,45,-3,80
3264000,39,36,4,76
3264510,21,43,-10,86
3265020,40,50,5,81
3265530,22,57,5,76
3266040,41,48,3,73
3266550,23,86,-1,74
3267060,68,77,-4,78
3267570,50,13,-3,81
3268080,26,23,0,81
3268590,45,30,3,78
3269100,27,37,-3,81
3269610,9,44,6,75
3270120,34,35,-5,80
3270630,16,42,-5,85
3271140,41,55,12,73
3271650,23,93,-1,74
3272160,68,42,-7,81
3272670,93,43,-1,82
3273180,16,70,11,71
3273690,66,61,-7,78
3274200,48,99,-2,80
3274710,30,90,8,72
3275220,20,81,-3,75
3275730,23,72,1,74
3276240,26,63,-2,76
3276750,19,54,4,72
3277260,38,45,-3,75
3277770,20,52,-8,83
3278280,39,65,1,82
3278790,58,56,-3,85
3279300,40,63,11,74
3279810,22,54,-10,84
3280320,41,2,12,72
3280830,17,12,-8,80
3281340,36,19,0,80
3281850,43,26,4,76
3282360,68,33,-4,80
3282870,93,60,0,80
3283380,16,87,5,75
3283890,41,78,1,74
3284400,23,69,-1,75
3284910,26,60,-3,78
3285420,19,51,1,77
3285930,38,42,-2,79
3286440,20,49,-3,82
3286950,39,40,2,80
3287460,21,47,1,79
3287970,40,54,6,73
3288480,22,92,-5,78
3288990,67,83,-3,81
3289500,49,19,5,76
3290010,31,26,-9,85
3290520,50,33,4,81
3291030,32,40,1,80
3291540,14,47,2,78
3292050,39,38,-4,82
3292560,21,45,1,81
3293070,96,58,4,77
3293580,84,85,-13,90
3294090,66,21,10,80
3294600,42,48,6,74
3295110,24,55,0,74
3295620,89,46,-7,81
3296130,12,73,3,78
3296640,37,64,5,73
3297150,19,55,-3,76
3297660,44,46,-2,78
3298170,26,53,-13,91
3298680,60,60,6,85
3299190,42,90,11,74
3299700,24,81,-1,75
3300210,14,72,0,75
3300720,39,63,3,72
3301230,21,54,-3,75
3301740,40,45,0,75
3302250,22,52,-2,77
3302760,56,43,-7,84
3303270,38,50,11,73
3303780,20,88,1,72
3304290,45,79,-12,84
3304800,27,70,8,76
3305310,17,61,5,71
3305820,42,52,0,71
3306330,24,90,-1,72
3306840,44,81,-5,77
3307350,26,72,4,73
3307860,29,63,-7,80
3308370,63,54,-5,85
3308880,45,61,9,76
3309390,27,99,-1,77
3309900,10,27,-8,85
3310410,38,66,11,74
3310920,20,57,-3,77
3311430,23,48,0,77
3311940,42,39,4,73
3312450,24,46,-3,76
3312960,17,37,-2,78
3313470,36,50,-2,80
3313980,18,61,-1,81
3314490,43,52,7,74
3315000,25,90,0,74
3315510,45,81,-3,77
3316020,27,72,2,75
3316530,17,63,0,75
3317040,42,54,-1,76
3317550,24,92,-2,78
3318060,7,40,0,78
3318570,32,31,-8,86
3319080,51,38,6,80
3319590,33,41,0,80
3320100,15,48,-1,81
3320610,40,39,4,77
3321120,22,46,-4,81
3321630,56,59,1,80
3322140,38,97,3,77
3322650,20,88,2,75
3323160,40,37,-2,77
3323670,22,44,-7,84
3324180,50,57,13,71
3324690,32,95,-3,74
3325200,22,3,-8,82
3325710,32,14,3,79
3326220,42,21,7,72
3326730,49,28,-6,78
3327240,31,35,2,76
3327750,13,42,-3,79
3328260,38,33,-2,81
3328770,20,40,-4,85
3329280,39,47,7,78
3329790,21,58,2,76
3330300,11,49,-6,82
3330810,39,40,2,80
3331320,21,47,-3,83
3331830,85,38,1,82
3332340,8,65,6,76
3332850,33,56,2,74
3333360,15,47,-6,80
3333870,40,38,0,80
3334380,22,45,3,77
3334890,87,56,-5,82
3335400,10,83,2,80
3335910,35,32,-4,84
3336420,17,43,8,76
3336930,42,56,0,76
3337440,24,50,3,73
3337950,17,41,-10,83
3338460,42,80,6,77
3338970,24,71,0,77
3339480,14,62,6,71
3339990,39,53,-6,77
3340500,21,91,6,71
3341010,41,40,-10,81
3341520,23,51,5,76
3342030,87,42,-7,83
3342540,10,69,8,75
3343050,35,60,-1,76
3343560,17,51,0,76
3344070,42,42,0,76
3344580,24,53,-4,80
3345090,43,44,-2,82
3345600,25,55,6,76
3346110,59,46,-5,81
3346620,41,53,6,75
3347130,23,80,-3,78
3347640,87,71,-7,85
3348150,10,84,10,75
3348660,30,33,-15,90
3349170,82,44,8,82
3349680,5,71,9,73
3350190,30,62,-9,82
3350700,20,72,5,77
3351210,23,63,2,75
3351720,13,54,1,74
3352230,38,45,-8,82
3352740,20,56,7,75
3353250,45,47,-9,84
3353760,27,58,10,74
3354270,92,49,-6,80
3354780,15,76,7,73
3355290,40,24,-8,81
3355800,22,35,0,81
3356310,74,46,2,79
3356820,99,73,6,73
3357330,22,100,-2,75
3357840,5,28,-5,80
3358350,33,41,0,80
3358860,15,52,8,72
3359370,40,43,-6,78
3359880,22,54,-4,82
3360390,50,45,2,80
3360900,32,56,4,76
3361410,14,47,-6,82
3361920,39,38,4,78
3362430,21,49,2,76
3362940,49,40,-4,80
3363450,31,51,2,78
3363960,13,61,0,78
3364470,38,52,1,77
3364980,20,90,4,73
3365490,40,18,-6,79
3366000,47,25,-2,81
3366510,29,32,3,78
3367020,11,43,3,75
3367530,36,34,-3,78
3368040,18,45,-1,79
3368550,37,58,9,70
3369060,19,49,-12,82
3369570,38,58,7,75
3370080,20,49,-8,83
3370590,48,40,0,83
3371100,30,51,5,78
3371610,64,42,2,76
3372120,89,43,-4,80
3372630,12,70,-1,81
3373140,37,61,8,73
3373650,19,52,-7,80
3374160,47,43,3,77
3374670,29,54,-2,79
3375180,19,45,-1,80
3375690,47,54,4,76
3376200,29,65,0,76
3376710,19,56,-2,78
3377220,44,47,-1,79
3377730,26,58,7,72
3378240,16,49,-9,81
3378750,41,40,-5,86
3379260,23,51,14,72
3379770,13,42,-7,79
3380280,38,33,2,77
3380790,20,44,-4,81
3381300,54,90,1,80
3381810,36,26,1,79
3382320,18,37,-2,81
3382830,46,48,7,74
3383340,28,10,-8,82
3383850,64,21,-2,84
3384360,89,48,4,80
3384870,12,75,6,74
3385380,37,66,-3,77
3385890,65,57,1,76
3386400,47,68,1,75
3386910,29,4,-1,76
3387420,5,14,-10,86
3387930,33,53,9,77
3388440,15,64,-3,80
3388950,40,55,3,77
3389460,22,93,2,75
3389970,42,21,2,73
3390480,67,32,-6,79
3390990,92,59,-2,81
3391500,99,86,1,80
3392010,22,87,5,75
3392520,29,78,3,72
3393030,32,69,-8,80
3393540,35,60,7,73
3394050,17,51,-5,78
3394560,42,42,-1,79
3395070,24,53,-2,81
3395580,52,19,8,73
3396090,77,30,-9,82
3396600,0,57,3,79
3397110,25,48,3,76
3397620,15,39,-1,77
3398130,40,52,-1,78
3398640,22,14,-6,84
3399150,41,25,4,80
3399660,77,36,1,79
3400170,0,63,2,77
3400680,25,76,7,70
3401190,28,67,-4,74
3401700,18,58,-4,78
3402210,43,49,-2,80
3402720,25,60,0,80
3403230,15,51,-3,83
3403740,40,42,4,79
3404250,22,53,-4,83
3404760,56,44,1,82
3405270,81,55,2,80
3405780,4,82,-2,82
3406290,29,95,11,71
3406800,19,86,-5,76
3407310,26,14,-5,81
3407820,51,25,4,77
3408330,75,36,-6,83
3408840,100,63,9,74
3409350,23,90,1,73
3409860,43,81,1,72
3410370,25,72,-7,79
3410880,28,63,4,75
3411390,18,54,-8,83
3411900,43,64,10,73
3412410,25,55,-6,79
3412920,59,46,-4,83
3413430,84,57,2,81
3413940,7,84,3,78
3414450,32,33,-1,79
3414960,14,44,1,78
3415470,39,35,-3,81
3415980,21,46,1,80
3416490,55,55,2,78
3417000,37,66,5,73
3417510,19,57,-5,78
3418020,22,48,-1,79
3418530,56,39,2,77
3419040,81,50,-7,84
3419550,4,77,8,76
3420060,29,68,-3,79
3420570,63,59,-3,82
3421080,45,70,3,79
3421590,27,61,-2,81
3422100,61,52,-2,83
3422610,86,14,3,80
3423120,67,24,-3,83
3423630,92,51,2,81
3424140,15,78,3,78
3424650,40,69,-3,81
3425160,22,60,6,75
3425670,25,51,3,72
3426180,15,42,-9,81
3426690,40,55,2,79
3427200,22,65,5,74
3427710,86,56,-5,79
3428220,9,83,-3,82
3428730,34,32,0,82
3429240,16,43,-1,83
3429750,41,54,2,81
3430260,23,65,7,74
3430770,26,56,-3,77
3431280,60,47,-2,79
3431790,85,9,-3,82
3432300,61,19,2,80
3432810,86,29,2,78
3433320,9,56,4,74
3433830,34,47,-3,77
3434340,16,58,-2,79
3434850,41,49,-2,81
3435360,23,60,7,74
3435870,26,51,-6,80
3436380,60,42,1,79
3436890,85,53,-1,80
3437400,8,80,5,75
3437910,28,29,-4,79
3438420,10,40,-4,83
3438930,38,53,9,74
3439440,20,64,-8,82
3439950,23,55,0,82
3440460,57,46,0,82
3440970,82,57,1,81
3441480,5,58,0,81
3441990,30,49,-2,83
3442500,64,60,10,73
3443010,46,22,-10,83
3443520,71,33,5,78
3444030,96,60,-1,79
3444540,19,87,8,71
3445050,39,78,-5,76
3445560,21,69,-3,79
3446070,24,60,2,77
3446580,14,51,0,77
3447090,39,42,-1,78
3447600,21,53,2,76
3448110,85,44,-4,80
3448620,8,71,5,75
3449130,33,62,6,69
3449640,15,53,-8,77
3450150,40,44,-6,83
3450660,22,55,3,80
3451170,56,46,-3,83
3451680,38,57,5,78
3452190,20,48,-3,81
3452700,48,39,0,81
3453210,30,50,3,78
3453720,82,41,-6,84
3454230,5,68,4,80
3454740,30,59,2,78
3455250,20,50,-5,83
3455760,48,41,3,80
3456270,30,52,8,72
3456780,82,43,-1,73
3457290,5,70,-1,74
3457800,30,61,0,74
3458310,20,52,-6,80
3458820,54,43,2,78
3459330,36,54,6,72
3459840,18,45,-7,79
3460350,46,36,-1,80
3460860,28,47,5,75
3461370,80,38,-4,79
3461880,3,65,0,79
3462390,28,56,2,77
3462900,18,66,0,77
3463410,43,57,3,74
3463920,25,95,-3,77
3464430,45,86,-2,79
3464940,27,77,7,72
3465450,91,68,-10,82
3465960,14,69,8,74
3466470,79,60,-13,87
3466980,2,71,11,76
3467490,27,84,3,73
3468000,17,75,-5,78
3468510,42,66,-2,80
3469020,24,57,2,78
3469530,14,48,0,78
3470040,39,39,3,75
3470550,21,50,1,74
3471060,55,41,-7,81
3471570,80,52,-1,82
3472080,3,53,5,77
3472590,28,44,-3,80
3473100,80,55,-2,82
3473610,3,56,9,73
3474120,28,47,-10,83
3474630,80,58,-3,86
3475140,3,59,14,72
3475650,28,50,-6,78
3476160,80,41,-3,81
3476670,3,68,8,73
3477180,28,59,-5,78
3477690,92,50,-2,80
3478200,15,77,2,78
3478710,40,68,4,74
3479220,22,59,-4,78
3479730,12,50,-4,82
3480240,37,41,5,77
3480750,19,52,0,77
3481260,53,43,-5,82
3481770,24,54,3,79
3482280,58,45,-4,83
3482790,83,56,-1,84
3483300,6,57,7,77
3483810,31,48,0,77
3484320,83,39,-4,81
3484830,6,66,10,71
3485340,31,57,-5,76
3485850,65,48,-5,81
3486360,90,49,0,81
3486870,13,76,7,74
3487380,38,67,-5,79
3487890,90,58,1,78
3488400,13,85,0,78
3488910,33,76,1,77
3489420,98,67,0,77
3489930,21,94,2,75
3490440,41,22,-5,80
3490950,66,33,-4,84
3491460,91,60,4,80
3491970,14,87,2,78
3492480,34,1,1,77
3492990,10,11,-4,81
3493500,78,50,0,81
3494010,1,51,6,75
3494520,26,42,-5,80
3495030,78,22,0,80
3495540,1,49,5,75
3496050,26,40,0,75
3496560,78,31,-9,84
3497070,1,58,7,77
3497580,75,49,-3,80
3498090,100,50,0,80
3498600,23,77,9,71
3499110,87,68,-15,86
3499620,10,69,9,77
3500130,35,60,2,75
3500640,87,51,-9,84
3501150,10,78,13,71
3501660,30,69,-6,77
3502170,64,60,-6,83
3502680,46,90,1,82
3503190,98,81,-6,88
3503700,21,82,8,80
3504210,85,73,-5,85
3504720,8,1,1,84
3505230,11,12,7,77
3505740,39,51,-7,84
3506250,91,61,5,79
3506760,14,88,4,75
3507270,34,79,-2,77
3507780,86,70,-5,82
3508290,9,71,4,78
3508800,34,62,3,75
3509310,86,53,-6,81
3509820,9,80,5,76
3510330,29,71,-1,77
3510840,94,62,-1,78
3511350,17,89,5,73
3511860,37,80,-5,78
3512370,89,51,-5,83
3512880,12,78,8,75
3513390,32,69,-5,80
3513900,97,60,8,72
3514410,20,87,-9,81
3514920,84,78,-2,83
3515430,7,6,7,76
3515940,70,17,-5,81
3516450,95,44,-4,85
3516960,18,71,11,74
3517470,82,62,-12,86
3517980,5,63,6,80
3518490,30,54,3,77
3519000,82,45,-5,82
3519510,5,72,7,75
3520020,20,63,2,73
3520530,23,54,-7,80
3521040,18,45,-1,81
3521550,13,36,-3,84
3522060,38,49,10,74
3522570,20,60,-4,78
3523080,23,51,-1,79
3523590,18,42,-1,80
3524100,13,33,0,80
3524610,8,46,3,77
3525120,33,37,-2,79
3525630,85,48,-1,80
3526140,8,75,1,79
3526650,33,66,-2,81
3527160,85,57,-2,83
3527670,8,58,6,77
3528180,33,49,6,71
3528690,85,40,-7,78
3529200,8,67,1,77
3529710,33,58,-1,78
3530220,85,49,-8,86
3530730,8,76,12,74
3531240,33,67,-3,77
3531750,85,58,-1,78
3532260,8,85,-1,79
3532770,33,76,0,79
3533280,85,67,-9,88
3533790,8,68,11,77
3534300,33,59,3,74
3534810,85,50,-11,85
3535320,8,45,4,81
3535830,33,36,2,79
3536340,85,47,-1,80
3536850,8,74,6,74
3537360,33,77,4,70
3537870,38,68,-9,79
3538380,90,59,0,79
3538890,13,86,4,75
3539400,33,77,5,70
3539910,98,68,-9,79
3540420,21,95,2,77
3540930,41,86,2,75
3541440,47,77,-7,82
3541950,99,68,2,80
3542460,22,95,8,72
3542970,42,86,-4,76
3543480,24,77,2,74
3543990,14,68,1,73
3544500,39,59,-1,74
3545010,21,50,-10,84
3545520,49,41,9,75
3546030,31,52,-5,80
3546540,83,43,0,80
3547050,6,30,-4,84
3547560,34,43,5,79
3548070,86,54,-1,80
3548580,9,81,1,79
3549090,29,72,4,75
3549600,19,63,-6,81
3550110,22,54,4,77
3550620,50,45,-2,79
3551130,32,56,1,78
3551640,84,47,-3,81
3552150,7,74,8,73
3552660,27,65,-5,78
3553170,30,56,3,75
3553680,82,47,-9,84
3554190,5,74,12,72
3554700,30,65,-5,77
3555210,82,56,-3,80
3555720,5,57,3,77
3556230,30,48,0,77
3556740,82,39,-4,81
3557250,5,66,2,79
3557760,30,57,7,72
3558270,82,48,-9,81
3558780,5,75,3,78
3559290,30,24,-4,82
3559800,66,35,-2,84
3560310,91,46,4,80
3560820,14,73,8,72
3561330,24,64,-4,76
3561840,27,55,-4,80
3562350,79,65,-2,82
3562860,2,66,7,75
3563370,27,57,0,75
3563880,79,48,-6,81
3564390,2,75,6,75
3564900,27,66,4,71
3565410,30,57,-4,75
3565920,82,48,-11,86
3566430,5,75,11,75
3566940,30,66,3,72
3567450,95,57,-2,74
3567960,18,84,0,74
3568470,38,75,-3,77
3568980,28,66,3,74
3569490,93,57,-7,81
3570000,16,84,3,78
3570510,41,75,-3,81
3571020,93,66,3,78
3571530,16,67,6,72
3572040,19,58,-1,73
3572550,22,49,-1,74
3573060,90,40,-4,78
3573570,13,67,5,73
3574080,38,58,-5,78
3574590,90,49,2,76
3575100,13,76,1,75
3575610,38,67,-1,76
3576120,90,58,-4,80
3576630,13,85,2,78
3577140,33,76,5,73
3577650,85,67,-12,85
3578160,8,68,8,77
3578670,33,59,-5,82
3579180,85,50,4,78
3579690,8,77,0,78
3580200,80,68,-1,79
3580710,3,69,2,77
3581220,28,60,-2,79
3581730,96,51,1,78
3582240,19,78,4,74
3582750,22,69,4,70
3583260,25,60,-5,75
3583770,53,51,-2,77
3584280,35,62,3,74
3584790,87,53,-13,87
3585300,10,80,9,78
3585810,35,71,-2,80
3586320,87,62,-3,83
3586830,10,63,9,74
3587340,35,54,-5,79
3587850,87,64,-4,83
3588360,10,65,10,73
3588870,35,56,-9,82
3589380,87,47,3,79
3589890,10,74,-1,80
3590400,35,65,1,79
3590910,87,56,-4,83
3591420,10,83,1,82
3591930,30,32,-3,85
3592440,58,43,4,81
3592950,83,54,2,79
3593460,6,81,1,78
3593970,31,94,2,76
3594480,34,2,5,71
3594990,10,21,-12,83
3595500,38,60,10,73
3596010,20,51,-5,78
3596520,48,42,0,78
3597030,30,53,2,76
3597540,82,44,-7,83
3598050,5,71,11,72
3598560,30,84,-3,75
3599070,33,87,1,74
3599580,36,78,1,73
3600090,18,42,-7,80
3600600,46,55,5,75
3601110,28,65,-1,76
3601620,31,56,3,73
3602130,83,47,-3,76
3602640,6,74,-5,81
3603150,31,87,8,73
3603660,21,78,1,72
3604170,7,69,-4,76
3604680,32,60,-5,81
3605190,84,51,2,79
3605700,7,78,0,79
3606210,32,27,1,78
3606720,14,38,-3,81
3607230,39,51,0,81
3607740,91,62,3,78
3608250,14,89,3,75
3608760,34,80,-4,79
3609270,86,71,-10,89
3609780,9,72,6,83
3610290,34,63,11,72
3610800,86,54,-10,82
3611310,9,81,8,74
3611820,29,72,4,70
3612330,81,63,-7,77
3612840,4,64,3,74
3613350,29,55,-4,78
3613860,81,46,0,78
3614370,4,73,2,76
3614880,29,86,3,73
3615390,19,77,-2,75
3615900,5,68,-3,78
3616410,30,59,2,76
3616920,82,50,-6,82
3617430,5,77,10,72
3617940,30,90,3,69
3618450,20,100,-16,85
3618960,98,49,-3,88
3619470,21,76,12,76
3619980,7,67,0,76
3620490,32,58,4,72
3621000,84,49,-9,81
3621510,7,76,6,75
3622020,32,67,1,74
3622530,84,58,-2,76
3623040,7,85,-2,78
3623550,32,98,5,73
3624060,14,6,-12,85
3624570,17,13,3,82
3625080,42,52,5,77
3625590,24,65,1,76
3626100,27,56,1,75
3626610,79,47,-8,83
3627120,2,74,8,75
3627630,27,87,-2,77
3628140,30,78,3,74
3628650,82,69,-3,77
3629160,5,70,2,75
3629670,30,83,9,66
3630180,12,74,-10,76
3630690,37,65,-10,86
3631200,89,56,-1,87
3631710,12,83,10,77
3632220,32,74,2,75
3632730,84,65,-11,86
3633240,7,66,11,75
3633750,32,57,-2,77
3634260,84,48,-4,81
3634770,7,75,8,73
3635280,32,24,-10,83
3635790,57,35,1,82
3636300,82,42,3,79
3636810,5,69,2,77
3637320,30,60,2,75
3637830,82,51,-8,83
3638340,5,78,8,75
3638850,30,27,-6,81
3639360,82,34,1,80
3639870,5,61,4,76
3640380,30,52,2,74
3640890,82,43,-5,79
3641400,5,70,3,76
3641910,30,61,0,76
3642420,82,52,-8,84
3642930,5,79,-1,85
3643440,30,28,7,78
3643950,82,35,-4,82
3644460,5,62,8,74
3644970,30,10,-6,80
3645480,6,21,1,79
3645990,34,60,1,78
3646500,86,51,-1,79
3647010,9,78,0,79
3647520,34,26,-2,81
3648030,16,33,-4,85
3648540,68,40,7,78
3649050,93,67,-3,81
3649560,16,94,1,80
3650070,36,43,2,78
3650580,18,82,0,78
3651090,21,30,-3,81
3651600,73,37,-2,83
3652110,98,64,3,80
3652620,21,91,2,78
3653130,22,40,0,78
3653640,74,39,-5,83
3654150,99,66,8,75
3654660,22,93,-1,76
3655170,23,41,-6,82
3655680,75,48,-1,83
3656190,100,49,7,76
3656700,23,76,2,74
3657210,87,24,-12,86
3657720,10,51,6,80
3658230,35,42,2,78
3658740,17,49,-3,81
3659250,42,40,5,76
3659760,24,51,-2,78
3660270,76,60,3,75
3660780,101,61,1,74
3661290,24,88,-4,78
3661800,25,36,-1,79
3662310,77,43,-3,82
3662820,0,70,8,74
3663330,25,83,-3,77
3663840,28,38,-2,79
3664350,80,45,1,78
3664860,3,72,-2,80
3665370,28,21,-2,82
3665880,53,28,2,80
3666390,78,35,2,78
3666900,1,62,4,74
3667410,26,10,-6,80
3667920,51,21,5,75
3668430,76,31,-11,86
3668940,101,58,15,71
3669450,24,85,-2,73
3669960,25,40,-9,82
3670470,77,47,0,82
3670980,0,74,8,74
3671490,25,23,-14,88
3672000,77,30,8,80
3672510,0,57,8,72
3673020,25,5,-6,78
3673530,50,16,-2,80
3674040,75,26,-1,81
3674550,100,53,8,73
3675060,23,80,0,73
3675570,26,35,-2,75
3676080,78,42,-4,79
3676590,1,69,-1,80
3677100,26,24,-4,84
3677610,78,31,2,82
3678120,1,58,6,76
3678630,26,6,1,75
3679140,36,17,3,72
3679650,61,24,-5,77
3680160,86,34,-3,80
3680670,9,61,4,76
3681180,34,52,2,74
3681690,86,24,-7,81
3682200,9,51,1,80
3682710,34,42,1,79
3683220,86,49,-5,84
3683730,9,76,8,76
3684240,34,31,3,73
3684750,16,38,-13,86
3685260,41,45,12,74
3685770,23,52,-3,77
3686280,75,7,-4,81
3686790,51,26,-3,84
3687300,76,33,10,74
3687810,101,60,0,74
3688320,24,87,-4,78
3688830,25,42,-3,81
3689340,77,49,-2,83
3689850,0,50,7,76
3690360,25,100,1,75
3690870,1,49,0,75
3691380,26,40,-7,82
3691890,78,47,2,80
3692400,1,74,3,77
3692910,26,29,-5,82
3693420,78,36,10,72
3693930,1,63,-5,77
3694440,26,76,7,70
3694950,36,67,-8,78
3695460,18,58,-1,79
3695970,43,49,6,73
3696480,25,56,-8,81
3696990,77,35,0,81
3697500,0,62,9,72
3698010,25,53,-4,76
3698520,77,8,-8,84
3699030,53,27,4,80
3699540,78,54,0,80
3700050,1,55,2,78
3700560,26,46,-5,83
3701070,78,53,2,81
3701580,1,54,5,76
3702090,26,45,-1,77
3702600,78,91,0,77
3703110,60,27,-3,80
3703620,85,54,-2,82
3704130,8,81,4,78
3704640,28,36,0,78
3705150,80,43,0,78
3705660,3,70,3,75
3706170,28,83,-1,76
3706680,38,38,-4,80
3707190,20,45,2,78
3707700,72,52,-2,80
3708210,97,53,3,77
3708720,20,80,1,76
3709230,84,35,-9,85
3709740,7,62,12,73
3710250,32,53,-4,77
3710760,84,25,-7,84
3711270,7,52,9,75
3711780,32,19,-2,77
3712290,57,26,-8,85
3712800,82,27,3,82
3713310,5,54,3,79
3713820,30,45,-3,82
3714330,12,52,4,78
3714840,37,43,0,78
3715350,19,54,2,76
3715860,29,9,-2,78
3716370,54,20,-1,79
3716880,79,30,-2,81
3717390,2,57,10,71
3717900,27,48,-4,75
3718410,79,61,-3,78
3718920,2,62,5,73
3719430,27,53,-4,77
3719940,79,8,-6,83
3720450,55,27,0,83
3720960,80,34,1,82
3721470,3,61,9,73
3721980,28,9,-8,81
3722490,53,20,3,78
3723000,78,47,-7,85
3723510,1,48,5,80
3724020,26,39,3,77
3724530,78,50,0,77
3725040,1,77,2,75
3725550,26,26,-10,85
3726060,78,33,4,81
3726570,1,60,6,75
3727080,26,73,1,74
3727590,36,64,2,72
3728100,18,0,-8,80
3728610,75,11,-2,82
3729120,51,21,2,80
3729630,76,50,-2,82
3730140,101,51,7,75
3730650,24,78,-2,77
3731160,27,33,-2,79
3731670,79,44,-1,80
3732180,2,71,6,74
3732690,27,26,-13,87
3733200,79,37,9,78
3733710,2,64,2,76
3734220,27,19,-5,81
3734730,52,30,-3,84
3735240,77,41,0,84
3735750,0,68,5,79
3736260,25,81,2,77
3736770,35,36,1,76
3737280,17,47,-1,77
3737790,29,60,0,77
3738300,81,51,-6,83
3738810,4,78,9,74
3739320,29,27,-12,86
3739830,81,38,5,81
3740340,4,65,6,75
3740850,29,13,-1,76
3741360,54,24,-3,79
3741870,79,35,-2,81
3742380,2,62,1,80
3742890,27,75,11,69
3743400,37,30,-8,77
3743910,19,41,-10,87
3744420,53,80,9,78
3744930,35,16,0,78
3745440,60,27,-4,82
3745950,85,38,2,80
3746460,8,65,3,77
3746970,33,56,-1,78
3747480,15,47,-9,87
3747990,40,60,6,81
3748500,22,98,2,79
3749010,23,47,-4,83
3749520,75,86,3,80
3750030,57,22,1,79
3750540,82,32,-5,84
3751050,5,59,8,76
3751560,30,50,-2,78
3752070,82,63,-5,83
3752580,5,64,8,75
3753090,30,77,3,72
3753600,40,68,-1,73
3754110,22,59,-10,83
3754620,25,50,8,75
3755130,77,63,-13,88
3755640,0,74,13,75
3756150,25,29,-15,90
3756660,77,68,8,82
3757170,0,69,3,79
3757680,25,82,5,74
3758190,26,37,-8,82
3758700,78,48,4,78
3759210,1,75,3,75
3759720,28,88,0,75
3760230,29,43,-2,77
3760740,57,54,-2,79
3761250,39,55,-3,82
3761760,21,65,12,70
3762270,31,56,-5,75
3762780,83,47,-6,81
3763290,6,74,0,81
3763800,31,87,3,78
3764310,41,42,-6,84
3764820,23,53,4,80
3765330,75,44,2,78
3765840,100,71,2,76
3766350,23,98,0,76
3766860,101,47,2,74
3767370,24,74,-1,75
3767880,27,29,-6,81
3768390,79,40,-6,87
3768900,2,67,10,77
3769410,27,80,2,75
3769920,30,71,-3,78
3770430,82,62,-4,82
3770940,5,63,5,77
3771450,30,54,-3,80
3771960,82,26,-3,83
3772470,5,53,4,79
3772980,30,44,3,76
3773490,82,57,-12,88
3774000,5,58,10,78
3774510,44,49,-1,79
3775020,26,60,1,78
3775530,78,51,-5,83
3776040,1,52,9,74
3776550,26,65,-4,78
3777060,78,20,-2,80
3777570,1,47,2,78
3778080,61,38,-9,87
3778590,86,0,7,80
3779100,62,19,-2,82
3779610,87,29,0,82
3780120,10,56,6,76
3780630,35,47,2,74
3781140,17,60,-6,80
3781650,42,51,7,73
3782160,24,64,-4,77
3782670,76,55,-2,79
3783180,101,56,3,76
3783690,24,83,1,75
3784200,25,38,-8,83
3784710,77,77,6,77
3785220,59,13,-3,80
3785730,35,23,4,76
3786240,60,34,-6,82
3786750,85,5,1,81
3787260,61,24,-2,83
3787770,86,34,1,82
3788280,9,61,9,73
3788790,34,52,-5,78
3789300,86,62,-1,79
3789810,9,63,4,75
3790320,71,54,-8,83
3790830,96,55,4,79
3791340,19,82,4,75
3791850,20,37,-8,83
3792360,72,76,9,74
3792870,54,12,-7,81
3793380,30,22,-1,82
3793890,55,33,6,76
3794400,80,44,-4,80
3794910,3,71,5,75
3795420,28,84,3,72
3795930,29,39,-7,79
3796440,81,78,-3,82
3796950,4,14,2,80
3797460,32,27,-2,82
3797970,100,38,0,82
3798480,23,65,5,77
3798990,26,20,-5,82
3799500,51,59,5,77
3800010,33,86,4,73
3800520,85,41,-8,81
3801030,8,77,7,74
3801540,33,90,-1,75
3802050,36,45,-2,77
3802560,88,58,-7,84
3803070,11,85,8,76
3803580,36,34,-4,80
3804090,18,45,0,80
3804600,46,58,2,78
3805110,28,96,3,75
3805620,38,51,1,74
3806130,20,90,-11,85
3806640,84,39,2,83
3807150,7,66,9,74
3807660,32,57,-3,77
3808170,84,70,-3,80
3808680,7,71,3,77
3809190,32,19,-11,88
3809700,100,30,14,74
3810210,23,57,-5,79
3810720,91,48,0,79
3811230,14,75,7,72
3811740,24,66,-1,73
3812250,27,57,-8,81
3812760,61,12,4,77
3813270,37,39,-3,80
3813780,19,78,9,71
3814290,83,69,-16,87
3814800,6,70,7,80
3815310,31,18,-4,84
3815820,56,29,14,70
3816330,81,56,-11,81
3816840,4,99,-4,85
3817350,29,48,4,81
3817860,81,61,-3,84
3818370,4,62,11,73
3818880,29,75,-5,78
3819390,32,30,-8,86
3819900,14,69,10,76
3820410,39,60,-1,77
3820920,21,70,5,72
3821430,24,61,-6,78
3821940,92,16,-6,84
3822450,68,26,3,81
3822960,93,53,1,80
3823470,16,80,2,78
3823980,17,71,5,73
3824490,42,64,-1,74
3825000,24,55,-4,78
3825510,92,46,-2,80
3826020,15,73,9,71
3826530,40,21,-7,78
3827040,65,32,-2,80
3827550,90,59,0,80
3828060,13,86,2,78
3828570,38,35,0,78
3829080,20,46,-4,82
3829590,54,59,6,76
3830100,36,72,-1,77
3830610,41,63,5,72
3831120,23,54,-12,84
3831630,51,67,8,76
3832140,33,94,7,69
3832650,36,49,-4,73
3833160,18,62,-6,79
3833670,21,53,-9,88
3834180,49,92,9,79
3834690,31,83,3,76
3835200,32,38,-1,77
3835710,14,77,2,75
3836220,78,68,-10,85
3836730,1,69,11,74
3837240,26,82,-2,76
3837750,29,73,3,73
3838260,32,64,-5,78
3838770,66,55,2,76
3839280,91,66,-4,80
3839790,14,93,-1,81
3840300,92,42,-2,83
3840810,15,69,9,74
3841320,25,60,3,71
3841830,53,51,-6,77
3842340,35,62,2,75
3842850,87,53,-1,76
3843360,10,80,-1,77
3843870,35,93,2,75
3844380,38,21,-1,76
3844890,63,32,-6,82
3845400,88,59,1,81
3845910,11,86,-2,83
3846420,36,35,6,77
3846930,18,46,-4,81
3847440,13,85,-1,82
3847950,38,34,0,82
3848460,4,45,0,82
3848970,29,23,1,81
3849480,81,34,2,79
3849990,4,61,7,72
3850500,29,52,-4,76
3851010,81,65,-4,80
3851520,4,66,2,78
3852030,29,79,6,72
3852540,34,70,2,70
3853050,86,61,-13,83
3853560,9,88,6,77
3854070,34,37,-9,86
3854580,86,48,8,78
3855090,9,75,0,78
3855600,34,88,1,77
3856110,37,79,-3,80
3856620,42,70,7,73
3857130,24,61,-6,79
3857640,76,52,-3,82
3858150,101,53,5,77
3858660,24,80,3,74
3859170,88,71,-12,86
3859680,11,72,10,76
3860190,36,21,2,74
3860700,61,32,-5,79
3861210,86,59,0,79
3861720,9,86,3,76
3862230,29,35,-13,89
3862740,81,74,8,81
3863250,47,101,5,76
3863760,29,92,-4,80
3864270,30,83,5,75
3864780,31,74,8,67
3865290,36,101,-10,77
3865800,18,9,-6,83
3866310,19,20,4,79
3866820,71,59,-8,87
3867330,37,70,10,77
3867840,89,61,-1,78
3868350,12,88,-2,80
3868860,32,37,3,77
3869370,14,48,2,75
3869880,17,39,-6,81
3870390,51,78,3,78
3870900,33,69,-3,81
3871410,61,60,-1,82
3871920,43,90,7,75
3872430,25,81,-1,76
3872940,26,72,5,71
3873450,25,63,-8,79
3873960,93,73,-4,83
3874470,16,74,8,75
3874980,80,65,-12,87
3875490,3,76,6,81
3876000,28,89,6,75
3876510,29,99,3,72
3877020,30,7,-2,74
3877530,41,18,0,74
3878040,17,29,-6,80
3878550,45,68,6,74
3879060,27,59,0,74
3879570,79,50,-8,82
3880080,2,77,7,75
3880590,27,90,-2,77
3881100,28,100,-1,78
3881610,29,8,1,77
3882120,58,19,-4,81
3882630,83,29,-6,87
3883140,6,56,10,77
3883650,31,47,-1,78
3884160,83,60,-4,82
3884670,6,61,5,77
3885180,31,52,-1,78
3885690,83,65,-1,79
3886200,6,66,2,77
3886710,31,57,7,70
3887220,83,48,-9,79
3887730,6,75,0,79
3888240,31,88,8,71
3888750,34,98,-8,79
3889260,37,6,4,75
3889770,13,16,-11,86
3890280,41,55,20,66
3890790,23,65,-7,73
3891300,26,56,-1,74
3891810,94,47,-7,81
3892320,17,74,6,75
3892830,18,22,-4,79
3893340,46,61,-9,88
3893850,72,71,11,77
3894360,38,98,4,73
3894870,43,6,-3,76
3895380,19,16,-7,83
3895890,38,55,9,74
3896400,20,65,-2,76
3896910,19,56,1,75
3897420,47,47,-3,78
3897930,29,58,-4,82
3898440,97,68,3,79
3898950,20,95,3,76
3899460,21,44,-4,80
3899970,49,57,2,78
3900480,31,67,4,74
3900990,36,58,-2,76
3901500,88,49,0,76
3902010,11,76,3,73
3902520,92,24,-7,80
3903030,15,51,0,80
3903540,43,42,5,75
3904050,25,53,-5,80
3904560,53,66,1,79
3905070,35,93,2,77
3905580,38,48,1,76
3906090,20,87,-5,81
3906600,21,35,-2,83
3907110,73,74,1,82
3907620,101,26,0,82
3908130,24,53,6,76
3908640,92,66,-6,82
3909150,18,93,8,74
3909660,29,42,-4,78
3910170,81,83,-7,85
3910680,7,19,6,79
3911190,45,32,-1,80
3911700,11,43,-6,86
3912210,39,56,14,72
3912720,21,66,-3,75
3913230,20,57,-4,79
3913740,48,48,3,76
3914250,30,59,1,75
3914760,35,72,6,69
3915270,40,63,-10,79
3915780,92,76,1,78
3916290,18,77,0,78
3916800,19,25,-4,82
3917310,71,64,2,80
3917820,37,65,5,75
3918330,3,56,1,74
3918840,28,4,-3,77
3919350,4,14,-5,82
3919860,32,27,-1,83
3920370,100,66,3,80
3920880,23,93,6,74
3921390,24,42,-11,85
3921900,52,81,4,81
3922410,34,2,8,73
3922920,10,12,-6,79
3923430,78,51,-2,81
3923940,1,78,5,76
3924450,26,91,5,71
3924960,27,39,-7,78
3925470,79,52,-1,79
3925980,2,79,3,76
3926490,27,34,-6,82
3927000,79,73,0,82
3927510,5,100,3,79
3928020,86,49,-1,80
3928530,9,76,5,75
3929040,34,24,-7,82
3929550,0,35,6,76
3930060,28,48,-4,80
3930570,96,61,3,77
3931080,19,88,3,74
3931590,30,36,-9,83
3932100,82,75,2,81
3932610,8,85,0,81
3933120,33,34,7,74
3933630,15,73,0,74
3934140,79,21,-9,83
3934650,2,48,5,78
3935160,30,98,3,75
3935670,35,46,2,73
3936180,17,85,-3,76
3936690,18,33,-8,84
3937200,46,72,7,77
3937710,28,94,0,77
3938220,29,42,-5,82
3938730,81,81,-3,85
3939240,7,17,3,82
3939750,35,56,2,80
3940260,1,69,7,73
3940770,26,17,-11,84
3941280,41,56,8,76
3941790,23,69,5,71
3942300,26,60,-10,81
3942810,65,69,2,79
3943320,47,79,-1,80
3943830,52,70,1,79
3944340,34,97,8,71
3944850,37,52,-5,76
3945360,89,87,-2,78
3945870,15,12,-5,83
3946380,34,51,3,80
3946890,86,64,-6,86
3947400,12,65,10,76
3947910,37,13,-4,80
3948420,13,24,-7,87
3948930,41,63,16,71
3949440,23,54,-10,81
3949950,51,63,1,80
3950460,33,90,7,73
3950970,36,44,-4,77
3951480,18,57,5,72
3951990,21,5,-8,80
3952500,85,16,-1,81
3953010,61,43,-1,82
3953520,86,54,7,75
3954030,9,81,-1,76
3954540,34,29,-5,81
3955050,0,68,1,80
3955560,25,81,8,72
3956070,28,29,-15,87
3956580,96,68,9,78
3957090,19,95,1,77
3957600,30,44,3,74
3958110,82,83,-7,81
3958620,8,8,-4,85
3959130,19,47,0,85
3959640,47,60,6,79
3960150,29,22,0,79
3960660,97,33,-4,83
3961170,20,60,8,75
3961680,23,51,-10,85
3962190,51,64,6,79
3962700,33,77,5,74
3963210,38,68,1,73
3963720,43,59,0,73
3964230,25,21,-3,76
3964740,93,60,-6,82
3965250,16,87,6,76
3965760,27,36,-8,84
3966270,79,44,4,80
3966780,2,71,0,80
3967290,27,84,8,72
3967800,30,39,-5,77
3968310,82,50,-2,79
3968820,5,77,1,78
3969330,30,90,6,72
3969840,33,45,-6,78
3970350,61,56,-5,83
3970860,27,67,6,77
3971370,30,58,2,75
3971880,98,49,-10,85
3972390,21,76,10,75
3972900,24,24,-10,85
3973410,92,63,3,82
3973920,15,90,5,77
3974430,26,45,0,77
3974940,94,84,-3,80
3975450,17,85,3,77
3975960,28,33,-5,82
3976470,80,72,-2,84
3976980,6,83,10,74
3977490,87,32,-8,82
3978000,10,59,7,75
3978510,35,50,-4,79
3979020,87,63,-2,81
3979530,10,64,6,75
3980040,35,12,-7,82
3980550,50,23,6,76
3981060,75,34,-2,78
3981570,100,61,3,75
3982080,23,88,4,71
3982590,87,36,-12,83
3983100,10,63,10,73
3983610,35,13,-4,77
3984120,42,24,2,75
3984630,67,35,-5,80
3985140,92,62,1,79
3985650,15,89,3,76
3986160,26,38,-5,81
3986670,78,77,-2,83
3987180,4,5,2,81
3987690,15,12,-3,84
3988200,49,19,4,80
3988710,74,30,-1,81
3989220,99,57,8,73
3989730,22,84,-3,76
3990240,86,32,-6,82
3990750,9,59,6,76
3991260,34,7,-2,78
3991770,10,14,-1,79
3992280,38,53,2,77
3992790,20,64,3,74
3993300,84,55,-5,79
3993810,7,82,-5,84
3994320,32,31,4,80
3994830,100,42,-1,81
3995340,23,69,8,73
3995850,26,60,-7,80
3996360,54,69,-1,81
3996870,36,5,6,75
3997380,12,24,-9,84
3997890,40,63,9,75
3998400,92,54,-9,84
3998910,15,81,11,73
3999420,26,31,-9,82
3999930,78,76,0,82
4000440,4,4,0,82
4000950,15,11,0,82
4001460,49,22,6,76
4001970,74,33,-3,79
4002480,99,60,2,77
4002990,22,87,2,75
4003500,33,35,-13,88
4004010,85,46,8,80
4004520,8,73,1,79
4005030,1,90,-1,80
4005540,26,39,1,79
4006050,78,50,-2,81
4006560,1,77,5,76
4007070,26,90,4,72
4007580,90,45,-7,79
4008090,13,72,5,74
4008600,38,22,-6,80
4009110,63,33,4,76
4009620,88,44,-3,79
4010130,11,71,4,75
4010640,36,62,-1,76
4011150,2,53,2,74
4011660,27,62,-2,76
4012170,91,71,-8,84
4012680,14,72,6,78
4013190,42,27,-1,79
4013700,67,38,6,73
4014210,92,65,-5,78
4014720,15,92,2,76
4015230,26,47,-1,77
4015740,60,93,-2,79
4016250,42,84,3,76
4016760,47,75,-3,79
4017270,29,66,4,75
4017780,34,57,-5,80
4018290,68,19,4,76
4018800,93,46,-5,81
4019310,16,73,4,77
4019820,80,64,-8,85
4020330,3,92,8,77
4020840,28,41,-4,81
4021350,80,52,-2,83
4021860,3,53,3,80
4022370,28,44,5,75
4022880,80,55,-9,84
4023390,3,56,9,75
4023900,96,47,-9,84
4024410,19,74,12,72
4024920,83,65,-14,86
4025430,9,66,11,75
4025940,34,57,4,71
4026450,86,19,-11,82
4026960,9,46,3,79
4027470,37,37,-3,82
4027980,19,48,5,77
4028490,14,57,3,74
4029000,42,48,-3,77
4029510,24,59,-5,82
4030020,52,50,7,75
4030530,34,12,-4,79
4031040,59,23,0,79
4031550,84,50,5,74
4032060,7,77,-1,75
4032570,32,90,1,74
4033080,37,81,-1,75
4033590,42,72,-5,80
4034100,94,63,0,80
4034610,17,90,3,77
4035120,28,81,7,70
4035630,31,72,-11,81
4036140,59,63,5,76
4036650,41,93,4,72
4037160,46,84,-3,75
4037670,28,75,0,75
4038180,92,66,-2,77
4038690,15,67,6,71
4039200,16,58,-1,72
4039710,15,35,-14,86
4040220,43,48,11,75
4040730,25,59,3,72
4041240,89,50,-10,82
4041750,12,77,10,72
4042260,37,68,0,72
4042770,42,59,-4,76
4043280,24,72,6,70
4043790,25,63,-6,76
4044300,93,54,-2,78
4044810,16,81,5,73
4045320,27,72,2,71
4045830,28,63,-5,76
4046340,56,54,-3,79
4046850,38,16,5,74
4047360,63,23,-8,82
4047870,88,50,3,79
4048380,11,77,4,75
4048890,36,32,-9,84
4049400,2,43,7,77
4049910,30,34,-4,81
4050420,82,45,2,79
4050930,5,72,7,72
4051440,30,63,-3,75
4051950,94,54,-5,80
4052460,17,81,2,78
4052970,81,72,-3,81
4053480,7,73,8,73
4053990,32,64,-7,80
4054500,84,55,-3,83
4055010,7,56,5,78
4055520,32,47,0,78
4056030,84,60,-5,83
4056540,7,61,5,78
4057050,32,52,-2,80
4057560,84,14,-3,83
4058070,60,33,4,79
4058580,85,44,1,78
4059090,8,71,3,75
4059600,33,62,-3,78
4060110,61,53,4,74
4060620,86,64,-8,82
4061130,9,65,8,74
4061640,34,56,4,70
4062150,90,47,-9,79
4062660,13,74,9,70
4063170,38,65,-6,76
4063680,90,56,1,75
4064190,13,83,-4,79
4064700,38,32,-3,82
4065210,4,43,3,79
4065720,32,34,2,77
4066230,84,45,0,77
4066740,7,72,0,77
4067250,32,63,3,74
4067760,84,54,-5,79
4068270,7,81,-1,80
4068780,32,30,3,77
4069290,100,41,-3,80
4069800,23,68,1,79
4070310,51,59,1,78
4070820,33,70,0,78
4071330,67,61,-3,81
4071840,33,72,7,74
4072350,67,63,-6,80
4072860,49,74,3,77
4073370,31,65,3,74
4073880,36,56,3,71
4074390,18,47,-9,80
4074900,52,65,8,72
4075410,34,8,-5,77
4075920,59,27,-5,82
4076430,84,38,5,77
4076940,7,65,2,75
4077450,32,56,1,74
4077960,84,47,-9,83
4078470,7,74,11,72
4078980,32,65,-1,73
4079490,66,56,-7,80
4080000,32,67,8,72
4080510,66,58,-12,84
4081020,32,69,15,69
4081530,13,60,-6,75
4082040,12,51,-4,79
4082550,40,42,-2,81
4083060,22,53,1,80
4083570,56,62,2,78
4084080,38,73,7,71
4084590,43,64,-2,73
4085100,25,55,-4,77
4085610,77,68,-4,81
4086120,43,69,5,76
4086630,25,60,-7,83
4087140,59,51,2,81
4087650,25,62,5,76
4088160,59,53,-4,80
4088670,96,94,-2,82
4089180,22,30,-2,84
4089690,74,69,6,78
4090200,40,99,-1,79
4090710,43,90,0,79
4091220,24,81,6,73
4091730,88,72,-11,84
4092240,14,73,3,81
4092750,39,64,1,80
4093260,91,55,0,80
4093770,14,82,6,74
4094280,95,73,-9,83
4094790,18,74,10,73
4095300,82,65,-5,78
4095810,5,66,3,75
4096320,30,57,-2,77
4096830,64,48,-1,78
4097340,89,59,0,78
4097850,12,86,-2,80
4098360,93,35,-4,84
4098870,16,62,9,75
4099380,80,53,-10,85
4099890,3,54,7,78
4100400,28,45,-5,83
4100910,80,48,3,80
4101420,3,75,0,80
4101930,28,88,8,72
4102440,29,79,-6,78
4102950,30,70,-2,80
4103460,4,61,4,76
4103970,29,52,1,75
4104480,81,43,-10,85
4104990,4,70,9,76
4105500,29,61,-4,80
4106010,93,52,0,80
4106520,16,79,5,75
4107030,94,70,-6,81
4107540,17,71,8,73
4108050,81,62,-8,81
4108560,4,63,4,77
4109070,29,54,4,73
4109580,63,45,-5,78
4110090,88,48,-4,82
4110600,11,75,9,73
4111110,92,24,-13,86
4111620,15,51,6,80
4112130,40,42,-3,83
4112640,22,53,6,77
4113150,86,44,-3,80
4113660,9,71,5,75
4114170,34,62,-4,79
4114680,68,53,0,79
4115190,93,56,-1,80
4115700,16,83,2,78
4116210,27,74,7,71
4116720,13,65,-2,73
4117230,38,56,-3,76
4117740,20,47,-1,77
4118250,84,65,-1,78
4118760,7,66,5,73
4119270,32,57,-4,77
4119780,84,48,-2,79
4120290,7,75,3,76
4120800,32,66,0,76
4121310,6,57,0,76
4121820,31,48,1,75
4122330,83,66,-8,83
4122840,6,67,5,78
4123350,31,58,2,76
4123860,83,49,-3,79
4124370,6,76,-2,81
4124880,31,25,-4,85
4125390,99,36,6,79
4125900,22,63,2,77
4126410,86,54,-7,84
4126920,9,81,5,79
4127430,90,30,-6,85
4127940,13,86,2,83
4128450,38,35,4,79
4128960,20,46,3,76
4129470,54,64,-1,77
4129980,36,74,2,75
4130490,17,65,-1,76
4131000,16,56,1,75
4131510,15,47,-5,80
4132020,43,38,4,76
4132530,25,49,0,76
4133040,77,67,-10,86
4133550,3,50,13,73
4134060,28,41,-5,78
4134570,80,52,1,77
4135080,3,79,0,77
4135590,28,28,-2,79
4136100,80,39,3,76
4136610,3,66,-4,80
4137120,28,57,5,75
4137630,33,48,-4,79
4138140,85,59,0,79
4138650,8,60,1,78
4139160,33,51,1,77
4139670,85,13,-2,79
4140180,61,32,-4,83
4140690,86,39,3,80
4141200,57,66,-7,87
4141710,39,76,10,77
4142220,13,67,2,75
4142730,38,58,3,72
4143240,20,49,-8,80
4143750,48,11,3,77
4144260,24,30,-1,78
4144770,52,41,1,77
4145280,77,52,-5,82
4145790,0,53,8,74
4146300,25,44,-1,75
4146810,77,6,-11,86
4147320,53,25,6,80
4147830,78,36,0,80
4148340,1,63,9,71
4148850,26,54,-8,79
4149360,94,45,4,75
4149870,17,72,1,74
4150380,3,63,-6,80
4150890,28,54,12,68
4151400,92,45,-11,79
4151910,15,72,7,72
4152420,15,63,-4,76
4152930,40,54,1,75
4153440,22,16,-7,82
4153950,56,27,-5,87
4154460,81,34,7,80
4154970,4,61,-1,81
4155480,29,52,1,80
4155990,97,43,0,80
4156500,20,70,5,75
4157010,84,61,-3,78
4157520,7,62,4,74
4158030,32,53,-1,75
4158540,84,44,-5,80
4159050,7,71,3,77
4159560,32,20,-2,79
4160070,57,31,-3,82
4160580,82,42,4,78
4161090,5,69,0,78
4161600,60,60,0,78
4162110,42,22,0,78
4162620,67,33,2,76
4163130,92,34,-6,82
4163640,15,61,1,81
4164150,40,52,6,75
4164660,22,63,-2,77
4165170,90,54,-5,82
4165680,13,81,11,71
4166190,38,72,-5,76
4166700,43,63,-5,81
4167210,25,54,1,80
4167720,89,45,-1,81
4168230,12,72,10,71
4168740,37,63,-5,76
4169250,89,54,-6,82
4169760,12,81,2,80
4170270,37,30,-3,83
4170780,3,41,3,80
4171290,31,59,5,75
4171800,95,50,-5,80
4172310,18,77,6,74
4172820,82,68,-11,85
4173330,8,69,7,78
4173840,33,19,0,78
4174350,58,30,0,78
4174860,83,41,0,78
4175370,6,68,5,73
4175880,31,59,-5,78
4176390,99,50,4,74
4176900,22,77,-1,75
4177410,86,68,-12,87
4177920,12,69,7,80
4178430,37,60,2,78
4178940,89,22,-6,84
4179450,12,49,5,79
4179960,37,40,-6,85
4180470,19,51,8,77
4180980,47,42,5,72
4181490,29,53,-2,74
4182000,53,44,-11,85
4182510,19,55,11,74
4183020,83,46,-5,79
4183530,6,73,5,74
4184040,31,23,-6,80
4184550,46,34,-4,84
4185060,71,45,8,76
4185570,96,46,-2,78
4186080,19,73,5,73
4186590,83,64,-10,83
4187100,6,65,6,77
4187610,31,56,-6,83
4188120,95,67,-3,86
4188630,18,68,16,70
4189140,82,59,-13,83
4189650,5,60,5,78
4190160,30,51,1,77
4190670,82,13,-4,81
4191180,58,32,-2,83
4191690,83,43,1,82
4192200,6,70,9,73
4192710,31,61,0,73
4193220,95,52,-2,75
4193730,18,79,-3,78
4194240,82,70,-5,83
4194750,5,53,14,69
4195260,30,44,-6,75
4195770,82,55,-5,80
4196280,5,56,5,75
4196790,30,47,-1,76
4197300,82,58,-7,83
4197810,5,59,7,76
4198320,30,50,-2,78
4198830,82,24,-5,83
4199340,5,51,4,79
4199850,30,42,3,76
4200360,82,53,-11,87
4200870,5,54,13,74
4201380,30,45,-2,76
4201890,82,56,-13,89
4202400,5,57,10,79
4202910,30,48,-5,84
4203420,82,59,1,83
4203930,5,60,7,76
4204440,30,51,2,74
4204950,82,13,-6,80
4205460,58,32,-3,83
4205970,83,43,4,79
4206480,6,70,3,76
4206990,31,61,5,71
4207500,95,52,-5,76
4208010,18,79,3,73
4208520,82,70,-14,87
4209030,8,71,12,75
4209540,33,62,0,75
4210050,97,24,-8,83
4210560,20,51,-1,84
4211070,84,6,4,80
4211580,60,25,-3,83
4212090,85,44,3,80
4212600,8,71,3,77
4213110,33,62,3,74
4213620,97,24,-10,84
4214130,20,51,10,74
4214640,84,6,-7,81
4215150,60,25,0,81
4215660,85,44,7,74
4216170,8,71,-5,79
4216680,33,51,1,78
4217190,85,13,2,76
4217700,61,32,-3,79
4218210,86,59,-1,80
4218720,9,86,1,79
4219230,34,35,1,78
4219740,86,46,-3,81
4220250,9,73,3,78
4220760,34,28,4,74
4221270,42,39,-7,81
4221780,24,50,1,80
4222290,88,12,-3,83
4222800,64,31,1,82
4223310,89,32,3,79
4223820,12,59,5,74
4224330,12,50,-11,85
4224840,40,5,9,76
4225350,16,24,-8,84
4225860,84,63,0,84
4226370,7,35,1,83
4226880,35,53,7,76
4227390,17,15,-1,77
4227900,85,26,-4,81
4228410,8,53,4,77
4228920,33,44,-2,79
4229430,85,55,3,76
4229940,8,82,-6,82
4230450,33,31,3,79
4230960,101,42,-2,81
4231470,24,69,9,72
4231980,88,87,-4,76
4232490,14,33,-6,82
4233000,42,32,7,75
4233510,67,43,-7,82
4234020,92,54,6,76
4234530,15,81,3,73
4235040,15,72,-8,81
4235550,40,63,5,76
4236060,92,73,-7,83
4236570,15,74,2,81
4237080,40,65,1,80
4237590,43,27,0,80
4238100,68,38,5,75
4238610,93,65,-1,76
4239120,16,92,-6,82
4239630,41,41,0,82
4240140,23,52,8,74
4240650,91,14,-12,86
4241160,67,33,3,83
4241670,92,60,1,82
4242180,15,61,6,76
4242690,40,52,-3,79
4243200,22,14,-2,81
4243710,37,25,2,79
4244220,3,36,-7,86
4244730,31,49,7,79
4245240,99,11,-7,86
4245750,75,30,2,84
4246260,100,57,8,76
4246770,23,84,-5,81
4247280,87,75,-2,83
4247790,10,76,10,73
4248300,35,67,-5,78
4248810,1,58,1,77
4249320,26,49,-5,82
4249830,94,48,5,77
4250340,17,75,4,73
4250850,81,30,-13,86
4251360,4,57,7,79
4251870,29,48,-1,80
4252380,97,47,3,77
4252890,20,74,5,72
4253400,84,43,-9,81
4253910,7,70,5,76
4254420,32,20,-9,85
4254930,100,31,0,85
4255440,23,58,1,84
4255950,87,76,-3,87
4256460,10,77,13,74
4256970,35,32,-5,79
4257480,17,43,-5,84
4257990,45,61,2,82
4258500,27,23,-2,84
4259010,95,34,7,77
4259520,18,61,0,77
4260030,82,79,-13,90
4260540,8,89,5,85
4261050,33,38,4,81
4261560,85,49,-3,84
4262070,8,76,11,73
4262580,33,25,-5,78
4263090,101,36,-4,82
4263600,24,63,11,71
4264110,88,81,-8,79
4264620,11,82,2,77
4265130,36,31,-4,81
4265640,2,42,2,79
4266150,27,60,3,76
4266660,91,51,-3,79
4267170,97,78,-3,82
4267680,20,79,7,75
4268190,84,19,-6,81
4268700,7,46,0,81
4269210,32,64,3,78
4269720,100,10,2,76
4270230,76,29,2,74
4270740,101,56,-4,78
4271250,24,83,-1,79
4271760,88,74,2,77
4272270,11,75,4,73
4272780,36,24,-6,79
4273290,61,35,1,78
4273800,86,36,-2,80
4274310,9,63,5,75
4274820,34,32,-4,79
4275330,16,43,-3,82
4275840,41,61,10,72
4276350,23,23,-5,77
4276860,91,62,-4,81
4277370,14,89,6,75
4277880,39,38,-5,80
4278390,21,49,2,78
4278900,89,67,-2,80
4279410,12,68,2,78
4279920,37,59,3,75
4280430,19,50,-4,79
4280940,87,68,-4,83
4281450,10,41,2,81
4281960,35,54,3,78
4282470,87,16,-3,81
4282980,10,43,1,80
4283490,35,61,1,79
4284000,87,52,-1,80
4284510,10,79,6,74
4285020,35,28,-6,80
4285530,1,39,2,78
4286040,26,57,2,76
4286550,90,75,-8,84
4287060,13,76,8,76
4287570,38,31,-6,82
4288080,4,42,-1,83
4288590,29,55,9,74
4289100,93,17,-5,79
4289610,16,27,-3,82
4290120,44,66,10,72
4290630,26,12,-8,80
4291140,41,23,0,80
4291650,66,34,0,80
4292160,91,35,-3,83
4292670,14,62,11,72
4293180,78,53,-4,76
4293690,1,54,1,75
4294200,26,63,2,73
4294710,90,54,-9,82
4295220,13,81,6,76
4295730,38,30,-9,85
4296240,4,41,2,83
4296750,29,54,5,78
4297260,97,45,-1,79
4297770,20,72,6,73
4298280,84,63,-16,89
4298790,7,64,12,77
4299300,32,55,2,75
4299810,100,17,0,75
4300320,76,27,-6,81
4300830,101,54,9,72
4301340,24,81,0,72
4301850,88,30,-11,83
4302360,11,57,13,70
4302870,36,26,-17,87
4303380,2,19,6,81
4303890,30,58,6,75
4304400,94,49,-9,84
4304910,17,76,12,72
4305420,81,67,-5,77
4305930,4,68,5,72
4306440,29,18,-4,76
4306950,97,29,-4,80
4307460,20,56,-5,85
4307970,84,11,-1,86
4308480,60,30,0,86
4308990,85,43,8,78
4309500,8,70,5,73
4310010,33,20,-5,78
4310520,58,31,-2,80
4311030,83,32,-4,84
4311540,6,59,10,74
4312050,31,9,-5,79
4312560,95,20,-1,80
4313070,18,47,2,78
4313580,82,2,-7,85
4314090,58,21,6,79
4314600,83,40,1,78
4315110,6,67,7,71
4315620,31,22,-11,82
4316130,99,33,-1,83
4316640,22,60,9,74
4317150,86,51,-13,87
4317660,9,78,9,78
4318170,34,27,-3,81
4318680,0,38,-1,82
4319190,28,56,3,79
4319700,92,66,1,78
4320210,15,67,2,76
4320720,40,58,-2,78
4321230,22,68,0,78
4321740,47,37,4,74
4322250,13,48,0,74
4322760,38,39,-2,76
4323270,20,50,-1,77
4323780,84,68,-7,84
4324290,10,69,7,77
4324800,35,24,-5,82
4325310,1,35,2,80
4325820,26,48,4,76
4326330,90,47,-7,83
4326840,13,74,8,75
4327350,38,23,-7,82
4327860,4,34,-3,85
4328370,32,47,10,75
4328880,84,46,-6,81
4329390,16,73,8,73
4329900,80,64,-7,80
4330410,3,65,10,70
4330920,28,15,-15,85
4331430,43,26,7,78
4331940,52,37,1,77
4332450,61,38,-6,83
4332960,86,49,1,82
4333470,9,76,7,75
4333980,34,67,-1,76
4334490,98,13,-5,81
4335000,74,23,-4,85
4335510,99,50,9,76
4336020,22,77,2,74
4336530,86,68,-8,82
4337040,12,69,2,80
4337550,37,60,3,77
4338060,89,22,-3,80
4338570,12,49,-2,82
4339080,37,40,-1,83
4339590,19,51,3,80
4340100,83,42,-2,82
4340610,6,69,5,77
4341120,31,60,0,77
4341630,95,22,-11,88
4342140,18,49,10,78
4342650,82,67,-5,83
4343160,48,68,-2,85
4343670,30,4,11,74
4344180,94,23,-9,83
4344690,17,50,4,79
4345200,42,41,-3,82
4345710,24,52,4,78
4346220,88,91,-6,84
4346730,14,16,3,81
4347240,82,55,-1,82
4347750,5,56,8,74
4348260,30,47,-3,77
4348770,82,46,-3,80
4349280,5,73,4,76
4349790,30,22,-2,78
4350300,98,33,-1,79
4350810,21,60,0,79
4351320,85,51,-6,85
4351830,94,78,1,84
4352340,60,79,5,79
4352850,42,15,7,72
4353360,4,26,-15,87
4353870,32,39,2,85
4354380,84,50,5,80
4354890,7,77,2,78
4355400,32,26,-5,83
4355910,100,37,7,76
4356420,23,64,0,76
4356930,87,55,-8,84
4357440,10,82,10,74
4357950,88,31,-11,85
4358460,11,58,14,71
4358970,36,49,-9,80
4359480,18,48,0,80
4359990,82,66,-8,88
4360500,48,67,11,77
4361010,30,13,-3,80
4361520,94,24,-3,83
4362030,17,51,12,71
4362540,81,42,-9,80
4363050,4,69,5,75
4363560,29,60,2,73
4364070,81,51,-8,81
4364580,97,78,6,75
4365090,63,79,-7,82
4365600,45,15,2,80
4366110,70,34,-4,84
4366620,95,35,4,80
4367130,18,62,9,71
4367640,82,53,-17,88
4368150,48,80,5,83
4368660,30,26,6,77
4369170,98,37,1,76
4369680,21,64,3,73
4370190,85,55,-8,81
4370700,8,82,2,79
4371210,89,31,-6,85
4371720,12,58,9,76
4372230,90,49,-4,80
4372740,13,76,-5,85
4373250,77,16,-2,87
4373760,53,43,4,83
4374270,82,44,1,82
4374780,5,71,6,76
4375290,30,62,0,76
4375800,98,53,-1,77
4376310,21,80,4,73
4376820,85,71,-14,87
4377330,51,72,3,84
4377840,33,8,4,80
4378350,48,27,-2,82
4378860,57,38,4,78
4379370,66,39,1,77
4379880,75,40,-4,81
4380390,100,67,6,75
4380900,23,94,2,73
4381410,87,34,-5,78
4381920,10,61,-1,79
4382430,35,52,5,74
4382940,17,91,-6,80
4383450,95,31,-5,85
4383960,18,58,7,78
4384470,82,49,-1,79
4384980,5,76,6,73
4385490,86,67,-11,84
4386000,52,68,-4,88
4386510,34,4,12,76
4387020,98,23,-4,80
4387530,21,50,-6,86
4388040,73,41,1,85
4388550,82,42,7,78
4389060,5,69,4,74
4389570,30,60,1,73
4390080,11,51,-7,80
4390590,36,42,4,76
4391100,18,53,1,75
4391610,82,44,-7,82
4392120,5,71,9,73
4392630,30,62,0,73
4393140,11,53,-5,78
4393650,36,44,1,77
4394160,18,83,5,72
4394670,82,23,-13,85
4395180,5,50,10,75
4395690,30,41,0,75
4396200,82,52,-8,83
4396710,5,53,8,75
4397220,30,44,-2,77
4397730,82,6,-3,80
4398240,58,25,1,79
4398750,67,26,3,76
4399260,92,53,-2,78
4399770,15,80,3,75
4400280,93,71,-6,81
4400790,59,72,2,79
4401300,41,99,7,72
4401810,23,90,-7,79
4402320,87,30,-3,82
4402830,10,57,6,76
4403340,35,48,0,76
4403850,17,51,2,74
4404360,81,42,-8,82
4404870,4,69,7,75
4405380,29,60,0,75
4405890,81,51,-3,78
4406400,4,78,2,76
4406910,29,75,1,75
4407420,10,66,-1,76
4407930,35,57,2,74
4408440,17,48,-9,83
4408950,45,39,0,83
4409460,27,50,9,74
4409970,79,41,-10,84
4410480,2,68,8,76
4410990,27,59,1,75
4411500,8,50,-3,78
4412010,33,41,-6,84
4412520,85,44,1,83
4413030,8,71,5,78
4413540,33,62,3,75
4414050,15,53,-1,76
4414560,40,44,0,76
4415070,22,55,-2,78
4415580,86,46,-1,79
4416090,9,73,8,71
4416600,90,64,-15,86
4417110,56,65,6,80
4417620,38,1,9,71
4418130,14,20,-11,82
4418640,42,90,9,73
4419150,24,81,-5,78
4419660,88,72,-1,79
4420170,54,73,1,78
4420680,36,19,0,78
4421190,45,30,-10,88
4421700,11,41,2,86
4422210,39,40,16,70
4422720,21,86,-8,78
4423230,85,77,-6,84
4423740,51,78,4,80
4424250,33,69,1,79
4424760,14,60,5,74
4425270,92,51,-2,76
4425780,15,78,0,76
4426290,25,18,-7,83
4426800,93,29,3,80
4427310,16,56,2,78
4427820,80,47,1,77
4428330,3,74,-1,78
4428840,28,71,5,73
4429350,96,62,-7,80
4429860,19,89,3,77
4430370,83,29,-9,86
4430880,6,56,12,74
4431390,31,47,-1,75
4431900,13,46,0,75
4432410,38,37,-1,76
4432920,20,48,-6,82
4433430,15,57,0,82
4433940,25,48,5,77
4434450,77,47,-1,78
4434960,75,48,-6,84
4435470,100,75,7,77
4435980,23,76,4,73
4436490,87,67,-8,81
4437000,10,68,10,71
4437510,35,59,-12,83
4438020,87,97,0,83
4438530,53,43,2,81
4439040,35,54,4,77
4439550,17,53,2,75
4440060,16,44,-10,85
4440570,44,35,8,77
4441080,10,46,-3,80
4441590,35,37,-2,82
4442100,17,48,-3,85
4442610,12,39,4,81
4443120,7,57,3,78
4443630,32,48,-4,82
4444140,84,86,-1,83
4444650,50,22,3,80
4445160,75,23,-3,83
4445670,100,50,8,75
4446180,23,77,-1,76
4446690,87,68,-6,82
4447200,10,69,3,79
4447710,35,60,0,79
4448220,87,6,-6,85
4448730,63,68,7,78
4449240,45,4,3,75
4449750,21,23,-5,80
4450260,89,62,4,76
4450770,12,89,5,71
4451280,93,29,-13,84
4451790,16,56,7,77
4452300,41,47,2,75
4452810,23,50,-7,82
4453320,91,49,0,82
4453830,14,76,9,73
4454340,24,67,-5,78
4454850,92,58,1,77
4455360,15,85,3,74
4455870,96,25,-5,79
4456380,19,52,3,76
4456890,95,42,-6,82
4457400,18,69,7,75
4457910,82,60,-4,79
4458420,5,61,5,74
4458930,30,52,-2,76
4459440,11,14,2,74
4459950,79,53,-9,83
4460460,2,54,8,75
4460970,27,45,-5,80
4461480,79,44,-4,84
4461990,2,71,7,77
4462500,27,62,-5,82
4463010,91,53,0,82
4463520,14,80,7,75
4464030,39,71,-8,83
4464540,21,62,9,74
4465050,85,53,-11,85
4465560,8,80,5,80
4466070,33,20,2,78
4466580,101,31,-3,81
4467090,24,58,8,73
4467600,5,49,0,73
4468110,30,40,-12,85
4468620,82,2,-3,88
4469130,58,32,8,80
4469640,83,33,1,79
4470150,6,60,11,68
4470660,31,10,-12,80
4471170,32,21,-2,82
4471680,57,32,3,79
4472190,82,33,-1,80
4472700,5,60,4,76
4473210,30,51,0,76
4473720,82,13,-4,80
4474230,58,40,-1,81
4474740,67,41,3,78
4475250,92,42,0,78
4475760,15,69,-1,79
4476270,79,60,-10,89
4476780,5,61,12,77
4477290,30,70,5,72
4477800,11,61,-4,76
4478310,36,52,1,75
4478820,18,100,-2,77
4479330,29,40,-12,89
4479840,81,51,4,85
4480350,4,78,7,78
4480860,29,18,0,78
4481370,89,29,-3,81
4481880,12,56,5,76
4482390,37,47,2,74
4482900,19,9,-12,86
4483410,34,20,12,74
4483920,43,31,-6,80
4484430,52,42,2,78
4484940,77,53,-9,87
4485450,0,54,14,73
4485960,25,63,-1,74
4486470,89,72,-8,82
4486980,15,73,8,74
4487490,25,82,6,68
4488000,89,73,-11,79
4488510,15,74,4,75
4489020,25,65,-1,76
4489530,89,56,-2,78
4490040,12,83,1,77
4490550,37,23,-3,80
4491060,46,34,-5,85
4491570,55,45,3,82
4492080,64,56,-1,83
4492590,92,57,1,82
4493100,15,84,4,78
4493610,26,24,-4,82
4494120,78,35,3,79
4494630,1,62,8,71
4495140,26,71,-3,74
4495650,90,62,-4,78
4496160,13,89,-1,79
4496670,91,29,-9,88
4497180,14,56,1,87
4497690,42,47,5,82
4498200,24,58,2,80
4498710,19,20,-4,84
4499220,47,31,5,79
4499730,56,42,-2,81
4500240,81,53,-4,85
4500750,4,54,13,72
4501260,29,63,-2,74
4501770,10,72,-1,75
4502280,35,34,-2,77
4502790,17,45,-1,78
4503300,45,7,3,75
4503810,21,17,-7,82
4504320,84,28,-4,86
4504830,7,55,9,77
4505340,32,64,5,72
4505850,14,55,-2,74
4506360,39,46,-5,79
4506870,85,8,-6,85
4507380,61,18,5,80
4507890,37,28,3,77
4508400,3,39,-7,84
4508910,28,52,8,76
4509420,9,14,-5,81
4509930,37,21,1,80
4510440,53,32,-1,81
4510950,62,43,-2,83
4511460,71,44,4,79
4511970,96,45,2,77
4512480,19,72,4,73
4512990,83,63,-13,86
4513500,6,64,9,77
4514010,31,55,4,73
4514520,83,17,-5,78
4515030,59,44,-4,82
4515540,84,45,4,78
4516050,7,72,0,78
4516560,32,63,-2,80
4517070,13,25,-13,93
4517580,41,32,19,74
4518090,46,43,-1,75
4518600,28,54,1,74
4519110,9,16,-8,82
4519620,61,55,-1,83
4520130,27,66,6,77
4520640,8,57,-5,82
4521150,33,48,6,76
4521660,15,10,-7,83
4522170,70,21,3,80
4522680,95,48,-1,81
4523190,18,75,2,79
4523700,29,66,7,72
4524210,10,57,-3,75
4524720,35,48,3,72
4525230,17,70,-5,77
4525740,95,61,-4,81
4526250,18,88,5,76
4526760,96,79,-13,89
4527270,22,80,13,76
4527780,86,71,-11,87
4528290,9,72,12,75
4528800,34,22,-2,77
4529310,43,33,-4,81
4529820,53,44,5,76
4530330,62,55,-3,79
4530840,28,56,-3,82
4531350,2,18,3,79
4531860,30,15,-2,81
4532370,6,26,-5,86
4532880,34,23,7,79
4533390,44,34,-4,83
4533900,26,45,3,80
4534410,78,56,-5,85
4534920,1,57,10,75
4535430,26,66,-1,76
4535940,0,57,4,72
4536450,25,66,-3,75
4536960,1,75,-1,76
4537470,26,72,3,73
4537980,2,81,-6,79
4538490,27,78,6,73
4539000,3,69,-4,77
4539510,28,66,4,73
4540020,2,28,-7,80
4540530,30,41,2,78
4541040,82,3,1,77
4541550,58,22,-7,84
4542060,34,33,-1,85
4542570,0,44,7,78
4543080,25,53,1,77
4543590,77,15,0,77
4544100,53,42,-3,80
4544610,78,53,-2,82
4545120,1,54,9,73
4545630,26,63,0,73
4546140,0,35,-7,80
4546650,25,53,2,78
4547160,77,15,-2,80
4547670,53,42,-3,83
4548180,19,53,3,80
4548690,44,62,7,73
4549200,26,73,-3,76
4549710,2,82,-1,77
4550220,27,32,-4,81
4550730,79,43,-3,84
4551240,2,70,2,82
4551750,27,67,6,76
4552260,3,76,2,74
4552770,28,73,-2,76
4553280,4,82,1,75
4553790,29,79,2,73
4554300,5,88,-9,82
4554810,30,85,11,71
4555320,6,76,-4,75
4555830,31,26,-2,77
4556340,83,37,-4,81
4556850,6,64,3,78
4557360,31,73,3,75
4557870,7,82,0,75
4558380,32,79,0,75
4558890,13,88,0,75
4559400,94,38,-10,85
4559910,17,65,8,77
4560420,42,74,2,75
4560930,24,20,-13,88
4561440,28,27,7,81
4561950,80,38,-1,82
4562460,3,65,10,72
4562970,28,15,-4,76
4563480,39,22,1,75
4563990,64,33,-4,79
4564500,89,34,-2,81
4565010,12,61,6,75
4565520,37,70,-6,81
4566030,18,16,-1,82
4566540,78,23,0,82
4567050,1,50,6,76
4567560,26,59,-5,81
4568070,94,68,-1,82
4568580,17,69,7,75
4569090,16,60,-3,78
4569600,80,51,-9,87
4570110,3,52,11,76
4570620,28,61,-1,77
4571130,2,70,3,74
4571640,27,20,-11,85
4572150,87,27,4,81
4572660,10,54,5,76
4573170,35,45,-1,77
4573680,87,48,-1,78
4574190,10,75,6,72
4574700,35,66,-8,80
4575210,16,75,9,71
4575720,24,66,-3,74
4576230,0,75,-3,77
4576740,25,72,6,71
4577250,1,63,-3,74
4577760,26,13,-11,85
4578270,36,20,5,80
4578780,61,31,3,77
4579290,86,32,-3,80
4579800,9,59,3,77
4580310,34,68,-2,79
4580820,15,77,5,74
4581330,40,68,0,74
4581840,22,14,-10,84
4582350,85,21,4,80
4582860,8,48,0,80
4583370,33,39,3,77
4583880,85,50,-4,81
4584390,8,77,4,77
4584900,33,86,4,73
4585410,9,77,-5,78
4585920,34,86,5,73
4586430,39,77,-3,76
4586940,20,23,-9,85
4587450,54,51,9,76
4587960,36,62,3,73
4588470,88,8,-12,85
4588980,64,18,8,77
4589490,89,45,-5,82
4590000,12,72,10,72
4590510,37,63,-8,80
4591020,89,9,2,78
4591530,65,28,-3,81
4592040,90,55,4,77
4592550,32,82,3,74
4593060,13,73,-4,78
4593570,38,64,5,73
4594080,90,10,-9,82
4594590,66,29,-2,84
4595100,91,30,0,84
4595610,14,57,7,77
4596120,39,48,-1,78
4596630,5,59,4,74
4597140,30,68,-2,76
4597650,4,77,-6,82
4598160,29,86,8,74
4598670,5,77,-4,78
4599180,30,86,6,72
4599690,6,50,-8,80
4600200,31,59,6,74
4600710,5,5,-6,80
4601220,16,12,0,80
4601730,71,19,0,80
4602240,96,46,-2,82
4602750,19,73,7,75
4603260,18,64,-5,80
4603770,17,55,1,79
4604280,16,46,2,77
4604790,11,55,-2,79
4605300,36,64,0,79
4605810,88,10,-7,86
4606320,64,29,1,85
4606830,89,56,3,82
4607340,12,83,4,78
4607850,37,33,1,77
4608360,3,44,-3,80
4608870,28,53,-1,81
4609380,80,59,0,81
4609890,3,60,3,78
4610400,28,69,-2,80
4610910,56,78,5,75
4611420,38,24,-7,82
4611930,98,31,-4,86
4612440,21,58,12,74
4612950,66,67,-8,82
4613460,32,68,8,74
4613970,13,77,-3,77
4614480,38,27,-8,85
4614990,98,34,6,79
4615500,21,36,3,76
4616010,73,100,-7,83
4616520,55,46,6,77
4617030,80,47,-5,82
4617540,3,74,7,75
4618050,28,71,2,73
4618560,2,62,-4,77
4619070,27,71,6,71
4619580,26,62,-8,79
4620090,94,71,-6,85
4620600,17,72,11,74
4621110,95,63,-8,82
4621620,18,90,7,75
4622130,26,30,-9,84
4622640,78,37,3,81
4623150,1,64,4,77
4623660,26,73,2,75
4624170,25,64,-2,77
4624680,24,55,-4,81
4625190,19,64,6,75
4625700,18,55,-5,80
4626210,17,46,-1,81
4626720,42,8,5,76
4627230,18,27,-5,81
4627740,70,34,3,78
4628250,95,61,2,76
4628760,18,88,2,74
4629270,26,28,-10,84
4629780,78,35,5,79
4630290,1,62,9,70
4630800,26,71,-1,71
4631310,90,62,-13,84
4631820,13,89,8,76
4632330,38,29,0,76
4632840,98,36,-7,83
4633350,21,63,9,74
4633860,20,54,-2,76
4634370,19,45,2,74
4634880,47,54,0,74
4635390,29,93,0,74
4635900,28,33,-7,81
4636410,80,40,2,79
4636920,3,67,0,79
4637430,28,76,10,69
4637940,27,67,-4,73
4638450,26,58,-7,80
4638960,25,49,2,78
4639470,24,11,0,78
4639980,39,18,10,68
4640490,49,25,-20,88
4641000,74,32,12,76
4641510,99,59,4,72
4642020,22,86,-3,75
4642530,86,26,-13,88
4643040,9,53,10,78
4643550,34,44,1,77
4644060,86,51,-3,80
4644570,9,78,8,72
4645080,34,28,-6,78
4645590,16,35,-6,84
4646100,68,42,7,77
4646610,93,43,-1,78
4647120,16,70,2,76
4647630,41,61,2,74
4648140,23,7,-5,79
4648650,24,14,-2,81
4649160,84,21,-3,84
4649670,7,48,5,79
4650180,32,39,-2,81
4650690,84,46,2,79
4651200,7,73,1,78
4651710,32,23,-3,81
4652220,92,30,2,79
4652730,15,57,6,73
4653240,14,48,-7,80
4653750,42,39,0,80
4654260,24,46,-5,85
4654770,76,53,2,83
4655280,101,54,7,76
4655790,24,81,7,69
4656300,88,72,-15,84
4656810,11,73,11,73
4657320,36,23,-10,83
4657830,61,30,1,82
4658340,86,37,4,78
4658850,9,64,2,76
4659360,34,55,-2,78
4659870,16,61,3,75
4660380,41,52,-2,77
4660890,23,55,0,77
4661400,22,46,-1,78
4661910,74,55,-3,81
4662420,99,56,7,74
4662930,22,83,-1,75
4663440,86,74,-5,80
4663950,9,75,6,74
4664460,34,25,-8,82
4664970,94,32,1,81
4665480,17,59,4,77
4665990,16,50,-6,83
4666500,15,41,4,79
4667010,43,50,7,72
4667520,80,53,-14,86
4668030,3,54,13,73
4668540,28,63,-3,76
4669050,27,54,-1,77
4669560,26,45,-1,78
4670070,78,7,-2,80
4670580,54,26,-1,81
4671090,63,33,9,72
4671600,88,96,-16,88
4672110,14,32,10,78
4672620,66,39,1,77
4673130,91,45,-6,83
4673640,45,72,8,75
4674150,27,18,-6,81
4674660,87,25,-1,82
4675170,10,52,6,76
4675680,35,43,-3,79
4676190,17,50,-5,84
4676700,45,59,12,72
4677210,27,5,-9,81
4677720,28,12,4,77
4678230,43,19,3,74
4678740,53,26,1,73
4679250,78,33,-8,81
4679760,1,60,5,76
4680270,26,69,-1,77
4680780,25,60,-2,79
4681290,35,33,-1,80
4681800,87,40,-2,82
4682310,10,67,10,72
4682820,35,76,4,68
4683330,17,67,-9,77
4683840,16,58,-2,79
4684350,15,49,-11,90
4684860,43,40,11,79
4685370,25,47,6,73
4685880,77,56,-9,82
4686390,0,57,5,77
4686900,25,66,1,76
4687410,24,57,3,73
4687920,34,66,-1,74
4688430,16,57,1,73
4688940,41,66,-3,76
4689450,23,2,1,75
4689960,33,9,1,74
4690470,43,16,-9,83
4690980,53,23,7,76
4691490,78,30,-4,80
4692000,1,57,7,73
4692510,26,45,-3,76
4693020,8,52,-2,78
4693530,33,2,4,74
4694040,9,21,-8,82
4694550,37,28,3,79
4695060,19,35,0,79
4695570,71,42,3,76
4696080,96,69,-6,82
4696590,19,96,9,73
4697100,100,33,-6,79
4697610,23,60,-1,80
4698120,87,69,-1,81
4698630,10,70,5,76
4699140,35,20,1,75
4699650,45,27,-5,80
4700160,70,34,-3,83
4700670,95,61,12,71
4701180,18,88,-7,78
4701690,19,38,-1,79
4702200,71,45,0,79
4702710,96,72,-4,83
4703220,19,99,9,74
4703730,97,48,-5,79
4704240,20,75,5,74
4704750,19,84,1,73
4705260,83,93,-11,84
4705770,65,29,1,83
4706280,90,56,8,75
4706790,13,83,-1,76
4707300,38,1,3,73
4707810,14,20,-14,87
4708320,42,27,10,77
4708830,67,34,-6,83
4709340,92,41,3,80
4709850,15,68,7,73
4710360,14,77,-7,80
4710870,24,86,5,75
4711380,88,95,-11,86
4711890,14,31,8,78
4712400,42,49,5,73
4712910,24,11,-6,79
4713420,34,18,6,73
4713930,59,25,-10,83
4714440,84,52,4,79
4714950,7,79,3,76
4715460,32,29,-2,78
4715970,84,36,-5,83
4716480,7,63,10,73
4716990,32,66,0,73
4717500,14,12,-14,87
4718010,14,19,-8,95
4718520,42,26,19,76
4719030,67,33,-4,80
4719540,92,60,2,78
4720050,15,97,4,74
4720560,96,46,-8,82
4721070,19,73,9,73
4721580,83,82,-5,78
4722090,9,18,1,77
4722600,37,3,2,75
4723110,12,13,-11,86
4723620,40,20,4,82
4724130,65,27,4,78
4724640,90,54,-7,85
4725150,13,81,9,76
4725660,38,31,-8,84
4726170,48,38,7,77
4726680,73,45,-4,81
4727190,98,46,6,75
4727700,21,73,-1,76
4728210,20,82,-6,82
4728720,21,91,9,73
4729230,22,28,-9,82
4729740,74,35,3,79
4730250,99,62,1,78
4730760,22,89,-4,82
4731270,23,26,4,78
4731780,75,61,-5,83
4732290,100,62,0,83
4732800,23,89,9,74
4733310,24,26,-11,85
4733820,76,65,10,75
4734330,101,66,-1,76
4734840,24,93,4,72
4735350,25,30,-10,82
4735860,77,37,0,82
4736370,0,64,5,77
4736880,25,14,-6,83
4737390,40,21,7,76
4737900,65,28,0,76
4738410,90,55,-2,78
4738920,78,82,-9,87
4739430,4,18,10,77
4739940,32,15,0,77
4740450,57,22,-3,80
4740960,82,49,-2,82
4741470,5,76,6,76
4741980,30,26,-4,80
4742490,12,33,-3,83
4743000,40,51,7,76
4743510,22,13,-6,82
4744020,37,20,7,75
4744530,62,27,-4,79
4745040,87,54,-2,81
4745550,10,81,7,74
4746060,91,31,-9,83
4746570,14,58,5,78
4747080,39,67,-3,81
4747590,21,73,8,73
4748100,85,82,-13,86
4748610,11,18,5,81
4749120,39,57,-3,84
4749630,21,19,2,82
4750140,73,26,-2,84
4750650,98,53,2,82
4751160,21,80,9,73
4751670,85,89,-14,87
4752180,11,25,1,86
4752690,39,64,8,78
4753200,21,10,-5,83
4753710,36,17,6,77
4754220,46,24,0,77
4754730,71,31,-3,80
4755240,96,58,6,74
4755750,19,85,-2,76
4756260,20,35,-11,87
4756770,72,42,6,81
4757280,97,69,0,81
4757790,20,96,6,75
4758300,98,33,-4,79
4758810,21,60,1,78
4759320,49,69,-2,80
4759830,31,15,5,75
4760340,41,22,-2,77
4760850,66,29,-4,81
4761360,91,56,3,78
4761870,14,83,0,78
4762380,15,33,-7,85
4762890,43,72,10,75
4763400,25,63,1,74
4763910,77,72,-10,84
4764420,3,18,-1,85
4764930,31,15,5,80
4765440,41,22,-1,81
4765950,66,29,2,79
4766460,91,56,3,76
4766970,14,83,-5,81
4767480,95,33,0,81
4767990,18,60,4,77
4768500,17,69,1,76
4769010,81,78,-13,89
4769520,47,24,-1,90
4770030,57,31,7,83
4770540,82,38,3,80
4771050,5,65,4,76
4771560,30,15,-2,78
4772070,55,22,-4,82
4772580,80,29,1,81
4773090,3,56,4,77
4773600,28,65,1,76
4774110,9,74,-4,80
4774620,79,24,-1,81
4775130,2,51,2,79
4775640,27,60,6,73
4776150,8,69,-3,76
4776660,33,78,0,76
4777170,14,69,1,75
4777680,24,78,4,71
4778190,0,87,-7,78
4778700,25,84,6,72
4779210,6,21,-8,80
4779720,34,18,12,68
4780230,44,25,-12,80
4780740,49,32,-2,82
4781250,74,39,0,82
4781760,99,66,3,79
4782270,22,93,3,76
4782780,100,30,-4,80
4783290,23,57,5,75
4783800,75,66,-5,80
4784310,41,67,3,77
4784820,23,13,-3,80
4785330,38,20,3,77
4785840,63,27,-5,82
4786350,88,34,2,80
4786860,11,61,-1,81
4787370,36,70,3,78
4787880,41,61,4,74
4788390,23,23,-4,78
4788900,75,30,-2,80
4789410,100,57,1,79
4789920,23,84,8,71
4790430,24,93,-8,79
4790940,25,30,-4,83
4791450,77,37,7,76
4791960,0,64,-2,78
4792470,25,14,-5,83
4792980,40,21,11,72
4793490,65,28,-6,78
4794000,90,55,-5,83
4794510,13,82,7,76
4795020,94,32,-8,84
4795530,17,59,3,81
4796040,16,50,-2,83
4796550,44,59,8,75
4797060,26,21,-6,81
4797570,78,28,-4,85
4798080,1,55,8,77
4798590,26,5,0,77
4799100,90,12,-5,82
4799610,66,31,1,81
4800120,91,58,-1,82
4800630,14,85,7,75
4801140,25,35,-2,77
4801650,77,42,-6,83
4802160,0,69,3,80
4802670,25,19,0,80
4803180,44,26,3,77
4803690,69,33,2,75
4804200,94,60,-3,78
4804710,17,87,1,77
4805220,18,37,-4,81
4805730,70,44,-1,82
4806240,95,71,0,82
4806750,18,98,4,78
4807260,96,48,5,73
4807770,19,75,-5,78
4808280,18,84,5,73
4808790,82,34,-8,81
4809300,5,61,4,77
4809810,30,11,7,70
4810320,40,18,-5,75
4810830,65,25,2,73
4811340,90,52,-5,78
4811850,13,79,4,74
4812360,38,29,0,74
4812870,20,36,-12,86
4813380,72,43,8,78
4813890,97,70,-4,82
4814400,20,97,5,77
4814910,21,47,-1,78
4815420,73,53,-3,81
4815930,98,54,1,80
4816440,21,81,8,72
4816950,85,90,-11,83
4817460,11,15,5,78
4817970,63,22,-1,79
4818480,88,49,-4,83
4818990,11,76,11,72
4819500,36,26,-11,83
4820010,96,33,1,82
4820520,19,60,3,79
4821030,44,51,0,79
4821540,26,54,-1,80
4822050,78,16,-3,83
4822560,1,43,7,76
4823070,26,52,-4,80
4823580,78,58,0,80
4824090,1,59,4,76
4824600,26,68,3,73
4825110,78,59,-10,83
4825620,1,60,11,72
4826130,26,69,-1,73
4826640,78,60,-13,86
4827150,1,61,12,74
4827660,26,70,-8,82
4828170,78,61,1,81
4828680,1,62,0,81
4829190,26,12,1,80
4829700,41,19,-1,81
4830210,66,26,3,78
4830720,91,53,-4,82
4831230,14,80,7,75
4831740,76,30,-3,78
4832250,101,57,0,78
4832760,24,84,3,75
4833270,88,93,-10,85
4833780,38,18,10,75
4834290,63,25,-5,80
4834800,88,52,-2,82
4835310,11,79,9,73
4835820,36,29,-6,79
4836330,18,36,-1,80
4836840,70,43,-7,87
4837350,95,70,3,84
4837860,18,97,11,73
4838370,19,34,-8,81
4838880,71,41,0,81
4839390,96,68,1,80
4839900,19,95,1,79
4840410,20,23,-3,82
4840920,72,30,-2,84
4841430,97,57,11,73
4841940,20,84,-2,75
4842450,84,93,-5,80
4842960,34,18,8,72
4843470,59,25,-9,81
4843980,84,52,-1,82
4844490,7,79,0,82
4845000,32,76,7,75
4845510,84,85,-8,83
4846020,34,10,4,79
4846530,44,17,3,76
4847040,69,24,-8,84
4847550,94,51,11,73
4848060,17,78,1,72
4848570,81,87,-11,83
4849080,31,12,4,79
4849590,83,4,3,76
4850100,59,23,-4,80
4850610,84,50,-3,83
4851120,7,77,10,73
4851630,32,27,-13,86
4852140,84,34,5,81
4852650,7,61,9,72
4853160,32,22,-12,84
4853670,92,29,5,79
4854180,15,56,3,76
4854690,14,65,-1,77
4855200,39,74,-3,80
4855710,91,83,-9,89
4856220,17,8,9,80
4856730,32,15,0,80
4857240,47,22,0,80
4857750,72,29,0,80
4858260,97,56,3,77
4858770,20,83,-4,81
4859280,21,33,1,80
4859790,73,40,-5,85
4860300,98,67,9,76
4860810,21,94,2,74
4861320,22,44,-8,82
4861830,74,50,3,79
4862340,99,51,7,72
4862850,22,78,-4,76
4863360,74,87,-7,83
4863870,56,12,5,78
4864380,30,31,-4,82
4864890,82,42,0,82
4865400,5,69,2,80
4865910,30,19,3,77
4866420,90,26,-10,87
4866930,13,53,6,81
4867440,38,62,0,81
4867950,20,68,0,81
4868460,72,77,6,75
4868970,54,2,-9,84
4869480,30,21,3,81
4869990,90,28,0,81
4870500,13,55,5,76
4871010,38,64,-1,77
4871520,90,10,-7,84
4872030,66,29,3,81
4872540,91,56,4,77
4873050,14,83,0,77
4873560,95,33,-10,87
4874070,18,60,10,77
4874580,70,69,-2,79
4875090,52,96,-4,83
4875600,34,42,6,77
4876110,25,45,-6,83
4876620,77,51,4,79
4877130,0,78,3,76
4877640,25,75,0,76
4878150,77,84,-6,82
4878660,27,9,4,78
4879170,28,16,0,78
4879680,43,23,0,78
4880190,68,30,-4,82
4880700,93,57,6,76
4881210,16,84,-4,80
4881720,17,34,-3,83
4882230,69,73,2,81
4882740,51,100,7,74
4883250,33,36,-3,77
4883760,85,47,-5,82
4884270,8,74,9,73
4884780,89,24,-10,83
4885290,12,51,4,79
4885800,37,60,5,74
4886310,89,78,-9,83
4886820,12,79,10,73
4887330,93,29,-11,84
4887840,16,56,7,77
4888350,15,47,-5,82
4888860,43,65,8,74
4889370,25,92,-1,75
4889880,26,29,-5,80
4890390,78,68,2,78
4890900,1,71,5,73
4891410,26,21,-8,81
4891920,45,28,0,81
4892430,70,35,0,81
4892940,95,62,9,72
4893450,18,89,2,70
4893960,19,39,-13,83
4894470,71,78,4,79
4894980,53,14,0,79
4895490,63,33,-3,82
4896000,88,36,2,80
4896510,27,63,4,76
4897020,79,72,-6,82
4897530,2,73,5,77
4898040,27,23,-4,81
4898550,79,30,-3,84
4899060,2,57,8,76
4899570,27,66,3,73
4900080,79,84,-7,80
4900590,29,20,4,76
4901100,89,22,-7,83
4901610,12,49,11,72
4902120,37,40,-10,82
4902630,89,51,4,78
4903140,12,78,4,74
4903650,37,28,-8,82
4904160,62,35,-1,83
4904670,87,42,3,80
4905180,10,69,8,72
4905690,35,19,-5,77
4906200,60,26,-3,80
4906710,85,53,-5,85
4907220,8,80,9,76
4907730,33,30,-1,77
4908240,85,41,-1,78
4908750,8,68,6,72
4909260,33,18,-9,81
4909770,58,25,2,79
4910280,83,15,-6,85
4910790,59,42,-4,89
4911300,84,53,12,77
4911810,7,80,-4,81
4912320,88,30,-1,82
4912830,11,57,6,76
4913340,36,7,-1,77
4913850,100,14,-2,79
4914360,76,44,-6,85
4914870,101,71,7,78
4915380,24,98,4,74
4915890,25,35,-6,80
4916400,77,46,-2,82
4916910,0,73,3,79
4917420,25,70,5,74
4917930,77,88,-11,85
4918440,27,24,8,77
4918950,79,35,-7,84
4919460,2,62,7,77
4919970,27,12,0,77
4920480,42,19,1,76
4920990,67,26,-8,84
4921500,92,53,8,76
4922010,15,80,0,76
4922520,16,30,-6,82
4923030,44,69,5,77
4923540,26,96,7,70
4924050,3,33,-10,80
4924560,28,51,3,77
4925070,80,57,-7,84
4925580,3,58,7,77
4926090,28,8,-1,78
4926600,29,15,1,77
4927110,44,22,4,73
4927620,69,33,-8,81
4928130,94,60,0,81
4928640,17,87,5,76
4929150,18,37,-8,84
4929660,70,48,10,74
4930170,95,49,-3,77
4930680,18,76,4,73
4931190,82,26,-10,83
4931700,5,53,8,75
4932210,30,62,-3,78
4932720,82,68,-1,79
4933230,5,69,4,75
4933740,30,19,-4,79
4934250,90,26,-3,82
4934760,13,53,1,81
4935270,38,71,3,78
4935780,90,98,-5,83
4936290,40,23,4,79
4936800,65,30,2,77
4937310,90,57,-2,79
4937820,43,84,3,76
4938330,48,75,4,72
4938840,30,0,0,72
4939350,6,19,-6,78
4939860,34,37,-1,79
4940370,86,48,-1,80
4940880,9,75,0,80
4941390,34,25,-6,86
4941900,94,36,5,81
4942410,17,63,6,75
4942920,42,54,2,73
4943430,24,32,-4,77
4943940,76,43,-8,85
4944450,101,70,9,76
4944960,24,97,-3,79
4945470,25,47,-3,82
4945980,77,58,3,79
4946490,0,59,0,79
4947000,25,9,1,78
4947510,26,16,-5,83
4948020,86,23,6,77
4948530,9,50,0,77
4949040,34,0,5,72
4949550,10,19,-9,81
4950060,62,58,-1,82
4950570,12,69,10,72
4951080,37,19,-6,78
4951590,62,26,-3,81
4952100,87,53,5,76
4952610,10,80,-2,78
4953120,35,30,-1,79
4953630,87,75,-8,87
4954140,10,76,16,71
4954650,35,26,-12,83
4955160,40,44,9,74
4955670,22,55,-4,78
4956180,74,73,-7,85
4956690,24,84,9,76
4957200,88,75,-4,80
4957710,11,76,9,71
4958220,36,26,-12,83
4958730,96,33,0,83
4959240,19,60,5,78
4959750,18,51,-5,83
4960260,46,69,11,72
4960770,28,96,-4,76
4961280,29,33,-4,80
4961790,81,72,-2,82
4962300,4,73,6,76
4962810,29,23,-10,86
4963320,89,30,8,78
4963830,12,57,6,72
4964340,37,7,-8,80
4964850,47,14,2,78
4965360,52,33,-2,80
4965870,63,40,-5,85
4966380,88,47,7,78
4966890,11,74,1,77
4967400,36,24,1,76
4967910,61,35,0,76
4968420,86,38,-7,83
4968930,9,65,6,77
4969440,34,15,-2,79
4969950,59,22,1,78
4970460,84,23,0,78
4970970,7,50,2,76
4971480,32,0,2,74
4971990,8,19,-8,82
4972500,36,58,13,69
4973010,88,49,-9,78
4973520,11,76,0,78
4974030,36,26,-5,83
4974540,41,33,6,77
4975050,46,44,1,76
4975560,28,55,2,74
4976070,80,46,-6,80
4976580,3,73,0,80
4977090,28,23,-6,86
4977600,80,30,6,80
4978110,3,57,4,76
4978620,28,7,-2,78
4979130,29,14,0,78
4979640,39,21,5,73
4980150,64,28,-9,82
4980660,89,35,-1,83
4981170,12,62,10,73
4981680,37,53,-11,84
4982190,89,71,3,81
4982700,12,72,3,78
4983210,37,22,1,77
4983720,62,29,-6,83
4984230,87,30,-2,85
4984740,10,57,10,75
4985250,35,7,1,74
4985760,45,26,-1,75
4986270,70,33,-6,81
4986780,95,60,4,77
4987290,18,87,0,77
4987800,19,37,-5,82
4988310,7,34,0,82
4988820,35,52,7,75
4989330,87,55,-4,79
4989840,10,82,1,78
4990350,35,32,-3,81
4990860,17,43,4,77
4991370,42,40,1,76
4991880,24,43,-1,77
4992390,76,40,-6,83
4992900,101,43,7,76
4993410,24,70,5,71
4993920,25,61,-7,78
4994430,30,52,8,70
4994940,35,43,-8,78
4995450,87,46,-3,81
4995960,10,73,5,76
4996470,35,23,-6,82
4996980,60,30,3,79
4997490,85,33,-4,83
4998000,8,60,5,78
4998510,33,10,-1,79
4999020,97,17,-3,82
4999530,12,27,4,78
5000040,40,24,0,78
5000550,65,31,-5,83
5001060,90,32,2,81
5001570,13,59,3,78
5002080,38,50,2,76
5002590,20,53,-4,80
5003100,72,44,5,75
5003610,97,71,-9,84
5004120,20,98,7,77
5004630,21,95,2,75
5005140,22,92,-3,78
5005650,86,29,-3,81
5006160,9,56,-1,82
5006670,34,47,2,80
5007180,16,50,-2,82
5007690,41,41,9,73
5008200,23,44,-11,84
5008710,75,41,5,79
5009220,100,42,0,79
5009730,23,69,9,70
5010240,87,60,-11,81
5010750,10,61,9,72
5011260,35,52,-9,81
5011770,17,55,6,75
5012280,16,46,-5,80
5012790,80,37,-1,81
5013300,3,64,1,80
5013810,28,55,1,79
5014320,80,61,-8,87
5014830,3,62,12,75
5015340,28,12,-7,82
5015850,43,19,4,78
5016360,48,26,1,77
5016870,53,33,-3,80
5017380,78,36,0,80
5017890,1,57,8,72
5018400,26,7,1,71
5018910,83,14,-9,80
5019420,100,33,-2,82
5019930,23,60,3,79
5020440,24,51,-1,80
5020950,58,42,2,78
5021460,83,45,-3,81
5021970,6,72,8,73
5022480,31,63,1,72
5022990,36,54,-4,76
5023500,18,60,1,75
5024010,43,51,-1,76
5024520,25,54,-5,81
5025030,59,45,3,78
5025540,84,48,0,78
5026050,7,75,7,71
5026560,32,25,-14,85
5027070,92,32,1,84
5027580,15,59,11,73
5028090,40,50,-2,75
5028600,22,53,1,74
5029110,90,44,-9,83
5029620,13,71,11,72
5030130,14,21,-13,85
5030640,48,60,7,78
5031150,30,78,5,73
5031660,35,69,-2,75
5032170,40,60,3,72
5032680,22,98,-9,81
5033190,23,95,5,76
5033700,24,86,3,73
5034210,25,77,-2,75
5034720,26,68,3,72
5035230,27,59,-1,73
5035740,32,50,-2,75
5036250,14,56,-6,81
5036760,39,47,1,80
5037270,21,50,5,75
5037780,73,41,-12,87
5038290,98,42,8,79
5038800,21,69,4,75
5039310,22,60,-3,78
5039820,48,51,8,70
5040330,30,62,-6,76
5040840,35,53,0,76
5041350,17,56,-2,78
5041860,42,47,4,74
5042370,24,58,2,72
5042880,29,49,-11,83
5043390,81,52,7,76
5043900,4,79,-10,86
5044410,29,76,11,75
5044920,25,67,-4,79
5045430,26,58,4,75
5045940,31,49,2,73
5046450,13,55,-2,75
5046960,38,46,0,75
5047470,20,49,-6,81
5047980,72,46,4,77
5048490,97,47,-7,84
5049000,20,74,7,77
5049510,21,15,-2,79
5050020,22,22,-3,82
5050530,74,61,1,81
5051040,99,62,-2,83
5051550,22,89,9,74
5052060,23,80,-2,76
5052570,87,71,-11,87
5053080,10,72,9,78
5053590,35,69,-4,82
5054100,40,60,3,79
5054610,22,63,0,79
5055120,23,54,-3,82
5055630,57,45,-1,83
5056140,39,48,9,74
5056650,54,51,-5,79
5057160,36,62,1,78
5057670,72,53,-6,84
5058180,97,13,1,83
5058690,71,32,-2,85
5059200,96,59,10,75
5059710,19,86,2,73
5060220,83,83,-11,84
5060730,4,86,6,78
5061240,24,83,7,71
5061750,25,74,1,70
5062260,26,65,-10,80
5062770,52,56,-1,81
5063280,34,67,6,75
5063790,39,58,-1,76
5064300,21,49,0,76
5064810,55,40,-8,84
5065320,80,43,4,80
5065830,3,70,3,77
5066340,28,20,-3,80
5066850,88,27,0,80
5067360,11,54,-1,81
5067870,36,45,7,74
5068380,18,48,-4,78
5068890,46,33,2,76
5069400,28,44,-4,80
5069910,80,62,-3,83
5070420,54,63,7,76
5070930,36,74,-5,81
5071440,18,65,-3,84
5071950,46,56,3,81
5072460,28,59,1,80
5072970,62,50,-5,85
5073480,87,53,6,79
5073990,10,80,2,77
5074500,30,71,4,73
5075010,35,62,-1,74
5075520,17,53,-10,84
5076030,45,44,2,82
5076540,27,55,1,81
5077050,61,46,3,78
5077560,86,49,-2,80
5078070,9,76,6,74
5078580,34,26,-8,82
5079090,94,33,2,80
5079600,17,60,7,73
5080110,16,51,-12,85
5080620,80,42,2,83
5081130,3,69,6,77
5081640,28,19,-3,80
5082150,43,26,1,79
5082660,25,33,2,77
5083170,77,36,-7,84
5083680,0,63,7,77
5084190,25,54,-6,83
5084700,53,45,9,74
5085210,35,48,-2,76
5085720,17,51,-2,78
5086230,69,42,-4,82
5086740,94,43,-1,83
5087250,17,70,9,74
5087760,81,61,-7,81
5088270,4,62,5,76
5088780,29,53,0,76
5089290,81,62,-4,80
5089800,4,63,4,76
5090310,29,13,-5,81
5090820,11,20,-3,84
5091330,45,17,5,79
5091840,27,24,-4,83
5092350,61,63,8,75
5092860,43,66,0,75
5093370,25,57,-1,76
5093880,48,48,-5,81
5094390,30,51,0,81
5094900,82,57,5,76
5095410,5,84,-5,81
5095920,30,81,8,73
5096430,31,72,0,73
5096940,36,63,-4,77
5097450,18,54,0,77
5097960,46,45,-6,83
5098470,28,48,3,80
5098980,80,54,3,77
5099490,3,81,-2,79
5100000,28,72,6,73
5100510,33,63,-4,77
5101020,38,54,0,77
5101530,20,57,-5,82
5102040,72,48,0,82
5102550,97,49,3,79
5103060,20,76,8,71
5103570,21,67,-7,78
5104080,22,58,4,74
5104590,74,49,-6,80
5105100,99,50,4,76
5105610,22,77,-1,77
5106120,86,68,-7,84
5106630,9,69,6,78
5107140,34,60,4,74
5107650,16,51,-6,80
5108160,17,42,6,74
5108670,51,33,-10,84
5109180,56,36,-1,85
5109690,81,39,8,77
5110200,4,66,-3,80
5110710,29,57,-1,81
5111220,34,48,3,78
5111730,86,45,-1,79
5112240,9,72,3,76
5112750,34,63,-2,78
5113260,39,54,6,72
5113770,21,57,-6,78
5114280,55,48,0,78
5114790,37,51,5,73
5115300,19,54,-3,76
5115810,20,45,-5,81
5116320,54,36,3,78
5116830,79,39,-3,81
5117340,2,66,3,78
5117850,27,57,1,77
5118360,61,48,-5,82
5118870,86,51,0,82
5119380,9,78,4,78
5119890,34,69,4,74
5120400,16,60,-2,76
5120910,44,51,-5,81
5121420,26,54,-3,84
5121930,60,45,4,80
5122440,85,48,-4,84
5122950,8,75,15,69
5123460,89,25,-17,86
5123970,12,52,7,79
5124480,40,43,1,78
5124990,22,46,-5,83
5125500,56,37,7,76
5126010,81,40,-3,79
5126520,4,67,1,78
5127030,29,58,5,73
5127540,10,49,-9,82
5128050,38,40,2,80
5128560,20,43,-1,81
5129070,54,40,0,81
5129580,79,43,1,80
5130090,2,70,2,78
5130600,27,61,0,78
5131110,61,52,-8,86
5131620,86,55,5,81
5132130,9,82,1,80
5132640,34,79,4,76
5133150,39,70,2,74
5133660,44,61,-7,81
5134170,26,88,7,74
5134680,27,79,0,74
5135190,28,70,-2,76
5135700,29,61,-2,78
5136210,54,52,3,75
5136720,92,55,-7,82
5137230,15,82,2,80
5137740,16,73,4,76
5138250,17,64,1,75
5138760,18,55,-1,76
5139270,19,46,-6,82
5139780,47,56,6,76
5140290,29,59,-8,84
5140800,63,50,1,83
5141310,88,53,3,80
5141820,11,80,3,77
5142330,12,71,7,70
5142840,76,62,-18,88
5143350,101,63,9,79
5143860,24,90,7,72
5144370,88,81,-19,91
5144880,14,82,16,75
5145390,78,73,-9,84
5145900,101,100,-4,88
5146410,27,25,2,86
5146920,79,64,0,86
5147430,2,65,14,72
5147940,27,56,-6,78
5148450,61,47,1,77
5148960,86,50,-4,81
5149470,9,77,4,77
5149980,34,68,3,74
5150490,39,59,0,74
5151000,21,50,-7,81
5151510,55,41,-3,84
5152020,80,44,5,79
5152530,3,71,6,73
5153040,28,68,-5,78
5153550,29,59,4,74
5154060,34,50,-8,82
5154570,16,53,2,80
5155080,44,44,2,78
5155590,17,47,-2,80
5156100,45,38,6,74
5156610,27,39,-6,80
5157120,79,42,-5,85
5157630,2,69,4,81
5158140,27,66,8,73
5158650,91,57,-9,82
5159160,14,84,6,76
5159670,15,75,-2,78
5160180,16,66,1,77
5160690,17,72,4,73
5161200,81,63,-10,83
5161710,4,64,8,75
5162220,29,55,-7,82
5162730,57,46,2,80
5163240,82,49,-4,84
5163750,5,76,6,78
5164260,30,67,2,76
5164770,31,58,-5,81
5165280,59,49,-4,85
5165790,84,52,9,76
5166300,7,9,-10,86
5166810,18,16,3,83
5167320,52,23,0,83
5167830,77,24,0,83
5168340,0,51,6,77
5168850,25,42,-1,78
5169360,77,39,-4,82
5169870,0,66,2,80
5170380,25,63,3,77
5170890,13,54,0,77
5171400,38,45,4,73
5171910,20,28,-6,79
5172420,72,25,2,77
5172930,97,52,0,77
5173440,20,79,6,71
5173950,84,70,-10,81
5174460,7,71,7,74
5174970,71,62,-10,84
5175480,99,63,7,77
5175990,36,90,1,76
5176500,32,81,3,73
5177010,28,72,-2,75
5177520,92,63,-12,87
5178030,15,90,10,77
5178540,16,87,-1,78
5179050,17,84,4,74
5179560,81,75,-8,82
5180070,17,0,8,74
5180580,74,49,-10,84
5181090,99,50,4,80
5181600,22,77,7,73
5182110,86,68,-13,86
5182620,12,69,12,74
5183130,13,60,-2,76
5183640,14,51,-4,80
5184150,42,42,2,78
5184660,24,45,0,78
5185170,76,42,4,74
5185680,101,69,-5,79
5186190,24,96,3,76
5186700,88,33,-6,82
5187210,11,60,7,75
5187720,75,80,-8,83
5188230,1,5,6,77
5188740,12,12,-2,79
5189250,13,19,-4,83
5189760,14,58,5,78
5190270,15,49,2,76
5190780,43,40,-1,77
5191290,25,43,-2,79
5191800,77,54,-3,82
5192310,0,55,9,73
5192820,64,46,-10,83
5193330,19,47,5,78
5193840,83,38,-2,80
5194350,6,65,6,74
5194860,31,85,-1,75
5195370,95,76,-6,81
5195880,18,77,6,75
5196390,82,68,-7,82
5196900,5,69,5,77
5197410,69,60,3,74
5197920,94,61,-5,79
5198430,17,88,3,76
5198940,81,79,-7,83
5199450,7,4,5,78
5199960,8,11,-2,80
5200470,9,50,1,79
5200980,37,41,3,76
5201490,19,52,1,75
5202000,20,43,-7,82
5202510,72,34,2,80
5203020,97,61,0,80
5203530,20,88,4,76
5204040,84,79,-8,84
5204550,10,4,4,80
5205060,11,11,-9,89
5205570,39,18,11,78
5206080,49,0,4,74
5206590,23,19,-9,83
5207100,83,26,1,82
5207610,6,53,7,75
5208120,34,44,-6,81
5208630,16,47,5,76
5209140,80,38,-4,80
5209650,3,65,4,76
5210160,19,56,2,74
5210670,20,47,-8,82
5211180,72,44,5,77
5211690,97,71,-3,80
5212200,20,98,-2,82
5212710,21,95,10,72
5213220,85,86,-12,84
5213730,11,11,-2,86
5214240,39,18,4,82
5214750,49,25,1,81
5215260,59,32,1,80
5215770,84,39,-2,82
5216280,7,66,3,79
5216790,23,57,-1,80
5217300,24,48,4,76
5217810,76,39,-7,83
5218320,101,66,9,74
5218830,24,93,-1,75
5219340,88,84,-7,82
5219850,14,9,2,80
5220360,36,16,-1,81
5220870,46,23,3,78
5221380,28,30,-5,83
5221890,80,41,3,80
5222400,3,68,1,79
5222910,19,59,0,79
5223420,83,50,0,79
5223930,6,77,0,79
5224440,70,68,-5,84
5224950,52,95,2,82
5225460,34,86,3,79
5225970,35,77,5,74
5226480,16,68,-5,79
5226990,80,59,-5,84
5227500,6,60,5,79
5228010,34,51,5,74
5228520,16,42,-15,89
5229030,44,81,4,85
5229540,26,72,8,77
5230050,90,63,-5,82
5230560,16,90,5,77
5231070,17,81,2,75
5231580,81,72,-9,84
5232090,7,73,10,74
5232600,23,64,1,73
5233110,87,55,-7,80
5233620,10,82,-1,81
5234130,38,79,5,76
5234640,20,70,-1,77
5235150,84,61,-8,85
5235660,10,62,10,75
5236170,74,53,-8,83
5236680,0,80,4,79
5237190,25,77,8,71
5237700,89,68,-6,77
5238210,15,95,0,77
5238720,16,92,-1,78
5239230,17,83,-1,79
5239740,81,74,0,79
5240250,7,101,-3,82
5240760,8,98,0,82
5241270,9,95,-2,84
5241780,20,92,7,77
5242290,84,29,-9,86
5242800,7,56,10,76
5243310,71,47,-6,82
5243820,96,52,1,81
5244330,19,79,5,76
5244840,83,70,-8,84
5245350,9,71,7,77
5245860,37,62,-2,79
5246370,89,53,-1,80
5246880,12,80,5,75
5247390,23,71,-1,76
5247900,87,62,-9,85
5248410,13,63,12,73
5248920,14,54,-6,79
5249430,42,45,-9,88
5249940,24,56,10,78
5250450,52,47,-3,81
5250960,34,58,7,74
5251470,16,49,-7,81
5251980,44,40,1,80
5252490,26,51,8,72
5253000,90,42,-8,80
5253510,13,69,7,73
5254020,30,89,0,73
5254530,31,80,0,73
5255040,27,71,-4,77
5255550,28,62,-4,81
5256060,29,53,8,73
5256570,10,44,-9,82
5257080,38,35,4,78
5257590,20,46,0,78
5258100,48,37,-2,80
5258610,30,48,0,80
5259120,82,59,-2,82
5259630,8,60,8,74
5260140,36,51,-8,82
5260650,18,62,7,75
5261160,19,53,1,74
5261670,20,44,-9,83
5262180,48,55,5,78
5262690,30,66,-2,80
5263200,31,57,3,77
5263710,5,48,8,69
5264220,33,39,-8,77
5264730,15,50,1,76
5265240,43,41,-1,77
5265750,25,52,-4,81
5266260,53,43,6,75
5266770,35,54,-1,76
5267280,17,45,-1,77
5267790,45,36,-9,86
5268300,27,83,15,71
5268810,91,74,-12,83
5269320,17,75,6,77
5269830,18,66,3,74
5270340,19,57,-4,78
5270850,47,48,4,74
5271360,29,59,4,70
5271870,11,50,-8,78
5272380,39,41,4,74
5272890,24,52,3,71
5273400,100,9,-9,80
5273910,74,39,-4,84
5274420,99,66,11,73
5274930,22,93,-5,78
5275440,23,84,8,70
5275950,24,75,-3,73
5276460,25,66,-2,75
5276970,26,57,-2,77
5277480,54,48,-9,86
5277990,82,59,4,82
5278500,8,60,-1,83
5279010,36,51,5,78
5279520,18,34,-3,81
5280030,70,45,-2,83
5280540,95,46,5,78
5281050,18,73,-2,80
5281560,19,64,2,78
5282070,47,55,3,75
5282580,29,82,3,72
5283090,30,73,-1,73
5283600,31,64,-7,80
5284110,59,55,-4,84
5284620,41,66,6,78
5285130,23,57,3,75
5285640,51,48,-9,84
5286150,33,59,8,76
5286660,14,50,-4,80
5287170,42,41,3,77
5287680,24,52,-2,79
5288190,52,43,-3,82
5288700,34,54,2,80
5289210,86,65,-1,81
5289720,12,66,8,73
5290230,40,57,-3,76
5290740,22,68,4,72
5291250,23,59,1,71
5291760,24,50,-6,77
5292270,52,41,-8,85
5292780,34,52,15,70
5293290,16,43,-9,79
5293800,44,34,-4,83
5294310,26,45,9,74
5294820,54,56,-4,78
5295330,36,67,4,74
5295840,18,58,-2,76
5296350,46,49,-2,78
5296860,28,60,5,73
5297370,56,51,-10,83
5297880,38,62,2,81
5298390,66,53,0,81
5298900,91,54,5,76
5299410,14,81,5,71
5299920,15,72,-7,78
5300430,16,63,6,72
5300940,17,54,-11,83
5301450,45,45,5,78
5301960,27,56,3,75
5302470,1,47,1,74
5302980,29,38,-9,83
5303490,81,49,-2,85
5304000,4,76,7,78
5304510,29,73,7,71
5305020,10,64,-3,74
5305530,38,55,1,73
5306040,20,52,-10,83
5306550,48,43,4,79
5307060,30,44,3,76
5307570,12,41,-5,81
5308080,40,32,7,74
5308590,22,43,-5,79
5309100,74,40,3,76
5309610,99,67,-5,81
5310120,25,94,11,70
5310630,26,31,-7,77
5311140,8,70,5,72
5311650,36,61,-6,78
5312160,18,52,-2,80
5312670,46,43,0,80
5313180,28,54,4,76
5313690,56,45,-6,82
5314200,38,56,7,75
5314710,20,19,-3,78
5315220,72,58,-1,79
5315730,97,59,5,74
5316240,20,86,-3,77
5316750,21,83,1,76
5317260,22,74,3,73
5317770,23,65,-1,74
5318280,24,56,-4,78
5318790,52,47,-4,82
5319300,34,50,6,76
5319810,16,41,-2,78
5320320,44,32,-3,81
5320830,26,39,3,78
5321340,78,36,4,74
5321850,1,63,1,73
5322360,26,54,-4,77
5322870,54,45,-2,79
5323380,36,42,4,75
5323890,18,53,-4,79
5324400,46,44,-1,80
5324910,28,55,4,76
5325420,9,46,-3,79
5325930,37,37,5,74
5326440,19,48,-9,83
5326950,47,39,-1,84
5327460,29,36,4,80
5327970,81,33,-4,84
5328480,4,60,6,78
5328990,32,51,-1,79
5329500,14,42,0,79
5330010,42,33,-2,81
5330520,24,40,3,78
5331030,76,37,-4,82
5331540,101,64,6,76
5332050,24,91,2,74
5332560,25,82,-1,75
5333070,26,73,2,73
5333580,27,64,0,73
5334090,1,55,-2,75
5334600,26,46,-4,79
5335110,78,37,-6,85
5335620,1,64,6,79
5336130,26,61,-2,81
5336640,54,52,1,80
5337150,36,35,-5,85
5337660,18,32,0,85
5338170,46,71,7,78
5338680,28,62,0,78
5339190,2,53,1,77
5339700,27,44,0,77
5340210,79,41,-4,81
5340720,2,68,5,76
5341230,27,65,-6,82
5341740,55,56,0,82
5342250,37,39,6,76
5342760,19,50,-2,78
5343270,47,41,-3,81
5343780,29,42,-1,82
5344290,81,39,0,82
5344800,4,66,2,80
5345310,29,57,6,74
5345820,3,48,-2,76
5346330,31,39,-4,80
5346840,13,36,-2,82
5347350,41,33,-1,83
5347860,23,40,5,78
5348370,75,79,-6,84
5348880,57,15,2,82
5349390,31,25,1,81
5349900,41,64,-2,83
5350410,23,55,9,74
5350920,51,46,-3,77
5351430,33,43,2,75
5351940,15,40,-3,78
5352450,43,31,-2,80
5352960,25,38,-1,81
5353470,77,35,1,80
5353980,0,62,9,71
5354490,4,12,-12,83
5355000,32,9,4,79
5355510,42,34,-4,83
5356020,24,41,4,79
5356530,76,38,-6,85
5357040,101,65,6,79
5357550,24,92,4,75
5358060,25,29,-7,82
5358570,77,68,3,79
5359080,3,69,0,79
5359590,28,66,2,77
5360100,56,57,-2,79
5360610,38,40,5,74
5361120,20,37,-8,82
5361630,48,46,8,74
5362140,30,29,-10,84
5362650,82,68,2,82
5363160,8,69,4,78
5363670,33,60,-1,79
5364180,14,51,3,76
5364690,42,42,-8,84
5365200,24,39,3,81
5365710,76,78,0,81
5366220,58,14,2,79
5366730,32,24,-2,81
5367240,60,31,1,80
5367750,85,32,1,79
5368260,8,59,1,78
5368770,36,9,5,73
5369280,37,19,-5,78
5369790,47,26,-4,82
5370300,29,33,1,81
5370810,81,44,3,78
5371320,4,71,-1,79
5371830,29,68,-1,80
5372340,57,59,-2,82
5372850,39,42,7,75
5373360,21,53,-4,79
5373870,49,44,-2,81
5374380,31,41,2,79
5374890,13,38,3,76
5375400,41,35,-3,79
5375910,23,42,0,79
5376420,75,49,1,78
5376930,100,76,-3,81
5377440,26,77,9,72
5377950,27,68,-8,80
5378460,8,59,5,75
5378970,36,68,-4,79
5379480,18,59,-1,80
5379990,46,50,3,77
5380500,28,2,0,77
5381010,52,27,-2,79
5381520,62,34,-1,80
5382030,87,35,-2,82
5382540,10,62,13,69
5383050,21,82,-8,77
5383560,22,73,-3,80
5384070,23,64,2,78
5384580,24,55,2,76
5385090,52,46,-5,81
5385600,34,57,9,72
5386110,16,48,-3,75
5386620,44,39,-4,79
5387130,26,36,2,77
5387640,8,47,-9,86
5388150,36,86,14,72
5388660,17,77,-8,80
5389170,18,74,7,73
5389680,7,94,-7,80
5390190,8,91,-2,82
5390700,19,88,7,75
5391210,20,85,0,75
5391720,16,76,1,74
5392230,17,26,-19,93
5392740,45,65,17,76
5393250,27,48,1,75
5393760,8,39,-8,83
5394270,36,30,5,78
5394780,18,37,2,76
5395290,70,34,-3,79
5395800,95,35,0,79
5396310,18,62,2,77
5396820,19,53,-4,81
5397330,47,44,-1,82
5397840,1,55,6,76
5398350,26,5,-8,84
5398860,27,30,3,81
5399370,79,69,-7,88
5399880,5,70,13,75
5400390,30,79,-5,80
5400900,31,70,7,73
5401410,32,61,2,71
5401920,13,52,-8,79
5402430,41,43,0,79
5402940,23,54,6,73
5403450,51,45,-7,80
5403960,33,42,0,80
5404470,15,53,1,79
5404980,43,44,7,72
5405490,25,27,-9,81
5406000,77,66,-7,88
5406510,3,67,13,75
5407020,28,17,-2,77
5407530,29,24,-6,83
5408040,68,31,0,83
5408550,93,32,-1,84
5409060,16,59,10,74
5409570,17,50,-4,78
5410080,45,47,-1,79
5410590,27,58,6,73
5411100,8,49,-9,82
5411610,36,40,7,75
5412120,18,51,-6,81
5412630,19,90,6,75
5413140,20,87,-4,79
5413650,21,84,-2,81
5414160,22,81,6,75
5414670,23,72,2,73
5415180,24,63,1,72
5415690,25,54,-3,75
5416200,26,45,-3,78
5416710,78,42,-3,81
5417220,1,69,9,72
5417730,26,19,-3,75
5418240,41,26,-3,78
5418750,23,33,-3,81
5419260,75,40,6,75
5419770,100,67,-1,76
5420280,26,68,1,75
5420790,27,59,-2,77
5421300,28,50,-5,82
5421810,56,47,-1,83
5422320,38,44,7,76
5422830,20,55,-6,82
5423340,48,46,-2,84
5423850,30,43,1,83
5424360,12,50,1,82
5424870,40,41,2,80
5425380,22,52,-3,83
5425890,50,43,3,80
5426400,32,54,5,75
5426910,13,45,-9,84
5427420,41,36,5,79
5427930,23,47,1,78
5428440,75,56,-2,80
5428950,1,57,7,73
5429460,26,48,-1,74
5429970,78,39,-4,78
5430480,1,66,-2,80
5430990,26,63,6,74
5431500,7,54,1,73
5432010,32,45,-1,74
5432520,14,42,-5,79
5433030,42,33,-2,81
5433540,24,40,2,79
5434050,76,37,-4,83
5434560,101,64,7,76
5435070,24,91,-2,78
5435580,25,82,2,76
5436090,26,73,6,70
5436600,27,64,-13,83
5437110,55,55,3,80
5437620,37,38,10,70
5438130,19,21,-25,95
5438640,47,60,22,73
5439150,29,61,-7,80
5439660,10,52,3,77
5440170,38,43,-3,80
5440680,20,26,0,80
5441190,72,65,-7,87
5441700,100,66,10,77
5442210,9,67,4,73
5442720,20,58,-7,80
5443230,48,49,1,79
5443740,30,46,-3,82
5444250,82,43,3,79
5444760,5,70,2,77
5445270,30,20,-1,78
5445780,12,27,-2,80
5446290,40,24,1,79
5446800,50,31,6,73
5447310,60,38,-6,79
5447820,85,39,-4,83
5448330,8,66,3,80
5448840,36,57,1,79
5449350,66,48,1,78
5449860,77,49,2,76
5450370,0,50,0,76
5450880,25,0,-2,78
5451390,64,6,-4,82
5451900,38,25,-2,84
5452410,48,32,4,80
5452920,59,39,-1,81
5453430,70,40,3,78
5453940,95,41,4,74
5454450,18,68,-1,75
5454960,19,59,-5,80
5455470,47,50,6,74
5455980,29,33,-5,79
5456490,81,30,-5,84
5457000,4,57,8,76
5457510,32,48,-13,89
5458020,60,45,11,78
5458530,70,46,-1,79
5459040,95,47,-1,80
5459550,18,74,5,75
5460060,19,65,-5,80
5460570,47,56,7,73
5461080,29,39,-7,80
5461590,81,36,-3,83
5462100,4,63,6,77
5462610,29,54,2,75
5463120,10,55,-4,79
5463630,38,46,-2,81
5464140,20,43,5,76
5464650,48,26,-6,82
5465160,58,33,1,81
5465670,68,34,3,78
5466180,93,1,-2,80
5466690,67,31,-3,83
5467200,92,58,5,78
5467710,1,85,-4,82
5468220,17,82,10,72
5468730,18,73,-2,74
5469240,19,64,-3,77
5469750,47,55,-1,78
5470260,29,38,5,73
5470770,11,49,-9,82
5471280,39,40,7,75
5471790,21,37,-9,84
5472300,49,34,5,79
5472810,31,41,5,74
5473320,83,38,-7,81
5473830,6,65,10,71
5474340,22,15,-10,81
5474850,41,22,8,73
5475360,23,29,-3,76
5475870,75,68,-7,83
5476380,1,69,12,71
5476890,26,19,-10,81
5477400,45,58,9,72
5477910,27,59,-4,76
5478420,8,50,-6,82
5478930,36,41,9,73
5479440,18,52,-11,84
5479950,46,43,9,75
5480460,28,26,0,75
5480970,80,23,-4,79
5481480,95,50,2,77
5481990,18,77,4,73
5482500,82,68,-15,88
5483010,8,69,11,77
5483520,33,60,4,73
5484030,38,51,-2,75
5484540,20,34,-13,88
5485050,72,31,4,84
5485560,97,58,5,79
5486070,5,85,3,76
5486580,25,82,1,75
5487090,26,73,-1,76
5487600,7,64,-4,80
5488110,32,55,-4,84
5488620,84,46,5,79
5489130,10,73,4,75
5489640,26,23,-4,79
5490150,45,62,3,76
5490660,27,100,-1,77
5491170,94,91,-5,82
5491680,20,92,-1,83
5492190,21,89,9,74
5492700,22,80,-3,77
5493210,23,71,5,72
5493720,24,62,-1,73
5494230,25,53,-7,80
5494740,6,28,-2,82
5495250,34,25,1,81
5495760,16,64,9,72
5496270,17,55,-6,78
5496780,45,46,0,78
5497290,27,57,1,77
5497800,8,48,-6,83
5498310,36,39,4,79
5498820,18,50,4,75
5499330,46,41,-7,82
5499840,28,52,7,75
5500350,9,61,-4,79
5500860,37,67,4,75
5501370,19,58,-5,80
5501880,47,49,-2,82
5502390,29,60,6,76
5502900,10,51,-3,79
5503410,38,42,5,74
5503920,20,53,-6,80
5504430,48,44,5,75
5504940,30,55,-3,78
5505450,11,46,-1,79
5505960,39,37,5,74
5506470,21,48,-10,84
5506980,49,57,8,76
5507490,31,40,-8,84
5508000,83,51,3,81
5508510,94,52,3,78
5509020,6,79,-3,81
5509530,22,29,2,79
5510040,74,68,-3,82
5510550,56,69,3,79
5511060,38,5,-1,80
5511570,12,15,0,80
5512080,40,54,13,67
5512590,22,15,-16,83
5513100,85,54,0,83
5513610,99,55,7,76
5514120,11,82,-2,78
5514630,56,32,-3,81
5515140,66,39,4,77
5515650,75,40,-4,81
5516160,100,67,3,78
5516670,26,94,9,69
5517180,7,31,-16,85
5517690,35,70,5,80
5518200,40,61,8,72
5518710,22,62,-8,80
5519220,50,53,2,78
5519730,32,15,0,78
5520240,42,22,1,77
5520750,52,29,-1,78
5521260,34,36,-5,83
5521770,16,75,6,77
5522280,17,25,-9,86
5522790,45,64,0,86
5523300,27,47,6,80
5523810,79,56,-1,81
5524320,5,57,8,73
5524830,30,48,-7,80
5525340,12,59,5,75
5525850,40,50,-1,76
5526360,22,33,-5,81
5526870,74,44,0,81
5527380,99,45,3,78
5527890,22,72,6,72
5528400,23,63,-3,75
5528910,4,54,-1,76
5529420,29,45,-5,81
5529930,81,56,-6,87
5530440,7,57,9,78
5530950,32,7,1,77
5531460,14,32,-9,86
5531970,42,71,8,78
5532480,24,62,-4,82
5532990,5,53,5,77
5533500,33,44,2,75
5534010,15,55,4,71
5534520,43,46,-9,80
5535030,25,57,8,72
5535540,30,48,-10,82
5536050,82,31,3,79
5536560,5,58,2,77
5537070,30,49,-3,80
5537580,82,60,-3,83
5538090,8,61,5,78
5538600,33,11,0,78
5539110,43,36,-5,83
5539620,25,47,8,75
5540130,77,30,-6,81
5540640,0,57,-1,82
5541150,25,7,6,76
5541660,35,32,-2,78
5542170,17,43,-3,81
5542680,45,52,7,74
5543190,27,35,-7,81
5543700,9,46,0,81
5544210,37,37,-2,83
5544720,19,48,4,79
5545230,47,39,-3,82
5545740,29,50,5,77
5546250,11,47,2,75
5546760,39,38,3,72
5547270,21,49,-2,74
5547780,2,40,-9,83
5548290,30,31,1,82
5548800,82,42,-1,83
5549310,5,69,3,80
5549820,30,19,2,78
5550330,98,30,-2,80
5550840,21,57,2,78
5551350,49,48,-1,79
5551860,31,59,3,76
5552370,12,50,1,75
5552880,40,41,-3,78
5553390,22,52,2,76
5553900,3,91,-2,78
5554410,48,41,0,78
5554920,37,52,7,71
5555430,19,35,-13,84
5555940,71,74,7,77
5556450,53,101,-7,84
5556960,35,92,10,74
5557470,16,83,-2,76
5557980,27,33,-6,82
5558490,79,44,1,81
5559000,2,71,8,73
5559510,27,21,-14,87
5560020,46,60,9,78
5560530,28,22,-2,80
5561040,80,61,-4,84
5561550,6,62,7,77
5562060,31,12,1,76
5562570,41,51,-4,80
5563080,23,62,4,76
5563590,22,53,-1,77
5564100,56,44,-6,83
5564610,38,29,1,82
5565120,20,40,1,81
5565630,72,37,5,76
5566140,97,64,-5,81
5566650,58,91,5,76
5567160,40,82,2,74
5567670,22,73,1,73
5568180,21,64,0,73
5568690,20,55,-5,78
5569200,19,46,-3,81
5569710,53,8,6,75
5570220,27,27,-6,81
5570730,79,66,1,80
5571240,40,67,-2,82
5571750,22,58,8,74
5572260,50,49,1,73
5572770,32,11,-8,81
5573280,47,18,9,72
5573790,29,25,-15,87
5574300,63,64,12,75
5574810,45,65,0,75
5575320,27,1,-1,76
5575830,9,26,-5,81
5576340,37,23,3,78
5576850,42,34,0,78
5577360,24,45,-7,85
5577870,58,42,4,81
5578380,40,53,6,75
5578890,22,64,-1,76
5579400,21,55,0,76
5579910,16,46,-4,80
5580420,44,37,0,80
5580930,26,48,4,76
5581440,78,10,-8,84
5581950,52,29,3,81
5582460,57,30,2,79
5582970,82,31,-2,81
5583480,5,58,3,78
5583990,30,78,1,77
5584500,11,69,3,74
5585010,36,60,0,74
5585520,18,51,-2,76
5586030,17,42,-4,80
5586540,12,33,-5,85
5587050,40,30,8,77
5587560,18,41,-1,78
5588070,52,38,-8,86
5588580,34,49,12,74
5589090,86,11,-7,81
5589600,60,30,-1,82
5590110,69,31,-5,87
5590620,94,32,7,80
5591130,17,59,0,80
5591640,45,50,7,73
5592150,27,12,-7,80
5592660,42,23,6,74
5593170,24,30,-10,84
5593680,76,41,3,81
5594190,101,68,5,76
5594700,24,95,1,75
5595210,25,92,-2,77
5595720,26,42,-4,81
5596230,78,53,-2,83
5596740,1,54,6,77
5597250,26,45,-3,80
5597760,78,7,1,79
5598270,52,26,-5,84
5598780,77,33,6,78
5599290,0,60,11,67
5599800,33,10,-12,79
5600310,43,35,-4,83
5600820,4,46,6,77
5601330,29,37,-1,78
5601840,81,48,-4,82
5602350,4,49,12,70
5602860,29,69,-4,74
5603370,34,60,-2,76
5603880,16,51,-8,84
5604390,44,42,-1,85
5604900,26,53,10,75
5605410,21,15,-13,88
5605920,55,54,12,76
5606430,37,16,-2,78
5606940,47,23,-1,79
5607450,57,30,-2,81
5607960,82,31,2,79
5608470,5,58,4,75
5608980,30,78,2,73
5609490,26,69,-3,76
5610000,25,60,5,71
5610510,30,51,-3,74
5611020,35,5,2,72
5611530,17,30,-10,82
5612040,51,69,0,82
5612550,33,60,5,77
5613060,14,51,-1,78
5613570,42,42,1,77
5614080,24,53,-4,81
5614590,58,44,-3,84
5615100,40,45,0,84
5615610,22,7,9,75
5616120,23,32,-3,78
5616630,75,43,-4,82
5617140,100,44,8,74
5617650,23,71,0,74
5618160,22,62,-4,78
5618670,21,53,0,78
5619180,55,44,0,78
5619690,37,45,1,77
5620200,19,56,0,77
5620710,18,47,0,77
5621220,13,38,-2,79
5621730,41,29,0,79
5622240,23,26,-3,82
5622750,75,23,-1,83
5623260,42,50,3,80
5623770,24,12,4,76
5624280,25,51,-7,83
5624790,59,42,1,82
5625300,87,43,7,75
5625810,10,70,-1,76
5626320,35,61,-4,80
5626830,69,52,3,77
5627340,97,53,-4,81
5627850,23,80,7,74
5628360,24,71,3,71
5628870,23,91,-2,73
5629380,24,82,4,69
5629890,23,73,-6,75
5630400,22,64,-5,80
5630910,21,55,-1,81
5631420,49,46,2,79
5631930,31,57,1,78
5632440,83,48,-5,83
5632950,6,75,11,72
5633460,31,25,-9,81
5633970,41,36,0,81
5634480,23,47,2,79
5634990,57,38,-3,82
5635500,62,41,4,78
5636010,87,42,-4,82
5636520,10,69,6,76
5637030,35,60,-2,78
5637540,87,51,1,77
5638050,10,78,3,74
5638560,21,69,-5,79
5639070,20,60,2,77
5639580,19,51,-6,83
5640090,53,42,3,80
5640600,35,43,7,73
5641110,17,40,-8,81
5641620,51,31,2,79
5642130,61,32,1,78
5642640,86,33,-1,79
5643150,9,60,3,76
5643660,34,51,7,69
5644170,16,42,-8,77
5644680,44,33,-1,78
5645190,26,44,-5,83
5645700,78,83,4,79
5646210,4,29,-4,83
5646720,32,26,7,76
5647230,42,65,-6,82
5647740,24,56,3,79
5648250,58,47,0,79
5648760,40,26,1,78
5649270,50,32,-1,79
5649780,32,35,3,76
5650290,14,32,-3,79
5650800,33,29,-5,84
5651310,85,68,-1,85
5651820,11,69,11,74
5652330,36,60,1,73
5652840,18,51,-5,78
5653350,37,42,2,76
5653860,19,39,-3,79
5654370,42,36,3,76
5654880,24,33,-5,81
5655390,76,27,-4,85
5655900,101,54,10,75
5656410,24,81,-1,76
5656920,88,72,-5,81
5657430,14,73,9,72
5657940,22,64,-3,75
5658450,21,55,2,73
5658960,85,46,-16,89
5659470,96,73,5,84
5659980,22,74,15,69
5660490,21,65,-4,73
5661000,20,56,-3,76
5661510,19,47,-7,83
5662020,53,38,8,75
5662530,35,39,-4,79
5663040,17,36,1,78
5663550,69,27,-9,87
5664060,75,28,13,74
5664570,100,55,-1,75
5665080,23,82,1,74
5665590,87,73,-11,85
5666100,13,74,9,76
5666610,38,68,-2,78
5667120,20,59,3,75
5667630,19,50,-11,86
5668140,14,41,2,84
5668650,9,38,6,78
5669160,37,29,-4,82
5669670,19,68,3,79
5670180,18,59,-2,81
5670690,13,50,6,75
5671200,8,41,-10,85
5671710,36,32,-6,91
5672220,31,71,24,67
5672730,13,62,-5,72
5673240,12,82,-3,75
5673750,57,79,-4,79
5674260,39,70,6,73
5674770,21,61,-4,77
5675280,20,52,-4,81
5675790,15,43,2,79
5676300,10,34,-5,84
5676810,11,25,-7,91
5677320,45,64,14,77
5677830,27,55,2,75
5678340,8,46,-1,76
5678850,36,37,-4,80
5679360,18,48,2,78
5679870,70,39,-5,83
5680380,95,40,7,76
5680890,18,67,4,72
5681400,17,58,-9,81
5681910,16,49,1,80
5682420,92,40,3,77
5682930,15,67,3,74
5683440,25,58,0,74
5683950,59,49,-9,83
5684460,41,60,12,71
5684970,23,51,-6,77
5685480,57,42,-3,80
5685990,39,43,2,78
5686500,21,54,0,78
5687010,73,45,-3,81
5687520,98,46,2,79
5688030,21,73,1,78
5688540,20,64,2,76
5689050,19,55,-1,77
5689560,18,46,-3,80
5690070,52,37,-2,82
5690580,34,48,5,77
5691090,16,45,3,74
5691600,15,36,-3,77
5692110,49,27,-5,82
5692620,31,28,0,82
5693130,13,67,9,73
5693640,23,58,-3,76
5694150,4,49,6,70
5694660,29,69,-4,74
5695170,10,60,-5,79
5695680,35,51,2,77
5696190,17,42,-2,79
5696700,45,33,1,78
5697210,27,44,2,76
5697720,9,35,-8,84
5698230,37,26,7,77
5698740,19,65,-1,78
5699250,18,56,0,78
5699760,17,47,-8,86
5700270,12,38,-9,95
5700780,40,77,16,79
5701290,22,68,7,72
5701800,86,59,-8,80
5702310,9,60,3,77
5702820,83,51,-2,79
5703330,6,52,-1,80
5703840,31,43,6,74
5704350,13,49,-3,77
5704860,41,40,1,76
5705370,23,51,1,75
5705880,57,42,-10,85
5706390,39,43,7,78
5706900,21,82,5,73
5707410,85,73,-11,84
5707920,11,74,8,76
5708430,21,65,2,74
5708940,40,56,-2,76
5709450,22,42,-2,78
5709960,74,33,-3,81
5710470,99,60,12,69
5710980,54,87,-5,74
5711490,36,33,-6,80
5712000,18,30,-1,81
5712510,70,69,0,81
5713020,52,70,4,77
5713530,34,71,2,75
5714040,16,62,1,74
5714550,15,53,-6,80
5715060,38,44,10,70
5715570,20,50,-9,79
5716080,72,41,-4,83
5716590,97,42,9,74
5717100,20,40,-9,83
5717610,54,79,3,80
5718120,36,25,2,78
5718630,46,31,2,76
5719140,28,70,7,69
5719650,10,61,-2,71
5720160,35,81,-2,73
5720670,17,72,-3,76
5721180,81,63,-10,86
5721690,4,64,11,75
5722200,29,55,-1,76
5722710,11,7,-1,77
5723220,45,46,1,76
5723730,27,57,-2,78
5724240,24,48,-7,85
5724750,58,54,12,73
5725260,40,55,-5,78
5725770,22,46,2,76
5726280,3,52,-2,78
5726790,28,43,4,74
5727300,10,82,1,73
5727810,20,73,-5,78
5728320,21,64,4,74
5728830,17,55,0,74
5729340,54,46,0,74
5729850,36,57,5,69
5730360,18,48,-18,87
5730870,46,39,7,80
5731380,28,36,-2,82
5731890,10,75,1,81
5732400,35,66,9,72
5732910,17,57,-7,79
5733420,45,48,6,73
5733930,27,59,-5,78
5734440,8,50,0,78
5734950,33,41,-8,86
5735460,15,80,12,74
5735970,25,71,0,74
5736480,6,62,-8,82
5736990,31,53,-2,84
5737500,59,44,6,78
5738010,41,45,10,68
5738520,23,51,-8,76
5739030,57,42,-3,79
5739540,39,43,5,74
5740050,21,8,-7,81
5740560,22,33,1,80
5741070,74,72,-1,81
5741580,56,73,7,74
5742090,38,19,-1,75
5742600,63,25,-5,80
5743110,88,52,2,78
5743620,11,79,5,73
5744130,22,70,2,71
5744640,18,61,-3,74
5745150,17,52,-8,82
5745660,45,43,7,75
5746170,27,44,-2,77
5746680,79,35,-1,78
5747190,2,62,1,77
5747700,27,53,1,76
5748210,8,59,0,76
5748720,33,79,1,75
5749230,15,70,-1,76
5749740,78,61,-10,86
5750250,1,62,13,73
5750760,26,53,-3,76
5751270,7,44,0,76
5751780,32,35,-1,77
5752290,14,46,-8,85
5752800,39,37,11,74
5753310,21,48,-5,79
5753820,55,39,6,73
5754330,80,40,-3,76
5754840,3,67,-2,78
5755350,28,58,6,72
5755860,9,49,-9,81
5756370,34,40,4,77
5756880,16,79,-1,78
5757390,27,20,2,76
5757900,52,59,-1,77
5758410,34,60,0,77
5758920,68,51,-5,82
5759430,93,52,8,74
5759940,16,21,-9,83
5760450,50,60,10,73
5760960,32,61,-6,79
5761470,66,52,0,79
5761980,91,53,3,76
5762490,14,80,-1,77
5763000,25,71,0,77
5763510,26,62,1,76
5764020,7,53,0,76
5764530,32,44,-2,78
5765040,14,50,2,76
5765550,42,41,-10,86
5766060,24,52,12,74
5766570,5,43,-6,80
5767080,30,34,0,80
5767590,82,45,5,75
5768100,5,72,-2,77
5768610,30,63,1,76
5769120,11,54,-3,79
5769630,36,45,0,79
5770140,18,56,1,78
5770650,55,47,-5,83
5771160,37,58,1,82
5771670,19,64,7,75
5772180,56,84,-8,83
5772690,38,20,3,80
5773200,63,31,1,79
5773710,88,58,-5,84
5774220,11,59,9,75
5774730,36,79,1,74
5775240,18,70,-3,77
5775750,19,90,2,75
5776260,30,81,0,75
5776770,11,72,3,72
5777280,36,92,1,71
5777790,18,83,-12,83
5778300,19,74,8,75
5778810,20,65,3,72
5779320,21,85,-2,74
5779830,22,76,-1,75
5780340,23,67,-2,77
5780850,24,58,3,74
5781360,5,49,-8,82
5781870,33,40,0,82
5782380,15,51,3,79
5782890,40,42,3,76
5783400,22,53,-5,81
5783910,56,44,3,78
5784420,38,45,7,71
5784930,20,56,-10,81
5785440,21,47,0,81
5785950,49,38,-4,85
5786460,10,49,5,80
5786970,38,40,3,77
5787480,20,51,-7,84
5787990,54,42,2,82
5788500,36,43,4,78
5789010,18,54,0,78
5789520,46,45,1,77
5790030,28,56,1,76
5790540,33,62,1,75
5791050,14,53,-3,78
5791560,42,44,5,73
5792070,24,55,-3,76
5792580,58,46,-2,78
5793090,83,47,-6,84
5793600,6,74,11,73
5794110,31,65,-1,74
5794620,12,56,-5,79
5795130,37,47,2,77
5795640,19,58,-2,79
5796150,20,49,0,79
5796660,48,40,8,71
5797170,30,51,-8,79
5797680,82,42,-7,86
5798190,5,69,14,72
5798700,30,89,-2,74
5799210,11,80,-3,77
5799720,36,92,9,68
5800230,18,83,-6,74
5800740,29,74,3,71
5801250,30,65,-2,73
5801760,11,56,0,73
5802270,36,47,-8,81
5802780,18,58,2,79
5803290,46,49,5,74
5803800,28,60,-2,76
5804310,9,51,4,72
5804820,34,6,-3,75
5805330,16,16,-2,77
5805840,50,55,-4,81
5806350,32,66,7,74
5806860,13,57,-3,77
5807370,41,48,-2,79
5807880,23,59,3,76
5808390,24,50,-3,79
5808900,58,41,1,78
5809410,83,42,0,78
5809920,6,69,1,77
5810430,31,60,-3,80
5810940,45,51,7,73
5811450,27,62,-3,76
5811960,8,53,-3,79
5812470,33,44,0,79
5812980,15,55,-1,80
5813490,43,46,7,73
5814000,25,57,-2,75
5814510,6,48,1,74
5815020,31,39,-5,79
5815530,83,50,3,76
5816040,6,77,-1,77
5816550,31,68,-4,81
5817060,12,59,8,73
5817570,40,50,1,72
5818080,22,75,0,72
5818590,23,66,-4,76
5819100,24,57,-3,79
5819610,76,48,0,79
5820120,101,75,6,73
5820630,24,0,-1,74
5821140,81,25,-3,77
5821650,4,52,-1,78
5822160,29,43,3,75
5822670,11,54,3,72
5823180,36,45,-2,74
5823690,18,56,0,74
5824200,70,47,-12,86
5824710,95,48,9,77
5825220,18,75,-1,78
5825730,19,66,0,78
5826240,56,86,-1,79
5826750,38,32,2,77
5827260,20,43,-6,83
5827770,72,54,-5,88
5828280,33,55,8,80
5828790,85,46,2,78
5829300,8,73,-3,81
5829810,18,64,8,73
5830320,17,55,-6,79
5830830,54,46,0,79
5831340,36,57,7,72
5831850,18,48,-10,82
5832360,46,39,2,80
5832870,28,50,3,77
5833380,80,41,-4,81
5833890,3,68,4,77
5834400,28,59,4,73
5834910,9,50,-9,82
5835420,37,41,4,78
5835930,19,52,1,77
5836440,71,43,-6,83
5836950,96,70,8,75
5837460,19,97,-5,80
5837970,30,88,-1,81
5838480,31,79,4,77
5838990,27,70,2,75
5839500,28,61,0,75
5840010,62,52,0,75
5840520,44,53,-9,84
5841030,26,64,9,75
5841540,7,55,-4,79
5842050,32,46,6,73
5842560,14,57,-3,76
5843070,13,48,-6,82
5843580,41,39,6,76
5844090,23,50,-2,78
5844600,75,41,-7,85
5845110,100,68,7,78
5845620,23,95,3,75
5846130,34,86,0,75
5846640,30,77,-4,79
5847150,31,68,10,69
5847660,36,59,-6,75
5848170,18,50,-5,80
5848680,37,41,4,76
5849190,19,52,1,75
5849700,71,43,-6,81
5850210,96,70,2,79
5850720,22,97,2,77
5851230,33,88,-4,81
5851740,14,79,2,79
5852250,25,70,4,75
5852760,89,61,-8,83
5853270,12,88,7,76
5853780,93,79,-8,84
5854290,19,80,3,81
5854800,20,71,9,72
5855310,84,15,-10,82
5855820,58,42,-3,85
5856330,69,43,4,81
5856840,94,44,1,80
5857350,14,71,4,76
5857860,25,62,5,71
5858370,6,53,-7,78
5858880,31,44,1,77
5859390,83,55,-5,82
5859900,6,82,0,82
5860410,87,73,-6,88
5860920,13,74,16,72
5861430,24,65,-3,75
5861940,88,56,-8,83
5862450,11,83,2,81
5862960,36,74,2,79
5863470,18,65,5,74
5863980,55,56,-3,77
5864490,37,83,0,77
5865000,42,74,10,67
5865510,24,65,-8,75
5866020,88,56,-5,80
5866530,11,83,2,78
5867040,92,74,-14,92
5867550,18,75,20,72
5868060,82,66,-14,86
5868570,96,67,13,73
5869080,19,94,-10,83
5869590,30,85,16,67
5870100,26,76,-10,77
5870610,90,67,-7,84
5871120,13,94,5,79
5871630,91,34,-3,82
5872140,14,99,4,78
5872650,25,39,-2,80
5873160,77,50,-3,83
5873670,0,77,1,82
5874180,25,68,6,76
5874690,77,59,-5,81
5875200,0,60,9,72
5875710,25,51,-1,73
5876220,77,42,-6,79
5876730,0,69,2,77
5877240,25,60,2,75
5877750,6,51,-2,77
5878260,31,42,-7,84
5878770,83,53,4,80
5879280,6,80,-1,81
5879790,31,71,6,75
5880300,36,62,-8,83
5880810,88,53,3,80
5881320,11,80,5,75
5881830,97,71,-7,82
5882340,20,98,8,74
5882850,31,89,4,70
5883360,12,80,-6,76
5883870,23,71,6,70
5884380,87,62,-10,80
5884890,10,89,4,76
5885400,91,29,-12,88
5885910,14,56,9,79
5886420,42,47,4,75
5886930,24,58,0,75
5887440,76,86,-9,84
5887950,58,22,5,79
5888460,83,49,-2,81
5888970,6,76,4,77
5889480,31,67,-1,78
5889990,12,58,2,76
5890500,23,49,-3,79
5891010,75,40,0,79
5891520,100,67,1,78
5892030,23,94,3,75
5892540,6,85,-7,82
5893050,31,76,5,77
5893560,12,67,0,77
5894070,37,58,-6,83
5894580,89,49,-4,87
5895090,12,76,9,78
5895600,28,67,2,76
5896110,9,58,-1,77
5896620,25,49,-4,81
5897130,77,15,0,81
5897640,51,42,6,75
5898150,33,53,0,75
5898660,85,44,-5,80
5899170,8,71,8,72
5899680,24,62,4,68
5900190,20,53,-13,81
5900700,48,44,2,79
5901210,30,55,-7,86
5901720,82,46,7,79
5902230,5,73,9,70
5902740,86,64,-12,82
5903250,9,65,6,76
5903760,34,56,5,71
5904270,16,47,-8,79
5904780,35,38,1,78
5905290,17,49,-1,79
5905800,69,40,-5,84
5906310,94,67,5,79
5906820,17,94,2,77
5907330,95,85,-8,85
5907840,7,10,4,81
5908350,18,21,5,76
5908860,70,32,0,76
5909370,95,59,-3,79
5909880,7,86,-1,80
5910390,88,77,-1,81
5910900,0,78,8,73
5911410,25,69,1,72
5911920,77,60,-11,83
5912430,0,61,11,72
5912940,25,52,-1,73
5913450,77,43,-8,81
5913960,0,70,2,79
5914470,25,61,3,76
5914980,77,52,-3,79
5915490,0,53,4,75
5916000,25,44,-6,81
5916510,77,35,4,77
5917020,0,34,-3,80
5917530,28,25,1,79
5918040,80,36,0,79
5918550,3,63,6,73
5919060,28,54,-7,80
5919570,80,45,-1,81
5920080,3,72,6,75
5920590,28,63,-11,86
5921100,80,54,6,80
5921610,3,55,1,79
5922120,28,46,0,79
5922630,80,37,-5,84
5923140,3,64,5,79
5923650,28,55,-5,84
5924160,80,46,1,83
5924670,3,73,11,72
5925180,28,64,-5,77
5925690,80,55,-5,82
5926200,3,82,-1,83
5926710,28,73,9,74
5927220,80,64,-8,82
5927730,3,65,7,75
5928240,28,56,0,75
5928750,80,47,-5,80
5929260,92,74,6,74
5929770,15,75,4,70
5930280,93,66,-17,87
5930790,16,93,7,80
5931300,45,84,7,73
5931810,27,75,1,72
5932320,79,66,-11,83
5932830,2,67,9,74
5933340,27,58,-5,79
5933850,79,49,-6,85
5934360,2,76,7,78
5934870,27,67,0,78
5935380,79,58,-4,82
5935890,2,59,6,76
5936400,27,50,-2,78
5936910,79,41,0,78
5937420,2,68,3,75
5937930,27,59,1,74
5938440,79,50,-3,77
5938950,2,77,0,77
5939460,27,68,1,76
5939970,79,59,-3,79
5940480,2,60,3,76
5940990,27,51,-7,83
5941500,79,42,3,80
5942010,2,69,5,75
5942520,27,60,-3,78
5943030,79,51,0,78
5943540,2,78,1,77
5944050,12,69,1,76
5944560,37,60,4,72
5945070,19,51,-11,83
5945580,71,42,4,79
5946090,96,69,1,78
5946600,19,96,-1,79
5947110,30,87,6,73
5947620,95,78,-8,81
5948130,18,79,6,75
5948640,96,70,-5,80
5949150,19,97,6,74
5949660,2,88,-8,82
5950170,27,28,1,81
5950680,79,39,-1,82
5951190,2,66,6,76
5951700,27,57,-3,79
5952210,79,48,-3,82
5952720,2,75,6,76
5953230,27,66,2,74
5953740,79,57,-12,86
5954250,2,58,13,73
5954760,27,49,-9,82
5955270,79,40,1,81
5955780,2,67,7,74
5956290,12,58,1,73
5956800,49,49,-15,88
5957310,31,60,13,75
5957820,36,51,-3,78
5958330,88,42,-5,83
5958840,11,69,7,76
5959350,36,60,-5,81
5959860,88,51,-1,82
5960370,11,78,9,73
5960880,92,69,-9,82
5961390,15,70,7,75
5961900,25,61,2,73
5962410,77,52,-5,78
5962920,0,53,6,72
5963430,25,44,-5,77
5963940,77,35,5,72
5964450,0,62,-5,77
5964960,25,53,-1,78
5965470,77,44,-4,82
5965980,0,71,6,76
5966490,25,62,-3,79
5967000,77,53,-4,83
5967510,0,54,11,72
5968020,25,45,-5,77
5968530,77,36,-2,79
5969040,0,63,4,75
5969550,25,54,-1,76
5970060,77,45,-3,79
5970570,0,72,3,76
5971080,25,63,-3,79
5971590,77,54,-3,82
5972100,0,55,4,78
5972610,25,46,4,74
5973120,77,37,-10,84
5973630,0,64,11,73
5974140,25,55,0,73
5974650,77,46,-11,84
5975160,0,73,2,82
5975670,25,64,4,78
5976180,77,55,-2,80
5976690,0,56,5,75
5977200,25,47,-4,79
5977710,77,38,-3,82
5978220,0,39,2,80
5978730,25,30,-5,85
5979240,77,41,3,82
5979750,0,68,9,73
5980260,25,59,0,73
5980770,77,50,-7,80
5981280,0,51,0,80
5981790,25,42,4,76
5982300,77,33,1,75
5982810,0,60,0,75
5983320,25,51,1,74
5983830,77,42,-6,80
5984340,0,52,0,80
5984850,25,43,4,76
5985360,77,34,-2,78
5985870,0,61,5,73
5986380,25,52,0,73
5986890,77,43,-6,79
5987400,0,70,0,79
5987910,25,61,3,76
5988420,77,52,-6,82
5988930,0,53,6,76
5989440,25,44,-3,79
5989950,77,35,-2,81
5990460,0,62,4,77
5990970,25,53,1,76
5991480,77,44,-5,81
5991990,0,71,6,75
5992500,25,62,5,70
5993010,90,53,-9,79
5993520,13,80,8,71
5994030,94,71,-16,87
5994540,17,72,12,75
5995050,69,63,-5,80
5995560,51,64,1,79
5996070,33,0,5,74
5996580,15,10,-9,83
5997090,67,21,-1,84
5997600,92,31,5,79
5998110,15,58,5,74
5998620,79,49,-9,83
5999130,2,76,4,79
5999640,83,67,-7,86
6000150,6,68,11,75
6000660,31,59,0,75
6001170,36,50,2,73
6001680,18,60,-4,77
6002190,70,51,-8,85
6002700,95,52,4,81
6003210,18,79,6,75
6003720,82,70,-9,84
6004230,5,71,12,72
6004740,30,62,1,71
6005250,82,53,-11,82
6005760,5,54,4,78
6006270,30,45,-3,81
6006780,82,36,3,78
6007290,5,63,3,75
6007800,30,54,-1,76
6008310,82,45,-8,84
6008820,5,72,5,79
6009330,30,63,3,76
6009840,82,54,-5,81
6010350,5,81,0,81
6010860,30,21,4,77
6011370,69,32,-3,80
6011880,94,33,-6,86
6012390,17,60,2,84
6012900,81,51,1,83
6013410,4,52,-1,84
6013920,32,43,0,84
6014430,84,54,5,79
6014940,7,81,1,78
6015450,88,21,-6,84
6015960,1,48,8,76
6016470,26,39,-9,85
6016980,78,50,5,80
6017490,1,51,2,78
6018000,26,42,3,75
6018510,78,33,-9,84
6019020,1,60,6,78
6019530,26,51,3,75
6020040,78,42,-8,83
6020550,1,69,7,76
6021060,26,60,0,76
6021570,78,100,-6,82
6022080,60,36,4,78
6022590,85,37,-2,80
6023100,11,64,2,78
6023610,36,55,1,77
6024120,18,46,-6,83
6024630,46,37,1,82
6025140,28,48,3,79
6025650,80,39,1,78
6026160,3,66,-2,80
6026670,28,57,9,71
6027180,80,48,-12,83
6027690,3,75,7,76
6028200,48,66,-5,81
6028710,30,67,5,76
6029220,95,58,-1,77
6029730,18,85,2,75
6030240,29,76,-2,77
6030750,94,67,-7,84
6031260,17,68,8,76
6031770,69,59,-4,80
6032280,51,60,3,77
6032790,33,61,-4,81
6033300,85,52,-2,83
6033810,8,53,10,73
6034320,33,44,-3,76
6034830,85,35,-6,82
6035340,8,62,4,78
6035850,33,53,2,76
6036360,85,44,-10,86
6036870,8,71,11,75
6037380,89,62,-8,83
6037890,12,63,8,75
6038400,28,54,-2,77
6038910,80,45,-2,79
6039420,3,46,1,78
6039930,28,37,2,76
6040440,80,28,-4,80
6040950,3,55,9,71
6041460,28,46,-7,78
6041970,80,37,-3,81
6042480,3,64,3,78
6042990,28,55,-3,81
6043500,80,46,3,78
6044010,3,73,-4,82
6044520,19,64,7,75
6045030,71,55,-2,77
6045540,96,56,-1,78
6046050,19,83,-4,82
6046560,83,74,-1,83
6047070,44,75,1,82
6047580,96,66,4,78
6048090,19,93,-1,79
6048600,30,84,11,68
6049110,95,75,-11,79
6049620,18,76,6,73
6050130,82,67,-11,84
6050640,5,68,6,78
6051150,30,59,3,75
6051660,82,50,-10,85
6052170,5,51,4,81
6052680,30,42,4,77
6053190,82,33,-2,79
6053700,5,60,4,75
6054210,30,51,2,73
6054720,82,42,-13,86
6055230,5,69,13,73
6055740,86,60,-9,82
6056250,9,61,9,73
6056760,25,52,-7,80
6057270,77,43,-1,81
6057780,0,44,3,78
6058290,28,35,4,74
6058800,80,26,-10,84
6059310,3,82,4,80
6059820,48,73,4,76
6060330,30,64,-2,78
6060840,82,55,-2,80
6061350,5,56,6,74
6061860,21,47,-4,78
6062370,73,38,-5,83
6062880,98,93,7,76
6063390,80,29,-6,82
6063900,3,56,3,79
6064410,28,47,0,79
6064920,80,38,-2,81
6065430,3,65,7,74
6065940,28,56,-1,75
6066450,80,47,-4,79
6066960,3,74,0,79
6067470,19,65,9,70
6067980,83,56,-15,85
6068490,6,57,13,72
6069000,22,48,-11,83
6069510,74,89,1,82
6070020,56,25,-1,83
6070530,63,35,12,71
6071040,88,45,-8,79
6071550,11,72,6,73
6072060,89,63,-11,84
6072570,12,64,7,77
6073080,28,55,-5,82
6073590,80,46,0,82
6074100,3,73,7,75
6074610,19,64,2,73
6075120,71,55,-16,89
6075630,0,56,13,76
6076140,16,47,-1,77
6076650,68,38,-2,79
6077160,93,65,3,76
6077670,16,92,-2,78
6078180,101,83,-4,82
6078690,30,84,6,76
6079200,94,75,-7,83
6079710,17,76,10,73
6080220,81,67,-12,85
6080730,10,68,13,72
6081240,88,59,-16,88
6081750,11,60,7,81
6082260,27,51,4,77
6082770,79,42,1,76
6083280,2,69,2,74
6083790,47,60,-8,82
6084300,99,98,3,79
6084810,81,34,-4,83
6085320,4,61,3,80
6085830,93,52,-2,82
6086340,16,79,5,77
6086850,80,70,-9,86
6087360,9,71,10,76
6087870,25,62,-8,84
6088380,77,53,4,80
6088890,0,54,8,72
6089400,16,45,-6,78
6089910,68,36,-2,80
6090420,93,46,4,76
6090930,16,73,2,74
6091440,80,64,-12,86
6091950,9,65,13,73
6092460,25,56,-2,75
6092970,77,47,-10,85
6093480,0,74,8,77
6093990,16,14,1,76
6094500,55,21,0,76
6095010,62,31,-6,82
6095520,87,58,1,81
6096030,10,85,2,79
6096540,91,76,0,79
6097050,20,77,4,75
6097560,84,68,-11,86
6098070,13,69,11,75
6098580,77,60,-3,78
6099090,6,61,2,76
6099600,22,52,-7,83
6100110,74,43,-1,84
6100620,99,53,10,74
6101130,22,80,-3,77
6101640,86,71,-6,83
6102150,15,72,14,69
6102660,93,63,-12,81
6103170,16,90,1,80
6103680,101,81,0,80
6104190,30,82,5,75
6104700,95,73,-1,76
6105210,18,74,6,70
6105720,82,65,-18,88
6106230,43,66,14,74
6106740,25,2,-4,78
6107250,46,12,1,77
6107760,53,22,-2,79
6108270,78,32,4,75
6108780,1,59,-4,79
6109290,26,51,1,78
6109800,78,42,-4,82
6110310,1,69,8,74
6110820,46,60,-9,83
6111330,28,70,9,74
6111840,93,61,-4,78
6112350,16,84,4,74
6112860,101,75,-1,75
6113370,24,76,2,73
6113880,88,67,-15,88
6114390,49,68,6,82
6114900,31,4,7,75
6115410,7,14,-6,81
6115920,59,53,-2,83
6116430,63,63,-1,84
6116940,45,101,4,80
6117450,27,9,0,80
6117960,91,34,0,80
6118470,14,61,6,74
6118980,92,52,-10,84
6119490,15,79,11,73
6120000,100,70,-3,76
6120510,23,97,3,73
6121020,6,37,-13,86
6121530,34,34,5,81
6122040,16,45,3,78
6122550,44,36,-3,81
6123060,26,47,-1,82
6123570,78,46,-1,83
6124080,1,73,3,80
6124590,17,13,0,80
6125100,56,24,-1,81
6125610,81,34,-4,85
6126120,4,61,11,74
6126630,20,52,0,74
6127140,72,38,-7,81
6127650,97,65,4,77
6128160,20,0,-3,80
6128670,77,25,-3,83
6129180,92,52,6,77
6129690,15,79,-3,80
6130200,93,70,-3,83
6130710,54,71,2,81
6131220,36,7,6,75
6131730,12,17,-4,79
6132240,64,56,0,79
6132750,46,66,0,79
6133260,28,2,4,75
6133770,4,12,-11,86
6134280,15,51,8,78
6134790,43,42,-1,79
6135300,25,53,1,78
6135810,53,63,-7,85
6136320,35,101,10,75
6136830,100,9,-9,84
6137340,76,19,-2,86
6137850,91,29,4,82
6138360,14,56,5,77
6138870,42,47,-2,79
6139380,24,58,1,78
6139890,76,68,-5,83
6140400,5,69,8,75
6140910,21,60,4,71
6141420,86,29,-13,84
6141930,9,56,10,74
6142440,25,25,-8,82
6142950,77,36,3,79
6143460,0,63,7,72
6143970,25,10,-11,83
6144480,40,35,4,79
6144990,22,46,0,79
6145500,74,45,3,76
6146010,99,72,1,75
6146520,22,99,-1,76
6147030,5,39,-5,81
6147540,33,36,4,77
6148050,85,47,-5,82
6148560,8,74,10,72
6149070,89,29,-15,87
6149580,12,56,10,77
6150090,50,47,4,73
6150600,32,58,-11,84
6151110,84,30,7,77
6151620,7,57,-3,80
6152130,23,48,-3,83
6152640,75,47,1,82
6153150,100,74,6,76
6153660,23,101,3,73
6154170,34,41,-4,77
6154680,16,52,-8,85
6155190,44,43,3,82
6155700,26,67,6,76
6156210,78,77,-1,77
6156720,60,2,-5,82
6157230,36,12,1,81
6157740,43,22,5,76
6158250,68,33,-9,85
6158760,93,60,5,80
6159270,16,87,4,76
6159780,101,42,1,75
6160290,24,69,6,69
6160800,89,38,-14,83
6161310,12,65,9,74
6161820,28,56,-2,76
6162330,80,10,-4,80
6162840,56,20,-3,83
6163350,63,30,3,80
6163860,88,40,0,80
6164370,11,67,3,77
6164880,27,58,2,75
6165390,79,68,-12,87
6165900,8,69,10,77
6166410,24,60,1,76
6166920,76,70,-3,79
6167430,99,6,-1,80
6167940,75,16,-3,83
6168450,51,43,-6,89
6168960,82,54,5,84
6169470,5,55,10,74
6169980,30,46,-5,79
6170490,82,45,0,79
6171000,5,72,-2,81
6171510,21,69,5,76
6172020,73,38,2,74
6172530,98,65,-6,80
6173040,21,92,8,72
6173550,4,32,-16,88
6174060,32,45,6,82
6174570,84,44,2,80
6175080,7,71,3,77
6175590,23,62,2,75
6176100,75,72,-5,80
6176610,98,8,-9,89
6177120,74,18,2,87
6177630,89,28,3,84
6178140,12,55,6,78
6178650,28,46,2,76
6179160,80,45,-6,82
6179670,3,72,4,78
6180180,19,63,4,74
6180690,71,32,-8,82
6181200,96,59,2,80
6181710,74,86,0,80
6182220,56,22,2,78
6182730,66,32,0,78
6183240,91,59,-2,80
6183750,14,86,4,76
6184260,30,26,-3,79
6184770,69,37,6,73
6185280,94,64,-10,83
6185790,17,91,11,72
6186300,0,31,-8,80
6186810,28,28,-1,81
6187320,80,39,1,80
6187830,3,66,15,65
6188340,19,86,-7,72
6188850,26,50,-3,75
6189360,78,49,-3,78
6189870,1,76,-4,82
6190380,26,73,8,74
6190890,78,42,-10,84
6191400,1,69,6,78
6191910,26,66,1,77
6192420,91,35,-8,85
6192930,14,62,11,74
6193440,30,31,-7,81
6193950,82,42,2,79
6194460,5,69,7,72
6194970,21,66,-6,78
6195480,73,57,-7,85
6195990,2,58,9,76
6196500,27,21,-5,81
6197010,79,32,2,79
6197520,2,59,7,72
6198030,27,56,-3,75
6198540,92,66,-3,78
6199050,21,93,-2,80
6199560,32,36,4,76
6200070,84,35,-5,81
6200580,76,62,-4,85
6201090,37,63,1,84
6201600,89,101,2,82
6202110,71,37,-3,85
6202620,96,47,7,78
6203130,19,74,5,73
6203640,22,43,-6,79
6204150,74,42,-6,85
6204660,99,52,11,74
6205170,22,79,4,70
6205680,8,48,-12,82
6206190,36,39,3,79
6206700,18,36,-3,82
6207210,70,35,0,82
6207720,95,62,4,78
6208230,18,89,-1,79
6208740,29,29,-1,80
6209250,81,40,0,80
6209760,4,67,-2,82
6210270,29,64,-2,84
6210780,81,74,2,82
6211290,95,101,2,80
6211800,16,37,-4,84
6212310,44,36,11,73
6212820,26,33,-13,86
6213330,78,30,1,85
6213840,1,57,3,82
6214350,26,48,3,79
6214860,13,47,3,76
6215370,41,38,1,75
6215880,23,49,-3,78
6216390,51,48,1,77
6216900,33,59,6,71
6217410,15,31,-12,83
6217920,67,30,2,81
6218430,92,40,4,77
6218940,15,67,3,74
6219450,25,36,-6,80
6219960,77,35,-2,82
6220470,0,62,9,73
6220980,45,53,-3,76
6221490,27,52,-6,82
6222000,79,51,1,81
6222510,94,78,2,79
6223020,55,3,-3,82
6223530,31,13,1,81
6224040,46,29,-1,82
6224550,56,40,2,80
6225060,87,38,0,80
6225570,10,65,-1,81
6226080,26,56,-2,83
6226590,54,66,4,79
6227100,59,93,0,79
6227610,41,29,5,74
6228120,51,40,-7,81
6228630,61,51,0,81
6229140,92,52,4,77
6229650,15,79,0,77
6230160,31,70,0,77
6230670,96,80,-2,79
6231180,57,81,-5,84
6231690,39,17,9,75
6232200,49,27,-1,76
6232710,59,38,-8,84
6233220,90,49,6,78
6233730,6,76,1,77
6234240,87,67,-9,86
6234750,48,68,1,85
6235260,30,4,7,78
6235770,6,14,-10,88
6236280,17,27,1,87
6236790,69,24,14,73
6237300,76,51,-7,80
6237810,5,78,-1,81
6238320,30,75,10,71
6238830,95,44,-6,77
6239340,18,71,1,76
6239850,21,43,1,75
6240360,73,42,-14,89
6240870,98,52,12,77
6241380,21,79,4,73
6241890,24,43,-7,80
6242400,76,42,-6,86
6242910,101,53,14,72
6243420,24,80,2,70
6243930,27,49,-12,82
6244440,79,48,-1,83
6244950,94,75,-1,84
6245460,55,76,7,77
6245970,37,12,-1,78
6246480,44,22,1,77
6246990,54,33,-3,80
6247500,85,49,1,79
6248010,8,76,3,76
6248520,33,67,-4,80
6249030,7,39,-1,81
6249540,35,30,-6,87
6250050,74,41,7,80
6250560,99,68,1,79
6251070,28,95,1,78
6251580,93,38,1,77
6252090,16,65,3,74
6252600,94,34,-13,87
6253110,7,61,9,78
6253620,23,52,0,78
6254130,75,43,-1,79
6254640,100,70,-4,83
6255150,61,97,7,76
6255660,43,33,-2,78
6256170,53,44,2,76
6256680,35,55,1,75
6257190,17,54,0,75
6257700,69,45,-1,76
6258210,100,46,-3,79
6258720,23,73,5,74
6259230,75,42,-10,84
6259740,100,69,8,76
6260250,29,96,-3,79
6260760,32,39,2,77
6261270,84,38,-6,83
6261780,7,65,7,76
6262290,32,34,-7,83
6262800,84,31,2,81
6263310,7,58,8,73
6263820,23,78,-1,74
6264330,75,76,-11,85
6264840,98,12,5,80
6265350,74,22,1,79
6265860,89,49,0,79
6266370,12,76,5,74
6266880,28,67,-4,78
6267390,2,36,0,78
6267900,30,27,-10,88
6268410,82,38,9,79
6268920,5,65,-1,80
6269430,30,56,2,78
6269940,82,66,-5,83
6270450,96,67,1,82
6270960,13,68,10,72
6271470,29,88,-2,74
6271980,94,57,-9,83
6272490,17,84,9,74
6273000,95,27,-11,85
6273510,18,54,10,75
6274020,70,23,-6,81
6274530,85,33,-2,83
6275040,8,60,10,73
6275550,33,51,-13,86
6276060,85,50,9,77
6276570,8,77,-5,82
6277080,33,17,2,80
6277590,48,28,5,75
6278100,30,39,-7,82
6278610,82,38,-1,83
6279120,5,65,9,74
6279630,30,56,-2,76
6280140,82,57,-1,77
6280650,5,58,0,77
6281160,30,78,8,69
6281670,95,47,-11,80
6282180,18,74,1,79
6282690,21,74,7,72
6283200,99,43,-7,79
6283710,22,70,5,74
6284220,41,39,-2,76
6284730,23,50,-3,79
6285240,75,49,-6,85
6285750,100,50,10,75
6286260,23,77,2,73
6286770,26,46,-3,76
6287280,78,45,-6,82
6287790,1,72,5,77
6288300,26,20,-5,82
6288810,45,31,10,72
6289320,27,42,-11,83
6289830,79,41,-1,84
6290340,2,68,4,80
6290850,27,59,1,79
6291360,79,69,-8,87
6291870,93,70,6,81
6292380,5,71,7,74
6292890,30,91,3,71
6293400,33,92,-3,74
6293910,38,0,0,74
6294420,14,10,-4,78
6294930,53,21,-7,85
6295440,60,31,4,81
6295950,85,47,2,79
6296460,8,74,4,75
6296970,24,75,-3,78
6297480,27,11,1,77
6297990,42,27,-2,79
6298500,67,43,1,78
6299010,92,44,2,76
6299520,15,71,0,76
6300030,93,91,-10,86
6300540,5,16,7,79
6301050,24,29,-3,82
6301560,76,40,2,80
6302070,101,67,5,75
6302580,24,94,-2,77
6303090,35,37,-3,80
6303600,87,48,-3,83
6304110,10,75,11,72
6304620,35,95,4,68
6305130,38,96,-8,76
6305640,43,4,-1,77
6306150,19,14,-7,84
6306660,38,25,5,79
6307170,49,36,1,78
6307680,74,47,-6,84
6308190,99,48,9,75
6308700,22,75,2,73
6309210,25,44,-2,75
6309720,77,45,-3,78
6310230,0,72,4,74
6310740,25,73,-3,77
6311250,28,42,-1,78
6311760,14,41,-16,94
6312270,42,32,12,82
6312780,53,43,2,80
6313290,35,44,2,78
6313800,87,45,-5,83
6314310,10,72,10,73
6314820,35,92,-4,77
6315330,100,61,-4,81
6315840,23,88,2,79
6316350,34,89,2,77
6316860,37,58,5,72
6317370,19,59,-5,77
6317880,56,28,-5,82
6318390,81,38,-1,83
6318900,4,65,8,75
6319410,29,85,1,74
6319920,94,86,-3,77
6320430,6,11,1,76
6320940,17,24,-8,84
6321450,69,21,5,79
6321960,94,48,1,78
6322470,17,75,3,75
6322980,36,95,5,70
6323490,41,96,-8,78
6324000,46,4,1,77
6324510,22,14,1,76
6325020,37,63,6,70
6325530,42,64,-10,80
6326040,24,0,-1,81
6326550,81,25,-2,83
6327060,4,52,4,79
6327570,29,72,5,74
6328080,96,41,-5,79
6328590,19,68,0,79
6329100,44,37,-1,80
6329610,26,48,4,76
6330120,94,49,-9,85
6330630,17,76,17,68
6331140,28,19,-15,83
6331650,39,30,3,80
6332160,21,41,4,76
6332670,73,42,-8,84
6333180,98,43,6,78
6333690,21,70,-1,79
6334200,71,90,-7,86
6334710,53,26,4,82
6335220,78,42,2,80
6335730,1,69,0,80
6336240,26,60,0,80
6336750,40,51,2,78
6337260,22,52,-2,80
6337770,50,43,1,79
6338280,32,54,3,76
6338790,100,55,0,76
6339300,23,82,3,73
6339810,26,83,-5,78
6340320,93,84,-5,83
6340830,5,85,5,78
6341340,30,25,-2,80
6341850,69,36,1,79
6342360,94,63,1,78
6342870,17,90,-1,79
6343380,28,91,8,71
6343890,31,92,-4,75
6344400,36,93,-4,79
6344910,41,94,1,78
6345420,74,95,-4,82
6345930,56,20,2,80
6346440,81,99,-4,84
6346950,63,24,2,82
6347460,88,34,-3,85
6347970,11,61,6,79
6348480,22,52,1,78
6348990,17,43,-6,84
6349500,12,39,-3,87
6350010,40,30,0,87
6350520,2,41,5,82
6351030,27,32,-2,84
6351540,46,43,10,74
6352050,22,44,-1,75
6352560,17,35,-10,85
6353070,45,48,6,79
6353580,27,59,6,73
6354090,55,50,-3,76
6354600,37,51,-1,77
6355110,19,52,-6,83
6355620,14,43,6,77
6356130,42,34,-1,78
6356640,24,45,5,73
6357150,92,36,-5,78
6357660,15,63,1,77
6358170,40,83,2,75
6358680,45,74,-7,82
6359190,27,75,12,70
6359700,32,66,-5,75
6360210,37,57,-1,76
6360720,19,67,-3,79
6361230,38,87,-1,80
6361740,43,78,8,72
6362250,48,79,-1,73
6362760,30,80,1,72
6363270,35,71,-10,82
6363780,40,72,7,75
6364290,45,73,2,73
6364800,27,74,0,73
6365310,94,43,-8,81
6365820,17,70,4,77
6366330,20,90,4,73
6366840,31,81,0,73
6367350,36,72,-2,75
6367860,41,73,1,74
6368370,83,74,-11,85
6368880,6,75,9,76
6369390,31,76,2,74
6369900,36,67,3,71
6370410,41,68,-1,72
6370920,46,69,-7,79
6371430,28,70,-2,81
6371940,31,61,7,74
6372450,45,52,-4,78
6372960,27,62,-2,80
6373470,38,53,1,79
6373980,20,44,-4,83
6374490,15,35,-1,84
6375000,10,48,1,83
6375510,38,39,4,79
6376020,20,50,1,78
6376530,15,41,-1,79
6377040,40,32,-2,81
6377550,51,43,4,77
6378060,33,44,3,74
6378570,15,55,-2,76
6379080,40,46,-1,77
6379590,22,81,3,74
6380100,89,72,-8,82
6380610,12,73,6,76
6381120,28,64,1,75
6381630,39,65,-8,83
6382140,5,56,5,78
6382650,30,47,1,77
6383160,82,9,-5,82
6383670,58,19,3,79
6384180,83,29,0,79
6384690,6,56,0,79
6385200,31,47,5,74
6385710,83,48,-8,82
6386220,6,75,6,76
6386730,31,66,1,75
6387240,45,57,2,73
6387750,27,82,-4,77
6388260,94,73,1,76
6388770,17,74,3,73
6389280,20,65,0,73
6389790,87,56,-10,83
6390300,10,57,6,77
6390810,35,48,-1,78
6391320,17,16,-7,85
6391830,36,29,7,78
6392340,47,40,3,75
6392850,29,51,-4,79
6393360,97,42,-1,80
6393870,20,69,3,77
6394380,87,60,-2,79
6394890,10,61,6,73
6395400,35,81,-5,78
6395910,40,72,4,74
6396420,45,63,2,72
6396930,27,64,-1,73
6397440,46,55,-3,76
6397950,28,17,-2,78
6398460,43,28,2,76
6398970,68,39,-4,80
6399480,93,66,-4,84
6399990,16,93,4,80
6400500,27,84,4,76
6401010,30,75,-2,78
6401520,35,66,3,75
6402030,40,57,-8,83
6402540,22,48,-4,87
6403050,50,39,7,80
6403560,75,50,-9,89
6404070,100,46,15,74
6404580,23,73,-6,80
6405090,26,64,3,77
6405600,54,55,5,72
6406110,36,82,-6,78
6406620,41,73,2,76
6407130,55,74,-2,78
6407640,37,10,4,74
6408150,44,20,-3,77
6408660,69,30,-3,80
6409170,94,57,0,80
6409680,17,84,4,76
6410190,28,75,6,70
6410700,95,66,-9,79
6411210,18,93,3,76
6411720,29,84,8,68
6412230,32,85,-5,73
6412740,11,76,-2,75
6413250,36,67,-2,77
6413760,50,58,1,76
6414270,32,85,-1,77
6414780,35,76,7,70
6415290,40,67,-6,76
6415800,22,58,-3,79
6416310,50,49,-4,83
6416820,32,59,13,70
6417330,37,50,-3,73
6417840,19,41,-7,80
6418350,47,32,3,77
6418860,72,48,-2,79
6419370,97,49,4,75
6419880,20,76,2,73
6420390,87,67,-4,77
6420900,10,68,-1,78
6421410,35,59,2,76
6421920,40,50,1,75
6422430,22,41,-4,79
6422940,90,32,2,77
6423450,13,59,-3,80
6423960,38,50,7,73
6424470,20,41,-6,79
6424980,48,50,6,73
6425490,30,12,1,72
6426000,45,28,-10,82
6426510,70,44,5,77
6427020,95,71,-2,79
6427530,18,98,-2,81
6428040,29,89,6,75
6428550,34,80,-1,76
6429060,39,71,-2,78
6429570,44,62,1,77
6430080,26,100,4,73
6430590,37,7,-1,74
6431100,101,17,-1,75
6431610,75,27,-9,84
6432120,100,54,4,80
6432630,23,81,11,69
6433140,26,72,-10,79
6433650,29,63,9,70
6434160,34,54,-9,79
6434670,48,45,-1,80
6435180,30,46,5,75
6435690,82,37,-4,79
6436200,5,64,5,74
6436710,30,55,-7,81
6437220,98,46,6,75
6437730,21,73,-1,76
6438240,24,93,3,73
6438750,35,84,-4,77
6439260,40,75,3,74
6439770,45,66,1,73
6440280,27,93,-5,78
6440790,30,21,0,78
6441300,41,32,2,76
6441810,66,43,-3,79
6442320,91,44,5,74
6442830,14,33,-7,81
6443340,42,46,5,76
6443850,24,73,-8,84
6444360,27,64,6,78
6444870,30,55,7,71
6445380,58,56,-13,84
6445890,40,66,8,76
6446400,45,93,-5,81
6446910,50,94,-2,83
6447420,55,30,6,77
6447930,80,46,-2,79
6448440,3,73,2,77
6448950,28,93,2,75
6449460,31,1,-1,76
6449970,55,11,-1,77
6450480,29,21,-5,82
6450990,44,32,2,80
6451500,69,43,3,77
6452010,94,70,-6,83
6452520,6,97,-1,84
6453030,31,28,-2,86
6453540,46,39,13,73
6454050,61,1,-9,82
6454560,37,20,5,77
6455070,62,31,-4,81
6455580,87,47,0,81
6456090,10,74,7,74
6456600,35,94,-2,76
6457110,38,2,1,75
6457620,14,12,-13,88
6458130,58,23,11,77
6458640,83,33,-2,79
6459150,6,60,5,74
6459660,31,80,-1,75
6460170,34,90,2,73
6460680,39,100,2,71
6461190,44,8,-7,78
6461700,51,18,1,77
6462210,76,28,-4,81
6462720,101,55,2,79
6463230,24,82,2,77
6463740,27,9,-4,81
6464250,42,34,-1,82
6464760,53,45,0,82
6465270,76,56,3,79
6465780,101,57,5,74
6466290,24,71,1,73
6466800,27,62,1,72
6467310,30,63,1,71
6467820,35,64,0,71
6468330,38,65,-4,75
6468840,4,66,0,75
6469350,29,16,-6,81
6469860,36,27,3,78
6470370,46,38,3,75
6470880,28,49,-2,77
6471390,96,58,6,71
6471900,19,85,-6,77
6472410,26,28,-6,83
6472920,45,39,3,80
6473430,27,50,8,72
6473940,95,59,-3,75
6474450,18,86,-2,77
6474960,25,87,8,69
6475470,28,88,-3,72
6475980,31,89,-2,74
6476490,50,90,-3,77
6477000,55,15,-8,85
6477510,62,25,5,80
6478020,87,52,-5,85
6478530,10,79,4,81
6479040,35,70,12,69
6479550,40,71,-2,71
6480060,45,72,-3,74
6480570,27,8,-3,77
6481080,42,18,3,74
6481590,49,29,-5,79
6482100,74,40,1,78
6482610,99,67,5,73
6483120,22,94,-6,79
6483630,33,95,6,73
6484140,14,96,-4,77
6484650,30,24,-4,81
6485160,69,35,3,78
6485670,94,62,-6,84
6486180,17,89,13,71
6486690,24,90,-3,74
6487200,12,18,-5,79
6487710,64,15,1,78
6488220,38,25,-1,79
6488730,63,36,0,79
6489240,88,63,0,79
6489750,11,90,-2,81
6490260,27,91,6,75
6490770,30,19,-4,79
6491280,37,30,0,79
6491790,52,41,-2,81
6492300,83,3,-2,83
6492810,59,22,3,80
6493320,84,49,-3,83
6493830,7,76,11,72
6494340,32,96,0,72
6494850,35,97,-1,73
6495360,38,5,-4,77
6495870,14,32,-3,80
6496380,42,29,4,76
6496890,73,40,-7,83
6497400,98,67,3,80
6497910,21,94,4,76
6498420,28,95,-1,77
6498930,31,23,-6,83
6499440,70,34,4,79
6499950,95,61,2,77
6500460,18,88,-8,85
6500970,25,79,13,72
6501480,28,70,-5,77
6501990,31,61,0,77
6502500,34,71,3,74
6503010,39,72,1,73
6503520,21,99,-5,78
6504030,28,27,-4,82
6504540,80,38,2,80
6505050,3,65,4,76
6505560,28,17,-4,80
6506070,43,28,4,76
6506580,74,39,-4,80
6507090,99,7,-1,81
6507600,75,17,-4,85
6508110,82,27,2,83
6508620,5,54,7,76
6509130,30,45,-3,79
6509640,82,63,-8,87
6510150,8,64,7,80
6510660,33,55,8,72
6511170,101,82,-8,80
6511680,22,7,2,78
6512190,25,18,-3,81
6512700,44,29,4,77
6513210,69,40,5,72
6513720,94,67,-9,81
6514230,20,94,5,76
6514740,31,22,0,76
6515250,62,33,-4,80
6515760,87,60,3,77
6516270,0,87,-6,83
6516780,25,78,13,70
6517290,28,3,0,70
6517800,35,13,-8,78
6518310,42,23,-4,82
6518820,49,34,2,80
6519330,80,45,-3,83
6519840,3,72,1,82
6520350,28,22,-4,86
6520860,67,33,12,74
6521370,92,60,-8,82
6521880,5,87,3,79
6522390,30,37,-5,84
6522900,82,48,5,79
6523410,5,75,1,78
6523920,30,66,5,73
6524430,35,67,-2,75
6524940,1,94,-6,81
6525450,26,25,-5,86
6525960,45,36,10,76
6526470,27,47,1,75
6526980,95,63,-1,76
6527490,24,90,4,72
6528000,31,18,-3,75
6528510,38,29,-3,78
6529020,20,40,-5,83
6529530,54,51,8,75
6530040,36,13,1,74
6530550,43,23,-2,76
6531060,68,34,-5,81
6531570,93,61,3,78
6532080,6,88,-3,81
6532590,31,38,0,81
6533100,13,49,5,76
6533610,41,40,-5,81
6534120,23,51,7,74
6534630,91,60,-9,83
6535140,4,87,6,77
6535650,40,37,1,76
6536160,22,48,-4,80
6536670,50,57,6,74
6537180,32,95,2,72
6537690,1,3,-10,82
6538200,12,16,2,80
6538710,31,22,0,80
6539220,70,33,10,70
6539730,95,60,-8,78
6540240,18,87,-1,79
6540750,62,15,-2,81
6541260,38,25,4,77
6541770,49,36,-1,78
6542280,80,47,1,77
6542790,3,74,2,75
6543300,28,24,-5,80
6543810,64,35,1,79
6544320,89,46,-9,88
6544830,12,73,12,76
6545340,28,23,-8,84
6545850,67,34,5,79
6546360,92,50,1,78
6546870,15,77,0,78
6547380,26,97,2,76
6547890,37,25,-6,82
6548400,48,36,5,77
6548910,59,47,0,77
6549420,90,58,-3,80
6549930,3,85,1,79
6550440,28,35,2,77
6550950,80,46,-3,80
6551460,3,73,-1,81
6551970,28,23,-8,89
6552480,47,34,17,72
6552990,78,45,-12,84
6553500,1,72,13,71
6554010,26,22,-18,89
6554520,45,33,15,74
6555030,76,44,-5,79
6555540,101,71,4,75
6556050,30,98,1,74
6556560,33,53,-4,78
6557070,101,53,7,71
6557580,24,80,-5,76
6558090,27,71,2,74
6558600,92,80,-8,82
6559110,13,5,2,80
6559620,70,16,0,80
6560130,77,96,-3,83
6560640,59,21,-2,85
6561150,66,48,6,79
6561660,97,49,5,74
6562170,20,76,5,69
6562680,31,85,-3,72
6563190,12,10,-7,79
6563700,51,21,3,76
6564210,76,32,-7,83
6564720,101,59,3,80
6565230,24,86,7,73
6565740,27,14,-4,77
6566250,42,25,-7,84
6566760,67,36,5,79
6567270,92,63,2,77
6567780,5,90,-7,84
6568290,30,40,4,80
6568800,98,51,3,77
6569310,21,78,2,75
6569820,88,87,-1,76
6570330,9,23,-2,78
6570840,37,29,0,78
6571350,68,40,-6,84
6571860,93,51,4,80
6572370,16,78,4,76
6572880,23,69,-8,84
6573390,51,60,10,74
6573900,33,87,3,71
6574410,36,59,-7,78
6574920,18,97,1,77
6575430,29,52,8,69
6575940,10,61,-2,71
6576450,26,70,-7,78
6576960,29,79,9,69
6577470,10,4,-8,77
6577980,49,15,3,74
6578490,56,25,-6,80
6579000,67,41,-3,83
6579510,52,32,0,83
6580020,77,43,2,81
6580530,0,70,6,75
6581040,25,61,-1,76
6581550,93,70,-1,77
6582060,22,97,-3,80
6582570,33,25,-4,84
6583080,97,36,1,83
6583590,20,63,8,75
6584100,46,72,4,71
6584610,28,99,-6,77
6585120,39,27,3,74
6585630,50,38,-7,81
6586140,32,49,3,78
6586650,14,60,4,74
6587160,30,51,-7,81
6587670,58,60,7,74
6588180,40,87,-1,75
6588690,21,23,-6,81
6589200,73,34,-2,83
6589710,98,61,10,73
6590220,21,88,0,73
6590730,32,16,-8,81
6591240,43,27,0,81
6591750,54,38,1,80
6592260,85,49,0,80
6592770,8,76,-3,83
6593280,24,67,10,73
6593790,91,76,-9,82
6594300,12,77,8,74
6594810,37,86,-1,75
6595320,18,96,1,74
6595830,29,87,2,72
6596340,10,78,-7,79
6596850,26,69,-7,86
6597360,52,79,6,80
6597870,34,4,5,75
6598380,98,14,-7,82
6598890,11,24,-2,84
6599400,39,37,2,82
6599910,70,48,7,75
6600420,101,75,3,72
6600930,30,0,-3,75
6601440,87,10,-7,82
6601950,63,20,1,81
6602460,31,31,3,78
6602970,13,42,-1,79
6603480,41,51,1,78
6603990,23,60,-1,79
6604500,49,51,2,77
6605010,31,62,-2,79
6605520,98,71,-4,83
6606030,11,98,3,80
6606540,27,48,1,79
6607050,95,57,-2,81
6607560,18,84,7,74
6608070,25,34,-4,78
6608580,77,45,3,75
6609090,0,72,3,72
6609600,16,81,4,68
6610110,23,31,-18,86
6610620,91,42,9,77
6611130,14,69,4,73
6611640,21,60,-1,74
6612150,98,69,-5,79
6612660,27,96,6,73
6613170,94,24,-12,85
6613680,7,51,10,75
6614190,23,60,-4,79
6614700,49,69,3,76
6615210,31,96,4,72
6615720,34,24,-7,79
6616230,65,35,0,79
6616740,90,46,-3,82
6617250,13,73,2,80
6617760,24,64,3,77
6618270,91,73,-2,79
6618780,12,74,1,78
6619290,28,65,5,73
6619800,95,74,-5,78
6620310,16,101,2,76
6620820,101,51,3,73
6621330,24,78,-1,74
6621840,12,67,3,71
6622350,19,58,-5,76
6622860,47,67,1,75
6623370,29,3,0,75
6623880,93,13,-4,79
6624390,69,23,-5,84
6624900,84,50,6,78
6625410,7,92,-1,79
6625920,23,42,2,77
6626430,91,51,0,77
6626940,14,78,4,73
6627450,21,97,-10,83
6627960,32,25,1,82
6628470,83,36,-3,85
6628980,6,63,8,77
6629490,22,72,-1,78
6630000,86,63,-10,88
6630510,101,64,11,77
6631020,14,91,2,75
6631530,25,82,0,75
6632040,13,73,0,75
6632550,20,23,-7,82
6633060,72,34,5,77
6633570,97,61,0,77
6634080,26,88,4,73
6634590,93,16,-5,78
6635100,6,26,-4,82
6635610,34,39,7,75
6636120,16,50,-5,80
6636630,44,41,-1,81
6637140,26,52,5,76
6637650,0,61,2,74
6638160,16,11,-8,82
6638670,55,22,4,78
6639180,80,32,1,77
6639690,3,59,2,75
6640200,19,68,4,71
6640710,7,59,-1,72
6641220,23,40,-9,81
6641730,75,51,5,76
6642240,4,78,-3,79
6642750,20,28,-10,89
6643260,48,39,9,80
6643770,79,50,-5,85
6644280,8,69,7,78
6644790,24,60,-5,83
6645300,50,70,6,77
6645810,32,6,2,75
6646320,96,16,-5,80
6646830,1,26,-3,83
6647340,29,39,1,82
6647850,81,50,-1,83
6648360,10,77,8,75
6648870,26,68,-4,79
6649380,93,59,6,73
6649890,22,86,-3,76
6650400,89,77,-9,85
6650910,10,78,9,76
6651420,26,83,2,74
6651930,29,84,-3,77
6652440,32,75,-1,78
6652950,13,66,5,73
6653460,20,75,-5,78
6653970,24,84,9,69
6654480,91,93,-19,88
6654990,12,18,9,79
6655500,56,24,-2,81
6656010,63,43,5,76
6656520,94,44,-7,83
6657030,17,71,7,76
6657540,24,62,1,75
6658050,91,71,-7,82
6658560,20,72,9,73
6659070,23,63,0,73
6659580,26,54,-8,81
6660090,21,63,2,79
6660600,98,54,2,77
6661110,19,81,-3,80
6661620,30,72,8,72
6662130,97,63,-5,77
6662640,26,90,8,69
6663150,93,18,-14,83
6663660,6,28,-3,86
6664170,34,34,6,80
6664680,16,45,4,76
6665190,19,54,-5,81
6665700,14,45,0,81
6666210,9,54,5,76
6666720,25,4,-7,83
6667230,82,15,0,83
6667740,97,30,-1,84
6668250,10,57,6,78
6668760,26,7,-1,79
6669270,41,17,2,77
6669780,48,28,-3,80
6670290,79,39,-2,82
6670800,2,66,9,73
6671310,18,16,-11,84
6671820,57,27,8,76
6672330,82,38,-2,78
6672840,5,65,-1,79
6673350,21,56,2,77
6673860,47,66,0,77
6674370,29,2,5,72
6674880,93,12,-9,81
6675390,69,22,0,81
6675900,84,32,1,80
6676410,7,59,3,77
6676920,23,50,1,76
6677430,18,59,0,76
6677940,46,50,3,73
6678450,28,77,-4,77
6678960,31,68,7,70
6679470,98,59,-3,73
6679980,19,86,-4,77
6680490,26,29,-2,79
6681000,8,40,-4,83
6681510,36,53,6,77
6682020,18,64,-2,79
6682530,21,55,-2,81
6683040,60,46,2,79
6683550,83,57,2,77
6684060,12,58,-1,78
6684570,23,49,-2,80
6685080,91,58,1,79
6685590,20,85,5,74
6686100,31,76,1,73
6686610,12,67,0,73
6687120,28,17,-4,77
6687630,43,28,-7,84
6688140,74,39,5,79
6688650,99,66,1,78
6689160,28,93,6,72
6689670,95,21,-7,79
6690180,8,48,-2,81
6690690,36,39,9,72
6691200,18,50,-9,81
6691710,44,41,2,79
6692220,26,52,1,78
6692730,21,61,2,76
6693240,47,52,-1,77
6693750,29,61,1,76
6694260,96,52,-1,77
6694770,19,79,2,75
6695280,86,70,-6,81
6695790,15,71,8,73
6696300,26,62,-2,75
6696810,52,53,-6,81
6697320,34,64,4,77
6697830,15,55,0,77
6698340,43,46,5,72
6698850,25,57,-3,75
6699360,38,48,3,72
6699870,20,95,-1,73
6700380,3,23,-9,82
6700890,14,29,3,79
6701400,42,35,7,72
6701910,24,46,-9,81
6702420,92,55,5,76
6702930,21,82,5,71
6703440,32,73,-5,76
6703950,13,64,-4,80
6704460,29,55,4,76
6704970,97,64,1,75
6705480,26,91,5,70
6705990,93,19,-9,79
6706500,6,46,4,75
6707010,22,37,0,75
6707520,90,48,-5,80
6708030,13,75,3,77
6708540,24,66,-5,82
6709050,27,57,2,80
6709560,95,48,-2,82
6710070,18,75,9,73
6710580,25,66,1,72
6711090,92,57,-10,82
6711600,5,84,0,82
6712110,21,75,8,74
6712620,24,66,-1,75
6713130,27,57,-4,79
6713640,95,48,4,75
6714150,18,75,4,71
6714660,85,66,-10,81
6715170,14,67,6,75
6715680,21,58,-9,84
6716190,65,49,3,81
6716700,96,50,3,78
6717210,19,77,5,73
6717720,83,68,-12,85
6718230,12,69,9,76
6718740,28,60,0,76
6719250,31,51,-5,81
6719760,99,42,3,78
6720270,22,69,11,67
6720780,89,60,-14,81
6721290,2,87,0,81
6721800,18,37,0,81
6722310,13,43,0,81
6722820,41,34,7,74
6723330,22,45,-7,81
6723840,90,51,-1,82
6724350,3,78,4,78
6724860,19,28,-6,84
6725370,72,34,6,78
6725880,97,61,3,75
6726390,10,88,-3,78
6726900,55,38,-1,79
6727410,86,49,-3,82
6727920,101,76,-1,83
6728430,14,77,12,71
6728940,25,68,0,71
6729450,28,59,-1,72
6729960,73,50,-13,85
6730470,2,51,10,75
6730980,24,42,-3,78
6731490,92,48,-2,80
6732000,5,75,10,70
6732510,21,25,-17,87
6733020,73,36,8,79
6733530,98,63,3,76
6734040,27,90,0,76
6734550,30,18,1,75
6735060,45,29,-1,76
6735570,76,40,-4,80
6736080,91,67,-5,85
6736590,4,68,6,79
6737100,29,59,3,76
6737610,32,50,-4,80
6738120,100,41,2,78
6738630,23,68,8,70
6739140,90,59,-14,84
6739650,3,60,5,79
6740160,28,51,-7,86
6740670,96,57,10,76
6741180,19,84,-1,77
6741690,86,75,-9,86
6742200,101,76,7,79
6742710,14,77,10,69
6743220,25,27,-18,87
6743730,77,38,3,84
6744240,0,65,9,75
6744750,29,15,-1,76
6745260,44,26,2,74
6745770,55,37,-9,83
6746280,86,48,-3,86
6746790,101,75,6,80
6747300,14,76,2,78
6747810,25,26,-6,84
6748320,77,37,5,79
6748830,0,64,2,77
6749340,25,14,-6,83
6749850,40,25,4,79
6750360,51,36,4,75
6750870,82,37,-6,81
6751380,5,80,2,79
6751890,20,30,-4,83
6752400,72,41,-4,87
6752910,87,52,4,83
6753420,0,79,10,73
6753930,45,92,-2,75
6754440,26,93,-3,78
6754950,93,21,-5,83
6755460,6,48,6,77
6755970,31,39,-5,82
6756480,83,50,1,81
6756990,98,77,6,75
6757500,11,78,-4,79
6758010,22,28,-2,81
6758520,74,39,-4,85
6759030,99,66,7,78
6759540,28,93,4,74
6760050,95,21,-10,84
6760560,8,48,7,77
6761070,19,39,-4,81
6761580,14,52,-1,82
6762090,9,43,-2,84
6762600,31,34,-2,86
6763110,83,45,7,79
6763620,6,72,3,76
6764130,31,22,-7,83
6764640,95,33,2,81
6765150,18,60,7,74
6765660,82,51,-7,81
6766170,97,78,0,81
6766680,26,79,9,72
6767190,71,70,-12,84
6767700,94,35,2,82
6768210,17,62,10,72
6768720,20,53,-7,79
6769230,15,44,1,78
6769740,43,35,5,73
6770250,25,46,-4,77
6770760,93,57,-8,85
6771270,6,84,10,75
6771780,51,75,-2,77
6772290,33,11,-5,82
6772800,40,22,11,71
6773310,51,33,-14,85
6773820,82,44,6,79
6774330,5,71,0,79
6774840,30,21,1,78
6775350,94,32,0,78
6775860,17,59,-2,80
6776370,20,50,0,80
6776880,54,41,0,80
6777390,85,52,0,80
6777900,14,79,3,77
6778410,21,70,2,75
6778920,24,71,1,74
6779430,91,62,-11,85
6779940,4,63,2,83
6780450,29,13,3,80
6780960,44,24,2,78
6781470,75,35,-1,79
6781980,100,62,3,76
6782490,29,89,-2,78
6783000,93,17,-8,86
6783510,6,44,10,76
6784020,22,35,-10,86
6784530,74,46,3,83
6785040,3,47,5,78
6785550,28,38,-6,84
6786060,10,49,1,83
6786570,38,40,3,80
6787080,20,51,7,73
6787590,88,52,-8,81
6788100,1,79,1,80
6788610,26,92,7,73
6789120,93,20,-12,85
6789630,6,30,3,82
6790140,34,43,8,74
6790650,16,56,0,74
6791160,19,47,-5,79
6791670,71,60,-7,86
6792180,0,61,7,79
6792690,25,11,0,79
6793200,40,22,1,78
6793710,55,33,-5,83
6794220,80,44,10,73
6794730,3,71,-9,82
6795240,28,21,-2,84
6795750,43,90,13,71
6796260,24,91,-4,75
6796770,91,19,-10,85
6797280,4,46,8,77
6797790,29,37,-1,78
6798300,11,48,-1,79
6798810,39,39,3,76
6799320,21,50,-8,84
6799830,55,63,4,80
6800340,37,93,4,76
6800850,18,94,-4,80
6801360,29,49,1,79
6801870,97,62,1,78
6802380,26,89,4,74
6802890,93,90,-14,88
6803400,14,18,3,85
6803910,48,29,4,81
6804420,59,40,-2,83
6804930,90,51,1,82
6805440,3,78,6,76
6805950,28,91,6,70
6806460,95,92,-16,86
6806970,16,57,10,76
6807480,19,48,-3,79
6807990,14,61,-1,80
6808500,78,52,-4,84
6809010,7,53,4,80
6809520,32,3,8,72
6810030,8,13,-18,90
6810540,19,26,10,80
6811050,53,37,0,80
6811560,84,48,0,80
6812070,7,75,6,74
6812580,32,66,-4,78
6813090,66,67,2,76
6813600,89,29,-7,83
6814110,12,56,1,82
6814620,37,47,7,75
6815130,3,58,-3,78
6815640,28,8,-6,84
6816150,29,19,7,77
6816660,40,30,-3,80
6817170,71,41,4,76
6817680,96,42,-7,83
6818190,19,69,7,76
6818700,83,60,-6,82
6819210,98,61,4,78
6819720,7,88,-6,84
6820230,32,38,6,78
6820740,14,49,-6,84
6821250,42,40,5,79
6821760,24,51,4,75
6822270,58,60,-3,78
6822780,40,25,-4,82
6823290,51,36,2,80
6823800,82,47,-5,85
6824310,5,74,4,81
6824820,30,87,10,71
6825330,97,88,-9,80
6825840,18,89,4,76
6826350,29,90,5,71
6826860,96,45,-9,80
6827370,19,72,5,75
6827880,83,73,-11,86
6828390,9,74,12,74
6828900,34,24,-8,82
6829410,49,35,-3,85
6829920,80,46,8,77
6830430,3,73,1,76
6830940,28,23,-7,83
6831450,92,34,4,79
6831960,15,61,1,78
6832470,43,52,2,76
6832980,25,63,7,69
6833490,92,54,-13,82
6834000,5,81,4,78
6834510,30,31,-3,81
6835020,98,42,7,74
6835530,21,69,1,73
6836040,88,70,-8,81
6836550,14,71,5,76
6837060,39,62,5,71
6837570,21,34,-7,78
6838080,89,47,-5,83
6838590,12,74,13,70
6839100,23,24,-10,80
6839610,57,35,2,78
6840120,68,46,-7,85
6840630,99,57,9,76
6841140,54,84,-5,81
6841650,36,85,1,80
6842160,1,76,3,77
6842670,26,89,4,73
6843180,90,90,-12,85
6843690,16,18,8,77
6844200,50,31,0,77
6844710,61,42,-2,79
6845220,92,53,-3,82
6845730,5,80,2,80
6846240,16,93,5,75
6846750,27,43,-4,79
6847260,91,56,2,77
6847770,14,83,1,76
6848280,25,33,-3,79
6848790,89,44,-3,82
6849300,12,57,6,76
6849810,23,7,-1,77
6850320,87,18,-8,85
6850830,0,45,12,73
6851340,25,36,-7,80
6851850,93,38,3,77
6852360,16,65,1,76
6852870,27,56,3,73
6853380,92,57,-8,81
6853890,1,84,3,78
6854400,12,97,2,76
6854910,97,47,-2,78
6855420,20,74,7,71
6855930,84,24,-13,84
6856440,7,51,4,80
6856950,35,42,0,80
6857460,99,53,5,75
6857970,22,80,-1,76
6858480,86,71,-11,87
6858990,12,72,8,79
6859500,23,22,-6,85
6860010,57,33,2,83
6860520,68,44,-1,84
6861030,79,63,2,82
6861540,8,64,3,79
6862050,33,4,4,75
6862560,9,14,-8,83
6863070,20,27,-5,88
6863580,54,38,10,78
6864090,65,49,-4,82
6864600,96,60,2,80
6865110,57,87,-3,83
6865620,39,88,13,70
6866130,20,89,-11,81
6866640,84,39,-1,82
6867150,7,66,8,74
6867660,32,16,-1,75
6868170,43,27,-12,87
6868680,54,38,3,84
6869190,65,49,3,81
6869700,96,60,5,76
6870210,5,87,-4,80
6870720,86,37,1,79
6871230,9,64,7,72
6871740,20,14,-8,80
6872250,84,25,-2,82
6872760,99,52,6,76
6873270,22,79,2,74
6873780,86,70,-6,80
6874290,15,71,4,76
6874800,26,62,2,74
6875310,90,53,-7,81
6875820,3,80,1,80
6876330,14,93,1,79
6876840,25,43,0,79
6877350,59,56,6,73
6877860,41,18,-3,76
6878370,52,29,-5,81
6878880,77,40,-6,87
6879390,0,59,13,74
6879900,25,50,2,72
6880410,89,59,-13,85
6880920,100,60,7,78
6881430,23,87,-1,79
6881940,87,42,-1,80
6882450,10,69,7,73
6882960,21,19,-7,80
6883470,60,30,-2,82
6883980,85,49,2,80
6884490,96,76,1,79
6885000,25,77,9,70
6885510,89,78,-11,81
6886020,18,79,7,74
6886530,82,29,-9,83
6887040,5,56,1,82
6887550,21,47,5,77
6888060,85,60,-8,85
6888570,96,61,4,81
6889080,9,88,6,75
6889590,90,38,-9,84
6890100,13,65,6,78
6890610,24,56,-2,80
6891120,88,47,1,79
6891630,11,74,4,75
6892140,92,24,-14,89
6892650,5,51,12,77
6893160,21,42,-2,79
6893670,55,55,0,79
6894180,78,17,-4,83
6894690,93,44,3,80
6895200,16,71,7,73
6895710,80,62,-16,89
6896220,6,63,12,77
6896730,22,54,-1,78
6897240,56,45,-1,79
6897750,87,7,0,79
6898260,10,26,-3,82
6898770,38,85,9,73
6899280,1,76,-6,79
6899790,17,73,4,75
6900300,81,64,-8,83
6900810,10,65,8,75
6901320,26,15,1,74
6901830,41,26,-9,83
6902340,41,37,0,83
6902850,3,48,4,79
6903360,31,39,-2,81
6903870,83,50,2,79
6904380,12,77,8,71
6904890,76,27,-9,80
6905400,101,54,-2,82
6905910,24,81,7,75
6906420,88,36,-10,85
6906930,11,63,13,72
6907440,92,13,-14,86
6907950,68,32,5,81
6908460,93,51,3,78
6908970,16,78,-1,79
6909480,27,69,-2,81
6909990,91,60,2,79
6910500,20,61,5,74
6911010,84,52,-2,76
6911520,13,79,-1,77
6912030,77,70,-9,86
6912540,100,32,2,84
6913050,23,59,8,76
6913560,51,14,-4,80
6914070,27,33,5,75
6914580,9,44,-11,86
6915090,37,57,7,79
6915600,19,29,0,79
6916110,71,40,-3,82
6916620,96,51,2,80
6917130,19,78,0,80
6917640,83,69,-3,83
6918150,12,70,11,72
6918660,23,11,-11,83
6919170,65,22,7,76
6919680,90,49,-8,84
6920190,13,76,13,71
6920700,24,26,-13,84
6921210,52,37,5,79
6921720,83,48,0,79
6922230,6,75,3,76
6922740,22,66,1,75
6923250,86,86,-7,82
6923760,7,14,3,79
6924270,35,27,4,75
6924780,17,38,-6,81
6925290,45,44,8,73
6925800,27,55,-3,76
6926310,95,68,-8,84
6926820,24,69,12,72
6927330,50,60,-5,77
6927840,32,90,5,72
6928350,97,45,-8,80
6928860,20,72,6,74
6929370,84,63,-11,85
6929880,13,64,10,75
6930390,29,55,-5,80
6930900,97,61,-2,82
6931410,9,88,8,74
6931920,90,38,-10,84
6932430,13,65,13,71
6932940,77,56,-11,82
6933450,6,57,4,78
6933960,22,48,2,76
6934470,90,61,-7,83
6934980,19,62,10,73
6935490,100,53,-7,80
6936000,23,80,8,72
6936510,87,71,-13,85
6937020,16,72,9,76
6937530,97,63,-8,84
6938040,9,90,8,76
6938550,90,45,-6,82
6939060,13,72,7,75
6939570,29,63,-6,81
6940080,63,35,5,76
6940590,88,54,2,74
6941100,17,81,-2,76
6941610,28,72,2,74
6942120,93,63,-6,80
6942630,22,90,5,75
6943140,33,18,-2,77
6943650,97,29,-7,84
6944160,20,56,9,75
6944670,46,47,-11,86
6945180,74,58,6,80
6945690,3,59,4,76
6946200,19,50,4,72
6946710,45,41,-10,82
6947220,62,52,4,78
6947730,93,17,-6,84
6948240,6,27,0,84
6948750,34,40,7,77
6949260,16,51,-4,81
6949770,44,42,1,80
6950280,26,53,7,73
6950790,91,25,-8,81
6951300,14,52,1,80
6951810,42,43,3,77
6952320,24,54,-1,78
6952830,92,45,-6,84
6953340,15,72,4,80
6953850,31,63,4,76
6954360,96,35,-7,83
6954870,19,62,4,79
6955380,47,53,0,79
6955890,29,64,6,73
6956400,32,55,-4,77
6956910,100,46,6,71
6957420,23,73,1,70
6957930,26,64,-4,74
6958440,29,36,-5,79
6958950,81,47,-2,81
6959460,4,66,7,74
6959970,20,57,-1,75
6960480,23,48,-8,83
6960990,57,54,4,79
6961500,39,16,8,71
6962010,46,27,-6,77
6962520,77,38,-7,84
6963030,0,65,11,73
6963540,16,56,-6,79
6964050,44,47,3,76
6964560,26,12,-6,82
6965070,90,23,4,78
6965580,3,50,0,78
6966090,19,41,-1,79
6966600,87,54,-5,84
6967110,16,81,7,77
6967620,27,72,2,75
6968130,30,63,3,72
6968640,95,35,-14,86
6969150,18,62,12,74
6969660,21,53,-4,78
6970170,24,44,1,77
6970680,92,50,-6,83
6971190,15,77,10,73
6971700,26,68,-2,75
6972210,29,59,-2,77
6972720,94,31,-4,81
6973230,17,58,3,78
6973740,45,49,6,72
6974250,27,14,-8,80
6974760,91,25,0,80
6975270,4,52,10,70
6975780,20,43,-9,79
6976290,54,49,-2,81
6976800,36,60,5,76
6977310,18,32,-7,83
6977820,46,38,2,81
6978330,28,49,1,80
6978840,96,84,-4,84
6979350,8,46,8,76
6979860,36,37,-2,78
6980370,18,48,-2,80
6980880,46,39,2,78
6981390,28,50,5,73
6981900,96,22,-5,78
6982410,9,49,1,77
6982920,37,40,-6,83
6983430,3,51,10,73
6983940,19,42,-3,76
6984450,87,48,-3,79
6984960,10,75,4,75
6985470,26,66,-5,80
6985980,54,57,4,76
6986490,36,19,-4,80
6987000,47,30,4,76
6987510,78,41,-7,83
6988020,1,60,10,73
6988530,17,51,1,72
6989040,45,42,-6,78
6989550,27,53,-4,82
6990060,61,44,-1,83
6990570,92,55,4,79
6991080,4,82,-4,83
6991590,20,79,6,77
6992100,87,70,-3,80
6992610,101,71,0,80
6993120,13,98,4,76
6993630,94,26,-9,85
6994140,7,53,8,77
6994650,23,44,-1,78
6995160,57,50,-3,81
6995670,39,15,2,79
6996180,46,26,3,76
6996690,77,37,-2,78
6997200,0,64,3,75
6997710,16,55,2,73
6998220,97,46,-5,78
6998730,20,73,-1,79
6999240,84,64,-8,87
6999750,98,65,11,76
7000260,27,92,0,76
7000770,94,20,-7,83
7001280,7,30,4,79
7001790,35,36,-6,85
7002300,1,47,8,77
7002810,29,38,3,74
7003320,89,49,-9,83
7003830,12,76,10,73
7004340,28,67,0,73
7004850,31,58,-4,77
7005360,99,30,-6,83
7005870,22,57,6,77
7006380,1,48,-3,80
7006890,29,39,-10,90
7007400,63,50,12,78
7007910,94,15,-5,83
7008420,70,25,-1,84
7008930,29,52,13,71
7009440,97,24,-11,82
7009950,20,34,-2,84
7010460,48,40,6,78
7010970,9,51,1,77
7011480,25,42,-5,82
7011990,93,48,6,76
7012500,16,75,5,71
7013010,97,66,-11,82
7013520,9,93,4,78
7014030,90,21,-7,85
7014540,3,48,8,77
7015050,31,39,1,76
7015560,13,50,0,76
7016070,41,41,-6,82
7016580,23,52,4,78
7017090,51,43,-3,81
7017600,33,54,5,76
7018110,15,26,-2,78
7018620,43,32,-2,80
7019130,74,43,-1,81
7019640,99,70,0,81
7020150,11,97,8,73
7020660,92,25,-7,80
7021170,15,52,2,78
7021680,43,43,1,77
7022190,25,54,4,73
7022700,93,60,-3,76
7023210,5,87,0,76
7023720,86,15,-9,85
7024230,101,25,5,80
7024740,24,35,1,79
7025250,58,46,-7,86
7025760,89,57,5,81
7026270,1,84,3,78
7026780,82,81,-9,87
7027290,8,46,6,81
7027800,36,37,4,77
7028310,18,48,-3,80
7028820,99,54,1,79
7029330,22,81,4,75
7029840,101,9,-8,83
7030350,77,19,-1,84
7030860,92,46,9,75
7031370,15,73,2,73
7031880,18,64,-3,76
7032390,99,55,-2,78
7032900,22,82,7,71
7033410,25,10,-8,79
7033920,26,21,1,78
7034430,65,32,-4,82
7034940,90,38,2,80
7035450,13,65,7,73
7035960,29,56,-9,82
7036470,8,62,3,79
7036980,24,53,0,79
7037490,27,59,-2,81
7038000,61,31,-3,84
7038510,86,42,3,81
7039020,9,69,7,74
7039530,25,60,-7,81
7040040,53,48,0,81
7040550,35,10,4,77
7041060,42,20,1,76
7041570,49,31,-5,81
7042080,80,42,-3,84
7042590,3,69,6,78
7043100,19,60,-4,82
7043610,47,51,7,75
7044120,29,13,-2,77
7044630,40,24,-3,80
7045140,51,35,-3,83
7045650,82,46,3,80
7046160,5,73,9,71
7046670,86,23,-17,88
7047180,101,50,8,80
7047690,24,77,6,74
7048200,1,68,-1,75
7048710,17,18,-2,77
7049220,51,29,4,73
7049730,82,40,-11,84
7050240,5,67,8,76
7050750,86,58,-7,83
7051260,100,59,10,73
7051770,23,86,-3,76
7052280,0,14,-1,77
7052790,11,11,-7,84
7053300,39,22,6,78
7053810,50,33,-4,82
7054320,81,44,-3,85
7054830,4,71,8,77
7055340,85,21,-5,82
7055850,100,48,7,75
7056360,23,75,-2,77
7056870,87,3,-9,86
7057380,63,13,8,78
7057890,39,23,1,77
7058400,50,34,1,76
7058910,61,45,-6,82
7059420,92,56,4,78
7059930,15,83,0,78
7060440,96,74,-5,83
7060950,8,101,2,81
7061460,89,41,2,79
7061970,12,68,4,75
7062480,93,59,-5,80
7062990,5,86,-3,83
7063500,86,83,-5,88
7064010,100,11,8,80
7064520,76,21,-6,86
7065030,101,48,12,74
7065540,24,75,1,73
7066050,88,3,-12,85
7066560,64,13,7,78
7067070,38,23,4,74
7067580,20,34,-9,83
7068090,72,45,4,79
7068600,97,72,2,77
7069110,26,99,0,77
7069620,3,27,-4,81
7070130,31,40,6,75
7070640,13,51,-7,82
7071150,41,42,1,81
7071660,23,53,4,77
7072170,2,59,0,77
7072680,83,9,-6,83
7073190,59,19,6,77
7073700,66,29,3,74
7074210,91,56,-4,78
7074720,3,83,3,75
7075230,15,80,0,75
7075740,26,71,5,70
7076250,29,61,-1,71
7076760,32,91,-6,77
7077270,9,19,-5,82
7077780,43,25,3,79
7078290,43,36,0,79
7078800,25,47,3,76
7079310,59,53,-4,80
7079820,41,64,4,76
7080330,23,35,-16,92
7080840,57,46,12,80
7081350,39,57,6,74
7081860,21,95,1,73
7082370,0,23,-12,85
7082880,81,20,-2,87
7083390,88,47,8,79
7083900,11,74,3,76
7084410,27,2,0,76
7084920,84,12,-6,82
7085430,60,22,7,75
7085940,85,32,-8,83
7086450,8,59,10,73
7086960,24,9,-9,82
7087470,88,20,-2,84
7087980,95,47,6,78
7088490,18,74,0,78
7089000,21,65,2,76
7089510,0,56,-4,80
7090020,16,47,1,79
7090530,97,38,0,79
7091040,20,65,0,79
7091550,101,56,-3,82
7092060,24,83,9,73
7092570,27,11,-5,78
7093080,28,22,-10,88
7093590,62,33,4,84
7094100,87,44,4,80
7094610,10,71,2,78
7095120,26,62,4,74
7095630,29,34,-11,85
7096140,81,45,2,83
7096650,4,72,5,78
7097160,20,22,-2,80
7097670,54,33,-2,82
7098180,85,44,3,79
7098690,38,71,-1,80
7099200,83,16,-1,81
7099710,90,43,0,81
7100220,13,70,9,72
7100730,94,61,-9,81
7101240,6,88,1,80
7101750,87,38,-1,81
7102260,10,65,5,76
7102770,26,15,-7,83
7103280,65,26,4,79
7103790,90,53,2,77
7104300,13,80,0,77
7104810,94,8,-4,81
7105320,70,18,-5,86
7105830,77,45,6,80
7106340,0,72,3,77
7106850,16,69,-2,79
7107360,19,60,5,74
7107870,100,51,-3,77
7108380,23,78,2,75
7108890,26,6,-3,78
7109400,90,17,-6,84
7109910,97,27,5,79
7110420,20,54,-1,80
7110930,101,67,4,76
7111440,13,94,-1,77
7111950,94,43,-5,82
7112460,17,70,8,74
7112970,20,20,-9,83
7113480,54,31,4,79
7113990,79,42,0,79
7114500,2,69,4,75
7115010,18,19,-8,83
7115520,52,30,3,80
7116030,63,41,-4,84
7116540,94,52,2,82
7117050,6,79,3,79
7117560,22,7,1,78
7118070,86,18,-3,81
7118580,93,45,2,79
7119090,16,72,5,74
7119600,19,63,-1,75
7120110,22,61,5,70
7120620,25,91,-3,73
7121130,28,19,-4,77
7121640,62,30,-1,78
7122150,87,46,0,78
7122660,10,73,4,74
7123170,91,64,-10,84
7123680,3,91,4,80
7124190,84,41,-6,86
7124700,7,68,9,77
7125210,88,18,-9,86
7125720,95,45,6,80
7126230,18,72,7,73
7126740,99,0,-5,78
7127250,75,30,-5,83
7127760,100,57,0,83
7128270,12,84,9,74
7128780,93,12,-15,89
7129290,69,22,0,89
7129800,76,49,7,82
7130310,90,76,3,79
7130820,2,77,1,78
7131330,83,27,-13,91
7131840,6,54,12,79
7132350,34,4,7,72
7132860,10,14,-11,83
7133370,44,20,9,74
7133880,35,31,-4,78
7134390,17,42,1,77
7134900,45,55,1,76
7135410,27,82,4,72
7135920,30,10,-2,74
7136430,37,26,-1,75
7136940,40,37,1,74
7137450,22,48,-5,79
7137960,56,94,-3,82
7138470,38,30,2,80
7138980,99,41,0,80
7139490,22,68,7,73
7140000,25,59,-3,76
7140510,28,89,5,71
7141020,21,17,-12,83
7141530,55,28,-3,86
7142040,80,35,4,82
7142550,3,62,5,77
7143060,19,12,-10,87
7143570,22,23,5,82
7144080,56,34,4,78
7144590,87,45,-3,81
7145100,101,72,7,74
7145610,13,99,-3,77
7146120,94,27,-9,86
7146630,17,54,8,78
7147140,98,55,-1,79
7147650,10,82,8,71
7148160,91,10,-12,83
7148670,67,20,4,79
7149180,74,47,0,79
7149690,3,74,-1,80
7150200,84,39,-4,84
7150710,77,66,1,83
7151220,91,67,8,75
7151730,3,94,-7,82
7152240,84,34,-1,83
7152750,7,61,6,77
7153260,23,11,-4,81
7153770,26,22,2,79
7154280,65,33,-1,80
7154790,90,49,0,80
7155300,2,76,1,79
7155810,83,26,-8,87
7156320,6,53,14,73
7156830,22,3,-1,74
7157340,86,28,-9,83
7157850,9,55,3,80
7158360,90,5,-7,87
7158870,66,35,4,83
7159380,91,51,4,79
7159890,3,78,2,77
7160400,84,28,-6,83
7160910,7,55,7,76
7161420,23,5,-6,82
7161930,26,30,-1,83
7162440,60,41,-2,85
7162950,91,57,8,77
7163460,3,84,-1,78
7163970,84,24,-7,85
7164480,7,51,8,77
7164990,88,64,-12,89
7165500,0,91,7,82
7166010,45,31,2,80
7166520,76,42,-5,85
7167030,101,69,11,74
7167540,30,96,-2,76
7168050,33,24,-4,80
7168560,64,35,1,79
7169070,89,51,-1,80
7169580,1,78,-1,81
7170090,46,75,6,75
7170600,28,11,0,75
7171110,35,22,-4,79
7171620,38,33,0,79
7172130,20,44,0,79
7172640,54,60,3,76
7173150,36,87,5,71
7173660,81,15,-9,80
7174170,88,42,-1,81
7174680,11,69,2,79
7175190,27,70,1,78
7175700,30,71,8,70
7176210,33,72,-4,74
7176720,78,73,-11,85
7177230,92,100,4,81
7177740,4,36,-2,83
7178250,32,49,10,73
7178760,14,20,-4,77
7179270,48,17,-11,88
7179780,55,33,10,78
7180290,86,49,-1,79
7180800,9,76,5,74
7181310,90,77,-9,83
7181820,2,78,3,80
7182330,83,79,-2,82
7182840,97,4,0,82
7183350,73,34,-2,84
7183860,98,61,5,79
7184370,10,88,10,69
7184880,91,38,-14,83
7185390,14,65,13,70
7185900,95,66,-15,85
7186410,7,93,2,83
7186920,88,43,2,81
7187430,11,70,10,71
7187940,92,71,-15,86
7188450,4,72,9,77
7188960,85,73,-5,82
7189470,99,74,-1,83
7189980,11,101,1,82
7190490,92,29,1,81
7191000,15,56,1,80
7191510,96,57,1,79
7192020,8,84,-1,80
7192530,89,34,-1,81
7193040,12,61,8,73
7193550,28,62,-4,77
7194060,31,63,4,73
7194570,76,79,-10,83
7195080,58,15,2,81
7195590,34,42,-7,88
7196100,16,39,9,79
7196610,50,45,-1,80
7197120,32,56,4,76
7197630,66,57,-6,82
7198140,97,58,8,74
7198650,20,85,1,73
7199160,99,13,-10,83
7199670,75,23,-3,86
7200180,100,50,9,77
7200690,23,77,4,73
7201200,0,78,-8,81
7201710,45,28,1,80
7202220,70,39,7,73
7202730,95,66,-5,78
7203240,7,26,-1,79
7203750,35,23,-5,84
7204260,69,34,6,78
7204770,94,61,-4,82
7205280,6,88,2,80
7205790,87,38,-2,82
7206300,10,65,6,76
7206810,91,66,-9,85
7207320,3,93,6,79
7207830,48,33,-5,84
7208340,79,49,3,81
7208850,2,76,3,78
7209360,47,26,-4,82
7209870,47,33,-2,84
7210380,29,44,5,79
7210890,63,60,-4,83
7211400,45,61,5,78
7211910,27,32,-4,82
7212420,79,43,3,79
7212930,2,70,4,75
7213440,47,97,-3,78
7213950,29,33,-1,79
7214460,11,30,-9,88
7214970,45,27,11,77
7215480,70,38,-7,84
7215990,95,65,9,75
7216500,18,92,2,73
7217010,99,47,-7,80
7217520,22,74,3,77
7218030,101,2,1,76
7218540,77,32,-2,78
7219050,0,59,2,76
7219560,45,7,-1,77
7220070,53,17,1,76
7220580,78,44,2,74
7221090,1,71,-1,75
7221600,46,21,-5,80
7222110,7,37,1,79
7222620,35,38,8,71
7223130,17,35,-11,82
7223640,98,48,1,81
7224150,21,75,3,78
7224660,85,66,-9,87
7225170,99,67,2,85
7225680,11,94,4,81
7226190,92,22,-9,90
7226700,15,49,4,86
7227210,43,40,11,75
7227720,25,51,-7,82
7228230,59,67,9,73
7228740,41,3,0,73
7229250,17,13,-8,81
7229760,56,19,0,81
7230270,81,29,2,79
7230780,4,56,5,74
7231290,20,57,0,74
7231800,101,58,-4,78
7232310,24,85,5,73
7232820,76,13,-7,80
7233330,52,40,-5,85
7233840,83,51,5,80
7234350,6,78,5,75
7234860,87,79,-8,83
7235370,101,4,-3,86
7235880,77,34,2,84
7236390,0,61,9,75
7236900,16,9,-7,82
7237410,55,15,3,79
7237920,62,42,-5,84
7238430,87,8,6,78
7238940,63,18,1,77
7239450,88,45,-1,78
7239960,11,72,2,76
7240470,92,63,-2,78
7240980,15,90,1,77
7241490,96,91,-1,78
7242000,78,16,-5,83
7242510,85,43,3,80
7243020,8,70,8,72
7243530,89,71,-15,87
7244040,1,72,6,81
7244550,17,69,8,73
7245060,96,60,-4,77
7245570,19,87,2,75
7246080,100,15,-8,83
7246590,76,42,2,81
7247100,101,69,7,74
7247610,30,96,-2,76
7248120,7,24,-9,85
7248630,88,21,-4,89
7249140,11,48,6,83
7249650,39,98,6,77
7250160,84,26,-2,79
7250670,7,53,5,74
7251180,88,3,-13,87
7251690,64,22,5,82
7252200,89,49,3,79
7252710,12,76,6,73
7253220,93,26,-15,88
7253730,16,53,7,81
7254240,97,44,-4,85
7254750,20,71,5,80
7255260,101,91,-1,81
7255770,13,16,-1,82
7256280,47,22,-1,83
7256790,52,29,1,82
7257300,77,36,4,78
7257810,0,63,2,76
7258320,45,13,-2,78
7258830,21,29,-4,82
7259340,55,40,1,81
7259850,86,51,1,80
7260360,9,78,4,76
7260870,90,79,-15,91
7261380,2,80,14,77
7261890,47,46,-4,81
7262400,29,57,5,76
7262910,8,73,1,75
7263420,89,23,-9,84
7263930,12,50,7,77
7264440,40,51,-5,82
7264950,22,67,6,76
7265460,1,57,-1,77
7265970,82,7,-5,82
7266480,58,26,-5,87
7266990,83,42,4,83
7267500,6,69,11,72
7268010,87,19,-16,88
7268520,0,46,7,81
7269030,16,11,1,80
7269540,55,22,1,79
7270050,80,38,0,79
7270560,3,65,2,77
7271070,84,85,-1,78
7271580,66,10,-2,80
7272090,42,37,5,75
7272600,24,48,1,74
7273110,58,64,-3,77
7273620,40,0,3,74
7274130,16,10,-2,76
7274640,55,21,-3,79
7275150,80,48,-7,86
7275660,3,75,13,73
7276170,84,41,-10,83
7276680,7,68,9,74
7277190,23,59,1,73
7277700,2,49,-4,77
7278210,18,14,-3,80
7278720,37,25,1,79
7279230,68,36,-5,84
7279740,93,52,8,76
7280250,16,79,2,74
7280760,97,70,-2,76
7281270,26,97,1,75
7281780,71,52,-5,80
7282290,0,53,6,74
7282800,81,3,-11,85
7283310,57,22,5,80
7283820,82,49,2,78
7284330,5,76,2,76
7284840,86,26,-12,88
7285350,9,53,9,79
7285860,90,44,0,79
7286370,13,71,-1,80
7286880,29,62,6,74
7287390,6,63,0,74
7287900,22,83,-8,82
7288410,101,49,6,76
7288920,24,76,2,74
7289430,27,66,2,72
7289940,6,56,-5,77
7290450,22,76,-3,80
7290960,101,31,-9,89
7291470,24,58,6,83
7291980,58,65,7,76
7292490,40,1,0,76
7293000,16,11,-9,85
7293510,55,22,8,77
7294020,80,38,-7,84
7294530,3,65,10,74
7295040,19,15,-15,89
7295550,58,26,11,78
7296060,83,42,-6,84
7296570,6,69,7,77
7297080,87,34,-10,87
7297590,10,61,13,74
7298100,26,81,1,73
7298610,29,36,-6,79
7299120,81,47,-4,83
7299630,4,74,8,75
7300140,20,39,-8,83
7300650,54,46,0,83
7301160,85,57,3,80
7301670,8,84,3,77
7302180,53,24,-5,82
7302690,78,31,4,78
7303200,1,58,7,71
7303710,17,23,-14,85
7304220,51,34,9,76
7304730,76,45,-9,85
7305240,101,72,10,75
7305750,30,99,0,75
7306260,7,42,-6,81
7306770,35,33,2,79
7307280,74,44,3,76
7307790,99,71,2,74
7308300,22,98,-2,76
7308810,67,64,0,76
7309320,49,26,-3,79
7309830,74,33,-5,84
7310340,99,60,6,78
7310850,22,87,2,76
7311360,101,30,-8,84
7311870,24,57,4,80
7312380,92,12,-4,84
7312890,68,22,2,82
7313400,93,49,4,78
7313910,16,76,4,74
7314420,95,42,-8,82
7314930,18,69,7,75
7315440,97,60,-7,82
7315950,20,87,7,75
7316460,99,53,-2,77
7316970,22,80,-1,78
7317480,101,71,1,77
7317990,24,98,4,73
7318500,1,41,-5,78
7319010,82,32,-4,82
7319520,5,59,7,75
7320030,30,79,1,74
7320540,7,69,-3,77
7321050,32,34,-8,85
7321560,66,45,9,76
7322070,91,46,-2,78
7322580,14,73,5,73
7323090,30,93,-5,78
7323600,7,59,2,76
7324110,32,9,3,73
7324620,47,45,-6,79
7325130,29,56,3,76
7325640,63,28,-3,79
7326150,88,44,-1,80
7326660,11,71,5,75
7327170,30,91,2,73
7327680,33,46,-11,84
7328190,67,57,4,80
7328700,98,19,-3,83
7329210,21,46,3,80
7329720,55,92,-2,82
7330230,37,38,3,79
7330740,19,49,-3,82
7331250,53,55,4,78
7331760,35,17,2,76
7332270,60,24,2,74
7332780,85,40,-3,77
7333290,8,67,4,73
7333800,33,32,-7,80
7334310,67,43,-3,83
7334820,92,59,8,75
7335330,15,86,1,74
7335840,96,35,-8,82
7336350,19,62,4,78
7336860,100,53,3,75
7337370,23,80,1,74
7337880,0,100,-4,78
7338390,45,66,3,75
7338900,27,12,-13,88
7339410,30,23,-1,89
7339920,49,34,10,79
7340430,74,45,-1,80
7340940,99,72,5,75
7341450,22,99,-2,77
7341960,67,42,-6,83
7342470,92,58,1,82
7342980,15,85,2,80
7343490,18,34,-2,82
7344000,52,41,4,78
7344510,77,52,4,74
7345020,0,79,-3,77
7345530,25,29,-2,79
7346040,77,40,-4,83
7346550,0,67,7,76
7347060,25,32,-1,77
7347570,59,43,-2,79
7348080,84,8,1,78
7348590,60,27,-2,80
7349100,85,43,-3,83
7349610,8,70,11,72
7350120,33,20,-7,79
7350630,58,31,-7,86
7351140,83,38,5,81
7351650,6,65,0,81
7352160,31,56,5,76
7352670,65,0,-6,82
7353180,7,19,0,82
7353690,35,58,4,78
7354200,69,2,0,78
7354710,45,21,1,77
7355220,70,28,-10,87
7355730,95,55,12,75
7356240,47,82,-9,84
7356750,81,54,3,81
7357260,4,55,0,81
7357770,29,75,6,75
7358280,6,66,-2,77
7358790,31,57,7,70
7359300,99,29,-12,82
7359810,22,56,1,81
7360320,56,47,-2,83
7360830,87,12,4,79
7361340,2,39,-2,81
7361850,30,30,-7,88
7362360,64,41,5,83
7362870,89,57,6,77
7363380,12,84,3,74
7363890,57,48,-7,81
7364400,88,59,-6,87
7364910,11,60,11,76
7365420,36,80,2,74
7365930,81,52,-9,83
7366440,4,79,8,75
7366950,49,28,-4,79
7367460,74,39,0,79
7367970,99,66,5,74
7368480,22,93,-3,77
7368990,25,36,-8,85
7369500,59,47,-2,87
7370010,93,58,4,83
7370520,16,85,8,75
7371030,19,49,-7,82
7371540,53,55,11,71
7372050,35,17,-5,76
7372560,60,24,-2,78
7373070,85,51,-6,84
7373580,8,78,6,78
7374090,24,91,5,73
7374600,1,34,-7,80
7375110,29,25,2,78
7375620,63,36,2,76
7376130,88,52,-3,79
7376640,11,79,6,73
7377150,56,70,-6,79
7377660,38,32,2,77
7378170,72,43,-2,79
7378680,97,59,0,79
7379190,20,86,6,73
7379700,23,29,-13,86
7380210,57,40,9,77
7380720,82,51,-10,87
7381230,5,78,10,77
7381740,30,69,5,72
7382250,64,41,-7,79
7382760,89,60,-4,83
7383270,12,61,5,78
7383780,31,52,0,78
7384290,65,98,0,78
7384800,47,34,-4,82
7385310,72,45,4,78
7385820,97,61,-2,80
7386330,20,88,0,80
7386840,23,79,8,72
7387350,0,77,-3,75
7387860,45,41,-5,80
7388370,27,52,1,79
7388880,61,98,-3,82
7389390,43,34,-1,83
7389900,77,45,-1,84
7390410,0,72,6,78
7390920,45,63,4,74
7391430,27,25,-3,77
7391940,61,36,-5,82
7392450,86,52,0,82
7392960,9,79,0,82
7393470,54,70,8,74
7393980,36,97,4,70
7394490,81,5,-13,83
7395000,57,24,1,82
7395510,82,40,3,79
7396020,5,67,3,76
7396530,30,58,-2,78
7397040,64,30,-4,82
7397550,89,46,2,80
7398060,12,73,4,76
7398570,93,64,-3,79
7399080,16,91,2,77
7399590,61,82,3,74
7400100,43,18,-7,81
7400610,68,25,3,78
7401120,93,52,-5,83
7401630,16,79,11,72
7402140,61,70,-1,73
7402650,43,6,0,73
7403160,19,16,-10,83
7403670,53,55,7,76
7404180,35,17,-1,77
7404690,60,28,-1,78
7405200,85,44,-4,82
7405710,8,71,5,77
7406220,24,62,2,75
7406730,27,53,-2,77
7407240,61,25,-3,80
7407750,86,41,-3,83
7408260,9,68,9,74
7408770,87,59,-12,86
7409280,10,86,12,74
7409790,55,35,-4,78
7410300,80,46,-2,80
7410810,3,73,4,76
7411320,48,64,-1,77
7411830,30,26,-4,81
7412340,64,37,3,78
7412850,89,53,-5,83
7413360,12,80,4,79
7413870,28,71,8,71
7414380,5,62,-7,78
7414890,30,53,0,78
7415400,64,25,1,77
7415910,89,52,-1,78
7416420,12,79,0,78
7416930,90,70,-7,85
7417440,13,71,9,76
7417950,42,62,-3,79
7418460,24,100,3,76
7418970,69,91,-4,80
7419480,51,27,-2,82
7419990,76,34,-3,85
7420500,101,61,12,73
7421010,24,88,-2,75
7421520,1,31,-3,78
7422030,29,22,-5,83
7422540,63,33,1,82
7423050,88,49,-3,85
7423560,11,76,11,74
7424070,56,67,6,68
7424580,38,94,-7,75
7425090,41,2,1,74
7425600,17,12,-6,80
7426110,56,51,0,80
7426620,38,62,9,71
7427130,20,34,-9,80
7427640,72,73,-4,84
7428150,4,12,1,83
7428660,15,51,5,78
7429170,43,42,-5,83
7429680,25,53,8,75
7430190,59,15,-4,79
7430700,35,25,-4,83
7431210,69,36,9,74
7431720,94,63,-8,82
7432230,17,90,-2,84
7432740,98,81,7,77
7433250,27,6,-6,83
7433760,28,31,5,78
7434270,80,42,-3,81
7434780,3,69,2,79
7435290,19,60,0,79
7435800,38,51,6,73
7436310,20,13,-7,80
7436820,72,24,0,80
7437330,97,51,8,72
7437840,20,78,0,72
7438350,99,69,-13,85
7438860,22,96,10,75
7439370,25,45,-7,82
7439880,59,91,1,81
7440390,41,27,1,80
7440900,23,38,-5,85
7441410,57,84,4,81
7441920,39,20,5,76
7442430,64,27,-3,79
7442940,89,54,2,77
7443450,12,81,-4,81
7443960,15,72,2,79
7444470,18,63,2,77
7444980,17,54,-2,79
7445490,51,45,-3,82
7446000,33,7,3,79
7446510,43,17,3,76
7447020,33,24,-2,78
7447530,93,35,-4,82
7448040,16,62,7,75
7448550,15,53,-3,78
7449060,49,44,-4,82
7449570,31,55,1,81
7450080,65,27,0,81
7450590,90,54,-3,84
7451100,13,81,9,75
7451610,16,72,1,74
7452120,19,63,-1,75
7452630,18,54,-5,80
7453140,46,45,3,77
7453650,28,7,-2,79
7454160,29,32,1,78
7454670,81,43,0,78
7455180,4,70,0,78
7455690,29,61,3,75
7456200,97,33,-11,86
7456710,20,60,5,81
7457220,86,51,2,79
7457730,9,78,1,78
7458240,87,69,-8,86
7458750,4,70,7,79
7459260,20,61,-3,82
7459770,23,52,6,76
7460280,18,43,-9,85
7460790,52,82,10,75
7461300,34,18,-6,81
7461810,49,29,5,76
7462320,74,40,-6,82
7462830,99,67,4,78
7463340,22,94,4,74
7463850,25,43,-1,75
7464360,59,89,-3,78
7464870,41,25,-3,81
7465380,41,36,4,77
7465890,23,49,2,75
7466400,57,40,-5,80
7466910,82,51,1,79
7467420,5,78,2,77
7467930,30,69,-1,78
7468440,7,41,-4,82
7468950,35,32,-2,84
7469460,17,43,6,78
7469970,45,34,2,76
7470480,76,45,-5,81
7470990,101,72,5,76
7471500,30,99,4,72
7472010,7,71,-2,74
7472520,23,62,-7,81
7473030,57,53,5,76
7473540,39,64,-7,83
7474050,73,36,12,71
7474560,98,63,-11,82
7475070,21,90,7,75
7475580,24,85,2,73
7476090,1,57,-3,76
7476600,26,48,0,76
7477110,60,20,-1,77
7477620,85,90,-6,83
7478130,2,26,-3,86
7478640,30,23,8,78
7479150,49,34,2,76
7479660,80,45,-2,78
7480170,3,72,-1,79
7480680,6,63,2,77
7481190,31,54,1,76
7481700,99,45,-1,77
7482210,22,72,3,74
7482720,101,63,-3,77
7483230,24,90,12,65
7483740,1,81,-12,77
7484250,46,72,1,76
7484760,28,8,-6,82
7485270,29,33,5,77
7485780,81,44,-5,82
7486290,4,71,1,81
7486800,29,62,4,77
7487310,97,53,0,77
7487820,20,80,2,75
7488330,23,71,-2,77
7488840,0,62,0,77
7489350,25,53,3,74
7489860,93,44,-1,75
7490370,16,71,3,72
7490880,19,62,-7,79
7491390,22,53,6,73
7491900,56,44,-6,79
7492410,87,55,-2,81
7492920,10,82,3,78
7493430,55,73,-2,80
7493940,37,40,1,79
7494450,19,51,1,78
7494960,22,42,-1,79
7495470,56,88,-6,85
7495980,38,24,7,78
7496490,57,35,-5,83
7497000,82,46,1,82
7497510,5,73,4,78
7498020,30,64,-4,82
7498530,64,55,3,79
7499040,95,20,-3,82
7499550,8,47,7,75
7500060,36,38,2,73
7500570,18,49,-2,75
7501080,13,40,-11,86
7501590,41,31,5,81
7502100,23,42,4,77
7502610,57,88,0,77
7503120,39,24,-3,80
7503630,64,35,-2,82
7504140,89,51,4,78
7504650,12,78,2,76
7505160,15,69,-1,77
7505670,18,60,-6,83
7506180,46,51,16,67
7506690,28,13,-12,79
7507200,92,52,-3,82
7507710,15,79,5,77
7508220,18,70,3,74
7508730,21,61,-4,78
7509240,49,52,1,77
7509750,31,14,-2,79
7510260,95,53,2,77
7510770,18,19,-6,83
7511280,37,58,3,80
7511790,19,30,-1,81
7512300,38,69,10,71
7512810,20,60,-4,75
7513320,19,51,-2,77
7513830,14,42,-9,86
7514340,48,33,0,86
7514850,79,53,5,81
7515360,2,54,3,78
7515870,27,45,-1,79
7516380,95,91,-7,86
7516890,12,27,3,83
7517400,40,66,7,76
7517910,22,38,-12,88
7518420,56,44,9,79
7518930,87,55,-4,83
7519440,10,82,6,77
7519950,88,73,-15,92
7520460,5,74,15,77
7520970,24,65,4,73
7521480,27,56,-3,76
7521990,95,47,1,75
7522500,18,74,1,74
7523010,21,65,-3,77
7523520,24,56,3,74
7524030,19,47,-5,79
7524540,14,38,0,79
7525050,42,29,0,79
7525560,73,40,-8,87
7526070,98,56,11,76
7526580,21,83,7,69
7527090,20,74,-6,75
7527600,19,65,-3,78
7528110,83,56,-7,85
7528620,12,57,11,74
7529130,40,48,-4,78
7529640,22,10,-3,81
7530150,23,49,-4,85
7530660,57,55,9,76
7531170,39,66,-1,77
7531680,5,38,-4,81
7532190,33,29,1,80
7532700,82,40,-4,84
7533210,5,67,5,79
7533720,30,58,-1,80
7534230,98,30,0,80
7534740,21,57,4,76
7535250,20,48,-3,79
7535760,15,39,-6,85
7536270,10,30,-2,87
7536780,44,69,17,70
7537290,26,5,-13,83
7537800,1,30,3,80
7538310,29,21,-1,81
7538820,48,32,4,77
7539330,79,43,-5,82
7539840,2,70,1,81
7540350,27,61,6,75
7540860,61,52,-9,84
7541370,92,63,5,79
7541880,9,90,-3,82
7542390,9,81,-5,87
7542900,34,72,12,75
7543410,37,63,-3,78
7543920,3,35,-6,84
7544430,31,26,1,83
7544940,65,37,4,79
7545450,90,53,-3,82
7545960,13,80,3,79
7546470,13,71,1,78
7546980,41,62,2,76
7547490,23,34,-10,86
7548000,57,45,3,83
7548510,88,56,3,80
7549020,11,83,3,77
7549530,11,32,-20,97
7550040,39,71,21,76
7550550,5,72,-1,77
7551060,24,63,6,71
7551570,9,54,-4,75
7552080,37,45,-6,81
7552590,89,44,-1,82
7553100,12,71,9,73
7553610,31,62,-10,83
7554120,65,34,1,82
7554630,90,41,5,77
7555140,13,68,4,73
7555650,32,59,-9,82
7556160,66,31,0,82
7556670,91,47,1,81
7557180,14,74,8,73
7557690,33,23,-15,88
7558200,52,34,7,81
7558710,83,45,2,79
7559220,6,72,1,78
7559730,25,63,4,74
7560240,28,54,-2,76
7560750,96,26,0,76
7561260,19,53,-3,79
7561770,38,44,2,77
7562280,90,55,-1,78
7562790,13,82,1,77
7563300,32,73,4,73
7563810,35,64,-2,75
7564320,1,36,-6,81
7564830,29,27,6,75
7565340,68,38,-3,78
7565850,93,65,-1,79
7566360,10,92,-5,84
7566870,55,83,-3,87
7567380,37,19,12,75
7567890,48,30,-4,79
7568400,79,41,-1,80
7568910,9,68,3,77
7569420,28,59,1,76
7569930,96,31,-14,90
7570440,19,58,9,81
7570950,38,49,7,74
7571460,20,60,-7,81
7571970,19,51,6,75
7572480,53,42,-6,81
7572990,84,53,0,81
7573500,7,80,3,78
7574010,26,52,-2,80
7574520,21,51,2,78
7575030,16,42,-2,80
7575540,44,33,1,79
7576050,75,44,-1,80
7576560,100,71,-3,83
7577070,61,98,9,74
7577580,43,34,-6,80
7578090,74,45,4,76
7578600,99,72,-7,83
7579110,16,73,11,72
7579620,2,11,-12,84
7580130,13,50,6,78
7580640,41,41,6,72
7581150,23,52,-12,84
7581660,57,58,3,81
7582170,39,20,6,75
7582680,64,31,-5,80
7583190,89,38,0,80
7583700,12,65,6,74
7584210,11,56,-2,76
7584720,39,47,-3,79
7585230,21,38,0,79
7585740,16,49,5,74
7586250,35,40,-1,75
7586760,17,51,-6,81
7587270,16,42,-3,84
7587780,35,33,0,84
7588290,54,44,2,82
7588800,85,6,1,81
7589310,61,69,8,73
7589820,43,5,-1,74
7590330,19,15,-9,83
7590840,38,26,9,74
7591350,69,37,-12,86
7591860,94,36,11,75
7592370,17,63,-1,76
7592880,16,54,-4,80
7593390,44,45,-2,82
7593900,26,56,2,80
7594410,21,47,0,80
7594920,16,38,-3,83
7595430,11,77,2,81
7595940,30,68,7,74
7596450,25,59,-6,80
7596960,20,50,-4,84
7597470,15,41,2,82
7597980,10,32,-2,84
7598490,38,71,8,76
7599000,20,43,-3,79
7599510,54,34,-8,87
7600020,79,45,9,78
7600530,2,72,0,78
7601040,27,63,3,75
7601550,22,54,-2,77
7602060,17,45,-8,85
7602570,51,36,4,81
7603080,82,47,-3,84
7603590,5,74,9,75
7604100,24,65,-3,78
7604610,19,56,3,75
7605120,18,47,-1,76
7605630,13,38,-9,85
7606140,32,29,-1,86
7606650,66,40,7,79
7607160,91,67,-5,84
7607670,20,29,-2,86
7608180,54,40,6,80
7608690,85,51,1,79
7609200,8,78,2,77
7609710,27,69,-2,79
7610220,22,60,2,77
7610730,17,51,-2,79
7611240,12,42,-4,83
7611750,31,33,-5,88
7612260,83,44,3,85
7612770,6,71,9,76
7613280,31,62,-2,78
7613790,26,34,-4,82
7614300,60,45,-3,85
7614810,91,56,5,80
7615320,14,83,4,76
7615830,92,74,-10,86
7616340,9,36,3,83
7616850,37,27,2,81
7617360,19,38,-5,86
7617870,14,49,7,79
7618380,33,40,-1,80
7618890,85,51,0,80
7619400,8,78,6,74
7619910,33,69,1,73
7620420,101,41,-3,76
7620930,24,68,-1,77
7621440,23,59,-1,78
7621950,18,50,-4,82
7622460,13,41,2,80
7622970,8,32,-8,88
7623480,36,23,11,77
7623990,67,34,-3,80
7624500,92,33,-3,83
7625010,15,60,13,70
7625520,34,51,-9,79
7626030,16,50,-2,81
7626540,35,41,0,81
7627050,17,52,7,74
7627560,16,43,-10,84
7628070,11,34,-5,89
7628580,6,25,-2,91
7629090,1,64,2,89
7629600,65,55,1,88
7630110,47,17,3,85
7630620,29,16,2,83
7631130,93,27,-1,84
7631640,16,54,5,79
7632150,35,45,4,75
7632660,17,7,-12,87
7633170,74,18,7,80
7633680,99,45,-2,82
7634190,22,72,6,76
7634700,101,63,3,73
7635210,24,90,2,71
7635720,69,81,-7,78
7636230,51,17,2,76
7636740,76,36,-6,82
7637250,101,63,9,73
7637760,24,90,-4,77
7638270,12,81,-1,78
7638780,12,72,-5,83
7639290,37,63,11,72
7639800,19,35,-17,89
7640310,53,46,7,82
7640820,35,57,5,77
7641330,17,56,0,77
7641840,16,47,-3,80
7642350,35,38,-6,86
7642860,17,45,5,81
7643370,36,36,1,80
7643880,18,47,-2,82
7644390,13,51,2,80
7644900,41,42,9,71
7645410,23,4,-9,80
7645920,24,29,5,75
7646430,6,40,-4,79
7646940,34,31,-1,80
7647450,16,42,-5,85
7647960,35,41,12,73
7648470,17,40,-8,81
7648980,12,31,-2,83
7649490,7,22,-3,86
7650000,26,19,-1,87
7650510,45,30,7,80
7651020,27,41,0,80
7651530,79,52,5,75
7652040,2,79,-11,86
7652550,27,70,15,71
7653060,4,61,-9,80
7653570,29,52,0,80
7654080,24,51,5,75
7654590,19,50,-4,79
7655100,14,41,-6,85
7655610,33,32,12,73
7656120,15,43,-10,83
7656630,43,34,-1,84
7657140,25,45,2,82
7657650,59,44,0,82
7658160,90,55,-1,83
7658670,13,82,4,79
7659180,13,73,0,79
7659690,38,64,8,71
7660200,20,10,-9,80
7660710,77,21,-6,86
7661220,0,48,10,76
7661730,28,39,-10,86
7662240,80,50,1,85
7662750,3,40,6,79
7663260,31,31,-6,85
7663770,13,42,14,71
7664280,41,33,-3,74
7664790,23,44,-5,79
7665300,18,43,0,79
7665810,13,34,-5,84
7666320,8,40,3,81
7666830,36,31,-3,84
7667340,18,42,5,79
7667850,13,40,-2,81
7668360,41,31,1,80
7668870,23,42,3,77
7669380,18,41,-6,83
7669890,13,47,1,82
7670400,41,38,3,79
7670910,23,49,-3,82
7671420,18,48,2,80
7671930,37,39,6,74
7672440,19,50,0,74
7672950,14,41,-16,90
7673460,42,32,5,85
7673970,73,43,9,76
7674480,98,42,-1,77
7674990,21,69,4,73
7675500,9,60,-4,77
7676010,34,51,-1,78
7676520,16,50,0,78
7677030,35,41,-4,82
7677540,17,52,-1,83
7678050,36,43,10,73
7678560,18,5,-5,78
7679070,75,30,-9,87
7679580,100,57,12,75
7680090,23,84,6,69
7680600,0,75,-6,75
7681110,45,66,3,72
7681620,27,2,-9,81
7682130,84,27,0,81
7682640,7,54,3,78
7683150,32,45,-8,86
7683660,84,56,2,84
7684170,7,57,11,73
7684680,32,48,-2,75
7685190,14,47,-2,77
7685700,33,38,1,76
7686210,15,49,-3,79
7686720,43,40,3,76
7687230,25,51,1,75
7687740,20,13,-10,85
7688250,39,52,8,77
7688760,21,51,1,76
7689270,16,42,-8,84
7689780,11,33,2,82
7690290,30,30,-3,85
7690800,49,41,2,83
7691310,31,3,8,75
7691820,7,28,-9,84
7692330,35,29,8,76
7692840,17,40,-2,78
7693350,12,31,-5,83
7693860,31,28,2,81
7694370,50,39,2,79
7694880,32,1,2,77
7695390,8,26,-6,83
7695900,27,23,3,80
7696410,46,34,5,75
7696920,71,45,-2,77
7697430,96,46,2,75
7697940,19,73,5,70
7698450,11,64,-5,75
7698960,89,55,-6,81
7699470,12,56,7,74
7699980,37,47,-3,77
7700490,19,58,2,75
7701000,18,49,-3,78
7701510,37,40,0,78
7702020,19,51,-4,82
7702530,14,42,-2,84
7703040,9,33,1,83
7703550,37,24,7,76
7704060,19,35,-8,84
7704570,14,74,7,77
7705080,25,65,-7,84
7705590,20,56,9,75
7706100,39,47,-1,76
7706610,21,46,0,76
7707120,16,37,-13,89
7707630,50,43,3,86
7708140,81,5,6,80
7708650,57,24,-6,86
7709160,82,23,0,86
7709670,5,50,13,73
7710180,30,41,-7,80
7710690,12,52,3,77
7711200,31,43,-9,86
7711710,50,42,2,84
7712220,32,43,1,83
7712730,84,42,8,75
7713240,7,69,-2,77
7713750,32,60,0,77
7714260,27,32,-4,81
7714770,79,43,-3,84
7715280,2,44,6,78
7715790,27,35,-6,84
7716300,46,46,4,80
7716810,28,57,9,71
7717320,23,29,-16,87
7717830,75,68,6,81
7718340,4,69,7,74
7718850,29,60,3,71
7719360,24,61,-3,74
7719870,19,52,-5,79
7720380,14,43,-1,80
7720890,9,34,-7,87
7721400,37,25,5,82
7721910,62,64,1,81
7722420,44,26,0,81
7722930,69,32,5,76
7723440,94,31,-7,83
7723950,17,58,6,77
7724460,12,49,-5,82
7724970,40,40,1,81
7725480,22,51,0,81
7725990,41,42,-1,82
7726500,23,4,-2,84
7727010,80,29,2,82
7727520,3,56,6,76
7728030,28,47,-6,82
7728540,80,46,0,82
7729050,3,47,1,81
7729560,28,38,3,78
7730070,80,49,-4,82
7730580,3,50,5,77
7731090,28,41,0,77
7731600,80,52,-7,84
7732110,3,53,10,74
7732620,28,44,-3,77
7733130,80,43,-3,80
7733640,3,70,2,78
7734150,28,61,0,78
7734660,47,33,-3,81
7735170,78,39,1,80
7735680,1,40,4,76
7736190,26,31,-7,83
7736700,45,42,5,78
7737210,27,53,-1,79
7737720,22,25,-4,83
7738230,41,64,7,76
7738740,23,36,-4,80
7739250,75,35,-1,81
7739760,100,36,2,79
7740270,23,63,2,77
7740780,18,54,2,75
7741290,13,45,-6,81
7741800,8,36,-6,87
7742310,3,27,-4,91
7742820,4,24,5,86
7743330,56,21,0,86
7743840,32,20,4,82
7744350,57,59,2,80
7744860,39,21,1,79
7745370,64,60,-4,83
7745880,95,22,3,80
7746390,18,49,-3,83
7746900,46,40,4,79
7747410,28,51,0,79
7747920,23,42,-4,83
7748430,18,48,2,81
7748940,46,39,2,79
7749450,28,45,2,77
7749960,62,56,-2,79
7750470,93,18,-6,85
7750980,16,45,4,81
7751490,44,36,5,76
7752000,26,47,-4,80
7752510,60,46,-1,81
7753020,91,53,0,81
7753530,14,80,4,77
7754040,14,71,-6,83
7754550,39,62,10,73
7755060,21,34,-18,91
7755570,73,73,6,85
7756080,55,35,1,84
7756590,80,42,0,84
7757100,3,41,4,80
7757610,28,32,5,75
7758120,10,43,-3,78
7758630,35,34,-6,84
7759140,87,40,5,79
7759650,10,67,10,69
7760160,35,58,-6,75
7760670,17,30,-7,82
7761180,69,69,4,78
7761690,51,31,-2,80
7762200,76,2,-3,83
7762710,52,21,0,83
7763220,28,28,5,78
7763730,80,67,-5,83
7764240,9,68,9,74
7764750,34,59,-3,77
7765260,29,31,-4,81
7765770,11,70,10,71
7766280,36,61,-6,77
7766790,18,33,-1,78
7767300,37,72,2,76
7767810,78,44,-2,78
7768320,1,45,-3,81
7768830,29,36,-2,83
7769340,81,47,3,80
7769850,4,48,0,80
7770360,29,39,-1,81
7770870,81,50,3,78
7771380,4,51,4,74
7771890,29,42,-5,79
7772400,81,41,-1,80
7772910,4,68,7,73
7773420,29,59,-9,82
7773930,24,31,-3,85
7774440,43,70,7,78
7774950,25,42,-5,83
7775460,59,41,6,77
7775970,90,42,-7,84
7776480,13,69,10,74
7776990,44,60,-11,85
7777500,26,32,-9,94
7778010,78,71,14,80
7778520,7,33,-1,81
7779030,32,24,2,79
7779540,14,63,-2,81
7780050,13,54,5,76
7780560,44,45,0,76
7781070,26,56,3,73
7781580,21,28,-9,82
7782090,55,67,1,81
7782600,37,3,6,75
7783110,13,13,-7,82
7783620,52,52,5,77
7784130,34,14,-1,78
7784640,49,53,3,75
7785150,31,15,-8,83
7785660,41,54,10,73
7786170,23,16,-3,76
7786680,42,55,2,74
7787190,24,17,0,74
7787700,43,56,0,74
7788210,25,28,-8,82
7788720,77,67,5,77
7789230,6,29,-4,81
7789740,25,26,-4,85
7790250,67,65,9,76
7790760,49,27,-9,85
7791270,74,34,5,80
7791780,99,61,7,73
7792290,22,88,-2,75
7792800,25,79,3,72
7793310,13,70,-4,76
7793820,38,61,-2,78
7794330,20,33,-7,85
7794840,54,72,8,77
7795350,36,8,0,77
7795860,12,33,-1,78
7796370,31,72,0,78
7796880,62,63,-1,79
7797390,44,25,-3,82
7797900,75,32,-1,83
7798410,100,59,5,78
7798920,23,86,4,74
7799430,11,77,-1,75
7799940,36,68,0,75
7800450,18,40,-10,85
7800960,13,79,5,80
7801470,28,70,8,72
7801980,23,61,-2,74
7802490,18,52,-8,82
7803000,37,43,7,75
7803510,19,54,2,73
7804020,14,45,-13,86
7804530,42,36,6,80
7805040,24,47,3,77
7805550,19,38,-6,83
7806060,14,77,3,80
7806570,39,68,-3,83
7807080,21,40,-4,87
7807590,16,31,1,86
7808100,50,70,12,74
7808610,32,6,-3,77
7809120,14,31,-4,81
7809630,9,70,2,79
7810140,34,61,0,79
7810650,29,33,1,78
7811160,11,44,-4,82
7811670,30,35,1,81
7812180,82,46,-1,82
7812690,5,73,10,72
7813200,17,64,-3,75
7813710,48,55,3,72
7814220,30,27,-6,78
7814730,12,67,6,72
7815240,12,58,-16,88
7815750,37,49,12,76
7816260,19,21,0,76
7816770,71,60,-4,80
7817280,0,22,-2,82
7817790,11,19,2,80
7818300,50,50,0,80
7818810,32,61,4,76
7819320,14,33,-4,80
7819830,9,24,-8,88
7820340,4,63,11,77
7820850,68,54,-13,90
7821360,99,55,8,82
7821870,78,82,-5,87
7822380,60,28,2,85
7822890,91,27,-2,87
7823400,14,54,7,80
7823910,39,45,0,80
7824420,21,56,-2,82
7824930,16,47,-1,83
7825440,11,38,-2,85
7825950,6,29,-8,93
7826460,58,26,18,75
7826970,83,33,-9,84
7827480,6,60,7,77
7827990,31,51,4,73
7828500,13,23,-10,83
7829010,65,62,5,78
7829520,47,24,-4,82
7830030,78,31,-2,84
7830540,1,58,8,76
7831050,26,49,-2,78
7831560,21,21,-10,88
7832070,60,60,11,77
7832580,42,22,-3,80
7833090,67,29,-1,81
7833600,92,28,-4,85
7834110,15,55,8,77
7834620,34,46,4,73
7835130,16,45,1,72
7835640,35,36,-11,83
7836150,87,47,3,80
7836660,10,74,5,75
7837170,35,65,-1,76
7837680,17,37,-12,88
7838190,12,76,11,77
7838700,68,67,-4,81
7839210,50,13,4,77
7839720,92,32,-4,81
7840230,15,59,8,73
7840740,46,50,-7,80
7841250,28,49,4,76
7841760,80,21,-7,83
7842270,3,48,6,77
7842780,28,39,-6,83
7843290,80,50,3,80
7843800,3,51,2,78
7844310,28,42,-3,81
7844820,80,41,2,79
7845330,3,68,5,74
7845840,28,59,-1,75
7846350,69,31,-6,81
7846860,94,30,-5,86
7847370,17,57,15,71
7847880,48,48,-6,77
7848390,30,47,-3,80
7848900,82,46,-2,82
7849410,5,73,5,77
7849920,30,64,3,74
7850430,25,36,-7,81
7850940,77,75,3,78
7851450,62,37,-8,86
7851960,87,44,9,77
7852470,10,71,6,71
7852980,35,62,-5,76
7853490,17,34,-8,84
7854000,51,33,2,82
7854510,82,40,3,79
7855020,5,67,6,73
7855530,30,58,-2,75
7856040,25,30,-4,79
7856550,77,69,-6,85
7857060,6,31,4,81
7857570,34,22,0,81
7858080,31,61,-2,83
7858590,62,33,1,82
7859100,87,40,-2,84
7859610,10,67,7,77
7860120,35,58,3,74
7860630,17,30,-10,84
7861140,56,69,9,75
7861650,38,5,4,71
7862160,14,15,-14,85
7862670,53,54,7,78
7863180,35,65,6,72
7863690,17,37,-8,80
7864200,12,76,6,74
7864710,12,67,-4,78
7865220,37,58,6,72
7865730,19,30,-10,82
7866240,71,69,-1,83
7866750,0,31,-2,85
7867260,28,22,1,84
7867770,67,61,7,77
7868280,49,23,-3,80
7868790,80,85,-5,85
7869300,9,31,9,76
7869810,28,22,-8,84
7870320,67,61,4,80
7870830,98,23,-2,82
7871340,21,50,1,81
7871850,16,41,5,76
7872360,35,32,-5,81
7872870,66,71,5,76
7873380,48,7,0,76
7873890,24,26,-6,82
7874400,76,65,0,82
7874910,5,66,4,78
7875420,98,2,-3,81
7875930,74,21,-5,86
7876440,89,48,4,82
7876950,12,75,11,71
7877460,12,66,-8,79
7877970,37,57,8,71
7878480,19,29,-16,87
7878990,38,68,10,77
7879500,20,40,-2,79
7880010,54,31,-5,84
7880520,81,38,0,84
7881030,4,65,8,76
7881540,29,56,2,74
7882050,81,28,-6,80
7882560,4,55,6,74
7883070,29,46,-1,75
7883580,11,45,-3,78
7884090,39,36,2,76
7884600,21,75,-3,79
7885110,73,66,-9,88
7885620,2,28,8,80
7886130,30,19,3,77
7886640,61,58,0,77
7887150,43,20,-3,80
7887660,58,27,-2,82
7888170,83,34,3,79
7888680,6,61,3,76
7889190,31,52,-1,77
7889700,83,24,-3,80
7890210,6,51,8,72
7890720,31,42,-13,85
7891230,83,41,4,81
7891740,6,68,8,73
7892250,31,59,-1,74
7892760,83,31,-14,88
7893270,13,58,12,76
7893780,44,49,-3,79
7894290,96,11,-2,81
7894800,72,30,-2,83
7895310,97,57,11,72
7895820,26,84,-10,82
7896330,14,75,8,74
7896840,14,66,-8,82
7897350,39,57,5,77
7897860,21,29,-7,84
7898370,73,68,2,82
7898880,55,30,3,79
7899390,86,37,-4,83
7899900,9,64,10,73
7900410,25,55,-8,81
7900920,59,46,-1,82
7901430,90,8,-5,87
7901940,66,27,5,82
7902450,91,54,2,80
7902960,20,81,7,73
7903470,8,72,-4,77
7903980,8,63,-10,87
7904490,33,54,12,75
7905000,15,26,-5,80
7905510,67,65,-1,81
7906020,49,27,5,76
7906530,80,34,-7,83
7907040,3,61,10,73
7907550,28,52,-1,74
7908060,80,24,-9,83
7908570,3,51,7,76
7909080,28,42,-11,87
7909590,80,41,5,82
7910100,3,68,8,74
7910610,28,59,-7,81
7911120,80,31,-1,82
7911630,3,58,6,76
7912140,28,49,-1,77
7912650,80,21,-3,80
7913160,95,48,-3,83
7913670,18,75,10,73
7914180,18,66,-11,84
7914690,37,57,12,72
7915200,19,28,-8,80
7915710,53,67,0,80
7916220,35,29,1,79
7916730,17,68,5,74
7917240,20,59,3,71
7917750,51,50,-8,79
7918260,33,12,-7,86
7918770,16,51,7,79
7919280,47,42,-8,87
7919790,29,4,12,75
7920300,93,29,-7,82
7920810,16,56,2,80
7921320,35,47,-6,86
7921830,87,46,8,78
7922340,10,73,3,75
7922850,49,64,0,75
7923360,31,26,-8,83
7923870,70,65,-1,84
7924380,101,27,2,82
7924890,24,54,8,74
7925400,76,16,-9,83
7925910,91,43,2,81
7926420,14,70,9,72
7926930,78,61,-12,84
7927440,7,23,6,78
7927950,26,62,1,77
7928460,71,24,-2,79
7928970,96,51,5,74
7929480,84,78,-11,85
7929990,13,40,10,75
7930500,32,31,-6,81
7931010,14,70,2,79
7931520,33,61,5,74
7932030,15,33,-11,85
7932540,54,72,10,75
7933050,36,34,-8,83
7933560,18,73,7,76
7934070,49,64,-1,77
7934580,31,26,-3,80
7935090,62,65,4,76
7935600,44,27,1,75
7936110,26,66,0,75
7936620,71,28,-5,80
7937130,96,55,4,76
7937640,25,82,1,75
7938150,13,51,-1,76
7938660,32,42,2,74
7939170,84,4,-11,85
7939680,60,23,3,82
7940190,91,42,8,74
7940700,14,69,-2,76
7941210,53,60,-3,79
7941720,35,22,-3,82
7942230,66,61,3,79
7942740,48,23,0,79
7943250,79,30,-1,80
7943760,2,57,3,77
7944270,27,48,0,77
7944780,79,10,-6,83
7945290,55,29,1,82
7945800,86,101,-4,86
7946310,68,37,2,84
7946820,99,38,10,74
7947330,22,65,3,71
7947840,53,37,-11,82
7948350,84,101,1,81
7948860,66,47,-2,83
7949370,97,48,6,77
7949880,20,75,9,68
7950390,6,44,-16,84
7950900,34,35,1,83
7951410,16,74,8,75
7951920,19,65,1,74
7952430,5,56,-4,78
7952940,30,25,0,78
7953450,69,64,4,74
7953960,100,26,-7,81
7954470,13,53,7,74
7954980,32,44,2,72
7955490,14,6,-4,76
7956000,53,45,-6,82
7956510,84,7,0,82
7957020,60,26,-1,83
7957530,91,45,6,77
7958040,14,72,2,75
7958550,53,63,-2,77
7959060,35,25,-2,79
7959570,66,64,-1,80
7960080,48,26,3,77
7960590,79,33,-3,80
7961100,2,60,7,73
7961610,27,51,-4,77
7962120,79,13,-3,80
7962630,55,40,0,80
7963140,86,2,-8,88
7963650,62,21,14,74
7964160,77,48,-11,85
7964670,6,75,9,76
7965180,31,66,1,75
7965690,5,28,-10,85
7966200,24,67,11,74
7966710,55,29,-7,81
7967220,86,36,5,76
7967730,9,63,-1,77
7968240,34,54,2,75
7968750,16,16,-4,79
7969260,55,55,0,79
7969770,37,17,3,76
7970280,68,24,-6,82
7970790,83,51,1,81
7971300,100,78,0,81
7971810,29,40,7,74
7972320,81,2,-3,77
7972830,57,21,2,75
7973340,88,10,-5,80
7973850,64,29,-4,84
7974360,95,56,9,75
7974870,24,83,-2,77
7975380,27,55,-8,85
7975890,66,17,9,76
7976400,42,44,-7,83
7976910,24,6,5,78
7977420,88,45,-6,84
7977930,11,72,9,75
7978440,11,63,-11,86
7978950,36,54,7,79
7979460,18,16,-5,84
7979970,57,55,4,80
7980480,39,17,-5,85
7980990,54,24,5,80
7981500,85,31,0,80
7982010,8,58,2,78
7982520,33,49,-1,79
7983030,85,11,-2,81
7983540,61,38,3,78
7984050,92,39,-3,81
7984560,15,66,3,78
7985070,46,57,0,78
7985580,28,19,-2,80
7986090,92,58,0,80
7986600,21,85,10,70
7987110,66,76,-7,77
7987620,48,22,4,73
7988130,79,29,-10,83
7988640,61,56,4,79
7989150,92,18,0,79
7989660,5,45,3,76
7990170,30,36,1,75
7990680,82,43,-9,84
7991190,5,58,7,77
7991700,30,49,0,77
7992210,82,21,-10,87
7992720,97,48,8,79
7993230,20,75,-1,80
7993740,84,66,1,79
7994250,13,67,3,76
7994760,32,58,-5,81
7995270,71,20,1,80
7995780,86,47,1,79
7996290,9,74,3,76
7996800,9,65,-9,85
7997310,34,56,5,80
7997820,86,28,0,80
7998330,9,55,4,76
7998840,34,46,-6,82
7999350,86,8,0,82
7999860,62,27,-2,84
8000370,87,34,5,79
8000880,10,61,2,77
8001390,29,52,-1,78
8001900,81,24,0,78
8002410,4,51,0,78
8002920,29,42,0,78
8003430,81,39,-4,82
8003940,4,66,8,74
8004450,29,57,-6,80
8004960,68,29,-1,81
8005470,93,56,3,78
8005980,22,83,4,74
8006490,86,73,-12,86
8007000,15,35,0,86
8007510,49,74,17,69
8008020,31,20,-10,79
8008530,62,59,3,76
8009040,93,21,-10,86
8009550,6,48,11,75
8010060,31,39,-6,81
8010570,83,78,0,81
8011080,12,54,4,77
8011590,31,45,-3,80
8012100,13,84,2,78
8012610,28,75,2,76
8013120,73,66,-5,81
8013630,2,28,-2,83
8014140,30,25,3,80
8014650,69,64,1,79
8015160,100,26,-7,86
8015670,13,53,12,74
8016180,32,44,-7,81
8016690,84,51,-2,83
8017200,13,78,9,74
8017710,13,69,-4,78
8018220,38,60,3,75
8018730,20,32,-10,85
8019240,72,71,6,79
8019750,54,33,-5,84
8020260,86,40,4,80
8020770,9,67,8,72
8021280,9,58,-6,78
8021790,34,49,3,75
8022300,16,88,3,72
8022810,61,79,-5,77
8023320,43,15,5,72
8023830,19,22,-10,82
8024340,71,61,5,77
8024850,0,23,-7,84
8025360,28,20,2,82
8025870,67,59,1,81
8026380,98,21,-1,82
8026890,11,43,0,82
8027400,30,34,3,79
8027910,82,73,-8,87
8028420,11,35,4,83
8028930,30,32,1,82
8029440,82,71,4,78
8029950,11,33,-5,83
8030460,30,72,8,75
8030970,75,44,-4,79
8031480,4,71,1,78
8031990,43,62,2,76
8032500,25,34,-10,86
8033010,77,73,5,81
8033520,6,35,1,80
8034030,34,26,-2,82
8034540,73,65,0,82
8035050,2,27,-2,84
8035560,30,24,8,76
8036070,69,63,1,75
8036580,100,25,-6,81
8037090,13,52,7,74
8037600,32,43,-7,81
8038110,84,82,-4,85
8038620,13,44,9,76
8039130,41,35,0,76
8039640,72,92,-4,80
8040150,54,28,-3,83
8040660,85,35,1,82
8041170,8,62,4,78
8041680,24,53,-2,80
8042190,63,25,5,75
8042700,94,52,3,72
8043210,23,79,-3,75
8043720,87,70,-10,85
8044230,16,32,5,80
8044740,55,71,10,70
8045250,37,33,-11,81
8045760,68,72,3,78
8046270,50,34,-4,82
8046780,81,73,1,81
8047290,10,19,0,81
8047800,29,58,8,73
8048310,74,20,-5,78
8048820,89,47,-3,81
8049330,2,74,1,80
8049840,41,65,0,80
8050350,23,37,-4,84
8050860,75,76,8,76
8051370,4,22,-9,85
8051880,85,19,1,84
8052390,100,46,5,79
8052900,23,40,3,76
8053410,75,79,-6,82
8053920,4,15,-2,84
8054430,15,54,11,73
8054940,34,45,-9,82
8055450,86,56,4,78
8055960,15,83,5,73
8056470,60,74,-2,75
8056980,42,20,1,74
8057490,73,59,-6,80
8058000,2,60,0,80
8058510,27,51,5,75
8059020,84,23,-3,78
8059530,99,50,0,78
8060040,22,77,-1,79
8060550,8,68,6,73
8061060,8,59,-8,81
8061570,33,50,9,72
8062080,15,22,-10,82
8062590,54,61,2,80
8063100,36,99,6,74
8063610,81,71,-9,83
8064120,10,72,10,73
8064630,10,63,-10,83
8065140,35,54,8,75
8065650,17,43,-7,82
8066160,62,34,2,80
8066670,93,37,-2,82
8067180,16,64,6,76
8067690,35,55,3,73
8068200,17,27,-9,82
8068710,36,66,4,78
8069220,81,38,3,75
8069730,4,65,0,75
8070240,43,56,6,69
8070750,25,28,-12,81
8071260,77,67,2,79
8071770,6,29,-9,88
8072280,25,26,6,82
8072790,77,65,1,81
8073300,6,66,5,76
8073810,31,57,4,72
8074320,76,29,-9,81
8074830,101,56,6,75
8075340,24,83,-1,76
8075850,10,74,1,75
8076360,10,65,-4,79
8076870,35,56,-2,81
8077380,17,28,0,81
8077890,36,67,4,77
8078400,77,39,-3,80
8078910,0,66,3,77
8079420,25,57,3,74
8079930,66,29,-11,85
8080440,91,56,6,79
8080950,20,83,5,74
8081460,65,74,-11,85
8081970,47,36,6,79
8082480,78,47,-3,82
8082990,7,74,8,74
8083500,32,65,5,69
8084010,77,37,-12,81
8084520,0,64,4,77
8085030,25,55,-1,78
8085540,66,46,-3,81
8086050,97,47,7,74
8086560,20,74,-5,79
8087070,6,65,4,75
8087580,21,56,-2,77
8088090,62,47,-6,83
8088600,93,9,1,82
8089110,69,28,1,81
8089620,94,55,5,76
8090130,23,82,-1,77
8090640,9,73,-1,78
8091150,54,64,1,77
8091660,36,0,5,72
8092170,18,25,-8,80
8092680,37,64,4,76
8093190,1,26,-8,84
8093700,26,17,4,80
8094210,41,56,6,74
8094720,23,28,-4,78
8095230,75,67,-7,85
8095740,4,29,-6,91
8096250,29,68,16,75
8096760,74,59,-5,80
8097270,3,60,8,72
8097780,28,51,-3,75
8098290,69,23,-4,79
8098800,94,50,-4,83
8099310,7,77,5,78
8099820,52,68,0,78
8100330,34,14,0,78
8100840,49,21,-4,82
8101350,64,28,2,80
8101860,89,55,0,80
8102370,2,82,2,78
8102880,47,73,6,72
8103390,29,9,-1,73
8103900,44,48,-3,76
8104410,26,10,-4,80
8104920,41,49,1,79
8105430,23,11,5,74
8105940,38,98,-3,77
8106450,83,70,-6,83
8106960,12,32,-3,86
8107470,31,71,11,75
8107980,76,62,-4,79
8108490,5,63,7,72
8109000,30,54,0,72
8109510,75,26,-10,82
8110020,100,53,8,74
8110530,23,80,1,73
8111040,68,71,-7,80
8111550,99,33,-2,82
8112060,22,60,6,76
8112570,63,51,-4,80
8113080,94,13,2,78
8113590,7,40,-3,81
8114100,32,61,5,76
8114610,77,33,-3,79
8115120,0,60,7,72
8115630,25,51,-2,74
8116140,66,23,-5,79
8116650,81,50,1,78
8117160,10,77,1,77
8117670,55,68,0,77
8118180,37,30,-2,79
8118690,68,69,4,75
8119200,50,15,2,73
8119710,65,34,-4,77
8120220,90,53,-4,81
8120730,3,80,-1,82
8121240,28,71,12,70
8121750,73,62,-9,79
8122260,2,24,-4,83
8122770,83,21,-2,85
8123280,98,48,7,78
8123790,21,75,-1,79
8124300,88,66,0,79
8124810,17,67,9,70
8125320,58,58,-10,80
8125830,100,20,-5,85
8126340,13,47,8,77
8126850,24,38,-7,84
8127360,65,77,7,77
8127870,47,13,-5,82
8128380,62,32,3,79
8128890,87,51,-3,82
8129400,0,78,0,82
8129910,25,69,10,72
8130420,90,60,-3,75
8130930,19,87,3,72
8131440,64,78,-4,76
8131950,46,14,-1,77
8132460,61,33,-2,79
8132970,86,40,-6,85
8133480,9,67,11,74
8133990,34,58,-1,75
8134500,79,30,-5,80
8135010,2,57,6,74
8135520,27,48,-6,80
8136030,6,94,3,77
8136540,51,16,-4,81
8137050,66,23,6,75
8137560,81,50,-4,79
8138070,10,77,5,74
8138580,55,68,-6,80
8139090,37,4,10,70
8139600,13,14,-12,82
8140110,52,53,7,75
8140620,34,15,-2,77
8141130,49,54,6,71
8141640,31,16,-9,80
8142150,46,55,4,76
8142660,28,17,-3,79
8143170,43,56,6,73
8143680,25,94,-3,76
8144190,70,43,-3,79
8144700,101,70,7,72
8145210,30,97,-4,76
8145720,75,69,-3,79
8146230,4,31,-4,83
8146740,29,22,3,80
8147250,44,61,7,73
8147760,26,99,-9,82
8148270,71,90,3,79
8148780,53,26,-4,83
8149290,68,33,4,79
8149800,93,60,0,79
8150310,6,87,4,75
8150820,51,78,2,73
8151330,33,14,-5,78
8151840,48,53,3,75
8152350,30,15,-5,80
8152860,45,54,7,73
8153370,27,0,0,73
8153880,84,25,-10,83
8154390,99,52,8,75
8154900,22,79,1,74
8155410,89,70,-11,85
8155920,2,71,6,79
8156430,27,62,-1,80
8156940,53,72,1,79
8157450,35,8,9,70
8157960,50,18,-15,85
8158470,65,37,3,82
8158980,90,56,1,81
8159490,3,83,-1,82
8160000,28,74,11,71
8160510,93,64,-11,82
8161020,22,91,7,75
8161530,67,40,-5,80
8162040,98,59,6,74
8162550,11,86,0,74
8163060,56,35,-10,84
8163570,71,42,9,75
8164080,96,61,-6,81
8164590,9,88,4,77
8165100,54,79,-2,79
8165610,36,15,3,76
8166120,51,22,-5,81
8166630,66,29,0,81
8167140,91,56,4,77
8167650,4,83,-1,78
8168160,29,74,5,73
8168670,74,64,-8,81
8169180,3,26,-3,84
8169690,14,65,11,73
8170200,30,56,1,72
8170710,95,18,-6,78
8171220,8,45,0,78
8171730,33,36,-2,80
8172240,64,75,-4,84
8172750,46,11,5,79
8173260,61,21,3,76
8173770,76,48,-5,81
8174280,5,67,3,78
8174790,30,58,-3,81
8175300,75,97,-4,85
8175810,57,33,4,81
8176320,82,52,3,78
8176830,97,79,-3,81
8177340,26,80,8,73
8177850,71,70,-5,78
8178360,0,6,-7,85
8178870,11,45,6,79
8179380,36,36,-3,82
8179890,67,75,8,74
8180400,49,11,-3,77
8180910,64,30,-6,83
8181420,89,49,7,76
8181930,12,76,1,75
8182440,56,67,-1,76
8182950,38,3,1,75
8183460,14,13,-6,81
8183970,29,52,7,74
8184480,74,42,-9,83
8184990,99,61,8,75
8185500,22,88,-3,78
8186010,89,37,-9,87
8186520,12,64,10,77
8187030,28,55,-1,78
8187540,54,27,0,78
8188050,79,34,3,75
8188560,2,61,0,75
8189070,27,52,2,73
8189580,53,14,-5,78
8190090,68,33,-1,79
8190600,93,60,0,79
8191110,22,87,-3,82
8191620,33,36,5,77
8192130,98,75,-1,78
8192640,27,0,1,77
8193150,84,25,-5,82
8193660,7,52,5,77
8194170,23,43,-1,78
8194680,49,82,3,75
8195190,31,18,-2,77
8195700,46,92,3,74
8196210,28,28,-9,83
8196720,43,67,5,78
8197230,25,29,-6,84
8197740,77,68,6,78
8198250,6,30,-7,85
8198760,31,21,2,83
8199270,42,60,10,73
8199780,24,98,5,68
8200290,69,40,-2,70
8200800,94,67,-10,80
8201310,23,94,8,72
8201820,68,43,-5,77
8202330,93,62,-2,79
8202840,6,89,-7,86
8203350,51,86,5,81
8203860,33,22,0,81
8204370,48,61,12,69
8204880,30,99,-4,73
8205390,75,48,-9,82
8205900,100,75,8,74
8206410,29,0,-1,75
8206920,86,25,-5,80
8207430,9,52,7,73
8207940,34,43,-4,77
8208450,16,82,-2,79
8208960,83,73,-3,82
8209470,12,35,0,82
8209980,40,74,7,75
8210490,22,10,-5,80
8211000,37,49,-1,81
8211510,19,60,6,75
8212020,83,22,-2,77
8212530,6,49,-6,83
8213040,31,40,3,80
8213550,57,47,-1,81
8214060,88,86,-1,82
8214570,9,48,5,77
8215080,34,39,-13,90
8215590,60,78,9,81
8216100,42,24,6,75
8216610,67,31,2,73
8217120,92,58,-6,79
8217630,15,85,9,70
8218140,60,34,-13,83
8218650,85,41,2,81
8219160,8,68,10,71
8219670,53,59,0,71
8220180,35,97,-2,73
8220690,100,46,-4,77
8221200,23,73,3,74
8221710,90,42,-6,80
8222220,13,69,1,79
8222730,38,60,8,71
8223240,20,6,-8,79
8223750,77,45,-4,83
8224260,0,64,9,74
8224770,25,55,-7,81
8225280,51,94,-1,82
8225790,33,30,0,82
8226300,59,69,10,72
8226810,41,5,-4,76
8227320,17,24,-7,83
8227830,45,63,-4,87
8228340,71,25,11,76
8228850,96,52,-2,78
8229360,19,79,3,75
8229870,86,70,-6,81
8230380,15,71,8,73
8230890,15,62,-2,75
8231400,30,53,-3,78
8231910,75,25,1,77
8232420,100,52,4,73
8232930,23,79,-3,76
8233440,9,70,-2,78
8233950,34,61,6,72
8234460,79,51,-8,80
8234970,2,78,1,79
8235480,27,75,5,74
8235990,92,24,-10,84
8236500,15,51,0,84
8237010,43,42,6,78
8237520,25,81,4,74
8238030,92,71,-9,83
8238540,21,72,3,80
8239050,85,63,1,79
8239560,8,90,-5,84
8240070,53,87,1,83
8240580,35,33,6,77
8241090,66,72,-1,78
8241600,48,18,1,77
8242110,30,25,-1,78
8242620,41,64,2,76
8243130,23,0,-4,80
8243640,80,25,0,80
8244150,3,52,11,69
8244660,28,43,-13,82
8245170,80,50,-3,85
8245680,3,77,5,80
8246190,28,74,5,75
8246700,93,65,-2,77
8247210,16,92,1,76
8247720,61,41,-7,83
8248230,86,44,2,81
8248740,9,71,2,79
8249250,34,62,5,74
8249760,99,34,-7,81
8250270,22,61,9,72
8250780,48,52,-5,77
8251290,30,14,0,77
8251800,45,53,0,77
8252310,27,60,10,67
8252820,92,50,-6,73
8253330,15,77,-1,74
8253840,15,68,-7,81
8254350,31,59,7,74
8254860,57,49,-6,80
8255370,88,52,1,79
8255880,11,79,2,77
8256390,56,70,1,76
8256900,38,16,-1,77
8257410,53,55,3,74
8257920,35,66,-2,76
8258430,100,38,-3,79
8258940,23,65,3,76
8259450,49,56,-2,78
8259960,31,94,3,75
8260470,76,43,-10,85
8260980,101,46,10,75
8261490,24,73,3,72
8262000,69,71,-9,81
8262510,100,17,5,76
8263020,13,44,-3,79
8263530,41,35,-3,82
8264040,72,74,3,79
8264550,95,20,-8,87
8265060,8,47,6,81
8265570,33,38,2,79
8266080,15,77,0,79
8266590,26,26,-5,84
8267100,52,65,10,74
8267610,34,1,3,71
8268120,16,26,-7,78
8268630,55,65,5,73
8269140,37,75,-3,76
8269650,82,47,-4,80
8270160,5,74,6,74
8270670,30,71,-3,77
8271180,75,43,1,76
8271690,100,70,-7,83
8272200,23,97,6,77
8272710,68,46,-6,83
8273220,93,49,-1,84
8273730,16,76,18,66
8274240,27,67,-14,80
8274750,53,58,-1,81
8275260,35,96,9,72
8275770,80,68,-11,83
8276280,9,69,9,74
8276790,34,60,-2,76
8277300,79,32,-1,77
8277810,2,59,-1,78
8278320,27,50,2,76
8278830,53,89,-1,77
8279340,35,25,-2,79
8279850,35,64,7,72
8280360,100,36,-6,78
8280870,23,63,4,74
8281380,49,61,-2,76
8281890,31,72,4,72
8282400,96,63,-11,83
8282910,19,90,6,77
8283420,30,39,-2,79
8283930,56,46,-3,82
8284440,87,53,2,80
8284950,10,80,5,75
8285460,35,71,-3,78
8285970,0,61,2,76
8286480,25,11,-7,83
8286990,40,50,1,82
8287500,85,57,2,80
8288010,8,58,9,71
8288520,33,49,-6,77
8289030,59,56,-1,78
8289540,90,18,-1,79
8290050,3,45,1,78
8290560,28,36,-2,80
8291070,54,75,3,77
8291580,36,11,3,74
8292090,51,18,-9,83
8292600,66,25,0,83
8293110,91,52,9,74
8293620,14,79,-4,78
8294130,25,70,5,73
8294640,70,61,-9,82
8295150,101,64,10,72
8295660,24,91,-5,77
8296170,91,40,-1,78
8296680,14,67,3,75
8297190,39,58,-10,85
8297700,65,65,3,82
8298210,96,68,3,79
8298720,19,95,-2,81
8299230,64,86,0,81
8299740,46,22,3,78
8300250,71,29,-2,80
8300760,96,56,3,77
8301270,19,83,4,73
8301780,30,74,-1,74
8302290,75,65,-11,85
8302800,4,68,7,78
8303310,29,59,3,75
8303820,74,49,-2,77
8304330,99,76,-3,80
8304840,22,1,5,75
8305350,79,26,-6,81
8305860,2,53,5,76
8306370,27,44,-8,84
8306880,61,51,4,80
8307390,92,54,1,79
8307900,15,81,4,75
8308410,26,72,6,69
8308920,71,63,-11,80
8309430,0,64,6,74
8309940,25,55,-10,84
8310450,36,46,6,78
8310960,62,57,-3,81
8311470,93,60,-1,82
8311980,16,87,5,77
8312490,27,36,-6,83
8313000,79,47,3,80
8313510,2,50,1,79
8314020,27,41,-4,83
8314530,61,52,0,83
8315040,92,63,5,78
8315550,15,90,2,76
8316060,60,39,-1,77
8316570,85,46,-5,82
8317080,8,22,1,81
8317590,33,61,-2,83
8318100,39,72,7,76
8318610,44,44,-4,80
8319120,70,55,-1,81
8319630,101,58,8,73
8320140,24,85,-6,79
8320650,91,83,-7,86
8321160,20,45,5,81
8321670,54,84,3,78
8322180,36,20,8,70
8322690,61,27,-13,83
8323200,86,30,4,79
8323710,9,57,3,76
8324220,34,48,3,73
8324730,79,59,-9,82
8325240,2,60,7,75
8325750,27,51,-9,84
8326260,61,58,3,81
8326770,92,69,3,78
8327280,15,96,3,75
8327790,60,45,-5,80
8328300,85,52,1,79
8328810,8,79,5,74
8329320,33,70,-1,75
8329830,100,39,-7,82
8330340,23,66,5,77
8330850,90,64,-1,78
8331360,13,91,-2,80
8331870,38,40,-2,82
8332380,83,51,4,78
8332890,67,78,-4,82
8333400,49,14,5,77
8333910,64,33,-4,81
8334420,89,36,-1,82
8334930,12,63,13,69
8335440,37,61,-6,75
8335950,19,72,3,72
8336460,86,70,-7,79
8336970,9,71,2,77
8337480,34,62,4,73
8337990,39,52,-12,85
8338500,65,63,12,73
8339010,47,74,-1,74
8339520,29,20,-8,82
8340030,44,59,2,80
8340540,26,70,5,75
8341050,52,61,-3,78
8341560,34,99,5,73
8342070,79,97,-11,84
8342580,61,33,0,84
8343090,86,40,4,80
8343600,9,67,5,75
8344110,34,58,-5,80
8344620,60,69,4,76
8345130,42,5,1,75
8345640,18,24,-4,79
8346150,52,63,3,76
8346660,34,9,1,75
8347170,44,16,1,74
8347680,59,23,-7,81
8348190,84,42,1,80
8348700,7,69,11,69
8349210,32,18,-9,78
8349720,47,25,0,78
8350230,72,32,1,77
8350740,97,59,-2,79
8351250,20,86,1,78
8351760,65,77,-3,81
8352270,47,13,1,80
8352780,23,20,-1,81
8353290,42,59,2,79
8353800,24,70,1,78
8354310,50,68,4,74
8354820,32,14,-1,75
8355330,47,21,-1,76
8355840,72,28,-5,81
8356350,97,55,4,77
8356860,20,82,3,74
8357370,87,80,-6,80
8357880,8,16,0,80
8358390,33,55,1,79
8358900,38,66,9,70
8359410,43,12,-4,74
8359920,25,19,-10,84
8360430,35,58,3,81
8360940,100,69,7,74
8361450,23,96,-2,76
8361960,68,45,-6,82
8362470,93,48,3,79
8362980,16,75,9,70
8363490,83,73,-16,86
8364000,12,19,2,84
8364510,40,58,6,78
8365020,22,69,5,73
8365530,8,67,0,73
8366040,33,87,1,72
8366550,98,97,-6,78
8367060,19,33,-2,80
8367570,71,72,-1,81
8368080,94,18,-3,84
8368590,7,45,4,80
8369100,32,36,4,76
8369610,84,47,-5,81
8370120,7,74,2,79
8370630,32,23,-5,84
8371140,43,62,7,77
8371650,25,73,0,77
8372160,50,71,-1,78
8372670,32,7,-1,79
8373180,96,14,-4,83
8373690,9,24,2,81
8374200,34,63,7,74
8374710,44,9,-6,80
8375220,26,19,2,78
8375730,65,58,3,75
8376240,47,69,1,74
8376750,29,15,-6,80
8377260,44,22,2,78
8377770,69,29,2,76
8378280,94,56,-1,77
8378790,17,83,7,70
8379300,28,81,-11,81
8379810,95,79,-9,90
8380320,18,80,16,74
8380830,85,71,-9,83
8381340,8,72,9,74
8381850,33,63,1,73
8382360,78,9,-10,83
8382870,54,28,-7,90
8383380,79,35,8,82
8383890,2,62,7,75
8384400,30,53,-3,78
8384910,80,64,-6,84
8385420,3,65,11,73
8385930,28,56,-3,76
8386440,73,67,-7,83
8386950,96,13,-3,86
8387460,72,23,1,85
8387970,97,50,5,80
8388480,20,77,3,77
8388990,87,72,-11,88
8389500,10,73,12,76
8390010,35,64,4,72
8390520,40,0,0,72
8391030,22,10,-13,85
8391540,37,17,8,77
8392050,62,24,-5,82
8392560,87,43,2,80
8393070,10,70,4,76
8393580,35,61,-3,79
8394090,100,72,0,79
8394600,23,99,7,72
8395110,68,48,-7,79
8395620,93,51,-1,80
8396130,16,78,7,73
8396640,83,69,-12,85
8397150,6,70,9,76
8397660,31,61,0,76
8398170,98,72,-5,81
8398680,21,99,0,81
8399190,66,48,-2,83
8399700,91,55,4,79
8400210,14,82,1,78
8400720,81,73,-6,84
8401230,2,19,3,81
8401740,27,58,0,81
8402250,53,56,-1,82
8402760,35,67,4,78
8403270,80,13,-2,80
8403780,95,40,-1,81
8404290,18,67,-3,84
8404800,43,58,6,78
8405310,25,69,8,70
8405820,92,60,-9,79
8406330,15,87,1,78
8406840,60,36,-4,82
8407350,85,43,3,79
8407860,8,70,6,73
8408370,33,61,-2,75
8408880,98,99,-8,83
8409390,19,35,2,81
8409900,44,42,5,76
8410410,26,53,2,74
8410920,78,51,-5,79
8411430,1,70,5,74
8411940,26,61,-3,77
8412450,91,52,0,77
8412960,14,79,-6,83
8413470,39,70,8,75
8413980,21,6,-12,87
8414490,78,17,4,83
8415000,93,44,-2,85
8415510,16,71,12,73
8416020,4,62,-11,84
8416530,16,53,9,75
8417040,41,44,1,74
8417550,23,55,-2,76
8418060,49,46,-1,77
8418570,31,57,3,74
8419080,96,68,-6,80
8419590,19,14,1,79
8420100,83,25,2,77
8420610,6,52,1,76
8421120,31,43,-5,81
8421630,83,54,-1,82
8422140,6,73,9,73
8422650,31,64,-4,77
8423160,96,55,-4,81
8423670,19,82,6,75
8424180,7,19,-11,86
8424690,32,58,10,76
8425200,97,4,-11,87
8425710,71,23,7,80
8426220,96,50,-1,81
8426730,19,77,5,76
8427240,7,19,-8,84
8427750,32,58,3,81
8428260,77,4,-2,83
8428770,53,23,2,81
8429280,78,30,3,78
8429790,1,57,8,70
8430300,26,48,-8,78
8430810,78,55,-3,81
8431320,35,74,8,73
8431830,100,20,-1,74
8432340,23,47,-5,79
8432850,75,58,-4,83
8433360,100,77,7,76
8433870,23,23,-6,82
8434380,75,62,3,79
8434890,100,100,-5,84
8435400,21,36,1,83
8435910,73,43,-3,86
8436420,98,50,15,71
8436930,21,77,-4,75
8437440,9,75,-6,81
8437950,34,66,5,76
8438460,79,2,-6,82
8438970,55,21,2,80
8439480,80,28,-1,81
8439990,3,55,4,77
8440500,28,46,-1,78
8441010,80,53,0,78
8441520,3,101,-2,80
8442030,28,50,0,80
8442540,54,61,3,77
8443050,36,99,1,76
8443560,101,35,-10,86
8444070,24,62,10,76
8444580,91,53,0,76
8445090,14,80,1,75
8445600,39,71,1,74
8446110,21,17,-11,85
8446620,73,56,5,80
8447130,98,2,-3,83
8447640,74,21,-3,86
8448150,89,48,2,84
8448660,12,75,14,70
8449170,37,24,-10,80
8449680,19,31,-4,84
8450190,71,38,3,81
8450700,96,45,7,74
8451210,19,72,-7,81
8451720,7,70,4,77
8452230,32,61,1,76
8452740,58,7,-2,78
8453250,22,26,-4,82
8453760,74,65,1,81
8454270,3,11,4,77
8454780,14,50,-1,78
8455290,39,41,-2,80
8455800,21,48,0,80
8456310,16,57,-1,81
8456820,80,48,-7,88
8457330,3,67,12,76
8457840,28,17,-6,82
8458350,43,24,9,73
8458860,25,31,-7,80
8459370,44,38,4,76
8459880,26,49,4,72
8460390,8,58,-4,76
8460900,33,78,2,74
8461410,98,47,-10,84
8461920,21,74,11,73
8462430,7,72,-9,82
8462940,32,63,6,76
8463450,42,9,4,72
8463960,24,28,-8,80
8464470,76,35,0,80
8464980,101,62,4,76
8465490,24,89,2,74
8466000,12,38,0,74
8466510,37,29,-9,83
8467020,19,36,2,81
8467530,71,74,-3,84
8468040,53,10,1,83
8468550,35,29,5,78
8469060,17,36,-1,79
8469570,56,43,-2,81
8470080,81,50,-4,85
8470590,4,69,13,72
8471100,29,60,-4,76
8471610,96,58,-6,82
8472120,19,85,9,73
8472630,86,76,-12,85
8473140,15,22,2,83
8473650,67,29,1,82
8474160,92,36,1,81
8474670,15,63,5,76
8475180,81,54,-10,86
8475690,4,0,9,77
8476200,15,7,-4,81
8476710,54,14,2,79
8477220,36,33,-1,80
8477730,18,40,-6,86
8478240,52,75,8,78
8478750,34,11,-6,84
8479260,16,18,2,82
8479770,55,25,-1,83
8480280,80,32,-2,85
8480790,3,59,10,75
8481300,28,79,-1,76
8481810,95,77,-6,82
8482320,18,23,-8,90
8482830,37,30,11,79
8483340,19,37,0,79
8483850,71,44,1,78
8484360,77,63,-4,82
8484870,0,9,5,77
8485380,11,48,-1,78
8485890,36,39,2,76
8486400,18,46,-6,82
8486910,13,37,-3,85
8487420,38,44,7,78
8487930,20,51,-3,81
8488440,20,13,-1,82
8488950,35,20,2,80
8489460,45,27,-2,82
8489970,70,34,7,75
8490480,95,53,-6,81
8490990,18,80,2,79
8491500,85,78,-6,85
8492010,14,24,9,76
8492520,53,31,-5,81
8493030,78,38,0,81
8493540,1,57,7,74
8494050,26,7,-2,76
8494560,27,14,-1,77
8495070,42,21,-4,81
8495580,52,28,2,79
8496090,77,87,-3,82
8496600,59,23,-4,86
8497110,84,43,5,81
8497620,7,70,6,75
8498130,32,20,-1,76
8498640,57,27,-2,78
8499150,82,34,-4,82
8499660,5,61,8,74
8500170,30,52,-14,88
8500680,64,59,7,81
8501190,46,5,0,81
8501700,28,24,0,81
8502210,67,31,0,81
8502720,92,50,4,77
8503230,15,77,-4,81
8503740,40,97,7,74
8504250,3,33,-4,78
8504760,28,24,-13,91
8505270,92,31,6,85
8505780,15,58,4,81
8506290,40,49,6,75
8506800,22,97,-4,79
8507310,67,95,5,74
8507820,49,31,-7,81
8508330,74,38,2,79
8508840,99,57,4,75
8509350,22,84,-6,81
8509860,89,82,-7,88
8510370,10,18,12,76
8510880,11,57,2,74
8511390,36,77,-3,77
8511900,1,23,-8,85
8512410,26,20,1,84
8512920,65,27,4,80
8513430,90,46,6,74
8513940,13,73,-4,78
8514450,59,71,-5,83
8514960,41,7,6,77
8515470,23,26,0,77
8515980,75,33,3,74
8516490,100,60,-7,81
8517000,23,87,10,71
8517510,11,85,-2,73
8518020,56,49,-9,82
8518530,87,60,1,81
8519040,10,6,0,81
8519550,49,17,3,78
8520060,31,24,-1,79
8520570,46,31,0,79
8521080,71,38,1,78
8521590,96,45,0,78
8522100,19,72,5,73
8522610,5,70,-9,82
8523120,30,20,2,80
8523630,45,27,-1,81
8524140,70,34,0,81
8524650,95,41,5,76
8525160,18,68,-1,77
8525670,6,59,-1,78
8526180,92,79,-13,91
8526690,5,25,3,88
8527200,85,22,6,82
8527710,8,49,7,75
8528220,33,40,0,75
8528730,85,47,-11,86
8529240,8,74,8,78
8529750,33,24,-2,80
8530260,43,31,2,78
8530770,68,38,2,76
8531280,93,57,-7,83
8531790,16,84,9,74
8532300,83,33,-11,85
8532810,6,60,12,73
8533320,31,80,-3,76
8533830,96,78,-12,88
8534340,19,24,7,81
8534850,71,31,4,77
8535360,96,58,-2,79
8535870,19,85,8,71
8536380,7,83,-9,80
8536890,46,32,-6,86
8537400,71,39,6,80
8537910,96,46,3,77
8538420,19,73,8,69
8538930,86,71,-16,85
8539440,9,72,5,80
8539950,34,92,5,75
8540460,99,90,-3,78
8540970,81,36,-4,82
8541480,4,63,8,74
8541990,29,13,-2,76
8542500,11,20,-12,88
8543010,12,59,17,71
8543520,37,79,-4,75
8544030,0,15,-10,85
8544540,11,12,-3,88
8545050,50,51,7,81
8545560,32,62,6,75
8546070,37,60,0,75
8546580,19,98,3,72
8547090,86,47,-10,82
8547600,9,74,9,73
8548110,34,24,-5,78
8548620,49,31,2,76
8549130,74,38,0,76
8549640,99,65,-4,80
8550150,22,92,3,77
8550660,89,41,1,76
8551170,12,68,1,75
8551680,37,88,2,73
8552190,0,24,-9,82
8552700,25,21,-4,86
8553210,77,32,6,80
8553720,0,59,3,77
8554230,25,9,0,77
8554740,26,16,0,77
8555250,90,23,-1,78
8555760,13,50,-2,80
8556270,38,41,-4,84
8556780,20,52,7,77
8557290,46,50,4,73
8557800,28,61,-2,75
8558310,95,59,-3,78
8558820,18,86,3,75
8559330,85,84,-13,88
8559840,6,27,3,85
8560350,31,87,14,71
8560860,96,11,-10,81
8561370,70,21,3,78
8561880,95,48,0,78
8562390,18,75,5,73
8562900,85,73,-7,80
8563410,14,19,-4,84
8563920,33,58,12,72
8564430,47,4,-9,81
8564940,23,14,-6,87
8565450,38,21,8,79
8565960,48,28,4,75
8566470,38,35,-8,83
8566980,20,42,1,82
8567490,72,49,0,82
8568000,97,50,1,81
8568510,20,77,7,74
8569020,87,75,-6,80
8569530,16,21,-5,85
8570040,68,60,0,85
8570550,91,63,1,84
8571060,14,64,8,76
8571570,39,84,-4,80
8572080,44,75,6,74
8572590,26,21,-12,86
8573100,45,32,5,81
8573610,70,39,3,78
8574120,95,46,-2,80
8574630,18,73,9,71
8575140,6,71,-10,81
8575650,31,21,-3,84
8576160,46,28,3,81
8576670,71,35,-3,84
8577180,96,42,7,77
8577690,19,69,1,76
8578200,86,60,-4,80
8578710,9,61,3,77
8579220,34,88,5,72
8579730,99,86,-11,83
8580240,22,32,1,82
8580750,74,39,0,82
8581260,99,66,7,75
8581770,22,93,-4,79
8582280,89,42,-7,86
8582790,12,69,12,74
8583300,37,60,1,73
8583810,19,6,-9,82
8584320,76,13,2,80
8584830,50,40,-6,86
8585340,32,47,9,77
8585850,84,58,-4,81
8586360,7,85,1,80
8586870,32,34,-1,81
8587380,84,41,-1,82
8587890,7,68,2,80
8588400,32,59,4,76
8588910,97,50,-4,80
8589420,20,77,8,72
8589930,87,75,-10,82
8590440,10,21,0,82
8590950,35,60,1,81
8591460,61,6,-4,85
8591970,35,25,9,76
8592480,60,32,-9,85
8592990,85,39,6,79
8593500,8,66,5,74
8594010,33,16,-2,76
8594520,48,23,-6,82
8595030,73,30,0,82
8595540,98,57,6,76
8596050,21,84,0,76
8596560,88,75,-6,82
8597070,11,21,0,82
8597580,39,60,7,75
8598090,21,98,-10,85
8598600,88,47,1,84
8599110,11,74,10,74
8599620,36,24,-6,80
8600130,36,31,3,77
8600640,62,38,-3,80
8601150,87,45,-2,82
8601660,10,72,5,77
8602170,35,22,-6,83
8602680,45,29,5,78
8603190,70,36,-5,83
8603700,95,43,3,80
8604210,18,70,7,73
8604720,85,61,-14,87
8605230,8,7,6,81
8605740,19,46,2,79
8606250,47,37,1,78
8606760,78,40,-2,80
8607270,1,67,2,78
8607780,26,17,0,78
8608290,90,24,-6,84
8608800,13,51,6,78
8609310,38,42,-7,85
8609820,90,49,9,76
8610330,13,76,2,74
8610840,38,67,-3,77
8611350,64,13,-3,80
8611860,38,23,-4,84
8612370,53,30,3,81
8612880,78,37,2,79
8613390,1,64,6,73
8613900,26,14,-8,81
8614410,90,21,-6,87
8614920,3,31,8,79
8615430,28,22,-3,82
8615940,54,61,7,75
8616450,36,99,3,72
8616960,101,97,-9,81
8617470,22,43,0,81
8617980,74,42,3,78
8618490,99,69,-4,82
8619000,22,96,-2,84
8619510,89,45,1,83
8620020,12,72,8,75
8620530,37,92,3,72
8621040,0,28,-13,85
8621550,25,19,9,76
8622060,89,58,-6,82
8622570,12,85,2,80
8623080,37,34,0,80
8623590,63,41,-1,81
8624100,88,44,-1,82
8624610,11,71,7,75
8625120,36,62,-4,79
8625630,62,100,-2,81
8626140,44,36,3,78
8626650,75,43,-4,82
8627160,100,62,6,76
8627670,23,89,5,71
8628180,90,87,-11,82
8628690,11,23,3,79
8629200,39,62,4,75
8629710,21,24,-9,84
8630220,47,63,7,77
8630730,99,101,-14,91
8631240,20,37,7,84
8631750,72,76,2,82
8632260,95,86,0,82
8632770,7,22,4,78
8633280,35,61,10,68
8633790,61,99,-4,72
8634300,43,35,-6,78
8634810,69,42,-4,82
8635320,94,45,2,80
8635830,17,72,10,70
8636340,84,63,-11,81
8636850,7,64,10,71
8637360,32,84,0,71
8637870,97,33,-11,82
8638380,20,60,3,79
8638890,46,51,2,77
8639400,28,89,0,77
8639910,95,38,-2,79
8640420,18,65,1,78
8640930,17,56,-1,79
8641440,56,47,-7,86
8641950,87,50,9,77
8642460,10,77,2,75
8642970,35,26,-8,83
8643480,61,33,1,82
8643990,86,40,-2,84
8644500,9,67,11,73
8645010,34,87,2,71
8645520,30,78,-8,79
8646030,97,69,-3,82
8646540,20,96,5,77
8647050,87,45,-7,84
8647560,10,72,9,75
8648070,35,92,0,75
8648580,31,28,-15,90
8649090,50,67,9,81
8649600,32,3,1,80
8650110,47,28,0,80
8650620,72,35,6,74
8651130,97,62,-6,80
8651640,20,89,7,73
8652150,87,38,-9,82
8652660,10,3,-4,86
8653170,67,14,3,83
8653680,82,24,-1,84
8654190,5,51,10,74
8654700,30,71,4,70
8655210,95,62,-10,80
8655720,18,89,6,74
8656230,85,38,-11,85
8656740,8,65,11,74
8657250,33,85,0,74
8657760,98,76,-7,81
8658270,21,77,6,75
8658780,7,41,-8,83
8659290,35,32,5,78
8659800,61,43,-8,86
8660310,86,46,5,81
8660820,9,73,6,75
8661330,34,37,-7,82
8661840,86,48,4,78
8662350,9,75,3,75
8662860,34,39,0,75
8663370,86,78,-6,81
8663880,100,24,-5,86
8664390,13,51,8,78
8664900,38,42,-1,79
8665410,57,53,-1,80
8665920,39,15,5,75
8666430,54,22,-7,82
8666940,79,29,3,79
8667450,2,56,3,76
8667960,27,47,-1,77
8668470,79,9,0,77
8668980,53,19,0,77
8669490,78,26,-6,83
8670000,1,53,6,77
8670510,26,44,0,77
8671020,78,51,-7,84
8671530,1,52,10,74
8672040,26,43,-8,82
8672550,78,50,3,79
8673060,1,77,1,78
8673570,26,41,1,77
8674080,78,3,-4,81
8674590,52,22,-5,86
8675100,77,29,7,79
8675610,0,56,-4,83
8676120,25,6,4,79
8676630,26,31,-4,83
8677140,78,70,-2,85
8677650,92,32,-1,86
8678160,15,59,5,81
8678670,34,50,6,75
8679180,16,61,-2,77
8679690,15,52,-5,82
8680200,43,43,3,79
8680710,25,54,0,79
8681220,53,16,-1,80
8681730,35,26,-1,81
8682240,17,37,1,80
8682750,45,44,-2,82
8683260,27,55,5,77
8683770,53,17,-3,80
8684280,35,27,0,80
8684790,35,34,-4,84
8685300,87,45,2,82
8685810,10,72,9,73
8686320,35,63,2,71
8686830,17,83,-5,76
8687340,84,74,-7,83
8687850,7,75,6,77
8688360,32,39,-4,81
8688870,84,50,4,77
8689380,7,77,3,74
8689890,32,41,-13,87
8690400,84,52,3,84
8690910,7,79,7,77
8691420,49,28,-1,78
8691930,74,35,-1,79
8692440,99,62,2,77
8692950,22,89,2,75
8693460,89,38,-5,80
8693970,12,65,4,76
8694480,37,56,3,73
8694990,19,2,-5,78
8695500,76,27,-6,84
8696010,101,54,7,77
8696520,24,81,2,75
8697030,91,72,-7,82
8697540,14,73,9,73
8698050,39,93,-4,77
8698560,44,84,-2,79
8699070,26,75,0,79
8699580,52,66,7,72
8700090,34,91,-2,74
8700600,99,82,-6,80
8701110,22,83,5,75
8701620,87,74,-13,88
8702130,101,75,11,77
8702640,24,76,0,77
8703150,50,74,3,74
8703660,62,10,-8,82
8704170,36,20,4,78
8704680,61,27,-2,80
8705190,86,34,-4,84
8705700,9,61,4,80
8706210,34,52,3,77
8706720,60,14,1,76
8707230,34,24,-9,85
8707740,60,35,0,85
8708250,85,42,-1,86
8708760,8,69,7,79
8709270,33,60,7,72
8709780,98,71,-2,74
8710290,21,72,-2,76
8710800,85,63,-12,88
8711310,8,64,14,74
8711820,33,84,3,71
8712330,98,75,-12,83
8712840,21,76,15,68
8713350,7,74,-11,79
8713860,22,38,-3,82
8714370,56,12,4,78
8714880,32,22,-3,81
8715390,47,33,-1,82
8715900,78,40,1,81
8716410,1,67,9,72
8716920,26,31,-13,85
8717430,45,42,4,81
8717940,27,53,7,74
8718450,96,15,-5,79
8718960,9,25,-5,84
8719470,34,64,2,82
8719980,60,18,-1,83
8720490,75,45,-1,84
8721000,44,48,6,78
8721510,26,59,6,72
8722020,52,50,3,69
8722530,34,61,-5,74
8723040,39,52,-2,76
8723550,21,63,2,74
8724060,47,54,-4,78
8724570,29,16,-3,81
8725080,44,23,8,73
8725590,69,30,-6,79
8726100,94,33,-3,82
8726610,17,60,6,76
8727120,39,51,0,76
8727630,21,62,0,76
8728140,46,60,2,74
8728650,28,6,-11,85
8729160,29,13,10,75
8729670,44,20,-2,77
8730180,69,27,-1,78
8730690,25,54,-1,79
8731200,59,16,-2,81
8731710,33,26,-3,84
8732220,59,37,-2,86
8732730,84,44,5,81
8733240,7,71,8,73
8733750,32,91,-6,79
8734260,58,82,-3,82
8734770,40,18,0,82
8735280,55,25,-3,85
8735790,80,32,2,83
8736300,3,59,9,74
8736810,28,50,-7,81
8737320,62,61,3,78
8737830,85,7,-3,81
8738340,59,17,-2,83
8738850,74,27,-1,84
8739360,99,54,6,78
8739870,22,81,4,74
8740380,89,72,-10,84
8740890,12,73,12,72
8741400,37,64,-7,79
8741910,51,55,2,77
8742420,33,17,3,74
8742930,97,24,-9,83
8743440,10,51,9,74
8743950,35,42,-9,83
8744460,87,53,2,81
8744970,10,80,0,81
8745480,35,71,5,76
8745990,100,62,4,72
8746500,23,89,-1,73
8747010,90,80,-18,91
8747520,13,26,11,80
8748030,47,65,3,77
8748540,29,11,-3,80
8749050,44,18,2,78
8749560,69,25,-2,80
8750070,94,52,2,78
8750580,17,79,4,74
8751090,84,70,-8,82
8751600,7,71,3,79
8752110,32,62,9,70
8752620,58,53,-12,82
8753130,40,64,3,79
8753640,22,75,10,69
8754150,89,66,-15,84
8754660,12,67,9,75
8755170,37,58,-2,77
8755680,19,69,6,71
8756190,86,60,-16,87
8756700,9,61,9,78
8757210,34,52,0,78
8757720,60,63,-9,87
8758230,42,9,5,82
8758740,4,16,1,81
8759250,29,67,2,79
8759760,63,58,-2,81
8760270,7,69,6,75
8760780,32,60,-1,76
8761290,37,51,1,75
8761800,19,62,-2,77
8762310,47,53,0,77
8762820,29,64,-2,79
8763330,63,100,4,75
8763840,45,46,-9,84
8764350,27,57,11,73
8764860,61,48,-9,82
8765370,86,59,3,79
8765880,9,60,4,75
8766390,34,51,-5,80
8766900,60,62,5,75
8767410,42,73,-4,79
8767920,24,64,1,78
8768430,38,55,1,77
8768940,20,66,3,74
8769450,46,57,0,74
8769960,28,68,-5,79
8770470,62,59,2,77
8770980,44,70,1,76
8771490,26,61,4,72
8772000,52,52,-7,79
8772510,78,63,-8,87
8773020,1,66,9,78
8773530,26,57,4,74
8774040,60,48,-3,77
8774550,85,59,-5,82
8775060,8,60,7,75
8775570,33,51,-4,79
8776080,82,62,-1,80
8776590,5,63,10,70
8777100,30,54,-6,76
8777610,9,45,-2,78
8778120,34,36,-4,82
8778630,68,47,-2,84
8779140,93,50,6,78
8779650,16,77,5,73
8780160,83,68,-15,88
8780670,6,69,9,79
8781180,31,60,5,74
8781690,36,51,0,74
8782200,18,62,-5,79
8782710,44,53,4,75
8783220,26,64,-1,76
8783730,60,55,-2,78
8784240,37,66,1,77
8784750,42,57,2,75
8785260,24,68,2,73
8785770,50,59,-8,81
8786280,32,5,6,75
8786790,14,30,-13,88
8787300,48,69,10,78
8787810,30,5,3,75
8788320,45,30,-7,82
8788830,45,37,2,80
8789340,27,48,5,75
8789850,79,59,-3,78
8790360,2,60,0,78
8790870,27,51,2,76
8791380,61,42,0,76
8791890,86,45,-4,80
8792400,9,72,6,74
8792910,36,63,-7,81
8793420,101,54,7,74
8793930,24,81,-6,80
8794440,88,72,-3,83
8794950,0,73,7,76
8795460,25,64,-2,78
8795970,59,55,1,77
8796480,41,66,8,69
8796990,23,57,-9,78
8797500,57,48,3,75
8798010,39,59,3,72
8798520,21,82,-1,73
8799030,88,73,-13,86
8799540,0,74,9,77
8800050,25,65,-6,83
8800560,59,56,4,79
8801070,41,2,0,79
8801580,23,21,0,79
8802090,57,32,3,76
8802600,82,39,-6,82
8803110,5,66,9,73
8803620,30,57,7,66
8804130,35,48,-10,76
8804640,17,59,2,74
8805150,36,50,-4,78
8805660,18,61,0,78
8806170,10,52,-2,80
8806680,35,43,-3,83
8807190,17,54,3,80
8807700,45,45,-3,83
8808210,27,56,5,78
8808720,61,47,-7,85
8809230,86,50,4,81
8809740,9,77,4,77
8810250,34,68,5,72
8810760,39,59,-4,76
8811270,21,82,3,73
8811780,86,73,-13,86
8812290,100,74,8,78
8812800,23,101,-1,79
8813310,68,92,2,77
8813820,50,28,-2,79
8814330,75,35,-1,80
8814840,88,62,-1,81
8815350,11,63,3,78
8815860,36,54,4,74
8816370,18,65,-1,75
8816880,99,56,-1,76
8817390,22,83,3,73
8817900,87,74,-13,86
8818410,101,75,8,78
8818920,24,0,1,77
8819430,81,25,-5,82
8819940,4,52,3,79
8820450,29,43,1,78
8820960,63,54,-4,82
8821470,77,65,0,82
8821980,91,66,1,81
8822490,14,67,6,75
8823000,95,58,-7,82
8823510,18,85,5,77
8824020,63,76,2,75
8824530,45,12,-3,78
8825040,27,31,-1,79
8825550,79,42,0,79
8826060,71,69,1,78
8826570,53,99,-8,86
8827080,35,90,7,79
8827590,49,81,0,79
8828100,31,72,3,76
8828610,96,63,-3,79
8829120,19,90,8,71
8829630,64,81,-12,83
8830140,46,17,5,78
8830650,28,24,-5,83
8831160,62,35,3,80
8831670,87,42,0,80
8832180,10,69,2,78
8832690,35,60,5,73
8833200,17,51,-7,80
8833710,42,42,-9,89
8834220,76,53,11,78
8834730,101,54,0,78
8835240,24,81,6,72
8835750,89,72,-14,86
8836260,1,73,9,77
8836770,26,37,-13,90
8837280,60,48,9,81
8837790,42,59,7,74
8838300,24,70,0,74
8838810,89,61,-10,84
8839320,1,88,2,82
8839830,26,37,-3,85
8840340,78,48,7,78
8840850,1,49,-2,80
8841360,26,40,3,77
8841870,60,51,-6,83
8842380,74,62,-4,87
8842890,88,73,6,81
8843400,0,74,5,76
8843910,25,38,-2,78
8844420,7,49,-4,82
8844930,32,40,1,81
8845440,84,51,-3,84
8845950,7,51,7,77
8846460,32,42,1,76
8846970,14,53,-4,80
8847480,39,44,8,72
8847990,21,55,-4,76
8848500,55,46,-4,80
8849010,37,57,6,74
8849520,19,68,-5,79
8850030,100,59,-1,80
8850540,23,86,2,78
8851050,90,77,-9,87
8851560,2,78,10,77
8852070,27,42,-4,81
8852580,61,53,7,74
8853090,43,54,-8,82
8853600,25,65,9,73
8854110,90,56,-9,82
8854620,13,83,3,79
8855130,88,74,-6,85
8855640,11,75,8,77
8856150,36,66,7,70
8856660,41,57,-4,74
8857170,23,68,-3,77
8857680,88,59,-10,87
8858190,11,60,7,80
8858700,36,51,1,79
8859210,18,62,7,72
8859720,83,53,-11,83
8860230,6,54,9,74
8860740,31,45,3,71
8861250,13,56,-4,75
8861760,38,47,-5,80
8862270,20,58,1,79
8862780,54,49,0,79
8863290,36,60,3,76
8863800,18,71,-1,77
8864310,82,62,-10,87
8864820,5,63,14,73
8865330,30,54,-5,78
8865840,95,65,-2,80
8866350,18,92,0,80
8866860,83,41,-4,84
8867370,6,68,7,77
8867880,31,32,-11,88
8868390,65,43,11,77
8868900,90,54,-5,82
8869410,13,81,5,77
8869920,88,45,-5,82
8870430,11,72,9,73
8870940,36,36,-7,80
8871450,18,47,3,77
8871960,52,56,-2,79
8872470,34,67,1,78
8872980,99,16,-1,79
8873490,12,26,-5,84
8874000,37,65,11,73
8874510,19,76,-4,77
8875020,84,40,-1,78
8875530,7,67,5,73
8876040,32,31,-14,87
8876550,66,42,6,81
8877060,91,53,3,78
8877570,14,80,-4,82
8878080,39,71,9,73
8878590,21,17,-3,76
8879100,85,28,-5,81
8879610,8,55,3,78
8880120,33,46,-2,80
8880630,15,57,9,71
8881140,40,21,-9,80
8881650,65,32,-2,82
8882160,90,39,3,79
8882670,13,66,2,77
8883180,38,57,6,71
8883690,20,68,-5,76
8884200,6,59,-3,79
8884710,70,23,1,78
8885220,95,50,1,77
8885730,18,77,1,76
8886240,83,68,-11,87
8886750,6,69,16,71
8887260,31,60,-8,79
8887770,96,71,-5,84
8888280,19,72,13,71
8888790,84,63,-12,83
8889300,7,64,-1,84
8889810,32,55,6,78
8890320,14,64,1,77
8890830,78,28,-6,83
8891340,1,55,6,77
8891850,26,46,3,74
8892360,91,55,-5,79
8892870,14,82,6,73
8893380,79,46,-6,79
8893890,2,73,0,79
8894400,27,37,0,79
8894910,9,48,1,78
8895420,34,39,-7,85
8895930,68,50,6,79
8896440,93,51,1,78
8896950,16,78,5,73
8897460,80,69,-12,85
8897970,94,70,5,80
8898480,17,71,6,74
8898990,82,62,-9,83
8899500,5,63,7,76
8900010,30,54,-3,79
8900520,64,65,-1,80
8901030,46,95,2,78
8901540,28,86,6,72
8902050,93,35,-10,82
8902560,16,62,9,73
8903070,83,53,-9,82
8903580,6,54,7,75
8904090,31,45,-2,77
8904600,13,56,1,76
8905110,38,47,-2,78
8905620,20,58,0,78
8906130,54,49,1,77
8906640,36,60,1,76
8907150,18,51,0,76
8907660,99,42,-1,77
8908170,22,69,11,66
8908680,87,60,-13,79
8909190,10,61,6,73
8909700,35,81,-5,78
8910210,100,72,2,76
8910720,23,99,-1,77
8911230,88,48,0,77
8911740,11,75,2,75
8912250,36,39,-2,77
8912760,18,50,-2,79
8913270,52,41,-6,85
8913780,34,52,11,74
8914290,16,63,-2,76
8914800,97,54,-3,79
8915310,20,81,4,75
8915820,85,72,-6,81
8916330,99,73,4,77
8916840,22,74,4,73
8917350,8,65,-3,76
8917860,24,29,-7,83
8918370,58,40,0,83
8918880,64,51,1,82
8919390,89,52,4,78
8919900,12,79,-3,81
8920410,37,70,4,77
8920920,19,61,2,75
8921430,100,52,-5,80
8921940,23,79,8,72
8922450,88,43,-11,83
8922960,11,70,10,73
8923470,36,34,-8,81
8923980,23,45,4,77
8924490,57,54,-1,78
8925000,39,16,-1,79
8925510,21,23,-1,80
8926020,55,34,-2,82
8926530,80,41,-4,86
8927040,3,42,9,77
8927550,28,33,-7,84
8928060,55,44,3,81
8928570,37,55,3,78
8929080,19,66,-5,83
8929590,38,57,5,78
8930100,20,80,1,77
8930610,87,71,-4,81
8931120,101,72,6,75
8931630,24,73,4,71
8932140,89,37,-9,80
8932650,12,64,7,73
8933160,93,84,-11,84
8933670,5,20,8,76
8934180,6,17,-5,81
8934690,7,56,2,79
8935200,32,47,-4,83
8935710,14,70,8,75
8936220,89,61,-10,85
8936730,1,62,7,78
8937240,26,26,-7,85
8937750,78,37,1,84
8938260,1,64,6,78
8938770,26,28,-2,80
8939280,78,39,-3,83
8939790,1,66,5,78
8940300,26,30,-4,82
8940810,60,41,1,81
8941320,85,52,0,81
8941830,8,79,7,74
8942340,89,43,-10,84
8942850,12,70,6,78
8943360,28,34,-4,82
8943870,80,45,4,78
8944380,3,72,0,78
8944890,28,36,-2,80
8945400,80,47,-3,83
8945910,3,74,5,78
8946420,28,24,0,78
8946930,49,35,-1,79
8947440,74,46,-8,87
8947950,99,47,14,73
8948460,22,74,-1,74
8948970,1,38,-8,82
8949480,29,29,-1,83
8949990,63,40,1,82
8950500,88,43,3,79
8951010,11,70,3,76
8951520,27,90,7,69
8952030,92,39,-12,81
8952540,15,66,6,75
8953050,34,86,1,74
8953560,99,77,-2,76
8954070,11,78,1,75
8954580,27,42,-3,78
8955090,61,53,0,78
8955600,75,15,-9,87
8956110,90,42,7,80
8956620,13,69,3,77
8957130,32,89,5,72
8957640,97,53,-4,76
8958150,20,80,0,76
8958660,87,44,-4,80
8959170,10,71,4,76
8959680,35,62,-1,77
8960190,40,94,3,74
8960700,45,43,-2,76
8961210,66,54,5,71
8961720,48,55,-8,79
8962230,30,17,1,78
8962740,45,28,0,78
8963250,50,35,-4,82
8963760,75,46,3,79
8964270,100,73,3,76
8964780,12,74,7,69
8965290,31,40,-14,83
8965800,83,51,-3,86
8966310,6,52,13,73
8966820,31,72,-2,75
8967330,96,63,1,74
8967840,8,90,-8,82
8968350,89,39,-4,86
8968860,12,66,14,72
8969370,31,86,-3,75
8969880,96,50,-1,76
8970390,19,77,1,75
8970900,86,41,-7,82
8971410,9,68,10,72
8971920,34,88,0,72
8972430,39,52,0,72
8972940,21,63,0,72
8973450,0,54,-4,76
8973960,16,4,-2,78
8974470,73,15,-4,82
8974980,88,42,-1,83
8975490,51,69,4,79
8976000,33,31,4,75
8976510,54,42,-4,79
8977020,59,43,3,76
8977530,84,54,-6,82
8978040,98,55,3,79
8978550,21,82,8,71
8979060,88,46,-10,81
8979570,11,73,6,75
8980080,36,37,-7,82
8980590,18,57,8,74
8981100,99,21,-2,76
8981610,12,48,-8,84
8982120,40,57,9,75
8982630,22,19,-6,81
8983140,56,30,0,81
8983650,81,37,1,80
8984160,4,64,4,76
8984670,29,28,-7,83
8985180,50,39,8,75
8985690,32,50,0,75
8986200,14,61,1,74
8986710,33,81,0,74
8987220,98,72,-2,76
8987730,10,73,-1,77
8988240,26,37,-1,78
8988750,78,48,-3,81
8989260,1,49,6,75
8989770,65,69,-3,78
8990280,47,5,2,76
8990790,29,24,-2,78
8991300,50,35,0,78
8991810,32,46,2,76
8992320,14,57,0,76
8992830,42,48,0,76
8993340,24,59,7,69
8993850,58,50,-13,82
8994360,40,51,8,74
8994870,22,62,-2,76
8995380,1,26,-7,83
8995890,29,23,1,82
8996400,48,34,8,74
8996910,30,45,-2,76
8997420,12,56,-5,81
8997930,40,47,12,69
8998440,22,58,-5,74
8998950,1,49,1,73
8999460,26,69,-4,77
8999970,40,60,2,75
9000480,22,83,2,73
9000990,89,32,-10,83
9001500,12,59,11,72
9002010,31,79,-3,75
9002520,96,70,-6,81
9003030,8,71,10,71
9003540,33,35,-12,83
9004050,15,46,1,82
9004560,43,55,9,73
9005070,25,78,2,71
9005580,4,42,-9,80
9006090,32,33,5,75
9006600,84,44,-7,82
9007110,7,37,2,80
9007620,35,11,4,76
9008130,50,20,-7,83
9008640,32,27,2,81
9009150,14,38,-1,82
9009660,42,47,4,78
9010170,24,58,6,72
9010680,3,49,-8,80
9011190,28,69,4,76
9011700,42,60,4,72
9012210,24,83,-5,77
9012720,89,74,-4,81
9013230,1,75,4,77
9013740,26,72,7,70
9014250,12,70,-4,74
9014760,93,61,-6,80
9015270,5,88,1,79
9015780,86,37,-4,83
9016290,9,64,9,74
9016800,34,84,-4,78
9017310,39,75,1,77
9017820,2,66,4,73
9018330,27,30,-14,87
9018840,79,41,0,87
9019350,2,42,4,83
9019860,30,33,1,82
9020370,82,44,5,77
9020880,5,71,0,77
9021390,30,20,0,77
9021900,45,31,-5,82
9022410,27,42,14,68
9022920,9,51,-16,84
9023430,37,42,4,80
9023940,19,53,-5,85
9024450,100,44,3,82
9024960,23,71,9,73
9025470,2,62,-4,77
9025980,27,59,0,77
9026490,61,50,-7,84
9027000,75,51,3,81
9027510,100,52,7,74
9028020,23,79,1,73
9028530,90,43,-7,80
9029040,13,70,0,80
9029550,32,61,11,69
9030060,97,52,-8,77
9030570,20,79,2,75
9031080,87,70,-8,83
9031590,6,71,7,76
9032100,31,21,-3,79
9032610,46,32,-2,81
9033120,28,43,0,81
9033630,62,52,-1,82
9034140,44,53,3,79
9034650,26,62,9,70
9035160,91,53,-13,83
9035670,14,80,9,74
9036180,33,100,3,71
9036690,98,55,-13,84
9037200,21,82,16,68
9037710,4,73,-15,83
9038220,23,64,4,79
9038730,2,55,4,75
9039240,27,46,-5,80
9039750,79,55,5,75
9040260,2,56,-4,79
9040770,27,47,-3,82
9041280,61,46,-3,85
9041790,43,47,9,76
9042300,25,58,-5,81
9042810,59,49,-2,83
9043320,41,50,12,71
9043830,23,61,-3,74
9044340,2,52,4,70
9044850,21,43,-10,80
9045360,55,52,-3,83
9045870,37,63,6,77
9046380,16,54,-6,83
9046890,44,45,9,74
9047400,26,56,-5,79
9047910,60,47,1,78
9048420,42,48,0,78
9048930,24,59,3,75
9049440,3,50,0,75
9049950,28,82,4,71
9050460,93,73,-15,86
9050970,5,74,14,72
9051480,30,65,-4,76
9051990,95,56,-3,79
9052500,18,83,0,79
9053010,85,74,-7,86
9053520,99,75,5,81
9054030,11,76,8,73
9054540,92,67,-8,81
9055050,4,68,7,74
9055560,29,59,1,73
9056070,34,50,-3,76
9056580,16,59,3,73
9057090,97,50,-5,78
9057600,20,77,-1,79
9058110,84,68,-5,84
9058620,98,69,5,79
9059130,10,96,3,76
9059640,91,45,-10,86
9060150,14,72,13,73
9060660,17,63,-2,75
9061170,98,54,-10,85
9061680,21,81,17,68
9062190,88,79,-24,92
9062700,0,80,16,76
9063210,25,77,4,72
9063720,4,68,-5,77
9064230,29,59,2,75
9064740,94,50,-1,76
9065250,17,77,6,70
9065760,98,68,-15,85
9066270,10,95,5,80
9066780,91,44,2,78
9067290,14,71,5,73
9067800,95,62,-9,82
9068310,18,89,9,73
9068820,99,80,-10,83
9069330,11,81,11,72
9069840,92,101,-10,82
9070350,74,37,0,82
9070860,99,64,9,73
9071370,11,91,-5,78
9071880,92,31,-5,83
9072390,5,58,8,75
9072900,11,49,-1,76
9073410,39,40,-2,78
9073920,21,51,-1,79
9074430,97,42,-3,82
9074940,20,69,10,72
9075450,101,60,-8,80
9075960,24,87,6,74
9076470,91,85,-3,77
9076980,3,86,-4,81
9077490,22,83,2,79
9078000,89,74,-5,84
9078510,1,75,9,75
9079020,82,72,-6,81
9079530,96,73,3,78
9080040,8,74,0,78
9080550,33,29,-5,83
9081060,54,40,5,78
9081570,68,51,-3,81
9082080,60,52,1,80
9082590,42,53,6,74
9083100,24,64,-2,76
9083610,3,55,6,70
9084120,28,46,-7,77
9084630,62,55,-4,81
9085140,44,66,0,81
9085650,26,57,6,75
9086160,5,48,-2,77
9086670,30,39,-4,81
9087180,82,50,2,79
9087690,5,77,0,79
9088200,24,68,5,74
9088710,3,59,-4,78
9089220,28,50,4,74
9089730,7,41,0,74
9090240,35,32,-6,80
9090750,17,43,3,77
9091260,45,40,1,76
9091770,27,51,-9,85
9092280,61,58,5,80
9092790,75,59,-2,82
9093300,89,60,4,78
9093810,1,87,0,78
9094320,21,84,3,75
9094830,88,75,-1,76
9095340,0,76,2,74
9095850,25,73,3,71
9096360,4,64,-7,78
9096870,29,55,1,77
9097380,8,46,-4,81
9097890,36,37,1,80
9098400,18,48,1,79
9098910,52,39,-2,81
9099420,34,50,8,73
9099930,0,61,-5,78
9100440,25,38,3,75
9100950,59,49,2,73
9101460,73,50,-9,82
9101970,87,51,4,78
9102480,101,78,-3,81
9102990,13,79,10,71
9103500,94,70,-11,82
9104010,6,71,5,77
9104520,31,62,0,77
9105030,10,53,0,77
9105540,38,44,2,75
9106050,17,55,-6,81
9106560,36,46,7,74
9107070,18,57,-3,77
9107580,37,48,0,77
9108090,19,59,-2,79
9108600,47,50,-3,82
9109110,29,61,10,72
9109620,94,52,-4,76
9110130,17,79,3,73
9110640,98,70,-8,81
9111150,10,71,9,72
9111660,35,91,-2,74
9112170,100,89,-5,79
9112680,12,90,-1,80
9113190,93,45,0,80
9113700,16,72,8,72
9114210,35,92,-4,76
9114720,100,83,-4,80
9115230,12,84,7,73
9115740,93,39,-3,76
9116250,16,66,7,69
9116760,35,86,1,68
9117270,100,77,-15,83
9117780,12,78,5,78
9118290,31,69,1,77
9118800,96,60,-2,79
9119310,8,87,3,76
9119820,27,37,-6,82
9120330,61,48,2,80
9120840,75,59,1,79
9121350,89,60,-1,80
9121860,1,61,4,76
9122370,26,11,1,75
9122880,41,22,0,75
9123390,23,29,-3,78
9123900,42,40,-2,80
9124410,24,51,7,73
9124920,43,42,-6,79
9125430,25,53,2,77
9125940,53,44,0,77
9126450,35,55,4,73
9126960,40,66,-1,74
9127470,45,57,0,74
9127980,8,68,0,74
9128490,27,18,-6,80
9129000,46,29,2,78
9129510,46,40,-4,82
9130020,60,51,3,79
9130530,74,52,-1,80
9131040,88,53,-2,82
9131550,0,80,7,75
9132060,25,30,-1,76
9132570,56,41,-5,81
9133080,70,52,0,81
9133590,84,53,0,81
9134100,98,80,4,77
9134610,10,81,-1,78
9135120,29,31,-1,79
9135630,81,42,-1,80
9136140,4,69,5,75
9136650,29,89,0,75
9137160,94,87,0,75
9137670,6,88,-3,78
9138180,31,28,2,76
9138690,50,39,-9,85
9139200,55,50,6,79
9139710,69,61,2,77
9140220,83,62,-6,83
9140730,97,63,7,76
9141240,41,90,3,73
9141750,46,81,-5,78
9142260,51,72,0,78
9142770,33,73,1,77
9143280,98,64,-3,80
9143790,10,91,1,79
9144300,30,31,-2,81
9144810,9,42,6,75
9145320,37,33,-10,85
9145830,16,44,6,79
9146340,44,53,8,71
9146850,26,64,-7,78
9147360,45,55,6,72
9147870,27,66,-4,76
9148380,6,57,2,74
9148890,31,80,-3,77
9149400,50,71,-4,81
9149910,32,11,1,80
9150420,14,18,-11,91
9150930,42,29,16,75
9151440,47,40,0,75
9151950,29,51,-6,81
9152460,43,62,8,73
9152970,25,73,1,72
9153480,90,64,-11,83
9153990,2,91,6,77
9154500,27,31,-7,84
9155010,79,42,5,79
9155520,2,69,3,76
9156030,27,19,-10,86
9156540,46,30,4,82
9157050,51,41,3,79
9157560,65,52,-6,85
9158070,79,63,1,84
9158580,93,64,3,81
9159090,5,91,2,79
9159600,86,31,-2,81
9160110,101,58,3,78
9160620,13,85,2,76
9161130,94,28,-6,82
9161640,7,55,11,71
9162150,32,75,-1,72
9162660,97,66,-5,77
9163170,9,93,-1,78
9163680,90,33,-7,85
9164190,3,60,13,72
9164700,28,80,-5,77
9165210,93,71,-6,83
9165720,5,72,6,77
9166230,30,22,-6,83
9166740,9,33,2,81
9167250,84,30,0,81
9167760,99,57,7,74
9168270,11,84,-3,77
9168780,92,34,-4,81
9169290,5,61,5,76
9169800,30,81,6,70
9170310,95,79,-6,76
9170820,65,80,-5,81
9171330,47,8,7,74
9171840,29,27,-3,77
9172350,97,38,0,77
9172860,20,65,6,71
9173370,87,85,-17,88
9173880,101,86,10,78
9174390,13,87,5,73
9174900,88,30,-7,80
9175410,1,57,5,75
9175920,26,77,6,69
9176430,91,97,-9,78
9176940,3,22,-5,83
9177450,31,19,3,80
9177960,10,30,-4,84
9178470,38,27,3,81
9178980,20,38,-3,84
9179490,72,45,3,81
9180000,72,46,-4,85
9180510,86,47,6,79
9181020,100,74,4,75
9181530,12,101,-8,83
9182040,93,41,2,81
9182550,16,68,3,78
9183060,35,59,5,73
9183570,40,101,-4,77
9184080,3,56,1,76
9184590,28,76,5,71
9185100,93,74,-9,80
9185610,5,75,6,74
9186120,30,41,-4,78
9186630,82,52,1,77
9187140,96,79,-5,82
9187650,8,80,1,81
9188160,33,46,4,77
9188670,51,57,-2,79
9189180,33,19,0,79
9189690,48,26,1,78
9190200,73,33,-7,85
9190710,98,34,7,78
9191220,21,61,2,76
9191730,73,52,-7,83
9192240,87,53,3,80
9192750,101,80,3,77
9193260,13,81,-3,80
9193770,32,101,2,78
9194280,97,44,-5,83
9194790,20,71,8,75
9195300,87,91,-11,86
9195810,101,27,4,82
9196320,14,54,3,79
9196830,42,45,-2,81
9197340,24,56,6,75
9197850,43,47,-4,79
9198360,25,58,-3,82
9198870,101,49,11,71
9199380,24,76,0,71
9199890,29,96,-3,74
9200400,26,36,-4,78
9200910,78,47,-3,81
9201420,92,48,3,78
9201930,4,75,2,76
9202440,29,25,-1,77
9202950,8,36,-9,86
9203460,36,33,3,83
9203970,50,44,1,82
9204480,32,55,5,77
9204990,100,97,-7,84
9205500,12,33,0,84
9206010,40,40,10,74
9206520,22,51,-5,79
9207030,56,16,-1,80
9207540,38,43,6,74
9208050,20,54,-3,77
9208560,72,45,-8,85
9209070,86,46,1,84
9209580,100,47,12,72
9210090,23,74,-5,77
9210600,42,94,3,74
9211110,5,85,-3,77
9211620,30,35,-2,79
9212130,82,46,-2,81
9212640,96,73,1,80
9213150,8,74,3,77
9213660,27,94,3,74
9214170,94,37,-9,83
9214680,7,64,8,75
9215190,32,84,-2,77
9215700,97,75,-2,79
9216210,73,76,-7,86
9216720,87,38,7,79
9217230,10,65,7,72
9217740,35,85,-3,75
9218250,100,76,-8,83
9218760,12,77,9,74
9219270,93,27,-15,89
9219780,6,54,8,81
9220290,31,74,8,73
9220800,96,65,-8,81
9221310,8,92,3,78
9221820,83,32,-5,83
9222330,48,59,3,80
9222840,30,70,8,72
9223350,4,61,-4,76
9223860,29,81,3,73
9224370,94,47,-8,81
9224880,17,74,7,74
9225390,84,17,-13,87
9225900,99,44,11,76
9226410,22,71,8,68
9226920,89,62,-15,83
9227430,1,63,6,77
9227940,26,13,-1,78
9228450,27,20,-4,82
9228960,46,31,5,77
9229470,46,38,-3,80
9229980,28,49,6,74
9230490,96,60,1,73
9231000,8,87,-8,81
9231510,33,27,0,81
9232020,101,38,2,79
9232530,24,65,10,69
9233040,91,56,-12,81
9233550,3,83,0,81
9234060,28,23,4,77
9234570,47,34,-2,79
9235080,47,45,3,76
9235590,29,56,-2,78
9236100,63,98,-1,79
9236610,45,38,-1,80
9237120,27,49,-7,87
9237630,46,60,12,75
9238140,28,71,3,72
9238650,95,62,-5,77
9239160,7,89,0,77
9239670,26,29,-6,83
9240180,78,40,2,81
9240690,1,67,5,76
9241200,26,101,3,73
9241710,93,41,-6,79
9242220,16,68,2,77
9242730,80,59,-8,85
9243240,94,60,5,80
9243750,6,87,5,75
9244260,81,27,-13,88
9244770,96,54,14,74
9245280,19,81,-2,76
9245790,86,72,-8,84
9246300,100,73,6,78
9246810,12,100,1,77
9247320,97,40,-8,85
9247830,20,67,11,74
9248340,87,58,-10,84
9248850,101,59,5,79
9249360,24,86,2,77
9249870,91,32,-5,82
9250380,14,59,10,72
9250890,49,50,-8,80
9251400,31,61,5,75
9251910,65,52,-8,83
9252420,79,53,3,80
9252930,93,54,0,80
9253440,16,81,6,74
9253950,59,47,-6,80
9254460,59,58,3,77
9254970,41,20,3,74
9255480,66,27,-8,82
9255990,91,28,-3,85
9256500,4,55,5,80
9257010,29,46,6,74
9257520,81,57,-8,82
9258030,95,58,3,79
9258540,7,85,0,79
9259050,26,25,-6,85
9259560,45,36,11,74
9260070,45,47,-5,79
9260580,27,58,5,74
9261090,95,100,-6,80
9261600,7,36,-8,88
9262110,35,33,8,80
9262620,87,44,2,78
9263130,10,71,-4,82
9263640,35,26,5,77
9264150,35,37,-5,82
9264660,87,48,1,81
9265170,10,75,2,79
9265680,35,66,0,79
9266190,25,57,2,77
9266700,59,48,-4,81
9267210,73,59,1,80
9267720,87,60,-3,83
9268230,101,61,10,73
9268740,24,88,-7,80
9269250,91,28,-9,89
9269760,4,55,14,75
9270270,29,75,1,74
9270780,94,66,-2,76
9271290,6,93,-5,81
9271800,81,14,-3,84
9272310,96,41,3,81
9272820,19,68,9,72
9273330,38,88,0,72
9273840,1,79,-3,75
9274350,17,19,-13,88
9274860,36,30,12,76
9275370,15,41,-4,80
9275880,43,50,2,78
9276390,25,61,-3,81
9276900,44,23,2,79
9277410,44,30,0,79
9277920,44,41,-1,80
9278430,10,52,8,72
9278940,38,72,2,70
9279450,28,63,-7,77
9279960,95,54,-2,79
9280470,7,81,3,76
9280980,88,72,-10,86
9281490,0,73,9,77
9282000,19,23,-5,82
9282510,38,34,-1,83
9283020,57,45,5,78
9283530,71,46,-3,81
9284040,71,47,-12,93
9284550,85,48,19,74
9285060,8,75,-3,77
9285570,27,41,-1,78
9286080,79,52,-2,80
9286590,93,53,4,76
9287100,16,80,-1,77
9287610,83,71,-4,81
9288120,97,72,-1,82
9288630,9,99,1,81
9289140,90,39,1,80
9289650,13,4,0,80
9290160,14,15,1,79
9290670,33,26,-2,81
9291180,52,37,3,78
9291690,52,38,-4,82
9292200,52,49,0,82
9292710,71,11,7,75
9293220,45,38,0,75
9293730,27,0,1,74
9294240,9,25,-10,84
9294750,37,22,2,82
9295260,19,33,-1,83
9295770,38,30,6,77
9296280,53,41,0,77
9296790,35,3,-1,78
9297300,17,28,-7,85
9297810,36,67,11,74
9298320,101,58,-3,77
9298830,10,85,-2,79
9299340,26,76,4,75
9299850,12,67,-2,77
9300360,31,87,6,71
9300870,17,78,0,71
9301380,84,98,-3,74
9301890,98,11,-9,83
9302400,72,38,0,83
9302910,97,39,2,81
9303420,20,66,9,72
9303930,39,86,-1,73
9304440,2,77,-5,78
9304950,27,27,-9,87
9305460,46,38,13,74
9305970,28,0,-1,75
9306480,10,25,-2,77
9306990,38,22,-8,85
9307500,0,29,6,79
9308010,28,26,-9,88
9308520,47,37,5,83
9309030,47,48,4,79
9309540,29,59,4,75
9310050,97,101,-14,89
9310560,9,37,10,79
9311070,37,28,-7,86
9311580,86,39,5,81
9312090,9,66,11,70
9312600,28,86,0,70
9313110,93,41,-8,78
9313620,16,68,4,74
9314130,35,88,2,72
9314640,100,79,-10,82
9315150,12,80,11,71
9315660,87,100,-12,83
9316170,101,36,1,82
9316680,24,63,-1,83
9317190,88,54,4,79
9317700,11,81,2,77
9318210,30,24,-3,80
9318720,94,35,-1,81
9319230,17,62,-4,85
9319740,45,53,6,79
9320250,27,15,3,76
9320760,42,26,-2,78
9321270,24,33,-7,85
9321780,43,44,11,74
9322290,25,55,-1,75
9322800,101,46,-9,84
9323310,24,73,14,70
9323820,10,64,-7,77
9324330,29,84,-3,80
9324840,18,75,2,78
9325350,37,66,0,78
9325860,3,6,-6,84
9326370,14,19,3,81
9326880,33,16,3,78
9327390,15,23,-1,79
9327900,43,20,-4,83
9328410,25,27,1,82
9328920,77,24,-2,84
9329430,92,51,4,80
9329940,15,78,7,73
9330450,34,21,-12,85
9330960,49,32,9,76
9331470,74,29,-9,85
9331980,99,56,7,78
9332490,22,83,2,76
9333000,89,1,-7,83
9333510,71,20,5,78
9334020,86,47,-1,79
9334530,53,74,-3,82
9335040,35,14,9,73
9335550,17,23,-8,81
9336060,36,20,1,80
9336570,51,27,-6,86
9337080,76,34,1,85
9337590,101,61,9,76
9338100,24,88,1,75
9338610,91,31,-8,83
9339120,14,58,7,76
9339630,42,78,-2,78
9340140,5,69,1,77
9340650,24,19,-4,81
9341160,43,30,2,79
9341670,25,41,-6,85
9342180,90,52,7,78
9342690,13,79,1,77
9343200,88,34,-8,85
9343710,11,61,7,78
9344220,30,81,5,73
9344730,49,72,-4,77
9345240,31,12,3,74
9345750,46,21,-4,78
9346260,71,28,-3,81
9346770,96,55,2,79
9347280,9,82,-1,80
9347790,34,25,-2,82
9348300,16,36,-1,83
9348810,24,33,5,78
9349320,43,44,5,73
9349830,25,55,-2,75
9350340,44,97,-4,79
9350850,26,88,2,77
9351360,91,43,0,77
9351870,14,70,6,71
9352380,79,96,-7,78
9352890,61,32,-4,82
9353400,86,33,2,80
9353910,9,60,9,71
9354420,73,80,-11,82
9354930,55,16,3,79
9355440,37,43,0,79
9355950,19,54,2,77
9356460,83,45,0,77
9356970,6,72,5,72
9357480,31,92,-3,75
9357990,34,47,-6,81
9358500,16,9,-3,84
9359010,31,20,1,83
9359520,46,31,6,77
9360030,28,38,-5,82
9360540,80,49,4,78
9361050,3,76,3,75
9361560,28,26,-7,82
9362070,47,37,4,78
9362580,29,48,5,73
9363090,11,57,-4,77
9363600,39,77,6,71
9364110,21,68,-4,75
9364620,7,23,-12,87
9365130,35,20,3,84
9365640,50,27,6,78
9366150,32,34,-2,80
9366660,14,45,-4,84
9367170,42,36,3,81
9367680,24,100,1,80
9368190,89,40,-1,81
9368700,12,67,5,76
9369210,76,87,-6,82
9369720,58,23,-3,85
9370230,40,50,12,73
9370740,22,61,-3,76
9371250,12,52,-4,80
9371760,40,43,-1,81
9372270,59,54,1,80
9372780,41,16,0,80
9373290,23,23,-5,85
9373800,42,34,9,76
9374310,24,45,-1,77
9374820,92,54,-7,84
9375330,5,81,5,79
9375840,24,31,6,73
9376350,76,42,-10,83
9376860,101,69,4,79
9377370,13,96,0,79
9377880,88,36,-8,87
9378390,11,63,13,74
9378900,27,83,-4,78
9379410,92,38,-2,80
9379920,15,65,3,77
9380430,91,85,-11,88
9380940,3,21,5,83
9381450,31,18,7,76
9381960,13,15,-2,78
9382470,32,26,-7,85
9382980,96,37,7,78
9383490,19,64,3,75
9384000,9,55,-6,81
9384510,25,46,-6,87
9385020,101,45,7,80
9385530,24,72,5,75
9386040,10,27,-8,83
9386550,38,24,1,82
9387060,20,35,-1,83
9387570,39,46,4,79
9388080,21,57,1,78
9388590,85,99,3,75
9389100,67,35,-7,82
9389610,92,54,4,78
9390120,15,81,7,71
9390630,90,101,-6,77
9391140,72,37,-1,78
9391650,97,64,4,74
9392160,20,91,2,72
9392670,95,31,-10,82
9393180,6,58,1,81
9393690,31,78,1,80
9394200,17,69,3,77
9394710,3,60,1,76
9395220,28,80,4,72
9395730,14,35,-6,78
9396240,42,44,-7,85
9396750,24,55,6,79
9397260,38,97,11,68
9397770,1,52,-7,75
9398280,20,72,5,70
9398790,6,92,-11,81
9399300,87,32,-3,84
9399810,0,59,6,78
9400320,16,79,7,71
9400830,91,22,-11,82
9401340,4,49,6,76
9401850,32,69,3,73
9402360,97,60,-12,85
9402870,9,87,2,83
9403380,25,27,5,78
9403890,89,38,-6,84
9404400,95,65,6,78
9404910,7,92,-7,85
9405420,82,32,5,80
9405930,5,59,7,73
9406440,21,79,-3,76
9406950,7,99,-9,85
9407460,32,39,6,79
9407970,84,50,0,79
9408480,7,77,0,79
9408990,32,97,8,71
9409500,97,52,-4,75
9410010,20,79,-1,76
9410520,84,19,-9,85
9411030,99,46,9,76
9411540,22,73,1,75
9412050,25,64,2,73
9412560,15,55,2,71
9413070,91,46,-3,74
9413580,14,73,2,72
9414090,46,93,0,72
9414600,28,84,-4,76
9415110,93,39,-2,78
9415620,16,66,5,73
9416130,91,86,-21,94
9416640,3,32,12,82
9417150,67,23,5,77
9417660,49,50,5,72
9418170,31,12,0,72
9418680,13,19,-8,80
9419190,32,30,-1,81
9419700,53,41,3,78
9420210,35,3,7,71
9420720,17,28,-9,80
9421230,36,39,0,80
9421740,18,50,0,80
9422250,46,41,2,78
9422760,31,52,2,76
9423270,13,51,2,74
9423780,41,42,2,72
9424290,23,53,-3,75
9424800,57,44,-4,79
9425310,57,45,4,75
9425820,39,46,1,74
9426330,21,57,-5,79
9426840,40,48,4,75
9427350,22,59,2,73
9427860,12,50,-8,81
9428370,40,41,0,81
9428880,22,52,3,78
9429390,41,43,-8,86
9429900,23,54,10,76
9430410,42,45,-1,77
9430920,24,56,-3,80
9431430,100,47,5,75
9431940,23,74,6,69
9432450,9,94,-4,73
9432960,84,34,-9,82
9433470,7,61,6,76
9433980,32,81,-5,81
9434490,97,72,2,79
9435000,20,99,1,78
9435510,95,42,-1,79
9436020,18,69,7,72
9436530,4,89,-5,77
9437040,20,29,-2,79
9437550,72,36,-3,82
9438060,97,63,7,75
9438570,10,90,-6,81
9439080,85,81,-2,83
9439590,67,27,-2,85
9440100,49,54,7,78
9440610,31,16,-2,80
9441120,46,23,3,77
9441630,28,30,-1,78
9442140,10,27,-4,82
9442650,38,24,-1,83
9443160,20,31,2,81
9443670,72,42,2,79
9444180,97,69,0,79
9444690,10,96,-1,80
9445200,26,42,-3,83
9445710,78,41,0,83
9446220,1,68,11,72
9446730,26,18,-10,82
9447240,41,29,6,76
9447750,23,40,-2,78
9448260,5,39,-6,84
9448770,33,30,-2,86
9449280,54,41,6,80
9449790,36,52,5,75
9450300,18,94,-1,76
9450810,93,34,-9,85
9451320,16,61,8,77
9451830,35,52,-2,79
9452340,17,43,2,77
9452850,75,42,-2,79
9453360,100,69,1,78
9453870,82,96,-7,85
9454380,64,32,4,81
9454890,89,33,-1,82
9455400,12,60,10,72
9455910,70,51,-6,78
9456420,52,52,0,78
9456930,34,14,-1,79
9457440,26,21,-5,84
9457950,45,32,6,78
9458460,27,43,0,78
9458970,9,42,2,76
9459480,34,33,-7,83
9459990,16,44,3,80
9460500,44,43,5,75
9461010,26,54,-12,87
9461520,60,96,9,78
9462030,42,87,-2,80
9462540,24,78,9,71
9463050,89,69,-12,83
9463560,12,96,2,81
9464070,37,46,-2,83
9464580,19,57,4,79
9465090,9,48,-1,80
9465600,73,39,-7,87
9466110,98,40,11,76
9466620,21,67,-1,77
9467130,40,58,-1,78
9467640,22,100,5,73
9468150,87,91,-16,89
9468660,69,27,4,85
9469170,94,54,6,79
9469680,17,81,3,76
9470190,92,72,-8,84
9470700,15,73,13,71
9471210,90,93,-13,84
9471720,72,29,6,78
9472230,97,56,4,74
9472740,20,83,2,72
9473250,85,74,-8,80
9473760,67,75,0,80
9474270,49,21,1,79
9474780,31,28,-10,89
9475290,13,35,10,79
9475800,38,26,-2,81
9476310,63,33,-6,87
9476820,88,34,10,77
9477330,11,61,5,72
9477840,36,52,-6,78
9478350,18,63,1,77
9478860,46,54,0,77
9479370,28,16,-4,81
9479880,43,23,5,76
9480390,25,30,-1,77
9480900,44,41,-6,83
9481410,26,52,6,77
9481920,60,43,-5,82
9482430,85,54,2,80
9482940,8,81,2,78
9483450,33,21,-5,83
9483960,15,28,5,78
9484470,49,35,-5,83
9484980,31,42,7,76
9485490,13,53,-2,78
9486000,41,44,-1,79
9486510,23,55,-1,80
9487020,57,46,-1,81
9487530,39,47,3,78
9488040,21,32,-3,81
9488550,55,82,-3,84
9489060,37,22,4,80
9489570,19,29,-3,83
9490080,53,40,3,80
9490590,35,41,2,78
9491100,17,52,-5,83
9491610,45,43,5,78
9492120,27,54,-1,79
9492630,17,45,0,79
9493140,42,36,-3,82
9493650,24,47,4,78
9494160,58,38,-2,80
9494670,83,1,-2,82
9495180,65,20,-2,84
9495690,47,47,12,72
9496200,29,58,-1,73
9496710,11,49,-6,79
9497220,39,40,2,77
9497730,21,51,-4,81
9498240,16,42,-4,85
9498750,44,41,2,83
9499260,26,52,7,76
9499770,60,51,-1,77
9500280,42,52,6,71
9500790,24,63,-6,77
9501300,14,54,-2,79
9501810,39,45,5,74
9502320,21,7,-10,84
9502830,22,18,5,79
9503340,43,29,2,77
9503850,25,36,-9,86
9504360,59,47,1,85
9504870,41,48,4,81
9505380,23,59,8,73
9505890,42,50,-2,75
9506400,24,61,-7,82
9506910,43,52,3,79
9507420,25,63,3,76
9507930,15,54,4,72
9508440,34,45,-7,79
9508950,16,56,3,76
9509460,44,47,-3,79
9509970,26,58,6,73
9510480,91,49,-8,81
9510990,14,76,4,77
9511500,39,96,5,72
9512010,21,36,-10,82
9512520,73,47,0,82
9513030,98,74,0,82
9513540,21,101,3,79
9514050,96,41,-4,83
9514560,19,68,1,82
9515070,83,59,-10,92
9515580,6,60,10,82
9516090,31,51,-3,85
9516600,13,62,7,78
9517110,38,53,6,72
9517620,20,64,1,71
9518130,6,55,-12,83
9518640,31,75,6,77
9519150,21,66,2,75
9519660,11,57,-10,85
9520170,39,48,12,73
9520680,21,59,-8,81
9521190,40,50,2,79
9521700,54,61,-2,81
9522210,36,7,8,73
9522720,18,16,-9,82
9523230,70,27,6,76
9523740,95,54,-3,79
9524250,18,81,1,78
9524760,93,72,-7,85
9525270,16,73,14,71
9525780,81,93,-11,82
9526290,63,29,-1,83
9526800,88,30,-5,88
9527310,11,57,14,74
9527820,75,77,-6,80
9528330,57,13,2,78
9528840,39,40,-3,81
9529350,21,51,3,78
9529860,55,93,0,78
9530370,37,84,4,74
9530880,19,75,2,72
9531390,84,95,-11,83
9531900,66,31,5,78
9532410,91,58,1,77
9532920,14,85,-3,80
9533430,30,25,1,79
9533940,51,36,2,77
9534450,33,37,-2,79
9534960,15,48,-5,84
9535470,43,39,7,77
9535980,25,50,-1,78
9536490,59,49,-5,83
9537000,41,60,7,76
9537510,23,0,-5,81
9538020,80,25,-1,82
9538530,3,52,5,77
9539040,28,72,5,72
9539550,18,63,-4,76
9540060,37,54,6,70
9540570,19,63,-7,77
9541080,38,54,1,76
9541590,20,65,0,76
9542100,10,56,-4,80
9542610,26,76,4,76
9543120,12,67,1,75
9543630,28,87,2,73
9544140,10,42,-11,84
9544650,38,33,3,81
9545160,20,44,-5,86
9545670,54,53,6,80
9546180,36,64,6,74
9546690,18,55,-4,78
9547200,37,46,-3,81
9547710,19,57,4,77
9548220,38,48,4,73
9548730,20,59,-8,81
9549240,48,50,11,70
9549750,30,12,-5,75
9550260,12,19,-4,79
9550770,31,26,1,78
9551280,52,23,-1,79
9551790,34,30,1,78
9552300,55,41,-2,80
9552810,55,42,3,77
9553320,37,43,-1,78
9553830,19,54,-3,81
9554340,47,45,7,74
9554850,29,7,-5,79
9555360,11,32,-3,82
9555870,39,41,7,75
9556380,21,52,0,75
9556890,55,43,-6,81
9557400,37,44,2,79
9557910,19,55,3,76
9558420,53,46,-1,77
9558930,35,47,-4,81
9559440,17,58,4,77
9559950,51,49,-1,78
9560460,33,60,1,77
9560970,67,51,-1,78
9561480,49,52,-2,80
9561990,31,63,3,77
9562500,65,54,-4,81
9563010,47,55,8,73
9563520,29,17,-1,74
9564030,44,24,0,74
9564540,26,31,-10,84
9565050,78,42,8,76
9565560,1,69,1,75
9566070,26,19,-6,81
9566580,60,30,0,81
9567090,85,31,1,80
9567600,8,58,9,71
9568110,33,78,-5,76
9568620,15,69,-4,80
9569130,40,89,5,75
9569640,22,80,1,74
9570150,97,71,-5,79
9570660,20,98,0,79
9571170,87,47,-6,85
9571680,10,74,8,77
9572190,35,94,3,74
9572700,17,85,-1,75
9573210,36,34,-4,79
9573720,18,45,-1,80
9574230,46,54,-4,84
9574740,28,65,8,76
9575250,18,56,-7,83
9575760,46,47,9,74
9576270,28,58,-9,83
9576780,62,49,0,83
9577290,44,50,1,82
9577800,26,12,9,73
9578310,41,19,-5,78
9578820,23,26,-4,82
9579330,57,37,4,78
9579840,82,38,-4,82
9580350,5,65,9,73
9580860,30,85,-4,77
9581370,33,40,6,71
9581880,15,51,-9,80
9582390,43,42,-2,82
9582900,25,53,0,82
9583410,59,52,1,81
9583920,93,63,7,74
9584430,16,90,0,74
9584940,91,39,-11,85
9585450,14,66,9,76
9585960,30,86,2,74
9586470,12,77,4,70
9586980,28,97,-3,73
9587490,76,92,-5,78
9588000,58,17,-3,81
9588510,40,44,-4,85
9589020,22,55,3,82
9589530,50,64,1,81
9590040,32,4,7,74
9590550,14,29,-10,84
9591060,42,26,10,74
9591570,24,33,-10,84
9592080,58,44,3,81
9592590,40,55,3,78
9593100,22,66,6,72
9593610,86,86,-13,85
9594120,18,11,7,78
9594630,19,22,-4,82
9595140,53,33,-1,83
9595650,78,40,3,80
9596160,1,67,3,77
9596670,26,17,-4,81
9597180,90,28,-2,83
9597690,13,55,2,81
9598200,41,46,3,78
9598710,23,57,-1,79
9599220,51,48,4,75
9599730,33,59,-3,78
9600240,15,50,-3,81
9600750,43,41,5,76
9601260,25,52,-1,77
9601770,59,61,2,75
9602280,41,1,1,74
9602790,23,11,-4,78
9603300,24,41,1,77
9603810,58,52,1,76
9604320,40,63,5,71
9604830,22,3,-11,82
9605340,23,28,-1,83
9605850,57,39,4,79
9606360,82,40,0,79
9606870,5,11,-6,85
9607380,24,22,8,77
9607890,58,33,-6,83
9608400,83,40,2,81
9608910,6,67,8,73
9609420,31,87,0,73
9609930,34,85,-3,76
9610440,16,76,-1,77
9610950,19,96,1,76
9611460,94,45,-3,79
9611970,17,72,5,74
9612480,36,92,0,74
9612990,18,32,-13,87
9613500,46,43,10,77
9614010,28,54,-2,79
9614520,62,16,-3,82
9615030,44,43,1,81
9615540,26,54,4,77
9616050,60,45,-3,80
9616560,85,56,-4,84
9617070,8,83,-1,85
9617580,33,32,5,80
9618090,67,43,-1,81
9618600,92,44,0,81
9619110,15,71,6,75
9619620,31,91,-3,78
9620130,34,46,-2,80
9620640,16,90,3,77
9621150,32,39,-3,80
9621660,14,50,3,77
9622170,42,0,2,75
9622680,24,19,-5,80
9623190,45,30,1,79
9623700,45,41,0,79
9624210,27,52,0,79
9624720,61,43,-1,80
9625230,86,44,-2,82
9625740,9,71,6,76
9626250,34,91,2,74
9626760,16,46,-4,78
9627270,41,37,4,74
9627780,23,48,-2,76
9628290,57,57,0,76
9628800,75,68,-9,85
9629310,57,69,3,82
9629820,39,5,4,78
9630330,21,30,-2,80
9630840,55,41,-1,81
9631350,55,52,8,73
9631860,37,61,-4,77
9632370,19,52,-1,78
9632880,47,43,-6,84
9633390,81,54,7,77
9633900,4,81,0,77
9634410,29,31,-14,91
9634920,63,42,7,84
9635430,88,43,0,84
9635940,11,70,8,76
9636450,27,90,2,74
9636960,30,8,-3,77
9637470,31,33,-5,82
9637980,65,44,2,80
9638490,90,45,-3,83
9639000,13,72,13,70
9639510,29,92,-1,71
9640020,34,47,-1,72
9640530,16,58,-5,77
9641040,74,49,-4,81
9641550,99,50,5,76
9642060,22,77,-6,82
9642570,25,68,7,75
9643080,28,59,1,74
9643590,62,50,-5,79
9644100,62,61,-6,85
9644610,96,72,6,79
9645120,19,73,5,74
9645630,5,64,-1,75
9646140,30,84,6,69
9646650,33,75,-6,75
9647160,15,66,-3,78
9647670,73,57,-5,83
9648180,98,58,7,76
9648690,21,85,-1,77
9649200,24,76,6,71
9649710,88,45,-11,82
9650220,11,72,4,78
9650730,36,63,4,74
9651240,18,54,-7,81
9651750,52,45,1,80
9652260,34,56,8,72
9652770,68,47,-5,77
9653280,68,48,-2,79
9653790,93,49,0,79
9654300,16,76,4,75
9654810,19,16,-11,86
9655320,53,27,7,79
9655830,78,34,-2,81
9656340,1,61,7,74
9656850,26,81,-4,78
9657360,29,72,4,74
9657870,63,63,-7,81
9658380,45,74,10,71
9658890,46,65,-5,76
9659400,28,5,-5,81
9659910,29,30,-4,85
9660420,63,41,3,82
9660930,63,42,2,80
9661440,63,43,-1,81
9661950,63,44,-4,85
9662460,63,51,6,79
9662970,63,62,4,75
9663480,45,2,-3,78
9663990,75,35,0,78
9664500,100,62,5,73
9665010,100,89,-19,92
9665520,32,90,16,76
9666030,97,45,-1,77
9666540,20,72,1,76
9667050,23,63,2,74
9667560,57,54,-5,79
9668070,39,65,-2,81
9668580,73,66,-1,82
9669090,5,67,8,74
9669600,30,17,-5,79
9670110,31,24,2,77
9670620,65,31,-2,79
9671130,90,32,-3,82
9671640,13,59,5,77
9672150,38,50,-1,78
9672660,20,61,5,73
9673170,23,52,-4,77
9673680,57,43,-4,81
9674190,57,54,6,75
9674700,91,65,-5,80
9675210,91,66,-4,84
9675720,52,67,4,80
9676230,34,78,3,77
9676740,37,69,3,74
9677250,71,60,-8,82
9677760,71,61,-11,93
9678270,3,72,17,76
9678780,28,22,-7,83
9679290,62,33,8,75
9679800,62,34,-5,80
9680310,62,41,0,80
9680820,62,48,-3,83
9681330,62,49,3,80
9681840,62,60,1,79
9682350,96,22,-2,81
9682860,97,49,5,76
9683370,20,76,2,74
9683880,84,67,-15,89
9684390,84,68,0,89
9684900,3,69,15,74
9685410,28,19,-2,76
9685920,62,26,-9,85
9686430,87,33,7,78
9686940,10,60,-3,81
9687450,35,51,4,77
9687960,17,62,0,77
9688470,75,53,-4,81
9688980,75,54,1,80
9689490,75,55,-7,87
9690000,96,56,11,76
9690510,96,83,-14,90
9691020,15,84,12,78
9691530,26,75,2,76
9692040,29,66,-1,77
9692550,19,57,-2,79
9693060,53,48,-2,81
9693570,87,59,3,78
9694080,87,60,-9,87
9694590,101,61,10,77
9695100,101,88,-15,92
9695610,33,89,17,75
9696120,36,29,-1,76
9696630,57,40,-7,83
9697140,57,47,9,74
9697650,57,58,-3,77
9698160,91,69,-4,81
9698670,91,70,-13,94
9699180,3,71,21,73
9699690,28,91,-4,77
9700200,14,46,-7,84
9700710,42,37,-1,85
9701220,76,48,3,82
9701730,76,49,2,80
9702240,76,48,-6,86
9702750,91,49,11,75
9703260,14,76,-2,77
9703770,39,31,-8,85
9704280,73,42,6,79
9704790,73,43,-14,93
9705300,88,44,11,82
9705810,11,71,11,71
9706320,36,91,-3,74
9706830,101,82,-7,81
9707340,101,83,-2,83
9707850,20,84,5,78
9708360,23,24,-3,81
9708870,57,35,1,80
9709380,57,42,6,74
9709890,57,43,-7,81
9710400,57,54,1,80
9710910,91,65,-2,82
9711420,52,66,7,75
9711930,34,77,-6,81
9712440,24,68,1,80
9712950,10,59,2,78
9713460,35,79,0,78
9713970,69,70,-2,80
9714480,1,32,2,78
9714990,26,23,-4,82
9715500,60,34,4,78
9716010,60,41,-5,83
9716520,60,48,0,83
9717030,11,59,10,73
9717540,36,79,-7,80
9718050,70,70,0,80
9718560,2,81,3,77
9719070,27,31,-3,80
9719580,61,42,4,76
9720090,61,43,-1,77
9720600,61,44,-8,85
9721110,61,55,7,78
9721620,95,56,1,77
9722130,18,83,-3,80
9722640,29,74,10,70
9723150,15,65,-11,81
9723660,43,56,6,75
9724170,25,67,4,71
9724680,28,58,-5,76
9725190,96,49,0,76
9725700,19,76,3,73
9726210,22,96,-9,82
9726720,33,36,5,77
9727230,67,47,-5,82
9727740,67,48,6,76
9728250,67,49,-6,82
9728760,67,50,-1,83
9729270,67,72,3,80
9729780,101,12,0,80
9730290,75,22,1,79
9730800,100,49,-2,81
9731310,23,76,10,71
9731820,26,67,-3,74
9732330,16,58,-1,75
9732840,44,49,-5,80
9733350,26,60,2,78
9733860,60,51,5,73
9734370,42,52,1,72
9734880,24,63,-4,76
9735390,100,54,-1,77
9735900,23,81,2,75
9736410,26,72,-2,77
9736920,29,63,-3,80
9737430,63,54,-1,81
9737940,84,65,0,81
9738450,84,66,-5,86
9738960,98,67,7,79
9739470,98,68,-5,84
9739980,59,69,7,77
9740490,41,9,3,74
9741000,23,19,-7,81
9741510,44,30,0,81
9742020,44,37,3,78
9742530,65,48,1,77
9743040,65,49,-1,78
9743550,65,50,-3,81
9744060,65,61,-2,83
9744570,99,72,7,76
9745080,99,73,-12,88
9745590,18,74,14,74
9746100,85,65,-11,85
9746610,4,66,13,72
9747120,29,57,-1,73
9747630,63,48,-2,75
9748140,63,49,-9,84
9748650,63,50,2,82
9749160,63,8,1,81
9749670,37,18,3,78
9750180,95,25,-6,84
9750690,18,52,7,77
9751200,46,43,0,77
9751710,2,54,1,76
9752220,27,45,-4,80
9752730,61,56,1,79
9753240,82,67,-8,87
9753750,1,68,8,79
9754260,26,18,0,79
9754770,47,29,2,77
9755280,47,36,-2,79
9755790,47,47,5,74
9756300,29,58,-5,79
9756810,63,100,-5,84
9757320,45,40,5,79
9757830,1,51,6,73
9758340,26,71,-2,75
9758850,29,62,2,73
9759360,19,53,-6,79
9759870,47,44,-2,81
9760380,29,55,3,78
9760890,63,54,0,78
9761400,63,55,-7,85
9761910,84,56,4,81
9762420,7,57,5,76
9762930,32,48,3,73
9763440,100,47,-5,78
9763950,23,74,6,72
9764460,90,65,-12,84
9764970,13,66,8,76
9765480,38,57,-6,82
9765990,72,99,0,82
9766500,54,35,0,82
9767010,54,42,-2,84
9767520,33,43,3,81
9768030,67,54,6,75
9768540,67,55,-4,79
9769050,92,56,-4,83
9769560,15,57,3,80
9770070,73,48,-6,86
9770580,98,49,12,74
9771090,21,76,-1,75
9771600,24,67,-3,78
9772110,52,58,0,78
9772620,34,100,4,74
9773130,99,40,-3,77
9773640,22,67,2,75
9774150,98,58,-1,76
9774660,21,85,-1,77
9775170,88,76,-8,85
9775680,7,77,8,77
9776190,32,68,7,70
9776700,97,59,0,70
9777210,20,86,-6,76
9777720,31,26,-7,83
9778230,52,37,-3,86
9778740,52,48,15,71
9779250,73,49,-7,78
9779760,98,50,-1,79
9780270,21,77,4,75
9780780,24,68,4,71
9781290,27,59,-8,79
9781800,61,50,-4,83
9782310,61,51,10,73
9782820,61,52,-5,78
9783330,82,53,-2,80
9783840,5,54,5,75
9784350,30,45,-7,82
9784860,64,56,0,82
9785370,98,57,6,76
9785880,21,84,-2,78
9786390,32,24,-4,82
9786900,66,35,4,78
9787410,91,54,-8,86
9787920,14,55,5,81
9788430,42,46,5,76
9788940,8,57,-2,78
9789450,33,48,4,74
9789960,67,59,-7,81
9790470,88,60,-2,83
9790980,11,61,3,80
9791490,36,52,2,78
9792000,70,94,-4,82
9792510,52,30,3,79
9793020,77,37,-2,81
9793530,0,38,2,79
9794040,25,29,0,79
9794550,59,40,-5,84
9795060,84,43,2,82
9795570,7,44,5,77
9796080,35,35,-1,78
9796590,56,46,0,78
9797100,81,57,-6,84
9797610,4,58,8,76
9798120,29,78,0,76
9798630,96,69,1,75
9799140,19,70,-3,78
9799650,38,61,2,76
9800160,20,1,-2,78
9800670,21,26,-6,84
9801180,73,23,-1,85
9801690,98,50,4,81
9802200,21,77,7,74
9802710,85,17,-11,85
9803220,100,44,8,77
9803730,23,71,0,77
9804240,42,62,0,77
9804750,24,2,2,75
9805260,25,27,-8,83
9805770,59,38,6,77
9806280,84,57,-10,87
9806790,7,58,12,75
9807300,32,49,-2,77
9807810,97,60,-1,78
9808320,20,87,3,75
9808830,31,27,-12,87
9809340,65,38,7,80
9809850,90,39,1,79
9810360,13,66,4,75
9810870,29,57,2,73
9811380,19,99,-3,76
9811890,30,39,-5,81
9812400,98,50,-4,85
9812910,21,77,10,75
9813420,88,17,-7,82
9813930,1,27,-1,83
9814440,29,24,1,82
9814950,48,35,-1,83
9815460,48,32,6,77
9815970,48,29,-1,78
9816480,4,26,0,78
9816990,32,23,-5,83
9817500,66,34,3,80
9818010,91,53,-1,81
9818520,14,80,6,75
9819030,25,20,-7,82
9819540,44,31,3,79
9820050,44,28,0,79
9820560,44,25,1,78
9821070,44,22,-2,80
9821580,44,29,3,77
9822090,44,35,2,75
9822600,44,32,-5,80
9823110,44,29,6,74
9823620,44,26,-7,81
9824130,69,23,2,79
9824640,94,50,1,78
9825150,17,77,6,72
9825660,28,17,-8,80
9826170,39,28,-1,81
9826680,39,25,4,77
9827190,39,36,-9,86
9827700,60,47,-1,87
9828210,60,58,9,78
9828720,81,96,-6,84
9829230,95,31,6,78
9829740,18,58,-2,80
9830250,46,49,3,77
9830760,28,60,-1,78
9831270,62,51,-5,83
9831780,62,52,7,76
9832290,62,53,-6,82
9832800,62,54,1,81
9833310,62,55,-5,86
9833820,83,56,-1,87
9834330,0,57,13,74
9834840,25,99,-4,78
9835350,36,39,-7,85
9835860,70,50,7,78
9836370,95,51,-4,82
9836880,18,78,6,76
9837390,29,69,1,75
9837900,94,60,-5,80
9838410,17,87,2,78
9838920,28,27,-4,82
9839430,47,38,-2,84
9839940,47,49,8,76
9840450,29,91,-1,77
9840960,96,31,-6,83
9841470,19,83,9,74
9841980,30,23,-9,83
9842490,49,34,8,75
9843000,49,45,-4,79
9843510,5,56,-1,80
9844020,30,47,2,78
9844530,82,46,0,78
9845040,5,73,0,78
9845550,30,13,0,78
9846060,41,10,5,73
9846570,23,20,-8,81
9847080,42,17,3,78
9847590,100,36,-2,80
9848100,23,63,1,79
9848610,51,54,-5,84
9849120,33,65,8,76
9849630,7,56,1,75
9850140,32,47,-1,76
9850650,66,89,0,76
9851160,48,25,-2,78
9851670,48,31,-2,80
9852180,48,28,5,75
9852690,48,47,-3,78
9853200,4,89,-2,80
9853710,20,29,-2,82
9854220,54,26,5,77
9854730,79,45,-4,81
9855240,2,46,0,81
9855750,27,37,-6,87
9856260,61,48,11,76
9856770,61,49,-7,83
9857280,61,50,0,83
9857790,61,51,3,80
9858300,61,52,1,79
9858810,61,53,-5,84
9859320,80,91,0,84
9859830,99,27,-1,85
9860340,22,54,8,77
9860850,17,96,-4,81
9861360,28,36,-6,87
9861870,47,47,8,79
9862380,3,58,3,76
9862890,28,49,-6,82
9863400,62,48,1,81
9863910,62,49,-6,87
9864420,73,50,7,80
9864930,73,51,-2,82
9865440,92,52,1,81
9865950,15,79,10,71
9866460,26,19,-10,81
9866970,65,30,3,78
9867480,90,57,-2,80
9867990,13,58,6,74
9868500,24,49,-3,77
9869010,63,48,0,77
9869520,63,49,-1,78
9870030,63,50,-3,81
9870540,63,51,3,78
9871050,63,52,-4,82
9871560,74,90,4,78
9872070,56,26,0,78
9872580,81,45,-4,82
9873090,4,72,1,81
9873600,29,12,2,79
9874110,30,9,2,77
9874620,94,34,-1,78
9875130,17,61,4,74
9875640,93,52,-10,84
9876150,16,79,10,74
9876660,80,19,-6,80
9877170,95,46,4,76
9877680,18,73,3,73
9878190,82,13,-11,84
9878700,83,40,7,77
9879210,6,67,-1,78
9879720,31,58,-2,80
9880230,70,49,-4,84
9880740,95,50,10,74
9881250,18,77,-4,78
9881760,82,68,-5,83
9882270,101,4,1,82
9882780,75,14,-6,88
9883290,90,41,10,78
9883800,13,68,-4,82
9884310,38,59,8,74
9884820,1,97,-7,81
9885330,26,37,-14,95
9885840,60,34,16,79
9886350,85,53,-3,82
9886860,8,54,3,79
9887370,33,45,5,74
9887880,101,56,0,74
9888390,24,83,-1,75
9888900,91,23,-4,79
9889410,4,50,-1,80
9889920,29,41,-1,81
9890430,93,40,3,78
9890940,16,67,4,74
9891450,74,58,-6,80
9891960,74,59,-10,90
9892470,93,60,7,83
9892980,16,87,5,78
9893490,27,27,-4,82
9894000,91,24,-5,87
9894510,14,51,8,79
9895020,42,42,3,76
9895530,100,4,-7,83
9896040,74,14,4,79
9896550,89,41,-1,80
9897060,12,68,2,78
9897570,37,59,-3,81
9898080,3,101,-7,88
9898590,28,41,4,84
9899100,80,52,3,81
9899610,80,53,-9,90
9900120,99,54,12,78
9900630,22,81,6,72
9901140,20,78,-3,75
9901650,84,18,-5,80
9902160,99,45,5,75
9902670,22,72,3,72
9903180,86,63,-9,81
9903690,3,64,3,78
9904200,28,55,1,77
9904710,67,54,-3,80
9905220,67,55,2,78
9905730,78,56,4,74
9906240,78,83,-18,92
9906750,97,19,15,77
9907260,10,46,-8,85
9907770,38,37,11,74
9908280,96,48,-5,79
9908790,19,75,7,72
9909300,86,73,-8,80
9909810,97,9,-2,82
9910320,71,19,3,79
9910830,86,46,-3,82
9911340,9,73,7,75
9911850,25,39,-2,77
9912360,77,38,-5,82
9912870,0,48,9,73
9913380,25,39,-11,84
9913890,97,50,8,76
9914400,20,77,1,75
9914910,84,17,-5,80
9915420,99,44,5,75
9915930,22,71,4,71
9916440,86,62,-14,85
9916950,3,63,10,75
9917460,28,54,-4,79
9917970,92,53,0,79
9918480,15,80,5,74
9918990,26,20,-10,84
9919500,90,31,2,82
9920010,13,58,9,73
9920520,38,49,-1,74
9921030,90,48,0,74
9921540,13,75,-1,75
9922050,77,41,-3,78
9922560,0,68,3,75
9923070,16,8,-7,82
9923580,17,19,-5,87
9924090,56,30,5,82
9924600,56,49,0,82
9925110,10,59,5,77
9925620,35,50,4,73
9926130,87,92,-5,78
9926640,101,28,-3,81
9927150,24,55,2,79
9927660,63,97,1,78
9928170,45,33,-3,81
9928680,45,30,5,76
9929190,45,36,-4,80
9929700,45,33,0,80
9930210,45,30,2,78
9930720,45,27,-1,79
9931230,45,24,1,78
9931740,45,30,-4,82
9932250,45,27,3,79
9932760,45,24,-5,84
9933270,45,31,6,78
9933780,45,28,1,77
9934290,45,25,-2,79
9934800,45,31,4,75
9935310,45,28,-8,83
9935820,45,25,8,75
9936330,45,22,-3,78
9936840,45,29,-1,79
9937350,45,26,-5,84
9937860,45,23,5,79
9938370,45,20,1,78
9938880,70,17,-6,84
9939390,85,44,4,80
9939900,8,71,4,76
9940410,33,62,1,75
9940920,7,2,-7,82
9941430,18,13,-1,83
9941940,57,24,6,77
9942450,82,43,-6,83
9942960,5,70,0,83
9943470,30,19,4,79
9943980,56,30,-2,81
9944490,56,99,4,77
9945000,38,35,3,74
9945510,96,46,-3,77
9946020,19,73,2,75
9946530,86,13,-12,87
9947040,87,23,7,80
9947550,88,50,-2,82
9948060,11,77,6,76
9948570,27,26,-7,83
9949080,66,23,6,77
9949590,91,50,-2,79
9950100,14,77,5,74
9950610,25,26,-11,85
9951120,89,37,5,80
9951630,101,64,5,75
9952140,24,91,2,73
9952650,35,31,-3,76
9953160,93,42,-3,79
9953670,16,69,3,76
9954180,27,60,-7,83
9954690,91,0,1,82
9955200,65,10,4,78
9955710,41,20,-1,79
9956220,41,26,-5,84
9956730,41,23,5,79
9957240,41,20,3,76
9957750,41,17,-5,81
9958260,48,14,-3,84
9958770,49,24,10,74
9959280,74,43,-7,81
9959790,99,62,-1,82
9960300,22,89,5,77
9960810,33,29,-5,82
9961320,67,40,-2,84
9961830,92,59,2,82
9962340,15,86,4,78
9962850,26,35,-5,83
9963360,60,32,2,81
9963870,85,51,1,80
9964380,8,78,3,77
9964890,33,27,-3,80
9965400,72,38,0,80
9965910,97,65,-4,84
9966420,20,92,6,78
9966930,31,32,-2,80
9967440,10,29,2,78
9967950,38,26,-4,82
9968460,96,23,-2,84
9968970,97,50,8,76
9969480,20,77,-1,77
9969990,84,17,-6,83
9970500,85,44,2,81
9971010,8,71,3,78
9971520,33,62,3,75
9972030,98,31,-10,85
9972540,21,58,2,83
9973050,22,71,10,73
9973560,8,40,-12,85
9974070,33,31,0,85
9974580,72,28,1,84
9975090,97,55,6,78
9975600,20,82,-2,80
9976110,84,22,1,79
9976620,7,49,-1,80
9977130,32,18,-3,83
9977640,33,15,5,78
9978150,44,12,-6,84
9978660,45,74,14,70
9979170,27,10,-8,78
9979680,28,7,4,74
9980190,29,75,-5,79
9980700,3,44,6,73
9981210,28,35,-11,84
9981720,62,32,6,78
9982230,87,51,4,74
9982740,10,78,-7,81
9983250,21,27,0,81
9983760,55,24,-1,82
9984270,80,43,2,80
9984780,3,70,5,75
9985290,28,36,-7,82
9985800,80,33,5,77
9986310,3,60,2,75
9986820,28,51,-7,82
9987330,67,93,1,81
9987840,49,29,-3,84
9988350,49,35,3,81
9988860,74,41,5,76
9989370,99,68,-5,81
9989880,22,95,-1,82
9990390,33,35,-5,87
9990900,67,32,8,79
9991410,92,51,-1,80
9991920,15,78,2,78
9992430,40,18,-3,81
9992940,98,15,-5,86
9993450,99,25,7,79
9993960,22,52,-2,81
9994470,61,51,1,80
9994980,95,61,6,74
9995490,18,88,-2,76
9996000,99,37,-6,82
9996510,22,64,5,77
9997020,23,55,3,74
9997530,99,24,-12,86
9998040,100,51,10,76
9998550,23,78,-1,77
9999060,21,18,-7,84
9999570,60,29,5,79
10000080,85,48,-4,83
10000590,8,75,11,72
10001100,33,24,-10,82
10001610,52,35,2,80
10002120,77,41,-3,83
10002630,0,60,10,73
10003140,25,51,-7,80
10003650,101,93,-3,83
10004160,33,29,2,81
10004670,72,40,-3,84
10005180,97,59,9,75
10005690,20,86,2,73
10006200,31,26,-8,81
10006710,70,37,6,75
10007220,95,64,-4,79
10007730,12,91,1,78
10008240,93,31,-6,84
10008750,16,58,8,76
10009260,41,49,7,69
10009770,23,87,-7,76
10010280,34,27,0,76
10010790,73,38,-12,88
10011300,98,57,13,75
10011810,76,84,-11,86
10012320,8,20,4,82
10012830,27,17,5,77
10013340,46,28,0,77
10013850,71,34,0,77
10014360,96,44,-6,83
10014870,19,71,4,79
10015380,95,62,-3,82
10015890,18,89,5,77
10016400,29,29,0,77
10016910,48,40,-6,83
10017420,59,37,-1,84
10017930,84,56,4,80
10018440,7,83,2,78
10018950,88,23,0,78
10019460,89,50,-2,80
10019970,12,77,3,77
10020480,23,68,1,76
10020990,87,59,-6,82
10021500,10,97,5,77
10022010,26,37,-5,82
10022520,78,34,1,81
10023030,1,61,3,78
10023540,26,52,0,78
10024050,65,51,0,78
10024560,90,89,-6,84
10025070,22,25,9,75
10025580,61,36,-8,83
10026090,86,55,4,79
10026600,9,82,2,77
10027110,25,22,-1,78
10027620,64,33,2,76
10028130,89,52,-7,83
10028640,12,79,8,75
10029150,28,19,-9,84
10029660,47,30,2,82
10030170,72,36,3,79
10030680,97,63,-7,86
10031190,20,90,8,78
10031700,31,30,-3,81
10032210,50,41,4,77
10032720,89,51,-3,80
10033230,12,78,7,73
10033740,92,27,-7,80
10034250,15,54,1,79
10034760,43,23,-1,80
10035270,68,29,-2,82
10035780,93,56,6,76
10036290,16,83,4,72
10036800,97,32,-10,82
10037310,20,59,5,77
10037820,96,44,-4,81
10038330,19,71,5,76
10038840,17,40,-11,87
10039350,18,37,1,86
10039860,82,34,4,82
10040370,5,61,5,77
10040880,30,52,3,74
10041390,4,94,-10,84
10041900,20,34,2,82
10042410,72,31,0,82
10042920,97,58,4,78
10043430,20,85,2,76
10043940,31,25,-6,82
10044450,70,69,2,80
10044960,52,5,-4,84
10045470,34,15,4,80
10045980,16,21,-2,82
10046490,55,18,3,79
10047000,37,28,-1,80
10047510,48,39,-1,81
10048020,30,36,-2,83
10048530,95,47,4,79
10049040,18,74,0,79
10049550,16,65,4,75
10050060,80,34,-9,84
10050570,3,61,6,78
10051080,28,27,-3,81
10051590,67,24,0,81
10052100,92,51,0,81
10052610,15,78,4,77
10053120,26,27,2,75
10053630,65,24,-6,81
10054140,90,51,-1,82
10054650,13,78,1,81
10055160,29,69,4,77
10055670,3,60,-1,78
10056180,28,51,3,75
10056690,67,61,2,73
10057200,49,99,-9,82
10057710,31,35,-1,83
10058220,83,32,3,80
10058730,6,59,2,78
10059240,22,50,-3,81
10059750,86,49,-4,85
10060260,87,76,1,84
10060770,4,12,-1,85
10061280,15,9,6,79
10061790,16,20,5,74
10062300,55,59,0,74
10062810,37,97,-4,78
10063320,19,33,-5,83
10063830,71,30,0,83
10064340,96,57,9,74
10064850,19,84,-4,78
10065360,30,24,4,74
10065870,69,35,-10,84
10066380,94,54,7,77
10066890,17,81,-1,78
10067400,28,30,-1,79
10067910,49,41,2,77
10068420,70,51,0,77
10068930,89,89,-6,83
10069440,10,25,-2,85
10069950,38,22,1,84
10070460,87,28,4,80
10070970,10,55,6,74
10071480,26,46,-2,76
10071990,65,45,-7,83
10072500,66,64,0,83
10073010,48,0,9,74
10073520,30,10,-2,76
10074030,31,78,4,72
10074540,96,69,-7,79
10075050,13,96,-2,81
10075560,94,36,-5,86
10076070,17,63,8,78
10076580,81,54,-1,79
10077090,100,81,-1,80
10077600,12,6,2,78
10078110,13,17,-4,82
10078620,52,28,-3,85
10079130,34,47,9,76
10079640,16,89,-2,78
10080150,27,29,2,76
10080660,79,68,-5,81
10081170,100,4,1,80
10081680,82,14,-3,83
10082190,83,41,2,81
10082700,6,68,4,77
10083210,31,59,1,76
10083720,5,97,-5,81
10084230,21,37,-2,83
10084740,73,34,0,83
10085250,98,61,6,77
10085760,10,88,2,75
10086270,26,28,-5,80
10086780,78,39,-1,81
10087290,1,66,8,73
10087800,17,32,-10,83
10088310,69,29,-1,84
10088820,94,56,7,77
10089330,6,83,1,76
10089840,22,23,-5,81
10090350,74,34,-5,86
10090860,99,61,14,72
10091370,11,88,-8,80
10091880,27,28,-1,81
10092390,46,25,4,77
10092900,28,44,-4,81
10093410,80,43,2,79
10093920,3,70,2,77
10094430,28,61,1,76
10094940,2,52,-1,77
10095450,18,43,-7,84
10095960,57,40,-6,90
10096470,58,59,-2,92
10096980,79,97,9,83
10097490,61,33,-3,86
10098000,86,52,3,83
10098510,87,79,2,81
10099020,6,15,-5,86
10099530,34,12,13,73
10100040,49,31,-6,79
10100550,50,50,-2,81
10101060,32,88,7,74
10101570,97,24,-7,81
10102080,98,51,5,76
10102590,21,78,1,75
10103100,85,69,-9,84
10103610,4,5,0,84
10104120,5,16,3,81
10104630,33,13,0,81
10105140,34,81,10,71
10105650,99,17,-10,81
10106160,12,27,2,79
10106670,40,24,1,78
10107180,22,21,-1,79
10107690,47,32,0,79
10108200,56,100,2,77
10108710,38,36,-8,85
10109220,20,47,6,79
10109730,72,38,-2,81
10110240,97,57,3,78
10110750,20,84,-1,79
10111260,31,24,-2,81
10111770,52,35,2,79
10112280,57,1,-3,82
10112790,39,20,3,79
10113300,21,17,-1,80
10113810,60,28,3,77
10114320,85,47,-7,84
10114830,8,74,5,79
10115340,24,40,-4,83
10115850,76,37,0,83
10116360,101,64,5,78
10116870,24,91,1,77
10117380,35,31,-3,80
10117890,56,42,0,80
10118400,77,8,-3,83
10118910,51,18,3,80
10119420,33,28,6,74
10119930,54,25,-9,83
10120440,79,44,1,82
10120950,2,71,5,77
10121460,18,37,-4,81
10121970,70,34,-8,89
10122480,95,53,12,77
10122990,18,80,4,73
10123500,29,49,-4,77
10124010,81,59,-1,78
10124520,100,86,3,75
10125030,19,11,-5,80
10125540,20,22,-3,83
10126050,41,33,0,83
10126560,20,30,1,82
10127070,54,69,4,78
10127580,36,5,-3,81
10128090,18,30,-2,83
10128600,70,27,2,81
10129110,95,97,3,78
10129620,77,12,-4,82
10130130,51,39,7,75
10130640,72,5,-10,85
10131150,46,24,-1,86
10131660,28,21,12,74
10132170,67,18,-5,79
10132680,49,45,6,73
10133190,31,7,-1,74
10133700,13,75,-2,76
10134210,29,41,-3,79
10134720,81,52,0,79
10135230,4,79,1,78
10135740,20,19,-2,80
10136250,59,30,-4,84
10136760,84,49,5,79
10137270,7,6,1,78
10137780,46,17,2,76
10138290,28,36,-5,81
10138800,80,33,0,81
10139310,3,60,4,77
10139820,28,29,-8,85
10140330,80,68,3,82
10140840,101,4,4,78
10141350,83,14,-2,80
10141860,98,41,2,78
10142370,21,68,-2,80
10142880,73,37,-5,85
10143390,98,64,8,77
10143900,21,91,4,73
10144410,85,40,-14,87
10144920,8,67,12,75
10145430,24,36,-4,79
10145940,76,33,-1,80
10146450,101,0,4,76
10146960,83,10,-7,83
10147470,57,37,0,83
10147980,82,3,-2,85
10148490,64,22,6,79
10149000,89,49,0,79
10149510,12,76,7,72
10150020,23,42,-6,78
10150530,75,4,-4,82
10151040,57,23,0,82
10151550,39,33,4,78
10152060,21,30,-9,87
10152570,73,69,7,80
10153080,55,5,-5,85
10153590,37,15,7,78
10154100,19,12,-12,90
10154610,58,23,10,80
10155120,83,50,-2,82
10155630,98,69,6,76
10156140,17,96,-3,79
10156650,28,45,2,77
10157160,80,42,0,77
10157670,3,69,4,73
10158180,19,35,-7,80
10158690,71,32,2,78
10159200,96,59,-2,80
10159710,9,86,5,75
10160220,90,35,-7,82
10160730,13,62,4,78
10161240,38,31,0,78
10161750,59,28,-2,80
10162260,84,47,-3,83
10162770,7,74,4,79
10163280,32,40,2,77
10163790,84,37,-3,80
10164300,7,64,5,75
10164810,32,33,-4,79
10165320,84,30,0,79
10165830,7,57,9,70
10166340,32,26,-16,86
10166850,53,59,12,74
10167360,35,0,-8,82
10167870,17,19,2,80
10168380,56,30,3,77
10168890,81,49,-5,82
10169400,4,76,6,76
10169910,29,42,2,74
10170420,81,41,-5,79
10170930,4,68,6,73
10171440,29,34,-6,79
10171950,81,31,3,76
10172460,4,58,3,73
10172970,29,27,-7,80
10173480,81,24,-3,83
10173990,96,51,7,76
10174500,19,78,3,73
10175010,17,47,-9,82
10175520,81,44,2,80
10176030,4,71,5,75
10176540,29,37,-7,82
10177050,81,34,2,80
10177560,4,61,7,73
10178070,29,30,-11,84
10178580,81,27,1,83
10179090,4,54,5,78
10179600,32,23,1,77
10180110,53,20,-2,79
10180620,68,47,2,77
10181130,93,48,-4,81
10181640,16,75,5,76
10182150,27,64,2,74
10182660,92,33,-9,83
10183170,15,60,10,73
10183680,72,29,-10,83
10184190,97,56,5,78
10184700,20,83,2,76
10185210,84,49,-8,84
10185720,7,76,12,72
10186230,23,42,-10,82
10186740,15,41,3,79
10187250,43,38,6,73
10187760,25,0,-7,80
10188270,82,25,-6,86
10188780,97,52,11,75
10189290,20,79,-1,76
10189800,18,45,1,75
10190310,46,7,2,73
10190820,28,17,-7,80
10191330,29,14,4,76
10191840,30,20,-9,85
10192350,31,87,10,75
10192860,96,97,-5,80
10193370,78,33,-1,81
10193880,1,60,5,76
10194390,29,29,-11,87
10194900,81,26,5,82
10195410,96,53,0,82
10195920,9,80,6,76
10196430,25,29,-7,83
10196940,59,26,-2,85
10197450,84,45,6,79
10197960,7,72,0,79
10198470,32,63,5,74
10198980,97,32,-4,78
10199490,20,59,0,78
10200000,94,28,-6,84
10200510,7,55,7,77
10201020,32,24,-2,79
10201530,53,63,3,76
10202040,35,101,-2,78
10202550,100,41,0,78
10203060,23,68,4,74
10203570,75,37,-6,80
10204080,100,64,5,75
10204590,23,91,-1,76
10205100,88,40,-1,77
10205610,11,67,1,76
10206120,21,36,-6,82
10206630,55,33,-1,83
10207140,60,101,6,77
10207650,42,37,0,77
10208160,24,101,-1,78
10208670,35,50,4,74
10209180,17,12,-10,84
10209690,69,23,5,79
10210200,94,50,-5,84
10210710,94,77,-2,86
10211220,13,78,11,75
10211730,24,69,-1,76
10212240,100,38,-3,79
10212750,23,65,-1,80
10213260,51,34,-7,87
10213770,60,37,7,80
10214280,85,3,-4,84
10214790,67,22,0,84
10215300,49,49,5,79
10215810,31,11,4,75
10216320,32,8,1,74
10216830,14,33,-7,81
10217340,42,30,1,80
10217850,24,27,-4,84
10218360,76,24,-1,85
10218870,101,51,13,72
10219380,24,78,-9,81
10219890,73,47,2,79
10220400,55,48,-9,88
10220910,89,10,8,80
10221420,71,37,2,78
10221930,96,64,-1,79
10222440,8,91,0,79
10222950,24,31,-4,83
10223460,76,70,3,80
10223970,58,32,0,80
10224480,83,38,-6,86
10224990,3,65,11,75
10225500,88,34,-1,76
10226010,11,61,2,74
10226520,36,52,-5,79
10227030,18,14,-2,81
10227540,57,11,-2,83
10228050,39,21,10,73
10228560,21,27,-12,85
10229070,73,66,3,82
10229580,5,28,-4,86
10230090,33,25,7,79
10230600,15,22,-8,87
10231110,49,61,8,79
10231620,31,23,0,79
10232130,52,34,-6,85
10232640,86,40,5,80
10233150,9,67,3,77
10233660,34,58,-1,78
10234170,16,57,3,75
10234680,44,48,-2,77
10235190,26,10,1,76
10235700,27,7,-5,81
10236210,28,32,-5,86
10236720,62,29,7,79
10237230,87,30,-1,80
10237740,10,57,4,76
10238250,38,26,-5,81
10238760,72,23,-3,84
10239270,97,50,7,77
10239780,20,77,7,70
10240290,72,68,-10,80
10240800,54,30,-2,82
10241310,36,36,-3,85
10241820,88,33,11,74
10242330,11,60,-3,77
10242840,36,51,0,77
10243350,18,13,-4,81
10243860,57,24,-3,84
10244370,39,13,15,69
10244880,21,19,-15,84
10245390,81,30,6,78
10245900,4,57,-1,79
10246410,29,48,-1,80
10246920,63,47,-2,82
10247430,45,9,0,82
10247940,27,19,5,77
10248450,66,16,1,76
10248960,48,43,-1,77
10249470,30,5,-1,78
10249980,12,30,-6,84
10250490,51,27,-1,85
10251000,33,24,2,83
10251510,15,21,8,75
10252020,43,18,-5,80
10252530,25,25,3,77
10253040,77,22,-8,85
10253550,0,49,13,72
10254060,25,40,-3,75
10254570,77,37,0,75
10255080,0,64,-4,79
10255590,25,55,3,76
10256100,101,17,-4,80
10256610,14,44,-1,81
10257120,42,35,3,78
10257630,76,99,3,75
10258140,58,35,-4,79
10258650,83,32,-4,83
10259160,6,59,4,79
10259670,31,50,2,77
10260180,83,12,-4,81
10260690,65,22,3,78
10261200,47,49,0,78
10261710,29,11,4,74
10262220,30,8,-11,85
10262730,31,33,4,81
10263240,83,30,1,80
10263750,6,57,6,74
10264260,31,48,0,74
10264770,83,47,-8,82
10265280,6,48,-1,83
10265790,31,39,1,82
10266300,83,36,6,76
10266810,6,55,-1,77
10267320,31,46,0,77
10267830,13,43,-3,80
10268340,41,34,1,79
10268850,23,31,-4,83
10269360,82,28,2,81
10269870,5,55,5,76
10270380,30,46,1,75
10270890,82,45,-6,81
10271400,5,72,1,80
10271910,30,38,3,77
10272420,82,35,-2,79
10272930,5,62,4,75
10273440,30,53,3,72
10273950,12,52,-4,76
10274460,40,43,4,72
10274970,22,5,-6,78
10275480,23,30,-3,81
10275990,57,27,0,81
10276500,82,34,3,78
10277010,5,61,5,73
10277520,30,52,-11,84
10278030,82,51,8,76
10278540,5,52,0,76
10279050,30,43,2,74
10279560,82,40,-9,83
10280070,5,67,9,74
10280580,30,58,6,68
10281090,95,49,-11,79
10281600,18,76,9,70
10282110,70,67,-9,79
10282620,52,13,2,77
10283130,34,23,-1,78
10283640,92,20,-4,82
10284150,5,47,5,77
10284660,30,38,-5,82
10285170,64,35,0,82
10285680,89,41,1,81
10286190,12,68,8,73
10286700,37,59,-3,76
10287210,89,21,-7,83
10287720,2,48,4,79
10288230,27,39,-1,80
10288740,79,36,3,77
10289250,2,63,4,73
10289760,27,54,-6,79
10290270,61,45,-2,81
10290780,86,46,3,78
10291290,9,73,1,77
10291800,34,39,-5,82
10292310,86,1,0,82
10292820,68,11,-2,84
10293330,83,38,5,79
10293840,6,65,3,76
10294350,31,56,4,72
10294860,83,47,-6,78
10295370,6,74,-3,81
10295880,31,65,7,74
10296390,5,56,2,72
10296900,30,47,-2,74
10297410,82,44,-3,77
10297920,5,71,2,75
10298430,30,62,-3,78
10298940,4,53,4,74
10299450,29,44,-6,80
10299960,81,41,2,78
10300470,4,68,5,73
10300980,29,59,-4,77
10301490,68,50,-1,78
10302000,93,51,-2,80
10302510,6,78,5,75
10303020,31,18,-6,81
10303530,70,29,4,77
10304040,95,56,5,72
10304550,18,83,-6,78
10305060,29,74,0,78
10305570,63,65,0,78
10306080,45,1,2,76
10306590,27,20,-3,79
10307100,66,17,2,77
10307610,58,44,-2,79
10308120,92,45,-5,84
10308630,15,72,13,71
10309140,54,63,-5,76
10309650,36,101,1,75
10310160,101,92,-8,83
10310670,33,38,-6,89
10311180,85,35,10,79
10311690,8,62,8,71
10312200,33,23,-8,79
10312710,67,34,1,78
10313220,92,35,0,78
10313730,15,62,4,74
10314240,54,53,-4,78
10314750,88,15,-2,80
10315260,1,42,5,75
10315770,26,33,-4,79
10316280,78,30,1,78
10316790,1,57,3,75
10317300,26,79,3,72
10317810,93,70,-14,86
10318320,25,71,14,72
10318830,77,62,-7,79
10319340,9,63,-3,82
10319850,34,54,13,69
10320360,16,45,-15,84
10320870,44,36,-1,85
10321380,78,33,7,78
10321890,1,60,1,77
10322400,26,51,3,74
10322910,91,42,-8,82
10323420,14,69,12,70
10323930,53,60,-9,79
10324440,35,98,4,75
10324950,100,89,-6,81
10325460,32,35,-1,82
10325970,84,32,2,80
10326480,7,59,5,75
10326990,32,50,-1,76
10327500,84,49,-6,82
10328010,99,76,2,80
10328520,31,22,1,79
10329030,70,19,-4,83
10329540,59,46,4,79
10330050,93,47,-1,80
10330560,16,74,5,75
10331070,26,65,-2,77
10331580,54,56,-4,81
10332090,36,67,13,68
10332600,41,58,-8,76
10333110,23,20,-10,86
10333620,62,31,9,77
10334130,87,32,-8,85
10334640,10,59,7,78
10335150,35,50,0,78
10335660,87,12,-5,83
10336170,61,39,0,83
10336680,70,5,-2,85
10337190,44,15,6,79
10337700,26,21,-1,80
10338210,65,32,3,77
10338720,90,59,-4,81
10339230,9,60,8,73
10339740,34,51,-3,76
10340250,86,50,-4,80
10340760,9,77,4,76
10341270,34,43,-3,79
10341780,86,40,0,79
10342290,9,67,7,72
10342800,34,58,1,71
10343310,16,59,-1,72
10343820,41,50,-4,76
10344330,93,61,1,75
10344840,12,88,-4,79
10345350,22,28,-1,80
10345860,74,39,6,74
10346370,99,40,-9,83
10346880,22,67,7,76
10347390,47,58,-6,82
10347900,29,69,10,72
10348410,94,60,-7,79
10348920,6,87,-4,83
10349430,31,27,2,81
10349940,65,38,4,77
10350450,90,39,-5,82
10350960,13,66,9,73
10351470,38,57,-8,81
10351980,90,68,2,79
10352490,22,69,9,70
10353000,74,67,-12,82
10353510,6,29,0,82
10354020,31,26,1,81
10354530,65,37,8,73
10355040,90,38,-8,81
10355550,13,65,13,68
10356060,38,56,-8,76
10356570,90,67,-1,77
10357080,22,68,-3,80
10357590,50,59,3,77
10358100,32,5,-7,84
10358610,14,30,-4,88
10359120,42,69,15,73
10359630,24,31,-17,90
10360140,76,28,13,77
10360650,101,55,3,74
10361160,24,82,-1,75
10361670,27,73,5,70
10362180,92,64,-11,81
10362690,24,65,9,72
10363200,76,56,-14,86
10363710,8,57,11,75
10364220,33,48,-5,80
10364730,67,59,-1,81
10365240,35,21,3,78
10365750,17,27,-2,80
10366260,56,38,-1,81
10366770,65,4,2,79
10367280,47,14,2,77
10367790,29,3,-1,78
10368300,11,28,-10,88
10368810,39,25,8,80
10369320,60,31,2,78
10369830,85,32,-3,81
10370340,8,59,4,77
10370850,33,50,2,75
10371360,67,61,-8,83
10371870,101,23,-1,84
10372380,14,50,5,79
10372890,42,41,-1,80
10373400,24,52,4,76
10373910,58,58,0,76
10374420,40,20,-1,77
10374930,22,26,-8,85
10375440,43,37,10,75
10375950,25,48,1,74
10376460,90,54,-6,80
10376970,3,81,2,78
10377480,28,21,-5,83
10377990,67,32,2,81
10378500,92,33,0,81
10379010,15,60,6,75
10379520,40,51,-3,78
10380030,22,62,3,75
10380540,74,60,-8,83
10381050,11,22,4,79
10381560,50,61,-8,87
10382070,32,23,9,78
10382580,71,34,7,71
10383090,96,61,-3,74
10383600,4,73,1,73
10384110,29,39,-10,83
10384620,81,50,7,76
10385130,90,77,-7,83
10385640,22,39,-4,87
10386150,56,50,6,81
10386660,38,61,9,72
10387170,72,23,-7,79
10387680,97,50,-2,81
10388190,20,77,8,73
10388700,72,68,-7,80
10389210,54,30,-2,82
10389720,36,37,5,77
10390230,75,48,-8,85
10390740,84,14,7,78
10391250,66,24,-8,86
10391760,91,13,-3,89
10392270,73,4,4,85
10392780,55,14,2,83
10393290,37,24,8,75
10393800,19,30,-5,80
10394310,53,41,-2,82
10394820,92,3,-4,86
10395330,74,13,6,80
10395840,50,40,-2,82
10396350,89,2,0,82
10396860,71,12,3,79
10397370,53,39,-2,81
10397880,62,1,8,73
10398390,44,20,-6,79
10398900,26,27,-1,80
10399410,65,38,1,79
10399920,70,4,-11,90
10400430,52,14,11,79
10400940,34,24,2,77
10401450,73,35,-6,83
10401960,98,24,3,80
10402470,11,51,4,76
10402980,36,42,-1,77
10403490,88,53,-2,79
10404000,98,80,2,77
10404510,35,26,-1,78
10405020,74,37,3,75
10405530,99,26,-15,90
10406040,12,36,8,82
10406550,40,42,2,80
10407060,22,53,1,79
10407570,61,15,2,77
10408080,43,42,0,77
10408590,25,53,2,75
10409100,64,15,0,75
10409610,46,42,-5,80
10410120,28,53,-2,82
10410630,67,15,5,77
10411140,49,42,0,77
10411650,31,4,9,68
10412160,13,29,-17,85
10412670,41,68,12,73
10413180,4,30,-8,81
10413690,32,27,-3,84
10414200,71,38,2,82
10414710,80,45,-3,85
10415220,89,34,6,79
10415730,12,61,4,75
10416240,37,52,-1,76
10416750,19,14,-6,82
10417260,58,25,1,81
10417770,40,32,4,77
10418280,22,43,-14,91
10418790,74,54,7,84
10419300,6,20,4,80
10419810,34,17,3,77
10420320,16,23,0,77
10420830,55,29,-9,86
10421340,37,36,6,80
10421850,76,47,-4,84
10422360,85,36,4,80
10422870,8,63,7,73
10423380,33,52,-1,74
10423890,85,63,-10,84
10424400,4,9,-1,85
10424910,15,15,4,81
10425420,54,26,0,81
10425930,36,33,2,79
10426440,18,44,0,79
10426950,57,6,4,75
10427460,39,16,0,75
10427970,21,23,-10,85
10428480,60,34,3,82
10428990,65,41,-1,83
10429500,74,7,0,83
10430010,56,17,3,80
10430520,38,27,7,73
10431030,20,34,-9,82
10431540,72,33,3,79
10432050,97,77,-3,82
10432560,34,23,5,77
10433070,44,34,-5,82
10433580,26,45,2,80
10434090,78,44,-3,83
10434600,87,33,3,80
10435110,10,60,4,76
10435620,35,13,-4,80
10436130,17,19,-2,82
10436640,56,30,2,80
10437150,38,37,3,77
10437660,90,48,2,75
10438170,13,75,4,71
10438680,23,64,-4,75
10439190,75,62,-6,81
10439700,12,24,-4,85
10440210,51,63,9,76
10440720,33,9,-3,79
10441230,15,77,6,73
10441740,26,68,-2,75
10442250,78,66,-11,86
10442760,15,28,2,84
10443270,54,34,3,81
10443780,36,41,4,77
10444290,88,52,-3,80
10444800,98,79,0,80
10445310,35,25,-1,81
10445820,45,36,3,78
10446330,84,47,-4,82
10446840,7,74,7,75
10447350,32,67,0,75
10447860,97,75,0,75
10448370,34,21,-9,84
10448880,73,32,6,78
10449390,98,21,-2,80
10449900,11,48,1,79
10450410,39,39,2,77
10450920,78,50,-5,82
10451430,87,39,-2,84
10451940,10,66,7,77
10452450,35,57,-1,78
10452960,17,46,1,77
10453470,75,45,-1,78
10453980,84,72,2,76
10454490,21,18,-14,90
10455000,60,29,12,78
10455510,85,18,-2,80
10456020,100,45,5,75
10456530,23,72,6,69
10457040,88,70,-14,83
10457550,25,16,4,79
10458060,64,27,-1,80
10458570,89,16,-9,89
10459080,2,43,13,76
10459590,27,34,-5,81
10460100,48,45,5,76
10460610,87,56,-1,77
10461120,97,83,-4,81
10461630,34,29,1,80
10462140,73,40,8,72
10462650,98,67,-5,77
10463160,5,94,-5,82
10463670,30,34,3,79
10464180,95,45,5,74
10464690,6,72,1,73
10465200,31,38,-4,77
10465710,83,49,-2,79
10466220,92,76,-1,80
10466730,29,22,0,80
10467240,68,33,4,76
10467750,93,22,-13,89
10468260,6,49,9,80
10468770,31,40,1,79
10469280,83,39,-5,84
10469790,6,66,7,77
10470300,31,55,-2,79
10470810,65,54,-2,81
10471320,2,16,-3,84
10471830,13,13,2,82
10472340,52,24,3,79
10472850,77,31,-3,82
10473360,0,58,0,82
10473870,25,49,2,80
10474380,64,48,4,76
10474890,29,10,-6,82
10475400,44,21,6,76
10475910,49,27,-4,80
10476420,54,33,4,76
10476930,63,101,-2,78
10477440,45,37,-1,79
10477950,50,48,-1,80
10478460,89,59,6,74
10478970,99,86,-11,85
10479480,18,32,5,80
10479990,57,43,-4,84
10480500,66,9,4,80
10481010,42,36,5,75
10481520,47,100,-1,76
10482030,10,36,-13,89
10482540,38,33,18,71
10483050,43,44,-8,79
10483560,25,6,4,75
10484070,40,31,-8,83
10484580,61,42,5,78
10485090,7,8,-2,80
10485600,46,19,0,80
10486110,28,25,-2,82
10486620,67,36,4,78
10487130,92,25,-8,86
10487640,5,52,9,77
10488150,30,43,-4,81
10488660,95,54,3,78
10489170,8,81,-1,79
10489680,47,24,1,78
10490190,29,30,-7,85
10490700,50,41,8,77
10491210,60,52,0,77
10491720,89,14,-12,89
10492230,2,24,10,79
10492740,30,21,0,79
10493250,69,32,2,77
10493760,94,59,-3,80
10494270,1,86,0,80
10494780,40,36,1,79
10495290,3,47,2,77
10495800,60,38,-7,84
10496310,65,4,-1,85
10496820,47,14,10,75
10497330,29,24,-4,79
10497840,68,35,-3,82
10498350,73,41,-3,85
10498860,82,30,3,82
10499370,97,57,5,77
10499880,4,84,-6,83
10500390,29,27,3,80
10500900,68,38,0,80
10501410,77,65,-4,84
10501920,4,27,6,78
10502430,32,24,-3,81
10502940,71,35,3,78
10503450,96,62,2,76
10503960,4,89,-10,86
10504470,43,29,3,83
10504980,72,40,4,79
10505490,77,29,-3,82
10506000,0,56,10,72
10506510,25,47,-2,74
10507020,90,46,-6,80
10507530,3,73,1,79
10508040,28,39,-7,86
10508550,80,50,4,82
10509060,90,77,1,81
10509570,17,23,-5,86
10510080,56,34,4,82
10510590,65,40,-3,85
10511100,74,83,3,82
10511610,56,19,-4,86
10512120,38,29,10,76
10512630,43,40,-8,84
10513140,48,2,12,72
10513650,30,12,-11,83
10514160,45,23,1,82
10514670,27,30,2,80
10515180,79,86,-3,83
10515690,61,22,3,80
10516200,76,49,-4,84
10516710,85,15,3,81
10517220,100,42,6,75
10517730,23,69,-1,76
10518240,88,67,-7,83
10518750,7,94,0,83
10519260,72,44,3,80
10519770,81,71,0,80
10520280,8,17,-1,81
10520790,36,14,4,77
10521300,18,20,-6,83
10521810,39,31,3,80
10522320,49,42,1,79
10522830,70,4,2,77
10523340,52,14,-4,81
10523850,34,24,2,79
10524360,39,35,4,75
10524870,44,46,-4,79
10525380,7,57,3,76
10525890,32,48,0,76
10526400,97,59,4,72
10526910,0,86,-7,79
10527420,65,36,-7,86
10527930,74,42,8,78
10528440,79,69,-9,87
10528950,11,31,6,81
10529460,39,28,3,78
10529970,44,80,-3,81
10530480,7,71,3,78
10530990,32,21,-5,83
10531500,43,32,6,77
10532010,52,43,1,76
10532520,34,5,2,74
10533030,16,30,-11,85
10533540,68,41,10,75
10534050,77,68,-6,81
10534560,4,30,-6,87
10535070,32,27,4,83
10535580,53,38,6,77
10536090,62,49,-1,78
10536600,71,11,-4,82
10537110,47,38,-7,89
10537620,10,49,15,74
10538130,38,40,-9,83
10538640,90,51,4,79
10539150,99,78,3,76
10539660,6,3,-10,86
10540170,17,14,5,81
10540680,56,25,-5,86
10541190,38,32,5,81
10541700,59,43,1,80
10542210,64,5,2,78
10542720,40,15,5,73
10543230,22,21,-6,79
10543740,61,32,0,79
10544250,70,38,-3,82
10544760,79,65,-3,85
10545270,11,27,8,77
10545780,39,24,-6,83
10546290,2,35,4,79
10546800,30,26,-2,81
10547310,51,37,-4,85
10547820,80,101,3,82
10548330,62,37,0,82
10548840,71,44,-4,86
10549350,80,10,7,79
10549860,54,37,-1,80
10550370,63,101,0,80
10550880,45,47,-1,81
10551390,8,58,4,77
10551900,36,49,3,74
10552410,88,60,-5,79
10552920,99,87,-5,84
10553430,31,33,0,84
10553940,83,44,3,81
10554450,92,71,-1,82
10554960,11,98,1,81
10555470,76,38,-3,84
10555980,91,65,2,82
10556490,0,11,0,82
10557000,11,22,2,80
10557510,39,33,-10,90
10558020,73,44,13,77
10558530,82,71,-6,83
10559040,1,33,3,80
10559550,29,24,-4,84
10560060,63,35,6,78
10560570,72,42,-5,83
10561080,81,8,-2,85
10561590,55,18,6,79
10562100,37,24,0,79
10562610,66,35,-2,81
10563120,91,62,1,80
10563630,0,89,-1,81
10564140,65,39,2,79
10564650,74,66,1,78
10565160,1,12,-10,88
10565670,12,9,4,84
10566180,51,20,7,77
10566690,33,27,-7,84
10567200,67,38,4,80
10567710,76,65,0,80
10568220,3,27,0,80
10568730,31,24,-6,86
10569240,96,35,12,74
10569750,19,62,-1,75
10570260,48,24,-6,81
10570770,53,31,4,77
10571280,58,37,-4,81
10571790,67,48,1,80
10572300,78,14,0,80
10572810,93,41,1,79
10573320,16,68,1,78
10573830,19,59,3,75
10574340,84,21,-6,81
10574850,99,48,4,77
10575360,22,75,6,71
10575870,87,73,-8,79
10576380,14,19,-8,87
10576890,53,30,4,83
10577400,58,37,2,81
10577910,67,48,1,80
10578420,76,10,-2,82
10578930,50,20,3,79
10579440,6,9,-5,84
10579950,17,20,6,78
10580460,38,31,4,74
10580970,59,42,-6,80
10581480,64,53,-3,83
10581990,93,98,7,76
10582500,20,34,-3,79
10583010,72,45,-1,80
10583520,83,72,-4,84
10584030,10,42,4,80
10584540,38,33,0,80
10585050,59,44,-1,81
10585560,88,6,-6,87
10586070,62,16,9,78
10586580,38,43,0,78
10587090,1,54,3,75
10587600,26,45,-7,82
10588110,78,56,-1,83
10588620,89,2,-1,84
10589130,63,12,0,84
10589640,39,22,11,73
10590150,44,29,-13,86
10590660,73,40,10,76
10591170,98,67,-1,77
10591680,7,94,-4,81
10592190,82,49,8,73
10592700,5,76,-5,78
10593210,16,42,2,76
10593720,81,33,-8,84
10594230,4,60,10,74
10594740,29,51,-3,77
10595250,94,62,-2,79
10595760,3,89,-8,87
10596270,28,32,6,81
10596780,93,43,1,80
10597290,16,70,7,73
10597800,81,68,-11,84
10598310,8,53,9,75
10598820,19,44,-1,76
10599330,71,35,-7,83
10599840,96,24,4,79
10600350,9,51,2,77
10600860,37,42,-4,81
10601370,0,53,4,77
10601880,28,44,-8,85
10602390,62,55,0,85
10602900,91,17,6,79
10603410,4,44,0,79
10603920,32,35,-1,80
10604430,84,46,-2,82
10604940,7,73,6,76
10605450,18,16,-7,83
10605960,39,27,3,80
10606470,50,38,-1,81
10606980,55,0,1,80
10607490,31,19,0,80
10608000,42,30,4,76
10608510,47,41,-1,77
10609020,52,3,-4,81
10609530,28,13,3,78
10610040,43,24,2,76
10610550,101,31,-5,81
10611060,24,58,6,75
10611570,89,20,-9,84
10612080,2,47,6,78
10612590,30,38,0,78
10613100,82,49,2,76
10613610,5,76,-3,79
10614120,21,26,-8,87
10614630,73,37,2,85
10615140,98,26,5,80
10615650,11,53,4,76
10616160,39,44,1,75
10616670,2,6,-2,77
10617180,13,17,1,76
10617690,41,28,-1,77
10618200,99,39,1,76
10618710,22,66,3,73
10619220,50,64,9,64
10619730,32,10,-15,79
10620240,47,21,0,79
10620750,3,61,7,72
10621260,28,52,-7,79
10621770,93,15,-1,80
10622280,6,42,2,78
10622790,34,33,-2,80
10623300,99,97,1,79
10623810,26,33,2,77
10624320,78,44,-8,85
10624830,1,71,14,71
10625340,26,62,-10,81
10625850,60,24,3,78
10626360,85,76,-4,82
10626870,12,38,5,77
10627380,40,29,-6,83
10627890,98,40,-1,84
10628400,21,67,4,80
10628910,49,29,0,80
10629420,5,36,-6,86
10629930,33,27,2,84
10630440,54,38,3,81
10630950,79,0,5,76
10631460,53,19,1,75
10631970,27,8,-4,79
10632480,42,33,1,78
10632990,53,44,-1,79
10633500,58,6,-3,82
10634010,34,25,3,79
10634520,63,36,-1,80
10635030,88,43,2,78
10635540,11,70,7,71
10636050,22,59,-1,72
10636560,97,21,-9,81
10637070,10,48,5,76
10637580,38,39,-2,78
10638090,1,50,1,77
10638600,97,41,-5,82
10639110,20,68,5,77
10639620,85,59,-4,81
10640130,48,5,-3,84
10640640,30,15,10,74
10641150,88,22,-8,82
10641660,1,49,10,72
10642170,26,40,-9,81
10642680,78,51,-4,85
10643190,89,52,7,78
10643700,12,79,2,76
10644210,23,68,3,73
10644720,26,59,-3,76
10645230,91,21,-2,78
10645740,4,48,0,78
10646250,32,86,4,74
10646760,97,77,-4,78
10647270,6,23,-3,81
10647780,34,20,-4,85
10648290,49,27,4,81
10648800,74,34,0,81
10649310,99,61,5,76
10649820,22,88,2,74
10650330,87,43,-5,79
10650840,10,70,2,77
10651350,35,61,6,71
10651860,100,52,-4,75
10652370,23,79,6,69
10652880,88,70,-16,85
10653390,99,16,7,78
10653900,12,69,6,72
10654410,23,60,-8,80
10654920,10,22,-5,85
10655430,38,19,3,82
10655940,96,26,0,82
10656450,9,53,7,75
10656960,37,44,-6,81
10657470,0,55,4,77
10657980,25,46,-2,79
10658490,77,37,0,79
10659000,0,24,-2,81
10659510,28,15,0,81
10660020,43,22,-1,82
10660530,68,29,2,80
10661040,93,18,-3,83
10661550,6,45,5,78
10662060,34,36,6,72
10662570,99,47,-5,77
10663080,22,74,8,69
10663590,87,65,-17,86
10664100,98,11,6,80
10664610,72,21,5,75
10665120,87,48,-9,84
10665630,0,75,11,73
10666140,25,25,-10,83
10666650,46,36,6,77
10667160,51,100,-2,79
10667670,14,91,2,77
10668180,25,46,0,77
10668690,90,8,-6,83
10669200,64,18,-1,84
10669710,79,28,4,80
10670220,2,55,5,75
10670730,27,46,0,75
10671240,92,8,-4,79
10671750,66,18,-1,80
10672260,81,45,1,79
10672770,4,72,-2,81
10673280,29,63,5,76
10673790,94,54,5,71
10674300,17,81,-3,74
10674810,82,72,-11,85
10675320,9,18,0,85
10675830,37,57,13,72
10676340,0,48,-3,75
10676850,25,39,-2,77
10677360,77,38,-6,83
10677870,0,27,-1,84
10678380,28,3,7,77
10678890,10,28,-5,82
10679400,38,25,-3,85
10679910,49,32,6,79
10680420,74,39,1,78
10680930,99,28,-7,85
10681440,12,55,8,77
10681950,40,46,-3,80
10682460,3,57,1,79
10682970,28,48,4,75
10683480,80,47,-9,84
10683990,3,48,8,76
10684500,31,39,-4,80
10685010,96,50,-1,81
10685520,9,77,6,75
10686030,84,27,-11,86
10686540,99,54,13,73
10687050,22,81,0,73
10687560,87,72,-14,87
10688070,6,18,5,82
10688580,34,15,2,80
10689090,16,22,1,79
10689600,68,61,-4,83
10690110,97,23,-4,87
10690620,10,50,8,79
10691130,38,41,2,77
10691640,59,52,-2,79
10692150,88,14,-2,81
10692660,1,41,0,81
10693170,29,32,-8,89
10693680,81,29,10,79
10694190,4,56,9,70
10694700,29,47,-9,79
10695210,94,46,3,76
10695720,17,73,2,74
10696230,20,64,1,73
10696740,85,26,-9,82
10697250,100,53,3,79
10697760,23,80,3,76
10698270,88,71,-3,79
10698780,1,17,-3,82
10699290,29,14,3,79
10699800,44,25,2,77
10700310,69,32,-1,78
10700820,94,21,-5,83
10701330,7,48,9,74
10701840,32,39,-9,83
10702350,84,50,6,77
10702860,99,77,-1,78
10703370,12,23,-8,86
10703880,40,62,14,72
10704390,22,61,-6,78
10704900,25,52,0,78
10705410,90,51,-4,82
10705920,13,78,8,74
10706430,24,33,-7,81
10706940,89,72,2,79
10707450,2,18,-7,86
10707960,42,15,14,72
10708470,24,89,1,71
10708980,89,44,-5,76
10709490,12,71,4,72
10710000,87,62,-10,82
10710510,98,63,7,75
10711020,11,90,-4,79
10711530,22,45,6,73
10712040,74,36,-11,84
10712550,99,25,-1,85
10713060,12,52,9,76
10713570,40,43,4,72
10714080,3,5,-8,80
10714590,14,16,5,75
10715100,35,27,-2,77
10715610,40,38,-1,78
10716120,3,49,4,74
10716630,28,40,-2,76
10717140,49,51,2,74
10717650,12,13,-10,84
10718160,23,24,2,82
10718670,44,35,-1,83
10719180,65,46,5,78
10719690,70,65,1,77
10720200,52,11,-2,79
10720710,34,21,-2,81
10721220,39,32,3,78
10721730,60,43,-7,85
10722240,85,62,3,82
10722750,100,63,9,73
10723260,13,90,-7,80
10723770,24,81,9,71
10724280,89,72,-13,84
10724790,2,18,1,83
10725300,30,15,4,79
10725810,12,26,-5,84
10726320,40,65,16,68
10726830,3,82,-10,78
10727340,19,32,-4,82
10727850,47,71,4,78
10728360,29,92,5,73
10728870,94,47,-1,74
10729380,17,74,0,74
10729890,20,82,1,73
10730400,85,73,-18,91
10730910,17,35,8,83
10731420,69,74,4,79
10731930,51,20,-2,81
10732440,33,27,3,78
10732950,54,38,-5,83
10733460,59,57,3,80
10733970,41,68,7,73
10734480,4,89,-6,79
10734990,69,44,-4,83
10735500,78,63,4,79
10736010,89,9,-3,82
10736520,63,19,-5,87
10737030,45,29,5,82
10737540,54,36,5,77
10738050,59,55,2,75
10738560,41,17,-3,78
10739070,23,24,0,78
10739580,88,35,-3,81
10740090,11,62,8,73
10740600,36,53,-9,82
10741110,18,64,9,73
10741620,94,62,-3,76
10742130,3,89,-4,80
10742640,68,39,-8,88
10743150,77,58,1,87
10743660,88,77,2,85
10744170,20,23,1,84
10744680,72,34,1,83
10745190,97,61,8,75
10745700,4,88,-5,80
10746210,79,38,1,79
10746720,2,65,2,77
10747230,27,56,-6,83
10747740,1,95,6,77
10748250,66,45,1,76
10748760,71,72,-11,87
10749270,53,8,5,82
10749780,29,18,11,71
10750290,34,29,-3,74
10750800,55,40,-8,82
10751310,64,2,3,79
10751820,46,21,6,73
10752330,28,40,-5,78
10752840,80,51,-8,86
10753350,89,52,7,79
10753860,2,79,2,77
10754370,27,29,-3,80
10754880,79,40,-3,83
10755390,2,67,10,73
10755900,77,58,-9,82
10756410,87,59,-1,83
10756920,98,60,9,74
10757430,5,87,0,74
10757940,80,37,-6,80
10758450,3,64,6,74
10758960,14,55,-3,77
10759470,17,46,0,77
10759980,45,8,5,72
10760490,27,27,-6,78
10761000,92,38,-9,87
10761510,15,65,13,74
10762020,26,56,-6,80
10762530,0,55,0,80
10763040,25,46,0,80
10763550,59,45,1,79
10764060,64,64,-3,82
10764570,46,29,3,79
10765080,2,36,-4,83
10765590,30,27,-1,84
10766100,64,38,7,77
10766610,89,57,-2,79
10767120,100,84,-4,83
10767630,7,9,-2,85
10768140,18,20,8,77
10768650,70,31,-1,78
10769160,95,58,1,77
10769670,12,85,1,76
10770180,23,76,3,73
10770690,88,67,-9,82
10771200,99,94,1,81
10771710,81,45,-1,82
10772220,4,72,3,79
10772730,29,63,4,75
10773240,94,54,-1,76
10773750,17,81,5,71
10774260,82,72,-6,77
10774770,64,18,-2,79
10775280,46,45,2,77
10775790,9,56,2,75
10776300,20,47,-9,84
10776810,54,38,0,84
10777320,63,57,6,78
10777830,45,68,-3,81
10778340,27,59,3,78
10778850,14,50,3,75
10779360,42,41,-3,78
10779870,24,3,6,72
10780380,25,28,-12,84
10780890,59,39,3,81
10781400,84,58,-2,83
10781910,93,59,3,80
10782420,0,86,5,75
10782930,65,36,-6,81
10783440,90,55,5,76
10783950,13,82,6,70
10784460,40,73,-9,79
10784970,46,35,2,77
10785480,51,46,-7,84
10785990,56,57,5,79
10786500,38,19,5,74
10787010,96,26,-10,84
10787520,19,53,6,78
10788030,47,44,2,76
10788540,10,6,-6,82
10789050,3,17,-4,86
10789560,14,14,9,77
10790070,35,25,-3,80
10790580,46,36,3,77
10791090,51,47,3,74
10791600,56,9,-2,76
10792110,38,36,-6,82
10792620,1,47,3,79
10793130,26,38,-6,85
10793640,78,77,0,85
10794150,101,23,5,80
10794660,14,50,-1,81
10795170,42,41,4,77
10795680,47,52,3,74
10796190,29,14,-7,81
10796700,11,21,2,79
10797210,39,60,1,78
10797720,21,51,-3,81
10798230,49,42,-2,83
10798740,58,53,2,81
10799250,63,64,3,78
10799760,45,26,-2,80
10800270,70,33,1,79
10800780,95,60,-1,80
10801290,2,87,0,80
10801800,27,37,-1,81
10802310,61,76,5,76
10802820,43,12,-2,78
10803330,25,31,-6,84
10803840,77,70,-1,85
10804350,9,16,8,77
10804860,20,55,-3,80
10805370,48,46,7,73
10805880,30,8,-3,76
10806390,12,33,-6,82
10806900,75,72,4,78
10807410,98,18,-8,86
10807920,11,45,3,83
10808430,39,36,2,81
10808940,2,47,3,78
10809450,27,101,1,77
10809960,92,92,-10,87
10810470,13,28,3,84
10810980,41,67,5,79
10811490,23,58,1,78
10812000,88,49,-6,84
10812510,11,76,13,71
10813020,22,67,-6,77
10813530,25,58,0,77
10814040,12,49,-10,87
10814550,40,40,6,81
10815060,3,51,5,76
10815570,28,42,-8,84
10816080,62,53,2,82
10816590,71,15,-1,83
10817100,86,42,2,81
10817610,9,69,5,76
10818120,34,60,3,73
10818630,99,22,-6,79
10819140,12,49,1,78
10819650,75,40,1,77
10820160,100,67,2,75
10820670,9,94,-4,79
10821180,20,49,-5,84
10821690,48,40,6,78
10822200,53,51,-6,84
10822710,16,11,5,79
10823220,55,22,1,78
10823730,80,41,-7,85
10824240,3,68,7,78
10824750,28,59,3,75
10825260,93,50,-3,78
10825770,16,77,4,74
10826280,81,68,-5,79
10826790,90,69,-3,82
10827300,8,70,6,76
10827810,33,61,6,70
10828320,98,52,-4,74
10828830,21,79,5,69
10829340,86,70,-16,85
10829850,95,71,9,76
10830360,4,98,-11,87
10830870,29,89,13,74
10831380,94,87,-7,81
10831890,15,33,-1,82
10832400,80,72,-2,84
10832910,12,34,-1,85
10833420,46,25,5,80
10833930,2,32,-8,88
10834440,30,23,5,83
10834950,64,34,-1,84
10835460,89,53,6,78
10835970,12,80,-3,81
10836480,23,71,7,74
10836990,88,62,-8,82
10837500,97,89,2,80
10838010,69,14,-2,82
10838520,84,41,-3,85
10839030,7,68,9,76
10839540,32,59,4,72
10840050,97,50,-3,75
10840560,20,77,3,72
10841070,85,68,-14,86
10841580,94,32,4,82
10842090,17,59,5,77
10842600,4,50,-6,83
10843110,32,41,0,83
10843620,97,52,4,79
10844130,20,79,3,76
10844640,23,70,0,76
10845150,75,61,-6,82
10845660,84,80,-5,87
10846170,5,16,5,82
10846680,24,55,7,75
10847190,89,46,-6,81
10847700,12,73,4,77
10848210,23,64,4,73
10848720,26,55,-2,75
10849230,91,46,0,75
10849740,14,73,-1,76
10850250,25,64,1,75
10850760,12,55,-4,79
10851270,37,46,-4,83
10851780,0,57,12,71
10852290,25,48,-6,77
10852800,77,39,-3,80
10853310,0,66,1,79
10853820,25,57,-1,80
10854330,90,48,-2,82
10854840,13,75,11,71
10855350,24,66,-5,76
10855860,27,57,-6,82
10856370,92,48,0,82
10856880,15,75,6,76
10857390,26,66,3,73
10857900,13,57,-9,82
10858410,41,48,3,79
10858920,23,59,2,77
10859430,10,50,3,74
10859940,21,41,-9,83
10860450,73,40,2,81
10860960,98,41,1,80
10861470,21,68,8,72
10861980,86,59,-11,83
10862490,95,86,2,81
10863000,16,11,-1,82
10863510,37,22,0,82
10864020,56,29,-1,83
10864530,81,36,-2,85
10865040,4,63,7,78
10865550,29,54,4,74
10866060,94,45,-7,81
10866570,17,72,3,78
10867080,20,63,1,77
10867590,23,54,1,76
10868100,88,45,-3,79
10868610,11,72,4,75
10869120,36,63,-1,76
10869630,101,54,2,74
10870140,24,81,5,69
10870650,27,72,-6,75
10871160,92,63,-8,83
10871670,101,90,0,83
10872180,8,15,4,79
10872690,27,54,1,78
10873200,92,45,-1,79
10873710,15,72,4,75
10874220,26,63,3,72
10874730,91,54,-4,76
10875240,14,81,3,73
10875750,25,72,1,72
10876260,90,63,-10,82
10876770,99,90,-6,88
10877280,20,26,4,84
10877790,54,65,1,83
10878300,4,1,-3,86
10878810,15,12,5,81
10879320,36,23,0,81
10879830,45,30,3,78
10880340,54,37,-2,80
10880850,63,44,-6,86
10881360,72,63,7,79
10881870,81,25,-1,80
10882380,4,52,3,77
10882890,29,43,0,77
10883400,81,42,-4,81
10883910,4,69,10,71
10884420,20,60,-5,76
10884930,72,51,-6,82
10885440,81,70,-2,84
10885950,90,71,-3,87
10886460,99,72,11,76
10886970,6,99,-4,80
10887480,22,90,6,74
10887990,87,81,-9,83
10888500,8,27,3,80
10889010,36,18,8,72
10889520,61,25,-11,83
10890030,86,44,-2,85
10890540,9,71,9,76
10891050,34,62,8,68
10891560,99,53,-10,78
10892070,22,80,6,72
10892580,87,71,-14,86
10893090,96,72,11,75
10893600,3,99,-6,81
10894110,19,90,1,80
10894620,30,81,2,78
10895130,33,72,3,75
10895640,98,63,-2,77
10896150,21,90,3,74
10896660,86,81,-9,83
10897170,88,17,0,83
10897680,1,44,3,80
10898190,26,35,2,78
10898700,78,79,0,78
10899210,101,15,-7,85
10899720,14,42,5,80
10900230,39,33,0,80
10900740,44,97,6,74
10901250,7,88,-8,82
10901760,23,79,9,73
10902270,88,70,-12,85
10902780,97,71,8,77
10903290,4,98,-7,84
10903800,20,89,9,75
10904310,31,80,-4,79
10904820,96,71,5,74
10905330,3,98,-8,82
10905840,19,89,4,78
10906350,30,80,1,77
10906860,95,71,-2,79
10907370,2,72,1,78
10907880,27,63,8,70
10908390,92,54,-12,82
10908900,15,81,7,75
10909410,26,72,0,75
10909920,91,63,-11,86
10910430,100,64,8,78
10910940,23,91,3,75
10911450,26,82,-2,77
10911960,91,73,-3,80
10912470,100,74,2,78
10912980,7,101,-4,82
10913490,23,92,6,76
10914000,26,83,-1,77
10914510,91,74,-3,80
10915020,100,75,5,75
10915530,7,0,-8,83
10916040,18,11,2,81
10916550,29,22,3,78
10917060,40,33,1,77
10917570,49,40,0,77
10918080,31,43,-5,82
10918590,83,54,-1,83
10919100,92,55,5,78
10919610,15,82,5,73
10920120,26,73,2,71
10920630,91,64,-11,82
10921140,100,65,5,77
10921650,7,92,-1,78
10922160,23,83,4,74
10922670,88,74,-13,87
10923180,97,75,6,81
10923690,4,76,15,66
10924200,20,67,-11,77
10924710,23,58,0,77
10925220,26,49,-2,79
10925730,60,40,2,77
10926240,85,41,-3,80
10926750,8,68,6,74
10927260,24,59,-5,79
10927770,27,50,3,76
10928280,14,12,-13,89
10928790,66,23,14,75
10929300,91,50,-4,79
10929810,14,77,9,70
10930320,25,68,-6,76
10930830,77,59,-5,81
10931340,86,60,-2,83
10931850,3,61,5,78
10932360,19,52,5,73
10932870,71,43,-7,80
10933380,96,69,4,76
10933890,13,96,2,74
10934400,98,87,-13,87
10934910,15,12,3,84
10935420,26,23,0,84
10935930,60,34,3,81
10936440,85,41,-1,82
10936950,8,68,6,76
10937460,24,59,-1,77
10937970,27,50,-3,80
10938480,61,41,-3,83
10938990,70,42,3,80
10939500,95,43,0,80
10940010,18,70,2,78
10940520,21,61,6,72
10941030,24,52,-1,73
10941540,27,55,-9,82
10942050,79,46,0,82
10942560,2,47,2,80
10943070,27,38,1,79
10943580,79,37,1,78
10944090,2,64,-1,79
10944600,18,55,1,78
10945110,21,46,-1,79
10945620,73,37,1,78
10946130,98,64,0,78
10946640,7,91,1,77
10947150,23,82,4,73
10947660,26,73,-1,74
10948170,29,64,3,71
10948680,94,55,-7,78
10949190,1,82,0,78
10949700,17,73,5,73
10950210,20,64,-4,77
10950720,23,55,-1,78
10951230,75,46,-7,85
10951740,84,47,8,77
10952250,7,48,-2,79
10952760,26,39,-4,83
10953270,78,78,2,81
10953780,101,14,-3,84
10954290,14,24,5,79
10954800,33,63,7,72
10955310,98,54,-2,74
10955820,5,81,-2,76
10956330,21,72,-1,77
10956840,24,63,8,69
10957350,89,54,-10,79
10957860,100,55,2,77
10958370,23,82,4,73
10958880,88,73,-10,83
10959390,97,74,5,78
10959900,14,75,3,75
10960410,30,66,-3,78
10960920,75,57,-2,80
10961430,84,88,-3,83
10961940,5,24,1,82
10962450,24,37,2,80
10962960,76,36,-1,81
10963470,101,37,-2,83
10963980,24,64,6,77
10964490,27,55,5,72
10965000,14,46,-9,81
10965510,42,37,-4,85
10966020,24,48,7,78
10966530,76,39,-2,80
10967040,101,66,1,79
10967550,8,93,-3,82
10968060,24,84,12,70
10968570,27,75,-12,82
10969080,79,66,-1,83
10969590,88,67,1,82
10970100,97,68,6,76
10970610,14,95,-1,77
10971120,99,86,-9,86
10971630,6,11,8,78
10972140,17,24,-4,82
10972650,69,63,7,75
10973160,92,64,-4,79
10973670,101,91,0,79
10974180,22,27,-3,82
10974690,74,38,2,80
10975200,99,39,1,79
10975710,22,66,5,74
10976220,74,57,-7,81
10976730,83,58,-3,84
10977240,92,59,7,77
10977750,101,86,-3,80
10978260,8,87,1,79
10978770,24,78,6,73
10979280,24,69,-1,74
10979790,27,60,-6,80
10980300,30,51,9,71
10980810,17,42,-8,79
10981320,69,33,-2,81
10981830,94,34,-3,84
10982340,17,61,4,80
10982850,20,52,0,80
10983360,54,43,-5,85
10983870,63,46,-1,86
10984380,82,47,4,82
10984890,91,48,1,81
10985400,14,75,8,73
10985910,30,66,-1,74
10986420,33,57,0,74
10986930,20,48,-5,79
10987440,23,39,-4,83
10987950,57,46,1,82
10988460,66,57,3,79
10988970,75,58,-5,84
10989480,84,59,9,75
10989990,93,86,-9,84
10990500,0,32,6,78
10991010,16,23,-6,84
10991520,35,34,0,84
10992030,69,45,6,78
10992540,78,48,-1,79
10993050,87,75,-5,84
10993560,4,76,6,78
10994070,20,67,4,74
10994580,23,58,-1,75
10995090,26,49,-2,77
10995600,94,40,-6,83
10996110,17,67,7,76
10996620,20,58,-2,78
10997130,23,49,-6,84
10997640,57,40,2,82
10998150,66,43,3,79
10998660,75,44,-2,81
10999170,84,71,-3,84
10999680,93,72,1,83
11000190,0,73,0,83
11000700,16,64,11,72
11001210,19,55,-3,75
11001720,22,46,-5,80
11002230,56,37,1,79
11002740,65,40,-1,80
11003250,74,41,1,79
11003760,83,68,-7,86
11004270,92,69,9,77
11004780,101,96,-5,82
11005290,22,32,0,82
11005800,56,43,4,78
11006310,65,44,-5,83
11006820,74,47,4,79
11007330,83,48,-5,84
11007840,92,75,0,84
11008350,101,0,2,82
11008860,83,10,-2,84
11009370,98,37,6,78
11009880,21,64,2,76
11010390,24,55,-2,78
11010900,27,46,-4,82
11011410,79,45,2,80
11011920,88,72,-5,85
11012430,97,73,8,77
11012940,4,74,3,74
11013450,20,9,-12,86
11013960,21,20,2,84
11014470,73,31,4,80
11014980,98,10,-2,82
11015490,80,20,-4,86
11016000,95,47,4,82
11016510,18,74,5,77
11017020,21,65,0,77
11017530,24,56,3,74
11018040,88,47,-10,84
11018550,1,74,5,79
11019060,17,65,4,75
11019570,20,56,-3,78
11020080,84,47,2,76
11020590,93,74,-8,84
11021100,0,101,3,81
11021610,61,92,4,77
11022120,43,28,-4,81
11022630,52,35,-3,84
11023140,61,42,4,80
11023650,70,45,-3,83
11024160,79,48,1,82
11024670,88,75,-7,89
11025180,97,76,10,79
11025690,4,1,-5,84
11026200,15,12,6,78
11026710,54,23,3,75
11027220,79,30,-8,83
11027730,2,57,12,71
11028240,18,48,-13,84
11028750,52,39,3,81
11029260,61,42,7,74
11029770,70,43,-7,81
11030280,79,44,-7,88
11030790,88,45,4,84
11031300,11,72,12,72
11031810,27,63,-6,78
11032320,91,54,-2,80
11032830,100,81,1,79
11033340,7,6,-7,86
11033850,18,17,3,83
11034360,70,28,-1,84
11034870,95,55,8,76
11035380,2,82,-1,77
11035890,18,73,1,76
11036400,82,64,-9,85
11036910,91,65,3,82
11037420,100,66,12,70
11037930,7,93,-13,83
11038440,23,84,9,74
11038950,21,75,5,69
11039460,19,66,-9,78
11039970,83,57,-4,82
11040480,92,58,-2,84
11040990,101,5,5,79
11041500,83,15,-4,83
11042010,98,42,6,77
11042520,21,69,0,77
11043030,24,60,1,76
11043540,11,51,-2,78
11044050,27,42,4,74
11044560,95,49,-8,82
11045070,18,76,14,68
11045580,16,58,-13,81
11046090,80,49,-3,84
11046600,89,50,1,83
11047110,98,77,7,76
11047620,5,2,-8,84
11048130,16,13,2,82
11048640,35,24,6,76
11049150,40,31,-4,80
11049660,49,38,2,78
11050170,58,49,-4,82
11050680,67,60,4,78
11051190,76,61,-6,84
11051700,85,62,1,83
11052210,2,63,8,75
11052720,18,54,-6,81
11053230,42,45,6,75
11053740,24,56,5,70
11054250,27,47,-7,77
11054760,61,38,-2,79
11055270,70,57,-2,81
11055780,62,58,7,74
11056290,44,4,-4,78
11056800,26,23,-3,81
11057310,90,34,5,76
11057820,13,61,-2,78
11058330,77,52,-4,82
11058840,86,53,2,80
11059350,101,80,-1,81
11059860,8,5,-1,82
11060370,19,16,2,80
11060880,38,23,6,74
11061390,49,30,-9,83
11061900,58,37,10,73
11062410,67,56,-7,80
11062920,76,57,2,78
11063430,85,58,-2,80
11063940,2,85,0,80
11064450,18,76,7,73
11064960,99,67,-7,80
11065470,6,94,3,77
11065980,22,85,3,74
11066490,25,76,-4,78
11067000,28,67,1,77
11067510,15,58,0,77
11068020,79,49,-7,84
11068530,90,50,2,82
11069040,3,77,0,82
11069550,19,68,9,73
11070060,22,59,-6,79
11070570,25,50,-3,82
11071080,59,41,-2,84
11071590,68,60,4,80
11072100,77,61,4,76
11072610,86,62,-4,80
11073120,3,81,4,76
11073630,19,72,4,72
11074140,17,63,-4,76
11074650,20,54,-1,77
11075160,54,45,-5,82
11075670,65,64,2,80
11076180,88,10,-4,84
11076690,1,37,5,79
11077200,29,28,-5,84
11077710,63,39,3,81
11078220,72,58,1,80
11078730,100,59,7,73
11079240,7,86,-10,83
11079750,23,77,9,74
11080260,21,68,1,73
11080770,24,59,1,72
11081280,27,50,-10,82
11081790,61,41,-3,85
11082300,70,60,5,80
11082810,79,61,-2,82
11083320,90,62,5,77
11083830,101,89,-6,83
11084340,22,14,4,79
11084850,86,25,-10,89
11085360,101,52,14,75
11085870,24,79,2,73
11086380,22,70,-2,75
11086890,25,61,1,74
11087400,28,52,-3,77
11087910,62,43,-8,85
11088420,73,62,0,85
11088930,92,63,2,83
11089440,9,90,1,82
11089950,25,81,12,70
11090460,90,72,-5,75
11090970,7,99,-7,82
11091480,23,72,10,72
11091990,26,63,-4,76
11092500,60,54,-2,78
11093010,83,16,-7,85
11093520,98,43,3,82
11094030,21,70,10,72
11094540,24,61,-12,84
11095050,27,52,9,75
11095560,61,43,-6,81
11096070,70,62,-1,82
11096580,79,63,-1,83
11097090,98,64,3,80
11097600,7,91,-3,83
11098110,23,82,2,81
11098620,21,73,2,79
11099130,24,71,7,72
11099640,27,62,-4,76
11100150,14,53,1,75
11100660,42,44,-4,79
11101170,76,55,-2,81
11101680,87,56,-1,82
11102190,76,83,1,81
11102700,8,19,1,80
11103210,27,58,0,80
11103720,61,49,0,80
11104230,72,60,-5,85
11104740,83,79,0,85
11105250,0,15,-6,91
11105760,11,26,9,82
11106270,30,65,1,81
11106780,17,27,0,81
11107290,51,38,2,79
11107800,62,39,-5,84
11108310,73,58,4,80
11108820,92,59,-3,83
11109330,9,86,3,80
11109840,25,77,13,67
11110350,28,75,-5,72
11110860,31,66,0,72
11111370,18,57,0,72
11111880,21,55,-2,74
11112390,24,46,-8,82
11112900,58,85,-2,84
11113410,40,21,8,76
11113920,51,28,-4,80
11114430,7,35,0,80
11114940,35,26,2,78
11115450,46,33,-2,80
11115960,57,40,-6,86
11116470,68,59,4,82
11116980,0,78,4,78
11117490,16,33,0,78
11118000,50,40,-7,85
11118510,61,51,5,80
11119020,72,62,-6,86
11119530,4,73,9,77
11120040,29,64,-3,80
11120550,63,55,-4,84
11121060,97,66,10,74
11121570,6,93,-14,88
11122080,22,84,11,77
11122590,20,82,0,77
11123100,84,73,2,75
11123610,16,100,-3,78
11124120,97,91,-7,85
11124630,29,37,-6,91
11125140,63,48,5,86
11125650,74,67,3,83
11126160,6,78,4,79
11126670,22,69,7,72
11127180,25,67,3,69
11127690,28,65,-8,77
11128200,62,56,-2,79
11128710,96,67,0,79
11129220,5,94,0,79
11129730,21,85,1,78
11130240,32,83,7,71
11130750,97,81,-12,83
11131260,6,6,-1,84
11131770,17,17,3,81
11132280,36,28,2,79
11132790,47,39,1,78
11133300,58,50,-4,82
11133810,92,61,2,80
11134320,1,88,-2,82
11134830,17,38,2,80
11135340,51,37,4,76
11135850,62,56,-2,78
11136360,96,67,-2,80
11136870,5,94,0,80
11137380,21,49,-4,84
11137890,55,11,8,76
11138400,29,38,1,75
11138910,8,49,0,75
11139420,33,40,-8,83
11139930,67,51,3,80
11140440,78,70,-6,86
11140950,10,89,13,73
11141460,26,44,-7,80
11141970,60,55,6,74
11142480,94,17,-7,81
11142990,7,44,3,78
11143500,32,35,-4,82
11144010,66,46,3,79
11144520,77,65,-2,81
11145030,88,84,-3,84
11145540,20,20,4,80
11146050,54,31,-3,83
11146560,65,50,1,82
11147070,76,69,-3,85
11147580,8,80,6,79
11148090,24,23,-3,82
11148600,58,34,3,79
11149110,69,41,-3,82
11149620,94,60,4,78
11150130,3,7,1,77
11150640,14,18,-6,83
11151150,48,29,2,81
11151660,59,36,-1,82
11152170,70,55,6,76
11152680,81,74,-8,84
11153190,13,101,4,80
11153700,29,56,2,78
11154210,63,55,0,78
11154720,97,74,2,76
11155230,6,101,2,74
11155740,22,44,-2,76
11156250,56,43,-9,85
11156760,67,62,2,83
11157270,101,73,4,79
11157780,10,100,1,78
11158290,26,43,-11,89
11158800,60,54,12,77
11159310,94,65,-5,82
11159820,3,92,5,77
11160330,19,42,-3,80
11160840,53,41,-2,82
11161350,64,60,1,81
11161860,98,71,1,80
11162370,7,98,-4,84
11162880,23,41,-3,87
11163390,57,52,10,77
11163900,91,63,-2,79
11164410,0,90,-8,87
11164920,16,81,15,72
11165430,27,72,-3,75
11165940,61,63,3,72
11166450,39,9,-4,76
11166960,54,28,-1,77
11167470,79,35,-3,80
11167980,2,62,3,77
11168490,27,53,1,76
11169000,61,15,-4,80
11169510,76,88,5,75
11170020,99,24,-10,85
11170530,12,43,7,78
11171040,37,34,2,76
11171550,71,45,-4,80
11172060,82,64,-1,81
11172570,93,99,-4,85
11173080,14,35,1,84
11173590,48,74,7,77
11174100,30,95,-3,80
11174610,75,32,-2,82
11175120,100,59,4,78
11175630,13,86,1,77
11176140,29,77,11,66
11176650,32,75,-11,77
11177160,66,66,-6,83
11177670,100,12,-1,84
11178180,13,39,9,75
11178690,41,30,-8,83
11179200,75,41,-3,86
11179710,100,60,9,77
11180220,13,87,2,75
11180730,29,78,1,74
11181240,8,69,-2,76
11181750,33,60,1,75
11182260,67,51,-4,79
11182770,78,70,-1,80
11183280,46,97,2,78
11183790,80,88,-7,85
11184300,1,24,3,82
11184810,29,30,-5,87
11185320,63,41,4,83
11185830,72,60,-3,86
11186340,4,79,8,78
11186850,29,70,4,74
11187360,3,61,-3,77
11187870,28,52,-6,83
11188380,62,63,4,79
11188890,44,74,-1,80
11189400,26,72,3,77
11189910,29,63,-1,78
11190420,63,54,-2,80
11190930,72,65,4,76
11191440,95,76,-5,81
11191950,27,77,11,70
11192460,30,75,-6,76
11192970,64,66,-2,78
11193480,46,77,-2,80
11193990,28,68,6,74
11194500,62,59,-3,77
11195010,96,70,-1,78
11195520,5,97,-5,83
11196030,21,34,3,80
11196540,55,45,2,78
11197050,64,56,0,78
11197560,98,67,-2,80
11198070,7,94,3,77
11198580,23,37,-7,84
11199090,57,48,-1,85
11199600,91,59,1,84
11200110,4,86,6,78
11200620,20,77,6,72
11201130,23,75,2,70
11201640,21,73,-7,77
11202150,24,71,3,74
11202660,27,69,4,70
11203170,92,60,-8,78
11203680,5,87,3,75
11204190,21,30,-9,84
11204700,55,41,3,81
11205210,64,52,-1,82
11205720,73,63,-4,86
11206230,5,82,10,76
11206740,21,73,2,74
11207250,19,71,-6,80
11207760,83,69,-8,88
11208270,92,88,3,85
11208780,13,24,-5,90
11209290,41,35,12,78
11209800,23,46,-1,79
11210310,57,45,0,79
11210820,39,56,-2,81
11211330,21,67,3,78
11211840,85,65,-7,85
11212350,96,66,10,75
11212860,5,93,-8,83
11213370,21,84,0,83
11213880,32,75,11,72
11214390,66,66,-5,77
11214900,48,12,-2,79
11215410,30,31,5,74
11215920,94,42,-3,77
11216430,17,69,0,77
11216940,33,67,-2,79
11217450,7,58,1,78
11217960,23,49,-4,82
11218470,57,11,5,77
11218980,39,38,-9,86
11219490,18,49,5,81
11220000,52,40,-8,89
11220510,63,51,11,78
11221020,72,70,0,78
11221530,54,81,-5,83
11222040,36,43,9,74
11222550,18,54,-6,80
11223060,95,45,2,78
11223570,18,72,8,70
11224080,16,63,-12,82
11224590,27,54,5,77
11225100,61,16,-1,78
11225610,76,43,-1,79
11226120,85,62,-6,85
11226630,96,81,4,81
11227140,78,6,-3,84
11227650,60,25,-1,85
11228160,42,44,10,75
11228670,24,55,-5,80
11229180,58,94,-5,85
11229690,40,85,6,79
11230200,22,76,-6,85
11230710,41,74,10,75
11231220,23,65,-2,77
11231730,26,63,-3,80
11232240,60,54,-6,86
11232750,42,65,11,75
11233260,24,56,-6,81
11233770,58,47,-4,85
11234280,67,66,8,77
11234790,49,12,-4,81
11235300,31,31,-3,84
11235810,65,42,2,82
11236320,47,61,3,79
11236830,29,72,4,75
11237340,63,63,-3,78
11237850,45,74,2,76
11238360,27,65,1,75
11238870,61,56,-3,78
11239380,43,67,5,73
11239890,25,13,-7,80
11240400,40,24,2,78
11240910,22,35,-2,80
11241420,56,74,1,79
11241930,38,10,2,77
11242440,20,29,-10,87
11242950,54,40,4,83
11243460,63,59,3,80
11243970,45,21,3,77
11244480,27,28,-6,83
11244990,6,39,0,83
11245500,22,30,0,83
11246010,56,41,0,83
11246520,65,60,6,77
11247030,47,6,-1,78
11247540,29,25,-3,81
11248050,63,36,2,79
11248560,45,55,-1,80
11249070,27,66,0,80
11249580,61,57,-2,82
11250090,43,68,7,75
11250600,25,79,3,72
11251110,23,77,-5,77
11251620,21,75,7,70
11252130,24,73,-4,74
11252640,100,71,-1,75
11253150,13,98,-12,87
11253660,94,89,2,85
11254170,26,25,0,85
11254680,60,36,2,83
11255190,69,55,6,77
11255700,51,74,2,75
11256210,33,10,-10,85
11256720,48,21,-2,87
11257230,30,40,3,84
11257740,12,51,4,80
11258250,37,42,1,79
11258760,19,53,5,74
11259270,44,15,-9,83
11259780,26,22,-2,85
11260290,45,33,6,79
11260800,54,44,-2,81
11261310,36,55,7,74
11261820,18,66,1,73
11262330,94,64,-10,83
11262840,7,91,3,80
11263350,23,28,-1,81
11263860,75,39,6,75
11264370,100,66,-4,79
11264880,13,93,-4,83
11265390,29,84,9,74
11265900,3,82,-4,78
11266410,28,19,-3,81
11266920,47,30,2,79
11267430,29,49,3,76
11267940,3,60,-3,79
11268450,28,51,5,74
11268960,2,62,-7,81
11269470,27,53,7,74
11269980,1,92,-5,79
11270490,26,29,-5,84
11271000,60,40,4,80
11271510,42,59,-1,81
11272020,24,70,5,76
11272530,100,68,-3,79
11273040,13,95,-2,81
11273550,94,32,4,77
11274060,7,59,-4,81
11274570,32,50,7,74
11275080,14,61,-1,75
11275590,72,52,-10,85
11276100,81,71,4,81
11276610,63,98,-1,82
11277120,45,34,4,78
11277630,27,45,-1,79
11278140,1,84,4,75
11278650,17,34,-6,81
11279160,51,25,-6,87
11279670,33,44,7,80
11280180,67,55,-1,81
11280690,49,74,4,77
11281200,31,10,4,73
11281710,13,21,-7,80
11282220,38,32,0,80
11282730,20,43,-4,84
11283240,54,82,11,73
11283750,36,7,-5,78
11284260,18,18,-7,85
11284770,52,29,5,80
11285280,34,48,0,80
11285790,16,59,8,72
11286300,41,57,0,72
11286810,23,19,-12,84
11287320,57,30,6,78
11287830,39,49,1,77
11288340,21,60,-5,82
11288850,97,51,1,81
11289360,10,78,5,76
11289870,26,69,6,70
11290380,0,60,-2,72
11290890,25,51,-7,79
11291400,101,42,0,79
11291910,41,69,0,79
11292420,23,60,2,77
11292930,99,51,2,75
11293440,22,78,-2,77
11293950,25,69,6,71
11294460,90,29,-7,78
11294970,3,56,-2,80
11295480,28,47,3,77
11295990,73,46,-6,83
11296500,55,65,3,80
11297010,37,1,4,76
11297520,19,26,-8,84
11298030,71,37,3,81
11298540,96,64,5,76
11299050,78,91,-12,88
11299560,60,27,4,84
11300070,42,46,2,82
11300580,24,57,8,74
11301090,100,48,-6,80
11301600,23,75,12,68
11302110,99,35,-14,82
11302620,22,62,6,76
11303130,98,22,-7,83
11303640,11,49,4,79
11304150,36,40,5,74
11304660,18,51,-7,81
11305170,43,42,4,77
11305680,25,53,-6,83
11306190,101,44,4,79
11306700,24,71,5,74
11307210,100,62,-1,75
11307720,82,36,-12,87
11308230,5,63,9,78
11308740,30,54,5,73
11309250,4,45,-8,81
11309760,29,36,-1,82
11310270,11,75,8,74
11310780,27,66,0,74
11311290,1,57,-2,76
11311800,26,48,-4,80
11312310,0,39,-3,83
11312820,16,30,-2,85
11313330,41,69,5,80
11313840,23,60,4,76
11314350,99,51,0,76
11314860,22,78,11,65
11315370,87,69,-15,80
11315880,69,70,-3,83
11316390,51,97,5,78
11316900,33,88,8,70
11317410,71,79,-11,81
11317920,53,15,3,78
11318430,35,42,-6,84
11318940,17,53,5,79
11319450,42,44,-1,80
11319960,24,55,6,74
11320470,100,46,0,74
11320980,23,73,4,70
11321490,99,33,-18,88
11322000,12,60,14,74
11322510,28,51,-1,75
11323020,2,42,-3,78
11323530,27,33,-1,79
11324040,9,44,-2,81
11324550,34,35,-7,88
11325060,86,46,9,79
11325570,9,73,-2,81
11326080,34,64,8,73
11326590,16,55,-6,79
11327100,41,46,0,79
11327610,23,57,-2,81
11328120,99,33,2,79
11328630,22,60,4,75
11329140,98,51,0,75
11329650,21,78,-3,78
11330160,97,69,-3,81
11330670,6,96,3,78
11331180,22,87,4,74
11331690,87,78,-15,89
11332200,8,3,8,81
11332710,19,14,1,80
11333220,58,25,2,78
11333730,40,44,-2,80
11334240,22,55,-3,83
11334750,47,46,4,79
11335260,29,57,3,76
11335770,3,48,-1,77
11336280,28,39,-4,81
11336790,10,50,3,78
11337300,35,41,-2,80
11337810,17,52,3,77
11338320,93,43,-3,80
11338830,16,70,4,76
11339340,92,5,-10,86
11339850,66,24,9,77
11340360,48,51,-2,79
11340870,30,70,3,76
11341380,95,61,-4,80
11341890,77,88,-9,89
11342400,59,24,4,85
11342910,41,43,5,80
11343420,23,54,6,74
11343930,99,45,-6,80
11344440,22,72,7,73
11344950,98,32,-15,88
11345460,21,59,15,73
11345970,25,50,-9,82
11346480,101,41,3,79
11346990,24,68,4,75
11347500,100,59,0,75
11348010,95,86,-12,87
11348520,27,11,0,87
11349030,91,22,7,80
11349540,4,49,3,77
11350050,29,40,-3,80
11350560,11,51,6,74
11351070,36,42,0,74
11351580,18,53,-2,76
11352090,94,44,-9,85
11352600,17,71,11,74
11353110,93,62,-4,78
11353620,16,89,-1,79
11354130,32,80,2,77
11354640,14,71,-1,78
11355150,24,62,5,73
11355660,101,53,-2,75
11356170,24,80,1,74
11356680,89,71,-8,82
11357190,71,72,2,80
11357700,53,18,2,78
11358210,35,37,1,77
11358720,17,48,-7,84
11359230,42,39,9,75
11359740,24,1,1,74
11360250,6,26,-20,94
11360760,31,23,13,81
11361270,80,34,-3,84
11361780,3,61,9,75
11362290,28,52,-1,76
11362800,2,43,-4,80
11363310,27,34,0,80
11363820,92,45,3,77
11364330,15,72,4,73
11364840,31,63,-7,80
11365350,5,54,5,75
11365860,30,45,-5,80
11366370,4,56,7,73
11366880,29,47,-5,78
11367390,94,58,-2,80
11367900,17,85,0,80
11368410,28,22,-2,82
11368920,92,33,1,81
11369430,15,60,4,77
11369940,91,51,-2,79
11370450,14,78,6,73
11370960,30,69,-11,84
11371470,4,60,11,73
11371980,29,51,-7,80
11372490,3,42,-6,86
11373000,28,33,7,79
11373510,62,44,-4,83
11374020,44,63,7,76
11374530,26,74,2,74
11375040,0,65,-2,76
11375550,25,56,-4,80
11376060,101,47,6,74
11376570,24,74,-1,75
11377080,100,65,-1,76
11377590,82,92,-9,85
11378100,64,28,2,83
11378610,46,47,8,75
11379120,28,58,-3,78
11379630,33,49,-4,82
11380140,15,60,7,75
11380650,40,51,-1,76
11381160,22,62,-3,79
11381670,47,24,1,78
11382180,29,43,-2,80
11382690,63,54,3,77
11383200,45,16,-2,79
11383710,27,35,-1,80
11384220,9,46,-3,83
11384730,34,37,1,82
11385240,13,48,2,80
11385750,38,39,-2,82
11386260,20,50,-2,84
11386770,96,41,2,82
11387280,19,68,8,74
11387790,95,59,-6,80
11388300,18,86,6,74
11388810,63,77,-9,83
11389320,45,13,8,75
11389830,27,32,-5,80
11390340,6,43,-1,81
11390850,31,34,5,76
11391360,13,62,1,75
11391870,38,53,2,73
11392380,20,64,-3,76
11392890,97,55,-8,84
11393400,20,82,10,74
11393910,97,73,-10,84
11394420,6,74,7,77
11394930,31,65,-2,79
11395440,65,56,-4,83
11395950,47,43,1,82
11396460,29,54,6,76
11396970,3,16,-6,82
11397480,14,24,-3,85
11397990,53,63,4,81
11398500,35,25,-1,82
11399010,84,36,-1,83
11399520,7,63,6,77
11400030,32,54,-2,79
11400540,6,16,-3,82
11401050,17,27,1,81
11401560,56,66,0,81
11402070,38,28,-2,83
11402580,20,39,-7,90
11403090,96,50,13,77
11403600,19,77,1,76
11404110,64,68,0,76
11404620,46,30,5,71
11405130,28,49,-11,82
11405640,2,11,-4,86
11406150,13,24,3,83
11406660,38,35,4,79
11407170,20,46,-1,80
11407680,96,37,0,80
11408190,19,64,5,75
11408700,44,55,0,75
11409210,26,17,-5,80
11409720,37,28,-1,81
11410230,101,39,1,80
11410740,24,66,7,73
11411250,100,57,-4,77
11411760,23,84,4,73
11412270,68,82,-3,76
11412780,50,28,-6,82
11413290,32,47,5,77
11413800,14,9,1,76
11414310,53,20,-3,79
11414820,35,39,1,78
11415330,14,42,0,78
11415840,39,33,-2,80
11416350,50,44,6,74
11416860,32,6,-3,77
11417370,14,25,-10,87
11417880,53,36,9,78
11418390,35,55,-4,82
11418900,22,17,-5,87
11419410,61,28,2,85
11419920,43,47,4,81
11420430,25,9,4,77
11420940,26,20,-9,86
11421450,45,31,8,78
11421960,27,50,-1,79
11422470,1,12,-2,81
11422980,12,25,0,81
11423490,51,38,0,81
11424000,33,49,4,77
11424510,15,11,-8,85
11425020,26,22,4,81
11425530,90,33,0,81
11426040,37,60,3,78
11426550,19,22,-9,87
11427060,38,33,7,80
11427570,43,44,4,76
11428080,25,6,-1,77
11428590,26,17,-10,87
11429100,5,28,4,83
11429610,30,25,-1,84
11430120,49,89,8,76
11430630,31,80,0,76
11431140,34,71,-7,83
11431650,8,33,-3,86
11432160,33,24,4,82
11432670,15,35,2,80
11433180,92,74,-3,83
11433690,1,75,5,78
11434200,26,66,2,76
11434710,0,28,-9,85
11435220,25,19,2,83
11435730,36,30,1,82
11436240,18,41,4,78
11436750,94,32,-3,81
11437260,7,59,6,75
11437770,32,50,1,74
11438280,14,12,-11,85
11438790,25,10,5,80
11439300,26,21,-4,84
11439810,65,32,-1,85
11440320,90,51,5,80
11440830,3,78,1,79
11441340,28,69,2,77
11441850,3,31,-9,86
11442360,28,22,8,78
11442870,39,33,-5,83
11443380,21,44,2,81
11443890,97,83,-3,84
11444400,6,84,5,79
11444910,37,75,2,77
11445420,42,66,4,73
11445930,24,28,-7,80
11446440,43,39,4,76
11446950,25,50,-4,80
11447460,101,41,0,80
11447970,24,68,6,74
11448480,100,28,-5,79
11448990,13,55,3,76
11449500,38,46,3,73
11450010,20,8,-4,77
11450520,84,19,-5,82
11451030,99,46,8,74
11451540,22,73,1,73
11452050,25,71,-3,76
11452560,28,62,0,76
11453070,2,24,-6,82
11453580,27,15,-1,83
11454090,38,26,5,78
11454600,20,37,-6,84
11455110,59,48,2,82
11455620,41,67,6,76
11456130,23,58,-1,77
11456640,99,20,-7,84
11457150,12,47,8,76
11457660,37,38,1,75
11458170,19,49,-3,78
11458680,96,40,-3,81
11459190,19,67,10,71
11459700,22,58,-7,78
11460210,98,49,-2,80
11460720,21,76,7,73
11461230,7,74,-5,78
11461740,71,65,-6,84
11462250,53,27,-2,86
11462760,35,46,9,77
11463270,17,8,-3,80
11463780,28,19,-1,81
11464290,92,30,3,78
11464800,5,57,0,78
11465310,30,48,2,76
11465820,12,10,-4,80
11466330,51,21,4,76
11466840,33,40,-3,79
11467350,15,51,-2,81
11467860,40,42,8,73
11468370,22,53,-6,79
11468880,16,15,-5,84
11469390,27,26,-2,86
11469900,79,37,6,80
11470410,2,64,4,76
11470920,27,55,-7,83
11471430,61,17,3,80
11471940,76,44,3,77
11472450,91,71,-4,81
11472960,0,72,4,77
11473470,25,63,2,75
11473980,101,25,-9,84
11474490,14,52,4,80
11475000,39,43,2,78
11475510,21,54,4,74
11476020,98,16,-4,78
11476530,80,43,0,78
11477040,3,70,-3,81
11477550,28,61,8,73
11478060,2,23,-13,86
11478570,21,20,2,84
11479080,40,31,6,78
11479590,45,42,-3,81
11480100,27,53,1,80
11480610,1,15,-2,82
11481120,12,28,4,78
11481630,37,25,-1,79
11482140,48,36,-5,84
11482650,91,47,5,79
11483160,4,74,1,78
11483670,29,65,4,74
11484180,3,56,-6,80
11484690,28,47,-2,82
11485200,2,38,3,79
11485710,27,29,-5,84
11486220,91,18,6,78
11486730,4,45,0,78
11487240,29,36,-3,81
11487750,81,47,4,77
11488260,96,74,5,72
11488770,78,20,-9,81
11489280,93,47,-1,82
11489790,16,74,8,74
11490300,27,65,2,72
11490810,1,27,-13,85
11491320,26,24,3,82
11491830,65,35,-2,84
11492340,47,38,10,74
11492850,29,49,0,74
11493360,11,11,-6,80
11493870,22,22,1,79
11494380,74,33,1,78
11494890,99,60,0,78
11495400,12,87,-4,82
11495910,37,78,3,79
11496420,19,69,8,71
11496930,22,60,-5,76
11497440,98,51,4,72
11497950,11,78,-6,78
11498460,22,69,7,71
11498970,25,67,-6,77
11499480,28,58,1,76
11499990,2,20,-7,83
11500500,21,17,-1,84
11501010,40,28,5,79
11501520,51,39,2,77
11502030,56,50,1,76
11502540,38,12,-1,77
11503050,20,23,-6,83
11503560,72,34,1,82
11504070,97,35,2,80
11504580,10,62,3,77
11505090,35,53,-3,80
11505600,69,15,3,77
11506110,84,42,-6,83
11506620,7,69,7,76
11507130,32,60,3,73
11507640,37,51,-6,79
11508150,19,21,-4,83
11508660,83,32,-1,84
11509170,98,59,6,78
11509680,7,24,-9,87
11510190,26,35,6,81
11510700,78,46,5,76
11511210,93,73,-6,82
11511720,10,74,6,76
11512230,21,65,-1,77
11512740,40,63,3,74
11513250,22,25,-13,87
11513760,74,36,2,85
11514270,89,37,3,82
11514780,2,64,5,77
11515290,27,55,-1,78
11515800,1,17,-3,81
11516310,12,14,-2,83
11516820,23,25,3,80
11517330,75,36,3,77
11517840,100,63,5,72
11518350,9,90,-3,75
11518860,20,81,-5,80
11519370,18,43,5,75
11519880,13,34,-6,81
11520390,32,73,8,73
11520900,6,63,-2,75
11521410,31,54,-2,77
11521920,96,65,-1,78
11522430,5,92,-5,83
11522940,21,83,12,71
11523450,19,81,-6,77
11523960,30,79,7,70
11524470,95,77,-7,77
11524980,4,23,-5,82
11525490,23,20,2,80
11526000,62,31,0,80
11526510,87,34,-1,81
11527020,0,61,3,78
11527530,25,52,-7,85
11528040,44,14,10,75
11528550,26,25,-3,78
11529060,78,36,0,78
11529570,1,63,-2,80
11530080,26,54,3,77
11530590,0,16,1,76
11531100,11,13,-11,87
11531610,22,24,1,86
11532120,74,35,0,86
11532630,89,36,2,84
11533140,2,63,6,78
11533650,27,54,3,75
11534160,1,16,-1,76
11534670,12,13,-7,83
11535180,23,24,2,81
11535690,75,35,2,79
11536200,100,62,1,78
11536710,9,100,-3,81
11537220,54,37,2,79
11537730,36,40,6,73
11538240,18,51,-6,79
11538750,43,42,-1,80
11539260,25,53,7,73
11539770,101,15,-8,81
11540280,14,34,-3,84
11540790,33,45,-2,86
11541300,85,56,11,75
11541810,96,83,-4,79
11542320,78,29,-1,80
11542830,93,56,1,79
11543340,6,16,1,78
11543850,17,29,-7,85
11544360,36,40,9,76
11544870,18,51,-1,77
11545380,43,13,1,76
11545890,25,32,-6,82
11546400,77,43,-3,85
11546910,92,62,4,81
11547420,1,89,1,80
11547930,26,26,-7,87
11548440,45,37,3,84
11548950,27,48,8,76
11549460,61,10,-3,79
11549970,43,29,-3,82
11550480,48,40,2,80
11550990,30,32,-1,81
11551500,12,43,-1,82
11552010,40,34,1,81
11552520,22,45,5,76
11553030,74,58,-8,84
11553540,85,59,0,84
11554050,96,60,4,80
11554560,9,87,5,75
11555070,34,78,-3,78
11555580,16,62,2,76
11556090,19,60,3,73
11556600,44,58,-5,78
11557110,26,81,7,71
11557620,8,79,-7,78
11558130,27,70,3,75
11558640,30,32,-3,78
11559150,12,43,-2,80
11559660,37,34,3,77
11560170,71,45,-1,78
11560680,53,46,-9,87
11561190,35,49,16,71
11561700,17,72,-6,77
11562210,28,70,0,77
11562720,10,32,-5,82
11563230,38,29,0,82
11563740,20,40,4,78
11564250,54,79,-1,79
11564760,36,25,4,75
11565270,85,36,-5,80
11565780,100,63,4,76
11566290,82,90,-9,85
11566800,64,26,0,85
11567310,79,45,1,84
11567820,84,46,5,79
11568330,99,73,-3,82
11568840,8,19,-2,84
11569350,27,32,1,83
11569860,79,35,6,77
11570370,94,62,2,75
11570880,3,89,-6,81
11571390,28,26,-2,83
11571900,92,37,6,77
11572410,5,64,4,73
11572920,30,55,-3,76
11573430,12,78,6,70
11573940,23,38,-12,82
11574450,57,41,-1,83
11574960,62,44,3,80
11575470,67,47,3,77
11575980,72,48,-2,79
11576490,77,49,0,79
11577000,82,76,-2,81
11577510,3,12,-2,83
11578020,14,25,3,80
11578530,33,64,2,78
11579040,98,87,7,71
11579550,80,33,-6,77
11580060,95,60,3,74
11580570,100,87,2,72
11581080,82,33,-12,84
11581590,97,60,10,74
11582100,0,87,-5,79
11582610,25,24,-4,83
11583120,89,35,4,79
11583630,2,62,0,79
11584140,27,22,-3,82
11584650,76,33,8,74
11585160,101,60,-3,77
11585670,4,87,3,74
11586180,20,24,-6,80
11586690,84,35,2,78
11587200,99,62,-6,84
11587710,12,89,3,81
11588220,23,26,-6,87
11588730,42,37,6,81
11589240,47,40,0,81
11589750,52,43,2,79
11590260,57,46,-2,81
11590770,68,49,5,76
11591280,73,50,-1,77
11591790,84,51,-2,79
11592300,89,52,2,77
11592810,2,79,-1,78
11593320,18,16,-3,81
11593830,57,27,3,78
11594340,13,46,-6,84
11594850,41,37,8,76
11595360,46,40,-5,81
11595870,51,51,3,78
11596380,33,74,-1,79
11596890,8,36,-3,82
11597400,33,49,4,78
11597910,98,11,-5,83
11598420,11,21,1,82
11598930,22,32,2,80
11599440,86,71,-5,85
11599950,97,72,6,79
11600460,6,18,-3,82
11600970,25,31,1,81
11601480,59,70,7,74
11601990,41,16,-9,83
11602500,23,23,5,78
11603010,87,34,0,78
11603520,0,61,4,74
11604030,25,45,-1,75
11604540,90,84,-8,83
11605050,11,20,3,80
11605560,50,59,2,78
11606070,32,82,0,78
11606580,30,44,0,78
11607090,9,6,0,78
11607600,20,17,-6,84
11608110,59,28,3,81
11608620,15,47,5,76
11609130,43,45,0,76
11609640,25,7,4,72
11610150,40,18,-7,79
11610660,98,25,-1,80
11611170,11,52,4,76
11611680,36,43,-5,81
11612190,101,66,11,70
11612700,10,93,-14,84
11613210,21,30,3,81
11613720,85,69,-5,86
11614230,96,70,6,80
11614740,5,16,-1,81
11615250,16,29,-2,83
11615760,35,40,3,80
11616270,99,51,5,75
11616780,12,78,-4,79
11617290,23,40,-4,83
11617800,62,39,0,83
11618310,67,18,-1,84
11618820,82,45,3,81
11619330,97,46,1,80
11619840,10,73,4,76
11620350,83,35,-6,82
11620860,98,62,4,78
11621370,11,89,1,77
11621880,27,26,-4,81
11622390,91,37,0,81
11622900,4,64,6,75
11623410,81,26,-7,82
11623920,96,53,5,77
11624430,9,80,0,77
11624940,25,42,-4,81
11625450,0,41,1,80
11625960,64,32,-8,88
11626470,89,51,8,80
11626980,2,52,5,75
11627490,27,12,-3,78
11628000,38,23,0,78
11628510,49,34,-5,83
11629020,54,45,5,78
11629530,1,56,-1,79
11630040,26,47,2,77
11630550,91,46,-3,80
11631060,4,73,7,73
11631570,20,71,0,73
11632080,18,33,-15,88
11632590,57,72,6,82
11633100,39,18,7,75
11633610,97,25,-5,80
11634120,10,52,3,77
11634630,21,43,0,77
11635140,98,5,-4,81
11635650,72,24,-3,84
11636160,87,51,2,82
11636670,0,52,9,73
11637180,25,12,-9,82
11637690,36,23,1,81
11638200,94,34,-2,83
11638710,7,61,6,77
11639220,23,52,5,72
11639730,100,14,-10,82
11640240,13,24,4,78
11640750,24,63,2,76
11641260,101,61,4,72
11641770,14,88,-8,80
11642280,25,25,1,79
11642790,46,36,-1,80
11643300,51,47,4,76
11643810,56,9,-1,77
11644320,32,28,-1,78
11644830,81,39,-3,81
11645340,4,40,2,79
11645850,29,31,-1,80
11646360,93,42,1,79
11646870,6,69,6,73
11647380,31,67,-1,74
11647890,96,29,-11,85
11648400,9,56,5,80
11648910,34,47,2,78
11649420,99,70,3,75
11649930,8,16,-5,80
11650440,19,29,-5,85
11650950,38,40,6,79
11651460,1,51,8,71
11651970,26,42,-7,78
11652480,91,41,-4,82
11652990,4,68,10,72
11653500,29,30,-10,82
11654010,93,41,8,74
11654520,6,68,1,73
11655030,31,30,-9,82
11655540,95,41,10,72
11656050,18,68,-3,75
11656560,95,66,-7,82
11657070,4,12,3,79
11657580,15,25,-4,83
11658090,54,36,2,81
11658600,10,55,8,73
11659110,35,53,-1,74
11659620,100,76,-1,75
11660130,9,22,-6,81
11660640,34,35,-2,83
11661150,98,46,10,73
11661660,21,73,0,73
11662170,5,71,-5,78
11662680,16,33,-5,83
11663190,55,30,5,78
11663700,11,49,0,78
11664210,36,40,-3,81
11664720,100,51,2,79
11665230,23,78,4,75
11665740,21,76,-1,76
11666250,24,74,-1,77
11666760,22,36,-14,91
11667270,61,47,8,83
11667780,66,50,3,80
11668290,77,69,3,77
11668800,24,15,0,77
11669310,88,26,-5,82
11669820,1,53,8,74
11670330,26,44,-12,86
11670840,78,6,4,82
11671350,52,25,-6,88
11671860,8,32,4,84
11672370,33,23,5,79
11672880,82,34,-2,81
11673390,5,61,6,75
11673900,30,52,-4,79
11674410,5,51,-1,80
11674920,30,13,1,79
11675430,45,24,1,78
11675940,1,31,-3,81
11676450,29,22,-5,86
11676960,93,33,9,77
11677470,6,60,6,71
11677980,31,22,-7,78
11678490,80,33,-5,83
11679000,3,34,1,82
11679510,28,25,-4,86
11680020,77,36,8,78
11680530,0,63,9,69
11681040,25,61,-8,77
11681550,101,23,-9,86
11682060,14,33,4,82
11682570,39,44,5,77
11683080,2,55,3,74
11683590,27,53,-2,76
11684100,2,15,-9,85
11684610,13,28,-2,87
11685120,38,39,8,79
11685630,1,57,5,74
11686140,26,48,-1,75
11686650,78,10,-8,83
11687160,93,29,1,82
11687670,6,56,5,77
11688180,31,18,-6,83
11688690,80,29,2,81
11689200,3,56,7,74
11689710,28,54,-3,77
11690220,93,52,-2,79
11690730,16,79,1,78
11691240,14,41,0,78
11691750,91,3,0,78
11692260,65,22,0,78
11692770,80,49,1,77
11693280,3,50,-4,81
11693790,28,41,3,78
11694300,80,40,-4,82
11694810,3,41,0,82
11695320,28,32,-3,85
11695830,34,43,-1,86
11696340,55,54,10,76
11696850,37,16,-1,77
11697360,95,23,-8,85
11697870,8,33,6,79
11698380,33,24,0,79
11698890,82,35,-1,80
11699400,5,62,5,75
11699910,30,53,-3,78
11700420,82,76,-3,81
11700930,3,22,-3,84
11701440,28,19,3,81
11701950,92,30,3,78
11702460,5,57,2,76
11702970,30,19,-1,77
11703480,88,30,-2,79
11703990,11,57,0,79
11704500,36,55,4,75
11705010,101,17,-9,84
11705520,14,27,3,81
11706030,66,38,1,80
11706540,22,57,2,78
11707050,99,19,-11,89
11707560,12,29,7,82
11708070,51,26,0,82
11708580,7,33,-3,85
11709090,32,46,2,83
11709600,84,57,-2,85
11710110,7,76,14,71
11710620,23,38,-9,80
11711130,75,49,-5,85
11711640,100,68,6,79
11712150,3,14,-4,83
11712660,14,27,-2,85
11713170,39,24,3,82
11713680,44,35,2,80
11714190,93,46,4,76
11714700,16,73,4,72
11715210,19,71,-2,74
11715720,71,69,-5,79
11716230,53,31,-8,87
11716740,9,34,1,86
11717250,34,31,7,79
11717760,98,28,0,79
11718270,11,55,2,77
11718780,69,17,-3,80
11719290,84,44,-3,83
11719800,7,71,10,73
11720310,32,33,-14,87
11720820,84,44,10,77
11721330,7,71,0,77
11721840,32,62,3,74
11722350,97,24,-8,82
11722860,10,51,3,79
11723370,35,13,1,78
11723880,93,24,-5,83
11724390,6,51,12,71
11724900,31,13,-5,76
11725410,46,24,-2,78
11725920,2,31,1,77
11726430,27,22,-5,82
11726940,79,33,-1,83
11727450,2,60,11,72
11727960,27,58,-7,79
11728470,79,20,-2,81
11728980,94,47,4,77
11729490,17,74,3,74
11730000,69,36,-13,87
11730510,94,55,6,81
11731020,99,82,3,78
11731530,2,28,-6,84
11732040,27,25,1,83
11732550,91,36,1,82
11733060,14,63,4,78
11733570,17,25,-6,84
11734080,69,36,4,80
11734590,94,37,-2,82
11735100,17,64,9,73
11735610,20,26,-13,86
11736120,72,37,5,81
11736630,97,38,0,81
11737140,20,65,9,72
11737650,72,27,-9,81
11738160,97,28,3,78
11738670,10,55,5,73
11739180,35,17,2,71
11739690,93,28,-12,83
11740200,6,55,5,78
11740710,22,46,1,77
11741220,74,45,-1,78
11741730,79,46,-1,79
11742240,2,47,2,77
11742750,27,38,1,76
11743260,92,37,-5,81
11743770,15,64,0,81
11744280,40,26,1,80
11744790,98,37,1,79
11745300,21,64,5,74
11745810,73,62,-9,83
11746320,78,24,-1,84
11746830,93,51,3,81
11747340,16,78,9,72
11747850,19,40,-6,78
11748360,71,2,-1,79
11748870,53,21,-1,80
11749380,35,28,3,77
11749890,40,25,0,77
11750400,98,28,-4,81
11750910,11,55,5,76
11751420,36,17,-2,78
11751930,94,28,-8,86
11752440,7,55,6,80
11752950,23,46,-3,83
11753460,75,8,3,80
11753970,51,27,-3,83
11754480,7,30,4,79
11754990,32,27,-1,80
11755500,96,38,0,80
11756010,19,65,2,78
11756520,22,27,-6,84
11757030,74,38,-1,85
11757540,99,39,5,80
11758050,54,66,2,78
11758560,17,70,4,74
11759070,69,32,-9,83
11759580,94,33,0,83
11760090,17,60,5,78
11760600,42,22,1,77
11761110,100,29,-9,86
11761620,13,21,2,84
11762130,65,32,7,77
11762640,90,33,-2,79
11763150,13,60,7,72
11763660,71,22,-10,82
11764170,86,49,3,79
11764680,91,76,-6,85
11765190,100,22,-3,88
11765700,13,49,12,76
11766210,38,11,0,76
11766720,20,24,-4,80
11767230,72,21,-2,82
11767740,87,48,3,79
11768250,3,75,4,75
11768760,28,72,5,70
11769270,80,62,-14,84
11769780,85,63,-1,85
11770290,94,64,5,80
11770800,99,10,1,79
11771310,75,20,-3,82
11771820,90,47,2,80
11772330,13,74,2,78
11772840,29,36,-7,85
11773350,59,33,5,80
11773860,64,36,-2,82
11774370,69,37,7,75
11774880,74,38,-4,79
11775390,99,65,5,74
11775900,2,92,-5,79
11776410,47,89,7,72
11776920,29,79,-4,76
11777430,81,41,-5,81
11777940,4,42,6,75
11778450,29,33,-4,79
11778960,81,30,-2,81
11779470,4,57,8,73
11779980,29,19,-9,82
11780490,93,30,2,80
11781000,16,57,8,72
11781510,93,19,-11,83
11782020,6,46,7,76
11782530,83,37,-5,81
11783040,6,64,2,79
11783550,31,26,-4,83
11784060,96,37,6,77
11784570,19,64,3,74
11785080,96,26,-6,80
11785590,9,53,4,76
11786100,25,44,1,75
11786610,77,43,-7,82
11787120,82,70,1,81
11787630,87,16,-2,83
11788140,0,43,9,74
11788650,25,34,-5,79
11789160,77,31,-4,83
11789670,0,58,7,76
11790180,25,49,2,74
11790690,77,11,-7,81
11791200,53,38,-8,89
11791710,58,35,6,83
11792220,63,32,3,80
11792730,68,29,-1,81
11793240,93,56,3,78
11793750,98,83,-1,79
11794260,5,29,-6,85
11794770,33,26,3,82
11795280,97,37,0,82
11795790,20,64,4,78
11796300,72,26,1,77
11796810,97,53,-3,80
11797320,0,80,2,78
11797830,16,77,5,73
11798340,32,39,-11,84
11798850,84,36,4,80
11799360,7,63,2,78
11799870,23,25,0,78
11800380,75,22,-4,82
11800890,90,49,2,80
11801400,95,76,-1,81
11801910,2,22,-1,82
11802420,30,19,1,81
11802930,35,30,1,80
11803440,99,27,-5,85
11803950,12,54,13,72
11804460,70,16,-7,79
11804970,85,43,-2,81
11805480,90,70,4,77
11805990,95,16,-2,79
11806500,8,43,-8,87
11807010,36,34,10,77
11807520,88,45,-5,82
11808030,93,72,4,78
11808540,0,18,-4,82
11809050,28,15,7,75
11809560,92,26,-12,87
11810070,5,53,15,72
11810580,30,44,-5,77
11811090,82,6,-2,79
11811600,58,16,1,78
11812110,34,26,-1,79
11812620,98,37,-2,81
11813130,21,64,2,79
11813640,73,26,-5,84
11814150,88,53,1,83
11814660,97,80,1,82
11815170,4,26,-5,87
11815680,32,23,4,83
11816190,81,34,1,82
11816700,4,61,4,78
11817210,20,52,-3,81
11817720,72,14,0,81
11818230,48,41,0,81
11818740,53,3,5,76
11819250,29,22,-5,81
11819760,81,33,-1,82
11820270,4,60,9,73
11820780,20,51,-8,81
11821290,72,13,-1,82
11821800,48,40,2,80
11822310,10,2,1,79
11822820,67,13,-2,81
11823330,82,40,-2,83
11823840,5,41,0,83
11824350,33,32,-3,86
11824860,85,29,8,78
11825370,100,56,2,76
11825880,3,83,-4,80
11826390,28,80,5,75
11826900,80,42,-4,79
11827410,85,69,-6,85
11827920,94,70,1,84
11828430,1,16,7,77
11828940,29,13,-2,79
11829450,11,24,-9,88
11829960,39,21,9,79
11830470,97,32,-2,81
11830980,10,59,4,77
11831490,35,21,-2,79
11832000,40,18,4,75
11832510,98,25,-9,84
11833020,11,52,2,82
11833530,39,43,11,71
11834040,91,5,-14,85
11834550,67,15,3,82
11835060,82,25,2,80
11835570,97,52,-1,81
11836080,0,79,6,75
11836590,16,76,-3,78
11837100,19,74,7,71
11837610,22,72,-5,76
11838120,74,70,-11,87
11838630,97,32,2,85
11839140,10,59,8,77
11839650,35,57,2,75
11840160,87,47,-6,81
11840670,0,74,6,75
11841180,25,71,3,72
11841690,77,69,-12,84
11842200,86,31,3,81
11842710,101,58,10,71
11843220,4,85,-6,77
11843730,20,82,-4,81
11844240,72,80,-1,82
11844750,95,16,7,75
11845260,8,43,-5,80
11845770,36,34,4,76
11846280,101,45,-3,79
11846790,24,72,10,69
11847300,76,70,-12,81
11847810,85,32,-1,82
11848320,8,59,9,73
11848830,24,57,-6,79
11849340,52,55,4,75
11849850,34,17,-1,76
11850360,92,28,-13,89
11850870,5,55,16,73
11851380,30,46,-5,78
11851890,82,57,-1,79
11852400,91,58,-3,82
11852910,96,59,5,77
11853420,101,86,-2,79
11853930,8,32,-3,82
11854440,36,29,5,77
11854950,94,40,-3,80
11855460,17,67,9,71
11855970,20,65,-7,78
11856480,72,63,-10,88
11856990,81,25,7,81
11857500,96,52,5,76
11858010,101,79,-8,84
11858520,8,25,5,79
11859030,36,22,1,78
11859540,41,33,-6,84
11860050,62,44,5,79
11860560,67,45,-1,80
11861070,72,46,1,79
11861580,77,47,-2,81
11862090,82,48,-2,83
11862600,87,75,0,83
11863110,96,21,5,78
11863620,9,48,-5,83
11864130,37,39,7,76
11864640,89,50,-6,82
11865150,2,77,1,81
11865660,27,74,9,72
11866170,79,72,-11,83
11866680,88,18,-3,86
11867190,1,45,11,75
11867700,26,36,-6,81
11868210,78,47,3,78
11868720,83,74,-7,85
11869230,92,20,0,85
11869740,5,47,8,77
11870250,33,38,5,72
11870760,85,36,-10,82
11871270,8,63,6,76
11871780,33,54,-3,79
11872290,85,52,-2,81
11872800,90,79,-2,83
11873310,99,25,1,82
11873820,12,52,-1,83
11874330,40,50,9,74
11874840,92,73,-10,84
11875350,101,74,13,71
11875860,4,101,-9,80
11876370,29,98,6,74
11876880,74,77,-7,81
11877390,97,23,-1,82
11877900,10,50,2,80
11878410,38,41,1,79
11878920,90,52,-2,81
11879430,95,79,-1,82
11879940,2,25,-5,87
11880450,30,22,5,82
11880960,82,33,3,79
11881470,5,78,2,77
11881980,30,75,1,76
11882490,82,73,-8,84
11883000,91,19,3,81
11883510,4,46,-2,83
11884020,29,37,2,81
11884530,81,48,-1,82
11885040,86,49,-1,83
11885550,91,76,5,78
11886060,100,22,-6,84
11886570,13,49,6,78
11887080,38,40,0,78
11887590,1,51,4,74
11888100,26,42,-2,76
11888610,78,40,-4,80
11889120,1,67,3,77
11889630,26,64,3,74
11890140,91,62,-8,82
11890650,8,63,6,76
11891160,33,61,-5,81
11891670,85,59,2,79
11892180,94,86,-2,81
11892690,15,32,-2,83
11893200,45,29,9,74
11893710,50,40,-8,82
11894220,71,38,0,82
11894730,76,57,-3,85
11895240,95,58,4,81
11895750,8,85,1,80
11896260,33,82,9,71
11896770,78,80,-14,85
11897280,101,26,5,80
11897790,14,53,-1,81
11898300,39,51,6,75
11898810,91,49,-8,83
11899320,4,76,5,78
11899830,29,74,3,75
11900340,81,72,-5,80
11900850,90,18,-8,88
11901360,3,45,4,84
11901870,31,36,4,80
11902380,83,47,2,78
11902890,88,74,-6,84
11903400,97,51,1,83
11903910,0,78,4,79
11904420,25,75,10,69
11904930,77,73,-15,84
11905440,98,19,2,82
11905950,11,46,1,81
11906460,36,37,4,77
11906970,88,90,-6,83
11907480,9,26,2,81
11907990,37,23,-3,84
11908500,42,34,0,84
11909010,63,45,2,82
11909520,68,43,-2,84
11910030,73,44,2,82
11910540,78,63,4,78
11911050,87,64,-7,85
11911560,4,65,13,72
11912070,29,63,4,68
11912580,34,61,-5,73
11913090,39,59,0,73
11913600,44,57,-3,76
11914110,7,55,3,73
11914620,55,53,-2,75
11915130,60,64,-2,77
11915640,65,10,-3,80
11916150,80,37,2,78
11916660,3,64,6,72
11917170,28,62,-3,75
11917680,33,60,-9,84
11918190,47,58,3,81
11918700,99,20,1,80
11919210,12,30,-2,82
11919720,37,27,6,76
11920230,42,38,-8,84
11920740,47,49,11,73
11921250,52,11,-6,79
11921760,28,21,-2,81
11922270,47,32,2,79
11922780,52,43,9,70
11923290,57,41,-8,78
11923800,62,39,-5,83
11924310,67,58,0,83
11924820,76,56,6,77
11925330,81,57,-8,85
11925840,90,58,5,80
11926350,95,85,-2,82
11926860,2,31,2,80
11927370,30,28,1,79
11927880,35,39,-1,80
11928390,87,50,-1,81
11928900,92,77,1,80
11929410,101,78,1,79
11929920,8,79,-4,83
11930430,33,70,3,80
11930940,38,68,9,71
11931450,43,58,-5,76
11931960,48,56,2,74
11932470,11,60,-3,77
11932980,36,58,1,76
11933490,41,56,-4,80
11934000,34,79,8,72
11934510,39,77,-7,79
11935020,44,75,1,78
11935530,49,73,-2,80
11936040,31,83,11,69
11936550,76,81,-13,82
11937060,81,27,0,82
11937570,96,54,4,78
11938080,3,81,1,77
11938590,28,78,-2,79
11939100,73,76,4,75
11939610,96,22,-8,83
11940120,9,49,4,79
11940630,37,40,1,78
11941140,0,51,5,73
11941650,25,42,1,72
11942160,59,40,-9,81
11942670,64,43,1,80
11943180,69,46,-2,82
11943690,74,47,4,78
11944200,6,48,1,77
11944710,34,39,-1,78
11945220,99,36,-2,80
11945730,22,63,10,70
11946240,74,61,-15,85
11946750,83,62,8,77
11947260,92,63,1,76
11947770,97,90,-7,83
11948280,18,36,5,78
11948790,52,33,-4,82
11949300,57,36,2,80
11949810,62,39,-2,82
11950320,71,42,0,82
11950830,76,45,2,80
11951340,81,46,1,79
11951850,90,73,0,79
11952360,99,74,1,78
11952870,6,75,2,76
11953380,31,66,4,72
11953890,76,64,-9,81
11954400,85,65,-8,89
11954910,94,66,10,79
11955420,1,93,-3,82
11955930,46,90,7,75
11956440,51,80,-2,77
11956950,33,8,-2,79
11957460,97,19,-2,81
11957970,10,46,3,78
11958480,38,37,0,78
11958990,43,48,2,76
11959500,6,59,-4,80
11960010,31,50,2,78
11960520,96,48,-6,84
11961030,101,75,10,74
11961540,4,0,-3,77
11962050,15,11,-3,80
11962560,36,22,2,78
11963070,41,33,-4,82
11963580,46,44,-1,83
11964090,51,55,2,81
11964600,14,65,8,73
11965110,17,56,-5,78
11965620,20,54,0,78
11966130,48,52,5,73
11966640,53,53,-4,77
11967150,58,15,-6,83
11967660,73,25,6,77
11968170,88,35,-5,82
11968680,1,62,3,79
11969190,26,53,3,76
11969700,31,51,4,72
11970210,36,49,-9,81
11970720,70,47,-7,88
11971230,75,50,11,77
11971740,80,51,-1,78
11972250,85,52,0,78
11972760,90,79,-8,86
11973270,99,80,2,84
11973780,2,81,5,79
11974290,47,78,-4,83
11974800,52,79,1,82
11975310,34,7,5,77
11975820,16,20,-6,83
11976330,37,17,7,76
11976840,42,24,3,73
11977350,47,31,-8,81
11977860,52,29,8,73
11978370,57,32,-8,81
11978880,62,35,2,79
11979390,67,38,-7,86
11979900,72,41,13,73
11980410,77,42,-7,80
11980920,93,43,-4,84
11981430,98,70,6,78
11981940,1,97,-3,81
11982450,46,47,1,80
11982960,51,43,-2,82
11983470,56,41,4,78
11983980,61,39,-4,82
11984490,66,42,8,74
11985000,71,45,-8,82
11985510,76,46,1,81
11986020,81,65,1,80
11986530,90,66,0,80
11987040,99,67,3,77
11987550,2,94,-3,80
11988060,47,44,-2,82
11988570,52,55,5,77
11989080,57,65,-1,78
11989590,39,11,-1,79
11990100,21,18,-2,81
11990610,42,29,0,81
11991120,47,27,4,77
11991630,52,34,-3,80
11992140,57,37,-1,81
11992650,62,40,0,81
11993160,67,43,-2,83
11993670,72,46,3,80
11994180,77,49,2,78
11994690,82,52,-2,80
11995200,87,79,-2,82
11995710,8,80,10,72
11996220,53,71,1,71
11996730,35,7,-12,83
11997240,17,18,-1,84
11997750,69,29,2,82
11998260,74,31,5,77
11998770,79,58,-5,82
11999280,84,59,-4,86
11999790,93,60,6,80
12000300,98,87,1,79
12000810,5,12,2,77
12001320,33,23,2,75
12001830,38,20,-8,83
12002340,43,27,2,81
12002850,48,34,4,77
12003360,53,37,-6,83
12003870,58,40,-2,85
12004380,67,43,6,79
12004890,72,44,2,77
12005400,77,71,-5,82
12005910,100,7,0,82
12006420,82,17,-6,88
12006930,97,44,9,79
12007440,0,71,4,75
12007950,9,68,3,72
12008460,54,59,-4,76
12008970,59,69,-9,85
12009480,41,5,9,76
12009990,23,15,-3,79
12010500,72,26,2,77
12011010,87,53,-8,85
12011520,92,80,1,84
12012030,101,5,4,80
12012540,83,15,-1,81
12013050,98,42,1,80
12013560,11,69,2,78
12014070,27,60,3,75
12014580,32,58,-2,77
12015090,37,56,2,75
12015600,42,10,-2,77
12016110,49,20,-2,79
12016620,31,23,4,75
12017130,41,34,-3,78
12017640,46,45,-5,83
12018150,9,56,9,74
12018660,28,54,-7,81
12019170,73,52,4,77
12019680,78,53,-5,82
12020190,83,54,1,81
12020700,88,81,0,81
12021210,9,6,-5,86
12021720,30,17,10,76
12022230,35,28,-5,81
12022740,40,39,0,81
12023250,45,50,9,72
12023760,8,48,-8,80
12024270,72,39,-5,85
12024780,77,42,6,79
12025290,82,69,-3,82
12025800,87,96,3,79
12026310,8,21,0,79
12026820,36,18,4,75
12027330,41,25,-2,77
12027840,46,36,-3,80
12028350,51,47,-1,81
12028860,56,58,3,78
12029370,61,85,-2,80
12029880,43,21,4,76
12030390,48,28,-4,80
12030900,56,31,-5,85
12031410,61,34,2,83
12031920,66,37,4,79
12032430,71,38,1,78
12032940,76,65,-4,82
12033450,85,75,1,81
12033960,94,0,-5,86
12034470,76,10,7,79
12034980,91,37,-1,80
12035490,4,64,-2,82
12036000,23,55,2,80
12036510,26,46,5,75
12037020,31,44,-4,79
12037530,83,41,1,78
12038040,88,68,-4,82
12038550,97,95,2,80
12039060,18,31,1,79
12039570,39,28,-5,84
12040080,44,39,4,80
12040590,49,50,-1,81
12041100,54,61,2,79
12041610,36,91,9,70
12042120,81,89,-18,88
12042630,2,25,5,83
12043140,30,22,-1,84
12043650,94,33,5,79
12044160,7,60,2,77
12044670,23,51,0,77
12045180,68,49,-6,83
12045690,77,50,-1,84
12046200,82,51,-2,86
12046710,87,52,5,81
12047220,92,79,-4,85
12047730,4,4,4,81
12048240,15,15,1,80
12048750,36,26,2,78
12049260,41,37,-3,81
12049770,46,48,3,78
12050280,51,59,2,76
12050790,14,5,-6,82
12051300,71,16,6,76
12051810,86,43,-3,79
12052320,91,70,-1,80
12052830,100,68,1,79
12053340,3,95,2,77
12053850,48,45,4,73
12054360,53,7,-3,76
12054870,35,17,1,75
12055380,40,24,-2,77
12055890,45,31,0,77
12056400,50,42,-3,80
12056910,55,39,2,78
12057420,60,37,-1,79
12057930,65,40,0,79
12058440,70,85,-4,83
12058950,93,21,-5,88
12059460,6,48,8,80
12059970,34,39,2,78
12060480,99,50,2,76
12060990,2,77,0,76
12061500,47,74,-1,77
12062010,29,84,4,73
12062520,74,82,-10,83
12063030,97,18,1,82
12063540,10,45,1,81
12064050,38,36,3,78
12064560,43,47,2,76
12065070,6,58,1,75
12065580,22,49,-7,82
12066090,74,46,1,81
12066600,79,47,-3,84
12067110,84,57,2,82
12067620,89,58,2,80
12068130,94,85,-4,84
12068640,1,10,5,79
12069150,12,7,-2,81
12069660,33,18,4,77
12070170,38,29,-1,78
12070680,43,40,1,77
12071190,6,51,3,74
12071700,65,42,-10,84
12072210,70,45,4,80
12072720,75,46,-9,89
12073230,84,47,9,80
12073740,89,74,-2,82
12074250,98,75,5,77
12074760,1,0,-5,82
12075270,12,11,-2,84
12075780,33,100,12,72
12076290,78,98,-11,83
12076800,60,34,1,82
12077310,65,37,0,82
12077820,100,40,3,79
12078330,13,67,1,78
12078840,16,58,0,78
12079350,44,56,3,75
12079860,7,66,-3,78
12080370,18,57,1,77
12080880,46,55,-3,80
12081390,9,66,2,78
12081900,25,57,3,75
12082410,70,55,-2,77
12082920,75,56,-8,85
12083430,84,57,7,78
12083940,89,84,-5,83
12084450,10,20,-3,86
12084960,38,31,10,76
12085470,43,42,2,74
12085980,6,53,-2,76
12086490,34,44,-2,78
12087000,99,55,3,75
12087510,2,82,-4,79
12088020,47,79,6,73
12088530,29,69,-4,77
12089040,74,67,-9,86
12089550,83,77,6,80
12090060,4,13,-5,85
12090570,15,10,6,79
12091080,36,21,2,77
12091590,94,32,-3,80
12092100,7,59,3,77
12092610,23,50,-3,80
12093120,75,48,-2,82
12093630,80,49,2,80
12094140,85,76,-4,84
12094650,94,12,0,84
12095160,7,22,-3,87
12095670,35,19,10,77
12096180,40,30,-4,81
12096690,45,41,6,75
12097200,50,52,-3,78
12097710,13,63,2,76
12098220,24,61,-2,78
12098730,76,59,-1,79
12099240,85,60,-3,82
12099750,90,61,3,79
12100260,95,88,-4,83
12100770,16,24,0,83
12101280,46,35,-1,84
12101790,91,46,4,80
12102300,96,73,5,75
12102810,3,100,-10,85
12103320,48,50,6,79
12103830,11,61,4,75
12104340,75,59,-8,83
12104850,84,60,7,76
12105360,89,87,-2,78
12105870,10,23,-1,79
12106380,38,20,3,76
12106890,96,31,-2,78
12107400,9,58,-1,79
12107910,37,56,3,76
12108420,82,66,-7,83
12108930,91,67,1,82
12109440,8,94,1,81
12109950,53,91,5,76
12110460,35,81,-4,80
12110970,80,79,-3,83
12111480,1,15,0,83
12111990,29,12,3,80
12112500,36,23,0,80
12113010,41,34,3,77
12113520,46,45,1,76
12114030,9,56,0,76
12114540,37,54,0,76
12115050,0,65,1,75
12115560,45,56,-2,77
12116070,8,67,-1,78
12116580,24,58,2,76
12117090,69,56,-5,81
12117600,78,57,-1,82
12118110,83,58,2,80
12118620,0,59,3,77
12119130,16,50,1,76
12119640,44,48,-6,82
12120150,7,59,11,71
12120660,23,57,-5,76
12121170,26,55,1,75
12121680,71,53,-10,85
12122190,80,54,6,79
12122700,85,55,-7,86
12123210,2,56,8,78
12123720,27,47,-2,80
12124230,72,58,0,80
12124740,81,68,-1,81
12125250,90,69,-6,87
12125760,7,70,14,73
12126270,23,61,-5,78
12126780,36,59,5,73
12127290,18,49,-9,82
12127800,21,47,4,78
12128310,55,45,-2,80
12128820,60,56,2,78
12129330,65,67,0,78
12129840,47,3,1,77
12130350,29,13,-2,79
12130860,87,24,-4,83
12131370,0,51,3,80
12131880,28,42,7,73
12132390,93,53,-7,80
12132900,0,80,4,76
12133410,16,77,0,76
12133920,27,75,11,65
12134430,72,73,-17,82
12134940,95,9,-4,86
12135450,8,19,3,83
12135960,36,16,4,79
12136470,94,23,2,77
12136980,7,50,-4,81
12137490,35,41,5,76
12138000,100,52,-4,80
12138510,12,79,2,78
12139020,28,68,1,77
12139530,73,66,-7,84
12140040,82,67,0,84
12140550,91,68,4,80
12141060,8,69,6,74
12141570,24,67,0,74
12142080,69,65,-8,82
12142590,78,27,0,82
12143100,93,54,4,78
12143610,10,81,-2,80
12144120,26,72,11,69
12144630,71,70,-12,81
12145140,94,16,-9,90
12145650,7,26,3,87
12146160,35,23,5,82
12146670,40,34,-7,89
12147180,59,45,10,79
12147690,68,43,6,73
12148200,73,70,-8,81
12148710,96,16,-1,82
12149220,9,43,5,77
12149730,37,34,-4,81
12150240,71,45,-1,82
12150750,80,46,2,80
12151260,85,73,5,75
12151770,94,19,-14,89
12152280,7,29,10,79
12152790,35,26,-1,80
12153300,40,37,-1,81
12153810,74,35,5,76
12154320,99,62,-2,78
12154830,6,89,-1,79
12155340,22,39,-4,83
12155850,50,46,3,80
12156360,13,57,6,74
12156870,24,55,-2,76
12157380,52,53,0,76
12157890,15,15,-4,80
12158400,45,26,1,79
12158910,1,33,0,79
12159420,29,24,-1,80
12159930,63,35,0,80
12160440,19,38,-1,81
12160950,71,35,-3,84
12161460,92,38,4,80
12161970,15,65,7,73
12162480,94,63,-10,83
12162990,1,90,-2,85
12163500,46,40,2,83
12164010,80,38,-1,84
12164520,3,65,3,81
12165030,28,49,6,75
12165540,73,47,-10,85
12166050,82,66,0,85
12166560,101,67,10,75
12167070,4,94,-5,80
12167580,20,44,-1,81
12168090,54,42,-7,88
12168600,63,40,5,83
12169110,72,43,4,79
12169620,77,62,0,79
12170130,86,63,-5,84
12170640,3,64,5,79
12171150,28,48,4,75
12171660,73,46,-6,81
12172170,82,47,1,80
12172680,38,74,10,70
12173190,83,64,-13,83
12173700,0,65,9,74
12174210,25,49,0,74
12174720,101,47,-5,79
12175230,24,74,8,71
12175740,69,72,1,70
12176250,92,18,-16,86
12176760,5,23,3,83
12177270,33,20,2,81
12177780,91,31,1,80
12178290,14,58,6,74
12178800,42,56,-2,76
12179310,5,45,-1,77
12179820,33,36,0,77
12180330,98,47,-6,83
12180840,21,74,9,74
12181350,100,72,-6,80
12181860,17,99,4,76
12182370,28,88,4,72
12182880,73,86,-5,77
12183390,5,22,-1,78
12183900,33,19,5,73
12184410,91,26,-9,82
12184920,4,53,7,75
12185430,20,51,-5,80
12185940,96,49,0,80
12186450,19,76,5,75
12186960,98,74,-11,86
12187470,15,101,3,83
12187980,60,90,4,79
12188490,42,26,-4,83
12189000,100,33,1,82
12189510,23,60,6,76
12190020,99,58,1,75
12190530,55,85,-7,82
12191040,18,75,9,73
12191550,54,73,-1,74
12192060,17,9,-15,89
12192570,47,20,11,78
12193080,3,23,-5,83
12193590,31,20,-1,84
12194100,91,31,5,79
12194610,4,58,3,76
12195120,20,49,-3,79
12195630,96,47,1,78
12196140,19,74,8,70
12196650,98,72,-7,77
12197160,15,99,1,76
12197670,60,88,-4,80
12198180,42,24,2,78
12198690,100,31,-6,84
12199200,13,58,6,78
12199710,29,56,2,76
12200220,74,54,-3,79
12200730,30,73,4,75
12201240,75,71,-6,81
12201750,84,17,3,78
12202260,99,44,2,76
12202770,22,71,10,66
12203280,101,69,-14,80
12203790,8,96,-3,83
12204300,89,46,3,80
12204810,12,73,4,76
12205320,28,64,-5,81
12205830,73,62,0,81
12206340,82,24,1,80
12206850,97,51,6,74
12207360,53,78,-4,78
12207870,16,14,-3,81
12208380,55,25,2,79
12208890,11,32,-4,83
12209400,39,29,5,78
12209910,97,27,2,76
12210420,10,54,0,76
12210930,21,52,-2,78
12211440,97,50,0,78
12211950,20,77,7,71
12212460,99,75,-6,77
12212970,16,21,-8,85
12213480,46,28,7,78
12213990,2,35,-3,81
12214500,30,26,-3,84
12215010,64,33,7,77
12215520,20,52,-2,79
12216030,96,50,2,77
12216540,19,77,-1,78
12217050,98,75,-2,80
12217560,15,21,-13,93
12218070,45,28,9,84
12218580,1,35,5,79
12219090,29,26,-4,83
12219600,63,33,4,79
12220110,19,52,4,75
12220620,95,50,1,74
12221130,18,77,1,73
12221640,97,75,-5,78
12222150,0,21,-2,80
12222660,52,18,2,78
12223170,8,28,-4,82
12223680,36,25,5,77
12224190,94,32,-8,85
12224700,17,59,10,75
12225210,20,57,-6,81
12225720,96,55,2,79
12226230,8,82,0,79
12226740,24,71,7,72
12227250,1,69,0,72
12227760,17,58,-2,74
12228270,93,56,-6,80
12228780,23,83,9,71
12229290,21,81,-12,83
12229800,100,79,1,82
12230310,12,4,-2,84
12230820,69,15,5,79
12231330,84,42,-3,82
12231840,98,69,8,74
12232350,1,96,-12,86
12232860,46,46,3,83
12233370,9,57,10,73
12233880,25,46,-5,78
12234390,77,53,1,77
12234900,82,54,-6,83
12235410,87,73,1,82
12235920,101,19,3,79
12236430,14,46,1,78
12236940,72,37,5,73
12237450,28,64,-6,79
12237960,80,62,-3,82
12238470,94,8,2,80
12238980,76,18,-2,82
12239490,91,45,3,79
12240000,14,72,2,77
12240510,30,70,-1,78
12241020,32,68,7,71
12241530,77,58,-6,77
12242040,82,59,-2,79
12242550,96,60,6,73
12243060,101,87,-5,78
12243570,13,33,0,78
12244080,41,24,1,77
12244590,99,31,-2,79
12245100,12,58,-2,81
12245610,40,56,5,76
12246120,22,45,-4,80
12246630,74,43,-6,86
12247140,79,62,5,81
12247650,93,63,4,77
12248160,98,90,-8,85
12248670,10,26,3,82
12249180,38,23,8,74
12249690,96,30,-9,83
12250200,9,57,4,79
12250710,25,48,0,79
12251220,77,46,4,75
12251730,82,73,-7,82
12252240,96,19,-3,85
12252750,9,46,11,74
12253260,37,37,-6,80
12253770,89,44,-1,81
12254280,1,71,-3,84
12254790,17,62,10,74
12255300,20,60,-4,78
12255810,48,58,-5,83
12256320,30,20,1,82
12256830,88,27,0,82
12257340,1,54,8,74
12257850,17,45,0,74
12258360,45,43,-6,80
12258870,79,41,-2,82
12259380,1,30,-3,85
12259890,29,21,5,80
12260400,94,28,-4,84
12260910,7,55,8,76
12261420,23,46,-4,80
12261930,53,44,4,76
12262440,58,6,-1,77
12262950,40,16,-2,79
12263460,22,23,0,79
12263970,52,30,4,75
12264480,8,37,-5,80
12264990,36,28,-3,83
12265500,41,35,8,75
12266010,46,33,-3,78
12266520,2,40,1,77
12267030,30,31,-6,83
12267540,95,38,4,79
12268050,18,65,5,74
12268560,16,56,-8,82
12269070,68,47,-3,85
12269580,77,66,-2,87
12270090,91,28,1,86
12270600,4,55,11,75
12271110,29,46,-4,79
12271620,81,44,0,79
12272130,95,33,-4,83
12272640,8,60,8,75
12273150,24,41,-4,79
12273660,76,48,4,75
12274170,81,49,-9,84
12274680,95,38,2,82
12275190,18,65,6,76
12275700,70,63,-5,81
12276210,84,9,2,79
12276720,99,19,-1,80
12277230,12,29,-3,83
12277740,40,26,3,80
12278250,45,33,4,76
12278760,50,31,-4,80
12279270,55,38,0,80
12279780,60,41,4,76
12280290,65,44,-8,84
12280800,74,47,0,84
12281310,88,36,4,80
12281820,11,63,1,79
12282330,27,54,6,73
12282840,92,52,-8,81
12283350,4,79,3,78
12283860,20,70,0,78
12284370,72,68,-3,81
12284880,65,14,-6,87
12285390,47,41,6,81
12285900,52,46,5,76
12286410,57,49,-2,78
12286920,62,11,2,76
12287430,44,21,-4,80
12287940,51,90,3,77
12288450,33,81,-1,78
12288960,78,71,-8,86
12289470,92,33,5,81
12289980,5,60,5,76
12290490,21,51,-2,78
12291000,49,49,-1,79
12291510,12,11,-4,83
12292020,42,18,12,71
12292530,100,25,-10,81
12293040,13,52,0,81
12293550,41,43,-1,82
12294060,4,50,5,77
12294570,32,41,-5,82
12295080,84,48,-1,83
12295590,98,49,12,71
12296100,21,76,0,71
12296610,24,74,-2,73
12297120,69,72,-7,80
12297630,92,8,-6,86
12298140,5,18,2,84
12298650,33,15,8,76
12299160,15,22,-6,82
12299670,67,29,0,82
12300180,92,18,2,80
12300690,5,45,-2,82
12301200,33,36,5,77
12301710,98,47,4,73
12302220,10,74,-3,76
12302730,29,65,2,74
12303240,22,56,-4,78
12303750,74,47,-4,82
12304260,88,66,6,76
12304770,5,12,-6,82
12305280,33,23,8,74
12305790,38,30,-5,79
12306300,43,41,0,79
12306810,36,52,4,75
12307320,29,41,-10,85
12307830,81,44,4,81
12308340,95,71,2,79
12308850,12,17,0,79
12309360,40,28,-2,81
12309870,45,35,-1,82
12310380,45,38,6,76
12310890,50,49,-8,84
12311400,84,60,4,80
12311910,1,61,2,78
12312420,26,52,-5,83
12312930,60,50,0,83
12313440,65,53,1,82
12313950,79,56,2,80
12314460,98,57,8,72
12314970,10,84,-5,77
12315480,26,75,11,66
12315990,71,73,-15,81
12316500,53,9,-5,86
12317010,35,19,15,71
12317520,93,26,-9,80
12318030,6,53,3,77
12318540,34,44,-12,89
12319050,53,73,9,80
12319560,85,9,-3,83
12320070,100,19,0,83
12320580,13,46,6,77
12321090,41,37,3,74
12321600,4,48,-5,79
12322110,32,39,-6,85
12322620,84,50,8,77
12323130,98,77,-6,83
12323640,15,23,0,83
12324150,45,30,2,81
12324660,50,33,0,81
12325170,6,40,4,77
12325680,34,31,-2,79
12326190,99,42,3,76
12326700,22,69,3,73
12327210,74,67,-11,84
12327720,93,97,0,84
12328230,5,33,-2,86
12328740,33,24,4,82
12329250,67,35,3,79
12329760,74,38,-4,83
12330270,81,41,1,82
12330780,95,30,0,82
12331290,8,57,5,77
12331800,36,48,-2,79
12332310,29,37,1,78
12332820,81,48,-7,85
12333330,95,37,9,76
12333840,18,64,0,76
12334350,21,55,-5,81
12334860,49,46,7,74
12335370,12,46,-6,80
12335880,40,37,2,78
12336390,3,48,2,76
12336900,31,39,-4,80
12337410,24,50,3,77
12337920,17,48,-2,79
12338430,47,39,-2,81
12338940,52,50,2,79
12339450,13,61,6,73
12339960,41,52,-1,74
12340470,78,41,-5,79
12340980,85,68,-4,83
12341490,2,14,3,80
12342000,30,11,2,78
12342510,37,22,-5,83
12343020,42,33,1,82
12343530,47,44,6,76
12344040,10,55,-2,78
12344550,38,46,7,71
12345060,1,57,-8,79
12345570,26,48,3,76
12346080,19,46,-7,83
12346590,47,37,-3,86
12347100,52,48,12,74
12347610,15,10,-10,84
12348120,45,21,11,73
12348630,1,28,-7,80
12349140,29,19,1,79
12349650,59,30,-7,86
12350160,66,37,0,86
12350670,71,44,5,81
12351180,76,33,2,79
12351690,101,60,3,76
12352200,13,87,-1,77
12352710,29,78,-5,82
12353220,6,69,8,74
12353730,22,60,-3,77
12354240,25,58,0,77
12354750,18,56,-4,81
12355260,46,54,9,72
12355770,39,92,0,72
12356280,2,90,-12,84
12356790,18,81,9,75
12357300,29,79,5,70
12357810,32,77,-7,77
12358320,9,68,-1,78
12358830,25,59,3,75
12359340,18,57,1,74
12359850,46,55,-2,76
12360360,9,17,-5,81
12360870,37,28,0,81
12361380,71,39,0,81
12361890,78,28,0,81
12362400,93,55,4,77
12362910,5,82,0,77
12363420,21,71,-1,78
12363930,24,69,5,73
12364440,27,67,2,71
12364950,4,65,-10,81
12365460,29,56,9,72
12365970,22,54,-11,83
12366480,25,52,4,79
12366990,55,50,1,78
12367500,18,12,4,74
12368010,48,23,-4,78
12368520,55,30,-4,82
12369030,64,37,4,78
12369540,69,69,4,74
12370050,92,5,-11,85
12370560,5,15,4,81
12371070,33,12,4,77
12371580,40,23,2,75
12372090,98,30,-9,84
12372600,11,57,8,76
12373110,27,48,0,76
12373620,20,46,-1,77
12374130,48,44,-2,79
12374640,82,6,-4,83
12375150,97,16,1,82
12375660,10,43,-1,83
12376170,38,34,7,76
12376680,1,45,-1,77
12377190,29,36,-4,81
12377700,63,47,3,78
12378210,68,48,-3,81
12378720,77,78,4,77
12379230,100,14,-7,84
12379740,13,24,2,82
12380250,41,35,4,78
12380760,46,46,5,73
12381270,51,8,-10,83
12381780,58,18,5,78
12382290,65,28,-5,83
12382800,90,55,2,81
12383310,2,82,0,81
12383820,18,73,9,72
12384330,16,71,-9,81
12384840,19,62,5,76
12385350,22,60,0,76
12385860,86,22,-12,88
12386370,101,49,10,78
12386880,13,76,6,72
12387390,29,65,-4,76
12387900,53,18,-4,80
12388410,60,28,2,78
12388920,67,38,-5,83
12389430,74,57,0,83
12389940,99,87,6,77
12390450,11,33,-1,78
12390960,39,24,2,76
12391470,71,35,-4,80
12391980,78,62,-6,86
12392490,57,92,8,78
12393000,39,28,-1,79
12393510,97,39,1,78
12394020,10,66,0,78
12394530,38,57,4,74
12395040,31,95,2,72
12395550,76,93,-7,79
12396060,90,29,0,79
12396570,3,56,1,78
12397080,31,47,0,78
12397590,24,70,6,72
12398100,27,68,-5,77
12398610,30,59,-1,78
12399120,54,21,-3,81
12399630,61,31,3,78
12400140,17,34,-4,82
12400650,47,41,2,80
12401160,66,3,-1,81
12401670,42,13,2,79
12402180,49,23,5,74
12402690,5,30,-13,87
12403200,33,27,9,78
12403710,38,38,-3,81
12404220,1,49,6,75
12404730,29,40,-4,79
12405240,81,51,-6,85
12405750,95,81,4,81
12406260,7,27,3,78
12406770,35,18,1,77
12407280,42,25,0,77
12407790,47,32,-7,84
12408300,54,43,9,75
12408810,59,5,-8,83
12409320,35,15,7,76
12409830,93,22,-3,79
12410340,6,49,-2,81
12410850,34,40,4,77
12411360,86,51,-7,84
12411870,100,78,6,78
12412380,17,24,-1,79
12412890,69,31,-2,81
12413400,94,32,1,80
12413910,7,59,5,75
12414420,23,50,-1,76
12414930,53,12,0,76
12415440,29,22,-3,79
12415950,59,33,-4,83
12416460,64,40,-2,85
12416970,69,14,6,79
12417480,84,41,-6,85
12417990,98,68,9,76
12418500,15,14,-7,83
12419010,45,25,2,81
12419520,50,32,4,77
12420030,55,39,-8,85
12420540,60,50,8,77
12421050,65,12,3,74
12421560,41,39,-6,80
12422070,46,50,1,79
12422580,9,12,-6,85
12423090,39,23,7,78
12423600,97,30,-5,83
12424110,10,57,8,75
12424620,38,55,-1,76
12425130,20,9,-3,79
12425640,77,20,-3,82
12426150,92,47,4,78
12426660,15,74,8,70
12427170,26,65,-7,77
12427680,56,63,-1,78
12428190,38,101,4,74
12428700,83,38,-9,83
12429210,6,65,13,70
12429720,22,54,-10,80
12430230,52,16,2,78
12430740,34,26,-1,79
12431250,13,37,0,79
12431760,41,28,2,77
12432270,46,35,-5,82
12432780,51,90,8,74
12433290,33,26,-6,80
12433800,63,37,-4,84
12434310,68,56,1,83
12434820,87,86,-1,84
12435330,101,22,2,82
12435840,14,32,4,78
12436350,44,39,0,78
12436860,49,50,2,76
12437370,31,12,-4,80
12437880,38,23,2,78
12438390,43,34,-5,83
12438900,62,45,4,79
12439410,67,28,2,77
12439920,92,55,1,76
12440430,97,82,-5,81
12440940,9,28,-4,85
12441450,37,35,4,81
12441960,42,46,2,79
12442470,47,5,-3,82
12442980,29,15,7,75
12443490,48,26,-4,79
12444000,53,33,-3,82
12444510,58,40,1,81
12445020,63,47,5,76
12445530,68,95,-2,78
12446040,50,31,-3,81
12446550,55,38,-4,85
12447060,78,41,4,81
12447570,83,68,4,77
12448080,0,14,-15,92
12448590,28,11,15,77
12449100,35,22,-5,82
12449610,40,33,5,77
12450120,70,44,-12,89
12450630,75,63,5,84
12451140,94,25,2,82
12451650,7,52,4,78
12452160,35,43,4,74
12452670,100,5,-3,77
12453180,82,15,-6,83
12453690,67,42,-3,86
12454200,72,61,3,83
12454710,91,23,5,78
12455220,4,50,-2,80
12455730,32,41,6,74
12456240,84,97,-11,85
12456750,98,33,10,75
12457260,21,60,-3,78
12457770,49,22,-2,80
12458280,31,29,2,78
12458790,61,40,-9,87
12459300,66,43,6,81
12459810,71,62,0,81
12460320,90,100,-1,82
12460830,80,36,1,81
12461340,3,63,5,76
12461850,19,54,-1,77
12462360,47,16,0,77
12462870,29,26,-5,82
12463380,59,37,6,76
12463890,64,40,-6,82
12464400,69,97,4,78
12464910,51,33,-2,80
12465420,56,40,-3,83
12465930,61,70,5,78
12466440,43,6,-1,79
12466950,35,16,0,79
12467460,17,23,-4,83
12467970,47,34,12,71
12468480,52,45,-10,81
12468990,57,7,1,80
12469500,39,17,0,80
12470010,21,24,-6,86
12470520,73,35,6,80
12471030,98,62,0,80
12471540,15,89,8,72
12472050,26,78,-6,78
12472560,29,40,-1,79
12473070,81,96,-1,80
12473580,95,32,-4,84
12474090,18,59,4,80
12474600,46,21,-5,85
12475110,2,28,-3,88
12475620,30,25,10,78
12476130,40,36,5,73
12476640,22,100,-2,75
12477150,33,37,-10,85
12477660,98,48,12,73
12478170,21,75,-5,78
12478680,24,73,3,75
12479190,27,71,3,72
12479700,30,61,-8,80
12480210,32,23,1,79
12480720,37,34,1,78
12481230,67,45,-2,80
12481740,72,48,6,74
12482250,77,75,-10,84
12482760,100,11,1,83
12483270,13,21,1,82
12483780,41,32,1,81
12484290,46,43,3,78
12484800,46,54,0,78
12485310,28,16,2,76
12485820,10,27,-9,85
12486330,38,24,1,84
12486840,20,35,0,84
12487350,50,34,-1,85
12487860,55,45,9,76
12488370,60,7,-8,84
12488880,36,17,10,74
12489390,18,24,-6,80
12489900,70,35,1,79
12490410,95,62,-1,80
12490920,12,89,-1,81
12491430,28,80,5,76
12491940,31,78,3,73
12492450,34,40,-4,77
12492960,86,51,-6,83
12493470,3,78,4,79
12493980,28,28,2,77
12494490,58,39,-9,86
12495000,63,101,10,76
12495510,45,26,-8,84
12496020,50,33,-2,86
12496530,55,40,10,76
12497040,60,43,-9,85
12497550,65,5,9,76
12498060,47,15,1,75
12498570,29,25,-11,86
12499080,59,36,5,81
12499590,64,43,-3,84
12500100,69,46,10,74
12500610,74,47,-13,87
12501120,99,57,11,76
12501630,2,84,0,76
12502140,18,34,-9,85
12502650,46,41,7,78
12503160,28,52,-3,81
12503670,21,14,2,79
12504180,73,25,0,79
12504690,98,52,5,74
12505200,21,79,6,68
12505710,100,41,-13,81
12506220,23,68,5,76
12506730,26,30,-6,82
12507240,78,41,0,82
12507750,1,68,2,80
12508260,26,59,3,77
12508770,29,21,-7,84
12509280,59,32,-2,86
12509790,84,39,5,81
12510300,7,66,7,74
12510810,32,57,1,73
12511320,37,19,-3,76
12511830,42,26,-3,79
12512340,47,33,1,78
12512850,52,40,-3,81
12513360,57,2,4,77
12513870,39,12,6,71
12514380,21,58,-7,78
12514890,24,20,0,78
12515400,54,27,-4,82
12515910,36,34,1,81
12516420,101,45,5,76
12516930,24,72,5,71
12517440,27,34,-15,86
12517950,79,41,4,82
12518460,2,68,5,77
12518970,27,18,-4,81
12519480,57,25,2,79
12519990,82,32,-4,83
12520500,5,59,8,75
12521010,30,21,-10,85
12521520,60,28,9,76
12522030,85,35,-5,81
12522540,8,62,3,78
12523050,33,24,0,78
12523560,63,31,-1,79
12524070,88,54,-3,82
12524580,11,81,5,77
12525090,36,43,1,76
12525600,18,66,-2,78
12526110,46,28,-2,80
12526620,28,35,1,79
12527130,58,42,-1,80
12527640,83,4,2,78
12528150,65,31,-4,82
12528660,90,41,-1,83
12529170,13,68,9,74
12529680,38,30,-3,77
12530190,43,37,-8,85
12530700,48,48,10,75
12531210,30,10,1,74
12531720,37,17,-5,79
12532230,19,24,-1,80
12532740,49,31,-3,83
12533250,74,38,0,83
12533760,99,39,3,80
12534270,22,66,7,73
12534780,50,6,-4,77
12535290,32,16,2,75
12535800,14,23,-17,92
12536310,42,30,11,81
12536820,47,37,9,72
12537330,29,101,-5,77
12537840,40,63,0,77
12538350,22,25,-3,80
12538860,74,97,-2,82
12539370,56,22,-3,85
12539880,38,29,8,77
12540390,43,36,0,77
12540900,48,100,4,73
12541410,30,62,-2,75
12541920,23,24,-8,83
12542430,53,35,0,83
12542940,78,42,5,78
12543450,1,43,-6,84
12543960,29,34,7,77
12544470,59,45,-6,83
12544980,64,7,3,80
12545490,46,17,3,77
12546000,28,27,-2,79
12546510,80,38,-2,81
12547020,3,65,1,80
12547530,28,27,3,77
12548040,80,38,1,76
12548550,3,65,-1,77
12549060,28,27,-4,81
12549570,80,91,-4,85
12550080,1,27,6,79
12550590,29,18,4,75
12551100,11,25,-8,83
12551610,41,32,4,79
12552120,46,43,-5,84
12552630,28,5,12,72
12553140,10,12,-20,92
12553650,40,23,9,83
12554160,45,30,6,77
12554670,50,37,-5,82
12555180,55,101,3,79
12555690,37,47,7,72
12556200,19,9,-10,82
12556710,49,20,5,77
12557220,31,27,-4,81
12557730,48,38,6,75
12558240,30,0,5,70
12558750,12,25,-10,80
12559260,42,32,4,76
12559770,47,96,-4,80
12560280,98,58,5,75
12560790,21,85,-6,81
12561300,32,47,1,80
12561810,14,70,8,72
12562320,25,32,-7,79
12562830,55,43,0,79
12563340,60,5,1,78
12563850,42,15,3,75
12564360,24,22,-4,79
12564870,54,33,1,78
12565380,59,40,0,78
12565890,64,2,-1,79
12566400,46,12,0,79
12566910,28,22,-6,85
12567420,58,33,10,75
12567930,63,40,-6,81
12568440,68,43,-2,83
12568950,93,5,1,82
12569460,75,15,-2,84
12569970,90,42,5,79
12570480,13,69,5,74
12570990,24,31,-10,84
12571500,54,42,5,79
12572010,59,4,-3,82
12572520,41,14,8,74
12573030,23,24,-10,84
12573540,53,35,7,77
12574050,58,42,-1,78
12574560,63,4,1,77
12575070,45,14,2,75
12575580,27,24,-5,80
12576090,91,31,-1,81
12576600,14,58,2,79
12577110,17,20,3,76
12577620,47,31,-9,85
12578130,52,38,5,80
12578640,57,0,1,79
12579150,39,19,3,76
12579660,21,26,-2,78
12580170,51,33,-8,86
12580680,56,40,9,77
12581190,61,2,-1,78
12581700,43,12,-4,82
12582210,25,19,-3,85
12582720,55,30,5,80
12583230,80,37,0,80
12583740,3,64,2,78
12584250,28,26,-6,84
12584760,58,37,3,81
12585270,83,40,-3,84
12585780,6,67,7,77
12586290,31,29,-5,82
12586800,10,40,1,81
12587310,38,31,-2,83
12587820,1,95,1,82
12588330,17,45,5,77
12588840,42,7,1,76
12589350,24,17,-1,77
12589860,88,28,-5,82
12590370,11,55,8,74
12590880,39,17,-5,79
12591390,21,24,-2,81
12591900,73,35,9,72
12592410,98,62,-7,79
12592920,74,89,-4,83
12593430,56,25,2,81
12593940,38,32,-3,84
12594450,68,43,11,73
12594960,93,5,-8,81
12595470,75,15,2,79
12595980,90,42,-1,80
12596490,13,69,7,73
12597000,24,31,-16,89
12597510,54,42,6,83
12598020,59,4,2,81
12598530,85,14,-1,82
12599040,100,41,3,79
12599550,23,68,0,79
12600060,26,30,-9,88
12600570,56,41,6,82
12601080,81,3,5,77
12601590,63,13,-5,82
12602100,45,40,2,80
12602610,50,2,4,76
12603120,32,12,2,74
12603630,14,19,-12,86
12604140,44,26,9,77
12604650,49,33,-2,79
12605160,74,97,-5,84
12605670,88,22,4,80
12606180,1,49,11,69
12606690,26,33,-12,81
12607200,78,9,-1,82
12607710,93,36,-2,84
12608220,16,63,8,76
12608730,19,25,-10,86
12609240,49,36,6,80
12609750,54,100,4,76
12610260,36,28,0,76
12610770,41,39,3,73
12611280,46,1,-5,78
12611790,28,11,5,73
12612300,39,22,-2,75
12612810,44,29,-3,78
12613320,49,36,-4,82
12613830,54,100,3,79
12614340,36,28,-3,82
12614850,41,58,7,75
12615360,23,20,-5,80
12615870,53,27,-2,82
12616380,78,34,7,75
12616890,1,61,-2,77
12617400,26,23,2,75
12617910,56,30,-7,82
12618420,81,37,1,81
12618930,4,64,8,73
12619440,29,26,-6,79
12619950,59,37,-1,80
12620460,84,101,-5,85
12620970,12,37,6,79
12621480,40,28,1,78
12621990,45,39,-7,85
12622500,50,1,5,80
12623010,32,11,1,79
12623520,14,22,-8,87
12624030,44,29,7,80
12624540,49,40,3,77
12625050,54,2,-5,82
12625560,36,12,5,77
12626070,18,19,-1,78
12626580,70,30,-4,82
12627090,95,31,1,81
12627600,18,58,3,78
12628110,21,20,-3,81
12628620,51,31,2,79
12629130,76,38,-1,80
12629640,101,65,5,75
12630150,24,92,-3,78
12630660,69,54,-4,82
12631170,94,16,-4,86
12631680,7,43,6,80
12632190,32,5,4,76
12632700,14,51,-2,78
12633210,42,13,4,74
12633720,67,23,-9,83
12634230,92,33,0,83
12634740,15,60,4,79
12635250,18,22,-5,84
12635760,48,33,11,73
12636270,53,97,-4,77
12636780,35,25,-3,80
12637290,40,36,3,77
12637800,45,100,0,77
12638310,27,62,3,74
12638820,30,24,-5,79
12639330,60,35,5,74
12639840,85,38,-9,83
12640350,8,65,7,76
12640860,24,27,-4,80
12641370,76,38,-4,84
12641880,101,39,8,76
12642390,24,66,0,76
12642900,27,28,-13,89
12643410,79,39,9,80
12643920,2,66,6,74
12644430,27,57,1,73
12644940,30,19,-10,83
12645450,54,30,2,81
12645960,79,42,-1,82
12646470,2,43,5,77
12646980,30,34,-3,80
12647490,82,45,-2,82
12648000,5,72,5,77
12648510,30,34,-3,80
12649020,82,45,-2,82
12649530,5,72,6,76
12650040,21,63,4,72
12650550,24,25,-11,83
12651060,54,36,2,81
12651570,79,100,-1,82
12652080,61,36,-4,86
12652590,86,39,7,79
12653100,9,66,5,74
12653610,25,57,-7,81
12654120,28,19,6,75
12654630,58,26,-5,80
12655140,83,29,-5,85
12655650,6,56,9,76
12656160,31,47,-3,79
12656670,13,9,1,78
12657180,43,20,0,78
12657690,68,27,-4,82
12658200,93,54,0,82
12658710,16,81,7,75
12659220,27,43,2,73
12659730,9,5,-9,82
12660240,12,16,2,80
12660750,42,55,1,79
12661260,24,17,3,76
12661770,54,28,0,76
12662280,79,31,-5,81
12662790,2,58,7,74
12663300,27,49,-5,79
12663810,79,11,3,76
12664320,94,38,-10,86
12664830,17,65,14,72
12665340,88,27,-11,83
12665850,11,54,3,80
12666360,14,16,3,77
12666870,44,27,-3,80
12667380,49,30,3,77
12667890,74,33,-6,83
12668400,99,60,4,79
12668910,22,87,0,79
12669420,25,49,5,74
12669930,55,11,0,74
12670440,31,38,-13,87
12670950,61,61,10,77
12671460,66,23,1,76
12671970,91,50,-7,83
12672480,14,77,8,75
12672990,30,39,-10,85
12673500,82,42,7,78
12674010,5,69,6,72
12674520,21,60,-1,73
12675030,73,22,-6,79
12675540,98,49,5,74
12676050,21,76,1,73
12676560,20,38,-11,84
12677070,72,37,1,83
12677580,97,38,3,80
12678090,20,65,4,76
12678600,23,27,-5,81
12679110,53,66,1,80
12679620,35,2,3,77
12680130,17,27,-3,80
12680640,47,30,2,78
12681150,72,41,-3,81
12681660,97,68,0,81
12682170,20,95,3,78
12682680,36,32,1,77
12683190,41,55,2,75
12683700,23,17,-6,81
12684210,53,28,-1,82
12684720,78,31,1,81
12685230,1,58,9,72
12685740,17,49,-8,80
12686250,20,11,-4,84
12686760,50,22,-1,85
12687270,75,29,4,81
12687780,100,56,3,78
12688290,23,83,2,76
12688800,26,45,-1,77
12689310,78,7,-1,78
12689820,93,34,0,78
12690330,16,61,2,76
12690840,19,23,-5,81
12691350,49,34,-2,83
12691860,54,98,5,78
12692370,36,89,3,75
12692880,81,49,-10,85
12693390,4,50,11,74
12693900,29,41,-10,84
12694410,81,44,8,76
12694920,4,71,2,74
12695430,20,62,-2,76
12695940,23,24,-2,78
12696450,53,63,-1,79
12696960,86,101,-7,86
12697470,100,53,13,73
12697980,23,80,0,73
12698490,26,42,-9,82
12699000,56,41,0,82
12699510,61,3,6,76
12700020,43,13,-6,82
12700530,50,59,10,72
12701040,32,21,-10,82
12701550,37,28,-1,83
12702060,47,39,5,78
12702570,52,1,1,77
12703080,34,11,-2,79
12703590,16,22,-1,80
12704100,46,61,5,75
12704610,28,23,-8,83
12705120,85,34,6,77
12705630,8,61,5,72
12706140,24,23,-12,84
12706650,54,34,4,80
12707160,59,37,-1,81
12707670,64,40,-5,86
12708180,89,43,11,75
12708690,12,70,-4,79
12709200,28,32,-3,82
12709710,58,35,-2,84
12710220,63,38,7,77
12710730,88,65,1,76
12711240,11,92,-5,81
12711750,27,54,7,74
12712260,32,16,-5,79
12712770,14,27,-4,83
12713280,44,66,3,80
12713790,26,28,-6,86
12714300,56,67,10,76
12714810,38,3,3,73
12715320,20,13,-9,82
12715830,50,24,6,76
12716340,32,31,-4,80
12716850,37,42,1,79
12717360,19,4,2,77
12717870,76,15,-4,81
12718380,91,42,3,78
12718890,14,69,9,69
12719400,17,31,-15,84
12719910,47,70,5,79
12720420,29,97,7,72
12720930,74,34,-14,86
12721440,99,61,12,74
12721950,2,88,-4,78
12722460,18,38,-2,80
12722970,48,77,0,80
12723480,30,13,2,78
12723990,12,59,10,68
12724500,15,21,-9,77
12725010,45,60,2,75
12725520,27,22,-5,80
12726030,57,33,1,79
12726540,82,36,4,75
12727050,5,63,-2,77
12727560,30,25,-3,80
12728070,60,36,-4,84
12728580,65,39,4,80
12729090,90,42,-3,83
12729600,13,69,9,74
12730110,29,31,-5,79
12730620,81,70,-4,83
12731130,9,32,6,77
12731640,45,23,-4,81
12732150,1,26,-6,87
12732660,31,24,9,78
12733170,61,35,4,74
12733680,86,36,-11,85
12734190,9,63,9,76
12734700,25,54,-3,79
12735210,55,16,1,78
12735720,37,43,-3,81
12736230,89,5,-3,84
12736740,2,15,2,82
12737250,13,12,0,82
12737760,43,23,-3,85
12738270,68,26,4,81
12738780,93,53,4,77
12739290,16,80,-2,79
12739800,32,42,2,77
12740310,84,65,-7,84
12740820,1,92,4,80
12741330,17,29,-1,81
12741840,47,68,-2,83
12742350,29,4,9,74
12742860,11,15,-14,88
12743370,41,26,7,81
12743880,46,37,-1,82
12744390,51,40,-3,85
12744900,81,2,5,80
12745410,63,12,2,78
12745920,45,39,0,78
12746430,50,1,3,75
12746940,32,11,0,75
12747450,14,22,-6,81
12747960,44,61,4,77
12748470,26,23,-4,81
12748980,56,34,2,79
12749490,81,37,-1,80
12750000,4,64,-3,83
12750510,29,48,2,81
12751020,59,51,-2,83
12751530,64,13,7,76
12752040,40,40,0,76
12752550,22,63,-3,79
12753060,25,25,-3,82
12753570,77,36,5,77
12754080,0,63,2,75
12754590,16,0,-2,77
12755100,19,11,-1,78
12755610,49,22,2,76
12756120,74,25,-5,81
12756630,99,52,9,72
12757140,22,79,-5,77
12757650,25,41,-7,84
12758160,55,80,9,75
12758670,37,5,4,71
12759180,19,15,-10,81
12759690,49,26,4,77
12760200,74,29,-4,81
12760710,99,56,7,74
12761220,22,83,-3,77
12761730,25,20,0,77
12762240,77,31,-3,80
12762750,0,58,10,70
12763260,25,42,-6,76
12763770,77,41,-5,81
12764280,0,68,2,79
12764790,25,5,2,77
12765300,28,16,-3,80
12765810,92,27,-2,82
12766320,15,54,1,81
12766830,18,16,-9,90
12767340,48,27,11,79
12767850,73,30,-4,83
12768360,98,57,4,79
12768870,21,84,3,76
12769380,19,21,-10,86
12769890,71,32,5,81
12770400,96,59,0,81
12770910,19,86,2,79
12771420,30,23,3,76
12771930,94,34,-1,77
12772440,17,61,4,73
12772950,20,52,-5,78
12773460,50,14,-2,80
12773970,65,24,-1,81
12774480,90,51,1,80
12774990,13,78,4,76
12775500,24,69,-3,79
12776010,27,31,-4,83
12776520,79,70,-1,84
12777030,7,32,2,82
12777540,37,71,12,70
12778050,42,92,-3,73
12778560,47,83,-2,75
12779070,29,74,0,75
12779580,32,36,-5,80
12780090,84,75,-5,85
12780600,1,3,-9,94
12781110,12,14,13,81
12781620,42,25,7,74
12782130,67,28,-1,75
12782640,92,55,-6,81
12783150,15,82,6,75
12783660,26,73,7,68
12784170,29,63,-12,80
12784680,32,73,9,71
12785190,37,64,-2,73
12785700,42,94,0,73
12786210,47,31,-5,78
12786720,52,34,-3,81
12787230,77,37,-3,84
12787740,0,64,6,78
12788250,25,55,-1,79
12788760,28,17,-3,82
12789270,47,28,0,82
12789780,72,31,4,78
12790290,97,58,1,77
12790800,20,85,3,74
12791310,65,22,-6,80
12791820,41,49,5,75
12792330,23,11,1,74
12792840,42,22,-1,75
12793350,67,25,-5,80
12793860,92,52,4,76
12794370,15,79,2,74
12794880,26,70,-1,75
12795390,29,32,-8,83
12795900,81,71,1,82
12796410,100,33,-1,83
12796920,23,60,6,77
12797430,87,22,-4,81
12797940,0,49,3,78
12798450,3,40,-4,82
12798960,6,31,-3,85
12799470,9,22,3,82
12799980,39,61,6,76
12800490,44,84,-4,80
12801000,49,75,11,69
12801510,31,0,-4,73
12802020,13,25,-10,83
12802530,43,64,4,79
12803040,25,94,5,74
12803550,70,31,-7,81
12804060,95,58,2,79
12804570,18,85,3,76
12805080,29,76,4,72
12805590,32,67,-1,73
12806100,37,58,-1,74
12806610,42,57,1,73
12807120,24,19,-9,82
12807630,54,30,2,80
12808140,59,33,1,79
12808650,84,36,-6,85
12809160,10,63,10,75
12809670,26,54,2,73
12810180,29,16,-8,81
12810690,93,27,0,81
12811200,16,54,2,79
12811710,19,45,-1,80
12812220,49,84,8,72
12812730,31,12,-4,76
12813240,13,67,-5,81
12813750,16,58,7,74
12814260,19,49,-6,80
12814770,22,11,0,80
12815280,86,22,-3,83
12815790,101,49,9,74
12816300,24,76,-1,75
12816810,27,38,-6,81
12817320,79,77,-1,82
12817830,98,39,1,81
12818340,21,66,4,77
12818850,24,57,1,76
12819360,27,19,-6,82
12819870,87,30,1,81
12820380,10,57,3,78
12820890,13,48,-2,80
12821400,16,39,-3,83
12821910,46,78,8,75
12822420,51,79,-4,79
12822930,33,27,1,78
12823440,52,66,-2,80
12823950,34,28,-14,94
12824460,64,67,21,73
12824970,46,94,1,72
12825480,86,54,-8,80
12825990,9,81,5,75
12826500,25,72,6,69
12827010,28,62,-5,74
12827520,31,24,-2,76
12828030,50,63,2,74
12828540,32,25,-3,77
12829050,37,64,3,74
12829560,42,18,0,74
12830070,67,57,-8,82
12830580,86,19,2,80
12831090,101,46,1,79
12831600,24,73,6,73
12832110,27,33,-10,83
12832620,79,72,2,81
12833130,98,0,-3,84
12833640,74,10,-1,85
12834150,50,37,0,85
12834660,55,101,6,79
12835170,37,29,1,78
12835680,42,68,-1,79
12836190,24,30,-4,83
12836700,86,69,4,79
12837210,3,70,1,78
12837720,19,7,1,77
12838230,76,18,-8,85
12838740,91,45,8,77
12839250,14,72,2,75
12839760,17,63,-2,77
12840270,20,25,-7,84
12840780,50,64,9,75
12841290,32,26,-9,84
12841800,37,65,10,74
12842310,42,66,-4,78
12842820,47,28,2,76
12843330,52,31,-5,81
12843840,57,34,5,76
12844350,62,37,-8,84
12844860,67,40,6,78
12845370,92,41,-2,80
12845880,15,38,-2,82
12846390,67,77,8,74
12846900,49,13,-7,81
12847410,31,23,4,77
12847920,36,62,0,77
12848430,18,61,0,77
12848940,21,23,-6,83
12849450,73,62,0,83
12849960,92,24,-1,84
12850470,5,51,10,74
12850980,8,42,-3,77
12851490,11,33,-12,89
12852000,14,24,4,85
12852510,44,63,3,82
12853020,26,25,0,82
12853530,56,64,5,77
12854040,38,26,-3,80
12854550,43,65,7,73
12855060,25,27,-6,79
12855570,77,66,-2,81
12856080,61,28,-4,85
12856590,86,31,1,84
12857100,9,58,9,75
12857610,12,20,-12,87
12858120,42,59,7,80
12858630,24,21,0,80
12859140,43,60,6,74
12859650,25,22,-11,85
12860160,55,61,8,77
12860670,37,23,0,77
12861180,42,34,0,77
12861690,47,98,-2,79
12862200,29,35,-5,84
12862710,81,74,1,83
12863220,100,36,9,74
12863730,23,63,0,74
12864240,26,25,-4,78
12864750,78,64,2,76
12865260,97,26,-7,83
12865770,10,53,9,74
12866280,13,44,-7,81
12866790,16,35,-3,84
12867300,46,74,10,74
12867810,28,2,-1,75
12868320,10,27,-3,78
12868830,13,66,3,75
12869340,11,57,-5,80
12869850,14,19,-1,81
12870360,44,58,4,77
12870870,26,20,-3,80
12871380,45,59,1,79
12871890,27,21,-2,81
12872400,46,60,8,73
12872910,28,22,-12,85
12873420,58,33,7,78
12873930,83,36,-7,85
12874440,93,63,5,80
12874950,10,90,3,77
12875460,26,81,7,70
12875970,29,18,-15,85
12876480,48,29,8,77
12876990,53,32,-5,82
12877500,58,35,0,82
12878010,83,38,4,78
12878520,6,65,2,76
12879030,22,56,-1,77
12879540,74,18,-6,83
12880050,89,45,3,80
12880560,12,72,4,76
12881070,15,34,-13,89
12881580,45,73,16,73
12882090,27,1,-1,74
12882600,46,26,-8,82
12883110,71,5,2,80
12883620,53,32,-4,84
12884130,78,35,4,80
12884640,1,62,-5,85
12885150,26,53,8,77
12885660,29,15,-4,81
12886170,77,26,0,81
12886680,0,53,8,73
12887190,19,44,-6,79
12887700,71,43,-2,81
12888210,96,44,2,79
12888720,19,71,8,71
12889230,22,33,-13,84
12889740,56,72,8,76
12890250,38,8,-2,78
12890760,20,54,-1,79
12891270,23,16,-4,83
12891780,53,27,9,74
12892290,78,34,-12,86
12892800,1,61,10,76
12893310,26,52,-3,79
12893820,78,14,-1,80
12894330,93,41,-2,82
12894840,16,68,8,74
12895350,95,30,-9,83
12895860,18,57,1,82
12896370,21,19,4,78
12896880,51,30,3,75
12897390,76,41,-9,84
12897900,101,40,9,75
12898410,24,67,1,74
12898920,27,29,-6,80
12899430,79,40,-3,83
12899940,2,67,7,76
12900450,8,62,11,65
12900960,53,53,-11,76
12901470,58,15,-1,77
12901980,34,25,-2,79
12902490,39,36,0,79
12903000,58,47,-8,87
12903510,63,9,8,79
12904020,45,36,4,75
12904530,50,47,0,75
12905040,55,9,-2,77
12905550,37,36,-4,81
12906060,42,75,8,73
12906570,24,76,-12,85
12907080,45,38,3,82
12907590,50,49,9,73
12908100,32,11,-3,76
12908610,51,57,2,74
12909120,33,19,-8,82
12909630,38,30,0,82
12910140,43,41,2,80
12910650,62,52,0,80
12911160,67,14,0,80
12911670,82,41,-2,82
12912180,5,68,8,74
12912690,11,52,-4,78
12913200,14,43,4,74
12913710,17,42,-11,85
12914220,20,81,3,82
12914730,23,18,5,77
12915240,75,29,-3,80
12915750,100,56,7,73
12916260,23,83,-1,74
12916770,26,20,-7,81
12917280,78,31,-2,83
12917790,1,58,6,77
12918300,26,8,4,73
12918810,90,19,-12,85
12919320,3,46,8,77
12919830,22,30,-3,80
12920340,74,69,0,80
12920850,79,99,-8,88
12921360,98,35,2,86
12921870,21,62,8,78
12922380,24,24,-7,85
12922890,76,35,1,84
12923400,101,62,7,77
12923910,60,89,-1,78
12924420,42,25,2,76
12924930,67,36,-3,79
12925440,92,39,0,79
12925950,15,66,7,72
12926460,18,100,-4,76
12926970,29,37,-12,88
12927480,81,76,7,81
12927990,86,38,0,81
12928500,9,65,6,75
12929010,34,99,4,71
12929520,79,36,-12,83
12930030,2,37,-3,86
12930540,27,28,2,84
12931050,91,67,3,81
12931560,14,68,8,73
12932070,17,0,-2,75
12932580,74,11,-9,84
12933090,89,38,3,81
12933600,41,65,6,75
12934110,23,64,-3,78
12934620,75,54,-2,80
12935130,100,55,4,76
12935640,23,82,1,75
12936150,30,19,-2,77
12936660,35,30,-1,78
12937170,40,41,-4,82
12937680,22,52,4,78
12938190,86,51,-4,82
12938700,9,52,2,80
12939210,73,43,0,80
12939720,98,44,0,80
12940230,21,71,7,73
12940740,26,8,-6,79
12941250,45,19,3,76
12941760,27,26,-5,81
12942270,46,37,-4,85
12942780,51,48,10,75
12943290,56,10,0,75
12943800,32,20,-4,79
12944310,37,31,-1,80
12944820,42,42,5,75
12945330,24,4,-5,80
12945840,43,67,4,76
12946350,25,68,-1,77
12946860,44,58,1,76
12947370,26,57,-1,77
12947880,90,56,-5,82
12948390,13,57,3,79
12948900,32,73,7,72
12949410,37,63,-5,77
12949920,42,17,1,76
12950430,24,24,-5,81
12950940,76,35,6,75
12951450,101,62,0,75
12951960,24,89,0,75
12952470,69,26,-4,79
12952980,94,78,-1,80
12953490,17,79,2,78
12954000,15,70,-3,81
12954510,79,7,-4,85
12955020,61,17,6,79
12955530,43,44,4,75
12956040,48,55,1,74
12956550,30,17,-8,82
12957060,35,28,3,79
12957570,40,67,5,74
12958080,45,21,-2,76
12958590,50,28,-11,87
12959100,75,31,9,78
12959610,100,58,1,77
12960120,23,85,6,71
12960630,68,22,-7,78
12961140,93,49,3,75
12961650,16,76,1,74
12962160,19,8,-7,81
12962670,55,19,0,81
12963180,80,29,-1,82
12963690,3,56,5,77
12964200,28,47,-6,83
12964710,80,86,0,83
12965220,85,14,0,83
12965730,100,41,1,82
12966240,23,68,9,73
12966750,26,66,-5,78
12967260,31,28,-5,83
12967770,65,39,1,82
12968280,90,42,2,80
12968790,13,69,8,72
12969300,32,60,-9,81
12969810,37,14,10,71
12970320,19,21,-15,86
12970830,71,60,8,78
12971340,76,99,-3,81
12971850,58,35,1,80
12972360,83,38,-5,85
12972870,6,39,1,84
12973380,34,30,-1,85
12973890,39,41,9,76
12974400,21,80,-2,78
12974910,85,17,-5,83
12975420,100,44,6,77
12975930,23,71,5,72
12976440,68,62,-14,86
12976950,87,101,8,78
12977460,4,37,-5,83
12977970,32,28,5,78
12978480,37,67,6,72
12978990,42,68,-9,81
12979500,47,22,-3,84
12980010,52,33,0,84
12980520,57,36,6,78
12981030,62,39,-6,84
12981540,87,42,7,77
12982050,10,69,-1,78
12982560,35,60,6,72
12983070,40,14,-7,79
12983580,22,60,1,78
12984090,25,51,4,74
12984600,59,13,-6,80
12985110,35,40,-3,83
12985620,40,79,9,74
12986130,45,70,3,71
12986640,27,71,-4,75
12987150,32,61,-3,78
12987660,66,15,-5,83
12988170,42,25,6,77
12988680,47,36,-1,78
12989190,52,75,3,75
12989700,34,96,6,69
12990210,79,33,-11,80
12990720,2,60,-1,81
12991230,27,10,-2,83
12991740,91,21,6,77
12992250,4,48,-2,79
12992760,29,39,0,79
12993270,34,78,3,76
12993780,79,69,-6,82
12994290,84,70,0,82
12994800,89,71,-2,84
12995310,94,72,3,81
12995820,11,73,4,77
12996330,22,64,5,72
12996840,86,55,-11,83
12997350,91,56,0,83
12997860,96,83,4,79
12998370,101,84,-1,80
12998880,4,85,3,77
12999390,10,35,-10,87
12999900,38,74,11,76
13000410,43,28,-2,78
13000920,48,67,-1,79
13001430,30,66,10,69
13001940,35,57,-7,76
13002450,40,80,-3,79
13002960,45,71,7,72
13003470,27,17,-8,80
13003980,32,56,4,76
13004490,66,31,-9,85
13005000,91,34,8,77
13005510,14,61,3,74
13006020,17,52,-3,77
13006530,20,43,-5,82
13007040,54,82,4,78
13007550,36,10,-2,80
13008060,18,56,3,77
13008570,21,47,3,74
13009080,55,46,-4,78
13009590,60,8,3,75
13010100,36,18,-4,79
13010610,41,25,0,79
13011120,46,28,1,78
13011630,51,31,-4,82
13012140,56,34,1,81
13012650,61,37,4,77
13013160,66,40,-9,86
13013670,71,43,11,75
13014180,76,62,-6,81
13014690,81,63,8,73
13015200,86,64,-8,81
13015710,3,65,4,77
13016220,28,56,3,74
13016730,33,55,-9,83
13017240,38,78,9,74
13017750,43,69,5,69
13018260,48,60,-5,74
13018770,30,83,3,71
13019280,75,74,-13,84
13019790,80,2,4,80
13020300,56,12,0,80
13020810,32,22,-1,81
13021320,37,61,7,74
13021830,42,84,-6,80
13022340,47,75,-1,81
13022850,29,98,5,76
13023360,74,35,-2,78
13023870,99,34,-5,83
13024380,22,61,1,82
13024890,50,23,5,77
13025400,55,30,-7,84
13025910,60,33,6,78
13026420,42,36,4,74
13026930,47,75,-4,78
13027440,29,76,6,72
13027950,32,36,-15,87
13028460,96,75,8,79
13028970,101,76,-2,81
13029480,4,77,8,73
13029990,10,68,0,73
13030500,21,59,-2,75
13031010,24,50,0,75
13031520,58,49,-4,79
13032030,63,11,-1,80
13032540,39,19,6,74
13033050,44,26,-6,80
13033560,49,29,5,75
13034070,54,32,-8,83
13034580,59,35,-1,84
13035090,64,38,4,80
13035600,69,41,2,78
13036110,74,42,-4,82
13036620,79,45,1,81
13037130,84,46,2,79
13037640,89,47,-2,81
13038150,94,74,0,81
13038660,11,75,6,75
13039170,22,66,1,74
13039680,25,64,-4,78
13040190,59,55,3,75
13040700,64,17,-5,80
13041210,79,44,-1,81
13041720,84,45,-1,82
13042230,89,46,5,77
13042740,94,73,-6,83
13043250,11,74,4,79
13043760,22,65,6,73
13044270,86,56,-8,81
13044780,91,57,2,79
13045290,96,58,5,74
13045800,101,59,1,73
13046310,4,86,-6,79
13046820,10,36,-7,86
13047330,38,75,14,72
13047840,43,66,-2,74
13048350,25,67,1,73
13048860,30,4,0,73
13049370,12,29,-10,83
13049880,40,68,6,77
13050390,45,59,-3,80
13050900,50,82,5,75
13051410,55,73,-8,83
13051920,60,35,2,81
13052430,65,38,-1,82
13052940,70,41,6,76
13053450,75,42,-6,82
13053960,80,45,2,80
13054470,85,46,1,79
13054980,90,47,4,75
13055490,95,74,-7,82
13056000,12,75,6,76
13056510,23,66,-6,82
13057020,42,57,7,75
13057530,47,56,0,75
13058040,10,79,-1,76
13058550,21,70,2,74
13059060,24,61,-6,80
13059570,58,52,-1,81
13060080,63,55,0,81
13060590,68,17,3,78
13061100,66,34,-4,82
13061610,71,37,2,80
13062120,76,40,-4,84
13062630,42,43,-1,85
13063140,47,82,13,72
13063650,52,73,-10,82
13064160,15,94,2,80
13064670,26,85,3,77
13065180,71,76,-2,79
13065690,76,12,-6,85
13066200,91,39,1,84
13066710,14,66,10,74
13067220,33,57,-1,75
13067730,38,48,0,75
13068240,43,51,1,74
13068750,6,50,0,74
13069260,25,41,-1,75
13069770,59,40,-7,82
13070280,64,43,2,80
13070790,69,46,-2,82
13071300,74,49,3,79
13071810,79,52,-2,81
13072320,84,53,5,76
13072830,89,54,-2,78
13073340,94,81,-4,82
13073850,11,58,10,72
13074360,30,49,-9,81
13074870,35,46,4,77
13075380,100,85,-7,84
13075890,17,86,9,75
13076400,28,77,9,66
13076910,73,37,-18,84
13077420,78,40,7,77
13077930,83,67,-6,83
13078440,88,68,1,82
13078950,93,69,2,80
13079460,10,70,7,73
13079970,29,61,-3,76
13080480,93,52,-3,79
13080990,98,79,2,77
13081500,1,80,2,75
13082010,7,30,-11,86
13082520,35,69,9,77
13083030,54,60,-6,83
13083540,33,15,4,79
13084050,38,54,0,79
13084560,17,77,6,73
13085070,28,68,6,67
13085580,33,59,-6,73
13086090,38,13,-6,79
13086600,45,26,-1,80
13087110,50,29,-5,85
13087620,55,32,6,79
13088130,60,35,1,78
13088640,65,38,-4,82
13089150,70,41,-4,86
13089660,75,40,6,80
13090170,80,41,3,77
13090680,85,68,-8,85
13091190,2,30,5,80
13091700,30,21,-1,81
13092210,49,60,9,72
13092720,12,83,-3,75
13093230,23,74,0,75
13093740,87,72,-8,83
13094250,4,34,2,81
13094760,32,25,2,79
13095270,92,64,-1,80
13095780,9,65,7,73
13096290,28,56,-3,76
13096800,62,10,-7,83
13097310,38,37,2,81
13097820,0,76,10,71
13098330,6,26,-16,87
13098840,34,65,12,75
13099350,39,19,-4,79
13099860,44,58,7,72
13100370,7,20,-12,84
13100880,35,59,4,80
13101390,54,13,0,80
13101900,28,23,2,78
13102410,92,62,-2,80
13102920,9,63,7,73
13103430,28,54,-6,79
13103940,92,93,-3,82
13104450,13,29,4,78
13104960,41,68,4,74
13105470,46,69,-1,75
13105980,51,90,-8,83
13106490,56,44,5,78
13107000,61,47,-3,81
13107510,66,50,0,81
13108020,71,53,-6,87
13108530,76,56,5,82
13109040,81,57,2,80
13109550,86,58,-1,81
13110060,91,59,8,73
13110570,96,86,-10,83
13111080,13,22,-4,87
13111590,41,61,12,75
13112100,4,84,-5,80
13112610,23,34,2,78
13113120,57,73,-3,81
13113630,62,100,-2,83
13114140,67,36,3,80
13114650,72,35,0,80
13115160,77,34,1,79
13115670,0,61,3,76
13116180,6,11,-7,83
13116690,17,50,8,75
13117200,20,49,-5,80
13117710,50,11,-2,82
13118220,26,21,1,81
13118730,45,60,6,75
13119240,8,22,-9,84
13119750,36,61,2,82
13120260,70,23,2,80
13120770,85,50,-1,81
13121280,90,77,1,80
13121790,95,39,-2,82
13122300,18,66,9,73
13122810,82,64,-6,79
13123320,101,65,5,74
13123830,4,92,-4,78
13124340,10,101,-3,81
13124850,16,38,1,80
13125360,44,77,4,76
13125870,89,68,-6,82
13126380,6,69,6,76
13126890,25,60,-1,77
13127400,59,99,-1,78
13127910,64,90,6,72
13128420,69,15,-5,77
13128930,43,42,1,76
13129440,48,53,0,76
13129950,11,92,-1,77
13130460,22,29,0,77
13130970,74,68,-7,84
13131480,32,30,6,78
13131990,96,69,-5,83
13132500,13,70,11,72
13133010,77,61,-9,81
13133520,82,91,0,81
13134030,96,27,-2,83
13134540,9,54,6,77
13135050,73,16,-3,80
13135560,88,43,-2,82
13136070,93,70,0,82
13136580,10,71,9,73
13137090,21,62,-1,74
13137600,24,60,-4,78
13138110,88,58,-2,80
13138620,93,85,0,80
13139130,5,21,-3,83
13139640,33,60,7,76
13140150,67,83,-1,77
13140660,49,19,0,77
13141170,54,26,-6,83
13141680,59,45,1,82
13142190,64,7,4,78
13142700,40,34,-1,79
13143210,86,73,-4,83
13143720,3,35,3,80
13144230,31,26,0,80
13144740,95,65,9,71
13145250,100,92,-9,80
13145760,3,28,5,75
13146270,67,67,-6,81
13146780,72,3,2,79
13147290,48,22,2,77
13147800,53,29,-3,80
13148310,58,36,-5,85
13148820,63,39,8,77
13149330,68,58,1,76
13149840,73,97,-4,80
13150350,55,33,0,80
13150860,60,36,2,78
13151370,65,55,-4,82
13151880,70,94,10,72
13152390,52,30,-11,83
13152900,57,37,5,78
13153410,62,40,-4,82
13153920,67,43,-3,85
13154430,72,46,4,81
13154940,77,47,6,75
13155450,82,74,-9,84
13155960,91,36,6,78
13156470,14,37,-6,84
13156980,78,76,7,77
13157490,83,4,-6,83
13158000,65,23,2,81
13158510,70,50,1,80
13159020,101,53,5,75
13159530,4,80,-6,81
13160040,10,17,-10,91
13160550,38,56,16,75
13161060,1,79,3,72
13161570,7,29,-7,79
13162080,35,42,4,75
13162590,87,81,-10,85
13163100,101,17,10,75
13163610,14,44,-6,81
13164120,42,57,8,73
13164630,5,80,-2,75
13165140,11,64,1,74
13165650,30,48,-8,82
13166160,64,87,-2,84
13166670,46,15,8,76
13167180,28,34,4,72
13167690,92,73,-6,78
13168200,4,51,-1,79
13168710,23,42,1,78
13169220,87,45,-1,79
13169730,92,72,-2,81
13170240,4,73,5,76
13170750,10,23,-3,79
13171260,38,62,2,77
13171770,1,16,-9,86
13172280,29,29,3,83
13172790,65,68,3,80
13173300,99,30,2,78
13173810,12,57,3,75
13174320,76,41,-11,86
13174830,81,60,4,82
13175340,86,20,4,78
13175850,101,47,-2,80
13176360,4,74,7,73
13176870,10,58,3,70
13177380,16,42,-8,78
13177890,46,51,6,72
13178400,9,74,-3,75
13178910,15,58,-1,76
13179420,79,56,-7,83
13179930,84,75,2,81
13180440,98,37,2,79
13180950,21,64,5,74
13181460,85,62,-2,76
13181970,90,89,-9,85
13182480,2,25,4,81
13182990,30,38,3,78
13183500,94,41,1,77
13184010,17,68,3,74
13184520,93,66,-11,85
13185030,5,26,3,82
13185540,33,39,2,80
13186050,85,42,1,79
13186560,90,69,-2,81
13187070,2,29,-2,83
13187580,30,42,3,80
13188090,64,81,3,77
13188600,46,17,-8,85
13189110,28,36,3,82
13189620,62,75,8,74
13190130,44,11,3,71
13190640,26,30,-12,83
13191150,78,69,2,81
13191660,83,99,1,80
13192170,97,35,0,80
13192680,20,62,1,79
13193190,84,24,-3,82
13193700,99,51,6,76
13194210,2,78,2,74
13194720,8,15,-1,75
13195230,36,54,1,74
13195740,88,77,-6,80
13196250,93,13,-1,81
13196760,6,23,0,81
13197270,34,62,0,81
13197780,39,65,0,81
13198290,91,88,-1,82
13198800,3,24,2,80
13199310,31,37,6,74
13199820,95,40,-4,78
13200330,18,67,3,75
13200840,82,58,-10,85
13201350,96,59,11,74
13201860,101,86,-5,79
13202370,4,48,5,74
13202880,96,39,-4,78
13203390,19,66,5,73
13203900,83,57,-4,77
13204410,88,84,-12,89
13204920,0,20,7,82
13205430,28,33,-4,86
13205940,92,72,4,82
13206450,97,99,2,80
13206960,18,35,-3,83
13207470,48,74,4,79
13207980,11,10,-4,83
13208490,68,23,5,78
13209000,73,50,-5,83
13209510,78,69,-2,85
13210020,83,99,8,77
13210530,97,35,-5,82
13211040,20,62,8,74
13211550,84,60,-10,84
13212060,89,61,-1,85
13212570,94,80,1,84
13213080,99,42,0,84
13213590,2,69,5,79
13214100,8,60,5,74
13214610,14,51,-13,87
13215120,42,42,5,82
13215630,5,45,5,77
13216140,69,36,-3,80
13216650,74,55,-6,86
13217160,79,58,5,81
13217670,84,59,0,81
13218180,89,19,-2,83
13218690,2,46,3,80
13219200,30,37,0,80
13219710,94,76,0,80
13220220,99,77,9,71
13220730,2,78,-14,85
13221240,27,15,5,80
13221750,91,22,-6,86
13222260,4,49,10,76
13222770,10,40,-3,79
13223280,38,31,2,77
13223790,43,70,2,75
13224300,16,91,2,73
13224810,27,28,-14,87
13225320,57,67,12,75
13225830,20,3,3,72
13226340,77,16,-9,81
13226850,92,43,2,79
13227360,97,93,-7,86
13227870,0,29,11,75
13228380,28,42,-3,78
13228890,62,45,-3,81
13229400,67,48,-6,87
13229910,72,67,7,80
13230420,77,3,0,80
13230930,53,22,0,80
13231440,9,41,-3,83
13231950,37,54,3,80
13232460,0,77,2,78
13232970,6,14,-5,83
13233480,36,27,-1,84
13233990,96,66,1,83
13234500,101,67,7,76
13235010,4,94,-3,79
13235520,10,31,-4,83
13236030,38,44,6,77
13236540,1,47,2,75
13237050,26,38,-7,82
13237560,78,77,6,76
13238070,83,13,-2,78
13238580,98,40,0,78
13239090,21,67,8,70
13239600,24,65,-4,74
13240110,88,56,-9,83
13240620,93,83,3,80
13241130,98,19,-6,86
13241640,11,46,0,86
13242150,39,59,9,77
13242660,2,80,1,76
13243170,8,17,-8,84
13243680,36,30,4,80
13244190,96,69,4,76
13244700,101,96,-2,78
13245210,4,32,-6,84
13245720,32,45,-3,87
13246230,66,84,13,74
13246740,71,20,1,73
13247250,78,47,-9,82
13247760,83,74,-1,83
13248270,97,10,0,83
13248780,10,37,4,79
13249290,38,50,5,74
13249800,1,73,0,74
13250310,26,10,-2,76
13250820,90,23,-2,78
13251330,3,50,1,77
13251840,28,41,0,77
13252350,80,80,-5,82
13252860,1,16,5,77
13253370,29,29,1,76
13253880,93,68,-9,85
13254390,98,69,8,77
13254900,1,96,-1,78
13255410,7,33,-2,80
13255920,35,24,3,77
13256430,40,63,0,77
13256940,45,84,0,77
13257450,50,75,4,73
13257960,32,11,-4,77
13258470,39,13,1,76
13258980,21,32,-2,78
13259490,51,71,6,72
13260000,33,92,0,72
13260510,78,29,-13,85
13261020,1,56,12,73
13261530,26,47,-6,79
13262040,99,50,4,75
13262550,2,77,-2,77
13263060,27,14,-4,81
13263570,91,21,-2,83
13264080,4,48,-1,84
13264590,29,39,4,80
13265100,93,78,6,74
13265610,98,3,-13,87
13266120,80,33,3,84
13266630,3,60,8,76
13267140,28,51,-5,81
13267650,62,54,-2,83
13268160,67,19,-1,84
13268670,82,46,5,79
13269180,87,73,-2,81
13269690,92,9,-2,83
13270200,5,28,2,81
13270710,33,41,1,80
13271220,98,44,0,80
13271730,21,71,4,76
13272240,85,62,-6,82
13272750,99,89,1,81
13273260,11,25,0,81
13273770,41,64,12,69
13274280,23,85,-7,76
13274790,83,76,-5,81
13275300,88,12,0,81
13275810,1,39,-3,84
13276320,26,30,2,82
13276830,90,69,-8,90
13277340,2,99,5,85
13277850,8,36,7,78
13278360,36,27,-3,81
13278870,41,66,11,70
13279380,18,87,-8,78
13279890,29,78,4,74
13280400,74,69,-7,81
13280910,79,5,1,80
13281420,61,32,-3,83
13281930,66,51,4,79
13282440,71,70,-3,82
13282950,94,100,11,71
13283460,15,36,-8,79
13283970,43,45,5,74
13284480,6,68,-6,80
13284990,31,59,6,74
13285500,95,13,-5,79
13286010,8,40,-3,82
13286520,36,31,0,82
13287030,41,70,5,77
13287540,46,61,3,74
13288050,28,82,3,71
13288560,73,73,-8,79
13289070,87,100,-6,85
13289580,101,36,6,79
13290090,53,63,7,72
13290600,35,90,1,71
13291110,80,81,-16,87
13291620,1,17,9,78
13292130,29,30,-6,84
13292640,63,69,7,77
13293150,86,5,-10,87
13293660,68,24,9,78
13294170,93,51,-3,81
13294680,98,78,7,74
13295190,1,3,-4,78
13295700,12,16,-3,81
13296210,42,55,9,72
13296720,24,78,3,69
13297230,69,69,-15,84
13297740,74,99,3,81
13298250,88,24,1,80
13298760,1,51,1,79
13299270,26,42,-1,80
13299780,90,45,2,78
13300290,95,72,-4,82
13300800,7,99,0,82
13301310,13,90,1,81
13301820,19,81,6,75
13302330,59,72,-4,79
13302840,41,8,2,77
13303350,23,54,5,72
13303860,96,45,-8,80
13304370,19,72,4,76
13304880,22,63,-4,80
13305390,25,54,8,72
13305900,98,45,-5,77
13306410,21,72,-1,78
13306920,24,63,2,76
13307430,27,54,3,73
13307940,100,45,-8,81
13308450,23,72,8,73
13308960,96,63,-10,83
13309470,101,90,4,79
13309980,8,15,-5,84
13310490,36,54,4,80
13311000,18,77,1,79
13311510,20,68,5,74
13312020,23,59,1,73
13312530,96,50,-6,79
13313040,19,77,7,72
13313550,21,68,-3,75
13314060,24,59,-3,78
13314570,27,50,8,70
13315080,2,49,-12,82
13315590,27,40,4,78
13316100,84,47,0,78
13316610,89,74,-2,80
13317120,94,101,1,79
13317630,15,37,-6,85
13318140,43,44,12,73
13318650,6,67,4,69
13319160,31,58,-8,77
13319670,2,12,0,77
13320180,30,25,-2,79
13320690,94,32,0,79
13321200,17,59,1,78
13321710,45,50,3,75
13322220,8,73,-5,80
13322730,33,64,4,76
13323240,4,85,-4,80
13323750,29,76,4,76
13324260,32,67,2,74
13324770,3,58,-5,79
13325280,28,49,2,77
13325790,101,48,7,70
13326300,24,75,-8,78
13326810,27,66,0,78
13327320,100,57,-2,80
13327830,3,84,5,75
13328340,28,75,1,74
13328850,73,66,-4,78
13329360,82,96,-5,83
13329870,96,32,3,80
13330380,19,59,6,74
13330890,22,50,-4,78
13331400,95,49,-4,82
13331910,18,76,6,76
13332420,20,67,-1,77
13332930,23,58,1,76
13333440,96,49,-3,79
13333950,19,76,3,76
13334460,22,67,-3,79
13334970,25,58,2,77
13335480,98,49,-2,79
13335990,21,76,5,74
13336500,24,67,4,70
13337010,27,58,-9,79
13337520,61,49,-5,84
13338030,70,52,6,78
13338540,75,71,-2,80
13339050,98,101,-3,83
13339560,19,37,0,83
13340070,53,76,14,69
13340580,35,97,-6,75
13341090,40,88,-5,80
13341600,22,79,3,77
13342110,20,70,-1,78
13342620,23,61,2,76
13343130,96,78,-9,85
13343640,8,3,5,80
13344150,11,10,-8,88
13344660,39,23,13,75
13345170,44,30,0,75
13345680,49,37,-7,82
13346190,54,60,0,82
13346700,68,22,2,80
13347210,93,49,-3,83
13347720,5,76,5,78
13348230,30,67,2,76
13348740,35,58,2,74
13349250,17,57,-7,81
13349760,20,48,-4,85
13350270,48,39,4,81
13350780,53,62,4,77
13351290,35,92,5,72
13351800,17,83,-7,79
13352310,28,74,4,75
13352820,101,65,0,75
13353330,4,92,-3,78
13353840,29,83,2,76
13354350,74,74,-9,85
13354860,56,2,2,83
13355370,38,21,-1,84
13355880,43,28,4,80
13356390,25,35,0,80
13356900,77,42,2,78
13357410,32,69,8,70
13357920,3,60,-4,74
13358430,28,51,1,73
13358940,101,50,-2,75
13359450,24,77,1,74
13359960,97,68,-4,78
13360470,4,95,-3,81
13360980,29,86,5,76
13361490,74,77,-3,79
13362000,56,13,-7,86
13362510,38,23,10,76
13363020,20,30,-3,79
13363530,54,37,1,78
13364040,59,83,-7,85
13364550,41,11,5,80
13365060,23,57,1,79
13365570,96,48,1,78
13366080,101,75,2,76
13366590,13,0,1,75
13367100,70,7,-5,80
13367610,52,26,-5,85
13368120,57,33,7,78
13368630,39,52,1,77
13369140,21,75,-1,78
13369650,24,66,6,72
13370160,97,57,-4,76
13370670,0,84,2,74
13371180,25,75,4,70
13371690,98,66,-9,79
13372200,5,93,1,78
13372710,30,84,5,73
13373220,33,75,4,69
13373730,15,66,-3,72
13374240,17,57,-5,77
13374750,45,48,-1,78
13375260,27,71,6,72
13375770,100,62,-5,77
13376280,3,89,-3,80
13376790,28,80,6,74
13377300,73,71,-8,82
13377810,55,101,-1,83
13378320,79,92,-1,84
13378830,61,28,6,78
13379340,43,51,5,73
13379850,25,18,-9,82
13380360,55,25,4,78
13380870,37,48,5,73
13381380,19,71,-4,77
13381890,22,62,3,74
13382400,95,53,-4,78
13382910,100,80,-6,84
13383420,7,26,3,81
13383930,35,39,0,81
13384440,69,62,-3,84
13384950,78,24,6,78
13385460,1,51,3,75
13385970,26,42,1,74
13386480,60,41,-6,80
13386990,69,60,-1,81
13387500,78,83,2,79
13388010,60,19,-1,80
13388520,42,46,4,76
13389030,24,69,1,75
13389540,97,60,-2,77
13390050,0,87,-5,82
13390560,25,78,9,73
13391070,98,69,-5,78
13391580,5,96,-4,82
13392090,30,87,7,75
13392600,75,78,-4,79
13393110,57,14,-5,84
13393620,39,24,9,75
13394130,44,31,-6,81
13394640,49,44,-2,83
13395150,31,67,6,77
13395660,2,58,-2,79
13396170,27,49,3,76
13396680,61,48,-5,81
13397190,70,71,0,81
13397700,52,101,4,77
13398210,34,92,1,76
13398720,79,83,-5,81
13399230,0,19,2,79
13399740,28,32,3,76
13400250,62,55,-3,79
13400760,44,78,0,79
13401270,26,69,6,73
13401780,83,60,-8,81
13402290,92,87,-1,82
13402800,13,23,1,81
13403310,43,62,13,68
13403820,25,83,-4,72
13404330,28,74,-8,80
13404840,85,65,-4,84
13405350,94,95,2,82
13405860,76,20,4,78
13406370,91,47,-3,81
13406880,14,74,4,77
13407390,25,65,5,72
13407900,98,56,-4,76
13408410,1,83,0,76
13408920,26,74,3,73
13409430,99,65,3,70
13409940,6,92,-5,75
13410450,31,83,0,75
13410960,2,74,-2,77
13411470,8,65,2,75
13411980,33,56,-1,76
13412490,4,55,-3,79
13413000,29,46,0,79
13413510,11,45,-1,80
13414020,39,36,5,75
13414530,21,59,-5,80
13415040,24,50,-2,82
13415550,97,41,5,77
13416060,20,68,5,72
13416570,22,59,-10,82
13417080,25,50,6,76
13417590,98,41,-3,79
13418100,21,68,4,75
13418610,45,59,1,74
13419120,53,82,-9,83
13419630,35,73,9,74
13420140,80,64,-9,83
13420650,89,65,2,81
13421160,98,92,0,81
13421670,80,28,-3,84
13422180,3,55,8,76
13422690,28,46,-1,77
13423200,62,45,-5,82
13423710,71,64,-3,85
13424220,80,87,2,83
13424730,62,23,6,77
13425240,44,72,4,73
13425750,26,63,-4,77
13426260,1,54,0,77
13426770,26,45,-1,78
13427280,1,44,-5,83
13427790,26,35,-1,84
13428300,78,42,3,81
13428810,83,69,-2,83
13429320,92,96,4,79
13429830,13,32,0,79
13430340,41,39,2,77
13430850,23,62,5,72
13431360,96,53,-8,80
13431870,8,80,1,79
13432380,33,71,4,75
13432890,78,62,-2,77
13433400,87,63,-3,80
13433910,96,90,-5,85
13434420,17,26,5,80
13434930,47,33,3,77
13435440,52,56,-1,78
13435950,34,18,0,78
13436460,16,25,-8,86
13436970,44,32,11,75
13437480,49,78,-3,78
13437990,31,14,1,77
13438500,38,27,-7,84
13439010,43,34,1,83
13439520,25,41,-2,85
13440030,77,40,4,81
13440540,0,67,10,71
13441050,25,58,-12,83
13441560,98,49,6,77
13442070,21,76,5,72
13442580,23,67,0,72
13443090,26,58,-8,80
13443600,1,49,0,80
13444110,26,40,4,76
13444620,78,39,-2,78
13445130,1,66,6,72
13445640,26,57,-6,78
13446150,99,48,2,76
13446660,22,75,6,70
13447170,25,66,-5,75
13447680,98,57,0,75
13448190,1,84,-3,78
13448700,26,75,5,73
13449210,71,66,-10,83
13449720,80,28,-1,84
13450230,3,55,10,74
13450740,28,46,-5,79
13451250,62,39,-4,83
13451760,71,58,3,80
13452270,80,20,0,80
13452780,95,47,3,77
13453290,18,74,3,74
13453800,16,65,-8,82
13454310,23,56,0,82
13454820,57,47,8,74
13455330,66,9,-9,83
13455840,42,36,0,83
13456350,47,43,7,76
13456860,10,66,0,76
13457370,12,57,2,74
13457880,37,48,-7,81
13458390,19,10,-4,85
13458900,76,17,6,79
13459410,91,44,-2,81
13459920,14,71,1,80
13460430,25,62,6,74
13460940,98,53,0,74
13461450,1,80,-5,79
13461960,26,71,5,74
13462470,29,62,-1,75
13462980,4,53,-6,81
13463490,29,44,-2,83
13464000,81,43,6,77
13464510,4,70,1,76
13465020,29,61,-2,78
13465530,4,52,-1,79
13466040,29,43,3,76
13466550,81,42,-5,81
13467060,4,69,8,73
13467570,29,60,-3,76
13468080,0,51,-1,77
13468590,25,42,1,76
13469100,77,49,0,76
13469610,86,76,-4,80
13470120,100,1,0,80
13470630,82,20,-4,84
13471140,97,47,7,77
13471650,20,74,2,75
13472160,18,65,-10,85
13472670,46,56,7,78
13473180,28,79,5,73
13473690,85,70,-9,82
13474200,94,32,-1,83
13474710,17,59,6,77
13475220,20,50,-9,86
13475730,48,73,15,71
13476240,30,100,-4,75
13476750,75,91,-5,80
13477260,83,27,-1,81
13477770,6,54,2,79
13478280,31,45,-6,85
13478790,65,48,3,82
13479300,74,67,6,76
13479810,83,29,-12,88
13480320,6,56,9,79
13480830,31,47,4,75
13481340,83,70,-7,82
13481850,92,32,0,82
13482360,15,59,6,76
13482870,18,50,-1,77
13483380,95,41,-6,83
13483890,18,68,8,75
13484400,16,59,-1,76
13484910,73,50,-11,87
13485420,82,69,7,80
13485930,91,31,-4,84
13486440,14,58,9,75
13486950,17,49,-2,77
13487460,20,40,-2,79
13487970,72,86,2,77
13488480,54,22,-4,81
13488990,36,41,2,79
13489500,101,64,4,75
13490010,53,91,-7,82
13490520,35,82,6,76
13491030,80,73,-11,87
13491540,89,35,9,78
13492050,12,62,2,76
13492560,23,53,-2,78
13493070,96,99,-4,82
13493580,55,35,-1,83
13494090,64,54,5,78
13494600,69,16,-4,82
13495110,84,43,2,80
13495620,7,70,5,75
13496130,32,61,-7,82
13496640,66,23,-1,83
13497150,91,50,0,83
13497660,14,77,7,76
13498170,16,68,-3,79
13498680,19,59,5,74
13499190,98,50,-3,77
13499700,21,77,3,74
13500210,24,68,2,72
13500720,27,66,-3,75
13501230,30,57,-1,76
13501740,64,11,-7,83
13502250,79,38,6,77
13502760,2,65,-3,80
13503270,27,56,-1,81
13503780,61,18,8,73
13504290,68,45,-7,80
13504800,77,64,-4,84
13505310,96,26,-1,85
13505820,9,53,7,78
13506330,37,44,7,71
13506840,0,67,-6,77
13507350,25,58,2,75
13507860,28,49,-1,76
13508370,80,95,-4,80
13508880,62,31,-4,84
13509390,87,50,1,83
13509900,10,77,10,73
13510410,21,68,-6,79
13510920,24,59,1,78
13511430,27,50,2,76
13511940,61,96,-9,85
13512450,43,32,8,77
13512960,48,43,-8,85
13513470,6,54,6,79
13513980,31,45,3,76
13514490,83,68,-9,85
13515000,0,30,2,83
13515510,28,21,4,79
13516020,58,32,4,75
13516530,83,51,-10,85
13517040,6,78,7,78
13517550,31,69,6,72
13518060,36,60,-2,74
13518570,93,22,-8,82
13519080,53,49,2,80
13519590,16,11,0,80
13520100,46,22,-1,81
13520610,71,29,1,80
13521120,65,56,-3,83
13521630,23,18,-1,84
13522140,53,29,8,76
13522650,9,48,-3,79
13523160,37,39,-2,81
13523670,16,62,3,78
13524180,19,53,-4,82
13524690,22,15,-2,84
13525200,52,26,7,77
13525710,8,33,-6,83
13526220,36,24,3,80
13526730,96,35,2,78
13527240,19,62,-1,79
13527750,22,53,9,70
13528260,99,44,-3,73
13528770,22,71,0,73
13529280,25,62,0,73
13529790,89,53,-7,80
13530300,12,80,4,76
13530810,23,90,1,75
13531320,83,81,-10,85
13531830,0,6,7,78
13532340,11,19,-2,80
13532850,39,65,3,77
13533360,73,66,-11,88
13533870,5,28,1,87
13534380,33,25,9,78
13534890,93,36,-1,79
13535400,16,63,4,75
13535910,19,54,-5,80
13536420,47,45,-1,81
13536930,81,56,1,80
13537440,100,83,2,78
13537950,17,8,-3,81
13538460,74,19,0,81
13538970,89,46,0,81
13539480,12,73,4,77
13539990,31,64,4,73
13540500,34,55,1,72
13541010,68,78,-8,80
13541520,50,14,5,75
13542030,32,60,-1,76
13542540,66,14,-3,79
13543050,81,41,2,77
13543560,4,68,4,73
13544070,23,59,1,72
13544580,26,50,-2,74
13545090,60,59,-4,78
13545600,94,21,-3,81
13546110,89,48,2,79
13546620,12,75,3,76
13547130,37,66,0,76
13547640,71,57,-2,78
13548150,80,19,0,78
13548660,95,46,5,73
13549170,18,73,-6,79
13549680,21,64,1,78
13550190,24,55,7,71
13550700,52,46,-11,82
13551210,86,8,-1,83
13551720,101,35,0,83
13552230,24,62,5,78
13552740,58,53,1,77
13553250,92,15,-12,89
13553760,5,42,7,82
13554270,33,33,-3,85
13554780,90,36,5,80
13555290,13,63,2,78
13555800,41,54,2,76
13556310,23,21,-3,79
13556820,57,28,0,79
13557330,82,35,1,78
13557840,5,62,-1,79
13558350,30,53,3,76
13558860,64,7,-4,80
13559370,46,34,-4,84
13559880,55,45,-3,87
13560390,64,56,11,76
13560900,73,18,0,76
13561410,88,45,-5,81
13561920,11,72,9,72
13562430,22,63,-2,74
13562940,50,54,0,74
13563450,32,16,-5,79
13563960,68,23,-5,84
13564470,93,78,2,82
13564980,10,40,-1,83
13565490,38,31,6,77
13566000,74,42,-7,84
13566510,52,61,-3,87
13567020,15,84,11,76
13567530,26,75,4,72
13568040,29,66,-6,78
13568550,32,57,5,73
13569060,96,48,-2,75
13569570,19,75,-2,77
13570080,22,66,0,77
13570590,25,57,1,76
13571100,0,48,4,72
13571610,25,39,-7,79
13572120,59,46,-4,83
13572630,68,8,4,79
13573140,42,35,-2,81
13573650,0,46,5,76
13574160,25,37,-6,82
13574670,59,44,-1,83
13575180,64,55,-2,85
13575690,73,66,4,81
13576200,5,28,2,79
13576710,33,19,-2,81
13577220,69,26,4,77
13577730,94,53,-4,81
13578240,17,20,-2,83
13578750,47,27,10,73
13579260,3,34,-8,81
13579770,31,25,-6,87
13580280,65,36,8,79
13580790,90,49,3,76
13581300,13,76,1,75
13581810,16,67,2,73
13582320,19,58,-3,76
13582830,75,49,-8,84
13583340,100,68,11,73
13583850,58,95,-4,77
13584360,40,86,5,72
13584870,85,77,-14,86
13585380,2,39,2,84
13585890,30,30,-1,85
13586400,64,41,2,83
13586910,69,60,4,79
13587420,78,6,-5,84
13587930,60,33,3,81
13588440,85,52,0,81
13588950,8,79,6,75
13589460,19,70,-3,78
13589970,22,61,10,68
13590480,25,52,-9,77
13590990,28,43,-3,80
13591500,62,50,-4,84
13592010,20,12,2,82
13592520,50,23,3,79
13593030,6,42,1,78
13593540,34,33,0,78
13594050,99,44,-2,80
13594560,22,71,3,77
13595070,25,62,-1,78
13595580,28,53,2,76
13596090,62,44,-3,79
13596600,71,63,1,78
13597110,80,25,-4,82
13597620,3,52,3,79
13598130,28,43,3,76
13598640,92,10,-2,78
13599150,5,37,-6,84
13599660,33,28,4,80
13600170,67,35,4,76
13600680,92,81,-9,85
13601190,24,43,8,77
13601700,58,89,-5,82
13602210,40,80,5,77
13602720,85,71,-7,84
13603230,94,33,-2,86
13603740,17,60,13,73
13604250,20,51,-9,82
13604760,48,42,-6,88
13605270,82,53,9,79
13605780,87,83,-6,85
13606290,15,11,5,80
13606800,45,18,1,79
13607310,27,64,0,79
13607820,30,55,0,79
13608330,33,9,4,75
13608840,15,55,-2,77
13609350,43,46,-4,81
13609860,6,8,-4,85
13610370,9,21,4,81
13610880,37,28,-2,83
13611390,97,35,5,78
13611900,20,62,0,78
13612410,23,53,-4,82
13612920,51,44,0,82
13613430,7,6,0,82
13613940,10,17,-1,83
13614450,38,19,11,72
13614960,96,26,-10,82
13615470,19,53,5,77
13615980,22,44,-3,80
13616490,25,35,-3,83
13617000,59,42,4,79
13617510,64,88,3,76
13618020,83,7,-8,84
13618530,100,26,2,82
13619040,23,53,7,75
13619550,26,44,-2,77
13620060,60,90,-2,79
13620570,42,81,4,75
13621080,87,72,-4,79
13621590,96,18,-2,81
13622100,9,45,6,75
13622610,37,36,-7,82
13623120,71,47,-6,88
13623630,80,66,8,80
13624140,89,12,-3,83
13624650,2,39,3,80
13625160,30,30,-1,81
13625670,64,87,3,78
13626180,46,6,-6,84
13626690,28,25,2,82
13627200,62,32,4,78
13627710,87,78,-7,85
13628220,19,6,7,78
13628730,76,13,-5,83
13629240,91,40,2,81
13629750,14,67,9,72
13630260,17,58,-3,75
13630770,20,49,-4,79
13631280,97,40,-3,82
13631790,20,67,6,76
13632300,23,58,1,75
13632810,26,49,3,72
13633320,90,40,-11,83
13633830,13,67,13,70
13634340,16,23,-15,85
13634850,46,30,4,81
13635360,51,37,6,75
13635870,56,48,0,75
13636380,61,10,-4,79
13636890,35,37,0,79
13637400,69,4,-1,80
13637910,51,23,-1,81
13638420,7,30,4,77
13638930,35,21,-1,78
13639440,17,28,0,78
13639950,45,35,-2,80
13640460,50,81,1,79
13640970,32,72,4,75
13641480,35,63,0,75
13641990,69,54,-5,80
13642500,78,16,-1,81
13643010,93,43,4,77
13643520,16,70,-3,80
13644030,19,61,2,78
13644540,22,52,2,76
13645050,25,43,-1,77
13645560,89,50,0,77
13646070,12,58,-2,79
13646580,40,49,-5,84
13647090,74,16,-2,86
13647600,89,43,7,79
13648110,12,70,6,73
13648620,15,61,-4,77
13649130,18,52,-4,81
13649640,46,43,-2,83
13650150,80,54,-1,84
13650660,89,73,6,78
13651170,67,100,-4,82
13651680,49,19,4,78
13652190,31,26,1,77
13652700,91,72,-2,79
13653210,100,18,-1,80
13653720,13,45,-3,83
13654230,41,36,3,80
13654740,46,47,0,80
13655250,28,58,1,79
13655760,92,49,-5,84
13656270,15,76,12,72
13656780,18,67,-2,74
13657290,21,58,1,73
13657800,24,49,-1,74
13658310,57,58,-4,78
13658820,39,20,-3,81
13659330,97,27,4,77
13659840,20,54,0,77
13660350,23,45,-2,79
13660860,57,101,4,75
13661370,39,58,-1,76
13661880,21,12,-8,84
13662390,78,23,-1,85
13662900,1,50,15,70
13663410,26,41,-5,75
13663920,78,57,-4,79
13664430,53,3,2,77
13664940,35,22,-1,78
13665450,40,33,0,78
13665960,45,44,-7,85
13666470,79,55,2,83
13666980,88,85,-4,87
13667490,16,13,9,78
13668000,46,24,-2,80
13668510,28,31,-4,84
13669020,62,42,12,72
13669530,67,61,-10,82
13670040,76,72,3,79
13670550,99,99,-6,85
13671060,20,35,-2,87
13671570,48,42,6,81
13672080,30,53,5,76
13672590,23,7,-11,87
13673100,26,18,12,75
13673610,86,29,-11,86
13674120,9,56,8,78
13674630,34,47,-2,80
13675140,86,58,-4,84
13675650,9,85,1,83
13676160,20,76,13,70
13676670,23,67,-5,75
13677180,26,58,-3,78
13677690,90,49,-6,84
13678200,13,76,6,78
13678710,24,67,2,76
13679220,88,58,-7,83
13679730,11,85,-1,84
13680240,22,76,15,69
13680750,25,67,-4,73
13681260,28,58,0,73
13681770,3,49,-4,77
13682280,31,40,0,77
13682790,65,51,-2,79
13683300,74,70,3,76
13683810,97,100,-2,78
13684320,18,28,-7,85
13684830,46,35,2,83
13685340,51,46,6,77
13685850,56,57,0,77
13686360,38,19,3,74
13686870,63,26,-10,84
13687380,88,45,2,82
13687890,11,72,7,75
13688400,22,63,2,73
13688910,25,54,-7,80
13689420,59,8,4,76
13689930,35,35,-9,85
13690440,69,46,-4,89
13690950,94,65,16,73
13691460,17,92,-4,77
13691970,28,83,2,75
13692480,73,74,-9,84
13692990,96,101,-4,88
13693500,17,37,4,84
13694010,45,44,11,73
13694520,27,55,-4,77
13695030,55,9,-1,78
13695540,37,36,-6,84
13696050,30,47,2,82
13696560,64,1,3,79
13697070,46,20,0,79
13697580,28,27,-8,87
13698090,62,34,10,77
13698600,87,53,-5,82
13699110,10,80,4,78
13699620,21,71,8,70
13700130,24,62,-10,80
13700640,52,53,-4,84
13701150,86,76,1,83
13701660,100,1,6,77
13702170,82,31,-2,79
13702680,5,58,4,75
13703190,30,49,-9,84
13703700,64,56,4,80
13704210,73,18,-2,82
13704720,98,45,1,81
13705230,21,72,9,72
13705740,24,63,-2,74
13706250,27,54,-2,76
13706760,2,16,-14,90
13707270,30,13,13,77
13707780,12,20,-8,85
13708290,40,27,2,83
13708800,45,34,7,76
13709310,50,45,2,74
13709820,8,7,-12,86
13710330,36,18,10,76
13710840,18,25,-3,79
13711350,52,32,-8,87
13711860,77,51,7,80
13712370,0,81,2,78
13712880,25,72,9,69
13713390,28,32,-17,86
13713900,62,39,9,77
13714410,87,58,-7,84
13714920,10,85,5,79
13715430,21,76,7,72
13715940,24,67,0,72
13716450,27,58,-9,81
13716960,61,12,-3,84
13717470,76,39,5,79
13717980,101,66,9,70
13718490,24,93,-13,83
13719000,27,44,2,81
13719510,61,51,5,76
13720020,66,13,-4,80
13720530,81,40,0,80
13721040,4,67,-1,81
13721550,29,58,4,77
13722060,22,12,-5,82
13722570,58,19,3,79
13723080,83,46,-3,82
13723590,6,73,9,73
13724100,31,64,1,72
13724610,24,55,-7,79
13725120,101,9,-2,81
13725630,83,19,-4,85
13726140,6,46,7,78
13726650,34,37,-4,82
13727160,27,46,-8,90
13727670,55,92,13,77
13728180,37,83,-7,84
13728690,65,74,3,81
13729200,47,2,2,79
13729710,29,21,-7,86
13730220,89,28,4,82
13730730,12,55,10,72
13731240,40,46,-4,76
13731750,22,57,2,74
13732260,25,19,-9,83
13732770,55,26,1,82
13733280,80,45,1,81
13733790,3,72,6,75
13734300,28,63,-1,76
13734810,21,54,-5,81
13735320,49,45,-7,88
13735830,83,56,6,82
13736340,6,83,5,77
13736850,31,74,-1,78
13737360,34,28,-6,84
13737870,94,39,2,82
13738380,17,66,8,74
13738890,20,57,-2,76
13739400,48,48,-5,81
13739910,30,10,2,79
13740420,66,17,1,78
13740930,91,44,-1,79
13741440,14,71,4,75
13741950,17,62,0,75
13742460,20,53,-1,76
13742970,97,44,-8,84
13743480,20,71,9,75
13743990,23,31,-9,84
13744500,75,38,4,80
13745010,100,65,7,73
13745520,23,68,-9,82
13746030,26,59,6,76
13746540,29,13,-4,80
13747050,65,66,3,77
13747560,88,12,-5,82
13748070,1,39,-3,85
13748580,88,30,1,84
13749090,11,57,2,82
13749600,39,48,9,73
13750110,32,71,-3,76
13750620,25,62,-3,79
13751130,28,24,-9,88
13751640,62,31,7,81
13752150,87,50,2,79
13752660,10,3,0,79
13753170,67,10,5,74
13753680,43,37,-11,85
13754190,77,48,7,78
13754700,0,75,4,74
13755210,25,29,-11,85
13755720,59,36,1,84
13756230,84,55,3,81
13756740,7,82,6,75
13757250,13,73,4,71
13757760,24,64,-6,77
13758270,27,55,0,77
13758780,30,9,-2,79
13759290,37,55,-3,82
13759800,30,78,9,73
13760310,33,38,-11,84
13760820,26,45,8,76
13761330,19,54,-4,80
13761840,96,45,5,75
13762350,19,72,3,72
13762860,22,70,-2,74
13763370,25,68,2,72
13763880,28,59,-4,76
13764390,21,50,2,74
13764900,49,51,-2,76
13765410,31,13,2,74
13765920,13,20,-9,83
13766430,41,27,2,81
13766940,46,34,5,76
13767450,51,53,-4,80
13767960,33,83,10,70
13768470,26,38,-15,85
13768980,78,48,6,79
13769490,1,75,5,74
13770000,26,66,-7,81
13770510,29,57,8,73
13771020,22,78,-2,75
13771530,25,76,1,74
13772040,28,74,7,67
13772550,21,34,-20,87
13773060,55,41,12,75
13773570,60,60,-5,80
13774080,42,90,7,73
13774590,35,9,-8,81
13775100,17,55,5,76
13775610,45,53,-4,80
13776120,27,101,7,73
13776630,72,52,-10,83
13777140,97,82,4,79
13777650,9,28,-9,88
13778160,37,25,9,79
13778670,42,32,-2,81
13779180,35,39,5,76
13779690,28,62,7,69
13780200,21,63,-9,78
13780710,24,23,-9,87
13781220,17,30,3,84
13781730,45,37,12,72
13782240,50,83,-8,80
13782750,32,11,-1,81
13783260,68,18,2,79
13783770,93,28,0,79
13784280,16,55,2,77
13784790,44,46,-2,79
13785300,37,8,1,78
13785810,19,27,-11,89
13786320,71,34,9,80
13786830,96,53,1,79
13787340,19,80,7,72
13787850,21,31,-14,86
13788360,55,38,0,86
13788870,60,57,12,74
13789380,83,3,-10,84
13789890,65,33,4,80
13790400,90,52,1,79
13790910,13,79,1,78
13791420,38,70,6,72
13791930,31,91,0,72
13792440,76,42,-12,84
13792950,101,61,7,77
13793460,24,88,2,75
13793970,27,39,-5,80
13794480,61,85,-2,82
13794990,43,21,2,80
13795500,25,28,-2,82
13796010,77,35,-2,84
13796520,0,62,7,77
13797030,25,53,0,77
13797540,18,7,-3,80
13798050,75,14,-2,82
13798560,90,41,1,81
13799070,13,68,1,80
13799580,38,59,5,75
13800090,31,80,-3,78
13800600,24,40,-2,80
13801110,88,47,4,76
13801620,11,74,0,76
13802130,36,6,0,76
13802640,18,25,-7,83
13803150,46,32,-2,85
13803660,51,39,9,76
13804170,33,58,3,73
13804680,26,59,0,73
13805190,19,60,-2,75
13805700,22,20,-6,81
13806210,52,27,0,81
13806720,34,34,2,79
13807230,27,45,2,77
13807740,20,101,-3,80
13808250,22,52,-5,85
13808760,50,80,4,81
13809270,32,101,11,70
13809780,35,52,-2,72
13810290,28,61,-1,73
13810800,21,62,-3,76
13811310,24,22,2,74
13811820,17,85,-4,78
13812330,20,36,-4,82
13812840,50,82,0,82
13813350,32,1,9,73
13813860,14,20,-10,83
13814370,44,27,3,80
13814880,0,46,4,76
13815390,25,55,2,74
13815900,28,9,-1,75
13816410,35,16,-1,76
13816920,17,23,-4,80
13817430,45,30,-3,83
13817940,50,49,5,78
13818450,32,79,1,77
13818960,35,39,-4,81
13819470,28,50,2,79
13819980,56,4,1,78
13820490,38,23,0,78
13821000,63,30,-1,79
13821510,16,49,-1,80
13822020,44,58,2,78
13822530,26,67,2,76
13823040,29,27,-10,86
13823550,22,34,1,85
13824060,52,41,6,79
13824570,34,52,-1,80
13825080,27,6,1,79
13825590,84,13,2,77
13826100,99,40,-3,80
13826610,22,67,2,78
13827120,25,65,7,71
13827630,28,25,-18,89
13828140,58,32,12,77
13828650,0,51,-1,78
13829160,25,60,10,68
13829670,28,61,-9,77
13830180,31,62,2,75
13830690,34,83,-1,76
13831200,27,2,-3,79
13831710,84,27,-1,80
13832220,7,54,2,78
13832730,32,63,3,75
13833240,25,64,-2,77
13833750,28,65,1,76
13834260,21,66,2,74
13834770,24,64,0,74
13835280,17,24,-11,85
13835790,45,31,5,80
13836300,27,38,1,79
13836810,9,45,2,77
13837320,37,36,-3,80
13837830,19,47,5,75
13838340,47,1,1,74
13838850,29,20,-13,87
13839360,59,27,4,83
13839870,84,46,2,81
13840380,7,73,5,76
13840890,32,27,-7,83
13841400,92,34,6,77
13841910,15,61,-1,78
13842420,18,21,-9,87
13842930,48,28,4,83
13843440,73,35,4,79
13843950,98,45,2,77
13844460,21,72,5,72
13844970,24,70,0,72
13845480,27,68,2,70
13845990,30,28,-13,83
13846500,64,39,3,80
13847010,89,58,-4,84
13847520,12,85,7,77
13848030,37,13,3,74
13848540,19,59,-3,77
13849050,22,57,3,74
13849560,25,17,-5,79
13850070,55,24,2,77
13850580,80,43,-2,79
13851090,3,70,-1,80
13851600,28,24,-8,88
13852110,88,31,4,84
13852620,11,58,6,78
13853130,36,49,-2,80
13853640,29,3,4,76
13854150,93,28,-4,80
13854660,16,55,7,73
13855170,19,53,-7,80
13855680,47,15,1,79
13856190,29,34,0,79
13856700,11,41,-3,82
13857210,39,50,6,76
13857720,21,61,-7,83
13858230,49,62,2,81
13858740,80,92,0,81
13859250,62,28,0,81
13859760,87,38,-4,85
13860270,10,65,11,74
13860780,12,66,1,73
13861290,15,28,-9,82
13861800,43,35,3,79
13862310,25,46,0,79
13862820,77,55,-2,81
13863330,0,56,7,74
13863840,25,40,-7,81
13864350,77,47,-3,84
13864860,0,57,15,69
13865370,25,48,-11,80
13865880,89,94,-5,85
13866390,10,30,3,82
13866900,38,39,8,74
13867410,20,50,-5,79
13867920,84,4,-1,80
13868430,66,14,0,80
13868940,48,41,5,75
13869450,30,52,2,73
13869960,23,6,-10,83
13870470,80,13,2,81
13870980,95,40,3,78
13871490,18,67,4,74
13872000,21,65,2,72
13872510,24,26,-3,75
13873020,76,33,-5,80
13873530,101,60,2,78
13874040,24,87,3,75
13874550,69,38,-5,80
13875060,94,57,1,79
13875570,17,84,4,75
13876080,20,38,-6,81
13876590,48,84,-8,89
13877100,41,85,19,70
13877610,23,4,-10,80
13878120,80,11,2,78
13878630,95,38,-5,83
13879140,18,65,8,75
13879650,21,25,-15,90
13880160,73,32,7,83
13880670,98,42,3,80
13881180,21,69,8,72
13881690,24,67,-2,74
13882200,88,65,-8,82
13882710,0,11,0,82
13883220,28,24,1,81
13883730,92,31,-3,84
13884240,15,58,6,78
13884750,18,56,1,77
13885260,21,54,-4,81
13885770,38,55,6,75
13886280,20,9,-9,84
13886790,77,16,7,77
13887300,92,43,-1,78
13887810,15,70,5,73
13888320,18,68,-3,76
13888830,21,66,1,75
13889340,24,64,0,75
13889850,88,65,-6,81
13890360,0,11,-3,84
13890870,28,8,6,78
13891380,92,15,-4,82
13891890,5,25,0,82
13892400,33,22,3,79
13892910,15,33,-3,82
13893420,43,40,2,80
13893930,25,51,3,77
13894440,89,5,-7,84
13894950,2,15,3,81
13895460,30,12,-1,82
13895970,49,19,8,74
13896480,31,38,-12,86
13896990,61,45,5,81
13897500,17,56,6,75
13898010,20,18,-12,87
13898520,50,25,7,80
13899030,32,32,2,78
13899540,96,43,-4,82
13900050,19,70,12,70
13900560,22,68,-9,79
13901070,25,66,4,75
13901580,28,67,-5,80
13902090,92,68,-5,85
13902600,4,14,-1,86
13903110,32,14,-3,89
13903620,14,21,5,84
13904130,44,28,3,81
13904640,0,35,2,79
13905150,28,44,-1,80
13905660,80,51,3,77
13906170,3,78,-3,80
13906680,9,32,-4,84
13907190,37,29,2,82
13907700,101,36,5,77
13908210,24,63,2,75
13908720,88,64,-4,79
13909230,0,10,-3,82
13909740,28,7,1,81
13910250,10,14,0,81
13910760,38,21,6,75
13911270,20,28,-5,80
13911780,84,35,1,79
13912290,7,62,4,75
13912800,13,46,-2,77
13913310,77,55,-9,86
13913820,0,85,12,74
13914330,6,39,-9,83
13914840,34,48,6,77
13915350,16,57,-1,78
13915860,19,16,-4,82
13916370,49,23,6,76
13916880,31,30,0,76
13917390,95,41,-8,84
13917900,18,68,10,74
13918410,21,42,-5,79
13918920,85,49,-4,83
13919430,8,76,12,71
13919940,53,8,-16,87
13920450,35,18,14,73
13920960,17,25,-8,81
13921470,81,32,-2,83
13921980,4,59,8,75
13922490,10,43,-3,78
13923000,38,34,-5,83
13923510,0,45,8,75
13924020,6,36,-9,84
13924530,34,33,-1,85
13925040,98,44,1,84
13925550,21,71,9,75
13926060,24,69,-1,76
13926570,27,67,2,74
13927080,20,88,4,70
13927590,65,39,-12,82
13928100,21,58,7,75
13928610,85,18,-8,83
13929120,100,45,1,82
13929630,23,72,9,73
13930140,75,70,-9,82
13930650,98,100,0,82
13931160,80,36,5,77
13931670,3,63,2,75
13932180,9,47,-8,83
13932690,37,38,7,76
13933200,19,49,-4,80
13933710,83,58,-1,81
13934220,97,59,7,74
13934730,0,86,-5,79
13935240,6,40,0,79
13935750,34,96,6,73
13936260,79,47,-8,81
13936770,2,74,6,75
13937280,8,28,-9,84
13937790,36,25,3,81
13938300,18,32,-2,83
13938810,70,39,2,81
13939320,95,58,0,81
13939830,7,85,4,77
13940340,13,76,2,75
13940850,19,8,-1,76
13941360,76,15,-13,89
13941870,58,42,2,87
13942380,16,25,6,81
13942890,44,32,3,78
13943400,49,43,0,78
13943910,31,54,3,75
13944420,24,8,-5,80
13944930,88,15,-1,81
13945440,1,42,2,79
13945950,29,33,-4,83
13946460,81,40,6,77
13946970,4,67,2,75
13947480,10,58,-3,78
13947990,16,49,4,74
13948500,19,3,-6,80
13949010,76,10,-3,83
13949520,70,20,-3,86
13950030,85,60,3,83
13950540,99,90,3,80
13951050,6,15,1,79
13951560,36,22,5,74
13952070,96,29,-6,80
13952580,19,56,6,74
13953090,83,54,-9,83
13953600,97,81,3,80
13954110,9,6,-4,84
13954620,12,17,4,80
13955130,42,24,0,80
13955640,47,31,-5,85
13956150,3,38,3,82
13956660,31,29,3,79
13957170,61,36,0,79
13957680,17,43,1,78
13958190,45,89,-2,80
13958700,38,8,3,77
13959210,20,15,-7,84
13959720,84,22,2,82
13960230,99,49,9,73
13960740,22,76,-2,75
13961250,82,74,-8,83
13961760,96,2,2,81
13962270,78,21,-1,82
13962780,1,48,3,79
13963290,26,39,2,77
13963800,78,46,-2,79
13964310,83,73,-1,80
13964820,11,100,0,80
13965330,22,91,6,74
13965840,33,42,-4,78
13966350,26,49,5,73
13966860,54,3,-6,79
13967370,36,22,1,78
13967880,96,29,-5,83
13968390,19,56,1,82
13968900,22,47,4,78
13969410,52,1,-5,83
13969920,34,20,-1,84
13970430,39,27,0,84
13970940,2,34,-2,86
13971450,30,31,1,85
13971960,94,38,6,79
13972470,17,65,9,70
13972980,20,63,-8,78
13973490,79,54,-2,80
13974000,88,55,-6,86
13974510,11,82,14,72
13975020,22,73,-5,77
13975530,25,64,4,73
13976040,101,65,-1,74
13976550,4,92,-8,82
13977060,10,46,3,79
13977570,38,37,-1,80
13978080,1,44,-1,81
13978590,7,35,4,77
13979100,35,26,-4,81
13979610,40,33,3,78
13980120,45,44,-8,86
13980630,38,55,4,82
13981140,31,66,10,72
13981650,24,67,-2,74
13982160,27,65,2,72
13982670,91,66,-9,81
13983180,3,93,-2,83
13983690,9,47,4,79
13984200,34,38,-1,80
13984710,86,45,3,77
13985220,9,72,-1,78
13985730,25,4,2,76
13986240,82,11,-5,81
13986750,97,86,-4,85
13987260,4,11,1,84
13987770,15,8,1,83
13988280,51,15,2,81
13988790,33,34,-1,82
13989300,85,41,0,82
13989810,8,68,4,78
13990320,24,0,-4,82
13990830,81,7,3,79
13991340,96,17,-3,82
13991850,9,44,11,71
13992360,25,35,-19,90
13992870,55,42,16,74
13993380,11,53,0,74
13993890,27,44,-5,79
13994400,91,51,2,77
13994910,14,78,0,77
13995420,25,10,-3,80
13995930,61,17,-1,81
13996440,76,27,1,80
13996950,101,54,7,73
13997460,24,81,-2,75
13997970,84,79,-10,85
13998480,98,7,5,80
13998990,11,17,0,80
13999500,41,24,6,74
14000010,46,31,-5,79
14000520,2,38,-3,82
14001030,27,29,-1,83
14001540,91,36,3,80
14002050,14,63,1,79
14002560,30,54,5,74
14003070,23,21,-5,79
14003580,83,28,-5,84
14004090,6,55,8,76
14004600,22,46,-5,81
14005110,98,55,7,74
14005620,21,82,0,74
14006130,81,14,-12,86
14006640,96,41,6,80
14007150,19,68,6,74
14007660,83,28,-7,81
14008170,6,55,3,78
14008680,31,46,-3,81
14009190,24,53,11,70
14009700,88,62,-12,82
14010210,0,63,7,75
14010720,25,54,-3,78
14011230,89,8,-3,81
14011740,2,35,-3,84
14012250,30,26,1,83
14012760,90,33,5,78
14013270,13,60,1,77
14013780,29,51,5,72
14014290,22,5,-12,84
14014800,7,12,-2,86
14015310,18,19,4,82
14015820,70,26,5,77
14016330,95,53,-1,78
14016840,7,80,4,74
14017350,23,71,0,74
14017860,83,61,-10,84
14018370,97,91,5,79
14018880,18,16,-1,80
14019390,48,23,3,77
14019900,30,30,0,77
14020410,95,37,-6,83
14020920,18,64,9,74
14021430,78,55,-8,82
14021940,92,56,1,81
14022450,97,83,-2,83
14022960,9,8,-6,89
14023470,45,15,6,83
14023980,27,34,6,77
14024490,79,41,-1,78
14025000,69,68,-8,86
14025510,51,98,12,74
14026020,33,17,0,74
14026530,15,24,-1,75
14027040,45,31,-6,81
14027550,16,38,4,77
14028060,44,45,2,75
14028570,7,56,4,71
14029080,32,47,-7,78
14029590,14,14,-1,79
14030100,50,21,2,77
14030610,6,28,-5,82
14031120,34,25,2,80
14031630,94,32,-1,81
14032140,17,59,8,73
14032650,20,50,-11,84
14033160,50,59,8,76
14033670,32,80,-5,81
14034180,35,71,8,73
14034690,17,92,-4,77
14035200,28,83,6,71
14035710,73,15,-10,81
14036220,88,42,6,75
14036730,11,69,2,73
14037240,27,60,1,72
14037750,100,61,-6,78
14038260,3,88,2,76
14038770,19,79,0,76
14039280,26,11,-6,82
14039790,62,18,5,77
14040300,44,45,3,74
14040810,26,28,-6,80
14041320,90,35,-2,82
14041830,13,62,11,71
14042340,24,53,-5,76
14042850,88,7,-8,84
14043360,1,17,5,79
14043870,65,14,2,77
14044380,80,41,-1,78
14044890,3,68,0,78
14045400,28,59,2,76
14045910,3,60,1,75
14046420,28,51,-1,76
14046930,10,5,4,72
14047440,46,12,-8,80
14047950,28,22,-4,84
14048460,22,29,3,81
14048970,74,36,-4,85
14049480,99,63,8,77
14049990,2,90,-1,78
14050500,18,44,1,77
14051010,82,35,-5,82
14051520,5,62,9,73
14052030,30,53,-8,81
14052540,69,7,1,80
14053050,43,34,3,77
14053560,48,45,-5,82
14054070,30,28,0,82
14054580,94,35,4,78
14055090,17,62,0,78
14055600,20,53,5,73
14056110,84,44,-12,85
14056620,7,71,11,74
14057130,23,62,0,74
14057640,87,53,-13,87
14058150,10,80,14,73
14058660,21,71,-3,76
14059170,24,62,2,74
14059680,97,53,-2,76
14060190,20,80,1,75
14060700,27,71,5,70
14061210,91,62,-9,79
14061720,14,89,7,72
14062230,25,80,1,71
14062740,89,12,-9,80
14063250,2,39,1,79
14063760,27,30,-4,83
14064270,91,37,2,81
14064780,14,64,1,80
14065290,39,55,7,73
14065800,21,76,0,73
14066310,24,8,-2,75
14066820,88,15,-8,83
14067330,1,42,1,82
14067840,65,33,2,80
14068350,90,16,-2,82
14068860,3,43,4,78
14069370,67,34,-1,79
14069880,92,61,-1,80
14070390,15,88,6,74
14070900,26,79,-5,79
14071410,90,70,-8,87
14071920,2,71,6,81
14072430,27,25,-2,83
14072940,87,71,3,80
14073450,10,101,-1,81
14073960,26,55,8,73
14074470,90,9,-9,82
14074980,3,36,5,77
14075490,31,27,-2,79
14076000,95,34,2,77
14076510,18,61,0,77
14077020,21,52,-4,81
14077530,98,43,8,73
14078040,21,70,0,73
14078550,85,2,-8,81
14079060,100,12,0,81
14079570,13,22,-1,82
14080080,43,29,8,74
14080590,101,36,-3,77
14081100,24,63,4,73
14081610,88,53,-7,80
14082120,11,80,6,74
14082630,22,12,-6,80
14083140,86,19,1,79
14083650,101,46,7,72
14084160,24,73,-3,75
14084670,88,5,-8,83
14085180,1,15,0,83
14085690,29,12,7,76
14086200,11,19,-7,83
14086710,41,26,1,82
14087220,46,33,5,77
14087730,55,79,-2,79
14088240,37,100,7,72
14088750,82,32,-6,78
14089260,5,59,2,76
14089770,21,50,-4,80
14090280,51,41,-3,83
14090790,60,44,3,80
14091300,65,47,-1,81
14091810,70,30,-2,83
14092320,95,29,2,81
14092830,18,56,5,76
14093340,24,47,-2,78
14093850,54,1,3,75
14094360,36,20,-4,79
14094870,72,27,-2,81
14095380,97,54,3,78
14095890,20,81,5,73
14096400,31,13,-7,80
14096910,50,20,-5,85
14097420,6,27,5,80
14097930,34,24,1,79
14098440,70,31,-2,81
14098950,95,58,3,78
14099460,7,85,2,76
14099970,23,35,-5,81
14100480,53,42,-1,82
14100990,62,98,1,81
14101500,44,17,6,75
14102010,0,24,-7,82
14102520,28,21,4,78
14103030,92,28,-3,81
14103540,15,55,0,81
14104050,18,46,-2,83
14104560,21,53,5,78
14105070,85,44,-6,84
14105580,8,71,11,73
14106090,19,3,-5,78
14106600,55,10,-2,80
14107110,37,20,3,77
14107620,19,27,-11,88
14108130,79,34,9,79
14108640,2,61,2,77
14109150,27,52,1,76
14109660,2,6,-4,80
14110170,13,3,1,79
14110680,16,10,-1,80
14111190,46,17,-5,85
14111700,53,24,9,76
14112210,9,31,0,76
14112720,37,40,0,76
14113230,0,47,2,74
14113740,25,38,-6,80
14114250,55,58,0,80
14114760,37,88,6,74
14115270,42,7,-5,79
14115780,24,17,-3,82
14116290,84,24,0,82
14116800,7,51,6,76
14117310,23,85,3,73
14117820,34,17,-3,76
14118330,39,24,-2,78
14118840,97,31,-4,82
14119350,20,58,10,72
14119860,23,92,0,72
14120370,56,24,-8,80
14120880,76,31,2,78
14121390,101,58,3,75
14121900,24,85,-6,81
14122410,27,17,5,76
14122920,63,24,0,76
14123430,88,34,-10,86
14123940,11,61,10,76
14124450,22,95,-4,80
14124960,33,27,-1,81
14125470,93,34,-1,82
14125980,16,61,2,80
14126490,19,23,-5,85
14127000,49,30,6,79
14127510,5,37,-2,81
14128020,8,28,-4,85
14128530,11,25,5,80
14129040,39,32,8,72
14129550,44,43,-10,82
14130060,7,99,-3,85
14130570,23,49,-3,88
14131080,26,56,9,79
14131590,21,10,-6,85
14132100,85,17,2,83
14132610,100,44,6,77
14133120,23,71,4,73
14133630,87,3,-5,78
14134140,0,13,-3,81
14134650,11,10,-4,85
14135160,47,17,3,82
14135670,3,24,3,79
14136180,3,21,-9,88
14136690,31,18,6,82
14137200,67,25,-3,85
14137710,92,35,5,80
14138220,15,62,6,74
14138730,18,96,-2,76
14139240,29,28,-8,84
14139750,93,35,0,84
14140260,16,62,12,72
14140770,19,24,-8,80
14141280,79,31,2,78
14141790,2,58,2,76
14142300,27,92,-2,78
14142810,72,24,-4,82
14143320,97,34,6,76
14143830,20,61,4,72
14144340,23,59,-4,76
14144850,26,21,-6,82
14145360,90,28,1,81
14145870,13,55,9,72
14146380,16,89,-8,80
14146890,27,21,3,77
14147400,91,28,-4,81
14147910,14,55,6,75
14148420,17,17,-2,77
14148930,77,24,-6,83
14149440,0,51,8,75
14149950,25,1,-1,76
14150460,82,26,-8,84
14150970,0,53,7,77
14151480,6,44,-8,85
14151990,34,35,-2,87
14152500,98,42,11,76
14153010,21,69,4,72
14153520,24,31,-12,84
14154030,54,38,5,79
14154540,59,49,0,79
14155050,68,11,-2,81
14155560,83,38,2,79
14156070,6,65,7,72
14156580,31,99,-2,74
14157090,76,61,-8,82
14157600,81,23,-1,83
14158110,4,50,11,72
14158620,29,34,-5,77
14159130,81,41,-9,86
14159640,95,51,3,83
14160150,7,78,4,79
14160660,13,28,-4,83
14161170,43,35,7,76
14161680,1,46,-1,77
14162190,78,30,-5,82
14162700,1,57,8,74
14163210,26,7,-6,80
14163720,29,14,3,77
14164230,36,21,3,74
14164740,94,28,-5,79
14165250,17,55,0,79
14165760,20,17,0,79
14166270,80,24,1,78
14166780,3,51,1,77
14167290,19,42,-3,80
14167800,58,49,2,78
14168310,63,11,2,76
14168820,37,21,0,76
14169330,95,28,-4,80
14169840,18,55,-5,85
14170350,21,17,8,77
14170860,81,24,-7,84
14171370,4,51,3,81
14171880,20,42,0,81
14172390,59,39,-2,83
14172900,64,50,-4,87
14173410,22,33,8,79
14173920,61,40,-5,84
14174430,57,51,7,77
14174940,62,62,0,77
14175450,44,24,-1,78
14175960,0,31,-5,83
14176470,14,28,-8,91
14176980,42,35,12,79
14177490,47,46,7,72
14178000,10,8,-11,83
14178510,13,19,7,76
14179020,43,26,-5,81
14179530,48,37,1,80
14180040,53,4,0,80
14180550,10,14,3,77
14181060,38,11,0,77
14181570,20,18,-8,85
14182080,50,25,4,81
14182590,6,32,0,81
14183100,34,29,2,79
14183610,94,40,-1,80
14184120,17,67,3,77
14184630,20,29,-10,87
14185140,50,36,-2,89
14185650,6,47,14,75
14186160,31,31,-9,84
14186670,91,42,7,77
14187180,14,69,2,75
14187690,17,1,-10,85
14188200,12,12,2,83
14188710,7,23,-2,85
14189220,71,20,0,85
14189730,96,30,-1,86
14190240,19,77,16,70
14190750,64,9,-7,77
14191260,71,19,-1,78
14191770,96,46,0,78
14192280,19,82,4,74
14192790,30,14,-4,78
14193300,66,21,-2,80
14193810,33,31,-2,82
14194320,26,42,4,78
14194830,78,26,-5,83
14195340,1,53,11,72
14195850,26,37,-8,80
14196360,78,48,-7,87
14196870,92,31,5,82
14197380,15,50,3,79
14197890,57,12,-2,81
14198400,31,22,-1,82
14198910,91,33,0,82
14199420,14,60,1,81
14199930,17,94,3,78
14200440,28,26,-2,80
14200950,88,37,-2,82
14201460,11,64,14,68
14201970,22,98,-13,81
14202480,33,30,3,78
14202990,69,41,-4,82
14203500,94,51,7,75
14204010,17,78,4,71
14204520,28,10,-4,75
14205030,64,21,-8,83
14205540,89,31,-2,85
14206050,12,58,11,74
14206560,15,92,-5,79
14207070,26,24,-2,81
14207580,86,35,1,80
14208090,9,62,4,76
14208600,25,96,6,70
14209110,36,28,-10,80
14209620,41,39,1,79
14210130,4,50,2,77
14210640,29,34,-4,81
14211150,81,45,3,78
14211660,4,55,0,78
14212170,20,89,0,78
14212680,31,21,-6,84
14213190,91,28,0,84
14213700,14,55,7,77
14214210,17,17,-5,82
14214720,47,24,4,78
14215230,3,31,-9,87
14215740,31,28,2,85
14216250,61,35,4,81
14216760,17,45,5,76
14217270,20,7,-4,80
14217780,23,14,-4,84
14218290,59,21,5,79
14218800,84,31,-2,81
14219310,7,58,8,73
14219820,23,92,-5,78
14220330,26,24,-4,82
14220840,90,31,3,79
14221350,13,58,7,72
14221860,16,92,-8,80
14222370,27,24,-2,82
14222880,87,55,0,82
14223390,101,82,3,79
14223900,13,28,0,79
14224410,43,35,0,79
14224920,6,2,-3,82
14225430,9,13,2,80
14225940,39,20,-2,82
14226450,97,27,-5,87
14226960,20,54,10,77
14227470,23,16,-4,81
14227980,53,23,4,77
14228490,78,30,-3,80
14229000,1,57,5,75
14229510,17,7,-8,83
14230020,20,14,-3,86
14230530,29,21,8,78
14231040,65,28,-4,82
14231550,90,38,-1,83
14232060,13,65,8,75
14232570,16,99,-8,83
14233080,27,31,3,80
14233590,79,38,-3,83
14234100,2,48,2,81
14234610,18,32,-3,84
14235120,48,39,0,84
14235630,11,50,6,78
14236140,14,41,2,76
14236650,42,3,-4,80
14237160,24,76,10,70
14237670,27,8,-10,80
14238180,63,19,-4,84
14238690,88,29,-2,86
14239200,11,56,10,76
14239710,36,90,1,75
14240220,18,22,-5,80
14240730,48,29,1,79
14241240,4,36,-1,80
14241750,7,27,-1,81
14242260,35,24,-1,82
14242770,40,31,0,82
14243280,22,42,-2,84
14243790,65,49,3,81
14244300,21,32,-1,82
14244810,51,39,0,82
14245320,33,50,8,74
14245830,15,17,-10,84
14246340,45,24,6,78
14246850,1,31,-6,84
14247360,15,28,6,78
14247870,54,35,-4,82
14248380,10,2,-6,88
14248890,13,9,7,81
14249400,16,16,-6,87
14249910,52,23,4,83
14250420,34,30,6,77
14250930,40,37,-6,83
14251440,22,48,3,80
14251950,25,2,8,72
14252460,7,27,-8,80
14252970,32,24,0,80
14253480,14,31,3,77
14253990,44,38,-4,81
14254500,26,5,3,78
14255010,90,12,-3,81
14255520,3,22,0,81
14256030,6,19,3,78
14256540,36,16,-3,81
14257050,18,23,-3,84
14257560,48,30,7,77
14258070,4,99,-2,79
14258580,20,49,1,78
14259090,97,3,-5,83
14259600,79,13,-4,87
14260110,94,40,8,79
14260620,17,67,0,79
14261130,20,101,-8,87
14261640,36,33,7,80
14262150,70,0,6,74
14262660,52,10,-9,83
14263170,67,20,9,74
14263680,92,30,-7,81
14264190,15,57,10,71
14264700,18,19,-10,81
14265210,48,26,1,80
14265720,4,33,4,76
14266230,29,24,-5,81
14266740,65,31,3,78
14267250,90,41,-5,83
14267760,13,68,8,75
14268270,29,0,2,73
14268780,11,25,-11,84
14269290,41,22,5,79
14269800,23,29,-6,85
14270310,57,36,7,78
14270820,13,19,-7,85
14271330,2,26,4,81
14271840,79,23,1,80
14272350,2,50,7,73
14272860,27,84,-2,75
14273370,30,16,-5,80
14273880,66,23,-6,86
14274390,91,33,3,83
14274900,14,60,3,80
14275410,17,22,-2,82
14275920,69,29,3,79
14276430,94,39,0,79
14276940,17,66,8,71
14277450,20,100,-11,82
14277960,36,32,11,71
14278470,41,101,-4,75
14278980,23,33,-6,81
14279490,75,40,2,79
14280000,100,67,3,76
14280510,12,94,-5,81
14281020,28,44,-3,84
14281530,62,51,6,78
14282040,44,13,-4,82
14282550,26,23,1,81
14283060,62,30,0,81
14283570,87,40,2,79
14284080,10,67,6,73
14284590,26,101,-8,81
14285100,37,33,2,79
14285610,42,0,-1,80
14286120,24,30,-3,83
14286630,58,37,1,82
14287140,83,20,-1,83
14287650,98,22,-2,85
14288160,11,32,6,79
14288670,14,29,-4,83
14289180,39,36,6,77
14289690,44,3,-1,78
14290200,26,33,2,76
14290710,8,44,-4,80
14291220,33,35,0,80
14291730,15,2,1,79
14292240,18,9,-1,80
14292750,54,20,-2,82
14293260,79,30,6,76
14293770,2,57,0,76
14294280,27,7,3,73
14294790,9,18,-4,77
14295300,34,15,2,75
14295810,16,26,-7,82
14296320,41,33,1,81
14296830,23,44,1,80
14297340,66,11,1,79
14297850,81,21,-5,84
14298360,4,48,2,82
14298870,29,39,-1,83
14299380,11,50,2,81
14299890,36,41,3,78
14300400,18,8,-5,83
14300910,21,19,4,79
14301420,51,26,-1,80
14301930,76,9,-9,89
14302440,91,19,8,81
14302950,4,46,3,78
14303460,29,37,-4,82
14303970,11,48,2,80
14304480,14,39,0,80
14304990,17,48,1,79
14305500,20,10,1,78
14306010,23,21,-2,80
14306520,53,28,1,79
14307030,35,39,0,79
14307540,17,6,-6,85
14308050,74,17,1,84
14308560,89,44,8,76
14309070,12,71,1,75
14309580,28,3,-7,82
14310090,43,28,5,77
14310600,25,97,-3,80
14311110,28,29,-1,81
14311620,10,40,5,76
14312130,53,31,-6,82
14312640,35,100,9,73
14313150,17,32,-16,89
14313660,45,39,13,76
14314170,27,1,4,72
14314680,9,26,-11,83
14315190,34,23,-1,84
14315700,16,34,2,82
14316210,19,1,0,82
14316720,76,12,-2,84
14317230,91,39,-2,86
14317740,14,66,11,75
14318250,17,100,-2,77
14318760,33,28,-1,78
14319270,15,39,-3,81
14319780,40,48,4,77
14320290,22,59,0,77
14320800,25,21,-2,79
14321310,59,32,3,76
14321820,84,15,-6,82
14322330,99,42,2,80
14322840,22,69,6,74
14323350,25,31,-13,87
14323860,7,38,6,81
14324370,24,29,-1,82
14324880,6,36,1,81
14325390,31,27,-1,82
14325900,96,38,3,79
14326410,19,65,2,77
14326920,22,27,-6,83
14327430,56,34,3,80
14327940,61,1,-3,83
14328450,43,31,5,78
14328960,25,42,-3,81
14329470,7,9,2,79
14329980,10,20,1,78
14330490,35,17,0,78
14331000,17,28,-9,87
14331510,45,35,9,78
14332020,27,2,4,74
14332530,42,27,-3,77
14333040,47,38,0,77
14333550,29,5,0,77
14334060,11,30,-10,87
14334570,14,37,7,80
14335080,17,46,-4,84
14335590,20,8,2,82
14336100,23,19,-2,84
14336610,57,26,0,84
14337120,39,9,5,79
14337630,21,94,-1,80
14338140,37,56,-4,84
14338650,19,23,3,81
14339160,71,30,-1,82
14339670,96,40,6,76
14340180,19,67,1,75
14340690,55,29,-11,86
14341200,80,40,5,81
14341710,3,41,3,78
14342220,28,32,-9,87
14342730,80,43,10,77
14343240,3,70,-2,79
14343750,19,20,-5,84
14344260,71,27,-1,85
14344770,96,37,3,82
14345280,19,64,7,75
14345790,22,26,-9,84
14346300,36,37,5,79
14346810,18,48,6,73
14347320,21,10,-9,82
14347830,24,21,3,79
14348340,58,32,4,75
14348850,40,15,5,70
14349360,22,26,-6,76
14349870,74,37,-11,87
14350380,99,47,10,77
14350890,22,74,0,77
14351400,74,36,-6,83
14351910,99,19,-1,84
14352420,12,46,1,83
14352930,15,8,2,81
14353440,18,19,-6,87
14353950,52,26,4,83
14354460,34,37,0,83
14354970,16,48,5,78
14355480,93,10,-10,88
14355990,6,20,8,80
14356500,34,17,3,77
14357010,16,28,-12,89
14357520,44,35,13,76
14358030,49,2,-10,86
14358540,31,32,0,86
14359050,13,43,12,74
14359560,16,5,-11,85
14360070,19,16,4,81
14360580,71,27,6,75
14361090,96,54,-3,78
14361600,8,81,-4,82
14362110,24,31,0,82
14362620,6,38,3,79
14363130,9,29,-7,86
14363640,23,26,3,83
14364150,75,33,2,81
14364660,100,60,3,78
14365170,12,87,0,78
14365680,28,37,1,77
14366190,10,48,-3,80
14366700,24,39,3,77
14367210,76,50,-3,80
14367720,90,51,1,79
14368230,2,78,-2,81
14368740,27,28,-5,86
14369250,51,35,6,80
14369760,33,46,1,79
14370270,15,13,-5,84
14370780,18,24,-2,86
14371290,70,31,5,81
14371800,95,58,2,79
14372310,7,85,2,77
14372820,23,35,-4,81
14373330,57,46,-1,82
14373840,71,8,-1,83
14374350,70,35,3,80
14374860,95,36,0,80
14375370,18,63,9,71
14375880,21,25,-10,81
14376390,73,32,0,81
14376900,92,59,-3,84
14377410,4,86,1,83
14377920,20,36,5,78
14378430,72,3,-6,84
14378940,54,13,5,79
14379450,36,23,-5,84
14379960,41,34,8,76
14380470,46,1,2,74
14380980,28,11,-6,80
14381490,10,22,-5,85
14382000,38,19,9,76
14382510,20,30,-6,82
14383020,72,37,4,78
14383530,97,64,-3,81
14384040,9,91,5,76
14384550,25,41,-7,83
14385060,77,52,-2,85
14385570,91,53,6,79
14386080,3,80,0,79
14386590,19,30,-5,84
14387100,53,37,3,81
14387610,62,4,2,79
14388120,44,14,1,78
14388630,26,21,1,77
14389140,60,32,-5,82
14389650,85,35,7,75
14390160,8,62,1,74
14390670,24,24,-10,84
14391180,58,31,5,79
14391690,14,34,5,74
14392200,17,43,-2,76
14392710,20,5,4,72
14393220,84,16,-13,85
14393730,99,43,7,78
14394240,22,70,2,76
14394750,25,32,-7,83
14395260,77,39,6,77
14395770,0,66,-1,78
14396280,94,16,-5,83
14396790,7,43,4,79
14397300,23,34,-3,82
14397810,57,41,-4,86
14398320,66,8,3,83
14398830,81,35,1,82
14399340,4,62,5,77
14399850,20,24,-5,82
14400360,72,31,1,81
14400870,97,58,4,77
14401380,9,85,-5,82
14401890,25,35,-4,86
14402400,39,46,7,79
14402910,21,13,-3,82
14403420,24,24,-2,84
14403930,76,31,0,84
14404440,101,58,9,75
14404950,13,85,5,70
14405460,29,17,-14,84
14405970,65,28,2,82
14406480,69,38,1,81
14406990,74,41,-1,82
14407500,79,67,1,81
14408010,93,68,-1,82
14408520,5,15,-6,88
14409030,33,12,10,78
14409540,34,19,3,75
14410050,16,30,-6,81
14410560,93,37,-4,85
14411070,16,64,9,76
14411580,19,26,0,76
14412090,71,33,-2,78
14412600,96,60,1,77
14413110,8,87,-2,79
14413620,24,37,3,76
14414130,38,4,-2,78
14414640,20,14,0,78
14415150,77,25,-5,83
14415660,0,52,13,70
14416170,25,36,-7,77
14416680,77,47,-5,82
14417190,91,48,1,81
14417700,3,85,5,76
14418210,19,35,-5,81
14418720,62,42,-1,82
14419230,67,43,5,77
14419740,23,44,1,76
14420250,75,4,0,76
14420760,57,31,-5,81
14421270,12,34,4,77
14421780,40,31,5,72
14422290,45,100,-5,77
14422800,27,19,-3,80
14423310,57,30,2,78
14423820,13,33,-10,88
14424330,41,40,4,84
14424840,73,51,3,81
14425350,78,52,0,81
14425860,92,53,1,80
14426370,4,80,-6,86
14426880,29,30,3,83
14427390,81,41,0,83
14427900,4,68,9,74
14428410,20,18,-10,84
14428920,72,25,1,83
14429430,97,52,9,74
14429940,20,79,-3,77
14430450,23,99,-3,80
14430960,39,50,4,76
14431470,21,17,-4,80
14431980,73,24,-5,85
14432490,98,51,3,82
14433000,21,78,7,75
14433510,24,40,-5,80
14434020,76,51,2,78
14434530,90,78,-6,84
14435040,2,24,5,79
14435550,30,21,-1,80
14436060,25,32,-5,85
14436570,77,39,8,77
14437080,0,66,0,77
14437590,16,16,-4,81
14438100,19,23,-1,82
14438610,47,30,4,78
14439120,29,41,-2,80
14439630,11,52,4,76
14440140,27,43,-1,77
14440650,79,10,-5,82
14441160,94,37,-3,85
14441670,17,64,13,72
14442180,20,26,-14,86
14442690,72,33,9,77
14443200,97,60,1,76
14443710,0,87,-7,83
14444220,16,37,7,76
14444730,19,4,-6,82
14445240,22,15,0,82
14445750,74,26,-2,84
14446260,99,53,7,77
14446770,22,80,0,77
14447280,74,42,-7,84
14447790,99,69,7,77
14448300,11,96,-1,78
14448810,27,24,-3,81
14449320,79,35,2,79
14449830,2,62,1,78
14450340,27,12,0,78
14450850,9,23,-5,83
14451360,37,20,4,79
14451870,19,31,-5,84
14452380,47,38,6,78
14452890,29,5,-3,81
14453400,11,30,1,80
14453910,39,27,-5,85
14454420,21,96,9,76
14454930,37,58,-2,78
14455440,19,43,-5,83
14455950,71,10,8,75
14456460,53,37,-8,83
14456970,35,4,9,74
14457480,17,29,-7,81
14457990,45,36,-4,85
14458500,27,47,7,78
14459010,9,14,2,76
14459520,100,11,-15,91
14460030,13,21,12,79
14460540,41,28,4,75
14461050,72,97,-10,85
14461560,54,33,9,76
14462070,36,36,0,76
14462580,18,3,0,76
14463090,75,14,-2,78
14463600,90,41,-2,80
14464110,13,68,1,79
14464620,29,30,-1,80
14465130,11,41,-5,85
14465640,39,50,0,85
14466150,21,17,11,74
14466660,55,28,-1,75
14467170,37,31,-7,82
14467680,19,100,-1,83
14468190,35,62,3,80
14468700,87,29,-5,85
14469210,10,56,7,78
14469720,26,47,-1,79
14470230,8,54,0,79
14470740,24,16,0,79
14471250,34,27,1,78
14471760,16,38,-5,83
14472270,44,45,7,76
14472780,26,12,-2,78
14473290,8,23,-4,82
14473800,36,20,3,79
14474310,18,89,4,75
14474820,34,39,-2,77
14475330,16,50,1,76
14475840,44,12,-3,79
14476350,26,22,-4,83
14476860,8,33,-4,87
14477370,36,30,2,85
14477880,18,41,5,80
14478390,46,8,10,70
14478900,28,18,-10,80
14479410,10,29,-4,84
14479920,38,26,4,80
14480430,20,95,3,77
14480940,36,57,6,71
14481450,18,24,-12,83
14481960,70,31,3,80
14482470,95,41,-2,82
14482980,18,68,4,78
14483490,21,30,-3,81
14484000,3,37,-4,85
14484510,31,28,2,83
14485020,13,35,3,80
14485530,41,44,5,75
14486040,23,11,1,74
14486550,5,18,-3,77
14487060,33,15,-1,78
14487570,15,22,-10,88
14488080,43,29,10,78
14488590,68,98,3,75
14489100,50,34,-2,77
14489610,32,1,1,76
14490120,14,26,-9,85
14490630,42,23,5,80
14491140,67,34,-1,81
14491650,92,37,0,81
14492160,15,67,6,75
14492670,25,29,-10,85
14493180,77,40,6,79
14493690,0,67,2,77
14494200,25,17,-8,85
14494710,59,28,2,83
14495220,84,31,0,83
14495730,7,58,7,76
14496240,23,20,-7,83
14496750,57,27,5,78
14497260,82,30,-5,83
14497770,5,57,10,73
14498280,30,7,-6,79
14498790,12,14,-4,83
14499300,40,21,4,79
14499810,22,32,-5,84
14500320,4,35,1,83
14500830,68,26,-6,89
14501340,93,36,10,79
14501850,16,63,2,77
14502360,19,25,-4,81
14502870,53,32,8,73
14503380,9,50,-10,83
14503890,25,41,7,76
14504400,7,52,2,74
14504910,23,14,-8,82
14505420,26,21,1,81
14505930,90,28,1,80
14506440,13,55,3,77
14506950,38,97,3,74
14507460,20,48,1,73
14507970,63,10,-3,76
14508480,45,37,-3,79
14508990,27,48,-4,83
14509500,61,15,2,81
14510010,76,42,2,79
14510520,101,43,-1,80
14511030,24,70,7,73
14511540,27,32,-14,87
14512050,9,39,3,84
14512560,37,30,6,78
14513070,19,41,-5,83
14513580,71,48,0,83
14514090,96,49,6,77
14514600,19,76,2,75
14515110,71,8,-6,81
14515620,86,35,0,81
14516130,9,62,7,74
14516640,25,90,0,74
14517150,77,41,-4,78
14517660,0,68,3,75
14518170,25,18,-7,82
14518680,59,25,2,80
14519190,84,35,-3,83
14519700,7,74,7,76
14520210,32,24,-7,83
14520720,66,35,3,80
14521230,91,45,2,78
14521740,14,72,3,75
14522250,30,22,-11,86
14522760,64,29,5,81
14523270,89,39,1,80
14523780,12,66,2,78
14524290,37,28,-4,82
14524800,71,97,-3,85
14525310,53,22,2,83
14525820,78,29,4,79
14526330,1,56,2,77
14526840,26,6,0,77
14527350,27,13,3,74
14527860,52,20,-7,81
14528370,77,30,-1,82
14528880,0,57,5,77
14529390,25,7,-4,81
14529900,89,25,-3,84
14530410,12,52,3,81
14530920,40,14,8,73
14531430,98,21,-11,84
14531940,11,48,7,77
14532450,39,10,7,70
14532960,21,20,-9,79
14533470,85,27,-6,85
14533980,8,54,10,75
14534490,24,16,-9,84
14535000,88,23,-1,85
14535510,11,50,10,75
14536020,39,12,-1,76
14536530,21,19,0,76
14537040,85,26,-5,81
14537550,8,53,4,77
14538060,24,3,-2,79
14538570,25,10,5,74
14539080,7,17,-11,85
14539590,35,14,11,74
14540100,17,21,-10,84
14540610,45,28,6,78
14541120,70,46,-4,82
14541630,95,47,5,77
14542140,18,74,2,75
14542650,21,36,-3,78
14543160,49,3,0,78
14543670,31,13,-4,82
14544180,56,31,5,77
14544690,81,38,-5,82
14545200,4,65,6,76
14545710,29,15,-2,78
14546220,11,22,-6,84
14546730,39,19,8,76
14547240,64,37,-5,81
14547750,89,47,2,79
14548260,12,74,5,74
14548770,28,24,-10,84
14549280,62,31,2,82
14549790,87,41,0,82
14550300,10,68,9,73
14550810,35,18,-1,74
14551320,93,25,-7,81
14551830,16,52,4,77
14552340,44,14,0,77
14552850,69,21,-1,78
14553360,94,48,-7,85
14553870,17,75,10,75
14554380,20,25,-5,80
14554890,54,32,0,80
14555400,79,50,-3,83
14555910,2,60,7,76
14556420,27,10,-5,81
14556930,91,17,-5,86
14557440,4,44,3,83
14557950,32,35,4,79
14558460,96,38,1,78
14558970,19,65,4,74
14559480,22,27,-15,89
14559990,56,34,5,84
14560500,81,52,3,81
14561010,4,62,7,74
14561520,29,53,-4,78
14562030,72,7,-2,80
14562540,87,17,-3,83
14563050,0,44,5,78
14563560,25,96,4,74
14564070,70,47,-9,83
14564580,95,65,4,79
14565090,18,11,0,79
14565600,21,18,1,78
14566110,85,25,-6,84
14566620,8,52,0,84
14567130,51,43,0,84
14567640,33,54,10,74
14568150,15,21,-7,81
14568660,43,28,5,76
14569170,68,35,-6,82
14569680,93,38,-1,83
14570190,16,65,9,74
14570700,26,27,-6,80
14571210,60,34,-2,82
14571720,85,52,-2,84
14572230,8,62,9,75
14572740,33,12,1,74
14573250,91,30,-5,79
14573760,14,57,1,78
14574270,42,19,-1,79
14574780,100,26,4,75
14575290,23,53,4,71
14575800,100,15,-7,78
14576310,13,42,5,73
14576820,41,4,-2,75
14577330,23,14,-4,79
14577840,87,21,-4,83
14578350,0,48,8,75
14578860,25,100,-2,77
14579370,41,32,-7,84
14579880,75,101,3,81
14580390,57,37,-10,91
14580900,82,55,14,77
14581410,5,82,-4,81
14581920,21,32,-1,82
14582430,3,39,1,81
14582940,31,30,-3,84
14583450,65,37,2,82
14583960,90,40,2,80
14584470,13,67,5,75
14584980,29,17,-6,81
14585490,11,24,3,78
14586000,39,30,4,74
14586510,97,41,-5,79
14587020,20,68,3,76
14587530,23,0,-6,82
14588040,80,7,0,82
14588550,95,17,-2,84
14589060,8,27,0,84
14589570,36,24,3,81
14590080,61,31,-1,82
14590590,86,34,-3,85
14591100,9,61,8,77
14591610,25,78,0,77
14592120,28,10,-3,80
14592630,10,17,5,75
14593140,38,14,-4,79
14593650,20,21,-10,89
14594160,54,28,10,79
14594670,79,35,-3,82
14595180,2,62,3,79
14595690,27,53,-3,82
14596200,70,35,3,79
14596710,95,36,0,79
14597220,18,63,2,77
14597730,21,25,-8,85
14598240,3,32,4,81
14598750,31,29,-3,84
14599260,65,32,12,72
14599770,90,42,-7,79
14600280,13,69,6,73
14600790,29,19,-9,82
14601300,93,26,4,78
14601810,16,53,5,73
14602320,19,15,-3,76
14602830,83,22,-7,83
14603340,6,49,8,75
14603850,31,101,-2,77
14604360,13,52,1,76
14604870,16,14,-3,79
14605380,55,21,1,78
14605890,80,31,-6,84
14606400,3,58,13,71
14606910,28,8,-10,81
14607420,10,26,-1,82
14607930,38,23,-1,83
14608440,63,41,-1,84
14608950,88,42,4,80
14609460,11,69,5,75
14609970,27,19,-10,85
14610480,91,26,-3,88
14610990,14,53,14,74
14611500,42,15,3,71
14612010,67,22,-5,76
14612520,92,49,-8,84
14613030,15,76,7,77
14613540,18,8,-4,81
14614050,21,15,0,81
14614560,60,22,-4,85
14615070,85,32,2,83
14615580,8,59,6,77
14616090,24,9,-8,85
14616600,88,16,-1,86
14617110,1,43,8,78
14617620,11,34,-6,84
14618130,39,31,10,74
14618640,21,34,-6,80
14619150,64,31,-2,82
14619660,89,34,5,77
14620170,12,61,6,71
14620680,28,95,3,68
14621190,10,27,-6,74
14621700,38,24,-1,75
14622210,96,31,-8,83
14622720,19,58,2,81
14623230,62,20,-2,83
14623740,87,47,3,80
14624250,10,1,5,75
14624760,5,8,-5,80
14625270,69,5,0,80
14625780,84,15,1,79
14626290,99,42,3,76
14626800,22,69,3,73
14627310,74,59,-10,83
14627820,99,60,7,76
14628330,22,87,0,76
14628840,74,19,-7,83
14629350,89,46,2,81
14629860,12,73,8,73
14630370,23,5,-8,81
14630880,26,12,4,77
14631390,29,19,4,73
14631900,34,26,-8,81
14632410,16,33,6,75
14632920,59,40,-12,87
14633430,84,43,9,78
14633940,7,70,5,73
14634450,60,20,-9,82
14634960,85,30,4,78
14635470,8,57,3,75
14635980,24,41,-3,78
14636490,67,8,0,78
14637000,82,18,-5,83
14637510,97,45,11,72
14638020,20,72,1,71
14638530,23,4,-6,77
14639040,24,11,-9,86
14639550,27,18,5,81
14640060,46,25,2,79
14640570,2,32,-4,83
14641080,30,29,1,82
14641590,64,36,0,82
14642100,89,39,1,81
14642610,12,66,10,71
14643120,22,28,-18,89
14643630,50,35,14,75
14644140,32,53,-7,82
14644650,14,7,-1,83
14645160,9,14,1,82
14645670,37,11,-2,84
14646180,19,18,0,84
14646690,53,25,0,84
14647200,78,32,6,78
14647710,1,59,4,74
14648220,7,9,-5,79
14648730,18,22,-1,80
14649240,52,29,0,80
14649750,77,36,1,79
14650260,0,63,1,78
14650770,6,13,-5,83
14651280,31,10,6,77
14651790,56,26,-4,81
14652300,81,33,-1,82
14652810,4,60,0,82
14653320,29,10,7,75
14653830,39,17,-5,80
14654340,21,24,-4,84
14654850,55,31,4,80
14655360,80,34,-1,81
14655870,3,61,3,78
14656380,28,75,6,72
14656890,71,66,-2,74
14657400,53,67,-9,83
14657910,35,54,2,81
14658420,87,21,0,81
14658930,0,48,4,77
14659440,10,39,-3,80
14659950,38,30,-4,84
14660460,72,33,10,74
14660970,97,34,-7,81
14661480,20,61,5,76
14661990,84,52,-5,81
14662500,7,53,8,73
14663010,17,15,-6,79
14663520,56,22,-4,83
14664030,81,14,1,82
14664540,96,41,5,77
14665050,19,68,1,76
14665560,22,59,-1,77
14666070,74,50,-5,82
14666580,99,51,8,74
14667090,22,78,1,73
14667600,74,40,-15,88
14668110,99,43,9,79
14668620,22,70,5,74
14669130,25,61,-2,76
14669640,68,52,-5,81
14670150,93,53,4,77
14670660,16,80,1,76
14671170,19,12,-4,80
14671680,71,19,-3,83
14672190,86,46,0,83
14672700,9,73,9,74
14673210,25,23,-6,80
14673720,59,30,4,76
14674230,84,33,-7,83
14674740,7,60,6,77
14675250,32,51,0,77
14675760,84,18,-2,79
14676270,99,84,1,78
14676780,11,85,-1,79
14677290,22,35,-2,81
14677800,74,42,-2,83
14678310,99,43,8,75
14678820,22,70,3,72
14679330,22,61,-2,74
14679840,65,52,-5,79
14680350,90,53,-2,81
14680860,13,80,6,75
14681370,29,71,1,74
14681880,72,62,-11,85
14682390,94,63,6,79
14682900,17,90,1,78
14683410,19,40,-2,80
14683920,62,47,0,80
14684430,44,48,5,75
14684940,26,15,-7,82
14685450,78,22,2,80
14685960,1,49,1,79
14686470,11,40,-3,82
14686980,39,37,2,80
14687490,91,48,3,77
14688000,14,75,7,70
14688510,24,66,-8,78
14689020,67,57,-5,83
14689530,89,58,1,82
14690040,12,85,8,74
14690550,93,35,-11,85
14691060,16,62,12,73
14691570,19,53,-5,78
14692080,62,44,-5,83
14692590,87,47,2,81
14693100,10,74,7,74
14693610,20,65,2,72
14694120,23,56,-5,77
14694630,75,47,-4,81
14695140,100,48,3,78
14695650,23,75,1,77
14696160,75,66,-5,82
14696670,97,67,3,79
14697180,20,94,3,76
14697690,101,26,-10,86
14698200,14,53,9,77
14698710,17,44,-1,78
14699220,60,35,-6,84
14699730,85,38,8,76
14700240,8,65,-1,77
14700750,24,56,3,74
14701260,67,10,-7,81
14701770,82,101,0,81
14702280,64,26,-3,84
14702790,100,36,1,83
14703300,23,12,2,81
14703810,87,19,-2,83
14704320,0,46,3,80
14704830,10,37,2,78
14705340,53,90,-7,85
14705850,35,91,10,75
14706360,17,42,-9,84
14706870,48,4,4,80
14707380,30,14,3,77
14707890,49,21,-4,81
14708400,5,28,-4,85
14708910,33,25,2,83
14709420,98,32,2,81
14709930,21,59,7,74
14710440,73,50,-10,84
14710950,98,51,7,77
14711460,21,78,4,73
14711970,24,10,-8,81
14712480,43,17,3,78
14712990,101,24,-6,84
14713500,14,34,4,80
14714010,57,31,-2,82
14714520,82,34,5,77
14715030,5,61,-1,78
14715540,30,52,1,77
14716050,73,6,-6,83
14716560,88,16,4,79
14717070,1,43,2,77
14717580,26,34,-3,80
14718090,8,84,3,77
14718600,24,34,-7,84
14719110,76,41,6,78
14719620,101,68,-2,80
14720130,24,95,0,80
14720640,69,46,-3,83
14721150,94,49,1,82
14721660,17,76,7,75
14722170,20,67,0,75
14722680,23,58,-4,79
14723190,66,49,-3,82
14723700,91,32,1,81
14724210,14,59,12,69
14724720,24,50,-15,84
14725230,67,17,5,79
14725740,82,44,-3,82
14726250,5,71,6,76
14726760,30,62,0,76
14727270,12,16,-12,88
14727780,37,23,11,77
14728290,42,30,-2,79
14728800,100,41,-4,83
14729310,23,68,4,79
14729820,66,59,-5,84
14730330,89,42,4,80
14730840,12,69,8,72
14731350,22,60,-6,78
14731860,65,8,-7,85
14732370,80,18,7,78
14732880,95,45,-3,81
14733390,18,72,6,75
14733900,61,63,-6,81
14734410,43,37,-6,87
14734920,22,48,9,78
14735430,65,15,-5,83
14735940,80,42,6,77
14736450,3,69,1,76
14736960,28,19,-6,82
14737470,38,30,3,79
14737980,20,99,4,75
14738490,101,90,-13,88
14739000,21,91,8,80
14739510,31,82,9,71
14740020,13,73,1,70
14740530,23,64,-4,74
14741040,66,55,-5,79
14741550,91,39,-4,83
14742060,14,66,6,77
14742570,24,57,0,77
14743080,67,19,-1,78
14743590,82,46,-5,83
14744100,5,73,9,74
14744610,21,64,0,74
14745120,73,55,-10,84
14745630,98,56,7,77
14746140,21,83,4,73
14746650,64,74,-5,78
14747160,46,101,3,75
14747670,28,20,-7,82
14748180,92,31,-1,83
14748690,15,58,9,74
14749200,18,49,-8,82
14749710,61,11,6,76
14750220,76,38,-3,79
14750730,101,65,6,73
14751240,24,92,1,72
14751750,3,83,-10,82
14752260,28,36,1,81
14752770,80,47,1,80
14753280,3,74,1,79
14753790,19,24,-8,87
14754300,71,63,3,84
14754810,90,64,3,81
14755320,13,91,-3,84
14755830,29,82,8,76
14756340,72,73,0,76
14756850,54,100,0,76
14757360,36,19,-2,78
14757870,94,37,-10,88
14758380,17,64,17,71
14758890,60,55,-10,81
14759400,44,66,-5,86
14759910,26,33,0,86
14760420,78,72,0,86
14760930,97,56,13,73
14761440,20,83,-4,77
14761950,72,74,-7,84
14762460,54,2,3,81
14762970,36,12,6,75
14763480,18,30,-5,80
14763990,0,37,-4,84
14764500,43,28,4,80
14765010,48,46,5,75
14765520,30,57,0,75
14766030,73,24,-3,78
14766540,98,51,6,72
14767050,21,78,-4,76
14767560,23,69,2,74
14768070,75,60,-5,79
14768580,94,44,-1,80
14769090,17,71,4,76
14769600,92,62,0,76
14770110,15,89,4,72
14770620,31,80,-1,73
14771130,13,71,-6,79
14771640,29,62,5,74
14772150,72,16,-13,87
14772660,87,26,6,81
14773170,10,53,2,79
14773680,35,44,0,79
14774190,17,11,0,79
14774700,56,24,-3,82
14775210,81,31,-2,84
14775720,4,58,10,74
14776230,29,49,0,74
14776740,11,16,-12,86
14777250,39,55,10,76
14777760,21,22,-6,82
14778270,73,61,-4,86
14778780,92,44,12,74
14779290,15,71,5,69
14779800,31,62,-8,77
14780310,74,53,-2,79
14780820,99,36,3,76
14781330,22,63,-1,77
14781840,65,54,-3,80
14782350,47,38,-4,84
14782860,29,5,4,80
14783370,93,23,-1,81
14783880,6,50,7,74
14784390,22,41,-9,83
14784900,65,80,4,79
14785410,47,67,7,72
14785920,29,54,-7,79
14786430,72,21,3,76
14786940,87,48,-5,81
14787450,10,75,6,75
14787960,26,66,-1,76
14788470,78,57,-2,78
14788980,1,58,6,72
14789490,26,49,-5,77
14790000,69,16,2,75
14790510,84,77,-8,83
14791020,5,38,0,83
14791530,48,29,0,83
14792040,73,47,1,82
14792550,98,30,-1,83
14793060,11,57,5,78
14793570,30,48,-2,80
14794080,82,59,-4,84
14794590,101,60,9,75
14795100,24,87,-1,76
14795610,27,78,4,72
14796120,79,69,-9,81
14796630,98,70,0,81
14797140,15,97,-1,82
14797650,31,88,3,79
14798160,13,79,3,76
14798670,29,70,-2,78
14799180,72,61,-1,79
14799690,86,45,-1,80
14800200,9,72,6,74
14800710,25,63,-6,80
14801220,68,54,-1,81
14801730,93,37,-2,83
14802240,16,64,7,76
14802750,19,55,0,76
14803260,62,46,-6,82
14803770,87,29,4,78
14804280,10,56,3,75
14804790,35,47,-1,76
14805300,17,14,-7,83
14805810,56,25,5,78
14806320,12,14,-2,80
14806830,51,1,0,80
14807340,33,11,1,79
14807850,48,29,-1,80
14808360,53,40,-4,84
14808870,35,51,10,74
14809380,17,18,-9,83
14809890,56,57,11,72
14810400,38,19,-3,75
14810910,96,26,-6,81
14811420,9,53,-1,82
14811930,34,44,3,79
14812440,16,55,-1,80
14812950,41,46,-1,81
14813460,93,57,0,81
14813970,16,84,4,77
14814480,32,75,8,69
14814990,14,66,-9,78
14815500,33,57,3,75
14816010,15,24,-3,78
14816520,58,63,3,75
14817030,40,50,-6,81
14817540,22,61,4,77
14818050,65,52,-2,79
14818560,90,63,-3,82
14819070,13,64,6,76
14819580,23,55,4,72
14820090,66,46,-6,78
14820600,91,29,-6,84
14821110,14,56,2,82
14821620,39,47,1,81
14822130,21,58,-4,85
14822640,64,12,2,83
14823150,79,39,0,83
14823660,2,66,4,79
14824170,27,16,-1,80
14824680,91,23,-1,81
14825190,4,50,9,72
14825700,29,41,-5,77
14826210,11,52,0,77
14826720,75,43,-6,83
14827230,100,26,3,80
14827740,13,53,2,78
14828250,12,44,-5,83
14828760,37,35,1,82
14829270,101,46,9,73
14829780,24,73,2,71
14830290,29,64,-9,80
14830800,72,55,0,80
14831310,97,38,-1,81
14831820,20,65,-2,83
14832330,45,56,1,82
14832840,27,23,1,81
14833350,1,30,3,78
14833860,26,27,-10,88
14834370,78,34,10,78
14834880,1,33,2,76
14835390,26,24,-2,78
14835900,78,31,-1,79
14836410,1,58,5,74
14836920,26,49,-4,78
14837430,69,3,-3,81
14837940,84,13,-6,87
14838450,99,23,2,85
14838960,12,33,2,83
14839470,37,30,5,78
14839980,0,48,4,74
14840490,25,57,2,72
14841000,68,48,-14,86
14841510,93,31,8,78
14842020,16,58,1,77
14842530,59,49,-6,83
14843040,41,60,10,73
14843550,23,27,-9,82
14844060,75,34,4,78
14844570,100,61,-3,81
14845080,23,88,9,72
14845590,75,39,-14,86
14846100,100,22,4,82
14846610,16,49,8,74
14847120,41,11,-4,78
14847630,23,29,4,74
14848140,75,36,-7,81
14848650,100,19,-3,84
14849160,13,46,5,79
14849670,38,37,-3,82
14850180,20,48,6,76
14850690,63,2,-5,81
14851200,45,12,11,70
14851710,27,22,-13,83
14852220,46,29,9,74
14852730,71,47,-4,78
14853240,96,49,-4,82
14853750,19,76,6,76
14854260,68,8,-4,80
14854770,83,18,1,79
14855280,98,45,-7,86
14855790,21,72,13,73
14856300,24,63,-2,75
14856810,67,54,-4,79
14857320,92,55,0,79
14857830,15,28,-2,81
14858340,40,35,1,80
14858850,22,46,-1,81
14859360,65,13,2,79
14859870,80,40,-2,81
14860380,3,67,3,78
14860890,28,17,-1,79
14861400,33,24,-3,82
14861910,93,31,-1,83
14862420,16,58,9,74
14862930,41,49,2,72
14863440,23,60,-2,74
14863950,75,51,-8,82
14864460,100,34,5,77
14864970,23,61,-2,79
14865480,66,52,-5,84
14865990,91,35,5,79
14866500,14,62,-1,80
14867010,39,53,6,74
14867520,21,20,-12,86
14868030,46,27,0,86
14868540,28,34,3,83
14869050,47,41,5,78
14869560,29,52,-2,80
14870070,72,19,6,74
14870580,87,46,-8,82
14871090,10,73,11,71
14871600,35,5,-3,74
14872110,17,23,-8,82
14872620,42,30,2,80
14873130,24,48,-3,83
14873640,67,2,8,75
14874150,49,21,-5,80
14874660,31,28,2,78
14875170,70,30,1,77
14875680,95,19,-11,88
14876190,8,46,10,78
14876700,33,37,-4,82
14877210,15,48,2,80
14877720,40,10,7,73
14878230,55,28,-5,78
14878740,80,35,-2,80
14879250,3,62,4,76
14879760,28,53,0,76
14880270,71,20,-2,78
14880780,86,47,1,77
14881290,9,48,4,73
14881800,34,10,-2,75
14882310,16,28,-9,84
14882820,68,35,4,80
14883330,93,24,-2,82
14883840,6,51,4,78
14884350,31,1,2,76
14884860,46,51,-2,78
14885370,28,18,-4,82
14885880,88,25,-2,84
14886390,11,52,6,78
14886900,27,43,1,77
14887410,79,10,-2,79
14887920,94,20,-4,83
14888430,7,47,6,77
14888940,32,38,0,77
14889450,84,49,-5,82
14889960,7,76,5,77
14890470,23,67,5,72
14890980,24,58,-7,79
14891490,67,20,1,78
14892000,92,47,-7,85
14892510,15,67,9,76
14893020,40,58,6,70
14893530,22,25,-16,86
14894040,74,32,7,79
14894550,99,59,1,78
14895060,22,86,-1,79
14895570,25,18,-2,81
14896080,44,25,-3,84
14896590,69,32,5,79
14897100,94,21,-7,86
14897610,7,48,11,75
14898120,32,39,-9,84
14898630,51,46,4,80
14899140,33,29,3,77
14899650,15,47,-7,84
14900160,43,38,4,80
14900670,25,5,2,78
14901180,89,12,-9,87
14901690,2,39,4,83
14902200,27,30,-5,88
14902710,79,37,11,77
14903220,2,64,0,77
14903730,27,55,2,75
14904240,2,46,-3,78
14904750,27,37,-2,80
14905260,79,44,4,76
14905770,2,71,-4,80
14906280,27,21,-5,85
14906790,46,28,4,81
14907300,71,46,-1,82
14907810,96,47,5,77
14908320,19,74,0,77
14908830,94,65,-2,79
14909340,17,92,-1,80
14909850,33,83,4,76
14910360,15,74,-2,78
14910870,31,65,11,67
14911380,13,56,-9,76
14911890,29,47,-3,79
14912400,81,14,1,78
14912910,96,41,1,77
14913420,19,68,-1,78
14913930,22,59,2,76
14914440,50,50,-5,81
14914950,32,33,5,76
14915460,14,16,-8,84
14915970,39,22,1,83
14916480,64,29,2,81
14916990,89,12,-8,89
14917500,2,22,12,77
14918010,27,19,-6,83
14918520,87,37,-1,84
14919030,10,64,9,75
14919540,26,55,-1,76
14920050,69,46,-4,80
14920560,94,29,-2,82
14921070,17,56,7,75
14921580,93,63,-7,82
14922090,16,64,9,73
14922600,31,55,-7,80
14923110,13,22,-1,81
14923620,38,29,-2,83
14924130,63,47,0,83
14924640,88,30,1,82
14925150,11,57,8,74
14925660,27,48,-3,77
14926170,91,15,-7,84
14926680,4,42,3,81
14927190,20,33,3,78
14927700,2,40,-3,81
14928210,27,31,-6,87
14928720,55,38,2,85
14929230,80,5,4,81
14929740,95,15,5,76
14930250,8,25,-6,82
14930760,51,22,4,78
14931270,33,29,-5,83
14931780,67,47,0,83
14932290,92,30,-4,87
14932800,15,57,12,75
14933310,17,48,-4,79
14933820,97,39,1,78
14934330,20,66,-1,79
14934840,23,57,1,78
14935350,26,48,-2,80
14935860,69,39,4,76
14936370,94,22,-13,89
14936880,7,32,14,75
14937390,32,23,-5,80
14937900,14,41,-2,82
14938410,42,32,3,79
14938920,24,50,3,76
14939430,67,41,-4,80
14939940,92,24,-3,83
14940450,5,51,8,75
14940960,30,42,-6,81
14941470,12,41,1,80
14941980,40,32,3,77
14942490,22,50,0,77
14943000,65,41,-8,85
14943510,90,39,8,77
14944020,13,66,0,77
14944530,29,57,0,77
14945040,72,48,-9,86
14945550,97,84,5,81
14946060,20,12,-2,83
14946570,45,18,9,74
14947080,27,25,-5,79
14947590,61,32,-4,83
14948100,86,39,2,81
14948610,9,66,6,75
14949120,25,57,0,75
14949630,0,48,1,74
14950140,25,39,-10,84
14950650,7,46,12,72
14951160,32,37,-8,80
14951670,14,40,1,79
14952180,42,31,2,77
14952690,67,100,-4,81
14953200,49,91,4,77
14953710,31,82,-1,78
14954220,13,73,1,77
14954730,29,64,5,72
14955240,72,55,-12,84
14955750,97,38,-4,88
14956260,20,65,15,73
14956770,23,56,1,72
14957280,66,47,-10,82
14957790,91,48,3,79
14958300,14,75,3,76
14958810,16,66,-1,77
14959320,32,57,-2,79
14959830,75,55,-7,86
14960340,100,38,10,76
14960850,23,65,2,74
14961360,66,56,-7,81
14961870,91,18,4,77
14962380,4,45,-1,78
14962890,29,36,-4,82
14963400,11,43,1,81
14963910,27,34,0,81
14964420,9,41,-1,82
14964930,37,32,2,80
14965440,19,101,3,77
14965950,35,33,-6,83
14966460,17,36,2,81
14966970,60,43,-2,83
14967480,85,10,4,79
14967990,100,37,-2,81
14968500,23,64,6,75
14969010,66,55,-4,79
14969520,91,38,-5,84
14970030,14,65,10,74
14970540,30,56,-4,78
14971050,73,23,-1,79
14971560,98,50,3,76
14972070,21,77,-1,77
14972580,23,68,1,76
14973090,66,59,-5,81
14973600,4,42,0,81
14974110,29,33,-5,86
14974620,63,36,5,81
14975130,88,19,-3,84
14975640,1,46,8,76
14976150,26,37,-6,82
14976660,8,44,1,81
14977170,33,35,1,80
14977680,42,46,4,76
14978190,24,57,-7,83
14978700,67,48,6,77
14979210,92,31,-7,84
14979720,15,58,9,75
14980230,31,49,-8,83
14980740,13,56,9,74
14981250,23,47,-10,84
14981760,75,9,7,77
14982270,90,36,0,77
14982780,13,63,-1,78
14983290,29,54,-2,80
14983800,72,21,-5,85
14984310,97,31,2,83
14984820,20,58,1,82
14985330,23,20,1,81
14985840,75,27,-1,82
14986350,100,54,12,70
14986860,23,81,-3,73
14987370,98,72,-6,79
14987880,21,73,2,77
14988390,24,64,2,75
14988900,27,55,-7,82
14989410,70,22,3,79
14989920,95,49,-2,81
14990430,18,76,6,75
14990940,93,67,-5,80
14991450,16,94,-5,85
14991960,32,83,11,74
14992470,14,74,-2,76
14992980,30,65,-4,80
14993490,73,56,3,77
14994000,98,39,-5,82
14994510,21,66,10,72
14995020,24,57,-5,77
14995530,67,19,4,73
14996040,92,46,-15,88
14996550,15,73,16,72
14997060,31,64,0,72
14997570,13,55,-7,79
14998080,38,46,7,72
14998590,20,13,-10,82
14999100,21,20,1,81
14999610,55,27,4,77
15000120,80,34,-5,82
15000630,3,61,9,73
15001140,35,52,-9,82
15001650,17,19,-6,88
15002160,42,26,8,80
15002670,100,33,-1,81
15003180,23,60,7,74
15003690,26,51,-4,78
15004200,69,18,-3,81
15004710,84,45,2,79
15005220,7,72,2,77
15005730,23,22,-8,85
15006240,57,29,6,79
15006750,82,36,-1,80
15007260,5,63,-1,81
15007770,30,13,2,79
15008280,12,20,-6,85
15008790,55,27,5,80
15009300,80,34,3,77
15009810,3,61,-1,78
15010320,28,11,2,76
15010830,10,18,-5,81
15011340,35,25,4,77
15011850,17,32,-4,81
15012360,60,26,-6,87
15012870,0,33,10,77
15013380,25,24,-6,83
15013890,77,31,2,81
15014400,0,58,5,76
15014910,25,8,-4,80
15015420,26,15,-1,81
15015930,62,22,4,77
15016440,87,11,-8,85
15016950,0,38,2,83
15017460,25,29,1,82
15017970,77,36,-1,83
15018480,0,25,3,80
15018990,25,22,-5,85
15019500,85,29,-1,86
15020010,8,56,9,77
15020520,24,47,-1,78
15021030,67,14,-4,82
15021540,82,41,3,79
15022050,5,42,-6,85
15022560,21,33,6,79
15023070,3,40,-9,88
15023580,28,31,4,84
15024090,80,38,2,82
15024600,3,65,8,74
15025110,89,15,-6,80
15025620,2,42,2,78
15026130,27,33,-4,82
15026640,79,40,2,80
15027150,2,41,-2,82
15027660,4,32,1,81
15028170,29,29,2,79
15028680,11,36,-2,81
15029190,36,27,2,79
15029700,18,34,-3,82
15030210,70,41,1,81
15030720,95,24,-7,88
15031230,8,51,15,73
15031740,24,42,-8,81
15032250,76,49,2,79
15032760,101,32,1,78
15033270,24,59,4,74
15033780,67,50,-7,81
15034290,92,33,-5,86
15034800,15,60,9,77
15035310,40,51,3,74
15035820,22,18,-7,81
15036330,65,25,-1,82
15036840,90,14,-3,85
15037350,3,41,6,79
15037860,19,32,-3,82
15038370,71,39,11,71
15038880,96,66,-9,80
15039390,19,93,4,76
15039900,35,82,3,73
15040410,17,1,-3,76
15040920,9,8,-8,84
15041430,12,21,2,82
15041940,37,28,5,77
15042450,19,46,-2,79
15042960,96,8,-4,83
15043470,9,18,5,78
15043980,34,24,5,73
15044490,39,31,-6,79
15045000,75,38,0,79
15045510,100,27,-5,84
15046020,23,54,4,80
15046530,100,16,0,80
15047040,13,26,0,80
15047550,65,33,-2,82
15048060,90,36,1,81
15048570,13,63,8,73
15049080,38,54,-3,76
15049590,20,65,1,75
15050100,23,54,-2,77
15050610,100,45,-1,78
15051120,23,14,-2,80
15051630,75,21,0,80
15052140,100,48,9,71
15052650,41,75,-6,77
15053160,23,66,1,76
15053670,75,57,-9,85
15054180,100,40,10,75
15054690,23,67,-1,76
15055200,26,58,1,75
15055710,69,20,-4,79
15056220,94,47,2,77
15056730,17,74,2,75
15057240,92,63,-8,83
15057750,15,64,9,74
15058260,25,55,-2,76
15058770,7,17,-4,80
15059280,32,14,4,76
15059790,57,32,-5,81
15060300,82,39,4,77
15060810,5,66,4,73
15061320,30,16,-6,79
15061830,55,23,0,79
15062340,37,30,-3,82
15062850,42,41,-1,83
15063360,24,52,0,83
15063870,67,41,3,80
15064380,92,63,-1,81
15064890,15,90,0,81
15065400,31,40,3,78
15065910,13,51,-4,82
15066420,38,42,5,77
15066930,20,53,-3,80
15067440,96,15,-4,84
15067950,9,42,0,84
15068460,52,33,5,79
15068970,77,51,2,77
15069480,0,52,0,77
15069990,25,2,5,72
15070500,89,98,-9,81
15071010,71,34,2,79
15071520,96,23,-5,84
15072030,19,50,2,82
15072540,44,12,7,75
15073050,26,19,-4,79
15073560,90,37,-2,81
15074070,13,64,9,72
15074580,23,55,-1,73
15075090,99,17,-9,82
15075600,12,27,-1,83
15076110,37,34,0,83
15076620,19,45,5,78
15077130,95,7,-10,88
15077640,8,37,6,82
15078150,33,28,2,80
15078660,98,35,-2,82
15079170,21,91,8,74
15079680,66,42,-12,86
15080190,91,25,5,81
15080700,14,52,1,80
15081210,39,43,5,75
15081720,21,54,-1,76
15082230,97,16,-11,87
15082740,10,26,6,81
15083250,35,23,-1,82
15083760,17,41,2,80
15084270,42,48,5,75
15084780,24,10,-4,79
15085290,31,4,6,73
15085800,13,100,-8,81
15086310,29,50,4,77
15086820,81,39,-8,85
15087330,4,66,6,79
15087840,29,16,-1,80
15088350,11,34,-5,85
15088860,36,31,9,76
15089370,29,20,-5,81
15089880,93,38,0,81
15090390,16,65,6,75
15090900,95,27,-6,81
15091410,18,54,2,79
15091920,17,16,-3,82
15092430,56,22,5,77
15092940,81,29,-3,80
15093450,4,56,4,76
15093960,29,6,-1,77
15094470,61,0,-1,78
15094980,37,19,1,77
15095490,62,37,-2,79
15096000,87,26,-4,83
15096510,10,53,9,74
15097020,26,44,-3,77
15097530,8,11,-5,82
15098040,33,63,4,78
15098550,15,25,-3,81
15099060,40,32,0,81
15099570,45,50,7,74
15100080,27,80,6,68
15100590,18,42,-14,82
15101100,61,4,1,81
15101610,37,34,5,76
15102120,19,45,-1,77
15102630,71,7,-3,80
15103140,86,34,0,80
15103650,9,61,10,70
15104160,34,11,-7,77
15104670,59,5,-3,80
15105180,35,15,7,73
15105690,60,33,-5,78
15106200,85,22,-6,84
15106710,8,49,4,80
15107220,24,40,5,75
15107730,6,47,-3,78
15108240,31,9,3,75
15108750,13,27,-9,84
15109260,56,34,1,83
15109770,81,23,-4,87
15110280,4,50,8,79
15110790,29,34,-3,82
15111300,81,45,3,79
15111810,4,72,-2,81
15112320,29,22,-6,87
15112830,89,29,5,82
15113340,12,56,2,80
15113850,28,18,2,78
15114360,92,36,-8,86
15114870,15,63,8,78
15115380,25,25,-4,82
15115890,89,32,0,82
15116400,12,42,2,80
15116910,37,4,10,70
15117420,19,54,-10,80
15117930,44,16,4,76
15118440,69,23,-11,87
15118950,94,33,9,78
15119460,17,60,-4,82
15119970,42,22,6,76
15120480,67,29,-3,79
15120990,92,18,-4,83
15121500,5,45,3,80
15122010,15,36,7,73
15122520,40,30,-6,79
15123030,98,28,-6,85
15123540,21,55,5,80
15124050,97,17,-7,87
15124560,10,27,3,84
15125070,35,24,4,80
15125580,17,31,6,74
15126090,69,38,-2,76
15126600,94,27,-9,85
15127110,17,54,7,78
15127620,93,16,-7,85
15128130,6,43,5,80
15128640,31,34,-2,82
15129150,83,41,1,81
15129660,6,68,2,79
15130170,31,18,-2,81
15130680,50,25,1,80
15131190,75,32,-2,82
15131700,100,59,4,78
15132210,23,86,3,75
15132720,68,48,-4,79
15133230,93,31,-10,89
15133740,16,58,14,75
15134250,15,20,-10,85
15134760,10,27,1,84
15135270,5,34,-6,90
15135780,69,25,4,86
15136290,94,52,8,78
15136800,17,79,5,73
15137310,33,68,-4,77
15137820,8,59,-2,79
15138330,33,43,1,78
15138840,85,5,-5,83
15139350,100,15,3,80
15139860,13,25,-4,84
15140370,65,32,7,77
15140880,90,21,-8,85
15141390,3,48,8,77
15141900,28,39,-4,81
15142410,80,46,3,78
15142920,3,73,1,77
15143430,19,23,-8,85
15143940,71,30,8,77
15144450,96,57,-2,79
15144960,19,84,1,78
15145470,35,73,-1,79
15145980,87,42,0,79
15146490,10,69,2,77
15147000,26,19,-2,79
15147510,86,37,-4,83
15148020,9,64,5,78
15148530,34,48,3,75
15149040,86,15,-10,85
15149550,101,42,4,81
15150060,35,69,7,74
15150570,17,60,-9,83
15151080,16,22,-5,88
15151590,80,29,1,87
15152100,3,56,9,78
15152610,67,40,-8,86
15153120,92,29,6,80
15153630,15,73,6,74
15154140,67,5,-9,83
15154650,43,24,9,74
15155160,101,31,-6,80
15155670,24,58,-3,83
15156180,76,20,2,81
15156690,91,47,-2,83
15157200,14,74,9,74
15157710,30,63,-5,79
15158220,82,25,-4,83
15158730,5,52,2,81
15159240,21,36,-2,83
15159750,73,43,2,81
15160260,98,32,3,78
15160770,49,59,5,73
15161280,31,21,-2,75
15161790,91,39,-6,81
15162300,14,66,7,74
15162810,24,57,1,73
15163320,76,19,-5,78
15163830,91,46,-3,81
15164340,14,73,8,73
15164850,24,23,-13,86
15165360,76,30,5,81
15165870,101,57,6,75
15166380,24,7,-4,79
15166890,76,1,-2,81
15167400,53,20,-4,85
15167910,9,27,3,82
15168420,91,33,0,82
15168930,14,60,5,77
15169440,24,22,-3,80
15169950,76,29,1,79
15170460,101,56,1,78
15170970,24,83,4,74
15171480,1,45,-2,76
15171990,26,29,0,76
15172500,78,36,-2,78
15173010,1,63,3,75
15173520,26,13,-10,85
15174030,27,31,2,83
15174540,79,38,4,79
15175050,2,65,2,77
15175560,12,15,-6,83
15176070,24,21,5,78
15176580,76,28,0,78
15177090,101,55,2,76
15177600,24,82,1,75
15178110,76,44,-6,81
15178620,101,33,2,79
15179130,24,60,3,76
15179640,76,22,-4,80
15180150,101,49,4,76
15180660,24,76,-1,77
15181170,76,38,-8,85
15181680,101,27,-1,86
15182190,14,54,9,77
15182700,24,16,0,77
15183210,76,23,-2,79
15183720,101,50,-1,80
15184230,24,77,4,76
15184740,76,39,-2,78
15185250,101,66,2,76
15185760,24,93,-2,78
15186270,69,85,0,78
15186780,51,10,-2,80
15187290,66,20,1,79
15187800,81,47,-2,81
15188310,4,36,-2,83
15188820,29,27,2,81
15189330,22,34,-4,85
15189840,74,41,-4,89
15190350,99,30,8,81
15190860,22,57,5,76
15191370,74,19,-7,83
15191880,89,46,5,78
15192390,12,73,7,71
15192900,28,5,-11,82
15193410,80,55,-3,85
15193920,3,56,8,77
15194430,28,47,2,75
15194940,80,14,-10,85
15195450,95,41,8,77
15195960,18,68,0,77
15196470,97,59,1,76
15196980,20,86,5,71
15197490,65,75,-4,75
15198000,47,11,-6,81
15198510,29,30,0,81
15199020,81,37,5,76
15199530,2,64,0,76
15200040,18,48,-3,79
15200550,43,42,-3,82
15201060,36,53,7,75
15201570,88,20,-7,82
15202080,1,47,2,80
15202590,26,31,5,75
15203100,78,38,-2,77
15203610,1,65,-2,79
15204120,26,15,-7,86
15204630,33,22,6,80
15205140,97,29,5,75
15205650,20,56,0,75
15206160,76,18,-7,82
15206670,91,95,-1,83
15207180,12,20,-4,87
15207690,37,27,5,82
15208200,95,34,1,81
15208710,18,61,3,78
15209220,28,23,-8,86
15209730,80,30,5,81
15210240,3,57,3,78
15210750,28,41,-7,85
15211260,80,48,8,77
15211770,3,75,1,76
15212280,19,25,-6,82
15212790,71,32,2,80
15213300,96,21,-4,84
15213810,9,48,5,79
15214320,25,39,0,79
15214830,77,46,-2,81
15215340,0,35,-4,85
15215850,25,26,-4,89
15216360,77,44,7,82
15216870,0,71,4,78
15217380,16,21,-7,85
15217890,41,28,9,76
15218400,66,39,-1,77
15218910,91,28,-5,82
15219420,14,55,2,80
15219930,13,17,-9,89
15220440,14,24,4,85
15220950,66,31,8,77
15221460,91,20,-3,80
15221970,4,47,2,78
15222480,29,38,3,75
15222990,81,49,-5,80
15223500,4,79,7,73
15224010,20,29,-8,81
15224520,72,36,2,79
15225030,97,63,-1,80
15225540,20,90,3,77
15226050,19,22,-6,83
15226560,71,29,1,82
15227070,96,18,4,78
15227580,9,45,-2,80
15228090,34,36,3,77
15228600,99,47,-3,80
15229110,22,74,5,75
15229620,74,65,-7,82
15230130,96,27,-4,86
15230640,9,54,11,75
15231150,25,45,-2,77
15231660,77,52,-2,79
15232170,0,53,10,69
15232680,10,37,-6,75
15233190,13,28,-12,87
15233700,38,35,8,79
15234210,31,46,1,78
15234720,83,57,-2,80
15235230,6,58,9,71
15235740,22,42,-8,79
15236250,74,9,-4,83
15236760,50,36,-2,85
15237270,32,47,3,82
15237780,75,14,1,81
15238290,90,41,0,81
15238800,13,68,6,75
15239310,29,59,-3,78
15239820,81,21,-5,83
15240330,96,48,5,78
15240840,19,75,7,71
15241350,98,59,-7,78
15241860,21,86,2,76
15242370,66,18,-1,77
15242880,81,45,-9,86
15243390,4,72,8,78
15243900,20,56,4,74
15244410,72,18,-10,84
15244920,87,45,3,81
15245430,10,72,10,71
15245940,26,63,-8,79
15246450,78,54,-2,81
15246960,94,81,3,78
15247470,6,6,3,75
15247980,9,19,-7,82
15248490,12,25,-3,85
15249000,13,32,2,83
15249510,38,26,1,82
15250020,1,37,8,74
15250530,17,28,-12,86
15251040,69,35,4,82
15251550,94,24,2,80
15252060,7,51,2,78
15252570,32,42,-1,79
15253080,84,53,-4,83
15253590,7,54,8,75
15254100,23,38,-4,79
15254610,75,45,-6,85
15255120,100,48,8,77
15255630,23,75,7,70
15256140,75,66,-10,80
15256650,89,28,-5,85
15257160,2,55,5,80
15257670,18,46,3,77
15258180,70,8,1,76
15258690,85,35,-2,78
15259200,8,62,3,75
15259710,24,53,2,73
15260220,76,15,-10,83
15260730,91,42,1,82
15261240,14,69,8,74
15261750,24,60,-8,82
15262260,25,22,-1,83
15262770,77,29,3,80
15263280,0,56,2,78
15263790,16,47,3,75
15264300,19,9,-7,82
15264810,22,16,1,81
15265320,74,23,0,81
15265830,89,50,2,79
15266340,39,77,3,76
15266850,91,68,-9,85
15267360,3,69,9,76
15267870,19,19,-7,83
15268380,71,26,5,78
15268890,96,53,-2,80
15269400,19,80,5,75
15269910,21,71,-1,76
15270420,73,62,-5,81
15270930,87,63,0,81
15271440,55,90,0,81
15271950,37,18,4,77
15272460,19,25,-5,82
15272970,71,32,6,76
15273480,96,21,-4,80
15273990,9,33,-5,85
15274500,52,39,9,76
15275010,83,50,-3,79
15275520,6,77,6,73
15276030,22,27,-10,83
15276540,74,34,1,82
15277050,99,61,1,81
15277560,22,88,4,77
15278070,97,79,-9,86
15278580,20,4,3,83
15279090,23,100,10,73
15279600,68,25,-5,78
15280110,93,52,3,75
15280620,16,79,1,74
15281130,26,70,-2,76
15281640,80,61,-9,85
15282150,94,62,10,75
15282660,48,89,0,75
15283170,91,80,-12,87
15283680,3,5,6,81
15284190,14,18,-2,83
15284700,66,25,3,80
15285210,91,35,-4,84
15285720,14,62,7,77
15286230,24,53,6,71
15286740,76,15,-6,77
15287250,91,42,-2,79
15287760,14,69,4,75
15288270,24,60,-1,76
15288780,76,51,-4,80
15289290,101,78,1,79
15289800,13,3,-1,80
15290310,16,21,-4,84
15290820,68,28,5,79
15291330,93,17,-5,84
15291840,6,44,4,80
15292350,16,35,-6,86
15292860,59,42,2,84
15293370,84,53,8,76
15293880,7,80,3,73
15294390,23,30,-10,83
15294900,75,37,1,82
15295410,100,64,-1,83
15295920,23,91,7,76
15296430,68,82,-5,81
15296940,50,7,5,76
15297450,26,17,-1,77
15297960,78,28,-5,82
15298470,1,55,4,78
15298980,26,46,-2,80
15299490,78,13,-4,84
15300000,93,40,8,76
15300510,16,67,4,72
15301020,68,58,-7,79
