step_time,gneJ00_offset,gneJ9_offset,reward,queue_sum
1020,24,35,-9,84
1530,45,42,8,76
2040,66,24,-5,81
2550,80,95,0,81
3060,57,30,7,74
3570,71,99,1,73
4080,48,58,-3,76
4590,14,47,-8,84
5100,36,50,-2,86
5610,57,39,8,78
6120,70,59,7,71
6630,28,81,-9,80
7140,38,40,4,76
7650,59,22,1,75
8160,73,93,-8,83
8670,94,82,1,82
9180,52,17,9,73
9690,66,88,-9,82
10200,43,77,-2,84
10710,64,66,3,81
11220,6,55,-5,86
11730,16,14,6,80
12240,37,98,-2,82
12750,58,57,7,75
13260,16,77,-6,81
13770,26,36,2,79
14280,47,39,4,75
14790,68,59,-3,78
15300,26,45,3,75
15810,36,34,-10,85
16320,57,16,11,74
16830,71,87,-8,82
17340,48,22,9,73
17850,54,15,1,72
18360,68,86,-12,84
18870,89,21,10,74
19380,1,38,-2,76
19890,11,41,-4,80
20400,21,44,-5,85
20910,31,47,6,79
21420,52,36,4,75
21930,73,56,-4,79
22440,50,52,2,77
22950,71,72,0,77
23460,48,7,2,75
23970,61,80,-6,81
24480,38,69,6,75
24990,59,58,-3,78
25500,17,78,-6,84
26010,27,37,2,82
26520,48,26,9,73
27030,61,46,2,71
27540,35,66,-8,79
28050,56,55,2,77
28560,54,75,-2,79
29070,64,64,1,78
29580,41,53,-10,88
30090,62,42,12,76
30600,60,38,2,74
31110,58,34,-2,76
31620,71,27,-4,80
32130,85,98,-3,83
32640,4,33,2,81
33150,14,36,-3,84
33660,36,39,7,77
34170,57,95,1,76
34680,34,54,-6,82
35190,44,43,-1,83
35700,65,25,7,76
36210,79,96,-4,80
36720,100,31,-3,83
37230,12,68,4,79
37740,22,27,-4,83
38250,47,9,4,79
38760,60,82,-7,86
39270,81,71,7,79
39780,39,6,3,76
40290,52,79,-9,85
40800,73,68,3,82
41310,31,88,-3,85
41820,41,47,10,75
42330,62,36,1,74
42840,75,29,0,74
43350,89,100,-7,81
43860,8,35,-2,83
44370,18,42,-4,87
44880,40,49,7,80
45390,61,38,-1,81
45900,74,34,3,78
46410,88,27,-1,79
46920,0,44,-5,84
47430,10,47,3,81
47940,20,50,-3,84
48450,30,53,-1,85
48960,40,42,-1,86
49470,61,31,12,74
49980,75,27,-5,79
50490,36,98,-1,80
51000,46,57,-3,83
51510,67,46,5,78
52020,41,42,3,75
52530,62,24,-1,76
53040,76,20,4,72
53550,90,91,-7,79
54060,48,26,6,73
54570,62,8,0,73
55080,36,81,-11,84
55590,57,40,7,77
56100,35,60,-8,85
56610,45,49,7,78
57120,66,38,4,74
57630,53,34,-2,76
58140,66,16,1,75
58650,80,87,-6,81
59160,57,22,7,74
59670,71,93,-7,81
60180,48,28,11,70
60690,61,21,-5,75
61200,75,92,-5,80
61710,52,27,10,70
62220,66,20,-2,72
62730,80,91,-8,80
63240,91,26,2,78
63750,3,63,-9,87
64260,13,100,7,80
64770,23,35,-7,87
65280,44,42,12,75
65790,65,31,0,75
66300,79,27,-4,79
66810,93,44,-1,80
67320,5,33,-7,87
67830,15,84,7,80
68340,25,43,2,78
68850,35,32,3,75
69360,56,14,0,75
69870,52,87,-9,84
70380,73,46,8,76
70890,60,42,1,75
71400,58,62,1,74
71910,56,51,0,74
72420,14,71,-10,84
72930,24,30,3,81
73440,45,19,3,78
73950,58,39,7,71
74460,36,82,-15,86
74970,57,41,11,75
75480,55,23,3,72
75990,69,94,-9,81
76500,90,83,3,78
77010,48,18,1,77
77520,61,61,0,77
78030,59,81,-6,83
78540,36,70,-3,86
79050,57,59,9,77
79560,55,48,3,74
80070,76,17,4,70
80580,68,33,-7,77
81090,82,26,-2,79
81600,96,43,-6,85
82110,8,80,0,85
82620,18,39,5,80
83130,28,46,-2,82
83640,38,35,8,74
84150,59,17,0,74
84660,44,88,-9,83
85170,54,47,7,76
85680,52,67,-10,86
86190,29,56,5,81
86700,39,45,5,76
87210,60,34,7,69
87720,74,27,-5,74
88230,88,98,-8,82
88740,7,33,-1,83
89250,29,40,1,82
89760,50,29,10,72
90270,63,22,-14,86
90780,48,48,8,78
91290,46,37,2,76
91800,67,19,-1,77
92310,54,90,-4,81
92820,75,49,3,78
93330,73,45,2,76
93840,60,41,-3,79
94350,58,37,0,79
94860,56,19,10,69
95370,52,90,-9,78
95880,29,49,-5,83
96390,39,38,5,78
96900,60,20,4,74
97410,45,37,-3,77
97920,66,93,-8,85
98430,87,52,15,70
98940,74,41,-3,73
99450,61,54,-3,76
99960,19,74,-10,86
100470,29,33,7,79
100980,50,15,8,71
101490,64,88,-10,81
102000,41,77,-6,87
102510,51,66,5,82
103020,28,55,2,80
103530,38,44,0,80
104040,59,33,7,73
104550,46,26,-2,75
105060,59,8,-4,79
105570,33,81,-3,82
106080,54,40,5,77
106590,75,7,-1,78
107100,49,80,-7,85
107610,26,69,-2,87
108120,36,28,12,75
108630,57,10,2,73
109140,53,83,-8,81
109650,30,72,-1,82
110160,51,31,11,71
110670,64,13,-8,79
111180,78,86,1,78
111690,89,21,2,76
112200,1,47,-10,86
112710,11,50,6,80
113220,21,53,-4,84
113730,31,56,2,82
114240,41,45,-5,87
114750,62,34,8,79
115260,49,27,3,76
115770,62,9,-3,79
116280,58,82,-1,80
116790,35,71,1,79
117300,56,60,1,78
117810,54,49,-1,79
118320,75,31,1,78
118830,89,24,2,76
119340,1,61,-1,77
119850,11,2,-4,81
120360,32,86,1,80
120870,42,45,3,77
121380,23,65,-4,81
121890,33,68,-5,86
122400,54,71,9,77
122910,31,60,-8,85
123420,41,49,4,81
123930,62,38,10,71
124440,60,34,-2,73
124950,47,16,-4,77
125460,60,89,-7,84
125970,37,78,-1,85
126480,58,37,15,70
126990,56,19,0,70
127500,70,90,-17,87
128010,47,79,1,86
128520,24,68,3,83
129030,34,27,7,76
129540,55,9,-3,79
130050,68,82,0,79
130560,45,17,6,73
131070,58,86,-8,81
131580,35,45,3,78
132090,56,34,3,75
132600,69,1,4,71
133110,43,74,-9,80
133620,20,63,-1,81
134130,30,22,8,73
134640,51,4,-5,78
135150,47,77,-3,81
135660,24,66,-2,83
136170,34,25,6,77
136680,55,7,4,73
137190,51,80,-9,82
137700,72,69,5,77
138210,30,89,-2,79
138720,40,48,-2,81
139230,61,37,5,76
139740,35,4,0,76
140250,47,77,-6,82
140760,68,66,6,76
141270,26,1,3,73
141780,38,74,-6,79
142290,59,77,-1,80
142800,36,66,-8,88
143310,46,55,9,79
143820,67,44,6,73
144330,65,40,-4,77
144840,52,7,-3,80
145350,65,80,-3,83
145860,42,69,0,83
146370,52,58,12,71
146880,73,47,-3,74
147390,47,43,-2,76
147900,68,63,-1,77
148410,26,83,-3,80
148920,36,42,-4,84
149430,57,30,10,74
149940,71,99,-5,79
150450,48,58,-3,82
150960,69,47,8,74
151470,67,43,-6,80
151980,65,10,5,75
152490,39,27,-2,77
153000,60,9,2,75
153510,34,82,-4,79
154020,44,41,3,76
154530,65,23,-2,78
155040,79,94,-2,80
155550,100,29,-4,84
156060,12,55,1,83
156570,80,14,3,80
157080,72,40,8,72
157590,86,33,-3,75
158100,100,50,-1,76
158610,12,30,-4,80
159120,34,33,2,78
159630,55,15,7,71
160140,69,86,-6,77
160650,46,21,6,71
161160,60,90,-7,78
161670,81,7,-2,80
162180,55,80,-2,82
162690,32,69,-4,86
163200,53,58,8,78
163710,51,47,0,78
164220,49,29,2,76
164730,62,98,-6,82
165240,39,57,-2,84
165750,61,46,11,73
166260,35,65,-13,86
166770,56,54,6,80
167280,22,43,-3,83
167790,32,46,1,82
168300,53,35,3,79
168810,66,17,2,77
169320,80,44,1,76
169830,94,33,-5,81
170340,6,70,1,80
170850,28,29,2,78
171360,49,18,5,73
171870,63,61,-6,79
172380,61,81,-7,86
172890,38,70,2,84
173400,59,59,7,77
173910,57,48,-1,78
174420,78,72,0,78
174930,36,94,-6,84
175440,57,53,8,76
175950,55,73,0,76
176460,32,62,-11,87
176970,42,51,9,78
177480,63,40,8,70
177990,61,7,-11,81
178500,35,78,-2,83
179010,56,37,11,72
179520,69,4,-1,73
180030,43,75,-8,81
180540,64,34,7,74
181050,70,73,-6,80
181560,47,62,2,78
182070,24,51,-6,84
182580,34,40,4,80
183090,55,29,3,77
183600,69,22,0,77
184110,83,39,3,74
184620,97,19,-4,78
185130,53,22,3,75
185640,67,18,2,73
186150,81,45,-5,78
186660,95,25,2,76
187170,7,42,-8,84
187680,29,45,2,82
188190,51,34,11,71
188700,49,16,-2,73
189210,63,59,-3,76
189720,61,79,-9,85
190230,71,68,12,73
190740,69,90,-7,80
191250,46,79,-6,86
191760,67,38,11,75
192270,81,34,-4,79
192780,95,14,-1,80
193290,7,0,-5,85
193800,28,99,11,74
194310,50,58,-3,77
194820,48,47,-3,80
195330,69,36,6,74
195840,83,32,-4,78
196350,97,34,-1,79
196860,9,71,2,77
197370,31,30,-1,78
197880,52,19,4,74
198390,66,62,-6,80
198900,24,84,8,72
199410,46,43,-3,75
199920,44,63,-5,80
200430,66,52,6,74
200940,40,74,-9,83
201450,61,67,2,81
201960,59,56,6,75
202470,17,76,-4,79
202980,39,35,1,78
203490,60,17,0,78
204000,74,88,-6,84
204510,95,23,7,77
205020,7,60,-5,82
205530,29,19,5,77
206040,50,1,0,77
206550,63,74,-6,83
207060,40,63,6,77
207570,62,52,2,75
208080,20,19,-2,77
208590,41,1,0,77
209100,37,74,-11,88
209610,58,55,11,77
210120,56,58,-8,85
210630,54,78,0,85
211140,31,67,3,82
211650,41,26,9,73
212160,54,8,-2,75
212670,50,25,0,75
213180,64,94,3,72
213690,41,53,-5,77
214200,63,42,3,74
214710,76,38,-5,79
215220,90,18,-4,83
215730,46,21,10,73
216240,60,90,-11,84
216750,70,49,7,77
217260,26,29,-3,80
217770,47,32,7,73
218280,45,14,0,73
218790,59,83,-7,80
219300,36,72,-4,84
219810,58,75,2,82
220320,35,64,-4,86
220830,57,53,11,75
221340,55,73,-5,80
221850,32,62,-2,82
222360,42,65,-6,88
222870,52,54,12,76
223380,15,43,-5,81
223890,57,46,2,79
224400,55,66,0,79
224910,11,55,-5,84
225420,33,14,13,71
225930,45,83,-12,83
226440,22,42,-1,84
226950,44,45,9,75
227460,65,48,1,74
227970,63,44,-5,79
228480,76,40,2,77
228990,90,20,1,76
229500,46,57,-12,88
230010,67,46,13,75
230520,65,42,1,74
231030,63,9,-1,75
231540,37,26,-1,76
232050,58,8,-1,77
232560,72,41,-1,78
233070,86,21,4,74
233580,42,58,-15,89
234090,64,47,13,76
234600,62,14,-4,80
235110,76,41,0,80
235620,90,21,-1,81
236130,2,58,-2,83
236640,24,95,4,79
237150,46,54,-5,84
237660,68,43,7,77
238170,66,39,-2,79
238680,79,35,-2,81
239190,93,30,6,75
239700,5,67,-6,81
240210,27,26,0,81
240720,48,8,6,75
241230,44,81,-11,86
241740,65,84,6,80
242250,89,19,-2,82
242760,1,56,3,79
243270,23,15,-1,80
243780,35,99,5,75
244290,57,58,-9,84
244800,78,78,6,78
245310,89,13,2,76
245820,45,50,-4,80
246330,66,53,6,74
246840,22,75,-10,84
247350,44,34,5,79
247860,65,16,6,73
248370,79,33,-3,76
248880,93,28,3,73
249390,5,65,-8,81
249900,4,24,-3,84
250410,26,27,6,78
250920,47,30,1,77
251430,59,99,0,77
251940,36,58,-10,87
252450,58,61,6,81
252960,56,64,2,79
253470,54,53,5,74
253980,52,56,-8,82
254490,74,59,8,74
255000,30,81,-6,80
255510,40,40,1,79
256020,61,22,7,72
256530,75,39,-6,78
257040,89,34,1,77
257550,1,51,-8,85
258060,23,88,3,82
258570,45,47,7,75
259080,43,50,-6,81
259590,39,35,-2,83
260100,60,17,9,74
260610,74,34,-7,81
261120,88,27,2,79
261630,0,64,-8,87
262140,22,23,4,83
262650,34,26,11,72
263160,55,18,-3,75
263670,69,35,0,75
264180,83,28,-8,83
264690,97,31,10,73
265200,9,68,-10,83
265710,31,27,3,80
266220,52,9,4,76
266730,48,80,-7,83
267240,69,39,14,69
267750,83,34,-12,81
268260,97,36,1,80
268770,9,73,1,79
269280,31,32,1,78
269790,52,14,6,72
270300,66,85,-6,78
270810,43,20,3,75
271320,57,2,-1,76
271830,53,75,-5,81
272340,30,64,2,79
272850,40,67,-4,83
273360,50,70,4,79
273870,72,59,-3,82
274380,28,81,6,76
274890,38,40,-6,82
275400,59,22,12,70
275910,73,93,-13,83
276420,75,28,4,79
276930,89,99,-2,81
277440,8,34,-4,85
277950,30,37,3,82
278460,51,40,8,74
278970,72,22,-5,79
279480,37,25,5,74
279990,58,7,-6,80
280500,32,78,-3,83
281010,53,37,7,76
281520,66,19,0,76
282030,80,90,-2,78
282540,57,25,7,71
283050,71,18,-6,77
283560,21,21,-7,84
284070,42,3,6,78
284580,54,76,-3,81
285090,31,65,0,81
285600,41,68,-4,85
286110,51,57,9,76
286620,49,46,1,75
287130,15,28,-10,85
287640,36,31,11,74
288150,57,13,-3,77
288660,71,33,1,76
289170,85,26,-3,79
289680,99,63,-3,82
290190,22,43,-5,87
290700,44,46,13,74
291210,65,49,-2,76
291720,21,35,-6,82
292230,42,38,3,79
292740,63,20,5,74
293250,77,37,-8,82
293760,91,17,-1,83
294270,78,54,4,79
294780,34,34,5,74
295290,55,16,-4,78
295800,69,87,-4,82
296310,46,22,8,74
296820,60,4,-3,77
297330,34,75,-7,84
297840,55,78,-1,85
298350,32,67,4,81
298860,42,70,1,80
299370,52,59,7,73
299880,50,48,-8,81
300390,71,30,5,76
300900,85,25,-5,81
301410,99,62,3,78
301920,22,42,-9,87
302430,32,45,4,83
302940,54,34,5,78
303450,67,1,1,77
303960,41,74,-6,83
304470,51,77,1,82
304980,28,66,0,82
305490,49,69,-5,87
306000,71,58,10,77
306510,27,95,-1,78
307020,37,54,-10,88
307530,58,43,16,72
308040,56,10,-6,78
308550,52,81,-6,84
309060,29,84,-3,87
309570,39,43,5,82
310080,60,32,14,68
310590,74,25,-14,82
311100,88,42,8,74
311610,0,22,-7,81
312120,22,25,5,76
312630,44,28,4,72
313140,57,10,-6,78
313650,53,81,-5,83
314160,30,70,-5,88
314670,40,73,7,81
315180,61,76,2,79
315690,38,65,-3,82
316200,59,54,3,79
316710,17,36,-5,84
317220,39,39,0,84
317730,60,21,5,79
318240,74,92,-1,80
318750,51,27,5,75
319260,65,9,-5,80
319770,39,80,0,80
320280,49,39,2,78
320790,70,21,4,74
321300,84,38,-1,75
321810,98,40,-4,79
322320,10,77,1,78
322830,32,36,1,77
323340,53,18,4,73
323850,67,89,-2,75
324360,44,24,0,75
324870,57,6,0,75
325380,53,77,-8,83
325890,30,66,3,80
326400,40,25,5,75
326910,52,7,5,70
327420,48,78,-15,85
327930,25,81,-2,87
328440,35,40,11,76
328950,56,29,4,72
329460,70,22,-3,75
329970,84,93,-2,77
330480,95,28,-7,84
330990,7,65,3,81
331500,29,24,4,77
332010,50,6,2,75
332520,46,77,-9,84
333030,23,80,-3,87
333540,45,39,13,74
334050,66,21,1,73
334560,80,92,-11,84
335070,57,27,7,77
335580,71,40,4,73
336090,84,20,-7,80
336600,98,57,-4,84
337110,10,37,6,78
337620,32,40,-3,81
338130,53,43,9,72
338640,51,10,-8,80
339150,47,81,-6,86
339660,57,84,13,73
340170,34,43,-9,82
340680,55,32,10,72
341190,68,101,-10,82
341700,89,60,2,80
342210,0,40,-3,83
342720,22,43,-3,86
343230,32,46,8,78
343740,54,35,4,74
344250,75,2,1,73
344760,49,47,-1,74
345270,70,16,-1,75
345780,84,87,-4,79
346290,3,22,-2,81
346800,25,25,0,81
347310,46,28,5,76
347820,59,10,0,76
348330,73,81,-3,79
348840,50,16,7,72
349350,64,87,-4,76
349860,41,76,-8,84
350370,62,79,0,84
350880,39,68,-2,86
351390,60,35,11,75
351900,73,2,3,72
352410,47,73,-11,83
352920,68,76,5,78
353430,20,11,-1,79
353940,32,95,4,75
354450,53,54,1,74
354960,74,23,-6,80
355470,88,40,5,75
355980,0,20,-1,76
356490,22,23,-5,81
357000,43,26,7,74
357510,64,8,-3,77
358020,38,79,-3,80
358530,59,82,6,74
359040,36,71,-13,87
359550,57,74,9,78
360060,34,43,-4,82
360570,55,46,6,76
361080,76,13,-7,83
361590,72,84,1,82
362100,49,19,12,70
362610,63,88,-10,80
363120,40,47,-3,83
363630,61,50,11,72
364140,19,17,-8,80
364650,40,101,4,76
365160,61,60,1,75
365670,19,29,-5,80
366180,40,32,2,78
366690,61,14,0,78
367200,46,85,-3,81
367710,67,44,9,72
368220,80,11,-4,76
368730,93,28,1,75
369240,5,65,-7,82
369750,27,24,6,76
370260,48,6,3,73
370770,44,77,-8,81
371280,65,36,12,69
371790,79,3,-7,76
372300,53,48,-5,81
372810,74,15,2,79
373320,88,18,1,78
373830,0,55,-4,82
374340,22,14,2,80
374850,34,98,6,74
375360,55,57,-9,83
375870,13,60,0,83
376380,35,19,6,77
376890,47,88,-5,82
377400,68,47,8,74
377910,40,14,-3,77
378420,53,83,-9,86
378930,74,86,9,77
379440,95,21,-2,79
379950,51,58,-1,80
380460,72,61,1,79
380970,30,83,-2,81
381480,51,42,4,77
381990,72,24,1,76
382500,86,95,-2,78
383010,5,30,-5,83
383520,27,33,4,79
384030,48,36,6,73
384540,69,18,-1,74
385050,83,89,-7,81
385560,2,24,3,78
386070,24,27,-1,79
386580,45,30,2,77
387090,66,12,5,72
387600,62,83,-4,76
388110,39,72,-9,85
388620,60,75,2,83
389130,37,4,2,81
389640,49,77,5,76
390150,26,80,-10,86
390660,47,39,11,75
391170,68,6,-3,78
391680,42,51,-2,80
392190,8,40,-1,81
392700,30,43,-3,84
393210,51,46,7,77
393720,72,28,-2,79
394230,86,99,3,76
394740,5,34,-2,78
395250,27,37,-4,82
395760,50,40,8,74
396270,71,7,-7,81
396780,45,52,0,81
397290,66,55,9,72
397800,24,22,-3,75
398310,45,25,2,73
398820,58,7,-9,82
399330,54,78,-5,87
399840,31,67,1,86
400350,41,70,9,77
400860,18,29,-6,83
401370,40,32,3,80
401880,61,14,7,73
402390,75,85,-12,85
402900,52,20,17,68
403410,66,91,-13,81
403920,43,80,-5,86
404430,64,83,4,82
404940,41,72,2,80
405450,18,75,-4,84
405960,40,34,9,75
406470,61,1,-3,78
406980,35,72,-2,80
407490,56,39,10,70
408000,69,6,1,69
408510,43,77,-16,85
409020,20,80,4,81
409530,42,39,2,79
410040,63,21,2,77
410550,77,92,-4,81
411060,54,27,6,75
411570,68,96,0,75
412080,45,85,-8,83
412590,66,44,5,78
413100,79,11,4,74
413610,62,82,-9,83
414120,39,71,0,83
414630,16,74,-3,86
415140,38,33,6,80
415650,59,15,6,74
416160,73,86,-7,81
416670,50,21,15,66
417180,64,90,-12,78
417690,41,79,-7,85
418200,18,82,6,79
418710,40,41,4,75
419220,61,44,3,72
419730,59,11,-1,73
420240,55,82,-10,83
420750,76,85,2,81
421260,53,20,11,70
421770,67,91,-4,74
422280,44,80,-7,81
422790,65,83,5,76
423300,42,72,-13,89
423810,63,75,12,77
424320,40,63,-6,83
424830,17,66,-2,85
425340,39,25,8,77
425850,60,94,2,75
426360,37,53,-7,82
426870,59,56,8,74
427380,17,23,-10,84
427890,38,26,9,75
428400,59,8,3,72
428910,33,79,-11,83
429420,54,38,7,76
429930,67,5,6,70
430440,41,15,-9,79
430950,54,35,5,74
431460,67,2,-1,75
431970,41,73,-5,80
432480,62,76,5,75
432990,39,65,-8,83
433500,16,68,5,78
434010,38,27,3,75
434520,59,9,0,75
435030,55,80,-8,83
435540,32,69,-8,91
436050,42,72,4,87
436560,63,75,6,81
437070,40,64,-3,84
437580,17,53,-7,91
438090,39,8,17,74
438600,51,77,-8,82
439110,28,66,-2,84
439620,6,25,-3,87
440130,28,28,6,81
440640,49,31,7,74
441150,15,100,-5,79
441660,37,59,-9,88
442170,59,48,14,74
442680,17,15,-13,87
443190,38,99,11,76
443700,59,58,0,76
444210,17,25,-11,87
444720,38,32,13,74
445230,59,14,-3,77
445740,73,85,-8,85
446250,50,20,7,78
446760,64,91,-4,82
447270,41,80,-2,84
447780,62,83,2,82
448290,39,76,-3,85
448800,60,43,7,78
449310,58,10,-2,80
449820,72,81,3,77
450330,49,16,5,72
450840,63,85,-4,76
451350,40,74,-6,82
451860,17,41,-2,84
452370,39,44,3,81
452880,60,33,4,77
453390,74,0,-6,83
453900,48,3,2,81
454410,44,76,-1,82
454920,65,43,4,78
455430,42,27,2,76
455940,63,96,2,74
456450,40,55,-7,81
456960,61,44,9,72
457470,19,11,-14,86
457980,40,95,10,76
458490,61,54,2,74
459000,19,74,-7,81
459510,41,33,8,73
460020,62,0,-6,79
460530,36,3,1,78
461040,51,76,-4,82
461550,28,65,4,78
462060,38,68,-2,80
462570,59,71,-3,83
463080,36,60,4,79
463590,58,49,0,79
464100,16,16,-1,80
464610,31,19,0,80
465120,43,1,2,78
465630,39,74,-2,80
466140,61,77,-2,82
466650,38,66,2,80
467160,15,69,-4,84
467670,37,28,11,73
468180,58,10,-3,76
468690,43,74,-14,90
469200,64,63,14,76
469710,22,30,-9,85
470220,23,33,4,81
470730,45,40,6,75
471240,66,9,-1,76
471750,40,42,-1,77
472260,61,45,4,73
472770,76,12,0,73
473280,32,45,-12,85
473790,53,48,13,72
474300,66,15,-4,76
474810,80,48,-5,81
475320,67,28,4,77
475830,81,21,-6,83
476340,95,92,3,80
476850,53,27,1,79
477360,67,40,7,72
477870,54,20,2,70
478380,68,91,-11,81
478890,45,80,-4,85
479400,66,39,9,76
479910,79,6,4,72
480420,35,51,-8,80
480930,56,54,6,74
481440,14,57,-6,80
481950,36,16,8,72
482460,49,87,-11,83
482970,70,90,9,74
483480,47,49,0,74
483990,13,16,-11,85
484500,34,19,8,77
485010,46,1,2,75
485520,59,74,-6,81
486030,36,63,-4,85
486540,58,66,8,77
487050,35,69,-3,80
487560,56,36,8,72
488070,69,3,-6,78
488580,43,6,-1,79
489090,81,77,-2,81
489600,14,12,1,80
490110,35,96,-1,81
490620,56,55,2,79
491130,22,58,-5,84
491640,44,61,0,84
492150,10,50,2,82
492660,32,53,-5,87
493170,53,56,11,76
493680,30,59,-8,84
494190,52,62,4,80
494700,29,51,-4,84
495210,50,54,7,77
495720,16,74,-3,80
496230,64,33,5,75
496740,78,46,4,71
497250,92,26,-9,80
497760,4,63,-1,81
498270,26,90,5,76
498780,48,49,-5,81
499290,69,52,1,80
499800,46,19,7,73
500310,60,88,-11,84
500820,37,77,-1,85
501330,58,80,-1,86
501840,35,69,4,82
502350,56,72,3,79
502860,33,61,-4,83
503370,55,64,10,73
503880,32,67,-12,85
504390,42,70,4,81
504900,19,59,-5,86
505410,41,62,4,82
505920,18,65,0,82
506430,40,24,7,75
506940,68,6,1,74
507450,42,77,-13,87
507960,63,80,8,79
508470,40,69,-4,83
508980,62,72,7,76
509490,39,61,-5,81
510000,16,64,-9,90
510510,38,23,17,73
511020,59,5,-5,78
511530,33,76,-11,89
512040,54,35,19,70
512550,52,2,-8,78
513060,48,73,1,77
513570,25,62,-5,82
514080,44,65,-4,86
514590,65,54,6,80
515100,31,21,4,76
515610,43,3,-2,78
516120,69,76,-4,82
516630,46,76,4,78
517140,23,79,-3,81
517650,45,38,1,80
518160,66,98,3,77
518670,43,57,0,77
519180,9,46,-9,86
519690,31,49,2,84
520200,53,52,5,79
520710,19,19,2,77
521220,40,22,2,75
521730,41,4,-5,80
522240,54,77,0,80
522750,31,66,-2,82
523260,4,25,1,81
523770,26,28,0,81
524280,47,31,4,77
524790,48,100,-1,78
525300,25,59,-3,81
525810,8,62,-2,83
526320,30,21,7,76
526830,51,3,-2,78
527340,47,76,-7,85
527850,24,65,-2,87
528360,46,24,14,73
528870,60,6,-5,78
529380,56,77,-4,82
529890,33,66,-7,89
530400,54,69,10,79
530910,31,58,-2,81
531420,53,61,2,79
531930,19,64,-11,90
532440,41,23,17,73
532950,69,5,-1,74
533460,43,8,-2,76
533970,56,79,-4,80
534480,33,68,-3,83
534990,43,27,11,72
535500,56,9,-2,74
536010,41,80,-8,82
536520,62,39,13,69
537030,60,32,-7,76
537540,50,45,1,75
538050,71,65,-1,76
538560,48,87,-6,82
539070,69,46,9,73
539580,25,26,-11,84
540090,46,29,6,78
540600,74,11,-3,81
541110,16,82,-3,84
541620,38,41,6,78
542130,59,44,1,77
542640,57,11,-2,79
543150,42,31,0,79
543660,63,13,1,78
544170,48,84,-4,82
544680,69,43,9,73
545190,25,23,-8,81
545700,46,5,1,80
546210,42,78,-5,85
546720,63,37,11,74
547230,77,6,-5,79
547740,33,9,-1,80
548250,71,29,7,73
548760,85,100,-10,83
549270,62,35,3,80
549780,76,28,7,73
550290,90,30,-5,78
550800,2,101,-1,79
551310,24,36,6,73
551820,46,39,-2,75
552330,67,59,-1,76
552840,44,52,-9,85
553350,65,41,6,79
553860,63,8,0,79
554370,37,79,-2,81
554880,58,38,15,66
555390,56,5,-13,79
555900,52,76,-2,81
556410,29,65,-3,84
556920,50,68,7,77
557430,27,57,-3,80
557940,49,24,11,69
558450,63,95,-6,75
558960,40,54,-7,82
559470,61,43,3,79
559980,27,10,1,78
560490,39,30,0,78
561000,60,12,10,68
561510,52,83,-12,80
562020,29,72,-5,85
562530,51,31,10,75
563040,49,13,1,74
563550,63,84,-7,81
564060,40,73,2,79
564570,17,76,-8,87
565080,39,35,7,80
565590,60,17,2,78
566100,16,88,-3,81
566610,38,47,-1,82
567120,59,50,7,75
567630,36,19,3,72
568140,37,39,-6,78
568650,58,28,0,78
569160,72,99,2,76
569670,49,58,-4,80
570180,15,47,-5,85
570690,37,50,5,80
571200,3,39,-6,86
571710,25,42,9,77
572220,46,45,0,77
572730,67,65,5,72
573240,44,34,-3,75
573750,65,54,3,72
574260,23,23,-4,76
574770,44,26,-1,77
575280,63,46,5,72
575790,40,13,1,71
576300,54,84,-9,80
576810,31,73,-6,86
577320,52,32,8,78
577830,50,52,6,72
578340,16,72,-12,84
578850,38,31,3,81
579360,59,51,13,68
579870,17,20,-14,82
580380,38,23,6,76
580890,59,43,-4,80
581400,84,63,-1,81
581910,42,43,3,78
582420,63,8,4,74
582930,37,79,-9,83
583440,58,38,11,72
583950,56,5,-4,76
584460,52,76,-7,83
584970,29,65,3,80
585480,50,68,3,77
585990,27,57,-7,84
586500,49,60,7,77
587010,15,49,-9,86
587520,37,52,8,78
588030,3,55,-3,81
588540,25,14,7,74
589050,37,34,2,72
589560,58,37,-5,77
590070,83,6,-4,81
590580,39,9,7,74
591090,40,80,-15,89
591600,17,83,4,85
592110,39,42,6,79
592620,60,45,4,75
593130,18,65,-11,86
593640,40,24,17,69
594150,59,44,-4,73
594660,25,64,-8,81
595170,47,67,4,77
595680,24,56,-12,89
596190,46,59,8,81
596700,12,48,2,79
597210,34,51,-1,80
597720,56,76,0,80
598230,33,65,-4,84
598740,55,68,6,78
599250,32,57,-5,83
599760,54,60,5,78
600270,20,49,4,74
600780,42,52,-11,85
601290,63,55,15,70
601800,21,77,-10,80
602310,43,36,3,77
602820,9,56,-6,83
603330,31,15,7,76
603840,43,35,-2,78
604350,64,55,4,74
604860,41,75,-4,78
605370,18,78,-11,89
605880,40,37,9,80
606390,61,57,0,80
606900,27,26,2,78
607410,48,46,2,76
607920,14,66,-15,91
608430,36,25,20,71
608940,57,45,2,69
609450,34,65,-13,82
609960,11,68,4,78
610470,33,27,0,78
610980,54,47,0,78
611490,20,67,-12,90
612000,42,70,9,81
612510,19,73,1,80
613020,41,32,3,77
613530,62,52,6,71
614040,39,74,-9,80
614550,16,77,-2,82
615060,38,36,3,79
615570,59,56,7,72
616080,36,25,-5,77
616590,57,45,-3,80
617100,23,65,-2,82
617610,45,24,1,81
618120,64,44,15,66
618630,20,66,-11,77
619140,42,25,1,76
619650,61,45,2,74
620160,38,14,-6,80
620670,57,34,8,72
621180,55,47,-2,74
621690,21,67,-6,80
622200,43,26,9,71
622710,62,46,-5,76
623220,18,66,-3,79
623730,40,25,2,77
624240,61,45,6,71
624750,59,14,-6,77
625260,9,85,-6,83
625770,31,44,0,83
626280,52,47,7,76
626790,18,67,-4,80
627300,40,26,4,76
627810,61,46,1,75
628320,80,66,2,73
628830,36,88,-9,82
629340,13,47,-2,84
629850,35,50,1,83
630360,57,53,9,74
630870,15,73,-5,79
631380,37,32,-4,83
631890,58,52,12,71
632400,24,72,-16,87
632910,46,31,10,77
633420,12,51,-6,83
633930,34,54,4,79
634440,56,43,6,73
634950,54,12,-2,75
635460,41,32,1,74
635970,26,52,-4,78
636480,48,55,-4,82
636990,14,58,-1,83
637500,36,17,9,74
638010,55,37,2,72
638520,53,57,-10,82
639030,19,60,0,82
639540,41,19,10,72
640050,55,39,-1,73
640560,53,6,-4,77
641070,79,77,-6,83
641580,56,99,9,74
642090,33,58,-2,76
642600,55,61,-1,77
643110,32,46,-4,81
643620,54,49,4,77
644130,20,69,-5,82
644640,42,28,8,74
645150,61,48,3,71
645660,18,70,-11,82
646170,40,29,7,75
646680,59,49,-2,77
647190,17,69,0,77
647700,39,28,-1,78
648210,58,48,-1,79
648720,77,68,1,78
649230,35,90,-2,80
649740,12,49,0,80
650250,34,52,3,77
650760,56,55,-1,78
651270,22,75,-2,80
651780,44,34,-2,82
652290,65,54,6,76
652800,63,23,1,75
653310,77,94,-3,78
653820,54,29,1,77
654330,68,42,1,76
654840,55,11,-8,84
655350,69,31,10,74
655860,83,0,-8,82
656370,39,3,4,78
656880,54,76,-1,79
657390,31,65,0,79
657900,53,68,-4,83
658410,30,57,7,76
658920,3,60,-8,84
659430,25,19,6,78
659940,46,39,3,75
660450,65,6,3,72
660960,57,77,-2,74
661470,34,66,-4,78
661980,56,33,1,77
662490,70,2,4,73
663000,44,5,-6,79
663510,70,78,-3,82
664020,47,63,0,82
664530,13,52,-5,87
665040,35,55,6,81
665550,57,44,3,78
666060,23,11,0,78
666570,48,31,-1,79
667080,67,51,3,76
667590,25,73,-4,80
668100,47,32,2,78
668610,66,52,2,76
669120,24,74,-6,82
669630,46,33,8,74
670140,12,0,-4,78
670650,33,84,-7,85
671160,54,43,12,73
671670,79,10,-2,75
672180,35,55,-6,81
672690,57,58,4,77
673200,55,27,5,72
673710,69,98,-3,75
674220,46,87,-5,80
674730,23,46,-6,86
675240,45,36,9,77
675750,64,56,6,71
676260,62,78,-12,83
676770,39,67,5,78
677280,16,70,-5,83
677790,38,29,2,81
678300,57,49,8,73
678810,15,69,-6,79
679320,37,28,3,76
679830,56,48,3,73
680340,22,68,-3,76
680850,44,27,0,76
681360,63,47,4,72
681870,61,62,-11,83
682380,19,47,4,79
682890,41,50,-2,81
683400,7,39,-4,85
683910,29,42,-2,87
684420,51,45,10,77
684930,17,14,1,76
685440,38,34,1,75
685950,57,54,-1,76
686460,15,23,-10,86
686970,37,26,9,77
687480,56,46,1,76
687990,22,13,0,76
688500,34,33,1,75
689010,55,53,-3,78
689520,21,56,-5,83
690030,43,59,-4,87
690540,9,62,9,78
691050,31,49,-9,87
691560,53,52,7,80
692070,19,72,0,80
692580,41,31,2,78
693090,60,51,9,69
693600,18,18,-16,85
694110,39,21,11,74
694620,58,41,-2,76
695130,77,8,1,75
695640,33,79,-7,82
696150,55,38,12,70
696660,74,58,-2,72
697170,32,80,-7,79
697680,54,39,9,70
698190,20,6,-8,78
698700,32,26,1,77
699210,51,46,4,73
699720,17,13,-15,88
700230,38,97,12,76
700740,15,56,-10,86
701250,37,59,6,80
701760,59,48,8,72
702270,17,15,-12,84
702780,29,18,11,73
703290,48,38,-7,80
703800,67,58,5,75
704310,25,80,-6,81
704820,47,39,5,76
705330,66,8,3,73
705840,58,79,-11,84
706350,35,68,2,82
706860,57,71,2,80
707370,34,60,-2,82
707880,56,63,8,74
708390,33,48,-16,90
708900,55,51,13,77
709410,21,54,-4,81
709920,43,57,0,81
710430,9,60,5,76
710940,31,19,0,76
711450,50,39,4,72
711960,69,21,0,72
712470,83,92,-4,76
712980,60,27,0,76
713490,74,40,2,74
714000,88,20,3,71
714510,44,57,-7,78
715020,10,60,-1,79
715530,32,19,7,72
716040,44,39,-3,75
716550,10,8,-5,80
717060,71,0,0,80
717570,45,3,4,76
718080,71,76,-2,78
718590,48,11,1,77
719100,62,82,-2,79
719610,39,71,0,79
720120,16,74,-5,84
720630,38,33,3,81
721140,59,53,8,73
721650,25,22,0,73
722160,46,42,-5,78
722670,12,62,-5,83
723180,34,21,14,69
723690,53,41,-9,78
724200,72,23,2,76
724710,86,94,-7,83
725220,44,29,9,74
725730,99,11,-5,79
726240,55,48,1,78
726750,13,17,-9,87
727260,35,20,11,76
727770,54,40,-5,81
728280,73,22,2,79
728790,87,25,5,74
729300,101,62,-7,81
729810,13,24,-4,85
730320,35,27,10,75
730830,56,9,-1,76
731340,6,80,-1,77
731850,28,39,1,76
732360,96,42,-4,80
732870,8,79,-4,84
733380,30,38,3,81
733890,51,41,6,75
734400,17,61,-9,84
734910,39,20,11,73
735420,58,2,-6,79
735930,32,75,-4,83
736440,54,34,8,75
736950,73,47,-4,79
737460,52,69,2,77
737970,29,58,-3,80
738480,51,61,3,77
738990,28,64,-3,80
739500,50,67,1,79
740010,27,70,-3,82
740520,49,29,9,73
741030,63,11,-8,81
741540,77,31,9,72
742050,91,86,-8,80
742560,49,21,3,77
743070,63,34,-4,81
743580,77,47,6,75
744090,64,27,2,73
744600,78,40,1,72
745110,92,20,-5,77
745620,4,57,-13,90
746130,26,60,10,80
746640,48,63,-1,81
747150,14,52,0,81
747660,36,55,-4,85
748170,58,44,9,76
748680,24,26,-7,83
749190,45,29,8,75
749700,64,11,0,75
750210,78,14,-3,78
750720,34,17,-1,79
751230,46,101,3,76
751740,23,60,-5,81
752250,45,19,9,72
752760,59,39,-1,73
753270,78,6,-1,74
753780,34,9,-5,79
754290,53,29,2,77
754800,67,78,-1,78
755310,44,67,-4,82
755820,21,70,4,78
756330,43,29,-3,81
756840,7,11,-2,83
757350,29,14,8,75
757860,41,98,-6,81
758370,46,57,8,73
758880,12,46,-4,77
759390,34,49,-1,78
759900,56,52,-2,80
760410,14,72,-3,83
760920,36,31,4,79
761430,57,13,8,71
761940,71,84,-4,75
762450,48,73,-4,79
762960,25,62,-7,86
763470,47,65,9,77
763980,13,54,-5,82
764490,35,57,4,78
765000,57,60,-2,80
765510,34,45,1,79
766020,56,48,4,75
766530,22,30,-12,87
767040,43,33,3,84
767550,62,15,8,76
768060,76,86,-6,82
768570,53,21,5,77
769080,67,34,3,74
769590,81,47,-6,80
770100,95,27,2,78
770610,7,64,-4,82
771120,29,23,8,74
771630,50,43,-3,77
772140,69,63,1,76
772650,27,85,-2,78
773160,49,44,1,77
773670,15,11,-8,85
774180,36,95,1,84
774690,41,54,5,79
775200,7,57,-7,86
775710,29,16,11,75
776220,48,36,4,71
776730,67,18,-2,73
777240,81,89,-11,84
777750,58,24,15,69
778260,72,37,-10,79
778770,86,50,0,79
779280,100,30,-6,85
779790,12,67,3,82
780300,34,26,1,81
780810,55,8,5,76
781320,69,28,1,75
781830,83,41,-7,82
782340,97,54,1,81
782850,9,43,-4,85
783360,31,46,3,82
783870,53,49,8,74
784380,19,69,-6,80
784890,41,28,7,73
785400,60,48,-8,81
785910,39,68,-4,85
786420,23,57,0,85
786930,45,60,7,78
787440,11,63,-7,85
787950,33,22,11,74
788460,52,4,-3,77
788970,2,77,-6,83
789480,24,2,5,78
789990,85,75,0,78
790500,43,10,5,73
791010,57,81,-11,84
791520,34,70,-4,88
792030,55,73,9,79
792540,81,76,5,74
793050,39,98,-8,82
793560,16,57,1,81
794070,38,16,4,77
794580,57,36,4,73
795090,71,18,-8,81
795600,85,21,3,78
796110,99,58,-3,81
796620,11,38,2,79
797130,33,41,-2,81
797640,54,44,3,78
798150,73,11,-4,82
798660,65,14,6,76
799170,79,34,-2,78
799680,93,47,-1,79
800190,5,36,-3,82
800700,27,39,5,77
801210,49,42,0,77
801720,15,62,-10,87
802230,37,21,15,72
802740,51,3,-3,75
803250,77,76,-7,82
803760,35,11,7,75
804270,36,31,-4,79
804780,57,13,6,73
805290,71,33,1,72
805800,85,46,-4,76
806310,99,26,-7,83
806820,11,63,-1,84
807330,33,22,10,74
807840,54,4,-6,80
808350,4,7,4,76
808860,15,10,1,75
809370,36,94,0,75
809880,17,53,-10,85
810390,39,56,8,77
810900,5,59,-10,87
811410,27,18,9,78
811920,48,0,-2,80
812430,74,73,2,78
812940,32,8,-1,79
813450,44,81,-3,82
813960,65,84,3,79
814470,42,57,0,79
814980,63,46,8,71
815490,21,8,-9,80
816000,33,28,2,78
816510,54,10,2,76
817020,68,30,-3,79
817530,60,43,3,76
818040,58,25,3,73
818550,72,38,1,72
819060,86,51,-8,80
819570,100,31,2,78
820080,12,68,-5,83
820590,34,27,6,77
821100,55,9,1,76
821610,69,29,3,73
822120,83,42,-15,88
822630,97,79,5,83
823140,55,14,7,76
823650,69,85,0,76
824160,46,20,-2,78
824670,60,33,5,73
825180,74,46,1,72
825690,88,26,-2,74
826200,0,63,-9,83
826710,22,22,4,79
827220,43,25,1,78
827730,69,45,5,73
828240,83,7,-4,77
828750,39,44,3,74
829260,60,47,-2,76
829770,18,69,-10,86
830280,40,28,13,73
830790,61,48,-2,75
831300,19,70,-9,84
831810,41,29,9,75
832320,60,49,1,74
832830,18,69,-7,81
833340,40,28,2,79
833850,61,48,3,76
834360,19,17,-7,83
834870,99,37,-5,88
835380,11,74,6,82
835890,33,33,1,81
836400,54,36,14,67
836910,52,49,-2,69
837420,18,18,-10,79
837930,39,21,8,71
838440,53,41,-3,74
838950,72,8,-5,79
839460,46,11,7,72
839970,60,82,-11,83
840480,37,71,5,78
840990,58,30,7,71
841500,72,43,-1,72
842010,86,23,-9,81
842520,100,60,-1,82
843030,12,40,-2,84
843540,34,43,4,80
844050,55,46,9,71
844560,21,13,-4,75
845070,33,33,-1,76
845580,54,36,6,70
846090,73,49,-8,78
846600,71,11,1,77
847110,63,14,-3,80
847620,77,34,1,79
848130,91,47,0,79
848640,3,84,-5,84
849150,76,43,4,80
849660,90,56,-2,82
850170,2,36,1,81
850680,24,39,-3,84
851190,46,42,11,73
851700,12,62,-9,82
852210,34,21,5,77
852720,35,41,-3,80
853230,56,44,5,75
853740,75,11,-1,76
854250,100,48,-3,79
854760,12,85,-3,82
855270,34,44,-2,84
855780,55,47,11,73
856290,21,67,-9,82
856800,43,26,5,77
857310,71,46,5,72
857820,58,26,2,70
858330,72,39,-6,76
858840,86,52,-8,84
859350,100,32,2,82
859860,12,69,-1,83
860370,34,28,-1,84
860880,55,48,8,76
861390,76,68,2,74
861900,34,3,-3,77
862410,60,76,-1,78
862920,37,61,1,77
863430,59,64,0,77
863940,17,49,-11,88
864450,39,52,5,83
864960,60,55,8,75
865470,18,77,-7,82
865980,40,36,2,80
866490,61,39,8,72
867000,75,35,-8,80
867510,89,15,9,71
868020,1,52,-8,79
868530,23,11,6,73
869040,44,31,-2,75
869550,65,13,-3,78
870060,50,40,-3,81
870570,71,22,10,71
871080,85,59,-11,82
871590,83,39,5,77
872100,97,76,0,77
872610,10,11,-8,85
873120,31,14,11,74
873630,43,34,-2,76
874140,64,16,-1,77
874650,78,53,-4,81
875160,76,15,11,70
875670,90,42,-12,82
876180,2,79,3,79
876690,24,38,-2,81
877200,45,41,5,76
877710,11,10,-8,84
878220,32,13,2,82
878730,44,33,5,77
879240,65,0,3,74
879750,39,3,3,71
880260,65,76,-14,85
880770,86,61,2,83
881280,84,23,3,80
881790,98,60,2,78
882300,10,40,0,78
882810,32,43,-6,84
883320,53,46,7,77
883830,74,13,-4,81
884340,88,16,7,74
884850,0,53,-13,87
885360,22,80,7,80
885870,43,39,1,79
886380,64,59,4,75
886890,22,81,-4,79
887400,44,40,6,73
887910,65,60,-7,80
888420,23,82,-1,81
888930,44,41,3,78
889440,65,61,-2,80
889950,23,83,-1,81
890460,45,42,3,78
890970,66,45,2,76
891480,64,86,-3,79
891990,41,75,-1,80
892500,62,34,5,75
893010,76,47,0,75
893520,63,27,2,73
894030,77,40,-7,80
894540,91,20,5,75
895050,3,57,-11,86
895560,93,84,2,84
896070,51,19,12,72
896580,65,90,0,72
897090,42,9,-3,75
897600,70,80,-5,80
898110,47,15,9,71
898620,61,86,-11,82
899130,38,75,-1,83
899640,59,78,8,75
900150,36,67,-7,82
900660,57,70,4,78
901170,34,73,-7,85
901680,55,32,11,74
902190,69,45,-4,78
902700,67,25,1,77
903210,81,96,-3,80
903720,0,31,-2,82
904230,22,34,3,79
904740,43,37,4,75
905250,64,4,-3,78
905760,38,7,4,74
906270,57,27,3,71
906780,71,40,-5,76
907290,85,20,-2,78
907800,99,57,-6,84
908310,11,37,2,82
908820,33,40,3,79
909330,54,43,3,76
909840,75,10,0,76
910350,67,47,-5,81
910860,65,14,2,79
911370,79,47,-1,80
911880,93,27,-1,81
912390,5,64,-3,84
912900,27,23,8,76
913410,48,26,4,72
913920,62,95,-6,78
914430,83,14,0,78
914940,75,51,3,75
915450,73,31,0,75
915960,87,0,-4,79
916470,61,3,10,69
916980,11,19,-12,81
917490,32,22,3,78
918000,53,42,5,73
918510,72,9,-10,83
919020,46,42,6,77
919530,67,62,-5,82
920040,65,84,2,80
920550,42,73,-8,88
921060,63,76,12,76
921570,40,61,-15,91
922080,61,64,17,74
922590,59,49,-2,76
923100,25,16,4,72
923610,37,36,-6,78
924120,58,56,3,75
924630,56,41,4,71
925140,54,8,-4,75
925650,50,81,-8,83
926160,71,40,10,73
926670,6,20,-9,82
927180,28,23,5,77
927690,49,43,-1,78
928200,70,46,-1,79
928710,68,8,5,74
929220,42,41,-2,76
929730,63,44,7,69
930240,61,11,-15,84
930750,46,31,11,73
931260,12,13,-7,80
931770,33,16,4,76
932280,45,36,-6,82
932790,66,18,-2,84
933300,51,51,5,79
933810,17,36,-5,84
934320,39,39,7,77
934830,60,42,-1,78
935340,58,9,2,76
935850,43,82,-6,82
936360,64,96,3,79
936870,41,99,4,75
937380,62,58,-1,76
937890,60,43,4,72
938400,58,10,-3,75
938910,43,37,-4,79
939420,64,4,-1,80
939930,38,77,-1,81
940440,59,36,10,71
940950,57,29,0,71
941460,71,42,-9,80
941970,58,22,5,75
942480,72,93,-7,82
942990,49,28,8,74
943500,63,10,-2,76
944010,37,43,-2,78
944520,58,46,3,75
945030,56,13,4,71
945540,41,84,-10,81
946050,62,43,3,78
946560,60,39,6,72
947070,58,6,-9,81
947580,54,79,2,79
948090,75,82,2,77
948600,52,17,5,72
949110,66,88,-11,83
949620,43,73,-2,85
950130,64,60,8,77
950640,62,45,4,73
951150,36,12,-1,74
951660,37,32,-8,82
952170,58,14,11,71
952680,72,85,-4,75
953190,49,20,-3,78
953700,63,33,4,74
954210,77,13,-3,77
954720,69,50,-1,78
955230,67,46,6,72
955740,65,26,-1,73
956250,79,97,-12,85
956760,100,82,9,76
957270,13,17,-10,86
957780,34,20,7,79
958290,60,2,2,77
958800,34,75,-5,82
959310,55,34,7,75
959820,53,16,2,73
960330,67,87,-11,84
960840,44,72,5,79
961350,65,75,-1,80
961860,42,60,-6,86
962370,63,63,11,75
962880,61,48,-1,76
963390,19,15,-2,78
963900,40,99,-2,80
964410,61,58,4,76
964920,19,43,-9,85
965430,41,46,7,78
965940,73,49,4,74
966450,71,29,-6,80
966960,85,66,-1,81
967470,83,28,-1,82
967980,97,65,1,81
968490,20,45,-9,90
969000,42,48,9,81
969510,8,51,6,75
970020,30,10,1,74
970530,31,83,-4,78
971040,52,42,3,75
971550,50,9,-3,78
972060,76,82,-2,80
972570,53,67,-2,82
973080,30,56,-3,85
973590,51,59,3,82
974100,72,44,8,74
974610,70,24,1,73
975120,35,95,-6,79
975630,2,54,-3,82
976140,24,13,10,72
976650,36,33,-5,77
977160,57,15,3,74
977670,49,86,-8,82
978180,26,89,3,79
978690,47,48,-4,83
979200,68,51,10,73
979710,66,31,-3,76
980220,80,11,6,70
980730,30,48,-14,84
981240,51,51,5,79
981750,72,36,0,79
982260,86,16,6,73
982770,73,53,-6,79
983280,71,15,3,76
983790,63,18,4,72
984300,77,89,1,71
984810,54,74,-12,83
985320,31,63,5,78
985830,52,66,-5,83
986340,29,69,2,81
986850,50,72,-1,82
987360,71,61,7,75
987870,69,83,-7,82
988380,90,68,6,76
988890,88,48,-3,79
989400,75,28,6,73
989910,89,65,-6,79
990420,87,45,-3,82
990930,101,83,0,82
991440,14,18,2,80
991950,35,21,7,73
992460,63,3,-6,79
992970,37,76,-4,83
993480,58,35,10,73
993990,56,48,4,69
994500,30,15,-7,76
995010,42,35,0,76
995520,63,17,3,73
996030,77,88,-13,86
996540,54,73,1,85
997050,31,76,6,79
997560,52,35,6,73
998070,50,17,-2,75
998580,64,88,-3,78
999090,85,73,-3,81
999600,83,95,0,81
1000110,2,30,-6,87
1000620,24,33,8,79
1001130,45,36,1,78
1001640,66,18,3,75
1002150,39,89,-1,76
1002660,60,48,-2,78
1003170,58,30,3,75
1003680,50,43,-1,76
1004190,16,25,-12,88
1004700,37,28,11,77
1005210,87,10,-3,80
1005720,61,13,7,73
1006230,53,40,1,72
1006740,74,7,-2,74
1007250,66,34,-6,80
1007760,80,14,6,74
1008270,72,51,-5,79
1008780,70,31,2,77
1009290,57,11,0,77
1009800,42,14,4,73
1010310,70,85,-4,77
1010820,47,20,6,71
1011330,61,2,-12,83
1011840,35,5,5,78
1012350,61,78,-10,88
1012860,82,63,7,81
1013370,35,85,-4,85
1013880,56,44,15,70
1014390,54,66,-8,78
1014900,52,51,-2,80
1015410,18,54,0,80
1015920,40,57,-1,81
1016430,61,60,5,76
1016940,19,45,-6,82
1017450,27,48,0,82
1017960,49,25,2,80
1018470,77,7,-1,81
1018980,51,44,5,76
1019490,72,47,3,73
1020000,70,27,-2,75
1020510,84,7,-7,82
1021020,58,10,5,77
1021530,43,13,4,73
1022040,74,84,-7,80
1022550,51,19,4,76
1023060,65,90,0,76
1023570,42,79,-12,88
1024080,63,82,4,84
1024590,84,17,4,80
1025100,71,54,5,75
1025610,69,34,-2,77
1026120,83,14,-2,79
1026630,75,51,1,78
1027140,73,31,0,78
1027650,87,11,-1,79
1028160,43,48,3,76
1028670,9,59,-8,84
1029180,31,18,10,74
1029690,80,0,-7,81
1030200,45,3,4,77
1030710,83,76,-6,83
1031220,41,11,5,78
1031730,79,82,-4,82
1032240,37,17,6,76
1032750,56,43,-1,77
1033260,54,25,-1,78
1033770,68,38,5,73
1034280,62,18,-7,80
1034790,49,55,-5,85
1035300,15,58,-1,86
1035810,37,17,6,80
1036320,86,101,3,77
1036830,5,36,-5,82
1037340,27,39,5,77
1037850,48,42,-2,79
1038360,69,45,11,68
1038870,67,25,-6,74
1039380,81,62,-2,76
1039890,79,99,-4,80
1040400,56,34,5,75
1040910,84,16,-3,78
1041420,76,53,1,77
1041930,74,33,0,77
1042440,88,13,0,77
1042950,44,50,-1,78
1043460,65,53,3,75
1043970,63,75,-3,78
1044480,40,78,-4,82
1044990,17,81,-3,85
1045500,39,40,5,80
1046010,27,43,-6,86
1046520,48,46,7,79
1047030,46,49,-1,80
1047540,67,52,9,71
1048050,65,74,-3,74
1048560,63,59,-1,75
1049070,61,44,-6,81
1049580,59,26,6,75
1050090,73,39,-3,78
1050600,87,19,-3,81
1051110,99,56,2,79
1051620,11,36,-3,82
1052130,33,39,1,81
1052640,54,42,11,70
1053150,52,24,-1,71
1053660,66,6,-7,78
1054170,40,9,0,78
1054680,41,82,-4,82
1055190,62,41,10,72
1055700,60,21,-4,76
1056210,74,92,-6,82
1056720,51,27,9,73
1057230,65,9,1,72
1057740,57,46,-1,73
1058250,55,28,-4,77
1058760,69,41,5,72
1059270,32,21,-1,73
1059780,33,3,-6,79
1060290,48,76,-1,80
1060800,25,79,-8,88
1061310,47,38,14,74
1061820,45,20,-4,78
1062330,83,2,-3,81
1062840,57,5,5,76
1063350,31,8,-1,77
1063860,32,81,-7,84
1064370,53,40,10,74
1064880,51,22,0,74
1065390,65,35,1,73
1065900,79,73,-3,76
1066410,77,95,-5,81
1066920,54,80,4,77
1067430,31,83,-2,79
1067940,4,42,8,71
1068450,26,45,-10,81
1068960,48,48,5,76
1069470,14,51,-2,78
1069980,36,54,-5,83
1070490,2,57,1,82
1071000,92,16,4,78
1071510,48,53,-4,82
1072020,69,56,1,81
1072530,67,78,5,76
1073040,44,63,-9,85
1073550,10,66,0,85
1074060,32,25,9,76
1074570,53,7,-4,80
1075080,38,10,5,75
1075590,39,37,-3,78
1076100,60,40,0,78
1076610,58,36,2,76
1077120,56,16,2,74
1077630,70,87,-6,80
1078140,47,72,-1,81
1078650,24,75,-9,90
1079160,46,34,14,76
1079670,44,16,3,73
1080180,72,87,-7,80
1080690,49,72,-1,81
1081200,26,75,-5,86
1081710,48,34,11,75
1082220,67,16,-7,82
1082730,54,19,9,73
1083240,68,90,-3,76
1083750,45,79,-10,86
1084260,66,82,4,82
1084770,43,71,-4,86
1085280,20,74,6,80
1085790,42,33,3,77
1086300,63,15,5,72
1086810,77,18,-11,83
1087320,64,55,7,76
1087830,62,77,-4,80
1088340,39,62,-3,83
1088850,61,65,4,79
1089360,59,50,0,79
1089870,57,35,4,75
1090380,55,17,3,72
1090890,69,88,-1,73
1091400,46,23,1,72
1091910,60,5,0,72
1092420,10,8,-9,81
1092930,25,11,5,76
1093440,74,95,0,76
1093950,51,80,0,76
1094460,28,83,-9,85
1094970,1,42,-1,86
1095480,23,45,4,82
1095990,45,48,6,76
1096500,11,51,-7,83
1097010,33,54,-7,90
1097520,54,57,12,78
1098030,20,42,-4,82
1098540,42,45,9,73
1099050,63,30,-1,74
1099560,77,10,-6,80
1100070,69,13,3,77
1100580,83,16,-3,80
1101090,70,53,9,71
1101600,68,33,-7,78
1102110,82,13,7,71
1102620,69,50,-6,77
1103130,67,46,0,77
1103640,65,68,1,76
1104150,63,53,-1,77
1104660,61,75,-3,80
1105170,38,64,-10,90
1105680,73,67,14,76
1106190,71,89,-3,79
1106700,42,74,-8,87
1107210,19,77,3,84
1107720,41,36,9,75
1108230,62,18,-1,76
1108740,76,21,7,69
1109250,90,58,-13,82
1109760,77,38,2,80
1110270,91,18,0,80
1110780,3,21,-2,82
1111290,25,24,1,81
1111800,26,27,0,81
1112310,47,30,7,74
1112820,45,12,-4,78
1113330,83,83,-2,80
1113840,81,68,2,78
1114350,79,3,5,73
1114860,53,6,-2,75
1115370,49,79,-6,81
1115880,26,82,-2,83
1116390,75,41,4,79
1116900,89,21,4,75
1117410,1,58,-8,83
1117920,91,17,-4,87
1118430,47,20,18,69
1118940,61,33,-1,70
1119450,75,13,-4,74
1119960,62,16,0,74
1120470,76,19,-2,76
1120980,90,56,-10,86
1121490,77,36,5,81
1122000,91,16,-3,84
1122510,3,19,1,83
1123020,25,22,8,75
1123530,26,4,-1,76
1124040,64,77,-4,80
1124550,41,66,-3,83
1125060,18,69,-5,88
1125570,40,59,10,78
1126080,6,62,-4,82
1126590,28,21,11,71
1127100,49,3,-5,76
1127610,45,76,-6,82
1128120,85,79,1,81
1128630,83,14,-1,82
1129140,70,17,9,73
1129650,84,20,-9,82
1130160,98,57,-2,84
1130670,10,37,3,81
1131180,32,40,3,78
1131690,53,43,-3,81
1132200,54,25,14,67
1132710,68,26,-7,74
1133220,82,63,-5,79
1133730,80,85,-6,85
1134240,78,20,7,78
1134750,92,57,-2,80
1135260,79,37,1,79
1135770,93,17,2,77
1136280,80,54,-1,78
1136790,67,34,0,78
1137300,81,14,1,77
1137810,68,51,2,75
1138320,66,73,-8,83
1138830,64,58,6,77
1139340,62,61,1,76
1139850,60,64,1,75
1140360,58,49,3,72
1140870,56,71,-9,81
1141380,33,74,-5,86
1141890,54,33,11,75
1142400,68,41,3,72
1142910,55,21,-1,73
1143420,69,24,-5,78
1143930,83,61,1,77
1144440,81,83,-3,80
1144950,79,18,4,76
1145460,66,55,0,76
1145970,64,77,-3,79
1146480,41,80,-3,82
1146990,46,83,-3,85
1147500,67,42,9,76
1148010,54,22,2,74
1148520,68,25,1,73
1149030,82,62,1,72
1149540,80,99,-14,86
1150050,57,34,11,75
1150560,71,16,-5,80
1151070,63,19,5,75
1151580,77,56,-5,80
1152090,75,78,-1,81
1152600,73,13,5,76
1153110,87,16,3,73
1153620,101,53,-9,82
1154130,13,90,2,80
1154640,35,49,-6,86
1155150,57,52,10,76
1155660,55,55,-7,83
1156170,21,58,-4,87
1156680,43,61,5,82
1157190,9,64,-1,83
1157700,31,23,9,74
1158210,52,5,-5,79
1158720,37,78,-1,80
1159230,42,81,-7,87
1159740,63,84,10,77
1160250,40,73,-11,88
1160760,75,76,10,78
1161270,73,11,2,76
1161780,58,48,-1,77
1162290,56,33,-1,78
1162800,70,15,8,70
1163310,84,52,-6,76
1163820,71,32,-4,80
1164330,85,69,-2,82
1164840,83,4,4,78
1165350,75,7,-4,82
1165860,67,10,12,70
1166370,59,13,-6,76
1166880,73,16,-6,82
1167390,65,53,7,75
1167900,63,75,-7,82
1168410,61,60,2,80
1168920,59,63,5,75
1169430,57,48,6,69
1169940,55,51,-3,72
1170450,53,54,-10,82
1170960,51,57,3,79
1171470,49,60,2,77
1171980,15,63,-8,85
1172490,37,22,8,77
1173000,65,4,-1,78
1173510,39,49,3,75
1174020,5,52,-12,87
1174530,27,55,2,85
1175040,49,58,7,78
1175550,15,61,-9,87
1176060,37,20,11,76
1176570,38,2,2,74
1177080,76,75,-12,86
1177590,74,10,7,79
1178100,66,13,8,71
1178610,53,50,-10,81
1179120,19,53,0,81
1179630,41,56,4,77
1180140,39,59,-9,86
1180650,60,62,11,75
1181160,58,65,-5,80
1181670,56,50,7,73
1182180,54,53,-8,81
1182690,20,56,-5,86
1183200,42,59,1,85
1183710,8,62,4,81
1184220,30,21,6,75
1184730,51,3,1,74
1185240,25,76,-7,81
1185750,46,35,8,73
1186260,44,17,-2,75
1186770,58,30,0,75
1187280,72,43,-2,77
1187790,86,23,5,72
1188300,100,60,-10,82
1188810,86,40,-1,83
1189320,100,77,-1,84
1189830,101,12,-1,85
1190340,27,49,0,85
1190850,49,52,6,79
1191360,15,55,-7,86
1191870,37,14,13,73
1192380,38,57,-8,81
1192890,4,60,1,80
1193400,26,79,-1,81
1193910,48,38,4,77
1194420,46,20,6,71
1194930,44,2,-8,79
1195440,82,75,-7,86
1195950,80,10,7,79
1196460,72,47,2,77
1196970,70,27,-6,83
1197480,84,64,10,73
1197990,82,101,1,72
1198500,59,36,-8,80
1199010,60,18,-1,81
1199520,74,21,1,80
1200030,88,58,4,76
1200540,86,38,0,76
1201050,100,75,-7,83
1201560,101,10,-1,84
1202070,27,47,7,77
1202580,49,50,-4,81
1203090,70,53,4,77
1203600,68,33,3,74
1204110,82,70,-4,78
1204620,80,5,1,77
1205130,54,42,1,76
1205640,52,24,1,75
1206150,66,37,-5,80
1206660,80,75,-4,84
1207170,78,10,9,75
1207680,70,47,0,75
1208190,68,43,-3,78
1208700,66,23,2,76
1209210,80,60,-7,83
1209720,78,97,2,81
1210230,55,32,5,76
1210740,69,14,5,71
1211250,61,51,-1,72
1211760,59,54,-5,77
1212270,57,57,3,74
1212780,55,60,-4,78
1213290,53,63,-2,80
1213800,51,66,-1,81
1214310,17,51,-2,83
1214820,39,54,2,81
1215330,5,57,-7,88
1215840,27,16,13,75
1216350,76,100,-7,82
1216860,53,35,11,71
1217370,51,17,-3,74
1217880,36,20,1,73
1218390,34,2,-3,76
1218900,35,75,-14,90
1219410,57,78,11,79
1219920,34,81,3,76
1220430,7,40,-3,79
1220940,29,43,-3,82
1221450,50,46,2,80
1221960,51,49,4,76
1222470,52,52,2,74
1222980,50,55,3,71
1223490,16,40,-6,77
1224000,38,43,-2,79
1224510,59,46,-1,80
1225020,57,100,3,77
1225530,34,59,-7,84
1226040,34,62,-6,90
1226550,69,65,10,80
1227060,67,68,4,76
1227570,65,71,-1,77
1228080,63,74,5,72
1228590,61,59,-6,78
1229100,59,62,1,77
1229610,57,65,-7,84
1230120,23,68,-3,87
1230630,45,27,10,77
1231140,73,9,-7,84
1231650,47,12,10,74
1232160,75,83,-9,83
1232670,73,18,3,80
1233180,60,55,7,73
1233690,58,40,-2,75
1234200,56,36,2,73
1234710,54,16,0,73
1235220,68,19,-5,78
1235730,55,56,2,76
1236240,53,59,-3,79
1236750,51,44,1,78
1237260,49,29,2,76
1237770,47,11,-3,79
1238280,85,14,3,76
1238790,41,51,-2,78
1239300,62,54,6,72
1239810,88,57,-7,79
1240320,75,37,5,74
1240830,89,17,-6,80
1241340,76,54,0,80
1241850,74,34,3,77
1242360,88,14,-5,82
1242870,75,51,5,77
1243380,73,88,1,76
1243890,50,23,-1,77
1244400,64,36,3,74
1244910,51,16,-1,75
1245420,65,59,-4,79
1245930,63,62,2,77
1246440,61,77,2,75
1246950,38,62,-12,87
1247460,73,65,6,81
1247970,71,87,2,79
1248480,48,72,-7,86
1248990,69,75,5,81
1249500,67,60,-2,83
1250010,65,45,3,80
1250520,63,41,5,75
1251030,61,37,-3,78
1251540,59,19,-3,81
1252050,73,22,6,75
1252560,87,93,-9,84
1253070,64,28,4,80
1253580,78,8,0,80
1254090,70,45,3,77
1254600,68,25,0,77
1255110,82,62,-5,82
1255620,80,99,2,80
1256130,57,34,6,74
1256640,55,16,-3,77
1257150,69,19,-1,78
1257660,61,56,1,77
1258170,59,41,2,75
1258680,57,8,-2,77
1259190,42,81,-12,89
1259700,63,84,7,82
1260210,40,69,1,81
1260720,75,72,1,80
1261230,73,57,0,80
1261740,71,37,1,79
1262250,85,17,2,77
1262760,99,54,-11,88
1263270,0,34,5,83
1263780,22,37,6,77
1264290,44,40,1,76
1264800,65,43,5,71
1265310,63,10,-3,74
1265820,37,27,-2,76
1266330,58,9,-3,79
1266840,43,54,-4,83
1267350,78,57,3,80
1267860,76,37,3,77
1268370,90,17,-7,84
1268880,2,54,1,83
1269390,24,13,8,75
1269900,52,97,-5,80
1270410,73,56,-2,82
1270920,71,36,4,78
1271430,85,16,-5,83
1271940,72,53,3,80
1272450,70,33,4,76
1272960,84,13,-5,81
1273470,76,50,6,75
1273980,74,30,0,75
1274490,88,67,-1,76
1275000,86,47,-11,87
1275510,100,27,2,85
1276020,12,64,2,83
1276530,34,23,3,80
1277040,35,5,5,75
1277550,63,78,-7,82
1278060,40,63,-3,85
1278570,13,66,-1,86
1279080,35,25,9,77
1279590,56,7,3,74
1280100,41,80,-14,88
1280610,62,83,8,80
1281120,39,72,-3,83
1281630,12,75,-1,84
1282140,34,34,9,75
1282650,55,37,1,74
1283160,53,4,-6,80
1283670,27,7,3,77
1284180,28,80,-6,83
1284690,50,39,5,78
1285200,71,21,-2,80
1285710,85,92,1,79
1286220,4,27,-4,83
1286730,26,30,0,83
1287240,27,33,4,79
1287750,48,36,0,79
1288260,46,3,3,76
1288770,84,76,-11,87
1289280,82,11,13,74
1289790,74,48,-8,82
1290300,72,28,2,80
1290810,59,65,6,74
1291320,57,50,-3,77
1291830,55,53,5,72
1292340,53,20,3,69
1292850,67,91,-7,76
1293360,44,10,4,72
1293870,72,83,-17,89
1294380,93,68,12,77
1294890,91,48,-5,82
1295400,78,28,7,75
1295910,92,65,-4,79
1296420,90,0,-3,82
1296930,64,3,6,76
1297440,38,6,0,76
1297950,66,79,-3,79
1298460,64,64,-1,80
1298970,62,67,-2,82
1299480,60,52,10,72
1299990,58,19,0,72
1300500,72,90,-2,74
1301010,49,75,-12,86
1301520,70,62,7,79
1302030,68,47,1,78
1302540,66,43,-4,82
1303050,64,10,14,68
1303560,65,55,-6,74
1304070,63,22,1,73
1304580,77,93,-8,81
1305090,54,78,-3,84
1305600,31,81,6,78
1306110,52,40,2,76
1306620,18,7,-3,79
1307130,39,91,1,78
1307640,60,50,9,69
1308150,58,53,-2,71
1308660,56,38,-3,74
1309170,54,20,-2,76
1309680,68,91,-3,79
1310190,45,76,-7,86
1310700,22,79,2,84
1311210,44,38,3,81
1311720,65,20,7,74
1312230,79,91,-10,84
1312740,56,76,-1,85
1313250,33,79,5,80
1313760,54,38,10,70
1314270,52,5,-10,80
1314780,40,8,2,78
1315290,78,81,-7,85
1315800,76,66,5,80
1316310,74,1,5,75
1316820,48,4,3,72
1317330,86,77,-8,80
1317840,84,12,-1,81
1318350,76,15,-2,83
1318860,63,52,7,76
1319370,61,55,-2,78
1319880,59,40,2,76
1320390,57,36,0,76
1320900,55,18,5,71
1321410,69,78,-7,78
1321920,67,63,5,73
1322430,65,100,-3,76
1322940,42,12,-5,81
1323450,80,32,8,73
1323960,94,69,-8,81
1324470,92,49,1,80
1324980,4,29,3,77
1325490,26,32,-9,86
1326000,47,35,12,74
1326510,68,2,-3,77
1327020,42,5,-5,82
1327530,80,78,-7,89
1328040,78,63,2,87
1328550,76,100,12,75
1329060,53,19,0,75
1329570,67,39,-2,77
1330080,54,52,-4,81
1330590,52,55,8,73
1331100,50,58,-12,85
1331610,71,61,6,79
1332120,69,83,8,71
1332630,46,68,-10,81
1333140,12,71,-1,82
1333650,34,30,2,80
1334160,55,33,7,73
1334670,56,46,1,72
1335180,54,28,-5,77
1335690,68,10,7,70
1336200,60,47,-7,77
1336710,58,14,-5,82
1337220,72,17,8,74
1337730,86,54,-12,86
1338240,73,34,14,72
1338750,87,14,-8,80
1339260,74,51,2,78
1339770,72,31,1,77
1340280,86,68,-3,80
1340790,84,3,2,78
1341300,58,6,1,77
1341810,32,9,-2,79
1342320,33,29,-2,81
1342830,54,11,7,74
1343340,39,35,0,74
1343850,60,22,2,72
1344360,74,65,-3,75
1344870,72,0,-2,77
1345380,46,3,-7,84
1345890,84,76,1,83
1346400,82,11,3,80
1346910,74,48,5,75
1347420,72,85,-7,82
1347930,49,70,-2,84
1348440,15,73,-2,86
1348950,37,32,11,75
1349460,58,14,-2,77
1349970,72,17,4,73
1350480,64,54,-3,76
1350990,62,39,-2,78
1351500,60,21,4,74
1352010,74,58,-2,76
1352520,72,95,-9,85
1353030,49,80,-2,87
1353540,26,83,3,84
1354050,48,42,7,77
1354560,69,24,5,72
1355070,83,61,-7,79
1355580,81,98,5,74
1356090,58,33,0,74
1356600,72,46,-4,78
1357110,70,83,-2,80
1357620,68,68,1,79
1358130,66,71,0,79
1358640,64,56,10,69
1359150,62,41,-8,77
1359660,60,54,-3,80
1360170,58,39,3,77
1360680,56,35,4,73
1361190,57,48,-4,77
1361700,55,51,2,75
1362210,53,64,-9,84
1362720,51,67,5,79
1363230,49,70,0,79
1363740,15,73,-1,80
1364250,37,32,-1,81
1364760,58,35,7,74
1365270,56,48,3,71
1365780,54,51,-5,76
1366290,20,54,-9,85
1366800,42,57,3,82
1367310,8,60,1,81
1367820,30,19,3,78
1368330,51,1,3,75
1368840,25,74,-4,79
1369350,47,33,4,75
1369860,45,15,-4,79
1370370,83,86,-7,86
1370880,81,71,6,80
1371390,79,6,4,76
1371900,53,9,3,73
1372410,40,12,1,72
1372920,41,83,-8,80
1373430,62,42,5,75
1373940,60,38,2,73
1374450,58,34,-9,82
1374960,72,16,4,78
1375470,64,43,-5,83
1375980,62,25,7,76
1376490,76,96,-6,82
1377000,53,81,-2,84
1377510,74,84,-1,85
1378020,72,69,4,81
1378530,70,54,5,76
1379040,68,50,1,75
1379550,66,72,-9,84
1380060,64,57,3,81
1380570,31,42,-1,82
1381080,25,45,-4,86
1381590,47,48,10,76
1382100,68,51,-1,77
1382610,66,73,0,77
1383120,64,58,6,71
1383630,62,61,-2,73
1384140,60,46,0,73
1384650,58,31,-1,74
1385160,72,44,-4,78
1385670,70,57,3,75
1386180,68,94,-6,81
1386690,45,97,4,77
1387200,66,56,5,72
1387710,64,93,-2,74
1388220,85,12,-2,76
1388730,77,49,0,76
1389240,75,29,-5,81
1389750,89,100,1,80
1390260,87,35,-1,81
1390770,101,72,-3,84
1391280,24,7,6,78
1391790,45,80,-7,85
1392300,66,83,9,76
1392810,43,68,-5,81
1393320,64,71,3,78
1393830,62,56,-3,81
1394340,60,59,4,77
1394850,58,44,5,72
1395360,56,47,-6,78
1395870,54,14,5,73
1396380,68,17,-6,79
1396890,55,20,5,74
1397400,69,91,-3,77
1397910,46,76,-6,83
1398420,67,79,7,76
1398930,65,64,-4,80
1399440,63,67,3,77
1399950,61,52,-4,81
1400460,59,55,4,77
1400970,57,58,1,76
1401480,55,93,-3,79
1401990,76,52,6,73
1402500,74,32,-3,76
1403010,88,1,-4,80
1403520,62,4,1,79
1404030,36,77,-7,86
1404540,57,80,4,82
1405050,78,83,7,75
1405560,76,18,-4,79
1406070,68,55,2,77
1406580,66,71,0,77
1407090,64,56,-1,78
1407600,62,59,0,78
1408110,60,44,5,73
1408620,58,47,-3,76
1409130,56,50,-1,77
1409640,54,53,2,75
1410150,43,56,-7,82
1410660,9,59,-3,85
1411170,31,18,8,77
1411680,52,0,4,73
1412190,26,3,2,71
1412700,41,76,-12,83
1413210,62,79,0,83
1413720,39,64,0,83
1414230,61,67,3,80
1414740,59,52,5,75
1415250,57,19,3,72
1415760,71,90,-3,75
1416270,48,9,2,73
1416780,86,80,-8,81
1417290,84,15,5,76
1417800,71,52,1,75
1418310,69,32,-2,77
1418820,83,45,-4,81
1419330,70,25,8,73
1419840,62,96,-9,82
1420350,39,55,-1,83
1420860,61,58,3,80
1421370,59,61,5,75
1421880,57,64,-5,80
1422390,55,67,-3,83
1422900,53,70,-2,85
1423410,19,73,3,82
1423920,41,32,8,74
1424430,62,101,-3,77
1424940,83,60,-4,81
1425450,81,40,4,77
1425960,95,20,-4,81
1426470,82,57,3,78
1426980,80,37,5,73
1427490,94,17,-4,77
1428000,81,54,-1,78
1428510,79,55,-5,83
1429020,77,47,7,76
1429530,75,27,-4,80
1430040,89,98,-1,81
1430550,8,33,-2,83
1431060,30,36,4,79
1431570,51,39,-1,80
1432080,72,21,4,76
1432590,86,38,-3,79
1433100,86,75,-4,83
1433610,84,10,11,72
1434120,76,55,-4,76
1434630,74,35,1,75
1435140,61,15,2,73
1435650,53,18,-2,75
1436160,67,45,-1,76
1436670,65,12,-10,86
1437180,57,15,15,71
1437690,44,86,-10,81
1438200,60,45,10,71
1438710,58,12,-4,75
1439220,72,28,-4,79
1439730,86,99,-1,80
1440240,5,84,-4,84
1440750,27,43,-1,85
1441260,48,46,11,74
1441770,69,49,0,74
1442280,67,16,2,72
1442790,59,43,-4,76
1443300,57,10,0,76
1443810,42,27,1,75
1444320,63,9,-6,81
1444830,37,54,7,74
1445340,59,57,-7,81
1445850,57,60,1,80
1446360,55,63,-1,81
1446870,53,66,4,77
1447380,30,51,-4,81
1447890,51,54,1,80
1448400,49,57,4,76
1448910,47,60,-10,86
1449420,68,63,7,79
1449930,26,82,-9,88
1450440,48,41,14,74
1450950,69,8,4,70
1451460,43,53,-16,86
1451970,64,56,11,75
1452480,62,23,4,71
1452990,49,94,-10,81
1453500,26,53,0,81
1454010,48,56,4,77
1454520,46,59,-3,80
1455030,12,62,-9,89
1455540,34,21,14,75
1456050,62,3,-1,76
1456560,36,48,0,76
1457070,57,51,7,69
1457580,55,54,-12,81
1458090,53,21,12,69
1458600,67,92,-8,77
1459110,44,11,1,76
1459620,72,80,0,76
1460130,70,23,-8,84
1460640,84,26,13,71
1461150,98,43,-15,86
1461660,10,80,8,78
1462170,32,39,2,76
1462680,53,42,2,74
1463190,51,9,0,74
1463700,36,12,0,74
1464210,74,15,-6,80
1464720,66,18,7,73
1465230,58,45,6,67
1465740,56,12,-5,72
1466250,43,15,-3,75
1466760,71,84,0,75
1467270,48,69,-5,80
1467780,25,72,3,77
1468290,47,31,2,75
1468800,68,13,-8,83
1469310,60,16,9,74
1469820,52,19,-1,75
1470330,66,90,-8,83
1470840,43,9,5,78
1471350,81,80,-15,93
1471860,39,83,13,80
1472370,60,42,6,74
1472880,58,81,-7,81
1473390,35,84,-2,83
1473900,56,43,11,72
1474410,54,10,-11,83
1474920,39,20,9,74
1475430,99,2,-4,78
1475940,73,47,-5,83
1476450,71,14,8,75
1476960,63,30,2,73
1477470,50,43,-5,78
1477980,48,10,-2,80
1478490,86,20,1,79
1479000,78,57,-1,80
1479510,76,37,-5,85
1480020,63,17,13,72
1480530,77,88,-7,79
1481040,75,73,-3,82
1481550,33,25,10,72
1482060,54,7,-8,80
1482570,92,80,2,78
1483080,90,15,-1,79
1483590,82,18,6,73
1484100,38,55,-4,77
1484610,60,58,5,72
1485120,58,61,-4,76
1485630,56,64,1,75
1486140,54,67,-2,77
1486650,52,70,-4,81
1487160,50,73,3,78
1487670,27,60,-5,83
1488180,49,63,2,81
1488690,47,66,-1,82
1489200,13,69,-6,88
1489710,35,28,13,75
1490220,56,97,-6,81
1490730,33,100,3,78
1491240,55,59,1,77
1491750,53,62,-2,79
1492260,27,65,2,77
1492770,49,68,-3,80
1493280,47,55,-3,83
1493790,68,58,1,82
1494300,66,61,8,74
1494810,64,64,-1,75
1495320,62,67,-5,80
1495830,60,70,3,77
1496340,58,9,6,71
1496850,32,19,-5,76
1497360,53,1,4,72
1497870,27,4,-1,73
1498380,28,77,-5,78
1498890,50,36,5,73
1499400,48,18,-4,77
1499910,46,61,-11,88
1500420,67,64,11,77
1500930,65,67,3,74
1501440,63,70,-6,80
1501950,61,73,2,78
1502460,59,76,-1,79
1502970,36,79,-4,83
1503480,57,38,14,69
1503990,55,41,-5,74
1504500,53,8,-5,79
1505010,38,11,0,79
1505520,66,38,3,76
1506030,64,51,5,71
1506540,62,54,-4,75
1507050,60,21,-3,78
1507560,74,92,-10,88
1508070,51,95,6,82
1508580,72,54,7,75
1509090,70,21,1,74
1509600,62,38,0,74
1510110,60,51,-5,79
1510620,58,18,5,74
1511130,43,21,4,70
1511640,71,3,-8,78
1512150,45,6,3,75
1512660,83,79,-7,82
1513170,41,14,9,73
1513680,69,57,-8,81
1514190,67,60,2,79
1514700,65,79,-4,83
1515210,42,82,4,79
1515720,19,85,-4,83
1516230,41,44,4,79
1516740,62,47,4,75
1517250,60,50,-1,76
1517760,58,53,-1,77
1518270,79,56,0,77
1518780,77,36,-3,80
1519290,64,49,8,72
1519800,62,16,-2,74
1520310,54,43,-3,77
1520820,52,10,1,76
1521330,90,13,3,73
1521840,82,16,-2,75
1522350,74,32,-10,85
1522860,47,45,10,75
1523370,68,48,-1,76
1523880,66,51,4,72
1524390,64,54,-5,77
1524900,62,21,8,69
1525410,54,38,-4,73
1525920,52,5,-12,85
1526430,80,8,8,77
1526940,54,11,0,77
1527450,39,14,4,73
1527960,77,17,-2,75
1528470,33,34,-2,77
1528980,54,37,6,71
1529490,52,40,-2,73
1530000,50,43,-5,78
1530510,48,46,1,77
1531020,46,49,-7,84
1531530,67,52,17,67
1532040,65,32,-11,78
1532550,79,45,1,77
1533060,44,25,2,75
1533570,72,7,-2,77
1534080,46,10,6,71
1534590,44,27,-10,81
1535100,42,9,7,74
1535610,80,36,-9,83
1536120,67,58,8,75
1536630,65,61,1,74
1537140,63,73,-4,78
1537650,61,76,-1,79
1538160,59,79,0,79
1538670,36,82,-1,80
1539180,57,41,7,73
1539690,55,44,-5,78
1540200,53,47,3,75
1540710,51,50,-5,80
1541220,49,53,4,76
1541730,47,56,-1,77
1542240,45,59,-7,84
1542750,11,62,2,82
1543260,33,21,7,75
1543770,54,3,0,75
1544280,28,6,-2,77
1544790,43,79,-2,79
1545300,64,82,5,74
1545810,41,85,-6,80
1546320,62,44,6,74
1546830,60,47,-4,78
1547340,58,66,0,78
1547850,56,69,-4,82
1548360,54,72,1,81
1548870,31,75,-2,83
1549380,53,34,10,73
1549890,51,47,0,73
1550400,49,14,-2,75
1550910,47,41,-1,76
1551420,68,8,5,71
1551930,42,11,1,70
1552440,40,38,-4,74
1552950,61,41,2,72
1553460,59,37,2,70
1553970,57,50,-7,77
1554480,55,53,0,77
1554990,53,56,3,74
1555500,51,59,-5,79
1556010,49,62,2,77
1556520,15,65,-10,87
1557030,37,24,14,73
1557540,58,6,0,73
1558050,32,9,-1,74
1558560,44,12,-1,75
1559070,72,39,-3,78
1559580,70,52,2,76
1560090,68,55,-1,77
1560600,66,58,5,72
1561110,57,70,-10,82
1561620,55,73,-4,86
1562130,53,18,15,71
1562640,67,89,-3,74
1563150,44,92,-2,76
1563660,65,51,-1,77
1564170,63,54,7,70
1564680,61,73,-5,75
1565190,59,76,-12,87
1565700,57,79,10,77
1566210,34,82,-4,81
1566720,55,41,11,70
1567230,53,8,-3,73
1567740,38,25,-5,78
1568250,59,7,5,73
1568760,33,10,-2,75
1569270,61,13,-2,77
1569780,53,40,3,74
1570290,51,43,2,72
1570800,49,46,-3,75
1571310,47,49,-2,77
1571820,13,52,-3,80
1572330,35,55,-1,81
1572840,57,58,4,77
1573350,55,61,4,73
1573860,53,64,-7,80
1574370,51,67,5,75
1574880,49,70,-7,82
1575390,15,73,0,82
1575900,37,32,3,79
1576410,58,35,3,76
1576920,56,48,0,76
1577430,54,51,0,76
1577940,52,54,1,75
1578450,50,57,-8,83
1578960,16,60,-3,86
1579470,38,19,13,73
1579980,66,1,-1,74
1580490,40,4,0,74
1581000,78,77,1,73
1581510,76,12,-6,79
1582020,50,15,8,71
1582530,64,42,-1,72
1583040,62,91,-6,78
1583550,39,94,-1,79
1584060,60,53,3,76
1584570,58,56,-1,77
1585080,56,59,4,73
1585590,54,62,-9,82
1586100,52,65,5,77
1586610,50,68,-2,79
1587120,16,71,-5,84
1587630,38,30,6,78
1588140,59,33,2,76
1588650,57,46,0,76
1589160,5,49,-7,83
1589670,27,52,7,76
1590180,49,55,-4,80
1590690,70,58,3,77
1591200,68,61,0,77
1591710,66,64,0,77
1592220,64,67,3,74
1592730,62,70,-6,80
1593240,60,73,-3,83
1593750,58,76,1,82
1594260,35,79,-2,84
1594770,56,82,9,75
1595280,33,85,-7,82
1595790,54,44,7,75
1596300,52,47,2,73
1596810,73,50,-3,76
1597320,71,72,-3,79
1597830,69,75,-2,81
1598340,67,10,8,73
1598850,59,13,2,71
1599360,73,16,-4,75
1599870,65,43,-3,78
1600380,63,39,4,74
1600890,61,52,0,74
1601400,59,55,0,74
1601910,57,58,-3,77
1602420,55,61,0,77
1602930,53,64,-8,85
1603440,74,67,6,79
1603950,72,2,5,74
1604460,46,5,-4,78
1604970,31,8,3,75
1605480,59,41,2,73
1605990,57,37,2,71
1606500,55,4,-3,74
1607010,29,7,1,73
1607520,41,80,-5,78
1608030,62,39,0,78
1608540,60,52,1,77
1609050,58,55,3,74
1609560,56,58,-2,76
1610070,54,61,-4,80
1610580,52,64,1,79
1611090,50,67,-4,83
1611600,16,70,-1,84
1612110,38,29,10,74
1612620,59,32,-2,76
1613130,73,45,-3,79
1613640,71,58,4,75
1614150,69,95,-4,79
1614660,46,14,7,72
1615170,44,85,-6,78
1615680,65,44,2,76
1616190,63,40,2,74
1616700,61,43,4,70
1617210,59,10,-8,78
1617720,33,13,2,76
1618230,61,16,4,72
1618740,75,33,-5,77
1619250,62,36,5,72
1619760,60,49,-6,78
1620270,58,52,5,73
1620780,56,55,-7,80
1621290,54,58,5,75
1621800,52,61,-7,82
1622310,18,64,4,78
1622820,40,23,-1,79
1623330,61,5,7,72
1623840,35,8,-2,74
1624350,63,11,-1,75
1624860,55,14,3,72
1625370,40,17,-2,74
1625880,68,20,4,70
1626390,82,91,-13,83
1626900,80,26,11,72
1627410,94,63,-7,79
1627920,92,100,-2,81
1628430,11,35,-1,82
1628940,33,38,1,81
1629450,54,41,12,69
1629960,52,8,-6,75
1630470,37,11,-1,76
1630980,65,80,-5,81
1631490,42,69,-1,82
1632000,63,72,4,78
1632510,61,75,-2,80
1633020,59,78,6,74
1633530,36,67,-12,86
1634040,57,70,4,82
1634550,55,53,9,73
1635060,53,56,-9,82
1635570,74,59,6,76
1636080,72,96,0,76
1636590,49,85,-4,80
1637100,70,88,5,75
1637610,47,23,-1,76
1638120,61,36,4,72
1638630,59,49,-6,78
1639140,80,16,5,73
1639650,67,43,-2,75
1640160,65,92,-1,76
1640670,42,95,-3,79
1641180,63,54,1,78
1641690,61,57,6,72
1642200,59,60,-5,77
1642710,57,63,1,76
1643220,55,66,-6,82
1643730,53,49,2,80
1644240,51,16,1,79
1644750,79,85,-3,82
1645260,77,20,13,69
1645770,33,23,-7,76
1646280,54,5,7,69
1646790,28,8,-3,72
1647300,56,28,0,72
1647810,70,41,-2,74
1648320,68,8,-1,75
1648830,42,11,0,75
1649340,80,14,0,75
1649850,72,46,-2,77
1650360,70,13,6,71
1650870,62,16,-4,75
1651380,54,87,-12,87
1651890,75,90,6,81
1652400,52,79,4,77
1652910,29,82,-3,80
1653420,50,41,9,71
1653930,48,8,-11,82
1654440,73,11,5,77
1654950,47,14,5,72
1655460,61,85,-6,78
1655970,38,74,-10,88
1656480,59,77,12,76
1656990,36,66,-7,83
1657500,57,69,7,76
1658010,55,72,-1,77
1658520,21,75,-3,80
1659030,43,34,4,76
1659540,64,1,4,72
1660050,38,4,-9,81
1660560,53,77,1,80
1661070,30,64,-3,83
1661580,51,67,1,82
1662090,17,70,2,80
1662600,39,29,7,73
1663110,60,98,-6,79
1663620,81,10,4,75
1664130,55,13,1,74
1664640,53,84,-8,82
1665150,30,98,10,72
1665660,52,57,-8,80
1666170,12,40,-1,81
1666680,34,43,-7,88
1667190,55,46,17,71
1667700,53,13,-9,80
1668210,51,16,3,77
1668720,65,87,2,75
1669230,42,76,-8,83
1669740,19,79,1,82
1670250,41,38,5,77
1670760,62,21,2,75
1671270,49,92,-6,81
1671780,70,51,8,73
1672290,68,18,-2,75
1672800,82,21,-3,78
1673310,74,24,2,76
1673820,61,95,4,72
1674330,38,7,-3,75
1674840,66,10,-1,76
1675350,58,13,1,75
1675860,50,84,-4,79
1676370,27,87,-2,81
1676880,49,46,-2,83
1677390,3,13,2,81
1677900,25,16,7,74
1678410,46,100,-1,75
1678920,23,59,-9,84
1679430,45,62,3,81
1679940,11,65,-2,83
1680450,33,24,6,77
1680960,51,93,0,77
1681470,28,52,4,73
1681980,63,55,-4,77
1682490,61,22,-2,79
1683000,81,93,2,77
1683510,79,12,2,75
1684020,71,15,-1,76
1684530,63,18,0,76
1685040,55,89,-7,83
1685550,32,92,3,80
1686060,53,51,3,77
1686570,51,54,4,73
1687080,35,21,-7,80
1687590,60,3,2,78
1688100,34,76,-3,81
1688610,55,69,0,81
1689120,53,52,3,78
1689630,51,19,10,68
1690140,49,90,-21,89
1690650,70,2,15,74
1691160,44,5,-3,77
1691670,29,78,-8,85
1692180,50,37,10,75
1692690,48,4,-6,81
1693200,86,7,1,80
1693710,42,10,2,78
1694220,40,13,4,74
1694730,38,16,-4,78
1695240,50,85,-5,83
1695750,27,99,7,76
1696260,49,58,-5,81
1696770,15,41,-5,86
1697280,37,44,6,80
1697790,64,47,9,71
1698300,62,14,-2,73
1698810,54,17,-2,75
1699320,52,88,-5,80
1699830,29,47,1,79
1700340,51,50,2,77
1700850,49,53,-2,79
1701360,47,36,4,75
1701870,45,3,-3,78
1702380,19,76,-5,83
1702890,41,35,12,71
1703400,62,2,-14,85
1703910,60,5,9,76
1704420,34,8,-2,78
1704930,46,11,7,71
1705440,74,82,-3,74
1705950,72,34,-4,78
1706460,59,47,0,78
1706970,57,50,-4,82
1707480,55,17,1,81
1707990,28,88,1,80
1708500,50,47,7,73
1709010,48,50,-12,85
1709520,46,33,2,83
1710030,67,36,4,79
1710540,54,49,2,77
1711050,52,52,-1,78
1711560,50,55,-2,80
1712070,48,58,2,78
1712580,46,41,2,76
1713090,44,24,-4,80
1713600,42,44,-3,83
1714110,63,47,10,73
1714620,61,50,-5,78
1715130,59,17,1,77
1715640,57,20,-4,81
1716150,44,23,12,69
1716660,42,36,-9,78
1717170,63,39,5,73
1717680,61,52,-5,78
1718190,59,55,-1,79
1718700,57,58,-5,84
1719210,55,61,5,79
1719720,53,44,2,77
1720230,51,11,5,72
1720740,49,14,-1,73
1721250,77,85,-2,75
1721760,75,88,-3,78
1722270,52,91,1,77
1722780,29,50,-5,82
1723290,51,53,5,77
1723800,49,56,-1,78
1724310,47,39,-6,84
1724820,45,22,10,74
1725330,43,42,-3,77
1725840,9,45,-9,86
1726350,31,48,8,78
1726860,53,51,2,76
1727370,51,54,-1,77
1727880,17,57,-7,84
1728390,39,60,4,80
1728900,37,63,-10,90
1729410,58,66,9,81
1729920,56,69,3,78
1730430,54,72,-2,80
1730940,31,75,-5,85
1731450,52,78,3,82
1731960,29,81,1,81
1732470,39,40,2,79
1732980,60,43,6,73
1733490,72,46,0,73
1734000,70,26,-4,77
1734510,57,29,6,71
1735020,55,42,-3,74
1735530,53,45,-2,76
1736040,51,48,-3,79
1736550,49,51,0,79
1737060,47,54,-3,82
1737570,13,57,-2,84
1738080,35,16,4,80
1738590,60,19,7,73
1739100,52,22,-1,74
1739610,50,35,-3,77
1740120,48,38,1,76
1740630,46,5,5,71
1741140,44,78,-11,82
1741650,65,81,5,77
1742160,42,84,-7,84
1742670,63,43,6,78
1743180,61,10,-1,79
1743690,35,13,3,76
1744200,60,16,-3,79
1744710,52,19,5,74
1745220,50,22,-4,78
1745730,48,7,-4,82
1746240,33,10,4,78
1746750,48,13,2,76
1747260,46,16,-1,77
1747770,31,19,-5,82
1748280,52,22,13,69
1748790,66,35,-7,76
1749300,64,48,3,73
1749810,62,51,-3,76
1750320,60,54,1,75
1750830,58,57,-6,81
1751340,56,60,5,76
1751850,54,63,-7,83
1752360,52,66,2,81
1752870,50,69,0,81
1753380,27,72,-5,86
1753890,48,75,3,83
1754400,25,78,-1,84
1754910,47,37,10,74
1755420,45,4,-5,79
1755930,19,77,-3,82
1756440,41,36,7,75
1756950,62,23,-4,79
1757460,49,26,3,76
1757970,47,39,5,71
1758480,45,42,-11,82
1758990,66,45,3,79
1759500,64,48,4,75
1760010,62,51,2,73
1760520,60,54,-5,78
1761030,58,57,-5,83
1761540,56,60,10,73
1762050,54,63,-12,85
1762560,52,98,6,79
1763070,29,57,-2,81
1763580,51,60,4,77
1764090,49,43,-4,81
1764600,70,26,8,73
1765110,57,29,0,73
1765620,55,42,-4,77
1766130,53,45,2,75
1766640,51,42,2,73
1767150,72,9,-4,77
1767660,46,12,-1,78
1768170,31,15,1,77
1768680,56,35,5,72
1769190,54,2,-1,73
1769700,28,82,-3,76
1770210,38,41,-5,81
1770720,59,44,5,76
1771230,57,47,1,75
1771740,55,50,-2,77
1772250,53,17,0,77
1772760,67,88,1,76
1773270,44,77,-7,83
1773780,21,80,2,81
1774290,43,39,9,72
1774800,68,42,-4,76
1775310,66,55,-5,81
1775820,64,58,1,80
1776330,62,61,11,69
1776840,60,87,-14,83
1777350,81,90,5,78
1777860,58,93,-1,79
1778370,35,96,-1,80
1778880,56,55,5,75
1779390,54,58,-4,79
1779900,52,61,1,78
1780410,50,64,-13,91
1780920,16,67,8,83
1781430,38,26,10,73
1781940,53,29,-1,74
1782450,51,42,-2,76
1782960,49,25,-1,77
1783470,77,68,-11,88
1783980,75,71,13,75
1784490,73,74,-4,79
1785000,71,77,1,78
1785510,48,80,-6,84
1786020,25,83,8,76
1786530,47,42,-5,81
1787040,45,45,4,77
1787550,11,48,-4,81
1788060,33,51,-11,92
1788570,54,54,14,78
1789080,52,57,-2,80
1789590,50,60,2,78
1790100,75,63,-4,82
1790610,73,66,13,69
1791120,71,18,-10,79
1791630,63,21,3,76
1792140,50,24,2,74
1792650,48,37,-10,84
1793160,69,40,9,75
1793670,67,53,2,73
1794180,65,56,-3,76
1794690,63,59,-3,79
1795200,61,62,5,74
1795710,59,65,-4,78
1796220,57,25,8,70
1796730,71,68,-8,78
1797240,13,71,-1,79
1797750,35,30,2,77
1798260,56,33,6,71
1798770,54,46,-1,72
1799280,52,49,-8,80
1799790,18,52,-1,81
1800300,40,55,-4,85
1800810,6,58,3,82
1801320,28,17,6,76
1801830,53,20,1,75
1802340,51,63,-6,81
1802850,49,66,-1,82
1803360,15,69,1,81
1803870,37,28,5,76
1804380,58,31,3,73
1804890,56,44,-9,82
1805400,54,47,-1,83
1805910,52,50,-1,84
1806420,50,56,-1,85
1806930,48,39,9,76
1807440,46,22,2,74
1807950,44,35,-8,82
1808460,10,18,1,81
1808970,31,21,4,77
1809480,56,90,-6,83
1809990,33,93,-1,84
1810500,54,52,5,79
1811010,52,55,-1,80
1811520,50,38,6,74
1812030,48,5,-1,75
1812540,22,8,-5,80
1813050,43,11,7,73
1813560,41,38,-9,82
1814070,62,21,0,82
1814580,54,24,9,73
1815090,52,37,-1,74
1815600,50,40,1,73
1816110,48,7,-9,82
1816620,33,10,3,79
1817130,45,13,5,74
1817640,43,16,-4,78
1818150,41,19,-3,81
1818660,62,32,3,78
1819170,49,45,0,78
1819680,15,28,-8,86
1820190,36,31,5,81
1820700,57,99,3,78
1821210,78,58,1,77
1821720,76,74,-5,82
1822230,74,77,-2,84
1822740,72,80,6,78
1823250,49,8,-1,79
1823760,34,81,-3,82
1824270,55,40,14,68
1824780,53,43,-7,75
1825290,51,46,-10,85
1825800,72,29,8,77
1826310,59,32,4,73
1826820,57,45,-1,74
1827330,55,48,-3,77
1827840,53,31,1,76
1828350,51,44,2,74
1828860,49,27,4,70
1829370,47,40,-10,80
1829880,68,23,6,74
1830390,55,94,-5,79
1830900,76,97,6,73
1831410,53,22,1,72
1831920,67,35,-1,73
1832430,54,48,3,70
1832940,52,51,-9,79
1833450,50,54,3,76
1833960,48,37,3,73
1834470,46,40,-4,77
1834980,44,23,-1,78
1835490,42,43,-6,84
1836000,40,46,-2,86
1836510,61,49,6,80
1837020,27,52,1,79
1837530,49,55,0,79
1838040,15,38,-3,82
1838550,37,41,7,75
1839060,58,24,2,73
1839570,72,95,1,72
1840080,49,47,-3,75
1840590,15,30,-14,89
1841100,37,33,11,78
1841610,58,16,2,76
1842120,45,19,1,75
1842630,59,22,-2,77
1843140,46,25,5,72
1843650,44,45,-6,78
1844160,65,28,2,76
1844670,52,41,2,74
1845180,50,8,-5,79
1845690,35,11,6,73
1846200,63,14,-10,83
1846710,50,17,8,75
1847220,64,60,-2,77
1847730,62,63,-1,78
1848240,60,66,4,74
1848750,58,49,3,71
1849260,56,52,-4,75
1849770,54,55,-2,77
1850280,52,42,-3,80
1850790,50,25,2,78
1851300,48,38,1,77
1851810,46,21,0,77
1852320,44,34,1,76
1852830,65,21,-2,78
1853340,28,92,-2,80
1853850,50,51,4,76
1854360,48,38,-9,85
1854870,69,5,11,74
1855380,43,8,-2,76
1855890,41,81,-5,81
1856400,18,40,-13,94
1856910,39,43,14,80
1857420,64,46,8,72
1857930,62,62,-4,76
1858440,60,65,0,76
1858950,58,7,-3,79
1859460,32,80,0,79
1859970,9,39,-8,87
1860480,31,42,7,80
1860990,52,45,6,74
1861500,50,32,-3,77
1862010,48,75,-12,89
1862520,25,78,7,82
1863030,47,37,3,79
1863540,45,20,4,75
1864050,43,33,-6,81
1864560,64,16,5,76
1865070,51,87,-7,83
1865580,28,90,8,75
1866090,50,49,-1,76
1866600,48,36,-2,78
1867110,46,19,2,76
1867620,44,32,-6,82
1868130,65,15,5,77
1868640,57,18,3,74
1869150,71,89,-7,81
1869660,48,78,6,75
1870170,25,81,-10,85
1870680,47,40,4,81
1871190,68,23,3,78
1871700,55,94,1,77
1872210,32,97,-3,80
1872720,9,56,-1,81
1873230,31,15,5,76
1873740,56,35,0,76
1874250,54,48,-7,83
1874760,52,31,5,78
1875270,50,44,3,75
1875780,16,27,-11,86
1876290,31,30,5,81
1876800,52,63,-1,82
1877310,50,46,7,75
1877820,48,13,-1,76
1878330,46,40,-9,85
1878840,67,23,10,75
1879350,81,94,-4,79
1879860,79,29,1,78
1880370,93,32,-7,85
1880880,5,35,-3,88
1881390,27,38,13,75
1881900,48,41,-2,77
1882410,69,24,3,74
1882920,56,95,-6,80
1883430,33,98,3,77
1883940,10,57,-6,83
1884450,32,60,4,79
1884960,5,63,-4,83
1885470,27,22,11,72
1885980,48,25,-1,73
1886490,62,38,0,73
1887000,60,51,-4,77
1887510,58,54,-1,78
1888020,56,57,-10,88
1888530,54,40,10,78
1889040,52,43,4,74
1889550,50,10,-2,76
1890060,35,83,-4,80
1890570,8,42,-4,84
1891080,30,45,3,81
1891590,72,48,6,75
1892100,70,64,-1,76
1892610,68,67,-2,78
1893120,66,70,-4,82
1893630,64,73,6,76
1894140,62,62,-2,78
1894650,60,65,4,74
1895160,58,48,1,73
1895670,56,15,0,73
1896180,48,86,-6,79
1896690,25,89,0,79
1897200,47,48,-1,80
1897710,45,31,0,80
1898220,66,100,6,74
1898730,43,52,-5,79
1899240,9,35,-5,84
1899750,31,38,0,84
1900260,52,41,8,76
1900770,73,44,-2,78
1901280,71,33,3,75
1901790,63,46,-1,76
1902300,61,49,3,73
1902810,59,65,-9,82
1903320,25,48,4,78
1903830,47,51,0,78
1904340,13,38,-5,83
1904850,35,41,4,79
1905360,56,44,2,77
1905870,54,11,5,72
1906380,39,38,-6,78
1906890,60,21,5,73
1907400,74,92,-6,79
1907910,51,81,-1,80
1908420,28,84,-1,81
1908930,50,43,5,76
1909440,48,10,1,75
1909950,33,83,-10,85
1910460,54,42,11,74
1910970,52,45,-4,78
1911480,50,28,6,72
1911990,48,41,-4,76
1912500,46,24,2,74
1913010,44,37,-4,78
1913520,65,20,3,75
1914030,52,91,-4,79
1914540,29,94,4,75
1915050,51,53,-1,76
1915560,17,36,-1,77
1916070,38,39,-6,83
1916580,59,22,12,71
1917090,73,93,-6,77
1917600,50,82,-5,82
1918110,71,85,3,79
1918620,69,74,4,75
1919130,67,77,-3,78
1919640,65,60,4,74
1920150,63,63,0,74
1920660,61,46,0,74
1921170,59,49,-3,77
1921680,57,1,-4,81
1922190,31,4,7,74
1922700,46,77,-6,80
1923210,23,80,-7,87
1923720,45,39,9,78
1924230,43,22,6,72
1924740,41,35,-13,85
1925250,62,18,6,79
1925760,60,45,12,67
1926270,58,12,-9,76
1926780,72,28,1,75
1927290,86,41,1,74
1927800,100,78,-11,85
1928310,98,13,0,85
1928820,85,16,13,72
1929330,77,53,-6,78
1929840,75,33,-5,83
1930350,62,46,10,73
1930860,60,62,-4,77
1931370,58,45,0,77
1931880,56,48,9,68
1932390,54,15,-5,73
1932900,68,18,-2,75
1933410,55,34,2,73
1933920,53,47,-4,77
1934430,19,30,-7,84
1934940,40,33,9,75
1935450,61,16,0,75
1935960,48,19,2,73
1936470,62,90,-6,79
1936980,39,9,3,76
1937490,100,82,-8,84
1938000,13,17,0,84
1938510,28,20,8,76
1939020,53,40,1,75
1939530,51,23,-2,77
1940040,49,36,3,74
1940550,47,3,-3,77
1941060,21,76,-9,86
1941570,43,35,10,76
1942080,41,18,-3,79
1942590,69,31,4,75
1943100,56,44,2,73
1943610,54,11,-6,79
1944120,39,14,4,75
1944630,67,87,-6,81
1945140,44,76,-2,83
1945650,21,79,-2,85
1946160,43,38,6,79
1946670,64,21,3,76
1947180,51,92,-4,80
1947690,28,95,-1,81
1948200,50,54,3,78
1948710,16,87,1,77
1949220,38,46,1,76
1949730,59,33,3,73
1950240,57,46,1,72
1950750,55,13,-8,80
1951260,69,29,2,78
1951770,61,42,0,78
1952280,59,58,4,74
1952790,57,10,-5,79
1953300,42,13,2,77
1953810,40,40,0,77
1954320,61,23,7,70
1954830,75,94,-15,85
1955340,52,83,13,72
1955850,29,97,-7,79
1956360,51,56,1,78
1956870,49,39,5,73
1957380,47,6,-13,86
1957890,32,9,4,82
1958400,53,12,7,75
1958910,51,39,3,72
1959420,49,93,-4,76
1959930,26,52,-7,83
1960440,47,55,3,80
1960950,13,38,-1,81
1961460,35,41,2,79
1961970,56,24,7,72
1962480,70,37,-4,76
1962990,57,17,3,73
1963500,49,44,1,72
1964010,47,27,-13,85
1964520,75,40,12,73
1965030,89,20,-13,86
1965540,76,23,19,67
1966050,90,39,-13,80
1966560,2,76,0,80
1967070,24,77,0,80
1967580,46,36,7,73
1968090,44,19,-8,81
1968600,72,32,6,75
1969110,86,45,4,71
1969620,73,25,-1,72
1970130,87,96,-10,82
1970640,6,24,-2,84
1971150,28,27,7,77
1971660,56,30,3,74
1972170,70,43,-2,76
1972680,68,56,-1,77
1973190,66,72,-3,80
1973700,64,55,-1,81
1974210,62,22,7,74
1974720,76,35,-4,78
1975230,90,15,-2,80
1975740,2,52,1,79
1976250,24,11,6,73
1976760,45,31,-2,75
1977270,43,85,-14,89
1977780,64,44,16,73
1978290,62,98,-2,75
1978800,39,17,2,73
1979310,67,30,-5,78
1979820,81,43,4,74
1980330,68,23,-2,76
1980840,82,26,-2,78
1981350,69,43,3,75
1981860,67,56,1,74
1982370,65,8,-3,77
1982880,57,53,-3,80
1983390,55,36,9,71
1983900,53,3,-9,80
1984410,27,6,2,78
1984920,55,79,-2,80
1985430,32,66,-1,81
1985940,9,69,-2,83
1986450,31,28,6,77
1986960,52,15,6,71
1987470,66,42,0,71
1987980,64,9,-1,72
1988490,56,25,1,71
1989000,70,38,-1,72
1989510,68,51,-4,76
1990020,66,67,6,70
1990530,64,19,-6,76
1991040,78,46,-4,80
1991550,76,59,-1,81
1992060,74,11,7,74
1992570,66,14,-2,76
1993080,80,17,-2,78
1993590,72,20,4,74
1994100,64,36,-1,75
1994610,62,49,-5,80
1995120,60,16,0,80
1995630,47,32,3,77
1996140,66,101,3,74
1996650,3,53,-10,84
1997160,25,56,3,81
1997670,47,59,-1,82
1998180,13,42,0,82
1998690,35,45,7,75
1999200,1,48,-6,81
1999710,23,7,3,78
2000220,44,80,0,78
2000730,21,39,-5,83
2001240,42,42,5,78
2001750,63,25,4,74
2002260,77,38,-1,75
2002770,91,18,-3,78
2003280,3,21,-2,80
2003790,25,24,5,75
2004300,46,27,-4,79
2004810,52,96,4,75
2005320,29,55,-7,82
2005830,2,58,-2,84
2006340,24,17,10,74
2006850,45,20,-3,77
2007360,64,33,5,72
2007870,51,13,-3,75
2008380,65,40,1,74
2008890,63,53,0,74
2009400,61,5,-1,75
2009910,53,8,-1,76
2010420,38,11,1,75
2010930,66,24,-3,78
2011440,80,95,0,78
2011950,57,23,7,71
2012460,30,36,-6,77
2012970,51,39,2,75
2013480,49,22,1,74
2013990,47,35,1,73
2014500,13,2,-6,79
2015010,34,71,-3,82
2015520,11,30,-5,87
2016030,33,33,8,79
2016540,54,16,5,74
2017050,41,43,-4,78
2017560,7,90,-9,87
2018070,29,49,10,77
2018580,51,52,-1,78
2019090,17,35,-2,80
2019600,38,38,3,77
2020110,59,21,-2,79
2020620,32,64,-4,83
2021130,9,67,0,83
2021640,31,26,5,78
2022150,52,9,-1,79
2022660,37,12,5,74
2023170,56,15,3,71
2023680,48,31,-6,77
2024190,46,24,5,72
2024700,60,37,-2,74
2025210,58,17,-1,75
2025720,50,33,-1,76
2026230,16,0,-1,77
2026740,77,73,-2,79
2027250,75,25,5,74
2027760,89,41,-11,85
2028270,1,55,5,80
2028780,23,14,5,75
2029290,44,83,-4,79
2029800,21,97,-7,86
2030310,43,56,11,75
2030820,9,43,-8,83
2031330,31,46,2,81
2031840,52,33,4,77
2032350,50,0,0,77
2032860,24,3,-1,78
2033370,85,76,-6,84
2033880,83,11,5,79
2034390,75,48,1,78
2034900,73,28,-1,79
2035410,87,41,6,73
2035920,101,78,-10,83
2036430,24,13,1,82
2036940,45,82,-1,83
2037450,22,85,-6,89
2037960,44,44,12,77
2038470,10,11,-1,78
2038980,31,14,4,74
2039490,59,34,2,72
2040000,57,47,-1,73
2040510,23,14,-3,76
2041020,51,83,-10,86
2041530,28,97,8,78
2042040,50,56,2,76
2042550,16,39,-7,83
2043060,38,42,1,82
2043570,59,53,6,76
2044080,57,5,-3,79
2044590,31,8,5,74
2045100,50,81,-5,79
2045610,27,68,-5,84
2046120,48,27,12,72
2046630,46,40,-3,75
2047140,12,7,-11,86
2047650,33,76,5,81
2048160,54,35,7,74
2048670,52,2,2,72
2049180,26,5,-1,73
2049690,45,78,-8,81
2050200,22,65,0,81
2050710,44,24,10,71
2051220,58,37,4,67
2051730,56,4,-22,89
2052240,30,7,15,74
2052750,58,80,-6,80
2053260,35,67,-6,86
2053770,56,8,10,76
2054280,48,11,-7,83
2054790,82,38,8,75
2055300,96,18,-7,82
2055810,83,55,3,79
2056320,81,35,-2,81
2056830,95,72,3,78
2057340,93,7,-1,79
2057850,85,52,0,79
2058360,72,32,1,78
2058870,86,12,-1,79
2059380,78,49,1,78
2059890,65,29,5,73
2060400,57,9,-5,78
2060910,49,12,0,78
2061420,63,81,-7,85
2061930,40,64,3,82
2062440,6,51,11,71
2062950,28,10,-3,74
2063460,56,83,-7,81
2063970,33,66,4,77
2064480,10,69,-8,85
2064990,32,28,4,81
2065500,53,11,3,78
2066010,45,14,2,76
2066520,59,57,4,72
2067030,25,9,-8,80
2067540,46,78,-3,83
2068050,23,65,-3,86
2068560,45,24,15,71
2069070,59,37,-2,73
2069580,57,17,-2,75
2070090,71,20,1,74
2070600,63,57,-4,78
2071110,61,9,3,75
2071620,35,12,-1,76
2072130,54,15,2,74
2072640,68,31,2,72
2073150,82,11,-1,73
2073660,74,48,-6,79
2074170,61,28,3,76
2074680,75,8,0,76
2075190,67,45,5,71
2075700,65,25,2,69
2076210,79,96,-8,77
2076720,56,32,3,74
2077230,70,14,-7,81
2077740,62,17,9,72
2078250,49,33,-3,75
2078760,68,0,2,73
2079270,42,3,-1,74
2079780,16,76,-8,82
2080290,38,35,6,76
2080800,59,2,-2,78
2081310,33,5,5,73
2081820,61,78,-2,75
2082330,38,61,-11,86
2082840,4,48,1,85
2083350,26,7,8,77
2083860,47,80,-4,81
2084370,24,94,2,79
2084880,46,53,1,78
2085390,67,36,-2,80
2085900,54,16,1,79
2086410,88,32,-2,81
2086920,0,69,-4,85
2087430,22,28,7,78
2087940,43,31,0,78
2088450,62,14,-6,84
2088960,49,17,13,71
2089470,63,86,-9,80
2089980,40,73,-1,81
2090490,17,60,0,81
2091000,39,19,5,76
2091510,58,88,-5,81
2092020,35,75,1,80
2092530,8,34,-1,81
2093040,30,37,-1,82
2093550,58,24,9,73
2094060,72,37,2,71
2094570,86,17,-11,82
2095080,78,54,1,81
2095590,76,38,-2,83
2096100,63,75,4,79
2096610,40,58,-3,82
2097120,6,41,-5,87
2097630,28,44,7,80
2098140,96,47,-3,83
2098650,8,84,-3,86
2099160,30,43,7,79
2099670,51,30,1,78
2100180,65,43,9,69
2100690,63,23,-9,78
2101200,77,39,3,75
2101710,91,19,-3,78
2102220,3,56,-7,85
2102730,25,15,8,77
2103240,53,84,-8,85
2103750,30,71,1,84
2104260,3,74,4,80
2104770,25,33,-1,81
2105280,46,36,6,75
2105790,65,3,-4,79
2106300,39,6,6,73
2106810,100,79,-8,81
2107320,23,14,4,77
2107830,44,83,-8,85
2108340,21,97,8,77
2108850,43,56,-5,82
2109360,64,43,11,71
2109870,62,10,-7,78
2110380,54,47,4,74
2110890,20,14,1,73
2111400,41,83,-15,88
2111910,62,95,11,77
2112420,39,47,-2,79
2112930,5,34,-6,85
2113440,27,37,4,81
2113950,48,40,7,74
2114460,14,12,-9,83
2114970,35,15,8,75
2115480,63,84,-1,76
2115990,40,20,0,76
2116500,68,33,-2,78
2117010,82,70,-2,80
2117520,80,5,6,74
2118030,72,42,-7,81
2118540,59,22,6,75
2119050,73,38,-2,77
2119560,60,18,3,74
2120070,74,34,-5,79
2120580,61,14,1,78
2121090,53,30,-1,79
2121600,67,43,7,72
2122110,54,23,2,70
2122620,68,36,-8,78
2123130,55,16,2,76
2123640,42,32,3,73
2124150,61,101,-2,75
2124660,38,60,-10,85
2125170,4,47,1,84
2125680,26,50,1,83
2126190,48,53,3,80
2126700,14,36,-9,89
2127210,35,39,9,80
2127720,56,22,10,70
2128230,70,38,-9,79
2128740,57,18,4,75
2129250,71,21,-5,80
2129760,58,58,3,77
2130270,24,10,1,76
2130780,52,30,-1,77
2131290,66,43,4,73
2131800,64,23,-2,75
2132310,78,39,-6,81
2132820,92,19,3,78
2133330,4,56,-5,83
2133840,26,15,2,81
2134350,54,84,-5,86
2134860,31,43,2,84
2135370,52,46,8,76
2135880,18,13,-1,77
2136390,39,82,-3,80
2136900,16,41,-3,83
2137410,38,44,2,81
2137920,4,27,-2,83
2138430,26,30,0,83
2138940,54,33,6,77
2139450,52,46,-2,79
2139960,18,29,-6,85
2140470,39,32,11,74
2140980,58,15,0,74
2141490,50,31,-5,79
2142000,69,44,4,75
2142510,56,24,0,75
2143020,70,37,5,70
2143530,57,17,-5,75
2144040,71,33,-5,80
2144550,85,75,-4,84
2145060,83,10,9,75
2145570,75,47,-3,78
2146080,62,27,7,71
2146590,76,7,-7,78
2147100,68,52,1,77
2147610,66,4,-2,79
2148120,70,49,8,71
2148630,68,29,-7,78
2149140,82,66,2,76
2149650,80,1,2,74
2150160,54,4,-1,75
2150670,28,7,3,72
2151180,30,80,-10,82
2151690,3,39,1,81
2152200,25,42,-5,86
2152710,47,45,7,79
2153220,75,99,3,76
2153730,52,35,1,75
2154240,71,2,0,75
2154750,63,5,-6,81
2155260,37,8,5,76
2155770,65,81,-8,84
2156280,42,64,-1,85
2156790,8,51,4,81
2157300,30,10,5,76
2157810,58,83,-1,77
2158320,35,35,-5,82
2158830,56,38,11,71
2159340,54,54,-8,79
2159850,20,37,-1,80
2160360,42,40,5,75
2160870,61,23,-5,80
2161380,75,39,4,76
2161890,62,19,-1,77
2162400,76,22,-5,82
2162910,63,59,4,78
2163420,29,1,-1,79
2163930,57,74,-5,84
2164440,23,61,-5,89
2164950,45,20,16,73
2165460,59,33,-3,76
2165970,73,13,-2,78
2166480,65,50,2,76
2166990,63,2,3,73
2167500,37,5,-6,79
2168010,56,78,-2,81
2168520,33,61,-10,91
2169030,101,64,12,79
2169540,88,101,-3,82
2170050,65,36,10,72
2170560,52,16,-4,76
2171070,25,32,-3,79
2171580,46,35,3,76
2172090,65,89,3,73
2172600,42,25,0,73
2173110,70,38,-3,76
2173620,84,18,2,74
2174130,76,55,-2,76
2174640,74,92,-1,77
2175150,51,27,4,73
2175660,86,40,-7,80
2176170,100,77,4,76
2176680,87,12,-7,83
2177190,79,49,6,77
2177700,66,86,-6,83
2178210,43,22,6,77
2178720,71,3,-2,79
2179230,63,6,7,72
2179740,55,43,2,70
2180250,53,97,-11,81
2180760,30,56,0,81
2181270,52,59,9,72
2181780,18,11,-6,78
2182290,39,80,0,78
2182800,85,39,-1,79
2183310,99,76,-6,85
2183820,22,11,11,74
2184330,50,14,1,73
2184840,64,30,2,71
2185350,78,67,-15,86
2185860,12,2,6,80
2186370,40,5,8,72
2186880,59,78,-6,78
2187390,36,30,-2,80
2187900,55,84,-2,82
2188410,32,36,2,80
2188920,53,39,4,76
2189430,51,93,0,76
2189940,28,52,-5,81
2190450,1,55,1,80
2190960,23,14,0,80
2191470,51,17,8,72
2191980,65,20,-4,76
2192490,79,57,-7,83
2193000,77,94,0,83
2193510,54,29,6,77
2194020,68,42,6,71
2194530,55,22,-4,75
2195040,69,35,4,71
2195550,83,15,-6,77
2196060,97,52,-1,78
2196570,9,89,-2,80
2197080,31,48,2,78
2197590,99,51,2,76
2198100,11,88,-8,84
2198610,33,47,1,83
2199120,101,50,4,79
2199630,13,87,-4,83
2200140,35,46,6,77
2200650,1,49,-6,83
2201160,23,8,4,79
2201670,51,62,-1,80
2202180,17,45,-5,85
2202690,39,48,10,75
2203200,5,31,-5,80
2203710,27,34,1,79
2204220,28,37,5,74
2204730,49,40,0,74
2205240,68,94,-2,76
2205750,45,30,0,76
2206260,64,84,-2,78
2206770,41,19,3,75
2207280,60,32,2,73
2207790,74,45,-6,79
2208300,61,25,6,73
2208810,75,38,-5,78
2209320,89,75,-5,83
2209830,87,10,7,76
2210340,79,47,-4,80
2210850,66,27,0,80
2211360,80,40,-2,82
2211870,94,20,4,78
2212380,6,57,-6,84
2212890,28,16,8,76
2213400,56,59,-3,79
2213910,22,42,-8,87
2214420,44,45,12,75
2214930,72,28,-3,78
2215440,86,65,2,76
2215950,84,0,-2,78
2216460,58,3,4,74
2216970,32,6,-6,80
2217480,60,79,-10,90
2217990,39,31,13,77
2218500,58,12,-3,80
2219010,45,15,5,75
2219520,59,28,4,71
2220030,73,41,-8,79
2220540,60,21,6,73
2221050,74,37,-8,81
2221560,88,17,2,79
2222070,0,54,-6,85
2222580,22,13,10,75
2223090,50,67,-5,80
2223600,16,50,0,80
2224110,38,53,-6,86
2224620,59,56,7,79
2225130,25,8,1,78
2225640,65,81,0,78
2226150,42,17,0,78
2226660,70,30,-4,82
2227170,57,67,5,77
2227680,23,50,-5,82
2228190,45,53,3,79
2228700,11,36,-5,84
2229210,33,39,4,80
2229720,54,42,5,75
2230230,82,9,-4,79
2230740,74,12,5,74
2231250,61,15,4,70
2231760,48,18,-4,74
2232270,100,87,-10,84
2232780,13,22,5,79
2233290,34,25,0,79
2233800,62,6,1,78
2234310,36,9,5,73
2234820,55,42,2,71
2235330,53,96,-11,82
2235840,30,8,4,78
2236350,49,81,-4,82
2236860,26,84,4,78
2237370,48,43,4,74
2237880,69,97,-2,76
2238390,46,49,3,73
2238900,12,32,-16,89
2239410,33,35,13,76
2239920,54,38,1,75
2240430,82,92,-10,85
2240940,59,27,15,70
2241450,73,7,-1,71
2241960,47,10,-9,80
2242470,66,13,4,76
2242980,40,29,-3,79
2243490,61,83,0,79
2244000,38,35,2,77
2244510,59,18,0,77
2245020,38,34,-4,81
2245530,59,17,10,71
2246040,46,33,-6,77
2246550,65,87,-4,81
2247060,42,39,0,81
2247570,63,93,1,80
2248080,40,45,-6,86
2248590,61,28,13,73
2249100,16,8,-7,80
2249610,37,77,-8,88
2250120,58,80,13,75
2250630,35,16,1,74
2251140,54,29,-1,75
2251650,68,9,0,75
2252160,42,54,-7,82
2252670,8,37,4,78
2253180,30,40,3,75
2253690,51,43,-1,76
2254200,17,97,-7,83
2254710,39,56,5,78
2255220,5,39,-4,82
2255730,27,42,0,82
2256240,48,45,2,80
2256750,14,99,1,79
2257260,36,58,-4,83
2257770,57,61,3,80
2258280,23,13,-1,81
2258790,51,67,-2,83
2259300,17,50,2,81
2259810,39,53,-2,83
2260320,60,36,3,80
2260830,58,49,0,80
2261340,24,1,9,71
2261850,52,74,-15,86
2262360,29,57,-2,88
2262870,50,60,5,83
2263380,16,43,-3,86
2263890,38,46,9,77
2264400,4,29,-6,83
2264910,26,32,-2,85
2265420,47,35,13,72
2265930,13,2,-9,81
2266440,34,5,8,73
2266950,53,78,-13,86
2267460,74,30,8,78
2267970,61,10,-1,79
2268480,35,13,0,79
2268990,25,96,-1,80
2269500,46,55,3,77
2270010,12,38,-6,83
2270520,34,41,8,75
2271030,55,24,-3,78
2271540,69,37,3,75
2272050,56,17,0,75
2272560,43,33,-1,76
2273070,64,16,1,75
2273580,51,19,6,69
2274090,65,101,-6,75
2274600,42,20,-2,77
2275110,61,89,-3,80
2275620,38,41,-1,81
2276130,59,24,4,77
2276640,38,37,-1,78
2277150,59,20,-2,80
2277660,38,36,1,79
2278170,59,19,4,75
2278680,46,22,2,73
2279190,60,35,-8,81
2279700,47,15,6,75
2280210,61,18,1,74
2280720,48,34,0,74
2281230,14,88,-10,84
2281740,36,47,-1,85
2282250,57,30,8,77
2282760,36,10,0,77
2283270,24,6,-2,79
2283780,45,79,0,79
2284290,22,82,-2,81
2284800,44,41,3,78
2285310,65,24,0,78
2285820,52,4,4,74
2286330,26,77,-7,81
2286840,47,36,9,72
2287350,68,3,-3,75
2287860,42,6,-4,79
2288370,16,79,-3,82
2288880,38,38,9,73
2289390,59,21,-2,75
2289900,38,37,-7,82
2290410,46,20,7,75
2290920,60,33,1,74
2291430,47,46,0,74
2291940,13,100,-7,81
2292450,35,59,0,81
2292960,56,62,3,78
2293470,22,45,-6,84
2293980,44,48,8,76
2294490,65,31,2,74
2295000,52,11,-3,77
2295510,31,14,1,76
2296020,59,98,-1,77
2296530,80,50,-1,78
2297040,67,30,2,76
2297550,54,67,-13,89
2298060,75,50,8,81
2298570,73,30,3,78
2299080,60,10,0,78
2299590,34,13,0,78
2300100,53,26,4,74
2300610,32,39,-1,75
2301120,53,22,-3,78
2301630,67,35,4,74
2302140,81,48,-1,75
2302650,68,28,-6,81
2303160,55,41,9,72
2303670,21,8,-4,76
2304180,42,92,-1,77
2304690,19,51,-6,83
2305200,41,54,3,80
2305710,7,37,0,80
2306220,29,40,-2,82
2306730,50,43,5,77
2307240,48,97,-7,84
2307750,25,56,-3,87
2308260,46,59,1,86
2308770,12,42,4,82
2309280,34,45,1,81
2309790,0,48,3,78
2310300,22,7,-1,79
2310810,43,61,-1,80
2311320,9,44,-2,82
2311830,31,47,2,80
2312340,99,50,-2,82
2312850,11,30,3,79
2313360,33,33,-2,81
2313870,54,16,8,73
2314380,41,32,-4,77
2314890,62,86,-3,80
2315400,39,38,5,75
2315910,5,21,-8,83
2316420,27,24,8,75
2316930,48,78,-8,83
2317440,25,81,3,80
2317950,46,40,-2,82
2318460,65,23,7,75
2318970,44,26,2,73
2319480,63,8,-2,75
2319990,37,24,-1,76
2320500,58,6,1,75
2321010,32,9,-2,77
2321520,51,42,3,74
2322030,70,9,-1,75
2322540,44,12,-2,77
2323050,63,15,-5,82
2323560,50,98,2,80
2324070,27,57,2,78
2324580,49,60,-4,82
2325090,15,43,-4,86
2325600,37,46,2,84
2326110,58,49,5,79
2326620,56,16,4,75
2327130,43,19,6,69
2327640,57,88,-15,84
2328150,34,91,4,80
2328660,55,50,1,79
2329170,74,33,3,76
2329680,61,13,0,76
2330190,48,29,-3,79
2330700,67,11,2,77
2331210,59,14,-2,79
2331720,46,97,-2,81
2332230,23,56,-7,88
2332740,45,59,3,85
2333250,11,42,8,77
2333760,33,45,-4,81
2334270,17,28,-14,95
2334780,38,31,21,74
2335290,57,13,-6,80
2335800,44,16,8,72
2336310,63,85,-8,80
2336820,40,68,-4,84
2337330,6,71,0,84
2337840,28,30,1,83
2338350,49,33,9,74
2338860,68,15,-2,76
2339370,55,31,4,72
2339880,42,86,-13,85
2340390,63,45,11,74
2340900,61,12,1,73
2341410,11,15,-13,86
2341920,32,18,9,77
2342430,51,0,2,75
2342940,25,83,-7,82
2343450,47,42,6,76
2343960,66,25,2,74
2344470,53,5,-6,80
2344980,27,88,2,78
2345490,49,47,-1,79
2346000,68,30,7,72
2346510,55,43,-1,73
2347020,53,10,-2,75
2347530,40,26,-5,80
2348040,59,8,7,73
2348550,33,11,-3,76
2349060,52,95,-4,80
2349570,73,54,5,75
2350080,71,34,-2,77
2350590,58,14,-2,79
2351100,37,97,-1,80
2351610,58,56,4,76
2352120,77,8,-7,83
2352630,69,91,-4,87
2353140,46,27,5,82
2353650,65,9,4,78
2354160,39,92,-4,82
2354670,16,51,4,78
2355180,38,10,0,78
2355690,57,83,-8,86
2356200,34,66,4,82
2356710,55,69,0,82
2357220,21,52,1,81
2357730,43,55,-3,84
2358240,9,38,5,79
2358750,31,41,-4,83
2359260,52,44,6,77
2359770,18,11,-6,83
2360280,39,95,4,79
2360790,16,54,-7,86
2361300,38,57,-1,87
2361810,4,60,3,84
2362320,26,19,5,79
2362830,45,1,-1,80
2363340,19,74,-2,82
2363850,41,33,6,76
2364360,60,15,6,70
2364870,47,86,-13,83
2365380,24,45,6,77
2365890,92,48,-2,79
2366400,79,28,-1,80
2366910,66,65,-5,85
2367420,32,48,4,81
2367930,100,51,0,81
2368440,12,31,2,79
2368950,34,34,-3,82
2369460,55,16,6,76
2369970,42,87,-11,87
2370480,63,46,13,74
2370990,61,100,-6,80
2371500,38,52,-3,83
2372010,59,41,8,75
2372520,57,8,-4,79
2373030,44,11,1,78
2373540,63,80,0,78
2374050,40,63,-9,87
2374560,75,66,7,80
2375070,33,18,5,75
2375580,52,0,5,70
2376090,26,3,-6,76
2376600,41,76,1,75
2377110,18,90,-9,84
2377620,40,49,6,78
2378130,6,32,-8,86
2378640,28,35,10,76
2379150,47,38,3,73
2379660,66,5,-1,74
2380170,40,8,-4,78
2380680,59,77,-1,79
2381190,36,60,-1,80
2381700,23,63,-8,88
2382210,45,66,5,83
2382720,11,49,1,82
2383230,33,8,7,75
2383740,52,81,-7,82
2384250,29,95,2,80
2384760,51,54,2,78
2385270,17,37,-8,86
2385780,39,40,9,77
2386290,60,23,2,75
2386800,47,36,-4,79
2387310,66,18,-6,85
2387820,53,21,13,72
2388330,40,79,-7,79
2388840,61,38,9,70
2389350,48,5,-8,78
2389860,27,8,4,74
2390370,46,92,-4,78
2390880,23,51,-9,87
2391390,45,54,4,83
2391900,11,37,4,79
2392410,33,40,0,79
2392920,52,43,1,78
2393430,71,25,-5,83
2393940,58,28,10,73
2394450,72,41,-8,81
2394960,59,21,10,71
2395470,46,24,-3,74
2395980,60,6,3,71
2396490,34,9,-7,78
2397000,53,93,-5,83
2397510,30,96,6,77
2398020,40,55,-7,84
2398530,6,58,6,78
2399040,28,17,-4,82
2399550,47,101,5,77
2400060,24,60,-11,88
2400570,46,63,6,82
2401080,12,66,-9,91
2401590,34,25,15,76
2402100,53,7,-4,80
2402610,27,10,7,73
2403120,46,94,-8,81
2403630,67,53,3,78
2404140,33,20,0,78
2404650,52,2,3,75
2405160,26,75,-6,81
2405670,36,34,9,72
2406180,2,16,-12,84
2406690,24,19,-1,85
2407200,87,1,-3,88
2407710,61,84,5,83
2408220,38,73,3,80
2408730,4,76,-8,88
2409240,26,35,11,77
2409750,47,38,5,72
2410260,13,20,-20,92
2410770,34,23,19,73
2411280,53,5,0,73
2411790,27,8,1,72
2412300,42,92,-9,81
2412810,19,51,-2,83
2413320,41,54,-1,84
2413830,7,57,4,80
2414340,29,16,5,75
2414850,48,100,-2,77
2415360,25,59,-7,84
2415870,47,62,-1,85
2416380,13,43,-3,88
2416890,35,46,8,80
2417400,1,49,-1,81
2417910,22,8,7,74
2418420,41,92,-6,80
2418930,18,51,-5,85
2419440,40,54,2,83
2419950,6,57,5,78
2420460,30,16,4,74
2420970,58,100,-2,76
2421480,35,52,-5,81
2421990,1,55,2,79
2422500,23,14,1,78
2423010,42,98,1,77
2423520,19,57,-10,87
2424030,41,16,13,74
2424540,60,100,-7,81
2425050,37,1,4,77
2425560,56,74,-11,88
2426070,33,57,10,78
2426580,101,60,-5,83
2427090,88,40,3,80
2427600,75,20,-1,81
2428110,62,23,7,74
2428620,41,94,-7,81
2429130,62,53,1,80
2429640,60,72,-1,81
2430150,26,55,7,74
2430660,36,58,-18,92
2431170,57,61,15,77
2431680,23,44,-10,87
2432190,44,47,-1,88
2432700,23,30,7,81
2433210,44,33,0,81
2433720,63,15,11,70
2434230,50,31,0,70
2434740,37,100,-5,75
2435250,14,14,-11,86
2435760,35,17,5,81
2436270,54,101,7,74
2436780,31,60,-6,80
2437290,41,63,-1,81
2437800,7,66,-4,85
2438310,29,25,11,74
2438820,50,14,-2,76
2439330,37,10,-1,77
2439840,56,94,3,74
2440350,33,53,-1,75
2440860,101,56,-7,82
2441370,88,36,8,74
2441880,0,16,-11,85
2442390,22,19,13,72
2442900,43,1,-6,78
2443410,17,74,-7,85
2443920,39,33,4,81
2444430,58,15,-2,83
2444940,72,86,4,79
2445450,49,21,5,74
2445960,28,36,-11,85
2446470,49,39,9,76
2446980,15,6,-5,81
2447490,36,9,10,71
2448000,55,42,-5,76
2448510,53,9,3,73
2449020,32,12,-7,80
2449530,47,72,-3,83
2450040,13,61,2,81
2450550,35,20,3,78
2451060,54,2,-1,79
2451570,28,5,3,76
2452080,43,78,-8,84
2452590,64,81,5,79
2453100,41,70,-12,91
2453610,18,73,9,82
2454120,40,32,1,81
2454630,59,14,6,75
2455140,46,30,-1,76
2455650,65,12,1,75
2456160,52,15,-3,78
2456670,66,11,5,73
2457180,53,7,0,73
2457690,40,80,-8,81
2458200,61,39,12,69
2458710,48,19,-2,71
2459220,27,32,-8,79
2459730,48,35,5,74
2460240,67,17,-8,82
2460750,54,20,7,75
2461260,68,0,4,71
2461770,42,3,-5,76
2462280,61,76,2,74
2462790,38,59,-10,84
2463300,15,62,0,84
2463810,37,21,11,73
2464320,56,3,-4,77
2464830,43,6,2,75
2465340,62,79,-2,77
2465850,39,62,-8,85
2466360,16,43,2,83
2466870,38,46,10,73
2467380,4,29,-9,82
2467890,26,32,-2,84
2468400,47,35,8,76
2468910,66,2,-3,79
2469420,31,85,3,76
2469930,8,44,-10,86
2470440,30,47,-1,87
2470950,98,50,11,76
2471460,10,30,-6,82
2471970,32,33,5,77
2472480,51,36,3,74
2472990,17,3,-4,78
2473500,32,87,-9,87
2474010,54,46,2,85
2474520,20,29,5,80
2475030,41,32,5,75
2475540,7,14,-6,81
2476050,28,17,6,75
2476560,47,101,-3,78
2477070,24,60,-8,86
2477580,46,63,5,81
2478090,12,66,2,79
2478600,34,25,2,77
2479110,49,7,3,74
2479620,68,3,-1,75
2480130,42,6,3,72
2480640,61,2,-5,77
2481150,26,34,-3,80
2481660,51,37,8,72
2482170,70,4,-3,75
2482680,35,87,-1,76
2483190,12,46,-8,84
2483700,34,49,1,83
2484210,0,52,4,79
2484720,22,11,2,77
2485230,37,3,5,72
2485740,56,76,-9,81
2486250,33,59,1,80
2486760,55,62,3,77
2487270,21,45,-7,84
2487780,43,48,4,80
2488290,64,31,2,78
2488800,51,11,3,75
2489310,38,7,-2,77
2489820,57,76,-6,83
2490330,34,83,6,77
2490840,11,42,-11,88
2491350,33,45,13,75
2491860,55,48,2,73
2492370,21,67,-8,81
2492880,43,26,9,72
2493390,62,8,-6,78
2493900,41,11,-1,79
2494410,60,95,0,79
2494920,81,47,5,74
2495430,68,27,-4,78
2495940,47,7,5,73
2496450,26,3,-5,78
2496960,41,76,-9,87
2497470,62,79,10,77
2497980,39,62,-13,90
2498490,60,65,10,80
2499000,37,48,1,79
2499510,3,31,-9,88
2500020,25,34,13,75
2500530,93,37,-9,84
2501040,5,17,2,82
2501550,27,20,6,76
2502060,52,2,-5,81
2502570,26,85,1,80
2503080,48,44,4,76
2503590,14,27,-6,82
2504100,36,30,-1,83
2504610,55,12,10,73
2505120,34,8,0,73
2505630,53,92,-4,77
2506140,30,95,-1,78
2506650,7,54,-5,83
2507160,29,13,6,77
2507670,54,97,5,72
2508180,31,56,-5,77
2508690,99,59,-4,81
2509200,86,39,0,81
2509710,73,19,4,77
2510220,60,22,6,71
2510730,47,2,-12,83
2511240,91,5,-1,84
2511750,65,88,3,81
2512260,42,71,0,81
2512770,64,74,0,81
2513280,64,57,13,68
2513790,30,9,-11,79
2514300,45,5,0,79
2514810,64,78,3,76
2515320,41,61,-10,86
2515830,75,44,4,82
2516340,89,24,4,78
2516850,1,27,-9,87
2517360,23,30,10,77
2517870,44,33,2,75
2518380,63,15,8,67
2518890,50,18,-5,72
2519400,64,55,-1,73
2519910,30,35,-7,80
2520420,51,38,7,73
2520930,70,18,-4,77
2521440,57,21,1,76
2521950,44,1,-1,77
2522460,18,74,-8,85
2522970,40,33,4,81
2523480,59,15,5,76
2523990,46,89,-5,81
2524500,90,48,3,78
2525010,77,28,-6,84
2525520,56,8,9,75
2526030,35,27,-6,81
2526540,50,9,4,77
2527050,69,5,7,70
2527560,43,8,-8,78
2528070,62,4,4,74
2528580,36,7,-4,78
2529090,51,3,3,75
2529600,95,6,-11,86
2530110,69,89,2,84
2530620,46,78,4,80
2531130,23,81,-3,83
2531640,45,40,10,73
2532150,64,7,-6,79
2532660,38,10,2,77
2533170,57,6,0,77
2533680,44,9,-6,83
2534190,96,5,2,81
2534700,70,88,3,78
2535210,47,77,-8,86
2535720,24,60,-2,88
2536230,46,63,6,82
2536740,12,46,3,79
2537250,34,49,-5,84
2537760,0,32,0,84
2538270,22,35,4,80
2538780,44,38,6,74
2539290,63,20,0,74
2539800,42,0,-10,84
2540310,86,73,4,80
2540820,84,8,-3,83
2541330,58,91,1,82
2541840,79,80,5,77
2542350,56,15,2,75
2542860,35,11,-3,78
2543370,50,95,-2,80
2543880,27,54,0,80
2544390,44,57,5,75
2544900,10,40,-12,87
2545410,32,43,10,77
2545920,51,26,3,74
2546430,65,6,-5,79
2546940,39,9,-2,81
2547450,58,92,4,77
2547960,35,81,-2,79
2548470,45,40,2,77
2548980,11,23,-7,84
2549490,33,26,6,78
2550000,52,8,5,73
2550510,37,25,0,73
2551020,56,7,-7,80
2551530,43,10,8,72
2552040,62,6,-4,76
2552550,36,9,1,75
2553060,55,93,-6,81
2553570,32,82,4,77
2554080,42,41,-2,79
2554590,8,24,-1,80
2555100,30,27,-2,82
2555610,51,9,10,72
2556120,38,5,-7,79
2556630,53,89,-3,82
2557140,30,48,1,81
2557650,98,51,0,81
2558160,10,31,1,80
2558670,32,34,0,80
2559180,51,17,8,72
2559690,38,13,-4,76
2560200,57,97,-5,81
2560710,78,86,-1,82
2561220,55,21,11,71
2561730,34,1,-3,74
2562240,95,74,-8,82
2562750,82,54,6,76
2563260,69,34,2,74
2563770,48,14,4,70
2564280,35,10,-11,81
2564790,54,94,3,78
2565300,75,83,-3,81
2565810,52,72,-3,84
2566320,18,55,-1,85
2566830,40,58,4,81
2567340,6,41,3,78
2567850,28,44,-3,81
2568360,50,33,5,76
2568870,69,15,0,76
2569380,56,11,1,75
2569890,43,94,-6,81
2570400,20,53,-5,86
2570910,42,56,1,85
2571420,8,39,7,78
2571930,30,42,-5,83
2572440,52,45,8,75
2572950,18,12,-7,82
2573460,39,96,1,81
2573970,16,55,-2,83
2574480,38,14,6,77
2574990,57,98,-3,80
2575500,34,87,-8,88
2576010,44,46,10,78
2576520,10,29,-2,80
2577030,32,32,2,78
2577540,51,13,2,76
2578050,30,9,2,74
2578560,49,93,-8,82
2579070,26,96,2,80
2579580,48,55,3,77
2580090,14,38,-11,88
2580600,36,41,9,79
2581110,57,24,1,78
2581620,82,4,-1,79
2582130,47,87,-1,80
2582640,24,46,-5,85
2583150,46,49,10,75
2583660,12,32,-8,83
2584170,34,35,2,81
2584680,49,99,1,80
2585190,26,58,2,78
2585700,97,61,-2,80
2586210,84,41,-2,82
2586720,71,21,6,76
2587230,58,43,0,76
2587740,24,25,4,72
2588250,45,28,-5,77
2588760,64,10,3,74
2589270,43,6,-4,78
2589780,22,89,-4,82
2590290,44,48,-1,83
2590800,65,31,11,72
2591310,44,11,-3,75
2591820,23,7,-7,82
2592330,38,20,4,78
2592840,57,2,2,76
2593350,31,5,-1,77
2593860,46,78,-5,82
2594370,23,81,-4,86
2594880,45,40,4,82
2595390,60,23,5,77
2595900,39,19,-2,79
2596410,58,1,-7,86
2596920,73,84,6,80
2597430,50,73,-3,83
2597940,27,56,2,81
2598450,37,59,-5,86
2598960,58,62,10,76
2599470,56,51,-1,77
2599980,22,18,-1,78
2600490,47,0,-2,80
2601000,91,73,0,80
2601510,89,53,3,77
2602020,76,33,2,75
2602530,90,13,0,75
2603040,46,96,-7,82
2603550,23,55,1,81
2604060,45,14,5,76
2604570,49,47,0,76
2605080,15,30,-5,81
2605590,36,33,1,80
2606100,55,15,5,75
2606610,42,48,-1,76
2607120,8,31,-9,85
2607630,30,34,8,77
2608140,51,37,5,72
2608650,49,19,-1,73
2609160,36,15,-8,81
2609670,51,99,-1,82
2610180,28,58,2,80
2610690,96,61,-1,81
2611200,83,41,-2,83
2611710,62,21,7,76
2612220,41,17,3,73
2612730,20,13,-10,83
2613240,41,97,6,77
2613750,18,56,-6,83
2614260,40,15,9,74
2614770,59,99,-5,79
2615280,36,0,-3,82
2615790,51,73,-1,83
2616300,28,56,1,82
2616810,38,59,-3,85
2617320,73,62,6,79
2617830,71,42,0,79
2618340,50,22,4,75
2618850,64,2,-5,80
2619360,38,85,-1,81
2619870,59,44,10,71
2620380,57,11,-5,76
2620890,82,14,1,75
2621400,38,17,0,75
2621910,53,60,-2,77
2622420,19,43,0,77
2622930,41,46,-3,80
2623440,7,29,-2,82
2623950,29,32,2,80
2624460,50,35,10,70
2624970,48,2,-10,80
2625480,63,75,-2,82
2625990,49,58,-3,85
2626500,15,41,5,80
2627010,37,44,3,77
2627520,3,27,-2,79
2628030,25,30,2,77
2628540,46,33,0,77
2629050,65,15,2,75
2629560,52,18,2,73
2630070,39,14,-3,76
2630580,91,10,-5,81
2631090,78,13,0,81
2631600,65,16,6,75
2632110,44,19,3,72
2632620,58,52,-6,78
2633130,24,19,-2,80
2633640,45,1,-4,84
2634150,60,4,9,75
2634660,34,87,-13,88
2635170,63,46,12,76
2635680,61,26,-1,77
2636190,40,6,0,77
2636700,19,79,-7,84
2637210,41,38,8,76
2637720,60,21,-4,80
2638230,47,1,5,75
2638740,99,4,-4,79
2639250,23,87,-1,80
2639760,45,46,2,78
2640270,11,29,-9,87
2640780,33,32,5,82
2641290,54,15,5,77
2641800,33,11,2,75
2642310,48,95,-9,84
2642820,25,54,5,79
2643330,93,57,-2,81
2643840,80,37,0,81
2644350,59,17,0,81
2644860,38,100,1,80
2645370,67,59,5,75
2645880,65,39,2,73
2646390,52,19,-5,78
2646900,31,15,4,74
2647410,46,99,-4,78
2647920,23,58,0,78
2648430,45,17,1,77
2648940,64,50,0,77
2649450,62,30,-2,79
2649960,41,10,8,71
2650470,93,6,-7,78
2650980,49,89,-1,79
2651490,26,48,-3,82
2652000,48,51,4,78
2652510,14,34,-8,86
2653020,36,37,8,78
2653530,51,20,3,75
2654040,65,29,1,74
2654550,44,9,2,72
2655060,63,78,-8,80
2655570,40,14,5,75
2656080,59,9,0,75
2656590,38,5,3,72
2657100,57,78,-13,85
2657610,23,61,1,84
2658120,45,64,2,82
2658630,11,67,0,82
2659140,33,26,1,81
2659650,48,8,5,76
2660160,27,91,-5,81
2660670,49,50,1,80
2661180,15,33,-4,84
2661690,81,36,2,82
2662200,68,16,8,74
2662710,47,99,0,74
2663220,24,58,-7,81
2663730,46,61,1,80
2664240,12,44,-5,85
2664750,34,47,2,83
2665260,56,50,11,72
2665770,22,30,-9,81
2666280,44,33,9,72
2666790,63,15,-3,75
2667300,42,98,-4,79
2667810,19,57,1,78
2668320,41,16,-1,79
2668830,60,100,-4,83
2669340,37,52,2,81
2669850,3,55,-5,86
2670360,25,14,6,80
2670870,40,98,4,76
2671380,69,57,-1,77
2671890,67,37,5,72
2672400,46,17,-2,74
2672910,60,13,-3,77
2673420,39,9,-4,81
2673930,54,5,2,79
2674440,33,38,0,79
2674950,54,21,4,75
2675460,68,34,0,75
2675970,47,14,1,74
2676480,26,85,-11,85
2676990,48,44,7,78
2677500,14,27,-10,88
2678010,35,30,8,80
2678520,56,53,8,72
2679030,22,20,-8,80
2679540,37,2,5,75
2680050,98,75,-4,79
2680560,96,55,-5,84
2681070,7,35,-2,86
2681580,29,38,10,76
2682090,35,41,-2,78
2682600,1,24,-3,81
2683110,23,27,2,79
2683620,51,30,5,74
2684130,65,12,-1,75
2684640,44,29,5,70
2685150,11,9,-11,81
2685660,26,12,8,73
2686170,41,96,-6,79
2686680,70,55,4,75
2687190,68,35,0,75
2687700,82,15,-2,77
2688210,69,98,3,74
2688720,46,50,-6,80
2689230,12,33,-2,82
2689740,34,36,3,79
2690250,55,19,1,78
2690760,69,90,1,77
2691270,46,26,5,72
2691780,60,8,-2,74
2692290,39,41,-2,76
2692800,54,24,-3,79
2693310,68,4,4,75
2693820,33,87,-11,86
2694330,12,46,2,84
2694840,34,49,5,79
2695350,0,52,5,74
2695860,22,11,-2,76
2696370,50,95,-3,79
2696880,27,54,-2,81
2697390,49,57,-6,87
2697900,64,40,9,78
2698410,43,20,7,71
2698920,95,33,-9,80
2699430,7,13,-4,84
2699940,22,16,6,78
2700450,37,100,2,76
2700960,66,59,1,75
2701470,64,39,-3,78
2701980,43,19,3,75
2702490,22,32,-12,87
2703000,43,35,11,76
2703510,62,17,-3,79
2704020,41,50,-5,84
2704530,7,73,-2,86
2705040,29,32,4,82
2705550,50,35,7,75
2706060,16,54,-8,83
2706570,38,57,2,81
2707080,4,80,-1,82
2707590,26,39,-4,86
2708100,48,42,13,73
2708610,14,9,-9,82
2709120,29,12,4,78
2709630,44,96,3,75
2710140,23,55,-14,89
2710650,38,58,7,82
2711160,4,61,-7,89
2711670,26,20,8,81
2712180,47,2,4,77
2712690,62,75,-1,78
2713200,39,11,4,74
2713710,58,20,-2,76
2714220,37,53,-10,86
2714730,58,56,8,78
2715240,24,75,-5,83
2715750,53,34,8,75
2716260,67,16,5,70
2716770,81,49,-10,80
2717280,60,29,6,74
2717790,74,9,-6,80
2718300,53,92,-2,82
2718810,74,95,2,80
2719320,51,31,4,76
2719830,49,44,4,72
2720340,64,11,-7,79
2720850,51,44,7,72
2721360,17,11,-9,81
2721870,38,14,5,76
2722380,53,27,3,73
2722890,32,7,-3,76
2723400,47,76,-9,85
2723910,13,99,5,80
2724420,42,58,0,80
2724930,8,47,1,79
2725440,30,50,-6,85
2725950,60,53,9,76
2726460,26,72,-4,80
2726970,55,52,-2,82
2727480,21,71,-2,84
2727990,24,30,-1,85
2728500,90,33,1,84
2729010,2,13,8,76
2729520,24,16,-3,79
2730030,45,100,6,73
2730540,22,59,-16,89
2731050,25,62,9,80
2731560,28,65,-10,90
2732070,31,68,11,79
2732580,99,71,9,70
2733090,12,51,-16,86
2733600,34,54,0,86
2734110,0,57,3,83
2734620,22,16,6,77
2735130,50,49,-3,80
2735640,16,32,0,80
2736150,38,35,7,73
2736660,4,17,-11,84
2737170,26,20,5,79
2737680,41,2,4,75
2738190,56,75,1,74
2738700,22,64,-3,77
2739210,51,23,7,70
2739720,65,3,-2,72
2740230,30,86,-12,84
2740740,59,45,8,76
2741250,25,46,-2,78
2741760,93,49,-4,82
2742270,5,29,-3,85
2742780,27,32,4,81
2743290,48,35,9,72
2743800,46,2,-3,75
2744310,25,75,-11,86
2744820,28,34,8,78
2745330,49,37,3,75
2745840,53,19,2,73
2746350,67,28,-11,84
2746860,46,37,6,78
2747370,25,19,1,77
2747880,53,1,1,76
2748390,32,34,-4,80
2748900,53,37,5,75
2749410,51,33,2,73
2749920,17,76,-9,82
2750430,39,35,6,76
2750940,60,16,2,74
2751450,39,49,-6,80
2751960,5,52,-1,81
2752470,27,11,5,76
2752980,42,31,-1,77
2753490,57,100,-1,78
2754000,34,59,1,77
2754510,0,48,-1,78
2755020,22,7,-3,81
2755530,37,27,8,73
2756040,56,9,-5,78
2756550,35,42,0,78
2757060,56,45,8,70
2757570,54,25,-5,75
2758080,68,38,2,73
2758590,47,18,-2,75
2759100,61,27,2,73
2759610,75,7,-8,81
2760120,54,90,-2,83
2760630,75,49,7,76
2761140,54,29,4,72
2761650,68,42,-3,75
2762160,47,22,1,74
2762670,61,55,-4,78
2763180,27,74,0,78
2763690,56,33,1,77
2764200,35,13,-1,78
2764710,50,56,0,78
2765220,16,25,-3,81
2765730,37,28,6,75
2766240,52,10,-5,80
2766750,66,43,5,75
2767260,45,23,2,73
2767770,73,56,1,72
2768280,94,36,-8,80
2768790,6,16,-6,86
2769300,21,19,4,82
2769810,49,22,5,77
2770320,63,35,4,73
2770830,42,15,-5,78
2771340,30,35,0,78
2771850,51,38,7,71
2772360,66,5,-8,79
2772870,45,38,1,78
2773380,60,20,1,77
2773890,74,53,2,75
2774400,53,33,-2,77
2774910,67,76,-4,81
2775420,33,65,6,75
2775930,101,54,-11,86
2776440,13,34,8,78
2776950,35,37,-4,82
2777460,56,18,7,75
2777970,70,38,6,69
2778480,49,18,-7,76
2778990,28,51,-10,86
2779500,49,54,1,85
2780010,15,37,2,83
2780520,37,40,2,81
2781030,58,23,2,79
2781540,37,32,-2,81
2782050,58,14,9,72
2782560,37,47,-11,83
2783070,58,36,8,75
2783580,37,18,1,74
2784090,16,38,-8,82
2784600,38,41,1,81
2785110,59,24,4,77
2785620,38,33,-4,81
2786130,59,15,0,81
2786640,73,48,-3,84
2787150,52,28,8,76
2787660,66,71,1,75
2788170,43,60,-14,89
2788680,64,83,14,75
2789190,41,72,-7,82
2789700,7,61,-2,84
2790210,29,20,4,80
2790720,50,2,4,76
2791230,31,35,-4,80
2791740,52,38,10,70
2792250,50,34,-6,76
2792760,16,16,-1,77
2793270,37,100,0,77
2793780,16,59,-7,84
2794290,38,18,10,74
2794800,52,0,-3,77
2795310,31,33,-5,82
2795820,59,14,15,67
2796330,9,47,-14,81
2796840,31,50,-3,84
2797350,4,39,0,84
2797860,26,42,1,83
2798370,94,45,-3,86
2798880,6,25,2,84
2799390,28,28,0,84
2799900,49,31,8,76
2800410,47,100,1,75
2800920,24,59,-8,83
2801430,27,62,2,81
2801940,57,65,6,75
2802450,23,54,-7,82
2802960,91,57,-3,85
2803470,70,37,8,77
2803980,84,17,-5,82
2804490,98,55,1,81
2805000,10,35,-6,87
2805510,32,38,8,79
2806020,53,21,2,77
2806530,67,30,2,75
2807040,46,10,-1,76
2807550,80,6,1,75
2808060,54,44,-4,79
2808570,69,11,1,78
2809080,48,44,-1,79
2809590,14,13,3,76
2810100,35,46,-6,82
2810610,56,29,8,74
2811120,70,9,-4,78
2811630,49,42,6,72
2812140,15,9,-14,86
2812650,36,12,13,73
2813160,66,32,0,73
2813670,80,12,-10,83
2814180,67,50,5,78
2814690,65,30,3,75
2815200,79,10,-1,76
2815710,31,48,-4,80
2816220,99,51,-6,86
2816730,11,31,-5,91
2817240,39,34,11,80
2817750,67,16,2,78
2818260,76,49,-7,85
2818770,55,29,8,77
2819280,34,9,0,77
2819790,62,29,2,75
2820300,41,9,4,71
2820810,20,29,-21,92
2821320,41,32,15,77
2821830,69,14,2,75
2822340,19,47,-5,80
2822850,22,50,-2,82
2823360,44,53,1,81
2823870,10,36,-3,84
2824380,32,39,11,73
2824890,53,42,0,73
2825400,51,9,-3,76
2825910,30,42,-6,82
2826420,51,45,8,74
2826930,17,12,-7,81
2827440,38,96,-4,85
2827950,17,55,-2,87
2828460,39,58,-1,88
2828970,60,41,9,79
2829480,58,37,3,76
2829990,37,101,5,71
2830500,14,60,-9,80
2831010,36,19,2,78
2831520,64,1,0,78
2832030,38,34,-3,81
2832540,66,16,13,68
2833050,80,49,-13,81
2833560,59,29,5,76
2834070,73,9,3,73
2834580,23,42,-7,80
2835090,45,45,3,77
2835600,60,28,-2,79
2836110,74,8,5,74
2836620,39,41,-5,79
2837130,60,24,5,74
2837640,39,4,2,72
2838150,67,77,-9,81
2838660,44,13,7,74
2839170,58,33,5,69
2839680,37,13,-6,75
2840190,65,33,-6,81
2840700,79,13,6,75
2841210,66,46,3,72
2841720,64,26,-3,75
2842230,78,6,0,75
2842740,28,39,-5,80
2843250,49,42,4,76
2843760,47,9,-4,80
2844270,26,26,-6,86
2844780,47,29,9,77
2845290,75,11,-7,84
2845800,54,49,10,74
2846310,20,16,-5,79
2846820,41,19,0,79
2847330,69,28,3,76
2847840,83,8,1,75
2848350,5,46,-2,77
2848860,27,5,6,71
2849370,55,25,-10,81
2849880,69,38,6,75
2850390,31,18,-3,78
2850900,59,0,-3,81
2851410,33,65,-1,82
2851920,54,68,9,73
2852430,31,35,1,72
2852940,52,38,1,71
2853450,50,34,-2,73
2853960,48,77,-11,84
2854470,14,66,3,81
2854980,36,25,4,77
2855490,64,7,-2,79
2856000,38,40,1,78
2856510,59,23,1,77
2857020,38,32,1,76
2857530,66,15,3,73
2858040,45,48,-7,80
2858550,11,31,-2,82
2859060,33,62,-8,90
2859570,63,65,14,76
2860080,61,1,0,76
2860590,35,34,-4,80
2861100,56,56,2,78
2861610,54,45,0,78
2862120,20,12,-5,83
2862630,41,15,8,75
2863140,55,35,1,74
2863650,53,15,0,74
2864160,32,48,-4,78
2864670,100,51,-4,82
2865180,46,31,5,77
2865690,44,13,1,76
2866200,65,33,-3,79
2866710,79,13,3,76
2867220,29,46,-4,80
2867730,50,49,5,75
2868240,16,16,-5,80
2868750,37,19,4,76
2869260,16,1,-6,82
2869770,31,4,6,76
2870280,46,24,1,75
2870790,60,6,-3,78
2871300,34,39,-5,83
2871810,55,42,10,73
2872320,53,9,-8,81
2872830,32,42,1,80
2873340,100,45,1,79
2873850,12,83,-3,82
2874360,34,42,3,79
2874870,55,45,6,73
2875380,53,12,0,73
2875890,67,32,-2,75
2876400,46,12,0,75
2876910,60,32,2,73
2877420,74,12,-3,76
2877930,61,45,1,75
2878440,59,7,-1,76
2878950,38,40,-2,78
2879460,59,23,5,73
2879970,38,32,-3,76
2880480,59,14,3,73
2880990,63,34,-3,76
2881500,42,14,4,72
2882010,56,89,-4,76
2882520,33,48,-7,83
2883030,101,51,3,80
2883540,13,88,-2,82
2884050,35,47,2,80
2884560,1,30,-5,85
2885070,23,33,0,85
2885580,44,36,10,75
2886090,59,18,1,74
2886600,38,38,2,72
2887110,59,5,-4,76
2887620,33,38,0,76
2888130,97,21,-2,78
2888640,9,59,-4,82
2889150,31,18,11,71
2889660,59,0,-7,78
2890170,33,3,0,78
2890680,48,23,5,73
2891190,62,43,-5,78
2891700,60,23,4,74
2892210,74,32,3,71
2892720,78,12,-7,78
2893230,34,45,-3,81
2893740,55,48,4,77
2894250,21,30,-5,82
2894760,42,33,10,72
2895270,40,15,-2,74
2895780,68,35,-1,75
2896290,47,15,3,72
2896800,51,35,-2,74
2897310,49,2,-5,79
2897820,30,35,-1,80
2898330,51,38,8,72
2898840,49,5,-9,81
2899350,79,38,-5,86
2899860,58,18,10,76
2900370,72,38,4,72
2900880,51,18,-1,73
2901390,65,27,2,71
2901900,79,7,-13,84
2902410,53,40,13,71
2902920,51,22,-5,76
2903430,65,31,-1,77
2903940,44,11,4,73
2904450,72,31,-3,76
2904960,51,11,-3,79
2905470,30,31,-2,81
2905980,51,34,11,70
2906490,49,77,-13,83
2907000,48,66,-3,86
2907510,14,49,2,84
2908020,36,52,-8,92
2908530,57,55,17,75
2909040,23,22,-7,82
2909550,51,4,3,79
2910060,30,37,-3,82
2910570,51,40,9,73
2911080,49,7,-5,78
2911590,79,40,-5,83
2912100,58,20,9,74
2912610,72,29,-7,81
2913120,51,67,-3,84
2913630,17,50,-1,85
2914140,32,53,-1,86
2914650,100,56,11,75
2915160,12,36,-13,88
2915670,34,39,12,76
2916180,55,42,2,74
2916690,53,38,2,72
2917200,51,34,-3,75
2917710,79,77,-7,82
2918220,77,12,10,72
2918730,50,45,-9,81
2919240,16,28,-5,86
2919750,37,31,12,74
2920260,58,13,-7,81
2920770,37,33,5,76
2921280,58,15,-4,80
2921790,37,35,1,79
2922300,58,6,0,79
2922810,92,39,-4,83
2923320,4,77,6,77
2923830,26,36,-9,86
2924340,94,39,13,73
2924850,6,19,-12,85
2925360,28,22,8,77
2925870,56,4,0,77
2926380,71,37,-2,79
2926890,50,17,3,76
2927400,48,37,-3,79
2927910,46,19,2,77
2928420,76,39,0,77
2928930,55,19,1,76
2929440,69,39,3,73
2929950,91,19,-9,82
2930460,3,57,-3,85
2930970,33,16,12,73
2931480,61,71,-5,78
2931990,38,7,7,71
2932500,53,27,-6,77
2933010,67,47,0,77
2933520,65,9,7,70
2934030,69,42,-3,73
2934540,48,22,-2,75
2935050,27,42,-13,88
2935560,48,45,12,76
2936070,14,28,-8,84
2936580,35,31,7,77
2937090,56,13,-3,80
2937600,35,33,0,80
2938110,56,15,5,75
2938620,35,35,-4,79
2939130,56,18,5,74
2939640,29,38,-12,86
2940150,50,41,13,73
2940660,48,23,-6,79
2941170,62,43,8,71
2941680,60,23,-2,73
2942190,39,56,-12,85
2942700,5,59,6,79
2943210,27,18,6,73
2943720,48,0,-4,77
2944230,78,33,2,75
2944740,92,13,-2,77
2945250,18,51,-5,82
2945760,40,54,1,81
2946270,6,77,-1,82
2946780,28,36,2,80
2947290,49,39,1,79
2947800,64,21,8,71
2948310,43,41,-12,83
2948820,64,24,6,77
2949330,78,57,0,77
2949840,76,37,2,75
2950350,90,17,-1,76
2950860,40,55,-13,89
2951370,6,58,8,81
2951880,28,17,4,77
2952390,56,37,4,73
2952900,22,4,-5,78
2953410,37,7,4,74
2953920,52,27,4,70
2954430,66,99,-6,76
2954940,43,51,-4,80
2955450,9,34,-1,81
2955960,31,37,-1,82
2956470,52,40,7,75
2956980,50,22,2,73
2957490,64,42,-2,75
2958000,62,4,4,71
2958510,36,75,-9,80
2959020,57,34,9,71
2959530,55,54,-5,76
2960040,21,6,-7,83
2960550,36,26,1,82
2961060,66,8,5,77
2961570,45,41,0,77
2962080,38,24,6,71
2962590,68,6,1,70
2963100,42,39,-9,79
2963610,8,21,-1,80
2964120,30,24,-2,82
2964630,51,6,3,79
2965140,30,39,3,76
2965650,51,42,0,76
2966160,49,9,-4,80
2966670,28,42,-1,81
2967180,96,45,5,76
2967690,87,25,-1,77
2968200,101,58,-6,83
2968710,13,38,3,80
2969220,35,41,2,78
2969730,1,44,-2,80
2970240,23,3,-2,82
2970750,38,23,11,71
2971260,68,43,0,71
2971770,66,23,-2,73
2972280,45,43,-5,78
2972790,11,26,-8,86
2973300,33,29,13,73
2973810,54,11,-3,76
2974320,33,31,-5,81
2974830,48,34,5,76
2975340,63,16,-5,81
2975850,42,36,3,78
2976360,57,19,-1,79
2976870,71,39,5,74
2977380,50,19,-2,76
2977890,64,39,2,74
2978400,62,19,0,74
2978910,41,39,-6,80
2979420,62,22,8,72
2979930,41,55,-7,79
2980440,7,38,-7,86
2980950,29,41,-1,87
2981460,50,44,6,81
2981970,16,27,-5,86
2982480,37,30,8,78
2982990,52,12,5,73
2983500,31,32,-5,78
2984010,52,35,5,73
2984520,50,78,-11,84
2985030,16,81,1,83
2985540,38,40,5,78
2986050,59,43,6,72
2986560,57,39,-7,79
2987070,55,82,-10,89
2987580,21,71,12,77
2988090,43,30,-5,82
2988600,58,73,5,77
2989110,35,56,-6,83
2989620,1,59,-1,84
2990130,23,18,1,83
2990640,44,21,8,75
2991150,74,54,-5,80
2991660,72,34,2,78
2992170,51,14,1,77
2992680,30,34,-6,83
2993190,51,37,11,72
2993700,66,4,-10,82
2994210,96,37,5,77
2994720,8,75,-3,80
2995230,30,34,1,79
2995740,51,37,3,76
2996250,49,19,-3,79
2996760,63,39,0,79
2997270,61,9,-3,82
2997780,40,42,1,81
2998290,55,25,3,78
2998800,34,45,-2,80
2999310,0,48,0,80
2999820,22,7,4,76
3000330,37,27,-1,77
3000840,52,9,-3,80
3001350,82,42,-1,81
3001860,96,22,1,80
3002370,8,55,-7,87
3002880,30,14,12,75
3003390,45,34,-4,79
3003900,60,77,-2,81
3004410,37,66,-3,84
3004920,58,69,4,80
3005430,75,58,0,80
3005940,73,20,7,73
3006450,52,53,-7,80
3006960,50,36,1,79
3007470,65,3,-2,81
3007980,30,36,-2,83
3008490,51,39,7,76
3009000,49,82,-8,84
3009510,26,85,-1,85
3010020,94,44,7,78
3010530,6,24,-2,80
3011040,28,27,8,72
3011550,49,30,-6,78
3012060,77,50,-1,79
3012570,75,12,4,75
3013080,48,45,-5,80
3013590,14,28,-9,89
3014100,35,31,9,80
3014610,56,47,6,74
3015120,22,14,-3,77
3015630,37,57,-5,82
3016140,3,60,3,79
3016650,25,19,2,77
3017160,55,1,-5,82
3017670,85,34,9,73
3018180,99,67,-6,79
3018690,12,47,-4,83
3019200,34,50,0,83
3019710,0,53,7,76
3020220,22,12,-2,78
3020730,52,32,7,71
3021240,50,52,-5,76
3021750,16,35,-7,83
3022260,38,38,3,80
3022770,59,21,6,74
3023280,38,54,-12,86
3023790,4,57,3,83
3024300,26,16,8,75
3024810,56,36,3,72
3025320,54,79,-12,84
3025830,20,68,-1,85
3026340,42,27,9,76
3026850,70,9,6,70
3027360,43,42,-9,79
3027870,9,25,-5,84
3028380,31,28,9,75
3028890,16,31,-15,90
3029400,37,34,14,76
3029910,58,17,1,75
3030420,37,50,-11,86
3030930,3,53,6,80
3031440,25,12,-2,82
3031950,55,32,10,72
3032460,69,101,-6,78
3032970,46,90,-1,79
3033480,23,49,-6,85
3033990,45,52,6,79
3034500,80,35,1,78
3035010,94,68,1,77
3035520,92,30,-2,79
3036030,4,63,-2,81
3036540,26,22,6,75
3037050,47,25,-2,77
3037560,61,58,-5,82
3038070,59,41,11,71
3038580,25,8,-3,74
3039090,40,28,-8,82
3039600,70,10,8,74
3040110,20,43,-7,81
3040620,42,46,5,76
3041130,8,29,-8,84
3041640,30,32,8,76
3042150,51,35,5,71
3042660,49,78,-10,81
3043170,26,67,4,77
3043680,94,26,-2,79
3044190,6,59,-8,87
3044700,28,18,16,71
3045210,56,61,-10,81
3045720,22,44,1,80
3046230,44,47,3,77
3046740,10,30,-9,86
3047250,32,33,4,82
3047760,60,36,7,75
3048270,58,100,-2,77
3048780,35,59,-7,84
3049290,1,62,6,78
3049800,23,21,-3,81
3050310,44,63,4,77
3050820,10,52,-5,82
3051330,32,11,9,73
3051840,47,44,-2,75
3052350,13,11,-10,85
3052860,28,14,12,73
3053370,58,34,-5,78
3053880,37,4,2,76
3054390,52,77,-9,85
3054900,29,66,5,80
3055410,97,25,4,76
3055920,9,63,-6,82
3056430,31,22,6,76
3056940,59,42,4,72
3057450,57,4,-3,75
3057960,36,37,-5,80
3058470,57,40,1,79
3058980,55,7,7,72
3059490,34,40,-6,78
3060000,55,23,3,75
3060510,69,56,-3,78
3061020,67,18,3,75
3061530,46,51,-2,77
3062040,12,34,-7,84
3062550,34,37,6,78
3063060,49,40,0,78
3063570,47,23,2,76
3064080,77,56,-4,80
3064590,75,18,1,79
3065100,54,51,5,74
3065610,20,18,-7,81
3066120,50,21,11,70
3066630,64,54,-7,77
3067140,62,6,2,75
3067650,41,39,-1,76
3068160,7,22,-12,88
3068670,29,25,11,77
3069180,57,14,0,77
3069690,71,47,5,72
3070200,69,27,-1,73
3070710,48,60,-9,82
3071220,14,43,-7,89
3071730,36,46,8,81
3072240,2,49,0,81
3072750,24,8,9,72
3073260,39,28,-10,82
3073770,69,71,6,76
3074280,46,6,-2,78
3074790,25,39,-8,86
3075300,46,42,9,77
3075810,12,25,-12,89
3076320,33,28,6,83
3076830,48,31,9,74
3077340,46,74,-8,82
3077850,12,77,-7,89
3078360,34,36,13,76
3078870,55,40,5,71
3079380,53,73,-14,85
3079890,19,56,3,82
3080400,41,15,6,76
3080910,34,48,-3,79
3081420,0,51,-5,84
3081930,22,10,10,74
3082440,52,30,3,71
3082950,66,63,-8,79
3083460,43,46,1,78
3083970,9,29,-1,79
3084480,31,32,-1,80
3084990,61,35,6,74
3085500,59,68,-8,82
3086010,25,51,-2,84
3086520,93,54,-1,85
3087030,5,34,8,77
3087540,27,37,3,74
3088050,49,40,1,73
3088560,47,7,-9,82
3089070,77,40,-1,83
3089580,56,20,9,74
3090090,70,53,5,69
3090600,68,33,-5,74
3091110,82,13,-3,77
3091620,69,46,2,75
3092130,67,8,-2,77
3092640,46,41,-1,78
3093150,44,8,0,78
3093660,96,41,5,73
3094170,8,79,-6,79
3094680,30,38,0,79
3095190,51,41,4,75
3095700,49,24,4,71
3096210,63,57,-1,72
3096720,61,9,-5,77
3097230,40,42,1,76
3097740,6,25,-3,79
3098250,28,28,-3,82
3098760,58,31,11,71
3099270,56,64,-4,75
3099780,22,53,-7,82
3100290,90,56,6,76
3100800,69,36,4,72
3101310,48,16,-2,74
3101820,27,49,-6,80
3102330,95,52,-2,82
3102840,7,32,-3,85
3103350,29,35,7,78
3103860,51,38,9,69
3104370,49,5,-7,76
3104880,64,38,-4,80
3105390,62,0,4,76
3105900,27,33,1,75
3106410,49,36,1,74
3106920,47,69,-9,83
3107430,13,72,-4,87
3107940,35,31,11,76
3108450,56,14,-1,77
3108960,35,47,-4,81
3109470,1,50,-4,85
3109980,23,53,2,83
3110490,45,56,2,81
3111000,11,39,-11,92
3111510,33,42,9,83
3112020,101,45,2,81
3112530,13,25,-5,86
3113040,35,28,9,77
3113550,65,11,-5,82
3114060,44,44,5,77
3114570,10,27,-9,86
3115080,32,30,6,80
3115590,60,33,8,72
3116100,74,11,-1,73
3116610,61,44,-3,76
3117120,59,37,0,76
3117630,57,70,-2,78
3118140,23,53,-4,82
3118650,45,56,-2,84
3119160,11,39,-2,86
3119670,33,42,7,79
3120180,101,45,-6,85
3120690,13,25,6,79
3121200,35,28,7,72
3121710,33,97,-4,76
3122220,6,56,-6,82
3122730,28,15,4,78
3123240,56,35,3,75
3123750,54,2,-5,80
3124260,19,35,2,78
3124770,87,25,-2,80
3125280,101,58,-4,84
3125790,13,38,0,84
3126300,35,41,5,79
3126810,56,44,6,73
3127320,54,40,-2,75
3127830,20,7,-2,77
3128340,41,40,2,75
3128850,63,23,-1,76
3129360,42,56,-6,82
3129870,8,59,-4,86
3130380,30,18,11,75
3130890,27,38,-9,84
3131400,95,41,0,84
3131910,7,78,-3,87
3132420,29,52,5,82
3132930,97,83,4,78
3133440,95,18,-2,80
3133950,7,51,0,80
3134460,29,10,0,80
3134970,59,43,1,79
3135480,57,10,2,77
3135990,36,43,-5,82
3136500,2,46,4,78
3137010,24,5,3,75
3137520,21,38,-10,85
3138030,42,41,6,79
3138540,40,24,3,76
3139050,70,57,2,74
3139560,68,19,1,73
3140070,47,52,-7,80
3140580,13,35,-5,85
3141090,35,38,2,83
3141600,56,41,4,79
3142110,54,59,0,79
3142620,52,42,4,75
3143130,50,25,-1,76
3143640,64,94,3,73
3144150,41,83,-17,90
3144660,14,86,7,83
3145170,36,45,1,82
3145680,58,48,7,75
3146190,56,15,-3,78
3146700,35,48,-1,79
3147210,1,51,2,77
3147720,23,10,-1,78
3148230,53,43,6,72
3148740,51,10,1,71
3149250,30,43,-9,80
3149760,98,46,-2,82
3150270,10,26,-6,88
3150780,32,29,16,72
3151290,54,32,-7,79
3151800,52,65,-1,80
3152310,18,48,2,78
3152820,40,51,-2,80
3153330,6,54,0,80
3153840,28,13,2,78
3154350,58,33,1,77
3154860,37,29,-3,80
3155370,72,44,3,77
3155880,51,24,3,74
3156390,65,57,-2,76
3156900,63,9,5,71
3157410,42,42,-8,79
3157920,77,25,5,74
3158430,56,58,-4,78
3158940,22,10,4,74
3159450,52,13,4,70
3159960,31,46,-17,87
3160470,53,49,13,74
3160980,51,16,-4,78
3161490,65,49,-1,79
3162000,63,16,2,77
3162510,42,36,1,76
3163020,40,39,-6,82
3163530,61,22,1,81
3164040,40,55,1,80
3164550,6,58,1,79
3165060,28,17,4,75
3165570,58,37,4,71
3166080,56,17,3,68
3166590,35,50,-15,83
3167100,1,53,1,82
3167610,23,12,6,76
3168120,53,32,8,68
3168630,51,12,-3,71
3169140,30,32,-6,77
3169650,51,35,4,73
3170160,49,31,-8,81
3170670,77,64,1,80
3171180,75,101,6,74
3171690,52,53,-3,77
3172200,50,36,-1,78
3172710,48,69,3,75
3173220,14,58,-11,86
3173730,36,17,8,78
3174240,66,37,8,70
3174750,45,17,-6,76
3175260,59,50,1,75
3175770,57,17,-6,81
3176280,36,37,3,78
3176790,64,40,4,74
3177300,62,20,3,71
3177810,41,53,-10,81
3178320,0,56,-4,85
3178830,22,15,4,81
3179340,52,18,8,73
3179850,31,51,-7,80
3180360,99,54,-2,82
3180870,11,91,-2,84
3181380,33,50,6,78
3181890,101,53,-1,79
3182400,13,33,-2,81
3182910,35,36,2,79
3183420,65,39,8,71
3183930,63,19,-1,72
3184440,42,52,-10,82
3184950,8,55,2,80
3185460,30,14,1,79
3185970,60,34,4,75
3186480,74,14,3,72
3186990,66,47,-3,75
3187500,64,27,-1,76
3188010,43,49,-1,77
3188520,9,82,-2,79
3189030,31,41,-5,84
3189540,53,44,14,70
3190050,19,11,-12,82
3190560,49,80,1,81
3191070,26,83,-4,85
3191580,94,42,7,78
3192090,6,22,-5,83
3192600,28,25,6,77
3193110,58,28,-2,79
3193620,72,8,5,74
3194130,64,41,4,70
3194640,62,21,0,70
3195150,41,54,-9,79
3195660,7,45,-3,82
3196170,29,48,1,81
3196680,97,51,3,78
3197190,9,31,-4,82
3197700,31,34,8,74
3198210,52,37,6,68
3198720,50,4,-7,75
3199230,75,37,-7,82
3199740,54,17,10,72
3200250,68,50,-7,79
3200760,66,30,7,72
3201270,80,10,-4,76
3201780,72,43,8,68
3202290,70,23,-5,73
3202800,49,56,-6,79
3203310,15,39,-4,83
3203820,36,42,0,83
3204330,57,45,9,74
3204840,55,12,-12,86
3205350,34,45,7,79
3205860,0,48,-2,81
3206370,22,7,6,75
3206880,19,40,-14,89
3207390,40,43,17,72
3207900,75,46,-6,78
3208410,73,26,-2,80
3208920,52,59,0,80
3209430,18,42,-1,81
3209940,40,45,8,73
3210450,75,48,-6,79
3210960,73,28,2,77
3211470,52,61,0,77
3211980,18,44,-2,79
3212490,72,47,3,76
3213000,70,27,-1,77
3213510,49,60,-3,80
3214020,15,43,-5,85
3214530,37,46,7,78
3215040,3,49,-5,83
3215550,25,8,8,75
3216060,55,41,-3,78
3216570,53,95,4,74
3217080,30,54,-9,83
3217590,98,57,5,78
3218100,10,37,-1,79
3218610,32,40,5,74
3219120,53,43,-4,78
3219630,51,10,4,74
3220140,81,43,-4,78
3220650,60,23,5,73
3221160,39,56,-14,87
3221670,5,59,6,81
3222180,27,18,4,77
3222690,55,21,2,75
3223200,69,54,1,74
3223710,67,34,-7,81
3224220,46,14,6,75
3224730,60,47,-1,76
3225240,58,14,0,76
3225750,31,47,-1,77
3226260,99,50,-6,83
3226770,11,87,5,78
3227280,33,46,-9,87
3227790,101,49,11,76
3228300,13,29,-5,81
3228810,35,32,0,81
3229320,56,35,8,73
3229830,54,15,-4,77
3230340,33,35,1,76
3230850,54,38,3,73
3231360,52,5,-4,77
3231870,40,38,0,77
3232380,61,53,7,70
3232890,59,5,-9,79
3233400,38,38,3,76
3233910,4,41,-6,82
3234420,26,44,5,77
3234930,19,47,-11,88
3235440,40,50,8,80
3235950,6,53,-3,83
3236460,28,12,12,71
3236970,40,45,-9,80
3237480,6,28,1,79
3237990,28,31,5,74
3238500,49,34,-2,76
3239010,47,27,-4,80
3239520,75,60,3,77
3240030,73,97,-2,79
3240540,50,49,4,75
3241050,85,32,-1,76
3241560,99,69,-4,80
3242070,22,4,6,74
3242580,34,37,2,72
3243090,55,40,-3,75
3243600,53,94,-8,83
3244110,30,97,10,73
3244620,98,56,-8,81
3245130,10,36,2,79
3245640,32,39,0,79
3246150,53,42,4,75
3246660,51,96,-10,85
3247170,72,55,7,78
3247680,49,92,6,72
3248190,26,51,-15,87
3248700,48,54,3,84
3249210,14,37,-2,86
3249720,36,40,11,75
3250230,71,43,0,75
3250740,50,23,7,68
3251250,64,56,-5,73
3251760,62,93,-1,74
3252270,39,45,-4,78
3252780,67,28,0,78
3253290,46,61,-6,84
3253800,12,64,-4,88
3254310,34,23,11,77
3254820,62,26,3,74
3255330,41,59,-6,80
3255840,7,62,-2,82
3256350,29,21,5,77
3256860,57,24,4,73
3257370,71,57,-3,76
3257880,69,94,-2,78
3258390,46,30,1,77
3258900,74,23,5,72
3259410,53,56,-11,83
3259920,19,39,-2,85
3260430,41,42,5,80
3260940,69,25,4,76
3261450,48,58,-4,80
3261960,14,41,-3,83
3262470,36,44,8,75
3262980,57,47,4,71
3263490,55,14,-2,73
3264000,69,47,-3,76
3264510,48,84,-5,81
3265020,14,87,-5,86
3265530,36,46,6,80
3266040,2,49,-3,83
3266550,24,8,8,75
3267060,36,41,-7,82
3267570,57,44,7,75
3268080,55,11,-2,77
3268590,34,44,-1,78
3269100,0,47,-2,80
3269610,22,6,1,79
3270120,34,39,-5,84
3270630,55,42,8,76
3271140,53,9,0,76
3271650,32,42,-3,79
3272160,100,45,-2,81
3272670,12,82,-3,84
3273180,34,41,3,81
3273690,55,44,7,74
3274200,53,98,-5,79
3274710,30,57,-2,81
3275220,3,60,-3,84
3275730,25,19,5,79
3276240,55,22,7,72
3276750,69,55,0,72
3277260,67,92,-7,79
3277770,44,81,3,76
3278280,10,40,-7,83
3278790,32,43,0,83
3279300,54,46,8,75
3279810,52,29,-4,79
3280320,80,62,0,79
3280830,78,99,0,79
3281340,55,35,5,74
3281850,53,2,-7,81
3282360,77,35,1,80
3282870,56,15,6,74
3283380,35,48,-1,75
3283890,1,51,-7,82
3284400,23,10,2,80
3284910,51,30,4,76
3285420,65,99,1,75
3285930,42,51,-3,78
3286440,8,34,-5,83
3286950,30,37,4,79
3287460,51,40,4,75
3287970,49,7,-1,76
3288480,28,40,-6,82
3288990,96,43,-4,86
3289500,8,80,10,76
3290010,30,39,-1,77
3290520,51,42,7,70
3291030,49,9,-3,73
3291540,28,78,-9,82
3292050,96,37,2,80
3292560,8,74,-4,84
3293070,30,33,5,79
3293580,58,36,6,73
3294090,72,3,2,71
3294600,64,36,-1,72
3295110,78,16,-7,79
3295620,70,49,5,74
3296130,68,86,-3,77
3296640,45,22,8,69
3297150,59,55,-10,79
3297660,57,38,5,74
3298170,55,5,-3,77
3298680,34,38,0,77
3299190,62,21,1,76
3299700,41,54,-5,81
3300210,7,37,2,79
3300720,29,40,-8,87
3301230,51,43,13,74
3301740,49,10,-1,75
3302250,28,30,-5,80
3302760,49,33,8,72
3303270,77,0,-6,78
3303780,69,45,4,74
3304290,48,25,-3,77
3304800,62,58,1,76
3305310,60,10,-2,78
3305820,39,43,-1,79
3306330,60,26,7,72
3306840,74,59,-5,77
3307350,53,96,0,77
3307860,30,55,-6,83
3308370,98,58,0,83
3308880,85,38,0,83
3309390,64,75,5,78
3309900,41,58,-5,83
3310410,7,61,2,81
3310920,29,20,4,77
3311430,57,35,5,72
3311940,55,2,-3,75
3312450,85,35,3,72
3312960,99,72,-11,83
3313470,97,7,2,81
3313980,25,52,2,79
3314490,100,55,-7,86
3315000,12,92,5,81
3315510,34,51,2,79
3316020,0,54,-1,80
3316530,22,13,5,75
3317040,50,82,-5,80
3317550,27,96,4,76
3318060,66,55,-6,82
3318570,64,22,8,74
3319080,43,55,-12,86
3319590,65,38,5,81
3320100,44,0,7,74
3320610,74,73,-5,79
3321120,51,8,5,74
3321630,30,41,-7,81
3322140,98,44,2,79
3322650,10,40,-2,81
3323160,32,43,1,80
3323670,100,46,5,75
3324180,12,83,-4,79
3324690,34,42,-4,83
3325200,0,45,-2,85
3325710,22,48,8,77
3326220,44,51,1,76
3326730,10,34,-12,88
3327240,5,37,1,87
3327750,27,40,4,83
3328260,49,43,12,71
3328770,47,10,-7,78
3329280,26,43,-10,88
3329790,47,46,17,71
3330300,13,13,-15,86
3330810,34,16,9,77
3331320,62,49,4,73
3331830,60,29,-3,76
3332340,39,9,-2,78
3332850,67,42,2,76
3333360,65,4,4,72
3333870,57,37,0,72
3334380,55,4,-8,80
3334890,89,37,-2,82
3335400,1,74,-1,83
3335910,23,33,-2,85
3336420,45,36,10,75
3336930,43,19,1,74
3337440,57,88,-9,83
3337950,34,0,10,73
3338460,46,73,-7,80
3338970,12,96,-4,84
3339480,34,55,-4,88
3339990,0,58,1,87
3340500,22,17,12,75
3341010,77,86,-5,80
3341520,54,21,8,72
3342030,33,54,-10,82
3342540,101,57,4,78
3343050,13,37,-3,81
3343560,35,40,0,81
3344070,56,23,1,80
3344580,70,56,2,78
3345090,68,28,1,77
3345600,82,61,-2,79
3346110,61,98,2,77
3346620,38,17,3,74
3347130,66,50,-1,75
3347640,64,17,2,73
3348150,43,50,-1,74
3348660,9,33,-5,79
3349170,31,36,0,79
3349680,52,39,2,77
3350190,80,6,1,76
3350700,72,39,-1,77
3351210,51,19,-2,79
3351720,65,52,0,79
3352230,63,14,6,73
3352740,42,47,-7,80
3353250,8,30,1,79
3353760,30,33,-1,80
3354270,51,36,9,71
3354780,49,3,-10,81
3355290,79,36,3,78
3355800,93,16,-7,85
3356310,5,49,10,75
3356820,27,8,-2,77
3357330,55,28,4,73
3357840,69,61,2,71
3358350,46,98,-7,78
3358860,12,57,-5,83
3359370,34,16,15,68
3359880,62,36,-5,73
3360390,60,16,-4,77
3360900,39,49,-5,82
3361410,60,52,11,71
3361920,58,32,-8,79
3362430,72,65,0,79
3362940,70,0,4,75
3363450,100,33,-7,82
3363960,12,71,-3,85
3364470,34,30,6,79
3364980,64,45,4,75
3365490,62,7,1,74
3366000,41,52,-12,86
3366510,62,5,8,78
3367020,41,38,1,77
3367530,53,21,2,75
3368040,67,54,2,73
3368550,65,34,0,73
3369060,79,14,-1,74
3369570,71,47,-3,77
3370080,50,27,0,77
3370590,64,60,-1,78
3371100,30,43,-4,82
3371610,98,46,0,82
3372120,10,26,2,80
3372630,32,29,-1,81
3373140,53,44,7,74
3373650,51,11,0,74
3374160,30,44,-10,84
3374670,98,47,2,82
3375180,10,84,7,75
3375690,39,43,0,75
3376200,5,26,-8,83
3376710,27,29,4,79
3377220,55,32,5,74
3377730,69,2,-4,78
3378240,61,81,-3,81
3378750,38,64,-7,88
3379260,59,67,13,75
3379770,36,50,-7,82
3380280,2,53,-1,83
3380790,24,12,7,76
3381300,52,32,-1,77
3381810,66,101,3,74
3382320,43,20,0,74
3382830,57,89,-7,81
3383340,34,56,-2,83
3383850,0,59,0,83
3384360,97,18,-3,86
3384870,9,56,2,84
3385380,31,15,7,77
3385890,43,35,1,76
3386400,71,18,0,76
3386910,85,51,1,75
3387420,72,31,-4,79
3387930,51,64,2,77
3388440,17,31,-4,81
3388950,38,34,6,75
3389460,66,52,-2,77
3389970,64,89,0,77
3390480,41,41,-5,82
3390990,7,24,-4,86
3391500,29,27,7,79
3392010,57,30,5,74
3392520,71,68,-5,79
3393030,48,3,0,79
3393540,76,36,3,76
3394050,90,74,-5,81
3394560,88,9,2,79
3395070,80,54,5,74
3395580,59,34,-2,76
3396090,38,72,-6,82
3396600,4,75,-3,85
3397110,101,34,3,82
3397620,13,72,-4,86
3398130,35,31,3,83
3398640,56,46,10,73
3399150,54,13,-4,77
3399660,68,33,1,76
3400170,28,13,-1,77
3400680,56,33,2,75
3401190,70,13,0,75
3401700,62,46,2,73
3402210,60,8,-7,80
3402720,39,53,-2,82
3403230,5,56,1,81
3403740,27,15,7,74
3404250,55,35,-3,77
3404760,69,68,-1,78
3405270,67,4,-4,82
3405780,97,37,6,76
3406290,9,75,-6,82
3406800,4,34,2,80
3407310,26,37,1,79
3407820,48,40,5,74
3408330,46,7,0,74
3408840,74,27,-5,79
3409350,53,60,2,77
3409860,19,27,0,77
3410370,87,30,-7,84
3410880,101,68,0,84
3411390,24,3,3,81
3411900,52,76,1,80
3412410,18,63,-2,82
3412920,13,22,-3,85
3413430,35,25,7,78
3413940,63,40,2,76
3414450,61,2,-2,78
3414960,91,35,-4,82
3415470,3,72,3,79
3415980,100,31,-3,82
3416490,12,69,-2,84
3417000,34,28,3,81
3417510,62,43,7,74
3418020,60,5,-6,80
3418530,94,38,1,79
3419040,6,75,2,77
3419550,1,34,-11,88
3420060,23,37,7,81
3420570,98,40,-1,82
3421080,10,78,1,81
3421590,5,37,-2,83
3422100,64,40,4,79
3422610,62,20,4,75
3423120,76,53,-10,85
3423630,74,33,5,80
3424140,88,13,-2,82
3424650,75,58,11,71
3425160,73,95,-4,75
3425670,50,20,1,74
3426180,64,53,-4,78
3426690,62,90,2,76
3427200,39,15,4,72
3427710,53,48,-6,78
3428220,51,63,0,78
3428730,17,46,-6,84
3429240,39,49,2,82
3429750,61,82,-2,84
3430260,38,65,4,80
3430770,4,68,1,79
3431280,101,27,-6,85
3431790,13,65,6,79
3432300,35,24,5,74
3432810,63,39,-2,76
3433320,61,77,-4,80
3433830,38,13,5,75
3434340,66,46,4,71
3434850,64,26,-10,81
3435360,43,64,-9,90
3435870,9,67,7,83
3436380,31,26,6,77
3436890,59,41,4,73
3437400,57,3,-5,78
3437910,91,36,2,76
3438420,3,73,-5,81
3438930,100,32,7,74
3439440,12,70,-6,80
3439950,34,29,3,77
3440460,62,44,6,71
3440970,60,11,-6,77
3441480,39,44,2,75
3441990,5,27,-7,82
3442500,27,30,3,79
3443010,55,33,4,75
3443520,69,71,-4,79
3444030,46,7,-1,80
3444540,76,22,-2,82
3445050,55,60,3,79
3445560,21,43,-2,81
3446070,43,46,5,76
3446580,71,61,-4,80
3447090,69,98,3,77
3447600,46,23,5,72
3448110,60,56,-11,83
3448620,58,39,8,75
3449130,56,77,-11,86
3449640,22,60,4,82
3450150,45,19,12,70
3450660,59,39,-1,71
3451170,57,77,-12,83
3451680,23,60,-3,86
3452190,45,63,8,78
3452700,11,66,-3,81
3453210,33,25,1,80
3453720,61,40,3,77
3454230,59,2,-2,79
3454740,89,35,1,78
3455250,1,72,-1,79
3455760,98,31,-7,86
3456270,10,63,7,79
3456780,32,22,-1,80
3457290,60,37,5,75
3457800,58,29,2,73
3458310,72,67,-9,82
3458820,49,2,5,77
3459330,34,17,-5,82
3459840,46,50,0,82
3460350,12,33,-5,87
3460860,33,36,4,83
3461370,54,39,13,70
3461880,52,6,-9,79
3462390,23,39,-2,81
3462900,45,42,3,78
3463410,67,25,-3,81
3463920,46,63,2,79
3464430,12,46,-2,81
3464940,34,49,-6,87
3465450,0,52,7,80
3465960,97,11,-4,84
3466470,9,49,1,83
3466980,31,8,9,74
3467490,43,11,1,73
3468000,57,44,-5,78
3468510,55,6,5,73
3469020,40,39,-5,78
3469530,65,22,3,75
3470040,79,55,-7,82
3470550,77,17,6,76
3471060,91,50,-3,79
3471570,3,30,-3,82
3472080,25,33,0,82
3472590,53,36,10,72
3473100,51,3,-4,76
3473610,85,76,-2,78
3474120,62,11,5,73
3474630,41,44,-3,76
3475140,63,27,1,75
3475650,77,65,-2,77
3476160,75,0,-5,82
3476670,40,69,2,80
3477180,6,72,-4,84
3477690,28,31,6,78
3478200,49,34,2,76
3478710,47,77,-8,84
3479220,13,80,4,80
3479730,35,39,3,77
3480240,1,22,-6,83
3480750,23,25,3,80
3481260,48,28,7,73
3481770,62,21,-6,79
3482280,76,54,-5,84
3482790,74,91,2,82
3483300,51,16,14,68
3483810,65,49,-8,76
3484320,63,11,5,71
3484830,55,44,-4,75
3485340,53,60,-3,78
3485850,19,43,-4,82
3486360,41,46,-3,85
3486870,7,29,3,82
3487380,29,32,4,78
3487890,51,35,8,70
3488400,49,73,-15,85
3488910,15,76,4,81
3489420,37,35,2,79
3489930,62,38,3,76
3490440,41,0,-9,85
3490950,53,73,3,82
3491460,19,56,0,82
3491970,41,15,9,73
3492480,55,48,-1,74
3492990,53,85,-6,80
3493500,30,88,-6,86
3494010,98,47,4,82
3494520,10,84,0,82
3495030,32,43,-2,84
3495540,53,46,7,77
3496050,81,13,-7,84
3496560,101,16,-2,86
3497070,13,54,-2,88
3497580,35,13,15,73
3498090,63,46,-4,77
3498600,61,8,1,76
3499110,46,41,-3,79
3499620,44,8,1,78
3500130,29,81,-5,83
3500640,97,40,1,82
3501150,9,77,1,81
3501660,31,36,3,78
3502170,52,39,0,78
3502680,50,93,-6,84
3503190,27,96,3,81
3503700,56,55,-1,82
3504210,54,70,2,80
3504720,20,53,-3,83
3505230,88,56,10,73
3505740,86,93,-12,85
3506250,63,28,9,76
3506760,42,8,-1,77
3507270,70,81,-5,82
3507780,47,78,-2,84
3508290,13,37,2,82
3508800,35,40,-3,85
3509310,60,43,11,74
3509820,58,5,3,71
3510330,43,38,-9,80
3510840,68,53,5,75
3511350,66,90,-5,80
3511860,43,26,2,78
3512370,71,19,2,76
3512880,50,22,3,73
3513390,64,35,-5,78
3513900,78,15,6,72
3514410,70,48,-4,76
3514920,68,28,1,75
3515430,82,61,-7,82
3515940,51,98,7,75
3516450,28,57,-7,82
3516960,96,60,2,80
3517470,19,40,-6,86
3517980,41,43,7,79
3518490,53,26,7,72
3519000,67,39,3,69
3519510,46,19,-7,76
3520020,60,52,3,73
3520530,58,19,1,72
3521040,37,52,-11,83
3521550,3,55,-4,87
3522060,25,14,11,76
3522570,37,47,-8,84
3523080,58,50,13,71
3523590,56,30,-5,76
3524100,35,43,-5,81
3524610,56,46,5,76
3525120,54,13,0,76
3525630,33,46,-8,84
3526140,101,49,0,84
3526650,13,86,2,82
3527160,42,45,0,82
3527670,63,28,5,77
3528180,77,8,3,74
3528690,42,11,0,74
3529200,56,44,-2,76
3529710,54,11,3,73
3530220,39,26,-3,76
3530730,67,46,-2,78
3531240,65,84,2,76
3531750,42,36,2,74
3532260,67,51,-8,82
3532770,28,18,6,76
3533280,40,51,-3,79
3533790,6,84,-4,83
3534300,45,43,12,71
3534810,67,10,2,69
3535320,59,43,-2,71
3535830,57,10,-7,78
3536340,42,25,3,75
3536850,56,45,-2,77
3537360,54,48,-3,80
3537870,20,31,-5,85
3538380,42,34,8,77
3538890,70,1,2,75
3539400,15,4,-5,80
3539910,36,7,1,79
3540420,48,80,-7,86
3540930,14,83,1,85
3541440,36,42,7,78
3541950,48,75,-4,82
3542460,14,78,-4,86
3542970,36,37,8,78
3543480,48,52,0,78
3543990,14,35,-6,84
3544500,36,38,3,81
3545010,57,41,6,75
3545520,55,8,0,75
3546030,40,41,-2,77
3546540,6,24,-8,85
3547050,28,27,6,79
3547560,40,30,-2,81
3548070,65,45,5,76
3548580,44,12,2,74
3549090,56,32,-3,77
3549600,70,45,0,77
3550110,76,25,4,73
3550620,55,58,-4,77
3551130,21,72,-10,87
3551640,43,31,12,75
3552150,55,100,-6,81
3552660,76,59,-1,82
3553170,74,96,6,76
3553680,51,48,3,73
3554190,49,15,0,73
3554700,63,35,0,73
3555210,77,15,-6,79
3555720,69,18,4,75
3556230,76,38,-4,79
3556740,55,18,4,75
3557250,69,38,-4,79
3557760,48,18,5,74
3558270,62,38,0,74
3558780,41,18,1,73
3559290,53,38,0,73
3559800,51,5,-4,77
3560310,36,78,-9,86
3560820,57,37,13,73
3561330,55,50,-6,79
3561840,21,33,-3,82
3562350,89,36,2,80
3562860,1,73,4,76
3563370,11,32,-9,85
3563880,33,35,4,81
3564390,54,50,10,71
3564900,52,17,-1,72
3565410,31,37,-6,78
3565920,53,40,0,78
3566430,51,7,-3,81
3566940,36,22,4,77
3567450,48,15,3,74
3567960,33,35,-3,77
3568470,54,38,1,76
3568980,52,5,1,75
3569490,37,20,-1,76
3570000,9,40,-10,86
3570510,31,43,4,82
3571020,52,46,4,78
3571530,50,61,2,76
3572040,16,44,-8,84
3572550,38,47,14,70
3573060,4,62,-12,82
3573570,26,21,1,81
3574080,38,24,9,72
3574590,50,44,-5,77
3575100,48,11,1,76
3575610,33,31,0,76
3576120,45,34,-1,77
3576630,43,1,-2,79
3577140,64,74,-3,82
3577650,41,57,1,81
3578160,7,60,-4,85
3578670,29,19,8,77
3579180,41,39,0,77
3579690,53,22,3,74
3580200,67,42,4,70
3580710,65,22,-10,80
3581220,44,42,-3,83
3581730,56,25,11,72
3582240,70,38,-5,77
3582750,84,18,-4,81
3583260,76,51,0,81
3583770,55,31,10,71
3584280,69,44,-5,76
3584790,48,24,4,72
3585300,62,37,-3,75
3585810,60,50,4,71
3586320,5,83,-5,76
3586830,44,42,2,74
3587340,56,9,-3,77
3587850,41,42,-11,88
3588360,7,25,5,83
3588870,29,28,4,79
3589380,50,31,5,74
3589890,64,13,-2,76
3590400,43,46,-7,83
3590910,9,29,0,83
3591420,31,32,6,77
3591930,99,35,-9,86
3592440,11,73,7,79
3592950,33,32,-4,83
3593460,45,35,7,76
3593970,70,2,2,74
3594480,35,5,-6,80
3594990,47,78,-7,87
3595500,13,81,3,84
3596010,35,40,5,79
3596520,1,43,-7,86
3597030,23,2,15,71
3597540,84,75,-11,82
3598050,49,10,10,72
3598560,34,30,-8,80
3599070,55,45,2,78
3599580,53,12,4,74
3600090,32,32,-5,79
3600600,53,35,6,73
3601110,51,28,-10,83
3601620,65,41,15,68
3602130,63,21,-6,74
3602640,42,41,0,74
3603150,64,24,-2,76
3603660,78,45,-1,77
3604170,65,25,2,75
3604680,44,45,-2,77
3605190,10,12,-8,85
3605700,31,15,9,76
3606210,43,35,0,76
3606720,71,2,2,74
3607230,36,5,0,74
3607740,48,25,1,73
3608250,62,45,-3,76
3608760,60,12,3,73
3609270,39,32,-6,79
3609780,51,47,4,75
3610290,17,30,-6,81
3610800,76,33,4,77
3611310,55,13,-2,79
3611820,34,33,1,78
3612330,46,36,-1,79
3612840,71,18,2,77
3613350,85,38,-5,82
3613860,1,18,2,80
3614370,23,21,0,80
3614880,35,24,2,78
3615390,47,6,-2,80
3615900,32,26,0,80
3616410,53,29,0,80
3616920,67,49,5,75
3617430,65,29,-1,76
3617940,44,49,-4,80
3618450,10,32,-2,82
3618960,32,35,1,81
3619470,53,38,5,76
3619980,51,5,-3,79
3620490,36,38,-2,81
3621000,57,41,7,74
3621510,55,8,-2,76
3622020,40,28,-1,77
3622530,38,10,3,74
3623040,50,30,1,73
3623550,64,43,3,70
3624060,62,23,-3,73
3624570,41,43,-4,77
3625080,7,26,-8,85
3625590,29,29,11,74
3626100,50,32,0,74
3626610,48,14,-6,80
3627120,60,34,7,73
3627630,74,14,-5,78
3628140,66,17,-3,81
3628650,45,37,8,73
3629160,43,4,-6,79
3629670,28,37,-4,83
3630180,49,40,6,77
3630690,77,7,1,76
3631200,42,10,1,75
3631710,54,30,0,75
3632220,68,43,3,72
3632730,66,23,-1,73
3633240,45,43,-7,80
3633750,70,26,-4,84
3634260,49,46,10,74
3634770,15,29,-10,84
3635280,37,32,8,76
3635790,62,47,1,75
3636300,60,84,-6,81
3636810,37,99,4,77
3637320,3,58,-8,85
3637830,25,17,7,78
3638340,22,37,-4,82
3638850,43,40,6,76
3639360,68,23,7,69
3639870,47,43,-8,77
3640380,13,26,-4,81
3640890,81,29,3,78
3641400,95,67,-10,88
3641910,93,47,12,76
3642420,5,27,-13,89
3642930,27,30,9,80
3643440,48,33,4,76
3643950,46,15,3,73
3644460,60,35,-4,77
3644970,39,73,-6,83
3645480,60,76,3,80
3645990,37,59,1,79
3646500,3,92,0,79
3647010,14,51,-1,80
3647520,36,10,1,79
3648030,48,30,7,72
3648540,62,12,-9,81
3649050,47,62,-2,83
3649560,13,45,0,83
3650070,35,48,3,80
3650580,1,81,5,75
3651090,11,40,-10,85
3651600,33,43,-2,87
3652110,101,46,10,77
3652620,13,83,-4,81
3653130,23,42,-6,87
3653640,99,45,9,78
3654150,11,82,1,77
3654660,21,97,-3,80
3655170,31,56,-2,82
3655680,99,89,-1,83
3656190,12,24,-3,86
3656700,33,27,4,82
3657210,45,42,6,76
3657720,70,25,0,76
3658230,49,58,2,74
3658740,15,41,-8,82
3659250,37,44,0,82
3659760,58,77,2,80
3660270,24,64,1,79
3660780,34,23,3,76
3661290,46,5,-6,82
3661800,31,38,-2,84
3662310,52,41,11,73
3662820,18,74,-11,84
3663330,40,33,-2,86
3663840,4,15,-1,87
3664350,15,18,4,83
3664860,37,21,7,76
3665370,49,41,-1,77
3665880,74,24,3,74
3666390,53,57,-1,75
3666900,19,24,-4,79
3667410,31,27,-3,82
3667920,43,42,1,81
3668430,68,25,-1,82
3668940,47,63,1,81
3669450,13,46,0,81
3669960,35,5,4,77
3670470,47,25,4,73
3670980,61,45,-3,76
3671490,59,82,-5,81
3672000,36,65,0,81
3672510,2,98,1,80
3673020,70,57,-8,88
3673530,36,94,14,74
3674040,2,53,-7,81
3674550,24,12,1,80
3675060,58,32,6,74
3675570,37,12,1,73
3676080,49,32,-3,76
3676590,77,65,-4,80
3677100,42,0,-2,82
3677610,27,73,-5,87
3678120,95,32,3,84
3678630,7,70,3,81
3679140,29,29,-3,84
3679650,26,44,-6,90
3680160,47,47,11,79
3680670,13,30,-9,88
3681180,34,33,13,75
3681690,55,48,0,75
3682200,21,15,-8,83
3682710,33,18,6,77
3683220,45,0,1,76
3683730,101,33,-5,81
3684240,13,71,-1,82
3684750,35,30,4,78
3685260,47,45,-2,80
3685770,13,28,-5,85
3686280,35,31,11,74
3686790,1,46,-5,79
3687300,23,5,0,79
3687810,35,38,0,79
3688320,56,53,3,76
3688830,54,42,-1,77
3689340,52,9,0,77
3689850,37,42,-1,78
3690360,62,75,-3,81
3690870,28,58,2,79
3691380,96,61,-1,80
3691890,19,41,-7,87
3692400,41,44,8,79
3692910,7,27,-1,80
3693420,29,30,5,75
3693930,50,45,2,73
3694440,16,34,-11,84
3694950,38,37,8,76
3695460,59,20,4,72
3695970,38,53,-6,78
3696480,4,86,1,77
3696990,43,45,2,75
3697500,9,28,-8,83
3698010,31,31,-1,84
3698520,52,34,12,72
3699030,80,16,-3,75
3699540,72,49,-2,77
3700050,70,86,2,75
3700560,36,21,2,73
3701070,48,3,-1,74
3701580,33,36,-7,81
3702090,101,39,-4,85
3702600,13,77,7,78
3703110,35,36,3,75
3703620,1,69,-7,82
3704130,98,28,1,81
3704640,10,66,-1,82
3705150,32,25,7,75
3705660,60,7,-3,78
3706170,45,40,-1,79
3706680,70,29,7,72
3707190,49,71,-11,83
3707700,15,2,2,81
3708210,36,5,6,75
3708720,51,78,-6,81
3709230,17,67,-3,84
3709740,39,26,5,79
3710250,51,8,2,77
3710760,36,41,-6,83
3711270,58,56,8,75
3711780,24,45,0,75
3712290,92,48,-7,82
3712800,4,28,1,81
3713310,26,31,1,80
3713820,48,34,4,76
3714330,46,16,3,73
3714840,60,36,-5,78
3715350,90,69,0,78
3715860,88,4,-1,79
3716370,53,7,5,74
3716880,38,40,-2,76
3717390,50,23,2,74
3717900,64,56,-6,80
3718410,62,93,3,77
3718920,28,82,-3,80
3719430,96,41,-8,88
3719940,8,78,7,81
3720450,30,37,0,81
3720960,51,40,5,76
3721470,49,7,3,73
3721980,34,27,-14,87
3722490,55,9,9,78
3723000,40,42,-2,80
3723510,55,25,8,72
3724020,34,58,-16,88
3724530,0,61,7,81
3725040,68,20,11,70
3725550,47,40,-7,77
3726060,45,23,2,75
3726570,12,43,-5,80
3727080,34,46,1,79
3727590,0,31,-1,80
3728100,22,34,0,80
3728610,44,37,1,79
3729120,42,20,6,73
3729630,56,40,3,70
3730140,54,7,-7,77
3730650,39,40,-6,83
3731160,5,23,5,78
3731670,27,26,3,75
3732180,39,41,-1,76
3732690,1,24,-3,79
3733200,23,27,-2,81
3733710,35,30,4,77
3734220,47,19,3,74
3734730,61,52,-2,76
3735240,59,89,-6,82
3735750,25,78,0,82
3736260,93,37,4,78
3736770,5,74,-6,84
3737280,73,33,6,78
3737790,52,13,2,76
3738300,31,33,-5,81
3738810,99,66,1,80
3739320,12,46,-1,81
3739830,34,43,4,77
3740340,0,46,-4,81
3740850,22,49,-3,84
3741360,90,52,3,81
3741870,2,32,2,79
3742380,24,35,2,77
3742890,46,38,3,74
3743400,44,27,-6,80
3743910,72,9,-1,81
3744420,37,42,7,74
3744930,3,25,-9,83
3745440,25,28,4,79
3745950,37,31,1,78
3746460,52,46,1,77
3746970,50,29,1,76
3747480,64,11,-2,78
3747990,49,44,5,73
3748500,15,11,-7,80
3749010,27,14,6,74
3749520,39,34,-6,80
3750030,67,23,2,78
3750540,46,56,-6,84
3751050,12,39,1,83
3751560,34,42,3,80
3752070,0,31,-8,88
3752580,22,34,-1,89
3753090,44,11,14,75
3753600,60,31,2,73
3754110,74,64,-5,78
3754620,39,101,-3,81
3755130,5,60,0,81
3755640,27,19,1,80
3756150,39,52,3,77
3756660,5,85,-3,80
3757170,16,44,-7,87
3757680,84,47,1,86
3758190,49,27,14,72
3758700,63,9,-3,75
3759210,28,42,-12,87
3759720,96,45,3,84
3760230,8,25,-2,86
3760740,30,28,-1,87
3761250,51,31,10,77
3761760,65,64,0,77
3762270,63,53,3,74
3762780,29,79,-11,85
3763290,97,38,4,81
3763800,9,75,-7,88
3764310,31,34,12,76
3764820,99,37,0,76
3765330,11,74,-7,83
3765840,33,33,4,79
3766350,45,66,-2,81
3766860,11,55,-4,85
3767370,33,14,7,78
3767880,45,47,-1,79
3768390,60,30,6,73
3768900,74,10,0,73
3769410,48,43,-8,81
3769920,63,26,2,79
3770430,42,59,3,76
3770940,8,48,-10,86
3771450,30,7,9,77
3771960,42,40,-7,84
3772470,57,68,4,80
3772980,23,51,-2,82
3773490,91,54,-1,83
3774000,3,34,0,83
3774510,25,37,-1,84
3775020,93,40,1,83
3775530,5,20,-1,84
3776040,27,23,8,76
3776550,39,56,-1,77
3777060,5,89,-1,78
3777570,15,48,-15,93
3778080,37,51,9,84
3778590,3,84,2,82
3779100,13,43,2,80
3779610,35,46,-6,86
3780120,48,49,4,82
3780630,14,16,-5,87
3781140,35,19,6,81
3781650,47,52,2,79
3782160,13,35,-2,81
3782670,81,38,-1,82
3783180,95,18,5,77
3783690,7,56,-7,84
3784200,29,15,5,79
3784710,41,48,1,78
3785220,7,37,-5,83
3785730,29,40,1,82
3786240,97,43,-2,84
3786750,9,14,0,84
3787260,31,17,8,76
3787770,43,50,0,76
3788280,9,83,-6,82
3788790,31,42,1,81
3789300,99,45,0,81
3789810,11,82,-2,83
3790320,6,41,-8,91
3790830,28,44,10,81
3791340,96,47,7,74
3791850,8,20,-13,87
3792360,30,23,10,77
3792870,42,56,-4,81
3793380,8,89,-3,84
3793890,30,48,1,83
3794400,98,51,4,79
3794910,10,73,2,77
3795420,32,32,-2,79
3795930,100,21,-3,82
3796440,12,24,1,81
3796950,34,27,3,78
3797460,46,16,1,77
3797970,60,49,2,75
3798480,58,16,1,74
3798990,43,36,-5,79
3799500,9,19,-4,83
3800010,95,22,3,80
3800520,7,60,-1,81
3801030,29,19,7,74
3801540,52,52,-6,80
3802050,18,35,0,80
3802560,86,38,-5,85
3803070,100,75,4,81
3803580,13,10,3,78
3804090,10,13,-5,83
3804600,7,16,-3,86
3805110,29,19,10,76
3805620,41,39,-7,83
3806130,56,22,4,79
3806640,35,55,-6,85
3807150,1,58,5,80
3807660,23,17,2,78
3808170,35,20,3,75
3808680,47,2,-7,82
3809190,12,75,-4,86
3809700,34,34,12,74
3810210,0,50,-13,87
3810720,22,9,6,81
3811230,34,42,-1,82
3811740,0,25,1,81
3812250,22,28,1,80
3812760,90,31,-3,83
3813270,2,69,5,78
3813780,24,28,-3,81
3814290,46,31,7,74
3814800,74,20,-1,75
3815310,24,53,-3,78
3815820,92,56,-1,79
3816330,4,36,-7,86
3816840,26,39,9,77
3817350,94,42,-5,82
3817860,6,79,2,80
3818370,28,38,3,77
3818880,50,41,1,76
3819390,16,30,-8,84
3819900,38,33,1,83
3820410,53,16,4,79
3820920,38,36,0,79
3821430,4,19,-7,86
3821940,26,22,5,81
3822450,38,32,4,77
3822960,5,15,-9,86
3823470,27,18,9,77
3823980,39,51,-4,81
3824490,5,54,-1,82
3825000,27,13,5,77
3825510,39,33,-1,78
3826020,54,16,5,73
3826530,4,36,-11,84
3827040,26,39,4,80
3827550,48,42,0,80
3828060,14,25,-4,84
3828570,36,28,5,79
3829080,37,10,9,70
3829590,49,30,-1,71
3830100,63,50,-2,73
3830610,99,87,-4,77
3831120,12,22,-3,80
3831630,34,25,5,75
3832140,49,7,-4,79
3832650,34,40,-7,86
3833160,0,43,1,85
3833670,22,2,6,79
3834180,34,75,0,79
3834690,0,34,-4,83
3835200,22,37,-2,85
3835710,90,40,4,81
3836220,2,77,4,77
3836730,24,36,-4,81
3837240,92,39,-2,83
3837750,4,76,1,82
3838260,26,35,4,78
3838770,94,38,-6,84
3839280,6,75,5,79
3839790,28,34,-1,80
3840300,96,37,0,80
3840810,8,74,-7,87
3841320,30,33,12,75
3841830,52,66,-1,76
3842340,18,49,-8,84
3842850,40,52,3,81
3843360,6,35,-3,84
3843870,28,38,7,77
3844380,96,41,-5,82
3844890,8,78,0,82
3845400,30,37,-2,84
3845910,98,40,-2,86
3846420,10,77,1,85
3846930,32,36,5,80
3847440,53,19,14,66
3847950,67,3,-16,82
3848460,32,41,-1,83
3848970,100,74,-1,84
3849480,13,9,-1,85
3849990,10,12,0,85
3850500,31,15,12,73
3851010,43,48,-7,80
3851520,9,31,-5,85
3852030,31,34,6,79
3852540,52,17,6,73
3853050,66,37,3,70
3853560,80,17,-3,73
3854070,36,55,-8,81
3854580,2,38,1,80
3855090,24,41,-4,84
3855600,46,44,7,77
3856110,12,27,-2,79
3856620,80,30,3,76
3857130,94,67,0,76
3857640,7,2,-7,83
3858150,22,5,10,73
3858660,34,78,-9,82
3859170,0,37,0,82
3859680,22,40,-2,84
3860190,44,43,11,73
3860700,10,32,-16,89
3861210,32,35,12,77
3861720,53,18,2,75
3862230,19,51,-8,83
3862740,41,10,8,75
3863250,7,30,-18,93
3863760,29,33,8,85
3864270,97,36,-2,87
3864780,9,73,3,84
3865290,31,32,6,78
3865800,46,21,6,72
3866310,60,54,-9,81
3866820,26,43,0,81
3867330,94,46,1,80
3867840,6,83,0,80
3868350,1,42,1,79
3868860,23,1,-1,80
3869370,38,74,2,78
3869880,4,88,-7,85
3870390,26,47,5,80
3870900,94,50,0,80
3871410,6,87,-4,84
3871920,28,46,3,81
3872430,96,79,-1,82
3872940,9,14,0,82
3873450,31,17,7,75
3873960,43,37,-3,78
3874470,58,20,2,76
3874980,72,53,-2,78
3875490,87,90,-3,81
3876000,6,25,3,78
3876510,28,28,4,74
3877020,96,43,-4,78
3877530,8,80,-2,80
3878040,30,39,4,76
3878550,98,72,-2,78
3879060,11,7,-6,84
3879570,26,10,10,74
3880080,38,94,-4,78
3880590,4,53,-4,82
3881100,26,12,6,76
3881610,41,45,-5,81
3882120,7,28,-4,85
3882630,29,31,6,79
3883140,50,46,5,74
3883650,65,35,-1,75
3884160,79,15,-7,82
3884670,3,52,-1,83
3885180,25,11,8,75
3885690,37,44,-2,77
3886200,3,27,-3,80
3886710,25,30,1,79
3887220,46,33,2,77
3887730,61,22,5,72
3888240,40,55,-10,82
3888750,6,38,-2,84
3889260,28,41,3,81
3889770,96,44,-2,83
3890280,8,81,2,81
3890790,30,40,0,81
3891300,98,29,-1,82
3891810,10,66,-2,84
3892320,32,25,7,77
3892830,47,7,3,74
3893340,32,40,-7,81
3893850,100,23,2,79
3894360,12,61,-4,83
3894870,34,20,10,73
3895380,62,2,-1,74
3895890,36,35,-7,81
3896400,57,18,6,75
3896910,71,51,-8,83
3897420,37,31,9,74
3897930,52,14,-5,79
3898440,66,34,3,76
3898950,80,14,-2,78
3899460,94,52,-5,83
3899970,6,32,2,81
3900480,28,35,2,79
3900990,96,24,1,78
3901500,8,62,-8,86
3902010,30,21,8,78
3902520,45,10,5,73
3903030,60,43,-3,76
3903540,96,23,0,76
3904050,8,60,-9,85
3904560,30,19,6,79
3905070,45,39,2,77
3905580,11,22,-5,82
3906090,33,25,6,76
3906600,48,14,2,74
3907110,62,34,-1,75
3907620,76,14,3,72
3908130,32,47,-9,81
3908640,100,80,1,80
3909150,13,15,-4,84
3909660,35,18,10,74
3910170,47,51,-5,79
3910680,13,34,-3,82
3911190,35,37,3,79
3911700,1,20,-2,81
3912210,23,23,-4,85
3912720,45,26,11,74
3913230,59,59,-4,78
3913740,25,48,-2,80
3914250,93,51,1,79
3914760,5,31,1,78
3915270,27,34,0,78
3915780,95,37,2,76
3916290,7,74,-3,79
3916800,29,33,-4,83
3917310,97,36,3,80
3917820,9,73,-5,85
3918330,31,32,7,78
3918840,46,65,-11,89
3919350,12,48,6,83
3919860,34,7,8,75
3920370,49,27,1,74
3920880,63,47,5,69
3921390,29,84,-13,82
3921900,97,43,-2,84
3922410,9,80,-2,86
3922920,31,39,6,80
3923430,99,42,-1,81
3923940,11,79,1,80
3924450,33,38,0,80
3924960,101,41,-6,86
3925470,13,78,2,84
3925980,35,37,7,77
3926490,1,20,-7,84
3927000,23,23,7,77
3927510,91,26,-6,83
3928020,3,64,1,82
3928530,25,23,4,78
3929040,93,26,-6,84
3929550,5,64,5,79
3930060,27,23,6,73
3930570,49,12,1,72
3931080,15,32,-15,87
3931590,83,35,1,86
3932100,97,72,13,73
3932610,10,7,-11,84
3933120,31,10,5,79
3933630,46,19,7,72
3934140,60,39,-4,76
3934650,26,28,-6,82
3935160,94,31,2,80
3935670,6,68,-4,84
3936180,28,27,-1,85
3936690,50,30,10,75
3937200,64,50,-1,76
3937710,62,87,-11,87
3938220,28,76,12,75
3938730,96,35,-5,80
3939240,8,72,0,80
3939750,30,31,4,76
3940260,98,20,-4,80
3940770,39,58,-3,83
3941280,5,47,-2,85
3941790,27,6,8,77
3942300,42,26,2,75
3942810,57,46,0,75
3943320,23,35,-9,84
3943830,91,38,3,81
3944340,3,75,4,77
3944850,25,34,-2,79
3945360,93,37,6,73
3945870,5,27,-11,84
3946380,27,30,10,74
3946890,95,19,-4,78
3947400,7,57,-3,81
3947910,29,16,10,71
3948420,44,36,-5,76
3948930,10,25,-8,84
3949440,32,28,1,83
3949950,47,17,7,76
3950460,61,37,1,75
3950970,27,75,-7,82
3951480,95,34,8,74
3951990,79,71,-7,81
3952500,45,6,6,75
3953010,60,79,-6,81
3953520,26,68,-8,89
3954030,48,71,8,81
3954540,14,60,-6,87
3955050,36,19,12,75
3955560,48,1,0,75
3956070,22,74,-13,88
3956580,44,33,9,79
3957090,59,0,-3,82
3957600,33,33,6,76
3958110,48,22,3,73
3958620,14,42,-14,87
3959130,36,45,7,80
3959640,2,34,-3,83
3960150,24,37,3,80
3960660,92,40,-2,82
3961170,4,78,-1,83
3961680,26,37,2,81
3962190,94,40,2,79
3962700,21,77,1,78
3963210,43,36,-2,80
3963720,58,25,10,70
3964230,24,5,-7,77
3964740,39,78,-4,81
3965250,5,37,3,78
3965760,27,40,-4,82
3966270,95,43,12,70
3966780,7,80,-13,83
3967290,29,39,4,79
3967800,51,28,8,71
3968310,65,48,-6,77
3968820,31,85,-5,82
3969330,99,44,-6,88
3969840,11,82,7,81
3970350,33,41,4,77
3970860,101,30,-4,81
3971370,13,68,4,77
3971880,35,27,3,74
3972390,50,16,0,74
3972900,54,36,-2,76
3973410,20,25,-9,85
3973920,42,28,5,80
3974430,57,10,5,75
3974940,31,83,-6,81
3975450,99,42,-3,84
3975960,11,79,2,82
3976470,33,38,4,78
3976980,48,27,5,73
3977490,62,16,-1,74
3978000,36,36,-8,82
3978510,51,25,7,75
3979020,65,45,0,75
3979530,63,25,1,74
3980040,77,62,-5,79
3980550,75,99,0,79
3981060,41,88,-2,81
3981570,7,47,-2,83
3982080,29,6,6,77
3982590,44,79,-8,85
3983100,10,68,0,85
3983610,32,27,9,76
3984120,47,16,-3,79
3984630,13,36,-7,86
3985140,35,39,1,85
3985650,1,28,0,85
3986160,23,31,1,84
3986670,45,34,9,75
3987180,11,1,-5,80
3987690,26,4,2,78
3988200,41,77,-9,87
3988710,7,66,4,83
3989220,29,25,10,73
3989730,97,14,-9,82
3990240,53,52,4,78
3990750,19,41,-4,82
3991260,41,44,5,77
3991770,7,33,-1,78
3992280,29,36,-2,80
3992790,51,39,2,78
3993300,17,28,-5,83
3993810,32,31,4,79
3994320,47,20,3,76
3994830,62,40,3,73
3995340,60,78,-10,83
3995850,26,67,-2,85
3996360,48,26,12,73
3996870,83,46,-1,74
3997380,81,26,-1,75
3997890,55,63,-3,78
3998400,21,52,-6,84
3998910,43,55,5,79
3999420,84,44,-1,80
3999930,99,24,-2,82
4000440,55,62,3,79
4000950,21,51,-10,89
4001460,43,54,9,80
4001970,9,43,-3,83
4002480,31,46,0,83
4002990,99,49,7,76
4003500,11,86,-4,80
4004010,33,45,0,80
4004520,101,34,0,80
4005030,13,71,-4,84
4005540,35,30,5,79
4006050,1,27,-7,86
4006560,23,30,10,76
4007070,45,33,-1,77
4007580,43,22,3,74
4008090,9,42,-12,86
4008600,31,45,-2,88
4009110,99,34,-5,93
4009620,11,72,12,81
4010130,33,31,0,81
4010640,48,20,10,71
4011150,62,40,-4,75
4011660,28,20,1,74
4012170,10,40,-13,87
4012680,32,43,8,79
4013190,100,32,3,76
4013700,12,70,-7,83
4014210,34,29,6,77
4014720,49,18,-3,80
4015230,63,38,6,74
4015740,61,76,-6,80
4016250,27,65,-4,84
4016760,95,54,0,84
4017270,8,34,3,81
4017780,30,37,1,80
4018290,45,26,7,73
4018800,59,46,2,71
4019310,57,13,-10,81
4019820,42,33,3,78
4020330,57,22,-2,80
4020840,30,42,1,79
4021350,98,31,-5,84
4021860,10,68,6,78
4022370,69,27,-1,79
4022880,83,64,-1,80
4023390,81,101,0,80
4023900,47,90,-1,81
4024410,13,49,-2,83
4024920,35,8,9,74
4025430,50,81,-12,86
4025940,16,70,6,80
4026450,38,29,0,80
4026960,53,49,3,77
4027470,19,38,0,77
4027980,87,41,-4,81
4028490,101,78,3,78
4029000,14,13,-4,82
4029510,29,16,5,77
4030020,44,36,3,74
4030530,59,1,-4,78
4031040,74,74,-1,79
4031550,40,63,-7,86
4032060,6,52,2,84
4032570,28,11,8,76
4033080,31,84,-7,83
4033590,99,43,0,83
4034100,39,80,-8,91
4034610,5,69,6,85
4035120,2,28,4,81
4035630,24,31,4,77
4036140,92,34,-2,79
4036650,4,71,-1,80
4037160,26,30,3,77
4037670,41,19,0,77
4038180,55,39,9,68
4038690,53,6,-11,79
4039200,68,79,1,78
4039710,34,68,-5,83
4040220,0,57,-2,85
4040730,22,16,7,78
4041240,37,36,1,77
4041750,3,25,-9,86
4042260,25,28,6,80
4042770,40,31,3,77
4043280,55,20,8,69
4043790,69,40,-10,79
4044300,83,20,3,76
4044810,24,58,-6,82
4045320,92,17,5,77
4045830,33,55,0,77
4046340,101,44,-3,80
4046850,13,81,0,80
4047360,35,40,3,77
4047870,1,29,-2,79
4048380,23,32,-4,83
4048890,45,35,12,71
4049400,60,24,-3,74
4049910,74,4,-10,84
4050420,39,37,4,80
4050930,54,20,8,72
4051440,68,40,2,70
4051950,82,20,-6,76
4052460,96,58,-5,81
4052970,8,9,2,79
4053480,30,12,0,79
4053990,45,85,-5,84
4054500,11,74,5,79
4055010,33,33,4,75
4055520,48,22,3,72
4056030,62,42,-1,73
4056540,60,22,-1,74
4057050,74,59,3,71
4057560,72,96,-8,79
4058070,49,85,0,79
4058580,15,74,-7,86
4059090,37,33,3,83
4059600,3,22,-6,89
4060110,25,28,7,82
4060620,40,31,3,79
4061130,62,20,5,74
4061640,35,91,-7,81
4062150,1,50,0,81
4062660,23,9,5,76
4063170,38,82,-7,83
4063680,79,41,4,79
4064190,93,21,4,75
4064700,5,59,-3,78
4065210,27,18,2,76
4065720,42,7,0,76
4066230,19,80,-10,86
4066740,22,39,5,81
4067250,44,42,1,80
4067760,69,31,4,76
4068270,42,11,1,75
4068780,91,84,-4,79
4069290,4,19,-2,81
4069800,26,22,8,73
4070310,48,37,-1,74
4070820,46,26,-4,78
4071330,81,64,4,74
4071840,79,101,0,74
4072350,45,90,-4,78
4072860,11,49,-3,81
4073370,33,52,0,81
4073880,101,41,4,77
4074390,13,78,-3,80
4074900,35,37,-2,82
4075410,57,26,5,77
4075920,71,64,-2,79
4076430,100,101,-2,81
4076940,13,36,3,78
4077450,35,39,0,78
4077960,57,28,3,75
4078470,71,8,-4,79
4078980,36,41,1,78
4079490,2,24,-3,81
4080000,24,27,3,78
4080510,46,30,4,74
4081020,44,12,-3,77
4081530,10,85,-5,82
4082040,32,44,6,76
4082550,100,33,1,75
4083060,88,70,-12,87
4083570,86,5,9,78
4084080,56,43,-5,83
4084590,54,80,-2,85
4085100,20,69,4,81
4085610,42,28,8,73
4086120,77,10,-3,76
4086630,33,48,-4,80
4087140,101,81,2,78
4087650,27,16,-2,80
4088160,42,100,4,76
4088670,8,59,-3,79
4089180,30,18,0,79
4089690,52,0,4,75
4090200,82,73,-5,80
4090710,80,8,2,78
4091220,45,46,-2,80
4091730,80,29,3,77
4092240,94,66,-2,79
4092750,92,73,0,79
4093260,26,8,1,78
4093770,29,81,-2,80
4094280,97,40,2,78
4094790,9,77,-2,80
4095300,31,36,1,79
4095810,53,25,8,71
4096320,67,5,-3,74
4096830,32,38,-8,82
4097340,54,71,2,80
4097850,20,60,-2,82
4098360,42,19,10,72
4098870,56,39,-2,74
4099380,22,19,3,71
4099890,44,22,-9,80
4100400,69,60,7,73
4100910,35,97,-4,77
4101420,1,56,-5,82
4101930,23,15,6,76
4102440,45,84,-2,78
4102950,11,73,-5,83
4103460,33,32,4,79
4103970,55,15,5,74
4104480,28,35,-6,80
4104990,96,38,5,75
4105500,8,75,-3,78
4106010,30,34,1,77
4106520,52,23,2,75
4107030,66,3,1,74
4107540,39,36,-6,80
4108050,5,19,-6,86
4108560,27,22,5,81
4109070,42,4,8,73
4109580,27,77,-11,84
4110090,95,36,5,79
4110600,7,73,-6,85
4111110,29,32,2,83
4111620,97,35,0,83
4112130,9,73,5,78
4112640,31,32,0,78
4113150,53,21,2,76
4113660,16,41,-12,88
4114170,38,44,8,80
4114680,4,27,-3,83
4115190,26,30,4,79
4115700,48,33,1,78
4116210,46,71,-2,80
4116720,12,98,-3,83
4117230,34,57,0,83
4117740,0,80,2,81
4118250,22,39,2,79
4118760,44,42,-2,81
4119270,66,25,5,76
4119780,80,62,-4,80
4120290,78,99,7,73
4120800,44,35,-5,78
4121310,42,2,-2,80
4121820,57,75,-2,82
4122330,23,64,2,80
4122840,45,23,4,76
4123350,59,61,-5,81
4123860,25,50,2,79
4124370,93,53,5,74
4124880,5,90,-10,84
4125390,27,49,4,80
4125900,49,38,1,79
4126410,71,27,5,74
4126920,85,64,-6,80
4127430,19,101,8,72
4127940,87,60,-10,82
4128450,85,97,2,80
4128960,62,32,14,66
4129470,76,12,-8,74
4129980,17,50,-10,84
4130490,39,53,4,80
4131000,5,86,-4,84
4131510,27,45,4,80
4132020,95,48,1,79
4132530,7,85,0,79
4133040,75,44,1,78
4133550,73,24,-1,79
4134060,87,61,-4,83
4134570,85,98,4,79
4135080,62,33,8,71
4135590,76,13,-6,77
4136100,49,51,-2,79
4136610,15,34,-10,89
4137120,37,37,14,75
4137630,59,26,2,73
4138140,73,6,-2,75
4138650,38,39,-2,77
4139160,4,22,-4,81
4139670,26,25,3,78
4140180,48,28,-1,79
4140690,62,66,4,75
4141200,28,1,-4,79
4141710,43,74,-4,83
4142220,9,63,-1,84
4142730,31,22,8,76
4143240,53,4,2,74
4143750,38,77,-8,82
4144260,4,36,2,80
4144770,26,39,1,79
4145280,94,42,-4,83
4145790,6,79,0,83
4146300,28,38,2,81
4146810,50,41,7,74
4147320,16,30,-14,88
4147830,38,33,10,78
4148340,4,16,-3,81
4148850,26,19,1,80
4149360,48,8,9,71
4149870,33,81,-12,83
4150380,101,40,1,82
4150890,13,77,2,80
4151400,35,36,1,79
4151910,57,19,9,70
4152420,30,56,-18,88
4152930,98,59,8,80
4153440,10,96,-3,83
4153950,32,55,4,79
4154460,100,58,2,77
4154970,12,38,-8,85
4155480,34,41,8,77
4155990,0,74,-1,78
4156500,68,33,2,76
4157010,82,13,1,75
4157520,38,51,-6,81
4158030,4,84,-4,85
4158540,26,43,7,78
4159050,94,46,-7,85
4159560,6,83,2,83
4160070,28,77,3,80
4160580,96,36,-1,81
4161090,8,73,0,81
4161600,30,32,4,77
4162110,52,65,1,76
4162620,18,48,-10,86
4163130,40,51,8,78
4163640,6,34,-3,81
4164150,28,37,5,76
4164660,50,40,3,73
4165170,86,7,-4,77
4165680,56,45,0,77
4166190,22,12,-3,80
4166700,44,81,-13,93
4167210,10,84,13,80
4167720,32,43,0,80
4168230,67,76,-5,85
4168740,33,12,4,81
4169250,36,45,4,77
4169760,2,78,-8,85
4170270,24,37,-2,87
4170780,92,40,7,80
4171290,4,77,0,80
4171800,72,36,1,79
4172310,86,16,-3,82
4172820,10,49,-1,83
4173330,32,8,3,80
4173840,35,81,-1,81
4174350,1,40,1,80
4174860,23,43,-2,82
4175370,91,46,10,72
4175880,3,26,-9,81
4176390,25,2,10,71
4176900,40,75,-11,82
4177410,6,64,-7,89
4177920,9,23,7,82
4178430,31,26,2,80
4178940,53,59,0,80
4179450,19,42,-2,82
4179960,22,45,2,80
4180470,90,48,-1,81
4180980,2,28,-2,83
4181490,24,31,1,82
4182000,92,34,2,80
4182510,4,71,-1,81
4183020,26,30,1,80
4183530,48,63,2,78
4184040,14,52,-5,83
4184550,17,11,-3,86
4185060,20,80,6,80
4185570,23,51,-1,81
4186080,91,84,0,81
4186590,49,19,6,75
4187100,63,52,1,74
4187610,29,89,-9,83
4188120,32,48,3,80
4188630,100,81,-7,87
4189140,23,16,7,80
4189650,26,85,3,77
4190160,94,44,0,77
4190670,6,24,-7,84
4191180,28,27,12,72
4191690,96,60,-10,82
4192200,8,40,3,79
4192710,30,43,6,73
4193220,98,76,-7,80
4193730,21,11,4,76
4194240,24,80,-5,81
4194750,27,39,-1,82
4195260,95,72,3,79
4195770,18,7,-4,83
4196280,42,76,4,79
4196790,8,65,-3,82
4197300,11,24,-4,86
4197810,33,27,6,80
4198320,58,60,10,70
4198830,24,40,-9,79
4199340,92,43,-1,80
4199850,4,23,3,77
4200360,26,26,-3,80
4200870,48,59,-1,81
4201380,14,42,1,80
4201890,17,45,-4,84
4202400,20,48,1,83
4202910,23,81,1,82
4203420,26,40,-1,83
4203930,48,73,0,83
4204440,14,62,-2,85
4204950,17,21,6,79
4205460,39,24,-1,80
4205970,74,6,3,77
4206480,47,39,-3,80
4206990,45,6,-2,82
4207500,30,79,-6,88
4208010,33,38,11,77
4208520,101,71,0,77
4209030,24,6,2,75
4209540,27,79,-6,81
4210050,30,38,2,79
4210560,98,71,-4,83
4211070,21,51,5,78
4211580,89,84,-5,83
4212090,47,19,9,74
4212600,61,52,3,71
4213110,27,32,-8,79
4213620,49,35,4,75
4214130,47,2,-2,77
4214640,35,35,-5,82
4215150,1,68,-1,83
4215660,4,27,0,83
4216170,26,30,1,82
4216680,48,33,7,75
4217190,83,0,0,75
4217700,56,33,-1,76
4218210,70,13,2,74
4218720,96,46,-6,80
4219230,8,26,4,76
4219740,30,29,-2,78
4220250,55,62,-2,80
4220760,21,51,-6,86
4221270,24,84,6,80
4221780,27,43,2,78
4222290,95,46,0,78
4222800,7,26,-4,82
4223310,29,29,2,80
4223820,54,32,10,70
4224330,68,12,-1,71
4224840,41,45,-18,89
4225350,7,28,5,84
4225860,29,31,8,76
4226370,97,64,-2,78
4226880,9,44,-7,85
4227390,12,3,0,85
4227900,27,72,3,82
4228410,30,31,4,78
4228920,55,64,-1,79
4229430,21,47,2,77
4229940,24,80,-2,79
4230450,27,39,-4,83
4230960,95,72,3,80
4231470,18,7,-1,81
4231980,21,76,-3,84
4232490,24,35,-1,85
4233000,46,38,8,77
4233510,71,5,-3,80
4234020,23,38,-3,83
4234530,91,41,3,80
4235040,3,21,1,79
4235550,25,24,0,79
4236060,50,57,0,79
4236570,16,40,-5,84
4237080,38,43,2,82
4237590,60,76,3,79
4238100,26,59,-2,81
4238610,29,18,3,78
4239120,32,87,-3,81
4239630,100,46,-4,85
4240140,12,83,6,79
4240650,15,42,-6,85
4241160,18,45,4,81
4241670,86,48,7,74
4242180,100,28,-3,77
4242690,12,66,-7,84
4243200,15,38,0,84
4243710,18,41,0,84
4244220,21,44,4,80
4244730,89,47,-5,85
4245240,1,27,8,77
4245750,23,30,-1,78
4246260,45,33,7,71
4246770,43,0,-18,89
4247280,58,73,7,82
4247790,24,56,2,80
4248300,27,15,4,76
4248810,30,84,-9,85
4249320,33,43,4,81
4249830,101,76,-8,89
4250340,24,42,10,79
4250850,92,45,-3,82
4251360,4,25,-5,87
4251870,26,28,5,82
4252380,94,31,-6,88
4252890,6,68,11,77
4253400,74,27,5,72
4253910,37,67,-10,82
4254420,3,70,1,81
4254930,6,29,-2,83
4255440,28,32,5,78
4255950,50,65,-3,81
4256460,16,7,7,74
4256970,19,76,-12,86
4257480,22,35,8,78
4257990,44,38,8,70
4258500,10,5,-12,82
4259010,13,8,2,80
4259520,16,77,-2,82
4260030,19,36,-5,87
4260540,41,39,10,77
4261050,63,6,-1,78
4261560,89,14,-3,81
4262070,45,52,3,78
4262580,11,85,0,78
4263090,21,44,-10,88
4263600,89,47,10,78
4264110,1,27,-5,83
4264620,23,30,3,80
4265130,91,32,-1,81
4265640,3,70,-3,84
4266150,6,29,4,80
4266660,28,32,-2,82
4267170,50,65,4,78
4267680,16,52,-4,82
4268190,19,55,3,79
4268700,22,14,4,75
4269210,25,83,-7,82
4269720,35,42,1,81
4270230,1,75,-4,85
4270740,11,34,4,81
4271250,33,37,5,76
4271760,55,70,-8,84
4272270,21,53,3,81
4272780,24,12,7,74
4273290,27,81,-10,84
4273800,37,40,-2,86
4274310,62,73,6,80
4274820,28,56,-4,84
4275330,96,59,3,81
4275840,8,39,0,81
4276350,11,42,-5,86
4276860,14,45,6,80
4277370,17,4,-1,81
4277880,20,77,2,79
4278390,30,36,-4,83
4278900,52,39,6,77
4279410,50,6,0,77
4279920,35,39,-1,78
4280430,57,72,-1,79
4280940,23,55,-3,82
4281450,33,14,9,73
4281960,36,34,-3,76
4282470,2,67,-6,82
4282980,1,26,3,79
4283490,23,29,0,79
4284000,45,32,5,74
4284510,43,101,-3,77
4285020,9,60,-12,89
4285530,12,19,1,88
4286040,34,22,9,79
4286550,59,91,-7,86
4287060,76,3,16,70
4287570,46,36,-5,75
4288080,44,3,-3,78
4288590,29,76,-11,89
4289100,97,35,9,80
4289610,9,72,-4,84
4290120,19,31,2,82
4290630,41,34,8,74
4291140,39,21,-2,76
4291650,42,90,-9,85
4292160,90,49,8,77
4292670,2,29,-3,80
4293180,24,32,1,79
4293690,46,35,5,74
4294200,71,2,2,72
4294710,36,4,1,71
4295220,51,77,-13,84
4295730,17,44,1,83
4296240,39,47,4,79
4296750,5,80,-8,87
4297260,15,39,3,84
4297770,37,42,8,76
4298280,3,9,-11,87
4298790,14,12,0,87
4299300,29,15,7,80
4299810,32,84,0,80
4300320,100,43,-4,84
4300830,12,80,1,83
4301340,22,39,4,79
4301850,90,42,0,79
4302360,2,79,-1,80
4302870,12,38,-4,84
4303380,34,41,0,84
4303890,0,74,1,83
4304400,68,33,1,82
4304910,31,13,8,74
4305420,34,82,-5,79
4305930,0,41,-1,80
4306440,22,44,-3,83
4306950,90,47,1,82
4307460,2,27,1,81
4307970,24,30,-1,82
4308480,92,33,3,79
4308990,4,70,-1,80
4309500,7,29,-4,84
4310010,29,32,8,76
4310520,51,65,0,76
4311030,17,52,-3,79
4311540,20,11,3,76
4312050,35,80,-3,79
4312560,1,39,-5,84
4313070,23,42,-5,89
4313580,91,45,5,84
4314090,3,82,5,79
4314600,71,41,0,79
4315110,85,21,5,74
4315620,9,58,-12,86
4316130,12,17,4,82
4316640,34,20,4,78
4317150,59,40,2,76
4317660,57,7,-2,78
4318170,42,40,0,78
4318680,8,7,-3,81
4319190,30,10,4,77
4319700,45,43,-5,82
4320210,11,44,-4,86
4320720,33,47,5,81
4321230,101,80,-2,83
4321740,24,15,5,78
4322250,39,84,-5,83
4322760,5,43,-1,84
4323270,27,2,8,76
4323780,42,75,-5,81
4324290,8,64,2,79
4324800,30,23,3,76
4325310,52,56,-3,79
4325820,18,89,2,77
4326330,28,6,7,70
4326840,89,26,-10,80
4327350,1,63,0,80
4327860,11,22,0,80
4328370,33,25,1,79
4328880,55,58,0,79
4329390,21,25,-1,80
4329900,42,28,4,76
4330410,40,10,1,75
4330920,101,30,-2,77
4331430,13,67,-6,83
4331940,16,26,2,81
4332450,84,29,-4,85
4332960,69,66,13,72
4333470,27,1,-5,77
4333980,42,74,-10,87
4334490,8,97,5,82
4335000,18,56,-5,87
4335510,21,15,7,80
4336020,36,84,-3,83
4336530,2,43,1,82
4337040,24,46,4,78
4337550,92,49,-2,80
4338060,4,29,-4,84
4338570,26,32,-1,85
4339080,94,35,2,83
4339590,6,72,2,81
4340100,16,31,-9,90
4340610,38,34,15,75
4341120,36,23,-2,77
4341630,39,5,2,75
4342140,54,78,-10,85
4342650,20,101,6,79
4343160,30,60,1,78
4343670,98,19,-4,82
4344180,54,56,6,76
4344690,20,89,-6,82
4345200,30,48,3,79
4345710,98,71,1,78
4346220,21,51,-10,88
4346730,89,54,4,84
4347240,1,34,-1,85
4347750,23,37,7,78
4348260,91,40,3,75
4348770,3,77,-10,85
4349280,13,36,7,78
4349790,35,39,2,76
4350300,1,72,-7,83
4350810,11,31,1,82
4351320,33,34,0,82
4351830,58,67,0,82
4352340,24,50,3,79
4352850,92,53,2,77
4353360,4,33,-2,79
4353870,26,36,-2,81
4354380,94,39,7,74
4354890,6,76,-9,83
4355400,16,35,0,83
4355910,38,38,5,78
4356420,4,71,-7,85
4356930,14,30,1,84
4357440,36,33,6,78
4357950,61,0,0,78
4358460,82,33,-2,80
4358970,96,70,6,74
4359480,19,5,-8,82
4359990,34,78,1,81
4360500,0,37,1,80
4361010,10,40,-5,85
4361520,32,43,4,81
4362030,100,46,-2,83
4362540,12,83,1,82
4363050,22,42,-1,83
4363560,90,45,2,81
4364070,2,82,2,79
4364580,12,41,-1,80
4365090,34,44,2,78
4365600,0,77,-2,80
4366110,68,36,4,76
4366620,41,16,4,72
4367130,71,36,-4,76
4367640,85,16,-2,78
4368150,70,53,2,76
4368660,4,90,-3,79
4369170,14,49,1,78
4369680,36,8,0,78
4370190,51,28,3,75
4370700,65,48,-1,76
4371210,101,85,-2,78
4371720,24,20,-2,80
4372230,49,23,-3,83
4372740,64,3,9,74
4373250,38,36,-2,76
4373760,53,19,1,75
4374270,38,39,-5,80
4374780,63,6,7,73
4375290,37,39,-9,82
4375800,59,42,10,72
4376310,95,31,-6,78
4376820,7,68,-2,80
4377330,10,27,-3,83
4377840,32,30,1,82
4378350,57,33,13,69
4378860,71,13,-2,71
4379370,56,50,-6,77
4379880,22,39,-7,84
4380390,44,42,5,79
4380900,59,31,4,75
4381410,73,68,-1,76
4381920,31,3,3,73
4382430,46,76,-11,84
4382940,12,65,6,78
4383450,34,24,-4,82
4383960,49,13,7,75
4384470,34,33,-10,85
4384980,55,22,10,75
4385490,40,42,4,71
4386000,6,31,-12,83
4386510,28,34,3,80
4387020,96,37,-3,83
4387530,8,74,3,80
4388040,18,33,-3,83
4388550,86,36,2,81
4389060,100,73,1,80
4389570,23,8,0,80
4390080,20,81,1,79
4390590,30,40,-1,80
4391100,98,43,1,79
4391610,10,80,-2,81
4392120,78,39,9,72
4392630,51,76,-9,81
4393140,17,99,5,76
4393650,27,58,-8,84
4394160,95,61,3,81
4394670,18,41,-8,89
4395180,40,44,12,77
4395690,6,33,-9,86
4396200,28,36,6,80
4396710,50,39,3,77
4397220,16,28,-5,82
4397730,38,31,4,78
4398240,39,20,1,77
4398750,24,40,-10,87
4399260,92,43,8,79
4399770,4,80,-3,82
4400280,14,39,-1,83
4400790,36,42,6,77
4401300,58,31,8,69
4401810,72,11,-4,73
4402320,46,49,-2,75
4402830,12,38,-2,77
4403340,34,41,-4,81
4403850,0,30,-4,85
4404360,22,33,2,83
4404870,90,36,4,79
4405380,2,73,2,77
4405890,12,32,-14,91
4406400,34,35,11,80
4406910,56,24,7,73
4407420,70,44,-2,75
4407930,84,81,-7,82
4408440,42,16,4,78
4408950,72,36,4,74
4409460,86,73,-2,76
4409970,44,8,-4,80
4410480,29,28,-1,81
4410990,26,31,-3,84
4411500,23,34,-4,88
4412010,91,37,7,81
4412520,3,74,-1,82
4413030,13,33,1,81
4413540,35,36,0,81
4414050,57,25,8,73
4414560,42,5,-4,77
4415070,72,25,0,77
4415580,45,62,-8,85
4416090,11,51,-6,91
4416600,33,54,6,85
4417110,101,57,3,82
4417620,13,94,2,80
4418130,23,53,0,80
4418640,91,56,-3,83
4419150,3,36,3,80
4419660,25,39,2,78
4420170,93,42,-6,84
4420680,5,79,4,80
4421190,15,38,-3,83
4421700,18,41,2,81
4422210,40,44,3,78
4422720,55,33,3,75
4423230,13,70,-10,85
4423740,16,29,2,83
4424250,84,32,8,75
4424760,98,69,-6,81
4425270,32,4,6,75
4425780,47,77,-12,87
4426290,13,66,3,84
4426800,23,25,1,83
4427310,20,19,-8,91
4427820,86,22,12,79
4428330,71,59,2,77
4428840,37,96,2,75
4429350,3,55,-6,81
4429860,2,14,-6,87
4430370,13,17,8,79
4430880,81,20,5,74
4431390,44,57,-6,80
4431900,10,46,-4,84
4432410,32,49,2,82
4432920,100,52,3,79
4433430,12,32,-2,81
4433940,34,35,1,80
4434450,56,24,7,73
4434960,70,44,0,73
4435470,33,24,-4,77
4435980,34,13,0,77
4436490,95,33,-6,83
4437000,7,70,3,80
4437510,17,29,0,80
4438020,85,32,0,80
4438530,99,69,-1,81
4439040,33,4,4,77
4439550,48,77,-5,82
4440060,14,66,-10,92
4440570,17,25,5,87
4441080,85,28,9,78
4441590,70,65,3,75
4442100,36,54,-9,84
4442610,2,57,6,78
4443120,12,16,-4,82
4443630,34,19,4,78
4444140,49,39,6,72
4444650,7,28,-14,86
4445160,29,31,9,77
4445670,97,34,0,77
4446180,9,71,-5,82
4446690,19,30,-5,87
4447200,87,33,11,76
4447710,101,70,-3,79
4448220,24,5,5,74
4448730,39,78,-9,83
4449240,5,67,1,82
4449750,73,26,7,75
4450260,87,63,-6,81
4450770,21,43,-6,87
4451280,89,46,4,83
4451790,1,83,1,82
4452300,11,42,3,79
4452810,33,45,-4,83
4453320,101,48,-2,85
4453830,13,85,3,82
4454340,23,44,9,73
4454850,91,47,-4,77
4455360,3,27,-3,80
4455870,25,30,3,77
4456380,93,33,0,77
4456890,5,70,-6,83
4457400,18,29,-2,85
4457910,86,32,5,80
4458420,100,69,1,79
4458930,23,4,1,78
4459440,84,77,-7,85
4459950,42,12,12,73
4460460,56,32,1,72
4460970,70,52,0,72
4461480,4,32,-6,78
4461990,26,35,-3,81
4462500,94,38,5,76
4463010,6,75,-5,81
4463520,16,34,-2,83
4464030,38,37,1,82
4464540,39,26,3,79
4465050,98,8,1,78
4465560,54,46,-1,79
4466070,90,35,-1,80
4466580,2,72,0,80
4467090,12,31,0,80
4467600,34,34,2,78
4468110,35,37,-5,83
4468620,36,26,-2,85
4469130,95,8,12,73
4469640,51,45,-2,75
4470150,17,34,-10,85
4470660,85,37,6,79
4471170,99,74,-3,82
4471680,22,54,-4,86
4472190,32,57,10,76
4472700,100,46,-7,83
4473210,12,33,-3,86
4473720,34,36,5,81
4474230,35,25,3,78
4474740,36,7,2,76
4475250,51,27,-2,78
4475760,65,18,3,75
4476270,50,38,1,74
4476780,86,27,-2,76
4477290,100,64,-7,83
4477800,12,44,-2,85
4478310,34,47,4,81
4478820,0,36,-2,83
4479330,22,39,-4,87
4479840,90,42,7,80
4480350,2,22,-2,82
4480860,24,25,8,74
4481370,1,28,-10,84
4481880,23,31,3,81
4482390,91,34,2,79
4482900,3,71,0,79
4483410,13,30,-9,88
4483920,35,33,12,76
4484430,60,22,1,75
4484940,23,42,-10,85
4485450,91,45,3,82
4485960,3,82,4,78
4486470,71,41,-1,79
4486980,34,21,8,71
4487490,93,41,-14,85
4488000,5,78,7,78
4488510,15,37,-4,82
4489020,37,40,5,77
4489530,3,29,-8,85
4490040,25,32,7,78
4490550,93,35,3,75
4491060,5,72,-9,84
4491570,15,31,-5,89
4492080,37,34,12,77
4492590,3,23,-12,89
4493100,25,26,15,74
4493610,26,29,-5,79
4494120,94,32,-2,81
4494630,6,69,1,80
4495140,16,28,-2,82
4495650,84,31,-4,86
4496160,98,68,7,79
4496670,21,3,3,76
4497180,82,76,-6,82
4497690,40,11,8,74
4498200,54,31,-1,75
4498710,17,20,-8,83
4499220,39,23,14,69
4499730,53,43,-1,70
4500240,89,32,-8,78
4500750,1,69,-3,81
4501260,11,28,-7,88
4501770,33,31,10,78
4502280,101,20,-6,84
4502790,13,57,5,79
4503300,23,16,4,75
4503810,53,19,-3,78
4504320,38,39,-5,83
4504830,39,28,6,77
4505340,40,17,3,74
4505850,54,37,1,73
4506360,90,26,-4,77
4506870,75,63,-6,83
4507380,33,100,5,78
4507890,101,59,-5,83
4508400,13,39,2,81
4508910,35,42,1,80
4509420,1,31,-3,83
4509930,23,34,1,82
4510440,91,37,4,78
4510950,3,74,0,78
4511460,71,33,-1,79
4511970,85,13,-2,81
4512480,70,16,5,76
4512990,55,19,1,75
4513500,69,39,0,75
4514010,83,19,-3,78
4514520,68,56,7,71
4515030,2,36,-7,78
4515540,24,39,-6,84
4516050,92,42,5,79
4516560,4,22,2,77
4517070,26,25,-2,79
4517580,51,28,11,68
4518090,65,48,-8,76
4518600,101,37,-6,82
4519110,13,74,-2,84
4519620,23,33,4,80
4520130,91,36,4,76
4520640,3,73,-2,78
4521150,13,32,-3,81
4521660,81,35,-2,83
4522170,95,72,0,83
4522680,17,7,2,81
4523190,32,91,1,80
4523700,100,50,2,78
4524210,12,87,0,78
4524720,22,46,-6,84
4525230,44,69,2,82
4525740,10,58,-4,86
4526250,32,17,9,77
4526760,62,101,1,76
4527270,28,90,0,76
4527780,96,49,-3,79
4528290,8,86,-3,82
4528800,18,45,1,81
4529310,86,48,4,77
4529820,100,28,-4,81
4530330,12,65,1,80
4530840,34,24,5,75
4531350,64,6,1,74
4531860,49,39,0,74
4532370,15,28,-16,90
4532880,83,31,10,80
4533390,46,68,-6,86
4533900,12,57,4,82
4534410,34,16,6,76
4534920,64,100,1,75
4535430,30,89,-7,82
4535940,40,48,7,75
4536450,6,37,-6,81
4536960,28,40,-1,82
4537470,96,29,4,78
4537980,8,66,-1,79
4538490,30,25,3,76
4539000,60,14,-1,77
4539510,45,87,-8,85
4540020,11,76,1,84
4540530,33,35,5,79
4541040,101,24,-1,80
4541550,13,61,1,79
4542060,23,20,5,74
4542570,45,23,2,72
4543080,59,43,3,69
4543590,95,32,-15,84
4544100,7,69,3,81
4544610,29,28,4,77
4545120,30,17,-3,80
4545630,60,101,4,76
4546140,26,90,-2,78
4546650,36,49,-3,81
4547160,2,38,-2,83
4547670,24,41,3,80
4548180,92,44,3,77
4548690,4,81,-7,84
4549200,14,40,1,83
4549710,36,43,6,77
4550220,2,32,0,77
4550730,24,35,-8,85
4551240,92,38,1,84
4551750,4,75,1,83
4552260,14,34,-1,84
4552770,36,37,5,79
4553280,37,20,7,72
4553790,51,2,-1,73
4554300,36,35,-9,82
4554810,48,18,8,74
4555320,62,51,0,74
4555830,98,40,-5,79
4556340,10,77,-2,81
4556850,32,36,7,74
4557360,100,25,-8,82
4557870,12,62,2,80
4558380,34,21,1,79
4558890,68,10,3,76
4559400,94,13,-4,80
4559910,50,50,3,77
4560420,16,39,-3,80
4560930,38,42,-2,82
4561440,4,25,-2,84
4561950,26,28,7,77
4562460,27,31,0,77
4562970,28,20,2,75
4563480,29,2,-1,76
4563990,44,75,-8,84
4564500,10,64,0,84
4565010,32,23,6,78
4565520,33,5,5,73
4566030,48,78,-9,82
4566540,14,67,3,79
4567050,36,26,-2,81
4567560,37,8,12,69
4568070,38,41,-12,81
4568580,4,24,-4,85
4569090,26,27,7,78
4569600,94,16,-7,85
4570110,50,53,4,81
4570620,16,36,1,80
4571130,38,39,4,76
4571640,39,22,2,74
4572150,53,4,-3,77
4572660,38,37,-1,78
4573170,53,26,3,75
4573680,67,8,1,74
4574190,52,11,1,73
4574700,37,44,-4,77
4575210,3,33,-3,80
4575720,25,36,3,77
4576230,47,39,5,72
4576740,83,28,-8,80
4577250,97,65,2,78
4577760,9,0,-3,81
4578270,24,3,4,77
4578780,39,76,-7,84
4579290,5,65,10,74
4579800,73,24,-7,81
4580310,87,61,-1,82
4580820,21,98,3,79
4581330,31,57,0,79
4581840,99,46,-2,81
4582350,11,83,1,80
4582860,33,42,-1,81
4583370,101,31,6,75
4583880,13,68,-8,83
4584390,35,27,6,77
4584900,36,16,-1,78
4585410,66,100,1,77
4585920,32,89,-6,83
4586430,42,32,6,77
4586940,43,63,-8,85
4587450,9,52,-1,86
4587960,31,55,9,77
4588470,99,78,-5,82
4588980,22,13,5,77
4589490,52,97,-1,78
4590000,18,56,-8,86
4590510,40,45,3,83
4591020,6,28,5,78
4591530,28,31,0,78
4592040,29,34,-2,80
4592550,97,23,3,77
4593060,9,60,-5,82
4593570,31,19,3,79
4594080,32,1,4,75
4594590,47,74,1,74
4595100,13,63,-6,80
4595610,35,22,9,71
4596120,36,4,-4,75
4596630,51,77,-10,85
4597140,17,66,0,85
4597650,39,25,7,78
4598160,40,7,2,76
4598670,41,80,-11,87
4599180,7,69,8,79
4599690,29,28,-3,82
4600200,30,17,3,79
4600710,60,101,4,75
4601220,26,90,1,74
4601730,36,49,-8,82
4602240,2,38,1,81
4602750,24,41,2,79
4603260,92,30,2,77
4603770,4,67,-4,81
4604280,26,26,-4,85
4604790,56,15,8,77
4605300,70,35,1,76
4605810,84,72,-3,79
4606320,18,7,-3,82
4606830,40,91,3,79
4607340,6,50,-2,81
4607850,28,9,11,70
4608360,29,29,-3,73
4608870,30,18,-2,75
4609380,55,0,-3,78
4609890,85,3,0,78
4610400,26,6,1,77
4610910,27,90,-3,80
4611420,37,49,2,78
4611930,3,38,-6,84
4612440,25,41,0,84
4612950,93,44,7,77
4613460,5,81,-4,81
4613970,27,40,2,79
4614480,95,29,-9,88
4614990,7,66,10,78
4615500,29,25,0,78
4616010,30,14,3,75
4616520,31,98,-2,77
4617030,41,57,-3,80
4617540,7,46,3,77
4618050,29,5,-3,80
4618560,44,78,-1,81
4619070,10,67,1,80
4619580,32,26,0,80
4620090,62,8,6,74
4620600,88,41,-8,82
4621110,0,78,3,79
4621620,68,37,4,75
4622130,82,17,2,73
4622640,38,54,-8,81
4623150,4,77,0,81
4623660,26,36,2,79
4624170,48,39,5,74
4624680,49,28,1,73
4625190,63,48,-1,74
4625700,29,37,-10,84
4626210,97,26,7,77
4626720,9,63,-4,81
4627230,31,22,5,76
4627740,32,4,0,76
4628250,33,77,-10,86
4628760,101,66,7,79
4629270,24,1,4,75
4629780,25,74,-10,85
4630290,35,33,3,82
4630800,36,16,4,78
4631310,37,100,0,78
4631820,3,59,-9,87
4632330,25,18,10,77
4632840,26,0,1,76
4633350,27,73,0,76
4633860,37,32,-5,81
4634370,38,21,3,78
4634880,39,3,4,74
4635390,83,76,-9,83
4635900,41,11,5,78
4636410,61,31,3,75
4636920,75,11,-8,83
4637430,60,14,11,72
4637940,23,34,-12,84
4638450,45,37,9,75
4638960,46,26,-1,76
4639470,60,46,3,73
4639980,96,35,-6,79
4640490,8,72,-2,81
4641000,30,31,3,78
4641510,31,20,3,75
4642020,32,2,2,73
4642530,93,75,-6,79
4643040,27,10,6,73
4643550,28,79,-7,80
4644060,96,38,-1,81
4644570,8,75,1,80
4645080,30,34,2,78
4645590,98,17,0,78
4646100,54,54,1,77
4646610,20,43,-6,83
4647120,88,46,-1,84
4647630,0,83,2,82
4648140,22,42,1,81
4648650,90,45,0,81
4649160,2,82,-4,85
4649670,24,41,2,83
4650180,92,44,3,80
4650690,4,81,-3,83
4651200,26,40,0,83
4651710,48,43,6,77
4652220,49,32,-1,78
4652730,27,44,-4,82
4653240,95,33,1,81
4653750,7,70,-3,84
4654260,29,29,1,83
4654770,30,12,8,75
4655280,31,32,0,75
4655790,99,15,-9,84
4656300,40,52,0,84
4656810,6,35,0,84
4657320,28,101,4,80
4657830,38,60,1,79
4658340,4,74,-2,81
4658850,26,33,1,80
4659360,18,22,-1,81
4659870,40,25,10,71
4660380,54,7,-12,83
4660890,39,27,7,76
4661400,40,9,1,75
4661910,22,29,-15,90
4662420,44,3,11,79
4662930,29,76,-2,81
4663440,97,35,-2,83
4663950,9,72,2,81
4664460,31,31,0,81
4664970,32,14,2,79
4665480,33,98,1,78
4665990,101,57,-2,80
4666500,13,94,1,79
4667010,33,53,-2,81
4667520,101,36,0,81
4668030,41,73,2,79
4668540,7,62,-3,82
4669050,29,21,5,77
4669560,30,10,2,75
4670070,31,72,-12,87
4670580,99,61,5,82
4671090,11,41,-2,84
4671600,33,44,-4,88
4672110,34,27,15,73
4672620,35,16,-3,76
4673130,78,100,0,76
4673640,44,89,-8,84
4674150,10,78,4,80
4674660,32,37,2,78
4675170,100,20,1,77
4675680,12,72,-7,84
4676190,34,31,3,81
4676700,35,14,6,75
4677210,78,34,-4,79
4677720,92,71,1,78
4678230,26,6,4,74
4678740,27,26,-3,77
4679250,28,9,1,76
4679760,29,93,-5,81
4680270,39,52,3,78
4680780,5,35,-3,81
4681290,27,38,4,77
4681800,95,27,-7,84
4682310,7,64,3,81
4682820,29,23,2,79
4683330,30,5,2,77
4683840,31,76,2,75
4684350,99,35,-7,82
4684860,11,72,3,79
4685370,33,18,1,78
4685880,67,0,3,75
4686390,19,3,-5,80
4686900,20,87,3,77
4687410,42,46,-3,80
4687920,43,67,-1,81
4688430,9,56,-2,83
4688940,31,15,7,76
4689450,32,99,-1,77
4689960,100,58,-2,79
4690470,12,38,-3,82
4690980,34,41,10,72
4691490,0,24,-11,83
4692000,68,27,11,72
4692510,37,64,-10,82
4693020,3,53,2,80
4693530,25,12,8,72
4694040,26,96,-7,79
4694550,94,55,1,78
4695060,6,73,-4,82
4695570,28,32,1,81
4696080,29,35,-4,85
4696590,30,18,12,73
4697100,31,0,-3,76
4697610,92,73,-4,80
4698120,26,8,2,78
4698630,27,92,5,73
4699140,95,51,-7,80
4699650,7,31,2,78
4700160,29,34,1,77
4700670,30,23,2,75
4701180,31,5,-3,78
4701690,32,25,-4,82
4702200,33,7,11,71
4702710,34,27,-7,78
4703220,35,96,1,77
4703730,1,55,-6,83
4704240,23,14,3,80
4704750,57,83,-10,90
4705260,23,72,11,79
4705770,91,31,2,77
4706280,3,68,-4,81
4706790,25,27,0,81
4707300,26,30,-1,82
4707810,27,19,2,80
4708320,28,1,0,80
4708830,43,74,-1,81
4709340,9,63,1,80
4709850,31,22,3,77
4710360,32,91,-7,84
4710870,100,50,2,82
4711380,12,30,-3,85
4711890,27,33,8,77
4712400,95,36,-2,79
4712910,7,73,4,75
4713420,29,32,-4,79
4713930,30,15,2,77
4714440,60,84,-1,78
4714950,26,81,-8,86
4715460,36,40,9,77
4715970,37,23,2,75
4716480,38,92,-3,78
4716990,4,51,-5,83
4717500,26,10,6,77
4718010,27,94,3,74
4718520,37,53,-4,78
4719030,3,76,-4,82
4719540,25,35,3,79
4720050,47,38,5,74
4720560,83,5,-3,77
4721070,39,8,5,72
4721580,10,77,-10,82
4722090,32,36,4,78
4722600,33,19,1,77
4723110,34,1,0,77
4723620,49,74,-8,85
4724130,15,57,3,82
4724640,37,16,7,75
4725150,67,36,1,74
4725660,81,16,-6,80
4726170,66,19,4,76
4726680,80,56,-2,78
4727190,59,36,4,74
4727700,38,3,-5,79
4728210,53,76,-6,85
4728720,80,65,9,76
4729230,38,45,-5,81
4729740,4,28,3,78
4730250,26,31,1,77
4730760,27,20,-2,79
4731270,28,23,5,74
4731780,29,12,-3,77
4732290,30,96,1,76
4732800,98,85,-2,78
4733310,32,20,0,78
4733820,33,2,0,78
4734330,34,75,-8,86
4734840,0,64,1,85
4735350,101,23,0,85
4735860,13,60,-1,86
4736370,35,19,11,75
4736880,36,1,0,75
4737390,51,74,-11,86
4737900,17,57,7,79
4738410,39,16,2,77
4738920,53,36,3,74
4739430,54,3,2,72
4739940,39,38,-5,77
4740450,40,21,-2,79
4740960,54,90,-4,83
4741470,20,79,0,83
4741980,42,38,11,72
4742490,43,21,4,68
4743000,57,41,-3,71
4743510,93,8,-11,82
4744020,49,11,6,76
4744530,34,31,-4,80
4745040,35,14,4,76
4745550,49,98,-2,78
4746060,15,57,-4,82
4746570,37,16,4,78
4747080,67,36,5,73
4747590,46,16,-1,74
4748100,25,36,-10,84
4748610,93,39,-6,90
4749120,5,76,2,88
4749630,27,35,8,80
4750140,28,24,5,75
4750650,29,13,-3,78
4751160,30,97,-2,80
4751670,98,56,-2,82
4752180,10,36,0,82
4752690,32,39,4,78
4753200,100,22,-8,86
4753710,12,59,6,80
4754220,34,18,10,70
4754730,35,0,-3,73
4755240,50,73,-7,80
4755750,16,56,0,80
4756260,38,15,7,73
4756770,39,35,-1,74
4757280,40,24,0,74
4757790,54,6,-3,77
4758300,39,26,0,77
4758810,40,95,-4,81
4759320,6,54,-3,84
4759830,28,13,3,81
4760340,58,97,0,81
4760850,35,9,8,73
4761360,36,29,-4,77
4761870,37,18,0,77
4762380,51,0,1,76
4762890,61,3,-7,83
4763400,13,36,-5,88
4763910,17,39,7,81
4764420,39,53,1,80
4764930,5,36,-2,82
4765440,4,39,-3,85
4765950,26,42,3,82
4766460,48,25,4,78
4766970,62,45,3,75
4767480,98,12,-11,86
4767990,39,49,7,79
4768500,5,32,-2,81
4769010,27,35,1,80
4769520,49,18,6,74
4770030,63,38,-6,80
4770540,42,18,9,71
4771050,56,38,0,71
4771560,92,5,-9,80
4772070,48,8,6,74
4772580,33,28,-9,83
4773090,55,11,16,67
4773600,40,31,-7,74
4774110,41,14,0,74
4774620,55,34,0,74
4775130,18,54,-13,87
4775640,40,13,11,76
4776150,54,33,-4,80
4776660,68,0,6,74
4777170,20,3,-4,78
4777680,17,76,-7,85
4778190,39,35,8,77
4778700,40,18,0,77
4779210,41,38,1,76
4779720,42,21,5,71
4780230,56,41,0,71
4780740,92,8,-6,77
4781250,48,11,-4,81
4781760,27,31,2,79
4782270,49,14,5,74
4782780,34,34,-2,76
4783290,56,17,2,74
4783800,35,37,-6,80
4784310,36,20,-1,81
4784820,37,2,3,78
4785330,67,75,0,78
4785840,33,64,1,77
4786350,101,53,-7,84
4786860,13,90,6,78
4787370,35,49,-1,79
4787880,1,32,-6,85
4788390,23,35,1,84
4788900,91,38,-2,86
4789410,3,75,8,78
4789920,25,34,-4,82
4790430,47,17,2,80
4790940,61,37,5,75
4791450,40,17,1,74
4791960,54,37,4,70
4792470,90,26,-4,74
4792980,2,63,-8,82
4793490,24,22,3,79
4794000,24,25,-8,87
4794510,58,79,5,82
4795020,24,68,4,78
4795530,92,27,-5,83
4796040,16,64,2,81
4796550,38,23,6,75
4797060,39,5,0,75
4797570,24,78,-11,86
4798080,46,37,11,75
4798590,47,26,1,74
4799100,61,46,-2,76
4799610,97,35,-4,80
4800120,9,72,-7,87
4800630,31,31,11,76
4801140,32,14,0,76
4801650,66,34,4,72
4802160,45,71,-14,86
4802670,11,85,2,84
4803180,33,44,2,82
4803690,101,27,2,80
4804200,13,64,-4,84
4804710,35,23,10,74
4805220,36,5,-8,82
4805730,37,78,-5,87
4806240,67,37,10,77
4806750,81,74,-4,81
4807260,15,9,7,74
4807770,12,78,-9,83
4808280,34,37,6,77
4808790,35,20,-3,80
4809300,36,2,1,79
4809810,51,75,-5,84
4810320,17,58,2,82
4810830,39,17,4,78
4811340,40,37,-3,81
4811850,41,20,8,73
4812360,55,40,1,72
4812870,91,7,-8,80
4813380,47,44,5,75
4813890,83,27,-10,85
4814400,35,64,3,82
4814910,1,78,-3,85
4815420,23,37,1,84
4815930,45,40,4,80
4816440,46,23,7,73
4816950,60,43,-1,74
4817460,96,80,-5,79
4817970,30,15,4,75
4818480,52,8,-4,79
4818990,37,11,-7,86
4819500,38,31,13,73
4820010,39,100,-2,75
4820520,5,59,-7,82
4821030,27,18,5,77
4821540,28,0,-3,80
4822050,43,73,-1,81
4822560,9,56,3,78
4823070,31,15,4,74
4823580,65,99,-4,78
4824090,31,51,-2,80
4824600,99,74,-4,84
4825110,33,9,8,76
4825620,34,29,0,76
4826130,35,12,2,74
4826640,65,32,-1,75
4827150,44,69,-8,83
4827660,10,52,-5,88
4828170,32,11,18,70
4828680,33,31,-5,75
4829190,34,14,7,68
4829700,35,34,-9,77
4830210,36,17,3,74
4830720,37,37,-10,84
4831230,38,20,12,72
4831740,52,2,-2,74
4832250,33,35,-3,77
4832760,55,18,4,73
4833270,34,55,-10,83
4833780,0,38,2,81
4834290,22,41,1,80
4834800,90,44,-2,82
4835310,2,81,4,78
4835820,24,40,-6,84
4836330,46,43,5,79
4836840,82,26,6,73
4837350,34,63,-5,78
4837860,0,46,-3,81
4838370,22,5,2,79
4838880,56,78,-4,83
4839390,22,61,6,77
4839900,44,20,4,73
4840410,58,40,-1,74
4840920,94,20,-9,83
4841430,50,57,0,83
4841940,16,89,2,81
4842450,26,48,0,81
4842960,94,31,8,73
4843470,6,68,-8,81
4843980,28,27,8,73
4844490,50,10,-2,75
4845000,35,30,-4,79
4845510,36,13,8,71
4846020,37,33,-8,79
4846530,38,16,4,75
4847040,39,36,-4,79
4847550,40,19,4,75
4848060,54,39,1,74
4848570,90,32,-10,84
4849080,2,69,3,81
4849590,24,28,1,80
4850100,46,31,5,75
4850610,9,100,-9,84
4851120,31,59,4,80
4851630,99,48,-4,84
4852140,11,85,2,82
4852650,33,44,1,81
4853160,55,27,9,72
4853670,69,64,-13,85
4854180,3,53,5,80
4854690,19,12,-5,85
4855200,31,15,5,80
4855710,43,99,5,75
4856220,9,58,-10,85
4856730,31,17,7,78
4857240,61,101,0,78
4857750,38,59,-4,82
4858260,4,42,-6,88
4858770,26,45,6,82
4859280,94,48,1,81
4859790,75,85,1,80
4860300,41,74,-3,83
4860810,7,63,-2,85
4861320,29,22,1,84
4861830,63,4,6,78
4862340,37,7,1,77
4862850,49,27,4,73
4863360,63,47,2,71
4863870,99,14,-15,86
4864380,40,51,1,85
4864890,6,34,3,82
4865400,28,37,-2,84
4865910,96,20,9,75
4866420,52,57,-5,80
4866930,18,40,-1,81
4867440,40,43,1,80
4867950,41,26,6,74
4868460,55,95,0,74
4868970,21,54,-19,93
4869480,43,37,21,72
4869990,44,4,-5,77
4870500,29,77,-12,89
4871010,39,36,12,77
4871520,40,19,1,76
4872030,70,39,2,74
4872540,84,76,-11,85
4873050,18,11,9,76
4873560,30,95,1,75
4874070,40,54,0,75
4874580,6,43,-4,79
4875090,28,2,2,77
4875600,43,75,-3,80
4876110,9,89,-7,87
4876620,31,48,8,79
4877130,99,31,-2,81
4877640,11,68,-1,82
4878150,33,27,6,76
4878660,34,9,-3,79
4879170,46,29,2,77
4879680,4,22,-4,81
4880190,26,25,2,79
4880700,60,28,0,79
4881210,39,65,2,77
4881720,5,54,-7,84
4882230,27,13,9,75
4882740,39,97,-3,78
4883250,5,56,-9,87
4883760,27,15,8,79
4884270,61,99,3,76
4884780,27,11,4,72
4885290,39,31,-5,77
4885800,40,14,4,73
4886310,54,34,-6,79
4886820,17,1,4,75
4887330,38,74,-11,86
4887840,68,88,10,76
4888350,34,71,-7,83
4888860,64,30,9,74
4889370,43,67,-6,80
4889880,9,50,-4,84
4890390,31,9,9,75
4890900,43,29,0,75
4891410,44,98,2,73
4891920,10,57,-4,77
4892430,32,16,1,76
4892940,44,100,-6,82
4893450,58,59,6,76
4893960,24,28,-7,83
4894470,21,31,1,82
4894980,43,34,2,80
4895490,44,62,-2,82
4896000,10,45,2,80
4896510,32,4,5,75
4897020,47,73,-7,82
4897530,13,56,-4,86
4898040,35,15,10,76
4898550,65,35,-1,77
4899060,44,72,-9,86
4899570,77,55,7,79
4900080,54,35,7,72
4900590,17,2,-12,84
4901100,38,75,-1,85
4901610,68,34,12,73
4902120,82,71,-10,83
4902630,16,6,9,74
4903140,28,75,-12,86
4903650,38,34,8,78
4904160,39,17,3,75
4904670,53,101,-6,81
4905180,19,13,1,80
4905690,53,16,5,75
4906200,32,36,-5,80
4906710,54,19,6,74
4907220,33,39,-10,84
4907730,55,22,5,79
4908240,34,42,-5,84
4908750,56,25,11,73
4909260,70,62,-7,80
4909770,4,21,-2,82
4910280,26,24,-1,83
4910790,60,39,6,77
4911300,96,6,1,76
4911810,52,43,2,74
4912320,88,10,-3,77
4912830,44,47,4,73
4913340,10,14,-12,85
4913850,32,17,12,73
4914360,33,101,-3,76
4914870,28,60,-17,93
4915380,96,43,17,76
4915890,8,80,-11,87
4916400,30,39,4,83
4916910,52,22,13,70
4917420,15,42,-12,82
4917930,37,25,5,77
4918440,38,7,2,75
4918950,39,78,-6,81
4919460,5,37,-2,83
4919970,27,40,3,80
4920480,49,23,5,75
4920990,63,43,0,75
4921500,99,80,-1,76
4922010,33,15,0,76
4922520,34,99,-4,80
4923030,44,76,-4,84
4923540,10,65,-3,87
4924050,32,24,7,80
4924560,33,6,7,73
4925070,34,26,-9,82
4925580,35,8,5,77
4926090,36,79,-3,80
4926600,2,38,-8,88
4927110,24,41,6,82
4927620,92,64,6,76
4928130,26,101,-2,78
4928640,36,60,-1,79
4929150,2,43,-7,86
4929660,24,2,4,82
4930170,36,75,-2,84
4930680,2,34,1,83
4931190,73,37,-4,87
4931700,52,74,2,85
4932210,18,57,6,79
4932720,40,16,8,71
4933230,75,36,-9,80
4933740,89,73,0,80
4934250,23,8,3,77
4934760,35,92,-1,78
4935270,1,51,-4,82
4935780,23,10,9,73
4936290,35,94,-5,78
4936800,1,53,-7,85
4937310,23,12,4,81
4937820,57,96,-1,82
4938330,23,55,0,82
4938840,45,38,8,74
4939350,81,5,-2,76
4939860,46,8,-3,79
4940370,25,28,-10,89
4940880,47,31,14,75
4941390,83,100,-9,84
4941900,49,25,8,76
4942410,63,45,0,76
4942920,42,12,-2,78
4943430,72,32,-4,82
4943940,86,69,4,78
4944450,20,4,-2,80
4944960,32,77,-2,82
4945470,100,36,-3,85
4945980,12,73,4,81
4946490,34,32,1,80
4947000,35,15,1,79
4947510,36,99,-2,81
4948020,2,58,-4,85
4948530,24,17,2,83
4949040,58,101,0,83
4949550,24,60,1,82
4950060,34,43,0,82
4950570,56,26,-3,85
4951080,70,46,11,74
4951590,33,26,1,73
4952100,34,8,-6,79
4952610,49,28,0,79
4953120,63,21,9,70
4953630,15,58,-14,84
4954140,37,17,8,76
4954650,71,101,-2,78
4955160,37,53,-7,85
4955670,3,36,9,76
4956180,25,39,-7,83
4956690,93,22,4,79
4957200,49,59,0,79
4957710,15,42,-1,80
4958220,37,25,4,76
4958730,38,94,-10,86
4959240,48,53,8,78
4959750,14,36,-9,87
4960260,36,39,9,78
4960770,2,22,-10,88
4961280,24,25,11,77
4961790,25,40,-9,86
4962300,52,97,15,71
4962810,18,56,-14,85
4963320,40,39,8,77
4963830,41,22,2,75
4964340,55,42,4,71
4964850,91,9,-8,79
4965360,47,46,1,78
4965870,48,33,4,74
4966380,84,0,-5,79
4966890,49,3,0,79
4967400,79,76,0,79
4967910,13,28,-8,87
4968420,35,31,7,80
4968930,36,14,9,71
4969440,70,34,-11,82
4969950,49,71,0,82
4970460,15,54,-4,86
4970970,37,13,7,79
4971480,71,33,2,77
4971990,50,70,-7,84
4972500,16,53,5,79
4973010,38,12,7,72
4973520,72,83,-6,78
4974030,38,66,-3,81
4974540,4,49,-3,84
4975050,26,8,7,77
4975560,38,28,3,74
4976070,39,10,3,71
4976580,40,79,-17,88
4977090,6,62,7,81
4977600,28,21,2,79
4978110,62,90,2,77
4978620,28,79,3,74
4979130,38,38,-2,76
4979640,39,21,4,72
4980150,40,41,-5,77
4980660,41,24,5,72
4981170,42,44,-5,77
4981680,8,27,-10,87
4982190,30,30,6,81
4982700,31,13,10,71
4983210,32,33,-12,83
4983720,66,16,6,77
4984230,39,36,-3,80
4984740,40,19,3,77
4985250,70,39,4,73
4985760,49,76,-12,85
4986270,15,65,5,80
4986780,37,24,3,77
4987290,71,6,1,76
4987800,36,43,-5,81
4988310,37,26,6,75
4988820,38,8,0,75
4989330,12,28,-7,82
4989840,34,31,6,76
4990350,35,14,-1,77
4990860,94,34,-2,79
4991370,6,71,-5,84
4991880,28,30,6,78
4992390,50,13,4,74
4992900,29,33,-5,79
4993410,97,16,-1,80
4993920,53,53,5,75
4994430,19,42,-6,81
4994940,41,45,4,77
4995450,7,28,-6,83
4995960,29,31,0,83
4996470,63,14,5,78
4996980,15,51,-2,80
4997490,37,10,8,72
4998000,67,30,-9,81
4998510,46,67,-2,83
4999020,12,50,-4,87
4999530,34,9,15,72
5000040,35,29,-6,78
5000550,36,44,-2,80
5001060,2,27,-3,83
5001570,24,30,3,80
5002080,92,33,2,78
5002590,4,70,-3,81
5003100,26,29,2,79
5003610,48,44,0,79
5004120,84,27,-2,81
5004630,36,64,-5,86
5005140,2,47,2,84
5005650,24,50,4,80
5006160,92,33,-2,82
5006670,4,70,3,79
5007180,26,29,0,79
5007690,48,44,3,76
5008200,14,11,-9,85
5008710,29,14,3,82
5009220,63,98,9,73
5009730,29,57,-11,84
5010240,97,40,3,81
5010750,9,77,-1,82
5011260,31,36,1,81
5011770,99,19,1,80
5012280,55,56,11,69
5012790,21,45,-14,83
5013300,43,28,4,79
5013810,73,10,4,75
5014320,38,47,-7,82
5014830,4,30,-11,93
5015340,26,33,11,82
5015850,48,16,4,78
5016360,62,53,7,71
5016870,98,90,-13,84
5017380,32,25,10,74
5017890,33,12,-3,77
5018400,34,32,0,77
5018910,35,15,5,72
5019420,36,35,-9,81
5019930,2,18,0,81
5020440,24,21,0,81
5020950,58,36,8,73
5021460,94,73,-2,75
5021970,28,8,-3,78
5022480,29,28,-1,79
5022990,51,11,-2,81
5023500,30,14,6,75
5024010,42,98,-4,79
5024520,8,57,-7,86
5025030,93,16,10,76
5025540,50,53,-5,81
5026050,16,36,-9,90
5026560,38,39,11,79
5027070,4,22,-5,84
5027580,26,25,10,74
5028090,48,40,-2,76
5028600,84,23,-1,77
5029110,36,60,-6,83
5029620,2,49,0,83
5030130,24,52,-3,86
5030640,92,35,5,81
5031150,4,72,7,74
5031660,26,31,-3,77
5032170,48,20,2,75
5032680,62,40,0,75
5033190,98,77,-5,80
5033700,32,12,4,76
5034210,44,32,0,76
5034720,45,25,4,72
5035230,81,45,-8,80
5035740,60,82,2,78
5036250,26,65,1,77
5036760,94,24,-5,82
5037270,6,61,3,79
5037780,28,20,1,78
5038290,62,13,-1,79
5038800,63,50,5,74
5039310,29,87,-12,86
5039820,97,46,11,75
5040330,9,83,-12,87
5040840,31,42,4,83
5041350,99,25,-4,87
5041860,11,62,2,85
5042370,33,21,9,76
5042880,34,3,-3,79
5043390,49,76,0,79
5043900,15,65,-6,85
5044410,37,24,8,77
5044920,38,6,-2,79
5045430,53,26,5,74
5045940,32,63,-12,86
5046450,100,46,-1,87
5046960,12,83,2,85
5047470,34,42,3,82
5047980,35,25,7,75
5048490,36,18,2,73
5049000,37,38,-10,83
5049510,3,21,1,82
5050020,25,24,3,79
5050530,26,39,0,79
5051040,94,22,-5,84
5051550,35,59,-8,92
5052060,1,42,14,78
5052570,23,45,-7,85
5053080,91,28,6,79
5053590,3,65,0,79
5054100,25,24,7,72
5054610,47,39,-6,78
5055120,13,22,-7,85
5055630,35,25,7,78
5056140,36,7,3,75
5056650,97,80,-3,78
5057160,31,15,2,76
5057670,65,99,5,71
5058180,31,58,-16,87
5058690,99,41,7,80
5059200,11,78,-4,84
5059710,33,37,6,78
5060220,101,20,-1,79
5060730,13,57,-4,83
5061240,35,16,1,82
5061750,58,100,8,74
5062260,24,12,-4,78
5062770,46,96,4,74
5063280,12,55,-14,88
5063790,34,58,4,84
5064300,0,41,5,79
5064810,22,44,-6,85
5065320,44,27,11,74
5065830,45,47,-5,79
5066340,11,30,-4,83
5066850,33,33,5,78
5067360,34,16,1,77
5067870,35,100,1,76
5068380,1,59,-4,80
5068890,23,18,2,78
5069400,45,33,3,75
5069910,81,26,-2,77
5070420,33,63,-6,83
5070930,101,86,1,82
5071440,35,21,8,74
5071950,58,41,-3,77
5072460,24,78,-4,81
5072970,92,37,5,76
5073480,4,74,-8,84
5073990,26,33,0,84
5074500,48,36,9,75
5075010,49,51,-4,79
5075520,15,34,-6,85
5076030,37,37,8,77
5076540,38,20,1,76
5077050,68,13,3,73
5077560,20,50,-15,88
5078070,15,53,7,81
5078580,37,57,-6,87
5079090,3,40,6,81
5079600,25,43,1,80
5080110,93,66,2,78
5080620,27,1,3,75
5081130,42,74,-8,83
5081640,8,63,-2,85
5082150,30,22,12,73
5082660,60,15,-8,81
5083170,74,52,2,79
5083680,8,32,-5,84
5084190,30,35,4,80
5084700,52,18,10,70
5085210,66,38,-9,79
5085720,45,75,-1,80
5086230,11,64,-5,85
5086740,33,23,3,82
5087250,45,16,8,74
5087760,59,36,-2,76
5088270,38,16,2,74
5088780,52,36,4,70
5089290,88,3,-5,75
5089800,53,40,1,74
5090310,89,69,-1,75
5090820,23,4,-5,80
5091330,35,77,-1,81
5091840,1,36,-7,88
5092350,23,39,9,79
5092860,91,62,0,79
5093370,25,42,-7,86
5093880,47,45,7,79
5094390,13,28,-7,86
5094900,35,31,6,80
5095410,56,100,3,77
5095920,22,59,-7,84
5096430,44,70,7,77
5096940,10,59,-7,84
5097450,32,18,7,77
5097960,45,38,-5,82
5098470,46,53,4,78
5098980,12,36,-9,87
5099490,34,39,7,80
5100000,0,22,-1,81
5100510,22,25,7,74
5101020,44,28,2,72
5101530,45,27,-2,74
5102040,46,96,-6,80
5102550,12,55,-1,81
5103060,34,14,9,72
5103570,46,34,-3,75
5104080,47,23,1,74
5104590,26,16,0,74
5105100,47,9,-4,78
5105610,26,12,-4,82
5106120,47,32,2,80
5106630,13,25,-10,90
5107140,34,28,11,79
5107650,35,43,3,76
5108160,1,26,-7,83
5108670,23,29,6,77
5109180,45,32,0,77
5109690,46,25,3,74
5110200,47,45,-4,78
5110710,13,32,-4,82
5111220,35,35,-2,84
5111730,1,18,5,79
5112240,23,21,-1,80
5112750,57,36,3,77
5113260,93,31,-2,79
5113770,5,68,-3,82
5114280,27,27,3,79
5114790,49,42,1,78
5115300,85,29,-1,79
5115810,37,66,-4,83
5116320,3,55,-4,87
5116830,25,14,12,75
5117340,26,7,0,75
5117850,38,80,-17,92
5118360,68,39,19,73
5118870,47,76,-10,83
5119380,13,90,5,78
5119890,35,49,-11,89
5120400,1,32,8,81
5120910,23,35,0,81
5121420,91,38,2,79
5121930,3,75,-4,83
5122440,25,34,8,75
5122950,93,17,0,75
5123460,49,54,-3,78
5123970,15,37,-7,85
5124480,10,40,1,84
5124990,32,43,3,81
5125500,100,26,3,78
5126010,12,63,-3,81
5126520,34,22,0,81
5127030,68,15,3,78
5127540,20,52,-2,80
5128050,15,35,1,79
5128560,37,38,-2,81
5129070,38,21,-1,82
5129580,50,14,8,74
5130090,23,51,-12,86
5130600,45,34,7,79
5131110,46,1,-3,82
5131620,67,4,10,72
5132130,32,7,-5,77
5132640,44,27,1,76
5133150,80,47,-4,80
5133660,45,84,-2,82
5134170,11,43,4,78
5134680,33,46,-2,80
5135190,101,29,-1,81
5135700,13,66,-4,85
5136210,35,25,5,80
5136720,65,40,7,73
5137230,101,77,-7,80
5137740,35,12,3,77
5138250,47,32,2,75
5138760,83,14,-9,84
5139270,48,51,7,77
5139780,14,34,-8,85
5140290,9,37,-2,87
5140800,31,40,-2,89
5141310,99,23,0,89
5141820,55,60,0,89
5142330,21,43,5,84
5142840,43,26,9,75
5143350,44,46,6,69
5143860,10,13,-12,81
5144370,32,16,9,72
5144880,44,9,-2,74
5145390,52,46,2,72
5145900,18,33,-6,78
5146410,13,36,-6,84
5146920,8,39,-3,87
5147430,30,42,2,85
5147940,98,65,7,78
5148450,32,0,6,72
5148960,53,73,-10,82
5149470,19,56,5,77
5149980,41,15,4,73
5150490,55,35,-6,79
5151000,91,72,3,76
5151510,25,7,-2,78
5152020,26,80,0,78
5152530,36,39,4,74
5153040,2,26,-11,85
5153550,24,29,1,84
5154060,46,32,5,79
5154570,82,25,3,76
5155080,96,62,-6,82
5155590,30,99,7,75
5156100,40,58,-2,77
5156610,6,81,-4,81
5157120,28,40,-1,82
5157630,96,63,2,80
5158140,30,100,2,78
5158650,40,59,2,76
5159160,6,82,-4,80
5159670,28,41,-1,81
5160180,65,64,-3,84
5160690,31,51,-1,85
5161200,99,34,3,82
5161710,11,71,-4,86
5162220,33,30,5,81
5162730,54,99,1,80
5163240,20,58,-1,81
5163750,42,17,5,76
5164260,78,37,-2,78
5164770,92,74,-1,79
5165280,26,9,0,79
5165790,48,82,-9,88
5166300,14,96,4,84
5166810,36,55,2,82
5167320,2,78,0,82
5167830,24,37,-4,86
5168340,92,40,9,77
5168850,4,77,-7,84
5169360,26,36,5,79
5169870,94,59,-3,82
5170380,28,96,6,76
5170890,96,55,-5,81
5171400,8,92,-3,84
5171910,30,51,4,80
5172420,98,34,-2,82
5172930,10,71,-1,83
5173440,32,30,-1,84
5173950,33,45,2,82
5174460,101,28,0,82
5174970,13,65,-1,83
5175480,35,24,5,78
5175990,36,11,3,75
5176500,37,80,-8,83
5177010,3,81,-1,84
5177520,25,40,7,77
5178030,47,63,-7,84
5178540,13,46,1,83
5179050,35,49,-1,84
5179560,1,32,5,79
5180070,23,35,1,78
5180580,91,38,-3,81
5181090,3,75,-1,82
5181600,25,34,0,82
5182110,47,57,-2,84
5182620,13,40,6,78
5183130,35,43,-3,81
5183640,57,26,7,74
5184150,36,63,-10,84
5184660,2,86,3,81
5185170,24,45,1,80
5185680,92,28,1,79
5186190,4,65,-5,84
5186700,26,24,5,79
5187210,48,39,5,74
5187720,84,6,1,73
5188230,37,43,-9,82
5188740,3,26,0,82
5189250,25,29,1,81
5189760,47,32,7,74
5190270,83,101,-4,78
5190780,49,26,2,76
5191290,63,95,1,75
5191800,29,47,-7,82
5192310,97,70,1,81
5192820,31,5,3,78
5193330,43,78,-7,85
5193840,9,81,2,83
5194350,31,40,-3,86
5194860,53,23,15,71
5195370,67,60,-6,77
5195880,1,76,-5,82
5196390,23,35,9,73
5196900,91,22,-4,77
5197410,3,59,0,77
5197920,25,18,-5,82
5198430,37,11,6,76
5198940,38,31,-3,79
5199450,39,100,-2,81
5199960,5,59,0,81
5200470,27,18,6,75
5200980,42,87,-6,81
5201490,8,46,0,81
5202000,30,5,7,74
5202510,31,78,-7,81
5203020,41,37,4,77
5203530,42,24,0,77
5204040,56,93,-1,78
5204550,77,5,-4,82
5205060,42,42,13,69
5205570,8,29,-17,86
5206080,30,32,8,78
5206590,31,19,3,75
5207100,32,12,2,73
5207610,44,32,-6,79
5208120,45,25,3,76
5208630,59,94,-4,80
5209140,25,6,6,74
5209650,26,79,-8,82
5210160,36,38,2,80
5210670,37,53,0,80
5211180,3,76,2,78
5211690,25,35,-5,83
5212200,10,38,0,83
5212710,32,41,7,76
5213220,100,28,-5,81
5213730,12,65,-5,86
5214240,34,24,9,77
5214750,35,93,-3,80
5215260,45,52,-6,86
5215770,11,35,2,84
5216280,33,38,-1,85
5216790,55,25,10,75
5217300,69,62,-3,78
5217810,75,78,-2,80
5218320,9,5,-3,83
5218830,24,8,6,77
5219340,25,81,1,76
5219850,35,40,-5,81
5220360,36,27,7,74
5220870,37,14,0,74
5221380,38,34,-7,81
5221890,39,21,5,76
5222400,40,90,-7,83
5222910,6,49,6,77
5223420,65,8,4,73
5223930,30,45,-10,83
5224440,52,68,-4,87
5224950,18,51,-2,89
5225460,13,54,5,84
5225970,35,57,8,76
5226480,1,80,-4,80
5226990,23,39,-1,81
5227500,91,42,8,73
5228010,3,79,-6,79
5228520,25,38,-2,81
5229030,93,41,-1,82
5229540,5,78,5,77
5230050,27,37,-5,82
5230560,95,40,4,78
5231070,7,77,-5,83
5231580,29,36,5,78
5232090,51,59,1,77
5232600,17,46,-7,84
5233110,39,49,5,79
5233620,5,29,-4,83
5234130,70,32,7,76
5234640,43,69,-11,87
5235150,9,56,1,86
5235660,31,15,2,84
5236170,43,35,4,80
5236680,44,2,7,73
5237190,18,75,-14,87
5237700,40,34,8,79
5238210,41,49,0,79
5238720,7,36,-2,81
5239230,29,39,2,79
5239740,51,26,6,73
5240250,65,46,-1,74
5240760,101,62,-10,84
5241270,24,99,9,75
5241780,34,58,-7,82
5242290,0,81,0,82
5242800,22,40,2,80
5243310,90,63,-2,82
5243820,48,100,7,75
5244330,14,59,-7,82
5244840,36,18,6,76
5245350,66,38,1,75
5245860,29,75,-11,86
5246370,39,34,7,79
5246880,40,21,4,75
5247390,54,41,3,72
5247900,90,8,-12,84
5248410,55,45,11,73
5248920,91,74,-5,78
5249430,25,9,1,77
5249940,37,98,-2,79
5250450,3,57,0,79
5250960,25,16,3,76
5251470,26,31,-1,77
5251980,48,46,2,75
5252490,14,13,-6,81
5253000,36,28,4,77
5253510,37,43,2,75
5254020,3,30,-4,79
5254530,55,33,2,77
5255040,69,70,-3,80
5255550,3,53,3,77
5256060,25,12,6,71
5256570,26,27,-5,76
5257080,48,42,-1,77
5257590,84,9,1,76
5258100,40,46,-5,81
5258610,75,29,8,73
5259120,38,66,-12,85
5259630,4,49,8,77
5260140,26,8,2,75
5260650,38,81,-10,85
5261160,4,40,8,77
5261670,26,43,-2,79
5262180,94,26,-6,85
5262690,6,63,4,81
5263200,28,22,2,79
5263710,53,37,6,73
5264220,74,53,-4,77
5264730,8,90,-6,83
5265240,30,49,0,83
5265750,98,72,-6,89
5266260,32,7,15,74
5266770,44,10,-1,75
5267280,45,81,-3,78
5267790,11,84,-7,85
5268300,33,43,5,80
5268810,101,26,2,78
5269320,13,63,-8,86
5269830,35,22,9,77
5270340,36,15,1,76
5270850,48,35,-1,77
5271360,49,50,1,76
5271870,15,33,-9,85
5272380,36,36,11,74
5272890,2,19,-7,81
5273400,24,22,7,74
5273910,21,37,-10,84
5274420,89,40,0,84
5274930,1,77,1,83
5275440,23,36,-3,86
5275950,45,59,3,83
5276460,11,42,-2,85
5276970,33,45,-1,86
5277480,101,28,-1,87
5277990,13,65,2,85
5278500,35,24,8,77
5279010,36,93,-4,81
5279520,2,52,-2,83
5280030,24,11,9,74
5280540,25,80,-5,79
5281050,35,39,4,75
5281560,57,22,-1,76
5282070,30,59,-8,84
5282580,98,42,0,84
5283090,10,79,3,81
5283600,32,38,-5,86
5284110,54,21,11,75
5284620,68,58,-7,82
5285130,2,74,-2,84
5285640,24,33,5,79
5286150,46,56,2,77
5286660,12,39,-7,84
5287170,34,42,2,82
5287680,0,25,-2,84
5288190,22,28,2,82
5288700,44,31,6,76
5289210,45,100,1,75
5289720,11,59,-8,83
5290230,33,18,7,76
5290740,34,33,-3,79
5291250,56,48,5,74
5291760,92,15,-4,78
5292270,62,52,6,72
5292780,98,81,-1,73
5293290,32,16,-4,77
5293800,44,36,0,77
5294310,45,51,0,77
5294820,11,34,-4,81
5295330,33,43,6,75
5295840,101,26,-7,82
5296350,13,63,-1,83
5296860,35,22,3,80
5297370,58,37,6,74
5297880,94,10,0,74
5298390,64,47,0,74
5298900,100,63,-8,82
5299410,23,100,3,79
5299920,33,59,-4,83
5300430,101,18,3,80
5300940,13,55,-2,82
5301450,35,14,4,78
5301960,47,34,-1,79
5302470,83,49,-3,82
5302980,48,29,2,80
5303490,62,22,0,80
5304000,76,59,2,78
5304510,10,96,1,77
5305020,20,55,-7,84
5305530,35,58,6,78
5306040,1,41,-4,82
5306550,23,0,11,71
5307060,38,73,-8,79
5307570,4,76,-7,86
5308080,14,35,-6,92
5308590,29,38,12,80
5309100,97,21,5,75
5309610,9,58,-12,87
5310120,31,17,9,78
5310630,61,32,2,76
5311140,24,69,-1,77
5311650,92,28,-7,84
5312160,4,65,0,84
5312670,26,24,5,79
5313180,27,39,-2,81
5313690,95,62,3,78
5314200,29,99,1,77
5314710,39,58,-2,79
5315220,5,41,-2,81
5315730,27,44,-5,86
5316240,95,27,7,79
5316750,7,64,-2,81
5317260,29,23,6,75
5317770,51,38,2,73
5318280,87,53,-5,78
5318790,101,90,-3,81
5319300,35,25,5,76
5319810,47,40,0,76
5320320,83,55,-2,78
5320830,17,35,-5,83
5321340,39,38,5,78
5321850,61,21,3,75
5322360,34,58,-10,85
5322870,0,81,5,80
5323380,94,40,1,79
5323890,57,77,-4,83
5324400,23,60,-1,84
5324910,91,19,7,77
5325420,47,56,-4,81
5325930,13,39,-1,82
5326440,35,42,-3,85
5326950,57,25,12,73
5327460,71,62,-8,81
5327970,37,78,1,80
5328480,3,37,-1,81
5328990,25,40,2,79
5329500,93,23,-2,81
5330010,58,60,6,75
5330520,24,43,-14,89
5331030,92,46,11,78
5331540,92,83,0,78
5332050,26,18,-3,81
5332560,48,33,6,75
5333070,84,53,-4,79
5333580,18,69,-6,85
5334090,28,28,7,78
5334600,63,43,7,71
5335110,29,23,-7,78
5335620,51,38,6,72
5336130,87,67,-11,83
5336640,21,2,7,76
5337150,42,75,-7,83
5337660,8,64,-1,84
5338170,30,23,4,80
5338680,52,38,1,79
5339190,88,5,3,76
5339700,53,42,1,75
5340210,89,58,-3,78
5340720,66,95,-3,81
5341230,32,78,-5,86
5341740,100,37,5,81
5342250,12,74,-2,83
5342760,22,33,1,82
5343270,44,36,4,78
5343780,45,51,-5,83
5344290,11,34,-3,86
5344800,33,37,9,77
5345310,101,20,-7,84
5345820,13,57,0,84
5346330,35,16,11,73
5346840,65,36,-1,74
5347350,30,73,-8,82
5347860,98,32,2,80
5348370,10,69,-1,81
5348880,32,28,4,77
5349390,33,43,5,72
5349900,101,26,-13,85
5350410,13,63,9,76
5350920,23,22,-7,83
5351430,57,37,8,75
5351940,23,74,-7,82
5352450,33,33,-4,86
5352960,34,16,10,76
5353470,64,36,2,74
5353980,78,73,-5,79
5354490,12,8,-2,81
5355000,33,11,8,73
5355510,34,31,-3,76
5356020,35,14,-1,77
5356530,47,34,4,73
5357040,48,54,-6,79
5357550,14,37,-4,83
5358060,9,40,3,80
5358570,31,43,-3,83
5359080,99,26,4,79
5359590,11,63,-5,84
5360100,33,22,9,75
5360610,63,37,-7,82
5361120,77,74,-1,83
5361630,43,9,9,74
5362140,73,29,-2,76
5362650,87,66,1,75
5363160,21,1,-10,85
5363670,42,47,11,74
5364180,8,30,-6,80
5364690,30,60,0,80
5365200,98,83,-4,84
5365710,32,18,5,79
5366220,44,38,1,78
5366730,10,21,-8,86
5367240,32,24,11,75
5367750,33,39,-6,81
5368260,55,22,8,73
5368770,69,59,-2,75
5369280,35,96,-7,82
5369790,1,55,1,81
5370300,23,14,4,77
5370810,44,98,-3,80
5371320,10,57,1,79
5371830,32,16,4,75
5372340,62,10,-2,77
5372850,27,47,-3,80
5373360,95,70,-3,83
5373870,29,5,12,71
5374380,44,74,-10,81
5374890,10,97,3,78
5375400,20,56,-6,84
5375910,42,15,9,75
5376420,72,35,-7,82
5376930,45,72,-1,83
5377440,11,95,0,83
5377950,21,54,3,80
5378460,43,37,5,75
5378970,65,20,-2,77
5379480,38,57,0,77
5379990,4,80,-3,80
5380500,26,39,-2,82
5381010,48,62,-3,85
5381520,14,9,-1,86
5382030,59,12,17,69
5382540,44,49,-2,71
5383050,10,32,-14,85
5383560,32,35,10,75
5384070,100,18,-8,83
5384580,12,55,1,82
5385090,34,14,9,73
5385600,64,34,-1,74
5386110,78,71,-2,76
5386620,44,6,0,76
5387130,9,43,-6,82
5387640,31,46,-1,83
5388150,99,69,0,83
5388660,33,4,7,76
5389170,48,77,-14,90
5389680,14,100,11,79
5390190,24,59,4,75
5390700,46,18,3,72
5391210,60,55,-4,76
5391720,26,84,-3,79
5392230,36,43,0,79
5392740,58,26,9,70
5393250,72,63,-3,73
5393760,6,100,-11,84
5394270,16,59,-1,85
5394780,38,18,8,77
5395290,50,38,6,71
5395800,86,54,-6,77
5396310,20,91,-1,78
5396820,30,50,-2,80
5397330,98,73,3,77
5397840,32,8,4,73
5398350,33,28,0,73
5398860,55,43,-1,74
5399370,91,80,-5,79
5399880,25,15,0,79
5400390,59,99,-7,86
5400900,25,88,10,76
5401410,48,47,-1,77
5401920,14,76,-1,78
5402430,24,35,-5,83
5402940,92,38,1,82
5403450,4,75,1,81
5403960,14,34,5,76
5404470,82,37,-2,78
5404980,96,74,-3,81
5405490,30,9,6,75
5406000,42,29,-2,77
5406510,43,49,-4,81
5407020,9,32,-1,82
5407530,31,35,-6,88
5408040,46,50,9,79
5408550,12,33,-2,81
5409060,34,36,7,74
5409570,0,19,-6,80
5410080,22,22,5,75
5410590,43,11,0,75
5411100,73,31,1,74
5411610,46,68,-6,80
5412120,12,91,-9,89
5412630,22,50,13,76
5413140,90,73,-2,78
5413650,24,8,5,73
5414160,45,28,1,72
5414670,11,48,-11,83
5415180,33,7,7,76
5415690,51,27,-1,77
5416200,65,47,3,74
5416710,31,84,-7,81
5417220,99,43,-1,82
5417730,11,80,2,80
5418240,21,39,-5,85
5418750,89,46,4,81
5419260,1,83,6,75
5419770,11,42,-8,83
5420280,33,45,1,82
5420790,101,28,-5,87
5421300,13,65,7,80
5421810,23,24,4,76
5422320,91,39,-1,77
5422830,3,76,-1,78
5423340,13,35,-4,82
5423850,35,38,6,76
5424360,1,21,-12,88
5424870,23,24,11,77
5425380,45,39,-1,78
5425890,80,28,-6,84
5426400,32,65,-2,86
5426910,100,68,9,77
5427420,34,3,-3,80
5427930,49,72,-5,85
5428440,15,55,5,80
5428950,25,14,13,67
5429460,47,83,-19,86
5429970,13,72,1,85
5430480,23,31,-2,87
5430990,45,34,12,75
5431500,81,27,-12,87
5432010,33,64,11,76
5432520,101,53,-3,79
5433030,13,90,-5,84
5433540,23,49,6,78
5434050,91,72,-2,80
5434560,25,7,12,68
5435070,20,27,-22,90
5435580,41,30,12,78
5436090,76,12,8,70
5436600,41,88,-12,82
5437110,7,47,9,73
5437620,17,6,-8,81
5438130,38,9,8,73
5438640,39,29,0,73
5439150,40,98,-7,80
5439660,6,57,-5,85
5440170,16,16,1,84
5440680,28,19,9,75
5441190,63,34,0,75
5441700,77,71,-3,78
5442210,11,6,-1,79
5442720,26,9,-3,82
5443230,38,29,8,74
5443740,74,98,5,69
5444250,40,87,-7,76
5444760,6,46,-6,82
5445270,16,5,2,80
5445780,31,74,-7,87
5446290,99,63,8,79
5446800,33,100,4,75
5447310,101,59,-5,80
5447820,13,96,-1,81
5448330,23,55,-2,83
5448840,91,78,2,81
5449350,25,13,2,79
5449860,40,97,-1,80
5450370,6,56,-3,83
5450880,16,15,1,82
5451390,38,18,10,72
5451900,52,38,-5,77
5452410,18,27,-14,91
5452920,40,30,13,78
5453430,6,12,0,78
5453940,28,15,-1,79
5454450,40,99,2,77
5454960,6,58,-11,88
5455470,16,17,6,82
5455980,37,20,8,74
5456490,72,40,-4,78
5457000,86,77,-3,81
5457510,20,12,-2,83
5458020,35,81,4,79
5458530,1,40,0,79
5459040,11,43,-10,89
5459550,21,46,4,85
5460060,43,69,8,77
5460570,9,58,-2,79
5461080,19,17,-6,85
5461590,40,32,10,75
5462100,41,101,-6,81
5462610,7,60,2,79
5463120,17,19,-4,83
5463630,32,22,4,79
5464140,67,4,8,71
5464650,32,7,-6,77
5465160,47,39,-1,78
5465670,83,6,-2,80
5466180,48,43,4,76
5466690,14,32,-13,89
5467200,36,35,6,83
5467710,58,50,10,73
5468220,94,39,-5,78
5468730,6,76,-3,81
5469240,16,35,-4,85
5469750,38,58,2,83
5470260,4,47,0,83
5470770,14,6,1,82
5471280,35,9,9,73
5471790,8,29,-12,85
5472300,30,32,0,85
5472810,52,47,11,74
5473320,18,36,-16,90
5473830,40,39,12,78
5474340,75,22,-1,79
5474850,49,59,1,78
5475360,15,48,-1,79
5475870,37,7,-1,80
5476380,18,76,-6,86
5476890,28,35,6,80
5477400,96,38,-4,84
5477910,8,75,8,76
5478420,18,34,-5,81
5478930,40,37,5,76
5479440,75,26,-3,79
5479950,49,63,-1,80
5480460,15,52,-8,88
5480970,37,11,17,71
5481480,67,31,-6,77
5481990,40,68,-3,80
5482500,6,57,2,78
5483010,16,16,-6,84
5483520,38,19,14,70
5484030,52,39,-5,75
5484540,88,28,-9,84
5485050,0,65,6,78
5485560,10,24,-9,87
5486070,32,27,10,77
5486580,54,9,3,74
5487090,35,46,-6,80
5487600,1,35,-1,81
5488110,11,38,2,79
5488620,33,41,1,78
5489130,101,24,-3,81
5489640,57,61,4,77
5490150,23,50,-2,79
5490660,45,73,-3,82
5491170,11,62,0,82
5491680,21,21,2,80
5492190,43,36,5,75
5492700,79,25,-9,84
5493210,99,62,8,76
5493720,22,99,-1,77
5494230,32,58,-5,82
5494740,100,47,7,75
5495250,12,84,-8,83
5495760,22,43,-4,87
5496270,90,46,12,75
5496780,2,83,-5,80
5497290,12,42,-2,82
5497800,34,45,-1,83
5498310,0,34,5,78
5498820,22,98,1,77
5499330,32,57,-1,78
5499840,100,46,-4,82
5500350,12,83,-3,85
5500860,22,42,10,75
5501370,90,31,-7,82
5501880,2,68,0,82
5502390,12,27,-2,84
5502900,34,30,4,80
5503410,56,12,0,80
5503920,30,15,0,80
5504430,42,99,3,77
5504940,8,58,-3,80
5505450,30,17,2,78
5505960,52,101,3,75
5506470,18,60,-5,80
5506980,40,19,11,69
5507490,74,39,-7,76
5508000,39,76,-1,77
5508510,5,65,-6,83
5509020,27,24,5,78
5509530,49,39,9,69
5510040,85,6,-12,81
5510550,50,43,5,76
5511060,86,10,0,76
5511570,51,47,3,73
5512080,87,36,-7,80
5512590,101,73,1,79
5513100,24,8,1,78
5513610,36,2,1,77
5514120,51,75,-1,78
5514630,17,64,-6,84
5515140,27,23,11,73
5515650,49,17,3,70
5516160,63,37,-7,77
5516670,77,74,-8,85
5517180,11,9,3,82
5517690,33,12,11,71
5518200,63,40,-1,72
5518710,99,77,-10,82
5519220,22,40,-1,83
5519730,90,47,-1,84
5520240,2,84,8,76
5520750,12,43,-7,83
5521260,34,46,4,79
5521770,22,35,4,75
5522280,90,24,-8,83
5522790,2,61,2,81
5523300,12,20,-1,82
5523810,34,23,2,80
5524320,64,5,7,73
5524830,29,8,-5,78
5525340,44,2,-1,79
5525850,25,5,-3,82
5526360,40,51,4,78
5526870,6,34,-3,81
5527380,28,37,-1,82
5527890,96,20,2,80
5528400,52,57,1,79
5528910,18,40,-1,80
5529420,40,43,5,75
5529930,6,26,-10,85
5530440,28,29,7,78
5530950,50,18,5,73
5531460,13,38,-10,83
5531970,35,41,5,78
5532480,57,24,4,74
5532990,30,61,-6,80
5533500,98,50,-1,81
5534010,10,87,2,79
5534520,20,46,-3,82
5535030,88,69,0,82
5535540,22,4,9,73
5536050,44,24,0,73
5536560,58,44,-1,74
5537070,94,81,-7,81
5537580,28,16,6,75
5538090,40,31,-4,79
5538600,65,81,3,76
5539110,31,64,-1,77
5539620,99,53,-7,84
5540130,11,90,8,76
5540640,21,49,-6,82
5541150,89,32,2,80
5541660,1,69,0,80
5542170,100,28,-9,89
5542680,12,65,12,77
5543190,34,1,0,77
5543700,49,4,-2,79
5544210,23,7,-3,82
5544720,44,91,0,82
5545230,10,50,4,78
5545740,32,9,6,72
5546250,44,29,0,72
5546760,58,11,-7,79
5547270,72,14,7,72
5547780,42,51,-5,77
5548290,8,34,-8,85
5548800,30,37,6,79
5549310,52,20,3,76
5549820,66,57,-2,78
5550330,0,94,-1,79
5550840,22,53,-3,82
5551350,44,56,3,79
5551860,10,39,-5,84
5552370,32,42,4,80
5552880,100,25,-1,81
5553390,93,72,2,79
5553900,27,7,4,75
5554410,26,10,3,72
5554920,38,25,-1,73
5555430,73,7,-3,76
5555940,25,44,-2,78
5556450,93,51,2,76
5556960,5,88,-4,80
5557470,15,47,4,76
5557980,37,50,-6,82
5558490,3,33,-5,87
5559000,25,36,2,85
5559510,47,19,11,74
5560020,61,39,0,74
5560530,32,76,-8,82
5561040,100,35,2,80
5561550,12,72,0,80
5562060,34,31,5,75
5562570,56,14,-6,81
5563080,8,51,1,80
5563590,30,10,10,70
5564100,42,30,-4,74
5564610,73,12,-1,75
5565120,14,49,-8,83
5565630,36,52,9,74
5566140,2,75,-4,78
5566650,12,34,-5,83
5567160,34,37,7,76
5567670,69,20,1,75
5568180,21,57,-5,80
5568690,89,60,-1,81
5569200,23,97,4,77
5569710,33,56,-5,82
5570220,101,39,5,77
5570730,13,76,-4,81
5571240,23,35,-7,88
5571750,45,38,10,78
5572260,81,53,-3,81
5572770,15,90,1,80
5573280,25,49,0,80
5573790,47,32,4,76
5574300,61,26,2,74
5574810,24,63,-11,85
5575320,46,46,8,77
5575830,12,29,-7,84
5576340,34,32,4,80
5576850,95,15,4,76
5577360,51,52,-3,79
5577870,17,35,-3,82
5578380,39,38,6,76
5578890,61,21,2,74
5579400,75,58,2,72
5579910,9,95,-12,84
5580420,19,54,-1,85
5580930,41,57,0,85
5581440,7,40,2,83
5581950,29,43,7,76
5582460,97,66,-2,78
5582970,31,1,-3,81
5583480,46,74,-1,82
5583990,12,63,-3,85
5584500,28,22,7,78
5585010,50,37,2,76
5585520,86,52,1,75
5586030,100,89,-9,84
5586540,34,24,8,76
5587050,64,39,4,72
5587560,78,76,-6,78
5588070,12,11,-3,81
5588580,33,14,4,77
5589090,45,34,6,71
5589600,81,28,-6,77
5590110,95,65,0,77
5590620,29,0,-3,80
5591130,50,3,9,71
5591640,15,6,-9,80
5592150,36,75,-4,84
5592660,2,64,2,82
5593170,24,23,7,75
5593680,46,38,0,75
5594190,12,27,-13,88
5594700,34,30,10,78
5595210,56,45,3,75
5595720,92,34,-4,79
5596230,4,71,0,79
5596740,14,30,-3,82
5597250,36,33,4,78
5597760,58,22,6,72
5598270,37,59,-16,88
5598780,3,42,10,78
5599290,25,45,-7,85
5599800,93,52,6,79
5600310,5,89,-2,81
5600820,15,48,-1,82
5601330,37,51,6,76
5601840,3,34,-7,83
5602350,25,37,-6,89
5602860,47,20,18,71
5603370,61,40,0,71
5603880,97,77,-13,84
5604390,31,12,7,77
5604900,43,81,-10,87
5605410,9,70,8,79
5605920,31,29,2,77
5606430,53,44,2,75
5606940,89,73,-2,77
5607450,23,8,2,75
5607960,45,23,-4,79
5608470,59,67,2,77
5608980,25,56,-4,81
5609490,93,45,2,79
5610000,5,82,-3,82
5610510,15,41,0,82
5611020,37,44,5,77
5611530,3,27,-11,88
5612040,25,30,12,76
5612550,47,45,2,74
5613060,13,28,-15,89
5613570,35,31,14,75
5614080,57,46,-3,78
5614590,93,62,-2,80
5615100,27,99,3,77
5615610,37,58,-8,85
5616120,3,41,-1,86
5616630,25,44,5,81
5617140,93,67,4,77
5617650,27,2,0,77
5618160,48,75,-7,84
5618670,14,64,0,84
5619180,36,23,8,76
5619690,58,17,3,73
5620200,72,37,-9,82
5620710,86,74,6,76
5621220,20,9,-3,79
5621730,42,78,0,79
5622240,8,67,1,78
5622750,30,26,-4,82
5623260,52,41,5,77
5623770,66,35,3,74
5624280,80,72,-5,79
5624790,14,7,2,77
5625300,36,10,3,74
5625810,50,30,4,70
5626320,64,50,-5,75
5626830,100,66,-6,81
5627340,12,1,0,81
5627850,33,78,-2,83
5628360,101,37,6,77
5628870,13,74,-9,86
5629380,35,33,9,77
5629890,57,16,1,76
5630400,36,36,-3,79
5630910,58,19,7,72
5631420,72,39,-1,73
5631930,86,76,-8,81
5632440,20,11,-4,85
5632950,41,14,8,77
5633460,55,34,2,75
5633970,69,47,1,74
5634480,3,84,-5,79
5634990,13,43,-4,83
5635500,35,46,2,81
5636010,1,29,3,78
5636520,23,32,2,76
5637030,91,35,2,74
5637540,3,72,-6,80
5638050,13,31,-2,82
5638560,35,34,-1,83
5639070,57,17,3,80
5639580,71,37,4,76
5640090,85,74,-7,83
5640600,19,9,5,78
5641110,41,3,6,72
5641620,71,76,-6,78
5642130,37,65,-8,86
5642640,3,88,1,85
5643150,25,47,5,80
5643660,47,70,-2,82
5644170,13,93,0,82
5644680,23,52,2,80
5645190,45,75,-1,81
5645700,11,64,0,81
5646210,33,23,3,78
5646720,55,38,4,74
5647230,91,36,-6,80
5647740,3,73,-4,84
5648250,13,32,5,79
5648760,35,35,1,78
5649270,57,18,1,77
5649780,71,38,-1,78
5650290,85,75,1,77
5650800,19,10,-9,86
5651310,40,13,8,78
5651820,54,33,3,75
5652330,68,46,4,71
5652840,2,26,-9,80
5653350,24,29,-2,82
5653860,46,32,7,75
5654370,60,26,-3,78
5654880,74,63,-2,80
5655390,8,100,-2,82
5655900,18,59,4,78
5656410,40,18,5,73
5656920,54,38,-1,74
5657430,90,5,-6,80
5657940,60,8,-2,82
5658450,74,11,10,72
5658960,30,14,-5,77
5659470,52,29,4,73
5659980,66,49,1,72
5660490,0,65,-8,80
5661000,10,24,-1,81
5661510,32,27,1,80
5662020,54,42,7,73
5662530,90,9,-4,77
5663040,46,12,2,75
5663550,60,32,-3,78
5664060,74,69,2,76
5664570,40,85,-3,79
5665080,6,44,-1,80
5665590,28,3,9,71
5666100,29,36,-7,78
5666610,97,19,-5,83
5667120,9,56,3,80
5667630,31,15,2,78
5668140,43,30,-1,79
5668650,65,45,4,75
5669160,101,25,-13,88
5669670,13,62,4,84
5670180,35,21,9,75
5670690,65,41,3,72
5671200,31,36,-13,85
5671710,53,19,12,73
5672220,67,39,1,72
5672730,81,76,-13,85
5673240,15,11,3,82
5673750,37,14,7,75
5674260,51,34,7,68
5674770,87,1,-5,73
5675280,57,4,-5,78
5675790,87,7,3,75
5676300,43,10,-3,78
5676810,73,30,8,70
5677320,87,67,-7,77
5677830,21,2,-3,80
5678340,42,48,0,80
5678850,8,31,2,78
5679360,30,34,3,75
5679870,52,17,2,73
5680380,31,37,-7,80
5680890,99,20,5,75
5681400,11,57,-10,85
5681910,33,16,10,75
5682420,55,10,1,74
5682930,81,13,-5,79
5683440,37,16,2,77
5683950,38,36,5,72
5684460,4,19,-9,81
5684970,26,22,1,80
5685480,48,37,5,75
5685990,84,4,0,75
5686500,40,7,1,74
5687010,21,22,-6,80
5687520,43,37,0,80
5688030,62,4,3,77
5688540,14,7,-3,80
5689050,36,10,8,72
5689560,37,30,-3,75
5690070,59,45,-2,77
5690580,95,31,1,76
5691090,7,68,-5,81
5691600,29,27,7,74
5692110,97,62,-10,84
5692620,31,42,-3,87
5693130,99,25,5,82
5693640,11,62,-6,88
5694150,33,21,13,75
5694660,55,36,-1,76
5695170,91,52,-4,80
5695680,3,32,3,77
5696190,25,35,-4,81
5696700,93,38,1,80
5697210,5,75,0,80
5697720,27,34,2,78
5698230,49,17,4,74
5698740,63,37,5,69
5699250,77,17,-9,78
5699760,91,20,-2,80
5700270,3,57,5,75
5700780,25,16,-4,79
5701290,47,9,5,74
5701800,32,12,-5,79
5702310,54,45,4,75
5702820,20,74,-5,80
5703330,42,33,3,77
5703840,67,48,3,74
5704350,1,28,-8,82
5704860,23,31,7,75
5705370,45,34,2,73
5705880,81,49,-12,85
5706390,95,29,0,85
5706900,7,66,3,82
5707410,29,25,2,80
5707920,51,40,6,74
5708430,87,7,-4,78
5708940,43,10,5,73
5709450,24,43,-15,88
5709960,92,46,5,83
5710470,4,83,5,78
5710980,26,42,5,73
5711490,94,25,-9,82
5712000,6,62,-1,83
5712510,28,21,4,79
5713020,50,36,-1,80
5713530,86,30,-2,82
5714040,100,67,1,81
5714550,34,2,7,74
5715060,49,75,-13,87
5715570,15,58,8,79
5716080,37,17,9,70
5716590,51,37,-1,71
5717100,87,53,-4,75
5717610,101,33,-1,76
5718120,13,70,-7,83
5718630,35,29,5,78
5719140,1,44,0,78
5719650,23,3,0,78
5720160,44,49,-5,83
5720670,10,32,2,81
5721180,32,35,2,79
5721690,100,18,-1,80
5722200,56,55,-1,81
5722710,14,44,5,76
5723220,36,47,-5,81
5723730,2,30,-1,82
5724240,24,33,0,82
5724750,46,36,4,78
5725260,12,1,0,78
5725770,33,4,2,76
5726280,48,77,-8,84
5726790,14,66,-3,87
5727300,36,25,13,74
5727810,2,40,-9,83
5728320,99,43,-1,84
5728830,11,80,-1,85
5729340,33,39,7,78
5729850,101,22,-3,81
5730360,13,59,3,78
5730870,35,18,-1,79
5731380,36,38,1,78
5731890,2,21,-4,82
5732400,24,24,1,81
5732910,46,39,5,76
5733420,12,54,-2,78
5733930,34,13,4,74
5734440,35,33,-9,83
5734950,60,48,13,70
5735460,26,64,-11,81
5735970,94,23,-4,85
5736480,6,60,6,79
5736990,1,19,-9,88
5737500,98,22,9,79
5738010,10,59,-12,91
5738520,5,18,4,87
5739030,0,21,-4,91
5739540,97,67,6,85
5740050,31,2,4,81
5740560,52,75,-4,85
5741070,18,64,4,81
5741580,13,23,-2,83
5742090,35,26,6,77
5742600,1,41,-5,82
5743110,98,44,1,81
5743620,10,81,-1,82
5744130,5,40,-11,93
5744640,0,43,6,87
5745150,68,46,-3,90
5745660,34,66,8,82
5746170,20,69,-5,87
5746680,88,28,6,81
5747190,0,65,2,79
5747700,68,24,5,74
5748210,82,41,-3,77
5748720,96,78,2,75
5749230,30,13,-4,79
5749740,31,28,4,75
5750250,99,43,-7,82
5750760,11,80,4,78
5751270,6,39,-4,82
5751780,1,42,-2,84
5752290,98,45,0,84
5752800,10,82,2,82
5753310,5,41,0,82
5753820,0,0,-5,87
5754330,21,3,2,85
5754840,42,49,7,78
5755350,8,32,-11,89
5755860,3,35,7,82
5756370,100,38,-2,84
5756880,12,75,3,81
5757390,7,34,-7,88
5757900,2,37,1,87
5758410,99,40,2,85
5758920,11,77,0,85
5759430,6,36,-3,88
5759940,1,39,-2,90
5760450,98,42,2,88
5760960,10,79,3,85
5761470,5,38,-5,90
5761980,0,41,5,85
5762490,97,0,-3,88
5763000,67,3,15,73
5763510,32,6,-3,76
5764020,47,21,3,73
5764530,61,41,1,72
5765040,97,21,0,72
5765550,53,58,-9,81
5766060,19,47,1,80
5766570,87,30,1,79
5767080,101,67,-4,83
5767590,24,2,10,73
5768100,39,75,-13,86
5768610,5,64,4,82
5769120,0,23,-4,86
5769630,97,26,5,81
5770140,9,63,4,77
5770650,4,22,-9,86
5771160,101,25,0,86
5771670,13,62,2,84
5772180,7,21,3,81
5772690,2,99,-5,86
5773200,70,58,8,78
5773710,36,74,2,76
5774220,2,100,-4,80
5774730,12,59,-4,84
5775240,7,18,-6,90
5775750,2,21,6,84
5776260,99,24,-5,89
5776770,55,61,2,87
5777280,21,44,-3,90
5777790,89,47,11,79
5778300,1,27,-5,84
5778810,98,30,-1,85
5779320,10,67,1,84
5779830,32,26,11,73
5780340,100,41,-4,77
5780850,12,30,-9,86
5781360,7,33,2,84
5781870,2,36,1,83
5782380,99,39,1,82
5782890,11,76,-1,83
5783400,6,35,6,77
5783910,11,38,-5,82
5784420,6,41,-4,86
5784930,1,44,-1,87
5785440,98,3,-4,91
5785950,17,6,8,83
5786460,38,21,8,75
5786970,72,41,3,72
5787480,86,21,-3,75
5787990,100,58,-7,82
5788500,12,38,3,79
5789010,7,41,-4,83
5789520,2,44,-4,87
5790030,56,47,15,72
5790540,22,62,-12,84
5791050,90,21,5,79
5791560,2,58,-4,83
5792070,99,17,0,83
5792580,64,20,1,82
5793090,90,40,6,76
5793600,2,77,-3,79
5794110,99,36,-4,83
5794620,11,73,1,82
5795130,21,32,2,80
5795640,89,35,-1,81
5796150,1,72,2,79
5796660,98,31,5,74
5797170,10,68,-6,80
5797680,5,27,-6,86
5798190,0,30,2,84
5798700,97,33,-5,89
5799210,9,70,0,89
5799720,4,29,-1,90
5800230,101,32,3,87
5800740,13,69,-2,89
5801250,28,28,7,82
5801760,49,43,5,77
5802270,15,58,-7,84
5802780,10,17,1,83
5803290,78,20,3,80
5803800,30,23,4,76
5804310,64,38,-1,77
5804820,41,33,-3,80
5805330,60,48,5,75
5805840,96,63,0,75
5806350,30,43,-8,83
5806860,98,26,1,82
5807370,10,63,1,81
5807880,5,22,-2,83
5808390,0,25,2,81
5808900,22,28,1,80
5809410,90,31,3,77
5809920,2,68,-6,83
5810430,99,27,3,80
5810940,11,64,4,76
5811450,6,23,-14,90
5811960,1,26,7,83
5812470,98,29,4,79
5812980,10,66,3,76
5813490,20,25,-2,78
5814000,15,28,-7,85
5814510,83,31,6,79
5815020,97,68,3,76
5815530,31,48,-3,79
5816040,99,58,-6,85
5816550,11,38,1,84
5817060,6,41,1,83
5817570,1,44,-1,84
5818080,98,3,-5,89
5818590,17,6,8,81
5819100,38,75,-12,93
5819610,4,78,6,87
5820120,101,37,4,83
5820630,13,74,1,82
5821140,23,33,7,75
5821650,91,36,-8,83
5822160,3,73,1,82
5822670,100,32,-2,84
5823180,12,69,5,79
5823690,7,28,-11,90
5824200,2,17,-2,92
5824710,99,20,10,82
5825220,11,57,-2,84
5825730,33,16,11,73
5826240,34,36,-8,81
5826750,56,51,6,75
5827260,92,66,-2,77
5827770,26,46,-8,85
5828280,94,29,5,80
5828790,6,66,-3,83
5829300,28,25,8,75
5829810,29,40,-2,77
5830320,97,23,-7,84
5830830,9,60,4,80
5831340,31,19,2,78
5831850,46,34,5,73
5832360,82,49,-6,79
5832870,59,29,7,72
5833380,73,49,-3,75
5833890,50,29,-4,79
5834400,64,49,1,78
5834910,100,64,-2,80
5835420,34,44,-2,82
5835930,0,27,-1,83
5836440,22,30,0,83
5836950,44,33,10,73
5837460,2,48,-11,84
5837970,24,7,7,77
5838480,45,53,-1,78
5838990,11,36,-7,85
5839500,33,39,6,79
5840010,55,22,6,73
5840520,18,42,-12,85
5841030,40,45,4,81
5841540,59,28,3,78
5842050,73,48,0,78
5842560,50,28,4,74
5843070,64,48,0,74
5843580,30,64,-6,80
5844090,98,67,1,79
5844600,32,47,0,79
5845110,100,30,1,78
5845620,12,67,-5,83
5846130,34,26,4,79
5846640,31,41,-10,89
5847150,99,24,10,79
5847660,11,27,-7,86
5848170,33,30,3,83
5848680,30,45,1,82
5849190,98,28,5,77
5849700,10,65,-4,81
5850210,32,24,7,74
5850720,66,39,4,70
5851230,10,19,-10,80
5851740,32,22,4,76
5852250,29,37,-7,83
5852760,97,20,0,83
5853270,9,23,-3,86
5853780,31,26,9,77
5854290,32,41,1,76
5854800,100,24,-1,77
5855310,12,61,-9,86
5855820,34,20,9,77
5856330,35,2,1,76
5856840,50,75,-7,83
5857350,16,64,-3,86
5857860,38,23,11,75
5858370,68,43,-4,79
5858880,2,23,1,78
5859390,24,26,-3,81
5859900,25,41,8,73
5860410,93,44,-6,79
5860920,5,81,1,78
5861430,15,40,-5,83
5861940,37,43,5,78
5862450,3,26,-6,84
5862960,25,29,7,77
5863470,47,44,-7,84
5863980,66,59,4,80
5864490,0,74,0,80
5865000,68,33,0,80
5865510,82,13,1,79
5866020,34,16,6,73
5866530,15,36,-14,87
5867040,83,39,-4,91
5867550,46,76,8,83
5868060,12,65,1,82
5868570,15,24,-1,83
5869080,37,27,7,76
5869590,38,42,5,71
5870100,4,57,-10,81
5870610,14,16,-1,82
5871120,35,19,3,79
5871630,69,12,5,74
5872140,21,27,-5,79
5872650,43,30,10,69
5873160,1,23,-19,88
5873670,98,77,8,80
5874180,32,12,6,74
5874690,13,27,-14,88
5875200,8,30,8,80
5875710,30,33,-8,88
5876220,31,36,14,74
5876730,99,51,-7,81
5877240,11,31,-1,82
5877750,33,34,6,76
5878260,52,7,-5,81
5878770,33,22,4,77
5879280,67,91,-1,78
5879790,33,80,-5,83
5880300,101,39,2,81
5880810,13,76,-3,84
5881320,23,35,3,81
5881830,91,38,4,77
5882340,3,75,-3,80
5882850,13,34,-3,83
5883360,35,37,2,81
5883870,36,52,3,78
5884380,2,35,1,77
5884890,12,38,-2,79
5885400,34,41,-2,81
5885910,0,24,-2,83
5886420,22,27,7,76
5886930,90,30,-8,84
5887440,2,67,1,83
5887950,12,26,-9,92
5888460,34,29,12,80
5888970,31,44,-4,84
5889480,99,27,5,79
5889990,11,64,-5,84
5890500,21,23,9,75
5891010,43,26,-3,78
5891520,77,19,-1,79
5892030,1,39,-2,81
5892540,11,42,-4,85
5893050,26,45,6,79
5893560,94,48,5,74
5894070,6,85,-9,83
5894580,16,44,2,81
5895090,11,47,-3,84
5895600,6,50,-5,89
5896110,1,9,1,88
5896620,22,12,10,78
5897130,56,27,4,74
5897640,70,7,3,71
5898150,15,10,-11,82
5898660,36,13,7,75
5899170,70,33,3,72
5899680,84,13,-9,81
5900190,40,16,9,72
5900700,54,36,-5,77
5901210,12,56,-10,87
5901720,22,15,14,73
5902230,43,8,-2,75
5902740,24,28,-1,76
5903250,46,31,-1,77
5903760,4,13,-11,88
5904270,19,16,9,79
5904780,40,19,4,75
5905290,74,39,-6,81
5905800,88,19,6,75
5906310,12,56,-6,81
5906820,22,15,3,78
5907330,85,30,2,76
5907840,99,67,-7,83
5908350,33,2,7,76
5908860,54,75,1,75
5909370,20,64,-15,90
5909880,30,23,13,77
5910390,64,38,-11,88
5910900,78,18,12,76
5911410,30,21,-3,79
5911920,64,3,2,77
5912430,16,6,-2,79
5912940,37,9,0,79
5913450,18,29,-10,89
5913960,86,32,7,82
5914470,100,69,5,77
5914980,34,4,-1,78
5915490,49,19,-1,79
5916000,63,39,9,70
5916510,40,19,-3,73
5917020,54,39,-4,77
5917530,12,32,-2,79
5918040,82,35,2,77
5918550,96,72,0,77
5919060,30,7,0,77
5919570,45,40,-4,81
5920080,46,55,1,80
5920590,12,44,-1,81
5921100,22,47,4,77
5921610,90,50,-6,83
5922120,2,30,1,82
5922630,12,33,-4,86
5923140,34,36,7,79
5923650,0,51,-3,82
5924160,101,10,-4,86
5924670,71,13,9,77
5925180,45,16,3,74
5925690,59,36,0,74
5926200,73,16,1,73
5926710,87,19,-9,82
5927220,39,22,9,73
5927730,73,42,1,72
5928240,50,22,-3,75
5928750,64,42,-7,82
5929260,100,45,0,82
5929770,12,82,2,80
5930280,22,41,0,80
5930790,90,44,3,77
5931300,2,81,-4,81
5931810,12,40,-7,88
5932320,91,43,11,77
5932830,3,23,-4,81
5933340,25,26,2,79
5933850,26,29,-1,80
5934360,94,32,-3,83
5934870,6,69,1,82
5935380,16,28,0,82
5935890,38,31,4,78
5936400,39,46,4,74
5936910,5,61,-10,84
5937420,15,20,-1,85
5937930,30,23,5,80
5938440,64,5,11,69
5938950,38,8,-5,74
5939460,39,41,-9,83
5939970,60,56,7,76
5940480,26,85,-11,87
5940990,36,44,11,76
5941500,2,59,-10,86
5942010,12,18,7,79
5942520,33,21,0,79
5943030,67,3,-1,80
5943540,88,6,0,80
5944050,29,9,5,75
5944560,44,42,-8,83
5945070,65,57,9,74
5945580,42,37,-6,80
5946090,63,52,6,74
5946600,99,55,-7,81
5947110,11,35,2,79
5947620,33,38,-4,83
5948130,54,41,9,74
5948640,12,48,-7,81
5949150,22,51,6,75
5949660,90,54,-7,82
5950170,2,34,0,82
5950680,12,37,-4,86
5951190,34,40,6,80
5951700,55,55,-2,82
5952210,21,70,-4,86
5952720,31,29,10,76
5953230,28,44,-9,85
5953740,96,47,4,81
5954250,8,84,0,81
5954760,18,43,-9,90
5955270,33,46,11,79
5955780,101,53,3,76
5956290,13,27,-14,90
5956800,8,30,4,86
5957310,30,5,11,75
5957820,51,38,-1,76
5958330,9,58,-10,86
5958840,19,17,6,80
5959350,40,20,6,74
5959860,54,40,-4,78
5960370,90,22,2,76
5960880,2,25,-8,84
5961390,24,28,7,77
5961900,87,31,-2,79
5962410,101,34,-4,83
5962920,13,37,-8,91
5963430,35,40,14,77
5963940,1,29,-3,80
5964450,11,32,1,79
5964960,33,35,-3,82
5965470,96,50,5,77
5965980,8,30,-9,86
5966490,30,33,6,80
5967000,51,36,6,74
5967510,87,56,-9,83
5968020,21,36,2,81
5968530,43,39,3,78
5969040,44,28,4,74
5969550,58,10,-5,79
5970060,32,13,1,78
5970570,66,33,1,77
5971080,80,13,-2,79
5971590,32,16,2,77
5972100,66,100,-3,80
5972610,32,89,0,80
5973120,100,90,-5,85
5973630,34,25,8,77
5974140,35,7,2,75
5974650,16,40,-19,94
5975160,31,43,9,85
5975670,99,46,6,79
5976180,11,83,-1,80
5976690,21,42,-2,82
5977200,89,45,1,81
5977710,1,25,0,81
5978220,23,28,1,80
5978730,45,31,5,75
5979240,46,13,1,74
5979750,54,33,-1,75
5980260,68,53,4,71
5980770,2,33,-10,81
5981280,24,36,-5,86
5981790,92,39,-1,87
5982300,74,76,9,78
5982810,8,79,-5,83
5983320,18,38,0,83
5983830,40,41,0,83
5984340,65,56,9,74
5984850,101,59,-10,84
5985360,24,39,-3,87
5985870,46,42,11,76
5986380,4,71,-4,80
5986890,14,30,-6,86
5987400,36,33,8,78
5987910,37,48,0,78
5988420,3,31,0,78
5988930,25,34,-3,81
5989440,93,37,-1,82
5989950,5,74,-2,84
5990460,15,33,1,83
5990970,37,36,11,72
5991480,62,51,-1,73
5991990,98,54,-8,81
5992500,10,34,-2,83
5993010,32,37,1,82
5993520,54,52,6,76
5994030,20,81,-7,83
5994540,30,40,2,81
5995050,98,43,1,80
5995560,10,80,2,78
5996070,20,39,-6,84
5996580,42,42,-3,87
5997090,43,57,13,74
5997600,9,40,-8,82
5998110,31,43,7,75
5998620,53,66,-8,83
5999130,19,55,-3,86
5999640,34,14,9,77
6000150,49,34,5,72
6000660,85,16,-6,78
6001170,99,19,-2,80
6001680,55,22,3,77
6002190,69,42,0,77
6002700,3,22,-3,80
6003210,25,25,-3,83
6003720,46,28,8,75
6004230,60,10,-7,82
6004740,41,13,7,75
6005250,69,33,2,73
6005760,83,13,-4,77
6006270,39,16,1,76
6006780,67,36,-4,80
6007290,25,16,1,79
6007800,46,100,4,75
6008310,12,59,-7,82
6008820,34,18,3,79
6009330,55,0,-3,82
6009840,76,3,3,79
6010350,41,6,2,77
6010860,15,39,-5,82
6011370,37,42,3,79
6011880,38,57,0,79
6012390,4,64,-6,85
6012900,14,23,6,79
6013410,36,26,0,79
6013920,37,8,6,73
6014430,18,34,-10,83
6014940,13,37,-8,91
6015450,28,40,8,83
6015960,50,43,9,74
6016470,86,25,-3,77
6016980,100,62,-6,83
6017490,23,42,-2,85
6018000,45,45,10,75
6018510,3,60,-8,83
6019020,13,19,1,82
6019530,28,22,0,82
6020040,49,4,2,80
6020550,70,7,4,76
6021060,44,10,-1,77
6021570,25,19,-2,79
6022080,46,1,-3,82
6022590,67,4,-3,85
6023100,41,7,8,77
6023610,22,40,-8,85
6024120,17,43,-4,89
6024630,39,46,9,80
6025140,60,29,6,74
6025650,74,9,-3,77
6026160,48,91,-4,81
6026670,14,50,-4,85
6027180,36,53,2,83
6027690,2,60,5,78
6028200,12,19,-7,85
6028710,33,22,10,75
6029220,34,4,-2,77
6029730,49,7,-6,83
6030240,70,10,7,76
6030750,44,13,3,73
6031260,25,33,-6,79
6031770,47,36,2,77
6032280,72,18,-4,81
6032790,24,21,3,78
6033300,39,24,5,73
6033810,40,44,-5,78
6034320,6,59,-4,82
6034830,16,18,4,78
6035340,11,21,-3,81
6035850,33,24,1,80
6036360,34,6,4,76
6036870,49,39,-1,77
6037380,7,21,-7,84
6037890,29,24,2,82
6038400,50,6,9,73
6038910,31,9,2,71
6039420,32,12,-1,72
6039930,47,15,-5,77
6040440,61,35,5,72
6040950,75,15,-2,74
6041460,49,18,3,71
6041970,63,38,-3,74
6042480,99,18,-6,80
6042990,11,21,-7,87
6043500,32,24,9,78
6044010,53,6,3,75
6044520,34,9,0,75
6045030,49,18,-3,78
6045540,63,38,4,74
6046050,21,18,-5,79
6046560,42,21,5,74
6047070,56,41,-2,76
6047580,92,44,-1,77
6048090,4,24,-10,87
6048600,26,27,8,79
6049110,41,30,2,77
6049620,101,12,0,77
6050130,57,15,5,72
6050640,31,18,-9,81
6051150,32,0,3,78
6051660,47,73,-6,84
6052170,13,56,4,80
6052680,35,15,1,79
6053190,56,24,9,70
6053700,19,4,-11,81
6054210,40,7,5,76
6054720,21,40,-8,84
6055230,16,43,-3,87
6055740,11,46,-2,89
6056250,26,49,1,88
6056760,94,97,0,88
6057270,28,32,6,82
6057780,49,35,5,77
6058290,7,17,-6,83
6058800,29,20,9,74
6059310,30,2,-2,76
6059820,45,5,-1,77
6060330,66,8,1,76
6060840,40,11,1,75
6061350,55,20,-2,77
6061860,36,23,2,75
6062370,37,5,-2,77
6062880,52,31,6,71
6063390,15,51,-15,86
6063900,37,54,2,84
6064410,3,61,2,82
6064920,13,20,3,79
6065430,35,23,8,71
6065940,36,16,-4,75
6066450,51,36,3,72
6066960,87,39,-7,79
6067470,101,19,-4,83
6067980,13,22,5,78
6068490,35,25,0,78
6069000,95,7,-2,80
6069510,51,10,3,77
6070020,32,13,2,75
6070530,47,16,2,73
6071040,28,19,-1,74
6071550,49,1,0,74
6072060,37,4,-6,80
6072570,58,30,3,77
6073080,72,33,-4,81
6073590,86,13,3,78
6074100,42,16,7,71
6074610,56,19,-3,74
6075120,30,22,-1,75
6075630,45,4,-1,76
6076140,26,7,3,73
6076650,34,10,0,73
6077160,49,13,-4,77
6077670,83,22,4,73
6078180,35,59,-15,88
6078690,1,71,10,78
6079200,11,30,-5,83
6079710,33,33,4,79
6080220,55,48,1,78
6080730,13,51,-9,87
6081240,28,54,6,81
6081750,96,57,4,77
6082260,19,37,-10,87
6082770,41,40,6,81
6083280,60,55,11,70
6083790,96,35,-8,78
6084300,8,72,-4,82
6084810,18,31,-8,90
6085320,39,34,10,80
6085830,40,49,3,77
6086340,6,32,-5,82
6086850,28,35,1,81
6087360,50,38,9,72
6087870,8,41,-10,82
6088380,30,44,0,82
6088890,98,51,-3,85
6089400,10,88,6,79
6089910,20,47,-3,82
6090420,42,50,2,80
6090930,8,33,-1,81
6091440,30,36,1,80
6091950,52,39,5,75
6092460,88,42,0,75
6092970,0,22,-6,81
6093480,22,25,2,79
6093990,44,28,6,73
6094500,2,10,-13,86
6095010,24,13,9,77
6095520,45,97,-10,87
6096030,11,56,3,84
6096540,26,15,13,71
6097050,41,84,-9,80
6097560,7,43,-6,86
6098070,17,46,8,78
6098580,39,49,-3,81
6099090,5,23,-5,86
6099600,27,26,6,80
6100110,42,41,4,76
6100620,8,56,-6,82
6101130,18,15,3,79
6101640,39,18,5,74
6102150,53,0,-3,77
6102660,27,3,-4,81
6103170,42,6,5,76
6103680,23,39,-10,86
6104190,44,42,14,72
6104700,10,71,-11,83
6105210,20,30,1,82
6105720,42,33,12,70
6106230,61,0,-5,75
6106740,13,3,-8,83
6107250,34,6,9,74
6107760,49,39,-4,78
6108270,7,21,-4,82
6108780,29,24,8,74
6109290,50,6,1,73
6109800,31,9,-9,82
6110310,46,12,7,75
6110820,27,21,1,74
6111330,49,3,-1,75
6111840,30,6,0,75
6112350,51,15,-5,80
6112860,32,18,1,79
6113370,47,0,6,73
6113880,68,3,-2,75
6114390,24,6,3,72
6114900,39,9,-2,74
6115410,20,12,-7,81
6115920,42,96,1,80
6116430,8,55,-1,81
6116940,18,14,3,78
6117450,39,17,2,76
6117960,54,26,8,68
6118470,68,6,-5,73
6118980,42,9,-4,77
6119490,23,12,-3,80
6120000,38,52,0,80
6120510,4,41,0,80
6121020,14,44,-2,82
6121530,36,47,-1,83
6122040,2,62,-4,87
6122550,12,21,2,85
6123060,34,24,14,71
6123570,69,93,-7,78
6124080,35,18,0,78
6124590,36,0,3,75
6125100,57,3,-4,79
6125610,38,6,-4,83
6126120,53,9,0,83
6126630,34,19,9,74
6127140,69,1,-1,75
6127650,21,4,-6,81
6128160,42,88,0,81
6128670,8,47,3,78
6129180,18,50,-4,82
6129690,28,53,-1,83
6130200,96,56,0,83
6130710,30,36,5,78
6131220,52,39,3,75
6131730,10,6,2,73
6132240,31,9,-3,76
6132750,32,12,6,70
6133260,47,21,2,68
6133770,61,24,-13,81
6134280,75,27,3,78
6134790,27,30,-3,81
6135300,49,33,4,77
6135810,7,36,-5,82
6136320,17,39,-4,86
6136830,39,42,6,80
6137340,58,57,6,74
6137850,24,65,-9,83
6138360,34,24,4,79
6138870,35,6,8,71
6139380,50,75,-8,79
6139890,16,64,-3,82
6140400,26,23,6,76
6140910,47,38,-1,77
6141420,83,5,-3,80
6141930,39,8,6,74
6142440,40,17,0,74
6142950,55,26,2,72
6143460,69,6,-10,82
6143970,25,9,7,75
6144480,40,93,-9,84
6144990,6,52,6,78
6145500,16,11,-5,83
6146010,31,14,7,76
6146520,46,98,-1,77
6147030,12,57,-7,84
6147540,22,16,13,71
6148050,37,100,-5,76
6148560,47,59,-6,82
6149070,13,48,1,81
6149580,35,51,-3,84
6150090,1,58,1,83
6150600,11,17,2,81
6151110,74,20,5,76
6151620,26,57,-10,86
6152130,36,97,6,80
6152640,46,56,6,74
6153150,12,45,-6,80
6153660,22,48,-1,81
6154170,32,51,-3,84
6154680,100,58,2,82
6155190,23,38,-2,84
6155700,45,41,5,79
6156210,70,56,9,70
6156720,4,36,-9,79
6157230,14,39,0,79
6157740,36,42,-1,80
6158250,2,57,-1,81
6158760,12,16,0,81
6159270,27,19,4,77
6159780,42,1,-6,83
6160290,63,4,10,73
6160800,15,7,-6,79
6161310,36,10,1,78
6161820,51,79,-9,87
6162330,17,68,1,86
6162840,27,27,9,77
6163350,49,42,3,74
6163860,85,24,-5,79
6164370,37,92,-3,82
6164880,3,51,-1,83
6165390,13,10,-4,87
6165900,34,13,19,68
6166410,49,22,-3,71
6166920,63,31,2,69
6167430,77,11,-8,77
6167940,29,14,0,77
6168450,41,98,0,77
6168960,7,57,-4,81
6169470,17,16,2,79
6169980,38,19,7,72
6170490,39,28,-6,78
6171000,40,10,5,73
6171510,54,19,4,69
6172020,68,28,-2,71
6172530,20,31,-15,86
6173040,42,34,7,79
6173550,43,16,0,79
6174060,73,25,-4,83
6174570,25,28,2,81
6175080,47,31,4,77
6175590,72,13,4,73
6176100,24,16,-6,79
6176610,46,100,-5,84
6177120,12,1,0,84
6177630,27,4,13,71
6178140,28,73,-11,82
6178650,38,32,3,79
6179160,63,14,7,72
6179670,15,75,-14,86
6180180,25,34,4,82
6180690,47,37,4,78
6181200,48,19,1,77
6181710,62,28,-2,79
6182220,76,8,10,69
6182730,32,11,-6,75
6183240,40,14,-4,79
6183750,55,17,4,75
6184260,69,20,3,72
6184770,21,23,-5,77
6185280,43,26,5,72
6185790,44,8,-7,79
6186300,25,11,-1,80
6186810,40,95,7,73
6187320,6,89,-11,84
6187830,16,48,3,81
6188340,38,55,0,81
6188850,4,44,-1,82
6189360,14,47,0,82
6189870,36,50,7,75
6190380,2,73,-4,79
6190890,12,32,-7,86
6191400,34,35,-5,91
6191910,68,24,13,78
6192420,20,27,-5,83
6192930,42,30,9,74
6193440,67,12,-3,77
6193950,19,15,-3,80
6194460,40,18,4,76
6194970,56,0,-2,78
6195480,77,3,4,74
6195990,33,6,-3,77
6196500,48,83,-8,85
6197010,14,72,-4,89
6197520,24,31,11,78
6198030,46,34,4,74
6198540,82,16,-9,83
6199050,23,19,11,72
6199560,45,1,-6,78
6200070,66,4,3,75
6200580,18,7,-7,82
6201090,39,10,6,76
6201600,54,19,4,72
6202110,68,28,-1,73
6202620,82,8,-4,77
6203130,4,11,-7,84
6203640,26,14,12,72
6204150,48,98,-4,76
6204660,14,57,-10,86
6205170,24,16,12,74
6205680,39,100,-8,82
6206190,5,59,0,82
6206700,15,18,3,79
6207210,37,21,4,75
6207720,3,3,-8,83
6208230,18,6,4,79
6208740,39,90,-5,84
6209250,5,49,-3,87
6209760,15,52,6,81
6210270,37,55,3,78
6210780,3,44,-7,85
6211290,13,47,5,80
6211800,35,50,-3,83
6212310,1,73,3,80
6212820,11,32,-1,81
6213330,33,35,3,78
6213840,55,89,-3,81
6214350,21,78,0,81
6214860,31,37,2,79
6215370,53,40,1,78
6215880,78,7,3,75
6216390,34,10,0,75
6216900,35,79,-16,91
6217410,1,38,8,83
6217920,23,41,5,78
6218430,91,44,4,74
6218940,3,24,-9,83
6219450,25,9,6,77
6219960,46,93,-5,82
6220470,12,52,2,80
6220980,34,11,5,75
6221490,49,14,1,74
6222000,63,17,-1,75
6222510,37,20,-2,77
6223020,38,2,-1,78
6223530,59,5,7,71
6224040,33,8,-4,75
6224550,48,11,-2,77
6225060,29,14,2,75
6225570,26,98,-6,81
6226080,36,57,-2,83
6226590,2,64,-2,85
6227100,12,23,3,82
6227610,34,26,1,81
6228120,56,8,3,78
6228630,30,11,-2,80
6229140,45,95,1,79
6229650,11,54,-4,83
6230160,21,13,8,75
6230670,18,97,-6,81
6231180,28,56,-3,84
6231690,96,96,2,82
6232200,30,31,0,82
6232710,52,34,6,76
6233220,88,29,-6,82
6233730,0,32,2,80
6234240,22,35,-2,82
6234750,90,38,1,81
6235260,2,18,-2,83
6235770,24,21,4,79
6236280,46,3,-1,80
6236790,67,6,4,76
6237300,19,9,-2,78
6237810,41,93,-2,80
6238320,7,52,-2,82
6238830,17,11,-3,85
6239340,38,95,3,82
6239850,48,54,-2,84
6240360,14,6,1,83
6240870,35,9,8,75
6241380,50,51,-6,81
6241890,16,34,-2,83
6242400,38,37,6,77
6242910,39,91,1,76
6243420,5,50,-8,84
6243930,15,9,3,81
6244440,36,93,-1,82
6244950,46,52,4,78
6245460,12,35,-1,79
6245970,34,38,2,77
6246480,56,92,-2,79
6246990,22,73,-3,82
6247500,32,32,-3,85
6248010,54,86,0,85
6248520,20,75,3,82
6249030,30,34,4,78
6249540,52,37,8,70
6250050,88,19,-12,82
6250560,44,22,4,78
6251070,59,4,1,77
6251580,11,7,-7,84
6252090,26,10,8,76
6252600,48,94,-2,78
6253110,14,83,-8,86
6253620,24,42,7,79
6254130,46,49,-2,81
6254640,12,1,-2,83
6255150,27,4,10,73
6255660,42,7,-4,77
6256170,23,10,-6,83
6256680,44,94,0,83
6257190,10,53,1,82
6257700,20,12,2,80
6258210,42,15,7,73
6258720,56,18,3,70
6259230,70,21,-9,79
6259740,22,24,3,76
6260250,44,11,3,73
6260760,25,14,-10,83
6261270,40,98,8,75
6261780,6,57,-10,85
6262290,16,16,2,83
6262800,38,19,10,73
6263310,39,1,-5,78
6263820,20,4,0,78
6264330,41,88,-12,90
6264840,7,91,10,80
6265350,17,50,-1,81
6265860,39,90,0,81
6266370,5,49,2,79
6266880,15,52,-3,82
6267390,25,55,7,75
6267900,35,44,-7,82
6268410,57,80,0,82
6268920,23,49,-6,88
6269430,45,56,5,83
6269940,11,39,0,83
6270450,33,42,2,81
6270960,55,49,11,70
6271470,91,52,-8,78
6271980,25,32,-1,79
6272490,47,35,0,79
6273000,48,17,1,78
6273510,29,20,1,77
6274020,26,2,-2,79
6274530,47,5,2,77
6275040,28,8,1,76
6275550,36,92,-3,79
6276060,46,51,4,75
6276570,12,40,-8,83
6277080,34,43,0,83
6277590,56,50,7,76
6278100,22,32,-6,82
6278610,44,35,8,74
6279120,49,17,0,74
6279630,63,20,2,72
6280140,26,23,-4,76
6280650,48,5,-2,78
6281160,63,8,2,76
6281670,15,11,-6,82
6282180,36,95,2,80
6282690,46,54,2,78
6283200,32,43,-9,87
6283710,100,50,5,82
6284220,12,30,-3,85
6284730,34,33,7,78
6285240,35,15,1,77
6285750,50,99,-1,78
6286260,16,58,-7,85
6286770,26,65,-2,87
6287280,36,68,6,81
6287790,2,91,2,79
6288300,12,50,-1,80
6288810,22,53,-3,83
6289320,32,56,3,80
6289830,100,63,-4,84
6290340,34,43,3,81
6290850,0,46,0,81
6291360,10,49,1,80
6291870,20,52,1,79
6292380,30,66,-6,85
6292890,98,69,5,80
6293400,32,4,2,78
6293910,47,7,-3,81
6294420,28,10,4,77
6294930,49,94,-9,86
6295440,15,53,-4,90
6295950,25,56,16,74
6296460,93,59,-5,79
6296970,27,39,0,79
6297480,95,46,-4,83
6297990,7,26,1,82
6298500,29,29,1,81
6299010,97,11,3,78
6299520,53,14,3,75
6300030,67,23,-7,82
6300540,19,26,1,81
6301050,41,29,-3,84
6301560,71,11,9,75
6302070,23,14,-5,80
6302580,45,98,-4,84
6303090,11,57,3,81
6303600,21,16,3,78
6304110,42,100,6,72
6304620,8,59,-12,84
6305130,18,18,2,82
6305640,40,21,11,71
6306150,54,3,-2,73
6306660,28,6,-2,75
6307170,43,9,1,74
6307680,24,12,-7,81
6308190,45,96,-2,83
6308700,11,55,-3,86
6309210,21,14,5,81
6309720,42,17,4,77
6310230,56,20,5,72
6310740,70,23,-6,78
6311250,22,26,-5,83
6311760,44,29,5,78
6312270,45,11,4,74
6312780,26,14,0,74
6313290,38,98,-3,77
6313800,4,57,-10,87
6314310,14,16,2,85
6314820,36,19,9,76
6315330,48,1,-5,81
6315840,69,4,6,75
6316350,21,7,0,75
6316860,42,91,-6,81
6317370,8,50,-6,87
6317880,18,53,2,85
6318390,28,56,5,80
6318900,96,59,1,79
6319410,58,39,6,73
6319920,35,19,-4,77
6320430,36,1,-2,79
6320940,51,4,9,70
6321450,32,7,-10,80
6321960,47,10,2,78
6322470,28,13,3,75
6322980,25,97,-8,83
6323490,35,56,4,79
6324000,1,63,-6,85
6324510,11,22,-1,86
6325020,33,25,10,76
6325530,45,7,2,74
6326040,26,10,-2,76
6326550,47,94,-1,77
6327060,13,53,-7,84
6327570,23,56,-2,86
6328080,33,63,-3,89
6328590,43,66,8,81
6329100,9,55,-1,82
6329610,19,14,6,76
6330120,93,33,-10,86
6330630,5,36,0,86
6331140,15,39,7,79
6331650,37,42,-3,82
6332160,56,25,11,71
6332670,70,5,-3,74
6333180,44,8,-5,79
6333690,25,11,0,79
6334200,46,95,-8,87
6334710,12,54,8,79
6335220,22,13,3,76
6335730,37,97,-1,77
6336240,3,56,-5,82
6336750,13,15,-2,84
6337260,34,18,5,79
6337770,64,0,0,79
6338280,16,3,2,77
6338790,37,6,1,76
6339300,52,9,0,76
6339810,33,12,-4,80
6340320,48,15,4,76
6340830,90,18,-3,79
6341340,46,21,1,78
6341850,60,24,0,78
6342360,74,27,-1,79
6342870,53,30,1,78
6343380,67,33,4,74
6343890,81,13,2,72
6344400,33,16,-9,81
6344910,34,100,5,76
6345420,0,59,-3,79
6345930,10,18,-2,81
6346440,32,21,4,77
6346950,57,3,3,74
6347460,31,6,-4,78
6347970,46,9,9,69
6348480,27,12,-8,77
6348990,48,96,-3,80
6349500,14,85,-3,83
6350010,24,44,5,78
6350520,92,51,-4,82
6351030,4,31,-4,86
6351540,14,34,5,81
6352050,36,37,-1,82
6352560,37,20,9,73
6353070,62,2,-6,79
6353580,14,5,-1,80
6354090,35,8,3,77
6354600,36,11,2,75
6355110,51,20,-1,76
6355620,65,23,-1,77
6356130,79,26,-5,82
6356640,93,29,5,77
6357150,5,66,-4,81
6357660,15,25,-5,86
6358170,36,28,6,80
6358680,61,10,-5,85
6359190,35,13,11,74
6359700,47,16,3,71
6360210,61,19,-9,80
6360720,75,22,5,75
6361230,89,25,-4,79
6361740,1,62,-3,82
6362250,11,21,-7,89
6362760,33,24,16,73
6363270,34,6,-2,75
6363780,49,9,2,73
6364290,23,12,-2,75
6364800,44,96,-7,82
6365310,10,55,4,78
6365820,20,14,-2,80
6366330,41,17,6,74
6366840,55,20,-3,77
6367350,69,23,-4,81
6367860,21,26,1,80
6368370,43,29,4,76
6368880,62,11,6,70
6369390,36,14,-7,77
6369900,37,17,5,72
6370410,67,20,-9,81
6370920,81,23,2,79
6371430,33,60,-9,88
6371940,101,67,10,78
6372450,35,47,-8,86
6372960,1,54,0,86
6373470,11,13,0,86
6373980,32,16,16,70
6374490,40,100,-11,81
6375000,6,59,1,80
6375510,16,18,-8,88
6376020,37,21,15,73
6376530,67,20,-14,87
6377040,81,23,6,81
6377550,95,26,7,74
6378060,51,63,-7,81
6378570,17,46,-5,86
6379080,39,53,-1,87
6379590,5,76,4,83
6380100,15,35,0,83
6380610,37,38,3,80
6381120,38,21,7,73
6381630,39,3,-8,81
6382140,20,6,1,80
6382650,41,9,5,75
6383160,55,12,-6,81
6383670,89,15,3,78
6384180,45,18,0,78
6384690,59,21,6,72
6385200,73,24,-9,81
6385710,87,27,-3,84
6386220,101,64,5,79
6386730,35,44,-3,82
6387240,47,71,2,80
6387750,13,94,-3,83
6388260,23,53,0,83
6388770,91,60,6,77
6389280,25,40,-2,79
6389790,93,47,1,78
6390300,5,27,-9,87
6390810,27,30,6,81
6391320,28,33,0,81
6391830,96,36,-5,86
6392340,8,73,8,78
6392850,18,32,-8,86
6393360,40,35,11,75
6393870,41,18,3,72
6394380,55,27,-3,75
6394890,69,30,-5,80
6395400,48,10,3,77
6395910,82,13,6,71
6396420,38,16,-3,74
6396930,52,19,4,70
6397440,66,22,-6,76
6397950,80,25,-2,78
6398460,94,28,-3,81
6398970,6,31,-6,87
6399480,28,34,9,78
6399990,96,41,-1,79
6400500,8,21,-1,80
6401010,30,24,4,76
6401520,64,6,0,76
6402030,16,9,-2,78
6402540,37,12,-4,82
6403050,18,15,3,79
6403560,39,18,-4,83
6404070,73,27,8,75
6404580,87,30,-1,76
6405090,101,33,-7,83
6405600,13,36,2,81
6406110,35,39,-1,82
6406620,36,46,-1,83
6407130,2,53,-1,84
6407640,24,12,3,81
6408150,21,15,-1,82
6408660,42,18,4,78
6409170,56,21,2,76
6409680,70,24,2,74
6410190,84,27,-13,87
6410700,98,30,9,78
6411210,10,33,-7,85
6411720,32,36,5,80
6412230,33,19,2,78
6412740,34,1,5,73
6413250,15,4,-10,83
6413760,36,7,10,73
6414270,37,10,-3,76
6414780,52,13,0,76
6415290,66,16,-5,81
6415800,80,19,2,79
6416310,94,22,1,78
6416820,6,25,-1,79
6417330,28,28,-1,80
6417840,29,31,6,74
6418350,30,85,-8,82
6418860,98,44,0,82
6419370,10,24,1,81
6419880,32,27,2,79
6420390,33,16,2,77
6420900,34,28,-4,81
6421410,35,10,7,74
6421920,36,13,2,72
6422430,50,16,1,71
6422940,64,19,-1,72
6423450,20,22,-10,82
6423960,64,25,18,64
6424470,78,5,-16,80
6424980,30,8,0,80
6425490,45,11,8,72
6426000,19,14,-9,81
6426510,40,17,6,75
6427020,54,20,-1,76
6427530,68,23,2,74
6428040,82,26,-4,78
6428550,96,29,-5,83
6429060,8,32,4,79
6429570,30,35,3,76
6430080,98,89,-3,79
6430590,32,24,2,77
6431100,33,6,0,77
6431610,48,9,2,75
6432120,29,12,-3,78
6432630,37,15,8,70
6433140,51,18,-4,74
6433650,65,21,2,72
6434160,79,24,-7,79
6434670,93,27,-1,80
6435180,5,64,-2,82
6435690,15,23,-2,84
6436200,37,26,8,76
6436710,56,8,-4,80
6437220,30,11,2,78
6437730,11,14,-6,84
6438240,32,17,4,80
6438750,66,101,7,73
6439260,32,90,-5,78
6439770,100,49,-3,81
6440280,12,29,-1,82
6440790,34,32,1,81
6441300,35,47,0,81
6441810,1,70,1,80
6442320,0,29,-3,83
6442830,22,32,-1,84
6443340,90,35,7,77
6443850,2,15,-6,83
6444360,24,18,7,76
6444870,21,0,-4,80
6445380,42,3,-4,84
6445890,63,6,10,74
6446400,37,9,-1,75
6446910,51,12,1,74
6447420,65,15,1,73
6447930,79,18,-11,84
6448440,93,21,3,81
6448950,5,24,-4,85
6449460,27,27,6,79
6449970,24,81,-7,86
6450480,92,40,3,83
6450990,4,20,-2,85
6451500,26,23,5,80
6452010,23,77,-12,92
6452520,33,36,10,82
6453030,34,90,3,79
6453540,0,49,-3,82
6454050,10,8,-1,83
6454560,31,11,3,80
6455070,65,14,-1,81
6455580,39,17,10,71
6456090,53,26,-2,73
6456600,67,6,-3,76
6457110,41,9,7,69
6457620,55,18,-6,75
6458130,29,32,-6,81
6458640,30,35,3,78
6459150,52,89,-2,80
6459660,18,78,0,80
6460170,28,37,0,80
6460680,96,44,-4,84
6461190,8,24,2,82
6461700,30,27,1,81
6462210,27,81,-3,84
6462720,95,40,0,84
6463230,7,20,1,83
6463740,29,23,6,77
6464250,97,5,1,76
6464760,53,8,-5,81
6465270,34,11,7,74
6465780,35,14,-3,77
6466290,63,17,3,74
6466800,77,20,3,71
6467310,33,23,-7,78
6467820,67,92,5,73
6468330,33,29,-3,76
6468840,34,83,-2,78
6469350,0,42,-1,79
6469860,22,1,2,77
6470370,43,4,2,75
6470880,64,7,0,75
6471390,38,10,2,73
6471900,19,19,-6,79
6472410,87,22,-7,86
6472920,101,25,9,77
6473430,13,28,-8,85
6473940,35,31,8,77
6474450,36,46,-3,80
6474960,2,100,-7,87
6475470,24,59,10,77
6475980,92,18,-2,79
6476490,4,21,-1,80
6477000,26,24,1,79
6477510,23,13,-2,81
6478020,44,82,2,79
6478530,10,71,-7,86
6479040,20,30,5,81
6479550,88,37,-1,82
6480060,0,17,1,81
6480570,22,20,2,79
6481080,19,23,0,79
6481590,40,26,7,72
6482100,54,8,-1,73
6482610,28,11,-1,74
6483120,29,20,-3,77
6483630,63,89,-7,84
6484140,29,78,0,84
6484650,97,37,4,80
6485160,9,74,-2,82
6485670,19,33,-1,83
6486180,87,42,3,80
6486690,101,22,-1,81
6487200,13,25,-2,83
6487710,35,28,7,76
6488220,36,17,-2,78
6488730,66,101,-3,81
6489240,32,90,1,80
6489750,100,49,0,80
6490260,12,29,-2,82
6490770,34,32,5,77
6491280,35,86,-2,79
6491790,1,45,-4,83
6492300,11,4,4,79
6492810,32,7,5,74
6493320,33,10,2,72
6493830,47,13,-3,75
6494340,61,22,2,73
6494850,75,25,4,69
6495360,89,5,-11,80
6495870,45,8,2,78
6496380,19,11,-3,81
6496890,40,59,-1,82
6497400,6,82,3,79
6497910,16,41,0,79
6498420,84,48,-3,82
6498930,98,28,8,74
6499440,39,31,-2,76
6499950,58,20,2,74
6500460,72,23,-1,75
6500970,86,26,-8,83
6501480,100,29,-1,84
6501990,12,32,-2,86
6502500,34,35,8,78
6503010,35,89,0,78
6503520,1,48,-11,89
6504030,11,7,3,86
6504540,32,10,9,77
6505050,60,13,4,73
6505560,74,16,-14,87
6506070,48,19,16,71
6506580,62,28,0,71
6507090,76,8,-8,79
6507600,50,11,4,75
6508110,84,14,-2,77
6508620,98,17,-5,82
6509130,10,20,-7,89
6509640,32,23,16,73
6510150,33,5,-3,76
6510660,48,76,-8,84
6511170,14,65,-1,85
6511680,24,24,7,78
6512190,25,39,-4,82
6512700,93,46,1,81
6513210,5,26,-5,86
6513720,0,29,-2,88
6514230,22,32,4,84
6514740,90,35,11,73
6515250,2,15,-10,83
6515760,70,18,8,75
6516270,84,21,-9,84
6516780,98,24,12,72
6517290,10,27,-11,83
6517800,32,30,4,79
6518310,33,101,3,76
6518820,101,60,-7,83
6519330,13,40,3,80
6519840,81,47,7,73
6520350,47,27,-4,77
6520860,61,36,6,71
6521370,75,16,-3,74
6521880,89,19,-5,79
6522390,1,22,-3,82
6522900,23,25,4,78
6523410,20,28,-7,85
6523920,88,31,2,83
6524430,0,11,-4,87
6524940,22,14,9,78
6525450,19,7,-1,79
6525960,40,91,-4,83
6526470,6,50,5,78
6526980,16,9,0,78
6527490,37,12,5,73
6528000,51,15,-2,75
6528510,65,18,1,74
6529020,79,21,1,73
6529530,93,24,3,70
6530040,5,27,-16,86
6530550,27,30,7,79
6531060,28,37,3,76
6531570,96,44,-8,84
6532080,8,66,-4,88
6532590,18,25,7,81
6533100,86,28,2,79
6533610,100,31,-6,85
6534120,12,34,8,77
6534630,34,41,-4,81
6535140,0,48,1,80
6535650,10,7,-2,82
6536160,78,10,4,78
6536670,34,13,7,71
6537180,35,16,-8,79
6537690,65,25,4,75
6538200,79,28,-3,78
6538710,93,31,-4,82
6539220,5,53,-2,84
6539730,27,12,2,82
6540240,61,96,4,78
6540750,50,85,-1,79
6541260,16,74,-2,81
6541770,26,33,4,77
6542280,94,40,-3,80
6542790,6,20,-4,84
6543300,28,23,3,81
6543810,29,38,-3,84
6544320,97,45,2,82
6544830,9,25,2,80
6545340,31,28,1,79
6545850,32,82,-1,80
6546360,100,41,-3,83
6546870,12,21,-3,86
6547380,80,24,9,77
6547890,94,27,2,75
6548400,6,64,-12,87
6548910,28,23,9,78
6549420,29,38,-5,83
6549930,97,45,7,76
6550440,9,25,-10,86
6550950,31,28,8,78
6551460,32,43,0,78
6551970,100,50,-3,81
6552480,12,30,-1,82
6552990,34,33,4,78
6553500,35,16,5,73
6554010,65,25,1,72
6554520,39,28,0,72
6555030,5,10,-6,78
6555540,27,13,0,78
6556050,57,97,6,72
6556560,23,86,-8,80
6557070,33,45,3,77
6557580,101,34,1,76
6558090,13,71,-3,79
6558600,35,30,5,74
6559110,36,13,-2,76
6559620,66,22,3,73
6560130,40,44,0,73
6560640,6,33,-7,80
6561150,28,36,3,77
6561660,96,43,-2,79
6562170,8,23,-2,81
6562680,30,26,0,81
6563190,98,8,-1,82
6563700,54,11,8,74
6564210,28,14,-1,75
6564720,58,98,-1,76
6565230,24,87,-5,81
6565740,34,46,-4,85
6566250,0,53,1,84
6566760,101,12,0,84
6567270,57,15,10,74
6567780,71,18,2,72
6568290,45,21,-2,74
6568800,59,30,3,71
6569310,73,10,-5,76
6569820,29,13,3,73
6570330,59,97,-2,75
6570840,25,86,-10,85
6571350,35,45,4,81
6571860,1,52,-4,85
6572370,0,65,-1,86
6572880,101,24,1,85
6573390,57,27,9,76
6573900,23,49,-8,84
6574410,91,56,4,80
6574920,25,36,-7,87
6575430,93,43,7,80
6575940,37,23,2,78
6576450,67,5,1,77
6576960,41,8,-3,80
6577470,22,17,-2,82
6577980,19,101,-1,83
6578490,58,60,8,75
6579000,24,49,-6,81
6579510,92,56,4,77
6580020,4,36,-4,81
6580530,26,39,2,79
6581040,94,46,-7,86
6581550,6,26,4,82
6582060,28,29,4,78
6582570,29,44,-2,80
6583080,97,51,-1,81
6583590,9,31,-1,82
6584100,31,34,3,79
6584610,99,17,1,78
6585120,55,20,7,71
6585630,21,29,-19,90
6586140,89,36,16,74
6586650,1,16,-8,82
6587160,23,19,5,77
6587670,91,22,-4,81
6588180,3,25,0,81
6588690,25,28,5,76
6589200,93,35,-2,78
6589710,5,72,-5,83
6590220,15,31,1,82
6590730,83,38,2,80
6591240,97,18,3,77
6591750,53,21,5,72
6592260,67,30,-6,78
6592770,81,10,-1,79
6593280,37,13,3,76
6593790,38,22,5,71
6594300,52,4,-7,78
6594810,26,7,4,74
6595320,90,16,-10,84
6595830,2,19,1,83
6596340,24,22,5,78
6596850,25,4,2,76
6597360,40,50,-4,80
6597870,6,57,-2,82
6598380,81,16,3,79
6598890,95,19,2,77
6599400,7,22,-3,80
6599910,9,25,-2,82
6600420,31,28,1,81
6600930,28,11,4,77
6601440,92,95,-11,88
6601950,26,4,15,73
6602460,27,50,-6,79
6602970,95,57,4,75
6603480,7,37,-14,89
6603990,29,40,13,76
6604500,97,47,-6,82
6605010,9,27,2,80
6605520,31,30,-1,81
6606030,32,13,4,77
6606540,66,22,2,75
6607050,40,2,0,75
6607560,21,5,-4,79
6608070,42,51,-7,86
6608580,8,40,1,85
6609090,23,43,1,84
6609600,91,50,1,83
6610110,3,30,1,82
6610620,25,33,7,75
6611130,93,22,-3,78
6611640,49,25,1,77
6612150,63,34,-2,79
6612660,77,14,8,71
6613170,51,17,-2,73
6613680,65,26,3,70
6614190,91,6,-15,85
6614700,47,9,12,73
6615210,21,18,-7,80
6615720,42,0,1,79
6616230,16,3,-3,82
6616740,37,87,0,82
6617250,3,101,1,81
6617760,42,26,3,78
6618270,0,8,-6,84
6618780,21,11,11,73
6619290,18,95,-6,79
6619800,28,54,-6,85
6620310,96,43,3,82
6620820,8,23,-1,83
6621330,30,26,5,78
6621840,27,8,0,78
6622350,35,92,1,77
6622860,1,51,-10,87
6623370,11,10,7,80
6623880,32,13,1,79
6624390,33,97,3,76
6624900,101,56,-8,84
6625410,13,36,2,82
6625920,35,43,3,79
6626430,1,32,-1,80
6626940,11,35,0,80
6627450,33,42,-1,81
6627960,101,31,1,80
6628470,13,68,0,80
6628980,23,27,-3,83
6629490,91,34,7,76
6630000,3,14,-11,87
6630510,25,17,11,76
6631020,22,101,-2,78
6631530,32,60,-2,80
6632040,100,83,-6,86
6632550,34,63,7,79
6633060,0,52,-1,80
6633570,10,11,0,80
6634080,32,14,9,71
6634590,33,23,-2,73
6635100,34,12,-5,78
6635610,64,21,-2,80
6636120,38,30,3,77
6636630,39,19,5,72
6637140,53,1,-4,76
6637650,27,4,2,74
6638160,42,13,-4,78
6638670,72,22,-4,82
6639180,56,25,9,73
6639690,70,5,-3,76
6640200,44,8,4,72
6640710,18,17,-7,79
6641220,86,20,-1,80
6641730,100,23,1,79
6642240,12,26,-5,84
6642750,34,33,6,78
6643260,35,22,1,77
6643770,65,4,2,75
6644280,39,7,-3,78
6644790,20,16,-9,87
6645300,41,100,10,77
6645810,7,59,-3,80
6646320,17,18,0,80
6646830,38,21,8,72
6647340,68,30,3,69
6647850,82,10,-7,76
6648360,38,13,-1,77
6648870,86,22,-5,82
6649380,100,25,-2,84
6649890,12,33,0,84
6650400,27,40,4,80
6650910,95,29,0,80
6651420,7,66,0,80
6651930,28,25,-1,81
6652440,58,7,6,75
6652950,32,10,3,72
6653460,66,19,-4,76
6653970,40,28,-3,79
6654480,41,10,3,76
6654990,22,19,-6,82
6655500,43,1,0,82
6656010,58,4,7,75
6656520,32,7,-6,81
6657030,47,10,1,80
6657540,21,19,1,79
6658050,42,34,5,74
6658560,43,1,0,74
6659070,17,4,0,74
6659580,38,88,-7,81
6660090,4,47,-4,85
6660600,14,6,1,84
6661110,35,9,13,71
6661620,43,18,-5,76
6662130,73,27,-7,83
6662640,47,7,10,73
6663150,28,33,-13,86
6663660,91,22,6,80
6664170,3,25,0,80
6664680,25,28,3,77
6665190,93,17,-3,80
6665700,49,20,6,74
6666210,63,29,4,70
6666720,37,9,-11,81
6667230,52,18,6,75
6667740,66,27,0,75
6668250,80,7,-5,80
6668760,36,10,2,78
6669270,17,7,-5,83
6669780,38,91,3,80
6670290,4,50,-4,84
6670800,3,9,-3,87
6671310,24,12,10,77
6671820,45,96,0,77
6672330,11,55,-5,82
6672840,21,14,-3,85
6673350,42,98,6,79
6673860,8,57,-11,90
6674370,29,16,14,76
6674880,59,85,-5,81
6675390,25,74,-2,83
6675900,35,33,5,78
6676410,32,22,0,78
6676920,53,4,1,77
6677430,27,7,4,73
6677940,28,16,0,73
6678450,9,100,-8,81
6678960,48,59,0,81
6679470,14,82,-2,83
6679980,24,41,0,83
6680490,92,48,-4,87
6681000,4,28,2,85
6681510,26,31,13,72
6682020,94,20,-8,80
6682530,50,23,5,75
6683040,64,3,0,75
6683550,38,6,4,71
6684060,19,32,-10,81
6684570,87,39,0,81
6685080,20,19,-4,85
6685590,41,1,11,74
6686100,22,4,-5,79
6686610,43,50,2,77
6687120,14,39,-7,84
6687630,35,46,7,77
6688140,1,35,-3,80
6688650,11,38,1,79
6689160,21,45,-1,80
6689670,31,68,0,80
6690180,99,27,0,80
6690690,11,64,-2,82
6691200,21,23,3,79
6691710,84,38,-2,81
6692220,98,18,8,73
6692730,54,21,-1,74
6693240,7,1,-7,81
6693750,28,4,10,71
6694260,9,30,-13,84
6694770,30,33,0,84
6695280,31,22,7,77
6695790,65,91,-2,79
6696300,31,80,-7,86
6696810,99,39,2,84
6697320,11,76,-1,85
6697830,32,35,7,78
6698340,100,89,-6,84
6698850,34,24,10,74
6699360,35,6,-1,75
6699870,16,15,-12,87
6700380,37,18,14,73
6700890,67,0,-10,83
6701400,55,3,8,75
6701910,36,6,1,74
6702420,10,15,-9,83
6702930,31,18,5,78
6703440,32,87,-7,85
6703950,42,46,4,81
6704460,8,35,1,80
6704970,30,38,-3,83
6705480,27,27,1,82
6705990,24,81,-5,87
6706500,45,40,8,79
6707010,11,7,-2,81
6707520,32,10,10,71
6708030,33,19,-1,72
6708540,34,1,-8,80
6709050,55,4,5,75
6709560,29,7,-5,80
6710070,50,16,7,73
6710580,24,25,-6,79
6711090,45,79,-5,84
6711600,11,68,1,83
6712110,32,27,2,81
6712620,29,96,2,79
6713130,97,55,-2,81
6713640,9,6,0,81
6714150,30,9,8,73
6714660,31,18,-3,76
6715170,61,0,2,74
6715680,35,3,-4,78
6716190,16,6,-1,79
6716700,37,75,-3,82
6717210,3,34,2,80
6717720,13,37,-4,84
6718230,35,44,5,79
6718740,1,33,-3,82
6719250,22,36,4,78
6719760,90,59,-3,81
6720270,24,39,-1,82
6720780,92,46,0,82
6721290,4,26,-1,83
6721800,26,29,2,81
6722310,23,32,-9,90
6722820,91,39,19,71
6723330,3,19,-9,80
6723840,25,22,-4,84
6724350,22,4,2,82
6724860,43,3,5,77
6725370,24,6,-2,79
6725880,45,90,1,78
6726390,11,49,-1,79
6726900,21,8,-1,80
6727410,42,92,5,75
6727920,8,51,-7,82
6728430,29,10,10,72
6728940,26,94,-6,78
6729450,36,53,-4,82
6729960,2,76,2,80
6730470,41,33,-1,81
6730980,60,15,6,75
6731490,34,18,-1,76
6732000,64,0,2,74
6732510,38,3,0,74
6733020,19,29,-11,85
6733530,87,32,9,76
6734040,101,12,-5,81
6734550,57,15,4,77
6735060,31,18,4,73
6735570,28,0,-8,81
6736080,49,3,13,68
6736590,23,6,-13,81
6737100,44,90,6,75
6737610,10,49,-8,83
6738120,32,8,4,79
6738630,33,11,4,75
6739140,96,20,-1,76
6739650,52,57,-3,79
6740160,18,46,-6,85
6740670,39,86,5,80
6741180,5,45,1,79
6741690,26,4,7,72
6742200,7,7,-13,85
6742710,28,10,12,73
6743220,9,19,-13,86
6743730,30,22,4,82
6744240,31,4,6,76
6744750,12,7,1,75
6745260,33,76,-11,86
6745770,101,35,2,84
6746280,13,72,1,83
6746790,52,31,4,79
6747300,10,13,-3,82
6747810,31,24,5,77
6748320,61,6,4,73
6748830,35,9,-8,81
6749340,16,18,1,80
6749850,37,21,3,77
6750360,100,3,-11,88
6750870,56,6,8,80
6751380,30,9,4,76
6751890,27,12,-4,80
6752400,16,96,-4,84
6752910,55,55,1,83
6753420,74,44,6,77
6753930,48,24,1,76
6754440,62,33,5,71
6754950,36,13,-4,75
6755460,37,22,2,73
6755970,38,4,-5,78
6756480,19,7,-1,79
6756990,40,91,2,77
6757500,6,50,-6,83
6758010,27,9,6,77
6758520,8,93,-7,84
6759030,47,52,2,82
6759540,13,41,1,81
6760050,34,66,-3,84
6760560,0,89,-7,91
6761070,39,48,9,82
6761580,58,37,9,73
6762090,94,17,-4,77
6762600,68,20,-1,78
6763110,42,23,5,73
6763620,58,32,1,72
6764130,94,12,-12,84
6764640,50,15,11,73
6765150,6,24,-11,84
6765660,28,27,3,81
6766170,25,9,6,75
6766680,22,93,-13,88
6767190,61,52,11,77
6767700,27,32,1,76
6768210,24,21,-7,83
6768720,45,3,-1,84
6769230,26,6,1,83
6769740,47,90,-6,89
6770250,13,49,4,85
6770760,35,52,3,82
6771270,1,75,0,82
6771780,40,34,4,78
6772290,59,16,5,73
6772800,33,98,-4,77
6773310,101,57,-7,84
6773820,13,37,-6,90
6774330,35,48,9,81
6774840,1,68,2,79
6775350,0,27,0,79
6775860,22,30,-5,84
6776370,90,33,2,82
6776880,2,70,-3,85
6777390,41,29,13,72
6777900,60,11,-4,76
6778410,34,14,1,75
6778920,15,98,-9,84
6779430,54,57,8,76
6779940,20,46,-5,81
6780450,88,49,-1,82
6780960,22,29,0,82
6781470,90,32,-1,83
6781980,2,69,6,77
6782490,10,28,-4,81
6783000,32,31,-3,84
6783510,25,13,2,82
6784020,68,97,-2,84
6784530,34,77,1,83
6785040,0,36,4,79
6785550,10,39,-1,80
6786060,32,42,-2,82
6786570,100,65,1,81
6787080,34,45,-6,87
6787590,0,68,4,83
6788100,39,27,6,77
6788610,40,9,-1,78
6789120,14,18,-11,89
6789630,35,21,14,75
6790140,36,3,1,74
6790650,17,6,-9,83
6791160,38,90,4,79
6791670,4,49,-4,83
6792180,25,8,8,75
6792690,46,92,-5,80
6793200,12,51,-3,83
6793710,22,10,8,75
6794220,43,94,-6,81
6794730,9,53,-9,90
6795240,30,12,11,79
6795750,31,96,3,76
6796260,41,55,-12,88
6796770,7,62,10,78
6797280,28,21,0,78
6797790,29,3,2,76
6798300,50,6,3,73
6798810,24,9,-5,78
6799320,45,93,0,78
6799830,11,52,-6,84
6800340,32,11,8,76
6800850,13,20,-12,88
6801360,34,23,16,72
6801870,35,5,0,72
6802380,36,14,-1,73
6802890,44,98,-1,74
6803400,10,57,-8,82
6803910,31,16,8,74
6804420,100,100,-3,77
6804930,19,35,-6,83
6805440,40,32,8,75
6805950,41,14,3,72
6806460,15,23,-9,81
6806970,36,26,5,76
6807480,37,8,-5,81
6807990,38,17,6,75
6808500,19,101,-3,78
6809010,58,60,-3,81
6809520,24,43,-2,83
6810030,92,50,2,81
6810540,4,30,3,78
6811050,14,33,-7,85
6811560,35,36,11,74
6812070,54,90,-5,79
6812580,20,56,1,78
6813090,30,15,1,77
6813600,31,99,-1,78
6814110,41,58,3,75
6814620,7,44,-4,79
6815130,17,3,0,79
6815640,61,76,5,74
6816150,27,65,-6,80
6816660,57,24,7,73
6817170,71,4,-6,79
6817680,45,7,9,70
6818190,26,89,-16,86
6818700,1,48,-1,87
6819210,11,7,3,84
6819720,32,10,3,81
6820230,33,19,5,76
6820740,34,1,-2,78
6821250,35,4,3,75
6821760,16,7,-15,90
6822270,37,10,11,79
6822780,18,19,-3,82
6823290,39,22,12,70
6823800,40,19,-2,72
6824310,54,39,0,72
6824820,90,19,0,72
6825330,46,22,-8,80
6825840,60,4,1,79
6826350,34,7,1,78
6826860,35,16,8,70
6827370,36,36,-5,75
6827880,55,19,5,70
6828390,36,101,-5,75
6828900,46,60,-5,80
6829410,12,83,-1,81
6829920,22,42,3,78
6830430,90,65,1,77
6830940,24,45,1,76
6831450,92,68,1,75
6831960,26,48,-10,85
6832470,56,71,1,84
6832980,22,60,0,84
6833490,32,67,1,83
6834000,100,26,1,82
6834510,56,29,6,76
6835020,70,9,3,73
6835530,44,12,-3,76
6836040,45,21,3,73
6836550,59,1,-8,81
6837060,40,4,6,75
6837570,21,7,-2,77
6838080,22,91,-3,80
6838590,61,50,7,73
6839100,44,30,-6,79
6839610,45,12,5,74
6840120,26,21,-3,77
6840630,89,3,-4,81
6841140,45,6,1,80
6841650,26,9,3,77
6842160,27,93,-3,80
6842670,37,52,0,80
6843180,3,75,-4,84
6843690,42,34,6,78
6844200,43,16,2,76
6844710,45,25,3,73
6845220,59,7,-10,83
6845730,33,10,10,73
6846240,34,13,-3,76
6846750,35,97,0,76
6847260,1,56,-5,81
6847770,11,15,-1,82
6848280,32,18,10,72
6848790,33,0,2,70
6849300,14,3,-13,83
6849810,35,6,7,76
6850320,16,9,-13,89
6850830,37,12,13,76
6851340,38,21,-1,77
6851850,39,3,0,77
6852360,40,18,-2,79
6852870,41,27,3,76
6853380,42,9,-8,84
6853890,23,12,0,84
6854400,44,96,7,77
6854910,10,55,-8,85
6855420,25,14,9,76
6855930,26,98,-2,78
6856440,65,57,0,78
6856950,101,37,1,77
6857460,13,74,-5,82
6857970,52,33,5,77
6858480,88,15,-2,79
6858990,40,18,7,72
6859500,54,27,-1,73
6860010,68,7,0,73
6860520,42,10,0,73
6861030,16,13,-8,81
6861540,37,16,5,76
6862050,38,36,0,76
6862560,57,19,0,76
6863070,83,22,2,74
6863580,39,2,-3,77
6864090,20,5,-1,78
6864600,41,51,-3,81
6865110,7,34,-3,84
6865620,29,37,1,83
6866130,97,40,1,82
6866640,9,20,1,81
6867150,31,23,7,74
6867660,32,5,-3,77
6868170,33,8,0,77
6868680,34,17,3,74
6869190,35,101,-4,78
6869700,1,60,-3,81
6870210,40,19,4,77
6870720,2,39,-1,78
6871230,17,100,-5,83
6871740,56,59,6,77
6872250,22,42,1,76
6872760,23,65,-7,83
6873270,33,24,12,71
6873780,34,6,-1,72
6874290,15,9,-10,82
6874800,36,93,-1,83
6875310,2,52,5,78
6875820,23,11,4,74
6876330,20,95,-4,78
6876840,59,54,4,74
6877350,25,34,-5,79
6877860,93,37,-4,83
6878370,5,17,-3,86
6878880,16,20,9,77
6879390,84,23,3,74
6879900,58,45,6,68
6880410,94,25,-13,81
6880920,6,89,-1,82
6881430,45,48,4,78
6881940,64,31,2,76
6882450,90,11,-1,77
6882960,46,14,5,72
6883470,20,23,-8,80
6883980,17,26,-3,83
6884490,85,29,5,78
6885000,99,9,-8,86
6885510,55,12,5,81
6886020,29,15,5,76
6886530,30,99,1,75
6887040,69,58,0,75
6887550,3,38,-3,78
6888060,25,99,5,73
6888570,64,58,-2,75
6889080,100,38,-7,82
6889590,12,18,-1,83
6890100,34,21,6,77
6890610,35,29,-2,79
6891120,36,11,4,75
6891630,37,31,1,74
6892140,38,13,-8,82
6892650,39,33,1,81
6893160,40,15,6,75
6893670,41,35,-2,77
6894180,42,2,-7,84
6894690,43,5,6,78
6895200,17,8,-5,83
6895710,38,11,11,72
6896220,39,20,-3,75
6896730,40,40,-4,79
6897240,41,23,4,75
6897750,42,5,1,74
6898260,16,29,-10,84
6898770,84,32,-4,88
6899280,36,54,5,83
6899790,2,77,-4,87
6900300,41,36,6,81
6900810,60,3,7,74
6901320,34,6,-1,75
6901830,35,15,-2,77
6902340,36,35,0,77
6902850,55,18,8,69
6903360,29,38,-11,80
6903870,97,41,0,80
6904380,9,21,-1,81
6904890,31,24,2,79
6905400,32,6,2,77
6905910,33,52,-2,79
6906420,101,75,-2,81
6906930,24,55,-3,84
6907440,92,38,2,82
6907950,4,18,-1,83
6908460,26,21,6,77
6908970,27,3,-4,81
6909480,28,49,-1,82
6909990,50,72,-1,83
6910500,16,61,0,83
6911010,31,20,2,81
6911520,32,2,5,76
6912030,33,5,0,76
6912540,34,11,5,71
6913050,42,31,-1,72
6913560,43,13,-4,76
6914070,17,22,-5,81
6914580,39,25,7,74
6915090,40,67,-3,77
6915600,6,90,-11,88
6916110,45,49,9,79
6916620,11,32,-1,80
6917130,33,35,3,77
6917640,30,18,-7,84
6918150,51,0,0,84
6918660,32,3,6,78
6919170,33,49,-4,82
6919680,101,32,-1,83
6920190,13,54,0,83
6920700,28,13,9,74
6921210,29,97,-5,79
6921720,68,56,1,78
6922230,2,36,-1,79
6922740,24,39,-7,86
6923250,92,42,1,85
6923760,4,22,5,80
6924270,26,25,4,76
6924780,27,28,-2,78
6925290,28,43,-1,79
6925800,96,66,-2,81
6926310,30,46,6,75
6926820,98,69,-5,80
6927330,32,49,-3,83
6927840,100,72,1,82
6928350,34,52,1,81
6928860,0,75,-3,84
6929370,39,34,7,77
6929880,40,3,-1,78
6930390,21,6,-2,80
6930900,42,52,1,79
6931410,8,35,-11,90
6931920,30,38,13,77
6932430,97,21,-3,80
6932940,53,24,6,74
6933450,67,4,-9,83
6933960,41,7,11,72
6934470,42,16,-2,74
6934980,16,36,-12,86
6935490,38,39,6,80
6936000,39,22,1,79
6936510,40,58,-6,85
6937020,6,41,6,79
6937530,28,44,0,79
6938040,96,67,-1,80
6938550,30,47,-1,81
6939060,98,70,2,79
6939570,32,50,-7,86
6940080,100,57,5,81
6940590,23,37,0,81
6941100,91,40,6,75
6941610,3,20,-6,81
6942120,25,99,5,76
6942630,52,58,6,70
6943140,18,47,-9,79
6943650,86,54,-3,82
6944160,20,34,-2,84
6944670,41,37,3,81
6945180,60,20,-2,83
6945690,34,29,3,80
6946200,35,100,1,79
6946710,45,46,1,78
6947220,64,29,4,74
6947730,78,9,-6,80
6948240,52,12,4,76
6948750,66,21,-2,78
6949260,68,1,5,73
6949770,42,4,-5,78
6950280,23,7,-3,81
6950790,44,53,-1,82
6951300,63,36,6,76
6951810,37,55,-7,83
6952320,3,78,3,80
6952830,42,37,7,73
6953340,61,4,-4,77
6953850,35,7,-2,79
6954360,36,16,6,73
6954870,37,36,-6,79
6955380,56,19,5,74
6955890,50,39,3,71
6956400,69,6,-2,73
6956910,43,9,-7,80
6957420,24,18,8,72
6957930,45,33,-4,76
6958440,46,52,-2,78
6958950,12,41,0,78
6959460,34,0,0,78
6959970,55,3,4,74
6960480,36,6,-4,78
6960990,37,26,2,76
6961500,38,97,-1,77
6962010,4,56,-2,79
6962520,25,15,-1,80
6963030,26,84,3,77
6963540,36,43,-8,85
6964050,2,26,6,79
6964560,24,29,3,76
6965070,25,32,1,75
6965580,93,35,0,75
6966090,5,57,-6,81
6966600,15,32,-4,85
6967110,83,35,8,77
6967620,17,15,4,73
6968130,14,18,-19,92
6968640,35,21,15,77
6969150,36,90,0,77
6969660,2,49,-2,79
6970170,12,8,0,79
6970680,33,11,6,73
6971190,34,96,-7,80
6971700,69,55,5,75
6972210,3,35,-9,84
6972720,25,38,2,82
6973230,93,45,1,81
6973740,5,25,0,81
6974250,27,28,5,76
6974760,28,17,-1,77
6975270,29,86,-5,82
6975780,39,45,2,80
6976290,5,34,2,78
6976800,27,37,-4,82
6977310,28,44,4,78
6977820,96,51,1,77
6978330,8,31,-5,82
6978840,30,34,0,82
6979350,31,17,7,75
6979860,32,88,-9,84
6980370,67,47,4,80
6980880,41,27,4,76
6981390,42,46,-3,79
6981900,8,29,0,79
6982410,30,32,-2,81
6982920,31,15,7,74
6983430,32,86,-9,83
6983940,67,45,8,75
6984450,41,25,1,74
6984960,42,45,-4,78
6985470,8,34,-7,85
6985980,30,37,4,81
6986490,51,20,2,79
6987000,32,29,0,79
6987510,33,12,2,77
6988020,34,32,-4,81
6988530,46,15,5,76
6989040,47,35,3,73
6989550,66,2,0,73
6990060,40,5,-7,80
6990570,21,20,-2,82
6991080,18,23,-4,86
6991590,39,26,11,75
6992100,40,46,2,73
6992610,59,29,2,71
6993120,73,9,-9,80
6993630,54,12,3,77
6994140,28,32,0,77
6994650,29,15,1,76
6995160,30,35,-1,77
6995670,31,18,1,76
6996180,32,0,3,73
6996690,53,3,-3,76
6997200,45,6,-5,81
6997710,46,9,5,76
6998220,27,18,-2,78
6998730,39,0,2,76
6999240,54,3,-3,79
6999750,35,6,1,78
7000260,16,77,-3,81
7000770,31,36,-2,83
7001280,32,19,3,80
7001790,57,1,4,76
7002300,38,4,1,75
7002810,19,75,-9,84
7003320,58,34,11,73
7003830,94,14,-9,82
7004340,50,17,7,75
7004850,31,37,-4,79
7005360,28,20,-8,87
7005870,49,2,11,76
7006380,30,5,3,73
7006890,51,51,-2,75
7007400,17,40,-8,83
7007910,39,47,3,80
7008420,74,30,5,75
7008930,100,50,-11,86
7009440,12,30,8,78
7009950,34,33,-5,83
7010460,35,16,8,75
7010970,36,36,0,75
7011480,37,19,-3,78
7011990,38,38,5,73
7012500,57,21,-4,77
7013010,38,41,-2,79
7013520,57,24,2,77
7014030,38,44,-1,78
7014540,4,27,-7,85
7015050,26,30,1,84
7015560,27,33,7,77
7016070,95,16,-6,83
7016580,87,19,6,77
7017090,61,39,7,70
7017600,97,19,-15,85
7018110,53,22,9,76
7018620,67,42,-3,79
7019130,41,22,5,74
7019640,66,42,5,69
7020150,40,22,-6,75
7020660,7,42,-7,82
7021170,30,45,-2,84
7021680,98,28,4,80
7022190,10,48,-4,84
7022700,25,7,11,73
7023210,26,53,-9,82
7023720,94,36,5,77
7024230,6,16,-4,81
7024740,28,19,5,76
7025250,29,1,0,76
7025760,44,86,-3,79
7026270,79,45,-2,81
7026780,53,25,10,71
7027290,67,45,-2,73
7027800,1,25,-10,83
7028310,23,28,2,81
7028820,24,31,0,81
7029330,25,44,0,81
7029840,93,27,1,80
7030350,45,49,-4,84
7030860,64,32,11,73
7031370,38,12,0,73
7031880,39,32,-3,76
7032390,40,15,-1,77
7032900,41,35,-4,81
7033410,42,2,2,79
7033920,23,5,0,79
7034430,44,51,5,74
7034940,10,34,-13,87
7035450,32,37,12,75
7035960,33,20,1,74
7036470,34,2,-1,75
7036980,35,51,-9,84
7037490,1,34,9,75
7038000,23,37,-1,76
7038510,91,44,-3,79
7039020,3,19,3,76
7039530,25,22,-1,77
7040040,26,4,2,75
7040550,27,24,-4,79
7041060,28,6,2,77
7041570,29,15,0,77
7042080,30,99,1,76
7042590,65,58,-2,78
7043100,31,77,-7,85
7043610,99,36,3,82
7044120,11,15,-5,87
7044630,32,18,9,78
7045140,33,0,3,75
7045650,14,3,-9,84
7046160,35,6,7,77
7046670,36,26,0,77
7047180,37,8,0,77
7047690,18,28,-7,84
7048200,39,31,5,79
7048710,58,14,6,73
7049220,32,34,-8,81
7049730,44,17,3,78
7050240,45,37,-2,80
7050750,64,20,3,77
7051260,38,40,3,74
7051770,73,23,-4,78
7052280,47,43,-7,85
7052790,66,26,7,78
7053300,40,46,1,77
7053810,52,29,5,72
7054320,66,49,0,72
7054830,0,29,-11,83
7055340,22,32,0,83
7055850,23,35,4,79
7056360,45,38,-4,83
7056870,46,21,5,78
7057380,60,41,4,74
7057890,96,60,0,74
7058400,30,40,-4,78
7058910,98,23,-5,83
7059420,10,43,4,79
7059930,32,46,4,75
7060440,100,29,-14,89
7060950,12,51,6,83
7061460,27,10,10,73
7061970,28,56,-6,79
7062480,96,39,-2,81
7062990,8,61,-4,85
7063500,18,20,8,77
7064010,86,23,-3,80
7064520,100,43,-8,88
7065030,12,23,-1,89
7065540,33,26,8,81
7066050,45,9,9,72
7066560,26,29,-9,81
7067070,23,12,-3,84
7067580,44,81,0,84
7068090,10,50,-1,85
7068600,25,9,13,72
7069110,33,3,-3,75
7069620,34,74,-5,80
7070130,0,33,1,79
7070640,22,36,-3,82
7071150,90,39,-2,84
7071660,2,19,6,78
7072170,24,22,0,78
7072680,25,16,-2,80
7073190,26,85,0,80
7073700,36,44,1,79
7074210,2,27,-2,81
7074720,24,30,2,79
7075230,45,33,-2,81
7075740,57,52,4,77
7076250,15,21,-9,86
7076760,37,24,7,79
7077270,38,43,3,76
7077780,73,26,0,76
7078290,47,46,-6,82
7078800,13,29,-3,85
7079310,35,32,7,78
7079820,36,15,-1,79
7080330,48,35,-2,81
7080840,49,54,3,78
7081350,15,37,-3,81
7081860,37,40,1,80
7082370,49,23,0,80
7082880,63,43,7,73
7083390,99,62,-8,81
7083900,33,42,2,79
7084410,45,25,1,78
7084920,46,44,0,78
7085430,81,27,-2,80
7085940,55,47,0,80
7086450,13,66,-5,85
7086960,23,25,12,73
7087470,24,28,-6,79
7087980,25,31,6,73
7088490,47,14,-3,76
7089000,28,23,-4,80
7089510,40,6,10,70
7090020,21,77,-11,81
7090530,31,36,3,78
7091040,32,19,1,77
7091550,33,1,3,74
7092060,14,86,-7,81
7092570,24,45,0,81
7093080,64,28,5,76
7093590,45,8,-3,79
7094100,26,17,-3,82
7094610,47,88,1,81
7095120,13,77,-5,86
7095630,42,36,9,77
7096140,61,3,3,74
7096650,35,6,-6,80
7097160,16,26,-4,84
7097670,84,29,8,76
7098180,98,51,-2,78
7098690,10,31,-4,82
7099200,32,34,6,76
7099710,33,17,2,74
7100220,34,37,-1,75
7100730,0,20,-9,84
7101240,22,23,10,74
7101750,23,94,-2,76
7102260,33,53,-8,84
7102770,101,36,-4,88
7103280,13,58,5,83
7103790,28,17,8,75
7104300,29,101,-3,78
7104810,39,60,0,78
7105320,5,43,-2,80
7105830,15,46,2,78
7106340,37,29,-5,83
7106850,49,100,3,80
7107360,84,59,4,76
7107870,18,18,-9,85
7108380,39,21,11,74
7108890,6,41,-10,84
7109400,21,44,6,78
7109910,89,27,-4,82
7110420,1,49,1,81
7110930,11,8,4,77
7111440,32,11,-1,78
7111950,33,31,3,75
7112460,34,14,-3,78
7112970,35,34,1,77
7113480,36,17,0,77
7113990,37,37,-3,80
7114500,38,20,3,77
7115010,50,40,6,71
7115520,69,7,-1,72
7116030,43,10,-5,77
7116540,24,81,-5,82
7117050,34,40,5,77
7117560,69,23,6,71
7118070,50,45,-7,78
7118580,8,14,2,76
7119090,30,17,-1,77
7119600,31,101,-3,80
7120110,66,60,1,79
7120620,0,79,5,74
7121130,10,38,-9,83
7121640,32,41,4,79
7122150,100,24,-3,82
7122660,12,44,-1,83
7123170,34,47,6,77
7123680,0,30,-1,78
7124190,22,33,-1,79
7124700,44,36,4,75
7125210,45,3,-2,77
7125720,26,6,-2,79
7126230,47,52,-1,80
7126740,66,35,3,77
7127250,47,15,2,75
7127760,28,86,-11,86
7128270,38,45,7,79
7128780,39,28,3,76
7129290,40,99,-4,80
7129800,75,58,0,80
7130310,9,38,-4,84
7130820,31,41,2,82
7131330,99,24,1,81
7131840,55,27,7,74
7132350,18,47,-8,82
7132860,40,30,5,77
7133370,41,13,2,75
7133880,42,33,0,75
7134390,43,16,-5,80
7134900,44,36,4,76
7135410,63,19,-4,80
7135920,37,39,1,79
7136430,38,22,4,75
7136940,39,41,-3,78
7137450,51,24,6,72
7137960,65,44,0,72
7138470,101,63,-12,84
7138980,35,43,2,82
7139490,47,26,5,77
7140000,61,45,3,74
7140510,97,25,-4,78
7141020,9,28,-3,81
7141530,31,31,1,80
7142040,32,14,4,76
7142550,33,33,-4,80
7143060,34,16,3,77
7143570,46,35,4,73
7144080,65,4,5,68
7144590,39,7,-7,75
7145100,20,78,-3,78
7145610,49,37,4,74
7146120,68,6,2,72
7146630,42,9,-5,77
7147140,23,80,-4,81
7147650,52,39,8,73
7148160,10,58,-8,81
7148670,32,17,7,74
7149180,44,101,-3,77
7149690,10,60,-5,82
7150200,20,19,8,74
7150710,21,22,-5,79
7151220,33,25,1,78
7151730,79,8,6,72
7152240,35,11,-5,77
7152750,36,31,1,76
7153260,37,0,0,76
7153770,18,85,-3,79
7154280,47,44,2,77
7154790,13,24,-9,86
7155300,35,27,9,77
7155810,85,98,-4,81
7156320,19,87,0,81
7156830,48,46,7,74
7157340,14,15,-7,81
7157850,35,18,-2,83
7158360,47,37,10,73
7158870,5,56,-11,84
7159380,15,15,2,82
7159890,36,18,8,74
7160400,26,38,-6,80
7160910,94,21,-2,82
7161420,50,24,10,72
7161930,64,44,-3,75
7162440,100,24,-9,84
7162950,12,27,2,82
7163460,34,30,5,77
7163970,35,13,3,74
7164480,36,84,-10,84
7164990,71,43,5,79
7165500,45,23,6,73
7166010,59,43,-3,76
7166520,95,62,-4,80
7167030,29,42,-1,81
7167540,97,25,0,81
7168050,53,28,3,78
7168560,67,48,0,78
7169070,1,67,-3,81
7169580,30,26,2,79
7170090,31,93,-2,81
7170600,66,52,13,68
7171110,0,32,-11,79
7171620,22,35,-5,84
7172130,44,38,8,76
7172640,45,7,3,73
7173150,46,78,-6,79
7173660,12,47,-8,87
7174170,34,50,3,84
7174680,0,33,5,79
7175190,22,36,-8,87
7175700,43,39,14,73
7176210,1,8,-5,78
7176720,23,11,-1,79
7177230,35,95,0,79
7177740,70,54,4,75
7178250,4,34,-6,81
7178760,26,37,3,78
7179270,94,40,2,76
7179780,6,20,-8,84
7180290,59,23,10,74
7180800,33,32,-4,78
7181310,34,1,9,69
7181820,15,72,-11,80
7182330,44,31,4,76
7182840,45,50,-1,77
7183350,11,49,2,75
7183860,33,8,-2,77
7184370,34,17,4,73
7184880,35,37,-2,75
7185390,54,20,6,69
7185900,28,40,-8,77
7186410,50,43,-6,83
7186920,51,26,5,78
7187430,65,46,2,76
7187940,42,26,0,76
7188450,0,8,-6,82
7188960,22,11,5,77
7189470,23,14,4,73
7189980,24,83,-7,80
7190490,53,42,8,72
7191000,89,11,-13,85
7191510,45,14,10,75
7192020,59,34,3,72
7192530,95,54,-11,83
7193040,7,34,4,79
7193550,29,37,-5,84
7194060,97,40,3,81
7194570,9,62,-2,83
7195080,38,21,11,72
7195590,98,41,-8,80
7196100,10,21,-4,84
7196610,32,24,10,74
7197120,33,95,-7,81
7197630,43,54,-2,83
7198140,9,37,6,77
7198650,31,40,-4,81
7199160,99,23,4,77
7199670,11,26,-4,81
7200180,33,29,1,80
7200690,34,12,4,76
7201200,35,21,-1,77
7201710,36,3,0,77
7202220,37,74,-5,82
7202730,3,33,3,79
7203240,25,36,2,77
7203750,93,25,0,77
7204260,5,47,-6,83
7204770,27,6,4,79
7205280,28,52,-5,84
7205790,63,35,8,76
7206300,77,15,4,72
7206810,51,37,-6,78
7207320,9,6,-9,87
7207830,24,9,11,76
7208340,25,3,2,74
7208850,40,49,-9,83
7209360,75,32,1,82
7209870,49,12,6,76
7210380,30,32,-8,84
7210890,27,21,2,82
7211400,39,92,1,81
7211910,5,51,4,77
7212420,27,10,0,77
7212930,39,56,-4,81
7213440,5,26,-6,87
7213950,27,29,7,80
7214460,28,32,5,75
7214970,96,21,-3,78
7215480,52,24,4,74
7215990,66,33,-2,76
7216500,80,13,-2,78
7217010,54,16,-2,80
7217520,35,25,0,80
7218030,36,96,4,76
7218540,71,55,-1,77
7219050,5,35,-4,81
7219560,27,38,4,77
7220070,95,27,-3,80
7220580,7,64,4,76
7221090,36,23,1,75
7221600,37,94,-4,79
7222110,72,53,-2,81
7222620,6,33,2,79
7223130,28,36,1,78
7223640,50,39,1,77
7224150,75,6,-11,88
7224660,49,9,7,81
7225170,30,18,2,79
7225680,51,87,-2,81
7226190,17,90,2,79
7226700,46,49,-3,82
7227210,12,38,0,82
7227720,34,41,3,79
7228230,69,30,0,79
7228740,83,10,-7,86
7229250,24,13,9,77
7229760,21,97,-4,81
7230270,50,56,3,78
7230780,16,39,-4,82
7231290,38,42,4,78
7231800,4,25,-3,81
7232310,26,28,0,81
7232820,27,31,2,79
7233330,39,20,3,76
7233840,51,40,2,74
7234350,9,29,-7,81
7234860,31,32,-2,83
7235370,43,35,10,73
7235880,1,4,-12,85
7236390,12,7,0,85
7236900,33,10,11,74
7237410,45,19,-2,76
7237920,59,28,2,74
7238430,73,8,-3,77
7238940,47,11,2,75
7239450,61,20,-1,76
7239960,35,40,-4,80
7240470,70,23,8,72
7240980,44,45,-8,80
7241490,2,28,-7,87
7242000,92,31,6,81
7242510,4,53,3,78
7243020,33,12,3,75
7243530,45,21,-2,77
7244040,59,30,6,71
7244550,33,10,-5,76
7245060,14,81,-4,80
7245570,43,89,4,76
7246080,9,48,-6,82
7246590,31,7,10,72
7247100,32,78,-11,83
7247610,71,37,7,76
7248120,85,17,4,72
7248630,41,39,-3,75
7249140,101,28,-6,81
7249650,13,65,-2,83
7250160,42,24,10,73
7250670,0,95,-11,84
7251180,39,54,4,80
7251690,5,37,-3,83
7252200,27,40,0,83
7252710,95,43,2,81
7253220,7,23,-1,82
7253730,29,26,3,79
7254240,41,97,3,76
7254750,7,56,-6,82
7255260,36,15,8,74
7255770,48,35,2,72
7256280,6,4,-12,84
7256790,27,7,10,74
7257300,28,16,-2,76
7257810,40,100,-1,77
7258320,6,59,-4,81
7258830,35,18,5,76
7259340,47,27,1,75
7259850,5,9,-7,82
7260360,27,12,8,74
7260870,39,96,-5,79
7261380,5,55,-9,88
7261890,27,14,11,77
7262400,39,98,-1,78
7262910,74,57,1,77
7263420,8,37,-7,84
7263930,30,40,6,78
7264440,98,23,-3,81
7264950,54,26,10,71
7265460,68,68,-4,75
7265970,2,48,-8,83
7266480,24,7,5,78
7266990,36,53,-4,82
7267500,2,36,-2,84
7268010,24,39,-5,89
7268520,92,42,4,85
7269030,4,22,3,82
7269540,26,25,8,74
7270050,23,40,-13,87
7270560,20,43,2,85
7271070,42,46,6,79
7271580,8,35,-4,83
7272090,30,38,4,79
7272600,42,27,4,75
7273110,0,9,-7,82
7273620,22,12,5,77
7274130,34,96,-1,78
7274640,73,55,-4,82
7275150,7,35,0,82
7275660,29,38,3,79
7276170,51,27,5,74
7276680,18,36,-10,84
7277190,40,39,7,77
7277700,52,28,4,73
7278210,66,37,1,72
7278720,40,17,0,72
7279230,54,101,-5,77
7279740,20,60,-9,86
7280250,42,63,4,82
7280760,8,86,2,80
7281270,47,45,4,76
7281780,5,34,-3,79
7282290,27,37,4,75
7282800,49,40,-2,77
7283310,7,9,-5,82
7283820,29,12,1,81
7284330,41,96,11,70
7284840,7,55,-15,85
7285350,29,14,9,76
7285860,41,98,-2,78
7286370,7,57,-5,83
7286880,29,73,-5,88
7287390,59,76,9,79
7287900,25,65,-3,82
7288410,47,24,7,75
7288920,61,33,4,71
7289430,75,13,-8,79
7289940,31,16,0,79
7290450,43,100,-1,80
7290960,78,59,4,76
7291470,12,39,-8,84
7291980,34,42,6,78
7292490,46,25,6,72
7293000,60,34,0,72
7293510,74,14,-1,73
7294020,30,17,-3,76
7294530,14,101,-4,80
7295040,53,60,1,79
7295550,19,43,-4,83
7296060,41,46,5,78
7296570,53,29,4,74
7297080,67,38,-1,75
7297590,1,18,-7,82
7298100,23,21,5,77
7298610,9,99,-5,82
7299120,48,58,4,78
7299630,14,47,-4,82
7300140,36,6,3,79
7300650,17,9,2,77
7301160,38,12,4,73
7301670,66,21,-5,78
7302180,47,24,4,74
7302690,61,33,4,70
7303200,75,13,-5,75
7303710,31,16,-5,80
7304220,43,100,2,78
7304730,78,59,-3,81
7305240,12,39,1,80
7305750,34,42,-1,81
7306260,0,25,0,81
7306770,22,28,0,81
7307280,44,31,10,71
7307790,2,13,-13,84
7308300,24,16,10,74
7308810,36,19,1,73
7309320,53,1,-6,79
7309830,34,4,4,75
7310340,46,13,-4,79
7310850,27,22,-4,83
7311360,24,25,1,82
7311870,45,28,5,77
7312380,3,10,-11,88
7312890,25,13,15,73
7313400,37,97,-8,81
7313910,76,16,2,79
7314420,17,19,5,74
7314930,39,22,-2,76
7315440,64,4,-3,79
7315950,38,7,0,79
7316460,19,16,1,78
7316970,40,19,-1,79
7317480,68,1,5,74
7317990,49,4,1,73
7318500,30,7,-7,80
7319010,42,16,11,69
7319520,56,25,-1,70
7320030,70,5,-3,73
7320540,44,8,-2,75
7321050,25,17,-8,83
7321560,37,86,0,83
7322070,72,45,4,79
7322580,46,25,2,77
7323090,74,96,-4,81
7323600,40,66,-6,87
7324110,6,69,8,79
7324620,35,28,-2,81
7325130,47,95,0,81
7325640,13,54,-4,85
7326150,35,13,14,71
7326660,43,22,-1,72
7327170,57,31,-1,73
7327680,71,11,-3,76
7328190,45,14,1,75
7328700,59,23,3,72
7329210,73,32,-7,79
7329720,87,69,-1,80
7330230,21,49,-2,82
7330740,43,52,0,82
7331250,9,41,-1,83
7331760,31,44,4,79
7332270,53,33,3,76
7332780,67,28,2,74
7333290,48,8,-5,79
7333800,29,11,-3,82
7334310,41,20,6,76
7334820,55,2,-1,77
7335330,36,5,-2,79
7335840,51,14,8,71
7336350,25,23,-7,78
7336860,26,26,3,75
7337370,38,29,-1,76
7337880,63,98,-11,87
7338390,29,87,7,80
7338900,68,46,5,75
7339410,2,26,-10,85
7339920,24,29,8,77
7340430,36,32,-1,78
7340940,55,47,2,76
7341450,80,66,-2,78
7341960,14,46,-14,92
7342470,36,49,8,84
7342980,58,38,12,72
7343490,94,47,-5,77
7344000,6,27,-3,80
7344510,28,30,1,79
7345020,29,33,-3,82
7345530,26,36,-4,86
7346040,23,39,-1,87
7346550,44,42,9,78
7347060,10,31,-5,83
7347570,32,34,4,79
7348080,44,37,3,76
7348590,69,4,0,76
7349100,43,7,1,75
7349610,24,16,-7,82
7350120,45,19,6,76
7350630,53,28,2,74
7351140,67,37,1,73
7351650,81,17,-7,80
7352160,73,20,3,77
7352670,29,23,-1,78
7353180,41,92,-3,81
7353690,80,51,-1,82
7354200,14,31,0,82
7354710,36,34,10,72
7355220,48,1,-3,75
7355730,29,4,-4,79
7356240,44,7,2,77
7356750,25,16,0,77
7357260,37,85,-15,92
7357770,76,44,12,80
7358280,50,24,9,71
7358790,64,33,-8,79
7359300,45,13,2,77
7359810,19,22,-10,87
7360320,40,25,12,75
7360830,48,24,-2,77
7361340,62,33,1,76
7361850,76,13,4,72
7362360,68,16,-3,75
7362870,60,19,-1,76
7363380,34,22,2,74
7363890,46,91,-7,81
7364400,81,50,2,79
7364910,33,30,0,79
7365420,45,45,2,77
7365930,64,34,-5,82
7366440,45,14,9,73
7366950,26,23,-6,79
7367460,38,26,4,75
7367970,98,8,-5,80
7368480,54,11,-3,83
7368990,35,14,12,71
7369500,47,23,-1,72
7370010,61,32,1,71
7370520,79,12,-4,75
7371030,35,15,-4,79
7371540,47,24,4,75
7372050,61,33,-1,76
7372560,75,13,-12,88
7373070,49,16,16,72
7373580,23,25,-8,80
7374090,35,28,1,79
7374600,90,97,-4,83
7375110,24,22,6,77
7375620,36,25,0,77
7376130,48,7,2,75
7376640,29,16,-8,83
7377150,50,100,6,77
7377660,16,59,-8,85
7378170,55,18,8,77
7378680,69,27,1,76
7379190,83,7,-3,79
7379700,39,10,1,78
7380210,20,19,-2,80
7380720,41,22,4,76
7381230,69,4,0,76
7381740,43,7,-4,80
7382250,24,10,-2,82
7382760,45,94,5,77
7383270,80,53,-1,78
7383780,14,33,-5,83
7384290,36,36,3,80
7384800,55,51,4,76
7385310,13,40,-10,86
7385820,35,43,3,83
7386330,32,32,3,80
7386840,44,21,1,79
7387350,58,30,1,78
7387860,72,10,4,74
7388370,46,13,0,74
7388880,27,22,-7,81
7389390,48,91,-1,82
7389900,87,50,1,81
7390410,101,30,-1,82
7390920,13,20,-2,84
7391430,35,23,6,78
7391940,47,92,1,77
7392450,13,47,-7,84
7392960,35,6,11,73
7393470,36,15,-1,74
7393980,48,24,0,74
7394490,62,33,1,73
7395000,76,13,-1,74
7395510,32,16,-5,79
7396020,60,85,-3,82
7396530,26,74,-4,86
7397040,65,33,10,76
7397550,79,13,-3,79
7398060,35,16,2,77
7398570,47,25,1,76
7399080,75,34,-3,79
7399590,56,14,3,76
7400100,37,17,-3,79
7400610,49,26,6,73
7401120,63,35,1,72
7401630,77,47,-3,75
7402140,29,27,-8,83
7402650,41,42,7,76
7403160,60,31,0,76
7403670,74,11,-6,82
7404180,48,14,7,75
7404690,62,23,-1,76
7405200,36,26,1,75
7405710,61,95,-6,81
7406220,27,84,-2,83
7406730,56,43,5,78
7407240,14,59,-6,84
7407750,29,18,5,79
7408260,41,0,-2,81
7408770,39,3,1,80
7409280,20,6,-3,83
7409790,41,79,-10,93
7410300,14,82,10,83
7410810,43,41,6,77
7411320,12,30,-7,84
7411830,34,33,4,80
7412340,46,48,1,79
7412850,58,37,8,71
7413360,99,17,-10,81
7413870,55,54,1,80
7414380,13,43,0,80
7414890,35,46,0,80
7415400,1,35,-4,84
7415910,23,38,1,83
7416420,45,41,7,76
7416930,64,30,-2,78
7417440,78,10,4,74
7417950,70,13,1,73
7418460,51,50,-7,80
7418970,9,33,-6,86
7419480,31,36,8,78
7419990,53,25,2,76
7420500,67,34,3,73
7421010,81,71,-5,78
7421520,15,6,1,77
7422030,36,75,-2,79
7422540,71,34,0,79
7423050,23,14,3,76
7423560,35,17,1,75
7424070,47,101,-3,78
7424580,86,60,2,76
7425090,20,40,-9,85
7425600,42,43,11,74
7426110,8,10,-10,84
7426620,30,13,8,76
7427130,42,22,-1,77
7427640,70,4,4,73
7428150,62,7,-7,80
7428660,43,10,3,77
7429170,51,19,4,73
7429680,65,28,-4,77
7430190,79,8,6,71
7430700,35,11,-5,76
7431210,43,20,-5,81
7431720,71,29,3,78
7432230,85,66,-2,80
7432740,19,46,3,77
7433250,41,49,-4,81
7433760,7,38,-1,82
7434270,29,99,6,76
7434780,68,58,3,73
7435290,2,95,-12,85
7435800,41,54,5,80
7436310,7,43,-1,81
7436820,29,2,5,76
7437330,44,5,2,74
7437840,52,8,-1,75
7438350,33,11,-3,78
7438860,61,20,5,73
7439370,42,29,-2,75
7439880,61,11,1,74
7440390,35,14,-3,77
7440900,47,23,3,74
7441410,61,32,-6,80
7441920,75,12,-8,88
7442430,27,15,14,74
7442940,52,84,-10,84
7443450,18,87,3,81
7443960,57,46,10,71
7444470,55,62,-8,79
7444980,21,51,1,78
7445490,43,54,1,77
7446000,9,43,-10,87
7446510,24,2,14,73
7447020,39,75,-9,82
7447530,5,34,-1,83
7448040,27,37,-1,84
7448550,49,40,6,78
7449060,74,7,4,74
7449570,30,10,-1,75
7450080,38,8,3,72
7450590,66,17,-8,80
7451100,80,20,9,71
7451610,36,23,-5,76
7452120,61,5,9,67
7452630,53,8,-9,76
7453140,34,11,1,75
7453650,46,20,0,75
7454160,60,29,2,73
7454670,74,9,1,72
7455180,67,12,-2,74
7455690,59,15,0,74
7456200,73,18,-3,77
7456710,87,21,-8,85
7457220,5,24,8,77
7457730,27,27,-4,81
7458240,39,30,5,76
7458750,58,12,-8,84
7459260,39,15,9,75
7459770,47,24,2,73
7460280,61,4,-5,78
7460790,95,73,3,75
7461300,29,53,-6,81
7461810,97,42,-3,84
7462320,9,22,0,84
7462830,31,25,9,75
7463340,56,94,-2,77
7463850,22,53,-11,88
7464360,90,56,8,80
7464870,24,36,3,77
7465380,92,39,-7,84
7465890,4,19,5,79
7466400,26,22,-1,80
7466910,38,25,7,73
7467420,63,7,-3,76
7467930,44,10,3,73
7468440,52,19,2,71
7468950,66,28,-7,78
7469460,40,8,-1,79
7469970,21,17,-2,81
7470480,33,20,5,76
7470990,45,2,-6,82
7471500,26,5,3,79
7472010,47,78,-6,85
7472520,13,81,1,84
7473030,35,40,1,83
7473540,47,29,9,74
7474050,75,98,-1,75
7474560,41,87,-1,76
7475070,76,46,-1,77
7475580,28,26,4,73
7476090,40,29,-6,79
7476600,59,11,6,73
7477110,51,14,-3,76
7477620,25,23,-1,77
7478130,37,26,-1,78
7478640,62,8,-6,84
7479150,90,11,8,76
7479660,46,14,0,76
7480170,54,23,-4,80
7480680,68,32,10,70
7481190,82,12,-7,77
7481700,38,15,-1,78
7482210,66,24,3,75
7482720,80,4,-1,76
7483230,36,7,-1,77
7483740,44,16,6,71
7484250,58,25,-4,75
7484760,15,34,-8,83
7485270,37,37,4,79
7485780,62,26,1,78
7486290,76,35,0,78
7486800,90,15,3,75
7487310,46,18,3,72
7487820,60,27,-2,74
7488330,74,7,-7,81
7488840,26,10,5,76
7489350,38,19,-3,79
7489860,50,28,8,71
7490370,64,8,-7,78
7490880,16,11,-2,80
7491390,37,14,5,75
7491900,49,23,-1,76
7492410,63,32,-4,80
7492920,101,12,1,79
7493430,57,15,2,77
7493940,31,24,2,75
7494450,43,93,-8,83
7494960,78,52,3,80
7495470,12,32,2,78
7495980,34,35,-2,80
7496490,46,38,5,75
7497000,71,5,-7,82
7497510,23,8,7,75
7498020,35,17,1,74
7498530,43,26,-2,76
7499040,68,8,6,70
7499550,60,11,-8,78
7500060,34,14,2,76
7500570,46,23,4,72
7501080,60,32,1,71
7501590,74,12,-7,78
7502100,26,15,3,75
7502610,38,99,-1,76
7503120,77,58,-1,77
7503630,11,38,-2,79
7504140,33,41,-12,91
7504650,30,44,7,84
7505160,98,47,5,79
7505670,10,27,-6,85
7506180,32,30,9,76
7506690,44,12,2,74
7507200,58,21,2,72
7507710,72,1,-7,79
7508220,24,4,4,75
7508730,52,77,-13,88
7509240,18,72,2,86
7509750,57,31,18,68
7510260,71,11,-10,78
7510770,97,14,4,74
7511280,53,17,2,72
7511790,67,26,-11,83
7512300,48,29,2,81
7512810,73,55,3,78
7513320,7,35,-4,82
7513830,29,38,2,80
7514340,51,41,5,75
7514850,76,8,-1,76
7515360,32,11,0,76
7515870,57,20,3,73
7516380,71,29,-1,74
7516890,85,9,-1,75
7517400,41,12,-4,79
7517910,69,21,-2,81
7518420,83,1,3,78
7518930,39,4,1,77
7519440,20,7,-4,81
7519950,41,80,-2,83
7520460,76,39,8,75
7520970,90,19,-2,77
7521480,2,22,-8,85
7521990,14,25,1,84
7522500,36,28,6,78
7523010,48,97,1,77
7523520,83,56,1,76
7524030,39,36,1,75
7524540,58,3,3,72
7525050,10,6,-8,80
7525560,31,9,4,76
7526070,59,18,4,72
7526580,15,27,-11,83
7527090,37,30,10,73
7527600,62,12,-4,77
7528110,76,15,0,77
7528620,90,18,-2,79
7529130,2,21,0,79
7529640,24,24,-2,81
7530150,36,27,6,75
7530660,61,96,2,73
7531170,27,85,-7,80
7531680,34,44,2,78
7532190,0,33,-4,82
7532700,21,36,4,78
7533210,89,39,2,76
7533720,1,19,-3,79
7534230,23,22,0,79
7534740,51,25,8,71
7535250,65,34,-8,79
7535760,79,34,-3,82
7536270,93,14,-2,84
7536780,49,17,13,71
7537290,63,26,-3,74
7537800,15,35,-7,81
7538310,37,38,3,78
7538820,62,27,2,76
7539330,76,7,0,76
7539840,32,10,2,74
7540350,60,19,2,72
7540860,74,28,-4,76
7541370,88,31,-4,80
7541880,0,68,-4,84
7542390,39,27,5,79
7542900,64,9,1,78
7543410,16,12,-5,83
7543920,37,15,8,75
7544430,45,24,4,71
7544940,59,33,-3,74
7545450,73,13,-6,80
7545960,25,16,3,77
7546470,50,85,-6,83
7546980,16,99,6,77
7547490,55,58,-5,82
7548000,21,41,-3,85
7548510,43,44,9,76
7549020,9,33,-5,81
7549530,31,36,1,80
7550040,29,39,-7,87
7550550,97,42,5,82
7551060,9,79,-1,83
7551570,52,38,4,79
7552080,77,5,2,77
7552590,33,8,2,75
7553100,34,17,-1,76
7553610,46,26,3,73
7554120,60,35,-2,75
7554630,74,15,-4,79
7555140,88,18,-3,82
7555650,44,83,3,79
7556160,10,42,-6,85
7556670,32,45,0,85
7557180,54,48,11,74
7557690,52,37,-3,77
7558200,77,32,-2,79
7558710,91,37,5,74
7559220,3,17,-4,78
7559730,25,20,-1,79
7560240,37,23,3,76
7560750,62,5,0,76
7561260,14,8,-5,81
7561770,16,11,0,81
7562280,37,14,6,75
7562790,65,23,-4,79
7563300,67,60,0,79
7563810,1,97,-5,84
7564320,40,56,7,77
7564830,6,45,0,77
7565340,28,48,-6,83
7565850,96,51,1,82
7566360,8,31,-3,85
7566870,30,34,8,77
7567380,98,23,-5,82
7567890,10,60,-2,84
7568400,32,19,7,77
7568910,66,88,-6,83
7569420,32,77,-5,88
7569930,100,36,6,82
7570440,12,73,3,79
7570950,51,32,0,79
7571460,65,27,3,76
7571970,79,36,0,76
7572480,93,16,0,76
7572990,5,19,-8,84
7573500,27,22,8,76
7574010,28,25,-3,79
7574520,40,28,2,77
7575030,65,97,-4,81
7575540,31,86,-2,83
7576050,38,45,4,79
7576560,57,34,-1,80
7577070,71,29,4,76
7577580,85,9,-3,79
7578090,41,12,6,73
7578600,55,21,-2,75
7579110,69,30,-5,80
7579620,21,10,4,76
7580130,33,79,-5,81
7580640,101,38,4,77
7581150,13,75,-2,79
7581660,35,34,-1,80
7582170,56,23,4,76
7582680,70,32,-2,78
7583190,22,12,3,75
7583700,34,15,-4,79
7584210,42,24,0,79
7584720,50,6,-2,81
7585230,31,9,7,74
7585740,32,18,-4,78
7586250,44,0,-3,81
7586760,25,3,4,77
7587270,40,49,-1,78
7587780,6,38,-1,79
7588290,28,41,-5,84
7588800,50,44,7,77
7589310,48,11,1,76
7589820,76,31,-1,77
7590330,90,68,-1,78
7590840,24,48,-4,82
7591350,46,62,-3,85
7591860,12,45,9,76
7592370,34,4,1,75
7592880,15,13,-9,84
7593390,36,16,11,73
7593900,44,36,-2,75
7594410,42,3,-2,77
7594920,23,6,2,75
7595430,44,15,5,70
7595940,58,24,0,70
7596450,72,33,-5,75
7596960,53,13,-2,77
7597470,43,22,6,71
7597980,57,31,-1,72
7598490,71,11,-4,76
7599000,23,14,-4,80
7599510,45,83,-5,85
7600020,11,42,4,81
7600530,33,45,4,77
7601040,101,34,-4,81
7601550,13,71,3,78
7602060,35,30,-2,80
7602570,47,12,4,76
7603080,55,21,1,75
7603590,69,30,-3,78
7604100,21,10,5,73
7604610,29,83,-10,83
7605120,36,42,2,81
7605630,34,31,-6,87
7606140,55,34,18,69
7606650,18,29,-14,83
7607160,40,32,8,75
7607670,65,14,0,75
7608180,57,17,-3,78
7608690,31,20,-2,80
7609200,65,89,-3,83
7609710,31,78,-2,85
7610220,38,37,7,78
7610730,57,26,-1,79
7611240,71,35,5,74
7611750,23,15,-8,82
7612260,44,84,-2,84
7612770,10,43,2,82
7613280,32,46,-3,85
7613790,100,49,4,81
7614300,12,86,2,79
7614810,34,45,-3,82
7615320,0,34,-2,84
7615830,15,37,3,81
7616340,37,40,4,77
7616850,56,29,-1,78
7617360,70,38,8,70
7617870,84,18,-16,86
7618380,8,21,3,83
7618890,23,24,2,81
7619400,45,27,5,76
7619910,73,36,-5,81
7620420,87,16,2,79
7620930,43,19,8,71
7621440,57,39,-5,76
7621950,93,65,-2,78
7622460,27,0,-1,79
7622970,42,3,7,72
7623480,23,6,-6,78
7623990,31,15,-1,79
7624500,39,86,-5,84
7625010,12,45,5,79
7625520,27,48,-2,81
7626030,95,62,0,81
7626540,29,42,-1,82
7627050,97,45,0,82
7627560,9,82,-2,84
7628070,52,41,11,73
7628580,50,8,-4,77
7629090,31,11,2,75
7629600,46,20,4,71
7630110,60,29,-10,81
7630620,41,49,2,79
7631130,7,38,-4,83
7631640,29,41,3,80
7632150,97,44,4,76
7632660,9,81,-9,85
7633170,52,40,9,76
7633680,71,22,0,76
7634190,85,59,-9,85
7634700,19,96,6,79
7635210,48,55,0,79
7635720,14,44,-5,84
7636230,29,47,-2,86
7636740,97,50,4,82
7637250,9,87,-1,83
7637760,48,46,8,75
7638270,46,13,1,74
7638780,54,22,2,72
7639290,68,31,-4,76
7639800,82,11,0,76
7640310,13,14,-12,88
7640820,34,17,15,73
7641330,42,101,-3,76
7641840,8,60,-5,81
7642350,23,19,4,77
7642860,45,22,7,70
7643370,59,31,-2,72
7643880,73,11,-4,76
7644390,65,14,2,74
7644900,39,17,-1,75
7645410,47,26,-2,77
7645920,61,8,2,75
7646430,42,11,-4,79
7646940,70,20,8,71
7647450,44,57,-10,81
7647960,10,46,-9,90
7648470,25,49,7,83
7648980,93,63,-2,85
7649490,27,100,3,82
7650000,56,59,5,77
7650510,22,48,1,76
7651020,90,62,-2,78
7651530,24,42,-6,84
7652040,92,45,2,82
7652550,4,82,-3,85
7653060,43,41,10,75
7653570,62,30,-4,79
7654080,43,67,-9,88
7654590,9,81,5,83
7655100,48,40,6,77
7655610,67,7,0,77
7656120,19,10,-4,81
7656630,34,13,10,71
7657140,42,22,-5,76
7657650,56,42,-1,77
7658160,75,9,2,75
7658670,31,12,4,71
7659180,32,21,-4,75
7659690,40,3,-1,76
7660200,21,6,-5,81
7660710,42,9,3,78
7661220,23,18,1,77
7661730,44,87,-5,82
7662240,79,101,-4,86
7662750,56,90,8,78
7663260,22,2,1,77
7663770,37,5,3,74
7664280,38,8,1,73
7664790,39,17,-1,74
7665300,67,26,5,69
7665810,81,63,-9,78
7666320,15,100,-5,83
7666830,54,59,7,76
7667340,20,48,-6,82
7667850,35,51,2,80
7668360,1,54,-1,81
7668870,22,13,6,75
7669380,56,16,1,74
7669890,37,25,-5,79
7670400,38,7,3,76
7670910,73,16,2,74
7671420,25,19,-1,75
7671930,59,88,-7,82
7672440,25,0,5,77
7672950,40,3,0,77
7673460,21,6,1,76
7673970,29,79,-8,84
7674480,68,38,9,75
7674990,82,18,-1,76
7675500,6,21,-7,83
7676010,28,24,4,79
7676520,29,27,0,79
7677030,63,41,2,77
7677540,99,44,-1,78
7678050,11,81,-8,86
7678560,40,40,11,75
7679070,59,29,4,71
7679580,73,9,-3,74
7680090,65,12,1,73
7680600,17,15,-11,84
7681110,38,18,15,69
7681620,66,27,-4,73
7682130,47,64,-13,86
7682640,13,78,2,84
7683150,28,37,5,79
7683660,26,40,-1,80
7684170,94,38,4,76
7684680,6,75,-6,82
7685190,49,34,0,82
7685700,77,16,10,72
7686210,69,19,-5,77
7686720,43,22,6,71
7687230,57,31,-2,73
7687740,71,34,-1,74
7688250,85,14,-4,78
7688760,77,17,-4,82
7689270,29,20,9,73
7689780,30,2,-6,79
7690290,45,5,2,77
7690800,26,8,3,74
7691310,34,17,0,74
7691820,42,101,-7,81
7692330,81,60,2,79
7692840,15,97,-4,83
7693350,54,56,10,73
7693860,20,80,-5,78
7694370,49,20,4,74
7694880,63,29,0,74
7695390,2,38,-5,79
7695900,17,99,0,79
7696410,56,58,3,76
7696920,22,47,-6,82
7697430,37,50,-3,85
7697940,3,64,0,85
7698450,24,23,3,82
7698960,58,26,8,74
7699470,72,35,-2,76
7699980,86,72,-5,81
7700490,20,7,5,76
7701000,28,16,-2,78
7701510,29,100,2,76
7702020,68,59,-1,77
7702530,2,96,-4,81
7703040,41,55,3,78
7703550,90,58,0,78
7704060,24,95,7,71
7704570,63,54,-1,72
7705080,99,91,-14,86
7705590,12,26,5,81
7706100,34,29,-1,82
7706610,35,11,9,73
7707120,36,20,1,72
7707630,37,2,-4,76
7708140,52,5,-1,77
7708650,33,8,8,69
7709160,34,17,-8,77
7709670,35,101,-1,78
7710180,74,60,-1,79
7710690,8,97,1,78
7711200,47,56,-3,81
7711710,13,45,4,77
7712220,28,4,0,77
7712730,43,7,3,74
7713240,51,10,-3,77
7713750,32,13,3,74
7714260,33,22,-2,76
7714770,34,4,0,76
7715280,35,7,1,75
7715790,36,16,-5,80
7716300,44,25,11,69
7716810,58,45,-3,72
7717320,94,48,-9,81
7717830,6,85,2,79
7718340,45,44,4,75
7718850,64,58,1,74
7719360,100,61,-11,85
7719870,23,41,4,81
7720380,91,44,4,77
7720890,3,81,-1,78
7721400,42,40,7,71
7721910,61,7,-5,76
7722420,13,10,-5,81
7722930,34,13,12,69
7723440,42,22,-5,74
7723950,56,4,5,69
7724460,37,7,-12,81
7724970,52,16,13,68
7725480,66,25,-9,77
7725990,80,28,-2,79
7726500,32,65,-1,80
7727010,100,68,1,79
7727520,34,3,3,76
7728030,49,6,-2,78
7728540,30,9,2,76
7729050,38,12,6,70
7729560,39,21,-7,77
7730070,67,30,1,76
7730580,81,33,-2,78
7731090,95,70,1,77
7731600,29,5,-2,79
7732110,63,14,-3,82
7732620,37,17,6,76
7733130,45,26,-4,80
7733640,59,8,5,75
7734150,40,11,0,75
7734660,48,20,7,68
7735170,62,29,-11,79
7735680,76,66,3,76
7736190,10,1,-7,83
7736700,31,4,5,78
7737210,46,13,2,76
7737720,54,22,3,73
7738230,68,31,-3,76
7738740,82,68,0,76
7739250,16,3,-8,84
7739760,37,6,10,74
7740270,52,15,-1,75
7740780,66,18,-1,76
7741290,80,21,-4,80
7741800,32,24,2,78
7742310,33,27,2,76
7742820,34,30,-8,84
7743330,35,33,6,78
7743840,54,36,1,77
7744350,90,18,-8,85
7744860,2,21,9,76
7745370,24,24,-5,81
7745880,45,27,9,72
7746390,59,36,-4,76
7746900,33,39,-4,80
7747410,52,42,2,78
7747920,77,45,2,76
7748430,29,25,0,76
7748940,30,28,-2,78
7749450,31,31,-2,80
7749960,65,34,6,74
7750470,79,71,-8,82
7750980,13,6,4,78
7751490,34,9,2,76
7752000,35,12,0,76
7752510,36,21,-1,77
7753020,37,3,2,75
7753530,18,6,-9,84
7754040,39,9,6,78
7754550,20,12,-4,82
7755060,41,15,5,77
7755570,49,18,0,77
7756080,63,27,3,74
7756590,77,36,-6,80
7757100,29,73,-1,81
7757610,50,32,8,73
7758120,69,35,-1,74
7758630,21,79,-8,82
7759140,42,38,2,80
7759650,61,37,8,72
7760160,97,40,-9,81
7760670,9,77,2,79
7761180,30,36,7,72
7761690,51,39,-8,80
7762200,70,21,8,72
7762710,44,24,3,69
7763220,58,44,-1,70
7763730,94,47,-14,84
7764240,6,84,0,84
7764750,49,43,3,81
7765260,68,25,7,74
7765770,42,28,-2,76
7766280,61,10,-1,77
7766790,35,13,3,74
7767300,43,22,-2,76
7767810,51,42,1,75
7768320,49,24,2,73
7768830,63,33,-1,74
7769340,15,70,-10,84
7769850,36,29,8,76
7770360,55,11,4,72
7770870,36,14,-2,74
7771380,44,23,1,73
7771890,58,80,-5,78
7772400,24,94,2,76
7772910,63,53,1,75
7773420,99,90,-6,81
7773930,22,25,-5,86
7774440,44,28,14,72
7774950,63,10,-3,75
7775460,37,13,-6,81
7775970,45,16,8,73
7776480,53,25,6,67
7776990,67,34,-13,80
7777500,19,71,0,80
7778010,40,30,3,77
7778520,59,12,0,77
7779030,40,15,5,72
7779540,48,24,-2,74
7780050,62,44,3,71
7780560,31,81,-16,87
7781070,99,40,6,81
7781580,11,77,5,76
7782090,32,36,2,74
7782600,40,39,-5,79
7783110,59,42,5,74
7783620,95,79,-4,78
7784130,29,14,1,77
7784640,37,98,-2,79
7785150,3,57,-1,80
7785660,24,16,2,78
7786170,25,19,-4,82
7786680,26,22,3,79
7787190,47,25,7,72
7787700,61,45,-3,75
7788210,80,82,-2,77
7788720,14,17,-6,83
7789230,35,20,8,75
7789740,43,2,-3,78
7790250,24,5,-1,79
7790760,45,8,3,76
7791270,26,11,0,76
7791780,60,95,-5,81
7792290,81,98,3,78
7792800,15,23,-8,86
7793310,36,26,12,74
7793820,37,8,0,74
7794330,45,17,-7,81
7794840,53,20,11,70
7795350,61,23,-4,74
7795860,75,26,3,71
7796370,49,29,-3,74
7796880,57,32,6,68
7797390,71,66,-7,75
7797900,5,1,-8,83
7798410,20,4,10,73
7798920,28,13,-4,77
7799430,36,97,-1,78
7799940,75,56,-1,79
7800450,40,93,-2,81
7800960,6,52,-2,83
7801470,21,11,7,76
7801980,29,14,-3,79
7802490,37,98,-1,80
7803000,3,57,0,80
7803510,24,16,5,75
7804020,49,19,1,74
7804530,63,28,1,73
7805040,77,65,-9,82
7805550,11,0,1,81
7806060,32,3,5,76
7806570,40,6,-1,77
7807080,21,9,-5,82
7807590,42,12,4,78
7808100,23,21,0,78
7808610,44,24,3,75
7809120,52,6,-4,79
7809630,33,9,5,74
7810140,41,18,1,73
7810650,49,27,-2,75
7811160,63,9,-4,79
7811670,15,12,-4,83
7812180,36,15,8,75
7812690,72,18,-8,83
7813200,46,21,10,73
7813710,54,29,0,73
7814220,68,66,5,68
7814730,2,1,-11,79
7815240,13,4,0,79
7815750,34,7,3,76
7816260,35,16,5,71
7816770,43,25,-7,78
7817280,62,7,1,77
7817790,43,10,3,74
7818300,51,13,-1,75
7818810,65,16,-8,83
7819320,17,19,7,76
7819830,38,22,-3,79
7820340,46,4,7,72
7820850,27,7,-3,75
7821360,35,16,-1,76
7821870,43,100,1,75
7822380,9,59,-7,82
7822890,30,18,3,79
7823400,38,0,0,79
7823910,53,3,4,75
7824420,34,6,-3,78
7824930,42,9,1,77
7825440,23,12,-3,80
7825950,31,15,4,76
7826460,39,99,-1,77
7826970,5,58,-3,80
7827480,26,17,4,76
7827990,27,101,4,72
7828500,66,60,-8,80
7829010,0,97,5,75
7829520,39,56,-9,84
7830030,5,70,9,75
7830540,44,29,0,75
7831050,63,11,-3,78
7831560,44,14,2,76
7832070,52,24,3,73
7832580,33,33,-4,77
7833090,52,36,1,76
7833600,71,18,-2,78
7834110,52,21,4,74
7834620,33,30,-6,80
7835130,52,99,7,73
7835640,73,58,-3,76
7836150,7,95,-3,79
7836660,46,54,-3,82
7837170,12,43,-6,88
7837680,33,46,8,80
7838190,101,49,-2,82
7838700,24,86,2,80
7839210,63,45,3,77
7839720,99,82,-3,80
7840230,33,17,7,73
7840740,41,101,-6,79
7841250,62,60,4,75
7841760,28,74,-9,84
7842270,67,33,10,74
7842780,81,13,-2,76
7843290,33,16,2,74
7843800,41,100,-1,75
7844310,7,59,-7,82
7844820,28,18,6,76
7845330,29,0,-1,77
7845840,50,3,1,76
7846350,31,6,1,75
7846860,32,15,-1,76
7847370,40,99,-1,77
7847880,6,58,-8,85
7848390,27,17,3,82
7848900,35,101,5,77
7849410,74,60,-1,78
7849920,8,97,-3,81
7850430,47,56,2,79
7850940,13,70,-8,87
7851450,34,29,12,75
7851960,35,98,0,75
7852470,1,57,-9,84
7852980,22,16,6,78
7853490,43,85,-1,79
7854000,9,44,-8,87
7854510,30,47,7,80
7855020,98,50,-5,85
7855530,21,87,3,82
7856040,60,46,4,78
7856550,79,41,1,77
7857060,31,21,0,77
7857570,39,3,2,75
7858080,80,6,-5,80
7858590,36,9,10,70
7859100,37,18,-4,74
7859610,45,27,0,74
7860120,59,9,2,72
7860630,40,12,-2,74
7861140,48,21,0,74
7861650,62,30,-2,76
7862160,43,67,-5,81
7862670,9,81,2,79
7863180,48,40,4,75
7863690,40,7,-1,76
7864200,21,10,-1,77
7864710,29,94,-3,80
7865220,58,53,4,76
7865730,94,52,-3,79
7866240,17,89,-9,88
7866750,38,48,17,71
7867260,4,37,-13,84
7867770,25,40,5,79
7868280,93,43,2,77
7868790,5,80,-3,80
7869300,44,39,3,77
7869810,63,28,3,74
7870320,44,65,-10,84
7870830,10,79,6,78
7871340,38,38,-6,84
7871850,57,53,11,73
7872360,23,42,-12,85
7872870,91,45,5,80
7873380,3,82,7,73
7873890,42,41,-3,76
7874400,61,30,9,67
7874910,75,10,-10,77
7875420,49,13,6,71
7875930,57,16,-11,82
7876440,91,19,4,78
7876950,47,94,-4,82
7877460,13,6,0,82
7877970,34,9,10,72
7878480,42,18,-4,76
7878990,50,27,4,72
7879500,64,9,1,71
7880010,29,12,-7,78
7880520,37,96,-5,83
7881030,76,55,9,74
7881540,10,92,-5,79
7882050,49,51,0,79
7882560,68,40,10,69
7883070,49,20,-5,74
7883580,63,29,-4,78
7884090,77,9,2,76
7884600,42,12,0,76
7885110,50,21,9,67
7885620,58,30,-6,73
7886130,72,67,-4,77
7886640,6,2,-3,80
7887150,21,5,-3,83
7887660,42,89,6,77
7888170,8,1,-6,83
7888680,29,4,9,74
7889190,30,7,6,68
7889700,31,16,-10,78
7890210,39,100,-1,79
7890720,5,59,-4,83
7891230,26,18,11,72
7891740,27,0,-6,78
7892250,42,3,0,78
7892760,23,6,-4,82
7893270,44,90,-2,84
7893780,65,49,8,76
7894290,101,86,-5,81
7894800,35,21,8,73
7895310,36,3,-2,75
7895820,37,6,-5,80
7896330,38,9,4,76
7896840,46,18,-1,77
7897350,27,27,-1,78
7897860,35,30,3,75
7898370,54,12,3,72
7898880,35,15,-6,78
7899390,43,99,0,78
7899900,9,58,-2,80
7900410,24,17,2,78
7900920,25,101,3,75
7901430,64,60,-2,77
7901940,30,59,-11,88
7902450,98,88,13,75
7902960,21,23,-10,85
7903470,49,26,11,74
7903980,63,8,-2,76
7904490,89,11,0,76
7905000,45,14,2,74
7905510,53,23,-2,76
7906020,67,32,4,72
7906530,81,12,-9,81
7907040,5,15,2,79
7907550,27,18,5,74
7908060,28,0,-1,75
7908570,43,3,-1,76
7909080,24,6,-8,84
7909590,45,90,5,79
7910100,11,49,-4,83
7910610,26,8,11,72
7911120,34,17,-4,76
7911630,42,101,-6,82
7912140,63,60,8,74
7912650,29,49,-7,81
7913160,97,63,0,81
7913670,20,43,-2,83
7914180,35,46,7,76
7914690,1,35,-2,78
7915200,16,38,-7,85
7915710,31,41,4,81
7916220,99,44,1,80
7916730,11,39,-2,82
7917240,26,42,2,80
7917750,94,45,3,77
7918260,6,25,-4,81
7918770,21,28,3,78
7919280,43,31,1,77
7919790,62,13,2,75
7920300,70,16,-1,76
7920810,96,19,-5,81
7921320,8,22,-1,82
7921830,23,25,2,80
7922340,45,28,2,78
7922850,64,10,4,74
7923360,45,13,-3,77
7923870,53,22,3,74
7924380,67,42,-2,76
7924890,98,22,-2,78
7925400,10,25,-6,84
7925910,25,28,2,82
7926420,26,31,5,77
7926930,27,34,-1,78
7927440,24,37,-13,91
7927950,21,40,7,84
7928460,89,43,-2,86
7928970,1,23,4,82
7929480,16,26,-3,85
7929990,37,29,5,80
7930500,56,11,9,71
7931010,70,14,-3,74
7931520,96,17,-5,79
7932030,52,20,2,77
7932540,66,29,3,74
7933050,92,38,-6,80
7933560,4,75,-3,83
7934070,43,34,5,78
7934580,62,1,5,73
7935090,43,4,-3,76
7935600,24,7,-1,77
7936110,32,16,-7,84
7936620,57,100,6,78
7937130,23,59,-1,79
7937640,38,73,-3,82
7938150,68,62,-2,84
7938660,66,51,8,76
7939170,0,54,-7,83
7939680,21,13,-1,84
7940190,42,16,8,76
7940700,50,25,5,71
7941210,82,34,-8,79
7941720,96,71,2,77
7942230,19,6,-5,82
7942740,27,90,13,69
7943250,37,49,-17,86
7943760,56,52,13,73
7944270,22,41,-5,78
7944780,90,44,-2,80
7945290,2,24,4,76
7945800,24,27,-9,85
7946310,46,30,10,75
7946820,65,12,-2,77
7947330,91,15,-5,82
7947840,83,18,9,73
7948350,75,21,-2,75
7948860,89,24,3,72
7949370,1,27,-8,80
7949880,16,30,-1,81
7950390,31,33,2,79
7950900,32,22,6,73
7951410,40,4,-2,75
7951920,21,7,-9,84
7952430,29,91,9,75
7952940,68,50,-2,77
7953450,42,53,0,77
7953960,8,42,-4,81
7954470,23,45,-2,83
7954980,91,48,5,78
7955490,3,28,-3,81
7956000,18,31,3,78
7956510,86,34,2,76
7957020,100,71,-3,79
7957530,23,6,2,77
7958040,31,15,-1,78
7958550,39,99,1,77
7959060,5,58,-9,86
7959570,26,17,10,76
7960080,52,101,2,74
7960590,87,13,-3,77
7961100,79,16,4,73
7961610,71,19,-5,78
7962120,97,22,-1,79
7962630,64,80,1,78
7963140,30,69,-5,83
7963650,98,83,5,78
7964160,21,18,-7,85
7964670,42,21,13,72
7965180,56,30,-4,76
7965690,70,50,2,74
7966200,4,30,-7,81
7966710,19,33,-5,86
7967220,87,36,8,78
7967730,101,73,-5,83
7968240,24,8,4,79
7968750,36,92,1,78
7969260,75,51,2,76
7969770,4,31,-1,77
7970280,19,34,-9,86
7970790,40,37,9,77
7971300,59,26,1,76
7971810,73,35,0,76
7972320,87,15,-2,78
7972830,43,89,-3,81
7973340,9,48,-2,83
7973850,24,7,3,80
7974360,32,91,2,78
7974870,100,50,3,75
7975380,12,30,-12,87
7975890,27,33,11,76
7976400,24,36,-12,88
7976910,21,39,6,82
7977420,42,42,-2,84
7977930,61,56,6,78
7978440,97,55,-2,80
7978950,9,35,-10,90
7979460,24,38,14,76
7979970,92,41,-5,81
7980480,4,21,5,76
7980990,19,24,-4,80
7981500,87,27,-1,81
7982010,101,30,-1,82
7982520,13,33,-6,88
7983030,28,36,10,78
7983540,50,39,8,70
7984050,69,21,-6,76
7984560,21,24,-3,79
7985070,39,27,5,74
7985580,58,9,2,72
7986090,39,12,-1,73
7986600,53,21,2,71
7987110,34,30,-3,74
7987620,53,19,-8,82
7988130,67,22,7,75
7988640,93,25,-2,77
7989150,5,28,-7,84
7989660,20,31,2,82
7990170,17,34,-4,86
7990680,38,37,10,76
7991190,57,26,1,75
7991700,71,35,2,73
7992210,85,15,-3,76
7992720,9,18,-3,79
7993230,31,21,6,73
7993740,32,3,-6,79
7994250,47,6,8,71
7994760,28,9,-10,81
7995270,40,12,11,70
7995780,54,21,-6,76
7996290,68,30,-5,81
7996800,88,10,2,79
7997310,44,13,2,77
7997820,52,22,2,75
7998330,66,94,-8,83
7998840,32,83,5,78
7999350,71,42,-2,80
7999860,85,22,5,75
8000370,9,25,-6,81
8000880,77,28,4,77
8001390,58,31,0,77
8001900,72,40,2,75
8002410,98,20,-1,76
8002920,54,23,6,70
8003430,35,32,-12,82
8003940,54,35,8,74
8004450,21,17,-6,80
8004960,29,20,5,75
8005470,30,2,1,74
8005980,45,5,-5,79
8006490,26,8,3,76
8007000,34,92,-7,83
8007510,73,51,6,77
8008020,38,31,-1,78
8008530,57,100,0,78
8009040,78,12,3,75
8009550,34,15,-1,76
8010060,59,24,3,73
8010570,85,33,-12,85
8011080,99,70,2,83
8011590,22,50,2,81
8012100,90,53,-3,84
8012610,13,33,3,81
8013120,28,36,-4,85
8013630,29,39,4,81
8014140,41,42,6,75
8014650,60,57,2,73
8015160,91,46,-11,84
8015670,3,26,0,84
8016180,18,29,4,80
8016690,86,32,2,78
8017200,100,69,-3,81
8017710,29,4,10,71
8018220,37,13,-5,76
8018730,45,22,1,75
8019240,59,31,-3,78
8019750,73,40,-4,82
8020260,87,20,2,80
8020770,101,23,-2,82
8021280,13,26,-3,85
8021790,34,29,6,79
8022300,59,44,3,76
8022810,84,43,-5,81
8023320,98,23,5,76
8023830,54,26,4,72
8024340,68,35,-3,75
8024850,82,15,1,74
8025360,38,18,-5,79
8025870,1,27,-2,81
8026380,22,30,-2,83
8026890,34,33,1,82
8027400,46,32,12,70
8027910,65,101,-8,78
8028420,31,13,2,76
8028930,43,22,2,74
8029440,57,42,0,74
8029950,88,9,-6,80
8030460,53,12,4,76
8030970,50,15,2,74
8031480,64,24,8,66
8031990,78,33,-10,76
8032500,92,13,2,74
8033010,48,16,4,70
8033520,62,25,5,65
8034030,76,34,-15,80
8034540,90,14,2,78
8035050,78,17,0,78
8035560,2,20,-1,79
8036070,17,23,-6,85
8036580,38,26,7,78
8037090,57,8,1,77
8037600,38,11,2,75
8038110,52,20,3,72
8038620,66,29,-2,74
8039130,80,49,-7,81
8039640,32,29,4,77
8040150,51,44,-1,78
8040660,70,11,3,75
8041170,62,14,-2,77
8041680,88,17,3,74
8042190,44,20,1,73
8042700,58,29,-3,76
8043210,72,38,3,73
8043720,86,18,-9,82
8044230,100,21,0,82
8044740,12,2,-2,84
8045250,33,5,11,73
8045760,34,14,-4,77
8046270,42,23,5,72
8046780,56,32,-4,76
8047290,29,41,-5,81
8047800,97,44,-1,82
8048310,9,81,5,77
8048820,48,40,4,73
8049330,67,7,0,73
8049840,93,10,-7,80
8050350,49,13,-1,81
8050860,30,22,2,79
8051370,42,91,0,79
8051880,8,50,-2,81
8052390,23,9,7,74
8052900,31,82,-6,80
8053410,99,41,-8,88
8053920,11,78,11,77
8054430,40,37,1,76
8054940,59,4,0,76
8055450,93,7,1,75
8055960,49,10,-1,76
8056470,57,64,-7,83
8056980,23,47,-1,84
8057490,91,50,3,81
8058000,3,30,-4,85
8058510,18,33,-1,86
8059020,33,36,9,77
8059530,52,39,-3,80
8060040,71,56,3,77
8060550,5,36,-1,78
8061060,15,39,-11,89
8061570,30,42,6,83
8062080,98,45,-4,87
8062590,10,82,7,80
8063100,49,41,8,72
8063610,68,8,0,72
8064120,20,11,-7,79
8064630,35,80,-8,87
8065140,1,39,4,83
8065650,16,100,0,83
8066160,55,59,7,76
8066670,21,26,-13,89
8067180,22,29,6,83
8067690,44,32,9,74
8068200,63,14,-2,76
8068710,44,23,-1,77
8069220,58,17,3,74
8069730,39,38,0,74
8070240,58,5,6,68
8070750,39,8,-6,74
8071260,47,17,1,73
8071770,61,26,-2,75
8072280,87,35,-9,84
8072790,101,72,8,76
8073300,24,7,2,74
8073810,25,16,-5,79
8074320,33,19,4,75
8074830,34,1,-2,77
8075340,35,4,1,76
8075850,50,7,2,74
8076360,31,10,-4,78
8076870,39,19,3,75
8077380,47,13,-1,76
8077890,61,22,3,73
8078400,42,31,0,73
8078910,61,100,2,71
8079420,27,59,-12,83
8079930,95,62,7,76
8080440,18,42,-8,84
8080950,33,45,7,77
8081460,101,48,-4,81
8081970,13,85,2,79
8082480,23,44,-4,83
8082990,91,47,0,83
8083500,3,27,4,79
8084010,13,30,-1,80
8084520,28,33,3,77
8085030,29,36,-2,79
8085540,48,39,-3,82
8086050,67,54,7,75
8086560,1,21,-6,81
8087070,16,24,1,80
8087580,13,27,-3,83
8088090,34,30,6,77
8088600,53,99,2,75
8089110,88,58,1,74
8089620,11,38,-11,85
8090130,26,41,7,78
8090640,94,44,-6,84
8091150,6,53,7,77
8091660,16,12,-4,81
8092170,37,15,9,72
8092680,45,24,-4,76
8093190,59,6,-2,78
8093700,15,9,-2,80
8094210,36,12,1,79
8094720,64,21,6,73
8095230,90,41,-9,82
8095740,2,21,6,76
8096250,17,24,-3,79
8096760,85,27,-1,80
8097270,41,30,8,72
8097780,60,29,-2,74
8098290,74,38,0,74
8098800,88,18,-4,78
8099310,44,21,-2,80
8099820,72,30,12,68
8100330,86,39,-16,84
8100840,100,19,2,82
8101350,12,22,-2,84
8101860,27,25,9,75
8102370,28,28,-2,77
8102880,29,31,-1,78
8103390,48,34,3,75
8103900,67,1,-1,76
8104410,19,4,-8,84
8104920,40,7,10,74
8105430,21,16,-6,80
8105940,18,19,-4,84
8106450,39,22,6,78
8106960,47,4,3,75
8107470,28,7,-4,79
8107980,49,78,-8,87
8108490,15,81,1,86
8109000,25,40,2,84
8109510,93,43,8,76
8110020,5,23,0,76
8110530,20,26,-13,89
8111040,17,29,2,87
8111550,38,32,7,80
8112060,57,101,1,79
8112570,23,60,-5,84
8113080,33,19,12,72
8113590,34,1,-1,73
8114100,15,4,-9,82
8114610,36,7,8,74
8115120,37,16,0,74
8115630,62,36,1,73
8116140,76,16,0,73
8116650,0,19,-6,79
8117160,10,22,-2,81
8117670,25,25,0,81
8118180,26,28,5,76
8118690,27,31,-6,82
8119200,24,34,-1,83
8119710,92,37,1,82
8120220,4,74,3,79
8120730,14,80,-4,83
8121240,24,39,4,79
8121750,92,42,-1,80
8122260,4,22,5,75
8122770,19,25,-6,81
8123280,41,28,6,75
8123790,60,97,-3,78
8124300,26,100,-1,79
8124810,36,59,-1,80
8125320,2,62,-1,81
8125830,12,21,-1,82
8126340,27,24,8,74
8126850,28,27,-2,76
8127360,47,30,-3,79
8127870,66,29,-3,82
8128380,80,38,5,77
8128890,94,18,0,77
8129400,6,21,-13,90
8129910,21,24,11,79
8130420,18,27,-1,80
8130930,39,30,-1,81
8131440,40,99,5,76
8131950,50,58,0,76
8132460,16,73,-4,80
8132970,26,32,0,80
8133480,45,35,4,76
8133990,64,2,2,74
8134500,20,5,-4,78
8135010,35,78,-4,82
8135520,1,37,-5,87
8136030,11,40,2,85
8136540,21,43,0,85
8137050,36,46,5,80
8137560,2,61,2,78
8138070,23,20,-1,79
8138580,24,35,0,79
8139090,21,38,-1,80
8139600,89,41,4,76
8140110,1,21,-3,79
8140620,11,24,3,76
8141130,26,27,-2,78
8141640,27,30,-1,79
8142150,28,33,3,76
8142660,96,36,-4,80
8143170,8,73,-3,83
8143680,18,32,3,80
8144190,33,35,-2,82
8144700,34,50,2,80
8145210,0,53,1,79
8145720,10,12,-2,81
8146230,21,15,5,76
8146740,18,84,-8,84
8147250,28,43,1,83
8147760,96,46,0,83
8148270,8,83,0,83
8148780,18,42,1,82
8149290,33,45,0,82
8149800,101,48,-1,83
8150310,13,85,-3,86
8150820,23,44,11,75
8151330,91,47,-5,80
8151840,3,27,-4,84
8152350,13,30,-1,85
8152860,28,33,5,80
8153370,29,36,-1,81
8153880,97,39,-8,89
8154390,9,76,8,81
8154900,19,35,1,80
8155410,87,38,-3,83
8155920,101,75,5,78
8156430,24,10,5,73
8156940,25,79,-10,83
8157450,35,38,5,78
8157960,36,41,3,75
8158470,2,56,-7,82
8158980,12,15,1,81
8159490,27,18,1,80
8160000,28,87,2,78
8160510,38,46,4,74
8161020,60,35,1,73
8161530,74,61,-7,80
8162040,3,98,-9,89
8162550,13,57,10,79
8163060,23,16,9,70
8163570,24,31,-8,78
8164080,92,34,-2,80
8164590,4,71,3,77
8165100,14,39,-5,82
8165610,24,42,-1,83
8166120,92,45,-2,85
8166630,4,82,2,83
8167140,14,41,4,79
8167650,24,44,-2,81
8168160,92,47,1,80
8168670,4,84,0,80
8169180,14,43,2,78
8169690,24,46,-8,86
8170200,92,49,4,82
8170710,4,86,0,82
8171220,14,45,-1,83
8171730,29,48,4,79
8172240,97,51,-6,85
8172750,9,88,4,81
8173260,19,47,-3,84
8173770,87,50,8,76
8174280,101,30,-10,86
8174790,13,67,5,81
8175300,23,26,4,77
8175810,24,29,-4,81
8176320,25,32,0,81
8176830,93,35,7,74
8177340,5,72,-5,79
8177850,15,31,-5,84
8178360,30,34,0,84
8178870,52,37,8,76
8179380,18,4,-3,79
8179890,33,77,-3,82
8180400,101,36,2,80
8180910,13,73,-5,85
8181420,23,32,9,76
8181930,91,35,-6,82
8182440,3,72,0,82
8182950,13,31,-5,87
8183460,28,34,9,78
8183970,96,37,-3,81
8184480,8,74,3,78
8184990,18,33,-7,85
8185500,86,36,5,80
8186010,100,16,1,79
8186520,56,19,4,75
8187030,82,28,-5,80
8187540,96,65,7,73
8188050,19,0,-6,79
8188560,40,73,0,79
8189070,6,76,1,78
8189580,16,35,-10,88
8190090,31,38,10,78
8190600,99,41,-9,87
8191110,11,78,9,78
8191620,21,37,-2,80
8192130,22,40,0,80
8192640,90,43,-2,82
8193150,2,80,0,82
8193660,12,39,2,80
8194170,22,42,-2,82
8194680,23,45,-7,89
8195190,91,48,6,83
8195700,3,85,4,79
8196210,13,44,-5,84
8196720,23,47,3,81
8197230,91,84,-3,84
8197740,25,19,9,75
8198250,26,34,-6,81
8198760,94,37,2,79
8199270,6,74,-4,83
8199780,16,33,4,79
8200290,17,36,-6,85
8200800,32,39,4,81
8201310,100,42,2,79
8201820,12,79,-3,82
8202330,22,38,-1,83
8202840,90,41,1,82
8203350,2,78,3,79
8203860,12,37,-2,81
8204370,22,40,1,80
8204880,79,43,-3,83
8205390,93,23,4,79
8205900,49,26,5,74
8206410,63,46,-5,79
8206920,94,13,2,77
8207430,50,16,2,75
8207940,76,25,0,75
8208450,0,28,-6,81
8208960,10,31,-6,87
8209470,25,34,2,85
8209980,26,37,6,79
8210490,94,40,3,76
8211000,6,77,-6,82
8211510,16,36,1,81
8212020,84,39,2,79
8212530,98,76,2,77
8213040,21,11,-3,80
8213550,22,80,-2,82
8214060,32,39,3,79
8214570,100,42,-2,81
8215080,12,79,-2,83
8215590,22,38,2,81
8216100,90,41,2,79
8216610,2,78,-3,82
8217120,12,37,-3,85
8217630,27,40,7,78
8218140,95,43,0,78
8218650,7,15,0,78
8219160,29,18,0,78
8219670,30,33,1,77
8220180,31,36,-2,79
8220690,32,39,-7,86
8221200,33,42,1,85
8221710,101,45,3,82
8222220,13,82,8,74
8222730,23,41,-9,83
8223240,91,44,6,77
8223750,3,24,-3,80
8224260,13,27,-2,82
8224770,28,30,2,80
8225280,54,33,8,72
8225790,68,32,-6,78
8226300,82,12,4,74
8226810,38,15,2,72
8227320,39,86,-7,79
8227830,5,45,-1,80
8228340,15,4,0,80
8228850,36,77,-2,82
8229360,2,36,2,80
8229870,12,39,-5,85
8230380,15,42,3,82
8230890,30,45,8,74
8231400,98,48,-10,84
8231910,10,85,5,79
8232420,20,44,-5,84
8232930,21,47,0,84
8233440,31,50,-2,86
8233950,99,53,8,78
8234460,11,90,1,77
8234970,21,49,-7,84
8235480,89,52,1,83
8235990,1,32,7,76
8236500,11,35,-5,81
8237010,26,38,-1,82
8237520,94,41,-1,83
8238030,6,78,3,80
8238540,16,37,-2,82
8239050,38,40,3,79
8239560,4,55,4,75
8240070,14,14,-9,84
8240580,35,17,9,75
8241090,61,101,0,75
8241600,27,26,-3,78
8242110,28,29,4,74
8242620,29,32,-1,75
8243130,26,35,-10,85
8243640,23,38,1,84
8244150,20,41,-6,90
8244660,17,44,-5,95
8245170,14,47,1,94
8245680,35,50,4,90
8246190,32,53,-2,92
8246700,29,56,-3,95
8247210,26,59,4,91
8247720,23,62,-2,93
8248230,87,21,4,89
8248740,43,24,11,78
8249250,40,23,-1,79
8249760,37,22,-5,84
8250270,34,91,-5,89
8250780,0,50,-1,90
8251290,90,9,6,84
8251800,46,12,5,79
8252310,60,21,4,75
8252820,86,24,-8,83
8253330,10,61,8,75
8253840,20,20,-6,81
8254350,48,23,9,72
8254860,62,32,-4,76
8255370,41,58,-5,81
8255880,7,61,-1,82
8256390,17,20,-2,84
8256900,45,23,9,75
8257410,59,43,6,69
8257920,25,10,-10,79
8258430,26,83,-1,80
8258940,36,42,2,78
8259450,33,57,-7,85
8259960,101,60,5,80
8260470,24,97,6,74
8260980,34,56,-7,81
8261490,0,59,-2,83
8262000,83,18,1,82
8262510,39,21,11,71
8263020,53,15,-3,74
8263530,67,35,-1,75
8264040,81,15,-5,80
8264550,73,18,6,74
8265060,99,55,-6,80
8265570,11,35,-4,84
8266080,21,38,5,79
8266590,89,41,-2,81
8267100,1,21,-3,84
8267610,11,24,4,80
8268120,33,27,4,76
8268630,34,42,0,76
8269140,0,57,-6,82
8269650,10,16,-1,83
8270160,32,19,9,74
8270670,58,88,-11,85
8271180,24,91,9,76
8271690,34,91,-3,79
8272200,0,50,0,79
8272710,21,9,0,79
8273220,18,78,0,79
8273730,28,37,-1,80
8274240,50,40,4,76
8274750,69,7,-3,79
8275260,43,10,3,76
8275770,24,19,-6,82
8276280,21,34,-8,90
8276790,18,37,3,87
8277300,39,40,3,84
8277810,36,55,-3,87
8278320,2,70,-2,89
8278830,12,29,0,89
8279340,33,32,7,82
8279850,54,47,8,74
8280360,31,14,-2,76
8280870,32,8,9,67
8281380,33,79,-18,85
8281890,95,38,5,80
8282400,7,75,-2,82
8282910,17,34,-3,85
8283420,85,37,2,83
8283930,37,17,4,79
8284440,62,11,7,72
8284950,36,14,-4,76
8285460,62,85,-6,82
8285970,28,63,-4,86
8286480,38,66,4,82
8286990,4,69,-1,83
8287500,14,28,4,79
8288010,36,31,0,79
8288520,61,46,1,78
8289030,92,13,-4,82
8289540,48,51,0,82
8290050,14,66,1,81
8290560,24,25,2,79
8291070,25,40,1,78
8291580,93,55,0,78
8292090,16,35,-3,81
8292600,38,38,1,80
8293110,63,53,1,79
8293620,40,52,-3,82
8294130,6,67,1,81
8294640,16,26,-6,87
8295150,13,29,-1,88
8295660,35,32,12,76
8296170,47,47,0,76
8296680,13,62,-4,80
8297190,23,21,6,74
8297700,20,36,-8,82
8298210,17,39,0,82
8298720,38,42,0,82
8299230,35,57,-3,85
8299740,1,72,5,80
8300250,11,31,-2,82
8300760,33,34,2,80
8301270,34,29,-1,81
8301780,35,44,4,77
8302290,58,59,6,71
8302800,24,73,-14,85
8303310,34,32,8,77
8303820,35,101,-2,79
8304330,45,60,0,79
8304840,11,74,-7,86
8305350,21,33,6,80
8305860,100,36,-4,84
8306370,12,73,6,78
8306880,22,32,-1,79
8307390,90,35,-4,83
8307900,2,72,3,80
8308410,12,31,-8,88
8308920,34,34,8,80
8309430,60,48,6,74
8309940,91,85,-2,76
8310450,25,20,0,76
8310960,26,35,-7,83
8311470,48,38,8,75
8311980,46,5,-3,78
8312490,27,20,-1,79
8313000,28,35,-3,82
8313510,50,38,5,77
8314020,75,5,0,77
8314530,67,8,5,72
8315040,19,11,-7,79
8315550,16,14,-5,84
8316060,37,17,9,75
8316570,63,37,2,73
8317080,77,36,-5,78
8317590,91,73,1,77
8318100,20,8,-2,79
8318610,45,81,-2,81
8319120,86,84,0,81
8319630,20,19,2,79
8320140,32,22,-1,80
8320650,58,4,10,70
8321160,32,7,-7,77
8321670,58,16,1,76
8322180,32,19,2,74
8322690,58,1,-8,82
8323200,10,30,2,80
8323710,32,33,3,77
8324220,33,48,0,77
8324730,101,63,-4,81
8325240,24,4,3,78
8325750,52,77,-2,80
8326260,18,80,1,79
8326770,28,39,-1,80
8327280,96,42,-8,88
8327790,8,79,9,79
8328300,18,38,-7,86
8328810,86,41,2,84
8329320,100,78,2,82
8329830,23,13,5,77
8330340,49,97,-2,79
8330850,15,87,-5,84
8331360,25,46,-3,87
8331870,93,49,9,78
8332380,5,86,-2,80
8332890,15,11,0,80
8333400,12,14,-1,81
8333910,33,17,3,78
8334420,59,101,4,74
8334930,25,26,-5,79
8335440,26,29,1,78
8335950,27,44,-2,80
8336460,95,47,-2,82
8336970,7,84,-1,83
8337480,17,43,-1,84
8337990,39,46,4,80
8338500,5,61,-6,86
8339010,15,20,2,84
8339520,37,23,10,74
8340030,63,22,3,71
8340540,89,59,-9,80
8341050,12,96,0,80
8341560,22,74,-5,85
8342070,47,33,10,75
8342580,72,15,0,75
8343090,64,18,0,75
8343600,38,21,0,75
8344110,64,3,-3,78
8344620,16,6,-2,80
8345130,38,9,8,72
8345640,12,18,-13,85
8346150,34,21,11,74
8346660,32,90,-5,79
8347170,42,49,2,77
8347680,40,64,-11,88
8348190,6,67,2,86
8348700,16,26,0,86
8349210,38,29,9,77
8349720,63,44,2,75
8350230,37,24,3,72
8350740,35,93,-13,85
8351250,45,52,3,82
8351760,11,67,-5,87
8352270,26,26,6,81
8352780,27,29,3,78
8353290,28,32,-1,79
8353800,50,35,5,74
8354310,48,17,-5,79
8354820,74,26,9,70
8355330,88,63,-7,77
8355840,17,100,-11,88
8356350,27,59,4,84
8356860,37,62,-2,86
8357370,3,65,5,81
8357880,13,24,-6,87
8358390,35,27,7,80
8358900,36,42,-1,81
8359410,34,57,-7,88
8359920,0,60,-3,91
8360430,83,11,6,85
8360940,48,49,6,79
8361450,46,64,-2,81
8361960,12,78,-1,82
8362470,22,37,1,81
8362980,90,40,2,79
8363490,2,77,-4,83
8364000,12,2,4,79
8364510,27,5,10,69
8365020,28,76,-19,88
8365530,38,35,9,79
8366040,39,2,5,74
8366550,20,17,-15,89
8367060,48,20,18,71
8367570,62,40,0,71
8368080,93,20,-8,79
8368590,49,58,2,77
8369100,15,73,-1,78
8369610,58,32,8,70
8370120,10,58,-11,81
8370630,20,17,1,80
8371140,48,32,11,69
8371650,73,31,-10,79
8372160,25,11,1,78
8372670,51,95,4,74
8373180,17,20,-2,76
8373690,39,23,0,76
8374200,65,5,-2,78
8374710,17,8,1,77
8375220,14,77,-6,83
8375730,24,36,0,83
8376240,21,39,-4,87
8376750,18,42,-5,92
8377260,15,45,-2,94
8377770,43,48,12,82
8378280,40,63,-2,84
8378790,6,78,0,84
8379300,16,37,2,82
8379810,38,40,6,76
8380320,36,55,-9,85
8380830,2,58,0,85
8381340,17,85,5,80
8381850,84,44,-2,82
8382360,36,24,5,77
8382870,37,6,0,77
8383380,63,77,-3,80
8383890,29,45,-5,85
8384400,97,48,5,80
8384910,9,28,-3,83
8385420,31,31,3,80
8385930,53,46,7,73
8386440,51,13,-3,76
8386950,25,22,-1,77
8387460,51,91,-5,82
8387970,17,94,1,81
8388480,27,53,-10,91
8388990,37,56,10,81
8389500,3,59,5,76
8390010,13,18,-6,82
8390520,35,21,8,74
8391030,36,90,-9,83
8391540,46,49,2,81
8392050,44,64,-3,84
8392560,10,67,-2,86
8393070,20,26,10,76
8393580,88,29,-3,79
8394090,0,66,-2,81
8394600,10,25,0,81
8395110,25,28,6,75
8395620,23,31,-10,85
8396130,20,34,-6,91
8396640,41,37,16,75
8397150,42,4,-1,76
8397660,16,37,-10,86
8398170,38,40,10,76
8398680,60,55,1,75
8399190,58,54,-4,79
8399700,56,69,-2,81
8400210,22,84,2,79
8400720,32,43,-5,84
8401230,54,46,15,69
8401740,52,13,-9,78
8402250,78,16,1,77
8402760,2,54,-4,81
8403270,12,13,-2,83
8403780,34,16,9,74
8404290,60,36,-1,75
8404800,74,26,-2,77
8405310,26,6,-2,79
8405820,54,79,4,75
8406330,20,93,-4,79
8406840,30,71,-1,80
8407350,40,30,2,78
8407860,41,45,-2,80
8408370,39,60,-7,87
8408880,5,63,7,80
8409390,15,22,-6,86
8409900,37,25,7,79
8410410,63,7,5,74
8410920,89,10,-9,83
8411430,45,13,10,73
8411940,71,84,-4,77
8412450,48,62,-4,81
8412960,14,77,-3,84
8413470,15,36,-3,87
8413980,37,39,10,77
8414490,38,54,1,76
8415000,4,69,-7,83
8415510,47,28,6,77
8416020,61,22,1,76
8416530,63,93,-3,79
8417040,29,18,-1,80
8417550,55,87,-2,82
8418060,21,90,3,79
8418570,41,2,4,75
8419080,22,17,-5,80
8419590,23,20,5,75
8420100,24,35,-5,80
8420610,47,38,0,80
8421120,45,5,3,77
8421630,26,40,0,77
8422140,94,43,0,77
8422650,6,23,-6,83
8423160,28,26,6,77
8423670,29,41,-3,80
8424180,97,44,-2,82
8424690,9,24,2,80
8425200,25,27,4,76
8425710,26,10,-2,78
8426220,28,79,2,76
8426730,38,38,4,72
8427240,39,5,-1,73
8427750,13,76,-7,80
8428260,56,35,7,73
8428770,87,54,-6,79
8429280,39,34,4,75
8429790,40,1,-1,76
8430300,21,34,-11,87
8430810,49,37,11,76
8431320,47,4,-3,79
8431830,73,37,3,76
8432340,25,17,0,76
8432850,51,86,-12,88
8433360,17,89,8,80
8433870,27,48,-3,83
8434380,49,51,2,81
8434890,15,66,-1,82
8435400,30,25,1,81
8435910,31,40,1,80
8436420,99,43,-4,84
8436930,11,80,-1,85
8437440,54,39,14,71
8437950,17,6,-8,79
8438460,18,79,-3,82
8438970,33,38,5,77
8439480,34,53,-2,79
8439990,0,56,-5,84
8440500,15,15,1,83
8441010,37,18,7,76
8441520,63,0,4,72
8442030,15,3,-12,84
8442540,36,76,2,82
8443050,2,90,0,82
8443560,43,49,4,78
8444070,9,64,-3,81
8444580,24,23,3,78
8445090,25,26,0,78
8445600,26,29,3,75
8446110,23,32,-10,85
8446620,20,35,-1,86
8447130,41,38,9,77
8447640,39,53,-3,80
8448150,5,68,-4,84
8448660,26,27,9,75
8449170,27,42,-5,80
8449680,95,45,-7,87
8450190,47,25,16,71
8450700,61,19,-9,80
8451210,35,39,-2,82
8451720,57,54,7,75
8452230,88,21,-3,78
8452740,12,59,-5,83
8453250,27,18,2,81
8453760,28,87,0,81
8454270,38,46,3,78
8454780,4,61,1,77
8455290,14,20,-9,86
8455800,35,23,9,77
8456310,36,92,-10,87
8456820,46,51,11,76
8457330,12,66,-7,83
8457840,27,25,4,79
8458350,28,94,1,78
8458860,38,53,-9,87
8459370,60,68,5,82
8459880,26,83,0,82
8460390,36,42,2,80
8460900,33,57,-7,87
8461410,101,72,3,84
8461920,24,52,3,81
8462430,92,67,4,77
8462940,21,47,-3,80
8463450,43,50,1,79
8463960,9,65,-6,85
8464470,24,24,6,79
8464980,25,27,1,78
8465490,47,88,-4,82
8466000,13,47,0,82
8466510,28,6,9,73
8467020,29,79,-9,82
8467530,39,38,5,77
8468040,40,5,2,75
8468550,21,76,-8,83
8469060,22,35,7,76
8469570,90,38,-2,78
8470080,2,18,-3,81
8470590,24,21,6,75
8471100,25,36,-1,76
8471610,93,39,-10,86
8472120,5,19,-1,87
8472630,27,22,8,79
8473140,28,91,-3,82
8473650,38,50,0,82
8474160,4,17,-3,85
8474670,19,20,5,80
8475180,47,23,7,73
8475690,61,17,-3,76
8476200,35,50,-4,80
8476710,1,64,-6,86
8477220,22,23,9,77
8477730,23,38,-8,85
8478240,91,41,7,78
8478750,3,21,-4,82
8479260,25,24,6,76
8479770,26,93,-4,80
8480280,36,52,-3,83
8480790,2,55,-2,85
8481300,23,14,12,73
8481810,49,83,-9,82
8482320,15,97,-1,83
8482830,58,56,7,76
8483340,35,23,2,74
8483850,61,92,-5,79
8484360,27,4,1,78
8484870,48,55,7,71
8485380,14,69,-9,80
8485890,57,28,3,77
8486400,71,22,-2,79
8486910,23,93,0,79
8487420,43,52,0,79
8487930,9,66,-4,83
8488440,31,25,3,80
8488950,57,94,-8,88
8489460,78,52,12,76
8489970,34,32,-4,80
8490480,35,101,6,74
8490990,45,60,-6,80
8491500,11,27,-3,83
8492010,33,30,3,80
8492520,59,45,10,70
8493030,90,12,-7,77
8493540,46,15,1,76
8494050,72,86,-3,79
8494560,49,100,-4,83
8495070,15,59,-2,85
8495580,30,18,7,78
8496090,56,87,-5,83
8496600,22,101,1,82
8497110,42,60,0,82
8497620,8,27,-5,87
8498130,23,30,-1,88
8498640,20,33,6,82
8499150,41,36,5,77
8499660,42,84,-5,82
8500170,72,43,9,73
8500680,24,23,-7,80
8501190,50,92,-2,82
8501700,16,51,0,82
8502210,31,10,7,75
8502720,39,79,-3,78
8503230,5,38,-6,84
8503740,20,41,9,75
8504250,88,44,-7,82
8504760,40,24,10,72
8505270,66,93,-3,75
8505780,32,5,-4,79
8506290,58,20,4,75
8506800,84,91,-5,80
8507310,61,16,2,78
8507820,35,36,-7,85
8508330,61,51,8,77
8508840,92,18,-1,78
8509350,48,21,6,72
8509860,62,41,-4,76
8510370,93,40,-3,79
8510880,5,20,-4,83
8511390,27,23,9,74
8511900,28,92,-4,78
8512410,35,51,-3,81
8512920,1,66,-1,82
8513430,22,25,4,78
8513940,44,28,6,72
8514450,70,97,-3,75
8514960,36,75,-8,83
8515470,66,34,5,78
8515980,92,14,-1,79
8516490,84,52,-2,81
8517000,36,32,9,72
8517510,37,47,-6,78
8518020,59,62,-3,81
8518530,25,77,-10,91
8519040,40,36,10,81
8519550,66,3,4,77
8520060,31,6,-3,80
8520570,57,15,4,76
8521080,83,48,-4,80
8521590,35,28,2,78
8522100,61,97,2,76
8522610,27,9,-3,79
8523120,53,82,-2,81
8523630,19,96,5,76
8524140,62,55,-4,80
8524650,93,70,-1,81
8525160,16,50,-1,82
8525670,31,9,8,74
8526180,57,78,-10,84
8526690,23,92,1,83
8527200,66,51,10,73
8527710,31,54,-14,87
8528220,99,57,8,79
8528730,51,37,6,73
8529240,77,4,-7,80
8529750,42,7,3,77
8530260,23,78,-10,87
8530770,44,37,12,75
8531280,42,52,-4,79
8531790,8,67,-6,85
8532300,23,26,4,81
8532810,49,41,-2,83
8533320,50,8,10,73
8533830,31,41,-3,76
8534340,99,56,-8,84
8534850,51,36,5,79
8535360,34,3,-3,82
8535870,60,72,4,78
8536380,26,86,-2,80
8536890,41,45,1,79
8537400,67,60,5,74
8537910,98,61,-3,77
8538420,50,41,2,75
8538930,76,56,-3,78
8539440,50,36,0,78
8539950,81,3,2,76
8540460,37,6,1,75
8540970,98,75,-7,82
8541480,27,55,0,82
8541990,49,42,8,74
8542500,75,9,0,74
8543010,40,47,-5,79
8543520,6,62,-4,83
8544030,27,21,9,74
8544540,28,90,-2,76
8545050,38,44,-4,80
8545560,64,59,10,70
8546070,41,26,-4,74
8546580,67,95,0,74
8547090,33,7,-4,78
8547600,59,16,4,74
8548110,33,19,-1,75
8548620,59,88,-2,77
8549130,25,0,1,76
8549640,26,73,-7,83
8550150,41,32,11,72
8550660,67,101,-5,77
8551170,33,13,2,75
8551680,59,28,-1,76
8552190,85,99,-4,80
8552700,62,24,4,76
8553210,88,27,-7,83
8553720,85,65,6,77
8554230,89,45,-4,81
8554740,41,25,6,75
8555250,67,94,0,75
8555760,33,52,-5,80
8556270,101,66,-3,83
8556780,24,46,9,74
8557290,92,60,-6,80
8557800,44,40,0,80
8558310,70,7,4,76
8558820,26,10,2,74
8559330,27,83,-5,79
8559840,37,42,-2,81
8560350,59,57,6,75
8560860,25,24,-2,77
8561370,26,39,-3,80
8561880,94,50,0,80
8562390,6,30,-2,82
8562900,28,33,3,79
8563410,50,48,-2,81
8563920,76,15,4,77
8564430,32,18,-2,79
8564940,58,87,1,78
8565450,24,101,3,75
8565960,67,79,-3,78
8566470,33,93,-2,80
8566980,43,52,1,79
8567490,9,19,-7,86
8568000,31,22,14,72
8568510,32,91,-1,73
8569020,100,50,-12,85
8569530,12,87,2,83
8570040,55,46,7,76
8570550,86,13,2,74
8571060,42,51,-2,76
8571570,8,65,-2,78
8572080,51,24,9,69
8572590,65,95,-10,79
8573100,31,7,4,75
8573610,57,76,-7,82
8574120,23,90,1,81
8574630,66,49,5,76
8575140,40,16,2,74
8575650,66,25,-3,77
8576160,37,28,1,76
8576670,38,97,-3,79
8577180,4,77,0,79
8577690,47,36,3,76
8578200,73,3,-5,81
8578710,38,6,2,79
8579220,64,21,5,74
8579730,38,58,-6,80
8580240,4,72,0,80
8580750,47,31,6,74
8581260,10,30,-10,84
8581770,25,33,1,83
8582280,47,48,12,71
8582790,13,15,-18,89
8583300,34,18,13,76
8583810,31,33,-11,87
8584320,52,48,17,70
8584830,18,15,-11,81
8585340,40,18,4,77
8585850,66,37,3,74
8586360,18,17,-3,77
8586870,15,20,-7,84
8587380,36,23,8,76
8587890,33,92,-4,80
8588400,101,51,-1,81
8588910,13,31,-7,88
8589420,28,34,14,74
8589930,50,49,-6,80
8590440,76,64,1,79
8590950,50,65,1,78
8591460,16,79,-6,84
8591970,31,38,2,82
8592480,32,53,1,81
8592990,100,67,-2,83
8593500,23,47,-2,85
8594010,91,62,6,79
8594520,43,42,0,79
8595030,69,57,1,78
8595540,43,58,-2,80
8596050,9,73,-7,87
8596560,52,32,14,73
8597070,16,101,-9,82
8597580,59,79,-3,85
8598090,25,94,5,80
8598600,68,53,6,74
8599110,24,33,-7,81
8599620,21,36,-5,86
8600130,18,39,-3,89
8600640,39,42,8,81
8601150,5,9,0,81
8601660,26,12,10,71
8602170,27,85,-14,85
8602680,34,64,1,84
8603190,0,79,-2,86
8603700,43,38,7,79
8604210,69,5,9,70
8604720,34,8,-3,73
8605230,60,101,-11,84
8605740,81,13,7,77
8606250,5,16,-4,81
8606760,27,19,2,79
8607270,53,34,5,74
8607780,13,1,-5,79
8608290,34,4,2,77
8608800,55,73,-2,79
8609310,39,87,0,79
8609820,5,46,-7,86
8610330,20,5,3,83
8610840,41,78,3,80
8611350,71,92,-1,81
8611860,37,50,1,80
8612370,3,65,-1,81
8612880,86,24,3,78
8613390,38,61,-3,81
8613900,4,75,-1,82
8614410,47,34,8,74
8614920,73,1,-6,80
8615430,38,4,-2,82
8615940,64,19,8,74
8616450,38,22,-4,78
8616960,64,4,-1,79
8617470,16,7,1,78
8617980,37,10,4,74
8618490,63,19,-6,80
8619000,89,22,3,77
8619510,13,25,-5,82
8620020,49,28,5,77
8620530,63,10,9,68
8621040,55,13,-8,76
8621550,29,84,-9,85
8622060,39,43,11,74
8622570,5,10,-10,84
8623080,16,13,6,78
8623590,13,16,-5,83
8624100,28,19,7,76
8624610,29,88,-4,80
8625120,39,47,-1,81
8625630,61,62,6,75
8626140,27,29,-2,77
8626650,53,44,2,75
8627160,19,11,-13,88
8627670,40,14,14,74
8628180,66,85,-5,79
8628690,32,99,6,73
8629200,42,58,-13,86
8629710,8,73,8,78
8630220,51,32,5,73
8630730,77,101,-3,76
8631240,43,26,0,76
8631750,69,95,-6,82
8632260,35,7,5,77
8632770,61,78,-8,85
8633280,27,93,5,80
8633790,37,52,5,75
8634300,3,66,-5,80
8634810,46,25,-4,84
8635320,72,19,11,73
8635830,98,22,-6,79
8636340,54,60,-2,81
8636850,20,75,-7,88
8637360,35,34,11,77
8637870,36,1,3,74
8638380,62,4,2,72
8638890,88,29,-6,78
8639400,40,66,-5,83
8639910,6,80,-5,88
8640420,49,39,9,79
8640930,32,6,3,76
8641440,47,21,4,72
8641950,73,92,-9,81
8642460,39,4,3,78
8642970,65,19,-1,79
8643480,39,22,-2,81
8643990,65,4,1,80
8644500,17,7,3,77
8645010,38,80,-2,79
8645520,4,39,2,77
8646030,19,100,3,74
8646540,39,59,-11,85
8647050,5,62,6,79
8647560,48,21,5,74
8648070,62,30,0,74
8648580,76,10,0,74
8649090,68,13,-3,77
8649600,94,16,-5,82
8650110,50,19,4,78
8650620,64,28,5,73
8651130,78,8,-6,79
8651640,2,11,-1,80
8652150,17,14,2,78
8652660,38,83,-13,91
8653170,68,42,18,73
8653680,20,22,-1,74
8654190,17,25,-9,83
8654700,38,28,5,78
8655210,39,97,-7,85
8655720,69,56,11,74
8656230,52,59,-1,75
8656740,18,26,-7,82
8657250,39,29,0,82
8657760,40,98,5,77
8658270,6,57,-1,78
8658780,21,16,-1,79
8659290,33,85,2,77
8659800,101,44,-9,86
8660310,13,24,6,80
8660820,28,27,-1,81
8661330,29,42,-5,86
8661840,97,45,6,80
8662350,9,25,-6,86
8662860,24,28,10,76
8663370,46,31,-2,78
8663880,72,100,-2,80
8664390,38,58,-9,89
8664900,4,61,9,80
8665410,25,20,0,80
8665920,22,35,-1,81
8666430,44,38,1,80
8666940,70,5,4,76
8667450,35,8,1,75
8667960,61,79,-3,78
8668470,27,93,5,73
8668980,37,52,-7,80
8669490,3,41,-4,84
8670000,13,44,4,80
8670510,28,59,3,77
8671020,96,73,-6,83
8671530,19,53,3,80
8672040,34,67,-2,82
8672550,0,81,4,78
8673060,43,40,-2,80
8673570,69,7,9,71
8674080,61,10,-2,73
8674590,87,13,-4,77
8675100,39,16,4,73
8675610,51,87,-9,82
8676120,17,101,4,78
8676630,60,60,2,76
8677140,26,27,-4,80
8677650,27,42,-7,87
8678160,28,45,5,82
8678670,96,60,5,77
8679180,19,40,-4,81
8679690,34,43,0,81
8680200,0,58,-1,82
8680710,21,17,1,81
8681220,33,20,3,78
8681730,45,35,2,76
8682240,71,2,-5,81
8682750,36,5,4,77
8683260,57,74,-7,84
8683770,23,63,-1,85
8684280,33,22,6,79
8684790,45,91,-4,83
8685300,11,50,4,79
8685810,26,9,1,78
8686320,38,82,0,78
8686830,4,41,-4,82
8687340,19,36,-2,84
8687850,87,39,2,82
8688360,39,19,2,80
8688870,65,88,-2,82
8689380,31,0,4,78
8689890,52,73,-5,83
8690400,18,62,-1,84
8690910,33,21,12,72
8691420,34,90,-11,83
8691930,44,49,3,80
8692440,10,64,-8,88
8692950,25,23,9,79
8693460,37,38,4,75
8693970,49,15,3,72
8694480,30,86,-13,85
8694990,40,45,-2,87
8695500,52,60,8,79
8696010,18,50,-7,86
8696520,33,64,2,84
8697030,101,78,-3,87
8697540,24,58,1,86
8698050,92,5,6,80
8698560,11,43,-6,86
8699070,26,58,4,82
8699580,94,17,6,76
8700090,50,55,-6,82
8700600,16,70,-3,85
8701110,31,29,8,77
8701620,32,44,0,77
8702130,100,59,-3,80
8702640,12,39,-1,81
8703150,27,54,4,77
8703660,95,13,0,77
8704170,51,16,4,73
8704680,77,87,-10,83
8705190,43,55,-3,86
8705700,9,70,8,78
8706210,52,29,2,76
8706720,66,48,6,70
8707230,40,28,-11,81
8707740,66,97,1,80
8708250,32,9,5,75
8708760,58,18,-8,83
8709270,84,21,10,73
8709780,8,58,-6,79
8710290,23,17,-1,80
8710800,20,86,-2,82
8711310,30,45,5,77
8711820,98,48,0,77
8712330,10,28,-10,87
8712840,25,31,6,81
8713350,22,34,0,81
8713860,90,37,0,81
8714370,2,17,-4,85
8714880,17,20,3,82
8715390,38,23,5,77
8715900,50,37,4,73
8716410,76,4,-3,76
8716920,0,7,-7,83
8717430,11,10,-2,85
8717940,32,13,6,79
8718450,44,32,-3,82
8718960,70,101,6,76
8719470,36,26,0,76
8719980,37,41,-10,86
8720490,49,56,4,82
8721000,15,71,-6,88
8721510,30,30,10,78
8722020,42,45,3,75
8722530,8,64,-7,82
8723040,18,23,-3,85
8723550,39,26,15,70
8724060,65,95,-8,78
8724570,31,7,0,78
8725080,57,78,-12,90
8725590,23,93,12,78
8726100,33,52,-10,88
8726610,101,55,7,81
8727120,13,35,-6,87
8727630,28,38,10,77
8728140,96,53,-7,84
8728650,8,33,-5,89
8729160,23,36,9,80
8729670,45,39,3,77
8730180,57,6,2,75
8730690,38,65,-10,85
8731200,4,68,2,83
8731710,47,27,9,74
8732220,61,46,-6,80
8732730,92,13,2,78
8733240,48,51,-2,80
8733750,14,66,-2,82
8734260,29,25,4,78
8734770,26,40,-12,90
8735280,94,43,-2,92
8735790,6,23,9,83
8736300,21,26,2,81
8736810,33,29,-1,82
8737320,45,44,8,74
8737830,11,11,-14,88
8738340,32,14,9,79
8738850,44,83,3,76
8739360,10,42,-11,87
8739870,25,57,5,82
8740380,35,31,1,81
8740890,47,46,2,79
8741400,13,61,-8,87
8741910,28,20,8,79
8742420,40,89,0,79
8742930,6,48,-5,84
8743440,27,7,1,83
8743950,39,80,1,82
8744460,5,39,-4,86
8744970,20,42,-2,88
8745480,35,45,6,82
8745990,1,48,6,76
8746500,30,7,-3,79
8747010,56,16,0,79
8747520,30,19,5,74
8748030,56,88,-11,85
8748540,22,0,7,78
8749050,34,73,-3,81
8749560,7,32,-7,88
8750070,22,35,8,80
8750580,90,38,-6,86
8751090,45,18,6,80
8751600,71,27,2,78
8752110,23,7,9,69
8752620,79,76,-12,81
8753130,62,101,4,77
8753640,83,59,-3,80
8754150,35,39,-6,86
8754660,47,54,3,83
8755170,59,69,6,77
8755680,25,56,-7,84
8756190,40,15,15,69
8756700,66,86,-11,80
8757210,32,54,0,80
8757720,100,69,-7,87
8758230,23,49,5,82
8758740,91,52,-1,83
8759250,43,32,3,80
8759760,88,101,4,76
8760270,71,26,-6,82
8760780,23,64,3,79
8761290,33,23,-2,81
8761800,59,92,2,79
8762310,25,4,-2,81
8762820,40,73,-1,82
8763330,6,87,-1,83
8763840,49,46,3,80
8764350,68,61,3,77
8764860,34,80,-6,83
8765370,0,39,3,80
8765880,10,42,-1,81
8766390,25,45,-4,85
8766900,93,48,5,80
8767410,5,28,-5,85
8767920,15,31,2,83
8768430,83,34,0,83
8768940,97,14,4,79
8769450,53,52,2,77
8769960,19,19,-5,82
8770470,40,22,10,72
8770980,54,41,-3,75
8771490,73,8,1,74
8772000,65,11,-1,75
8772510,57,14,-6,81
8773020,31,17,2,79
8773530,43,32,2,77
8774040,69,47,1,76
8774550,43,27,-2,78
8775060,69,41,5,73
8775570,21,21,-8,81
8776080,33,24,8,73
8776590,34,93,-4,77
8777100,44,52,-7,84
8777610,10,67,1,83
8778120,20,26,2,81
8778630,17,29,-2,83
8779140,38,32,4,79
8779650,50,47,3,76
8780160,16,14,-5,81
8780670,38,17,4,77
8781180,64,86,-1,78
8781690,30,100,0,78
8782200,40,59,4,74
8782710,6,73,-7,81
8783220,35,32,3,78
8783730,47,47,-4,82
8784240,59,14,9,73
8784750,85,85,-14,87
8785260,14,8,7,80
8785770,35,11,6,74
8786280,96,82,-8,82
8786790,19,62,2,80
8787300,34,21,7,73
8787810,60,90,-5,78
8788320,26,93,0,78
8788830,36,52,-4,82
8789340,58,67,3,79
8789850,24,82,-7,86
8790360,39,41,5,81
8790870,92,8,2,79
8791380,48,11,2,77
8791890,29,82,-6,83
8792400,39,41,0,83
8792910,83,56,8,75
8793420,39,36,-1,76
8793930,51,3,0,76
8794440,32,38,-4,80
8794950,44,53,-2,82
8795460,10,68,1,81
8795970,31,27,3,78
8796480,43,42,-5,83
8796990,55,9,5,78
8797500,36,12,2,76
8798010,48,21,3,73
8798520,62,92,-5,78
8799030,79,51,0,78
8799540,31,31,-1,79
8800050,43,46,2,77
8800560,55,61,1,76
8801070,21,28,-9,85
8801580,33,31,4,81
8802090,45,46,-1,82
8802600,57,13,9,73
8803110,83,84,-11,84
8803620,12,64,0,84
8804130,27,23,3,81
8804640,28,38,2,79
8805150,50,41,5,74
8805660,69,8,1,73
8806170,21,11,-5,78
8806680,33,80,-4,82
8807190,63,39,4,78
8807700,15,19,-3,81
8808210,36,22,4,77
8808720,62,15,1,76
8809230,36,37,-7,83
8809740,48,52,3,80
8810250,60,67,3,77
8810760,26,82,-6,83
8811270,41,41,6,77
8811780,53,8,1,76
8812290,34,11,4,72
8812800,46,31,-2,74
8813310,65,50,2,72
8813820,28,69,-7,79
8814330,38,28,0,79
8814840,64,97,5,74
8815350,30,9,2,72
8815860,42,18,-6,78
8816370,70,37,4,74
8816880,22,17,-5,79
8817390,34,20,6,73
8817900,49,35,-5,78
8818410,68,2,4,74
8818920,33,78,-7,81
8819430,63,37,5,76
8819940,77,17,-5,81
8820450,1,55,1,80
8820960,22,14,1,79
8821470,34,17,8,71
8821980,46,36,-6,77
8822490,65,51,1,76
8823000,48,70,-3,79
8823510,14,84,-2,81
8824020,69,43,4,77
8824530,32,23,-3,80
8825040,44,38,4,76
8825550,63,53,5,71
8826060,46,12,-5,76
8826570,27,83,-11,87
8827080,37,42,9,78
8827590,49,57,1,77
8828100,15,24,-4,81
8828610,36,27,6,75
8829120,55,42,2,73
8829630,74,9,-1,74
8830140,39,12,1,73
8830650,67,83,-10,83
8831160,33,51,6,77
8831670,101,54,-6,83
8832180,13,34,-5,88
8832690,28,37,9,79
8833200,96,40,-4,83
8833710,8,20,2,81
8834220,23,23,3,78
8834730,35,38,-2,80
8835240,47,5,6,74
8835750,28,40,-10,84
8836260,25,55,-2,86
8836770,93,58,2,84
8837280,45,38,8,76
8837790,43,53,-3,79
8838300,9,68,-6,85
8838810,24,27,2,83
8839320,36,30,5,78
8839830,48,45,0,78
8840340,46,60,-5,83
8840850,12,75,-4,87
8841360,27,34,8,79
8841870,28,37,-4,83
8842380,96,40,-1,84
8842890,8,20,1,83
8843400,23,23,7,76
8843910,24,26,-4,80
8844420,25,29,2,78
8844930,47,32,2,76
8845440,66,51,0,76
8845950,49,31,2,74
8846460,63,100,-2,76
8846970,29,58,-5,81
8847480,97,61,-3,84
8847990,20,41,5,79
8848500,42,44,1,78
8849010,54,59,-4,82
8849520,20,74,-6,88
8850030,35,33,13,75
8850540,47,0,-7,82
8851050,68,33,8,74
8851560,82,13,-6,80
8852070,38,16,3,77
8852580,50,87,-6,83
8853090,16,90,0,83
8853600,45,49,1,82
8854110,11,64,-2,84
8854620,26,23,13,71
8855130,38,92,-11,82
8855640,48,51,1,81
8856150,14,66,-1,82
8856660,24,25,3,79
8857170,46,40,1,78
8857680,58,7,2,76
8858190,32,10,-2,78
8858700,44,19,5,73
8859210,58,38,1,72
8859720,21,57,-11,83
8860230,36,60,2,81
8860740,2,75,0,81
8861250,23,34,-3,84
8861760,45,37,7,77
8862270,43,4,-1,78
8862780,64,75,0,78
8863290,30,43,-3,81
8863800,98,46,-2,83
8864310,10,26,-1,84
8864820,25,29,3,81
8865330,37,32,3,78
8865840,49,47,1,77
8866350,61,14,-4,81
8866860,35,17,4,77
8867370,47,36,-3,80
8867880,66,51,8,72
8868390,49,52,-4,76
8868900,15,67,-8,84
8869410,30,26,3,81
8869920,31,41,0,81
8870430,99,44,-4,85
8870940,11,24,-6,91
8871450,26,27,6,85
8871960,38,30,13,72
8872470,50,99,-2,74
8872980,80,16,-3,77
8873490,4,19,-3,80
8874000,26,22,3,77
8874510,27,37,0,77
8875020,95,40,-5,82
8875530,7,20,-1,83
8876040,22,23,4,79
8876550,34,26,2,77
8877060,46,95,-1,78
8877570,12,54,-15,93
8878080,27,13,11,82
8878590,48,82,0,82
8879100,14,85,2,80
8879610,29,44,0,80
8880120,97,47,-5,85
8880630,9,27,2,83
8881140,24,30,2,81
8881650,46,33,7,74
8882160,58,0,-7,81
8882670,79,3,2,79
8883180,44,6,-3,82
8883690,65,77,5,77
8884200,31,45,-1,78
8884710,99,48,-2,80
8885220,11,28,-3,83
8885730,26,31,2,81
8886240,38,34,1,80
8886750,50,1,1,79
8887260,71,34,4,75
8887770,85,14,-3,78
8888280,41,17,8,70
8888790,55,36,-3,73
8889300,18,3,-5,78
8889810,39,76,-3,81
8890320,5,35,-1,82
8890830,20,38,0,82
8891340,42,41,2,80
8891850,8,8,1,79
8892360,29,11,-2,81
8892870,41,26,5,76
8893380,24,8,1,75
8893890,36,81,-8,83
8894400,57,40,8,75
8894910,76,59,-5,80
8895420,41,39,4,76
8895930,53,54,-5,81
8896440,19,21,1,80
8896950,40,24,4,76
8897460,52,93,-4,80
8897970,18,5,2,78
8898480,24,78,-5,83
8898990,39,37,7,76
8899500,61,52,5,71
8900010,27,53,-9,80
8900520,95,56,-10,90
8901030,47,36,8,82
8901540,59,18,9,73
8902050,33,40,-10,83
8902560,30,43,-3,86
8903070,98,46,1,85
8903580,10,26,5,80
8904090,25,29,0,80
8904600,47,32,9,71
8905110,30,51,-4,75
8905620,98,54,-6,81
8906130,10,34,-4,85
8906640,25,37,3,82
8907150,93,40,6,76
8907660,5,20,-7,83
8908170,20,23,4,79
8908680,41,26,5,74
8909190,3,40,-9,83
8909700,18,101,7,76
8910210,33,60,-4,80
8910720,101,63,-5,85
8911230,24,43,5,80
8911740,92,46,-6,86
8912250,4,26,-3,89
8912760,19,29,7,82
8913270,87,32,-5,87
8913780,39,12,8,79
8914290,67,21,7,72
8914800,41,27,3,69
8915310,53,96,-8,77
8915820,19,8,2,75
8916330,31,81,-3,78
8916840,99,40,1,77
8917350,11,20,-1,78
8917860,33,23,-2,80
8918370,55,5,4,76
8918880,28,38,-7,83
8919390,96,41,-3,86
8919900,8,21,6,80
8920410,23,24,-1,81
8920920,91,27,0,81
8921430,3,64,4,77
8921940,24,23,4,73
8922450,46,38,-3,76
8922960,44,5,-5,81
8923470,65,76,-2,83
8923980,31,44,-1,84
8924490,53,47,11,73
8925000,19,48,-8,81
8925510,34,7,8,73
8926020,62,78,-9,82
8926530,28,93,0,82
8927040,43,52,5,77
8927550,9,67,0,77
8928060,24,26,-3,80
8928570,46,29,2,78
8929080,74,11,0,78
8929590,26,93,-1,79
8930100,41,52,-4,83
8930610,7,53,4,79
8931120,22,12,2,77
8931630,34,85,-1,78
8932140,0,44,-2,80
8932650,15,3,-3,83
8933160,36,76,3,80
8933670,2,35,2,78
8934180,17,96,0,78
8934690,32,55,-1,79
8935200,100,58,-4,83
8935710,12,38,1,82
8936220,27,41,3,79
8936730,95,44,2,77
8937240,7,24,-7,84
8937750,22,27,1,83
8938260,43,30,8,75
8938770,55,12,-1,76
8939280,7,28,-8,84
8939790,22,31,0,84
8940300,44,34,9,75
8940810,56,1,-2,77
8941320,77,36,-8,85
8941830,29,16,11,74
8942340,41,100,-14,88
8942850,62,59,14,74
8943360,28,78,-5,79
8943870,50,37,2,77
8944380,33,4,0,77
8944890,48,75,-9,86
8945400,14,78,6,80
8945910,29,37,1,79
8946420,51,40,4,75
8946930,49,41,1,74
8947440,47,8,0,74
8947950,28,24,1,73
8948460,40,39,-2,75
8948970,52,54,-9,84
8949480,64,21,12,72
8949990,38,1,-1,73
8950500,53,34,0,73
8951010,36,53,-7,80
8951520,2,68,-7,87
8952030,23,27,9,78
8952540,45,30,5,73
8953050,57,12,2,71
8953560,31,15,-2,73
8954070,43,34,-3,76
8954580,26,16,-6,82
8955090,47,89,2,80
8955600,13,92,-7,87
8956110,28,51,2,85
8956620,43,54,7,78
8957130,9,55,-6,84
8957640,24,14,7,77
8958150,36,83,-6,83
8958660,58,42,5,78
8959170,77,43,0,78
8959680,29,23,-1,79
8960190,41,38,7,72
8960700,39,5,-9,81
8961210,60,38,12,69
8961720,74,18,-13,82
8962230,88,100,0,82
8962740,71,23,9,73
8963250,23,3,-4,77
8963760,38,76,-4,81
8964270,4,79,0,81
8964780,26,38,7,74
8965290,34,41,-3,77
8965800,56,44,6,71
8966310,39,45,-2,73
8966820,61,60,-4,77
8967330,72,61,6,71
8967840,55,41,-8,79
8968350,53,42,6,73
8968860,51,43,-2,75
8969370,49,25,1,74
8969880,63,44,3,71
8970390,46,24,-6,77
8970900,60,43,-1,78
8971410,76,44,4,74
8971920,28,24,-5,79
8972430,40,39,2,77
8972940,52,54,0,77
8973450,18,55,-2,79
8973960,33,14,2,77
8974470,45,12,-4,81
8974980,19,83,-1,82
8975490,40,42,9,73
8976000,52,9,-5,78
8976510,4,91,0,78
8977020,26,50,1,77
8977530,94,53,-2,79
8978040,6,33,2,77
8978550,21,36,1,76
8979060,89,39,-2,78
8979570,1,19,-7,85
8980080,23,22,1,84
8980590,35,37,9,75
8981100,47,52,0,75
8981610,13,67,-9,84
8982120,34,26,12,72
8982630,46,8,-7,79
8983140,27,79,3,76
8983650,49,38,1,75
8984160,61,57,-1,76
8984670,44,58,-2,78
8985180,10,59,-6,84
8985690,31,18,12,72
8986200,43,0,-10,82
8986710,64,33,4,78
8987220,16,13,-2,80
8987730,37,16,2,78
8988240,65,35,10,68
8988750,79,15,-8,76
8989260,3,97,-4,80
8989770,24,100,1,79
8990280,53,59,2,77
8990790,19,60,-3,80
8991300,34,19,7,73
8991810,46,38,-6,79
8992320,65,20,10,69
8992830,39,0,-7,76
8993340,20,33,-6,82
8993850,42,36,7,75
8994360,54,3,0,75
8994870,6,38,-9,84
8995380,21,41,2,82
8995890,89,44,2,80
8996400,1,24,0,80
8996910,11,27,-3,83
8997420,26,30,0,83
8997930,48,45,10,73
8998440,46,12,-3,76
8998950,27,45,-9,85
8999460,95,48,8,77
8999970,7,28,-7,84
9000480,56,31,9,75
9000990,70,11,-3,78
9001500,22,14,3,75
9002010,34,83,-9,84
9002520,0,42,-1,85
9003030,21,1,13,72
9003540,36,74,-15,87
9004050,9,77,1,86
9004560,30,36,4,82
9005070,52,51,8,74
9005580,50,18,-1,75
9006090,24,100,-7,82
9006600,45,59,0,82
9007110,11,62,-8,90
9007620,26,21,16,74
9008130,48,36,-6,80
9008640,67,55,8,72
9009150,50,35,-1,73
9009660,33,54,-13,86
9010170,101,69,4,82
9010680,53,49,5,77
9011190,51,68,-4,81
9011700,17,83,2,79
9012210,32,42,0,79
9012720,54,45,1,78
9013230,52,64,1,77
9013740,18,51,-9,86
9014250,33,54,10,76
9014760,101,57,-7,83
9015270,53,37,13,70
9015780,36,56,-15,85
9016290,2,71,-2,87
9016800,23,30,6,81
9017310,45,33,3,78
9017820,64,0,6,72
9018330,29,35,-6,78
9018840,51,38,7,71
9019350,34,57,-6,77
9019860,0,60,-3,80
9020370,21,19,3,77
9020880,33,34,-1,78
9021390,45,49,4,74
9021900,11,36,-13,87
9022410,26,39,6,81
9022920,94,42,-3,84
9023430,6,22,5,79
9023940,21,25,-5,84
9024450,43,28,8,76
9024960,26,10,-2,78
9025470,38,83,-8,86
9025980,68,42,9,77
9026490,20,22,-4,81
9027000,32,25,4,77
9027510,44,40,1,76
9028020,56,55,1,75
9028530,39,70,-14,89
9029040,5,73,5,84
9029550,26,32,5,79
9030060,38,47,3,76
9030570,50,62,-5,81
9031080,16,49,2,79
9031590,26,64,0,79
9032100,56,23,9,70
9032610,8,3,-13,83
9033120,29,69,7,76
9033630,97,28,2,74
9034140,9,8,-6,80
9034650,30,11,8,72
9035160,38,82,-10,82
9035670,11,41,-1,83
9036180,32,44,6,77
9036690,100,47,-2,79
9037200,12,27,1,78
9037710,33,30,-4,82
9038220,45,45,12,70
9038730,11,32,-12,82
9039240,33,39,3,79
9039750,55,54,5,74
9040260,38,21,-3,77
9040770,50,40,4,73
9041280,48,22,-3,76
9041790,62,41,-1,77
9042300,45,21,5,72
9042810,99,40,-12,84
9043320,51,20,11,73
9043830,25,0,-1,74
9044340,46,85,-6,80
9044850,12,44,-2,82
9045360,22,59,-1,83
9045870,44,74,1,82
9046380,10,77,1,81
9046890,31,36,-3,84
9047400,43,51,0,84
9047910,65,93,5,79
9048420,31,5,2,77
9048930,52,38,10,67
9049440,35,57,-13,80
9049950,1,44,-3,83
9050460,11,3,5,78
9050970,32,53,-7,85
9051480,100,56,3,82
9051990,12,36,-2,84
9052500,27,39,10,74
9053010,95,42,0,74
9053520,7,22,-8,82
9054030,29,25,7,75
9054540,41,40,-3,78
9055050,53,55,1,77
9055560,19,70,-4,81
9056070,40,29,3,78
9056580,23,11,0,78
9057090,44,84,3,75
9057600,10,43,-9,84
9058110,31,46,6,78
9058620,99,49,-1,79
9059130,11,29,-1,80
9059640,33,32,4,76
9060150,55,47,-2,78
9060660,38,66,-10,88
9061170,4,69,6,82
9061680,25,28,8,74
9062190,47,31,4,70
9062700,21,50,-10,80
9063210,43,53,-5,85
9063720,9,68,1,84
9064230,30,27,4,80
9064740,51,42,5,75
9065250,25,24,-7,82
9065760,37,39,3,79
9066270,49,54,4,75
9066780,15,41,-3,78
9067290,36,44,2,76
9067800,58,31,5,71
9068310,72,11,-4,75
9068820,24,93,2,73
9069330,46,52,-5,78
9069840,12,67,-2,80
9070350,22,26,1,79
9070860,44,29,1,78
9071370,27,48,1,77
9071880,95,51,0,77
9072390,7,31,-3,80
9072900,17,34,3,77
9073410,39,37,-4,81
9073920,51,52,10,71
9074430,17,19,-17,88
9074940,38,22,18,70
9075450,21,41,-8,78
9075960,43,44,-1,79
9076470,65,31,2,77
9076980,17,11,-7,84
9077490,38,14,9,75
9078000,46,23,8,67
9078510,60,42,-10,77
9079020,43,38,-2,79
9079530,55,53,4,75
9080040,21,20,0,75
9080550,43,23,1,74
9081060,5,42,-8,82
9081570,26,45,-4,86
9082080,94,48,5,81
9082590,46,28,6,75
9083100,60,47,5,70
9083610,8,66,-9,79
9084120,96,25,1,78
9084630,52,47,0,78
9085140,18,14,-3,81
9085650,39,17,3,78
9086160,67,36,6,72
9086670,19,16,-9,81
9087180,40,19,11,70
9087690,68,38,-6,76
9088200,20,18,1,75
9088710,32,91,-5,80
9089220,42,50,-3,83
9089730,8,65,3,80
9090240,30,24,4,76
9090750,52,39,-1,77
9091260,57,58,1,76
9091770,23,25,-11,87
9092280,44,28,19,68
9092790,72,47,-11,79
9093300,24,27,-1,80
9093810,46,30,3,77
9094320,29,49,-5,82
9094830,97,52,3,79
9095340,49,32,5,74
9095850,32,51,-3,77
9096360,100,54,-3,80
9096870,12,34,-8,88
9097380,33,37,9,79
9097890,55,52,4,75
9098400,21,19,-5,80
9098910,43,22,5,75
9099420,57,41,0,75
9099930,40,60,-4,79
9100440,6,63,-3,82
9100950,27,22,11,71
9101460,49,37,-4,75
9101970,32,56,-11,86
9102480,100,59,3,83
9102990,52,39,5,78
9103500,35,58,-4,82
9104010,1,61,-1,83
9104520,22,20,8,75
9105030,44,23,1,74
9105540,58,42,1,73
9106050,41,61,-7,80
9106560,7,64,0,80
9107070,17,23,0,80
9107580,62,26,3,77
9108090,36,6,0,77
9108600,64,77,-6,83
9109110,30,96,8,75
9109620,52,55,-5,80
9110130,35,70,-2,82
9110640,8,73,4,78
9111150,29,32,-4,82
9111660,41,35,7,75
9112170,24,50,-9,84
9112680,45,53,10,74
9113190,11,40,-8,82
9113700,32,43,-5,87
9114210,53,46,13,74
9114720,36,65,-2,76
9115230,2,68,-3,79
9115740,23,27,-1,80
9116250,44,30,8,72
9116760,27,49,-16,88
9117270,48,52,8,80
9117780,14,39,-9,89
9118290,35,42,9,80
9118800,57,45,6,74
9119310,23,64,-6,80
9119820,45,23,8,72
9120330,59,42,-1,73
9120840,42,61,-13,86
9121350,8,64,3,83
9121860,29,23,6,77
9122370,41,96,3,74
9122880,63,55,-1,75
9123390,46,74,-3,78
9123900,12,97,-2,80
9124410,34,56,0,80
9124920,0,59,-6,86
9125430,21,18,10,76
9125940,42,21,1,75
9126450,56,40,0,75
9126960,39,59,-10,85
9127470,5,62,3,82
9127980,26,21,4,78
9128490,48,36,3,75
9129000,31,55,-12,87
9129510,99,58,1,86
9130020,51,38,9,77
9130530,34,57,2,75
9131040,0,60,-8,83
9131550,21,19,2,81
9132060,42,22,2,79
9132570,70,42,7,72
9133080,22,22,-10,82
9133590,44,25,9,73
9134100,58,44,3,70
9134610,41,63,-12,82
9135120,7,66,-1,83
9135630,28,25,9,74
9136140,50,28,1,73
9136650,64,47,-2,75
9137160,47,66,-7,82
9137670,13,69,-1,83
9138180,34,28,9,74
9138690,56,42,0,74
9139200,39,61,-9,83
9139710,5,64,-3,86
9140220,26,23,8,78
9140730,38,96,-3,81
9141240,60,55,4,77
9141750,26,74,-2,79
9142260,36,33,-4,83
9142770,48,48,2,81
9143280,31,63,-1,82
9143790,99,66,1,81
9144300,11,46,0,81
9144810,26,49,0,81
9145320,94,52,-6,87
9145830,6,32,1,86
9146340,16,35,4,82
9146850,38,38,0,82
9147360,60,7,7,75
9147870,88,31,2,73
9148380,0,11,-6,79
9148890,22,14,-1,80
9149400,43,87,5,75
9149910,9,46,-2,77
9150420,19,5,0,77
9150930,40,78,-5,82
9151440,6,81,5,77
9151950,28,6,2,75
9152460,49,79,-12,87
9152970,15,82,2,85
9153480,37,41,3,82
9153990,58,44,7,75
9154500,41,63,-7,82
9155010,7,66,0,82
9155520,17,25,0,82
9156030,38,28,10,72
9156540,60,47,-7,79
9157050,23,66,-9,88
9157560,38,25,10,78
9158070,66,44,5,73
9158580,22,24,-5,78
9159090,44,27,3,75
9159600,58,9,0,75
9160110,32,12,-4,79
9160620,60,85,1,78
9161130,26,95,1,77
9161640,48,54,0,77
9162150,14,41,-3,80
9162660,36,44,-7,87
9163170,2,47,10,77
9163680,24,6,-4,81
9164190,45,79,-5,86
9164700,11,82,11,75
9165210,32,41,-6,81
9165720,100,44,-2,83
9166230,12,24,-5,88
9166740,33,27,10,78
9167250,54,30,2,76
9167760,68,49,0,76
9168270,51,29,4,72
9168780,65,48,-4,76
9169290,48,44,-4,80
9169800,31,11,-2,82
9170310,52,84,5,77
9170820,18,87,-3,80
9171330,40,46,1,79
9171840,6,49,-1,80
9172350,27,8,4,76
9172860,49,81,-9,85
9173370,15,84,5,80
9173880,36,43,2,78
9174390,58,46,8,70
9174900,24,65,-16,86
9175410,39,24,11,75
9175920,22,6,-6,81
9176430,43,79,-3,84
9176940,9,82,3,81
9177450,30,41,-2,83
9177960,52,44,8,75
9178470,35,63,-9,84
9178980,1,66,3,81
9179490,22,25,1,80
9180000,50,28,9,71
9180510,64,47,-2,73
9181020,27,66,-6,79
9181530,95,25,1,78
9182040,51,28,7,71
9182550,65,47,-1,72
9183060,28,27,-13,85
9183570,50,30,14,71
9184080,64,49,-3,74
9184590,47,45,-3,77
9185100,13,32,-7,84
9185610,34,35,5,79
9186120,56,38,4,75
9186630,22,34,-7,82
9187140,44,37,3,79
9187650,27,19,2,77
9188160,49,92,-6,83
9188670,15,51,-3,86
9189180,36,10,10,76
9189690,64,19,-1,77
9190200,38,22,0,77
9190710,21,4,-4,81
9191220,42,77,3,78
9191730,8,36,-4,82
9192240,18,39,0,82
9192750,40,42,9,73
9193260,6,45,-18,91
9193770,27,48,7,84
9194280,95,51,0,84
9194790,7,31,1,83
9195300,22,34,3,80
9195810,90,37,-4,84
9196320,2,17,-5,89
9196830,17,20,10,79
9197340,39,23,2,77
9197850,22,5,-1,78
9198360,43,78,-6,84
9198870,9,81,2,82
9199380,31,40,2,80
9199890,99,43,-1,81
9200400,11,23,-1,82
9200910,32,26,5,77
9201420,54,29,0,77
9201930,68,11,6,71
9202440,42,14,-5,76
9202950,16,85,-10,86
9203460,37,44,2,84
9203970,3,47,-5,89
9204480,24,6,13,76
9204990,45,79,-7,83
9205500,11,82,-1,84
9206010,32,66,5,79
9206520,100,69,-7,86
9207030,26,49,2,84
9207540,94,52,0,84
9208050,6,11,-1,85
9208560,27,14,3,82
9209070,57,87,6,76
9209580,23,90,-1,77
9210090,45,49,-1,78
9210600,11,64,-4,82
9211110,32,23,6,76
9211620,54,37,2,74
9212130,37,19,-4,78
9212640,20,1,-4,82
9213150,41,74,1,81
9213660,7,77,1,80
9214170,28,36,1,79
9214680,96,31,-2,81
9215190,48,11,9,72
9215700,22,82,-8,80
9216210,44,41,4,76
9216720,10,28,-7,83
9217230,31,31,4,79
9217740,101,34,0,79
9218250,13,14,-8,87
9218760,34,17,10,77
9219270,42,90,0,77
9219780,8,49,-8,85
9220290,29,8,10,75
9220800,57,81,-10,85
9221310,23,84,4,81
9221820,45,43,-3,84
9222330,67,58,14,70
9222840,33,77,-12,82
9223350,54,36,10,72
9223860,17,18,-14,86
9224370,39,21,11,75
9224880,22,3,-6,81
9225390,43,76,5,76
9225900,9,79,-3,79
9226410,31,38,-1,80
9226920,52,41,7,73
9227430,35,23,2,71
9227940,18,92,-6,77
9228450,40,51,-1,78
9228960,6,38,-8,86
9229470,27,41,5,81
9229980,95,44,-3,84
9230490,7,24,1,83
9231000,29,27,7,76
9231510,50,30,5,71
9232020,64,12,-5,76
9232530,38,15,0,76
9233040,46,99,-6,82
9233550,12,58,-1,83
9234060,33,17,7,76
9234570,63,90,-5,81
9235080,29,93,6,75
9235590,18,52,-9,84
9236100,33,11,8,76
9236610,61,44,-3,79
9237120,75,63,0,79
9237630,38,66,-5,84
9238140,4,69,1,83
9238650,25,28,-1,84
9239160,93,31,2,82
9239670,5,11,-3,85
9240180,27,14,10,75
9240690,49,87,-17,92
9241200,15,90,11,81
9241710,37,49,3,78
9242220,3,52,-5,83
9242730,13,11,-1,84
9243240,34,14,6,78
9243750,62,33,3,75
9244260,76,13,-7,82
9244770,0,16,-1,83
9245280,22,19,2,81
9245790,19,22,0,81
9246300,40,25,7,74
9246810,23,7,-9,83
9247320,44,80,1,82
9247830,10,83,-2,84
9248340,32,42,5,79
9248850,100,29,3,76
9249360,12,66,-12,88
9249870,33,25,11,77
9250380,55,98,1,76
9250890,21,101,-4,80
9251400,43,60,-2,82
9251910,9,63,-3,85
9252420,30,86,2,83
9252930,40,45,7,76
9253440,6,32,-7,83
9253950,21,35,0,83
9254460,43,38,5,78
9254970,71,20,2,76
9255480,45,23,2,74
9255990,59,94,-6,80
9256500,25,97,3,77
9257010,55,56,-2,79
9257520,21,43,-6,85
9258030,43,46,3,82
9258540,9,33,-2,84
9259050,30,36,4,80
9259560,51,39,6,74
9260070,34,21,-4,78
9260580,62,3,2,76
9261090,83,6,-2,78
9261600,75,9,5,73
9262110,65,12,1,72
9262620,79,15,-4,76
9263130,3,18,-10,86
9263640,25,21,4,82
9264150,46,24,13,69
9264660,60,18,-3,72
9265170,34,21,-1,73
9265680,62,3,-3,76
9266190,83,6,-4,80
9266700,2,9,1,79
9267210,24,12,0,79
9267720,45,85,0,79
9268230,11,44,-5,84
9268740,26,47,3,81
9269250,94,50,-2,83
9269760,6,30,0,83
9270270,21,33,1,82
9270780,43,36,5,77
9271290,26,18,-3,80
9271800,47,91,-7,87
9272310,77,50,9,78
9272820,29,30,-5,83
9273330,51,33,6,77
9273840,65,15,2,75
9274350,39,18,-2,77
9274860,67,89,2,75
9275370,33,1,1,74
9275880,54,74,-7,81
9276390,20,61,2,79
9276900,42,20,9,70
9277410,56,91,-8,78
9277920,22,94,0,78
9278430,44,53,-3,81
9278940,10,40,-8,89
9279450,25,43,2,87
9279960,93,46,7,80
9280470,5,26,0,80
9280980,15,29,-7,87
9281490,36,32,4,83
9282000,48,47,5,78
9282510,31,34,-5,83
9283020,52,37,10,73
9283530,35,19,-3,76
9284040,63,1,0,76
9284550,28,4,5,71
9285060,56,75,-13,84
9285570,22,62,8,76
9286080,44,21,0,76
9286590,58,3,3,73
9287100,79,6,-3,76
9287610,71,9,6,70
9288120,63,12,-2,72
9288630,37,15,-2,74
9289140,51,86,-6,80
9289650,17,45,-5,85
9290160,32,4,10,75
9290670,53,37,5,70
9291180,67,19,-5,75
9291690,81,90,-4,79
9292200,47,15,-1,80
9292710,75,48,1,79
9293220,27,28,-6,85
9293730,49,31,11,74
9294240,63,13,1,73
9294750,37,16,0,73
9295260,45,87,-8,81
9295770,11,46,-2,83
9296280,33,5,9,74
9296790,61,38,-1,75
9297300,75,18,8,67
9297810,95,21,-13,80
9298320,7,24,-2,82
9298830,29,27,5,77
9299340,51,9,1,76
9299850,3,42,-6,82
9300360,24,1,5,77
9300870,52,74,-3,80
9301380,18,61,-1,81
9301890,33,20,4,77
9302400,55,2,2,75
9302910,76,5,-3,78
9303420,97,8,0,78
9303930,23,11,-1,79
9304440,44,84,-3,82
9304950,74,87,0,82
9305460,40,4,5,77
9305970,14,37,-7,84
9306480,35,40,6,78
9306990,57,43,6,72
9307500,40,25,-2,74
9308010,68,7,4,70
9308520,20,10,-8,78
9309030,41,83,-4,82
9309540,7,86,4,78
9310050,29,45,-7,85
9310560,97,48,1,84
9311070,9,28,-6,90
9311580,31,31,11,79
9312090,52,13,5,74
9312600,4,84,-9,83
9313110,26,43,1,82
9313620,94,46,-1,83
9314130,6,80,1,82
9314640,28,39,1,81
9315150,96,42,-1,82
9315660,8,22,-11,93
9316170,36,25,20,73
9316680,19,7,-7,80
9317190,40,80,-7,87
9317700,6,83,7,80
9318210,27,42,2,78
9318720,95,45,-2,80
9319230,7,25,-5,85
9319740,29,28,4,81
9320250,50,31,4,77
9320760,64,13,-1,78
9321270,49,16,3,75
9321780,1,19,-7,82
9322290,23,22,5,77
9322800,44,25,1,76
9323310,72,7,-7,83
9323820,28,10,7,76
9324330,56,94,2,74
9324840,22,97,-5,79
9325350,44,56,-1,80
9325860,10,43,1,79
9326370,20,46,-3,82
9326880,42,49,6,76
9327390,8,36,-7,83
9327900,18,39,1,82
9328410,40,42,10,72
9328920,6,11,-20,92
9329430,27,14,16,76
9329940,49,98,-4,80
9330450,15,57,-6,86
9330960,25,16,9,77
9331470,47,100,3,74
9331980,13,59,-9,83
9332490,23,18,2,81
9333000,44,0,0,81
9333510,65,3,2,79
9334020,86,6,3,76
9334530,12,9,-7,83
9335040,34,12,10,73
9335550,62,96,-4,77
9336060,28,99,-1,78
9336570,38,58,-9,87
9337080,4,61,9,78
9337590,14,20,-6,84
9338100,36,23,7,77
9338610,66,54,4,73
9339120,29,1,-5,78
9339630,57,86,-2,80
9340140,23,89,4,76
9340650,53,48,-1,77
9341160,19,30,-6,83
9341670,40,33,4,79
9342180,59,0,6,73
9342690,80,3,-5,78
9343200,101,6,-2,80
9343710,27,9,9,71
9344220,35,80,-15,86
9344730,65,39,14,72
9345240,79,19,-2,74
9345750,31,101,-1,75
9346260,41,60,-9,84
9346770,7,63,2,82
9347280,28,22,3,79
9347790,56,91,1,78
9348300,22,3,1,77
9348810,50,76,-6,83
9349320,16,79,0,83
9349830,37,38,10,73
9350340,59,52,-7,80
9350850,90,34,-2,82
9351360,42,14,3,79
9351870,72,47,2,77
9352380,24,27,-3,80
9352890,46,30,3,77
9353400,74,12,5,72
9353910,30,15,-5,77
9354420,58,99,2,75
9354930,24,0,-3,78
9355440,45,85,-6,84
9355950,75,25,9,75
9356460,27,47,-8,83
9356970,95,50,3,80
9357480,7,30,-4,84
9357990,17,33,6,78
9358500,85,36,-3,81
9359010,99,16,4,77
9359520,55,19,0,77
9360030,69,28,1,76
9360540,25,8,1,75
9361050,33,81,-9,84
9361560,63,40,10,74
9362070,77,20,-3,77
9362580,29,0,0,77
9363090,50,85,-1,78
9363600,16,88,3,75
9364110,45,47,-7,82
9364620,67,36,6,76
9365130,19,16,-6,82
9365640,41,19,8,74
9366150,55,1,-2,76
9366660,76,4,-6,82
9367170,97,7,1,81
9367680,23,10,0,81
9368190,44,83,3,78
9368700,10,42,-2,80
9369210,20,45,-4,84
9369720,41,48,6,78
9370230,7,37,-10,88
9370740,28,40,8,80
9371250,96,43,-4,84
9371760,8,23,4,80
9372270,29,26,7,73
9372780,51,8,0,73
9373290,3,11,-3,76
9373800,25,14,-1,77
9374310,53,83,-5,82
9374820,19,86,0,82
9375330,40,45,4,78
9375840,68,28,2,76
9376350,82,8,3,73
9376860,38,11,-8,81
9377370,66,44,4,77
9377880,80,24,-1,78
9378390,32,46,-6,84
9378900,54,35,11,73
9379410,68,17,-3,76
9379920,20,41,-9,85
9380430,41,44,8,77
9380940,7,33,-8,85
9381450,17,36,4,81
9381960,38,39,3,78
9382470,4,28,1,77
9382980,14,31,-7,84
9383490,36,34,1,83
9384000,66,16,7,76
9384510,40,19,3,73
9385020,68,1,0,73
9385530,89,4,-1,74
9386040,15,7,-9,83
9386550,36,10,10,73
9387060,44,81,-8,81
9387570,10,84,-2,83
9388080,20,43,4,79
9388590,42,46,6,73
9389100,61,33,0,73
9389610,75,13,-8,81
9390120,27,16,4,77
9390630,57,100,1,76
9391140,23,1,-3,79
9391650,51,86,5,74
9392160,17,89,-10,84
9392670,46,48,7,77
9393180,12,31,-5,82
9393690,33,34,6,76
9394200,55,37,3,73
9394710,69,19,-1,74
9395220,43,41,-2,76
9395730,9,23,-11,87
9396240,31,26,11,76
9396750,43,8,-2,78
9397260,17,79,-5,83
9397770,46,38,9,74
9398280,12,5,-7,81
9398790,33,8,7,74
9399300,61,41,1,73
9399810,24,23,-2,75
9400320,45,26,2,73
9400830,59,8,-1,74
9401340,33,41,-11,85
9401850,101,44,3,82
9402360,13,24,1,81
9402870,34,27,2,79
9403380,64,9,7,72
9403890,38,12,-5,77
9404400,66,45,5,72
9404910,32,41,-12,84
9405420,100,44,-2,86
9405930,12,81,7,79
9406440,41,40,-1,80
9406950,7,29,-5,85
9407460,17,32,0,85
9407970,32,35,5,80
9408480,54,38,5,75
9408990,68,5,2,73
9409500,89,38,-6,79
9410010,1,18,2,77
9410520,23,21,-8,85
9411030,44,24,9,76
9411540,58,6,-1,77
9412050,32,39,2,75
9412560,100,28,-5,80
9413070,12,66,0,80
9413580,22,25,4,76
9414090,44,28,0,76
9414600,63,10,0,76
9415110,37,28,-2,78
9415620,65,10,6,72
9416130,39,43,-3,75
9416640,61,32,1,74
9417150,75,12,-4,78
9417660,49,15,3,75
9418170,23,86,-6,81
9418680,33,45,3,78
9419190,101,48,-2,80
9419700,13,28,2,78
9420210,35,31,-5,83
9420720,65,13,9,74
9421230,39,29,-4,78
9421740,58,98,4,74
9422250,24,101,-5,79
9422760,53,60,9,70
9423270,19,27,-15,85
9423780,40,30,8,77
9424290,59,99,-6,83
9424800,25,0,7,76
9425310,46,85,-5,81
9425820,12,88,1,80
9426330,41,47,1,79
9426840,7,47,-12,91
9427350,28,6,20,71
9427860,36,77,-10,81
9428370,2,36,1,80
9428880,12,39,-1,81
9429390,22,40,1,80
9429900,90,43,-1,81
9430410,2,23,-3,84
9430920,24,26,2,82
9431430,52,29,7,75
9431940,66,9,6,69
9432450,40,42,-12,81
9432960,59,31,5,76
9433470,73,80,-7,83
9433980,39,69,-3,86
9434490,5,58,5,81
9435000,15,17,-4,85
9435510,36,20,12,73
9436020,100,2,-11,84
9436530,19,5,5,79
9437040,40,78,-3,82
9437550,6,81,-2,84
9438060,35,40,0,84
9438570,56,43,11,73
9439080,22,32,-8,81
9439590,90,35,3,78
9440100,2,15,-3,81
9440610,24,18,5,76
9441120,54,87,-7,83
9441630,20,90,7,76
9442140,49,49,-1,77
9442650,15,16,-7,84
9443160,36,19,11,73
9443670,64,1,-2,75
9444180,85,34,-3,78
9444690,99,14,-4,82
9445200,25,17,3,79
9445710,55,86,-7,86
9446220,21,89,7,79
9446730,50,48,5,74
9447240,16,37,-10,84
9447750,37,40,9,75
9448260,59,29,-4,79
9448770,73,100,3,76
9449280,39,25,2,74
9449790,58,7,-4,78
9450300,32,40,-1,79
9450810,100,43,-7,86
9451320,12,23,2,84
9451830,33,26,5,79
9452340,31,95,-4,83
9452850,61,54,6,77
9453360,27,55,-1,78
9453870,95,58,1,77
9454380,7,38,-5,82
9454890,17,41,0,82
9455400,32,44,2,80
9455910,100,47,3,77
9456420,12,27,-9,86
9456930,33,30,8,78
9457440,52,33,4,74
9457950,72,0,-3,77
9458460,93,3,-2,79
9458970,19,6,-1,80
9459480,40,79,-4,84
9459990,70,82,4,80
9460500,36,50,-3,83
9461010,2,53,1,82
9461520,31,12,8,74
9462030,39,45,-4,78
9462540,61,48,5,73
9463050,19,49,-9,82
9463560,87,52,-3,85
9464070,39,32,9,76
9464580,58,101,-4,80
9465090,73,79,-3,83
9465600,39,91,0,83
9466110,69,50,8,75
9466620,32,30,-2,77
9467130,53,33,2,75
9467640,16,29,-9,84
9468150,37,32,9,75
9468660,65,21,2,73
9469170,39,43,-9,82
9469680,58,32,6,76
9470190,72,1,1,75
9470700,60,4,0,75
9471210,81,37,-7,82
9471720,95,17,2,80
9472230,21,20,-1,81
9472740,49,23,7,74
9473250,63,43,3,71
9473760,29,39,-15,86
9474270,50,28,8,78
9474780,64,99,3,75
9475290,30,0,-7,82
9475800,51,85,7,75
9476310,17,88,-5,80
9476820,46,47,5,75
9477330,12,36,-11,86
9477840,27,39,0,86
9478350,49,42,13,73
9478860,15,9,-11,84
9479370,36,12,12,72
9479880,44,32,-7,79
9480390,63,14,1,78
9480900,37,47,-7,85
9481410,3,50,1,84
9481920,32,9,8,76
9482430,60,42,-2,78
9482940,74,38,6,72
9483450,88,18,-2,74
9483960,44,21,0,74
9484470,18,92,-9,83
9484980,47,51,3,80
9485490,13,54,2,78
9486000,23,13,-4,82
9486510,44,86,-1,83
9487020,74,45,3,80
9487530,88,25,1,79
9488040,40,5,5,74
9488550,14,38,-9,83
9489060,36,41,2,81
9489570,57,44,7,74
9490080,23,11,-4,78
9490590,87,7,-1,79
9491100,43,10,3,76
9491610,17,43,-8,84
9492120,38,46,-1,85
9492630,59,49,10,75
9493140,78,29,2,73
9493650,52,9,-7,80
9494160,26,42,-6,86
9494670,94,45,5,81
9495180,6,25,-2,83
9495690,28,28,3,80
9496200,49,31,5,75
9496710,7,27,-4,79
9497220,22,30,-3,82
9497730,43,33,4,78
9498240,62,48,3,75
9498750,28,64,-5,80
9499260,58,23,9,71
9499770,72,3,-3,74
9500280,46,36,-4,78
9500790,65,83,0,78
9501300,31,86,-3,81
9501810,61,45,6,75
9502320,27,41,-10,85
9502830,95,44,3,82
9503340,7,24,-6,88
9503850,22,27,9,79
9504360,50,30,7,72
9504870,64,24,-5,77
9505380,38,4,-1,78
9505890,59,37,3,75
9506400,73,17,-3,78
9506910,29,33,-2,80
9507420,97,36,-1,81
9507930,9,73,-1,82
9508440,38,32,5,77
9508950,57,47,-1,78
9509460,15,14,1,77
9509970,36,17,1,76
9510480,64,37,2,74
9510990,78,17,-5,79
9511500,98,20,1,78
9512010,10,23,-7,85
9512520,32,26,5,80
9513030,62,41,6,74
9513540,25,37,-1,75
9514050,93,40,-2,77
9514560,5,20,-6,83
9515070,20,23,4,79
9515580,88,26,-1,80
9516090,0,6,-1,81
9516600,11,9,0,81
9517110,32,12,8,73
9517620,62,45,3,70
9518130,28,41,-15,85
9518640,96,44,6,79
9519150,8,24,-3,82
9519660,23,27,5,77
9520170,91,30,-2,79
9520680,3,10,-3,82
9521190,18,13,-1,83
9521700,39,82,1,82
9522210,5,41,1,81
9522720,20,28,2,79
9523230,88,31,1,78
9523740,0,11,0,78
9524250,22,14,6,72
9524760,41,83,-12,84
9525270,71,42,9,75
9525780,85,22,-4,79
9526290,99,44,-4,83
9526800,11,81,1,82
9527310,40,40,7,75
9527820,6,55,-10,85
9528330,35,14,15,70
9528840,43,34,-5,75
9529350,62,1,0,75
9529860,36,34,-3,78
9530370,55,49,4,74
9530880,21,16,-6,80
9531390,42,89,-6,86
9531900,8,48,1,85
9532410,23,7,11,74
9532920,31,80,-10,84
9533430,61,39,6,78
9533940,75,19,1,77
9534450,95,101,-6,83
9534960,18,11,3,80
9535470,86,84,-1,81
9535980,52,19,9,72
9536490,66,39,-4,76
9537000,80,19,-4,80
9537510,65,22,7,73
9538020,28,2,-2,75
9538530,56,75,-7,82
9539040,22,62,5,77
9539550,52,21,10,67
9540060,15,92,-10,77
9540570,44,51,0,77
9541080,10,66,-8,85
9541590,39,25,9,76
9542100,58,94,0,76
9542610,24,97,-3,79
9543120,53,56,-7,86
9543630,19,71,6,80
9544140,29,30,4,76
9544650,97,45,-3,79
9545160,9,82,-8,87
9545670,38,41,10,77
9546180,4,56,-7,84
9546690,33,15,11,73
9547200,61,35,0,73
9547710,75,15,-2,75
9548220,95,18,-1,76
9548730,7,56,-7,83
9549240,17,15,1,82
9549750,38,18,12,70
9550260,52,38,-7,77
9550770,71,34,6,71
9551280,85,14,-6,77
9551790,41,51,2,75
9552300,7,38,-3,78
9552810,17,41,-6,84
9553320,38,44,2,82
9553830,4,47,0,82
9554340,19,6,5,77
9554850,40,79,-1,78
9555360,6,38,-7,85
9555870,16,41,1,84
9556380,31,44,5,79
9556890,99,47,-7,86
9557400,11,84,1,85
9557910,40,43,11,74
9558420,6,30,-10,84
9558930,21,33,1,83
9559440,42,36,11,72
9559950,8,51,-6,78
9560460,18,10,-2,80
9560970,46,83,-4,84
9561480,12,86,1,83
9561990,41,45,7,76
9562500,7,60,-6,82
9563010,17,19,-1,83
9563520,38,22,8,75
9564030,57,91,-9,84
9564540,23,94,7,77
9565050,52,53,1,76
9565560,18,68,-7,83
9566070,47,27,6,77
9566580,61,60,-2,79
9567090,27,61,0,79
9567600,57,64,2,77
9568110,23,79,-7,84
9568620,53,38,12,72
9569130,19,34,-11,83
9569640,87,37,1,82
9570150,101,17,1,81
9570660,13,55,-4,85
9571170,28,14,13,72
9571680,47,87,-12,84
9572190,13,90,2,82
9572700,42,49,-3,85
9573210,61,64,6,79
9573720,27,47,-5,84
9574230,95,50,4,80
9574740,7,30,-2,82
9575250,22,33,0,82
9575760,43,36,8,74
9576270,62,19,0,74
9576780,36,52,-11,85
9577290,2,55,3,82
9577800,53,14,1,81
9578310,27,47,1,80
9578820,95,50,6,74
9579330,7,30,-14,88
9579840,22,33,9,79
9580350,90,36,-3,82
9580860,42,16,8,74
9581370,61,49,-5,79
9581880,27,16,-3,82
9582390,46,31,9,73
9582900,65,100,-7,80
9583410,31,1,7,73
9583920,43,86,-4,77
9584430,9,45,1,76
9584940,19,4,-6,82
9585450,40,77,-1,83
9585960,6,36,-1,84
9586470,21,39,-1,85
9586980,89,42,2,83
9587490,1,22,3,80
9588000,11,25,-4,84
9588510,26,28,8,76
9589020,28,31,1,75
9589530,96,34,-4,79
9590040,8,14,-3,82
9590550,29,17,9,73
9591060,48,0,-5,78
9591570,22,33,-6,84
9592080,90,36,-4,88
9592590,2,16,-1,89
9593100,24,19,13,76
9593610,49,88,-4,80
9594120,15,47,-1,81
9594630,25,50,5,76
9595140,93,53,-2,78
9595650,5,33,-5,83
9596160,15,36,3,80
9596670,30,39,-1,81
9597180,98,42,-2,83
9597690,10,6,7,76
9598200,31,9,3,73
9598710,39,42,-2,75
9599220,5,45,0,75
9599730,15,4,-7,82
9600240,36,77,0,82
9600750,66,36,1,81
9601260,18,16,1,80
9601770,39,19,4,76
9602280,58,39,3,73
9602790,24,6,4,69
9603300,32,75,-18,87
9603810,100,34,2,85
9604320,12,56,5,80
9604830,27,15,6,74
9605340,46,84,-11,85
9605850,12,87,-2,87
9606360,41,46,9,78
9606870,7,35,-3,81
9607380,22,38,3,78
9607890,41,41,5,73
9608400,60,30,3,70
9608910,74,10,-11,81
9609420,48,43,5,76
9609930,14,32,-13,89
9610440,95,35,1,88
9610950,7,15,4,84
9611460,22,18,10,74
9611970,4,68,-10,84
9612480,14,27,-4,88
9612990,35,30,10,78
9613500,54,45,6,72
9614010,73,12,-5,77
9614520,47,45,2,75
9615030,13,34,-9,84
9615540,28,37,8,76
9616050,96,5,-3,79
9616560,52,8,1,78
9617070,4,41,-2,80
9617580,14,44,1,79
9618090,29,47,-3,82
9618600,97,50,-3,85
9619110,9,30,0,85
9619620,24,33,4,81
9620130,92,36,6,75
9620640,4,16,-8,83
9621150,26,19,8,75
9621660,45,8,3,72
9622170,64,41,-3,75
9622680,27,42,-9,84
9623190,95,45,9,75
9623700,7,25,-8,83
9624210,22,28,-1,84
9624720,90,31,5,79
9625230,42,11,1,78
9625740,61,80,-5,83
9626250,27,63,1,82
9626760,95,66,1,81
9627270,7,46,5,76
9627780,22,5,-1,77
9628290,43,78,-4,81
9628800,9,81,2,79
9629310,28,40,0,79
9629820,96,43,0,79
9630330,8,23,-1,80
9630840,23,26,-1,81
9631350,91,29,4,77
9631860,3,9,-7,84
9632370,14,12,7,77
9632880,35,15,1,76
9633390,65,48,-2,78
9633900,28,44,-5,83
9634410,96,47,2,81
9634920,8,27,-3,84
9635430,23,30,9,75
9635940,91,33,-11,86
9636450,43,13,10,76
9636960,44,33,0,76
9637470,63,80,-4,80
9637980,29,67,-5,85
9638490,97,26,5,80
9639000,9,64,-4,84
9639510,10,23,2,82
9640020,25,26,5,77
9640530,44,29,2,75
9641040,63,11,-1,76
9641550,37,44,-5,81
9642060,3,47,-4,85
9642570,24,50,8,77
9643080,92,53,-5,82
9643590,44,33,6,76
9644100,10,15,-12,88
9644610,31,18,15,73
9645120,50,32,-8,81
9645630,69,14,1,80
9646140,43,17,2,78
9646650,62,50,1,77
9647160,28,66,-7,84
9647670,58,25,7,77
9648180,72,5,0,77
9648690,46,38,1,76
9649200,65,27,2,74
9649710,99,7,-9,83
9650220,25,10,12,71
9650730,26,79,-13,84
9651240,56,38,13,71
9651750,22,5,-1,72
9652260,20,38,-12,84
9652770,88,41,2,82
9653280,0,21,-6,88
9653790,15,24,6,82
9654300,36,27,0,82
9654810,55,96,1,81
9655320,85,99,0,81
9655830,51,24,11,70
9656340,14,25,-16,86
9656850,35,28,8,78
9657360,54,43,7,71
9657870,73,32,-7,78
9658380,25,12,2,76
9658890,44,41,-3,79
9659400,10,24,-3,82
9659910,25,27,5,77
9660420,93,30,2,75
9660930,5,67,-9,84
9661440,34,26,7,77
9661950,53,8,0,77
9662460,27,41,-8,85
9662970,95,44,6,79
9663480,7,24,1,78
9663990,29,27,1,77
9664500,27,42,-3,80
9665010,95,45,2,78
9665520,7,25,2,76
9666030,22,28,-6,82
9666540,90,31,-1,83
9667050,42,11,6,77
9667560,62,31,4,73
9668070,36,11,-5,78
9668580,55,44,6,72
9669090,74,45,-3,75
9669600,26,25,-3,78
9670110,45,40,3,75
9670620,11,69,-2,77
9671130,12,28,-7,84
9671640,34,31,13,71
9672150,32,20,-6,77
9672660,30,34,-6,83
9673170,51,37,11,72
9673680,70,4,0,72
9674190,35,37,-6,78
9674700,54,40,5,73
9675210,20,7,-2,75
9675720,41,76,-6,81
9676230,7,79,2,79
9676740,48,38,4,75
9677250,14,20,-8,83
9677760,82,23,3,80
9678270,38,39,0,80
9678780,57,22,4,76
9679290,31,46,-6,82
9679800,99,49,0,82
9680310,11,29,1,81
9680820,33,32,8,73
9681330,31,21,-7,80
9681840,29,36,-10,90
9682350,50,39,15,75
9682860,16,21,-8,83
9683370,7,24,-2,85
9683880,29,27,7,78
9684390,48,42,1,77
9684900,67,31,1,76
9685410,19,11,-4,80
9685920,40,80,-5,85
9686430,70,39,6,79
9686940,84,19,4,75
9687450,2,35,-4,79
9687960,12,38,-3,82
9688470,27,41,-5,87
9688980,46,44,8,79
9689490,12,27,-7,86
9690000,34,30,3,83
9690510,64,19,2,81
9691020,38,35,5,76
9691530,57,18,4,72
9692040,31,34,-5,77
9692550,99,37,0,77
9693060,11,74,-2,79
9693570,41,33,2,77
9694080,60,15,-4,81
9694590,80,48,3,78
9695100,32,28,-4,82
9695610,51,17,5,77
9696120,25,33,-3,80
9696630,93,36,-3,83
9697140,5,73,4,79
9697650,34,100,1,78
9698160,64,59,4,74
9698670,30,60,-4,78
9699180,98,63,-8,86
9699690,10,100,9,77
9700200,51,10,0,77
9700710,25,43,-5,82
9701220,93,46,-1,83
9701730,5,83,2,81
9702240,46,8,3,78
9702750,90,41,-9,87
9703260,2,78,8,79
9703770,43,3,-3,82
9704280,87,36,4,78
9704790,101,16,-7,85
9705300,13,54,-5,90
9705810,28,57,14,76
9706320,96,60,-10,86
9706830,48,40,7,79
9707340,46,22,3,76
9707850,60,42,4,72
9708360,26,9,-5,77
9708870,56,78,-7,84
9709380,22,81,8,76
9709890,52,40,-3,79
9710400,71,35,6,73
9710910,85,15,-1,74
9711420,41,31,1,73
9711930,39,100,-12,85
9712440,69,59,2,83
9712950,88,60,-2,85
9713460,40,97,9,76
9713970,6,56,-6,82
9714480,28,15,8,74
9714990,58,84,-8,82
9715500,24,87,3,79
9716010,54,67,-3,82
9716520,20,49,3,79
9717030,42,52,0,79
9717540,8,53,-10,89
9718050,23,12,11,78
9718560,45,81,-1,79
9719070,11,84,-3,82
9719580,52,43,12,70
9720090,0,10,-12,82
9720600,22,13,0,82
9721110,52,82,0,82
9721620,18,85,2,80
9722130,48,44,3,77
9722640,46,27,-1,78
9723150,65,9,3,75
9723660,50,25,-1,76
9724170,64,45,3,73
9724680,27,94,-3,76
9725190,57,53,1,75
9725700,23,100,-1,76
9726210,53,59,-4,80
9726720,19,42,-2,82
9727230,41,43,6,76
9727740,7,26,-8,84
9728250,29,29,4,80
9728760,27,44,-4,84
9729270,95,47,4,80
9729780,7,84,2,78
9730290,48,9,0,78
9730800,3,42,-3,81
9731310,25,45,-3,84
9731820,93,48,5,79
9732330,5,28,-4,83
9732840,43,31,3,80
9733350,62,88,1,79
9733860,28,91,1,78
9734370,58,50,0,78
9734880,24,51,-9,87
9735390,54,29,15,72
9735900,1,11,-10,82
9736410,23,14,8,74
9736920,5,83,-7,81
9737430,46,8,6,75
9737940,20,24,-6,81
9738450,88,27,-2,83
9738960,6,64,-2,85
9739470,36,23,12,73
9739980,34,92,-13,86
9740490,0,51,0,86
9741000,10,78,4,82
9741510,40,37,8,74
9742020,38,26,-6,80
9742530,36,8,3,77
9743040,57,41,-2,79
9743550,20,8,0,79
9744060,50,92,2,77
9744570,16,95,1,76
9745080,38,54,-7,83
9745590,4,57,0,83
9746100,34,84,2,81
9746610,0,43,-5,86
9747120,90,46,-3,89
9747630,2,26,3,86
9748140,24,29,9,77
9748650,22,32,-13,90
9749160,90,35,7,83
9749670,2,72,-1,84
9750180,43,99,7,77
9750690,9,58,-8,85
9751200,39,17,9,76
9751710,64,86,-8,84
9752220,30,89,0,84
9752730,60,48,7,77
9753240,26,49,-3,80
9753750,94,52,1,79
9754260,6,32,-2,81
9754770,28,35,5,76
9755280,96,38,-3,79
9755790,8,75,-2,81
9756300,38,34,2,79
9756810,36,1,-8,87
9757320,57,86,7,80
9757830,23,89,-4,84
9758340,53,48,6,78
9758850,51,95,-2,80
9759360,17,98,-1,81
9759870,47,57,2,79
9760380,13,40,-3,82
9760890,14,43,1,81
9761400,29,46,-2,83
9761910,97,49,4,79
9762420,9,86,2,77
9762930,31,11,1,76
9763440,13,95,-6,82
9763950,35,54,-6,88
9764460,1,57,9,79
9764970,31,16,4,75
9765480,29,85,-16,91
9765990,59,44,14,77
9766500,22,45,-4,81
9767010,90,48,4,77
9767520,2,28,-6,83
9768030,24,31,0,83
9768540,92,34,5,78
9769050,4,7,-1,79
9769560,15,10,-4,83
9770070,37,79,-2,85
9770580,67,82,6,79
9771090,33,69,-3,82
9771600,63,72,7,75
9772110,29,59,-5,80
9772620,97,62,-2,82
9773130,49,42,3,79
9773640,47,24,-2,81
9774150,9,18,-7,88
9774660,31,21,16,72
9775170,29,3,-12,84
9775680,50,72,-2,86
9776190,16,75,6,80
9776700,46,34,5,75
9777210,44,16,-5,80
9777720,74,87,-3,83
9778230,40,99,5,78
9778740,6,58,-2,80
9779250,28,17,5,75
9779760,58,86,-5,80
9780270,24,89,4,76
9780780,54,48,-3,79
9781290,52,30,5,74
9781800,66,12,-2,76
9782310,40,15,2,74
9782820,60,86,-5,79
9783330,26,89,-3,82
9783840,56,48,13,69
9784350,22,15,-12,81
9784860,52,99,3,78
9785370,18,0,0,78
9785880,39,73,1,77
9786390,5,76,-5,82
9786900,35,1,5,77
9787410,79,86,-1,78
9787920,45,98,-3,81
9788430,75,57,1,80
9788940,94,94,6,74
9789450,28,4,-6,80
9789960,29,89,2,78
9790470,59,48,5,73
9790980,22,95,1,72
9791490,44,54,-8,80
9792000,10,37,-4,84
9792510,32,38,6,78
9793020,54,41,6,72
9793530,52,23,0,72
9794040,66,94,-4,76
9794550,32,97,2,74
9795060,37,56,-10,84
9795570,3,59,-1,85
9796080,24,18,4,81
9796590,19,0,3,78
9797100,84,85,-1,79
9797610,82,97,-4,83
9798120,48,22,9,74
9798630,68,42,-1,75
9799140,31,22,3,72
9799650,29,91,-11,83
9800160,59,50,10,73
9800670,57,51,-3,76
9801180,23,40,0,76
9801690,91,43,-6,82
9802200,43,23,10,72
9802710,63,5,-1,73
9803220,5,38,-9,82
9803730,27,41,-1,83
9804240,57,44,15,68
9804750,20,33,-17,85
9805260,42,36,4,81
9805770,61,18,5,76
9806280,35,34,-4,80
9806790,94,16,-4,84
9807300,50,19,5,79
9807810,70,39,5,74
9808320,22,19,-2,76
9808830,52,48,1,75
9809340,18,30,-4,79
9809850,40,33,6,73
9810360,38,22,-6,79
9810870,36,4,-4,83
9811380,57,37,9,74
9811890,20,4,-6,80
9812400,41,88,3,77
9812910,71,47,0,77
9813420,27,27,-2,79
9813930,25,9,1,78
9814440,23,93,-3,81
9814950,45,52,4,77
9815460,11,41,-8,85
9815970,26,44,3,82
9816480,94,47,3,79
9816990,6,27,-5,84
9817500,28,30,5,79
9818010,26,12,-2,81
9818520,56,96,1,80
9819030,22,99,8,72
9819540,44,58,-12,84
9820050,10,59,-1,85
9820560,32,18,8,77
9821070,62,87,-10,87
9821580,28,90,10,77
9822090,5,49,-9,86
9822600,27,8,12,74
9823110,25,92,-6,80
9823620,47,51,3,77
9824130,13,33,-5,82
9824640,35,36,3,79
9825150,33,25,4,75
9825660,31,7,-3,78
9826170,39,40,2,76
9826680,37,22,-4,80
9827190,19,4,-6,86
9827700,40,88,-4,90
9828210,61,47,16,74
9828720,59,29,2,72
9829230,15,9,-7,79
9829740,36,93,-4,83
9830250,66,52,9,74
9830760,64,53,-5,79
9831270,62,35,-1,80
9831780,76,36,6,74
9832290,90,16,-5,79
9832800,46,19,8,71
9833310,31,88,-14,85
9833820,61,47,10,75
9834330,24,29,-3,78
9834840,46,32,3,75
9835350,44,14,-1,76
9835860,18,85,-6,82
9836370,40,44,3,79
9836880,38,33,-5,84
9837390,36,15,4,80
9837900,44,99,-3,83
9838410,74,58,1,82
9838920,72,59,7,75
9839430,35,60,-11,86
9839940,1,63,8,78
9840450,22,22,3,75
9840960,44,11,0,75
9841470,18,82,-9,84
9841980,39,41,8,76
9842490,37,30,1,75
9843000,35,99,-5,80
9843510,56,58,-3,83
9844020,22,47,-5,88
9844530,44,50,9,79
9845040,10,32,-9,88
9845550,32,35,4,84
9846060,54,38,14,70
9846570,52,5,-3,73
9847080,73,38,-4,77
9847590,29,18,2,75
9848100,30,87,-10,85
9848610,52,46,10,75
9849120,50,28,1,74
9849630,64,10,-7,81
9850140,38,43,5,76
9850650,36,32,-6,82
9851160,34,14,-1,83
9851670,42,83,-5,88
9852180,63,86,7,81
9852690,29,75,2,79
9853200,51,34,5,74
9853710,49,1,1,73
9854220,70,34,-9,82
9854730,22,56,-8,90
9855240,37,57,5,85
9855750,3,46,3,82
9856260,24,5,7,75
9856770,45,89,-5,80
9857280,75,92,6,74
9857790,41,81,-13,87
9858300,62,50,9,78
9858810,25,97,1,77
9859320,47,56,1,76
9859830,13,45,-4,80
9860340,35,4,2,78
9860850,91,37,-6,84
9861360,3,59,7,77
9861870,25,18,-1,78
9862380,23,87,-4,82
9862890,45,46,0,82
9863400,11,35,-5,87
9863910,33,38,11,76
9864420,31,39,-7,83
9864930,99,28,4,79
9865440,11,50,-2,81
9865950,33,9,10,71
9866460,34,78,-12,83
9866970,0,37,-1,84
9867480,22,40,3,81
9867990,44,43,3,78
9868500,42,32,-4,82
9869010,63,101,4,78
9869520,29,13,1,77
9870030,59,82,-7,84
9870540,25,71,4,80
9871050,15,30,-5,85
9871560,36,33,12,73
9872070,34,22,-6,79
9872580,32,91,-1,80
9873090,100,50,-6,86
9873600,12,30,1,85
9874110,34,33,9,76
9874620,32,34,-6,82
9875130,30,23,-4,86
9875640,51,5,13,73
9876150,72,74,-7,80
9876660,38,63,-3,83
9877170,4,52,1,82
9877680,26,11,-1,83
9878190,47,80,4,79
9878700,13,69,-6,85
9879210,14,28,-2,87
9879720,35,31,7,80
9880230,36,60,-8,88
9880740,2,63,9,79
9881250,24,22,-6,85
9881760,45,25,10,75
9882270,73,94,-12,87
9882780,39,83,4,83
9883290,60,86,9,74
9883800,26,75,-9,83
9884310,16,34,-2,85
9884820,37,37,7,78
9885330,38,26,0,78
9885840,58,95,4,74
9886350,24,98,-1,75
9886860,46,57,-11,86
9887370,12,58,-2,88
9887880,34,17,12,76
9888390,32,86,-13,89
9888900,100,45,0,89
9889410,12,25,6,83
9889920,34,28,5,78
9890430,32,17,0,78
9890940,53,31,-1,79
9891450,67,13,7,72
9891960,52,29,0,72
9892470,66,18,-8,80
9892980,40,89,-1,81
9893490,6,48,-7,88
9894000,27,51,7,81
9894510,95,52,7,74
9895020,7,32,-6,80
9895530,29,35,-2,82
9896040,27,38,-1,83
9896550,95,41,5,78
9897060,7,21,-3,81
9897570,29,24,3,78
9898080,27,13,-7,85
9898590,48,82,1,84
9899100,14,85,6,78
9899610,35,44,0,78
9900120,1,47,-4,82
9900630,22,6,2,80
9901140,43,75,-2,82
9901650,9,78,0,82
9902160,31,37,2,80
9902670,29,38,-2,82
9903180,97,41,-3,85
9903690,9,21,1,84
9904200,31,24,8,76
9904710,29,38,-9,85
9905220,97,41,9,76
9905730,9,21,-11,87
9906240,31,24,8,79
9906750,29,13,0,79
9907260,50,82,-4,83
9907770,16,85,3,80
9908280,38,44,-1,81
9908790,36,45,0,81
9909300,2,48,3,78
9909810,24,7,1,77
9910320,80,76,-8,85
9910830,78,88,-2,87
9911340,44,56,4,83
9911850,10,57,-2,85
9912360,31,16,5,80
9912870,59,100,2,78
9913380,25,1,4,74
9913890,46,70,-6,80
9914400,12,59,-5,85
9914910,33,18,10,75
9915420,45,89,-5,80
9915930,11,92,2,78
9916440,52,51,-1,79
9916950,18,40,-1,80
9917460,86,43,5,75
9917970,100,23,-7,82
9918480,56,61,8,74
9918990,22,50,-4,78
9919500,90,53,-6,84
9920010,42,33,6,78
9920520,40,15,-1,79
9921030,54,48,9,70
9921540,20,37,-18,88
9922050,88,40,-1,89
9922560,0,20,7,82
9923070,22,73,-1,83
9923580,43,32,9,74
9924090,41,14,-3,77
9924600,15,47,-6,83
9925110,36,48,3,80
9925620,2,49,-5,85
9926130,23,52,1,84
9926640,91,55,3,81
9927150,3,35,2,79
9927660,25,38,-6,85
9928170,93,41,3,82
9928680,5,21,-6,88
9929190,27,24,10,78
9929700,28,13,4,74
9930210,26,97,-5,79
9930720,15,56,-1,80
9931230,36,15,-2,82
9931740,44,86,-1,83
9932250,10,89,1,82
9932760,51,48,4,78
9933270,17,37,-5,83
9933780,85,40,4,79
9934290,99,20,-4,83
9934800,11,23,-5,88
9935310,32,26,8,80
9935820,62,8,8,72
9936330,36,24,-6,78
9936840,34,6,-3,81
9937350,55,39,4,77
9937860,18,6,-1,78
9938370,39,75,-14,92
9938880,5,78,6,86
9939390,26,3,13,73
9939900,70,72,-3,76
9940410,36,73,-9,85
9940920,2,76,-2,87
9941430,23,79,4,83
9941940,44,38,5,78
9942450,42,20,-1,79
9942960,4,91,-7,86
9943470,45,16,6,80
9943980,101,49,-3,83
9944490,13,29,0,83
9945000,35,32,-3,86
9945510,33,21,6,80
9946020,101,10,-8,88
9946530,19,48,4,84
9947040,41,49,2,82
9947550,7,50,3,79
9948060,53,9,8,71
9948570,67,42,-2,73
9949080,23,22,-9,82
9949590,21,37,-2,84
9950100,89,40,-5,89
9950610,1,20,7,82
9951120,23,23,-1,83
9951630,44,26,10,73
9952140,7,8,-15,88
9952650,28,11,12,76
9953160,36,95,-5,81
9953670,2,54,2,79
9954180,23,57,-7,86
9954690,45,60,6,80
9955200,11,49,-2,82
9955710,32,8,4,78
9956220,76,77,-5,83
9956730,74,78,0,83
9957240,40,79,0,83
9957750,6,82,1,82
9958260,27,41,5,77
9958770,95,44,-7,84
9959280,7,24,0,84
9959790,29,27,4,80
9960300,27,42,-3,83
9960810,95,45,0,83
9961320,7,25,4,79
9961830,29,28,-8,87
9962340,19,10,9,78
9962850,40,79,-3,81
9963360,6,82,3,78
9963870,27,7,7,71
9964380,28,78,-13,84
9964890,18,37,0,84
9965400,86,38,1,83
9965910,100,18,-7,90
9966420,12,56,8,82
9966930,34,15,6,76
9967440,32,99,-9,85
9967950,53,58,12,73
9968460,19,47,-13,86
9968970,34,66,4,82
9969480,0,67,2,80
9969990,21,94,2,78
9970500,42,53,-5,83
9971010,8,54,0,83
9971520,29,13,-1,84
9972030,73,97,5,79
9972540,39,22,5,74
9973050,83,4,-3,77
9973560,57,42,4,73
9974070,55,43,-8,81
9974580,21,25,4,77
9975090,89,28,-8,85
9975600,1,50,7,78
9976110,22,77,0,78
9976620,43,36,0,78
9977130,41,18,-2,80
9977640,3,0,-5,85
9978150,24,3,12,73
9978660,25,88,-4,77
9979170,14,47,-17,94
9979680,35,48,10,84
9980190,1,49,-2,86
9980700,22,76,3,83
9981210,43,35,3,80
9981720,41,17,-2,82
9982230,3,26,1,81
9982740,25,29,2,79
9983250,23,32,-11,90
9983760,91,35,7,83
9984270,3,15,-1,84
9984780,25,18,7,77
9985290,26,0,-2,79
9985800,82,85,-7,86
9986310,48,97,8,78
9986820,14,55,-10,88
9987330,35,14,16,72
9987840,33,23,-8,80
9988350,31,5,0,80
9988860,52,76,1,79
9989370,18,79,0,79
9989880,39,38,0,79
9990390,37,39,-1,80
9990900,35,40,-3,83
9991410,56,41,4,79
9991920,54,42,7,72
9992430,17,31,-16,88
9992940,38,34,9,79
9993450,36,23,0,79
9993960,34,16,0,79
9994470,50,100,6,73
9994980,16,58,-15,88
9995490,17,61,4,84
9996000,38,20,7,77
9996510,52,90,-7,84
9997020,18,93,7,77
9997530,38,52,-2,79
9998040,4,53,-4,83
9998550,25,12,4,79
9999060,23,81,-3,82
9999570,44,40,9,73
10000080,42,29,-1,74
10000590,40,11,4,70
10001100,68,82,-16,86
10001610,34,50,0,86
10002120,0,53,5,81
10002630,21,56,3,78
10003140,89,26,2,76
10003650,1,6,-5,81
10004160,22,9,4,77
10004670,20,93,-2,79
10005180,41,52,-3,82
10005690,7,55,3,79
10006200,28,14,4,75
10006710,26,98,-6,81
10007220,47,57,1,80
10007730,13,58,-2,82
10008240,34,17,6,76
10008750,62,87,-11,87
10009260,28,90,12,75
10009770,17,49,-16,91
10010280,38,50,9,82
10010790,4,53,1,81
10011300,25,12,11,70
10011810,23,83,-17,87
10012320,44,42,10,77
10012830,10,43,-6,83
10013340,31,46,-2,85
10013850,99,49,5,80
10014360,11,86,-2,82
10014870,32,45,2,80
10015380,100,48,5,75
10015890,12,28,-12,87
10016400,33,31,10,77
10016910,31,14,-3,80
10017420,95,84,-4,84
10017930,29,19,3,81
10018440,57,1,0,81
10018950,31,34,4,77
10019460,29,37,-7,84
10019970,97,38,2,82
10020480,9,75,-3,85
10020990,30,34,8,77
10021500,28,35,-6,83
10022010,49,38,4,79
10022520,68,20,2,77
10023030,42,0,1,76
10023540,16,33,-3,79
10024050,37,36,2,77
10024560,11,19,-9,86
10025070,32,22,9,77
10025580,30,4,-2,79
10026090,51,89,-2,81
10026600,17,92,-2,83
10027110,38,51,4,79
10027620,4,54,-8,87
10028130,25,57,4,83
10028640,93,60,7,76
10029150,5,40,-4,80
10029660,26,43,1,79
10030170,94,46,0,79
10030680,6,26,-8,87
10031190,28,29,6,81
10031700,26,32,-4,85
10032210,24,35,-3,88
10032720,92,38,0,88
10033230,4,75,-4,92
10033740,25,34,3,89
10034250,46,37,10,79
10034760,44,84,-2,81
10035270,10,87,-7,88
10035780,31,46,1,87
10036290,99,49,3,84
10036800,11,29,1,83
10037310,33,32,7,76
10037820,31,33,-11,87
10038330,99,36,4,83
10038840,11,73,-3,86
10039350,32,32,7,79
10039860,30,35,-3,82
10040370,98,38,2,80
10040880,10,75,-4,84
10041390,31,34,5,79
10041900,29,37,-4,83
10042410,97,40,4,79
10042920,9,77,0,79
10043430,30,36,4,75
10043940,98,37,-5,80
10044450,10,74,-3,83
10044960,31,33,0,83
10045470,29,36,-3,86
10045980,97,39,8,78
10046490,9,76,-7,85
10047000,30,35,5,80
10047510,98,38,-3,83
10048020,10,75,-4,87
10048530,31,34,7,80
10049040,29,37,-1,81
10049550,97,40,0,81
10050060,9,77,-3,84
10050570,30,36,3,81
10051080,28,39,-7,88
10051590,96,40,5,83
10052100,8,77,2,81
10052610,29,36,2,79
10053120,97,39,-4,83
10053630,9,76,4,79
10054140,30,35,0,79
10054650,98,38,-4,83
10055160,10,75,0,83
10055670,31,34,9,74
10056180,29,37,-10,84
10056690,63,40,4,80
10057200,26,41,-2,82
10057710,94,44,-1,83
10058220,6,81,2,81
10058730,27,6,4,77
10059240,83,91,-6,83
10059750,49,1,10,73
10060260,23,34,-10,83
10060770,91,37,5,78
10061280,3,17,-9,87
10061790,25,20,10,77
10062300,23,35,-1,78
10062810,91,38,-9,87
10063320,3,75,5,82
10063830,24,78,-4,86
10064340,45,37,12,74
10064850,43,83,-15,89
10065360,64,86,8,81
10065870,30,89,0,81
10066380,20,48,-12,93
10066890,41,7,16,77
10067400,60,40,4,73
10067910,23,41,-4,77
10068420,91,44,-3,80
10068930,3,24,-3,83
10069440,25,27,6,77
10069950,23,30,-10,87
10070460,91,33,5,82
10070970,3,70,-1,83
10071480,24,83,2,81
10071990,45,42,2,79
10072500,64,43,4,75
10073010,30,44,-2,77
10073520,98,47,-4,81
10074030,10,84,2,79
10074540,31,43,-2,81
10075050,99,46,-1,82
10075560,11,83,-1,83
10076070,32,42,2,81
10076580,100,45,1,80
10077090,12,82,-2,82
10077600,33,41,1,81
10078110,101,44,-3,84
10078620,13,81,4,80
10079130,34,40,0,80
10079640,32,41,-7,87
10080150,100,44,11,76
10080660,12,81,-4,80
10081170,33,40,-4,84
10081680,31,41,1,83
10082190,99,42,2,81
10082700,11,79,3,78
10083210,32,38,-2,80
10083720,100,41,-5,85
10084230,12,78,2,83
10084740,33,37,8,75
10085250,101,40,-7,82
10085760,13,77,4,78
10086270,34,36,-2,80
10086780,0,39,3,77
10087290,21,42,-12,89
10087800,89,45,1,88
10088310,1,82,5,83
10088820,42,85,-1,84
10089330,8,5,-3,87
10089840,29,8,10,77
10090350,73,41,-5,82
10090860,36,21,10,72
10091370,34,3,-8,80
10091880,55,88,-2,82
10092390,21,91,6,76
10092900,41,50,-2,78
10093410,7,51,-2,80
10093920,9,54,0,80
10094430,30,13,1,79
10094940,36,46,-4,83
10095450,2,49,-6,89
10095960,23,8,11,78
10096470,67,81,-7,85
10096980,33,82,1,84
10097490,101,41,-2,86
10098000,13,78,4,82
10098510,34,37,4,78
10099020,32,40,-2,80
10099530,100,43,-4,84
10100040,12,80,8,76
10100550,33,39,-4,80
10101060,101,40,0,80
10101570,13,77,-4,84
10102080,34,36,7,77
10102590,32,39,-4,81
10103100,100,40,-7,88
10103610,12,77,1,87
10104120,33,36,11,76
10104630,31,39,-11,87
10105140,99,40,5,82
10105650,11,77,1,81
10106160,32,36,0,81
10106670,100,39,2,79
10107180,12,76,-1,80
10107690,33,35,0,80
10108200,31,38,-6,86
10108710,99,41,-5,91
10109220,11,21,6,85
10109730,32,24,15,70
10110240,30,53,-13,83
10110750,98,56,2,81
10111260,10,36,2,79
10111770,31,39,-2,81
10112280,99,42,-3,84
10112790,11,22,-2,86
10113300,32,25,9,77
10113810,22,54,-12,89
10114320,90,57,10,79
10114830,2,37,1,78
10115340,23,40,-5,83
10115850,91,43,5,78
10116360,3,23,-5,83
10116870,25,26,0,83
10117380,23,29,-4,87
10117890,91,32,2,85
10118400,3,12,-4,89
10118910,25,15,4,85
10119420,59,44,11,74
10119930,25,45,-13,87
10120440,46,48,8,79
10120950,12,49,-2,81
10121460,33,52,2,79
10121970,101,55,-1,80
10122480,13,35,4,76
10122990,81,38,-6,82
10123500,95,18,4,78
10124010,51,51,-1,79
10124520,17,52,-9,88
10125030,38,55,3,85
10125540,4,58,0,85
10126050,25,17,2,83
10126560,46,46,8,75
10127070,65,47,1,74
10127580,31,48,-9,83
10128090,99,51,-1,84
10128600,11,31,1,83
10129110,33,34,3,80
10129620,52,35,9,71
10130130,15,36,-10,81
10130640,36,39,-2,83
10131150,2,22,-2,85
10131660,24,25,6,79
10132170,14,28,-11,90
10132680,35,31,12,78
10133190,54,34,8,70
10133700,17,35,-13,83
10134210,38,38,8,75
10134720,57,67,-6,81
10135230,23,68,4,77
10135740,44,27,2,75
10136250,10,53,-11,86
10136760,31,12,10,76
10137270,75,45,-6,82
10137780,89,25,5,77
10138290,63,47,-2,79
10138800,82,48,-2,81
10139310,38,28,-1,82
10139820,57,57,3,79
10140330,23,58,-6,85
10140840,44,10,12,73
10141350,18,43,-6,79
10141860,86,44,-2,81
10142370,100,24,2,79
10142880,12,61,-4,83
10143390,33,20,8,75
10143900,58,67,-8,83
10144410,24,68,2,81
10144920,14,27,-3,84
10145430,35,30,5,79
10145940,54,59,3,76
10146450,20,60,-4,80
10146960,10,63,-9,89
10147470,20,22,10,79
10147980,41,25,2,77
10148490,60,94,2,75
10149000,26,97,-3,78
10149510,15,56,-6,84
10150020,36,15,8,76
10150530,55,48,-7,83
10151040,74,49,7,76
10151550,30,29,-6,82
10152060,28,32,1,81
10152570,96,35,0,81
10153080,8,72,-2,83
10153590,29,31,6,77
10154100,27,34,-10,87
10154610,95,37,5,82
10155120,7,74,-2,84
10155630,28,33,4,80
10156140,96,36,-2,82
10156650,8,73,-4,86
10157160,29,32,8,78
10157670,97,35,-7,85
10158180,9,72,-1,86
10158690,26,31,5,81
10159200,94,34,-2,83
10159710,6,71,6,77
10160220,27,30,-3,80
10160730,46,40,3,77
10161240,65,41,-1,78
10161750,21,42,5,73
10162260,89,43,-8,81
10162770,1,23,-1,82
10163280,11,26,-2,84
10163790,33,29,0,84
10164300,52,58,10,74
10164810,18,59,-6,80
10165320,8,18,-6,86
10165830,29,21,3,83
10166340,48,50,3,80
10166850,14,51,-4,84
10167360,24,54,3,81
10167870,92,57,-4,85
10168380,44,37,12,73
10168890,63,38,2,71
10169400,19,39,-13,84
10169910,87,42,6,78
10170420,101,97,1,77
10170930,24,32,-3,80
10171440,92,35,1,79
10171950,4,72,1,78
10172460,45,31,4,74
10172970,11,32,-4,78
10173480,33,35,-10,88
10173990,31,38,-2,90
10174500,21,39,7,83
10175010,42,42,2,81
10175520,61,71,-2,83
10176030,27,72,3,80
10176540,17,75,-7,87
10177050,18,34,4,83
10177560,40,37,3,80
10178070,6,66,-1,81
10178580,27,25,6,75
10179090,25,54,-6,81
10179600,93,55,-4,85
10180110,45,35,7,78
10180620,64,36,3,75
10181130,78,37,-6,81
10181640,92,74,2,79
10182150,48,9,7,72
10182660,22,42,-11,83
10183170,90,43,-1,84
10183680,2,23,4,80
10184190,12,81,0,80
10184700,33,40,-1,81
10185210,101,43,-5,86
10185720,13,80,6,80
10186230,34,39,-3,83
10186740,53,40,8,75
10187250,72,81,-2,77
10187760,38,82,-4,81
10188270,68,41,1,80
10188780,24,42,3,77
10189290,92,45,-1,78
10189800,4,25,-3,81
10190310,14,28,-2,83
10190820,36,31,5,78
10191330,55,46,2,76
10191840,73,47,1,75
10192350,29,27,-1,76
10192860,48,56,-8,84
10193370,14,57,-2,86
10193880,15,16,5,81
10194390,37,19,8,73
10194900,35,52,-6,79
10195410,1,55,-4,83
10195920,42,58,4,79
10196430,8,59,0,79
10196940,18,18,-2,81
10197450,40,21,9,72
10197960,59,92,-11,83
10198470,25,95,9,74
10198980,14,54,-10,84
10199490,24,57,-2,86
10200000,92,58,9,77
10200510,48,101,-3,80
10201020,14,2,3,77
10201530,35,75,-6,83
10202040,25,78,0,83
10202550,15,37,-6,89
10203060,18,40,3,86
10203570,40,43,6,80
10204080,59,44,4,76
10204590,25,45,1,75
10205100,93,48,-4,79
10205610,5,28,-4,83
10206120,15,31,-1,84
10206630,37,34,8,76
10207140,56,63,0,76
10207650,22,64,-11,87
10208160,23,67,9,78
10208670,13,26,-6,84
10209180,57,29,9,75
10209690,71,62,0,75
10210200,69,63,-1,76
10210710,67,64,-1,77
10211220,33,65,0,77
10211730,101,68,-6,83
10212240,35,3,3,80
10212750,60,36,-4,84
10213260,74,56,3,81
10213770,72,57,9,72
10214280,70,94,-7,79
10214790,36,97,4,75
10215300,25,56,-6,81
10215810,15,57,-7,88
10216320,16,28,0,88
10216830,37,31,10,78
10217340,56,60,-5,83
10217850,22,61,5,78
10218360,12,64,-10,88
10218870,33,23,8,80
10219380,45,52,1,79
10219890,11,53,-8,87
10220400,12,56,-1,88
10220910,13,59,8,80
10221420,14,18,-3,83
10221930,42,21,7,76
10222440,61,54,4,72
10222950,59,55,-5,77
10223460,25,56,-2,79
10223970,47,59,2,77
10224480,13,62,-2,79
10224990,34,21,7,72
10225500,59,50,-5,77
10226010,22,51,-2,79
10226520,44,54,3,76
10227030,10,55,-8,84
10227540,11,14,1,83
10228050,32,17,9,74
10228560,30,86,-7,81
10229070,20,45,-6,87
10229580,41,48,2,85
10230090,39,51,1,84
10230600,10,54,-1,85
10231110,11,13,-2,87
10231620,33,16,12,75
10232130,58,87,-4,79
10232640,24,90,-1,80
10233150,45,49,3,77
10233660,43,50,-7,84
10234170,9,53,1,83
10234680,10,56,1,82
10235190,31,15,6,76
10235700,56,44,5,71
10236210,54,45,-2,73
10236720,17,46,-10,83
10237230,39,49,7,76
10237740,5,52,-13,89
10238250,26,55,12,77
10238760,94,58,-6,83
10239270,46,38,7,76
10239780,65,67,-2,78
10240290,31,68,-2,80
10240800,21,71,-7,87
10241310,42,30,11,76
10241820,40,59,-6,82
10242330,6,62,3,79
10242840,27,21,3,76
10243350,25,50,-6,82
10243860,93,53,-1,83
10244370,5,33,1,82
10244880,15,36,2,80
10245390,37,39,5,75
10245900,56,68,-4,79
10246410,22,71,-6,85
10246920,12,30,-1,86
10247430,34,33,13,73
10247940,32,34,-6,79
10248450,30,37,-7,86
10248960,51,40,12,74
10249470,49,7,0,74
10249980,23,97,-5,79
10250490,44,56,4,75
10251000,10,59,-9,84
10251510,31,18,7,77
10252020,56,35,1,76
10252530,75,36,-1,77
10253040,31,73,-5,82
10253550,21,76,-3,85
10254060,42,35,4,81
10254570,61,50,4,77
10255080,59,51,3,74
10255590,22,52,-9,83
10256100,23,55,2,81
10256610,13,58,-3,84
10257120,34,17,2,82
10257630,59,50,6,76
10258140,22,51,-6,82
10258650,12,54,-2,84
10259160,13,57,-4,88
10259670,34,16,14,74
10260180,53,49,1,73
10260690,19,50,-15,88
10261200,20,53,7,81
10261710,10,56,0,81
10262220,31,15,10,71
10262730,56,35,-3,74
10263240,12,55,-8,82
10263750,13,14,1,81
10264260,38,17,4,77
10264770,63,50,1,76
10265280,26,51,-13,89
10265790,94,54,7,82
10266300,17,91,0,82
10266810,38,50,0,82
10267320,4,51,-3,85
10267830,14,54,0,85
10268340,15,57,0,85
10268850,16,60,5,80
10269360,37,19,8,72
10269870,56,90,-7,79
10270380,22,93,0,79
10270890,43,52,-2,81
10271400,9,53,-4,85
10271910,30,12,11,74
10272420,28,45,-8,82
10272930,96,48,1,81
10273440,8,85,-3,84
10273950,29,44,2,82
10274460,97,47,1,81
10274970,9,84,0,81
10275480,50,43,7,74
10275990,48,72,-8,82
10276500,14,75,0,82
10277010,35,34,6,76
10277520,54,63,0,76
10278030,20,64,-5,81
10278540,21,23,9,72
10279050,89,26,-10,82
10279560,63,63,6,76
10280070,61,64,-1,77
10280580,27,65,1,76
10281090,17,68,-11,87
10281600,38,27,10,77
10282110,57,56,2,75
10282620,23,57,-2,77
10283130,13,60,-5,82
10283640,14,19,0,82
10284150,35,22,4,78
10284660,60,91,-6,84
10285170,26,94,5,79
10285680,47,53,3,76
10286190,13,82,-7,83
10286700,34,41,2,81
10287210,0,42,1,80
10287720,10,45,-4,84
10288230,39,48,3,81
10288740,58,51,9,72
10289250,56,52,-6,78
10289760,22,53,-3,81
10290270,12,56,-1,82
10290780,33,15,7,75
10291290,58,48,0,75
10291800,56,15,4,71
10292310,30,86,-14,85
10292820,20,45,0,85
10293330,41,48,2,83
10293840,7,77,-2,85
10294350,28,36,7,78
10294860,26,65,-3,81
10295370,94,68,5,76
10295880,34,3,-1,77
10296390,59,36,1,76
10296900,22,37,-5,81
10297410,50,40,10,71
10297920,69,7,1,70
10298430,43,23,-2,72
10298940,62,43,-4,76
10299450,25,44,-9,85
10299960,47,47,8,77
10300470,66,76,-3,80
10300980,32,77,-2,82
10301490,53,36,10,72
10302000,72,3,-9,81
10302510,93,3,-1,82
10303020,12,36,-5,87
10303530,13,39,5,82
10304040,34,42,0,82
10304550,65,71,-1,83
10305060,31,72,-8,91
10305570,52,75,8,83
10306080,18,78,3,80
10306590,39,37,5,75
10307100,58,66,0,75
10307610,24,67,-5,80
10308120,45,26,4,76
10308630,73,59,-4,80
10309140,71,60,2,78
10309650,69,61,8,70
10310160,46,62,-9,79
10310670,12,91,-4,83
10311180,33,50,-6,89
10311690,101,53,8,81
10312200,13,90,1,80
10312710,54,49,6,74
10313220,73,78,-2,76
10313730,50,79,-6,82
10314240,16,82,-1,83
10314750,37,41,2,81
10315260,56,70,2,79
10315770,22,71,-4,83
10316280,43,74,2,81
10316790,9,77,-5,86
10317300,30,36,7,79
10317810,51,65,2,77
10318320,17,66,-13,90
10318830,38,69,9,81
10319340,4,72,3,78
10319850,25,99,-1,79
10320360,46,58,2,77
10320870,12,59,-11,88
10321380,33,18,18,70
10321890,85,47,-15,85
10322400,37,27,8,77
10322910,56,96,-1,78
10323420,22,99,0,78
10323930,43,58,-4,82
10324440,9,61,1,81
10324950,30,20,7,74
10325460,55,49,-5,79
10325970,53,50,5,74
10326480,19,17,-7,81
10326990,40,46,9,72
10327500,6,75,-9,81
10328010,27,0,5,76
10328520,42,85,-5,81
10329030,63,88,-2,83
10329540,29,91,3,80
10330050,50,93,4,76
10330560,71,96,-1,77
10331070,37,99,5,72
10331580,58,58,-8,80
10332090,56,59,1,79
10332600,22,88,-4,83
10333110,43,47,6,77
10333620,62,76,-3,80
10334130,28,79,-3,83
10334640,49,16,4,79
10335150,83,87,-5,84
10335660,17,88,4,80
10336170,38,34,4,76
10336680,36,49,-5,81
10337190,2,78,1,80
10337700,23,3,2,78
10338210,48,76,-3,81
10338720,14,79,2,79
10339230,35,38,1,78
10339740,33,67,-4,82
10340250,101,70,5,77
10340760,30,5,1,76
10341270,51,38,3,73
10341780,49,39,-4,77
10342290,47,40,2,75
10342800,45,41,-7,82
10343310,64,70,0,82
10343820,30,71,0,82
10344330,51,74,0,82
10344840,17,77,0,82
10345350,38,36,4,78
10345860,57,65,-5,83
10346370,23,68,8,75
10346880,44,27,-4,79
10347390,63,60,4,75
10347900,29,61,-5,80
10348410,97,64,3,77
10348920,26,101,-2,79
10349430,47,60,-4,83
10349940,13,61,-3,86
10350450,34,20,11,75
10350960,35,89,-9,84
10351470,56,48,13,71
10351980,22,49,-12,83
10352490,23,52,-4,87
10353000,91,55,4,83
10353510,3,35,1,82
10354020,24,38,6,76
10354530,92,41,-4,80
10355040,4,78,0,80
10355550,25,81,1,79
10356060,46,36,2,77
10356570,65,51,3,74
10357080,63,52,-3,77
10357590,61,53,3,74
10358100,27,54,-8,82
10358610,95,57,4,78
10359120,47,94,-6,84
10359630,68,97,5,79
10360140,34,100,-1,80
10360650,55,59,1,79
10361160,21,62,1,78
10361670,42,21,5,73
10362180,70,41,0,73
10362690,72,63,-6,79
10363200,5,100,-1,80
10363710,26,1,6,74
10364220,41,86,-13,87
10364730,62,89,6,81
10365240,28,92,2,79
10365750,49,51,6,73
10366260,15,80,-10,83
10366770,36,2,4,79
10367280,51,35,6,73
10367790,92,2,-8,81
10368300,18,35,-4,85
10368810,39,38,7,78
10369320,58,67,-3,81
10369830,24,68,-2,83
10370340,45,27,8,75
10370850,64,96,-5,80
10371360,30,99,4,76
10371870,51,58,-5,81
10372380,17,59,-1,82
10372890,38,18,8,74
10373400,52,38,-2,76
10373910,71,5,3,73
10374420,63,38,-4,77
10374930,65,39,3,74
10375440,79,40,-6,80
10375950,31,77,-4,84
10376460,52,36,12,72
10376970,71,3,-3,75
10377480,63,36,6,69
10377990,65,37,-10,79
10378500,20,59,3,76
10379010,41,18,5,71
10379520,69,38,-3,74
10380030,83,18,-2,76
10380540,75,51,3,73
10381050,31,52,-10,83
10381560,99,55,0,83
10382070,22,92,4,79
10382580,43,51,1,78
10383090,9,54,-6,84
10383600,30,13,5,79
10384110,55,86,-3,82
10384620,21,89,7,75
10385130,42,48,-6,81
10385640,61,51,10,71
10386150,59,52,-9,80
10386660,57,53,5,75
10387170,55,54,-2,77
10387680,53,83,-6,83
10388190,74,86,5,78
10388700,40,11,4,74
10389210,14,44,-16,90
10389720,35,47,8,82
10390230,1,50,2,80
10390740,22,9,3,77
10391250,43,82,-11,88
10391760,64,85,17,71
10392270,30,88,-14,85
10392780,51,47,11,74
10393290,17,30,-10,84
10393800,38,33,3,81
10394310,36,48,-7,88
10394820,57,51,12,76
10395330,55,52,0,76
10395840,21,81,-6,82
10396350,42,40,5,77
10396860,61,7,4,73
10397370,53,40,2,71
10397880,51,41,-7,78
10398390,49,42,1,77
10398900,47,71,-7,84
10399410,13,74,-5,89
10399920,23,33,-1,90
10400430,44,36,15,75
10400940,63,3,1,74
10401450,37,36,-6,80
10401960,56,65,4,76
10402470,22,68,-6,82
10402980,43,27,7,75
10403490,62,9,-2,77
10404000,36,42,-3,80
10404510,34,71,-1,81
10405020,0,74,4,77
10405530,21,77,-5,82
10406040,42,36,-4,86
10406550,61,51,14,72
10407060,24,52,-8,80
10407570,92,55,-1,81
10408080,44,35,6,75
10408590,63,28,-9,84
10409100,37,50,2,82
10409610,3,53,-2,84
10410120,24,56,-3,87
10410630,92,59,4,83
10411140,21,96,3,80
10411650,42,55,-3,83
10412160,8,58,-1,84
10412670,29,61,6,78
10413180,97,64,4,74
10413690,49,44,-1,75
10414200,68,73,-3,78
10414710,66,76,-2,80
10415220,32,79,-2,82
10415730,22,38,-10,92
10416240,43,41,9,83
10416750,62,70,4,79
10417260,28,73,-2,81
10417770,49,76,-2,83
10418280,15,79,1,82
10418790,36,38,4,78
10419300,34,67,-6,84
10419810,0,70,4,80
10420320,41,73,-2,82
10420830,7,76,0,82
10421340,28,79,5,77
10421850,96,38,-1,78
10422360,8,75,1,77
10422870,29,34,-3,80
10423380,27,37,1,79
10423890,95,40,-1,80
10424400,7,77,-4,84
10424910,28,85,7,77
10425420,38,44,-4,81
10425930,36,47,-4,85
10426440,37,50,3,82
10426950,3,53,1,81
10427460,24,56,2,79
10427970,34,59,-4,83
10428480,0,62,-10,93
10428990,21,65,14,79
10429500,42,24,5,74
10430010,5,95,-10,84
10430520,46,98,2,82
10431030,12,57,3,79
10431540,33,16,-1,80
10432050,58,49,-1,81
10432560,77,50,4,77
10433070,33,51,-6,83
10433580,101,54,3,80
10434090,13,34,-7,87
10434600,34,37,9,78
10435110,32,40,-7,85
10435620,53,43,10,75
10436130,51,36,2,73
10436640,70,29,-8,81
10437150,44,62,2,79
10437660,2,65,-3,82
10438170,23,68,1,81
10438680,44,27,12,69
10439190,63,47,-7,76
10439700,61,48,-7,83
10440210,24,49,-2,85
10440720,45,52,10,75
10441230,11,55,-5,80
10441740,32,14,0,80
10442250,31,47,-8,88
10442760,99,50,4,84
10443270,22,87,4,80
10443780,51,46,0,80
10444290,70,49,5,75
10444800,26,50,-10,85
10445310,47,53,9,76
10445820,13,40,-9,85
10446330,23,43,2,83
10446840,91,46,4,79
10447350,43,26,2,77
10447860,62,46,8,69
10448370,60,66,-2,71
10448880,26,69,-16,87
10449390,47,28,11,76
10449900,66,21,2,74
10450410,40,54,-4,78
10450920,6,57,-1,79
10451430,27,16,-1,80
10451940,48,89,7,73
10452450,14,92,-10,83
10452960,35,51,0,83
10453470,40,54,3,80
10453980,6,57,-7,87
10454490,27,16,9,78
10455000,46,89,-2,80
10455510,12,48,5,75
10456020,22,51,-4,79
10456530,32,54,-6,85
10457040,100,57,0,85
10457550,23,37,1,84
10458060,91,40,4,80
10458570,31,62,-2,82
10459080,99,65,-2,84
10459590,51,45,10,74
10460100,17,32,-11,85
10460610,38,35,7,78
10461120,57,38,4,74
10461630,76,5,-9,83
10462140,32,38,3,80
10462650,76,41,7,73
10463160,28,63,-7,80
10463670,96,66,-3,83
10464180,25,88,10,73
10464690,35,47,-7,80
10465200,1,50,-4,84
10465710,22,53,5,79
10466220,32,56,-6,85
10466730,100,59,5,80
10467240,12,39,-3,83
10467750,22,42,-2,85
10468260,90,45,5,80
10468770,42,25,0,80
10469280,61,96,-6,86
10469790,27,99,16,70
10470300,37,58,-13,83
10470810,3,61,5,78
10471320,24,20,-3,81
10471830,45,23,6,75
10472340,59,43,3,72
10472850,78,10,-6,78
10473360,4,43,-8,86
10473870,14,46,5,81
10474380,24,49,3,78
10474890,92,52,4,74
10475400,44,32,1,73
10475910,63,65,-8,81
10476420,29,52,4,77
10476930,97,55,-5,82
10477440,9,35,-2,84
10477950,19,38,5,79
10478460,87,41,-1,80
10478970,101,63,2,78
10479480,53,43,0,78
10479990,72,10,-1,79
10480500,64,43,5,74
10481010,27,63,-9,83
10481520,95,66,10,73
10482030,51,46,-2,75
10482540,17,33,-10,85
10483050,39,36,7,78
10483560,37,39,-7,85
10484070,58,42,17,68
10484580,21,62,-17,85
10485090,11,65,2,83
10485600,21,24,1,82
10486110,89,27,3,79
10486620,91,49,-5,84
10487130,43,71,4,80
10487640,9,74,1,79
10488150,30,33,0,79
10488660,52,36,5,74
10489170,71,56,-2,76
10489680,69,57,-3,79
10490190,67,58,-1,80
10490700,33,59,-2,82
10491210,101,62,-3,85
10491720,53,42,9,76
10492230,19,9,-5,81
10492740,40,82,-2,83
10493250,6,85,1,82
10493760,47,88,-3,85
10494270,77,91,3,82
10494780,43,94,4,78
10495290,73,53,1,77
10495800,71,54,-3,80
10496310,69,55,-2,82
10496820,32,56,-9,91
10497330,100,67,12,79
10497840,29,47,-7,86
10498350,97,50,8,78
10498860,9,30,-5,83
10499370,10,33,-3,86
10499880,20,36,2,84
10500390,41,39,8,76
10500900,7,68,-7,83
10501410,28,27,2,81
10501920,49,30,1,80
10502430,68,50,8,72
10502940,87,72,-4,76
10503450,85,94,1,75
10503960,51,19,-3,78
10504470,65,90,1,77
10504980,31,93,-2,79
10505490,21,52,-13,92
10506000,31,55,10,82
10506510,99,58,-3,85
10507020,51,86,8,77
10507530,17,89,-3,80
10508040,46,48,2,78
10508550,12,51,-6,84
10509060,33,10,9,75
10509570,77,43,-3,78
10510080,29,23,-1,79
10510590,73,52,2,77
10511100,36,74,-4,81
10511610,66,77,0,81
10512120,32,80,0,81
10512630,62,39,7,74
10513140,36,40,2,72
10513650,2,43,-8,80
10514160,12,46,-6,86
10514670,33,49,10,76
10515180,101,52,-6,82
10515690,13,89,-3,85
10516200,34,92,6,79
10516710,0,51,3,76
10517220,58,78,-7,83
10517730,24,46,-3,86
10518240,92,49,5,81
10518750,44,29,4,77
10519260,10,62,-6,83
10519770,20,65,-2,85
10520280,41,24,7,78
10520790,60,57,-2,80
10521300,26,44,-6,86
10521810,94,47,5,81
10522320,96,84,0,81
10522830,25,4,4,77
10523340,69,37,1,76
10523850,21,59,-6,82
10524360,31,62,-1,83
10524870,61,65,5,78
10525380,27,68,2,76
10525890,95,71,-3,79
10526400,24,6,5,74
10526910,80,39,-7,81
10527420,82,19,6,75
10527930,74,52,3,72
10528440,30,89,-11,83
10528950,20,48,0,83
10529460,41,51,5,78
10529970,7,54,-6,84
10530480,17,57,4,80
10530990,38,60,0,80
10531500,4,63,-1,81
10532010,25,90,-1,82
10532520,54,49,4,78
10533030,20,36,-13,91
10533540,88,39,12,79
10534050,0,76,-4,83
10534560,41,79,-1,84
10535070,62,82,7,77
10535580,28,85,1,76
10536090,50,44,2,74
10536600,48,77,-10,84
10537110,14,80,-6,90
10537620,24,39,10,80
10538130,92,42,2,78
10538640,4,79,3,75
10539150,45,46,1,74
10539660,11,33,-8,82
10540170,33,36,13,69
10540680,101,39,-17,86
10541190,13,76,7,79
10541700,42,35,4,75
10542210,61,68,-2,77
10542720,27,71,-3,80
10543230,57,30,7,73
10543740,71,50,-2,75
10544250,27,72,-5,80
10544760,17,31,-2,82
10545270,38,34,4,78
10545780,57,37,4,74
10546290,76,57,0,74
10546800,39,79,-9,83
10547310,69,82,2,81
10547820,35,85,-3,84
10548330,25,44,-9,93
10548840,93,47,13,80
10549350,5,27,-6,86
10549860,6,30,6,80
10550370,16,33,-1,81
10550880,38,36,3,78
10551390,57,51,2,76
10551900,23,84,-2,78
10552410,52,43,1,77
10552920,71,76,-2,79
10553430,37,79,0,79
10553940,67,82,4,75
10554450,33,85,-6,81
10554960,63,44,2,79
10555470,26,11,2,77
10555980,94,84,-7,84
10556490,23,4,8,76
10557000,79,77,-3,79
10557510,42,99,3,76
10558020,8,58,-13,89
10558530,37,61,9,80
10559040,3,64,-4,84
10559550,32,91,3,81
10560060,54,50,8,73
10560570,20,83,-10,83
10561080,49,42,4,79
10561590,68,25,2,77
10562100,42,58,-7,84
10562610,8,61,2,82
10563120,18,84,1,81
10563630,47,43,1,80
10564140,66,72,-2,82
10564650,32,75,0,82
10565160,54,34,10,72
10565670,20,54,-8,80
10566180,42,57,-4,84
10566690,8,60,3,81
10567200,18,63,-2,83
10567710,19,22,5,78
10568220,87,25,-4,82
10568730,39,62,0,82
10569240,5,65,1,81
10569750,34,92,2,79
10570260,24,51,-11,90
10570770,46,54,5,85
10571280,12,57,4,81
10571790,13,16,-2,83
10572300,35,19,5,78
10572810,36,52,-7,85
10573320,2,55,2,83
10573830,31,58,2,81
10574340,99,61,-3,84
10574850,51,41,4,80
10575360,49,34,6,74
10575870,68,27,-5,79
10576380,42,60,0,79
10576890,8,63,-3,82
10577400,18,66,-1,83
10577910,19,25,5,78
10578420,87,28,-2,80
10578930,39,50,1,79
10579440,5,53,-6,85
10579950,15,56,4,81
10580460,16,15,4,77
10580970,38,18,3,74
10581480,66,51,-1,75
10581990,29,73,-3,78
10582500,51,29,6,72
10583010,65,62,-1,73
10583520,31,84,-12,85
10584030,34,43,5,80
10584540,56,46,9,71
10585050,22,79,-14,85
10585560,23,38,4,81
10586070,91,41,0,81
10586580,3,78,0,81
10587090,32,3,0,81
10587600,47,36,4,77
10588110,66,3,3,74
10588620,40,36,-7,81
10589130,59,65,3,78
10589640,25,98,-3,81
10590150,54,57,3,78
10590660,20,26,0,78
10591170,88,29,-4,82
10591680,0,62,1,81
10592190,29,89,0,81
10592700,51,48,8,73
10593210,49,81,-6,79
10593720,15,84,3,76
10594230,44,87,-7,83
10594740,10,90,4,79
10595250,39,93,5,74
10595760,28,52,-19,93
10596270,96,55,13,80
10596780,8,35,-1,81
10597290,18,38,-6,87
10597800,40,41,6,81
10598310,59,24,5,76
10598820,33,95,-3,79
10599330,55,54,-1,80
10599840,21,87,2,78
10600350,50,46,-1,79
10600860,69,33,1,78
10601370,83,55,1,77
10601880,35,77,-3,80
10602390,65,36,4,76
10602900,17,25,-2,78
10603410,39,28,0,78
10603920,58,61,4,74
10604430,24,6,2,72
10604940,25,91,-2,74
10605450,54,50,-3,77
10605960,20,79,-1,78
10606470,49,38,3,75
10606980,47,31,-3,78
10607490,66,64,-4,82
10608000,32,86,-1,83
10608510,54,45,9,74
10609020,20,34,-5,79
10609530,88,37,2,77
10610040,0,17,-9,86
10610550,10,20,0,86
10611060,32,23,9,77
10611570,33,52,-7,84
10612080,101,55,1,83
10612590,13,35,-1,84
10613100,23,38,3,81
10613610,91,41,-10,91
10614120,3,21,13,78
10614630,13,72,-4,82
10615140,14,31,-2,84
10615650,36,34,7,77
10616160,55,37,7,70
10616670,18,26,-14,84
10617180,86,29,-1,85
10617690,100,51,1,84
10618200,72,31,4,80
10618710,24,53,2,78
10619220,46,56,-2,80
10619730,12,59,-7,87
10620240,22,62,3,84
10620750,25,65,0,84
10621260,55,68,3,81
10621770,21,4,5,76
10622280,33,89,-5,81
10622790,55,48,7,74
10623300,53,15,2,72
10623810,27,86,-10,82
10624320,56,45,6,76
10624830,54,34,-2,78
10625340,68,54,5,73
10625850,66,55,0,73
10626360,64,44,-5,78
10626870,27,71,-2,80
10627380,49,39,4,76
10627890,68,32,5,71
10628400,42,54,-12,83
10628910,8,57,-2,85
10629420,18,60,4,81
10629930,40,63,-1,82
10630440,6,66,-4,86
10630950,35,25,12,74
10631460,54,8,-3,77
10631970,28,41,-6,83
10632480,96,44,-1,84
10632990,8,24,0,84
10633500,30,27,8,76
10634010,52,56,1,75
10634520,18,45,-6,81
10635030,40,48,-4,85
10635540,62,51,10,75
10636050,60,33,1,74
10636560,34,55,-7,81
10637070,0,58,-2,83
10637580,29,85,6,77
10638090,51,44,3,74
10638600,49,37,-9,83
10639110,68,4,11,72
10639620,56,37,1,71
10640130,54,57,-10,81
10640640,20,40,0,81
10641150,42,43,6,75
10641660,40,72,-13,88
10642170,6,75,5,83
10642680,35,78,4,79
10643190,65,81,-2,81
10643700,31,84,3,78
10644210,53,43,2,76
10644720,51,32,-3,79
10645230,65,1,5,74
10645740,39,34,-6,80
10646250,58,17,7,73
10646760,32,50,-7,80
10647270,100,53,-1,81
10647780,12,33,2,79
10648290,34,36,-4,83
10648800,56,39,11,72
10649310,23,28,-7,79
10649820,91,31,1,78
10650330,3,68,-8,86
10650840,32,71,5,81
10651350,100,74,-2,83
10651860,29,9,4,79
10652370,30,42,3,76
10652880,98,88,-6,82
10653390,27,8,5,77
10653900,28,41,0,77
10654410,96,44,-2,79
10654920,8,24,-1,80
10655430,30,27,4,76
10655940,52,56,-3,79
10656450,18,85,3,76
10656960,47,44,-1,77
10657470,13,73,-9,86
10657980,14,32,9,77
10658490,36,35,-4,81
10659000,80,38,6,75
10659510,94,18,-6,81
10660020,20,51,4,77
10660530,42,54,2,75
10661040,8,57,-7,82
10661550,18,16,0,82
10662060,26,19,7,75
10662570,48,48,-6,81
10663080,70,77,4,77
10663590,36,80,-2,79
10664100,2,83,2,77
10664610,43,86,-7,84
10665120,9,45,1,83
10665630,19,48,-3,86
10666140,34,51,4,82
10666650,0,54,2,80
10667160,29,57,1,79
10667670,97,60,-3,82
10668180,9,40,-1,83
10668690,19,43,-2,85
10669200,41,46,4,81
10669710,39,75,-5,86
10670220,5,78,6,80
10670730,34,81,-1,81
10671240,0,40,-4,85
10671750,10,43,1,84
10672260,11,46,2,82
10672770,12,49,0,82
10673280,34,52,7,75
10673790,0,55,-8,83
10674300,10,58,1,82
10674810,11,17,-2,84
10675320,33,20,11,73
10675830,77,53,-7,80
10676340,29,90,3,77
10676850,36,49,-2,79
10677360,2,52,0,79
10677870,31,11,3,76
10678380,87,44,-3,79
10678890,101,24,-2,81
10679400,13,61,-4,85
10679910,14,20,2,83
10680420,36,23,4,79
10680930,34,5,0,79
10681440,90,38,-3,82
10681950,2,75,2,80
10682460,31,78,-1,81
10682970,99,37,0,81
10683480,11,74,3,78
10683990,40,33,1,77
10684500,38,16,1,76
10685010,82,49,1,75
10685520,96,29,-7,82
10686030,8,66,-1,83
10686540,37,25,8,75
10687050,35,7,0,75
10687560,79,40,0,75
10688070,31,20,-2,77
10688580,32,49,-4,81
10689090,100,52,-4,85
10689600,12,89,6,79
10690110,41,48,5,74
10690620,63,51,-2,76
10691130,61,52,4,72
10691640,28,53,-5,77
10692150,96,56,-4,81
10692660,8,36,-4,85
10693170,9,39,8,77
10693680,19,42,-9,86
10694190,41,45,13,73
10694700,7,74,-4,77
10695210,36,33,1,76
10695720,55,36,7,69
10696230,18,56,-17,86
10696740,33,59,8,78
10697250,101,62,-8,86
10697760,19,42,6,80
10698270,41,45,10,70
10698780,7,74,-13,83
10699290,36,33,0,83
10699800,37,62,-1,84
10700310,3,65,3,81
10700820,32,24,1,80
10701330,37,7,2,78
10701840,52,40,0,78
10702350,71,33,1,77
10702860,45,13,-1,78
10703370,19,46,-3,81
10703880,41,49,2,79
10704390,7,78,1,78
10704900,36,81,-11,89
10705410,57,84,8,81
10705920,23,87,1,80
10706430,52,46,5,75
10706940,18,33,-9,84
10707450,40,36,3,81
10707960,59,51,3,78
10708470,25,88,-4,82
10708980,54,47,7,75
10709490,52,65,-11,86
10710000,18,68,2,84
10710510,40,27,12,72
10711020,59,9,-7,79
10711530,33,42,-2,81
10712040,101,45,-5,86
10712550,13,82,3,83
10713060,42,41,11,72
10713570,64,28,-2,74
10714080,66,52,0,74
10714590,64,89,-4,78
10715100,25,92,-1,79
10715610,54,51,7,72
10716120,20,80,-6,78
10716630,42,39,-3,81
10717140,64,68,6,75
10717650,30,71,0,75
10718160,98,30,-5,80
10718670,10,67,-1,81
10719180,11,26,4,77
10719690,33,29,-3,80
10720200,55,58,3,77
10720710,21,61,-8,85
10721220,36,64,3,82
10721730,2,67,-1,83
10722240,31,26,7,76
10722750,53,55,-3,79
10723260,19,48,-1,80
10723770,41,51,-1,81
10724280,7,54,-5,86
10724790,22,13,4,82
10725300,43,42,3,79
10725810,62,25,7,72
10726320,76,49,-8,80
10726830,39,29,-4,84
10727340,40,44,3,81
10727850,6,73,1,80
10728360,35,32,7,73
10728870,57,61,-3,76
10729380,23,94,1,75
10729890,52,53,-1,76
10730400,18,40,-14,90
10730910,33,43,8,82
10731420,101,46,8,74
10731930,13,83,-9,83
10732440,42,42,7,76
10732950,64,71,-3,79
10733460,30,74,-3,82
10733970,98,33,2,80
10734480,10,70,0,80
10734990,32,29,4,76
10735500,54,44,1,75
10736010,30,77,-10,85
10736520,43,36,3,82
10737030,41,19,5,77
10737540,4,52,-11,88
10738050,14,55,5,83
10738560,24,58,0,83
10739070,46,61,3,80
10739580,12,64,-1,81
10740090,22,23,0,81
10740600,44,26,12,69
10741110,7,59,-14,83
10741620,100,18,6,77
10742130,38,51,-6,83
10742640,4,54,3,80
10743150,14,13,-2,82
10743660,35,16,2,80
10744170,57,49,7,73
10744680,55,78,-7,80
10745190,21,81,0,80
10745700,50,40,7,73
10746210,16,73,-12,85
10746720,95,32,6,79
10747230,51,69,-9,88
10747740,17,72,10,78
10748250,39,31,8,70
10748760,37,64,-18,88
10749270,3,67,3,85
10749780,32,26,5,80
10750290,54,55,2,78
10750800,20,88,0,78
10751310,49,47,0,78
10751820,47,62,-6,84
10752330,13,65,-5,89
10752840,23,24,7,82
10753350,45,53,6,76
10753860,11,40,-10,86
10754370,33,43,1,85
10754880,54,46,9,76
10755390,52,79,-8,84
10755900,18,82,3,81
10756410,47,41,5,76
10756920,45,74,-5,81
10757430,11,77,-5,86
10757940,40,36,7,79
10758450,38,51,-2,81
10758960,4,54,0,81
10759470,14,13,7,74
10759980,82,16,0,74
10760490,38,49,-9,83
10761000,4,52,0,83
10761510,14,55,4,79
10762020,24,14,2,77
10762530,46,43,3,74
10763040,44,76,-8,82
10763550,10,79,-5,87
10764060,12,38,9,78
10764570,34,41,0,78
10765080,56,44,3,75
10765590,54,77,-5,80
10766100,20,80,-1,81
10766610,49,39,7,74
10767120,47,6,-1,75
10767630,1,39,-9,84
10768140,11,42,2,82
10768650,21,45,-4,86
10769160,43,48,6,80
10769670,41,51,1,79
10770180,7,54,-7,86
10770690,17,13,0,86
10771200,38,16,11,75
10771710,39,49,-4,79
10772220,5,52,-3,82
10772730,6,11,3,79
10773240,28,14,4,75
10773750,50,87,-13,88
10774260,16,90,11,77
10774770,45,93,-7,84
10775280,75,96,6,78
10775790,41,99,4,74
10776300,7,58,-3,77
10776810,17,17,1,76
10777320,39,46,-10,86
10777830,61,49,7,79
10778340,24,71,-2,81
10778850,46,74,1,80
10779360,12,77,-3,83
10779870,13,36,0,83
10780380,35,39,6,77
10780890,57,42,6,71
10781400,20,75,-14,85
10781910,21,34,5,80
10782420,89,37,0,80
10782930,1,74,-6,86
10783440,42,77,11,75
10783950,8,80,-7,82
10784460,37,32,1,81
10784970,56,47,3,78
10785480,19,80,-5,83
10785990,48,39,8,75
10786500,46,54,-9,84
10787010,12,57,-3,87
10787520,22,60,5,82
10788030,44,63,3,79
10788540,10,66,-2,81
10789050,11,25,1,80
10789560,24,28,-1,81
10790070,46,31,4,77
10790580,65,64,0,77
10791090,31,67,-6,83
10791600,61,70,6,77
10792110,27,73,0,77
10792620,49,76,-5,82
10793130,15,79,-4,86
10793640,16,82,4,82
10794150,45,85,6,76
10794660,11,88,-2,78
10795170,40,91,0,78
10795680,6,50,-9,87
10796190,16,53,2,85
10796700,31,56,6,79
10797210,99,59,2,77
10797720,11,39,-7,84
10798230,12,42,1,83
10798740,84,45,2,81
10799250,36,25,3,78
10799760,55,40,7,71
10800270,74,60,-8,79
10800780,37,97,0,79
10801290,27,86,1,78
10801800,49,45,1,77
10802310,68,78,1,76
10802820,34,81,-8,84
10803330,0,84,0,84
10803840,41,87,3,81
10804350,62,47,8,73
10804860,25,84,-6,79
10805370,47,43,7,72
10805880,66,30,-4,76
10806390,18,67,-3,79
10806900,19,26,0,79
10807410,41,29,4,75
10807920,60,62,-6,81
10808430,26,65,0,81
10808940,56,68,3,78
10809450,22,71,-10,88
10809960,12,30,2,86
10810470,34,33,6,80
10810980,56,36,8,72
10811490,75,56,-4,76
10812000,31,93,-4,80
10812510,21,52,-4,84
10813020,36,55,-2,86
10813530,2,58,8,78
10814040,4,61,-7,85
10814550,25,64,5,80
10815060,55,67,2,78
10815570,21,70,-9,87
10816080,22,29,2,85
10816590,44,32,10,75
10817100,63,87,-4,79
10817610,29,90,3,76
10818120,36,49,-6,82
10818630,2,52,-1,83
10819140,53,55,8,75
10819650,19,58,-7,82
10820160,34,61,2,80
10820670,0,64,-2,82
10821180,2,67,-3,85
10821690,23,70,5,80
10822200,24,29,-1,81
10822710,92,32,4,77
10823220,4,69,-1,78
10823730,6,72,-1,79
10824240,8,75,2,77
10824750,10,78,-5,82
10825260,12,81,3,79
10825770,14,84,-4,83
10826280,16,87,3,80
10826790,45,90,-5,85
10827300,11,93,5,80
10827810,13,96,-3,83
10828320,15,99,2,81
10828830,17,0,4,77
10829340,38,73,-3,80
10829850,4,76,-7,87
10830360,45,79,6,81
10830870,11,82,-1,82
10831380,13,85,4,78
10831890,15,88,-2,80
10832400,17,91,-4,84
10832910,19,94,9,75
10833420,21,97,-2,77
10833930,23,56,-11,88
10834440,91,59,5,83
10834950,43,96,4,79
10835460,9,99,-7,86
10835970,50,0,9,77
10836480,24,33,-6,83
10836990,46,36,6,77
10837500,12,39,-1,78
10838010,22,42,2,76
10838520,90,45,-5,81
10839030,2,82,-1,82
10839540,43,85,0,82
10840050,9,88,0,82
10840560,11,91,-1,83
10841070,13,30,0,83
10841580,81,33,4,79
10842090,33,70,1,78
10842600,101,73,-5,83
10843110,30,8,2,81
10843620,51,41,0,81
10844130,70,74,2,79
10844640,36,77,1,78
10845150,2,80,-3,81
10845660,43,83,-2,83
10846170,9,86,0,83
10846680,11,89,0,83
10847190,13,92,2,81
10847700,15,95,3,78
10848210,17,98,-1,79
10848720,19,101,1,78
10849230,21,2,1,77
10849740,42,75,-4,81
10850250,8,78,-5,86
10850760,10,81,3,83
10851270,12,84,1,82
10851780,14,43,3,79
10852290,15,46,-8,87
10852800,30,49,5,82
10853310,98,52,2,80
10853820,10,89,6,74
10854330,3,92,-12,86
10854840,44,95,1,85
10855350,65,54,9,76
10855860,28,91,2,74
10856370,38,50,-7,81
10856880,4,53,3,78
10857390,5,56,0,78
10857900,6,59,-5,83
10858410,16,62,-1,84
10858920,31,21,11,73
10859430,50,36,-4,77
10859940,16,18,-2,79
10860450,38,21,3,76
10860960,57,54,5,71
10861470,23,57,-13,84
10861980,33,60,0,84
10862490,101,63,-1,85
10863000,53,100,6,79
10863510,19,1,6,73
10864020,34,86,-11,84
10864530,0,45,0,84
10865040,2,48,2,82
10865550,4,15,-1,83
10866060,26,18,7,76
10866570,48,33,3,73
10867080,67,26,1,72
10867590,41,63,-13,85
10868100,7,66,0,85
10868610,22,69,-3,88
10869120,12,28,1,87
10869630,33,31,10,77
10870140,37,46,-3,80
10870650,3,49,-4,84
10871160,13,52,1,83
10871670,28,55,8,75
10872180,96,58,-9,84
10872690,8,38,-2,86
10873200,23,41,-3,89
10873710,91,44,9,80
10874220,3,81,1,79
10874730,44,84,-2,81
10875240,74,87,-3,84
10875750,40,90,2,82
10876260,6,49,0,82
10876770,21,52,-7,89
10877280,31,55,10,79
10877790,99,58,-4,83
10878300,11,38,6,77
10878810,26,41,-5,82
10879320,94,44,1,81
10879830,6,81,-8,89
10880340,35,84,3,86
10880850,25,87,-1,87
10881360,35,46,6,81
10881870,1,49,0,81
10882380,16,52,-4,85
10882890,31,55,0,85
10883400,99,58,2,83
10883910,11,38,-2,85
10884420,26,41,10,75
10884930,94,44,-9,84
10885440,6,81,6,78
10885950,47,99,9,69
10886460,13,19,-10,79
10886970,34,22,3,76
10887480,53,37,3,73
10887990,16,57,-11,84
10888500,31,16,9,75
10889010,50,49,-5,80
10889520,16,64,-3,83
10890030,31,23,12,71
10890540,50,38,-8,79
10891050,69,71,1,78
10891560,35,74,-2,80
10892070,64,77,-5,85
10892580,30,80,4,81
10893090,20,39,-5,86
10893600,42,42,5,81
10894110,61,57,1,80
10894620,80,79,0,80
10895130,78,101,4,76
10895640,44,2,1,75
10896150,59,35,0,75
10896660,22,48,-7,82
10897170,37,51,0,82
10897680,3,54,-1,83
10898190,13,57,3,80
10898700,28,16,4,76
10899210,50,49,0,76
10899720,69,64,-2,78
10900230,67,101,-1,79
10900740,33,2,1,78
10901250,48,35,4,74
10901760,67,68,-2,76
10902270,65,71,-1,77
10902780,31,74,-6,83
10903290,61,33,6,77
10903800,13,70,-3,80
10904310,14,73,-2,82
10904820,35,32,5,77
10905330,54,47,3,74
10905840,73,80,-7,81
10906350,39,83,-4,85
10906860,60,86,10,75
10907370,26,89,-3,78
10907880,56,48,2,76
10908390,54,85,-10,86
10908900,20,88,10,76
10909410,30,47,-7,83
10909920,98,50,0,83
10910430,10,87,2,81
10910940,12,46,-1,82
10911450,13,49,-1,83
10911960,23,52,3,80
10912470,91,55,-4,84
10912980,43,35,3,81
10913490,62,68,0,81
10914000,28,83,5,76
10914510,58,42,0,76
10915020,77,35,0,76
10915530,33,72,-4,80
10916040,63,31,8,72
10916550,37,68,-8,80
10917060,3,71,-2,82
10917570,44,30,7,75
10918080,63,51,0,75
10918590,61,52,-4,79
10919100,59,89,0,79
10919610,25,92,1,78
10920120,35,51,-4,82
10920630,1,54,2,80
10921140,11,57,-3,83
10921650,12,16,-1,84
10922160,33,19,9,75
10922670,52,52,7,68
10923180,18,81,-12,80
10923690,28,40,-1,81
10924200,96,43,1,80
10924710,8,80,-3,83
10925220,10,39,3,80
10925730,20,42,-4,84
10926240,35,45,-2,86
10926750,1,60,2,84
10927260,22,19,12,72
10927770,44,34,-6,78
10928280,63,49,6,72
10928790,61,86,-11,83
10929300,27,89,6,77
10929810,37,48,-10,87
10930320,59,51,15,72
10930830,57,84,-6,78
10931340,23,87,0,78
10931850,33,46,-5,83
10932360,101,49,-1,84
10932870,13,86,0,84
10933380,23,45,3,81
10933890,24,48,-4,85
10934400,92,51,8,77
10934910,44,31,-2,79
10935420,63,64,5,74
10935930,29,67,-8,82
10936440,39,70,3,79
10936950,5,73,2,77
10937460,7,32,-4,81
10937970,17,35,-5,86
10938480,32,38,5,81
10938990,54,41,8,73
10939500,17,74,-12,85
10940010,18,33,-3,88
10940520,39,36,12,76
10941030,58,51,2,74
10941540,56,84,-3,77
10942050,22,87,-3,80
10942560,32,46,-1,81
10943070,100,49,3,78
10943580,12,86,-3,81
10944090,22,45,-8,89
10944600,90,48,11,78
10945110,46,85,-5,83
10945620,12,88,5,78
10946130,14,47,-4,82
10946640,24,50,3,79
10947150,92,53,4,75
10947660,4,33,-4,79
10948170,14,36,-5,84
10948680,36,39,3,81
10949190,55,42,8,73
10949700,74,62,-1,74
10950210,72,99,-3,77
10950720,38,0,0,77
10951230,53,33,2,75
10951740,16,66,-8,83
10952250,31,25,4,79
10952760,50,40,4,75
10953270,69,73,-1,76
10953780,35,76,-6,82
10954290,1,35,-2,84
10954800,11,38,0,84
10955310,42,41,10,74
10955820,40,70,-10,84
10956330,6,73,-2,86
10956840,8,32,4,82
10957350,18,35,0,82
10957860,40,38,3,79
10958370,59,53,6,73
10958880,25,86,-7,80
10959390,35,45,-2,82
10959900,1,48,-2,84
10960410,22,51,2,82
10960920,90,54,0,82
10961430,42,34,1,81
10961940,61,49,6,75
10962450,59,82,-4,79
10962960,25,85,-1,80
10963470,35,44,-4,84
10963980,57,47,14,70
10964490,55,67,-11,81
10965000,21,70,-2,83
10965510,36,29,7,76
10966020,55,62,-4,80
10966530,21,65,-3,83
10967040,36,24,9,74
10967550,55,39,-3,77
10968060,74,72,-5,82
10968570,40,7,5,77
10969080,55,40,0,77
10969590,18,7,-1,78
10970100,39,76,-6,84
10970610,5,79,-2,86
10971120,7,82,6,80
10971630,9,85,-2,82
10972140,11,44,3,79
10972650,26,47,-9,88
10973160,94,50,5,83
10973670,6,87,6,77
10974180,8,90,0,77
10974690,10,93,-2,79
10975200,12,96,-5,84
10975710,14,55,3,81
10976220,29,14,5,76
10976730,41,47,4,72
10977240,7,50,-9,81
10977750,28,9,5,76
10978260,29,42,-6,82
10978770,97,45,-1,83
10979280,9,82,2,81
10979790,30,41,2,79
10980300,52,44,8,71
10980810,50,77,-19,90
10981320,16,80,5,85
10981830,37,39,6,79
10982340,56,54,-4,83
10982850,75,69,6,77
10983360,73,4,1,76
10983870,65,37,-1,77
10984380,67,50,0,77
10984890,23,70,-7,84
10985400,38,29,11,73
10985910,57,62,-3,76
10986420,23,91,0,76
10986930,53,50,-4,80
10987440,51,83,-2,82
10987950,17,86,-2,84
10988460,38,45,7,77
10988970,60,48,2,75
10989480,23,68,-14,89
10989990,44,71,7,82
10990500,10,74,-5,87
10991010,51,33,5,82
10991520,14,53,2,80
10992030,29,12,6,74
10992540,51,45,1,73
10993050,70,60,-5,78
10993560,68,97,4,74
10994070,34,100,1,73
10994580,64,59,-5,78
10995090,62,88,0,78
10995600,28,91,1,77
10996110,58,50,5,72
10996620,21,70,-11,83
10997130,36,29,9,74
10997640,55,44,2,72
10998150,74,77,-3,75
10998660,40,80,-6,81
10999170,6,83,-1,82
10999680,27,86,0,82
11000190,57,45,7,75
11000700,20,78,-3,78
11001210,50,37,7,71
11001720,69,70,-9,80
11002230,67,73,1,79
11002740,33,76,-4,83
11003250,101,79,4,79
11003760,30,14,2,77
11004270,55,47,1,76
11004780,53,67,-2,78
11005290,19,70,-5,83
11005800,34,29,4,79
11006310,53,44,8,71
11006820,51,77,-11,82
11007330,17,80,-3,85
11007840,38,39,5,80
11008350,57,54,5,75
11008860,23,57,-6,81
11009370,33,60,4,77
11009880,101,63,0,77
11010390,13,100,2,75
11010900,15,52,-6,81
11011410,30,55,-6,87
11011920,98,58,2,85
11012430,10,95,1,84
11012940,31,98,6,78
11013450,52,57,-1,79
11013960,18,60,-1,80
11014470,33,19,3,77
11014980,52,52,3,74
11015490,50,55,-9,83
11016000,16,58,-2,85
11016510,31,61,-8,93
11017020,99,64,12,81
11017530,28,101,4,77
11018040,30,60,-3,80
11018550,98,63,-5,85
11019060,27,100,9,76
11019570,57,59,1,75
11020080,23,46,-10,85
11020590,91,49,15,70
11021100,3,86,-9,79
11021610,44,89,2,77
11022120,74,92,-13,90
11022630,40,95,13,77
11023140,6,54,-4,81
11023650,16,57,-6,87
11024160,31,60,8,79
11024670,99,63,-5,84
11025180,51,100,7,77
11025690,72,1,2,75
11026200,64,34,0,75
11026710,78,54,-4,79
11027220,34,91,-4,83
11027730,24,50,4,79
11028240,92,53,-5,84
11028750,4,33,5,79
11029260,14,36,-2,81
11029770,36,39,0,81
11030280,58,42,9,72
11030790,21,9,-8,80
11031300,42,78,0,80
11031810,8,81,-7,87
11032320,29,84,5,82
11032830,59,43,7,75
11033340,22,63,-5,80
11033850,12,66,-5,85
11034360,22,69,8,77
11034870,12,28,-9,86
11035380,33,31,9,77
11035890,55,64,-3,80
11036400,21,67,-2,82
11036910,36,26,3,79
11037420,55,95,2,77
11037930,76,98,2,75
11038440,42,101,1,74
11038950,63,60,-2,76
11039460,26,63,-6,82
11039970,56,66,3,79
11040480,22,69,-1,80
11040990,37,28,4,76
11041500,56,43,9,67
11042010,54,63,-11,78
11042520,20,66,-6,84
11043030,41,25,5,79
11043540,60,45,8,71
11044050,58,65,-7,78
11044560,24,68,0,78
11045070,54,27,9,69
11045580,68,47,-14,83
11046090,31,84,3,80
11046600,21,43,-2,82
11047110,43,46,6,76
11047620,62,61,-9,85
11048130,28,76,1,84
11048640,58,35,14,70
11049150,72,48,-8,78
11049660,24,85,0,78
11050170,45,44,1,77
11050680,43,59,-8,85
11051190,9,62,7,78
11051700,30,21,1,77
11052210,52,54,-5,82
11052720,50,57,1,81
11053230,16,60,-5,86
11053740,31,19,10,76
11054250,53,12,-7,83
11054760,73,45,4,79
11055270,87,82,-2,81
11055780,21,17,12,69
11056290,73,50,-11,80
11056800,29,87,-3,83
11057310,59,46,8,75
11057820,22,66,-4,79
11058330,12,69,1,78
11058840,14,28,-4,82
11059350,36,31,6,76
11059860,55,46,4,72
11060370,53,66,-5,77
11060880,19,69,-5,82
11061390,49,28,5,77
11061900,63,97,2,75
11062410,29,100,0,75
11062920,59,59,3,72
11063430,57,26,-3,75
11063940,71,46,1,74
11064450,27,83,-6,80
11064960,37,42,2,78
11065470,59,45,6,72
11065980,90,65,-8,80
11066490,19,0,-1,81
11067000,40,85,1,80
11067510,6,88,-3,83
11068020,27,91,8,75
11068530,56,50,-2,77
11069040,54,70,-2,79
11069550,20,73,3,76
11070060,30,32,1,75
11070570,28,35,-7,82
11071080,50,38,7,75
11071590,69,5,0,75
11072100,61,38,3,72
11072610,75,60,-4,76
11073120,73,97,-2,78
11073630,39,100,-1,79
11074140,69,59,-3,82
11074650,67,96,8,74
11075160,33,99,-2,76
11075670,63,58,1,75
11076180,61,78,-4,79
11076690,27,81,-1,80
11077200,37,40,-1,81
11077710,56,27,4,77
11078220,70,40,1,76
11078730,84,20,-4,80
11079240,76,57,3,77
11079750,39,94,-9,86
11080260,69,53,10,76
11080770,67,90,1,75
11081280,33,93,-6,81
11081790,63,52,3,78
11082300,26,45,-8,86
11082810,69,48,11,75
11083320,25,85,-1,76
11083830,54,44,4,72
11084340,73,47,-6,78
11084850,25,84,-2,80
11085360,54,43,3,77
11085870,73,36,-2,79
11086380,87,16,4,75
11086890,13,53,-14,89
11087400,23,56,3,86
11087910,38,59,1,85
11088420,4,62,4,81
11088930,25,65,-2,83
11089440,35,68,3,80
11089950,65,71,-1,81
11090460,31,74,-3,84
11090970,41,77,-5,89
11091480,71,80,9,80
11091990,69,83,-3,83
11092500,35,86,3,80
11093010,65,89,-1,81
11093520,31,92,-1,82
11094030,61,51,7,75
11094540,59,71,-4,79
11095050,25,74,-2,81
11095560,35,33,1,80
11096070,36,36,-1,81
11096580,37,39,0,81
11097090,56,42,7,74
11097600,54,35,-1,75
11098110,17,28,-14,89
11098620,38,31,14,75
11099130,57,100,0,75
11099640,78,1,0,75
11100150,70,34,0,75
11100660,72,14,-5,80
11101170,64,30,6,74
11101680,66,52,-2,76
11102190,64,74,-7,83
11102700,30,77,1,82
11103210,40,36,2,80
11103720,59,39,7,73
11104230,57,52,-5,78
11104740,55,55,-1,79
11105250,53,42,2,77
11105760,72,55,1,76
11106270,70,92,-6,82
11106780,36,95,1,81
11107290,66,54,9,72
11107800,64,76,-9,81
11108310,30,79,-3,84
11108820,60,38,11,73
11109330,23,58,-10,83
11109840,38,61,2,81
11110350,4,64,-1,82
11110860,25,67,5,77
11111370,35,26,0,77
11111880,36,95,-3,80
11112390,66,54,2,78
11112900,29,76,-9,87
11113410,39,79,5,82
11113920,69,82,4,78
11114430,35,85,0,78
11114940,25,44,-6,84
11115450,47,47,5,79
11115960,45,62,-1,80
11116470,11,65,0,80
11116980,12,24,-2,82
11117490,34,27,-1,83
11118000,32,42,0,83
11118510,100,45,2,81
11119020,12,25,1,80
11119530,34,28,-2,82
11120040,35,43,3,79
11120550,33,46,-5,84
11121060,101,49,4,80
11121570,13,29,-4,84
11122080,35,32,3,81
11122590,36,35,9,72
11123100,34,2,-12,84
11123610,49,35,11,73
11124120,47,55,-7,80
11124630,13,58,-3,83
11125140,23,37,1,82
11125650,45,40,5,77
11126160,43,43,-1,78
11126670,41,46,2,76
11127180,39,49,-11,87
11127690,5,52,7,80
11128200,15,55,-4,84
11128710,49,58,9,75
11129220,15,61,-8,83
11129730,25,20,3,80
11130240,47,35,7,73
11130750,45,55,-4,77
11131260,11,58,-11,88
11131770,21,61,4,84
11132280,31,64,-3,87
11132790,61,26,16,71
11133300,75,48,-7,78
11133810,91,70,-1,79
11134320,89,5,-1,80
11134830,15,8,-1,81
11135340,36,11,7,74
11135850,37,31,-2,76
11136360,59,100,-2,78
11136870,89,1,-3,81
11137380,15,4,0,81
11137890,36,73,-3,84
11138400,46,76,2,82
11138910,12,79,1,81
11139420,13,38,2,79
11139930,14,41,-6,85
11140440,24,44,4,81
11140950,92,47,0,81
11141460,4,27,-4,85
11141970,14,30,-2,87
11142480,36,33,11,76
11142990,58,36,4,72
11143500,21,56,-4,76
11144010,31,26,-5,81
11144520,53,41,5,76
11145030,51,34,0,76
11145540,14,1,-3,79
11146050,35,74,7,72
11146560,1,77,-7,79
11147070,11,80,-5,84
11147580,21,39,4,80
11148090,43,42,-2,82
11148600,66,45,6,76
11149110,64,61,-2,78
11149620,62,64,2,76
11150130,28,67,-6,82
11150640,38,70,-4,86
11151150,4,73,11,75
11151660,14,76,-7,82
11152170,15,35,-4,86
11152680,37,99,8,78
11153190,59,58,1,77
11153700,25,61,-6,83
11154210,35,64,-2,85
11154720,1,67,6,79
11155230,30,70,0,79
11155740,40,73,-6,85
11156250,6,76,4,81
11156760,16,79,-1,82
11157270,17,38,0,82
11157780,39,41,5,77
11158290,37,44,-12,89
11158800,59,47,12,77
11159310,57,14,0,77
11159820,42,47,-4,81
11160330,40,50,0,81
11160840,6,53,-5,86
11161350,16,12,3,83
11161860,38,81,-4,87
11162370,48,84,13,74
11162880,14,87,-4,78
11163390,24,90,-1,79
11163900,34,49,-4,83
11164410,0,52,-3,86
11164920,10,55,4,82
11165430,11,14,-6,88
11165940,32,17,16,72
11166450,33,37,-6,78
11166960,55,40,8,70
11167470,18,60,-12,82
11167980,19,63,-1,83
11168490,20,22,6,77
11169000,24,25,-3,80
11169510,46,28,5,75
11170020,60,48,3,72
11170530,58,44,-3,75
11171040,56,11,-1,76
11171550,70,44,1,75
11172060,26,24,1,74
11172570,48,27,-3,77
11173080,62,9,3,74
11173590,54,26,-3,77
11174100,68,39,-2,79
11174610,82,19,4,75
11175120,96,41,-7,82
11175630,8,21,5,77
11176140,30,24,1,76
11176650,28,10,0,76
11177160,50,43,1,75
11177670,48,10,-6,81
11178180,67,43,3,78
11178690,30,65,-2,80
11179200,40,68,1,79
11179710,6,71,-4,83
11180220,7,74,0,83
11180730,17,77,-1,84
11181240,18,36,-1,85
11181750,40,39,10,75
11182260,38,42,-7,82
11182770,60,45,4,78
11183280,58,12,-5,83
11183790,32,45,3,80
11184300,100,48,-4,84
11184810,12,28,-2,86
11185320,34,31,7,79
11185830,35,34,3,76
11186340,33,37,-2,78
11186850,55,40,6,72
11187360,53,7,-4,76
11187870,45,40,0,76
11188380,43,43,-4,80
11188890,41,46,-2,82
11189400,39,49,-3,85
11189910,5,52,4,81
11190420,15,55,-12,93
11190930,30,58,9,84
11191440,63,61,11,73
11191950,61,64,-4,77
11192460,27,67,-1,78
11192970,42,70,-3,81
11193480,8,73,-5,86
11193990,18,32,2,84
11194500,40,35,7,77
11195010,38,2,3,74
11195520,12,35,-10,84
11196030,13,38,0,84
11196540,23,41,5,79
11197050,91,44,-4,83
11197560,3,24,2,81
11198070,13,27,-4,85
11198580,35,30,5,80
11199090,33,33,-7,87
11199600,54,36,11,76
11200110,52,3,2,74
11200620,30,36,-7,81
11201130,52,39,5,76
11201640,50,86,-1,77
11202150,16,89,-5,82
11202660,17,48,7,75
11203170,18,51,-7,82
11203680,19,54,-1,83
11204190,34,13,2,81
11204700,35,82,-2,83
11205210,25,41,1,82
11205720,93,44,3,79
11206230,5,24,1,78
11206740,15,27,-6,84
11207250,37,30,4,80
11207760,38,99,0,80
11208270,48,58,-5,85
11208780,14,61,-1,86
11209290,29,20,9,77
11209800,51,89,-3,80
11210310,17,92,2,78
11210820,27,51,0,78
11211330,95,54,4,74
11211840,7,34,-9,83
11212350,17,37,-8,91
11212860,32,40,9,82
11213370,54,43,1,81
11213880,52,25,7,74
11214390,66,45,-3,77
11214900,29,12,-1,78
11215410,30,96,2,76
11215920,40,55,-7,83
11216430,6,58,0,83
11216940,16,17,8,75
11217450,63,20,-5,80
11217960,37,40,0,80
11218470,35,43,-3,83
11218980,33,46,-5,88
11219490,101,49,-1,89
11220000,13,29,4,85
11220510,28,32,5,80
11221020,50,35,8,72
11221530,48,17,-4,76
11222040,50,37,2,74
11222550,48,4,-10,84
11223060,63,37,8,76
11223570,26,26,-4,80
11224080,48,29,4,76
11224590,67,49,0,76
11225100,65,69,-2,78
11225610,63,72,1,77
11226120,29,75,-12,89
11226630,44,78,8,81
11227140,10,81,2,79
11227650,11,84,0,79
11228160,21,87,-4,83
11228670,31,46,1,82
11229180,99,49,-2,84
11229690,11,29,4,80
11230200,33,32,2,78
11230710,34,35,2,76
11231220,32,38,-7,83
11231730,54,41,5,78
11232240,52,23,9,69
11232750,66,43,-12,81
11233260,29,32,0,81
11233770,51,35,5,76
11234280,49,2,4,72
11234790,23,35,-8,80
11235300,91,38,-2,82
11235810,3,60,4,78
11236320,13,63,-7,85
11236830,14,22,2,83
11237340,36,25,8,75
11237850,34,7,-6,81
11238360,40,40,2,79
11238870,38,43,-3,82
11239380,36,29,2,80
11239890,34,11,1,79
11240400,90,44,-4,83
11240910,2,24,-1,84
11241420,12,27,-2,86
11241930,34,30,3,83
11242440,35,33,4,79
11242950,57,2,-2,81
11243460,31,35,-4,85
11243970,32,38,1,84
11244480,54,41,7,77
11244990,52,23,-2,79
11245500,37,43,0,79
11246010,59,46,1,78
11246520,57,93,0,78
11247030,23,96,2,76
11247540,45,55,-4,80
11248050,11,58,-1,81
11248560,12,61,-4,85
11249070,13,20,6,79
11249580,35,23,1,78
11250090,33,5,-4,82
11250600,89,38,-4,86
11251110,1,60,-1,87
11251620,22,63,7,80
11252130,37,66,-3,83
11252640,3,69,-2,85
11253150,4,72,6,79
11253660,14,75,-2,81
11254170,24,78,-5,86
11254680,34,37,4,82
11255190,56,40,10,72
11255700,54,29,-6,78
11256210,68,38,2,76
11256720,20,60,-12,88
11257230,30,63,6,82
11257740,98,27,8,74
11258250,37,49,-9,83
11258760,3,52,5,78
11259270,13,55,-6,84
11259780,14,58,-1,85
11260290,15,61,6,79
11260800,25,20,-1,80
11261310,47,23,8,72
11261820,61,43,1,71
11262330,59,63,-6,77
11262840,25,66,-7,84
11263350,26,69,4,80
11263860,41,28,3,77
11264370,39,10,-6,83
11264880,40,43,2,81
11265390,10,46,-6,87
11265900,11,49,3,84
11266410,12,52,4,80
11266920,22,55,2,78
11267430,90,58,2,76
11267940,42,38,1,75
11268450,40,41,-10,85
11268960,16,10,0,85
11269470,37,13,10,75
11269980,38,46,-6,81
11270490,36,49,-9,90
11271000,2,52,9,81
11271510,12,55,-3,84
11272020,13,58,-5,89
11272530,14,61,4,85
11273040,24,20,8,77
11273550,22,23,-3,80
11274060,90,26,0,80
11274570,2,48,2,78
11275080,12,97,-3,81
11275590,22,100,3,78
11276100,32,1,2,76
11276610,47,34,2,74
11277120,45,81,-12,86
11277630,75,84,5,81
11278140,41,87,4,77
11278650,7,90,-3,80
11279160,17,93,-3,83
11279670,27,96,9,74
11280180,37,55,-9,83
11280690,3,58,7,76
11281200,13,61,-10,86
11281710,28,64,-3,89
11282220,96,67,6,83
11282730,94,47,0,83
11283240,6,27,0,83
11283750,16,30,-5,88
11284260,38,33,11,77
11284770,60,36,5,72
11285280,6,56,-9,81
11285790,7,59,3,78
11286300,17,62,-5,83
11286810,18,65,-2,85
11287320,19,68,0,85
11287830,20,27,3,82
11288340,42,30,2,80
11288850,43,12,7,73
11289360,71,32,-6,79
11289870,85,54,1,78
11290380,37,34,3,75
11290890,35,37,-8,83
11291400,56,40,5,78
11291910,54,7,1,77
11292420,73,40,2,75
11292930,25,62,-8,83
11293440,40,65,-5,88
11293950,6,68,8,80
11294460,16,71,1,79
11294970,17,30,-4,83
11295480,39,33,5,78
11295990,40,36,2,76
11296500,38,39,-6,82
11297010,59,42,7,75
11297520,57,89,-6,81
11298030,46,92,4,77
11298540,12,51,-4,81
11299050,22,54,-4,85
11299560,90,57,-6,91
11300070,42,37,16,75
11300580,40,40,-4,79
11301090,38,43,-2,81
11301600,36,46,-4,85
11302110,2,49,-2,87
11302620,12,52,3,84
11303130,27,55,3,81
11303640,95,58,1,80
11304150,7,38,3,77
11304660,17,41,-6,83
11305170,18,44,-7,90
11305680,86,47,12,78
11306190,38,27,0,78
11306700,36,9,-5,83
11307210,44,42,9,74
11307720,42,45,-14,88
11308230,40,48,2,86
11308740,6,51,-6,92
11309250,16,54,4,88
11309760,26,57,9,79
11310270,36,60,-2,81
11310780,2,63,1,80
11311290,12,66,-4,84
11311800,22,25,1,83
11312310,44,28,8,75
11312820,42,10,-10,85
11313330,70,43,7,78
11313840,22,23,1,77
11314350,44,26,2,75
11314860,42,46,-4,79
11315370,40,49,-7,86
11315880,38,52,2,84
11316390,4,55,-1,85
11316900,14,58,-3,88
11317410,15,35,9,79
11317920,37,38,-3,82
11318430,35,41,0,82
11318940,33,44,1,81
11319450,101,47,-4,85
11319960,13,27,5,80
11320470,35,30,-1,81
11320980,33,33,-3,84
11321490,31,36,2,82
11322000,99,39,-5,87
11322510,11,19,1,86
11323020,33,22,7,79
11323530,31,4,-1,80
11324040,46,37,0,80
11324550,44,19,7,73
11325060,58,39,3,70
11325570,56,59,-6,76
11326080,22,4,4,72
11326590,23,37,-10,82
11327100,91,40,2,80
11327610,3,62,1,79
11328120,4,65,-7,86
11328630,5,68,7,79
11329140,6,71,-2,81
11329650,7,74,3,78
11330160,29,77,-3,81
11330670,19,36,-5,86
11331180,87,39,5,81
11331690,101,28,-4,85
11332200,13,50,-1,86
11332710,14,53,5,81
11333220,15,56,-5,86
11333730,30,59,3,83
11334240,98,62,1,82
11334750,50,42,11,71
11335260,48,89,-14,85
11335770,14,92,5,80
11336280,36,51,1,79
11336790,2,54,-3,82
11337300,17,57,-5,87
11337810,18,60,0,87
11338320,19,63,6,81
11338830,34,22,8,73
11339340,32,15,-5,78
11339850,88,35,-4,82
11340360,0,57,0,82
11340870,2,60,1,81
11341380,3,63,3,78
11341890,4,66,1,77
11342400,6,69,-8,85
11342910,7,72,1,84
11343420,28,75,6,78
11343930,96,34,-4,82
11344440,17,56,0,82
11344950,18,59,1,81
11345460,19,18,4,77
11345970,41,21,6,71
11346480,55,41,-4,75
11346990,53,88,-12,87
11347500,19,91,6,81
11348010,20,50,-1,82
11348520,88,53,3,79
11349030,0,33,-4,83
11349540,15,36,0,83
11350050,37,39,3,80
11350560,35,42,-2,82
11351070,1,45,0,82
11351580,16,48,-4,86
11352090,17,51,9,77
11352600,27,54,-4,81
11353110,95,35,5,76
11353620,7,57,-9,85
11354130,8,60,2,83
11354640,9,63,-1,84
11355150,30,22,9,75
11355660,31,93,-6,81
11356170,38,52,1,80
11356680,4,55,-5,85
11357190,19,58,1,84
11357700,20,61,3,81
11358210,35,39,2,79
11358720,33,42,-6,85
11359230,101,45,4,81
11359740,13,25,-8,89
11360250,34,28,10,79
11360760,35,43,-3,82
11361270,1,46,-1,83
11361780,16,49,5,78
11362290,26,52,-6,84
11362800,94,55,5,79
11363310,6,35,-3,82
11363820,16,38,0,82
11364330,31,41,5,77
11364840,99,44,-9,86
11365350,11,24,0,86
11365860,33,27,6,80
11366370,31,42,-6,86
11366880,99,45,5,81
11367390,11,25,0,81
11367900,33,28,2,79
11368410,34,43,-1,80
11368920,0,46,1,79
11369430,10,49,-2,81
11369940,11,44,-1,82
11370450,12,84,2,80
11370960,34,81,1,79
11371470,0,40,1,78
11371980,10,43,-1,79
11372490,11,83,-1,80
11373000,20,24,-4,84
11373510,41,27,11,73
11374020,39,9,-13,86
11374530,60,42,15,71
11375040,58,38,0,71
11375550,56,27,-2,73
11376060,30,47,-11,84
11376570,98,50,1,83
11377080,10,30,-2,85
11377590,11,33,-3,88
11378100,12,36,6,82
11378610,34,39,2,80
11379120,56,42,5,75
11379630,54,89,-7,82
11380140,20,92,5,77
11380650,85,12,-7,84
11381160,77,15,11,73
11381670,69,31,-8,81
11382180,43,53,3,78
11382690,9,56,-2,80
11383200,10,59,-2,82
11383710,11,18,0,82
11384220,33,21,6,76
11384730,31,36,-5,81
11385240,90,39,-2,83
11385750,2,19,-3,86
11386260,24,22,14,72
11386770,92,25,-9,81
11387280,79,47,2,79
11387790,31,27,-1,80
11388300,29,42,-8,88
11388810,97,45,6,82
11389320,9,25,-4,86
11389830,31,28,5,81
11390340,32,31,-5,86
11390850,30,34,4,82
11391360,51,37,6,76
11391870,49,84,-10,86
11392380,15,87,5,81
11392890,37,7,4,77
11393400,78,40,-4,81
11393910,30,20,3,78
11394420,64,2,1,77
11394930,85,35,-5,82
11395440,37,15,6,76
11395950,65,48,4,72
11396460,28,70,-12,84
11396970,96,73,4,80
11397480,30,53,1,79
11397990,98,56,-2,81
11398500,10,36,6,75
11399010,32,39,-5,80
11399520,100,42,-7,87
11400030,12,22,1,86
11400540,34,25,11,75
11401050,78,7,-2,77
11401560,70,10,-4,81
11402070,44,13,8,73
11402580,72,46,-10,83
11403090,86,26,2,81
11403600,73,29,1,80
11404110,47,51,6,74
11404620,13,98,-4,78
11405130,33,18,8,70
11405640,58,38,3,67
11406150,56,60,-14,81
11406660,21,63,3,78
11407170,43,22,6,72
11407680,57,42,0,72
11408190,55,31,3,69
11408700,69,53,-4,73
11409210,67,75,-5,78
11409720,33,97,-6,84
11410230,63,92,10,74
11410740,29,95,-5,79
11411250,51,54,-3,82
11411760,17,57,-2,84
11412270,32,60,4,80
11412780,100,63,1,79
11413290,12,43,-4,83
11413800,34,46,3,80
11414310,0,49,0,80
11414820,10,52,-1,81
11415330,11,55,-1,82
11415840,33,58,5,77
11416350,101,61,-4,81
11416860,13,41,7,74
11417370,35,44,-11,85
11417880,1,47,5,80
11418390,22,50,0,80
11418900,37,53,-5,85
11419410,3,56,7,78
11419920,25,59,-7,85
11420430,93,62,6,79
11420940,45,42,2,77
11421450,43,45,-6,83
11421960,41,48,-2,85
11422470,7,51,0,85
11422980,22,54,0,85
11423490,90,57,4,81
11424000,42,74,0,81
11424510,8,77,2,79
11425020,30,80,3,76
11425530,98,39,0,76
11426040,10,19,-7,83
11426550,32,22,4,79
11427060,33,4,2,77
11427570,48,37,2,75
11428080,46,19,4,71
11428590,48,39,-3,74
11429100,46,42,-2,76
11429610,44,45,-3,79
11430120,10,48,-3,82
11430630,25,51,-2,84
11431140,93,54,1,83
11431650,5,34,0,83
11432160,15,37,0,83
11432670,37,40,5,78
11433180,35,43,-2,80
11433690,1,46,-7,87
11434200,22,49,9,78
11434710,90,52,0,78
11435220,42,32,-3,81
11435730,43,35,6,75
11436240,62,38,1,74
11436750,76,60,-3,77
11437260,74,82,3,74
11437770,40,85,-6,80
11438280,6,88,-4,84
11438790,15,91,2,82
11439300,16,11,1,81
11439810,38,14,5,76
11440320,57,47,-3,79
11440830,55,43,3,76
11441340,21,90,-2,78
11441850,41,10,3,75
11442360,69,43,2,73
11442870,21,65,-12,85
11443380,36,68,1,84
11443890,2,71,5,79
11444400,58,74,-5,84
11444910,24,77,2,82
11445420,14,36,-5,87
11445930,36,39,10,77
11446440,34,42,-14,91
11446950,0,45,9,82
11447460,21,58,3,79
11447970,89,61,1,78
11448480,41,41,-2,80
11448990,7,44,2,78
11449500,8,47,-6,84
11450010,9,50,2,82
11450520,19,53,-2,84
11451030,20,56,4,80
11451540,21,59,-4,84
11452050,36,62,1,83
11452560,2,65,-3,86
11453070,23,68,6,80
11453580,91,27,1,79
11454090,3,49,0,79
11454600,24,52,-2,81
11455110,92,55,5,76
11455620,4,54,-7,83
11456130,5,57,2,81
11456640,26,60,-8,89
11457150,16,63,8,81
11457660,17,22,-3,84
11458170,85,25,6,78
11458680,99,47,-12,90
11459190,11,27,3,87
11459700,33,30,7,80
11460210,54,33,9,71
11460720,68,53,-3,74
11461230,66,75,-5,79
11461740,11,78,-2,81
11462250,12,81,1,80
11462760,13,1,2,78
11463270,34,74,-3,81
11463780,0,77,-2,83
11464290,21,80,-1,84
11464800,22,39,-1,85
11465310,90,42,1,84
11465820,2,22,9,75
11466330,12,25,-6,81
11466840,34,28,3,78
11467350,35,31,0,78
11467860,36,34,3,75
11468370,37,37,0,75
11468880,38,40,-3,78
11469390,36,43,0,78
11469900,34,46,-5,83
11470410,0,49,5,78
11470920,21,52,-2,80
11471430,22,55,7,73
11471940,12,58,-19,92
11472450,13,61,12,80
11472960,14,31,3,77
11473470,15,34,-7,84
11473980,37,37,7,77
11474490,24,40,-9,86
11475000,46,43,11,75
11475510,44,46,-4,79
11476020,42,46,-7,86
11476530,40,49,8,78
11477040,6,52,-10,88
11477550,7,55,7,81
11478060,8,58,-6,87
11478570,9,61,6,81
11479080,10,12,10,71
11479590,31,15,-4,75
11480100,32,35,0,75
11480610,76,38,-2,77
11481120,90,18,-3,80
11481630,16,21,-1,81
11482140,37,24,2,79
11482650,38,6,3,76
11483160,39,39,-6,82
11483670,40,6,7,75
11484180,14,39,0,75
11484690,15,42,-10,85
11485200,16,45,-3,88
11485710,17,48,3,85
11486220,18,51,-2,87
11486730,19,54,1,86
11487240,87,57,2,84
11487750,39,37,9,75
11488260,37,40,-12,87
11488770,58,43,14,73
11489280,56,25,0,73
11489790,70,45,0,73
11490300,26,67,-7,80
11490810,16,70,-7,87
11491320,37,29,12,75
11491830,38,11,-2,77
11492340,94,44,-3,80
11492850,6,24,-4,84
11493360,28,27,7,77
11493870,29,30,-2,79
11494380,30,33,-5,84
11494890,31,36,6,78
11495400,99,39,-4,82
11495910,11,61,-2,84
11496420,12,20,2,82
11496930,34,23,-1,83
11497440,35,5,6,77
11497950,36,38,-1,78
11498460,34,41,-2,80
11498970,56,44,10,70
11499480,54,91,-17,87
11499990,75,47,10,77
11500500,27,69,-5,82
11501010,57,28,5,77
11501520,71,48,3,74
11502030,27,44,-2,76
11502540,95,47,1,75
11503050,7,27,-8,83
11503560,17,30,2,81
11504070,38,33,3,78
11504580,57,36,6,72
11505090,71,56,-1,73
11505600,69,78,-5,78
11506110,35,81,-9,87
11506620,65,40,13,74
11507130,17,60,-9,83
11507640,18,63,-2,85
11508150,39,58,11,74
11508660,5,61,-11,85
11509170,26,64,2,83
11509680,16,67,0,83
11510190,17,26,-2,85
11510700,39,29,8,77
11511210,58,11,4,73
11511720,32,44,-10,83
11512230,100,47,7,76
11512740,47,27,0,76
11513250,61,9,4,72
11513760,35,42,-13,85
11514270,47,45,9,76
11514780,45,48,2,74
11515290,11,51,-16,90
11515800,12,54,11,79
11516310,13,49,-2,81
11516820,14,52,4,77
11517330,15,47,-2,79
11517840,16,50,-3,82
11518350,17,45,3,79
11518860,18,48,-14,93
11519370,19,51,6,87
11519880,20,54,1,86
11520390,21,57,9,77
11520900,51,60,-2,79
11521410,17,63,-6,85
11521920,38,22,14,71
11522430,39,42,-14,85
11522940,58,45,11,74
11523450,56,27,-5,79
11523960,30,47,-2,81
11524470,98,50,7,74
11524980,10,30,-12,86
11525490,11,33,7,79
11526000,21,36,-12,91
11526510,22,39,5,86
11527020,90,42,11,75
11527530,2,22,-8,83
11528040,12,25,4,79
11528550,33,28,4,75
11529060,52,31,4,71
11529570,66,51,-4,75
11530080,64,71,-2,77
11530590,30,74,-3,80
11531100,20,33,-1,81
11531610,88,36,2,79
11532120,0,58,-5,84
11532630,21,61,5,79
11533140,42,20,4,75
11533650,70,40,0,75
11534160,22,62,-4,79
11534670,52,21,5,74
11535180,66,41,-6,80
11535690,18,63,0,80
11536200,19,22,1,79
11536710,40,25,10,69
11537220,59,45,-2,71
11537730,57,27,0,71
11538240,71,49,-6,77
11538750,23,45,-4,81
11539260,13,48,0,81
11539770,14,51,-1,82
11540280,15,54,3,79
11540790,16,57,-4,83
11541300,17,60,-2,85
11541810,18,19,9,76
11542320,39,22,5,71
11542830,67,42,1,70
11543340,19,64,-11,81
11543850,20,67,3,78
11544360,21,26,-3,81
11544870,43,29,7,74
11545380,62,11,4,70
11545890,36,14,-6,76
11546400,48,47,4,72
11546910,46,50,-8,80
11547420,65,53,3,77
11547930,63,35,5,72
11548440,15,57,-12,84
11548950,16,52,4,80
11549460,17,47,-2,82
11549970,18,50,-1,83
11550480,28,53,1,82
11550990,96,56,4,78
11551500,48,36,1,77
11552010,67,18,1,76
11552520,41,40,4,72
11553030,60,43,-5,77
11553540,34,25,5,72
11554050,35,7,0,72
11554560,36,40,-6,78
11555070,34,43,1,77
11555580,55,46,4,73
11556090,53,28,-3,76
11556600,67,41,5,71
11557110,81,63,-7,78
11557620,15,85,-2,80
11558130,36,5,6,74
11558640,51,38,3,71
11559150,70,52,0,71
11559660,68,74,-7,78
11560170,34,77,-4,82
11560680,64,80,1,81
11561190,30,83,-4,85
11561700,20,42,0,85
11562210,41,22,10,75
11562720,60,4,-2,77
11563230,34,37,2,75
11563740,53,40,-1,76
11564250,51,22,4,72
11564760,65,42,-1,73
11565270,84,64,-2,75
11565780,82,86,-3,78
11566290,80,6,-3,81
11566800,68,9,4,77
11567310,42,12,8,69
11567820,16,45,-19,88
11568330,17,48,6,82
11568840,27,51,-1,83
11569350,95,54,0,83
11569860,7,34,7,76
11570370,8,37,-11,87
11570880,18,40,7,80
11571390,28,43,0,80
11571900,96,46,-2,82
11572410,8,26,2,80
11572920,9,29,0,80
11573430,19,32,-4,84
11573940,87,35,5,79
11574450,101,57,2,77
11574960,13,37,-6,83
11575470,23,40,1,82
11575980,91,43,4,78
11576490,3,23,-5,83
11577000,13,26,2,81
11577510,34,29,0,81
11578020,53,32,10,71
11578530,67,52,-6,77
11579040,65,74,-4,81
11579550,31,77,2,79
11580060,61,36,10,69
11580570,75,58,-9,78
11581080,73,80,0,78
11581590,50,83,-6,84
11582100,16,86,9,75
11582610,37,66,-9,84
11583120,3,69,4,80
11583630,24,72,4,76
11584140,54,31,4,72
11584650,68,51,-3,75
11585160,66,73,-5,80
11585670,32,76,2,78
11586180,62,79,-5,83
11586690,28,82,-1,84
11587200,58,41,9,75
11587710,77,23,-1,76
11588220,29,45,-8,84
11588730,60,48,7,77
11589240,58,70,2,75
11589750,24,73,-8,83
11590260,54,76,3,80
11590770,20,79,-5,85
11591280,21,38,6,79
11591790,89,41,-2,81
11592300,1,21,2,79
11592810,11,24,-6,85
11593320,33,27,11,74
11593830,52,30,3,71
11594340,66,43,-2,73
11594850,18,65,-10,83
11595360,19,24,7,76
11595870,87,27,-3,79
11596380,101,49,-1,80
11596890,13,29,-1,81
11597400,35,32,5,76
11597910,36,35,-4,80
11598420,55,38,12,68
11598930,53,58,-11,79
11599440,51,61,-5,84
11599950,17,64,1,83
11600460,38,23,5,78
11600970,57,5,3,75
11601480,76,38,-4,79
11601990,90,18,-2,81
11602500,2,21,3,78
11603010,12,24,-7,85
11603520,13,27,5,80
11604030,14,30,-2,82
11604540,15,33,-5,87
11605050,37,36,15,72
11605560,56,39,-1,73
11606070,54,6,-6,79
11606580,28,39,5,74
11607090,96,25,-3,77
11607600,8,28,-8,85
11608110,9,31,1,84
11608620,19,34,3,81
11609130,87,37,3,78
11609640,101,17,-5,83
11610150,27,20,12,71
11610660,28,2,-5,76
11611170,43,35,5,71
11611680,62,17,2,69
11612190,36,50,-8,77
11612700,2,53,-3,80
11613210,23,12,6,74
11613720,24,96,-5,79
11614230,44,55,-4,83
11614740,10,58,-4,87
11615250,11,17,4,83
11615760,33,20,15,68
11616270,52,89,-18,86
11616780,18,92,6,80
11617290,38,51,2,78
11617800,4,54,-6,84
11618310,25,13,6,78
11618820,26,97,3,75
11619330,46,56,-6,81
11619840,12,59,-1,82
11620350,13,18,-1,83
11620860,14,21,2,81
11621370,35,24,6,75
11621880,36,85,-1,76
11622390,66,44,4,72
11622900,29,66,-13,85
11623410,97,69,10,75
11623920,9,49,-10,85
11624430,30,44,5,80
11624940,98,47,2,78
11625450,10,27,-11,89
11625960,32,30,12,77
11626470,51,33,8,69
11626980,70,53,-11,80
11627490,68,36,5,75
11628000,42,16,3,72
11628510,56,49,1,71
11629020,75,52,-2,73
11629530,73,47,-1,74
11630040,87,27,-3,77
11630550,101,49,-4,81
11631060,13,29,-2,83
11631570,35,32,9,74
11632080,54,14,1,73
11632590,73,14,-4,77
11633100,93,17,7,70
11633610,19,20,-14,84
11634120,20,23,12,72
11634630,88,26,-6,78
11635140,0,48,-6,84
11635650,1,43,0,84
11636160,11,46,1,83
11636670,12,86,2,81
11637180,21,45,0,81
11637690,89,48,0,81
11638200,76,28,6,75
11638710,90,50,-7,82
11639220,2,30,-2,84
11639730,32,33,2,82
11640240,33,36,7,75
11640750,52,39,2,73
11641260,71,21,-3,76
11641770,91,43,-7,83
11642280,3,23,-1,84
11642790,13,26,-3,87
11643300,35,29,8,79
11643810,54,11,5,74
11644320,28,44,-6,80
11644830,96,47,-6,86
11645340,8,27,-1,87
11645850,9,71,7,80
11646360,10,30,1,79
11646870,20,33,1,78
11647380,88,36,-3,81
11647890,0,16,-4,85
11648400,22,19,7,78
11648910,41,1,7,71
11649420,60,34,-4,75
11649930,74,47,-3,78
11650440,88,69,5,73
11650950,22,49,-4,77
11651460,23,52,-4,81
11651970,24,55,-1,82
11652480,34,58,-3,85
11652990,0,61,5,80
11653500,21,20,5,75
11654010,40,23,0,75
11654520,59,5,-4,79
11655030,78,38,2,77
11655540,92,18,0,77
11656050,4,21,-10,87
11656560,26,24,11,76
11657070,16,27,-9,85
11657580,17,30,2,83
11658090,18,33,-2,85
11658600,19,36,2,83
11659110,20,39,3,80
11659620,88,42,1,79
11660130,0,22,-3,82
11660640,10,25,-3,85
11661150,11,28,-1,86
11661660,12,31,8,78
11662170,22,34,-7,85
11662680,23,37,7,78
11663190,91,40,-1,79
11663700,3,20,-3,82
11664210,13,23,1,81
11664720,34,26,10,71
11665230,35,95,-4,75
11665740,65,54,-3,78
11666250,63,50,2,76
11666760,61,17,-2,78
11667270,75,50,2,76
11667780,89,30,-2,78
11668290,1,10,-4,82
11668800,23,13,5,77
11669310,24,82,-4,81
11669820,54,41,7,74
11670330,73,8,3,71
11670840,47,11,-11,82
11671350,21,44,2,80
11671860,89,47,2,78
11672370,1,27,-2,80
11672880,11,30,-1,81
11673390,12,33,-4,85
11673900,13,36,3,82
11674410,14,39,-5,87
11674920,24,42,7,80
11675430,92,45,-4,84
11675940,4,25,-2,86
11676450,5,28,5,81
11676960,15,31,2,79
11677470,16,34,-2,81
11677980,17,37,2,79
11678490,18,40,-6,85
11679000,28,43,-1,86
11679510,96,46,5,81
11680020,8,26,-2,83
11680530,18,29,-1,84
11681040,86,32,-1,85
11681550,38,12,10,75
11682060,57,81,-4,79
11682570,23,84,-7,86
11683080,24,43,3,83
11683590,92,46,5,78
11684100,4,26,-2,80
11684610,5,29,-3,83
11685120,15,32,-2,85
11685630,83,35,7,78
11686140,35,15,2,76
11686650,36,35,-3,79
11687160,55,38,8,71
11687670,74,34,-9,80
11688180,48,14,9,71
11688690,40,19,-12,83
11689200,41,39,5,78
11689710,60,21,0,78
11690220,80,43,-1,79
11690730,94,23,5,74
11691240,6,45,-9,83
11691750,7,4,4,79
11692260,28,7,-1,80
11692770,29,40,-3,83
11693280,30,43,4,79
11693790,98,46,-4,83
11694300,10,26,0,83
11694810,55,29,7,76
11695320,69,42,2,74
11695830,83,22,-3,77
11696340,1,44,-7,84
11696850,22,47,3,81
11697360,90,50,0,81
11697870,42,30,1,80
11698380,61,99,-2,82
11698890,27,0,5,77
11699400,42,85,-6,83
11699910,72,44,3,80
11700420,24,24,3,77
11700930,25,27,0,77
11701440,26,30,-4,81
11701950,27,33,1,80
11702460,28,36,-2,82
11702970,29,39,-2,84
11703480,51,42,10,74
11703990,70,9,0,74
11704500,44,12,-2,76
11705010,63,32,-4,80
11705520,37,54,4,76
11706030,3,43,-11,87
11706540,4,83,6,81
11707050,13,42,0,81
11707560,14,45,-3,84
11708070,15,85,0,84
11708580,16,44,4,80
11709090,17,47,2,78
11709600,18,42,-9,87
11710110,19,45,8,79
11710620,87,48,-5,84
11711130,101,28,2,82
11711640,13,50,5,77
11712150,14,9,-7,84
11712660,35,12,9,75
11713170,36,45,-7,82
11713680,2,48,0,82
11714190,23,7,7,75
11714700,24,76,-7,82
11715210,54,35,6,76
11715720,73,2,0,76
11716230,61,35,4,72
11716740,35,15,-1,73
11717250,36,35,-10,83
11717760,37,38,8,75
11718270,56,41,3,72
11718780,75,8,-5,77
11719290,49,11,1,76
11719800,69,44,-4,80
11720310,83,24,3,77
11720820,57,46,4,73
11721330,55,13,-1,74
11721840,29,18,-3,77
11722350,30,87,-6,83
11722860,60,46,11,72
11723370,58,66,-6,78
11723880,24,55,-4,82
11724390,34,58,0,82
11724900,0,61,-1,83
11725410,21,20,2,81
11725920,22,23,3,78
11726430,23,59,-7,85
11726940,24,18,8,77
11727450,25,21,-4,81
11727960,54,3,-1,82
11728470,75,36,5,77
11728980,89,16,2,75
11729490,76,19,1,74
11730000,50,41,-6,80
11730510,69,23,0,80
11731020,43,45,-3,83
11731530,62,48,8,75
11732040,60,15,-7,82
11732550,34,48,4,78
11733060,0,51,-1,79
11733570,21,10,3,76
11734080,22,79,-9,85
11734590,23,38,2,83
11735100,91,41,7,76
11735610,9,21,-9,85
11736120,10,24,2,83
11736630,11,27,-1,84
11737140,12,30,2,82
11737650,80,33,-1,83
11738160,54,13,8,75
11738670,74,18,3,72
11739180,48,40,-7,79
11739690,67,7,0,79
11740200,41,40,4,75
11740710,39,22,-2,77
11741220,58,42,6,71
11741730,77,9,-8,79
11742240,51,12,1,78
11742750,25,45,-1,79
11743260,93,48,0,79
11743770,5,28,-1,80
11744280,15,31,-4,84
11744790,16,34,-1,85
11745300,17,37,5,80
11745810,85,40,-2,82
11746320,72,20,0,82
11746830,64,40,8,74
11747340,38,29,-3,77
11747850,57,98,1,76
11748360,23,101,-4,80
11748870,43,60,1,79
11749380,9,63,2,77
11749890,80,22,-13,90
11750400,54,44,15,75
11750910,52,11,4,71
11751420,26,44,-17,88
11751930,94,47,7,81
11752440,6,27,-2,83
11752950,16,30,-6,89
11753460,17,33,8,81
11753970,18,36,-4,85
11754480,86,39,5,80
11754990,100,19,-5,85
11755500,60,22,15,70
11756010,34,44,-9,79
11756520,0,47,-6,85
11757030,21,6,12,73
11757540,22,39,-6,79
11758050,90,42,-2,81
11758560,2,22,4,77
11759070,12,25,-15,92
11759580,13,28,5,87
11760090,14,31,4,83
11760600,82,34,5,78
11761110,56,14,1,77
11761620,30,47,-3,80
11762130,98,50,4,76
11762640,10,30,-8,84
11763150,11,33,-2,86
11763660,12,36,3,83
11764170,13,39,-3,86
11764680,14,42,3,83
11765190,15,45,1,82
11765700,16,85,4,78
11766210,36,44,1,77
11766720,2,47,-6,83
11767230,3,6,1,82
11767740,4,9,-1,83
11768250,25,12,8,75
11768760,26,96,0,75
11769270,46,55,-7,82
11769780,12,48,-9,91
11770290,13,51,9,82
11770800,14,10,0,82
11771310,15,13,6,76
11771820,36,16,0,76
11772330,37,36,-4,80
11772840,56,39,5,75
11773350,75,59,2,73
11773860,9,81,-9,82
11774370,10,40,-1,83
11774880,11,43,-1,84
11775390,12,46,4,80
11775900,13,5,-3,83
11776410,34,8,8,75
11776920,35,41,-4,79
11777430,1,44,-1,80
11777940,22,3,2,78
11778450,23,36,-7,85
11778960,91,39,1,84
11779470,9,19,4,80
11779980,77,22,2,78
11780490,64,44,5,73
11781000,38,11,-2,75
11781510,39,31,-5,80
11782020,40,13,7,73
11782530,14,33,-14,87
11783040,82,36,0,87
11783550,56,16,8,79
11784060,30,49,-4,83
11784570,98,52,4,79
11785080,10,32,-3,82
11785590,11,35,-3,85
11786100,12,38,7,78
11786610,22,41,-3,81
11787120,90,44,0,81
11787630,2,24,-1,82
11788140,12,27,-2,84
11788650,34,30,7,77
11789160,35,99,2,75
11789670,95,58,-5,80
11790180,7,38,-2,82
11790690,8,41,0,82
11791200,18,65,3,79
11791710,19,24,1,78
11792220,20,27,1,77
11792730,88,30,-8,85
11793240,62,10,8,77
11793750,82,43,-1,78
11794260,34,23,4,74
11794770,35,43,-5,79
11795280,1,46,-5,84
11795790,22,5,5,79
11796300,22,38,-12,91
11796810,23,41,4,87
11797320,24,31,5,82
11797830,25,34,5,77
11798340,93,37,-3,80
11798850,5,17,-6,86
11799360,27,20,9,77
11799870,28,89,-3,80
11800380,58,48,6,74
11800890,56,44,-4,78
11801400,75,11,1,77
11801910,49,44,-6,83
11802420,68,11,11,72
11802930,42,44,-8,80
11803440,61,47,7,73
11803950,35,14,2,71
11804460,62,34,-5,76
11804970,36,14,-2,78
11805480,37,34,2,76
11805990,56,23,3,73
11806500,70,45,-1,74
11807010,84,25,-8,82
11807520,2,47,1,81
11808030,23,6,12,69
11808540,24,39,-13,82
11809050,92,42,2,80
11809560,44,22,5,75
11810070,64,42,-1,76
11810580,23,4,1,75
11811090,24,73,-12,87
11811600,54,32,15,72
11812110,73,52,-9,81
11812620,47,48,1,80
11813130,66,37,4,76
11813640,40,17,-1,77
11814150,54,37,3,74
11814660,73,4,-5,79
11815170,47,37,4,75
11815680,66,26,0,75
11816190,40,48,-4,79
11816700,6,51,-2,81
11817210,16,10,4,77
11817720,37,13,3,74
11818230,38,46,-2,76
11818740,39,35,-7,83
11819250,58,17,8,75
11819760,32,50,-13,88
11820270,100,30,9,79
11820780,12,52,-7,86
11821290,13,11,3,83
11821800,34,14,5,78
11822310,35,83,-9,87
11822820,65,42,8,79
11823330,39,22,2,77
11823840,51,42,0,77
11824350,70,9,3,74
11824860,44,12,-1,75
11825370,18,32,-12,87
11825880,40,35,5,82
11826390,41,17,6,76
11826900,55,50,2,74
11827410,74,39,-5,79
11827920,26,19,-2,81
11828430,27,22,5,76
11828940,28,25,1,75
11829450,29,28,-7,82
11829960,30,31,4,78
11830470,31,34,0,78
11830980,32,37,-6,84
11831490,100,26,4,80
11832000,12,48,-5,85
11832510,13,7,4,81
11833020,34,10,9,72
11833530,35,43,-5,77
11834040,1,46,-4,81
11834550,22,5,3,78
11835060,23,74,-2,80
11835570,53,33,-4,84
11836080,27,53,9,75
11836590,95,56,-4,79
11837100,7,36,-5,84
11837610,8,76,5,79
11838120,28,35,-1,80
11838630,96,38,0,80
11839140,8,18,-1,81
11839650,30,21,3,78
11840160,31,90,-5,83
11840670,61,49,11,72
11841180,24,45,-7,79
11841690,92,34,-3,82
11842200,73,14,-5,87
11842710,47,47,11,76
11843220,66,36,3,73
11843730,80,16,-2,75
11844240,54,19,0,75
11844750,28,39,-3,78
11845260,96,42,0,78
11845770,8,22,-5,83
11846280,30,25,0,83
11846790,31,7,4,79
11847300,32,40,-2,81
11847810,100,29,3,78
11848320,12,51,-4,82
11848830,13,10,3,79
11849340,34,13,5,74
11849850,54,33,6,68
11850360,68,22,-8,76
11850870,42,46,2,74
11851380,8,35,-7,81
11851890,9,38,-2,83
11852400,19,78,-1,84
11852910,49,37,12,72
11853420,68,4,2,70
11853930,42,37,-9,79
11854440,61,20,4,75
11854950,35,40,-3,78
11855460,57,29,6,72
11855970,71,42,0,72
11856480,45,22,-1,73
11856990,59,42,-1,74
11857500,78,31,-3,77
11858010,52,11,1,76
11858520,80,16,0,76
11859030,54,32,-4,80
11859540,28,52,-7,87
11860050,96,55,7,80
11860560,8,35,-2,82
11861070,18,75,-1,83
11861580,39,34,8,75
11862090,58,23,0,75
11862600,32,36,-8,83
11863110,54,25,7,76
11863620,28,38,-6,82
11864130,96,41,1,81
11864640,8,21,-2,83
11865150,30,24,5,78
11865660,49,17,6,72
11866170,23,37,-15,87
11866680,91,40,6,81
11867190,3,20,0,81
11867700,25,23,12,69
11868210,47,16,-8,77
11868720,21,36,-9,86
11869230,89,39,5,81
11869740,1,19,4,77
11870250,23,22,-3,80
11870760,44,25,6,74
11871270,18,94,-6,80
11871780,38,53,-4,84
11872290,4,56,5,79
11872800,25,15,3,76
11873310,26,84,-6,82
11873820,56,43,6,76
11874330,75,10,4,72
11874840,49,43,-9,81
11875350,68,10,6,75
11875860,42,26,-7,82
11876370,76,8,7,75
11876880,50,41,1,74
11877390,69,8,-6,80
11877900,43,41,2,78
11878410,27,78,-4,82
11878920,57,37,10,72
11879430,76,26,-5,77
11879940,50,94,3,74
11880450,16,97,-6,80
11880960,36,56,-2,82
11881470,2,45,6,76
11881980,23,4,-2,78
11882490,35,37,4,74
11883000,54,26,2,72
11883510,28,39,-6,78
11884020,61,42,7,71
11884530,80,31,-9,80
11885040,54,11,-5,85
11885550,28,44,5,80
11886060,96,33,1,79
11886570,8,13,-7,86
11887080,30,16,8,78
11887590,31,85,-3,81
11888100,99,44,1,80
11888610,11,24,-9,89
11889120,33,27,9,80
11889630,52,16,10,70
11890140,26,36,-10,80
11890650,94,25,-1,81
11891160,68,47,4,77
11891670,36,36,-4,81
11892180,48,25,7,74
11892690,62,45,0,74
11893200,36,12,-5,79
11893710,37,45,-4,83
11894220,3,38,3,80
11894730,24,78,-2,82
11895240,54,37,9,73
11895750,28,4,0,73
11896260,29,37,-8,81
11896770,97,40,-2,83
11897280,9,20,-1,84
11897790,31,23,7,77
11898300,32,92,-8,85
11898810,62,51,10,75
11899320,81,18,2,73
11899830,55,40,1,72
11900340,10,7,-9,81
11900850,31,10,6,75
11901360,32,43,-7,82
11901870,100,46,0,82
11902380,12,26,-2,84
11902890,34,29,7,77
11903400,53,22,4,73
11903910,27,35,-10,83
11904420,28,38,1,82
11904930,96,41,2,80
11905440,8,21,-1,81
11905950,30,24,5,76
11906460,31,93,-5,81
11906970,61,52,4,77
11907480,38,19,0,77
11907990,39,88,-4,81
11908500,5,47,0,81
11909010,26,6,5,76
11909520,38,39,-4,80
11910030,57,28,8,72
11910540,71,17,-7,79
11911050,45,50,5,74
11911560,11,39,-11,85
11912070,80,42,3,82
11912580,32,22,2,80
11913090,44,4,7,73
11913600,59,37,5,68
11914110,33,26,-6,74
11914620,52,19,-4,78
11915130,66,39,-1,79
11915640,40,1,-1,80
11916150,61,34,3,77
11916660,75,23,-1,78
11917170,49,56,-7,85
11917680,15,39,-3,88
11918190,37,42,9,79
11918700,56,31,9,70
11919210,30,20,-8,78
11919720,31,89,0,78
11920230,61,48,-1,79
11920740,24,37,-1,80
11921250,92,40,2,78
11921760,4,20,3,75
11922270,26,23,-5,80
11922780,16,26,-4,84
11923290,37,29,4,80
11923800,56,11,5,75
11924310,30,44,0,75
11924820,98,47,-6,81
11925330,10,27,-11,92
11925840,32,30,15,77
11926350,22,19,-4,81
11926860,43,22,3,78
11927370,70,42,4,74
11927880,22,31,-7,81
11928390,90,34,2,79
11928900,2,49,-3,82
11929410,23,8,2,80
11929920,79,77,-4,84
11930430,13,12,1,83
11930940,34,15,5,78
11931450,68,35,2,76
11931960,42,24,0,76
11932470,61,44,2,74
11932980,24,100,-2,76
11933490,33,59,-5,81
11934000,101,62,-1,82
11934510,13,42,-1,83
11935020,28,82,-2,85
11935530,58,41,13,72
11936040,32,8,-6,78
11936550,66,41,0,78
11937060,80,32,0,78
11937570,54,45,2,76
11938080,73,12,-2,78
11938590,47,45,-1,79
11939100,66,12,1,78
11939610,40,45,1,77
11940120,6,34,-3,80
11940630,28,74,-1,81
11941140,58,33,11,70
11941650,14,22,-15,85
11942160,36,25,9,76
11942670,37,94,-2,78
11943180,3,53,2,76
11943690,24,12,-3,79
11944200,58,81,1,78
11944710,24,70,-3,81
11945220,54,29,5,76
11945730,28,42,-4,80
11946240,96,31,2,78
11946750,52,53,2,76
11947260,18,42,2,74
11947770,86,45,-4,78
11948280,38,25,5,73
11948790,57,94,-9,82
11949300,23,97,7,75
11949810,43,56,-2,77
11950320,9,45,-4,81
11950830,31,4,10,71
11951340,46,37,-3,74
11951850,65,26,-3,77
11952360,39,39,-4,81
11952870,58,32,13,68
11953380,72,21,-3,71
11953890,46,41,-7,78
11954400,65,30,4,74
11954910,39,43,-3,77
11955420,58,32,5,72
11955930,72,45,-7,79
11956440,46,7,6,73
11956950,20,40,-10,83
11957460,42,41,2,81
11957970,54,8,5,76
11958480,28,41,-6,82
11958990,96,44,3,79
11959500,8,24,4,75
11960010,30,12,-1,76
11960520,31,45,-8,84
11961030,99,48,1,83
11961540,11,28,-6,89
11962050,33,31,10,79
11962560,52,24,7,72
11963070,66,37,-3,75
11963580,40,26,1,74
11964090,59,95,-5,79
11964600,25,53,0,79
11965110,93,56,2,77
11965620,45,36,2,75
11966130,64,29,-2,77
11966640,38,42,-2,79
11967150,60,31,10,69
11967660,34,20,-9,78
11968170,68,89,4,74
11968680,34,78,-12,86
11969190,0,81,3,83
11969700,56,40,7,76
11970210,30,7,1,75
11970720,45,51,-4,79
11971230,11,44,-9,88
11971740,26,84,7,81
11972250,33,43,-3,84
11972760,101,46,4,80
11973270,13,26,-5,85
11973780,35,29,2,83
11974290,47,98,0,83
11974800,13,57,-3,86
11975310,28,16,7,79
11975820,62,85,-3,82
11976330,28,74,0,82
11976840,58,33,9,73
11977350,32,22,-3,76
11977860,33,91,-1,77
11978370,6,50,-8,85
11978880,28,9,5,80
11979390,29,42,2,78
11979900,97,45,-2,80
11980410,9,25,-5,85
11980920,31,28,8,77
11981430,50,31,0,77
11981940,69,100,2,75
11982450,35,1,-1,76
11982960,50,34,-2,78
11983470,69,16,-1,79
11983980,43,49,-3,82
11984490,9,38,0,82
11985000,31,78,4,78
11985510,61,37,7,71
11986020,35,26,-8,79
11986530,36,8,5,74
11987040,51,41,3,71
11987550,100,8,-12,83
11988060,19,41,3,80
11988570,87,44,1,79
11989080,101,24,-1,80
11989590,57,57,1,79
11990100,23,24,0,79
11990610,45,27,3,76
11991120,64,96,-3,79
11991630,41,99,7,72
11992140,7,58,-10,82
11992650,16,17,-2,84
11993160,37,20,10,74
11993670,56,40,3,71
11994180,30,7,-8,79
11994690,42,71,-5,84
11995200,8,74,3,81
11995710,29,33,-1,82
11996220,51,36,9,73
11996730,70,56,-9,82
11997240,44,52,2,80
11997750,10,41,-1,81
11998260,25,81,0,81
11998770,55,40,11,70
11999280,18,29,-16,86
11999790,86,32,9,77
12000300,60,12,-6,83
12000810,34,45,3,80
12001320,0,48,2,78
12001830,22,7,2,76
12002340,34,91,-9,85
12002850,64,50,13,72
12003360,95,12,-8,80
12003870,51,45,6,74
12004380,70,34,0,74
12004890,44,23,2,72
12005400,58,36,2,70
12005910,32,56,-13,83
12006420,100,59,3,80
12006930,12,39,1,79
12007440,34,42,-5,84
12007950,56,45,10,74
12008460,75,34,-4,78
12008970,49,47,1,77
12009480,68,36,-1,78
12009990,42,25,6,72
12010500,61,45,1,71
12011010,24,34,-9,80
12011520,92,37,1,79
12012030,44,17,-1,80
12012540,63,50,6,74
12013050,94,43,0,74
12013560,6,23,-6,80
12014070,28,26,3,77
12014580,47,29,8,69
12015090,66,11,-13,82
12015600,32,44,-2,84
12016110,100,47,6,78
12016620,12,27,-9,87
12017130,34,30,10,77
12017640,53,33,6,71
12018150,27,53,-4,75
12018660,95,56,1,74
12019170,47,36,0,74
12019680,66,18,1,73
12020190,40,42,4,69
12020700,59,31,-2,71
12021210,73,44,-3,74
12021720,87,6,-4,78
12022230,77,39,-2,80
12022740,29,19,3,77
12023250,63,1,-4,81
12023760,84,34,7,74
12024270,58,71,-4,78
12024780,24,64,-4,82
12025290,92,67,5,77
12025800,26,2,1,76
12026310,41,35,-4,80
12026820,60,17,6,74
12027330,34,50,-15,89
12027840,0,53,9,80
12028350,7,12,-6,86
12028860,29,15,10,76
12029370,41,99,-1,77
12029880,71,58,-1,78
12030390,0,95,1,77
12030900,22,98,2,75
12031410,44,57,-4,79
12031920,10,46,-5,84
12032430,32,49,5,79
12032940,100,52,2,77
12033450,12,89,-3,80
12033960,34,48,-6,86
12034470,56,51,13,73
12034980,75,40,-3,76
12035490,49,20,2,74
12036000,63,53,0,74
12036510,61,90,-10,84
12037020,27,93,4,80
12037530,34,52,-1,81
12038040,0,55,-1,82
12038550,9,14,-1,83
12039060,24,17,8,75
12039570,36,101,-4,79
12040080,66,60,3,76
12040590,97,97,-3,79
12041100,31,32,0,79
12041610,43,35,2,77
12042120,62,17,5,72
12042630,36,50,-4,76
12043140,2,39,-6,82
12043650,24,42,-3,85
12044160,46,45,6,79
12044670,65,27,-1,80
12045180,39,64,-6,86
12045690,5,67,1,85
12046200,34,26,9,76
12046710,53,50,3,73
12047220,27,39,-5,78
12047730,95,42,-6,84
12048240,7,79,1,83
12048750,36,38,5,78
12049260,55,31,4,74
12049770,69,44,0,74
12050280,85,6,-3,77
12050790,59,39,5,72
12051300,78,1,1,71
12051810,12,34,-9,80
12052320,34,37,-5,85
12052830,46,40,11,74
12053340,65,22,-6,80
12053850,39,55,-4,84
12054360,5,58,-3,87
12054870,14,17,7,80
12055380,36,20,-1,81
12055890,70,2,1,80
12056400,44,35,4,76
12056910,63,17,0,76
12057420,37,50,-11,87
12057930,3,53,-1,88
12058440,33,12,10,78
12058950,34,45,-6,84
12059460,0,48,3,81
12059970,29,51,-1,82
12060480,97,54,-1,83
12060990,9,91,6,77
12061500,31,50,-8,85
12062010,99,53,2,83
12062520,51,90,5,78
12063030,17,93,1,77
12063540,39,52,-7,84
12064050,5,55,4,80
12064560,27,14,2,78
12065070,28,98,8,70
12065580,17,57,-17,87
12066090,32,16,7,80
12066600,44,100,2,78
12067110,74,59,-7,85
12067620,3,96,11,74
12068130,44,55,-4,78
12068640,10,48,-6,84
12069150,32,7,10,74
12069660,47,40,-8,82
12070170,66,22,9,73
12070680,40,35,-7,80
12071190,59,17,4,76
12071700,33,50,-4,80
12072210,101,53,0,80
12072720,13,90,-3,83
12073230,35,49,6,77
12073740,1,52,-3,80
12074250,30,11,5,75
12074760,31,44,-2,77
12075270,99,47,-3,80
12075780,11,84,-4,84
12076290,33,43,2,82
12076800,55,36,7,75
12077310,74,49,-6,81
12077820,48,86,-1,82
12078330,78,89,0,82
12078840,55,24,12,70
12079350,29,37,-9,79
12079860,51,40,6,73
12080370,70,7,0,73
12080880,44,40,-3,76
12081390,63,55,-2,78
12081900,37,92,3,75
12082410,10,51,-15,90
12082920,32,10,13,77
12083430,33,43,-4,81
12083940,55,46,10,71
12084450,74,39,-2,73
12084960,48,19,0,73
12085470,22,52,-10,83
12085980,32,55,1,82
12086490,100,58,1,81
12087000,19,95,1,80
12087510,41,54,0,80
12088020,7,19,-4,84
12088530,29,22,6,78
12089040,51,91,-7,85
12089550,81,94,7,78
12090060,58,29,5,73
12090570,32,42,-8,81
12091080,100,45,-2,83
12091590,12,82,-1,84
12092100,34,41,1,83
12092610,56,44,6,77
12093120,75,37,-7,84
12093630,65,74,4,80
12094140,31,77,-3,83
12094650,41,36,3,80
12095160,60,39,3,77
12095670,79,1,2,75
12096180,100,34,-7,82
12096690,12,71,-3,85
12097200,34,30,10,75
12097710,53,33,3,72
12098220,72,46,-6,78
12098730,46,83,-12,90
12099240,17,86,8,82
12099750,39,45,4,78
12100260,58,48,3,75
12100770,21,41,-5,80
12101280,89,44,-4,84
12101790,41,81,2,82
12102300,14,84,-2,84
12102810,36,43,1,83
12103320,57,46,13,70
12103830,76,39,-10,80
12104340,50,76,-1,81
12104850,16,79,0,81
12105360,38,38,2,79
12105870,57,41,8,71
12106380,20,34,-8,79
12106890,88,37,-9,88
12107400,62,38,12,76
12107910,81,0,0,76
12108420,0,33,-2,78
12108930,22,36,-2,80
12109440,90,39,1,79
12109950,2,76,-3,82
12110460,24,35,-3,85
12110970,92,38,6,79
12111480,4,75,0,79
12111990,33,34,-3,82
12112500,52,37,8,74
12113010,71,30,-6,80
12113520,45,67,-7,87
12114030,11,70,6,81
12114540,20,29,-2,83
12115050,42,32,9,74
12115560,61,14,-2,76
12116070,35,47,-5,81
12116580,1,50,-5,86
12117090,11,9,9,77
12117600,32,12,0,77
12118110,44,45,6,71
12118620,63,38,2,69
12119130,77,27,-11,80
12119640,51,64,3,77
12120150,17,57,-5,82
12120660,32,16,9,73
12121170,44,49,-3,76
12121680,54,64,-3,79
12122190,20,67,-3,82
12122700,50,26,3,79
12123210,64,59,4,75
12123720,83,96,-5,80
12124230,60,31,6,74
12124740,74,38,2,72
12125250,88,75,-13,85
12125760,22,10,6,79
12126270,34,13,5,74
12126780,53,46,-2,76
12127290,72,39,1,75
12127800,24,19,-1,76
12128310,43,22,5,71
12128820,57,55,-7,78
12129330,76,48,4,74
12129840,90,85,-12,86
12130350,24,20,7,79
12130860,43,23,2,77
12131370,62,56,-1,78
12131880,81,93,-6,84
12132390,58,28,11,73
12132900,72,41,-4,77
12133410,86,21,-3,80
12133920,73,58,5,75
12134430,36,95,-6,81
12134940,66,54,5,76
12135450,0,91,-6,82
12135960,56,94,4,78
12136470,77,97,-4,82
12136980,54,100,2,80
12137490,84,1,2,78
12138000,3,34,-2,80
12138510,13,37,-2,82
12139020,23,40,1,81
12139530,91,43,2,79
12140040,43,80,-9,88
12140550,73,83,5,83
12141060,50,86,5,78
12141570,21,89,4,74
12142080,31,48,-4,78
12142590,99,51,-5,83
12143100,11,88,2,81
12143610,40,47,1,80
12144120,59,50,9,71
12144630,22,39,-11,82
12145140,90,42,-2,84
12145650,2,79,1,83
12146160,23,38,1,82
12146670,91,41,6,76
12147180,3,78,-3,79
12147690,10,37,-1,80
12148200,20,77,-3,83
12148710,30,36,2,81
12149220,51,39,8,73
12149730,70,32,-1,74
12150240,44,69,-9,83
12150750,81,72,2,81
12151260,15,7,-3,84
12151770,36,10,7,77
12152280,55,43,4,73
12152790,74,10,-5,78
12153300,48,43,3,75
12153810,67,36,-2,77
12154320,41,25,6,71
12154830,60,7,-7,78
12155340,34,40,-1,79
12155850,5,43,-5,84
12156360,15,46,1,83
12156870,30,86,-1,84
12157380,40,45,6,78
12157890,59,48,4,74
12158400,57,15,-2,76
12158910,42,48,-4,80
12159420,61,51,6,74
12159930,24,40,-5,79
12160440,92,43,-4,83
12160950,4,80,5,78
12161460,33,39,2,76
12161970,43,42,1,75
12162480,62,31,1,74
12162990,36,44,-11,85
12163500,58,47,9,76
12164010,21,40,-7,83
12164520,89,21,6,77
12165030,45,58,0,77
12165540,11,61,-2,79
12166050,21,20,-3,82
12166560,43,23,10,72
12167070,62,43,-1,73
12167580,18,36,-16,89
12168090,40,39,10,79
12168600,59,22,5,74
12169110,33,59,-5,79
12169620,63,62,0,79
12170130,29,99,1,78
12170640,39,58,-7,85
12171150,5,30,5,80
12171660,15,33,-5,85
12172170,30,36,7,78
12172680,52,39,1,77
12173190,71,21,-2,79
12173700,45,54,-6,85
12174210,11,57,0,85
12174720,33,16,5,80
12175230,45,49,6,74
12175740,64,38,2,72
12176250,78,27,-6,78
12176760,28,64,-6,84
12177270,38,67,-4,88
12177780,4,70,5,83
12178290,25,29,5,78
12178800,47,32,3,75
12179310,66,101,-9,84
12179820,43,2,8,76
12180330,17,35,-9,85
12180840,39,38,2,83
12181350,58,20,12,71
12181860,32,53,-14,85
12182370,100,56,2,83
12182880,12,93,2,81
12183390,19,96,5,76
12183900,41,99,-2,78
12184410,51,58,0,78
12184920,17,61,-5,83
12185430,39,20,10,73
12185940,58,53,2,71
12186450,56,42,-4,75
12186960,75,31,-1,76
12187470,31,68,-11,87
12187980,61,71,6,81
12188490,27,74,-2,83
12189000,17,33,-4,87
12189510,38,36,11,76
12190020,57,39,-1,77
12190530,76,28,-2,79
12191040,50,65,-5,84
12191550,16,68,1,83
12192060,38,27,4,79
12192570,57,9,6,73
12193080,31,42,-10,83
12193590,99,45,1,82
12194100,11,82,2,80
12194610,33,85,-2,82
12195120,63,44,9,73
12195630,26,81,-5,78
12196140,48,40,-4,82
12196650,67,22,3,79
12197160,41,55,1,78
12197670,90,22,0,78
12198180,77,59,-2,80
12198690,11,96,-2,82
12199200,33,99,2,80
12199710,55,58,0,80
12200220,32,61,-1,81
12200730,100,64,7,74
12201240,52,101,-6,80
12201750,23,2,4,76
12202260,38,35,1,75
12202770,57,24,1,74
12203280,31,57,-8,82
12203790,99,60,0,82
12204300,11,40,0,82
12204810,33,80,0,82
12205320,63,39,7,75
12205830,77,28,-4,79
12206340,29,65,-1,80
12206850,39,68,-1,81
12207360,69,71,3,78
12207870,46,6,1,77
12208380,20,39,-7,84
12208890,42,42,7,77
12209400,61,45,3,74
12209910,92,34,-2,76
12210420,4,71,-6,82
12210930,25,98,7,75
12211440,47,57,-7,82
12211950,13,8,-3,85
12212460,34,11,7,78
12212970,46,44,3,75
12213480,65,33,6,69
12213990,39,13,-11,80
12214500,95,46,4,76
12215010,7,26,-8,84
12215520,29,29,5,79
12216030,51,32,4,75
12216540,70,65,-3,78
12217050,47,0,-3,81
12217560,68,33,8,73
12218070,82,70,-8,81
12218580,11,5,2,79
12219090,32,8,5,74
12219600,33,41,-5,79
12220110,55,44,2,77
12220620,18,26,-8,85
12221130,40,29,12,73
12221640,59,11,-11,84
12222150,33,44,5,79
12222660,55,47,4,75
12223170,18,36,-7,82
12223680,40,39,-1,83
12224190,59,21,12,71
12224700,33,54,-12,83
12225210,101,57,4,79
12225720,13,37,-2,81
12226230,64,40,7,74
12226740,27,29,-3,77
12227250,49,32,0,77
12227760,68,25,-3,80
12228270,42,38,3,77
12228780,61,21,-5,82
12229290,35,54,-1,83
12229800,1,57,-1,84
12230310,22,60,5,79
12230820,52,19,5,74
12231330,66,52,2,72
12231840,40,89,-10,82
12232350,70,48,4,78
12232860,33,25,-2,80
12233370,54,7,4,76
12233880,75,40,-4,80
12234390,89,20,5,75
12234900,76,57,0,75
12235410,5,30,-7,82
12235920,27,33,1,81
12236430,49,36,3,78
12236940,68,3,4,74
12237450,89,36,-8,82
12237960,41,73,5,77
12238470,7,76,-4,81
12238980,28,1,5,76
12239490,43,34,-3,79
12240000,62,16,0,79
12240510,36,49,-7,86
12241020,2,52,1,85
12241530,23,11,10,75
12242040,79,95,-8,83
12242550,56,30,5,78
12243060,70,43,6,72
12243570,84,23,-9,81
12244080,71,60,5,76
12244590,34,97,-2,78
12245100,64,56,-2,80
12245610,95,38,6,74
12246120,7,17,-10,84
12246630,29,20,5,79
12247140,41,2,1,78
12247650,62,35,7,71
12248160,76,24,-8,79
12248670,28,61,-2,81
12249180,1,64,-4,85
12249690,22,91,1,84
12250200,51,50,8,76
12250710,70,39,-8,84
12251220,44,1,4,80
12251730,65,34,4,76
12252240,79,14,-3,79
12252750,31,51,-3,82
12253260,99,54,-2,84
12253770,11,34,-1,85
12254280,33,37,3,82
12254790,55,40,10,72
12255300,74,7,-2,74
12255810,48,40,-8,82
12256320,67,22,11,71
12256830,41,46,-9,80
12257340,60,29,7,73
12257850,74,42,-1,74
12258360,88,22,-5,79
12258870,75,59,0,79
12259380,4,96,-2,81
12259890,60,21,9,72
12260400,34,54,-17,89
12260910,0,57,4,85
12261420,21,71,2,83
12261930,51,30,7,76
12262440,65,43,5,71
12262950,39,32,-5,76
12263460,51,21,-1,77
12263970,65,54,2,75
12264480,63,91,-4,79
12264990,29,94,5,74
12265500,51,53,-9,83
12266010,28,35,2,81
12266520,50,38,4,77
12267030,69,5,-9,86
12267540,90,38,11,75
12268050,2,75,-9,84
12268560,58,0,8,76
12269070,79,33,-5,81
12269580,93,70,2,79
12270090,22,5,5,74
12270600,34,38,-3,77
12271110,53,27,4,73
12271620,67,16,-5,78
12272130,41,49,-4,82
12272640,60,31,9,73
12273150,74,44,-8,81
12273660,26,81,2,79
12274170,56,40,3,76
12274680,75,29,-4,80
12275190,49,66,2,78
12275700,15,69,-3,81
12276210,37,89,6,75
12276720,67,48,0,75
12277230,83,37,3,72
12277740,97,74,-8,80
12278250,26,85,-2,82
12278760,56,44,5,77
12279270,75,26,-2,79
12279780,27,63,-2,81
12280290,49,22,9,72
12280800,63,35,-4,76
12281310,77,24,-1,77
12281820,51,61,4,73
12282330,17,50,-12,85
12282840,39,53,7,78
12283350,10,42,-3,81
12283860,32,82,-2,83
12284370,62,41,9,74
12284880,36,30,-4,78
12285390,55,12,-2,80
12285900,29,45,0,80
12286410,97,48,-2,82
12286920,9,85,-1,83
12287430,38,10,9,74
12287940,94,43,-8,82
12288450,6,80,3,79
12288960,62,5,2,77
12289470,83,38,-1,78
12289980,97,24,3,75
12290490,84,61,-5,80
12291000,54,98,4,76
12291510,25,101,1,75
12292020,45,21,4,71
12292530,59,34,-1,72
12293040,73,47,-3,75
12293550,43,84,-6,81
12294060,14,87,-1,82
12294570,43,12,9,73
12295080,63,45,-3,76
12295590,94,27,-4,80
12296100,6,64,-4,84
12296610,27,91,6,78
12297120,57,50,1,77
12297630,34,32,0,77
12298140,53,14,-2,79
12298650,73,47,-1,80
12299160,25,84,-2,82
12299670,47,43,-1,83
12300180,66,25,5,78
12300690,40,62,-2,80
12301200,6,51,4,76
12301710,27,10,4,72
12302220,28,43,-11,83
12302730,50,46,2,81
12303240,69,28,10,71
12303750,21,65,-12,83
12304260,51,24,11,72
12304770,65,37,-5,77
12305280,79,26,0,77
12305790,31,63,-4,81
12306300,61,66,3,78
12306810,38,1,2,76
12307320,12,34,-17,93
12307830,34,37,17,76
12308340,46,26,0,76
12308850,66,59,-4,80
12309360,64,96,3,77
12309870,41,99,-5,82
12310380,71,19,8,74
12310890,45,56,-7,81
12311400,11,38,-3,84
12311910,12,78,1,83
12312420,41,3,-1,84
12312930,62,36,8,76
12313440,78,49,-7,83
12313950,30,86,5,78
12314460,52,45,5,73
12314970,71,27,-7,80
12315480,91,64,2,78
12315990,20,101,1,77
12316500,42,36,7,70
12317010,61,18,-1,71
12317520,35,51,-12,83
12318030,1,54,1,82
12318540,30,81,-2,84
12319050,60,40,12,72
12319560,76,29,-6,78
12320070,28,66,0,78
12320580,58,25,9,69
12321090,72,58,-7,76
12321600,70,95,3,73
12322110,36,98,-6,79
12322620,66,18,5,74
12323130,86,51,-12,86
12323640,38,88,3,83
12324150,68,47,8,75
12324660,99,84,-1,76
12325170,33,19,1,75
12325680,53,1,-3,78
12326190,74,34,-5,83
12326700,88,71,4,79
12327210,17,6,-5,84
12327720,38,90,-1,85
12328230,68,49,8,77
12328740,31,86,-9,86
12329250,61,45,15,71
12329760,24,7,-11,82
12330270,45,53,0,82
12330780,64,35,2,80
12331290,16,48,-3,83
12331800,38,88,4,79
12332310,68,47,3,76
12332820,31,84,-9,85
12333330,53,43,13,72
12333840,72,25,-2,74
12334350,28,62,-5,79
12334860,58,65,-3,82
12335370,56,47,0,82
12335880,75,29,3,79
12336390,27,66,-1,80
12336900,49,25,6,74
12337410,63,38,-1,75
12337920,77,27,-8,83
12338430,29,64,5,78
12338940,51,67,-1,79
12339450,17,49,-6,85
12339960,39,89,4,81
12340470,69,48,4,77
12340980,100,85,2,75
12341490,34,20,-3,78
12342000,53,2,5,73
12342510,74,35,-5,78
12343020,26,72,-5,83
12343530,48,31,8,75
12344040,67,13,-1,76
12344550,87,46,4,72
12345060,101,83,-5,77
12345570,35,18,1,76
12346080,91,0,-8,84
12346590,10,33,1,83
12347100,20,36,8,75
12347610,88,39,-5,80
12348120,0,76,2,78
12348630,41,1,-5,83
12349140,56,34,10,73
12349650,30,47,-4,77
12350160,98,50,-4,81
12350670,10,87,1,80
12351180,39,12,5,75
12351690,59,45,-5,80
12352200,78,27,-2,82
12352710,30,64,3,79
12353220,60,23,2,77
12353730,34,36,-4,81
12354240,53,18,11,70
12354750,73,38,-4,74
12355260,25,75,-7,81
12355770,55,34,10,71
12356280,74,23,-11,82
12356790,26,60,2,80
12357300,48,63,2,78
12357810,14,45,-7,85
12358320,24,85,-1,86
12358830,54,44,13,73
12359340,73,26,1,72
12359850,25,63,-15,87
12360360,47,66,0,87
12360870,13,69,3,84
12361380,14,96,8,76
12361890,36,21,-3,79
12362400,55,3,5,74
12362910,76,36,-6,80
12363420,28,73,-5,85
12363930,58,32,4,81
12364440,74,45,2,79
12364950,88,82,-3,82
12365460,22,17,4,78
12365970,42,101,3,75
12366480,72,21,4,71
12366990,92,58,-9,80
12367500,6,95,2,78
12368010,47,20,2,76
12368520,67,33,-2,78
12369030,19,70,-3,81
12369540,20,29,-6,87
12370050,42,32,11,76
12370560,61,14,3,73
12371070,48,47,1,72
12371580,67,29,-5,77
12372090,41,66,-6,83
12372600,7,55,-3,86
12373110,93,14,-1,87
12373620,49,51,13,74
12374130,47,40,-3,77
12374640,66,22,4,73
12375150,40,59,-11,84
12375660,6,41,-4,88
12376170,7,81,9,79
12376680,36,6,6,73
12377190,37,39,-6,79
12377700,56,21,3,76
12378210,30,30,-1,77
12378720,42,12,1,76
12379230,62,45,2,74
12379740,81,82,-4,78
12380250,15,17,-3,81
12380760,37,20,8,73
12381270,38,2,-2,75
12381780,82,35,-6,81
12382290,34,72,0,81
12382800,64,75,7,74
12383310,41,10,-3,77
12383820,60,43,-3,80
12384330,79,80,-5,85
12384840,56,15,7,78
12385350,76,48,0,78
12385860,28,85,-1,79
12386370,50,44,1,78
12386880,69,26,-2,80
12387390,89,63,0,80
12387900,18,100,0,80
12388410,68,35,6,74
12388920,20,72,-8,82
12389430,50,31,4,78
12389940,69,13,8,70
12390450,89,46,-10,80
12390960,41,83,-7,87
12391470,71,86,5,82
12391980,48,21,11,71
12392490,62,54,-2,73
12393000,60,91,-7,80
12393510,37,94,-1,81
12394020,67,53,8,73
12394530,86,90,-8,81
12395040,84,25,5,76
12395550,40,62,-8,84
12396060,32,65,1,83
12396570,100,68,-3,86
12397080,29,3,10,76
12397590,50,36,2,74
12398100,69,50,-2,76
12398610,100,87,-2,78
12399120,34,22,-3,81
12399630,35,4,6,75
12400140,36,37,-3,78
12400650,58,19,4,74
12401160,78,52,-7,81
12401670,34,89,-1,82
12402180,64,48,11,71
12402690,95,85,-2,73
12403200,29,20,-6,79
12403710,56,2,3,76
12404220,30,35,-2,78
12404730,52,17,8,70
12405240,37,50,-7,77
12405750,3,39,-6,83
12406260,13,79,2,81
12406770,43,4,5,76
12407280,63,37,5,71
12407790,79,101,-5,76
12408300,56,36,5,71
12408810,75,25,-1,72
12409320,95,62,-5,77
12409830,24,99,4,73
12410340,54,34,-1,74
12410850,73,23,-4,78
12411360,93,60,-7,85
12411870,7,97,7,78
12412380,36,32,-1,79
12412890,55,14,1,78
12413400,75,47,-5,83
12413910,27,84,4,79
12414420,57,43,9,70
12414930,76,80,-10,80
12415440,10,15,3,77
12415950,32,18,-2,79
12416460,59,38,5,74
12416970,45,27,-6,80
12417480,64,47,2,78
12417990,95,84,-4,82
12418500,29,19,3,79
12419010,49,1,-6,85
12419520,64,34,7,78
12420030,78,71,-5,83
12420540,12,6,-2,85
12421050,32,90,1,84
12421560,62,49,5,79
12422070,81,86,-4,83
12422580,15,21,4,79
12423090,37,24,7,72
12423600,56,6,0,72
12424110,77,39,-5,77
12424620,91,76,-4,81
12425130,20,11,6,75
12425640,42,95,-9,84
12426150,72,54,9,75
12426660,1,91,-5,80
12427170,42,26,2,78
12427680,69,8,12,66
12428190,57,45,-5,71
12428700,20,82,-10,81
12429210,50,41,4,77
12429720,69,8,5,72
12430230,43,45,-4,76
12430740,62,27,5,71
12431250,52,64,-11,82
12431760,18,101,-1,83
12432270,48,36,7,76
12432780,67,3,-2,78
12433290,88,36,-4,82
12433800,0,73,0,82
12434310,30,100,5,77
12434820,60,59,-5,82
12435330,58,96,-7,89
12435840,88,99,5,84
12436350,22,34,4,80
12436860,44,37,2,78
12437370,63,19,2,76
12437880,83,56,-7,83
12438390,99,93,-3,86
12438900,33,28,10,76
12439410,45,10,4,72
12439920,65,43,1,71
12440430,81,80,-7,78
12440940,15,15,-2,80
12441450,37,99,0,80
12441960,67,58,3,77
12442470,98,95,-6,83
12442980,32,30,3,80
12443490,54,12,2,78
12444000,74,71,-5,83
12444510,3,6,0,83
12445020,25,9,8,75
12445530,33,93,-4,79
12446040,63,52,2,77
12446550,82,89,-5,82
12447060,59,24,7,75
12447570,79,61,1,74
12448080,8,98,-5,79
12448590,30,33,-1,80
12449100,42,15,7,73
12449610,69,48,0,73
12450120,85,85,-7,80
12450630,19,20,-5,85
12451140,41,2,4,81
12451650,62,35,9,72
12452160,76,72,-4,76
12452670,10,7,-6,82
12453180,32,91,5,77
12453690,62,50,2,75
12454200,60,87,-7,82
12454710,26,90,3,79
12455220,48,49,0,79
12455730,67,31,1,78
12456240,41,68,-4,82
12456750,7,71,1,81
12457260,37,98,2,79
12457770,67,57,7,72
12458280,65,94,-3,75
12458790,42,70,-10,85
12459300,13,73,3,82
12459810,35,32,5,77
12460320,54,14,-1,78
12460830,74,47,5,73
12461340,90,84,-7,80
12461850,19,19,-2,82
12462360,41,1,4,78
12462870,56,34,1,77
12463380,70,1,1,76
12463890,91,34,-4,80
12464400,9,71,-3,83
12464910,39,30,2,81
12465420,58,12,6,75
12465930,78,36,-6,81
12466440,92,73,-2,83
12466950,21,8,6,77
12467460,43,92,-7,84
12467970,73,51,8,76
12468480,89,88,-9,85
12468990,23,23,6,79
12469500,45,5,1,78
12470010,19,38,-9,87
12470520,41,41,4,83
12471030,60,23,6,77
12471540,45,60,-7,84
12472050,11,42,1,83
12472560,33,82,0,83
12473070,63,41,10,73
12473580,79,30,-4,77
12474090,93,67,0,77
12474600,22,2,1,76
12475110,37,86,-8,84
12475620,67,45,12,72
12476130,83,82,-7,79
12476640,17,17,-5,84
12477150,39,101,9,75
12477660,69,60,-5,80
12478170,100,42,1,79
12478680,12,79,-1,80
12479190,34,4,8,72
12479700,54,37,-4,76
12480210,73,4,5,71
12480720,25,54,-8,79
12481230,20,57,-5,84
12481740,50,16,12,72
12482250,70,49,-6,78
12482760,101,86,-5,83
12483270,30,21,5,78
12483780,52,3,3,75
12484290,26,36,-8,83
12484800,48,39,0,83
12485310,67,6,8,75
12485820,19,39,-14,89
12486330,41,42,7,82
12486840,60,24,10,72
12487350,74,37,-9,81
12487860,26,74,6,75
12488370,48,33,-1,76
12488880,67,15,0,76
12489390,87,48,-6,82
12489900,101,85,-1,83
12490410,30,20,7,76
12490920,52,2,-2,78
12491430,73,35,-1,79
12491940,87,72,-2,81
12492450,16,7,0,81
12492960,38,91,3,78
12493470,68,50,2,76
12493980,99,87,1,75
12494490,28,22,-3,78
12495000,50,91,-10,88
12495510,80,94,4,84
12496020,57,29,13,71
12496530,71,42,-2,73
12497040,85,79,-6,79
12497550,14,14,-1,80
12498060,36,17,3,77
12498570,44,50,-3,80
12499080,10,32,-5,85
12499590,32,72,0,85
12500100,62,75,4,81
12500610,28,78,-1,82
12501120,58,37,5,77
12501630,77,50,2,75
12502140,29,87,-10,85
12502650,51,46,5,80
12503160,70,28,-2,82
12503670,22,65,-2,84
12504180,52,24,12,72
12504690,66,44,-3,75
12505200,82,81,-2,77
12505710,16,16,-9,86
12506220,38,19,11,75
12506730,50,1,-6,81
12507240,70,34,9,72
12507750,84,71,-7,79
12508260,85,6,-5,84
12508770,75,43,7,77
12509280,89,80,0,77
12509790,18,15,-3,80
12510300,40,18,5,75
12510810,48,0,-3,78
12511320,69,33,3,75
12511830,83,70,-6,81
12512340,12,5,1,80
12512850,34,78,-7,87
12513360,64,23,15,72
12513870,84,47,-11,83
12514380,98,84,0,83
12514890,27,19,6,77
12515400,28,1,-2,79
12515910,43,34,1,78
12516420,62,16,3,75
12516930,82,49,-3,78
12517440,96,86,-2,80
12517950,25,21,3,77
12518460,47,3,1,76
12518970,62,36,2,74
12519480,76,25,-5,79
12519990,96,4,-1,80
12520500,86,41,0,80
12521010,100,78,2,78
12521520,29,13,4,74
12522030,30,97,-1,75
12522540,52,56,-4,79
12523050,50,38,0,79
12523560,69,20,4,75
12524070,89,57,-8,83
12524580,1,94,6,77
12525090,23,97,-3,80
12525600,45,56,1,79
12526110,11,59,-6,85
12526620,33,18,7,78
12527130,41,0,-4,82
12527640,97,33,-8,90
12528150,9,70,12,78
12528660,39,97,-6,84
12529170,69,56,8,76
12529680,67,93,0,76
12530190,33,96,-4,80
12530700,63,55,3,77
12531210,82,92,-4,81
12531720,80,27,0,81
12532230,67,64,3,78
12532740,44,101,-1,79
12533250,15,60,-7,86
12533760,37,19,14,72
12534270,56,1,-3,75
12534780,30,34,-9,84
12535290,42,37,9,75
12535800,61,19,-1,76
12536310,35,32,0,76
12536820,54,14,4,72
12537330,74,47,-8,80
12537840,88,84,-1,81
12538350,17,19,-1,82
12538860,39,22,11,71
12539370,51,91,-11,82
12539880,81,94,-1,83
12540390,58,29,12,71
12540900,72,66,-3,74
12541410,70,1,0,74
12541920,60,34,2,72
12542430,74,47,-4,76
12542940,27,84,-2,78
12543450,49,43,4,74
12543960,68,25,1,73
12544470,42,62,-6,79
12544980,8,65,0,79
12545490,30,24,0,79
12546000,42,6,4,75
12546510,37,39,-1,76
12547020,56,42,2,74
12547530,75,24,0,74
12548040,95,61,-10,84
12548550,7,98,2,82
12549060,37,101,5,77
12549570,67,60,4,73
12550080,98,97,-10,83
12550590,27,32,10,73
12551100,95,35,-2,75
12551610,7,72,-8,83
12552120,29,31,1,82
12552630,41,34,7,75
12553140,60,16,0,75
12553650,47,49,-5,80
12554160,66,31,6,74
12554670,80,68,-11,85
12555180,9,3,6,79
12555690,30,87,-4,83
12556200,58,46,12,71
12556710,77,4,-8,79
12557220,67,37,5,74
12557730,57,74,-8,82
12558240,23,77,0,82
12558750,53,36,6,76
12559260,0,18,-6,82
12559770,22,21,5,77
12560280,44,3,5,72
12560790,18,36,-14,86
12561300,40,39,11,75
12561810,59,21,0,75
12562320,33,41,-2,77
12562830,101,44,-3,80
12563340,13,81,-1,81
12563850,35,40,6,75
12564360,54,43,1,74
12564870,73,10,-3,77
12565380,63,43,7,70
12565890,79,63,-10,80
12566400,8,100,-7,87
12566910,38,1,11,76
12567420,53,34,0,76
12567930,72,54,-2,78
12568440,1,91,-6,84
12568950,23,94,10,74
12569460,53,53,-10,84
12569970,72,35,3,81
12570480,86,72,0,81
12570990,15,7,2,79
12571500,36,91,-4,83
12572010,66,50,5,78
12572520,85,87,-3,81
12573030,83,22,0,81
12573540,1,59,-1,82
12574050,31,18,7,75
12574560,50,0,1,74
12575070,71,33,-10,84
12575580,85,70,4,80
12576090,14,5,-3,83
12576600,25,89,1,82
12577110,55,48,11,71
12577620,74,85,-6,77
12578130,40,20,0,77
12578640,59,40,-3,80
12579150,78,66,2,78
12579660,7,1,0,78
12580170,28,67,-3,81
12580680,58,26,7,74
12581190,32,39,-7,81
12581700,51,21,11,70
12582210,65,41,-4,74
12582720,79,54,-5,79
12583230,8,91,-3,82
12583740,30,1,5,77
12584250,44,34,2,75
12584760,63,16,-1,76
12585270,77,49,-3,79
12585780,91,86,1,78
12586290,89,21,-4,82
12586800,76,58,1,81
12587310,5,95,0,81
12587820,12,98,3,78
12588330,42,8,7,71
12588840,61,41,-3,74
12589350,80,101,-5,79
12589860,57,2,0,79
12590370,78,35,-3,82
12590880,92,72,-1,83
12591390,21,7,4,79
12591900,33,91,0,79
12592410,63,50,-3,82
12592920,49,87,2,80
12593430,15,90,-1,81
12593940,45,49,4,77
12594450,64,52,2,75
12594960,62,89,-3,78
12595470,28,92,-2,80
12595980,58,51,4,76
12596490,77,83,0,76
12597000,54,18,3,73
12597510,27,42,-5,78
12598020,95,45,-4,82
12598530,7,82,0,82
12599040,37,7,5,77
12599550,52,40,2,75
12600060,71,22,2,73
12600570,91,59,-8,81
12601080,3,96,0,81
12601590,44,99,6,75
12602100,74,58,-5,80
12602610,3,95,5,75
12603120,8,98,-6,81
12603630,38,101,6,75
12604140,68,60,-3,78
12604650,66,97,-1,79
12605160,32,100,1,78
12605670,62,59,-2,80
12606180,81,96,1,79
12606690,58,31,3,76
12607200,72,51,-2,78
12607710,1,88,-3,81
12608220,8,91,5,76
12608730,15,16,-4,80
12609240,37,32,5,75
12609750,56,14,-2,77
12610260,76,47,-1,78
12610770,28,84,-4,82
12611280,58,43,8,74
12611790,77,1,-4,78
12612300,67,4,0,78
12612810,88,37,-2,80
12613320,0,74,-6,86
12613830,30,101,10,76
12614340,60,60,-4,80
12614850,79,18,1,79
12615360,66,55,6,73
12615870,64,92,-10,83
12616380,30,95,6,77
12616890,60,54,3,74
12617400,79,36,-3,77
12617910,93,73,-1,78
12618420,22,8,0,78
12618930,34,81,-13,91
12619440,64,84,16,75
12619950,30,87,-6,81
12620460,60,46,8,73
12620970,29,4,-1,74
12621480,44,37,-2,76
12621990,63,19,-1,77
12622500,83,43,-2,79
12623010,97,23,-2,81
12623520,53,60,8,73
12624030,19,63,-7,80
12624540,49,22,4,76
12625050,63,42,3,73
12625560,82,62,-9,82
12626070,11,99,1,81
12626580,41,19,7,74
12627090,60,39,-2,76
12627600,79,52,-3,79
12628110,35,89,-4,83
12628620,65,48,16,67
12629130,84,85,-14,81
12629640,61,20,10,71
12630150,51,40,-10,81
12630660,70,22,0,81
12631170,90,59,1,80
12631680,19,96,-1,81
12632190,49,55,0,81
12632700,15,37,-1,82
12633210,37,40,0,82
12633720,56,22,6,76
12634230,70,42,-2,78
12634740,84,79,1,77
12635250,83,14,-2,79
12635760,44,17,4,75
12636270,34,37,-8,83
12636780,55,40,12,71
12637290,74,22,-8,79
12637800,61,59,3,76
12638310,27,62,-6,82
12638820,57,65,3,79
12639330,23,68,-4,83
12639840,53,27,4,79
12640350,67,47,3,76
12640860,53,84,-4,80
12641370,19,87,-4,84
12641880,49,46,6,78
12642390,68,28,-3,81
12642900,42,48,2,79
12643410,8,51,-4,83
12643920,94,54,-1,84
12644430,6,67,9,75
12644940,37,94,-6,81
12645450,67,53,6,75
12645960,98,90,-6,81
12646470,27,25,2,79
12646980,54,28,4,75
12647490,68,48,-3,78
12648000,24,85,1,77
12648510,54,44,-4,81
12649020,73,26,0,81
12649530,25,63,-2,83
12650040,55,66,2,81
12650550,21,22,1,80
12651060,40,25,4,76
12651570,59,7,5,71
12652080,49,40,-6,77
12652590,68,7,1,76
12653100,58,40,6,70
12653610,77,60,-8,78
12654120,6,97,-3,81
12654630,15,100,2,79
12655140,45,20,5,74
12655650,59,40,-3,77
12656160,78,60,-7,84
12656670,7,97,6,78
12657180,36,22,8,70
12657690,55,42,-5,75
12658200,74,9,-13,88
12658710,26,42,11,77
12659220,94,45,1,76
12659730,6,25,-7,83
12660240,16,28,-2,85
12660750,38,31,0,85
12661260,57,13,7,78
12661770,77,46,-5,83
12662280,91,26,2,81
12662790,78,63,-2,83
12663300,7,100,1,82
12663810,36,1,3,79
12664320,80,34,2,77
12664830,32,71,-6,83
12665340,62,30,9,74
12665850,76,50,-4,78
12666360,32,87,-4,82
12666870,62,46,6,76
12667380,81,66,-2,78
12667890,10,1,-1,79
12668400,31,74,-1,80
12668910,61,33,4,76
12669420,75,22,1,75
12669930,62,42,-4,79
12670440,81,38,0,79
12670950,76,18,1,78
12671460,63,51,-1,79
12671970,94,71,4,75
12672480,23,6,-7,82
12672990,35,79,4,78
12673500,65,38,8,70
12674010,39,27,-8,78
12674520,58,9,1,77
12675030,48,42,0,77
12675540,67,9,0,77
12676050,57,42,5,72
12676560,76,62,-6,78
12677070,5,95,-6,84
12677580,34,98,4,80
12678090,64,57,2,78
12678600,95,94,-6,84
12679110,24,29,1,83
12679620,54,32,11,72
12680130,73,52,0,72
12680640,30,89,-12,84
12681150,60,48,10,74
12681660,91,68,-5,79
12682170,20,3,2,77
12682680,41,76,-15,92
12683190,71,79,11,81
12683700,48,10,2,79
12684210,22,43,-3,82
12684720,90,46,6,76
12685230,2,26,-9,85
12685740,12,29,3,82
12686250,22,32,4,78
12686760,90,35,-2,80
12687270,2,72,0,80
12687780,31,99,-2,82
12688290,61,58,1,81
12688800,92,78,2,79
12689310,21,13,3,76
12689820,42,86,-7,83
12690330,72,45,4,79
12690840,24,82,-3,82
12691350,54,41,8,74
12691860,73,61,-3,77
12692370,2,98,-1,78
12692880,58,8,-3,81
12693390,10,41,-2,83
12693900,20,81,0,83
12694410,83,40,8,75
12694920,35,20,-2,77
12695430,18,40,-10,87
12695940,28,43,5,82
12696450,58,46,7,75
12696960,89,66,-4,79
12697470,18,1,2,77
12697980,39,74,-4,81
12698490,69,77,5,76
12699000,46,12,1,75
12699510,66,32,-4,79
12700020,80,52,2,77
12700530,9,89,-1,78
12701040,38,48,-2,80
12701550,4,51,1,79
12702060,34,10,0,79
12702570,46,43,3,76
12703080,65,46,7,69
12703590,96,4,-13,82
12704100,15,7,6,76
12704610,36,80,-2,78
12705120,66,39,7,71
12705630,80,19,-4,75
12706140,67,22,3,72
12706650,54,42,-1,73
12707160,73,62,-2,75
12707670,2,99,-5,80
12708180,58,0,8,72
12708690,79,33,-9,81
12709200,31,70,-1,82
12709710,61,73,5,77
12710220,27,76,-4,81
12710730,57,35,7,74
12711240,36,55,-10,84
12711750,2,58,0,84
12712260,32,17,9,75
12712770,44,37,2,73
12713280,63,19,0,73
12713790,50,39,-4,77
12714300,69,59,-8,85
12714810,100,96,6,79
12715320,29,31,3,76
12715830,73,34,-6,82
12716340,25,71,-3,85
12716850,55,30,10,75
12717360,34,50,-3,78
12717870,0,53,-5,83
12718380,30,12,6,77
12718890,42,32,1,76
12719400,6,14,-13,89
12719910,21,17,9,80
12720420,42,20,5,75
12720930,5,40,-7,82
12721440,35,80,-1,83
12721950,65,39,6,77
12722460,79,59,-4,81
12722970,8,96,5,76
12723480,37,21,-1,77
12723990,56,3,-1,78
12724500,77,36,-1,79
12725010,64,73,0,79
12725520,30,76,0,79
12726030,60,35,8,71
12726540,74,99,-6,77
12727050,40,0,-8,85
12727560,55,33,14,71
12728070,69,53,-5,76
12728580,100,90,3,73
12729090,29,25,-6,79
12729600,41,28,2,77
12730110,60,10,3,74
12730620,47,43,-6,80
12731130,66,46,8,72
12731640,97,83,-7,79
12732150,26,18,5,74
12732660,53,91,-10,84
12733170,83,94,7,77
12733680,60,29,4,73
12734190,74,49,-7,80
12734700,3,86,1,79
12735210,59,45,0,79
12735720,90,65,-2,81
12736230,19,0,9,72
12736740,40,73,-12,84
12737250,70,76,11,73
12737760,36,11,-3,76
12738270,48,31,2,74
12738780,67,13,7,67
12739290,54,46,-7,74
12739800,73,28,-3,77
12740310,25,48,0,77
12740820,47,51,4,73
12741330,13,54,-13,86
12741840,28,13,9,77
12742350,40,86,-2,79
12742860,70,45,5,74
12743370,86,67,-2,76
12743880,15,2,-5,81
12744390,36,75,1,80
12744900,66,34,7,73
12745410,18,54,-11,84
12745920,33,13,7,77
12746430,60,33,-1,78
12746940,50,53,2,76
12747450,16,56,-6,82
12747960,38,15,6,76
12748470,50,35,1,75
12748980,69,55,-5,80
12749490,100,92,-2,82
12750000,29,50,-1,83
12750510,97,53,6,77
12751020,49,33,2,75
12751530,3,53,-12,87
12752040,24,12,9,78
12752550,54,85,-3,81
12753060,25,88,6,75
12753570,55,47,0,75
12754080,74,67,-4,79
12754590,3,2,0,79
12755100,18,5,9,70
12755610,40,78,-13,83
12756120,70,37,8,75
12756630,22,57,-9,84
12757140,52,60,2,82
12757650,18,63,-4,86
12758160,48,22,13,73
12758670,33,42,-10,83
12759180,54,45,6,77
12759690,73,65,-3,80
12760200,2,0,-3,83
12760710,17,3,6,77
12761220,38,76,-6,83
12761730,68,35,12,71
12762240,55,15,-10,81
12762750,42,35,4,77
12763260,61,17,5,72
12763770,48,37,-5,77
12764280,67,57,3,74
12764790,98,94,-5,79
12765300,27,29,4,75
12765810,48,32,0,75
12766320,67,52,5,70
12766830,98,89,-6,76
12767340,27,24,-4,80
12767850,57,27,4,76
12768360,43,47,-4,80
12768870,5,50,2,78
12769380,35,9,-1,79
12769890,47,42,5,74
12770400,66,62,1,73
12770910,64,99,-5,78
12771420,85,0,-1,79
12771930,4,3,2,77
12772440,25,6,-2,79
12772950,37,39,0,79
12773460,56,42,5,74
12773970,75,62,-2,76
12774480,4,99,-5,81
12774990,60,0,7,74
12775500,81,33,-8,82
12776010,33,70,4,78
12776520,63,29,6,72
12777030,50,53,0,72
12777540,69,56,-5,77
12778050,100,93,-6,83
12778560,19,28,1,82
12779070,41,31,13,69
12779580,60,51,-7,76
12780090,58,59,1,75
12780600,56,62,-3,78
12781110,54,65,-4,82
12781620,20,68,2,80
12782130,74,27,-1,81
12782640,26,49,-3,84
12783150,94,52,4,80
12783660,6,32,-3,83
12784170,28,30,7,76
12784680,50,33,3,73
12785190,69,53,-2,75
12785700,100,90,-2,77
12786210,29,25,-1,78
12786720,51,98,-1,79
12787230,81,57,2,77
12787740,10,94,1,76
12788250,32,53,-9,85
12788760,100,56,4,81
12789270,12,36,-4,85
12789780,34,39,4,81
12790290,56,42,8,73
12790800,87,62,-10,83
12791310,16,99,9,74
12791820,38,19,-3,77
12792330,57,39,3,74
12792840,76,35,-9,83
12793350,28,57,4,79
12793860,96,60,-3,82
12794370,25,97,7,75
12794880,55,56,-3,78
12795390,53,76,-5,83
12795900,19,35,2,81
12796410,41,13,6,75
12796920,60,33,3,72
12797430,74,53,-3,75
12797940,3,90,-3,78
12798450,25,93,-1,79
12798960,55,52,1,78
12799470,74,72,-7,85
12799980,79,7,11,74
12800490,66,40,2,72
12801000,82,62,-5,77
12801510,11,99,-4,81
12802020,20,19,5,76
12802530,42,22,3,73
12803040,61,42,2,71
12803550,92,0,-3,74
12804060,11,3,-9,83
12804570,32,76,-2,85
12805080,62,35,6,79
12805590,76,55,-1,80
12806100,5,92,4,76
12806610,14,17,-9,85
12807120,35,20,11,74
12807630,65,40,-2,76
12808140,81,60,-7,83
12808650,10,97,0,83
12809160,32,17,4,79
12809670,44,37,5,74
12810180,63,57,-5,79
12810690,82,94,4,75
12811200,80,29,-9,84
12811710,67,51,3,81
12812220,98,88,8,73
12812730,27,23,-8,81
12813240,48,96,4,77
12813750,78,55,-6,83
12814260,7,92,2,81
12814770,63,51,7,74
12815280,94,88,-15,89
12815790,23,23,7,82
12816300,45,26,6,76
12816810,72,0,-2,78
12817320,93,33,-8,86
12817830,80,70,4,82
12818340,9,5,0,82
12818850,31,78,2,80
12819360,61,37,7,73
12819870,40,57,-6,79
12820380,6,60,-4,83
12820890,27,19,7,76
12821400,39,92,-2,78
12821910,69,51,5,73
12822420,100,88,-7,80
12822930,29,23,0,80
12823440,51,96,1,79
12823950,81,99,1,78
12824460,58,34,6,72
12824970,72,54,-3,75
12825480,1,91,-8,83
12825990,57,94,6,77
12826500,23,97,2,75
12827010,45,56,-1,76
12827520,11,59,-9,85
12828030,41,18,11,74
12828540,55,38,0,74
12829050,74,58,-1,75
12829560,3,95,-6,81
12830070,59,98,-4,85
12830580,80,101,9,76
12831090,46,26,-1,77
12831600,60,46,4,73
12832110,91,39,-11,84
12832620,78,76,8,76
12833130,76,11,0,76
12833640,28,44,-9,85
12834150,96,2,5,80
12834660,15,35,-1,81
12835170,37,38,4,77
12835680,56,41,4,73
12836190,75,101,-9,82
12836700,41,2,3,79
12837210,62,35,1,78
12837720,76,55,-1,79
12838230,5,92,-4,83
12838740,61,51,9,74
12839250,92,71,-8,82
12839760,21,6,6,76
12840270,33,79,-7,83
12840780,63,38,10,73
12841290,77,58,-9,82
12841800,6,95,2,80
12842310,13,98,-1,81
12842820,35,18,5,76
12843330,47,38,-2,78
12843840,66,58,0,78
12844350,97,95,1,77
12844860,26,30,-2,79
12845370,48,33,2,77
12845880,67,53,6,71
12846390,98,90,-5,76
12846900,27,25,1,75
12847410,49,39,4,71
12847920,68,53,-8,79
12848430,99,90,2,77
12848940,28,25,1,76
12849450,50,28,-2,78
12849960,64,48,5,73
12850470,95,85,-11,84
12850980,24,20,10,74
12851490,46,34,-1,75
12852000,65,54,5,70
12852510,96,91,-7,77
12853020,25,26,-3,80
12853530,47,29,4,76
12854040,66,49,3,73
12854550,97,86,-9,82
12855060,26,21,6,76
12855570,48,94,-5,81
12856080,78,53,6,75
12856590,7,90,-10,85
12857100,16,49,0,85
12857610,38,89,5,80
12858120,68,48,6,74
12858630,99,85,-9,83
12859140,28,20,4,79
12859650,50,93,-1,80
12860160,16,96,-4,84
12860670,38,55,3,81
12861180,4,58,-1,82
12861690,34,17,12,70
12862200,46,37,3,67
12862710,65,57,-12,79
12863220,96,94,6,73
12863730,25,29,-6,79
12864240,46,32,6,73
12864750,65,52,-2,75
12865260,84,89,-6,81
12865770,61,24,8,73
12866280,48,44,-7,80
12866790,67,58,1,79
12867300,98,95,-1,80
12867810,17,30,-6,86
12868320,38,33,13,73
12868830,57,47,-1,74
12869340,76,67,-2,76
12869850,5,2,-3,79
12870360,27,5,1,78
12870870,39,38,3,75
12871380,58,41,6,69
12871890,77,61,-5,74
12872400,6,98,-7,81
12872910,28,101,12,69
12873420,50,60,-12,81
12873930,16,63,0,81
12874440,31,22,2,79
12874950,61,95,-5,84
12875460,27,98,11,73
12875970,49,57,-6,79
12876480,15,60,-7,86
12876990,30,19,7,79
12877500,42,31,1,78
12878010,61,51,11,67
12878520,92,88,-19,86
12879030,21,23,8,78
12879540,43,26,3,75
12880050,62,46,0,75
12880560,93,51,-7,82
12881070,45,88,-1,83
12881580,75,91,6,77
12882090,52,94,0,77
12882600,82,14,-2,79
12883110,69,47,3,76
12883620,100,84,-2,78
12884130,29,19,-2,80
12884640,51,92,-4,84
12885150,72,95,4,80
12885660,38,98,3,77
12886170,86,57,0,77
12886680,38,94,-6,83
12887190,68,53,7,76
12887700,99,90,-9,85
12888210,28,25,9,76
12888720,40,28,2,74
12889230,59,48,-1,75
12889740,90,85,-4,79
12890250,19,20,1,78
12890760,87,23,-3,81
12891270,74,60,-1,82
12891780,3,97,4,78
12892290,25,100,-1,79
12892800,47,59,0,79
12893310,13,62,-8,87
12893820,28,21,8,79
12894330,40,94,0,79
12894840,70,53,6,73
12895350,101,50,-7,80
12895860,13,87,-3,83
12896370,43,46,4,79
12896880,62,60,2,77
12897390,81,63,0,77
12897900,10,100,-3,80
12898410,32,1,6,74
12898920,47,34,1,73
12899430,66,54,-2,75
12899940,97,74,-3,78
12900450,26,9,3,75
12900960,38,42,-2,77
12901470,57,56,-6,83
12901980,34,70,5,78
12902490,0,73,0,78
12903000,56,32,5,73
12903510,70,52,-1,74
12904020,101,89,-6,80
12904530,30,24,0,80
12905040,42,38,5,75
12905550,61,41,-1,76
12906060,92,61,0,76
12906570,21,98,-4,80
12907080,43,57,-1,81
12907590,9,60,-3,84
12908100,39,19,3,81
12908610,7,39,-3,84
12909120,29,79,-1,85
12909630,97,38,4,81
12910140,9,75,0,81
12910650,30,34,-2,83
12911160,42,37,9,74
12911670,61,51,-2,76
12912180,80,71,-4,80
12912690,9,6,1,79
12913200,31,9,6,73
12913710,43,42,-6,79
12914220,62,45,7,72
12914730,93,59,-3,75
12915240,22,96,-8,83
12915750,52,55,6,77
12916260,71,58,2,75
12916770,0,54,-6,81
12917280,30,13,-2,83
12917790,42,86,-1,84
12918300,72,45,11,73
12918810,39,67,-6,79
12919320,5,70,-1,80
12919830,26,29,2,78
12920340,38,32,0,78
12920850,50,35,6,72
12921360,69,55,-3,75
12921870,100,92,-8,83
12922380,19,27,3,80
12922890,87,30,-7,87
12923400,74,67,8,79
12923910,93,2,0,79
12924420,12,35,-3,82
12924930,34,38,0,82
12925440,46,41,3,79
12925950,65,55,1,78
12926460,96,92,-1,79
12926970,30,27,0,79
12927480,42,30,5,74
12927990,61,44,-2,76
12928500,80,58,1,75
12929010,9,95,-5,80
12929520,65,98,8,72
12930030,31,101,-4,76
12930540,61,60,0,76
12931050,80,63,-1,77
12931560,9,100,-6,83
12932070,65,1,4,79
12932580,86,34,-5,84
12933090,100,71,1,83
12933600,29,6,10,73
12934110,41,39,-6,79
12934620,60,42,4,75
12935130,79,62,-4,79
12935640,8,99,-3,82
12936150,17,19,-2,84
12936660,38,22,13,71
12937170,50,42,-5,76
12937680,69,56,1,75
12938190,100,93,-6,81
12938700,19,28,-3,84
12939210,87,31,11,73
12939720,101,68,-13,86
12940230,30,3,13,73
12940740,42,36,-2,75
12941250,61,39,6,69
12941760,92,52,-10,79
12942270,44,89,-3,82
12942780,65,48,7,75
12943290,96,85,-4,79
12943800,25,20,6,73
12944310,37,23,1,72
12944820,49,43,-5,77
12945330,68,46,9,68
12945840,99,83,-11,79
12946350,28,18,3,76
12946860,40,91,-7,83
12947370,70,50,12,71
12947880,101,87,-12,83
12948390,30,22,5,78
12948900,100,36,-1,79
12949410,12,73,-6,85
12949920,34,32,14,71
12950430,53,46,-4,75
12950940,72,60,-1,76
12951450,1,73,1,75
12951960,57,32,3,72
12952470,71,45,-3,75
12952980,23,82,-5,80
12953490,53,41,5,75
12954000,72,61,-4,79
12954510,1,98,-5,84
12955020,57,101,9,75
12955530,78,2,-3,78
12956040,99,35,-4,82
12956550,11,72,0,82
12957060,32,31,1,81
12957570,44,34,2,79
12958080,63,48,0,79
12958590,82,85,-4,83
12959100,16,20,5,78
12959610,37,23,0,78
12960120,49,85,-4,82
12960630,70,88,-3,85
12961140,47,91,10,75
12961650,68,94,-10,85
12962160,34,97,7,78
12962670,64,56,2,76
12963180,83,93,-2,78
12963690,17,28,-8,86
12964200,38,31,5,81
12964710,50,45,9,72
12965220,69,59,-4,76
12965730,100,96,-4,80
12966240,19,31,-2,82
12966750,87,34,1,81
12967260,101,71,1,80
12967770,30,6,6,74
12968280,42,39,-3,77
12968790,61,53,-1,78
12969300,92,90,-4,82
12969810,26,25,3,79
12970320,38,28,6,73
12970830,57,97,-4,77
12971340,78,100,5,72
12971850,55,25,-3,75
12972360,69,45,1,74
12972870,100,82,-9,83
12973380,29,17,10,73
12973890,41,31,0,73
12974400,60,45,0,73
12974910,91,59,-2,75
12975420,20,96,-6,81
12975930,42,55,2,79
12976440,8,58,-5,84
12976950,29,17,6,78
12977460,41,90,-1,79
12977970,71,49,1,78
12978480,0,86,-2,80
12978990,56,59,2,78
12979500,22,73,4,74
12980010,44,32,1,73
12980520,63,52,-1,74
12981030,94,36,2,72
12981540,6,73,-9,81
12982050,62,32,9,72
12982560,76,56,-2,74
12983070,5,93,-7,81
12983580,61,96,5,76
12984090,27,99,2,74
12984600,49,58,-6,80
12985110,15,61,-10,90
12985620,30,20,16,74
12986130,42,34,-6,80
12986640,61,37,6,74
12987150,92,50,-3,77
12987660,44,87,-3,80
12988170,74,46,11,69
12988680,30,83,-11,80
12989190,60,42,8,72
12989700,79,56,-8,80
12990210,8,93,-1,81
12990720,64,96,8,73
12991230,30,50,-10,83
12991740,98,53,2,81
12992250,10,90,3,78
12992760,66,49,-2,80
12993270,85,86,-4,84
12993780,19,21,7,77
12994290,41,24,0,77
12994800,60,101,3,74
12995310,26,2,3,71
12995820,38,35,-6,77
12996330,50,49,0,77
12996840,16,63,-6,83
12997350,31,22,3,80
12997860,43,36,7,73
12998370,62,50,-3,76
12998880,93,64,-5,81
12999390,22,101,8,73
12999900,44,60,-10,83
13000410,10,63,3,80
13000920,32,22,-4,84
13001430,44,36,11,73
13001940,63,3,-6,79
13002450,84,36,1,78
13002960,71,73,5,73
13003470,48,8,-2,75
13003980,2,41,-4,79
13004490,17,81,-6,85
13005000,39,40,11,74
13005510,5,54,-4,78
13006020,27,13,0,78
13006530,39,86,-5,83
13007040,69,45,5,78
13007550,25,82,-2,80
13008060,55,41,8,72
13008570,74,61,-1,73
13009080,3,98,-6,79
13009590,59,101,-3,82
13010100,25,2,6,76
13010610,37,75,-8,84
13011120,3,34,4,80
13011630,18,74,1,79
13012140,48,33,2,77
13012650,67,53,2,75
13013160,98,90,0,75
13013670,27,25,-2,77
13014180,39,28,-4,81
13014690,51,10,12,69
13015200,25,43,-14,83
13015710,93,46,3,80
13016220,5,83,4,76
13016730,61,42,-2,78
13017240,92,56,-3,81
13017750,4,93,-4,85
13018260,60,3,12,73
13018770,81,36,-3,76
13019280,95,73,-11,87
13019790,24,8,7,80
13020300,36,81,-2,82
13020810,2,40,-3,85
13021320,32,80,6,79
13021830,62,39,1,78
13022340,93,52,1,77
13022850,5,89,-4,81
13023360,61,92,3,78
13023870,27,95,4,74
13024380,49,54,-4,78
13024890,15,57,-2,80
13025400,37,16,3,77
13025910,49,25,8,69
13026420,63,45,-6,75
13026930,94,82,-3,78
13027440,23,17,-1,79
13027950,45,20,3,76
13028460,64,40,2,74
13028970,95,53,-7,81
13029480,7,90,-1,82
13029990,63,49,5,77
13030500,94,86,-1,78
13031010,23,21,-1,79
13031520,91,24,0,79
13032030,47,61,-5,84
13032540,13,64,-1,85
13033050,34,23,10,75
13033560,46,5,0,75
13034070,20,38,-13,88
13034580,88,41,5,83
13035090,0,78,0,83
13035600,56,37,13,70
13036110,19,51,-8,78
13036620,87,54,-7,85
13037130,16,91,5,80
13037640,72,50,5,75
13038150,1,87,-9,84
13038660,57,90,0,84
13039170,23,93,3,81
13039680,79,52,4,77
13040190,8,89,-2,79
13040700,64,48,8,71
13041210,95,85,-9,80
13041720,24,20,-1,81
13042230,36,23,4,77
13042740,48,5,1,76
13043250,69,38,3,73
13043760,21,75,-6,79
13044270,51,34,9,70
13044780,58,16,0,70
13045290,45,49,-6,76
13045800,11,63,-4,80
13046310,26,22,5,75
13046820,96,25,-1,76
13047330,52,62,-3,79
13047840,18,65,-6,85
13048350,33,24,10,75
13048860,45,38,-4,79
13049370,64,20,7,72
13049880,51,53,-3,75
13050390,17,67,-8,83
13050900,39,26,6,77
13051410,58,8,4,73
13051920,32,41,-8,81
13052430,100,44,-3,84
13052940,12,81,3,81
13053450,68,40,7,74
13053960,20,77,-5,79
13054470,50,36,5,74
13054980,69,18,1,73
13055490,56,42,-5,78
13056000,75,44,-3,81
13056510,89,81,-3,84
13057020,18,16,5,79
13057530,40,19,5,74
13058040,87,28,-11,85
13058550,74,65,9,76
13059060,3,0,-6,82
13059570,24,3,7,75
13060080,36,76,-3,78
13060590,66,35,5,73
13061100,80,72,-7,80
13061610,9,7,0,80
13062120,31,10,0,80
13062630,43,43,3,77
13063140,62,26,3,74
13063650,49,50,-2,76
13064160,15,64,-5,81
13064670,30,23,4,77
13065180,100,26,-2,79
13065690,12,63,-2,81
13066200,34,22,5,76
13066710,46,4,2,74
13067220,20,37,-13,87
13067730,42,40,6,81
13068240,61,22,8,73
13068750,48,46,-6,79
13069260,67,49,1,78
13069770,98,86,1,77
13070280,27,21,4,73
13070790,97,24,-3,76
13071300,53,61,-6,82
13071810,19,44,0,82
13072320,41,47,7,75
13072830,7,50,-1,76
13073340,22,9,2,74
13073850,44,82,-7,81
13074360,10,85,-5,86
13074870,66,57,11,75
13075380,43,94,-3,78
13075890,9,53,-10,88
13076400,24,12,9,79
13076910,36,85,-4,83
13077420,66,44,8,75
13077930,52,81,-7,82
13078440,18,84,2,80
13078950,74,43,5,75
13079460,90,80,-4,79
13079970,19,15,1,78
13080480,31,18,0,78
13080990,43,91,-2,80
13081500,16,50,-1,81
13082010,38,90,-2,83
13082520,68,49,9,74
13083030,99,86,-7,81
13083540,28,21,10,71
13084050,40,35,-11,82
13084560,59,49,13,69
13085070,78,86,-12,81
13085580,44,21,13,68
13086090,12,41,-17,85
13086600,34,44,1,84
13087110,33,47,0,84
13087620,101,50,4,80
13088130,13,87,-1,81
13088640,69,46,5,76
13089150,100,83,-8,84
13089660,29,18,7,77
13090170,41,32,3,74
13090680,60,46,0,74
13091190,91,60,-7,81
13091700,20,97,0,81
13092210,23,56,-6,87
13092720,45,59,6,81
13093230,11,62,1,80
13093740,33,21,6,74
13094250,45,35,0,74
13094760,64,17,5,69
13095270,51,41,-8,77
13095780,17,8,-5,82
13096290,29,81,0,82
13096800,51,40,4,78
13097310,70,54,0,78
13097820,101,91,0,78
13098330,30,26,-5,83
13098840,42,99,-1,84
13099350,72,58,3,81
13099860,49,95,-5,86
13100370,79,98,7,79
13100880,45,101,-2,81
13101390,75,60,2,79
13101900,4,97,-3,82
13102410,60,100,3,79
13102920,26,1,2,77
13103430,41,74,-4,81
13103940,7,77,-3,84
13104450,63,36,7,77
13104960,49,45,-7,84
13105470,15,59,0,84
13105980,18,18,9,75
13106490,40,21,1,74
13107000,67,30,-1,75
13107510,41,54,-3,78
13108020,7,68,-5,83
13108530,63,27,0,83
13109040,37,51,-1,84
13109550,3,54,6,78
13110060,59,13,1,77
13110570,33,46,-5,82
13111080,101,49,-1,83
13111590,13,86,-1,84
13112100,20,45,7,77
13112610,88,48,-5,82
13113120,17,85,-3,85
13113630,73,67,6,79
13114140,50,2,1,78
13114650,24,35,-7,85
13115160,45,38,8,77
13115670,64,20,-1,78
13116180,38,29,-2,80
13116690,50,11,5,75
13117200,24,44,-8,83
13117710,92,47,2,81
13118220,44,84,-3,84
13118730,74,87,12,72
13119240,40,22,-2,74
13119750,52,91,-3,77
13120260,18,94,-4,81
13120770,40,53,0,81
13121280,6,56,-1,82
13121790,27,15,8,74
13122300,39,88,-6,80
13122810,12,47,-4,84
13123320,27,6,6,78
13123830,39,79,-7,85
13124340,74,82,7,78
13124850,51,85,-2,80
13125360,17,88,-6,86
13125870,20,47,5,81
13126380,42,50,1,80
13126890,8,53,-4,84
13127400,30,12,10,74
13127910,42,21,0,74
13128420,61,3,-7,81
13128930,82,36,5,76
13129440,34,73,-4,80
13129950,7,32,-1,81
13130460,29,35,6,75
13130970,41,38,0,75
13131480,60,52,2,73
13131990,58,78,-13,86
13132500,24,81,4,82
13133010,46,40,4,78
13133520,65,7,0,78
13134030,39,40,0,78
13134540,58,54,3,75
13135050,77,21,-4,79
13135560,64,45,1,78
13136070,83,71,0,78
13136580,12,6,-8,86
13137090,33,79,3,83
13137600,63,38,11,72
13138110,79,62,-1,73
13138620,8,99,-4,77
13139130,15,9,-7,84
13139640,27,12,12,72
13140150,39,85,-5,77
13140660,10,44,-10,87
13141170,25,3,11,76
13141680,37,76,-2,78
13142190,42,35,3,75
13142700,61,17,-1,76
13143210,35,50,0,76
13143720,1,53,-9,85
13144230,57,12,6,79
13144740,31,45,5,74
13145250,99,48,-3,77
13145760,11,85,-3,80
13146270,14,44,-1,81
13146780,36,47,2,79
13147290,2,50,0,79
13147800,58,9,2,77
13148310,32,42,-4,81
13148820,100,45,3,78
13149330,12,23,-8,86
13149840,34,26,10,76
13150350,46,39,-4,80
13150860,65,6,8,72
13151370,39,39,-7,79
13151880,58,42,5,74
13152390,89,9,-7,81
13152900,45,42,6,75
13153410,57,56,2,73
13153920,76,70,-5,78
13154430,10,5,-4,82
13154940,31,78,2,80
13155450,53,37,4,76
13155960,72,51,4,72
13156470,1,88,-13,85
13156980,57,100,10,75
13157490,23,1,0,75
13158000,35,74,-3,78
13158510,65,33,7,71
13159020,79,22,-6,77
13159530,35,46,-3,80
13160040,57,49,7,73
13160550,34,15,-3,76
13161060,46,88,-4,80
13161570,12,47,-7,87
13162080,27,6,13,74
13162590,39,39,-3,77
13163100,58,21,6,71
13163610,72,45,-3,74
13164120,88,58,-5,79
13164630,17,95,1,78
13165140,20,15,-2,80
13165650,32,18,3,77
13166160,44,91,-1,78
13166670,74,50,5,73
13167180,3,87,-4,77
13167690,59,90,2,75
13168200,25,2,1,74
13168710,37,75,-7,81
13169220,72,34,4,77
13169730,24,71,-4,81
13170240,27,30,3,78
13170750,39,33,-2,80
13171260,58,4,4,76
13171770,79,28,5,71
13172280,93,65,-15,86
13172790,22,0,13,73
13173300,34,73,-4,77
13173810,0,32,-7,84
13174320,56,72,2,82
13174830,22,55,-1,83
13175340,25,95,10,73
13175850,47,54,-8,81
13176360,13,37,-6,87
13176870,35,48,13,74
13177380,1,62,-10,84
13177890,57,21,13,71
13178400,71,80,-6,77
13178910,37,28,-1,78
13179420,56,42,3,75
13179930,75,92,1,74
13180440,41,27,2,72
13180950,60,41,-6,78
13181460,91,8,-5,83
13181970,17,41,1,82
13182480,39,52,4,78
13182990,5,66,-5,83
13183500,61,93,2,81
13184010,27,96,-1,82
13184520,30,55,0,82
13185030,98,58,0,82
13185540,10,95,7,75
13186050,66,20,-2,77
13186560,80,44,-7,84
13187070,32,81,-2,86
13187580,62,40,12,74
13188090,48,54,-5,79
13188600,31,68,-1,80
13189110,53,27,7,73
13189620,67,47,2,71
13190130,98,97,-5,76
13190640,85,32,-11,87
13191150,99,69,4,83
13191660,28,4,9,74
13192170,40,77,-5,79
13192680,6,80,-4,83
13193190,62,5,2,81
13193700,36,38,7,74
13194210,48,52,-3,77
13194720,47,66,-5,82
13195230,13,80,-1,83
13195740,16,58,-4,87
13196250,19,17,3,84
13196760,31,90,-3,87
13197270,53,49,13,74
13197780,72,63,-6,80
13198290,18,100,2,78
13198800,40,20,5,73
13199310,59,40,-1,74
13199820,33,7,-5,79
13200330,45,40,2,77
13200840,64,22,5,72
13201350,51,46,-4,76
13201860,70,3,2,74
13202370,44,36,-2,76
13202880,63,50,-3,79
13203390,82,87,-3,82
13203900,59,22,10,72
13204410,46,46,-9,81
13204920,65,60,6,75
13205430,23,43,-9,84
13205940,91,54,3,81
13206450,3,91,0,81
13206960,59,94,5,76
13207470,25,97,0,76
13207980,47,17,-1,77
13208490,74,50,2,75
13209000,3,87,-7,82
13209510,59,90,-3,85
13210020,25,93,11,74
13210530,28,52,-7,81
13211040,96,66,1,80
13211550,25,1,4,76
13212060,37,74,-7,83
13212570,3,77,-2,85
13213080,1,36,-5,90
13213590,83,76,8,82
13214100,12,11,-4,86
13214610,33,20,13,73
13215120,52,34,0,73
13215630,71,1,-4,77
13216140,92,34,-1,78
13216650,4,71,-5,83
13217160,60,30,12,71
13217670,74,19,-12,83
13218180,61,43,11,72
13218690,92,10,-7,79
13219200,18,43,0,79
13219710,40,54,-2,81
13220220,6,57,1,80
13220730,27,16,0,80
13221240,39,89,-2,82
13221750,69,48,8,74
13222260,43,62,-12,86
13222770,9,65,4,82
13223280,30,24,2,80
13223790,3,6,-5,85
13224300,25,9,11,74
13224810,37,82,-7,81
13225320,67,41,7,74
13225830,81,30,-1,75
13226340,68,67,-1,76
13226850,26,91,-2,78
13227360,29,50,-3,81
13227870,97,53,1,80
13228380,9,90,0,80
13228890,65,68,4,76
13229400,31,92,-9,85
13229910,34,51,9,76
13230420,0,54,-5,81
13230930,21,13,-3,84
13231440,33,86,0,84
13231950,55,45,12,72
13232460,74,59,-5,77
13232970,3,96,-6,83
13233480,59,16,9,74
13233990,46,40,2,72
13234500,65,7,-10,82
13235010,86,40,2,80
13235520,100,77,0,80
13236030,29,12,3,77
13236540,41,81,-3,80
13237050,7,84,0,80
13237560,63,62,1,79
13238070,98,86,0,79
13238580,27,21,4,75
13239090,49,35,6,69
13239600,68,2,-2,71
13240110,42,35,-9,80
13240620,61,2,9,71
13241130,82,35,-3,74
13241640,96,72,-2,76
13242150,25,7,-1,77
13242660,69,80,-2,79
13243170,35,36,1,78
13243680,79,39,-8,86
13244190,93,76,5,81
13244700,22,11,5,76
13245210,34,84,-9,85
13245720,64,43,7,78
13246230,50,56,2,76
13246740,16,70,-5,81
13247250,19,29,-3,84
13247760,40,32,10,74
13248270,59,46,-4,78
13248780,17,28,-1,79
13249290,85,31,-4,83
13249800,99,68,0,83
13250310,28,3,8,75
13250820,40,36,-2,77
13251330,59,50,-1,78
13251840,17,6,-2,80
13252350,38,79,4,76
13252860,4,38,-2,78
13253370,26,78,-3,81
13253880,48,37,9,72
13254390,67,4,-7,79
13254900,41,16,3,76
13255410,68,49,8,68
13255920,99,86,-8,76
13256430,28,21,-2,78
13256940,40,94,0,78
13257450,6,53,-4,82
13257960,9,12,-2,84
13258470,31,15,10,74
13258980,50,98,-11,85
13259490,16,101,1,84
13260000,19,21,6,78
13260510,41,24,6,72
13261020,60,44,-3,75
13261530,79,57,-5,80
13262040,8,94,-3,83
13262550,15,53,6,77
13263060,18,12,-1,78
13263570,40,85,-3,81
13264080,6,44,-9,90
13264590,9,51,13,77
13265100,12,10,-4,81
13265610,34,83,3,78
13266120,0,42,-3,81
13266630,3,1,0,81
13267140,18,4,7,74
13267650,30,77,-10,84
13268160,98,36,3,81
13268670,10,73,2,79
13269180,13,32,-5,84
13269690,35,43,5,79
13270200,1,46,-4,83
13270710,4,5,4,79
13271220,26,8,4,75
13271730,38,41,-6,81
13272240,4,44,-1,82
13272750,7,3,-2,84
13273260,22,76,5,79
13273770,44,35,-1,80
13274280,63,17,6,74
13274790,9,41,-8,82
13275300,31,81,4,78
13275810,99,40,-2,80
13276320,11,77,-1,81
13276830,26,36,0,81
13277340,94,39,-4,85
13277850,81,76,5,80
13278360,47,11,11,69
13278870,21,35,-12,81
13279380,89,38,-2,83
13279890,1,75,5,78
13280400,57,34,5,73
13280910,71,47,-3,76
13281420,57,84,2,74
13281930,23,87,-6,80
13282440,26,46,1,79
13282950,94,49,-1,80
13283460,6,86,-1,81
13283970,62,6,8,73
13284480,36,39,-5,78
13284990,80,42,-2,80
13285500,67,22,10,70
13286010,54,46,-1,71
13286520,20,96,-5,76
13287030,23,55,-5,81
13287540,26,14,8,73
13288050,48,87,-4,77
13288560,14,90,-5,82
13289070,17,49,3,79
13289580,85,89,-5,84
13290090,51,24,11,73
13290600,65,37,1,72
13291110,79,17,-6,78
13291620,93,41,-3,81
13292130,29,78,-2,83
13292640,32,37,6,77
13293150,100,40,-4,81
13293660,12,77,-2,83
13294170,15,36,-2,85
13294680,37,47,-2,87
13295190,3,50,12,75
13295700,6,9,-7,82
13296210,28,12,8,74
13296720,50,85,-4,78
13297230,16,88,-2,80
13297740,19,47,2,78
13298250,41,50,1,77
13298760,7,53,-6,83
13299270,10,12,2,81
13299780,32,15,4,77
13300290,59,35,4,73
13300800,73,48,-5,78
13301310,59,85,-5,83
13301820,25,88,3,80
13302330,28,47,-7,87
13302840,96,50,6,81
13303350,8,30,-4,85
13303860,30,41,5,80
13304370,98,44,-2,82
13304880,10,81,0,82
13305390,13,59,4,78
13305900,16,18,-2,80
13306410,38,21,5,75
13306920,57,41,-2,77
13307430,76,54,1,76
13307940,53,91,-8,84
13308450,19,94,3,81
13308960,22,72,2,79
13309470,25,31,4,75
13309980,93,34,-3,78
13310490,5,71,-3,81
13311000,61,49,13,68
13311510,80,86,-13,81
13312020,46,21,7,74
13312530,73,41,0,74
13313040,59,21,3,71
13313550,46,45,-7,78
13314060,65,48,2,76
13314570,96,70,-2,78
13315080,25,5,-1,79
13315590,47,22,4,75
13316100,61,42,0,75
13316610,27,55,-5,80
13317120,95,58,0,80
13317630,7,38,-2,82
13318140,10,78,3,79
13318650,13,56,-5,84
13319160,16,15,3,81
13319670,38,60,-3,84
13320180,4,67,6,78
13320690,7,45,-5,83
13321200,10,85,0,83
13321710,13,63,2,81
13322220,0,22,7,74
13322730,22,33,-6,80
13323240,90,36,0,80
13323750,2,73,1,79
13324260,58,32,2,77
13324770,72,45,2,75
13325280,86,82,-6,81
13325790,15,17,-3,84
13326300,83,20,5,79
13326810,70,44,3,76
13327320,84,81,-7,83
13327830,13,16,4,79
13328340,81,19,2,77
13328850,68,43,1,76
13329360,99,56,-8,84
13329870,11,36,-3,87
13330380,33,47,10,77
13330890,101,50,-5,82
13331400,13,87,0,82
13331910,16,65,-3,85
13332420,19,24,4,81
13332930,41,27,4,77
13333440,60,9,2,75
13333950,47,42,-5,80
13334460,66,24,1,79
13334970,40,48,-8,87
13335480,84,51,10,77
13335990,98,31,-3,80
13336500,10,69,1,79
13337010,13,28,-6,85
13337520,35,39,1,84
13338030,79,42,3,81
13338540,65,22,9,72
13339050,39,46,-10,82
13339560,5,49,-3,85
13340070,8,8,4,81
13340580,30,11,4,77
13341090,57,20,-2,79
13341600,44,40,6,73
13342110,10,54,-14,87
13342620,13,13,12,75
13343130,35,37,-7,82
13343640,3,40,-7,89
13344150,18,80,8,81
13344660,21,39,5,76
13345170,89,42,-6,82
13345680,1,22,2,80
13346190,23,25,3,77
13346700,91,28,-1,78
13347210,3,66,-5,83
13347720,93,44,8,75
13348230,5,83,-6,81
13348740,8,61,-1,82
13349250,11,20,-3,85
13349760,33,23,9,76
13350270,77,5,1,75
13350780,64,38,0,75
13351290,78,58,-4,79
13351800,7,80,-4,83
13352310,10,58,4,79
13352820,13,17,-4,83
13353330,35,20,14,69
13353840,54,40,1,68
13354350,73,87,-13,81
13354860,39,7,4,77
13355370,66,40,-3,80
13355880,80,53,-1,81
13356390,9,75,-3,84
13356900,12,34,-1,85
13357410,34,41,9,76
13357920,0,44,-9,85
13358430,3,47,10,75
13358940,6,6,-7,82
13359450,28,9,9,73
13359960,50,29,-1,74
13360470,64,49,4,70
13360980,30,99,-9,79
13361490,33,58,-1,80
13362000,101,61,-8,88
13362510,13,41,3,85
13363020,16,48,3,82
13363530,19,55,-4,86
13364040,22,62,5,81
13364550,25,21,10,71
13365060,47,35,-5,76
13365570,66,17,-1,77
13366080,53,37,0,77
13366590,72,57,-6,83
13367100,30,79,0,83
13367610,33,38,-2,85
13368120,55,62,7,78
13368630,21,65,-9,87
13369140,24,24,13,74
13369650,46,27,-2,76
13370160,60,47,7,69
13370670,79,97,-6,75
13371180,45,17,3,72
13371690,59,37,-2,74
13372200,73,57,-4,78
13372710,36,79,0,78
13373220,2,38,4,74
13373730,24,78,-10,84
13374240,27,37,-1,85
13374750,95,19,-5,90
13375260,7,57,0,90
13375770,10,16,5,85
13376280,32,19,7,78
13376790,59,1,0,78
13377300,80,34,-3,81
13377810,94,56,6,75
13378320,6,36,-4,79
13378830,21,76,-5,84
13379340,24,35,3,81
13379850,92,38,-3,84
13380360,4,75,-1,85
13380870,60,97,12,73
13381380,26,17,-4,77
13381890,53,101,2,75
13382400,19,21,-3,78
13382910,87,24,3,75
13383420,101,62,-5,80
13383930,13,42,-7,87
13384440,16,49,6,81
13384950,19,44,-2,83
13385460,22,47,5,78
13385970,25,50,-4,82
13386480,28,56,2,80
13386990,96,62,-5,85
13387500,8,99,5,80
13388010,11,19,-2,82
13388520,33,22,8,74
13389030,35,42,-2,76
13389540,1,24,-6,82
13390050,23,27,6,76
13390560,91,30,-5,81
13391070,3,67,4,77
13391580,59,26,1,76
13392090,73,46,-5,81
13392600,87,68,-2,83
13393110,16,3,6,77
13393620,38,76,-2,79
13394130,4,79,-4,83
13394640,60,57,6,77
13395150,26,77,-3,80
13395660,29,36,1,79
13396170,97,39,-2,81
13396680,9,76,0,81
13397190,12,35,-6,87
13397700,15,42,3,84
13398210,18,49,-1,85
13398720,21,56,3,82
13399230,24,63,0,82
13399740,27,22,7,75
13400250,46,42,-2,77
13400760,65,24,0,77
13401270,79,44,2,75
13401780,93,24,0,75
13402290,5,62,-10,85
13402800,8,21,9,76
13403310,30,24,-2,78
13403820,57,6,0,78
13404330,72,39,4,74
13404840,86,61,-8,82
13405350,15,83,-6,88
13405860,18,42,8,80
13406370,21,49,0,80
13406880,24,56,-3,83
13407390,92,15,5,78
13407900,4,48,-4,82
13408410,7,43,4,78
13408920,10,2,-4,82
13409430,32,5,10,72
13409940,51,38,-4,76
13410450,9,58,-8,84
13410960,12,17,2,82
13411470,27,20,6,76
13411980,54,44,1,75
13412490,73,64,-5,80
13413000,2,86,-4,84
13413510,58,98,7,77
13414020,24,101,1,76
13414530,27,21,1,75
13415040,71,41,0,75
13415550,85,30,4,71
13416060,99,52,-3,74
13416570,11,32,-12,86
13417080,33,43,4,82
13417590,101,46,-3,85
13418100,13,26,7,78
13418610,35,29,0,78
13419120,54,11,1,77
13419630,28,66,-4,81
13420140,31,25,6,75
13420650,101,39,-10,85
13421160,13,76,1,84
13421670,16,35,-2,86
13422180,38,46,7,79
13422690,4,60,-2,81
13423200,7,38,3,78
13423710,10,78,-4,82
13424220,13,37,-2,84
13424730,16,44,-1,85
13425240,19,84,5,80
13425750,20,43,-1,81
13426260,42,50,1,80
13426770,8,53,-1,81
13427280,11,12,-2,83
13427790,26,15,7,76
13428300,51,35,-2,78
13428810,70,55,-2,80
13429320,101,77,1,79
13429830,30,12,1,78
13430340,33,21,5,73
13430850,77,41,-3,76
13431360,91,21,-1,77
13431870,3,45,-1,78
13432380,6,4,-10,88
13432890,21,7,12,76
13433400,43,80,-10,86
13433910,11,83,3,83
13434420,14,61,-2,85
13434930,22,20,2,83
13435440,44,23,13,70
13435950,58,43,-2,72
13436460,89,32,-9,81
13436970,1,54,-3,84
13437480,22,49,-1,85
13437990,25,52,11,74
13438500,93,58,-7,81
13439010,5,38,-1,82
13439520,8,78,3,79
13440030,11,56,-7,86
13440540,14,15,7,79
13441050,36,18,0,79
13441560,61,38,4,75
13442070,75,51,-7,82
13442580,4,31,3,79
13443090,14,71,-4,83
13443600,17,30,-4,87
13444110,39,33,13,74
13444620,58,15,-3,77
13445130,32,35,-3,80
13445640,54,38,12,68
13446150,85,5,-10,78
13446660,11,38,-2,80
13447170,21,33,-3,83
13447680,43,36,2,81
13448190,62,18,3,78
13448700,36,38,3,75
13449210,80,41,-9,84
13449720,54,21,13,71
13450230,68,41,-9,80
13450740,82,54,2,78
13451250,11,34,-3,81
13451760,33,45,-1,82
13452270,55,48,10,72
13452780,74,95,-5,77
13453290,40,98,-4,81
13453800,70,57,8,73
13454310,101,79,-8,81
13454820,30,14,9,72
13455330,100,34,-10,82
13455840,12,72,0,82
13456350,15,31,-7,89
13456860,37,34,10,79
13457370,50,48,0,79
13457880,69,68,5,74
13458390,46,80,-7,81
13458900,39,83,-1,82
13459410,10,42,-9,91
13459920,25,82,12,79
13460430,28,41,-1,80
13460940,96,44,2,78
13461450,8,24,-5,83
13461960,30,27,3,80
13462470,100,9,-6,86
13462980,26,47,8,78
13463490,94,50,-1,79
13464000,6,30,-6,85
13464510,16,41,1,84
13465020,26,52,5,79
13465530,94,55,-3,82
13466040,6,35,-6,88
13466550,9,42,10,78
13467060,12,1,-2,80
13467570,34,4,1,79
13468080,49,37,5,74
13468590,68,84,-7,81
13469100,34,6,2,79
13469610,49,15,5,74
13470120,23,35,-9,83
13470630,91,38,-3,86
13471140,3,75,3,83
13471650,6,34,-1,84
13472160,16,45,1,83
13472670,19,85,-3,86
13473180,22,44,2,84
13473690,25,47,-1,85
13474200,93,50,-1,86
13474710,5,30,4,82
13475220,15,41,-1,83
13475730,18,52,7,76
13476240,21,11,-3,79
13476750,91,95,-6,85
13477260,25,15,1,84
13477770,50,39,12,72
13478280,69,6,2,70
13478790,43,39,-8,78
13479300,62,21,-1,79
13479810,36,41,-1,80
13480320,80,44,-1,81
13480830,94,39,5,76
13481340,6,76,-7,83
13481850,9,35,0,83
13482360,19,42,2,81
13482870,87,45,2,79
13483380,74,25,6,73
13483890,61,49,-2,75
13484400,97,96,-4,79
13484910,31,31,-1,80
13485420,75,13,-6,86
13485930,62,46,9,77
13486440,98,72,-5,82
13486950,27,7,4,78
13487460,28,16,0,78
13487970,53,40,2,76
13488480,72,66,3,73
13488990,49,78,-12,85
13489500,15,84,4,81
13490010,18,43,-3,84
13490520,86,54,6,78
13491030,15,34,-11,89
13491540,18,45,12,77
13492050,21,51,-12,89
13492560,24,58,1,88
13493070,27,53,11,77
13493580,95,60,1,76
13494090,24,40,-7,83
13494600,92,43,4,79
13495110,4,80,-3,82
13495620,7,39,1,81
13496130,10,79,-2,83
13496640,13,89,-1,84
13497150,16,48,4,80
13497660,19,88,2,78
13498170,22,47,-6,84
13498680,32,54,0,84
13499190,100,57,2,82
13499700,12,37,1,81
13500210,15,48,0,81
13500720,18,88,0,81
13501230,21,47,2,79
13501740,31,53,-3,82
13502250,99,56,1,81
13502760,11,36,-4,85
13503270,21,47,2,83
13503780,24,50,7,76
13504290,27,53,-7,83
13504800,95,56,1,82
13505310,7,36,-2,84
13505820,17,43,1,83
13506330,27,54,3,80
13506840,30,57,-2,82
13507350,98,60,3,79
13507860,10,40,-5,84
13508370,20,47,-4,88
13508880,23,58,9,79
13509390,26,61,-2,81
13509900,29,20,7,74
13510410,56,34,1,73
13510920,70,54,-3,76
13511430,101,101,-7,83
13511940,35,36,0,83
13512450,84,39,5,78
13512960,98,19,-2,80
13513470,54,57,0,80
13513980,20,71,0,80
13514490,23,30,-5,85
13515000,91,33,3,82
13515510,3,70,4,78
13516020,6,29,-9,87
13516530,78,32,9,78
13517040,52,15,3,75
13517550,26,24,1,74
13518060,27,38,-7,81
13518570,95,41,1,80
13519080,7,78,-3,83
13519590,10,37,-3,86
13520100,20,48,4,82
13520610,23,59,-6,88
13521120,38,18,6,82
13521630,63,27,7,75
13522140,37,51,-4,79
13522650,3,54,-4,83
13523160,93,13,3,80
13523670,49,46,7,73
13524180,12,60,-7,80
13524690,15,19,6,74
13525200,83,22,-6,80
13525710,57,46,2,78
13526220,93,93,-3,81
13526730,27,3,5,76
13527240,83,36,-6,82
13527750,97,60,1,81
13528260,67,40,5,76
13528770,41,29,1,75
13529280,101,98,-8,83
13529790,35,8,7,76
13530300,50,79,-11,87
13530810,16,82,7,80
13531320,19,41,2,78
13531830,29,44,1,77
13532340,97,47,-3,80
13532850,9,27,1,79
13533360,19,38,-11,90
13533870,22,49,10,80
13534380,90,52,0,80
13534890,2,32,0,80
13535400,12,72,-5,85
13535910,15,31,2,83
13536420,30,42,-1,84
13536930,98,45,-2,86
13537440,10,25,5,81
13537950,20,36,0,81
13538460,88,18,3,78
13538970,14,56,-7,85
13539480,17,15,0,85
13539990,38,18,14,71
13540500,46,38,-9,80
13541010,65,20,5,75
13541520,39,29,-8,83
13542030,58,43,8,75
13542540,16,44,-8,83
13543050,19,55,0,83
13543560,22,58,4,79
13544070,25,17,4,75
13544580,26,31,-5,80
13545090,59,34,10,70
13545600,33,23,-5,75
13546110,34,92,-6,81
13546620,5,51,1,80
13547130,8,10,-1,81
13547640,76,13,4,77
13548150,50,37,3,74
13548660,69,4,-4,78
13549170,43,37,3,75
13549680,62,51,3,72
13550190,98,40,-2,74
13550700,41,77,-3,77
13551210,7,80,-2,79
13551720,10,39,-8,87
13552230,13,79,7,80
13552740,16,38,-3,83
13553250,26,49,3,80
13553760,94,52,-1,81
13554270,6,32,-4,85
13554780,21,63,3,82
13555290,24,22,3,79
13555800,94,91,-12,91
13556310,28,1,22,69
13556820,43,34,-7,76
13557330,62,48,-1,77
13557840,93,37,1,76
13558350,5,74,-5,81
13558860,78,52,-2,83
13559370,7,41,0,83
13559880,17,81,-2,85
13560390,20,40,-1,86
13560900,88,51,3,83
13561410,0,31,1,82
13561920,10,71,4,78
13562430,13,30,-8,86
13562940,24,41,3,83
13563450,92,44,1,82
13563960,4,24,-2,84
13564470,14,27,1,83
13564980,29,30,3,80
13565490,28,33,-3,83
13566000,49,36,14,69
13566510,85,50,-7,76
13567020,99,30,-8,84
13567530,11,68,-1,85
13568040,14,27,2,83
13568550,36,38,5,78
13569060,57,41,8,70
13569570,88,30,-14,84
13570080,0,54,5,79
13570590,73,49,-4,83
13571100,59,38,13,70
13571610,90,27,-10,80
13572120,2,65,-1,81
13572630,25,24,3,78
13573140,26,27,-2,80
13573650,27,30,0,80
13574160,48,33,4,76
13574670,67,0,-4,80
13575180,88,33,2,78
13575690,0,71,-7,85
13576200,3,30,8,77
13576710,13,33,-9,86
13577220,16,44,3,83
13577730,19,47,-3,86
13578240,30,54,3,83
13578750,98,57,4,79
13579260,10,37,-1,80
13579770,20,48,-2,82
13580280,23,51,5,77
13580790,91,54,0,77
13581300,3,34,-5,82
13581810,13,37,-4,86
13582320,28,48,4,82
13582830,96,51,0,82
13583340,8,31,-1,83
13583850,18,42,0,83
13584360,21,53,6,77
13584870,24,59,0,77
13585380,27,18,5,72
13585890,28,42,-10,82
13586400,96,91,-1,83
13586910,25,26,5,78
13587420,26,29,-3,81
13587930,48,32,6,75
13588440,67,21,3,72
13588950,41,45,-7,79
13589460,7,48,2,77
13589970,10,7,-2,79
13590480,32,10,6,73
13590990,33,43,-12,85
13591500,101,46,3,82
13592010,13,83,1,81
13592520,16,42,1,80
13593030,26,53,2,78
13593540,94,56,-2,80
13594050,6,36,-1,81
13594560,16,76,1,80
13595070,19,35,-1,81
13595580,87,38,1,80
13596090,101,60,-3,83
13596600,13,40,2,81
13597110,16,51,-2,83
13597620,19,46,-2,85
13598130,22,49,7,78
13598640,32,52,0,78
13599150,100,55,-6,84
13599660,12,35,3,81
13600170,15,46,-3,84
13600680,18,86,4,80
13601190,21,45,5,75
13601700,31,51,-9,84
13602210,99,54,-1,85
13602720,11,34,3,82
13603230,14,45,2,80
13603740,17,85,0,80
13604250,20,44,5,75
13604760,88,47,-3,78
13605270,0,27,1,77
13605780,10,30,-2,79
13606290,20,41,-11,90
13606800,23,52,3,87
13607310,26,55,11,76
13607820,29,58,-8,84
13608330,97,65,0,84
13608840,26,45,-3,87
13609350,94,48,9,78
13609860,6,28,-5,83
13610370,16,31,2,81
13610880,27,34,2,79
13611390,48,37,3,76
13611900,67,26,5,71
13612410,80,50,-11,82
13612920,94,39,-1,83
13613430,6,63,-2,85
13613940,9,22,6,79
13614450,20,25,-2,81
13614960,88,28,0,81
13615470,0,52,0,81
13615980,3,11,3,78
13616490,14,14,-2,80
13617000,36,17,5,75
13617510,37,37,-2,77
13618020,56,40,4,73
13618530,87,60,-3,76
13619040,16,40,-9,85
13619550,19,51,4,81
13620060,22,54,-3,84
13620570,25,94,6,78
13621080,28,53,-5,83
13621590,58,56,5,78
13622100,24,45,-2,80
13622610,92,48,0,80
13623120,4,28,-1,81
13623630,14,31,-3,84
13624140,29,34,-1,85
13624650,50,37,11,74
13625160,69,57,1,73
13625670,100,46,-5,78
13626180,12,26,0,78
13626690,27,29,2,76
13627200,76,32,-1,77
13627710,90,54,-1,78
13628220,2,34,-2,80
13628730,5,37,-3,83
13629240,15,40,-1,84
13629750,25,51,3,81
13630260,93,54,-1,82
13630770,5,71,1,81
13631280,8,30,4,77
13631790,11,41,-9,86
13632300,14,81,5,81
13632810,17,40,-7,88
13633320,32,51,5,83
13633830,100,54,-2,85
13634340,12,34,4,81
13634850,15,45,-2,83
13635360,18,56,3,80
13635870,21,15,4,76
13636380,22,18,5,71
13636890,23,32,-10,81
13637400,91,35,0,81
13637910,3,57,-1,82
13638420,26,16,5,77
13638930,27,19,-5,82
13639440,28,1,8,74
13639950,43,34,-3,77
13640460,62,37,2,75
13640970,20,26,-2,77
13641480,88,29,-3,80
13641990,0,51,-7,87
13642500,3,63,10,77
13643010,6,22,-8,85
13643520,17,25,1,84
13644030,20,28,-1,85
13644540,42,31,10,75
13645050,61,13,2,73
13645560,35,46,-11,84
13646070,1,49,2,82
13646580,35,8,2,80
13647090,50,41,7,73
13647600,81,88,-7,80
13648110,15,11,0,80
13648620,36,14,2,78
13649130,63,23,1,77
13649640,37,47,-4,81
13650150,3,50,-3,84
13650660,6,9,2,82
13651170,17,12,4,78
13651680,51,15,4,74
13652190,25,35,-8,82
13652700,93,38,2,80
13653210,5,75,-4,84
13653720,8,34,0,84
13654230,11,45,4,80
13654740,14,85,-1,81
13655250,17,44,-4,85
13655760,85,84,4,81
13656270,14,4,0,81
13656780,35,7,6,75
13657290,36,40,-3,78
13657800,2,43,-4,82
13658310,5,2,-2,84
13658820,20,5,8,76
13659330,21,89,-3,79
13659840,24,48,-1,80
13660350,73,51,-2,82
13660860,2,73,1,81
13661370,5,32,-2,83
13661880,15,72,0,83
13662390,18,31,1,82
13662900,21,34,3,79
13663410,89,37,1,78
13663920,1,74,-3,81
13664430,4,33,2,79
13664940,5,36,1,78
13665450,15,76,-5,83
13665960,18,35,6,77
13666470,86,38,-1,78
13666980,100,18,1,77
13667490,26,36,-5,82
13668000,94,39,-2,84
13668510,6,76,-1,85
13669020,9,35,3,82
13669530,19,46,-7,89
13670040,22,57,8,81
13670550,25,16,3,78
13671060,26,100,2,76
13671570,29,59,-8,84
13672080,32,62,1,83
13672590,100,65,2,81
13673100,29,45,-1,82
13673610,97,48,3,79
13674120,9,28,-11,90
13674630,42,31,14,76
13675140,61,13,6,70
13675650,75,37,-8,78
13676160,89,17,-3,81
13676670,15,54,-4,85
13677180,18,13,5,80
13677690,52,16,10,70
13678200,66,25,-13,83
13678710,40,49,6,77
13679220,6,55,-7,84
13679730,9,14,5,79
13680240,31,17,-2,81
13680750,58,41,5,76
13681260,89,30,-3,79
13681770,1,52,-4,83
13682280,4,11,1,82
13682790,19,14,0,82
13683300,89,17,3,79
13683810,15,35,-7,86
13684320,18,46,1,85
13684830,86,57,4,81
13685340,15,37,3,78
13685850,18,48,-7,85
13686360,21,59,-4,89
13686870,24,62,11,78
13687380,54,21,4,74
13687890,68,45,2,72
13688400,99,25,-10,82
13688910,25,62,7,75
13689420,55,21,5,70
13689930,29,45,-14,84
13690440,97,48,2,82
13690950,9,28,1,81
13691460,19,31,-1,82
13691970,87,34,1,81
13692480,101,71,-3,84
13692990,30,6,10,74
13693500,31,15,-1,75
13694010,58,35,9,66
13694520,72,24,-11,77
13695030,10,48,-3,80
13695540,11,7,-1,81
13696050,26,10,4,77
13696560,27,94,-3,80
13697070,30,53,-7,87
13697580,98,56,5,82
13698090,10,36,-4,86
13698600,20,76,3,83
13699110,23,35,-3,86
13699620,91,38,4,82
13700130,3,18,3,79
13700640,13,21,0,79
13701150,24,24,-1,80
13701660,73,27,7,73
13702170,87,49,-2,75
13702680,101,29,-6,81
13703190,13,66,3,78
13703700,16,25,-6,84
13704210,84,28,0,84
13704720,98,52,4,80
13705230,10,32,-2,82
13705740,20,43,6,76
13706250,88,46,-7,83
13706760,0,26,-3,86
13707270,15,29,-1,87
13707780,18,32,10,77
13708290,86,35,-4,81
13708800,100,57,0,81
13709310,12,37,1,80
13709820,22,77,-1,81
13710330,52,36,6,75
13710840,88,25,-6,81
13711350,0,47,5,76
13711860,30,6,-3,79
13712370,47,15,7,72
13712880,21,24,-10,82
13713390,89,27,4,78
13713900,1,49,-4,82
13714410,4,8,-3,85
13714920,19,11,3,82
13715430,20,14,8,74
13715940,90,17,-3,77
13716450,16,35,-3,80
13716960,31,38,1,79
13717470,99,41,-4,83
13717980,11,21,-1,84
13718490,8,24,-5,89
13719000,19,27,9,80
13719510,87,30,-5,85
13720020,101,52,2,83
13720530,13,32,-1,84
13721040,14,43,2,82
13721550,15,83,2,80
13722060,18,50,-9,89
13722570,21,53,4,85
13723080,24,56,4,81
13723590,92,59,-4,85
13724100,4,39,8,77
13724610,5,100,-6,83
13725120,12,10,0,83
13725630,27,13,6,77
13726140,25,97,-2,79
13726650,28,56,-5,84
13727160,58,59,9,75
13727670,24,48,1,74
13728180,92,51,-11,85
13728690,4,31,2,83
13729200,14,34,-6,89
13729710,29,45,10,79
13730220,97,48,2,77
13730730,9,28,-12,89
13731240,19,31,9,80
13731750,87,34,-1,81
13732260,101,56,-3,84
13732770,13,36,-2,86
13733280,14,47,-3,89
13733790,15,50,13,76
13734300,16,9,-2,78
13734810,17,33,-7,85
13735320,66,36,10,75
13735830,80,25,-4,79
13736340,54,47,1,78
13736850,90,50,-4,82
13737360,19,30,-4,86
13737870,87,33,11,75
13738380,101,55,-8,83
13738890,13,35,-1,84
13739400,23,38,0,84
13739910,91,41,9,75
13740420,3,21,-5,80
13740930,13,24,-6,86
13741440,81,27,8,78
13741950,37,49,-4,82
13742460,3,52,4,78
13742970,93,11,-4,82
13743480,49,14,5,77
13743990,68,23,0,77
13744500,42,47,-3,80
13745010,8,50,-2,82
13745520,18,9,2,80
13746030,67,33,5,75
13746540,81,22,-2,77
13747050,68,44,0,77
13747560,54,33,0,77
13748070,68,46,3,74
13748580,24,68,-12,86
13749090,54,27,6,80
13749600,68,47,12,68
13750110,24,69,-13,81
13750620,27,28,3,78
13751130,46,31,2,76
13751640,65,20,-3,79
13752150,39,44,6,73
13752660,58,47,-2,75
13753170,77,69,0,75
13753680,75,91,-1,76
13754190,41,11,3,73
13754700,97,20,2,71
13755210,53,38,-2,73
13755720,72,27,-6,79
13756230,46,51,4,75
13756740,12,54,-11,86
13757250,15,13,1,85
13757760,30,16,11,74
13758270,28,25,-2,76
13758780,77,28,0,76
13759290,51,46,-2,78
13759800,70,35,4,74
13760310,84,57,-9,83
13760820,13,37,8,75
13761330,23,48,-12,87
13761840,91,51,9,78
13762350,3,31,-5,83
13762860,13,34,1,82
13763370,23,45,0,82
13763880,91,48,1,81
13764390,3,28,2,79
13764900,13,31,-6,85
13765410,28,34,8,77
13765920,96,37,-4,81
13766430,8,59,-6,87
13766940,11,18,6,81
13767450,22,21,-2,83
13767960,71,24,11,72
13768470,85,48,-4,76
13768980,99,28,-7,83
13769490,11,50,2,81
13770000,21,9,-1,82
13770510,53,12,10,72
13771020,27,36,-10,82
13771530,95,39,1,81
13772040,7,61,0,81
13772550,10,20,-5,86
13773060,21,23,10,76
13773570,22,26,-9,85
13774080,90,29,8,77
13774590,46,51,0,77
13775100,12,54,-12,89
13775610,15,13,11,78
13776120,64,16,-2,80
13776630,38,40,3,77
13777140,57,69,1,76
13777650,23,93,0,76
13778160,26,52,-7,83
13778670,56,55,4,79
13779180,87,44,3,76
13779690,101,66,-8,84
13780200,27,46,1,83
13780710,95,49,2,81
13781220,7,29,1,80
13781730,17,40,-8,88
13782240,45,80,6,82
13782750,75,83,2,80
13783260,41,3,-2,82
13783770,56,36,9,73
13784280,70,25,-6,79
13784790,84,43,-1,80
13785300,58,23,10,70
13785810,72,43,-6,76
13786320,86,32,-1,77
13786830,100,54,-3,80
13787340,12,34,-5,85
13787850,22,45,2,83
13788360,90,48,1,82
13788870,2,28,2,80
13789380,12,39,0,80
13789890,13,50,1,79
13790400,16,9,-5,84
13790910,65,12,8,76
13791420,39,21,-1,77
13791930,66,41,4,73
13792440,80,30,1,72
13792950,94,54,-10,82
13793460,6,34,2,80
13793970,16,74,-2,82
13794480,26,33,2,80
13794990,94,36,0,80
13795500,6,58,0,80
13796010,9,17,-3,83
13796520,20,20,-1,84
13797030,69,23,2,82
13797540,43,47,0,82
13798050,9,50,-7,89
13798560,19,62,11,78
13799070,3,21,-8,86
13799580,4,24,0,86
13800090,14,27,-1,87
13800600,42,30,9,78
13801110,61,19,1,77
13801620,35,43,-4,81
13802130,1,46,-4,85
13802640,24,58,3,82
13803150,34,53,1,81
13803660,0,56,-4,85
13804170,34,15,7,78
13804680,98,99,-8,86
13805190,32,9,10,76
13805700,33,18,-2,78
13806210,60,38,5,73
13806720,74,27,-5,78
13807230,48,51,4,74
13807740,14,40,-7,81
13808250,24,51,-10,91
13808760,39,62,12,79
13809270,5,51,0,79
13809780,8,10,-3,82
13810290,19,13,3,79
13810800,68,37,9,70
13811310,82,26,-8,78
13811820,56,62,-1,79
13812330,22,65,-3,82
13812840,25,24,5,77
13813350,74,27,-1,78
13813860,48,49,-4,82
13814370,14,38,-4,86
13814880,15,78,5,81
13815390,35,56,1,80
13815900,1,45,1,79
13816410,11,57,-3,82
13816920,14,16,-2,84
13817430,25,19,3,81
13817940,26,43,0,81
13818450,94,46,1,80
13818960,6,26,0,80
13819470,16,29,-1,81
13819980,26,32,2,79
13820490,94,35,2,77
13821000,6,57,-7,84
13821510,9,16,-4,88
13822020,20,19,7,81
13822530,45,22,7,74
13823040,59,42,5,69
13823550,90,31,-10,79
13824060,98,53,3,76
13824570,10,33,-1,77
13825080,20,44,-6,83
13825590,23,47,0,83
13826100,91,50,0,83
13826610,3,30,0,83
13827120,13,41,0,83
13827630,16,81,-2,85
13828140,19,59,2,83
13828650,22,18,8,75
13829160,92,21,2,73
13829670,48,45,-8,81
13830180,95,34,-1,82
13830690,7,56,3,79
13831200,10,15,-4,83
13831710,21,18,5,78
13832220,91,21,-3,81
13832730,3,43,-3,84
13833240,93,55,6,78
13833750,5,35,-1,79
13834260,6,75,1,78
13834770,13,53,-5,83
13835280,16,12,6,77
13835790,41,15,-2,79
13836300,68,35,4,75
13836810,42,24,1,74
13837320,61,44,5,69
13837830,92,96,-8,77
13838340,26,16,0,77
13838850,27,40,-5,82
13839360,95,43,-1,83
13839870,7,23,-1,84
13840380,17,26,5,79
13840890,85,29,-8,87
13841400,59,51,10,77
13841910,90,40,0,77
13842420,2,20,-4,81
13842930,12,23,1,80
13843440,40,26,6,74
13843950,59,8,-6,80
13844460,87,32,5,75
13844970,101,54,-8,83
13845480,13,58,-3,86
13845990,16,17,0,86
13846500,37,20,8,78
13847010,64,2,-1,79
13847520,85,5,8,71
13848030,11,29,-19,90
13848540,12,32,10,80
13849050,22,35,-1,81
13849560,90,38,0,81
13850070,2,18,0,81
13850580,12,21,-2,83
13851090,34,24,5,78
13851600,61,38,-1,79
13852110,75,27,-2,81
13852620,49,49,5,76
13853130,15,52,-10,86
13853640,18,64,4,82
13854150,21,23,-1,83
13854660,91,26,7,76
13855170,3,48,-6,82
13855680,93,7,5,77
13856190,19,10,1,76
13856700,44,34,7,69
13857210,63,23,-9,78
13857720,37,43,-3,81
13858230,3,46,-7,88
13858740,26,5,10,78
13859250,41,14,2,76
13859760,56,23,2,74
13860270,70,47,-5,79
13860780,101,36,0,79
13861290,13,58,-3,82
13861800,16,17,2,80
13862310,50,20,3,77
13862820,64,40,4,73
13863330,78,29,-8,81
13863840,92,51,-1,82
13864350,4,64,-4,86
13864860,27,42,8,78
13865370,95,45,-5,83
13865880,7,25,-2,85
13866390,17,28,3,82
13866900,38,31,5,77
13867410,69,34,1,76
13867920,83,56,-2,78
13868430,12,36,-10,88
13868940,27,39,7,81
13869450,95,42,3,78
13869960,7,22,-5,83
13870470,18,25,1,82
13870980,39,28,1,81
13871490,70,10,2,79
13872000,44,34,9,70
13872510,63,23,-5,75
13873020,37,47,-4,79
13873530,3,50,-2,81
13874040,4,45,-2,83
13874550,7,4,3,80
13875060,29,7,6,74
13875570,56,16,-1,75
13876080,30,40,-12,87
13876590,57,43,14,73
13877100,88,77,-3,76
13877610,17,99,-5,81
13878120,24,77,4,77
13878630,27,36,-3,80
13879140,95,39,-3,83
13879650,7,19,2,81
13880160,18,22,-2,83
13880670,43,25,7,76
13881180,57,45,2,74
13881690,88,34,-5,79
13882200,0,37,-7,86
13882710,15,2,7,79
13883220,36,86,0,79
13883730,66,45,0,79
13884240,97,34,-3,82
13884750,9,56,2,80
13885260,10,15,-2,82
13885770,32,18,0,82
13886280,59,0,5,77
13886790,33,3,4,73
13887300,7,12,-7,80
13887810,18,15,1,79
13888320,67,39,3,76
13888830,81,28,-5,81
13889340,55,50,3,78
13889850,13,31,-6,84
13890360,28,34,10,74
13890870,96,37,-10,84
13891380,8,17,5,79
13891890,19,20,3,76
13892400,47,78,-14,90
13892910,13,67,8,82
13893420,14,45,-3,85
13893930,29,85,0,85
13894440,59,44,13,72
13894950,90,33,-14,86
13895460,2,13,7,79
13895970,24,16,1,78
13896480,51,100,6,72
13896990,81,20,-4,76
13897500,55,42,0,76
13898010,86,31,-2,78
13898520,100,53,-2,80
13899030,12,33,-2,82
13899540,22,40,1,81
13900050,71,43,1,80
13900560,85,32,-4,84
13901070,99,54,6,78
13901580,11,34,-8,86
13902090,12,45,-4,90
13902600,27,85,10,80
13903110,57,43,6,74
13903620,15,32,-8,82
13904130,64,43,13,69
13904640,95,32,-14,83
13905150,7,54,5,78
13905660,8,32,-7,85
13906170,9,43,3,82
13906680,19,83,1,81
13907190,26,61,-7,88
13907700,56,22,19,69
13908210,70,42,-2,71
13908720,84,31,-3,74
13909230,98,53,-6,80
13909740,10,33,0,80
13910250,25,40,-8,88
13910760,47,43,12,76
13911270,66,32,-3,79
13911780,80,21,3,76
13912290,54,43,-2,78
13912800,73,32,-6,84
13913310,87,54,4,80
13913820,101,34,2,78
13914330,13,56,-10,88
13914840,28,68,9,79
13915350,58,27,-4,83
13915860,72,47,5,78
13916370,1,27,-4,82
13916880,11,38,0,82
13917390,26,78,2,80
13917900,29,37,-6,86
13918410,97,40,7,79
13918920,5,20,-3,82
13919430,96,23,0,82
13919940,8,45,2,80
13920450,23,4,3,77
13920960,93,88,-5,82
13921470,22,23,-4,86
13921980,56,26,14,72
13922490,30,50,-9,81
13923000,98,53,-3,84
13923510,10,33,8,76
13924020,20,44,-3,79
13924530,69,58,7,72
13925040,100,80,-9,81
13925550,29,15,5,76
13926060,99,99,-6,82
13926570,33,19,2,80
13927080,60,1,9,71
13927590,34,25,-5,76
13928100,53,7,1,75
13928610,27,31,-1,76
13929120,76,34,-2,78
13929630,50,14,3,75
13930140,24,38,-9,84
13930650,92,41,2,82
13931160,4,21,-1,83
13931670,19,24,7,76
13932180,40,27,0,76
13932690,59,9,4,72
13933200,33,33,-3,75
13933710,101,36,-3,78
13934220,13,16,-4,82
13934730,34,19,2,80
13935240,61,1,5,75
13935750,35,4,5,70
13936260,50,28,-7,77
13936770,64,41,2,75
13937280,80,70,-8,83
13937790,9,5,3,80
13938300,24,89,-1,81
13938810,54,67,2,79
13939320,20,92,-4,83
13939830,27,70,5,78
13940340,57,29,3,75
13940850,31,42,-1,76
13941360,99,45,-5,81
13941870,60,25,9,72
13942380,74,49,-3,75
13942890,3,71,-11,86
13943400,59,49,11,75
13943910,25,96,0,75
13944420,32,74,0,75
13944930,62,96,-1,76
13945440,28,16,-4,80
13945950,98,100,-4,84
13946460,32,35,6,78
13946970,100,38,1,77
13947480,12,18,-6,83
13947990,34,21,5,78
13948500,61,3,3,75
13949010,35,27,-4,79
13949520,54,9,3,76
13950030,69,33,-3,79
13950540,43,13,4,75
13951050,17,22,-9,84
13951560,38,25,10,74
13952070,65,45,-3,77
13952580,39,58,-4,81
13953090,5,61,4,77
13953600,28,39,-5,82
13954110,36,42,3,79
13954620,2,45,-4,83
13955130,17,57,-2,85
13955640,27,79,0,85
13956150,17,38,1,84
13956660,66,41,12,72
13957170,40,30,-1,73
13957680,59,12,2,71
13958190,73,36,-9,80
13958700,47,16,6,74
13959210,21,40,-11,85
13959720,70,43,9,76
13960230,33,32,1,75
13960740,60,35,2,73
13961250,34,24,-4,77
13961760,19,6,-4,81
13962270,40,90,-1,82
13962780,13,10,-5,87
13963290,34,13,14,73
13963800,61,37,3,70
13964310,75,26,-7,77
13964820,49,48,4,73
13965330,15,37,-10,83
13965840,25,56,6,77
13966350,28,25,-1,78
13966860,59,28,3,75
13967370,73,41,0,75
13967880,87,21,-1,76
13968390,74,43,-6,82
13968900,48,23,11,71
13969410,62,36,-3,74
13969920,76,49,-3,77
13970430,50,29,4,73
13970940,24,42,-4,77
13971450,92,45,-7,84
13971960,4,25,8,76
13972470,14,28,-9,85
13972980,82,31,10,75
13973490,56,53,-2,77
13974000,87,77,-4,81
13974510,16,12,5,76
13975020,84,36,-2,78
13975530,98,16,0,78
13976040,54,40,8,70
13976550,17,29,-17,87
13977060,66,32,13,74
13977570,40,12,-2,76
13978080,55,36,7,69
13978590,18,25,-15,84
13979100,39,28,8,76
13979610,70,10,5,71
13980120,44,34,-10,81
13980630,63,16,6,75
13981140,37,40,-1,76
13981650,56,43,-3,79
13982160,87,90,-1,80
13982670,16,25,-8,88
13983180,86,28,10,78
13983690,60,50,2,76
13984200,91,97,-9,85
13984710,20,32,4,81
13985220,88,35,0,81
13985730,0,57,2,79
13986240,56,35,3,76
13986750,87,48,-3,79
13987260,101,28,4,75
13987770,13,50,-9,84
13988280,16,62,-1,85
13988790,37,21,10,75
13989300,56,41,-1,76
13989810,87,30,-6,82
13990320,61,52,6,76
13990830,92,41,4,72
13991340,4,21,-11,83
13991850,14,24,0,83
13992360,36,27,7,76
13992870,67,9,-5,81
13993380,41,33,6,75
13993890,60,15,1,74
13994400,34,39,-3,77
13994910,65,28,-3,80
13995420,39,37,3,77
13995930,58,40,6,71
13996440,89,29,-6,77
13996950,63,51,5,72
13997460,94,73,-1,73
13997970,23,8,-5,78
13998480,50,32,3,75
13998990,8,45,-6,81
13999500,29,4,6,75
14000010,46,13,2,73
14000520,20,37,-9,82
14001030,23,40,0,82
14001540,91,43,-6,88
14002050,65,23,2,86
14002560,39,47,6,80
14003070,5,50,-2,82
14003580,8,9,-4,86
14004090,23,12,9,77
14004600,93,36,-3,80
14005110,5,16,-6,86
14005620,16,19,5,81
14006130,38,22,3,78
14006640,65,4,6,72
14007150,39,28,-4,76
14007660,58,10,1,75
14008170,32,34,-3,78
14008680,53,37,0,78
14009190,84,26,-2,80
14009700,58,48,2,78
14010210,89,4,4,74
14010720,15,28,-10,84
14011230,18,31,-8,92
14011740,21,34,14,78
14012250,43,37,3,75
14012760,74,40,0,75
14013270,48,20,-4,79
14013780,75,44,2,77
14014290,4,24,-4,81
14014800,14,35,1,80
14015310,24,46,2,78
14015820,92,49,-3,81
14016330,4,29,0,81
14016840,14,40,-6,87
14017350,17,80,3,84
14017860,20,39,1,83
14018370,42,42,9,74
14018880,1,45,-13,87
14019390,11,4,4,83
14019900,33,88,4,79
14020410,63,47,7,72
14020920,94,69,-7,79
14021430,81,49,3,76
14021940,95,29,-4,80
14022450,82,3,8,72
14022960,8,27,-10,82
14023470,18,38,-3,85
14023980,28,41,10,75
14024490,96,44,-9,84
14025000,8,24,7,77
14025510,18,27,-12,89
14026020,40,30,12,77
14026530,59,12,-2,79
14027040,33,36,-1,80
14027550,52,39,7,73
14028060,83,28,-4,77
14028570,57,52,5,72
14029080,23,76,-8,80
14029590,30,35,0,80
14030100,52,38,3,77
14030610,83,58,0,77
14031120,12,95,-3,80
14031630,19,73,-3,83
14032140,22,32,4,79
14032650,90,35,-4,83
14033160,2,15,1,82
14033670,12,90,2,80
14034180,19,68,-5,85
14034690,22,27,1,84
14035200,92,30,5,79
14035710,4,10,-2,81
14036220,15,13,8,73
14036730,83,16,-6,79
14037240,39,40,3,76
14037750,37,43,-9,85
14038260,3,46,-3,88
14038770,13,5,2,86
14039280,34,89,9,77
14039790,7,48,-2,79
14040300,17,7,0,79
14040810,39,31,8,71
14041320,58,13,-6,77
14041830,32,37,-3,80
14042340,100,40,9,71
14042850,12,20,-14,85
14043360,34,23,7,78
14043870,61,5,3,75
14044380,35,29,-1,76
14044890,66,11,-7,83
14045400,40,35,11,72
14045910,59,38,2,70
14046420,22,27,-14,84
14046930,90,30,3,81
14047440,2,52,1,80
14047950,23,11,3,77
14048460,93,35,-4,81
14048970,5,72,0,81
14049480,26,50,2,79
14049990,94,53,1,78
14050500,23,33,0,78
14051010,91,36,-6,84
14051520,3,73,0,84
14052030,93,51,0,84
14052540,22,31,-2,86
14053050,90,34,8,78
14053560,2,58,-8,86
14054070,23,17,12,74
14054580,24,41,-3,77
14055090,92,44,2,75
14055600,4,24,-1,76
14056110,14,35,-6,82
14056620,24,46,1,81
14057130,92,49,1,80
14057640,4,29,-2,82
14058150,14,40,2,80
14058660,24,80,2,78
14059170,31,39,0,78
14059680,99,42,-2,80
14060190,11,22,-1,81
14060700,21,25,1,80
14061210,43,28,7,73
14061720,1,10,-9,82
14062230,12,13,-1,83
14062740,34,16,13,70
14063250,65,25,-6,76
14063760,39,49,0,76
14064270,5,52,2,74
14064780,26,30,-3,77
14065290,94,33,-1,78
14065800,6,57,-4,82
14066310,16,16,-2,84
14066820,37,19,14,70
14067330,64,39,-5,75
14067840,78,52,-6,81
14068350,7,89,-2,83
14068860,14,67,1,82
14069370,15,26,-1,83
14069880,37,29,7,76
14070390,56,32,1,75
14070900,70,52,0,75
14071410,101,65,-3,78
14071920,30,45,-3,81
14072430,98,48,-2,83
14072940,10,28,0,83
14073450,20,39,1,82
14073960,88,42,-2,84
14074470,62,22,9,75
14074980,36,46,-2,77
14075490,2,35,-2,79
14076000,12,96,0,79
14076510,22,74,-1,80
14077020,25,33,-3,83
14077530,56,36,10,73
14078040,87,25,-9,82
14078550,61,49,6,76
14079060,92,96,-1,77
14079570,21,31,-5,82
14080080,89,34,3,79
14080590,1,71,1,78
14081100,22,49,-6,84
14081610,32,52,5,79
14082120,100,55,-4,83
14082630,29,35,2,81
14083140,50,38,12,69
14083650,81,85,-8,77
14084160,47,5,-3,80
14084670,21,29,-11,91
14085180,42,32,15,76
14085690,73,14,0,76
14086200,47,38,1,75
14086710,78,27,-3,78
14087220,52,51,2,76
14087730,83,98,-7,83
14088240,49,54,7,76
14088750,15,23,-10,86
14089260,36,26,11,75
14089770,55,8,-2,77
14090280,29,32,-7,84
14090790,60,35,13,71
14091300,74,24,-2,73
14091810,48,48,-5,78
14092320,79,51,3,75
14092830,8,31,-5,80
14093340,18,42,1,79
14093850,28,45,4,75
14094360,96,48,-10,85
14094870,8,85,5,80
14095380,29,63,-6,86
14095890,97,69,8,78
14096400,26,4,-1,79
14096910,41,28,2,77
14097420,60,10,7,70
14097930,74,34,-7,77
14098440,48,14,1,76
14098950,75,38,1,75
14099460,49,18,2,73
14099970,23,42,-8,81
14100480,91,45,-1,82
14100990,3,25,1,81
14101500,13,28,-2,83
14102010,35,31,3,80
14102520,66,94,4,76
14103030,32,97,0,76
14103540,62,75,0,76
14104050,28,99,-4,80
14104560,31,77,0,80
14105070,61,36,0,80
14105580,75,25,7,73
14106090,49,49,-1,74
14106600,15,63,-7,81
14107110,16,22,-1,82
14107620,38,25,4,78
14108130,65,7,3,75
14108640,39,31,3,72
14109150,70,45,-5,77
14109660,84,25,-1,78
14110170,58,49,6,72
14110680,89,5,-8,80
14111190,8,8,-2,82
14111700,30,11,5,77
14112210,57,20,2,75
14112720,31,44,-8,83
14113230,99,47,2,81
14113740,11,27,1,80
14114250,33,30,1,79
14114760,64,33,3,76
14115270,38,22,1,75
14115780,28,4,-2,77
14116290,49,13,-4,81
14116800,76,37,8,73
14117310,50,17,1,72
14117820,24,37,-8,80
14118330,46,40,2,78
14118840,77,64,1,77
14119350,6,101,3,74
14119860,13,79,-5,79
14120370,14,57,0,79
14120880,15,16,-6,85
14121390,36,19,16,69
14121900,63,39,-1,70
14122410,77,28,-13,83
14122920,51,52,12,71
14123430,82,99,-6,77
14123940,48,21,6,71
14124450,62,41,-3,74
14124960,93,30,-5,79
14125470,5,67,1,78
14125980,26,45,-5,83
14126490,56,48,8,75
14127000,87,37,-6,81
14127510,101,74,-4,85
14128020,30,9,10,75
14128530,57,29,3,72
14129040,71,42,-5,77
14129550,85,66,1,76
14130060,14,1,-7,83
14130570,35,4,7,76
14131080,36,28,2,74
14131590,67,31,-3,77
14132100,81,55,-2,79
14132610,10,92,-2,81
14133120,13,70,-3,84
14133630,34,48,-2,86
14134140,61,51,14,72
14134650,92,98,-10,82
14135160,21,33,0,82
14135670,43,36,10,72
14136180,74,3,-7,79
14136690,95,6,1,78
14137200,51,9,3,75
14137710,25,33,-4,79
14138220,56,36,5,74
14138730,72,56,-1,75
14139240,1,93,-9,84
14139750,8,3,4,80
14140260,23,6,1,79
14140770,50,30,4,75
14141280,64,50,3,72
14141790,95,87,-12,84
14142300,24,22,7,77
14142810,46,25,-1,78
14143320,60,45,5,73
14143830,91,34,-6,79
14144340,3,71,-4,83
14144850,24,49,3,80
14145360,92,25,0,80
14145870,48,49,6,74
14146380,79,63,-9,83
14146890,8,100,6,77
14147400,15,78,-4,81
14147910,18,56,-2,83
14148420,21,96,10,73
14148930,24,74,-16,89
14149440,27,33,5,84
14149950,49,36,16,68
14150460,65,56,-5,73
14150970,96,12,-2,75
14151480,52,15,3,72
14151990,37,35,-4,76
14152500,35,2,0,76
14153010,56,11,2,74
14153520,76,35,-7,81
14154030,50,72,-2,83
14154540,16,78,2,81
14155050,19,56,1,80
14155560,29,15,6,74
14156070,56,39,1,73
14156580,72,28,-7,80
14157090,46,52,-4,84
14157600,77,28,12,72
14158110,51,52,-5,77
14158620,82,76,0,77
14159130,11,11,-3,80
14159640,32,14,2,78
14160150,78,23,4,74
14160660,98,47,-4,78
14161170,10,27,-2,80
14161680,32,30,3,77
14162190,54,33,6,71
14162700,68,53,-2,73
14163210,99,90,-2,75
14163720,28,63,-5,80
14164230,58,22,7,73
14164740,72,46,0,73
14165250,1,83,-8,81
14165760,57,61,6,75
14166270,23,85,-8,83
14166780,26,44,-4,87
14167290,94,47,9,78
14167800,6,27,0,78
14168310,16,30,-8,86
14168820,38,33,6,80
14169330,69,15,3,77
14169840,54,39,3,74
14170350,85,25,-5,79
14170860,41,49,-4,83
14171370,72,52,3,80
14171880,1,89,-6,86
14172390,57,101,10,76
14172900,28,2,1,75
14173410,43,11,-4,79
14173920,71,31,5,74
14174430,73,68,-7,81
14174940,2,3,-3,84
14175450,13,6,4,80
14175960,35,9,8,72
14176470,63,29,1,71
14176980,19,53,-12,83
14177490,22,93,6,77
14178000,44,71,-2,79
14178510,10,77,-6,85
14179020,13,55,2,83
14179530,16,14,4,79
14180040,38,17,6,73
14180550,65,37,-1,74
14181060,79,26,-10,84
14181570,99,50,5,79
14182080,11,87,-3,82
14182590,21,65,-5,87
14183100,24,24,14,73
14183610,89,27,-19,92
14184120,7,36,9,83
14184630,22,76,-2,85
14185140,25,35,8,77
14185650,93,38,-7,84
14186160,5,75,3,81
14186670,61,53,2,79
14187180,92,90,-2,81
14187690,21,25,-2,83
14188200,43,28,7,76
14188710,74,48,-1,77
14189220,3,85,3,74
14189730,25,63,-9,83
14190240,35,22,8,75
14190750,62,4,-5,80
14191260,50,7,0,80
14191770,77,40,0,80
14192280,91,20,3,77
14192790,47,44,2,75
14193300,45,47,-4,79
14193810,16,50,0,79
14194320,26,9,6,73
14194830,53,70,-21,94
14195340,19,73,12,82
14195850,22,32,3,79
14196360,90,35,-4,83
14196870,2,72,6,77
14197380,58,50,0,77
14197890,89,87,-2,79
14198400,18,22,-1,80
14198910,40,25,11,69
14199420,59,7,-7,76
14199930,33,10,1,75
14200440,60,19,1,74
14200950,34,43,-1,75
14201460,0,15,-2,77
14201970,22,18,0,77
14202480,44,21,3,74
14202990,6,41,-6,80
14203500,16,81,4,76
14204010,38,59,-5,81
14204520,4,62,-4,85
14205030,14,40,2,83
14205540,24,43,3,80
14206050,46,46,-2,82
14206560,77,49,3,79
14207070,91,29,2,77
14207580,3,66,-4,81
14208090,59,44,4,77
14208600,90,30,-2,79
14209110,77,67,0,79
14209620,6,2,-4,83
14210130,21,5,2,81
14210640,47,29,2,79
14211150,78,49,1,78
14211660,7,29,-4,82
14212170,17,32,-2,84
14212680,39,35,8,76
14213190,58,17,1,75
14213700,45,41,-2,77
14214210,76,44,-2,79
14214720,62,24,6,73
14215230,36,48,-7,80
14215740,2,51,-5,85
14216250,25,10,10,75
14216760,47,34,-4,79
14217270,66,16,10,69
14217780,51,40,-7,76
14218290,82,22,0,76
14218800,69,46,4,72
14219310,100,83,-9,81
14219820,29,18,5,76
14220330,60,0,2,74
14220840,81,3,-1,75
14221350,37,6,2,73
14221860,52,15,0,73
14222370,26,24,-6,79
14222880,48,27,9,70
14223390,62,47,-5,75
14223900,93,84,-1,76
14224410,22,19,-4,80
14224920,44,43,0,80
14225430,75,25,4,76
14225940,31,49,-7,83
14226450,99,52,2,81
14226960,11,32,0,81
14227470,21,35,4,77
14227980,89,38,-4,81
14228490,1,75,-2,83
14229000,57,36,12,71
14229510,73,25,-8,79
14230020,47,49,-2,81
14230530,78,73,-3,84
14231040,76,8,3,81
14231550,32,11,6,75
14232060,59,20,-2,77
14232570,46,40,0,77
14233080,77,29,0,77
14233590,33,53,-4,81
14234100,101,56,0,81
14234610,13,36,1,80
14235120,23,39,-4,84
14235630,91,42,10,74
14236140,3,22,-5,79
14236650,13,25,-3,82
14237160,35,28,4,78
14237670,66,10,9,69
14238180,22,34,-13,82
14238690,44,37,3,79
14239200,75,19,7,72
14239710,31,43,-15,87
14240220,99,46,6,81
14240730,11,60,-3,84
14241240,21,38,-2,86
14241750,43,41,10,76
14242260,62,65,1,75
14242770,28,89,-3,78
14243280,50,47,3,75
14243790,81,71,-3,78
14244300,10,6,1,77
14244810,32,9,-1,78
14245320,33,33,-5,83
14245830,55,36,9,74
14246340,86,60,-3,77
14246850,15,97,-3,80
14247360,25,75,-3,83
14247870,35,34,4,79
14248380,57,37,7,72
14248890,88,26,-9,81
14249400,0,50,-5,86
14249910,56,62,9,77
14250420,22,18,1,76
14250930,44,21,3,73
14251440,58,30,3,70
14251950,72,54,-6,76
14252460,1,91,1,75
14252970,57,2,-5,80
14253480,78,35,-1,81
14253990,92,15,11,70
14254500,48,52,-8,78
14255010,14,67,-6,84
14255520,36,26,4,80
14256030,67,8,1,79
14256540,55,41,2,77
14257050,86,30,-6,83
14257560,100,54,4,79
14258070,12,34,-4,83
14258580,22,37,0,83
14259090,90,40,1,82
14259600,2,20,4,78
14260110,12,23,-9,87
14260620,34,26,8,79
14261130,56,8,-1,80
14261640,30,41,-6,86
14262150,98,44,5,81
14262660,10,24,-4,85
14263170,32,27,5,80
14263680,54,9,4,76
14264190,28,18,-1,77
14264700,50,0,0,77
14265210,71,33,-8,85
14265720,85,70,3,82
14266230,14,5,4,78
14266740,36,89,-4,82
14267250,52,48,0,82
14267760,83,30,4,78
14268270,70,54,4,74
14268780,101,91,0,74
14269290,60,26,1,73
14269800,74,50,-7,80
14270310,3,87,-2,82
14270820,25,46,3,79
14271330,93,49,-6,85
14271840,42,29,9,76
14272350,61,11,-1,77
14272860,35,35,-4,81
14273370,57,38,5,76
14273880,88,27,3,73
14274390,44,64,-4,77
14274900,10,29,-11,88
14275410,32,32,10,78
14275920,59,35,5,73
14276430,73,24,-6,79
14276940,47,48,1,78
14277450,13,37,-4,82
14277960,35,77,4,78
14278470,6,36,-3,81
14278980,16,1,4,77
14279490,38,25,-2,79
14280000,69,7,2,77
14280510,97,40,-1,78
14281020,9,20,-3,81
14281530,31,23,2,79
14282040,53,5,1,78
14282550,68,38,-4,82
14283060,42,27,8,74
14283570,69,9,-2,76
14284080,89,33,-2,78
14284590,1,70,-6,84
14285100,57,29,9,75
14285610,71,53,-4,79
14286120,0,90,-1,80
14286630,56,0,2,78
14287140,77,33,-1,79
14287650,51,13,8,71
14288160,71,37,-8,79
14288670,45,17,6,73
14289180,7,37,-10,83
14289690,29,77,0,83
14290200,59,36,6,77
14290710,73,25,-2,79
14291220,60,49,3,76
14291730,91,5,0,76
14292240,47,38,-2,78
14292750,78,20,5,73
14293260,65,44,1,72
14293770,96,81,-10,82
14294280,25,16,4,78
14294790,47,100,-3,81
14295300,18,59,1,80
14295810,21,18,1,79
14296320,43,42,0,79
14296830,65,24,5,74
14297340,39,48,-9,83
14297850,5,13,1,82
14298360,27,16,2,80
14298870,54,100,5,75
14299380,20,20,0,75
14299890,42,23,1,74
14300400,56,32,-1,75
14300910,70,21,-5,80
14301420,44,45,-1,81
14301930,75,48,4,77
14302440,4,28,0,77
14302950,14,68,-7,84
14303460,17,27,3,81
14303970,39,30,0,81
14304480,58,12,3,78
14304990,32,45,6,72
14305500,100,34,-8,80
14306010,12,71,-1,81
14306520,68,30,7,74
14307030,42,54,-7,81
14307540,8,57,-2,83
14308050,19,16,1,82
14308560,41,19,12,70
14309070,55,39,1,69
14309580,86,28,-10,79
14310090,73,13,4,75
14310600,60,46,-1,76
14311110,91,32,2,74
14311620,3,12,-3,77
14312130,25,15,-3,80
14312640,55,99,1,79
14313150,41,57,-6,85
14313660,7,60,5,80
14314170,10,19,1,79
14314680,32,22,1,78
14315190,33,4,5,73
14315700,48,37,-3,76
14316210,79,19,-10,86
14316720,66,52,13,73
14317230,97,89,-13,86
14317740,26,24,7,79
14318250,53,27,3,76
14318760,67,51,8,68
14319270,98,88,-16,84
14319780,27,23,7,77
14320290,54,26,3,74
14320800,68,50,-2,76
14321310,99,87,-4,80
14321820,28,22,6,74
14322330,50,25,1,73
14322840,64,49,-1,74
14323350,95,86,-3,77
14323860,24,21,1,76
14324370,45,45,-4,80
14324880,76,60,4,76
14325390,5,97,-4,80
14325900,61,7,3,77
14326410,89,40,-7,84
14326920,1,77,0,84
14327430,57,36,10,74
14327940,71,25,1,73
14328450,91,92,-5,78
14328960,20,27,-10,88
14329470,42,30,10,78
14329980,61,12,1,77
14330490,89,36,-4,81
14331000,1,16,-2,83
14331510,23,19,1,82
14332020,53,1,6,76
14332530,74,34,-1,77
14333040,94,14,-3,80
14333550,50,51,5,75
14334060,81,66,-3,78
14334570,10,1,1,77
14335080,32,25,-4,81
14335590,33,7,6,75
14336100,61,40,1,74
14336610,92,77,-3,77
14337120,21,12,-2,79
14337630,43,96,0,79
14338140,14,55,-6,85
14338650,15,14,4,81
14339160,37,17,8,73
14339670,64,41,1,72
14340180,95,78,-8,80
14340690,24,13,2,78
14341200,46,97,2,76
14341710,12,56,-3,79
14342220,13,15,-5,84
14342730,35,18,9,75
14343240,62,38,6,69
14343750,76,18,-8,77
14344260,63,42,3,74
14344770,94,79,-7,81
14345280,23,14,3,78
14345790,93,98,1,77
14346300,22,33,-5,82
14346810,44,36,7,75
14347320,63,18,1,74
14347830,50,42,2,72
14348340,81,24,-8,80
14348850,68,48,8,72
14349360,99,85,-11,83
14349870,28,20,5,78
14350380,50,2,2,76
14350890,71,35,-5,81
14351400,91,15,5,76
14351910,47,52,1,75
14352420,13,76,-8,83
14352930,16,35,1,82
14353440,39,38,-4,86
14353950,58,41,19,67
14354460,89,27,-15,82
14354970,76,64,4,78
14355480,5,101,-1,79
14355990,61,60,0,79
14356500,27,97,4,75
14357010,49,56,-2,77
14357520,15,59,-8,85
14358030,25,73,5,80
14358540,28,32,1,79
14359050,50,35,3,76
14359560,69,24,1,75
14360070,83,48,-1,76
14360580,97,28,-5,81
14361090,52,65,0,81
14361600,18,68,-3,84
14362110,21,27,2,82
14362620,43,30,7,75
14363130,62,12,-5,80
14363640,82,77,2,78
14364150,11,12,-7,85
14364660,33,15,12,73
14365170,60,35,-1,74
14365680,74,59,-5,79
14366190,3,96,-8,87
14366700,59,6,9,78
14367210,87,39,3,75
14367720,43,19,3,72
14368230,57,52,-4,76
14368740,88,89,-7,83
14369250,17,24,1,82
14369760,39,27,7,75
14370270,58,9,-4,79
14370780,78,42,7,72
14371290,92,22,-9,81
14371800,79,59,2,79
14372310,8,96,-4,83
14372820,64,55,5,78
14373330,95,92,0,78
14373840,24,27,-2,80
14374350,46,30,7,73
14374860,62,50,0,73
14375370,93,87,-8,81
14375880,22,22,2,79
14376390,44,46,5,74
14376900,75,70,-4,78
14377410,4,5,-2,80
14377920,26,8,3,77
14378430,53,41,4,73
14378940,84,30,-9,82
14379450,2,54,-4,86
14379960,58,13,5,81
14380470,78,37,1,80
14380980,98,17,-2,82
14381490,54,50,3,79
14382000,85,74,-5,84
14382510,14,9,4,80
14383020,36,12,5,75
14383530,63,45,0,75
14384040,94,82,-2,77
14384550,23,17,2,75
14385060,50,41,-2,77
14385570,81,78,-7,84
14386080,10,13,0,84
14386590,32,16,6,78
14387100,59,40,-1,79
14387610,90,26,1,78
14388120,77,63,-1,79
14388630,6,100,3,76
14389140,62,78,-8,84
14389650,28,90,8,76
14390160,50,70,-6,82
14390670,16,94,6,76
14391180,38,53,-8,84
14391690,4,56,-3,87
14392200,60,15,13,74
14392710,87,39,-7,81
14393220,74,19,7,74
14393730,61,43,-3,77
14394240,92,80,-4,81
14394750,21,15,1,80
14395260,46,18,6,74
14395770,73,38,5,69
14396280,2,18,-13,82
14396790,24,21,-1,83
14397300,43,24,8,75
14397810,70,44,-1,76
14398320,101,24,-2,78
14398830,13,61,-6,84
14399340,35,20,12,72
14399850,51,60,-9,81
14400360,17,84,5,76
14400870,39,43,0,76
14401380,10,46,-7,83
14401890,32,5,5,78
14402400,47,38,3,75
14402910,78,20,0,75
14403420,34,44,-6,81
14403930,55,47,5,76
14404440,86,33,-1,77
14404950,73,13,1,76
14405460,93,37,0,76
14405970,5,17,-5,81
14406480,27,20,2,79
14406990,28,23,1,78
14407500,50,26,6,72
14408010,64,50,-7,79
14408520,95,87,-6,85
14409030,24,22,6,79
14409540,51,25,5,74
14410050,65,42,0,74
14410560,96,79,-6,80
14411070,25,14,3,77
14411580,26,38,-4,81
14412090,94,41,2,79
14412600,6,21,0,79
14413110,28,24,2,77
14413620,50,27,3,74
14414130,64,47,3,71
14414640,95,84,-7,78
14415150,24,19,2,76
14415660,51,43,0,76
14416170,82,80,-8,84
14416680,11,15,-2,86
14417190,33,18,11,75
14417700,60,38,2,73
14418210,91,62,-3,76
14418720,20,99,-2,78
14419230,42,77,-3,81
14419740,8,80,-2,83
14420250,30,39,-2,85
14420760,52,42,3,82
14421270,83,28,3,79
14421780,70,52,3,76
14422290,101,89,-4,80
14422800,30,24,5,75
14423310,52,6,-1,76
14423820,79,39,-8,84
14424330,65,19,8,76
14424840,85,43,-8,84
14425350,99,23,4,80
14425860,11,60,-2,82
14426370,33,19,7,75
14426880,60,43,-5,80
14427390,91,80,-3,83
14427900,20,15,1,82
14428410,45,18,7,75
14428920,73,38,-1,76
14429430,59,18,1,75
14429940,33,38,-6,81
14430450,55,41,2,79
14430960,86,27,-1,80
14431470,42,51,4,76
14431980,8,54,-10,86
14432490,30,13,8,78
14433000,57,37,7,71
14433510,88,61,-8,79
14434020,17,98,5,74
14434530,39,76,-6,80
14435040,12,35,-5,85
14435550,34,38,8,77
14436060,56,41,0,77
14436570,87,78,-3,80
14437080,16,13,-2,82
14437590,38,16,10,72
14438100,65,36,-2,74
14438610,79,60,-5,79
14439120,8,97,1,78
14439630,30,7,5,73
14440140,31,40,-8,81
14440650,53,43,6,75
14441160,11,80,-8,83
14441670,33,39,2,81
14442180,101,42,1,80
14442690,13,79,-1,81
14443200,35,38,-1,82
14443710,56,41,10,72
14444220,87,78,-14,86
14444730,16,13,2,84
14445240,38,97,5,79
14445750,11,56,4,75
14446260,33,15,1,74
14446770,60,35,1,73
14447280,74,59,0,73
14447790,3,96,-6,79
14448300,59,6,2,77
14448810,86,39,-5,82
14449320,100,19,5,77
14449830,26,56,-8,85
14450340,94,21,15,70
14450850,50,58,-10,80
14451360,16,61,-1,81
14451870,38,20,11,70
14452380,57,40,-5,75
14452890,88,77,-6,81
14453400,17,12,1,80
14453910,38,36,4,76
14454420,60,39,0,76
14454930,91,76,-4,80
14455440,20,11,-2,82
14455950,42,95,3,79
14456460,15,54,-3,82
14456970,37,13,8,74
14457480,64,46,-3,77
14457990,95,83,-4,81
14458500,24,18,9,72
14459010,25,21,-3,75
14459520,46,3,3,72
14460030,73,36,-1,73
14460540,87,16,-4,77
14461050,13,53,-7,84
14461560,35,12,10,74
14462070,62,45,0,74
14462580,93,82,-7,81
14463090,22,17,3,78
14463600,44,101,1,77
14464110,15,60,-7,84
14464620,37,19,11,73
14465130,64,39,-2,75
14465640,95,76,-4,79
14466150,24,11,3,76
14466660,46,95,-6,82
14467170,19,54,2,80
14467680,41,13,6,74
14468190,68,46,0,74
14468700,99,83,-2,76
14469210,28,18,1,75
14469720,50,0,-2,77
14470230,62,33,0,77
14470740,76,70,-5,82
14471250,5,5,1,81
14471760,27,8,6,75
14472270,28,41,-5,80
14472780,96,44,-5,85
14473290,99,81,1,84
14473800,28,16,11,73
14474310,50,100,-1,74
14474820,23,59,-8,82
14475330,45,18,8,74
14475840,73,38,-4,78
14476350,87,75,-5,83
14476860,16,10,3,80
14477370,37,13,-2,82
14477880,64,46,7,75
14478390,95,83,-5,80
14478900,24,18,10,70
14479410,46,21,-4,74
14479920,74,41,-5,79
14480430,88,21,4,75
14480940,51,58,-5,80
14481450,17,61,-7,87
14481960,39,20,15,72
14482470,66,40,-3,75
14482980,80,77,-3,78
14483490,9,12,-5,83
14484000,31,15,6,77
14484510,53,99,3,74
14485020,24,19,-3,77
14485530,46,22,2,75
14486040,73,42,1,74
14486550,87,22,-10,84
14487060,74,59,7,77
14487570,3,96,-3,80
14488080,59,6,3,77
14488590,83,39,-2,79
14489100,97,19,-3,82
14489610,23,56,-1,83
14490120,45,59,3,80
14490630,11,62,-3,83
14491140,33,89,1,82
14491650,55,48,4,78
14492160,86,85,1,77
14492670,15,20,-6,83
14493180,37,23,9,74
14493690,64,43,-7,81
14494200,95,80,5,76
14494710,24,15,-3,79
14495220,54,39,4,75
14495730,10,76,-6,81
14496240,66,35,4,77
14496750,80,72,-1,78
14497260,9,7,-7,85
14497770,31,10,10,75
14498280,32,43,-5,80
14498790,100,46,1,79
14499300,12,26,-4,83
14499810,34,29,4,79
14500320,56,32,4,75
14500830,70,69,-4,79
14501340,101,4,-2,81
14501850,27,7,6,75
14502360,28,40,-9,84
14502870,96,43,-2,86
14503380,8,80,2,84
14503890,30,39,1,83
14504400,52,42,9,74
14504910,83,28,-4,78
14505420,70,65,3,75
14505930,101,0,-8,83
14506440,27,3,6,77
14506950,42,6,-2,79
14507460,57,39,9,70
14507970,88,76,-9,79
14508480,17,11,-3,82
14508990,39,95,10,72
14509500,10,54,-11,83
14510010,32,13,10,73
14510520,40,33,-1,74
14511030,59,36,1,73
14511540,75,73,-7,80
14512050,4,8,-4,84
14512560,26,11,8,76
14513070,27,14,-1,77
14513580,57,98,2,75
14514090,28,101,1,74
14514600,50,60,-9,83
14515110,16,63,3,80
14515620,38,22,8,72
14516130,65,4,-3,75
14516640,89,7,-11,86
14517150,45,44,7,79
14517660,76,47,3,76
14518170,5,84,-7,83
14518680,61,43,13,70
14519190,92,80,-7,77
14519700,21,15,1,76
14520210,51,99,-1,77
14520720,24,58,-10,87
14521230,54,61,16,71
14521740,20,98,-5,76
14522250,42,76,-11,87
14522760,15,79,0,87
14523270,37,38,1,86
14523780,59,41,15,71
14524290,90,78,-11,82
14524800,19,13,1,81
14525310,41,16,10,71
14525820,69,25,-6,77
14526330,43,62,3,74
14526840,9,65,-3,77
14527350,31,24,-1,78
14527860,53,27,2,76
14528370,80,47,-4,80
14528880,9,27,1,79
14529390,31,30,0,79
14529900,53,33,2,77
14530410,69,70,0,77
14530920,35,5,-1,78
14531430,50,98,2,76
14531940,16,18,-5,81
14532450,38,21,4,77
14532960,65,3,0,77
14533470,39,6,4,73
14533980,47,39,1,72
14534490,78,21,-6,78
14535000,65,58,4,74
14535510,96,95,-8,82
14536020,25,30,1,81
14536530,47,33,6,75
14537040,66,15,4,71
14537550,51,52,-3,74
14538060,82,89,-6,80
14538570,11,24,-4,84
14539080,33,27,6,78
14539590,55,30,7,71
14540100,69,67,-5,76
14540610,100,2,-5,81
14541120,56,5,2,79
14541630,80,38,-6,85
14542140,94,75,1,84
14542650,23,10,5,79
14543160,45,94,1,78
14543670,11,53,-6,84
14544180,33,12,6,78
14544690,41,45,0,78
14545200,72,48,5,73
14545710,1,85,-8,81
14546220,23,44,3,78
14546730,91,10,0,78
14547240,47,47,2,76
14547750,13,50,-8,84
14548260,35,9,6,78
14548770,43,42,5,73
14549280,62,7,-1,74
14549790,86,40,-5,79
14550300,100,77,3,76
14550810,29,12,0,76
14551320,51,45,-2,78
14551830,82,82,-1,79
14552340,11,17,-3,82
14552850,33,9,10,72
14553360,41,42,-5,77
14553870,60,45,1,76
14554380,91,59,3,73
14554890,20,96,-7,80
14555400,42,55,-2,82
14555910,8,58,-1,83
14556420,30,17,7,76
14556930,60,37,3,73
14557440,27,74,-9,82
14557950,49,33,6,76
14558460,68,19,1,75
14558970,42,43,-2,77
14559480,61,58,2,75
14559990,92,95,-6,81
14560500,61,30,8,73
14561010,75,38,0,73
14561520,31,18,-3,76
14562030,32,38,-3,79
14562540,100,41,2,77
14563050,12,78,-4,81
14563560,17,37,2,79
14564070,54,40,0,79
14564580,73,77,0,79
14565090,39,12,4,75
14565600,47,32,2,73
14566110,63,52,1,72
14566620,94,89,-6,78
14567130,23,24,-8,86
14567640,53,27,13,73
14568150,67,47,-2,75
14568660,98,84,-2,77
14569170,27,19,-4,81
14569680,49,1,6,75
14570190,23,34,-11,86
14570700,45,37,8,78
14571210,64,40,4,74
14571720,50,77,-6,80
14572230,16,80,-2,82
14572740,38,39,2,80
14573250,59,42,6,74
14573760,90,79,-8,82
14574270,19,14,-2,84
14574780,41,98,-5,89
14575290,14,57,7,82
14575800,36,16,7,75
14576310,4,36,-9,84
14576820,26,69,5,79
14577330,94,28,-1,80
14577840,6,65,-2,82
14578350,62,24,9,73
14578860,36,61,-10,83
14579370,2,26,1,82
14579880,24,29,-7,89
14580390,46,32,15,74
14580900,4,18,-4,78
14581410,26,21,-4,82
14581920,53,24,15,67
14582430,39,61,-13,80
14582940,45,67,-3,83
14583450,11,70,4,79
14583960,33,29,4,75
14584470,55,60,-7,82
14584980,21,97,1,81
14585490,43,75,2,79
14586000,9,70,-2,81
14586510,65,29,3,78
14587020,39,66,-1,79
14587530,5,69,-5,84
14588040,61,28,12,72
14588550,35,65,-15,87
14589060,1,68,5,82
14589570,57,27,6,76
14590080,71,64,4,72
14590590,0,101,-10,82
14591100,56,11,6,76
14591610,30,44,-6,82
14592120,98,47,-3,85
14592630,10,84,1,84
14593140,66,43,6,78
14593650,97,80,1,77
14594160,26,15,-3,80
14594670,96,99,-1,81
14595180,25,34,2,79
14595690,93,37,-1,80
14596200,2,74,2,78
14596710,58,52,5,73
14597220,89,89,-7,80
14597730,18,24,-3,83
14598240,86,27,-8,91
14598750,8,64,7,84
14599260,64,23,11,73
14599770,38,43,-4,77
14600280,4,46,-9,86
14600790,14,58,5,81
14601300,15,17,-2,83
14601810,37,20,8,75
14602320,64,30,4,71
14602830,50,67,-7,78
14603340,16,73,-4,82
14603850,17,32,-5,87
14604360,45,35,10,77
14604870,64,17,-2,79
14605380,38,54,0,79
14605890,4,57,-1,80
14606400,94,16,-3,83
14606910,50,53,4,79
14607420,16,86,3,76
14607930,72,64,-7,83
14608440,1,101,0,83
14608950,57,11,7,76
14609460,31,44,-8,84
14609970,99,47,-4,88
14610480,11,84,8,80
14610990,67,43,1,79
14611500,53,80,-1,80
14612010,19,86,-4,84
14612520,75,45,5,79
14613030,99,82,0,79
14613540,28,17,1,78
14614050,77,101,1,77
14614560,43,36,-1,78
14615070,62,18,-4,82
14615580,36,38,4,78
14616090,58,41,6,72
14616600,89,78,-7,79
14617110,18,13,-2,81
14617620,29,97,2,79
14618130,0,56,-8,87
14618640,56,15,9,78
14619150,30,35,3,75
14619660,98,38,-5,80
14620170,10,75,-6,86
14620680,66,34,17,69
14621190,52,71,-9,78
14621700,18,77,-1,79
14622210,74,36,2,77
14622720,48,73,-3,80
14623230,14,79,-5,85
14623740,70,38,7,78
14624250,44,75,-1,79
14624760,10,81,-5,84
14625270,66,40,8,76
14625780,66,77,1,75
14626290,32,12,0,75
14626800,33,32,-1,76
14627310,55,35,4,72
14627820,71,55,-6,78
14628330,37,92,-5,83
14628840,3,51,4,79
14629350,59,10,1,78
14629860,33,49,-2,80
14630370,101,55,-5,85
14630880,30,35,2,83
14631390,79,38,4,79
14631900,53,75,-3,82
14632410,19,81,0,82
14632920,75,40,8,74
14633430,49,20,-2,76
14633940,23,40,-6,82
14634450,91,43,0,82
14634960,3,80,4,78
14635470,59,39,2,76
14635980,25,76,-4,80
14636490,95,35,2,78
14637000,69,72,2,76
14637510,35,7,-1,77
14638020,36,40,-8,85
14638530,85,43,6,79
14639040,71,23,2,77
14639550,27,47,3,74
14640060,95,50,-8,82
14640570,24,30,2,80
14641080,73,33,-2,82
14641590,47,70,-3,85
14642100,13,76,1,84
14642610,69,35,7,77
14643120,43,15,3,74
14643630,11,48,-10,84
14644140,21,7,3,81
14644650,22,91,7,74
14645160,78,50,-5,79
14645670,78,87,-3,82
14646180,44,22,7,75
14646690,12,42,-7,82
14647200,80,7,4,78
14647710,36,40,-3,81
14648220,2,43,0,81
14648730,58,55,6,75
14649240,24,92,-8,83
14649750,80,51,7,76
14650260,36,88,-6,82
14650770,2,47,-1,83
14651280,58,6,2,81
14651790,32,39,2,79
14652300,54,42,6,73
14652810,85,28,-10,83
14653320,59,65,7,76
14653830,25,21,-4,80
14654340,26,24,5,75
14654850,48,27,1,74
14655360,62,47,-1,75
14655870,28,84,-5,80
14656380,98,43,-5,85
14656890,10,80,6,79
14657400,66,39,7,72
14657910,66,19,-6,78
14658420,40,43,-3,81
14658930,6,46,-2,83
14659440,62,5,6,77
14659950,36,38,0,77
14660460,2,41,-5,82
14660970,58,53,8,74
14661480,24,90,-7,81
14661990,80,49,3,78
14662500,94,29,1,77
14663010,50,66,-8,85
14663520,16,31,4,81
14664030,38,34,1,80
14664540,39,16,6,74
14665050,47,77,-6,80
14665560,13,83,-5,85
14666070,69,42,3,82
14666580,43,79,5,77
14667090,9,82,-5,82
14667600,65,60,7,75
14668110,31,97,-6,81
14668620,87,56,1,80
14669130,101,93,4,76
14669640,30,28,-5,81
14670150,51,31,4,77
14670660,65,51,1,76
14671170,96,88,0,76
14671680,25,23,-5,81
14672190,26,26,0,81
14672700,27,29,2,79
14673210,28,32,-4,83
14673720,98,35,0,83
14674230,10,72,1,82
14674740,66,50,10,72
14675250,97,87,-10,82
14675760,26,22,8,74
14676270,48,25,4,70
14676780,62,45,-3,73
14677290,93,31,-7,80
14677800,5,68,-3,83
14678310,61,46,7,76
14678820,24,83,-3,79
14679330,25,42,1,78
14679840,93,45,-5,83
14680350,5,25,0,83
14680860,6,28,1,82
14681370,16,39,2,80
14681880,17,42,-4,84
14682390,18,7,7,77
14682900,19,91,1,76
14683410,75,4,0,76
14683920,99,37,-5,81
14684430,11,74,-2,83
14684940,67,33,12,71
14685450,81,57,-8,79
14685960,10,94,-4,83
14686470,66,72,7,76
14686980,32,96,-7,83
14687490,3,55,2,81
14688000,59,33,8,73
14688510,59,97,-6,79
14689020,25,100,1,78
14689530,81,59,0,78
14690040,10,96,-3,81
14690550,66,74,4,77
14691060,32,30,2,75
14691570,54,33,1,74
14692080,68,53,1,73
14692590,99,90,-9,82
14693100,28,25,5,77
14693610,29,28,-2,79
14694120,51,31,6,73
14694630,9,51,-5,78
14695140,65,10,4,74
14695650,89,43,-9,83
14696160,1,23,5,78
14696670,11,90,-8,86
14697180,67,68,7,79
14697690,33,24,-3,82
14698200,41,6,9,73
14698710,15,39,-13,86
14699220,16,4,9,77
14699730,31,88,-2,79
14700240,2,47,-5,84
14700750,58,59,7,77
14701260,24,37,-3,80
14701770,46,40,3,77
14702280,65,22,4,73
14702790,79,46,-6,79
14703300,53,26,2,77
14703810,67,46,1,76
14704320,53,83,-4,80
14704830,19,86,0,80
14705340,92,45,-3,83
14705850,4,25,-8,91
14706360,5,36,11,80
14706870,15,1,-1,81
14707380,30,85,3,78
14707890,1,44,-8,86
14708400,57,56,11,75
14708910,23,45,-5,80
14709420,91,48,3,77
14709930,3,28,-8,85
14710440,13,31,4,81
14710950,35,34,5,76
14711460,57,16,2,74
14711970,31,49,-15,89
14712480,99,52,9,80
14712990,11,32,-10,90
14713500,12,35,7,83
14714010,13,42,1,82
14714520,14,7,0,82
14715030,36,10,5,77
14715540,44,43,1,76
14716050,56,46,-2,78
14716560,87,11,6,72
14717070,43,44,0,72
14717580,9,9,-17,89
14718090,20,12,13,76
14718600,21,96,-2,78
14719110,32,74,-3,81
14719620,3,33,3,78
14720130,13,100,-3,81
14720640,69,78,6,75
14721150,35,13,-2,77
14721660,36,46,0,77
14722170,2,49,-2,79
14722680,58,44,6,73
14723190,89,81,-10,83
14723700,18,16,5,78
14724210,40,19,3,75
14724720,67,39,1,74
14725230,41,28,-2,76
14725740,60,10,0,76
14726250,34,43,-1,77
14726760,56,46,0,77
14727270,87,13,-6,83
14727780,9,46,4,79
14728290,10,5,-8,87
14728800,32,8,8,79
14729310,33,41,1,78
14729820,101,80,-6,84
14730330,30,15,8,76
14730840,101,99,-13,89
14731350,30,34,7,82
14731860,52,37,7,75
14732370,71,23,1,74
14732880,85,47,-10,84
14733390,7,27,1,83
14733900,18,30,1,82
14734410,40,33,8,74
14734920,59,100,0,74
14735430,25,89,-8,82
14735940,98,48,1,81
14736450,10,28,-4,85
14736960,11,39,4,81
14737470,21,4,3,78
14737980,22,88,-2,80
14738490,95,47,2,78
14739000,7,27,-3,81
14739510,17,38,-7,88
14740020,18,3,11,77
14740530,19,87,-6,83
14741040,75,65,3,80
14741550,4,0,-3,83
14742060,19,3,2,81
14742570,20,87,1,80
14743080,93,65,-6,86
14743590,22,0,11,75
14744100,42,33,-5,80
14744610,61,15,-1,81
14745120,75,39,3,78
14745630,89,19,0,78
14746140,45,56,-8,86
14746650,11,59,1,85
14747160,12,18,0,85
14747670,23,21,4,81
14748180,34,3,3,78
14748690,35,36,2,76
14749200,57,39,4,72
14749710,73,6,5,67
14750220,97,39,-12,79
14750730,9,19,-3,82
14751240,20,22,1,81
14751750,42,25,7,74
14752260,58,45,2,72
14752770,89,82,-6,78
14753280,18,17,-6,84
14753790,40,20,10,74
14754300,48,40,-1,75
14754810,67,7,3,72
14755320,41,40,-5,77
14755830,60,5,1,76
14756340,34,38,-5,81
14756850,56,41,4,77
14757360,72,6,6,71
14757870,28,39,-13,84
14758380,50,42,14,70
14758890,81,62,-7,77
14759400,10,99,-2,79
14759910,66,77,-2,81
14760420,32,33,1,80
14760930,81,36,5,75
14761440,95,16,-12,87
14761950,51,53,10,77
14762460,17,86,0,77
14762970,90,64,3,74
14763480,19,101,-4,78
14763990,30,79,-4,82
14764500,1,38,3,79
14765010,74,50,3,76
14765520,48,87,-6,82
14766030,19,90,-1,83
14766540,30,68,-3,86
14767050,98,75,8,78
14767560,27,10,7,71
14768070,35,43,-9,80
14768580,57,8,5,75
14769090,81,41,-3,78
14769600,95,21,-1,79
14770110,51,54,1,78
14770620,17,19,-4,82
14771130,39,22,9,73
14771640,58,42,-4,77
14772150,89,28,2,75
14772660,1,8,-9,84
14773170,12,11,2,82
14773680,23,14,3,79
14774190,24,17,8,71
14774700,25,41,-8,79
14775210,93,44,-1,80
14775720,5,24,0,80
14776230,16,27,-5,85
14776740,38,30,8,77
14777250,57,97,-2,79
14777760,28,100,4,75
14778270,31,78,-4,79
14778780,2,86,1,78
14779290,58,64,-7,85
14779800,24,29,8,77
14780310,25,32,-3,80
14780820,47,35,4,76
14781330,66,55,0,76
14781840,97,92,-4,80
14782350,26,27,4,76
14782860,27,30,-3,79
14783370,49,33,3,76
14783880,68,19,5,71
14784390,88,43,-7,78
14784900,0,23,-1,79
14785410,90,34,-1,80
14785920,2,43,-5,85
14786430,58,55,5,80
14786940,89,79,-3,83
14787450,18,14,2,81
14787960,88,17,0,81
14788470,44,50,5,76
14788980,10,15,-6,82
14789490,21,18,3,79
14790000,91,21,1,78
14790510,47,45,-3,81
14791020,13,48,-1,82
14791530,14,7,3,79
14792040,35,91,-4,83
14792550,6,50,8,75
14793060,7,9,-7,82
14793570,18,12,0,82
14794080,19,36,-2,84
14794590,68,47,9,75
14795100,42,84,0,75
14795610,13,43,-11,86
14796120,14,8,6,80
14796630,36,11,6,74
14797140,44,44,-4,78
14797650,27,9,-2,80
14798160,28,29,0,80
14798670,77,32,2,78
14799180,51,12,-4,82
14799690,71,45,8,74
14800200,85,25,1,73
14800710,41,5,-2,75
14801220,82,38,-3,78
14801730,96,18,-5,83
14802240,52,51,7,76
14802750,83,75,-3,79
14803260,12,10,-2,81
14803770,34,13,8,73
14804280,42,33,-4,77
14804790,61,100,-9,86
14805300,32,1,9,77
14805810,47,34,-1,78
14806320,66,1,6,72
14806830,90,34,-9,81
14807340,2,14,4,77
14807850,24,17,0,77
14808360,25,20,5,72
14808870,47,89,-12,84
14809380,18,48,0,84
14809890,19,55,2,82
14810400,20,50,0,82
14810910,69,15,3,79
14811420,89,39,-1,80
14811930,1,19,-3,83
14812440,23,30,-1,84
14812950,45,51,12,72
14813460,11,16,-5,77
14813970,33,19,1,76
14814480,34,1,2,74
14814990,49,34,1,73
14815500,68,54,-5,78
14816010,99,43,-1,79
14816520,11,23,-5,84
14817030,33,26,9,75
14817540,52,29,2,73
14818050,66,49,-1,74
14818560,97,38,-9,83
14819070,9,74,-1,84
14819580,65,52,6,78
14820090,96,38,-3,81
14820600,8,18,0,81
14821110,30,21,1,80
14821620,31,3,-3,83
14822130,46,36,10,73
14822640,65,3,-6,79
14823150,89,36,7,72
14823660,1,16,-7,79
14824170,12,19,-6,85
14824680,34,22,6,79
14825190,35,42,-6,85
14825700,57,45,12,73
14826210,88,65,-5,78
14826720,17,0,-3,81
14827230,32,73,-1,82
14827740,62,32,10,72
14828250,76,12,-10,82
14828760,96,45,3,79
14829270,8,25,-6,85
14829780,30,28,11,74
14830290,93,31,-10,84
14830800,5,55,5,79
14831310,78,14,-2,81
14831820,98,47,1,80
14832330,10,27,-6,86
14832840,32,38,9,77
14833350,54,41,2,75
14833860,48,27,-1,76
14834370,62,47,4,72
14834880,93,14,-13,85
14835390,49,47,7,78
14835900,68,67,-4,82
14836410,34,2,7,75
14836920,35,35,-6,81
14837430,57,2,8,73
14837940,77,35,-4,77
14838450,91,15,-8,85
14838960,9,48,-3,88
14839470,10,7,4,84
14839980,32,91,6,78
14840490,3,50,-4,82
14841000,76,9,-1,83
14841510,2,42,5,78
14842020,12,37,-6,84
14842530,61,48,6,78
14843040,92,34,-2,80
14843550,4,14,-3,83
14844060,15,17,5,78
14844570,37,20,-4,82
14845080,38,89,2,80
14845590,9,48,-2,82
14846100,10,7,-1,83
14846610,31,10,8,75
14847120,32,30,-1,76
14847630,54,33,3,73
14848140,68,53,-1,74
14848650,99,39,-7,81
14849160,95,19,3,78
14849670,51,52,0,78
14850180,17,85,-1,79
14850690,18,63,-9,88
14851200,19,22,5,83
14851710,41,25,6,77
14852220,60,45,1,76
14852730,91,12,2,74
14853240,47,45,-9,83
14853750,66,48,8,75
14854260,29,85,-5,80
14854770,0,44,-7,87
14855280,90,56,-1,88
14855790,2,36,3,85
14856300,12,48,3,82
14856810,13,7,-3,85
14857320,91,10,3,82
14857830,47,43,8,74
14858340,66,10,2,72
14858850,86,43,-4,76
14859360,100,23,-2,78
14859870,12,61,-1,79
14860380,13,39,-5,84
14860890,14,50,-5,89
14861400,15,62,9,80
14861910,16,62,-7,87
14862420,50,21,15,72
14862930,35,41,-7,79
14863440,57,44,9,70
14863950,88,11,-8,78
14864460,44,44,-1,79
14864970,63,9,8,71
14865480,83,42,-14,85
14865990,97,22,3,82
14866500,53,94,1,81
14867010,19,97,3,78
14867520,92,75,-12,90
14868030,21,10,9,81
14868540,43,94,-1,82
14869050,14,53,-6,88
14869560,24,12,11,77
14870070,46,96,-3,80
14870580,12,55,-8,88
14871090,13,14,5,83
14871600,35,17,5,78
14872110,62,37,-3,81
14872620,76,21,11,70
14873130,96,45,-16,86
14873640,66,25,16,70
14874150,22,49,-8,78
14874660,71,14,6,72
14875170,91,47,-12,84
14875680,3,27,-1,85
14876190,13,38,-2,87
14876700,14,49,-1,88
14877210,15,8,12,76
14877720,37,92,-8,84
14878230,8,51,4,80
14878740,9,29,-5,85
14879250,20,40,5,80
14879760,88,51,-3,83
14880270,10,31,-4,87
14880780,21,42,6,81
14881290,70,53,7,74
14881800,101,90,-12,86
14882310,30,25,9,77
14882820,51,92,1,76
14883330,17,95,-3,79
14883840,28,73,0,79
14884350,101,32,-2,81
14884860,57,70,-1,82
14885370,23,1,1,81
14885880,35,85,-2,83
14886390,6,44,2,81
14886900,34,3,6,75
14887410,42,36,-3,78
14887920,61,39,12,66
14888430,77,23,-7,73
14888940,91,47,-9,82
14889450,78,27,6,76
14889960,34,65,-4,80
14890470,0,34,1,79
14890980,73,101,5,74
14891490,39,90,-10,84
14892000,69,49,11,73
14892510,100,86,-9,82
14893020,29,21,9,73
14893530,50,24,-2,75
14894040,64,44,4,71
14894550,94,81,-14,85
14895060,23,16,7,78
14895570,44,19,6,72
14896080,58,39,-6,78
14896590,77,25,2,76
14897100,91,5,-1,77
14897610,47,8,0,77
14898120,55,41,7,70
14898630,86,8,-15,85
14899140,42,11,8,77
14899650,50,44,-8,85
14900160,69,11,8,77
14900670,43,44,-4,81
14901180,62,9,5,76
14901690,36,42,-7,83
14902200,58,45,7,76
14902710,89,31,1,75
14903220,45,11,1,74
14903730,19,44,-18,92
14904240,47,51,17,75
14904750,13,71,-12,87
14905260,24,49,6,81
14905770,73,60,6,75
14906280,2,97,-11,86
14906790,58,7,5,81
14907300,32,40,-2,83
14907810,53,43,5,78
14908320,84,29,-4,82
14908830,2,9,1,81
14909340,13,12,-3,84
14909850,24,15,9,75
14910360,54,84,-7,82
14910870,20,87,5,77
14911380,93,65,-3,80
14911890,22,0,-1,81
14912400,37,3,6,75
14912910,93,36,-7,82
14913420,11,16,2,80
14913930,33,19,1,79
14914440,63,39,4,75
14914950,79,28,4,71
14915460,35,52,-10,81
14915970,1,17,-3,84
14916480,12,28,-2,86
14916990,23,39,6,80
14917500,91,50,-1,81
14918010,20,30,-2,83
14918520,41,33,8,75
14919030,60,36,-3,78
14919540,74,20,5,73
14920050,94,44,-5,78
14920560,6,24,-6,84
14921070,17,35,0,84
14921580,66,46,8,76
14922090,97,32,-4,80
14922600,9,70,-2,82
14923110,31,48,2,80
14923620,99,59,-3,83
14924130,28,39,1,82
14924640,49,42,13,69
14925150,80,9,-12,81
14925660,2,12,-1,82
14926170,13,15,3,79
14926680,35,18,7,72
14927190,54,38,1,71
14927700,70,24,-5,76
14928210,84,48,-7,83
14928720,98,28,5,78
14929230,54,66,-3,81
14929740,20,31,3,78
14930250,42,34,3,75
14930760,61,37,1,74
14931270,28,21,-3,77
14931780,50,24,9,68
14932290,64,44,-9,77
14932800,95,30,-8,85
14933310,82,68,7,78
14933820,11,3,-1,79
14934330,33,6,5,74
14934840,41,39,-9,83
14935350,60,42,10,73
14935860,83,26,-5,78
14936370,39,10,4,74
14936880,66,43,-1,75
14937390,97,29,0,75
14937900,53,67,-4,79
14938410,19,32,-4,83
14938920,41,35,6,77
14939430,60,49,-3,80
14939940,91,86,-3,83
14940450,20,21,5,78
14940960,42,24,3,75
14941470,61,44,0,75
14941980,92,30,-2,77
14942490,48,54,-4,81
14943000,14,57,-4,85
14943510,15,16,-1,86
14944020,26,19,14,72
14944530,48,22,-9,81
14945040,75,42,0,81
14945550,61,22,0,81
14946060,35,42,1,80
14946570,56,45,6,74
14947080,87,31,-1,75
14947590,101,69,-6,81
14948100,30,4,2,79
14948610,38,7,3,76
14949120,39,40,0,76
14949630,58,43,2,74
14950140,89,29,-8,82
14950650,76,67,8,74
14951160,5,2,-3,77
14951670,27,5,6,71
14952180,28,38,-8,79
14952690,50,3,2,77
14953200,24,36,-7,84
14953710,92,39,1,83
14954220,79,19,15,68
14954730,35,57,-17,85
14955240,1,49,4,81
14955750,91,27,-5,86
14956260,47,47,6,80
14956770,13,50,-4,84
14957280,24,62,2,82
14957790,73,21,5,77
14958300,93,45,-1,78
14958810,81,25,-7,85
14959320,68,45,16,69
14959830,99,82,-14,83
14960340,28,17,8,75
14960850,29,20,-2,77
14961360,75,23,-2,79
14961870,62,43,2,77
14962380,93,29,-4,81
14962890,80,67,2,79
14963400,9,2,-4,83
14963910,31,5,10,73
14964420,32,38,-7,80
14964930,53,41,1,79
14965440,84,44,-3,82
14965950,70,24,6,76
14966460,44,48,0,76
14966970,75,62,0,76
14967480,4,99,-2,78
14967990,43,77,-4,82
14968500,9,80,-3,85
14969010,20,58,5,80
14969520,69,17,2,78
14970030,54,41,5,73
14970540,85,61,-11,84
14971050,14,98,7,77
14971560,53,76,-1,78
14972070,19,90,2,76
14972580,92,68,-2,78
14973090,21,3,0,78
14973600,55,6,6,72
14974110,91,9,-6,78
14974620,47,12,3,75
14975130,21,32,-9,84
14975640,42,35,9,75
14976150,61,38,0,75
14976660,75,58,-1,76
14977170,4,95,-1,77
14977680,43,73,-5,82
14978190,9,76,-3,85
14978700,48,54,0,85
14979210,14,19,-1,86
14979720,35,22,12,74
14980230,36,91,-5,79
14980740,7,50,-6,85
14981250,28,9,5,80
14981760,29,29,2,78
14982270,50,32,4,74
14982780,69,52,1,73
14983290,100,38,-9,82
14983800,12,75,-7,89
14984310,51,53,13,76
14984820,82,20,4,72
14985330,38,4,-6,78
14985840,53,37,10,68
14986350,72,91,-13,81
14986860,38,59,-8,89
14987370,4,70,11,78
14987880,15,48,-3,81
14988390,16,60,3,78
14988900,17,19,5,73
14989410,38,22,4,69
14989920,57,42,-7,76
14990430,76,9,-3,79
14990940,100,12,0,79
14991450,56,50,-1,80
14991960,87,70,5,75
14992470,16,5,-7,82
14992980,37,78,-6,88
14993490,3,37,4,84
14994000,13,49,5,79
14994510,14,8,1,78
14995020,35,11,1,77
14995530,62,31,1,76
14996040,76,11,-3,79
14996550,32,14,2,77
14997060,33,34,3,74
14997570,54,37,-2,76
14998080,85,57,0,76
14998590,14,94,-7,83
14999100,53,72,0,83
14999610,19,37,0,83
15000120,68,48,6,77
15000630,99,37,-1,78
15001140,11,74,-7,85
15001650,32,52,4,81
15002160,100,63,-4,85
15002670,18,43,1,84
15003180,67,54,8,76
15003690,98,40,-3,79
15004200,10,20,-4,83
15004710,21,23,-1,84
15005220,32,26,6,78
15005730,51,29,-2,80
15006240,65,49,8,72
15006750,96,35,-5,77
15007260,8,72,-6,83
15007770,29,50,4,79
15008280,97,61,-4,83
15008790,15,41,-5,88
15009300,64,52,11,77
15009810,95,38,-3,80
15010320,82,18,8,72
15010830,38,2,-3,75
15011340,12,35,-7,82
15011850,61,46,5,77
15012360,92,32,1,76
15012870,4,12,-5,81
15013380,15,15,-1,82
15013890,26,18,5,77
15014400,75,21,2,75
15014910,62,45,-4,79
15015420,93,31,2,77
15015930,5,68,-5,82
15016440,95,46,0,82
15016950,7,26,-4,86
15017460,18,37,6,80
15017970,67,48,5,75
15018480,98,34,-9,84
15018990,10,72,4,80
15019500,31,50,-4,84
15020010,99,61,6,78
15020520,17,41,-6,84
15021030,66,6,1,83
15021540,54,9,4,79
15022050,73,12,3,76
15022560,65,15,7,69
15023070,57,101,-8,77
15023580,28,21,5,72
15024090,47,24,-4,76
15024600,74,44,1,75
15025110,3,24,-6,81
15025620,13,35,1,80
15026130,62,46,6,74
15026640,93,35,-10,84
15027150,80,73,6,78
15027660,9,8,-4,82
15028170,20,11,5,77
15028680,41,95,2,75
15029190,12,54,-6,81
15029700,13,13,-3,84
15030210,34,16,7,77
15030720,35,36,-4,81
15031230,54,39,11,70
15031740,73,25,0,70
15032250,60,45,-7,77
15032760,91,31,-1,78
15033270,3,69,-1,79
15033780,42,47,1,78
15034290,61,50,5,73
15034800,92,6,-3,76
15035310,48,9,0,76
15035820,22,42,-5,81
15036330,71,53,6,75
15036840,0,90,-7,82
15037350,11,0,6,76
15037860,32,73,-4,80
15038370,100,32,-1,81
15038880,12,70,-4,85
15039390,13,29,3,82
15039900,24,40,3,79
15040410,92,43,-4,83
15040920,79,23,6,77
15041430,66,47,-1,78
15041940,97,33,-1,79
15042450,9,13,-1,80
15042960,20,16,1,79
15043470,90,19,6,73
15043980,46,57,-12,85
15044490,12,68,4,81
15045000,23,46,0,81
15045510,91,57,-2,83
15046020,16,37,-2,85
15046530,17,48,4,81
15047040,66,60,7,74
15047550,97,97,-9,83
15048060,95,32,2,81
15048570,13,70,-5,86
15049080,52,29,15,71
15049590,85,49,0,71
15050100,71,29,0,71
15050610,58,53,-8,79
15051120,89,90,-3,82
15051630,18,25,0,82
15052140,39,15,9,73
15052650,58,35,-1,74
15053160,89,15,-5,79
15053670,45,101,-7,86
15054180,16,60,0,86
15054690,17,19,0,86
15055200,38,22,17,69
15055710,57,42,-8,77
15056220,88,28,-6,83
15056730,18,66,1,82
15057240,19,25,1,81
15057750,40,28,7,74
15058260,59,97,2,72
15058770,25,17,-9,81
15059280,52,20,8,73
15059790,37,40,-9,82
15060300,58,43,3,79
15060810,89,29,1,78
15061320,76,67,-4,82
15061830,5,2,3,79
15062340,16,28,-6,85
15062850,27,31,6,79
15063360,48,34,1,78
15063870,67,20,-1,79
15064380,41,44,3,76
15064890,60,9,1,75
15065400,52,12,1,74
15065910,26,36,-9,83
15066420,94,39,1,82
15066930,6,19,2,80
15067440,17,22,1,79
15067950,38,25,6,73
15068460,57,45,6,67
15068970,88,31,-9,76
15069480,44,53,-2,78
15069990,10,56,-3,81
15070500,31,15,6,75
15071010,58,35,2,73
15071520,89,19,-7,80
15072030,45,3,-1,81
15072540,64,6,-2,83
15073050,98,9,2,81
15073560,24,47,-8,89
15074070,73,58,8,81
15074580,2,95,0,81
15075090,13,5,3,78
15075600,34,89,-4,82
15076110,5,48,5,77
15076620,15,7,-3,80
15077130,36,91,0,80
15077640,7,50,-3,83
15078150,17,9,-1,84
15078660,38,93,6,78
15079170,9,52,-3,81
15079680,19,11,3,78
15080190,40,95,1,77
15080700,11,54,-7,84
15081210,12,13,7,77
15081720,23,16,-6,83
15082230,34,100,5,78
15082740,5,20,-2,80
15083250,85,23,0,80
15083760,72,47,8,72
15084270,1,27,-7,79
15084780,11,38,-3,82
15085290,21,49,1,81
15085800,70,14,-1,82
15086310,90,84,-3,85
15086820,19,19,4,81
15087330,30,22,1,80
15087840,79,4,9,71
15088350,67,7,-3,74
15088860,41,10,-3,77
15089370,49,43,2,75
15089880,80,8,-5,80
15090390,6,11,-3,83
15090900,17,14,8,75
15091410,28,17,0,75
15091920,29,86,-7,82
15092430,99,45,4,78
15092940,11,25,-4,82
15093450,22,36,0,82
15093960,90,39,0,82
15094470,2,19,-2,84
15094980,13,30,-2,86
15095490,24,41,6,80
15096000,92,44,2,78
15096510,79,24,-3,81
15097020,66,62,3,78
15097530,97,99,2,76
15098040,95,34,-5,81
15098550,82,14,6,75
15099060,38,17,-1,76
15099570,6,37,-7,83
15100080,16,49,-1,84
15100590,26,14,4,80
15101100,27,98,7,73
15101610,37,76,-15,88
15102120,3,79,3,85
15102630,42,57,-2,87
15103140,8,68,10,77
15103650,47,46,1,76
15104160,78,11,-11,87
15104670,98,14,7,80
15105180,24,52,-4,84
15105690,73,17,11,73
15106200,60,41,-3,76
15106710,91,27,0,76
15107220,17,64,-2,78
15107730,18,23,-7,85
15108240,39,26,8,77
15108750,58,29,1,76
15109260,32,15,-2,78
15109770,59,84,-2,80
15110280,25,87,3,77
15110790,98,46,-4,81
15111300,10,26,-1,82
15111810,21,37,2,80
15112320,89,40,-7,87
15112830,76,20,2,85
15113340,63,44,9,76
15113850,29,30,-1,77
15114360,50,33,2,75
15114870,69,0,1,74
15115380,90,3,-7,81
15115890,9,6,2,79
15116400,30,9,2,77
15116910,26,12,-4,81
15117420,47,96,0,81
15117930,18,99,0,81
15118440,57,77,-2,83
15118950,23,89,-1,84
15119460,28,48,9,75
15119970,96,51,-9,84
15120480,83,31,4,80
15120990,1,11,-7,87
15121500,12,14,8,79
15122010,33,17,1,78
15122520,34,37,-6,84
15123030,55,40,12,72
15123540,74,7,-1,73
15124050,66,10,2,71
15124560,53,13,-3,74
15125070,40,37,-4,78
15125580,59,40,6,72
15126090,90,26,-7,79
15126600,77,64,2,77
15127110,6,101,-4,81
15127620,45,79,4,77
15128130,11,82,-6,83
15128640,21,60,0,83
15129150,91,19,2,81
15129660,78,57,2,79
15130170,3,94,-2,81
15130680,59,4,3,78
15131190,93,7,-3,81
15131700,19,10,-4,85
15132210,53,94,3,82
15132720,19,97,7,75
15133230,92,75,-5,80
15133740,21,10,3,77
15134250,55,94,-10,87
15134760,26,97,7,80
15135270,99,56,-2,82
15135780,11,36,-3,85
15136290,21,1,4,81
15136800,36,85,-1,82
15137310,9,44,0,82
15137820,19,56,2,80
15138330,68,15,8,72
15138840,55,18,-3,75
15139350,42,38,-1,76
15139860,61,41,-1,77
15140370,92,8,-1,78
15140880,18,11,-4,82
15141390,96,14,1,81
15141900,22,52,-6,87
15142410,71,17,10,77
15142920,58,41,3,74
15143430,77,8,-2,76
15143940,62,11,6,70
15144450,76,14,-6,76
15144960,68,17,7,69
15145470,55,41,-8,77
15145980,86,27,-8,85
15146490,73,65,15,70
15147000,2,0,-9,79
15147510,23,3,4,75
15148020,31,6,-8,83
15148530,65,9,8,75
15149040,52,50,-2,77
15149550,83,53,-2,79
15150060,8,90,-4,83
15150570,19,68,0,83
15151080,20,27,2,81
15151590,41,30,1,80
15152100,60,99,3,77
15152610,26,0,-3,80
15153120,41,84,-4,84
15153630,14,43,1,83
15154140,78,54,7,76
15154650,7,91,4,72
15155160,18,69,-14,86
15155670,19,28,-1,87
15156180,40,31,8,79
15156690,59,34,9,70
15157200,73,20,1,69
15157710,60,44,-7,76
15158220,79,11,0,76
15158730,5,14,-4,80
15159240,16,17,2,78
15159750,44,20,1,77
15160260,71,40,4,73
15160770,85,20,-4,77
15161280,72,23,-1,78
15161790,59,47,7,71
15162300,90,33,-6,77
15162810,2,70,-6,83
15163320,58,29,13,70
15163830,72,32,-9,79
15164340,86,12,-3,82
15164850,73,15,10,72
15165360,60,32,-6,78
15165870,74,12,5,73
15166380,61,15,-4,77
15166890,48,18,1,76
15167400,75,38,-8,84
15167910,62,18,6,78
15168420,49,42,3,75
15168930,80,45,-7,82
15169440,94,25,7,75
15169950,6,63,-2,77
15170460,45,41,-3,80
15170970,78,6,3,77
15171480,0,9,-5,82
15171990,11,12,5,77
15172500,32,15,-6,83
15173010,66,99,7,76
15173520,32,0,1,75
15174030,47,3,-3,78
15174540,74,6,3,75
15175050,40,9,0,75
15175560,59,12,3,72
15176070,46,15,-3,75
15176580,73,35,-3,78
15177090,60,15,4,74
15177600,74,18,-8,82
15178110,61,21,6,76
15178620,53,41,-1,77
15179130,72,27,-2,79
15179640,59,51,2,77
15180150,25,37,1,76
15180660,46,2,-5,81
15181170,73,5,4,77
15181680,97,8,-9,86
15182190,23,11,4,82
15182700,34,95,1,81
15183210,5,54,-2,83
15183720,33,13,5,78
15184230,41,97,-3,81
15184740,7,17,-5,86
15185250,18,20,6,80
15185760,40,23,5,75
15186270,59,5,-4,79
15186780,93,8,2,77
15187290,19,11,-2,79
15187800,41,95,-3,82
15188310,12,54,1,81
15188820,40,13,6,75
15189330,67,34,-2,77
15189840,72,14,0,77
15190350,59,31,0,77
15190860,73,17,-5,82
15191370,60,20,10,72
15191880,47,44,-2,74
15192390,30,9,-3,77
15192900,38,42,2,75
15193410,49,45,-4,79
15193920,80,10,7,72
15194430,36,13,-4,76
15194940,4,16,-12,88
15195450,15,19,7,81
15195960,37,22,5,76
15196470,38,91,-3,79
15196980,4,50,-2,81
15197490,60,62,7,74
15198000,26,51,-9,83
15198510,75,16,4,79
15199020,62,19,6,73
15199530,54,22,-9,82
15200040,68,39,11,71
15200550,82,19,-3,74
15201060,69,57,-1,75
15201570,100,43,-3,78
15202080,12,23,-5,83
15202590,23,26,3,80
15203100,45,29,4,76
15203610,64,15,4,72
15204120,51,18,-5,77
15204630,78,21,0,77
15205140,65,45,3,74
15205650,84,82,-9,83
15206160,50,17,9,74
15206670,77,41,-2,76
15207180,91,21,0,76
15207690,78,59,-1,77
15208200,3,96,-6,83
15208710,59,6,9,74
15209220,83,9,-2,76
15209730,9,12,-7,83
15210240,31,15,5,78
15210750,58,99,-4,82
15211260,24,0,8,74
15211770,39,84,-4,78
15212280,5,87,-7,85
15212790,44,99,6,79
15213300,15,19,-2,81
15213810,36,22,7,74
15214320,55,4,-2,76
15214830,89,7,4,72
15215340,15,10,-9,81
15215850,36,13,7,74
15216360,63,16,-1,75
15216870,50,19,0,75
15217380,64,22,2,73
15217890,51,25,-1,74
15218400,65,11,1,73
15218910,52,14,0,73
15219420,72,17,5,68
15219930,59,20,-8,76
15220440,46,60,-6,82
15220950,12,25,-4,86
15221460,23,28,3,83
15221970,45,31,7,76
15222480,64,13,-1,77
15222990,51,16,-1,78
15223500,65,19,0,78
15224010,52,22,5,73
15224520,66,8,-2,75
15225030,53,11,-2,77
15225540,80,14,2,75
15226050,67,26,-5,80
15226560,59,48,8,72
15227070,90,34,-5,77
15227580,2,14,-5,82
15228090,13,17,-1,83
15228600,35,20,8,75
15229110,62,2,0,75
15229620,83,5,-4,79
15230130,9,8,0,79
15230640,30,11,-1,80
15231150,52,95,0,80
15231660,23,98,6,74
15232170,62,76,-8,82
15232680,28,24,3,79
15233190,39,27,5,74
15233700,58,9,-4,78
15234210,45,12,4,74
15234720,53,15,0,74
15235230,40,18,-5,79
15235740,67,38,6,73
15236250,81,18,-13,86
15236760,68,21,16,70
15237270,55,45,-7,77
15237780,86,31,-1,78
15238290,100,53,0,78
15238800,12,33,-3,81
15239310,34,44,-1,82
15239820,56,47,14,68
15240330,87,33,-7,75
15240840,101,13,-7,82
15241350,27,16,4,78
15241860,49,100,-7,85
15242370,20,1,6,79
15242880,35,4,2,77
15243390,50,7,1,76
15243900,77,10,-2,78
15244410,69,13,-2,80
15244920,61,16,1,79
15245430,48,19,2,77
15245940,75,22,-1,78
15246450,62,44,1,77
15246960,89,30,-5,82
15247470,1,10,1,81
15247980,12,13,3,78
15248490,34,16,1,77
15249000,61,100,3,74
15249510,27,1,0,74
15250020,42,4,-2,76
15250530,57,7,-1,77
15251040,91,10,-4,81
15251550,13,13,0,81
15252060,34,16,2,79
15252570,61,100,-2,81
15253080,27,1,1,80
15253590,42,4,1,79
15254100,61,7,8,71
15254610,85,10,-8,79
15255120,7,13,-3,82
15255630,66,16,-3,85
15256140,53,19,12,73
15256650,80,22,-6,79
15257160,67,44,5,74
15257670,83,81,-6,80
15258180,49,16,5,75
15258690,76,19,-2,77
15259200,63,22,-1,78
15259710,50,25,4,74
15260220,64,11,3,71
15260730,51,14,-3,74
15261240,71,17,-1,75
15261750,85,20,-4,79
15262260,99,23,0,79
15262770,25,61,0,79
15263280,93,68,-1,80
15263790,22,3,6,74
15264300,49,87,-4,78
15264810,15,90,1,77
15265320,54,68,-6,83
15265830,20,51,7,76
15266340,69,57,-4,80
15266850,96,42,4,76
15267360,8,22,-10,86
15267870,19,25,1,85
15268380,89,28,3,82
15268890,1,8,-2,84
15269400,12,11,0,84
15269910,33,95,6,78
15270420,1,54,-5,83
15270930,57,13,6,77
15271440,84,16,-4,81
15271950,98,19,-2,83
15272460,24,22,7,76
15272970,46,78,-4,80
15273480,12,81,-4,84
15273990,51,59,7,77
15274500,17,42,-5,82
15275010,66,53,6,76
15275520,97,39,-6,82
15276030,9,19,-1,83
15276540,20,22,5,78
15277050,90,25,0,78
15277560,2,63,-3,81
15278070,36,41,5,76
15278580,57,44,2,74
15279090,76,47,-5,79
15279600,90,27,6,73
15280110,2,7,-11,84
15280620,13,10,4,80
15281130,34,13,7,73
15281640,61,16,-2,75
15282150,48,40,3,72
15282660,81,26,-6,78
15283170,95,50,7,71
15283680,7,30,-13,84
15284190,17,41,3,81
15284700,66,6,7,74
15285210,90,9,-6,80
15285720,16,12,-5,85
15286230,37,15,15,70
15286740,64,35,-2,72
15287250,69,15,-2,74
15287760,89,18,-1,75
15288270,1,21,-2,77
15288780,11,24,-6,83
15289290,22,27,5,78
15289800,44,30,-1,79
15290310,63,12,0,79
15290820,83,15,0,79
15291330,70,18,-1,80
15291840,57,21,17,63
15292350,42,5,-15,78
15292860,69,69,4,74
15293370,35,4,-1,75
15293880,54,7,1,74
15294390,88,31,-3,77
15294900,0,11,-6,83
15295410,11,14,-2,85
15295920,33,17,5,80
15296430,60,101,4,76
15296940,26,2,-3,79
15297450,41,86,-5,84
15297960,7,45,2,82
15298470,17,4,4,78
15298980,38,88,0,78
15299490,11,47,-5,83
15300000,21,59,4,79
15300510,70,18,1,78
15301020,84,21,4,74
