step_time,gneJ00_offset,gneJ9_offset,reward,queue_sum
1020,50,85,4,75
1530,64,76,-2,77
2040,14,1,-2,79
2550,71,12,1,78
3060,86,22,6,72
3570,101,49,-5,77
4080,24,76,-4,81
4590,76,67,-6,87
5100,58,29,7,80
5610,83,36,4,76
6120,6,46,-10,86
6630,70,50,4,82
7140,95,61,4,78
7650,18,88,0,78
8160,34,80,-5,83
8670,37,71,-2,85
9180,40,33,10,75
9690,43,97,-4,79
10200,46,25,-2,81
10710,49,32,4,77
11220,68,43,-3,80
11730,93,46,4,76
12240,16,73,-5,81
12750,26,64,-1,82
13260,29,55,0,82
13770,63,17,9,73
14280,78,27,-1,74
14790,1,37,-10,84
15300,65,28,8,76
15810,90,35,1,75
16320,13,62,-4,79
16830,65,53,-2,81
17340,79,15,7,74
17850,94,42,3,71
18360,17,69,-12,83
18870,69,60,-1,84
19380,83,22,15,69
19890,65,49,-15,84
20400,79,60,1,83
20910,93,43,5,78
21420,16,70,1,77
21930,68,61,-3,80
22440,82,23,4,76
22950,97,50,-4,80
23460,20,77,0,80
23970,72,16,2,78
24480,87,26,2,76
24990,69,53,-1,77
25500,94,80,1,76
26010,76,5,0,76
26520,58,32,-3,79
27030,83,39,2,77
27540,6,66,0,77
28050,51,16,-1,78
28560,52,23,0,78
29070,71,30,4,74
29580,96,40,-7,81
30090,19,67,2,79
30600,22,58,-8,87
31110,25,20,12,75
31620,59,89,-3,78
32130,73,14,6,72
32640,88,24,-2,74
33150,70,51,-14,88
33660,84,34,10,78
34170,7,61,-3,81
34680,52,52,-6,87
35190,66,14,13,74
35700,81,24,-3,77
36210,96,51,0,77
36720,19,78,-5,82
37230,21,69,2,80
37740,24,60,-4,84
38250,27,22,4,80
38760,46,91,3,77
39270,47,82,-1,78
39780,61,73,2,76
40290,75,100,1,75
40800,57,25,-4,79
41310,82,14,2,77
41820,97,41,1,76
42330,20,68,-1,77
42840,21,59,-6,83
43350,24,21,7,76
43860,38,32,-12,88
44370,52,96,12,76
44880,53,87,-2,78
45390,67,78,0,78
45900,49,3,1,77
46410,50,33,-8,85
46920,69,44,8,77
47430,94,71,0,77
47940,17,98,-6,83
48450,33,40,0,83
48960,47,2,8,75
49470,48,32,-3,78
49980,67,43,-4,82
50490,92,26,6,76
51000,74,53,-5,81
51510,99,36,2,79
52020,22,63,3,76
52530,25,54,-4,80
53040,28,16,-1,81
53550,31,27,2,79
54060,45,91,3,76
54570,46,10,-8,84
55080,47,60,5,79
55590,61,50,-3,82
56100,75,12,11,71
56610,90,22,2,69
57120,72,49,-12,81
57630,97,32,8,73
58140,79,59,-7,80
58650,2,42,2,78
59160,66,33,0,78
59670,91,40,4,74
60180,14,67,-9,83
60690,24,58,5,78
61200,25,20,-6,84
61710,50,31,8,76
62220,64,42,-7,83
62730,89,53,9,74
63240,12,80,-10,84
63750,57,30,4,80
64260,82,37,4,76
64770,5,47,-3,79
65280,69,38,-7,86
65790,94,49,5,81
66300,17,79,-2,83
66810,28,29,2,81
67320,42,93,2,79
67830,43,55,-2,81
68340,57,17,-1,82
68850,72,24,1,81
69360,97,34,0,81
69870,20,61,0,81
70380,23,23,1,80
70890,37,34,-4,84
71400,51,98,3,81
71910,54,17,1,80
72420,79,24,0,80
72930,2,51,-2,82
73440,66,42,2,80
73950,91,25,1,79
74460,4,52,-5,84
74970,68,43,4,80
75480,93,26,1,79
75990,69,53,-4,83
76500,94,36,3,80
77010,17,63,0,80
77520,19,25,-2,82
78030,71,94,0,82
78540,53,19,7,75
79050,78,26,3,72
79560,1,36,-9,81
80070,65,27,7,74
80580,90,37,-3,77
81090,13,64,2,75
81600,24,14,-8,83
82110,27,32,4,79
82620,41,101,4,75
83130,42,20,-7,82
83640,45,27,-2,84
84150,48,38,8,76
84660,51,0,0,76
85170,54,30,-8,84
85680,79,41,5,79
86190,2,30,6,73
86700,66,21,-6,79
87210,91,31,7,72
87720,14,58,-9,81
88230,13,20,-1,82
88740,65,89,1,81
89250,79,14,7,74
89760,55,24,-5,79
90270,80,31,3,76
90780,3,41,-6,82
91290,67,32,0,82
91800,92,39,4,78
92310,15,66,-2,80
92820,22,28,-2,82
93330,64,97,8,74
93840,69,22,-8,82
94350,94,32,8,74
94860,17,59,-3,77
95370,20,50,-4,81
95880,67,12,11,70
96390,82,22,-7,77
96900,89,49,-2,79
97410,12,38,1,78
97920,19,29,-3,81
98430,71,98,5,76
98940,85,23,3,73
99450,92,50,2,71
99960,15,77,-10,81
100470,26,27,4,77
100980,68,96,0,77
101490,73,21,6,71
102000,80,31,-1,72
102510,3,41,-10,82
103020,67,32,5,77
103530,92,21,0,77
104040,68,48,-6,83
104550,93,31,10,73
105060,16,58,-10,83
105570,19,49,-1,84
106080,22,11,3,81
106590,25,29,3,78
107100,67,98,0,78
107610,72,23,4,74
108120,97,33,-3,77
108630,20,60,-7,84
109140,23,82,0,84
109650,26,71,4,80
110160,29,62,-3,83
110670,32,24,10,73
111180,35,88,-4,77
111690,38,7,-5,82
112200,39,57,-2,84
112710,53,19,6,78
113220,78,26,8,70
113730,1,36,-8,78
114240,65,27,1,77
114750,90,37,-1,78
115260,13,64,-5,83
115770,24,55,0,83
116280,27,17,0,83
116790,30,28,5,78
117300,33,97,-7,85
117810,36,48,3,82
118320,50,10,-3,85
118830,51,95,12,73
119340,56,58,-13,86
119850,59,20,6,80
120360,84,27,6,74
120870,7,54,-3,77
121380,52,45,-1,78
121890,55,7,3,75
122400,56,17,-3,78
122910,81,24,6,72
123420,88,38,-3,75
123930,11,65,-3,78
124440,22,56,-4,82
124950,25,18,3,79
125460,28,7,-2,81
125970,31,18,-3,84
126480,34,36,2,82
126990,37,100,-6,88
127500,40,51,3,85
128010,54,13,10,75
128520,69,23,-5,80
129030,94,33,6,74
129540,17,60,-4,78
130050,96,51,3,75
130560,19,78,-7,82
131070,30,69,-4,86
131580,33,31,5,81
132090,36,95,4,77
132600,39,14,-6,83
133110,42,21,-1,84
133620,45,28,2,82
134130,48,39,5,77
134640,51,1,-4,81
135150,52,31,1,80
135660,71,38,1,79
136170,96,27,5,74
136680,1,54,-3,77
137190,46,4,0,77
137700,47,54,-2,79
138210,61,16,-2,81
138720,76,26,12,69
139230,101,36,-9,78
139740,24,63,-2,80
140250,67,25,2,78
140760,92,35,3,75
141270,15,62,-5,80
141780,22,53,0,80
142290,25,15,-1,81
142800,28,33,-2,83
143310,31,97,-2,85
143820,34,25,6,79
144330,37,36,-6,85
144840,40,100,5,80
145350,43,19,-3,83
145860,46,26,6,77
146370,49,33,-4,81
146880,52,44,-1,82
147390,55,6,5,77
147900,56,16,-2,79
148410,63,26,0,79
148920,88,31,4,75
149430,11,44,-7,82
149940,75,35,4,78
150450,100,24,-4,82
150960,76,51,-1,83
151470,101,34,4,79
151980,24,61,0,79
152490,27,52,-5,84
153000,30,14,4,80
153510,33,32,1,79
154020,36,96,3,76
154530,39,15,-13,89
155040,42,22,3,86
155550,45,11,6,80
156060,99,18,0,80
156570,12,45,3,77
157080,76,36,1,76
157590,101,25,-8,84
158100,77,52,0,84
158610,0,35,5,79
159120,64,26,-4,83
159630,89,33,13,70
160140,12,60,-11,81
160650,11,51,6,75
161160,10,42,-6,81
161670,74,33,4,77
162180,99,43,1,76
162690,22,70,-8,84
163200,25,61,4,80
163710,28,23,-4,84
164220,31,30,1,83
164730,34,99,-2,85
165240,37,18,5,80
165750,40,25,-3,83
166260,43,14,1,82
166770,46,21,-5,87
167280,49,28,-1,88
167790,52,35,10,78
168300,71,46,-4,82
168810,96,29,4,78
169320,78,56,-3,81
169830,1,39,8,73
170340,65,30,-8,81
170850,90,19,5,76
171360,66,46,-8,84
171870,80,29,7,77
172380,3,39,-5,82
172890,67,30,5,77
173400,92,37,5,72
173910,15,64,-6,78
174420,22,55,-1,79
174930,25,17,-8,87
175440,28,24,6,81
175950,31,13,0,81
176460,34,20,0,81
176970,37,27,-1,82
177480,40,16,-1,83
177990,43,23,5,78
178500,62,30,0,78
179010,87,37,-1,79
179520,10,26,-4,83
180030,62,20,1,82
180540,69,30,4,78
181050,94,19,0,78
181560,70,46,1,77
182070,95,35,-3,80
182580,18,62,-1,81
183090,21,53,-2,83
183600,24,15,5,78
184110,27,4,0,78
184620,28,11,-2,80
185130,31,18,0,80
185640,34,25,0,80
186150,37,14,-8,88
186660,40,21,12,76
187170,43,28,-9,85
187680,46,17,7,78
188190,47,24,-6,84
188700,66,31,5,79
189210,91,20,12,67
189720,67,47,-20,87
190230,81,58,7,80
190740,95,41,-1,81
191250,18,30,-3,84
191760,70,99,4,80
192270,52,55,-8,88
192780,66,17,10,78
193290,3,27,-5,83
193800,55,18,5,78
194310,56,25,-4,82
194820,81,32,9,73
195330,4,21,-6,79
195840,17,12,-4,83
196350,20,30,10,73
196860,72,99,-2,75
197370,54,24,-7,82
197880,68,31,0,82
198390,93,20,3,79
198900,69,47,0,79
199410,94,30,-2,81
199920,76,57,2,79
200430,101,40,2,77
200940,83,67,-3,80
201450,97,29,4,76
201960,20,56,-12,88
202470,23,18,12,76
202980,26,7,-7,83
203490,29,18,0,83
204000,32,64,1,82
204510,35,26,1,81
205020,38,15,2,79
205530,41,22,-3,82
206040,44,11,4,78
206550,45,21,-2,80
207060,64,28,3,77
207570,89,17,0,77
208080,65,44,-11,88
208590,79,33,14,74
209100,2,43,-5,79
209610,66,34,0,79
210120,91,41,8,71
210630,14,68,-8,79
211140,13,59,0,79
211650,12,50,3,76
212160,64,41,-1,77
212670,89,30,0,77
213180,12,57,0,77
213690,53,48,-7,84
214200,56,10,9,75
214710,57,20,0,75
215220,82,30,3,72
215730,5,40,-8,80
216240,69,31,4,76
216750,94,20,-2,78
217260,70,47,1,77
217770,95,30,-9,86
218280,77,57,6,80
218790,91,40,0,80
219300,14,29,1,79
219810,66,98,4,75
220320,48,34,-9,84
220830,93,23,9,75
221340,69,50,-4,79
221850,94,33,1,78
222360,17,60,-3,81
222870,12,49,-1,82
223380,7,40,-1,83
223890,6,31,2,81
224400,5,22,1,80
224910,57,28,2,78
225420,82,35,6,72
225930,5,24,-10,82
226440,57,30,0,82
226950,82,37,8,74
227460,5,26,-8,82
227970,4,17,1,81
228480,92,23,0,81
228990,68,50,-2,83
229500,93,33,5,78
230010,16,60,1,77
230520,23,51,-7,84
231030,26,13,2,82
231540,29,31,-1,83
232050,43,100,6,77
232560,46,28,-9,86
233070,65,39,9,77
233580,90,28,-2,79
234090,13,55,4,75
234600,12,46,-11,86
235110,11,37,6,80
235620,10,28,0,80
236130,62,37,-1,81
236640,87,48,5,76
237150,10,78,-7,83
237660,55,28,3,80
238170,80,35,3,77
238680,3,45,-7,84
239190,13,36,7,77
239700,8,100,0,77
240210,53,89,3,74
240720,67,25,-5,79
241230,28,35,2,77
241740,42,2,1,76
242250,43,52,-5,81
242760,57,14,-2,83
243270,58,24,1,82
243780,83,31,8,74
244290,6,58,-5,79
244800,51,49,-2,81
245310,65,11,5,76
245820,80,21,3,73
246330,87,31,-2,75
246840,10,58,-6,81
247350,9,49,3,78
247860,97,40,-1,79
248370,20,67,-1,80
248880,23,56,1,79
249390,26,18,-1,80
249900,45,29,4,76
250410,59,40,-8,84
250920,73,51,9,75
251430,98,78,-2,77
251940,80,3,7,70
252450,56,13,-11,81
252960,71,23,5,76
253470,96,33,-3,79
253980,78,60,-1,80
254490,1,43,0,80
255000,89,34,5,75
255510,71,44,-4,79
256020,96,27,0,79
256530,78,54,-3,82
257040,1,84,5,77
257550,46,34,-4,81
258060,65,45,-2,83
258570,79,56,-1,84
259080,2,39,5,79
259590,66,30,4,75
260100,25,19,-3,78
260610,28,30,-12,90
261120,42,41,12,78
261630,56,3,0,78
262140,71,33,-3,81
262650,96,85,3,78
263160,78,10,2,76
263670,54,20,-5,81
264180,79,27,12,69
264690,2,37,-8,77
265200,1,28,-3,80
265710,65,25,7,73
266220,90,35,-3,76
266730,13,62,-5,81
267240,22,23,-7,88
267750,36,34,6,82
268260,50,45,4,78
268770,64,7,1,77
269280,71,37,1,76
269790,96,26,-5,81
270300,72,53,0,81
270810,86,36,2,79
271320,9,25,-1,80
271830,61,19,2,78
272340,76,29,7,71
272850,101,39,-11,82
273360,24,66,1,81
273870,27,28,-4,85
274380,41,97,7,78
274890,42,33,-1,79
275400,18,44,-3,82
275910,94,6,4,78
276420,70,36,-1,79
276930,95,25,1,78
277440,77,52,-2,80
277950,0,82,6,74
278460,45,32,-6,80
278970,64,43,1,79
279480,89,54,1,78
279990,12,84,1,77
280500,28,34,-5,82
281010,42,1,4,78
281520,43,12,-1,79
282030,44,23,4,75
282540,63,34,-10,85
283050,88,45,8,77
283560,11,34,-4,81
284070,87,25,5,76
284580,63,52,-7,83
285090,77,63,2,81
285600,91,46,4,77
286110,14,35,-3,80
286620,90,2,9,71
287130,66,12,-11,82
287640,81,22,13,69
288150,88,49,-11,80
288660,11,38,3,77
289170,6,29,-5,82
289680,5,42,-4,86
290190,4,55,8,78
290700,49,5,2,76
291210,50,35,-8,84
291720,69,46,4,80
292230,94,57,1,79
292740,17,40,-2,81
293250,93,2,0,81
293760,69,32,7,74
294270,94,21,-3,77
294780,70,48,-10,87
295290,84,59,11,76
295800,7,42,-6,82
296310,6,33,-1,83
296820,5,24,4,79
297330,57,21,-1,80
297840,82,28,6,74
298350,5,38,-1,75
298860,4,29,-5,80
299370,68,20,3,77
299880,75,30,2,75
300390,100,40,-6,81
300900,23,67,3,78
301410,26,50,-7,85
301920,40,12,2,83
302430,41,23,2,81
302940,60,34,-1,82
303450,74,45,8,74
303960,99,28,-4,78
304470,81,55,-3,81
304980,4,85,3,78
305490,49,35,2,76
306000,68,46,-7,83
306510,82,29,11,72
307020,89,39,-5,77
307530,12,28,3,74
308040,7,97,-3,77
308550,52,86,2,75
309060,57,22,-4,79
309570,82,32,7,72
310080,5,42,-7,79
310590,69,33,1,78
311100,94,40,2,76
311610,17,29,-1,77
312120,101,98,-10,87
312630,83,23,17,70
313140,90,33,-6,76
313650,13,60,-4,80
314160,24,51,-2,82
314670,27,13,0,82
315180,30,24,1,81
315690,49,93,5,76
316200,63,29,0,76
316710,88,36,2,74
317220,11,25,-4,78
317730,63,94,1,77
318240,45,30,-4,81
318750,64,41,2,79
319260,78,52,0,79
319770,92,82,5,74
320280,74,18,2,72
320790,89,28,-5,77
321300,71,55,-2,79
321810,85,66,3,76
322320,99,49,-3,79
322830,55,38,-1,80
323340,69,49,-1,81
323850,83,60,3,78
324360,12,90,-2,80
324870,57,40,1,79
325380,71,23,5,74
325890,86,33,4,70
326400,68,24,-5,75
326910,83,34,6,69
327420,65,44,-12,81
327930,79,55,0,81
328440,8,38,1,80
328950,72,29,1,79
329460,97,39,4,75
329970,79,66,-8,83
330480,93,28,13,70
330990,75,55,-10,80
331500,89,38,7,73
332010,71,27,-1,74
332520,78,37,0,74
333030,1,26,-5,79
333540,65,17,3,76
334050,80,27,-1,77
334560,3,37,-4,81
335070,67,28,3,78
335580,92,35,2,76
336090,99,24,1,75
336600,75,51,-2,77
337110,89,34,0,77
337620,71,23,4,73
338130,78,33,1,72
338640,1,43,-7,79
339150,65,34,7,72
339660,90,41,-7,79
340170,13,30,2,77
340680,65,99,3,74
341190,47,35,-2,76
341700,66,18,2,74
342210,73,28,1,73
342720,98,38,-8,81
343230,21,65,-3,84
343740,20,54,4,80
344250,23,33,-3,83
344760,57,29,2,81
345270,76,36,7,74
345780,101,25,-5,79
346290,77,52,-1,80
346800,82,35,3,77
347310,5,24,-4,81
347820,57,21,0,81
348330,64,28,5,76
348840,89,35,3,73
349350,12,45,-4,77
349860,76,36,-2,79
350370,101,43,5,74
350880,24,70,-9,83
351390,27,59,0,83
351900,30,21,0,83
352410,49,32,1,82
352920,68,43,2,80
353430,82,32,0,80
353940,64,42,-1,81
354450,78,31,8,73
354960,1,20,-3,76
355470,65,17,-2,78
355980,72,27,1,77
356490,97,37,2,75
357000,79,64,-2,77
357510,93,10,-11,88
358020,69,20,8,80
358530,76,30,2,78
359040,101,19,-8,86
359550,77,29,7,79
360060,0,39,2,77
360570,64,30,-2,79
361080,89,37,3,76
361590,71,26,-8,84
362100,96,36,8,76
362610,78,25,1,75
363120,85,35,3,72
363630,8,24,-5,77
364140,72,18,5,72
364650,87,28,-5,77
365160,92,38,0,77
365670,74,27,5,72
366180,99,37,-7,79
366690,22,64,-1,80
367200,25,53,-1,81
367710,28,15,3,78
368220,47,22,-7,85
368730,66,29,9,76
369240,91,36,2,74
369750,73,25,2,72
370260,80,35,-4,76
370770,3,24,-10,86
371280,67,15,14,72
371790,82,25,-2,74
372300,64,35,-7,81
372810,89,42,13,68
373320,71,31,-11,79
373830,96,20,2,77
374340,72,47,-4,81
374850,97,30,4,77
375360,79,57,-1,78
375870,93,87,5,73
376380,75,23,-4,77
376890,82,33,1,76
377400,5,43,-3,79
377910,69,34,-1,80
378420,94,41,6,74
378930,17,30,-3,77
379440,69,94,-4,81
379950,83,30,9,72
380460,6,40,-10,82
380970,5,31,6,76
381480,69,22,-3,79
381990,76,32,4,75
382500,101,42,-4,79
383010,57,69,0,79
383520,71,56,-7,86
384030,85,39,10,76
384540,8,28,-5,81
385050,72,19,6,75
385560,79,29,-1,76
386070,2,39,-2,78
386580,66,30,-4,82
387090,91,19,8,74
387600,73,46,-8,82
388110,98,29,2,80
388620,80,56,-2,82
389130,94,39,0,82
389640,17,67,3,79
390150,81,56,-5,84
390660,95,39,9,75
391170,77,28,-4,79
391680,84,38,4,75
392190,40,27,-7,82
392700,59,16,5,77
393210,66,26,-5,82
393720,91,36,5,77
394230,73,25,4,73
394740,98,35,-4,77
395250,21,62,-1,78
395760,20,53,1,77
396270,23,15,-4,81
396780,42,26,7,74
397290,61,37,-6,80
397800,75,44,3,77
398310,100,27,0,77
398820,76,54,-10,87
399330,90,37,11,76
399840,46,26,-6,82
400350,65,33,7,75
400860,90,40,-8,83
401370,13,29,2,81
401880,77,98,9,72
402390,59,34,-2,74
402900,73,23,0,74
403410,80,33,2,72
403920,36,22,-10,82
404430,55,11,7,75
404940,74,41,-7,82
405450,99,24,5,77
405960,81,51,-2,79
406470,37,81,4,75
406980,40,17,-7,82
407490,59,35,1,81
408000,73,54,1,80
408510,2,37,3,77
409020,66,28,3,74
409530,91,47,0,74
410040,47,30,-5,79
410550,66,19,4,75
411060,73,29,1,74
411570,98,39,-4,78
412080,80,66,2,76
412590,62,2,8,68
413100,39,21,-12,80
413610,58,39,2,78
414120,77,22,9,69
414630,84,32,-7,76
415140,66,42,-8,84
415650,80,25,6,78
416160,87,35,5,73
416670,69,24,-5,78
417180,94,34,2,76
417690,76,61,-6,82
418200,90,67,4,78
418710,72,3,7,71
419220,54,22,-7,78
419730,61,29,2,76
420240,86,36,2,74
420750,68,46,-4,78
421260,73,29,0,78
421770,98,39,4,74
422280,80,66,3,71
422790,62,67,-12,83
423300,81,29,7,76
423810,4,39,-2,78
424320,68,30,0,78
424830,93,49,-1,79
425340,16,32,-2,81
425850,68,101,9,72
426360,50,37,-12,84
426870,69,20,7,77
427380,76,30,2,75
427890,101,40,0,75
428400,24,67,-5,80
428910,27,29,1,79
429420,69,98,-2,81
429930,54,34,-1,82
430440,73,17,0,82
430950,88,27,7,75
431460,70,54,-11,86
431970,84,37,9,77
432480,7,20,3,74
432990,71,14,-2,76
433500,86,24,0,76
434010,93,51,-1,77
434520,49,81,1,76
435030,68,0,3,73
435540,45,19,-9,82
436050,64,37,-1,83
436560,83,56,6,77
437070,6,57,-5,82
437580,70,48,-1,83
438090,84,31,6,77
438600,7,58,1,76
439110,71,49,-7,83
439620,96,32,6,77
440130,70,59,-10,87
440640,84,21,11,76
441150,88,48,-2,78
441660,11,31,-9,87
442170,21,70,5,82
442680,24,100,-4,86
443190,35,36,0,86
443700,54,100,9,77
444210,59,36,-5,82
444720,73,55,-2,84
445230,92,38,9,75
445740,74,85,-6,81
446250,56,21,1,80
446760,81,40,4,76
447270,4,23,0,76
447780,68,20,1,75
448290,83,30,2,73
448800,6,40,-7,80
449310,70,31,2,78
449820,95,20,-2,80
450330,99,47,6,74
450840,81,74,-1,75
451350,63,10,-1,76
451860,70,40,-5,81
452370,95,23,7,74
452880,69,50,-9,83
453390,88,33,3,80
453900,70,16,2,78
454410,85,26,5,73
454920,59,36,-14,87
455430,78,19,15,72
455940,85,29,-5,77
456450,8,56,0,77
456960,53,47,-5,82
457470,72,9,5,77
457980,91,19,3,74
458490,65,46,-9,83
459000,84,29,7,76
459510,91,56,0,76
460020,47,94,4,72
460530,52,30,-9,81
461040,71,13,6,75
461550,90,23,3,72
462060,64,50,-12,84
462570,83,33,9,75
463080,65,43,-8,83
463590,84,26,4,79
464100,58,36,-4,83
464610,77,19,13,70
465120,84,29,-6,76
465630,91,39,-2,78
466140,73,22,6,72
466650,80,32,1,71
467160,36,42,-12,83
467670,55,4,5,78
468180,56,34,-5,83
468690,75,17,7,76
469200,79,27,4,72
469710,53,37,-9,81
470220,72,20,3,78
470730,79,30,3,75
471240,2,40,-8,83
471750,66,31,-3,86
472260,91,38,8,78
472770,14,27,2,76
473280,66,96,0,76
473790,48,32,-5,81
474300,67,43,-1,82
474810,92,26,6,76
475320,66,53,-2,78
475830,85,15,0,78
476340,59,25,1,77
476850,84,32,3,74
477360,7,42,-11,85
477870,71,33,10,75
478380,96,16,-3,78
478890,72,43,0,78
479400,97,26,-6,84
479910,73,53,6,78
480420,98,36,-7,85
480930,21,63,4,81
481440,32,25,-5,86
481950,51,14,7,79
482460,70,99,6,73
482970,52,35,-8,81
483480,71,18,4,77
483990,78,28,5,72
484500,1,38,-11,83
485010,65,39,6,77
485520,90,22,-6,83
486030,66,49,3,80
486540,85,32,2,78
487050,8,42,0,78
487560,72,33,0,78
488070,97,40,0,78
488580,20,67,2,76
489090,31,56,-10,86
489600,59,18,10,76
490110,84,1,-4,80
490620,61,20,4,76
491130,73,30,-3,79
491640,98,40,-1,80
492150,21,67,2,78
492660,24,56,-4,82
493170,27,18,-1,83
493680,46,100,0,83
494190,49,36,6,77
494700,68,19,2,75
495210,83,29,-6,81
495720,6,39,5,76
496230,70,30,1,75
496740,95,49,-2,77
497250,18,32,-1,78
497760,0,96,-6,84
498270,45,85,5,79
498780,48,21,2,77
499290,67,28,-2,79
499800,92,47,4,75
500310,48,30,-7,82
500820,67,41,1,81
501330,92,24,4,77
501840,66,51,-4,81
502350,85,13,-2,83
502860,89,23,12,71
503370,63,50,-12,83
503880,82,33,6,77
504390,5,43,-3,80
504900,69,34,4,76
505410,94,17,-6,82
505920,70,44,2,80
506430,95,27,0,80
506940,69,54,-3,83
507450,88,37,11,72
507960,11,20,-6,78
508470,75,38,2,76
508980,100,21,0,76
509490,74,48,-6,82
510000,99,31,2,80
510510,73,58,0,80
511020,2,20,-1,81
511530,66,17,1,80
512040,81,27,9,71
512550,4,37,-5,76
513060,68,28,-4,80
513570,93,47,5,75
514080,16,30,-7,82
514590,80,99,0,82
515100,62,35,-7,89
515610,87,18,11,78
516120,91,45,4,74
516630,14,28,-5,79
517140,78,97,7,72
517650,60,33,-12,84
518160,85,16,12,72
518670,89,43,-9,81
519180,12,26,4,77
519690,6,44,-3,80
520200,70,35,7,73
520710,95,18,-8,81
521220,69,45,-2,83
521730,94,28,11,72
522240,76,55,-10,82
522750,90,38,3,79
523260,13,21,2,77
523770,65,18,-3,80
524280,80,28,7,73
524790,3,11,-9,82
525300,67,8,6,76
525810,82,18,0,76
526320,97,45,-2,78
526830,53,28,2,76
527340,72,11,5,71
527850,76,21,-1,72
528360,91,31,-5,77
528870,14,41,-4,81
529380,78,3,13,68
529890,73,22,-9,77
530400,88,32,4,73
530910,11,15,-11,84
531420,63,12,10,74
531930,78,22,-2,76
532440,93,32,-2,78
532950,16,59,1,77
533460,80,50,1,76
533970,3,33,-4,80
534480,67,24,-4,84
534990,92,43,5,79
535500,15,26,0,79
536010,67,95,7,72
536520,49,31,-11,83
537030,68,14,7,76
537540,83,24,4,72
538050,98,51,-11,83
538560,21,34,0,83
539070,3,1,3,80
539580,67,100,3,77
540090,72,36,-2,79
540600,97,25,-4,83
541110,82,52,8,75
541620,5,35,-6,81
542130,69,26,2,79
542640,94,9,4,75
543150,70,19,5,70
543660,85,29,-5,75
544170,8,56,-11,86
544680,96,47,6,80
545190,19,74,-1,81
545700,30,63,0,81
546210,58,25,4,77
546720,83,8,2,75
547230,59,27,0,75
547740,84,34,1,74
548250,7,23,-5,79
548760,71,14,5,74
549270,86,24,-4,78
549780,62,51,-1,79
550290,81,13,5,74
550800,57,23,-8,82
551310,82,30,10,72
551820,5,13,-3,75
552330,69,10,-4,79
552840,84,20,4,75
553350,88,47,-8,83
553860,11,30,6,77
554370,75,21,3,74
554880,90,31,3,71
555390,13,58,-8,79
555900,24,49,-2,81
556410,27,11,-2,83
556920,28,22,-3,86
557430,53,11,7,79
557940,68,96,-1,80
558450,50,32,0,80
558960,69,15,6,74
559470,84,25,-1,75
559980,99,52,-8,83
560490,22,35,2,81
561000,4,2,6,75
561510,68,34,-2,77
562020,93,17,-2,79
562530,67,44,1,78
563040,84,27,3,75
563550,7,54,-1,76
564060,95,45,-2,78
564570,18,28,-4,82
565080,0,97,-2,84
565590,45,88,9,75
566100,50,79,0,75
566610,55,70,-6,81
567120,69,6,7,74
567630,88,25,-3,77
568140,95,52,-3,80
568650,18,35,4,76
569160,0,99,-1,77
569670,45,90,4,73
570180,50,81,-7,80
570690,53,72,0,80
571200,67,8,7,73
571710,82,18,2,71
572220,86,45,-4,75
572730,9,28,-3,78
573240,73,19,8,70
573750,88,29,-5,75
574260,62,39,-11,86
574770,87,22,13,73
575280,61,49,-7,80
575790,80,11,9,71
576300,84,38,-5,76
576810,7,21,-1,77
577320,71,12,4,73
577830,86,22,-2,75
578340,60,49,-10,85
578850,79,32,5,80
579360,2,15,4,76
579870,66,12,-2,78
580380,81,22,13,65
580890,55,49,-21,86
581400,74,11,10,76
581910,78,38,4,72
582420,1,21,-8,80
582930,65,12,1,79
583440,80,22,3,76
583950,87,32,3,73
584460,10,59,-4,77
584970,98,50,3,74
585480,21,77,-5,79
585990,32,68,-4,83
586500,35,59,3,80
587010,63,21,4,76
587520,88,4,1,75
588030,64,89,0,75
588540,46,25,-8,83
589050,49,8,4,79
589560,50,93,2,77
590070,55,84,7,70
590580,37,20,-5,75
591090,56,27,-10,85
591600,75,10,14,71
592110,90,37,-6,77
592620,13,20,0,77
593130,97,38,5,72
593640,79,65,-7,79
594150,61,48,-3,82
594660,80,31,11,71
595170,3,20,-5,76
595680,67,17,-2,78
596190,82,27,4,74
596700,97,10,3,71
597210,71,37,-4,75
597720,96,20,-2,77
598230,70,47,-1,78
598740,95,30,-1,79
599250,69,57,-10,89
599760,88,40,11,78
600270,11,23,-1,79
600780,75,41,2,77
601290,100,24,-3,80
601800,74,51,-4,84
602310,93,34,10,74
602820,67,61,-1,75
603330,86,23,1,74
603840,101,33,-7,81
604350,75,60,1,80
604860,4,43,4,76
605370,68,34,-2,78
605880,93,17,-3,81
606390,67,44,4,77
606900,92,27,6,71
607410,66,54,-10,81
607920,85,37,3,78
608430,8,20,1,77
608940,72,14,-4,81
609450,87,99,4,77
609960,69,35,-2,79
610470,94,18,-5,84
610980,68,45,1,83
611490,93,28,8,75
612000,67,55,-8,83
612510,86,38,5,78
613020,9,21,-1,79
613530,73,18,6,73
614040,88,1,1,72
614550,64,86,-1,73
615060,46,22,-5,78
615570,49,29,-7,85
616080,68,12,16,69
616590,83,22,-6,75
617100,57,49,-10,85
617610,60,32,4,81
618120,79,39,8,73
618630,2,22,-2,75
619140,66,13,-4,79
619650,81,23,9,70
620160,55,50,-13,83
620670,48,12,0,83
621180,49,97,9,74
621690,54,80,-6,80
622200,82,67,6,74
622710,64,50,-8,82
623220,83,33,3,79
623730,6,16,1,78
624240,70,13,3,75
624750,85,78,-3,78
625260,49,61,-8,86
625770,77,23,11,75
626280,92,6,-7,82
626790,66,91,9,73
627300,48,78,-1,74
627810,51,69,-2,76
628320,54,52,-10,86
628830,57,74,6,80
629340,60,57,-3,83
629850,63,19,7,76
630360,78,2,0,76
630870,52,87,1,75
631380,55,23,-4,79
631890,80,30,7,72
632400,3,13,-2,74
632910,67,10,1,73
633420,82,95,-3,76
633930,64,31,-11,87
634440,89,38,13,74
634950,12,21,-8,82
635460,76,39,1,81
635970,101,46,1,80
636480,24,73,-3,83
636990,27,56,1,82
637500,30,18,-4,86
638010,33,29,-1,87
638520,36,12,-2,89
639030,39,23,4,85
639540,42,6,12,73
640050,43,91,-3,76
640560,46,74,-12,88
641070,49,57,6,82
641580,68,19,6,76
642090,75,2,-1,77
642600,49,21,-3,80
643110,68,28,2,78
643620,93,35,1,77
644130,16,18,-3,80
644640,100,36,-3,83
645150,23,63,1,82
645660,13,54,2,80
646170,8,45,-4,84
646680,72,36,7,77
647190,97,19,-4,81
647700,71,46,-1,82
648210,96,29,9,73
648720,70,56,-5,78
649230,101,39,-1,79
649740,75,66,-3,82
650250,57,49,1,81
650760,60,11,3,78
651270,75,21,3,75
651780,90,60,0,75
652290,19,43,-4,79
652800,22,5,1,78
653310,25,16,-5,83
653820,28,27,4,79
654330,67,96,4,75
654840,49,32,-10,85
655350,52,43,1,84
655860,55,26,5,79
656370,80,33,4,75
656880,3,16,-5,80
657390,67,13,4,76
657900,82,23,4,72
658410,97,33,-8,80
658920,71,60,0,80
659430,53,43,-2,82
659940,56,26,5,77
660450,81,33,1,76
660960,4,16,-1,77
661470,68,13,4,73
661980,75,23,2,71
662490,82,33,-4,75
663000,5,16,-9,84
663510,69,13,12,72
664020,76,23,-2,74
664530,101,33,-1,75
665040,83,60,-5,80
665550,65,43,5,75
666060,90,26,2,73
666570,64,53,-11,84
667080,36,36,6,78
667590,39,100,-3,81
668100,42,83,6,75
668610,45,70,-8,83
669120,48,32,3,80
669630,67,43,-1,81
670140,92,26,-1,82
670650,66,53,4,78
671160,73,36,-1,79
671670,98,43,-1,80
672180,80,26,8,72
672690,87,36,-1,73
673200,69,80,-2,75
673710,51,63,-9,84
674220,54,46,-1,85
674730,57,29,3,82
675240,82,36,4,78
675750,5,25,-2,80
676260,69,22,8,72
676770,94,32,-4,76
677280,76,59,0,76
677790,58,42,-4,80
678300,77,25,5,75
678810,0,35,-2,77
679320,64,26,-2,79
679830,89,33,2,77
680340,71,25,4,73
680850,78,8,-3,76
681360,52,18,-6,82
681870,77,25,9,73
682380,84,35,-8,81
682890,7,18,2,79
683400,71,36,-1,80
683910,96,43,4,76
684420,78,26,3,73
684930,1,36,-8,81
685440,65,27,5,76
685950,90,34,-3,79
686460,13,61,3,76
686970,20,52,-7,83
687480,23,14,1,82
687990,62,25,8,74
688500,87,32,-4,78
689010,10,15,0,78
689520,74,12,9,69
690030,48,22,-16,85
690540,67,29,9,76
691050,92,36,0,76
691560,74,63,-6,82
692070,81,25,5,77
692580,88,35,5,72
693090,11,24,-7,79
693600,95,93,2,77
694110,77,18,-1,78
694620,84,12,4,74
695130,58,22,-7,81
695640,83,29,9,72
696150,65,39,-11,83
696660,90,22,4,79
697170,64,49,-5,84
697680,83,32,15,69
698190,65,59,-15,84
698700,68,21,8,76
699210,83,31,2,74
699720,52,41,-7,81
700230,55,24,3,78
700740,80,31,1,77
701250,3,41,-2,79
701760,85,32,5,74
702270,67,21,-2,76
702780,92,31,-2,78
703290,74,58,-3,81
703800,56,41,0,81
704310,75,24,8,73
704820,82,34,5,68
705330,64,23,-8,76
705840,89,30,-1,77
706350,71,57,-10,87
706860,53,40,3,84
707370,56,23,-1,85
707880,81,30,15,70
708390,63,19,-11,81
708900,70,27,4,77
709410,95,34,7,70
709920,77,61,-10,80
710430,59,44,0,80
710940,62,27,1,79
711450,87,34,10,69
711960,69,61,-15,84
712470,51,23,0,84
712980,54,30,6,78
713490,79,37,-5,83
714000,2,26,0,83
714510,66,17,-2,85
715020,81,27,9,76
715530,63,37,-6,82
716040,88,44,3,79
716550,11,71,2,77
717060,56,62,-9,86
717570,84,100,9,77
718080,66,36,-6,83
718590,91,8,4,79
719100,65,18,4,75
719610,72,28,4,71
720120,97,38,-10,81
720630,79,65,1,80
721140,61,27,3,77
721650,86,34,6,71
722160,9,44,-10,81
722670,73,35,1,80
723180,98,24,4,76
723690,72,51,-5,81
724200,54,34,-1,82
724710,73,45,9,73
725220,55,28,-2,75
725730,80,35,0,75
726240,62,45,-4,79
726750,90,28,0,79
727260,54,55,-5,84
727770,68,17,10,74
728280,75,27,1,73
728790,100,37,-4,77
729300,82,64,-3,80
729810,64,0,3,77
730320,37,19,-8,85
730830,40,30,8,77
731340,43,13,-4,81
731850,44,20,-1,82
732360,47,27,-1,83
732870,66,38,5,78
733380,91,21,3,75
733890,65,48,-1,76
734400,26,31,-2,78
734910,8,100,-6,84
735420,53,50,-2,86
735930,56,33,10,76
736440,75,44,1,75
736950,100,27,-3,78
737460,82,54,-1,79
737970,64,37,-9,88
738480,89,48,13,75
738990,71,31,0,75
739500,96,24,-4,79
740010,78,51,3,76
740520,60,34,-9,85
741030,85,17,12,73
741540,67,44,-9,82
742050,92,27,3,79
742560,74,54,-1,80
743070,3,37,1,79
743580,67,28,3,76
744090,92,17,5,71
744600,66,44,-7,78
745110,91,27,0,78
745620,73,54,0,78
746130,0,37,-1,79
746640,64,28,-3,82
747150,89,35,6,76
747660,71,62,-3,79
748170,53,24,-2,81
748680,78,31,3,78
749190,60,41,-4,82
749700,21,59,8,74
750210,24,21,-10,84
750720,51,90,12,72
751230,56,26,-13,85
751740,75,17,10,75
752250,90,27,3,72
752760,72,54,-13,85
753270,86,37,11,74
753780,68,64,-6,80
754290,50,26,-3,83
754800,53,37,0,83
755310,72,20,9,74
755820,87,47,-1,75
756330,10,30,-6,81
756840,74,99,3,78
757350,56,24,1,77
757860,81,31,5,72
758370,63,58,-12,84
758880,77,20,1,83
759390,92,47,3,80
759900,15,36,0,80
760410,79,3,6,74
760920,53,22,-14,88
761430,78,29,15,73
761940,1,39,-9,82
762450,65,30,6,76
762960,90,37,0,76
763470,72,64,0,76
763980,54,26,-3,79
764490,79,33,1,78
765000,2,22,-7,85
765510,66,19,5,80
766020,81,29,5,75
766530,63,39,-9,84
767040,82,22,10,74
767550,97,49,-10,84
768060,20,76,6,78
768570,31,65,-3,81
769080,34,27,-3,84
769590,37,96,0,84
770100,40,32,6,78
770610,59,15,0,78
771120,74,25,1,77
771630,99,35,-2,79
772140,81,62,5,74
772650,63,100,0,74
773160,45,36,-17,91
773670,48,19,15,76
774180,73,26,-5,81
774690,98,36,4,77
775200,80,63,-4,81
775710,62,2,7,74
776220,44,21,-9,83
776730,63,28,4,79
777240,88,35,8,71
777750,11,62,-7,78
778260,99,12,1,77
778770,81,22,6,71
779280,63,13,-8,79
779790,18,23,-2,81
780300,0,92,5,76
780810,45,42,-8,84
781320,64,4,14,70
781830,46,14,-9,79
782340,47,21,2,77
782850,66,28,-3,80
783360,91,35,5,75
783870,14,62,-6,81
784380,13,51,5,76
784890,23,1,-8,84
785400,26,12,0,84
785910,29,23,7,77
786420,48,92,0,77
786930,53,11,0,77
787440,68,21,3,74
787950,93,31,-2,76
788460,75,58,-7,83
788970,57,41,-1,84
789480,76,24,10,74
789990,101,34,-1,75
790500,83,61,-3,78
791010,65,99,6,72
791520,47,35,-12,84
792030,66,2,9,75
792540,48,21,-6,81
793050,67,28,7,74
793560,92,17,-4,78
794070,74,44,-2,80
794580,15,27,2,78
795090,99,96,5,73
795600,81,21,3,70
796110,63,34,-9,79
796620,45,41,-5,84
797130,64,3,8,76
797640,46,22,-10,86
798150,65,29,12,74
798660,90,36,-6,80
799170,72,63,4,76
799680,54,25,-4,80
800190,79,32,5,75
800700,61,21,-6,81
801210,86,28,5,76
801720,68,55,-10,86
802230,87,17,9,77
802740,69,44,-5,82
803250,83,27,8,74
803760,65,37,-10,84
804270,90,44,9,75
804780,72,71,-5,80
805290,54,33,2,78
805800,73,40,-1,79
806310,98,29,-4,83
806820,80,56,-1,84
807330,94,39,7,77
807840,76,66,-2,79
808350,58,93,2,77
808860,40,29,-2,79
809370,59,12,1,78
809880,74,97,2,76
810390,56,33,-3,79
810900,75,40,-6,85
811410,100,29,1,84
811920,82,56,6,78
812430,64,39,-4,82
812940,46,46,1,81
813450,10,8,2,79
813960,5,19,0,79
814470,69,16,0,79
814980,51,26,-2,81
815490,70,33,8,73
816000,95,22,2,71
816510,77,49,-7,78
817020,59,32,-2,80
817530,92,39,1,79
818040,74,66,1,78
818550,56,93,6,72
819060,38,18,-10,82
819570,41,25,-1,83
820080,60,14,6,77
820590,75,33,3,74
821100,100,22,3,71
821610,82,49,-11,82
822120,64,32,0,82
822630,89,39,-2,84
823140,71,66,0,84
823650,53,2,5,79
824160,72,21,6,73
824670,87,31,-6,79
825180,69,58,-1,80
825690,51,20,-1,81
826200,58,12,6,75
826710,77,31,1,74
827220,59,20,-5,79
827730,72,27,8,71
828240,97,16,-7,78
828750,79,26,0,78
829260,2,36,0,78
829770,66,27,-3,81
830280,91,34,6,75
830790,73,61,-9,84
831300,92,23,10,74
831810,74,50,-14,88
832320,88,33,18,70
832830,70,60,-13,83
833340,84,22,11,72
833850,66,49,-10,82
834360,80,32,2,80
834870,3,21,-3,83
835380,67,18,6,77
835890,82,28,4,73
836400,64,55,-6,79
836910,78,17,3,76
837420,60,27,-2,78
837930,85,34,7,71
838440,8,61,-9,80
838950,96,52,3,77
839460,19,79,-1,78
839970,30,68,-1,79
840480,33,35,-1,80
840990,52,2,4,76
841500,71,21,1,75
842010,86,31,1,74
842520,9,58,-4,78
843030,73,8,7,71
843540,11,27,-21,92
844050,75,24,19,73
844560,90,34,-6,79
845070,13,61,0,79
845580,23,11,1,78
846090,33,22,-8,86
846600,52,91,8,78
847110,57,10,-2,80
847620,19,29,2,78
848130,1,98,-7,85
848640,46,48,8,77
849150,65,15,2,75
849660,80,25,5,70
850170,3,35,-11,81
850680,67,26,3,78
851190,92,33,4,74
851700,74,60,-9,83
852210,88,22,8,75
852720,70,49,-10,85
853230,89,32,15,70
853740,71,59,-12,82
854250,85,21,8,74
854760,2,48,-8,82
855270,66,39,3,79
855780,91,46,7,72
856290,14,35,-7,79
856800,24,2,-8,87
857310,16,13,5,82
857820,100,10,4,78
858330,74,20,5,73
858840,89,30,0,73
859350,12,57,-7,80
859860,76,48,0,80
860370,90,31,6,74
860880,13,69,-6,80
861390,12,19,3,77
861900,64,88,0,77
862410,78,13,6,71
862920,97,40,-7,78
863430,20,67,2,76
863940,19,56,-3,79
864450,22,23,-2,81
864960,61,79,-1,82
865470,80,15,7,75
865980,99,42,1,74
866490,22,69,-6,80
867000,27,58,-6,86
867510,30,25,5,81
868020,49,94,10,71
868530,54,30,-10,81
869040,73,37,11,70
869550,98,26,-13,83
870060,0,53,4,79
870570,45,3,-1,80
871080,64,27,1,79
871590,89,16,4,75
872100,63,43,-7,82
872610,82,26,9,73
873120,5,53,-1,74
873630,93,44,-6,80
874140,16,33,3,77
874650,68,0,5,72
875160,78,19,-6,78
875670,93,46,3,75
876180,16,35,-8,83
876690,26,2,5,78
877200,45,27,-10,88
877710,64,34,10,78
878220,89,41,4,74
878730,12,30,-4,78
879240,76,99,2,76
879750,58,35,-5,81
880260,77,42,4,77
880770,0,49,-3,80
881280,64,40,2,78
881790,89,47,4,74
882300,12,74,-6,80
882810,23,24,-5,85
883320,62,93,8,77
883830,76,29,0,77
884340,101,18,-3,80
884850,18,45,-1,81
885360,21,12,0,81
885870,31,37,1,80
886380,50,4,3,77
886890,69,23,-7,84
887400,94,33,8,76
887910,17,60,-2,78
888420,16,49,-2,80
888930,80,16,12,68
889440,99,43,-11,79
889950,22,70,-3,82
890460,25,59,4,78
890970,28,26,-1,79
891480,47,95,-1,80
891990,50,31,-2,82
892500,69,38,1,81
893010,94,45,5,76
893520,17,34,-1,77
894030,81,1,-4,81
894540,55,20,1,80
895050,80,27,0,80
895560,3,37,-1,81
896070,67,28,6,75
896580,92,17,-2,77
897090,66,44,-3,80
897600,85,27,4,76
898110,8,54,0,76
898620,72,45,-5,81
899130,97,52,1,80
899640,20,41,-4,84
900150,72,8,2,82
900660,91,18,5,77
901170,8,28,-3,80
901680,72,22,2,78
902190,87,49,-1,79
902700,10,38,-1,80
903210,74,5,8,72
903720,48,24,-10,82
904230,67,31,11,71
904740,92,20,-8,79
905250,66,47,-7,86
905760,85,30,14,72
906270,8,57,-10,82
906780,96,48,0,82
907290,19,37,-2,84
907800,71,4,12,72
908310,90,23,-7,79
908820,64,50,-3,82
909330,83,33,13,69
909840,6,60,-10,79
910350,70,10,3,76
910860,89,20,4,72
911370,63,47,-13,85
911880,82,30,11,74
912390,5,19,-1,75
912900,69,16,1,74
913410,84,26,-3,77
913920,7,53,-6,83
914430,71,44,-2,85
914940,85,27,11,74
915450,8,37,-9,83
915960,72,28,5,78
916470,97,35,2,76
916980,79,62,1,75
917490,98,89,-5,80
918000,80,14,5,75
918510,99,41,-10,85
919020,22,68,6,79
919530,25,59,-8,87
920040,28,26,4,83
920550,47,95,7,76
921060,50,31,-11,87
921570,69,38,14,73
922080,94,45,0,73
922590,17,34,-12,85
923100,27,41,2,83
923610,55,8,7,76
924120,74,27,6,70
924630,99,16,-8,78
925140,73,43,2,76
925650,98,50,-3,79
926160,21,39,-5,84
926670,60,6,8,76
927180,79,25,3,73
927690,61,35,-9,82
928200,86,42,4,78
928710,9,31,-2,80
929220,73,100,6,74
929730,55,36,-9,83
930240,74,43,2,81
930750,99,26,2,79
931260,73,53,1,78
931770,92,36,1,77
932280,74,63,-2,79
932790,56,25,4,75
933300,81,32,5,70
933810,4,59,-11,81
934320,68,9,9,72
934830,87,40,-8,80
935340,18,29,1,79
935850,70,98,9,70
936360,52,34,-15,85
936870,71,41,6,79
937380,85,48,11,68
937890,67,75,-7,75
938400,49,0,-3,78
938910,50,85,1,77
939420,53,21,3,74
939930,78,28,-4,78
940440,1,55,-5,83
940950,65,5,11,72
941460,84,24,2,70
941970,66,51,-15,85
942480,85,34,13,72
942990,67,23,-4,76
943500,92,33,3,73
944010,15,60,-5,78
944520,26,51,-3,81
945030,54,18,0,81
945540,73,25,13,68
946050,98,35,-11,79
946560,80,62,3,76
947070,62,100,0,76
947580,67,36,-3,79
948090,81,43,0,79
948600,4,32,-2,81
949110,68,23,1,80
949620,93,33,5,75
950130,75,60,-5,80
950640,94,87,8,72
951150,76,12,-5,77
951660,95,39,2,75
952170,19,66,-4,79
952680,22,55,-5,84
953190,25,22,3,81
953700,44,91,9,72
954210,47,27,-7,79
954720,66,34,-4,83
955230,80,41,1,82
955740,3,30,3,79
956250,67,21,-2,81
956760,82,31,6,75
957270,64,41,-2,77
957780,78,24,4,73
958290,60,34,-7,80
958800,74,41,6,74
959310,90,30,-6,80
959820,72,57,5,75
960330,91,19,4,71
960840,67,46,-11,82
961350,86,29,7,75
961860,68,56,-6,81
962370,87,18,9,72
962880,69,45,-10,82
963390,83,28,6,76
963900,65,57,-6,82
964410,84,19,8,74
964920,66,46,-4,78
965430,80,29,6,72
965940,62,45,-8,80
966450,81,28,3,77
966960,63,38,3,74
967470,45,21,-5,79
967980,64,28,-4,83
968490,83,35,6,77
969000,6,24,-4,81
969510,70,21,4,77
970020,85,31,-3,80
970530,8,47,1,79
971040,72,38,-1,80
971550,86,45,4,76
972060,68,28,-3,79
972570,93,35,4,75
973080,75,62,-8,83
973590,89,24,8,75
974100,71,51,-3,78
974610,90,34,3,75
975120,72,61,-5,80
975630,86,44,5,75
976140,68,27,1,74
976650,93,34,-5,79
977160,75,61,-1,80
977670,89,88,4,76
978180,71,13,5,71
978690,90,23,0,71
979200,72,50,-8,79
979710,86,77,2,77
980220,68,2,1,76
980730,42,21,-15,91
981240,61,32,11,80
981750,75,39,5,75
982260,57,46,-11,86
982770,76,29,8,78
983280,58,45,-5,83
983790,77,28,9,74
984300,0,38,-3,77
984810,64,29,-2,79
985320,78,36,2,77
985830,1,19,-1,78
986340,65,16,1,77
986850,80,35,-2,79
987360,62,18,3,76
987870,81,37,-7,83
988380,95,64,10,73
988890,77,91,0,73
989400,59,27,-14,87
989910,51,34,4,83
990420,70,17,10,73
990930,89,27,0,73
991440,71,54,-11,84
991950,90,37,6,78
992460,72,64,-1,79
992970,54,91,4,75
993480,57,27,-9,84
993990,76,34,12,72
994500,101,17,-11,83
995010,77,44,2,81
995520,59,27,-3,84
996030,78,34,4,80
996540,60,53,-4,84
997050,44,36,3,81
997560,63,19,0,81
998070,82,2,3,78
998580,59,21,-3,81
999090,78,28,4,77
999600,60,47,-5,82
1000110,79,9,4,78
1000620,55,39,0,78
1001130,74,22,6,72
1001640,56,32,-10,82
1002150,75,43,5,77
1002660,57,26,-9,86
1003170,76,33,4,82
1003680,101,40,2,80
1004190,83,67,-4,84
1004700,65,94,1,83
1005210,79,30,4,79
1005720,61,46,-1,80
1006230,80,29,10,70
1006740,62,39,-13,83
1007250,76,22,7,76
1007760,58,32,-9,85
1008270,77,43,6,79
1008780,59,26,-3,82
1009290,16,33,4,78
1009800,80,0,2,76
1010310,57,19,-5,81
1010820,76,26,8,73
1011330,58,45,-11,84
1011840,77,28,7,77
1012350,59,47,0,77
1012860,78,30,4,73
1013370,1,40,-1,74
1013880,65,31,-14,88
1014390,79,38,12,76
1014900,95,51,-4,80
1015410,77,78,-1,81
1015920,59,3,2,79
1016430,78,33,3,76
1016940,1,52,-3,79
1017450,82,2,2,77
1017960,56,21,-1,78
1018470,75,28,0,78
1018980,100,47,-5,83
1019490,14,74,4,79
1020000,25,24,-5,84
1020510,44,93,5,79
1021020,47,29,0,79
1021530,66,40,-1,80
1022040,80,23,6,74
1022550,99,50,-6,80
1023060,81,77,5,75
1023570,63,2,2,73
1024080,37,70,-8,81
1024590,65,37,6,75
1025100,79,20,-2,77
1025610,98,30,0,77
1026120,80,57,-4,81
1026630,94,40,0,81
1027140,76,67,-3,84
1027650,90,94,12,72
1028160,72,19,-3,75
1028670,91,38,-3,78
1029180,73,65,-7,85
1029690,87,1,8,77
1030200,63,20,-1,78
1030710,82,39,6,72
1031220,98,66,-3,75
1031730,80,93,1,74
1032240,62,18,-7,81
1032750,74,37,7,74
1033260,90,56,-7,81
1033770,2,39,0,81
1034280,12,30,3,78
1034790,76,52,-2,80
1035300,90,35,7,73
1035810,72,62,-12,85
1036320,86,24,12,73
1036830,60,51,-13,86
1037340,79,78,11,75
1037850,61,3,-3,78
1038360,80,22,11,67
1038870,56,49,-16,83
1039380,75,32,6,77
1039890,91,15,-2,79
1040400,67,42,-7,86
1040910,81,25,9,77
1041420,63,48,-7,84
1041930,82,31,8,76
1042440,64,58,-6,82
1042950,83,85,9,73
1043460,65,10,-5,78
1043970,84,29,2,76
1044480,100,45,1,75
1044990,82,72,-3,78
1045500,64,99,2,76
1046010,69,35,-1,77
1046520,83,18,6,71
1047030,59,45,-13,84
1047540,78,28,13,71
1048050,94,47,-5,76
1048560,76,74,-2,78
1049070,58,101,2,76
1049580,63,37,-9,85
1050090,77,48,6,79
1050600,91,31,3,76
1051110,73,58,-4,80
1051620,87,41,1,79
1052130,69,24,-5,84
1052640,88,64,6,78
1053150,70,47,-7,85
1053660,84,30,12,73
1054170,66,13,-6,79
1054680,85,32,7,72
1055190,71,59,-16,88
1055700,85,86,19,69
1056210,79,11,-9,78
1056720,98,30,2,76
1057230,80,57,-3,79
1057740,94,84,2,77
1058250,76,9,4,73
1058760,52,28,-10,83
1059270,71,39,5,78
1059780,85,22,3,75
1060290,89,49,1,74
1060800,71,76,-7,81
1061310,85,1,6,75
1061820,61,20,-1,76
1062330,80,39,4,72
1062840,96,22,-9,81
1063350,72,49,7,74
1063860,86,32,-2,76
1064370,0,59,-5,81
1064880,81,50,2,79
1065390,95,33,-3,82
1065900,9,60,2,80
1066410,8,51,-1,81
1066920,7,42,-1,82
1067430,71,33,6,76
1067940,85,16,5,71
1068450,61,43,-13,84
1068960,80,26,7,77
1069470,54,53,-7,84
1069980,73,36,3,81
1070490,87,43,7,74
1071000,1,26,-5,79
1071510,65,23,8,71
1072020,80,42,-2,73
1072530,94,25,-5,78
1073040,70,52,-7,85
1073550,89,35,8,77
1074060,71,62,4,73
1074570,85,89,-4,77
1075080,67,25,-3,80
1075590,92,44,0,80
1076100,6,71,7,73
1076610,87,21,-1,74
1077120,91,48,-6,80
1077630,47,31,-3,83
1078140,66,42,2,81
1078650,80,25,6,75
1079160,61,52,-9,84
1079670,75,35,9,75
1080180,100,54,-4,79
1080690,14,81,-2,81
1081200,95,31,6,75
1081710,71,58,-9,84
1082220,85,41,8,76
1082730,101,24,-3,79
1083240,77,51,-1,80
1083750,91,78,2,78
1084260,73,3,9,69
1084770,47,22,-19,88
1085280,66,33,10,78
1085790,80,16,3,75
1086300,56,43,-9,84
1086810,75,26,8,76
1087320,100,45,0,76
1087830,14,72,-10,86
1088340,25,101,3,83
1088850,36,26,3,80
1089360,55,37,2,78
1089870,74,20,3,75
1090380,81,39,-7,82
1090890,4,22,0,82
1091400,68,19,4,78
1091910,83,38,4,74
1092420,6,65,-3,77
1092930,87,15,5,72
1093440,63,42,-10,82
1093950,77,25,9,73
1094460,92,52,-3,76
1094970,15,79,1,75
1095480,26,19,-10,85
1095990,45,30,7,78
1096500,64,13,5,73
1097010,83,32,-1,74
1097520,6,48,-7,81
1098030,70,39,0,81
1098540,84,50,6,75
1099050,98,80,0,75
1099560,80,5,7,68
1100070,56,24,-12,80
1100580,81,31,7,73
1101090,4,47,-8,81
1101600,68,38,-4,85
1102110,82,49,10,75
1102620,5,76,-6,81
1103130,86,67,5,76
1103640,100,94,-3,79
1104150,82,19,4,75
1104660,86,29,0,75
1105170,9,56,-2,77
1105680,8,47,-2,79
1106190,78,38,1,78
1106700,1,21,-3,81
1107210,65,18,9,72
1107720,80,37,-2,74
1108230,3,64,-7,81
1108740,84,55,4,77
1109250,98,38,1,76
1109760,72,65,-1,77
1110270,86,1,-2,79
1110780,62,31,-2,81
1111290,87,42,6,75
1111800,10,25,-1,76
1112310,74,94,-5,81
1112820,56,30,-5,86
1113330,75,41,9,77
1113840,100,24,-7,84
1114350,76,51,6,78
1114860,90,34,0,78
1115370,64,50,-2,80
1115880,78,33,4,76
1116390,1,52,-1,77
1116900,65,43,-6,83
1117410,79,26,9,74
1117920,2,42,-3,77
1118430,12,33,-5,82
1118940,22,0,4,78
1119450,25,11,-9,87
1119960,28,34,5,82
1120470,55,1,12,70
1120980,74,20,-6,76
1121490,89,30,2,74
1122000,12,57,-5,79
1122510,11,48,0,79
1123020,10,39,-2,81
1123530,9,30,-2,83
1124040,73,21,12,71
1124550,88,31,-5,76
1125060,11,58,-9,85
1125570,10,49,8,77
1126080,9,40,-9,86
1126590,8,31,10,76
1127100,72,22,1,75
1127610,87,41,-4,79
1128120,10,68,-2,81
1128630,98,59,-4,85
1129140,21,86,7,78
1129650,32,77,-4,82
1130160,51,44,5,77
1130670,70,28,1,76
1131180,95,44,1,75
1131690,18,71,-6,81
1132200,29,62,1,80
1132710,43,29,4,76
1133220,62,12,-1,77
1133730,55,31,-12,89
1134240,74,42,8,81
1134750,99,25,0,81
1135260,75,52,-3,84
1135770,89,35,7,77
1136280,12,62,-4,81
1136790,11,53,5,76
1137300,10,44,-2,78
1137810,9,35,3,75
1138320,8,26,-6,81
1138830,3,95,7,74
1139340,84,86,-1,75
1139850,66,11,-2,77
1140360,81,30,5,72
1140870,4,46,-12,84
1141380,68,37,5,79
1141890,93,20,6,73
1142400,69,47,-8,81
1142910,83,30,6,75
1143420,57,46,-12,87
1143930,76,29,10,77
1144440,101,45,-6,83
1144950,24,72,2,81
1145460,43,55,0,81
1145970,57,22,3,78
1146480,82,5,4,74
1146990,58,90,-4,78
1147500,72,15,3,75
1148010,87,25,1,74
1148520,61,52,-7,81
1149030,75,35,4,77
1149540,100,18,3,74
1150050,74,45,-5,79
1150560,99,28,0,79
1151070,73,55,-2,81
1151580,87,38,0,81
1152090,10,21,4,77
1152600,62,90,3,74
1153110,67,26,4,70
1153620,92,9,-3,73
1154130,68,36,-9,82
1154640,93,47,5,77
1155150,16,74,-4,81
1155660,27,65,-2,83
1156170,30,32,3,80
1156680,58,101,5,75
1157190,63,86,3,72
1157700,77,22,0,72
1158210,92,38,-2,74
1158720,15,65,-6,80
1159230,25,64,0,80
1159740,44,55,-3,83
1160250,63,22,5,78
1160760,88,5,6,72
1161270,64,32,-3,75
1161780,89,15,-2,77
1162290,63,42,-7,84
1162800,82,25,11,73
1163310,56,52,-7,80
1163820,75,35,3,77
1164330,100,18,-10,87
1164840,38,28,-1,88
1165350,57,11,8,80
1165860,72,30,1,79
1166370,97,13,0,79
1166880,73,40,7,72
1167390,98,23,-8,80
1167900,74,50,1,79
1168410,99,33,3,76
1168920,22,60,-4,80
1169430,25,51,1,79
1169940,53,18,-3,82
1170450,72,25,6,76
1170960,66,41,-8,84
1171470,91,24,5,79
1171980,65,51,-4,83
1172490,79,34,7,76
1173000,2,17,1,75
1173510,66,14,1,74
1174020,81,24,-2,76
1174530,96,51,-3,79
1175040,19,81,-4,83
1175550,30,72,5,78
1176060,49,63,-9,87
1176570,77,30,11,76
1177080,0,46,-5,81
1177590,10,43,2,79
1178100,9,34,-5,84
1178610,8,25,12,72
1179120,72,94,-4,76
1179630,54,19,-6,82
1180140,79,26,7,75
1180650,90,36,3,72
1181160,13,63,-9,81
1181670,12,54,0,81
1182180,22,45,0,81
1182690,50,12,0,81
1183200,65,97,-2,83
1183710,70,33,11,72
1184220,95,22,-3,75
1184730,71,49,-11,86
1185240,96,32,10,76
1185750,78,59,-3,79
1186260,92,86,2,77
1186770,15,11,1,76
1187280,54,96,0,76
1187790,59,87,5,71
1188300,41,12,-8,79
1188810,60,97,-1,80
1189320,65,88,5,75
1189830,70,13,-2,77
1190340,85,23,7,70
1190850,59,50,-11,81
1191360,78,33,4,77
1191870,1,16,-5,82
1192380,65,13,4,78
1192890,84,23,4,74
1193400,58,50,-7,81
1193910,77,33,7,74
1194420,0,22,-5,79
1194930,10,19,-1,80
1195440,74,88,1,79
1195950,56,24,-4,83
1196460,81,31,8,75
1196970,4,54,0,75
1197480,14,45,-6,81
1197990,9,36,3,78
1198500,8,27,5,73
1199010,72,96,0,73
1199520,54,32,-10,83
1200030,73,43,6,77
1200540,98,26,-3,80
1201050,0,53,0,80
1201560,101,44,2,78
1202070,24,71,-3,81
1202580,43,62,7,74
1203090,62,29,-9,83
1203600,87,36,8,75
1204110,10,63,-4,79
1204620,9,54,-3,82
1205130,73,45,-2,84
1205640,98,28,4,80
1206150,74,55,0,80
1206660,99,38,-2,82
1207170,22,65,-2,84
1207680,25,56,6,78
1208190,53,23,2,76
1208700,78,30,2,74
1209210,1,19,-9,83
1209720,65,16,5,78
1210230,80,26,0,78
1210740,3,53,-5,83
1211250,67,44,-1,84
1211760,92,27,12,72
1212270,5,54,-6,78
1212780,4,45,-8,86
1213290,68,36,5,81
1213800,93,24,5,76
1214310,69,51,-1,77
1214820,94,34,-2,79
1215330,17,61,1,78
1215840,16,52,-7,85
1216350,11,43,6,79
1216860,6,34,0,79
1217370,70,25,0,79
1217880,95,14,-3,82
1218390,71,41,-3,85
1218900,96,3,16,69
1219410,72,88,-10,79
1219920,73,13,8,71
1220430,88,98,-8,79
1220940,70,23,4,75
1221450,95,46,0,75
1221960,18,35,-5,80
1222470,28,2,-4,84
1222980,31,93,-1,85
1223490,50,33,2,83
1224000,69,44,-3,86
1224510,94,27,4,82
1225020,7,54,4,78
1225530,6,45,3,75
1226040,5,36,-4,79
1226550,69,27,3,76
1227060,81,34,-5,81
1227570,4,23,-1,82
1228080,68,20,7,75
1228590,83,3,-2,77
1229100,59,33,-10,87
1229610,78,40,10,77
1230120,1,29,-6,83
1230630,65,26,12,71
1231140,90,15,-5,76
1231650,66,42,-2,78
1232160,91,25,3,75
1232670,4,52,-3,78
1233180,68,16,0,78
1233690,83,26,5,73
1234200,6,9,-3,76
1234710,70,6,3,73
1235220,85,36,-4,77
1235730,8,25,0,77
1236240,7,22,1,76
1236750,6,19,-2,78
1237260,70,16,6,72
1237770,85,101,-6,78
1238280,67,37,0,78
1238790,92,20,-4,82
1239300,5,47,0,82
1239810,15,38,-1,83
1240320,79,5,11,72
1240830,55,90,-9,81
1241340,69,26,2,79
1241850,72,33,3,76
1242360,97,40,-6,82
1242870,20,29,3,79
1243380,30,98,-7,86
1243890,49,87,10,76
1244400,52,27,-7,83
1244910,71,34,4,79
1245420,96,41,-1,80
1245930,19,30,-3,83
1246440,29,99,2,81
1246950,40,88,2,79
1247460,43,42,0,79
1247970,62,9,5,74
1248480,77,39,-3,77
1248990,0,28,0,77
1249500,64,5,3,74
1250010,79,35,-2,76
1250520,2,24,-1,77
1251030,66,21,-3,80
1251540,81,4,5,75
1252050,57,23,-3,78
1252560,82,30,6,72
1253070,5,19,-9,81
1253580,69,16,5,76
1254090,49,101,0,76
1254600,54,55,-5,81
1255110,73,17,9,72
1255620,88,0,-5,77
1256130,64,19,-1,78
1256640,79,2,7,71
1257150,89,87,-10,81
1257660,71,12,2,79
1258170,86,42,5,74
1258680,9,31,-7,81
1259190,8,28,0,81
1259700,7,97,-1,82
1260210,88,86,5,77
1260720,70,11,3,74
1261230,85,96,0,74
1261740,67,32,-3,77
1262250,92,39,-5,82
1262760,97,66,-1,83
1263270,0,67,-4,87
1263780,45,64,5,82
1264290,73,31,4,78
1264800,98,38,3,75
1265310,80,65,-9,84
1265820,94,27,10,74
1266330,70,54,-9,83
1266840,31,37,1,82
1267350,59,4,11,71
1267860,78,34,-3,74
1268370,1,41,-3,77
1268880,65,38,-5,82
1269390,90,21,7,75
1269900,66,52,-13,88
1270410,85,35,13,75
1270920,31,24,-7,82
1271430,50,93,0,82
1271940,55,29,-1,83
1272450,70,36,6,77
1272960,95,43,-6,83
1273470,51,70,6,77
1273980,65,37,-8,85
1274490,80,44,1,84
1275000,3,27,-1,85
1275510,2,24,5,80
1276020,66,21,3,77
1276530,81,44,-1,78
1277040,4,27,1,77
1277550,3,96,2,75
1278060,84,85,-4,79
1278570,66,10,-3,82
1279080,81,59,-2,84
1279590,21,42,-6,90
1280100,31,9,9,81
1280610,32,94,1,80
1281120,37,30,-2,82
1281630,56,13,6,76
1282140,71,98,0,76
1282650,53,23,-11,87
1283160,68,30,11,76
1283670,93,37,3,73
1284180,99,64,-8,81
1284690,55,91,6,75
1285200,60,27,-6,81
1285710,85,34,9,72
1286220,91,61,-7,79
1286730,14,99,0,79
1287240,30,88,-6,85
1287750,33,77,2,83
1288260,36,44,3,80
1288770,55,11,-1,81
1289280,70,96,12,69
1289790,52,32,-12,81
1290300,71,15,7,74
1290810,86,25,1,73
1291320,62,52,-6,79
1291830,23,14,2,77
1292340,62,83,-2,79
1292850,76,8,3,76
1293360,80,38,0,76
1293870,3,45,-9,85
1294380,67,46,3,82
1294890,28,29,-6,88
1295400,56,98,9,79
1295910,59,34,-5,84
1296420,78,41,12,72
1296930,1,68,-8,80
1297440,46,18,1,79
1297950,61,26,0,79
1298460,86,33,5,74
1298970,9,22,-13,87
1299480,4,19,8,79
1299990,68,16,5,74
1300500,83,26,3,71
1301010,89,36,-7,78
1301520,12,37,-1,79
1302030,22,4,-2,81
1302540,25,15,1,80
1303050,88,26,6,74
1303560,64,53,-5,79
1304070,25,15,-2,81
1304580,44,84,-1,82
1305090,47,51,-1,83
1305600,66,18,0,83
1306110,81,37,4,79
1306620,4,26,3,76
1307130,68,23,1,75
1307640,93,12,-7,82
1308150,69,39,3,79
1308660,94,46,4,75
1309170,17,35,-1,76
1309680,27,2,-8,84
1310190,30,87,6,78
1310700,35,76,2,76
1311210,38,43,-6,82
1311720,57,10,7,75
1312230,80,20,1,74
1312740,95,47,-7,81
1313250,18,48,3,78
1313760,28,15,-1,79
1314270,47,22,-2,81
1314780,66,29,4,77
1315290,91,36,5,72
1315800,73,63,-11,83
1316310,87,25,8,75
1316820,63,52,-11,86
1317330,82,35,11,75
1317840,5,24,-10,85
1318350,69,21,5,80
1318860,84,10,7,73
1319370,60,37,-8,81
1319880,85,4,12,69
1320390,61,31,-8,77
1320900,86,38,-5,82
1321410,9,27,3,79
1321920,4,96,-1,80
1322430,49,80,3,77
1322940,68,5,5,72
1323450,87,24,-6,78
1323960,63,51,-5,83
1324470,24,13,2,81
1324980,87,11,11,70
1325490,63,38,-14,84
1326000,88,21,13,71
1326510,64,48,-11,82
1327020,25,31,-1,83
1327530,52,100,10,73
1328040,57,36,-8,81
1328550,82,19,7,74
1329060,86,46,-2,76
1329570,9,35,-3,79
1330080,73,2,10,69
1330590,47,21,-11,80
1331100,62,4,6,74
1331610,81,69,-3,77
1332120,63,70,-5,82
1332630,82,97,10,72
1333140,64,22,-4,76
1333650,89,45,-1,77
1334160,12,46,-5,82
1334670,11,13,3,79
1335180,4,10,-2,81
1335690,68,7,3,78
1336200,83,17,4,74
1336710,87,51,-4,78
1337220,10,52,0,78
1337730,9,43,-3,81
1338240,73,34,0,81
1338750,98,41,3,78
1339260,21,68,-2,80
1339770,24,35,2,78
1340280,51,2,-1,79
1340790,66,32,3,76
1341300,91,39,2,74
1341810,73,40,-7,81
1342320,98,29,2,79
1342830,80,8,2,77
1343340,56,18,-1,78
1343850,81,41,4,74
1344360,4,42,-3,77
1344870,68,33,-1,78
1345380,93,40,1,77
1345890,16,29,5,72
1346400,26,98,-14,86
1346910,37,87,12,74
1347420,40,54,-11,85
1347930,59,21,3,82
1348440,84,28,5,77
1348950,7,38,-2,79
1349460,6,5,5,74
1349970,101,2,-8,82
1350480,77,32,12,70
1350990,0,42,-7,77
1351500,64,43,-3,80
1352010,89,26,7,73
1352520,94,53,-8,81
1353030,17,54,2,79
1353540,16,21,4,75
1354050,5,90,-1,76
1354560,3,40,-4,80
1355070,67,41,-1,81
1355580,92,24,4,77
1356090,68,51,1,76
1356600,29,34,-7,83
1357110,50,1,8,75
1357620,65,31,-11,86
1358130,90,38,12,74
1358640,72,65,-9,83
1359150,86,27,10,73
1359660,92,54,-4,77
1360170,15,55,-5,82
1360680,25,22,3,79
1361190,88,91,-9,88
1361700,70,16,15,73
1362210,85,26,1,72
1362720,71,53,-7,79
1363230,32,36,-3,82
1363740,60,3,5,77
1364250,79,33,3,74
1364760,2,22,-6,80
1365270,66,19,0,80
1365780,81,29,12,68
1366290,63,39,-11,79
1366800,88,22,3,76
1367310,92,49,-3,79
1367820,15,76,-3,82
1368330,26,65,-3,85
1368840,29,32,-1,86
1369350,71,101,8,78
1369860,53,26,2,76
1370370,78,33,1,75
1370880,1,43,-6,81
1371390,65,34,7,74
1371900,90,41,-8,82
1372410,13,68,3,79
1372920,24,57,-2,81
1373430,27,24,3,78
1373940,52,93,2,76
1374450,57,24,-7,83
1374960,82,12,12,71
1375470,86,39,-5,76
1375980,68,49,-10,86
1376490,29,32,7,79
1377000,48,62,-1,80
1377510,75,29,3,77
1378020,100,39,3,74
1378530,82,66,-5,79
1379040,64,93,1,78
1379550,69,29,4,74
1380060,94,39,-7,81
1380570,76,49,0,81
1381080,101,32,6,75
1381590,83,59,-9,84
1382100,6,42,-3,87
1382610,70,39,9,78
1383120,95,22,3,75
1383630,71,49,-16,91
1384140,32,32,6,85
1384650,51,101,8,77
1385160,56,88,0,77
1385670,70,24,2,75
1386180,95,34,-5,80
1386690,18,61,0,80
1387200,17,28,-2,82
1387710,6,97,-3,85
1388220,51,86,11,74
1388730,65,22,-2,76
1389240,90,32,0,76
1389750,72,42,-6,82
1390260,97,25,2,80
1390770,101,52,-2,82
1391280,24,79,-1,83
1391790,27,68,4,79
1392300,30,35,1,78
1392810,49,2,1,77
1393320,64,12,3,74
1393830,38,43,-11,85
1394340,66,32,4,81
1394850,91,39,10,71
1395360,14,66,-10,81
1395870,78,55,0,81
1396380,83,38,9,72
1396890,65,48,-11,83
1397400,26,31,-2,85
1397910,53,100,7,78
1398420,58,36,-4,82
1398930,83,47,10,72
1399440,6,57,-5,77
1399950,70,48,-8,85
1400460,31,71,6,79
1400970,34,38,-5,84
1401480,48,5,11,73
1401990,63,15,-1,74
1402500,78,25,4,70
1403010,1,35,-8,78
1403520,65,32,-4,82
1404030,90,39,8,74
1404540,72,66,-11,85
1405050,19,2,6,79
1405560,11,13,-4,83
1406070,63,24,-2,85
1406580,88,34,5,80
1407090,11,23,1,79
1407600,90,92,-1,80
1408110,72,28,2,78
1408620,97,38,0,78
1409130,79,27,3,75
1409640,2,37,-12,87
1410150,66,34,12,75
1410660,91,41,-5,80
1411170,73,51,3,77
1411680,78,34,-1,78
1412190,1,44,2,76
1412700,65,41,-9,85
1413210,90,52,3,82
1413720,95,62,2,80
1414230,77,89,1,79
1414740,59,25,-5,84
1415250,84,32,9,75
1415760,7,42,-9,84
1416270,71,39,8,76
1416780,96,22,2,74
1417290,101,49,-5,79
1417800,83,76,2,77
1418310,65,1,3,74
1418820,75,11,0,74
1419330,79,21,-2,76
1419840,94,31,-6,82
1420350,76,41,8,74
1420860,81,51,-1,75
1421370,86,34,1,74
1421880,68,44,-11,85
1422390,93,55,3,82
1422900,98,65,10,72
1423410,1,92,-5,77
1423920,46,81,-2,79
1424430,49,48,3,76
1424940,68,15,4,72
1425450,83,25,-4,76
1425960,88,35,4,72
1426470,11,45,-5,77
1426980,6,12,-4,81
1427490,70,9,5,76
1428000,74,19,1,75
1428510,89,29,0,75
1429020,63,56,-6,81
1429530,77,39,4,77
1430040,0,46,-2,79
1430550,50,37,-1,80
1431060,69,48,-5,85
1431570,30,59,1,84
1432080,57,26,5,79
1432590,82,68,-2,81
1433100,64,4,1,80
1433610,79,14,8,72
1434120,83,24,-4,76
1434630,88,51,5,71
1435140,93,78,2,69
1435650,75,24,-4,73
1436160,100,34,-4,77
1436670,82,61,-4,81
1437180,87,44,6,75
1437690,10,54,-7,82
1438200,20,38,-3,85
1438710,30,5,3,82
1439220,49,16,5,77
1439730,74,27,-2,79
1440240,99,37,-4,83
1440750,22,64,0,83
1441260,25,31,3,80
1441770,24,100,-9,89
1442280,35,89,7,82
1442790,38,78,5,77
1443300,41,45,-5,82
1443810,60,12,6,76
1444320,75,22,6,70
1444830,100,32,-7,77
1445340,3,59,-7,84
1445850,67,56,0,84
1446360,28,39,0,84
1446870,55,6,12,72
1447380,70,16,-5,77
1447890,85,26,0,77
1448400,90,36,5,72
1448910,72,46,-3,75
1449420,77,57,-6,81
1449930,82,40,4,77
1450440,5,50,-5,82
1450950,69,41,-3,85
1451460,94,52,9,76
1451970,17,79,-4,80
1452480,33,68,-5,85
1452990,52,35,13,72
1453500,13,46,-9,81
1454010,77,13,4,77
1454520,11,23,0,77
1455030,75,92,0,77
1455540,57,28,-8,85
1456050,82,39,9,76
1456560,5,49,-3,79
1457070,69,40,0,79
1457580,94,51,6,73
1458090,17,78,-5,78
1458600,22,67,-6,84
1459110,25,34,4,80
1459620,52,1,1,79
1460130,67,31,0,79
1460640,92,41,4,75
1461150,74,51,-3,78
1461660,99,34,5,73
1462170,81,61,-9,82
1462680,42,44,6,76
1463190,61,11,0,76
1463700,76,21,3,73
1464210,91,31,-4,77
1464720,14,41,1,76
1465230,9,8,0,76
1465740,100,19,-1,77
1466250,2,29,-6,83
1466760,66,26,5,78
1467270,91,36,-2,80
1467780,73,46,0,80
1468290,98,56,-2,82
1468800,21,83,-1,83
1469310,32,72,0,83
1469820,51,39,4,79
1470330,70,6,7,72
1470840,44,16,-9,81
1471350,63,27,6,75
1471860,88,37,-1,76
1472370,11,47,1,75
1472880,75,38,-7,82
1473390,100,49,4,78
1473900,23,76,-3,81
1474410,42,65,3,78
1474920,61,32,4,74
1475430,86,43,-6,80
1475940,9,70,1,79
1476450,54,20,-1,80
1476960,79,31,4,76
1477470,2,41,-6,82
1477980,66,32,1,81
1478490,91,30,4,77
1479000,14,57,-5,82
1479510,78,46,-1,83
1480020,1,57,6,77
1480530,65,54,-7,84
1481040,26,37,6,78
1481550,45,4,-3,81
1482060,60,14,-1,82
1482570,75,24,10,72
1483080,100,34,-9,81
1483590,82,61,1,80
1484100,43,44,-10,90
1484610,62,11,13,77
1485120,77,21,5,72
1485630,0,31,-2,74
1486140,64,22,0,74
1486650,29,32,-7,81
1487160,92,101,-2,83
1487670,74,37,7,76
1488180,99,47,0,76
1488690,81,74,0,76
1489200,63,101,-1,77
1489710,68,37,2,75
1490220,93,47,-3,78
1490730,16,74,0,78
1491240,26,63,1,77
1491750,45,30,1,76
1492260,64,99,5,71
1492770,69,35,-6,77
1493280,94,42,6,71
1493790,76,69,-9,80
1494300,58,96,6,74
1494810,63,32,-4,78
1495320,88,39,2,76
1495830,11,49,-9,85
1496340,75,40,9,76
1496850,100,51,-5,81
1497360,23,61,-4,85
1497870,48,28,2,83
1498380,67,39,3,80
1498890,92,50,1,79
1499400,15,60,0,79
1499910,79,49,-1,80
1500420,81,59,2,78
1500930,4,86,-1,79
1501440,49,36,-7,86
1501950,68,47,6,80
1502460,93,30,5,75
1502970,16,57,-3,78
1503480,26,24,-3,81
1503990,51,93,5,76
1504500,70,29,3,73
1505010,95,39,2,71
1505520,18,66,-6,77
1506030,29,55,-2,79
1506540,54,22,-6,85
1507050,79,33,12,73
1507560,2,43,-7,80
1508070,66,40,2,78
1508580,91,51,2,76
1509090,14,61,1,75
1509600,24,52,-8,83
1510110,49,19,1,82
1510620,74,30,4,78
1511130,99,40,2,76
1511640,81,67,-3,79
1512150,63,94,3,76
1512660,68,30,-2,78
1513170,93,37,3,75
1513680,75,47,-5,80
1514190,100,57,-3,83
1514700,23,84,1,82
1515210,34,24,-8,90
1515720,53,35,11,79
1516230,72,46,0,79
1516740,97,57,0,79
1517250,20,84,-4,83
1517760,31,24,2,81
1518270,50,93,3,78
1518780,69,80,4,74
1519290,51,47,-1,75
1519800,70,14,5,70
1520310,74,24,0,70
1520820,99,34,-7,77
1521330,81,61,-1,78
1521840,63,44,-4,82
1522350,88,55,4,78
1522860,11,85,-2,80
1523370,92,25,4,76
1523880,15,52,-5,81
1524390,79,43,6,75
1524900,2,53,-9,84
1525410,66,50,-14,98
1525920,85,61,20,78
1526430,8,44,-2,80
1526940,72,35,4,76
1527450,97,42,0,76
1527960,20,69,-10,86
1528470,39,9,1,85
1528980,58,20,9,76
1529490,83,27,8,68
1530000,6,37,-11,79
1530510,70,28,9,70
1531020,95,38,-6,76
1531530,18,65,-2,78
1532040,29,56,-7,85
1532550,54,23,6,79
1533060,79,81,0,79
1533570,61,45,1,78
1534080,86,12,4,74
1534590,90,22,-9,83
1535100,94,49,8,75
1535610,17,59,-7,82
1536120,36,50,0,82
1536630,55,17,3,79
1537140,80,28,4,75
1537650,3,38,-4,79
1538160,67,29,0,79
1538670,92,36,4,75
1539180,15,63,2,73
1539690,26,54,-11,84
1540200,51,21,2,82
1540710,76,32,8,74
1541220,101,42,-3,77
1541730,24,69,-4,81
1542240,43,9,-2,83
1542750,58,20,6,77
1543260,83,31,-1,78
1543770,6,41,2,76
1544280,70,32,-2,78
1544790,95,39,-4,82
1545300,18,49,3,79
1545810,43,16,-1,80
1546320,68,27,0,80
1546830,93,37,3,77
1547340,75,47,1,76
1547850,100,58,-7,83
1548360,23,85,0,83
1548870,34,25,7,76
1549380,53,36,-12,88
1549890,72,47,5,83
1550400,97,58,-3,86
1550910,20,88,1,85
1551420,31,28,10,75
1551930,50,97,-2,77
1552440,55,33,-6,83
1552950,80,44,-1,84
1553460,3,55,2,82
1553970,67,52,1,81
1554480,92,35,6,75
1554990,74,62,-8,83
1555500,35,89,3,80
1556010,54,29,1,79
1556520,79,40,5,74
1557030,2,50,-7,81
1557540,66,47,-5,86
1558050,91,61,10,76
1558560,14,88,-1,77
1559070,95,28,-4,81
1559580,77,55,0,81
1560090,0,38,2,79
1560600,64,35,1,78
1561110,89,46,1,77
1561620,12,73,-1,78
1562130,22,64,1,77
1562640,59,55,-9,86
1563150,78,22,14,72
1563660,1,32,-8,80
1564170,65,29,1,79
1564680,90,36,3,76
1565190,13,63,-3,79
1565700,23,54,0,79
1566210,48,21,2,77
1566720,73,32,4,73
1567230,98,42,-6,79
1567740,21,69,0,79
1568250,40,9,-5,84
1568760,59,20,7,77
1569270,84,30,-2,79
1569780,7,57,2,77
1570290,17,48,5,72
1570800,27,15,-9,81
1571310,46,26,-6,87
1571820,65,37,8,79
1572330,90,20,7,72
1572840,72,47,-8,80
1573350,97,74,-3,83
1573860,79,101,11,72
1574370,61,26,-8,80
1574880,86,33,10,70
1575390,68,60,-10,80
1575900,29,87,-6,86
1576410,48,27,1,85
1576920,67,38,6,79
1577430,92,21,0,79
1577940,68,48,-1,80
1578450,93,31,8,72
1578960,75,58,-15,87
1579470,100,85,10,77
1579980,82,10,-4,81
1580490,86,20,8,73
1581000,99,47,-10,83
1581510,22,74,0,83
1582020,33,14,0,83
1582530,52,25,0,83
1583040,77,36,7,76
1583550,0,66,-4,80
1584060,45,63,6,74
1584570,64,30,-1,75
1585080,89,26,-3,78
1585590,12,53,4,74
1586100,22,44,-3,77
1586610,32,11,-5,82
1587120,51,22,6,76
1587630,76,29,-3,79
1588140,101,39,-3,82
1588650,24,66,-2,84
1589160,43,6,8,76
1589670,58,16,4,72
1590180,83,26,-1,73
1590690,65,53,-9,82
1591200,26,36,1,81
1591710,8,3,-1,82
1592220,3,0,6,76
1592730,67,99,-3,79
1593240,72,24,6,73
1593750,97,34,-4,77
1594260,79,61,0,77
1594770,2,88,-6,83
1595280,47,28,1,82
1595790,66,39,1,81
1596300,91,6,6,75
1596810,67,36,-8,83
1597320,92,47,6,77
1597830,15,74,-2,79
1598340,25,14,-4,83
1598850,44,25,2,81
1599360,63,36,-7,88
1599870,88,47,11,77
1600380,11,74,1,76
1600890,56,14,0,76
1601400,71,24,3,73
1601910,96,34,-7,80
1602420,78,61,5,75
1602930,60,88,-1,76
1603440,42,13,-9,85
1603950,61,24,12,73
1604460,86,31,2,71
1604970,68,58,-12,83
1605480,29,85,0,83
1605990,48,25,5,78
1606500,73,36,-4,82
1607010,98,43,4,78
1607520,21,70,-4,82
1608030,40,10,1,81
1608540,59,21,3,78
1609050,84,31,4,74
1609560,66,41,-5,79
1610070,101,24,1,78
1610580,3,51,0,78
1611090,67,48,1,77
1611600,92,75,0,77
1612110,74,0,-1,78
1612620,50,30,-1,79
1613130,69,41,2,77
1613640,94,52,2,75
1614150,76,79,-1,76
1614660,58,4,2,74
1615170,73,34,-1,75
1615680,98,64,-2,77
1616190,80,91,3,74
1616700,62,27,-6,80
1617210,87,34,7,73
1617720,69,61,-8,81
1618230,30,88,-1,82
1618740,49,28,4,78
1619250,74,39,-3,81
1619760,99,46,6,75
1620270,81,73,-2,77
1620780,63,100,0,77
1621290,45,36,-7,84
1621800,64,3,11,73
1622310,79,33,-3,76
1622820,2,43,0,76
1623330,66,40,-3,79
1623840,91,51,5,74
1624350,73,78,-1,75
1624860,55,3,-2,77
1625370,70,33,1,76
1625880,95,40,1,75
1626390,77,67,-2,77
1626900,59,94,4,73
1627410,64,30,-3,76
1627920,89,37,3,73
1628430,12,64,-4,77
1628940,76,4,0,77
1629450,58,23,-4,81
1629960,83,30,7,74
1630470,65,40,-3,77
1630980,90,51,-2,79
1631490,13,81,1,78
1632000,94,21,6,72
1632510,76,48,-7,79
1633020,101,78,6,73
1633530,83,3,-3,76
1634040,59,22,-2,78
1634550,84,29,2,76
1635060,7,39,-4,80
1635570,71,30,7,73
1636080,96,37,-6,79
1636590,19,64,-5,84
1637100,29,4,5,79
1637610,48,15,2,77
1638120,63,22,0,77
1638630,88,29,3,74
1639140,70,56,-3,77
1639650,31,83,-11,88
1640160,50,23,7,81
1640670,75,30,9,72
1641180,100,19,-6,78
1641690,76,46,2,76
1642200,101,76,-3,79
1642710,83,1,5,74
1643220,59,20,-3,77
1643730,84,27,1,76
1644240,66,37,-3,79
1644750,91,44,3,76
1645260,14,74,-7,83
1645770,24,65,8,75
1646280,43,56,-6,81
1646790,62,23,1,80
1647300,87,30,7,73
1647810,10,57,-9,82
1648320,20,48,-1,83
1648830,84,15,7,76
1649340,60,42,-6,82
1649850,21,9,-6,88
1650360,13,20,12,76
1650870,77,89,-4,80
1651380,59,25,1,79
1651890,84,32,8,71
1652400,66,55,-10,81
1652910,27,17,-4,85
1653420,46,28,6,79
1653930,65,39,1,78
1654440,90,46,2,76
1654950,46,76,6,70
1655460,51,43,-18,88
1655970,70,54,6,82
1656480,31,21,2,80
1656990,50,32,1,79
1657500,69,43,-3,82
1658010,94,54,7,75
1658520,76,84,-8,83
1659030,58,20,4,79
1659540,83,27,9,70
1660050,65,0,-4,74
1660560,75,30,-5,79
1661070,100,53,1,78
1661580,56,80,3,75
1662090,95,5,0,75
1662600,71,24,2,73
1663110,96,34,-3,76
1663620,78,61,-5,81
1664130,60,99,8,73
1664640,42,35,-11,84
1665150,61,2,12,72
1665660,76,32,-1,73
1666170,58,59,-8,81
1666680,77,26,6,75
1667190,0,36,-5,80
1667700,64,33,1,79
1668210,41,40,-11,90
1668720,60,7,14,76
1669230,75,37,2,74
1669740,17,64,0,74
1670250,28,55,-5,79
1670760,47,22,-4,83
1671270,66,29,11,72
1671780,91,36,-1,73
1672290,14,63,-1,74
1672800,24,54,-4,78
1673310,34,21,-4,82
1673820,53,32,2,80
1674330,72,39,2,78
1674840,97,46,4,74
1675350,79,73,-6,80
1675860,61,100,5,75
1676370,43,36,-11,86
1676880,62,3,14,72
1677390,77,33,-3,75
1677900,59,63,-2,77
1678410,78,90,9,68
1678920,60,26,-15,83
1679430,94,33,4,79
1679940,76,60,-6,85
1680450,37,98,7,78
1680960,56,38,-10,88
1681470,75,49,13,75
1681980,31,79,-3,78
1682490,50,19,-2,80
1683000,69,26,4,76
1683510,84,33,5,71
1684020,40,63,-12,83
1684530,59,30,4,79
1685040,84,37,1,78
1685550,40,67,-7,85
1686060,59,34,7,78
1686570,78,41,-1,79
1687080,34,48,-4,83
1687590,53,15,6,77
1688100,68,34,-2,79
1688610,93,41,2,77
1689120,75,71,-2,79
1689630,57,7,5,74
1690140,72,37,-5,79
1690650,28,44,0,79
1691160,47,11,-2,81
1691670,62,30,3,78
1692180,87,37,-5,83
1692690,43,44,2,81
1693200,62,11,4,77
1693710,77,41,-5,82
1694220,0,48,3,79
1694730,64,45,-3,82
1695240,25,12,-2,84
1695750,17,10,0,84
1696260,81,21,15,69
1696770,63,48,-13,82
1697280,82,15,7,75
1697790,64,25,-1,76
1698300,20,32,-2,78
1698810,2,101,-10,88
1699320,47,90,11,77
1699830,71,30,3,74
1700340,27,37,-11,85
1700850,54,4,5,80
1701360,69,34,-1,81
1701870,94,41,2,79
1702380,76,68,-3,82
1702890,58,95,6,76
1703400,40,31,-5,81
1703910,59,100,9,72
1704420,41,36,-12,84
1704930,60,3,7,77
1705440,75,33,-4,81
1705950,100,40,3,78
1706460,82,67,-4,82
1706970,64,94,-1,83
1707480,46,30,-2,85
1707990,65,37,10,75
1708500,21,44,-5,80
1709010,31,11,-2,82
1709520,75,22,6,76
1710030,90,32,2,74
1710540,72,59,-7,81
1711050,82,86,0,81
1711560,64,22,6,75
1712070,79,29,0,75
1712580,2,52,-1,76
1713090,66,49,-6,82
1713600,85,16,7,75
1714110,61,43,-4,79
1714620,22,10,0,79
1715130,14,21,-2,81
1715640,66,18,4,77
1716150,81,32,4,73
1716660,63,55,-15,88
1717170,82,17,13,75
1717680,58,27,-3,78
1718190,83,34,4,74
1718700,65,57,-9,83
1719210,84,19,7,76
1719720,66,46,-1,77
1720230,27,13,-7,84
1720740,46,24,-3,87
1721250,65,35,4,83
1721760,90,42,1,82
1722270,72,49,4,78
1722780,33,16,-6,84
1723290,52,27,2,82
1723800,77,34,9,73
1724310,33,41,-8,81
1724820,52,8,7,74
1725330,99,27,-6,80
1725840,81,54,5,75
1726350,37,81,-3,78
1726860,56,21,-3,81
1727370,71,28,3,78
1727880,96,35,5,73
1728390,78,62,-4,77
1728900,60,89,2,75
1729410,42,23,-6,81
1729920,61,30,3,78
1730430,86,37,-5,83
1730940,9,60,5,78
1731450,19,51,-4,82
1731960,29,18,3,79
1732470,48,87,6,73
1732980,67,27,-6,79
1733490,92,34,4,75
1734000,74,61,-5,80
1734510,93,62,-3,83
1735020,49,89,6,77
1735530,73,56,-8,85
1736040,92,83,11,74
1736550,74,8,2,72
1737060,50,27,-16,88
1737570,69,34,14,74
1738080,25,41,-10,84
1738590,7,53,6,78
1739100,17,44,0,78
1739610,27,11,-1,79
1740120,46,22,-10,89
1740630,65,29,13,76
1741140,90,36,-1,77
1741650,72,59,-4,81
1742160,33,21,-1,82
1742670,52,32,-2,84
1743180,71,39,0,84
1743690,96,46,6,78
1744200,52,73,2,76
1744710,71,40,-8,84
1745220,96,47,7,77
1745730,78,77,-3,80
1746240,36,13,-1,81
1746750,55,24,5,76
1747260,70,31,2,74
1747770,95,38,-4,78
1748280,77,65,-3,81
1748790,59,27,-2,83
1749300,84,34,5,78
1749810,40,57,-4,82
1750320,59,24,1,81
1750830,84,31,5,76
1751340,66,54,-8,84
1751850,85,21,13,71
1752360,61,48,-11,82
1752870,80,15,6,76
1753380,95,42,1,75
1753890,77,69,-5,80
1754400,59,31,-2,82
1754910,78,38,7,75
1755420,34,45,-9,84
1755930,53,12,5,79
1756440,68,31,-4,83
1756950,93,38,1,82
1757460,75,39,-1,83
1757970,100,46,3,80
1758480,56,73,-4,84
1758990,75,40,3,81
1759500,31,7,-3,84
1760010,50,18,5,79
1760520,69,25,3,76
1761030,94,48,-4,80
1761540,50,71,-2,82
1762050,69,38,1,81
1762560,94,45,1,80
1763070,50,72,0,80
1763580,69,39,-4,84
1764090,94,46,7,77
1764600,50,13,-1,78
1765110,65,20,0,78
1765620,80,43,-6,84
1766130,3,50,6,78
1766640,13,41,-2,80
1767150,77,8,7,73
1767660,92,27,-7,80
1768170,74,54,-7,87
1768680,35,21,6,81
1769190,54,90,8,73
1769700,78,26,-2,75
1770210,93,49,-1,76
1770720,49,79,-5,81
1771230,68,46,2,79
1771740,29,13,-1,80
1772250,48,11,-7,87
1772760,67,30,8,79
1773270,92,37,3,76
1773780,74,64,-4,80
1774290,53,26,-3,83
1774800,72,33,7,76
1775310,97,40,-7,83
1775820,79,67,4,79
1776330,40,29,-9,88
1776840,59,98,9,79
1777350,78,65,-1,80
1777860,39,27,0,80
1778370,58,96,10,70
1778880,63,32,-12,82
1779390,88,39,6,76
1779900,70,62,-3,79
1780410,31,24,0,79
1780920,50,93,9,70
1781430,55,60,-16,86
1781940,74,27,11,75
1782450,89,50,-2,77
1782960,12,80,-8,85
1783470,22,20,6,79
1783980,41,89,1,78
1784490,60,56,-3,81
1785000,79,23,10,71
1785510,94,33,-6,77
1786020,76,60,-4,81
1786530,37,27,-3,84
1787040,56,96,13,71
1787550,61,36,-8,79
1788060,80,3,9,70
1788570,56,38,-25,95
1789080,75,5,21,74
1789590,51,24,-7,81
1790100,76,31,6,75
1790610,32,54,-10,85
1791120,51,21,5,80
1791630,70,28,3,77
1792140,95,51,1,76
1792650,51,81,-4,80
1793160,70,48,-4,84
1793670,31,15,2,82
1794180,50,26,2,80
1794690,69,33,-3,83
1795200,94,40,6,77
1795710,76,7,8,69
1796220,52,26,-14,83
1796730,71,33,5,78
1797240,96,0,-1,79
1797750,72,19,8,71
1798260,87,83,-3,74
1798770,69,8,-9,83
1799280,84,38,8,75
1799790,40,65,-8,83
1800300,59,32,1,82
1800810,84,39,2,80
1801320,40,6,-1,81
1801830,41,17,-1,82
1802340,60,28,3,79
1802850,85,35,4,75
1803360,41,2,-4,79
1803870,60,51,-1,80
1804380,79,18,4,76
1804890,94,45,4,72
1805400,50,72,-3,75
1805910,74,39,-11,86
1806420,99,6,10,76
1806930,46,25,-13,89
1807440,65,36,10,79
1807950,90,43,2,77
1808460,46,70,-3,80
1808970,5,37,-1,81
1809480,69,28,2,79
1809990,94,35,4,75
1810500,76,62,-7,82
1811010,37,24,0,82
1811520,56,93,2,80
1812030,80,60,0,80
1812540,41,87,1,79
1813050,42,54,-2,81
1813560,61,21,3,78
1814070,86,28,0,78
1814580,68,55,-6,84
1815090,29,22,-3,87
1815600,68,91,8,79
1816110,95,58,2,77
1816620,51,85,-2,79
1817130,52,52,-7,86
1817640,71,19,10,76
1818150,86,88,-7,83
1818660,68,13,11,72
1819170,83,23,0,72
1819680,59,50,-16,88
1820190,78,17,13,75
1820700,60,44,-10,85
1821210,79,11,12,73
1821720,55,38,-12,85
1822230,74,5,14,71
1822740,50,24,-13,84
1823250,69,35,4,80
1823760,94,42,-1,81
1824270,76,69,3,78
1824780,58,96,5,73
1825290,63,32,-7,80
1825800,88,39,4,76
1826310,44,66,-5,81
1826820,63,33,2,79
1827330,88,0,-1,80
1827840,64,19,7,73
1828350,79,42,-9,82
1828860,2,9,2,80
1829370,66,6,5,75
1829880,81,25,3,72
1830390,96,52,0,72
1830900,78,79,-10,82
1831410,60,15,7,75
1831920,75,34,5,70
1832430,31,1,-15,85
1832940,32,26,4,81
1833450,95,95,9,72
1833960,77,20,-5,77
1834470,92,47,-2,79
1834980,48,74,3,76
1835490,67,41,-3,79
1836000,92,8,0,79
1836510,68,38,-3,82
1837020,93,5,15,67
1837530,69,24,-9,76
1838040,94,93,-4,80
1838550,76,18,5,75
1839060,91,45,-1,76
1839570,73,12,-2,78
1840080,88,39,9,69
1840590,44,66,-18,87
1841100,63,33,11,76
1841610,88,0,5,71
1842120,64,19,-1,72
1842630,79,88,-6,78
1843140,61,13,-5,83
1843650,76,32,11,72
1844160,58,101,-7,79
1844670,63,37,2,77
1845180,88,4,2,75
1845690,64,23,0,75
1846200,89,92,-2,77
1846710,71,17,1,76
1847220,86,27,-1,77
1847730,101,54,-2,79
1848240,83,81,4,75
1848750,65,6,2,73
1849260,47,25,-11,84
1849770,66,94,7,77
1850280,48,19,-5,82
1850790,67,41,7,75
1851300,92,8,-2,77
1851810,68,27,2,75
1852320,93,96,-7,82
1852830,75,21,7,75
1853340,57,31,-7,82
1853850,82,100,2,80
1854360,64,25,-1,81
1854870,89,32,9,72
1855380,71,59,-19,91
1855890,32,26,5,86
1856400,51,95,10,76
1856910,52,62,-10,86
1857420,71,29,11,75
1857930,96,98,3,72
1858440,78,23,-1,73
1858950,93,50,-5,78
1859460,75,77,2,76
1859970,57,2,1,75
1860480,72,21,1,74
1860990,54,90,1,73
1861500,78,26,3,70
1862010,60,53,-19,89
1862520,79,20,12,77
1863030,61,30,4,73
1863540,86,99,-5,78
1864050,68,24,1,77
1864560,93,93,-2,79
1865070,75,18,2,77
1865580,57,37,-5,82
1866090,76,4,5,77
1866600,52,23,-2,79
1867110,77,30,0,79
1867620,0,99,2,77
1868130,78,49,1,76
1868640,34,76,0,76
1869150,35,43,-7,83
1869660,54,10,5,78
1870170,69,29,0,78
1870680,94,98,4,74
1871190,76,23,-6,80
1871700,91,51,3,77
1872210,47,78,-2,79
1872720,66,45,-8,87
1873230,91,12,6,81
1873740,67,22,-1,82
1874250,82,91,5,77
1874760,64,16,2,75
1875270,79,26,3,72
1875780,61,53,-7,79
1876290,22,20,-4,83
1876800,61,89,3,80
1877310,88,25,-2,82
1877820,70,52,-2,84
1878330,31,19,2,82
1878840,50,88,10,72
1879350,55,55,-8,80
1879860,74,22,8,72
1880370,56,32,-10,82
1880880,81,101,6,76
1881390,63,26,-2,78
1881900,19,95,-1,79
1882410,30,20,-6,85
1882920,0,89,11,74
1883430,78,39,-1,75
1883940,34,6,-6,81
1884450,35,17,-3,84
1884960,54,28,5,79
1885470,79,97,1,78
1885980,61,22,-1,79
1886490,86,91,5,74
1887000,68,16,-8,82
1887510,83,26,8,74
1888020,65,53,-10,84
1888530,26,20,3,81
1889040,65,89,5,76
1889550,92,14,-4,80
1890060,68,41,-1,81
1890570,65,8,4,77
1891080,47,18,-5,82
1891590,62,57,0,82
1892100,81,24,10,72
1892610,63,51,-15,87
1893120,24,18,4,83
1893630,87,87,10,73
1894140,69,12,-5,78
1894650,84,22,7,71
1895160,66,49,-17,88
1895670,27,16,10,78
1896180,46,85,4,74
1896690,47,52,-9,83
1897200,66,19,4,79
1897710,81,88,-2,81
1898220,63,13,0,81
1898730,78,23,7,74
1899240,60,50,-17,91
1899750,79,17,19,72
1900260,61,44,-13,85
1900770,22,1,-3,88
1901280,14,12,8,80
1901790,78,81,5,75
1902300,60,6,1,74
1902810,75,16,-8,82
1903320,90,43,4,78
1903830,46,70,-3,81
1904340,65,37,-4,85
1904850,90,4,6,79
1905360,66,31,1,78
1905870,91,38,1,77
1906380,73,65,-1,78
1906890,55,92,2,76
1907400,79,17,2,74
1907910,55,44,-9,83
1908420,74,11,10,73
1908930,50,38,-15,88
1909440,69,5,14,74
1909950,84,24,5,69
1910460,66,51,-11,80
1910970,27,18,1,79
1911480,46,87,0,79
1911990,70,54,-6,85
1912500,31,21,2,83
1913010,32,90,4,79
1913520,33,30,-1,80
1914030,52,99,5,75
1914540,76,39,-3,78
1915050,32,6,2,76
1915560,33,17,-5,81
1916070,52,86,5,76
1916580,76,11,4,72
1917090,58,38,-8,80
1917600,19,5,-6,86
1918110,14,16,1,85
1918620,78,85,5,80
1919130,60,10,1,79
1919640,75,20,8,71
1920150,57,30,-5,76
1920660,82,99,5,71
1921170,64,24,-8,79
1921680,89,93,4,75
1922190,71,18,2,73
1922700,86,28,-3,76
1923210,42,55,-12,88
1923720,61,22,5,83
1924230,86,91,5,78
1924740,68,16,4,74
1925250,83,26,2,72
1925760,65,53,-10,82
1926270,84,20,5,77
1926780,60,47,-5,82
1927290,79,14,-1,83
1927800,55,24,5,78
1928310,80,31,5,73
1928820,62,41,-13,86
1929330,23,8,0,86
1929840,15,19,5,81
1930350,67,88,6,75
1930860,49,13,-8,83
1931370,50,24,3,80
1931880,69,35,3,77
1932390,25,2,-6,83
1932900,26,13,0,83
1933410,27,24,-5,88
1933920,6,93,9,79
1934430,51,43,-3,82
1934940,70,10,8,74
1935450,74,20,-1,75
1935960,89,30,1,74
1936470,71,57,-15,89
1936980,32,24,4,85
1937490,51,93,10,75
1938000,75,60,-4,79
1938510,36,27,-4,83
1939020,55,96,11,72
1939530,79,63,-6,78
1940040,8,90,-1,79
1940550,89,40,-2,81
1941060,45,67,2,79
1941570,64,34,-3,82
1942080,89,45,5,77
1942590,45,12,-8,85
1943100,46,23,5,80
1943610,65,34,6,74
1944120,21,1,-8,82
1944630,13,12,-5,87
1945140,77,81,14,73
1945650,59,6,-2,75
1946160,74,16,2,73
1946670,89,26,-1,74
1947180,65,53,-8,82
1947690,26,20,1,81
1948200,45,89,0,81
1948710,46,0,2,79
1949220,47,25,-2,81
1949730,66,36,-1,82
1950240,91,3,6,76
1950750,67,22,-4,80
1951260,82,91,9,71
1951770,64,16,-2,73
1952280,79,26,-3,76
1952790,35,36,-10,86
1953300,54,3,9,77
1953810,55,13,-4,81
1954320,70,36,-1,82
1954830,95,3,-2,84
1955340,71,13,10,74
1955850,75,23,2,72
1956360,31,33,-11,83
1956870,50,0,8,75
1957380,51,19,0,75
1957890,76,30,-3,78
1958400,32,99,-7,85
1958910,33,39,-1,86
1959420,52,64,2,84
1959930,71,31,0,84
1960440,96,100,8,76
1960950,78,25,0,76
1961460,93,35,5,71
1961970,75,62,-13,84
1962480,36,29,-1,85
1962990,55,98,14,71
1963500,79,65,-12,83
1964010,8,32,4,79
1964520,3,11,0,79
1965030,67,8,1,78
1965540,82,18,9,69
1966050,58,28,-10,79
1966560,83,39,4,75
1967070,39,66,-8,83
1967580,58,33,-2,85
1968090,83,44,8,77
1968600,39,11,-6,83
1969110,40,22,1,82
1969620,59,33,-5,87
1970130,84,44,9,78
1970640,40,11,-8,86
1971150,41,22,4,82
1971660,60,33,-4,86
1972170,79,0,11,75
1972680,96,19,-13,88
1973190,72,46,10,78
1973700,97,13,3,75
1974210,73,40,-5,80
1974720,98,7,-1,81
1975230,74,17,9,72
1975740,50,27,-12,84
1976250,69,96,10,74
1976760,51,21,-9,83
1977270,70,32,9,74
1977780,95,101,1,73
1978290,77,26,0,73
1978800,33,53,-7,80
1979310,52,20,0,80
1979820,77,31,3,77
1980330,0,100,1,76
1980840,81,50,0,76
1981350,37,17,-7,83
1981860,56,28,1,82
1982370,81,39,7,75
1982880,37,6,-2,77
1983390,38,17,-4,81
1983900,57,28,5,76
1984410,82,39,2,74
1984920,38,6,-12,86
1985430,39,17,8,78
1985940,58,28,-3,81
1986450,83,97,11,70
1986960,65,22,-5,75
1987470,90,91,-1,76
1987980,69,33,-2,78
1988490,94,0,3,75
1989000,70,19,-2,77
1989510,85,29,5,72
1990020,41,39,-11,83
1990530,60,6,11,72
1991040,79,16,-2,74
1991550,94,43,-6,80
1992060,50,70,2,78
1992570,69,37,-2,80
1993080,94,4,4,76
1993590,70,31,1,75
1994100,95,100,-1,76
1994610,77,25,0,76
1995120,0,7,-3,79
1995630,64,4,3,76
1996140,65,14,-4,80
1996650,80,24,4,76
1997160,95,34,3,73
1997670,51,61,-10,83
1998180,70,28,4,79
1998690,95,97,4,75
1999200,77,22,-1,76
1999710,33,32,-4,80
2000220,52,101,0,80
2000730,53,68,0,80
2001240,72,35,7,73
2001750,97,2,-7,80
2002260,73,29,0,80
2002770,98,98,0,80
2003280,80,23,6,74
2003790,36,50,-10,84
2004300,64,17,11,73
2004810,79,27,2,71
2005320,35,37,-13,84
2005830,54,4,11,73
2006340,55,23,-5,78
2006850,80,34,3,75
2007360,3,61,-2,77
2007870,48,11,2,75
2008380,46,22,-5,80
2008890,57,91,5,75
2009400,62,16,-3,78
2009910,38,26,-10,88
2010420,57,95,11,77
2010930,81,62,-8,85
2011440,42,89,8,77
2011950,43,56,-7,84
2012460,71,23,5,79
2012970,96,22,2,77
2013480,72,49,-6,83
2013990,97,16,4,79
2014500,73,43,0,79
2015010,98,10,4,75
2015520,74,37,-4,79
2016030,99,4,1,78
2016540,75,31,0,78
2017050,100,100,5,73
2017560,82,25,0,73
2018070,5,52,-3,76
2018580,15,43,-6,82
2019090,79,10,6,76
2019600,94,37,5,71
2020110,50,64,-8,79
2020620,69,31,4,75
2021130,94,100,-6,81
2021640,76,25,4,77
2022150,101,52,-2,79
2022660,24,79,1,78
2023170,25,4,-5,83
2023680,26,15,3,80
2024190,89,84,-2,82
2024700,68,9,8,74
2025210,83,19,1,73
2025720,59,46,-9,82
2026230,78,13,10,72
2026740,82,23,-1,73
2027250,38,12,-7,80
2027760,39,23,-5,85
2028270,58,92,8,77
2028780,82,17,4,73
2029290,86,44,-1,74
2029800,9,71,-10,84
2030310,61,11,9,75
2030820,76,21,1,74
2031330,91,48,-6,80
2031840,14,75,-7,87
2032350,24,15,5,82
2032860,43,26,-4,86
2033370,62,37,4,82
2033880,87,4,9,73
2034390,63,23,-4,77
2034900,20,70,-3,80
2035410,31,97,-5,85
2035920,32,37,5,80
2036430,60,4,1,79
2036940,61,23,3,76
2037450,86,92,4,72
2037960,68,17,-5,77
2038470,83,27,2,75
2038980,39,54,-3,78
2039490,67,21,-2,80
2040000,92,31,5,75
2040510,48,58,-4,79
2041020,100,25,1,78
2041530,76,52,-1,79
2042040,101,19,2,77
2042550,77,46,3,74
2043060,0,73,-12,86
2043570,81,23,15,71
2044080,37,50,-9,80
2044590,65,17,2,78
2045100,80,27,10,68
2045610,36,54,-17,85
2046120,64,21,4,81
2046630,89,20,2,79
2047140,65,47,-2,81
2047650,26,14,-1,82
2048160,27,25,0,82
2048670,46,94,9,73
2049180,47,34,-3,76
2049690,66,1,4,72
2050200,40,20,-12,84
2050710,59,89,6,78
2051220,83,14,8,70
2051730,87,41,-8,78
2052240,43,68,0,78
2052750,44,35,-1,79
2053260,63,2,4,75
2053770,66,21,-4,79
2054280,91,20,8,71
2054790,67,47,-8,79
2055300,28,14,-1,80
2055810,29,25,-4,84
2056320,49,94,7,77
2056830,73,61,-2,79
2057340,34,88,-1,80
2057850,35,28,-5,85
2058360,54,97,9,76
2058870,78,64,-14,90
2059380,39,31,8,82
2059890,58,100,6,76
2060400,3,67,-9,85
2060910,55,96,10,75
2061420,79,21,3,72
2061930,55,48,-10,82
2062440,74,15,9,73
2062950,56,42,-13,86
2063460,75,9,13,73
2063970,79,28,0,73
2064480,35,58,-11,84
2064990,63,25,10,74
2065500,19,94,-11,85
2066010,30,83,3,82
2066520,31,23,-1,83
2067030,50,92,8,75
2067540,51,59,-9,84
2068050,1,26,4,80
2068560,65,23,1,79
2069070,21,30,-5,84
2069580,73,99,8,76
2070090,23,35,-5,81
2070600,75,2,6,75
2071110,49,21,-2,77
2071620,74,32,1,76
2072130,30,31,-7,83
2072640,58,100,4,79
2073150,82,67,-3,82
2073660,11,94,-2,84
2074170,92,34,7,77
2074680,48,61,-3,80
2075190,100,28,2,78
2075700,56,55,-10,88
2076210,84,22,13,75
2076720,60,32,-3,78
2077230,85,43,2,76
2077740,41,70,-3,79
2078250,69,37,-3,82
2078760,94,4,14,68
2079270,70,31,-6,74
2079780,26,100,-11,85
2080290,37,40,7,78
2080800,56,7,5,73
2081310,57,26,-5,78
2081820,21,33,-1,79
2082330,73,0,1,78
2082840,23,19,-2,80
2083350,62,88,4,76
2083860,12,13,-8,84
2084370,64,82,2,82
2084880,14,49,3,79
2085390,9,16,-1,80
2085900,61,13,-7,87
2086410,76,23,9,78
2086920,32,22,-6,84
2087430,51,91,7,77
2087940,75,58,-3,80
2088450,4,25,2,78
2088960,68,22,-2,80
2089470,24,21,-5,85
2089980,43,90,6,79
2090490,44,57,-10,89
2091000,72,24,17,72
2091510,28,23,-13,85
2092020,47,92,8,77
2092530,71,59,-6,83
2093040,32,26,7,76
2093550,51,95,7,69
2094060,75,35,-9,78
2094570,31,2,-6,84
2095080,32,13,2,82
2095590,51,24,2,80
2096100,70,35,5,75
2096610,26,2,-9,84
2097120,27,13,1,83
2097630,46,24,1,82
2098140,65,35,1,81
2098650,83,2,5,76
2099160,59,21,-2,78
2099670,84,28,-1,79
2100180,40,27,-3,82
2100690,59,96,4,78
2101200,83,63,4,74
2101710,39,30,-5,79
2102220,58,99,3,76
2102730,39,39,-13,89
2103240,58,6,16,73
2103750,73,25,-1,74
2104260,29,24,-7,81
2104770,48,93,3,78
2105280,49,33,0,78
2105790,68,0,2,76
2106300,18,19,-4,80
2106810,37,88,1,79
2107320,38,28,-5,84
2107830,57,97,7,77
2108340,7,64,-4,81
2108850,17,4,3,78
2109360,9,15,-3,81
2109870,61,84,-1,82
2110380,11,51,2,80
2110890,75,42,-1,81
2111400,100,9,5,76
2111910,76,36,-2,78
2112420,14,3,3,75
2112930,71,14,-1,76
2113440,86,24,4,72
2113950,42,51,-9,81
2114460,94,18,6,75
2114970,70,45,-4,79
2115480,95,12,1,78
2115990,71,22,6,72
2116500,27,65,-8,80
2117010,28,32,-7,87
2117520,70,101,12,75
2118030,52,26,-5,80
2118540,71,95,3,77
2119050,53,20,-5,82
2119560,72,27,8,74
2120070,28,26,-4,78
2120580,47,95,3,75
2121090,48,35,-5,80
2121600,67,2,10,70
2122110,17,21,-13,83
2122620,69,90,8,75
2123130,19,15,-1,76
2123640,38,84,-6,82
2124150,39,51,3,79
2124660,91,93,4,75
2125170,73,18,1,74
2125680,29,28,-6,80
2126190,48,97,4,76
2126700,53,37,-3,79
2127210,72,4,3,76
2127720,48,23,-5,81
2128230,67,34,6,75
2128740,23,1,-6,81
2129250,24,12,-1,82
2129760,25,23,-1,83
2130270,44,92,14,69
2130780,49,32,-14,83
2131290,68,101,6,77
2131800,50,37,-9,86
2132310,69,4,11,75
2132820,84,23,2,73
2133330,40,33,-18,91
2133840,59,0,15,76
2134350,9,19,-1,77
2134860,61,88,-5,82
2135370,11,55,0,82
2135880,75,46,4,78
2136390,31,13,-4,82
2136900,50,24,3,79
2137410,69,93,0,79
2137920,19,18,-7,86
2138430,52,87,15,71
2138940,57,12,-11,82
2139450,72,31,6,76
2139960,28,50,-7,83
2140470,56,17,1,82
2140980,71,86,6,76
2141490,21,11,-3,79
2142000,22,80,-5,84
2142510,33,20,-1,85
2143020,52,89,9,76
2143530,53,56,-13,89
2144040,72,23,10,79
2144550,28,33,2,77
2145060,47,0,6,71
2145570,48,19,-9,80
2146080,67,88,4,76
2146590,17,13,-5,81
2147100,69,82,0,81
2147610,19,7,4,77
2148120,11,18,-10,87
2148630,3,87,7,80
2149140,84,37,4,76
2149650,40,4,-7,83
2150160,41,53,-3,86
2150670,60,20,8,78
2151180,85,39,-5,83
2151690,41,58,-1,84
2152200,39,25,-6,90
2152710,58,94,13,77
2153220,8,19,-6,83
2153730,72,88,7,76
2154240,22,24,-4,80
2154750,74,93,4,76
2155260,24,29,-7,83
2155770,56,98,7,76
2156280,61,38,-11,87
2156790,80,5,12,75
2157300,56,24,-6,81
2157810,81,43,6,75
2158320,37,70,-11,86
2158830,56,37,9,77
2159340,17,4,-2,79
2159850,9,15,-4,83
2160360,73,84,-1,84
2160870,23,9,5,79
2161380,42,78,5,74
2161890,61,45,-2,76
2162400,80,12,2,74
2162910,56,22,-2,76
2163420,81,29,4,72
2163930,37,56,-9,81
2164440,56,23,2,79
2164950,81,42,3,76
2165460,37,69,-6,82
2165970,56,36,0,82
2166480,75,3,13,69
2166990,51,30,-12,81
2167500,70,99,4,77
2168010,20,24,-5,82
2168520,72,93,10,72
2169030,22,29,-7,79
2169540,74,98,6,73
2170050,24,23,-14,87
2170560,66,92,11,76
2171070,16,17,-4,80
2171580,68,86,-7,87
2172090,18,22,4,83
2172600,99,91,2,81
2173110,55,16,1,80
2173620,70,35,3,77
2174130,26,54,-4,81
2174640,78,21,3,78
2175150,34,31,-2,80
2175660,53,100,4,76
2176170,58,40,-4,80
2176680,77,7,9,71
2177190,53,34,-12,83
2177700,72,1,13,70
2178210,22,20,-10,80
2178720,42,89,1,79
2179230,43,56,0,79
2179740,62,23,3,76
2180250,87,92,-1,77
2180760,69,17,4,73
2181270,84,36,-3,76
2181780,40,63,-4,80
2182290,92,30,5,75
2182800,48,57,-4,79
2183310,67,24,5,74
2183820,23,23,-12,86
2184330,75,92,10,76
2184840,25,17,-6,82
2185350,44,86,9,73
2185860,45,26,-11,84
2186370,64,52,-1,85
2186880,83,19,11,74
2187390,59,46,-8,82
2187900,78,13,12,70
2188410,93,40,0,70
2188920,49,67,-11,81
2189430,68,34,4,77
2189940,24,1,-9,86
2190450,21,26,-4,90
2190960,85,95,14,76
2191470,35,20,-4,80
2191980,54,89,9,71
2192490,78,56,-12,83
2193000,34,23,-6,89
2193510,53,92,16,73
2194020,77,59,-9,82
2194530,33,26,-3,85
2195040,52,95,8,77
2195550,53,62,-3,80
2196060,3,29,-1,81
2196570,67,26,3,78
2197080,92,45,-3,81
2197590,48,72,4,77
2198100,67,39,-6,83
2198610,92,6,4,79
2199120,68,33,3,76
2199630,24,0,-9,85
2200140,25,25,9,76
2200650,4,94,-4,80
2201160,49,85,5,75
2201670,50,52,-4,79
2202180,69,19,6,73
2202690,25,18,-10,83
2203200,44,87,8,75
2203710,68,54,-2,77
2204220,87,21,6,71
2204730,63,48,-11,82
2205240,24,15,-3,85
2205750,43,84,13,72
2206260,67,51,-5,77
2206770,86,18,2,75
2207280,101,45,-6,81
2207790,57,72,5,76
2208300,7,39,-5,81
2208810,71,30,4,77
2209320,27,49,-6,83
2209830,55,16,3,80
2210340,70,35,4,76
2210850,26,2,-9,85
2211360,18,27,0,85
2211870,70,96,7,78
2212380,20,21,-2,80
2212890,72,90,0,80
2213400,22,15,-2,82
2213910,41,84,0,82
2214420,60,51,-1,83
2214930,39,18,1,82
2215440,58,87,3,79
2215950,77,54,0,79
2216460,33,21,-6,85
2216970,52,90,7,78
2217480,76,57,-5,83
2217990,32,24,-6,89
2218500,51,93,13,76
2219010,75,60,-11,87
2219520,4,27,10,77
2220030,68,99,0,77
2220540,18,24,-3,80
2221050,70,93,4,76
2221560,20,18,-6,82
2222070,84,87,4,78
2222580,63,12,4,74
2223090,78,31,-1,75
2223600,34,30,-11,86
2224110,53,99,14,72
2224620,77,66,-6,78
2225130,6,93,0,78
2225640,87,84,1,77
2226150,66,9,3,74
2226660,81,28,-2,76
2227170,37,27,-11,87
2227680,56,96,13,74
2228190,80,63,-8,82
2228700,36,90,5,77
2229210,37,57,-7,84
2229720,56,24,2,82
2230230,75,93,4,78
2230740,25,18,-6,84
2231250,44,87,3,81
2231760,45,54,1,80
2232270,64,21,1,79
2232780,89,20,-1,80
2233290,2,47,-10,90
2233800,90,38,17,73
2234310,46,65,-11,84
2234820,98,32,10,74
2235330,54,59,-8,82
2235840,73,26,12,70
2236350,29,25,-7,77
2236860,48,94,5,72
2237370,72,61,-3,75
2237880,1,88,2,73
2238390,46,38,-3,76
2238900,65,5,7,69
2239410,84,24,-8,77
2239920,40,51,-5,82
2240430,92,18,6,76
2240940,68,45,-11,87
2241450,87,12,11,76
2241960,63,39,-6,82
2242470,82,6,3,79
2242980,58,25,2,77
2243490,83,94,1,76
2244000,33,19,-10,86
2244510,52,88,6,80
2245020,71,55,-4,84
2245530,0,22,5,79
2246040,64,19,3,76
2246550,20,38,-6,82
2247060,101,5,7,75
2247570,77,24,4,71
2248080,33,51,-11,82
2248590,52,18,5,77
2249100,77,87,2,75
2249610,27,12,-6,81
2250120,46,81,7,74
2250630,47,48,-3,77
2251140,66,15,1,76
2251650,81,34,-1,77
2252160,37,61,-4,81
2252670,56,28,3,78
2253180,81,97,1,77
2253690,44,22,-4,81
2254200,63,91,3,78
2254710,29,16,-3,81
2255220,48,85,13,68
2255730,72,52,-9,77
2256240,28,19,-9,86
2256750,47,88,10,76
2257260,71,55,-3,79
2257770,90,22,7,72
2258280,64,49,-4,76
2258790,25,16,-5,81
2259300,17,85,-5,86
2259810,81,10,6,80
2260320,73,37,1,79
2260830,29,4,-7,86
2261340,30,15,7,79
2261850,49,84,0,79
2262360,68,51,-7,86
2262870,29,18,8,78
2263380,48,87,5,73
2263890,1,54,-11,84
2264400,65,45,1,83
2264910,26,12,4,79
2265420,45,81,3,76
2265930,64,48,-3,79
2266440,83,15,5,74
2266950,57,42,-14,88
2267460,76,9,14,74
2267970,91,36,-2,76
2268480,47,63,-4,80
2268990,66,30,5,75
2269500,22,99,-7,82
2270010,33,24,1,81
2270520,52,93,7,74
2271030,76,60,-7,81
2271540,37,87,0,81
2272050,56,54,-5,86
2272560,75,21,11,75
2273070,90,48,-8,83
2273580,46,75,5,78
2274090,65,42,-3,81
2274600,84,9,4,77
2275110,60,36,-1,78
2275620,16,3,1,77
2276130,8,14,-6,83
2276640,72,83,3,80
2277150,22,50,1,79
2277660,17,17,1,78
2278170,81,86,2,76
2278680,31,11,-4,80
2279190,50,80,5,75
2279700,69,47,-7,82
2280210,30,14,-6,88
2280720,31,83,10,78
2281230,50,50,-2,80
2281740,69,17,7,73
2282250,84,36,0,73
2282760,40,63,-9,82
2283270,59,30,4,78
2283780,78,99,3,75
2284290,41,66,-6,81
2284800,60,33,-1,82
2285310,85,0,6,76
2285820,61,19,-3,79
2286330,76,18,1,78
2286840,32,37,-5,83
2287350,51,4,4,79
2287860,52,23,-4,83
2288370,77,92,12,71
2288880,40,17,-13,84
2289390,59,86,6,78
2289900,78,53,6,72
2290410,34,20,-8,80
2290920,53,89,4,76
2291430,56,56,-7,83
2291940,35,23,3,80
2292450,54,92,1,79
2292960,59,59,-2,81
2293470,78,26,3,78
2293980,34,25,-9,87
2294490,53,94,17,70
2295000,58,61,-16,86
2295510,77,28,13,73
2296020,33,55,-9,82
2296530,54,22,5,77
2297040,79,91,3,74
2297550,29,58,-6,80
2298060,68,25,4,76
2298570,93,24,-2,78
2299080,49,51,3,75
2299590,68,18,2,73
2300100,83,17,-4,77
2300610,98,44,0,77
2301120,54,71,-5,82
2301630,73,38,3,79
2302140,62,5,6,73
2302650,77,24,-1,74
2303160,33,23,-6,80
2303670,52,92,5,75
2304180,57,59,-13,88
2304690,76,26,16,72
2305200,32,25,-10,82
2305710,62,94,9,73
2306220,28,19,-11,84
2306730,47,88,5,79
2307240,50,55,1,78
2307750,69,22,2,76
2308260,84,21,6,70
2308770,40,48,-15,85
2309280,59,15,9,76
2309790,74,34,3,73
2310300,30,1,-9,82
2310810,31,50,-1,83
2311320,83,17,9,74
2311830,62,44,-11,85
2312340,81,11,7,78
2312850,96,38,4,74
2313360,52,65,-6,80
2313870,71,32,5,75
2314380,27,101,-5,80
2314890,38,41,-4,84
2315400,57,8,4,80
2315910,72,27,8,72
2316420,28,54,-7,79
2316930,67,21,3,76
2317440,65,20,2,74
2317950,101,19,-9,83
2318460,77,46,2,81
2318970,33,13,-2,83
2319480,52,82,7,76
2319990,55,49,-4,80
2320500,74,16,3,77
2321010,89,26,5,72
2321520,45,53,-11,83
2322030,64,20,9,74
2322540,20,19,-5,79
2323050,39,88,-1,80
2323560,42,55,-6,86
2324070,61,22,10,76
2324580,17,21,-8,84
2325090,69,90,8,76
2325600,19,15,-5,81
2326110,58,84,2,79
2326620,8,9,0,79
2327130,60,78,-4,83
2327640,79,45,6,77
2328150,35,12,-7,84
2328660,36,81,6,78
2329170,39,48,-4,82
2329680,58,15,8,74
2330190,73,14,-1,75
2330700,88,24,1,74
2331210,1,51,-5,79
2331720,65,42,-4,83
2332230,21,9,1,82
2332740,40,78,5,77
2333250,43,45,-8,85
2333760,62,12,7,78
2334270,77,31,0,78
2334780,33,30,-1,79
2335290,52,99,1,78
2335800,57,66,-10,88
2336310,36,33,6,82
2336820,55,0,9,73
2337330,70,19,-5,78
2337840,85,18,4,74
2338350,59,45,-7,81
2338860,78,12,6,75
2339370,93,22,-1,76
2339880,67,49,-8,84
2340390,28,16,2,82
2340900,47,85,7,75
2341410,50,52,-5,80
2341920,69,19,6,74
2342430,25,18,-10,84
2342940,44,87,7,77
2343450,47,54,-2,79
2343960,66,21,4,75
2344470,22,20,-5,80
2344980,1,89,5,75
2345490,46,56,-10,85
2346000,98,23,6,79
2346510,77,50,-3,82
2347020,33,17,2,80
2347530,52,86,2,78
2348040,55,53,-1,79
2348550,74,20,0,79
2349060,89,19,2,77
2349570,68,46,-8,85
2350080,29,13,3,82
2350590,32,82,0,82
2351100,35,49,-1,83
2351610,54,16,-2,85
2352120,69,35,9,76
2352630,25,2,-9,85
2353140,26,51,-1,86
2353650,29,18,-3,89
2354160,48,87,12,77
2354670,51,54,-8,85
2355180,70,21,3,82
2355690,85,20,5,77
2356200,67,47,-8,85
2356710,28,14,2,83
2357220,31,83,1,82
2357730,34,50,1,81
2358240,76,17,10,71
2358750,91,16,-9,80
2359260,67,43,-9,89
2359770,28,10,1,88
2360280,31,21,9,79
2360790,50,90,4,75
2361300,53,5,4,71
2361810,68,24,-3,74
2362320,24,23,-8,82
2362830,63,92,8,74
2363340,13,17,-7,81
2363850,65,86,1,80
2364360,15,53,-2,82
2364870,79,20,12,70
2365380,35,47,-11,81
2365890,54,14,-3,84
2366400,69,33,7,77
2366910,25,0,-10,87
2367420,17,11,7,80
2367930,56,80,6,74
2368440,6,47,-8,82
2368950,70,38,2,80
2369460,26,5,-2,82
2369970,18,16,-9,91
2370480,57,85,10,81
2370990,7,52,-4,85
2371500,71,43,1,84
2372010,32,10,1,83
2372520,33,21,-1,84
2373030,52,90,7,77
2373540,91,57,-2,79
2374050,47,84,5,74
2374560,86,51,-2,76
2375070,42,78,0,76
2375580,45,45,-8,84
2376090,64,12,5,79
2376600,79,46,4,75
2377110,35,73,-10,85
2377620,38,40,-1,86
2378130,57,7,6,80
2378640,72,26,8,72
2379150,28,25,-8,80
2379660,47,94,6,74
2380170,52,61,-6,80
2380680,71,28,-2,82
2381190,27,27,4,78
2381700,46,96,3,75
2382210,49,63,-11,86
2382720,91,30,11,75
2383230,73,57,-8,83
2383740,34,24,1,82
2384250,53,93,3,79
2384760,56,60,-8,87
2385270,75,27,15,72
2385780,31,26,-11,83
2386290,94,95,14,69
2386800,76,20,-5,74
2387310,91,47,-5,79
2387820,47,14,-1,80
2388330,62,83,2,78
2388840,12,50,-3,81
2389350,76,17,4,77
2389860,91,16,3,74
2390370,73,43,-8,82
2390880,29,10,-2,84
2391390,32,21,3,81
2391900,51,90,2,79
2392410,54,57,-1,80
2392920,73,24,6,74
2393430,88,23,3,71
2393940,70,22,-1,72
2394450,85,21,0,72
2394960,67,48,-16,88
2395470,86,15,3,85
2395980,62,42,8,77
2396490,23,9,-8,85
2397000,15,20,5,80
2397510,67,89,2,78
2398020,17,56,0,78
2398530,27,23,-6,84
2399040,47,92,12,72
2399550,86,59,-8,80
2400060,42,26,-2,82
2400570,61,95,5,77
2401080,27,62,-4,81
2401590,66,29,1,80
2402100,91,98,10,70
2402610,73,23,-12,82
2403120,88,22,8,74
2403630,70,21,-3,77
2404140,85,20,0,77
2404650,100,47,2,75
2405160,56,74,-9,84
2405670,98,41,7,77
2406180,80,68,4,73
2406690,59,95,-2,75
2407200,64,62,-8,83
2407710,98,29,4,79
2408220,80,56,-3,82
2408730,36,23,-3,85
2409240,55,92,5,80
2409750,58,59,-6,86
2410260,77,26,9,77
2410770,92,25,-4,81
2411280,74,52,-1,82
2411790,35,19,-5,87
2412300,54,88,12,75
2412810,20,55,-5,80
2413320,23,22,-4,84
2413830,62,91,10,74
2414340,12,58,-6,80
2414850,22,25,-1,81
2415360,1,94,-1,82
2415870,46,61,1,81
2416380,65,28,2,79
2416890,80,97,5,74
2417400,62,64,-5,79
2417910,96,31,3,76
2418420,78,30,0,76
2418930,34,29,-9,85
2419440,53,59,-2,87
2419950,72,26,10,77
2420460,87,25,8,69
2420970,69,24,-6,75
2421480,84,23,-1,76
2421990,66,22,2,74
2422500,22,21,-5,79
2423010,61,90,3,76
2423520,11,57,-5,81
2424030,75,24,4,77
2424540,31,23,-6,83
2425050,50,92,5,78
2425560,53,59,-6,84
2426070,72,26,7,77
2426580,28,25,1,76
2427090,47,94,-2,78
2427600,50,61,0,78
2428110,69,28,6,72
2428620,25,27,-13,85
2429130,67,96,11,74
2429640,50,63,-7,81
2430150,0,30,4,77
2430660,29,99,-5,82
2431170,32,66,0,82
2431680,60,33,-6,88
2432190,75,0,6,82
2432700,67,19,6,76
2433210,39,18,-10,86
2433720,42,87,11,75
2434230,45,54,0,75
2434740,64,21,-5,80
2435250,79,90,8,72
2435760,61,57,-8,80
2436270,80,24,7,73
2436780,36,23,-9,82
2437290,55,92,4,78
2437800,58,59,-7,85
2438310,77,26,7,78
2438820,92,25,6,72
2439330,74,24,-7,79
2439840,89,23,7,72
2440350,71,50,-7,79
2440860,27,17,-1,80
2441370,90,86,7,73
2441880,72,53,-9,82
2442390,33,20,-2,84
2442900,52,89,9,75
2443410,55,56,-7,82
2443920,74,23,12,70
2444430,30,22,-12,82
2444940,49,91,9,73
2445450,52,58,-12,85
2445960,94,25,7,78
2446470,76,52,0,78
2446980,32,19,-7,85
2447490,51,88,6,79
2448000,54,55,-3,82
2448510,73,56,4,78
2449020,34,23,-4,82
2449530,53,92,2,80
2450040,56,59,-2,82
2450550,75,26,10,72
2451060,31,25,-6,78
2451570,50,94,4,74
2452080,53,61,-11,85
2452590,95,28,8,77
2453100,77,27,-1,78
2453610,33,26,-3,81
2454120,52,95,1,80
2454630,55,62,-1,81
2455140,74,29,5,76
2455650,30,28,-6,82
2456160,49,97,10,72
2456670,54,64,-10,82
2457180,4,31,2,80
2457690,68,100,3,77
2458200,18,67,-10,87
2458710,28,34,12,75
2459220,56,1,3,72
2459730,71,20,-4,76
2460240,86,19,0,76
2460750,68,46,-10,86
2461260,29,13,0,86
2461770,48,82,8,78
2462280,51,49,-9,87
2462790,70,16,13,74
2463300,52,26,-5,79
2463810,67,95,3,76
2464320,49,62,-10,86
2464830,101,29,6,80
2465340,83,56,3,77
2465850,39,23,-2,79
2466360,58,92,0,79
2466870,63,59,1,78
2467380,82,26,4,74
2467890,38,25,-10,84
2468400,57,94,7,77
2468910,60,61,-9,86
2469420,39,28,5,81
2469930,58,97,6,75
2470440,63,64,-8,83
2470950,42,31,-4,87
2471460,3,100,6,81
2471970,48,67,-1,82
2472480,100,34,-2,84
2472990,56,61,-2,86
2473500,75,28,8,78
2474010,31,27,-5,83
2474520,70,96,5,78
2475030,23,63,-10,88
2475540,26,30,-5,93
2476050,54,99,21,72
2476560,59,66,-5,77
2477070,9,33,-3,80
2477580,73,0,5,75
2478090,49,19,-4,79
2478600,64,88,2,77
2479110,14,55,-1,78
2479620,24,22,-3,81
2480130,87,91,3,78
2480640,69,16,3,75
2481150,51,26,-3,78
2481660,12,95,-3,81
2482170,100,20,4,77
2482680,76,47,-3,80
2483190,32,14,-4,84
2483700,35,83,3,81
2484210,38,50,-2,83
2484720,66,17,3,80
2485230,81,16,8,72
2485740,63,26,-5,77
2486250,78,95,4,73
2486760,60,20,-6,79
2487270,75,19,5,74
2487780,90,18,-3,77
2488290,66,78,-5,82
2488800,16,45,0,82
2489310,26,12,2,80
2489820,45,81,-2,82
2490330,73,48,5,77
2490840,29,15,-9,86
2491350,49,84,15,71
2491860,77,51,-6,77
2492370,33,18,-5,82
2492880,52,87,3,79
2493390,55,54,-2,81
2493900,74,21,9,72
2494410,89,20,-3,75
2494920,65,47,-3,78
2495430,26,14,-2,80
2495940,45,83,0,80
2496450,84,50,-5,85
2496960,40,17,-4,89
2497470,55,86,16,73
2497980,58,11,-7,80
2498490,73,30,2,78
2499000,54,29,-3,81
2499510,15,98,-2,83
2500020,96,23,10,73
2500530,72,50,-10,83
2501040,28,17,1,82
2501550,66,86,5,77
2502060,16,11,-9,86
2502570,80,80,13,73
2503080,62,5,-3,76
2503590,77,15,5,71
2504100,59,25,-3,74
2504610,74,94,-3,77
2505120,56,19,-5,82
2505630,71,88,5,77
2506140,21,55,-3,80
2506650,60,22,-1,81
2507160,75,91,6,75
2507670,57,16,-2,77
2508180,72,35,-3,80
2508690,28,2,-6,86
2509200,29,27,2,84
2509710,92,96,8,76
2510220,55,21,-6,82
2510730,70,90,7,75
2511240,20,15,-8,83
2511750,59,84,6,77
2512260,0,51,0,77
2512770,64,18,0,77
2513280,79,17,4,73
2513790,55,27,-11,84
2514300,70,96,11,73
2514810,52,21,-6,79
2515320,67,90,-1,80
2515830,17,15,6,74
2516340,56,84,-7,81
2516850,84,51,2,79
2517360,40,78,1,78
2517870,43,45,-5,83
2518380,71,12,11,72
2518890,86,22,-4,76
2519400,62,58,-7,83
2519910,23,25,-3,86
2520420,43,94,6,80
2520930,46,61,-3,83
2521440,88,28,12,71
2521950,44,55,-5,76
2522460,86,22,3,73
2522970,60,49,-12,85
2523480,21,16,4,81
2523990,60,85,2,79
2524500,10,52,-4,83
2525010,74,19,6,77
2525520,89,18,-1,78
2526030,65,45,-3,81
2526540,26,12,-5,86
2527050,29,81,5,81
2527560,32,6,-4,85
2528070,2,17,11,74
2528580,66,86,-7,81
2529090,16,11,-4,85
2529600,55,80,10,75
2530110,94,47,-3,78
2530620,50,74,2,76
2531130,78,41,-2,78
2531640,34,8,-7,85
2532150,35,19,1,84
2532660,54,88,5,79
2533170,93,55,-11,90
2533680,49,82,9,81
2534190,88,49,7,74
2534700,44,76,-4,78
2535210,83,43,2,76
2535720,39,70,-5,81
2536230,67,37,1,80
2536740,23,4,-2,82
2537250,15,73,-2,84
2537760,1,13,8,76
2538270,65,10,0,76
2538780,47,29,-7,83
2539290,8,98,2,81
2539800,53,23,-2,83
2540310,68,92,7,76
2540820,18,17,-4,80
2541330,57,86,4,76
2541840,96,11,-10,86
2542350,72,21,12,74
2542860,28,20,-3,77
2543370,91,89,-5,82
2543880,70,14,5,77
2544390,85,33,9,68
2544900,41,60,-14,82
2545410,69,27,5,77
2545920,25,26,-6,83
2546430,53,95,11,72
2546940,92,35,-5,77
2547450,48,62,-6,83
2547960,90,29,10,73
2548470,46,56,-10,83
2548980,25,23,6,77
2549490,88,92,-6,83
2550000,70,17,8,75
2550510,85,16,-3,78
2551020,61,43,-3,81
2551530,22,10,-2,83
2552040,14,79,-2,85
2552550,24,74,6,79
2553060,43,14,6,73
2553570,58,83,-3,76
2554080,97,8,-2,78
2554590,73,27,2,76
2555100,29,26,-4,80
2555610,92,95,-3,83
2556120,74,20,13,70
2556630,30,19,-13,83
2557140,93,88,4,79
2557650,49,13,3,76
2558160,64,32,-5,81
2558670,20,101,1,80
2559180,31,41,-5,85
2559690,59,8,5,80
2560200,74,27,-3,83
2560710,30,26,6,77
2561220,93,95,0,77
2561730,56,20,-2,79
2562240,71,27,3,76
2562750,27,26,-5,81
2563260,90,95,6,75
2563770,72,20,1,74
2564280,28,19,-9,83
2564790,91,88,2,81
2565300,47,13,2,79
2565810,62,32,-9,88
2566320,18,32,-3,91
2566830,13,101,10,81
2567340,94,26,7,74
2567850,76,53,-8,82
2568360,32,20,-2,84
2568870,95,89,-3,87
2569380,51,14,8,79
2569890,66,33,1,78
2570400,22,32,-1,79
2570910,49,101,7,72
2571420,54,41,-14,86
2571930,15,8,-2,88
2572440,7,77,2,86
2572950,52,17,5,81
2573460,67,36,-3,84
2573970,23,3,-4,88
2574480,15,52,7,81
2574990,79,19,5,76
2575500,55,18,-1,77
2576010,70,17,-6,83
2576520,85,16,9,74
2577030,61,43,-5,79
2577540,22,10,-1,80
2578050,25,79,2,78
2578560,36,19,-6,84
2579070,51,88,11,73
2579580,90,28,-4,77
2580090,46,55,-8,85
2580600,88,22,15,70
2581110,64,49,-11,81
2581620,25,16,1,80
2582130,64,85,-1,81
2582640,30,10,-9,90
2583150,31,79,12,78
2583660,32,19,-1,79
2584170,95,88,4,75
2584680,51,13,-7,82
2585190,66,32,0,82
2585700,22,39,5,77
2586210,61,6,4,73
2586720,43,25,-11,84
2587230,4,94,-2,86
2587740,49,34,7,79
2588250,10,1,1,78
2588760,5,100,-4,82
2589270,50,25,4,78
2589780,65,94,-1,79
2590290,2,19,3,76
2590800,66,88,2,74
2591310,45,13,-6,80
2591820,60,32,-3,83
2592330,75,51,0,83
2592840,36,18,4,79
2593350,51,87,4,75
2593860,90,12,-4,79
2594370,66,39,-9,88
2594880,27,58,4,84
2595390,66,25,10,74
2595900,22,24,-8,82
2596410,64,93,11,71
2596920,46,18,-12,83
2597430,61,87,4,79
2597940,27,97,-3,82
2598450,38,22,-6,88
2598960,53,9,11,77
2599470,68,28,-3,80
2599980,24,27,-2,82
2600490,66,96,12,70
2601000,48,21,-16,86
2601510,63,90,10,76
2602020,45,15,-5,81
2602530,60,84,6,75
2603040,1,9,-2,77
2603550,65,6,2,75
2604060,41,25,-4,79
2604570,2,94,0,79
2605080,47,19,3,76
2605590,62,26,0,76
2606100,18,45,-7,83
2606610,13,12,-5,88
2607120,8,81,0,88
2607630,53,21,11,77
2608140,68,28,-5,82
2608650,24,47,-1,83
2609160,63,14,6,77
2609670,78,13,0,77
2610180,93,40,0,77
2610690,49,67,-2,79
2611200,88,34,6,73
2611710,44,61,-8,81
2612220,86,28,9,72
2612730,42,55,-7,79
2613240,84,22,6,73
2613750,60,49,-4,77
2614260,21,16,-2,79
2614770,84,85,0,79
2615280,66,10,7,72
2615790,42,29,-9,81
2616300,3,98,11,70
2616810,48,89,-7,77
2617320,51,29,-6,83
2617830,66,98,6,77
2618340,48,23,-6,83
2618850,63,92,7,76
2619360,0,17,-7,83
2619870,64,14,4,79
2620380,79,33,7,72
2620890,35,32,-10,82
2621400,98,101,4,78
2621910,80,26,9,69
2622420,36,53,-13,82
2622930,75,20,8,74
2623440,31,19,-2,76
2623950,94,88,-5,81
2624460,50,13,4,77
2624970,65,24,2,75
2625480,21,23,-11,86
2625990,60,92,17,69
2626500,65,17,-10,79
2627010,80,36,7,72
2627520,36,35,-11,83
2628030,75,2,9,74
2628540,51,21,-3,77
2629050,66,28,-1,78
2629560,22,47,3,75
2630070,61,14,-1,76
2630580,76,33,-3,79
2631090,32,32,-6,85
2631600,95,101,6,79
2632110,77,26,3,76
2632620,33,25,-5,81
2633130,96,94,4,77
2633640,78,19,4,73
2634150,54,46,-8,81
2634660,15,13,1,80
2635170,54,82,1,79
2635680,93,49,3,76
2636190,49,76,1,75
2636700,91,43,-10,85
2637210,47,42,8,77
2637720,8,9,-2,79
2638230,60,78,1,78
2638740,86,45,1,77
2639250,42,44,-10,87
2639760,70,11,19,68
2640270,85,30,0,68
2640780,41,57,-14,82
2641290,83,24,9,73
2641800,39,23,-16,89
2642310,58,92,14,75
2642820,40,11,-5,80
2643330,55,22,0,80
2643840,70,29,-2,82
2644350,95,48,4,78
2644860,51,75,-6,84
2645370,79,42,3,81
2645880,35,41,-6,87
2646390,77,8,12,75
2646900,53,27,-1,76
2647410,68,38,-3,79
2647920,24,49,-4,83
2648430,63,16,8,75
2648940,78,35,3,72
2649450,34,34,-9,81
2649960,73,1,1,80
2650470,49,20,2,78
2650980,64,27,-7,85
2651490,89,34,11,74
2652000,45,61,-3,77
2652510,87,28,5,72
2653020,43,55,-9,81
2653530,85,22,2,79
2654040,61,49,-1,80
2654550,22,16,-5,85
2655060,85,85,4,81
2655570,67,10,2,79
2656080,82,29,6,73
2656590,38,28,-4,77
2657100,57,97,-1,78
2657610,96,37,-3,81
2658120,52,64,-3,84
2658630,94,31,6,78
2659140,50,58,-1,79
2659650,92,25,2,77
2660160,68,52,-2,79
2660670,29,19,-4,83
2661180,68,88,7,76
2661690,18,13,-1,77
2662200,57,82,0,77
2662710,96,49,-3,80
2663220,52,76,0,80
2663730,78,43,-1,81
2664240,34,62,-1,82
2664750,62,29,4,78
2665260,87,36,4,74
2665770,43,35,-11,85
2666280,82,2,9,76
2666790,58,21,-7,83
2667300,73,28,10,73
2667810,29,27,-10,83
2668320,68,96,5,78
2668830,18,21,1,77
2669340,60,90,-1,78
2669850,99,57,-7,85
2670360,55,84,8,77
2670870,68,51,-7,84
2671380,29,18,4,80
2671890,92,87,7,73
2672400,74,12,3,70
2672910,89,22,-7,77
2673420,65,49,-9,86
2673930,26,16,10,76
2674440,41,85,-1,77
2674950,44,52,0,77
2675460,86,19,7,70
2675970,68,29,-10,80
2676480,93,48,-1,81
2676990,49,67,-2,83
2677500,91,34,6,77
2678010,47,33,-7,84
2678520,66,0,8,76
2679030,42,19,-8,84
2679540,57,88,8,76
2680050,96,7,-5,81
2680560,72,26,10,71
2681070,84,25,-1,72
2681580,40,81,-7,79
2682090,43,48,-7,86
2682600,82,15,10,76
2683110,58,25,-4,80
2683620,73,32,8,72
2684130,29,31,-11,83
2684640,71,100,7,76
2685150,21,25,-7,83
2685660,63,94,8,75
2686170,29,19,-4,79
2686680,44,88,0,79
2687190,47,28,0,79
2687700,62,97,0,79
2688210,67,16,2,77
2688720,82,26,0,77
2689230,38,25,-9,86
2689740,101,94,7,79
2690250,83,19,5,74
2690760,59,46,-8,82
2691270,20,13,2,80
2691780,59,82,3,77
2692290,85,49,2,75
2692800,41,76,-5,80
2693310,44,43,4,76
2693820,83,10,4,72
2694330,59,20,-3,75
2694840,74,19,0,75
2695350,89,29,-4,79
2695860,45,56,3,76
2696370,87,23,3,73
2696880,69,50,-7,80
2697390,30,17,-7,87
2697900,93,86,7,80
2698410,54,11,3,77
2698920,69,30,2,75
2699430,25,29,-4,79
2699940,53,98,3,76
2700450,56,38,-5,81
2700960,17,5,0,81
2701470,9,74,-9,90
2701980,73,14,16,74
2702490,88,24,-1,75
2703000,70,51,-3,78
2703510,95,18,1,77
2704020,71,45,-1,78
2704530,96,12,5,73
2705040,72,39,-5,78
2705550,97,6,4,74
2706060,73,33,0,74
2706570,29,52,-8,82
2707080,57,19,-3,85
2707590,72,38,8,77
2708100,97,5,-6,83
2708610,73,24,9,74
2709120,88,23,2,72
2709630,70,50,-7,79
2710140,31,17,-3,82
2710650,46,86,7,75
2711160,49,26,-8,83
2711670,0,95,8,75
2712180,81,35,3,72
2712690,37,34,-14,86
2713200,76,1,10,76
2713710,68,20,-1,77
2714220,83,19,6,71
2714730,65,46,-8,79
2715240,26,13,-4,83
2715750,29,82,7,76
2716260,32,22,-6,82
2716770,71,67,0,82
2717280,32,94,1,81
2717790,35,34,2,79
2718300,74,1,6,73
2718810,50,20,-7,80
2719320,65,89,3,77
2719830,2,14,-5,82
2720340,54,83,5,77
2720850,57,50,-2,79
2721360,18,17,-1,80
2721870,57,86,6,74
2722380,96,11,-11,85
2722890,72,21,12,73
2723400,87,20,1,72
2723910,69,47,-6,78
2724420,94,63,1,77
2724930,50,90,5,72
2725440,53,30,-15,87
2725950,68,99,8,79
2726460,50,24,-1,80
2726970,65,93,2,78
2727480,68,12,6,72
2727990,83,22,-8,80
2728500,65,21,3,77
2729010,80,20,2,75
2729520,62,30,-6,81
2730030,87,99,2,79
2730540,69,24,5,74
2731050,84,23,1,73
2731560,40,50,-11,84
2732070,79,17,6,78
2732580,94,44,2,76
2733090,50,43,-7,83
2733600,11,10,9,74
2734110,6,79,-9,83
2734620,87,19,7,76
2735130,0,46,-2,78
2735640,10,37,-9,87
2736150,74,4,15,72
2736660,48,23,-6,78
2737170,63,92,6,72
2737680,0,17,-9,81
2738190,64,86,5,76
2738700,46,53,-1,77
2739210,85,20,2,75
2739720,67,47,-9,84
2740230,28,14,1,83
2740740,43,83,5,78
2741250,46,50,-5,83
2741760,85,17,8,75
2742270,67,44,-8,83
2742780,92,11,9,74
2743290,68,21,-4,78
2743800,83,20,6,72
2744310,65,30,-2,74
2744820,90,99,-2,76
2745330,72,24,2,74
2745840,87,94,-2,76
2746350,69,19,5,71
2746860,84,29,-6,77
2747370,66,28,0,77
2747880,91,35,6,71
2748390,73,62,-7,78
2748900,34,63,-4,82
2749410,37,30,-3,85
2749920,76,99,9,76
2750430,58,24,-6,82
2750940,73,93,-1,83
2751450,55,18,6,77
2751960,70,87,-1,78
2752470,96,54,2,76
2752980,52,81,-1,77
2753490,91,48,2,75
2754000,47,75,-8,83
2754510,50,42,4,79
2755020,89,9,4,75
2755530,65,19,0,75
2756040,80,18,1,74
2756550,62,45,-5,79
2757060,23,12,-1,80
2757570,26,81,-1,81
2758080,29,21,1,80
2758590,68,90,4,76
2759100,50,15,-4,80
2759610,65,84,2,78
2760120,47,51,-3,81
2760630,86,18,5,76
2761140,101,80,-1,77
2761650,57,81,3,74
2762160,96,48,-8,82
2762670,52,75,5,77
2763180,91,42,2,75
2763690,47,69,-5,80
2764200,50,36,-2,82
2764710,11,3,0,82
2765220,3,72,3,79
2765730,48,12,-4,83
2766240,63,81,10,73
2766750,45,48,-9,82
2767260,84,15,7,75
2767770,66,25,-1,76
2768280,81,24,2,74
2768790,63,34,-3,77
2769300,88,1,3,74
2769810,64,20,-1,75
2770320,79,19,6,69
2770830,61,29,-9,78
2771340,86,36,0,78
2771850,68,35,-6,84
2772360,93,54,6,78
2772870,49,55,0,78
2773380,91,22,7,71
2773890,73,49,-12,83
2774400,34,16,-3,86
2774910,97,85,9,77
2775420,58,31,-4,81
2775930,19,100,-1,82
2776440,30,40,-1,83
2776950,69,7,9,74
2777460,84,17,2,72
2777970,66,44,-10,82
2778480,27,11,-4,86
2778990,30,80,5,81
2779500,33,20,1,80
2780010,96,89,3,77
2780520,78,35,-2,79
2781030,34,54,-4,83
2781540,73,21,3,80
2782050,88,31,5,75
2782560,70,58,-8,83
2783070,31,25,-8,91
2783580,94,94,12,79
2784090,57,19,5,74
2784600,21,69,-9,83
2785110,31,9,2,81
2785620,32,20,0,81
2786130,95,89,11,70
2786640,77,35,-7,77
2787150,33,54,-6,83
2787660,72,21,9,74
2788170,87,31,4,70
2788680,69,58,-15,85
2789190,30,85,0,85
2789700,33,25,4,81
2790210,96,94,4,77
2790720,78,19,5,72
2791230,93,46,-7,79
2791740,49,73,1,78
2792250,91,17,0,78
2792760,73,44,3,75
2793270,29,63,-7,82
2793780,32,30,6,76
2794290,95,99,-2,78
2794800,77,24,7,71
2795310,33,34,-14,85
2795820,75,1,10,75
2796330,51,20,-2,77
2796840,66,27,-2,79
2797350,91,26,4,75
2797860,73,58,-5,80
2798370,34,59,-2,82
2798880,62,26,-3,85
2799390,87,45,10,75
2799900,43,72,-2,77
2800410,46,39,-4,81
2800920,7,6,3,78
2801430,46,75,-3,81
2801940,49,42,2,79
2802450,10,9,0,79
2802960,49,78,-3,82
2803470,52,45,5,77
2803980,13,12,-5,82
2804490,8,81,5,77
2805000,89,21,5,72
2805510,71,48,-12,84
2806020,32,15,4,80
2806530,35,84,1,79
2807040,38,24,-5,84
2807550,41,93,2,82
2808060,42,33,1,81
2808570,81,0,-6,87
2809080,73,19,15,72
2809590,55,29,-4,76
2810100,16,48,-1,77
2810610,26,15,-3,80
2811120,65,84,-1,81
2811630,5,51,3,78
2812140,15,42,0,78
2812650,6,9,-3,81
2813160,58,78,-2,83
2813670,100,45,0,83
2814180,56,72,7,76
2814690,98,39,0,76
2815200,80,66,-2,78
2815710,41,93,4,74
2816220,42,33,-7,81
2816730,3,0,5,76
2817240,100,13,-5,81
2817750,76,23,8,73
2818260,32,33,-4,77
2818770,71,0,1,76
2819280,53,19,-4,80
2819790,68,38,4,76
2820300,93,57,2,74
2820810,49,84,-5,79
2821320,52,24,-2,81
2821830,77,93,7,74
2822340,59,29,-8,82
2822850,84,48,7,75
2823360,40,67,-6,81
2823870,82,34,7,74
2824380,38,33,-11,85
2824890,101,0,3,82
2825400,77,19,15,67
2825910,59,29,-11,78
2826420,84,48,1,77
2826930,40,67,-8,85
2827440,68,34,4,81
2827950,93,53,6,75
2828460,49,80,-4,79
2828970,52,20,-4,83
2829480,67,39,0,83
2829990,92,6,8,75
2830500,68,16,-4,79
2831010,83,26,7,72
2831520,65,53,-8,80
2832030,26,20,-4,84
2832540,89,89,10,74
2833050,71,14,-10,84
2833560,86,24,6,78
2834070,68,51,-6,84
2834580,29,18,-2,86
2835090,92,87,15,71
2835600,74,33,-8,79
2836110,30,52,-4,83
2836620,72,19,7,76
2837130,87,29,4,72
2837640,69,56,-18,90
2838150,30,23,7,83
2838660,93,92,6,77
2839170,75,17,3,74
2839680,90,27,-1,75
2840190,72,54,-6,81
2840700,33,0,3,78
2841210,34,49,-2,80
2841720,62,16,-1,81
2842230,77,35,7,74
2842740,33,54,-3,77
2843250,72,21,5,72
2843760,28,31,-11,83
2844270,70,100,10,73
2844780,52,25,-11,84
2845290,77,94,7,77
2845800,59,19,-1,78
2846310,84,38,1,77
2846820,40,65,-6,83
2847330,82,32,12,71
2847840,64,31,-9,80
2848350,89,100,10,70
2848860,48,25,-8,78
2849370,9,94,0,78
2849880,90,83,-4,82
2850390,72,8,10,72
2850900,46,18,-7,79
2851410,47,87,4,75
2851920,48,27,-4,79
2852430,9,96,3,76
2852940,54,85,0,76
2853450,55,52,-5,81
2853960,16,19,-4,85
2854470,68,88,10,75
2854980,50,13,-8,83
2855490,51,32,3,80
2856000,12,101,-5,85
2856510,22,41,5,80
2857020,61,8,8,72
2857530,62,18,-2,74
2858040,77,28,1,73
2858550,59,27,-3,76
2859060,84,46,3,73
2859570,40,65,-10,83
2860080,68,32,11,72
2860590,24,51,-9,81
2861100,63,18,7,74
2861610,78,37,-1,75
2862120,34,56,-6,81
2862630,62,23,-3,84
2863140,87,42,8,76
2863650,43,61,-5,81
2864160,71,81,1,80
2864670,79,6,6,74
2865180,53,16,-8,82
2865690,54,35,1,81
2866200,15,2,3,78
2866710,10,71,-7,85
2867220,20,11,7,78
2867730,83,80,4,74
2868240,44,26,-7,81
2868750,5,95,-2,83
2869260,86,35,3,80
2869770,42,34,-4,84
2870280,3,1,2,82
2870790,100,70,3,79
2871300,56,71,-2,81
2871810,84,38,6,75
2872320,66,65,-5,80
2872830,27,11,-9,89
2873340,30,80,10,79
2873850,31,20,-7,86
2874360,94,89,11,75
2874870,76,35,2,73
2875380,32,62,-4,77
2875890,60,29,1,76
2876400,85,48,-1,77
2876910,41,75,-2,79
2877420,69,62,-7,86
2877930,30,89,-1,87
2878440,31,29,6,81
2878950,94,98,6,75
2879460,76,23,-3,78
2879970,58,33,-6,84
2880480,19,0,2,82
2880990,11,86,-5,87
2881500,21,26,4,83
2882010,63,87,12,71
2882520,45,12,-9,80
2883030,46,31,3,77
2883540,7,100,1,76
2884050,52,89,3,73
2884560,57,14,-7,80
2885070,72,24,12,68
2885580,28,34,-17,85
2886090,91,1,0,85
2886600,65,20,11,74
2887110,90,30,-8,82
2887620,72,40,9,73
2888130,97,59,-8,81
2888640,53,86,5,76
2889150,81,73,-2,78
2889660,42,19,-2,80
2890170,3,88,4,76
2890680,48,38,-6,82
2891190,9,5,0,82
2891700,1,74,5,77
2892210,46,14,-7,84
2892720,47,33,4,80
2893230,8,0,-7,87
2893740,0,99,5,82
2894250,45,49,-9,91
2894760,6,16,12,79
2895270,1,85,7,72
2895780,46,35,-10,82
2896290,7,2,3,79
2896800,2,71,0,79
2897310,47,38,-2,81
2897820,8,5,7,74
2898330,0,74,-2,76
2898840,45,14,-6,82
2899350,46,33,-1,83
2899860,7,0,6,77
2900370,2,99,3,74
2900880,47,88,-1,75
2901390,52,75,-3,78
2901900,94,0,5,73
2902410,70,19,-9,82
2902920,85,29,5,77
2903430,67,56,-6,83
2903940,28,23,4,79
2904450,91,92,2,77
2904960,73,17,3,74
2905470,88,27,-7,81
2905980,70,54,-2,83
2906490,31,81,5,78
2907000,32,21,-4,82
2907510,95,90,8,74
2908020,77,15,1,73
2908530,51,25,-7,80
2909040,12,94,1,79
2909550,57,34,1,78
2910060,18,1,1,77
2910570,10,26,-6,83
2911080,5,95,3,80
2911590,50,20,-3,83
2912100,11,89,5,78
2912610,56,14,1,77
2913120,71,33,0,77
2913630,27,52,-3,80
2914140,55,19,-1,81
2914650,70,38,-1,82
2915160,15,57,2,80
2915670,25,84,-3,83
2916180,36,24,7,76
2916690,99,93,0,76
2917200,81,18,2,74
2917710,96,45,-7,81
2918220,52,72,0,81
2918730,80,99,0,81
2919240,62,24,-1,82
2919750,87,43,2,80
2920260,43,70,3,77
2920770,71,37,-1,78
2921280,96,56,-3,81
2921790,52,83,9,72
2922300,57,8,-7,79
2922810,58,18,1,78
2923320,73,37,4,74
2923830,29,56,-5,79
2924340,57,23,-1,80
2924850,82,42,5,75
2925360,38,61,-6,81
2925870,66,28,7,74
2926380,91,47,-7,81
2926890,47,66,-3,84
2927400,75,33,3,81
2927910,31,52,1,80
2928420,59,19,5,75
2928930,84,38,1,74
2929440,40,48,-9,83
2929950,47,15,2,81
2930460,62,84,-4,85
2930970,47,9,4,81
2931480,48,19,3,78
2931990,73,88,-6,84
2932500,58,13,0,84
2933010,59,23,6,78
2933520,84,42,3,75
2934030,40,69,-2,77
2934540,43,36,-3,80
2935050,4,3,-2,82
2935560,61,72,1,81
2936070,22,39,0,81
2936580,64,6,9,72
2937090,38,16,-14,86
2937600,39,85,7,79
2938110,42,25,-1,80
2938620,3,94,-2,82
2939130,48,44,1,81
2939640,9,11,3,78
2940150,48,80,4,74
2940660,51,47,-8,82
2941170,12,14,1,81
2941680,51,83,6,75
2942190,54,23,-11,86
2942700,55,92,13,73
2943210,60,17,1,72
2943720,75,27,-1,73
2944230,31,37,-5,78
2944740,94,4,1,77
2945250,70,14,5,72
2945760,44,24,-14,86
2946270,5,93,11,75
2946780,50,18,-6,81
2947290,51,87,9,72
2947800,54,33,-10,82
2948310,15,0,-1,83
2948820,7,25,9,74
2949330,2,25,-11,85
2949840,66,94,13,72
2950350,48,40,-17,89
2950860,9,7,9,80
2951370,4,76,-3,83
2951880,49,26,-5,88
2952390,50,95,15,73
2952900,55,35,-12,85
2953410,16,2,11,74
2953920,73,51,-7,81
2954430,89,18,5,76
2954940,63,28,3,73
2955450,88,47,-7,80
2955960,44,74,1,79
2956470,47,41,-2,81
2956980,8,8,0,81
2957490,60,77,7,74
2958000,63,2,-5,79
2958510,37,12,-5,84
2959020,38,81,6,78
2959530,41,48,-3,81
2960040,69,15,9,72
2960550,43,25,-22,94
2961060,4,94,14,80
2961570,49,83,2,78
2962080,52,8,2,76
2962590,53,18,-1,77
2963100,68,87,-3,80
2963610,53,12,-2,82
2964120,54,22,-3,85
2964630,79,91,7,78
2965140,61,27,2,76
2965650,86,96,-1,77
2966160,68,21,8,69
2966670,24,31,-14,83
2967180,66,100,12,71
2967690,48,25,-18,89
2968200,49,94,16,73
2968710,54,34,-8,81
2969220,15,1,7,74
2969730,7,70,-7,81
2970240,17,10,1,80
2970750,9,79,-6,86
2971260,19,78,8,78
2971770,30,3,-6,84
2972280,31,28,5,79
2972790,94,97,-4,83
2973300,76,22,5,78
2973810,32,32,-6,84
2974320,95,101,10,74
2974830,77,26,2,72
2975340,33,36,-18,90
2975850,75,3,20,70
2976360,49,13,-12,82
2976870,50,23,4,78
2977380,75,72,3,75
2977890,57,18,-5,80
2978400,82,37,5,75
2978910,38,47,-10,85
2979420,66,14,9,76
2979930,67,24,-5,81
2980440,92,43,2,79
2980950,48,41,-6,85
2981460,9,8,5,80
2981970,4,77,0,80
2982480,49,17,-5,85
2982990,64,86,8,77
2983500,69,22,1,76
2984010,84,32,-1,77
2984520,40,42,-6,83
2985030,68,9,10,73
2985540,42,19,-8,81
2986050,43,71,3,78
2986560,71,38,0,78
2987070,27,57,-1,79
2987580,28,24,-2,81
2988090,56,93,5,76
2988600,61,18,-1,77
2989110,76,28,1,76
2989620,32,38,-12,88
2990130,60,5,12,76
2990640,61,15,2,74
2991150,68,25,-6,80
2991660,93,35,5,75
2992170,75,45,-5,80
2992680,31,64,1,79
2993190,59,31,3,76
2993700,84,100,5,71
2994210,66,25,-11,82
2994720,91,35,7,75
2995230,73,45,-6,81
2995740,29,64,3,78
2996250,32,31,-6,84
2996760,60,100,10,74
2997270,65,25,-5,79
2997780,90,35,1,78
2998290,72,45,-1,79
2998800,97,64,1,78
2999310,53,91,5,73
2999820,58,16,-7,80
3000330,59,26,-2,82
3000840,84,95,5,77
3001350,66,20,-3,80
3001860,22,30,1,79
3002370,50,99,-2,81
3002880,51,39,-2,83
3003390,12,6,-1,84
3003900,4,75,2,82
3004410,49,15,1,81
3004920,50,25,-3,84
3005430,11,94,6,78
3005940,99,19,-4,82
3006450,73,29,3,79
3006960,29,39,0,79
3007470,57,6,1,78
3007980,58,16,6,72
3008490,73,26,-7,79
3009000,29,36,-4,83
3009510,57,3,7,76
3010020,58,13,-1,77
3010530,59,23,-7,84
3011040,84,92,7,77
3011550,66,17,-2,79
3012060,81,27,11,68
3012570,37,54,-15,83
3013080,65,21,3,80
3013590,21,31,1,79
3014100,63,100,4,75
3014610,68,25,-2,77
3015120,93,35,-3,80
3015630,75,62,-1,81
3016140,31,89,-1,82
3016650,32,38,2,80
3017160,60,5,1,79
3017670,61,15,4,75
3018180,76,25,2,73
3018690,32,35,-11,84
3019200,60,2,7,77
3019710,61,12,0,77
3020220,62,22,-2,79
3020730,87,32,8,71
3021240,69,42,-10,81
3021750,94,61,-2,83
3022260,50,88,4,79
3022770,51,55,-6,85
3023280,79,22,13,72
3023790,35,32,-7,79
3024300,63,101,-1,80
3024810,45,26,0,80
3025320,6,95,-8,88
3025830,87,45,12,76
3026340,43,55,-2,78
3026850,71,22,-1,79
3027360,96,32,3,76
3027870,52,59,-8,84
3028380,80,26,4,80
3028890,3,36,1,79
3029400,67,27,2,77
3029910,92,37,-5,82
3030420,48,64,2,80
3030930,76,31,7,73
3031440,32,41,-9,82
3031950,60,8,1,81
3032460,61,18,4,77
3032970,86,28,3,74
3033480,42,55,-7,81
3033990,70,22,-4,85
3034500,95,32,7,78
3035010,51,59,-7,85
3035520,79,26,11,74
3036030,35,53,-7,81
3036540,63,20,3,78
3037050,88,30,8,70
3037560,70,57,-9,79
3038070,31,24,-3,82
3038580,59,93,4,78
3039090,64,18,0,78
3039600,89,28,5,73
3040110,71,55,-5,78
3040620,27,22,-4,82
3041130,55,91,10,72
3041640,60,16,-4,76
3042150,85,26,2,74
3042660,41,53,-6,80
3043170,69,20,7,73
3043680,94,30,-8,81
3044190,50,57,7,74
3044700,78,24,2,72
3045210,34,34,-13,85
3045720,62,1,8,77
3046230,63,11,-2,79
3046740,37,21,-6,85
3047250,38,90,5,80
3047760,39,30,-6,86
3048270,67,99,8,78
3048780,49,24,-4,82
3049290,50,93,4,78
3049800,51,33,-7,85
3050310,79,0,14,71
3050820,53,10,-6,77
3051330,54,20,-2,79
3051840,79,89,3,76
3052350,61,14,2,74
3052860,17,24,-8,82
3053370,45,93,7,75
3053880,46,33,-8,83
3054390,7,0,9,74
3054900,64,13,-1,75
3055410,79,23,5,70
3055920,35,33,-13,83
3056430,63,0,11,72
3056940,37,19,-15,87
3057450,100,88,13,74
3057960,82,34,-3,77
3058470,38,44,-4,81
3058980,66,11,7,74
3059490,67,21,-4,78
3060000,92,31,5,73
3060510,74,58,-11,84
3061020,30,25,2,82
3061530,95,94,7,75
3062040,77,19,-1,76
3062550,51,29,-3,79
3063060,76,98,9,70
3063570,58,23,-5,75
3064080,83,92,-1,76
3064590,65,17,-2,78
3065100,90,27,5,73
3065610,72,54,-8,81
3066120,97,21,5,76
3066630,71,48,-3,79
3067140,96,15,-3,82
3067650,70,25,3,79
3068160,95,35,1,78
3068670,51,62,3,75
3069180,79,29,1,74
3069690,35,39,-10,84
3070200,63,6,3,81
3070710,64,16,3,78
3071220,20,26,3,75
3071730,2,95,-2,77
3072240,47,84,0,77
3072750,75,51,-4,81
3073260,31,18,-3,84
3073770,94,87,11,73
3074280,76,33,-3,76
3074790,32,52,-4,80
3075300,60,19,2,78
3075810,85,29,6,72
3076320,69,39,-6,78
3076830,94,58,-5,83
3077340,50,85,2,81
3077850,78,10,3,78
3078360,52,20,0,78
3078870,77,89,1,77
3079380,59,14,0,77
3079890,74,24,2,75
3080400,30,34,-3,78
3080910,72,1,5,73
3081420,46,20,-5,78
3081930,71,89,2,76
3082440,53,14,3,73
3082950,54,25,-9,82
3083460,79,94,0,82
3083970,61,19,4,78
3084480,86,29,7,71
3084990,42,56,-7,78
3085500,70,23,7,71
3086010,26,33,-14,85
3086520,54,0,5,80
3087030,55,74,4,76
3087540,37,41,-5,81
3088050,65,8,1,80
3088560,39,18,-8,88
3089070,0,87,5,83
3089580,81,27,10,73
3090090,37,37,-8,81
3090600,65,4,6,75
3091110,39,14,-10,85
3091620,40,83,7,78
3092130,41,50,-9,87
3092640,69,17,12,75
3093150,25,36,-9,84
3093660,67,40,6,78
3094170,92,7,1,77
3094680,68,17,3,74
3095190,93,27,-2,76
3095700,75,54,-5,81
3096210,100,21,7,74
3096720,74,48,-10,84
3097230,99,15,7,77
3097740,73,42,-7,84
3098250,98,9,7,77
3098760,72,19,0,77
3099270,97,29,2,75
3099780,79,56,-4,79
3100290,35,23,-5,84
3100800,98,92,8,76
3101310,80,38,-5,81
3101820,36,65,2,79
3102330,64,32,-2,81
3102840,89,101,4,77
3103350,71,26,1,76
3103860,96,36,0,76
3104370,78,63,-6,82
3104880,39,9,-4,86
3105390,16,20,5,81
3105900,68,89,0,81
3106410,50,25,-2,83
3106920,11,94,4,79
3107430,22,83,0,79
3107940,33,97,1,78
3108450,34,22,-3,81
3108960,97,91,6,75
3109470,79,37,-1,76
3109980,2,21,-8,84
3110490,66,18,9,75
3111000,91,28,-2,77
3111510,73,55,-3,80
3112020,98,22,5,75
3112530,72,49,-4,79
3113040,97,16,8,71
3113550,73,43,-1,72
3114060,29,62,-8,80
3114570,57,29,-9,89
3115080,82,40,11,78
3115590,38,101,-1,79
3116100,39,41,-8,87
3116610,67,8,13,74
3117120,41,18,-15,89
3117630,42,29,11,78
3118140,3,98,5,73
3118650,84,87,-1,74
3119160,66,12,-3,77
3119670,91,22,-3,80
3120180,65,49,-3,83
3120690,26,16,0,83
3121200,89,85,5,78
3121710,71,31,5,73
3122220,27,50,-8,81
3122730,55,17,-2,83
3123240,80,28,10,73
3123750,36,38,-8,81
3124260,64,5,2,79
3124770,65,15,0,79
3125280,90,25,4,75
3125790,72,52,-2,77
3126300,28,19,-2,79
3126810,91,8,-7,86
3127320,65,18,12,74
3127830,21,28,-6,80
3128340,49,97,8,72
3128850,50,37,-14,86
3129360,45,4,3,83
3129870,46,29,0,83
3130380,7,98,6,77
3130890,88,87,7,70
3131400,70,12,-7,77
3131910,85,22,-3,80
3132420,59,49,-6,86
3132930,20,16,3,83
3133440,83,85,4,79
3133950,65,10,1,78
3134460,90,20,6,72
3134970,64,47,-6,78
3135480,25,14,-5,83
3135990,88,83,7,76
3136500,44,29,2,74
3137010,5,98,-2,76
3137520,86,87,6,70
3138030,68,33,-9,79
3138540,93,44,11,68
3139050,49,71,-12,80
3139560,77,38,5,75
3140070,33,65,-10,85
3140580,61,32,3,82
3141090,86,43,5,77
3141600,42,70,-6,83
3142110,70,37,7,76
3142620,26,48,-12,88
3143130,54,15,7,81
3143640,79,26,6,75
3144150,35,53,-6,81
3144660,63,20,3,78
3145170,88,81,-7,85
3145680,44,27,-1,86
3146190,5,50,7,79
3146700,15,41,-1,80
3147210,43,8,-7,87
3147720,44,19,4,83
3148230,45,88,9,74
3148740,46,28,-2,76
3149250,7,97,-2,78
3149760,88,86,5,73
3150270,70,32,-4,77
3150780,26,101,-7,84
3151290,37,26,0,84
3151800,100,95,4,80
3152310,82,41,3,77
3152820,38,25,-3,80
3153330,101,94,7,73
3153840,83,40,-8,81
3154350,39,24,-1,82
3154860,0,93,-2,84
3155370,81,18,11,73
3155880,55,45,-9,82
3156390,16,12,1,81
3156900,79,81,1,80
3157410,61,27,-4,84
3157920,86,38,11,73
3158430,42,65,-11,84
3158940,70,32,9,75
3159450,26,101,-11,86
3159960,37,26,3,83
3160470,100,95,2,81
3160980,82,41,2,79
3161490,38,25,-5,84
3162000,101,94,12,72
3162510,83,40,-6,78
3163020,39,24,3,75
3163530,0,93,-2,77
3164040,81,18,8,69
3164550,55,45,-7,76
3165060,16,12,-2,78
3165570,8,81,3,75
3166080,89,21,0,75
3166590,63,6,2,73
3167100,37,16,-10,83
3167610,38,27,-1,84
3168120,66,96,13,71
3168630,48,21,-11,82
3169140,73,32,12,70
3169650,29,16,-8,78
3170160,92,85,1,77
3170670,48,31,0,77
3171180,9,100,-1,78
3171690,90,89,5,73
3172200,72,35,-3,76
3172710,28,19,-3,79
3173220,91,88,4,75
3173730,73,34,-3,78
3174240,29,18,-6,84
3174750,92,87,10,74
3175260,48,33,-6,80
3175770,9,0,1,79
3176280,1,11,-3,82
3176790,65,8,10,72
3177300,39,18,-13,85
3177810,40,29,3,82
3178320,1,98,4,78
3178830,82,87,4,74
3179340,64,12,-1,75
3179850,79,22,5,70
3180360,35,49,-10,80
3180870,63,16,-2,82
3181380,70,26,4,78
3181890,26,36,-2,80
3182400,53,3,3,77
3182910,54,13,-3,80
3183420,55,23,-4,84
3183930,80,34,6,78
3184440,36,61,-1,79
3184950,64,28,5,74
3185460,89,55,-1,75
3185970,45,82,1,74
3186480,46,49,-5,79
3186990,74,16,7,72
3187500,48,26,-6,78
3188010,9,95,-7,85
3188520,90,35,10,75
3189030,46,62,-6,81
3189540,74,29,4,77
3190050,30,56,-5,82
3190560,58,23,-1,83
3191070,83,34,10,73
3191580,39,61,-3,76
3192090,67,28,0,76
3192600,92,12,-5,81
3193110,68,39,7,74
3193620,24,50,-4,78
3194130,52,17,-5,83
3194640,77,28,5,78
3195150,33,55,-4,82
3195660,75,22,8,74
3196170,31,32,-9,83
3196680,59,101,3,80
3197190,83,88,8,72
3197700,65,13,-1,73
3198210,72,23,-1,74
3198720,28,50,-7,81
3199230,56,17,1,80
3199740,81,28,5,75
3200250,37,55,-8,83
3200760,65,22,7,76
3201270,21,33,-2,78
3201780,63,0,5,73
3202290,64,19,-2,75
3202800,89,29,-3,78
3203310,45,56,-3,81
3203820,73,23,7,74
3204330,29,33,-5,79
3204840,71,0,7,72
3205350,45,10,-13,85
3205860,46,21,2,83
3206370,71,32,7,76
3206880,27,51,-4,80
3207390,55,18,0,80
3207900,49,29,-1,81
3208410,10,40,-1,82
3208920,5,31,-3,85
3209430,15,22,6,79
3209940,67,91,-2,81
3210450,49,58,-4,85
3210960,77,25,6,79
3211470,33,35,-2,81
3211980,61,2,12,69
3212490,35,12,-17,86
3213000,36,23,3,83
3213510,99,92,2,81
3214020,55,38,-4,85
3214530,16,65,3,82
3215040,26,56,-2,84
3215550,54,23,0,84
3216060,79,34,5,79
3216570,35,18,-7,86
3217080,36,87,6,80
3217590,37,27,-4,84
3218100,65,96,4,80
3218610,89,21,5,75
3219120,65,48,-10,85
3219630,26,15,-6,91
3220140,18,84,4,87
3220650,28,24,2,85
3221160,56,93,10,75
3221670,80,80,2,73
3222180,36,26,-6,79
3222690,99,95,3,76
3223200,55,41,-8,84
3223710,16,8,5,79
3224220,8,77,-3,82
3224730,18,17,3,79
3225240,81,86,4,75
3225750,63,11,0,75
3226260,39,21,-9,84
3226770,40,32,6,78
3227280,68,101,1,77
3227790,50,26,-3,80
3228300,11,37,-4,84
3228810,6,4,3,81
3229320,101,15,6,75
3229830,77,42,-4,79
3230340,33,26,-1,80
3230850,61,95,7,73
3231360,43,41,-11,84
3231870,71,8,13,71
3232380,47,18,-10,81
3232890,48,29,-2,83
3233400,49,40,1,82
3233910,77,7,6,76
3234420,53,17,-2,78
3234930,54,28,-2,80
3235440,79,39,5,75
3235950,35,23,-10,85
3236460,36,92,2,83
3236970,37,32,2,81
3237480,65,101,4,77
3237990,47,41,-9,86
3238500,75,8,10,76
3239010,51,18,-7,83
3239520,58,90,3,80
3240030,82,95,1,79
3240540,64,20,7,72
3241050,71,30,-7,79
3241560,27,40,-4,83
3242070,55,7,7,76
3242580,56,17,3,73
3243090,63,28,-9,82
3243600,19,39,-2,84
3244110,14,6,7,77
3244620,6,75,-6,83
3245130,16,15,2,81
3245640,8,84,4,77
3246150,89,24,-3,80
3246660,65,51,-5,85
3247170,26,18,1,84
3247680,27,87,3,81
3248190,38,27,-1,82
3248700,101,96,8,74
3249210,57,42,-5,79
3249720,18,9,-5,84
3250230,10,78,4,80
3250740,20,18,1,79
3251250,83,87,7,72
3251760,65,33,-12,84
3252270,90,44,3,81
3252780,46,71,0,81
3253290,72,38,-4,85
3253800,28,49,3,82
3254310,56,16,3,79
3254820,57,27,-2,81
3255330,82,38,5,76
3255840,38,30,-2,78
3256350,66,99,4,74
3256860,90,45,-4,78
3257370,46,29,-6,84
3257880,7,40,2,82
3258390,2,31,4,78
3258900,12,22,11,67
3259410,5,91,-14,81
3259920,86,31,6,75
3260430,42,58,-8,83
3260940,84,25,14,69
3261450,60,52,-11,80
3261960,21,19,-2,82
3262470,13,88,3,79
3262980,23,77,-3,82
3263490,34,66,0,82
3264000,62,33,3,79
3264510,87,44,-4,83
3265020,43,71,7,76
3265530,71,38,-5,81
3266040,27,22,-1,82
3266550,90,91,9,73
3267060,72,16,-3,76
3267570,48,26,-7,83
3268080,49,37,5,78
3268590,10,4,-5,83
3269100,2,15,6,77
3269610,99,12,-1,78
3270120,75,39,-3,81
3270630,31,23,1,80
3271140,94,92,3,77
3271650,76,17,4,73
3272160,52,27,-10,83
3272670,13,38,7,76
3273180,89,5,-3,79
3273690,65,15,5,74
3274200,72,25,0,74
3274710,28,24,-9,83
3275220,91,93,6,77
3275730,73,60,-1,78
3276240,29,6,-5,83
3276750,30,17,-1,84
3277260,31,86,3,81
3277770,32,26,-3,84
3278280,95,95,6,78
3278790,77,20,6,72
3279300,53,30,-7,79
3279810,14,41,-6,85
3280320,9,8,9,76
3280830,2,77,1,75
3281340,83,17,4,71
3281850,59,27,-8,79
3282360,84,38,3,76
3282870,40,22,-3,79
3283380,41,91,2,77
3283890,42,31,-10,87
3284400,70,100,15,72
3284910,52,25,-7,79
3285420,53,36,-3,82
3285930,14,3,2,80
3286440,6,14,3,77
3286950,58,83,-4,81
3287460,40,50,3,78
3287970,68,17,3,75
3288480,75,27,-2,77
3288990,31,54,-4,81
3289500,59,21,9,72
3290010,15,20,-8,80
3290520,8,89,0,80
3291030,89,78,-3,83
3291540,45,3,10,73
3292050,46,13,-10,83
3292560,47,24,4,79
3293070,8,35,2,77
3293580,3,26,-2,79
3294090,100,23,1,78
3294600,76,50,-3,81
3295110,32,61,-3,84
3295620,60,28,4,80
3296130,85,39,6,74
3296640,41,66,-8,82
3297150,69,33,6,76
3297660,25,44,-4,80
3298170,53,11,3,77
3298680,54,22,-2,79
3299190,10,33,1,78
3299700,5,0,1,77
3300210,100,11,-4,81
3300720,76,21,5,76
3301230,52,31,-3,79
3301740,13,42,-3,82
3302250,21,9,-3,85
3302760,13,78,3,82
3303270,23,18,1,81
3303780,86,87,-6,87
3304290,68,12,11,76
3304800,75,22,5,71
3305310,31,49,-5,76
3305820,13,16,3,73
3306330,6,85,-3,76
3306840,87,25,3,73
3307350,63,52,-11,84
3307860,24,19,3,81
3308370,87,88,7,74
3308880,69,13,1,73
3309390,45,23,-10,83
3309900,46,34,3,80
3310410,7,1,-5,85
3310920,101,12,-1,86
3311430,77,22,13,73
3311940,33,49,-7,80
3312450,61,16,5,75
3312960,68,27,-4,79
3313470,24,38,-2,81
3313980,17,5,6,75
3314490,9,16,-2,77
3315000,61,85,2,75
3315510,43,10,-9,84
3316020,44,21,0,84
3316530,45,32,4,80
3317040,6,101,4,76
3317550,84,90,2,74
3318060,66,15,-1,75
3318570,54,25,-9,84
3319080,55,36,-1,85
3319590,16,47,1,84
3320100,26,14,6,78
3320610,89,83,3,75
3321120,71,8,-2,77
3321630,47,18,-3,80
3322140,62,29,2,78
3322650,87,40,1,77
3323160,43,24,-5,82
3323670,44,35,1,81
3324180,5,2,8,73
3324690,100,13,-3,76
3325200,76,23,-1,77
3325710,0,33,0,77
3326220,10,24,3,74
3326730,5,93,-4,78
3327240,86,43,-2,80
3327750,42,27,-8,88
3328260,43,96,17,71
3328770,25,36,-15,86
3329280,59,3,12,74
3329790,60,13,2,72
3330300,67,23,-6,78
3330810,23,34,-2,80
3331320,51,1,5,75
3331830,52,11,-6,81
3332340,53,22,1,80
3332850,78,33,1,79
3333360,34,32,-8,87
3333870,62,101,12,75
3334380,44,26,-9,84
3334890,45,37,-2,86
3335400,6,81,1,85
3335910,16,31,8,77
3336420,9,100,3,74
3336930,90,89,3,71
3337440,72,35,-6,77
3337950,28,46,-7,84
3338460,56,13,3,81
3338970,57,24,-1,82
3339480,82,35,6,76
3339990,38,34,-2,78
3340500,101,1,0,78
3341010,77,11,4,74
3341520,53,21,-8,82
3342030,78,32,9,73
3342540,34,31,-10,83
3343050,62,100,11,72
3343560,44,25,-18,90
3344070,45,36,10,80
3344580,6,3,4,76
3345090,101,0,-3,79
3345600,77,10,7,72
3346110,53,20,-7,79
3346620,78,31,3,76
3347130,34,30,-7,83
3347640,62,99,11,72
3348150,44,35,-13,85
3348660,5,46,6,79
3349170,15,37,-3,82
3349680,25,4,-1,83
3350190,26,15,0,83
3350700,89,26,7,76
3351210,45,53,-2,78
3351720,79,20,4,74
3352230,55,30,-1,75
3352740,80,41,-2,77
3353250,36,52,-7,84
3353760,70,19,7,77
3354270,77,29,-2,79
3354780,33,28,1,78
3355290,61,97,3,75
3355800,43,25,-11,86
3356310,44,36,6,80
3356820,72,3,6,74
3357330,48,13,-1,75
3357840,49,24,-5,80
3358350,74,35,3,77
3358860,30,46,-7,84
3359370,64,13,7,77
3359880,79,23,3,74
3360390,94,33,-5,79
3360900,76,60,-1,80
3361410,32,44,-2,82
3361920,11,11,5,77
3362430,4,55,-3,80
3362940,14,84,1,79
3363450,24,25,-4,83
3363960,58,94,5,78
3364470,82,81,-1,79
3364980,64,27,0,79
3365490,89,38,8,71
3366000,71,65,-9,80
3366510,32,11,-4,84
3367020,33,22,1,83
3367530,34,91,2,81
3368040,35,80,-5,86
3368550,63,67,5,81
3369060,42,34,-4,85
3369570,70,1,13,72
3370080,46,11,-11,83
3370590,47,22,-1,84
3371100,62,33,1,83
3371610,87,44,8,75
3372120,43,28,-4,79
3372630,4,39,-3,82
3373140,14,30,1,81
3373650,24,99,0,81
3374160,35,88,-3,84
3374670,36,28,3,81
3375180,99,97,0,81
3375690,81,22,4,77
3376200,57,32,-4,81
3376710,82,43,2,79
3377220,38,27,2,77
3377730,58,96,3,74
3378240,40,32,-10,84
3378750,1,101,8,76
3379260,82,90,0,76
3379770,64,15,-6,82
3380280,79,25,7,75
3380790,35,35,-6,81
3381300,69,2,4,77
3381810,43,12,-10,87
3382320,44,23,8,79
3382830,45,34,-2,81
3383340,73,1,6,75
3383850,49,76,-3,78
3384360,77,43,3,75
3384870,33,27,-3,78
3385380,88,96,10,68
3385890,70,21,-8,76
3386400,85,31,3,73
3386910,67,30,-6,79
3387420,92,41,0,79
3387930,48,68,-2,81
3388440,76,35,6,75
3388950,32,46,-5,80
3389460,60,13,2,78
3389970,75,23,0,78
3390480,90,33,6,72
3390990,72,60,-10,82
3391500,9,44,7,75
3392010,19,35,-6,81
3392520,47,2,2,79
3393030,48,15,-4,83
3393540,49,26,10,73
3394050,74,37,-4,77
3394560,30,21,-10,87
3395070,93,90,9,78
3395580,75,36,-4,82
3396090,100,47,5,77
3396600,56,74,-3,80
3397110,35,41,-2,82
3397620,63,8,5,77
3398130,70,18,3,74
3398640,85,28,0,74
3399150,67,55,-9,83
3399660,28,22,6,77
3400170,91,33,4,73
3400680,73,60,-7,80
3401190,29,44,-2,82
3401700,57,11,10,72
3402210,58,21,-4,76
3402720,83,32,2,74
3403230,39,42,-7,81
3403740,67,9,5,76
3404250,82,19,5,71
3404760,58,46,-5,76
3405270,19,13,-3,79
3405780,82,82,-2,81
3406290,64,7,0,81
3406800,65,17,6,75
3407310,80,27,-2,77
3407820,36,37,-5,82
3408330,64,4,6,76
3408840,38,14,-6,82
3409350,39,25,1,81
3409860,40,36,4,77
3410370,68,3,3,74
3410880,42,13,-10,84
3411390,43,92,7,77
3411900,44,32,-1,78
3412410,5,43,2,76
3412920,15,34,-6,82
3413430,25,1,2,80
3413940,26,50,1,79
3414450,54,17,4,75
3414960,79,28,6,69
3415470,61,55,-11,80
3415980,22,1,-1,81
3416490,23,12,-6,87
3417000,86,23,11,76
3417510,68,50,-2,78
3418020,29,61,1,77
3418530,57,28,-1,78
3419040,82,39,5,73
3419550,38,66,-10,83
3420060,66,33,6,77
3420570,91,44,2,75
3421080,47,71,-3,78
3421590,29,38,-9,87
3422100,63,5,13,74
3422610,73,15,-1,75
3423120,47,25,-1,76
3423630,8,36,-4,80
3424140,18,27,3,77
3424650,99,96,4,73
3425160,81,42,-1,74
3425670,37,58,-8,82
3426180,65,25,-5,87
3426690,90,36,14,73
3427200,72,63,-11,84
3427710,33,9,2,82
3428220,34,20,0,82
3428730,35,31,0,82
3429240,98,100,1,81
3429750,80,46,1,80
3430260,36,57,3,77
3430770,15,24,1,76
3431280,8,93,0,76
3431790,89,43,1,75
3432300,71,53,-9,84
3432810,32,64,-1,85
3433320,60,31,10,75
3433830,85,42,-3,78
3434340,41,52,0,78
3434850,69,19,4,74
3435360,25,29,-7,81
3435870,59,98,11,70
3436380,41,34,-16,86
3436890,69,1,13,73
3437400,43,11,-13,86
3437910,44,22,8,78
3438420,69,33,0,78
3438930,94,44,4,74
3439440,50,71,-13,87
3439950,78,38,7,80
3440460,34,48,3,77
3440970,62,15,-1,78
3441480,77,25,5,73
3441990,59,35,-10,83
3442500,20,46,0,83
3443010,30,13,3,80
3443520,31,24,-3,83
3444030,94,93,9,74
3444540,76,39,-3,77
3445050,32,51,-4,81
3445560,60,18,1,80
3446070,85,29,9,71
3446580,67,56,-16,87
3447090,28,23,3,84
3447600,91,92,13,71
3448110,73,38,-9,80
3448620,29,49,-1,81
3449130,63,16,5,76
3449640,78,26,3,73
3450150,14,53,-4,77
3450660,24,44,0,77
3451170,58,11,0,77
3451680,59,21,3,74
3452190,84,32,0,74
3452700,40,42,-11,85
3453210,68,9,10,75
3453720,42,19,-13,88
3454230,43,30,9,79
3454740,44,41,-3,82
3455250,5,8,1,81
3455760,57,5,6,75
3456270,96,15,-3,78
3456780,72,25,4,74
3457290,28,35,-7,81
3457800,62,2,9,72
3458310,36,12,-12,84
3458820,37,23,2,82
3459330,38,34,2,80
3459840,66,1,7,73
3460350,40,11,-15,88
3460860,41,37,5,83
3461370,61,4,8,75
3461880,62,14,-4,79
3462390,63,24,3,76
3462900,88,34,2,74
3463410,70,61,-3,77
3463920,52,7,-4,81
3464430,53,17,1,80
3464940,78,28,8,72
3465450,60,38,-16,88
3465960,85,49,10,78
3466470,41,59,-2,80
3466980,75,26,8,72
3467490,100,36,-9,81
3468000,82,63,1,80
3468510,38,64,-5,85
3469020,66,31,4,81
3469530,91,42,6,75
3470040,73,43,-9,84
3470550,98,54,11,73
3471060,80,55,-6,79
3471570,36,56,-5,84
3472080,64,23,8,76
3472590,89,33,0,76
3473100,71,43,-4,80
3473610,96,54,0,80
3474120,52,55,1,79
3474630,31,22,-1,80
3475140,34,91,1,79
3475650,35,80,-1,80
3476160,36,67,1,79
3476670,37,34,-2,81
3477180,100,1,8,73
3477690,76,11,-4,77
3478200,50,21,-11,88
3478710,51,32,10,78
3479220,12,43,-4,82
3479730,22,34,-1,83
3480240,56,1,7,76
3480750,57,11,0,76
3481260,64,21,-7,83
3481770,89,31,10,73
3482280,71,58,-15,88
3482790,32,25,6,82
3483300,95,94,8,74
3483810,77,40,-8,82
3484320,33,51,-3,85
3484830,61,18,9,76
3485340,86,28,5,71
3485850,68,38,-10,81
3486360,93,49,-1,82
3486870,49,50,3,79
3487380,69,17,6,73
3487890,94,27,0,73
3488400,76,54,-8,81
3488910,101,66,-3,84
3489420,57,67,0,84
3489930,91,34,11,73
3490440,73,61,-8,81
3490950,34,7,-5,86
3491460,35,18,8,78
3491970,36,29,-5,83
3492480,99,98,2,81
3492990,81,44,1,80
3493500,37,54,-5,85
3494010,71,21,3,82
3494520,96,31,5,77
3495030,78,58,-1,78
3495540,1,4,1,77
3496050,92,1,-7,84
3496560,68,11,10,74
3497070,72,21,3,71
3497580,97,31,-7,78
3498090,79,58,-2,80
3498600,35,59,-4,84
3499110,63,26,10,74
3499620,88,37,-3,77
3500130,70,64,-1,78
3500640,52,10,-8,86
3501150,53,20,6,80
3501660,78,31,3,77
3502170,1,41,-1,78
3502680,11,32,-6,84
3503190,21,101,1,83
3503700,32,90,0,83
3504210,33,79,4,79
3504720,34,68,-1,80
3505230,62,35,1,79
3505740,87,46,2,77
3506250,43,47,-8,85
3506760,63,14,8,77
3507270,78,24,4,73
3507780,60,34,-12,85
3508290,85,45,7,78
3508800,41,46,-10,88
3509310,2,13,6,82
3509820,66,10,3,79
3510330,70,20,2,77
3510840,95,30,-6,83
3511350,77,57,3,80
3511860,33,40,-7,87
3512370,67,7,14,73
3512880,41,17,-13,86
3513390,42,28,9,77
3513900,3,39,-4,81
3514410,13,30,-2,83
3514920,23,99,-3,86
3515430,34,88,0,86
3515940,35,77,8,78
3516450,63,44,-3,81
3516960,88,55,2,79
3517470,44,56,-3,82
3517980,72,23,4,78
3518490,97,33,2,76
3519000,79,60,-4,80
3519510,2,61,2,78
3520020,12,11,2,76
3520530,77,80,-7,83
3521040,59,47,0,83
3521550,20,14,2,81
3522060,83,83,1,80
3522570,65,50,2,78
3523080,26,17,0,78
3523590,89,86,7,71
3524100,71,32,-13,84
3524610,96,43,8,76
3525120,52,70,-9,85
3525630,86,37,1,84
3526140,68,47,4,80
3526650,93,58,5,75
3527160,49,59,-6,81
3527670,77,26,9,72
3528180,0,53,-5,77
3528690,10,82,-1,78
3529200,91,32,4,74
3529710,73,59,-5,79
3530220,34,60,-6,85
3530730,62,27,5,80
3531240,16,38,-7,87
3531750,26,5,4,83
3532260,27,16,-3,86
3532770,90,85,-6,92
3533280,72,31,9,83
3533790,97,42,0,83
3534300,79,69,1,82
3534810,61,70,1,81
3535320,95,37,2,79
3535830,77,64,-1,80
3536340,59,65,-4,84
3536850,93,32,10,74
3537360,75,59,-6,80
3537870,36,60,3,77
3538380,70,27,1,76
3538890,26,43,-4,80
3539400,60,10,-2,82
3539910,61,20,7,75
3540420,86,36,2,73
3540930,42,63,-7,80
3541440,70,30,4,76
3541950,95,46,-1,77
3542460,77,47,-1,78
3542970,33,48,-2,80
3543480,61,15,4,76
3543990,86,25,2,74
3544500,68,52,-8,82
3545010,29,19,-4,86
3545520,92,88,12,74
3546030,74,34,-1,75
3546540,99,50,0,75
3547050,55,51,-4,79
3547560,75,18,10,69
3548070,57,28,-13,82
3548580,82,39,3,79
3549090,38,55,-6,85
3549600,72,76,0,85
3550110,54,43,5,80
3550620,15,10,3,77
3551130,78,79,-3,80
3551640,60,79,2,78
3552150,80,46,1,77
3552660,36,47,-4,81
3553170,70,14,3,78
3553680,95,24,-2,80
3554190,77,51,2,78
3554700,67,52,-7,85
3555210,28,19,3,82
3555720,42,88,5,77
3556230,47,55,-5,82
3556740,81,22,10,72
3557250,37,49,-9,81
3557760,71,16,10,71
3558270,53,26,-9,80
3558780,78,37,5,75
3559290,34,53,-6,81
3559800,68,20,4,77
3560310,93,30,1,76
3560820,75,31,-1,77
3561330,31,47,-6,83
3561840,65,14,8,75
3562350,47,24,-10,85
3562860,72,35,7,78
3563370,97,54,1,77
3563880,53,55,-4,81
3564390,73,22,7,74
3564900,29,32,-3,77
3565410,63,101,3,74
3565920,45,47,-1,75
3566430,79,14,0,75
3566940,61,24,-10,85
3567450,86,35,8,77
3567960,42,51,-4,81
3568470,76,18,9,72
3568980,58,28,-13,85
3569490,83,39,11,74
3570000,39,40,-5,79
3570510,73,7,5,74
3571020,47,17,-6,80
3571530,72,28,3,77
3572040,97,44,3,74
3572550,53,71,-9,83
3573060,87,38,4,79
3573570,43,39,-1,80
3574080,63,6,7,73
3574590,37,16,-15,88
3575100,38,27,9,79
3575610,63,96,5,74
3576120,45,83,-10,84
3576630,73,50,0,84
3577140,29,17,5,79
3577650,92,86,7,72
3578160,74,32,-3,75
3578670,30,48,-8,83
3579180,58,15,2,81
3579690,83,25,6,75
3580200,65,35,-6,81
3580710,90,46,1,80
3581220,46,47,1,79
3581730,66,14,4,75
3582240,91,24,1,74
3582750,73,51,-13,87
3583260,98,18,2,85
3583770,74,28,8,77
3584280,30,44,-2,79
3584790,64,11,5,74
3585300,71,21,-1,75
3585810,96,31,-1,76
3586320,78,58,-7,83
3586830,34,59,3,80
3587340,62,26,0,80
3587850,87,42,3,77
3588360,43,43,-1,78
3588870,77,55,-2,80
3589380,33,56,-3,83
3589890,67,23,11,72
3590400,23,39,-10,82
3590910,57,6,6,76
3591420,58,16,-3,79
3591930,83,26,1,78
3592440,39,53,-5,83
3592950,73,20,8,75
3593460,98,30,4,71
3593970,80,57,-11,82
3594480,3,58,4,78
3594990,13,8,-3,81
3595500,23,77,5,76
3596010,34,66,-2,78
3596520,62,33,-3,81
3597030,87,44,1,80
3597540,43,45,2,78
3598050,68,12,0,78
3598560,93,22,-2,80
3599070,69,49,1,79
3599580,94,16,-3,82
3600090,70,43,-4,86
3600600,95,54,8,78
3601110,51,55,-10,88
3601620,85,22,15,73
3602130,67,32,-5,78
3602640,92,51,-1,79
3603150,48,52,-3,82
3603660,56,19,0,82
3604170,81,35,8,74
3604680,37,51,-4,78
3605190,71,18,2,76
3605700,27,28,-10,86
3606210,61,97,10,76
3606720,43,84,-5,81
3607230,77,51,-6,87
3607740,0,52,8,79
3608250,10,81,-1,80
3608760,91,70,-1,81
3609270,47,71,-1,82
3609780,81,38,8,74
3610290,37,53,-11,85
3610800,71,20,10,75
3611310,27,36,-8,83
3611820,61,3,7,76
3612330,35,13,-11,87
3612840,36,24,5,82
3613350,61,93,3,79
3613860,43,80,3,76
3614370,84,47,-5,81
3614880,40,48,0,81
3615390,74,15,7,74
3615900,30,25,-8,82
3616410,93,94,6,76
3616920,75,61,-5,81
3617430,31,62,-1,82
3617940,65,29,1,81
3618450,90,48,4,77
3618960,46,49,-1,78
3619470,80,16,3,75
3619980,56,43,-8,83
3620490,17,10,-5,88
3621000,80,79,4,84
3621510,62,46,-1,85
3622020,23,13,0,85
3622530,86,82,2,83
3623040,68,83,1,82
3623550,50,50,-1,83
3624060,84,17,9,74
3624570,60,44,-3,77
3625080,21,11,-6,83
3625590,84,80,0,83
3626100,66,42,-3,86
3626610,91,53,7,79
3627120,47,54,3,76
3627630,81,90,0,76
3628140,63,57,-9,85
3628650,24,24,1,84
3629160,58,93,8,76
3629670,40,80,0,76
3630180,74,47,-5,81
3630690,30,66,3,78
3631200,58,33,-9,87
3631710,7,44,6,81
3632220,17,42,-5,86
3632730,51,9,3,83
3633240,52,27,3,80
3633750,77,38,-1,81
3634260,33,57,-4,85
3634770,67,24,7,78
3635280,92,43,-2,80
3635790,48,70,1,79
3636300,82,37,0,79
3636810,38,38,-10,89
3637320,101,5,12,77
3637830,77,15,4,73
3638340,53,42,-12,85
3638850,14,9,5,80
3639360,24,78,-2,82
3639870,52,67,-3,85
3640380,86,34,7,78
3640890,42,35,-6,84
3641400,67,2,8,76
3641910,41,21,-4,80
3642420,52,90,0,80
3642930,76,57,-3,83
3643440,101,58,0,83
3643950,57,59,-1,84
3644460,91,26,11,73
3644970,73,53,-7,80
3645480,98,54,1,79
3645990,54,55,-2,81
3646500,88,22,4,77
3647010,28,49,-2,79
3647520,62,34,-8,87
3648030,87,98,12,75
3648540,69,65,-7,82
3649050,1,27,0,82
3649560,65,24,6,76
3650070,90,40,-2,78
3650580,46,67,2,76
3651090,80,34,0,76
3651600,36,35,-11,87
3652110,70,2,16,71
3652620,46,21,-14,85
3653130,47,90,11,74
3653640,71,77,-8,82
3654150,53,44,1,81
3654660,14,11,1,80
3655170,77,80,5,75
3655680,59,47,-3,78
3656190,20,14,-2,80
3656700,83,83,1,79
3657210,65,50,-7,86
3657720,26,17,3,83
3658230,89,60,-4,87
3658740,45,61,5,82
3659250,79,28,2,80
3659760,35,57,2,78
3660270,69,24,3,75
3660780,94,40,-2,77
3661290,50,67,-2,79
3661800,84,34,8,71
3662310,40,61,-12,83
3662820,74,28,6,77
3663330,30,44,-7,84
3663840,64,11,11,73
3664350,89,21,0,73
3664860,65,48,-11,84
3665370,90,49,8,76
3665880,46,50,-6,82
3666390,80,17,7,75
3666900,3,44,-4,79
3667410,13,56,-4,83
3667920,23,47,3,80
3668430,51,14,2,78
3668940,76,33,-1,79
3669450,101,34,2,77
3669960,83,61,-4,81
3670470,39,62,-4,85
3670980,73,29,10,75
3671490,98,45,-2,77
3672000,54,72,-4,81
3672510,74,39,1,80
3673020,99,58,0,80
3673530,55,59,1,79
3674040,89,26,6,73
3674550,45,53,-10,83
3675060,79,20,11,72
3675570,55,30,-10,82
3676080,80,99,11,71
3676590,62,24,-4,75
3677100,87,43,-3,78
3677610,43,44,0,78
3678120,63,11,0,78
3678630,88,21,3,75
3679140,64,48,-7,82
3679650,89,15,4,78
3680160,65,42,-2,80
3680670,90,9,6,74
3681180,66,36,-12,86
3681690,91,55,9,77
3682200,47,56,3,74
3682710,81,23,-5,79
3683220,57,33,-5,84
3683730,82,0,3,81
3684240,58,19,1,80
3684750,83,38,4,76
3685260,39,65,-3,79
3685770,67,32,-3,82
3686280,92,51,5,77
3686790,48,52,-8,85
3687300,82,19,19,66
3687810,58,46,-18,84
3688320,19,13,4,80
3688830,82,82,0,80
3689340,64,49,-5,85
3689850,89,16,8,77
3690360,65,43,-3,80
3690870,90,10,4,76
3691380,66,37,-6,82
3691890,91,56,6,76
3692400,47,57,-7,83
3692910,81,24,9,74
3693420,37,51,-6,80
3693930,71,18,5,75
3694440,96,37,-1,76
3694950,78,64,-9,85
3695460,34,31,6,79
3695970,59,100,6,73
3696480,41,40,-13,86
3696990,75,7,9,77
3697500,51,26,-2,79
3698010,76,95,4,75
3698520,58,62,-9,84
3699030,92,29,10,74
3699540,74,56,-7,81
3700050,99,57,0,81
3700560,55,58,-1,82
3701070,75,25,9,73
3701580,31,41,-12,85
3702090,65,8,6,79
3702600,90,27,8,71
3703110,46,54,-7,78
3703620,80,21,6,72
3704130,36,48,-10,82
3704640,70,0,3,79
3705150,46,19,-9,88
3705660,61,88,7,81
3706170,43,55,-5,86
3706680,77,22,11,75
3707190,0,49,-3,78
3707700,10,40,-3,81
3708210,20,7,-1,82
3708720,83,76,5,77
3709230,65,77,-3,80
3709740,47,44,-8,88
3710250,81,11,16,72
3710760,57,38,-16,88
3711270,82,5,8,80
3711780,58,24,1,79
3712290,83,43,5,74
3712800,39,62,-9,83
3713310,73,39,11,72
3713820,29,66,-7,79
3714330,57,33,0,79
3714840,82,0,0,79
3715350,58,19,4,75
3715860,83,38,-1,76
3716370,39,39,-8,84
3716880,73,6,7,77
3717390,47,25,-8,85
3717900,72,94,11,74
3718410,54,61,-11,85
3718920,88,28,12,73
3719430,70,55,-6,79
3719940,95,56,0,79
3720450,51,57,-8,87
3720960,85,24,14,73
3721470,67,51,-7,80
3721980,92,52,-2,82
3722490,48,53,1,81
3723000,82,20,9,72
3723510,64,47,-10,82
3724020,89,14,9,73
3724530,65,41,-6,79
3725040,90,60,3,76
3725550,46,61,-4,80
3726060,80,28,5,75
3726570,36,29,-8,83
3727080,61,98,9,74
3727590,43,85,-2,76
3728100,67,52,-2,78
3728610,92,19,3,75
3729120,68,46,-8,83
3729630,93,65,6,77
3730140,49,66,-2,79
3730650,83,33,6,73
3731160,39,34,-8,81
3731670,64,1,8,73
3732180,38,20,-9,82
3732690,101,89,7,75
3733200,57,90,0,75
3733710,39,77,-6,81
3734220,42,44,-3,84
3734730,76,11,6,78
3735240,52,38,-5,83
3735750,77,5,9,74
3736260,53,32,-7,81
3736770,78,101,3,78
3737280,60,68,-3,81
3737790,94,35,3,78
3738300,76,62,-4,82
3738810,32,63,3,79
3739320,60,30,-2,81
3739830,85,49,7,74
3740340,41,50,-1,75
3740850,75,17,-1,76
3741360,31,44,-11,87
3741870,65,11,8,79
3742380,21,30,-4,83
3742890,55,99,6,77
3743400,79,39,1,76
3743910,35,66,-1,77
3744420,38,33,-7,84
3744930,101,0,1,83
3745440,77,19,9,74
3745950,33,46,-3,77
3746460,67,13,4,73
3746970,74,29,1,72
3747480,30,30,-10,82
3747990,64,99,8,74
3748500,46,39,-10,84
3749010,7,6,5,79
3749520,71,75,2,77
3750030,53,42,1,76
3750540,14,9,-5,81
3751050,6,78,0,81
3751560,16,5,-3,84
3752070,8,74,-1,85
3752580,18,1,4,81
3753090,10,12,0,81
3753600,101,81,-6,87
3754110,57,82,7,80
3754620,39,49,-2,82
3755130,73,16,6,76
3755640,29,32,-5,81
3756150,63,101,7,74
3756660,45,41,-7,81
3757170,79,8,6,75
3757680,55,18,-1,76
3758190,11,37,-2,78
3758700,6,4,3,75
3759210,101,73,0,75
3759720,57,14,-2,77
3760230,13,33,-10,87
3760740,23,0,14,73
3761250,15,49,-5,78
3761760,10,40,-1,79
3762270,20,31,-2,81
3762780,88,100,3,78
3763290,70,25,0,78
3763800,26,41,-6,84
3764310,60,8,11,73
3764820,67,27,-5,78
3765330,23,43,-5,83
3765840,57,10,9,74
3766350,64,29,0,74
3766860,20,48,-8,82
3767370,30,15,-4,86
3767880,93,84,9,77
3768390,49,9,-2,79
3768900,50,28,0,79
3769410,75,97,3,76
3769920,65,22,-1,77
3770430,21,38,-7,84
3770940,55,5,10,74
3771450,29,24,-12,86
3771960,92,93,13,73
3772470,74,18,-2,75
3772980,30,45,-9,84
3773490,64,12,9,75
3774000,20,28,-7,82
3774510,54,97,3,79
3775020,36,37,-10,89
3775530,70,4,17,72
3776040,46,23,-20,92
3776550,7,92,9,83
3777060,17,81,2,81
3777570,27,70,1,80
3778080,30,59,-2,82
3778590,64,26,12,70
3779100,20,42,-11,81
3779610,101,9,-1,82
3780120,77,36,6,76
3780630,33,63,-3,79
3781140,67,30,2,77
3781650,23,49,-9,86
3782160,57,16,9,77
3782670,13,32,-3,80
3783180,8,101,6,74
3783690,89,90,0,74
3784200,71,15,2,72
3784710,27,31,-9,81
3785220,61,100,10,71
3785730,43,40,-18,89
3786240,77,7,15,74
3786750,53,34,-5,79
3787260,14,1,0,79
3787770,71,50,-7,86
3788280,27,69,7,79
3788790,30,56,-4,83
3789300,64,26,6,77
3789810,20,45,-3,80
3790320,54,12,0,80
3790830,55,31,0,80
3791340,80,50,4,76
3791850,36,77,-9,85
3792360,39,44,2,83
3792870,73,11,5,78
3793380,49,21,2,76
3793890,74,90,-2,78
3794400,56,15,-2,80
3794910,12,2,6,74
3795420,69,71,-7,81
3795930,48,38,-1,82
3796440,9,5,-2,84
3796950,4,74,2,82
3797460,14,1,6,76
3797970,6,100,2,74
3798480,87,89,-3,77
3798990,69,14,3,74
3799500,25,30,-4,78
3800010,59,99,-3,81
3800520,41,90,-6,87
3801030,44,81,10,77
3801540,78,72,4,73
3802050,34,73,-1,74
3802560,37,40,-4,78
3803070,71,7,3,75
3803580,47,17,-2,77
3804090,72,36,1,76
3804600,28,55,-4,80
3805110,62,22,0,80
3805620,87,41,6,74
3806130,43,68,-8,82
3806640,77,35,5,77
3807150,33,51,-1,78
3807660,101,18,2,76
3808170,77,28,0,76
3808680,33,44,-10,86
3809190,67,11,13,73
3809700,23,27,-3,76
3810210,2,96,-6,82
3810720,12,85,1,81
3811230,22,12,-2,83
3811740,85,81,4,79
3812250,67,6,5,74
3812760,41,16,-8,82
3813270,42,85,10,72
3813780,15,52,-9,81
3814290,25,43,0,81
3814800,59,10,-1,82
3815310,60,29,3,79
3815820,16,48,-1,80
3816330,26,58,-2,82
3816840,94,25,2,80
3817350,50,52,-1,81
3817860,29,19,-3,84
3818370,92,88,8,76
3818880,74,13,-3,79
3819390,30,29,0,79
3819900,64,98,5,74
3820410,46,38,-13,87
3820920,80,5,8,79
3821430,56,15,1,78
3821940,12,34,2,76
3822450,22,1,-5,81
3822960,14,50,-3,84
3823470,24,41,3,81
3823980,58,8,5,76
3824490,59,27,0,76
3825000,15,46,-8,84
3825510,25,37,6,78
3826020,59,4,1,77
3826530,33,14,-7,84
3827040,34,83,1,83
3827550,99,74,6,77
3828060,55,75,-2,79
3828570,21,42,-1,80
3829080,55,9,1,79
3829590,56,25,0,79
3830100,12,44,4,75
3830610,7,35,-5,80
3831120,17,80,-4,84
3831630,28,69,7,77
3832140,31,36,-8,85
3832650,65,3,15,70
3833160,39,13,-20,90
3833670,40,82,7,83
3834180,43,49,6,77
3834690,77,16,3,74
3835200,33,32,-10,84
3835710,67,101,9,75
3836220,49,41,-12,87
3836730,10,8,2,85
3837240,67,77,1,84
3837750,49,44,3,81
3838260,10,11,3,78
3838770,62,80,-1,79
3839280,44,47,-7,86
3839790,78,14,10,76
3840300,34,41,-8,84
3840810,68,8,6,78
3841320,42,18,1,77
3841830,57,87,3,74
3842340,39,54,-10,84
3842850,73,21,8,76
3843360,29,36,-3,79
3843870,63,3,4,75
3844380,37,13,-11,86
3844890,38,82,7,79
3845400,41,49,-7,86
3845910,75,16,9,77
3846420,31,26,-1,78
3846930,94,95,-2,80
3847440,76,20,9,71
3847950,32,36,-8,79
3848460,66,3,7,72
3848970,73,13,-6,78
3849480,29,23,-7,85
3849990,92,92,15,70
3850500,74,17,-9,79
3851010,30,33,-2,81
3851520,50,0,3,78
3852030,51,49,-2,80
3852540,30,16,-1,81
3853050,31,85,-1,82
3853560,32,74,3,79
3854070,33,41,-4,83
3854580,67,8,9,74
3855090,59,18,-8,82
3855600,15,34,0,82
3856110,10,1,3,79
3856620,67,100,6,73
3857130,49,25,-12,85
3857640,74,94,9,76
3858150,56,61,-10,86
3858660,90,28,6,80
3859170,46,55,-2,82
3859680,80,22,8,74
3860190,36,38,-9,83
3860700,70,5,7,76
3861210,44,15,-6,82
3861720,45,26,2,80
3862230,6,26,-8,88
3862740,16,23,7,81
3863250,68,92,3,78
3863760,50,17,-6,84
3864270,51,36,2,82
3864780,12,3,-2,84
3865290,7,0,5,79
3865800,64,99,7,72
3866310,46,39,-8,80
3866820,80,6,6,74
3867330,56,16,-10,84
3867840,57,35,1,83
3868350,18,46,3,80
3868860,13,13,0,80
3869370,65,82,1,79
3869880,47,49,-10,89
3870390,81,16,14,75
3870900,57,43,-12,87
3871410,77,10,10,77
3871920,53,20,-3,80
3872430,68,31,5,75
3872940,24,47,-7,82
3873450,58,14,8,74
3873960,14,30,-7,81
3874470,9,99,10,71
3874980,90,88,-6,77
3875490,72,13,-1,78
3876000,77,23,3,75
3876510,33,39,-7,82
3877020,67,6,6,76
3877530,61,16,-10,86
3878040,62,32,7,79
3878550,18,51,-3,82
3879060,70,42,-3,85
3879570,26,61,6,79
3880080,78,28,4,75
3880590,34,44,-5,80
3881100,68,11,0,80
3881610,69,21,5,75
3882120,25,37,-5,80
3882630,59,4,4,76
3883140,33,10,-3,79
3883650,34,21,-11,90
3884160,54,90,15,75
3884670,59,30,-6,81
3885180,60,49,-5,86
3885690,21,16,7,79
3886200,84,85,3,76
3886710,66,10,-1,77
3887220,60,20,-6,83
3887730,61,39,2,81
3888240,17,50,-2,83
3888750,27,17,0,83
3889260,28,86,-4,87
3889770,29,26,4,83
3890280,49,95,8,75
3890790,50,35,-4,79
3891300,51,2,6,73
3891810,52,12,-3,76
3892320,53,28,-8,84
3892830,78,97,12,72
3893340,60,22,-3,75
3893850,16,38,-2,77
3894360,97,6,-4,81
3894870,73,16,7,74
3895380,29,32,-6,80
3895890,63,101,-2,82
3896400,45,41,-2,84
3896910,79,8,9,75
3897420,55,18,3,72
3897930,56,34,-7,79
3898440,76,45,-5,84
3898950,32,64,3,81
3899460,100,31,-3,84
3899970,56,58,2,82
3900480,35,25,-3,85
3900990,36,94,0,85
3901500,37,83,7,78
3902010,29,50,-8,86
3902520,63,17,13,73
3903030,19,33,-8,81
3903540,87,0,1,80
3904050,63,10,6,74
3904560,89,20,-2,76
3905070,45,47,-7,83
3905580,24,14,4,79
3906090,25,83,5,74
3906600,36,72,-11,85
3907110,37,39,5,80
3907620,71,6,10,70
3908130,47,16,-15,85
3908640,48,27,8,77
3909150,49,96,3,74
3909660,54,36,-9,83
3910170,55,3,8,75
3910680,56,13,-7,82
3911190,57,29,3,79
3911700,13,40,-3,82
3912210,23,7,1,81
3912720,24,76,0,81
3913230,25,65,1,80
3913740,26,32,-1,81
3914250,60,101,7,74
3914760,42,41,-12,86
3915270,76,8,5,81
3915780,52,18,-1,82
3916290,53,29,6,76
3916800,9,40,-5,81
3917310,19,31,-1,82
3917820,87,100,6,76
3918330,69,25,-6,82
3918840,25,41,-3,85
3919350,59,8,8,77
3919860,60,18,2,75
3920370,16,34,-4,79
3920880,68,1,8,71
3921390,44,11,-13,84
3921900,45,22,1,83
3922410,46,91,5,78
3922920,47,80,1,77
3923430,52,47,-2,79
3923940,18,14,0,79
3924450,86,83,1,78
3924960,32,8,-8,86
3925470,33,57,0,86
3925980,67,24,9,77
3926490,23,40,-2,79
3927000,91,7,7,72
3927510,67,34,-2,74
3928020,23,50,-9,83
3928530,57,17,3,80
3929040,13,33,-6,86
3929550,65,0,11,75
3930060,39,10,-12,87
3930570,40,21,2,85
3931080,41,90,7,78
3931590,42,77,0,78
3932100,94,44,0,78
3932610,50,71,-4,82
3933120,0,38,2,80
3933630,10,29,0,80
3934140,5,98,1,79
3934650,86,87,9,70
3935160,42,12,-11,81
3935670,43,23,-1,82
3936180,44,92,4,78
3936690,45,83,8,70
3937200,46,74,-13,83
3937710,98,41,4,79
3938220,54,68,0,79
3938730,4,35,-2,81
3939240,14,26,2,79
3939750,66,95,-2,81
3940260,16,62,2,79
3940770,26,53,-4,83
3941280,78,20,10,73
3941790,34,47,-13,86
3942300,68,14,6,80
3942810,69,30,4,76
3943320,25,46,-10,86
3943830,59,13,8,78
3944340,60,91,3,75
3944850,65,58,-9,84
3945360,44,25,5,79
3945870,1,94,1,78
3946380,82,83,4,74
3946890,38,8,-9,83
3947400,39,80,2,81
3947910,40,47,4,77
3948420,92,14,3,74
3948930,68,41,-6,80
3949440,24,60,-4,84
3949950,25,51,4,80
3950460,77,18,5,75
3950970,33,28,-11,86
3951480,53,97,8,78
3951990,58,88,5,73
3952500,24,75,-1,74
3953010,43,64,-5,79
3953520,9,31,-2,81
3954030,19,22,8,73
3954540,71,91,1,72
3955050,37,58,-12,84
3955560,89,25,10,74
3956070,45,52,-7,81
3956580,24,19,4,77
3957090,44,88,-3,80
3957600,45,79,4,76
3958110,97,46,-3,79
3958620,53,73,-1,80
3959130,3,40,-1,81
3959640,13,31,0,81
3960150,65,100,11,70
3960660,31,87,-13,83
3961170,50,76,5,78
3961680,0,43,-4,82
3962190,10,40,-1,83
3962700,5,31,2,81
3963210,0,28,-4,85
3963720,10,25,7,78
3964230,5,22,-3,81
3964740,86,19,3,78
3965250,60,46,-5,83
3965760,21,13,-2,85
3966270,0,82,11,74
3966780,10,71,-3,77
3967290,20,60,-6,83
3967800,23,51,-2,85
3968310,26,18,5,80
3968820,89,87,8,72
3969330,45,12,-14,86
3969840,46,61,0,86
3970350,98,28,4,82
3970860,54,55,-1,83
3971370,74,22,4,79
3971880,30,38,1,78
3972390,64,5,7,71
3972900,81,15,2,69
3973410,55,42,-12,81
3973920,75,25,5,76
3974430,31,41,-8,84
3974940,65,8,5,79
3975450,66,18,1,78
3975960,22,34,-1,79
3976470,90,1,3,76
3976980,66,11,2,74
3977490,71,21,-3,77
3978000,27,37,-7,84
3978510,61,4,11,73
3979020,35,14,-11,84
3979530,36,83,4,80
3980040,39,74,-3,83
3980550,42,41,8,75
3981060,62,8,-2,77
3981570,63,18,4,73
3982080,88,34,-2,75
3982590,44,35,-11,86
3983100,64,2,12,74
3983610,81,12,-3,77
3984120,82,39,4,73
3984630,38,66,-9,82
3985140,90,33,5,77
3985650,46,60,-7,84
3986160,98,27,6,78
3986670,54,54,-5,83
3987180,74,21,11,72
3987690,30,31,-14,86
3988200,64,100,9,77
3988710,69,87,-8,85
3989220,35,12,6,79
3989730,36,23,-2,81
3990240,33,92,-5,86
3990750,52,81,13,73
3991260,2,68,-8,81
3991770,12,97,6,75
3992280,93,86,-4,79
3992790,49,11,1,78
3993300,50,30,-7,85
3993810,75,41,0,85
3994320,31,60,1,84
3994830,65,27,6,78
3995340,21,43,-6,84
3995850,55,10,5,79
3996360,56,20,-2,81
3996870,81,39,6,75
3997380,37,66,-4,79
3997890,56,33,-1,80
3998400,81,52,0,80
3998910,37,71,-3,83
3999420,56,38,-4,87
3999930,81,5,9,78
4000440,57,15,6,72
4000950,58,31,-6,78
4001460,83,50,3,75
4001970,39,77,-5,80
4002480,58,64,0,80
4002990,8,31,7,73
4003500,3,22,-8,81
4004010,13,19,2,79
4004520,65,88,4,75
4005030,31,13,-9,84
4005540,32,82,7,77
4006050,51,69,-6,83
4006560,1,36,7,76
4007070,11,27,-1,77
4007580,63,96,4,73
4008090,68,21,-3,76
4008600,24,37,-2,78
4009110,76,4,6,72
4009620,50,31,-16,88
4010130,69,100,13,75
4010640,74,25,2,73
4011150,30,35,-15,88
4011660,72,2,16,72
4012170,46,12,-10,82
4012680,47,61,5,77
4013190,99,28,-5,82
4013700,55,55,-5,87
4014210,75,22,14,73
4014720,31,32,-12,85
4015230,51,101,8,77
4015740,56,92,-3,80
4016250,61,83,11,69
4016760,27,8,-20,89
4017270,28,57,5,84
4017780,47,24,6,78
4018290,66,93,-1,79
4018800,32,18,-4,83
4019310,52,87,6,77
4019820,57,74,3,74
4020330,7,41,-8,82
4020840,17,84,-5,87
4021350,9,73,3,84
4021860,19,0,8,76
4022370,11,49,-2,78
4022880,21,40,-3,81
4023390,73,7,10,71
4023900,47,17,-8,79
4024410,72,36,2,77
4024920,28,55,-5,82
4025430,62,22,6,76
4025940,18,38,-5,81
4026450,70,5,5,76
4026960,44,15,-4,80
4027470,45,64,-2,82
4027980,97,31,-5,87
4028490,53,58,2,85
4029000,3,25,4,81
4029510,13,22,3,78
4030020,65,92,1,77
4030530,15,59,0,77
4031040,25,50,-6,83
4031550,77,17,3,80
4032060,33,27,-6,86
4032570,53,96,6,80
4033080,58,87,4,76
4033590,8,74,-6,82
4034100,18,1,5,77
4034610,10,50,-4,81
4035120,20,21,0,81
4035630,40,90,4,77
4036140,59,79,2,75
4036650,25,46,-7,82
4037160,59,13,3,79
4037670,74,23,3,76
4038180,30,50,-1,77
4038690,82,17,6,71
4039200,87,44,-6,77
4039710,43,71,-6,83
4040220,62,38,-5,88
4040730,87,57,10,78
4041240,43,84,2,76
4041750,48,51,-8,84
4042260,68,18,9,75
4042770,24,28,-11,86
4043280,76,97,11,75
4043790,58,22,-12,87
4044300,83,41,11,76
4044810,39,68,2,74
4045320,91,35,-6,80
4045830,47,62,-1,81
4046340,26,29,-3,84
4046850,68,98,9,75
4047360,50,85,-3,78
4047870,0,72,-4,82
4048380,10,101,8,74
4048890,91,90,-1,75
4049400,47,15,-3,78
4049910,66,34,-2,80
4050420,22,53,-1,81
4050930,25,20,-5,86
4051440,4,89,5,81
4051950,14,78,3,78
4052460,24,67,2,76
4052970,43,58,-9,85
4053480,95,25,7,78
4053990,51,52,-1,79
4054500,30,19,-7,86
4055010,50,88,8,78
4055520,55,75,-10,88
4056030,5,42,9,79
4056540,15,33,1,78
4057050,67,0,3,75
4057560,43,10,-3,78
4058070,44,59,-5,83
4058580,96,26,6,77
4059090,52,53,-4,81
4059600,38,20,-3,84
4060110,57,25,-1,85
4060620,82,44,3,82
4061130,38,63,-2,84
4061640,90,30,9,75
4062150,46,57,-1,76
4062660,98,24,-1,77
4063170,74,51,-3,80
4063680,30,52,0,80
4064190,9,19,2,78
4064700,90,88,3,75
4065210,46,13,-3,78
4065720,61,62,-7,85
4066230,81,29,10,75
4066740,37,56,-6,81
4067250,89,23,8,73
4067760,45,50,-4,77
4068270,24,17,-6,83
4068780,44,86,11,72
4069290,49,43,-6,78
4069800,68,10,5,73
4070310,83,20,-3,76
4070820,39,47,-5,81
4071330,18,14,1,80
4071840,38,83,-2,82
4072350,41,50,2,80
4072860,20,17,-1,81
4073370,101,86,5,76
4073880,57,11,-1,77
4074390,72,21,3,74
4074900,28,31,-11,85
4075410,62,100,15,70
4075920,63,19,-3,73
4076430,19,29,0,73
4076940,100,98,-1,74
4077450,82,23,3,71
4077960,38,50,-11,82
4078470,90,17,6,76
4078980,66,44,-8,84
4079490,22,27,3,81
4080000,74,96,4,77
4080510,56,21,-5,82
4081020,81,40,1,81
4081530,37,59,1,80
4082040,16,26,-3,83
4082550,68,95,9,74
4083060,50,20,-11,85
4083570,65,39,3,82
4084080,90,58,2,80
4084590,46,85,9,71
4085100,51,76,-6,77
4085610,56,43,-5,82
4086120,75,10,11,71
4086630,80,20,-5,76
4087140,36,78,1,75
4087650,39,45,-12,87
4088160,18,12,5,82
4088670,28,81,1,81
4089180,47,70,2,79
4089690,99,37,0,79
4090200,55,64,-3,82
4090710,5,31,3,79
4091220,15,22,0,79
4091730,96,91,3,76
4092240,52,16,-3,79
4092750,67,35,1,78
4093260,23,54,0,78
4093770,10,21,-5,83
4094280,91,90,12,71
4094790,73,15,-3,74
4095300,29,25,-3,77
4095810,49,94,0,77
4096320,54,81,3,74
4096830,59,48,-7,81
4097340,78,15,9,72
4097850,34,25,-12,84
4098360,54,94,9,75
4098870,59,85,2,73
4099380,64,52,-11,84
4099890,20,19,5,79
4100400,88,88,2,77
4100910,44,13,-2,79
4101420,63,62,-3,82
4101930,83,29,12,70
4102440,39,25,-18,88
4102950,58,94,17,71
4103460,63,85,-7,78
4103970,13,52,2,76
4104480,23,43,-4,80
4104990,57,10,4,76
4105500,58,20,-1,77
4106010,83,36,8,69
4106520,39,63,-14,83
4107030,73,30,10,73
4107540,29,46,-7,80
4108050,71,13,9,71
4108560,27,23,-14,85
4109070,90,92,1,84
4109580,56,88,9,75
4110090,61,55,-8,83
4110600,80,22,13,70
4111110,36,49,-9,79
4111620,70,16,7,72
4112130,85,26,-3,75
4112640,41,53,-4,79
4113150,20,20,-3,82
4113660,83,89,2,80
4114170,49,14,1,79
4114680,68,63,-6,85
4115190,88,64,-1,86
4115700,44,65,8,78
4116210,78,32,7,71
4116720,34,33,-17,88
4117230,54,0,13,75
4117740,71,10,6,69
4118250,90,20,-1,70
4118760,46,47,-10,80
4119270,50,14,2,78
4119780,65,33,-3,81
4120290,21,52,0,81
4120800,31,19,-5,86
4121310,51,88,15,71
4121820,56,79,-13,84
4122330,6,46,10,74
4122840,16,37,-7,81
4123350,26,4,0,81
4123860,27,53,-3,84
4124370,61,80,4,80
4124880,40,47,-7,87
4125390,74,14,19,68
4125900,30,24,-15,83
4126410,93,93,11,72
4126920,49,18,-8,80
4127430,68,37,4,76
4127940,24,56,-5,81
4128450,11,23,3,78
4128960,6,92,-4,82
4129470,16,81,2,80
4129980,26,70,0,80
4130490,45,61,-6,86
4131000,64,28,5,81
4131510,20,47,-1,82
4132020,30,14,-2,84
4132530,93,83,5,79
4133040,49,84,2,77
4133550,54,51,-6,83
4134060,74,18,6,77
4134570,30,28,-2,79
4135080,50,97,-1,80
4135590,55,88,2,78
4136100,60,55,-4,82
4136610,80,22,8,74
4137120,36,32,-9,83
4137630,56,101,10,73
4138140,61,92,-4,77
4138650,66,59,-7,84
4139160,86,26,10,74
4139670,42,53,-5,79
4140180,61,20,1,78
4140690,95,39,0,78
4141200,51,66,-4,82
4141710,70,33,6,76
4142220,26,52,-6,82
4142730,60,19,6,76
4143240,85,38,-3,79
4143750,41,65,-3,82
4144260,75,96,3,79
4144770,62,63,-3,82
4145280,82,30,6,76
4145790,38,57,-5,81
4146300,72,24,4,77
4146810,28,34,-9,86
4147320,62,1,9,77
4147830,79,11,1,76
4148340,53,21,-11,87
4148850,78,40,14,73
4149360,34,41,-9,82
4149870,54,8,6,76
4150380,55,18,-3,79
4150890,80,37,7,72
4151400,36,64,-10,82
4151910,55,31,3,79
4152420,80,100,6,73
4152930,62,67,-11,84
4153440,49,34,-1,85
4153950,68,1,7,78
4154460,42,20,-7,85
4154970,61,89,9,76
4155480,48,56,-9,85
4155990,82,23,16,69
4156500,38,50,-13,82
4157010,58,17,1,81
4157520,83,36,6,75
4158030,39,37,-12,87
4158540,59,4,13,74
4159050,76,85,-2,76
4159560,58,52,-2,78
4160070,78,19,6,72
4160580,34,29,-9,81
4161090,97,98,8,73
4161600,53,99,-1,74
4162110,58,90,1,73
4162620,40,57,-13,86
4163130,74,24,4,82
4163640,30,40,2,80
4164150,64,7,9,71
4164660,38,17,-13,84
4165170,57,86,8,76
4165680,39,53,-7,83
4166190,73,20,10,73
4166700,29,30,-8,81
4167210,49,99,7,74
4167720,54,86,-4,78
4168230,59,53,-3,81
4168740,4,20,5,76
4169250,14,17,-2,78
4169760,95,86,4,74
4170270,51,87,4,70
4170780,56,74,-14,84
4171290,35,41,-3,87
4171800,69,97,9,78
4172310,56,64,-11,89
4172820,35,31,2,87
4173330,69,100,12,75
4173840,80,67,-7,82
4174350,73,68,2,80
4174860,29,69,2,78
4175370,48,36,-7,85
4175880,68,3,7,78
4176390,42,13,-4,82
4176900,43,32,-2,84
4177410,62,101,8,76
4177920,67,0,2,74
4178430,41,19,-16,90
4178940,60,88,18,72
4179450,65,32,-4,76
4179960,21,51,-3,79
4180470,31,18,-1,80
4180980,50,87,0,80
4181490,55,78,1,79
4182000,34,45,-3,82
4182510,68,12,5,77
4183020,24,22,-3,80
4183530,3,91,-3,83
4184040,13,80,1,82
4184550,23,7,2,80
4185060,24,76,2,78
4185570,43,65,-1,79
4186080,30,32,-9,88
4186590,9,101,14,74
4187100,19,90,-3,77
4187610,30,79,0,77
4188120,49,68,0,77
4188630,28,35,-2,79
4189140,98,2,3,76
4189650,72,29,-3,79
4190160,28,30,1,78
4190670,48,99,3,75
4191180,53,88,2,73
4191690,58,55,-8,81
4192200,78,56,5,76
4192710,34,57,-6,82
4193220,13,24,1,81
4193730,23,93,-1,82
4194240,34,82,0,82
4194750,35,73,0,82
4195260,36,40,-7,89
4195770,56,7,4,85
4196280,57,26,2,83
4196790,13,45,2,81
4197300,23,36,4,77
4197810,2,3,-6,83
4198320,66,0,8,75
4198830,40,19,-9,84
4199340,51,88,5,79
4199850,56,79,0,79
4200360,78,46,1,78
4200870,34,47,-2,80
4201380,13,14,1,79
4201890,77,83,1,78
4202400,33,50,-1,79
4202910,67,17,3,76
4203420,23,27,-8,84
4203930,2,96,6,78
4204440,12,85,-5,83
4204950,22,74,5,78
4205460,32,63,-2,80
4205970,33,30,-1,81
4206480,53,99,4,77
4206990,58,90,6,71
4207500,90,77,-7,78
4208010,46,78,0,78
4208520,37,45,-4,82
4209030,71,12,6,76
4209540,27,22,-7,83
4210050,47,91,7,76
4210560,52,82,2,74
4211070,57,49,-7,81
4211580,77,16,10,71
4212090,33,43,-7,78
4212600,12,10,-1,79
4213110,19,79,0,79
4213620,29,19,1,78
4214130,49,88,0,78
4214640,50,79,-3,81
4215150,37,46,0,81
4215660,16,13,0,81
4216170,26,82,0,81
4216680,37,71,0,81
4217190,38,38,0,81
4217700,58,5,4,77
4218210,59,15,1,76
4218720,74,34,-1,77
4219230,30,53,-2,79
4219740,58,20,3,76
4220250,14,39,-6,82
4220760,24,30,0,82
4221270,3,99,5,77
4221780,13,88,-3,80
4222290,23,77,2,78
4222800,28,66,1,77
4223310,29,57,-9,86
4223820,16,24,4,82
4224330,26,93,-2,84
4224840,37,82,3,81
4225350,38,73,0,81
4225860,25,40,0,81
4226370,59,7,2,79
4226880,60,17,2,77
4227390,16,36,-5,82
4227900,26,3,-4,86
4228410,27,52,7,79
4228920,14,19,2,77
4229430,24,88,-5,82
4229940,34,77,5,77
4230450,35,68,-1,78
4230960,36,59,-6,84
4231470,70,26,8,76
4231980,26,45,-9,85
4232490,60,12,7,78
4233000,75,31,9,69
4233510,31,32,-12,81
4234020,19,101,8,73
4234530,29,90,-9,82
4235040,48,79,8,74
4235550,35,46,-8,82
4236060,14,13,4,78
4236570,95,4,5,73
4237080,69,14,0,73
4237590,25,24,-8,81
4238100,50,93,7,74
4238610,55,84,0,74
4239120,69,51,-8,82
4239630,25,34,-1,83
4240140,59,1,9,74
4240650,33,20,-8,82
4241160,53,89,8,74
4241670,58,80,-5,79
4242180,37,47,-3,82
4242690,16,14,-2,84
4243200,26,83,-1,85
4243710,45,78,13,72
4244220,50,69,-5,77
4244730,29,36,-11,88
4245240,3,3,6,82
4245750,67,0,5,77
4246260,41,19,-2,79
4246770,60,88,0,79
4247280,65,24,5,74
4247790,21,43,-7,81
4248300,15,10,-3,84
4248810,78,79,7,77
4249320,34,4,-3,80
4249830,35,53,-1,81
4250340,69,20,1,80
4250850,25,30,-5,85
4251360,59,99,10,75
4251870,64,90,2,73
4252380,27,57,-10,83
4252890,61,24,-3,86
4253400,76,43,7,79
4253910,32,62,1,78
4254420,66,29,0,78
4254930,22,48,-4,82
4255440,32,15,1,81
4255950,51,84,6,75
4256460,56,75,-1,76
4256970,35,42,-11,87
4257480,55,9,7,80
4257990,70,28,5,75
4258500,26,47,-9,84
4259010,60,14,10,74
4259520,16,24,-4,78
4260030,9,93,-1,79
4260540,19,82,-2,81
4261050,29,71,2,79
4261560,48,62,-4,83
4262070,27,29,0,83
4262580,61,98,8,75
4263090,83,89,-1,76
4263600,39,25,-13,89
4264110,59,94,16,73
4264620,64,85,-9,82
4265130,43,52,-11,93
4265640,77,19,22,71
4266150,33,29,-15,86
4266660,53,98,9,77
4267170,58,89,2,75
4267680,63,80,-9,84
4268190,42,47,6,78
4268700,61,14,0,78
4269210,76,24,4,74
4269720,32,34,-6,80
4270230,52,1,2,78
4270740,53,11,-3,81
4271250,68,30,-3,84
4271760,24,49,1,83
4272270,34,16,-1,84
4272780,53,85,6,78
4273290,40,76,-4,82
4273800,41,67,0,82
4274310,69,34,8,74
4274820,25,53,-11,85
4275330,53,20,6,79
4275840,72,27,8,71
4276350,28,46,-11,82
4276860,62,13,5,77
4277370,77,23,4,73
4277880,33,33,-7,80
4278390,53,0,4,76
4278900,70,10,2,74
4279410,89,20,0,74
4279920,63,47,-14,88
4280430,82,30,12,76
4280940,38,57,-7,83
4281450,72,24,11,72
4281960,28,51,-7,79
4282470,62,18,1,78
4282980,18,37,-4,82
4283490,28,4,2,80
4284000,29,53,-2,82
4284510,63,20,5,77
4285020,19,39,-3,80
4285530,29,30,0,80
4286040,49,99,3,77
4286550,50,90,2,75
4287060,55,100,-1,76
4287570,60,91,0,76
4288080,10,78,-10,86
4288590,20,5,4,82
4289100,21,74,1,81
4289610,40,63,1,80
4290120,92,30,2,78
4290630,27,57,-4,82
4291140,14,24,0,82
4291650,70,93,3,79
4292160,52,29,-5,84
4292670,71,48,6,78
4293180,27,49,-6,84
4293690,61,16,3,81
4294200,76,35,9,72
4294710,32,54,-11,83
4295220,66,21,2,81
4295730,22,40,3,78
4296240,1,7,5,73
4296750,96,4,-5,78
4297260,70,14,3,75
4297770,44,24,-12,87
4298280,63,93,10,77
4298790,45,60,-6,83
4299300,97,27,6,77
4299810,53,54,-6,83
4300320,72,21,10,73
4300830,28,31,-9,82
4301340,7,100,10,72
4301850,88,89,-6,78
4302360,44,14,-4,82
4302870,63,99,7,75
4303380,45,86,0,75
4303890,50,73,-1,76
4304400,0,40,-7,83
4304910,10,37,6,77
4305420,20,28,0,77
4305930,101,97,0,77
4306440,57,22,-3,80
4306950,72,29,5,75
4307460,28,30,-1,76
4307970,7,99,-8,84
4308480,17,88,-1,85
4308990,27,77,3,82
4309500,46,66,2,80
4310010,68,33,2,78
4310520,24,52,-8,86
4311030,11,19,6,80
4311540,21,88,2,78
4312050,32,77,-3,81
4312560,51,66,1,80
4313070,30,33,-1,81
4313580,9,0,0,81
4314090,2,99,1,80
4314600,12,88,-1,81
4315110,22,77,-1,82
4315620,32,66,0,82
4316130,60,33,4,78
4316640,16,40,-5,83
4317150,26,7,-1,84
4317660,27,56,2,82
4318170,14,23,2,80
4318680,7,92,-4,84
4319190,17,81,4,80
4319700,27,70,0,80
4320210,46,57,-4,84
4320720,25,24,2,82
4321230,4,93,9,73
4321740,85,82,1,72
4322250,41,7,-11,83
4322760,60,56,-3,86
4323270,79,23,12,74
4323780,35,50,-10,84
4324290,14,17,5,79
4324800,7,86,-4,83
4325310,17,75,5,78
4325820,27,64,-4,82
4326330,46,31,1,81
4326840,4,14,-1,82
4327350,101,11,1,81
4327860,75,38,-1,82
4328370,31,65,2,80
4328880,59,32,0,80
4329390,84,51,-1,81
4329900,40,70,3,78
4330410,68,37,0,78
4330920,24,56,-5,83
4331430,52,23,-1,84
4331940,71,42,6,78
4332450,96,61,4,74
4332960,52,88,0,74
4333470,57,75,-6,80
4333980,76,42,3,77
4334490,32,69,-1,78
4335000,51,36,-1,79
4335510,70,19,5,74
4336020,85,46,-4,78
4336530,41,73,0,78
4337040,60,40,-7,85
4337550,79,23,8,77
4338060,35,50,-4,81
4338570,57,17,2,79
4339080,72,36,4,75
4339590,28,43,-8,83
4340100,7,10,7,76
4340610,2,79,-1,77
4341120,12,68,-3,80
4341630,22,57,-5,85
4342140,50,24,5,80
4342650,69,7,8,72
4343160,43,17,-8,80
4343670,62,0,7,73
4344180,36,10,-11,84
4344690,37,95,5,79
4345200,56,84,6,73
4345710,38,51,-11,84
4346220,72,18,3,81
4346730,87,28,8,73
4347240,43,55,-12,85
4347750,22,22,5,80
4348260,1,91,4,76
4348770,11,80,-4,80
4349280,21,94,-4,84
4349790,31,83,6,78
4350300,50,72,-3,81
4350810,0,39,0,81
4351320,10,36,-1,82
4351830,20,3,2,80
4352340,21,72,0,80
4352850,40,61,-5,85
4353360,19,28,1,84
4353870,71,97,6,78
4354380,53,33,-4,82
4354890,72,16,10,72
4355400,46,26,-11,83
4355910,65,9,9,74
4356420,84,19,-3,77
4356930,58,46,-8,85
4357440,77,29,9,76
4357950,33,93,-5,81
4358460,52,82,6,75
4358970,71,1,3,72
4359480,45,11,-8,80
4359990,60,96,6,74
4360500,42,32,-10,84
4361010,61,101,9,75
4361520,43,37,-5,80
4362030,62,4,6,74
4362540,63,14,-1,75
4363050,78,24,-1,76
4363560,34,34,-5,81
4364070,54,1,10,71
4364580,71,11,-2,73
4365090,45,21,-10,83
4365600,64,4,7,76
4366110,38,14,-11,87
4366620,57,99,9,78
4367130,62,35,-5,83
4367640,81,18,11,72
4368150,55,45,-12,84
4368660,74,28,3,81
4369170,30,47,3,78
4369680,9,14,5,73
4370190,2,83,-5,78
4370700,12,72,0,78
4371210,22,61,-2,80
4371720,41,48,-8,88
4372230,20,15,4,84
4372740,39,84,11,73
4373250,58,73,-3,76
4373760,8,40,-8,84
4374270,18,31,1,83
4374780,11,100,1,82
4375290,21,89,-6,88
4375800,31,78,9,79
4376310,50,67,-3,82
4376820,69,34,3,79
4377330,94,53,-1,80
4377840,50,80,0,80
4378350,69,67,-3,83
4378860,56,38,3,80
4379370,75,21,4,76
4379880,31,31,-11,87
4380390,51,100,7,80
4380900,56,89,3,77
4381410,75,76,-2,79
4381920,57,77,3,76
4382430,39,44,-3,79
4382940,18,11,-5,84
4383450,81,80,9,75
4383960,44,16,-14,89
4384470,63,101,17,72
4384980,45,27,-7,79
4385490,72,10,7,72
4386000,46,20,-13,85
4386510,65,3,5,80
4387020,39,13,-7,87
4387530,40,98,8,79
4388040,59,87,6,73
4388550,41,6,-8,81
4389060,42,55,3,78
4389570,61,22,-3,81
4390080,86,29,6,75
4390590,42,56,-9,84
4391100,61,23,6,78
4391610,86,30,2,76
4392120,42,57,-6,82
4392630,70,24,5,77
4393140,95,34,6,71
4393650,51,61,-12,83
4394160,70,28,5,78
4394670,95,47,-8,86
4395180,51,48,9,77
4395690,70,15,8,69
4396200,89,25,-5,74
4396710,45,52,-10,84
4397220,64,19,3,81
4397730,89,29,3,78
4398240,45,56,-2,80
4398750,24,23,-3,83
4399260,44,92,10,73
4399770,49,81,0,73
4400280,68,72,-7,80
4400790,55,73,-4,84
4401300,42,40,-4,88
4401810,76,7,13,75
4402320,50,17,-10,85
4402830,75,36,15,70
4403340,100,55,-7,77
4403850,56,82,-1,78
4404360,75,49,-1,79
4404870,31,32,-3,82
4405380,51,101,5,77
4405890,56,90,4,73
4406400,61,9,0,73
4406910,80,19,-4,77
4407420,95,29,-1,78
4407930,51,56,-6,84
4408440,70,23,10,74
4408950,95,33,-6,80
4409460,51,60,-5,85
4409970,70,27,8,77
4410480,95,46,-4,81
4410990,51,60,-8,89
4411500,70,27,10,79
4412010,95,46,0,79
4412520,51,73,-2,81
4413030,73,40,1,80
4413540,98,59,2,78
4414050,54,60,-11,89
4414560,73,27,8,81
4415070,98,46,-1,82
4415580,54,60,-1,83
4416090,93,27,6,77
4416600,49,54,2,75
4417110,68,21,-2,77
4417620,93,31,3,74
4418130,49,58,-12,86
4418640,68,25,5,81
4419150,93,44,2,79
4419660,49,71,2,77
4420170,71,38,-3,80
4420680,96,57,-2,82
4421190,52,58,2,80
4421700,71,25,-1,81
4422210,96,44,8,73
4422720,52,71,-12,85
4423230,2,38,9,76
4423740,12,47,0,76
4424250,22,38,-3,79
4424760,15,5,-1,80
4425270,8,74,-1,81
4425780,18,63,5,76
4426290,28,52,-7,83
4426800,56,19,0,83
4427310,81,38,7,76
4427820,37,57,-5,81
4428330,65,24,3,78
4428840,90,43,2,76
4429350,46,57,-3,79
4429860,65,24,3,76
4430370,90,43,1,75
4430880,46,70,-5,80
4431390,98,37,-4,84
4431900,54,64,6,78
4432410,73,31,5,73
4432920,98,50,-6,79
4433430,54,77,4,75
4433940,20,44,-4,79
4434450,30,11,-4,83
4434960,31,96,-4,87
4435470,50,85,11,76
4435980,55,76,-2,78
4436490,5,43,-3,81
4437000,15,34,-1,82
4437510,25,1,2,80
4438020,26,50,2,78
4438530,13,17,-9,87
4439040,77,86,13,74
4439550,40,53,-13,87
4440060,92,20,9,78
4440570,66,47,-6,84
4441080,91,30,9,75
4441590,47,57,-4,79
4442100,66,24,1,78
4442610,91,43,3,75
4443120,47,70,-4,79
4443630,99,37,-2,81
4444140,55,64,-1,82
4444650,5,31,-1,83
4445160,15,22,0,83
4445670,8,91,3,80
4446180,18,3,4,76
4446690,10,52,-8,84
4447200,20,43,2,82
4447710,30,10,-3,85
4448220,31,95,4,81
4448730,36,84,3,78
4449240,55,73,-5,83
4449750,5,40,-3,86
4450260,0,31,7,79
4450770,10,28,-2,81
4451280,20,97,-1,82
4451790,30,86,1,81
4452300,49,75,4,77
4452810,35,29,-8,85
4453320,55,98,7,78
4453830,60,89,3,75
4454340,53,76,-6,81
4454850,3,43,-2,83
4455360,67,34,2,81
4455870,92,53,2,79
4456380,48,54,-2,81
4456890,100,21,-1,82
4457400,74,48,1,81
4457910,99,67,-3,84
4458420,55,68,0,84
4458930,5,35,1,83
4459440,69,26,7,76
4459950,94,45,-2,78
4460460,50,59,-4,82
4460970,0,26,8,74
4461480,10,23,-3,77
4461990,20,92,-1,78
4462500,30,81,-1,79
4463010,49,70,2,77
4463520,101,37,-4,81
4464030,57,64,-3,84
4464540,7,31,7,77
4465050,2,40,-4,81
4465560,12,31,1,80
4466070,22,100,-5,85
4466580,32,89,1,84
4467090,51,78,6,78
4467600,1,45,-1,79
4468110,65,54,-1,80
4468620,21,37,-1,81
4469130,14,4,4,77
4469640,7,73,-5,82
4470150,17,87,1,81
4470660,27,101,3,78
4471170,37,90,-3,81
4471680,89,79,6,75
4472190,25,80,-7,82
4472700,44,69,2,80
4473210,96,36,0,80
4473720,52,63,4,76
4474230,56,30,-7,83
4474740,81,49,10,73
4475250,37,50,-13,86
4475760,89,17,6,80
4476270,63,44,-3,83
4476780,88,27,5,78
4477290,44,54,-3,81
4477800,96,21,4,77
4478310,70,48,-2,79
4478820,95,49,1,78
4479330,51,76,3,75
4479840,1,43,-6,81
4480350,65,72,1,80
4480860,15,39,0,80
4481370,8,6,-2,82
4481880,1,75,-2,84
4482390,11,89,6,78
4482900,21,78,-3,81
4483410,31,67,3,78
4483920,83,34,4,74
4484430,39,61,-12,86
4484940,91,28,11,75
4485450,47,55,-13,88
4485960,99,22,12,76
4486470,73,49,1,75
4486980,29,50,-8,83
4487490,81,17,8,75
4488000,55,44,-7,82
4488510,74,11,6,76
4489020,48,21,-1,77
4489530,73,4,3,74
4490040,47,14,-5,79
4490550,66,99,1,78
4491060,48,86,-6,84
4491570,100,53,2,82
4492080,56,80,3,79
4492590,6,47,1,78
4493100,16,38,-1,79
4493610,26,5,-2,81
4494120,27,54,-3,84
4494630,79,21,14,70
4495140,35,48,-9,79
4495650,87,15,5,74
4496160,61,85,-2,76
4496670,11,52,0,76
4497180,21,43,-8,84
4497690,73,10,11,73
4498200,47,20,-9,82
4498710,72,3,10,72
4499220,46,13,-8,80
4499730,61,98,2,78
4500240,43,85,0,78
4500750,36,52,-3,81
4501260,88,19,4,77
4501770,62,46,-5,82
4502280,87,29,8,74
4502790,43,56,-4,78
4503300,95,23,-3,81
4503810,69,50,-2,83
4504320,94,33,9,74
4504830,50,60,-6,80
4505340,0,27,6,74
4505850,10,24,-10,84
4506360,20,93,3,81
4506870,30,82,0,81
4507380,49,96,4,77
4507890,77,83,4,73
4508400,59,19,-3,76
4508910,84,38,1,75
4509420,40,65,-4,79
4509930,92,32,5,74
4510440,48,59,-6,80
4510950,100,26,0,80
4511460,56,53,4,76
4511970,76,20,-3,79
4512480,32,30,-1,80
4512990,52,99,-1,81
4513500,57,86,8,73
4514010,50,53,-16,89
4514520,0,20,10,79
4515030,52,17,-1,80
4515540,77,0,4,76
4516050,51,10,-3,79
4516560,66,29,-3,82
4517070,91,48,5,77
4517580,47,75,6,71
4518090,99,42,-11,82
4518600,55,69,0,82
4519110,5,36,5,77
4519620,69,27,-1,78
4520130,94,46,0,78
4520640,50,73,-5,83
4521150,0,40,8,75
4521660,10,69,-4,79
4522170,20,58,-4,83
4522680,30,25,-1,84
4523190,55,94,10,74
4523700,60,30,-9,83
4524210,85,49,10,73
4524720,41,50,-9,82
4525230,93,17,5,77
4525740,67,44,-9,86
4526250,92,27,14,72
4526760,48,54,-8,80
4527270,90,21,4,76
4527780,46,48,-4,80
4528290,66,15,2,78
4528800,81,25,-3,81
4529310,37,52,-2,83
4529820,89,19,9,74
4530330,63,46,-7,81
4530840,88,29,3,78
4531350,44,56,-8,86
4531860,96,23,12,74
4532370,52,50,-4,78
4532880,72,17,6,72
4533390,28,27,-9,81
4533900,53,96,5,76
4534410,58,83,-4,80
4534920,8,19,1,79
4535430,84,88,-6,85
4535940,40,24,2,83
4536450,65,7,11,72
4536960,80,17,-1,73
4537470,36,44,-8,81
4537980,56,11,2,79
4538490,71,30,5,74
4539000,27,49,-8,82
4539510,55,16,2,80
4540020,80,35,6,74
4540530,36,62,-7,81
4541040,61,29,9,72
4541550,86,48,-9,81
4542060,9,75,-2,83
4542570,19,89,1,82
4543080,29,78,-2,84
4543590,48,88,10,74
4544100,53,75,-4,78
4544610,3,42,-2,80
4545120,13,33,2,78
4545630,23,0,-1,79
4546140,15,49,-2,81
4546650,25,36,1,80
4547160,45,3,3,77
4547670,60,52,-2,79
4548180,85,53,2,77
4548690,41,54,-9,86
4549200,66,21,5,81
4549710,91,40,0,81
4550220,47,67,0,81
4550730,69,34,3,78
4551240,94,53,1,77
4551750,50,80,2,75
4552260,55,47,-5,80
4552770,80,14,6,74
4553280,54,41,-11,85
4553790,79,24,9,76
4554300,35,34,-3,79
4554810,60,1,4,75
4555320,77,20,-5,80
4555830,0,47,-3,83
4556340,10,76,5,78
4556850,20,65,3,75
4557360,30,52,-6,81
4557870,55,19,5,76
4558380,80,38,-7,83
4558890,3,65,2,81
4559400,13,94,4,77
4559910,23,83,-3,80
4560420,33,97,0,80
4560930,52,9,3,77
4561440,67,28,-1,78
4561950,92,47,-2,80
4562460,48,74,-2,82
4562970,73,41,8,74
4563480,98,60,-5,79
4563990,54,61,-4,83
4564500,4,28,2,81
4565010,14,25,8,73
4565520,24,94,-11,84
4566030,35,83,8,76
4566540,10,97,1,75
4567050,20,86,-6,81
4567560,30,75,0,81
4568070,49,42,-6,87
4568580,68,9,9,78
4569090,83,19,7,71
4569600,39,46,-13,84
4570110,59,13,7,77
4570620,74,32,-2,79
4571130,99,51,-1,80
4571640,55,78,0,80
4572150,5,45,4,76
4572660,44,36,-3,79
4573170,63,50,-1,80
4573680,88,17,6,74
4574190,62,44,-8,82
4574700,87,27,4,78
4575210,43,54,-6,84
4575720,95,21,5,79
4576230,51,48,-2,81
4576740,70,15,5,76
4577250,85,25,5,71
4577760,41,52,-12,83
4578270,93,19,8,75
4578780,67,46,-7,82
4579290,92,29,7,75
4579800,48,56,-8,83
4580310,67,23,13,70
4580820,92,42,-10,80
4581330,48,69,-5,85
4581840,100,36,6,79
4582350,56,63,-6,85
4582860,6,30,3,82
4583370,16,99,4,78
4583880,26,88,-2,80
4584390,45,77,5,75
4584900,64,44,-7,82
4585410,89,27,13,69
4585920,45,54,-15,84
4586430,87,21,6,78
4586940,43,48,-4,82
4587450,62,15,1,81
4587960,77,34,6,75
4588470,33,53,-3,78
4588980,67,20,2,76
4589490,23,39,0,76
4590000,16,6,1,75
4590510,9,75,-7,82
4591020,19,89,-2,84
4591530,29,1,1,83
4592040,46,50,-5,88
4592550,88,17,13,75
4593060,64,44,-14,89
4593570,89,27,11,78
4594080,45,54,-6,84
4594590,87,21,8,76
4595100,43,48,0,76
4595610,62,15,-5,81
4596120,12,34,2,79
4596630,22,1,-4,83
4597140,14,50,8,75
4597650,24,17,-11,86
4598160,87,86,14,72
4598670,69,53,-13,85
4599180,94,36,5,80
4599690,50,63,-5,85
4600200,94,30,13,72
4600710,50,57,-11,83
4601220,0,24,3,80
4601730,10,21,4,76
4602240,3,90,-2,78
4602750,13,79,2,76
4603260,23,68,0,76
4603770,33,35,-6,82
4604280,53,2,4,78
4604790,6,21,-8,86
4605300,16,18,12,74
4605810,9,87,-6,80
4606320,19,101,-3,83
4606830,29,90,-3,86
4607340,48,2,13,73
4607850,63,21,-1,74
4608360,19,40,-9,83
4608870,29,7,2,81
4609380,44,92,0,81
4609890,63,59,-6,87
4610400,82,26,10,77
4610910,38,36,-5,82
4611420,57,3,4,78
4611930,72,13,-1,79
4612440,87,23,4,75
4612950,43,50,-2,77
4613460,62,17,-2,79
4613970,77,36,3,76
4614480,33,63,-2,78
4614990,52,30,0,78
4615500,71,13,7,71
4616010,27,23,-16,87
4616520,90,92,10,77
4617030,72,59,-9,86
4617540,28,26,9,77
4618050,91,95,6,71
4618560,47,57,-8,79
4619070,99,24,3,76
4619580,55,51,-5,81
4620090,74,18,2,79
4620600,89,28,5,74
4621110,45,55,0,74
4621620,64,99,-2,76
4622130,46,66,-6,82
4622640,80,33,5,77
4623150,36,52,-8,85
4623660,70,19,6,79
4624170,85,29,2,77
4624680,41,56,-3,80
4625190,20,23,2,78
4625700,101,92,2,76
4626210,83,93,4,72
4626720,65,60,-12,84
4627230,84,27,7,77
4627740,40,54,-3,80
4628250,19,21,-2,82
4628760,82,90,7,75
4629270,64,57,-7,82
4629780,56,24,-1,83
4630290,71,43,4,79
4630800,27,62,-3,82
4631310,37,29,-2,84
4631820,100,98,5,79
4632330,82,23,7,72
4632840,38,50,-13,85
4633350,17,17,4,81
4633860,10,86,0,81
4634370,20,13,-4,85
4634880,83,82,4,81
4635390,65,83,5,76
4635900,47,50,-7,83
4636410,66,17,12,71
4636920,81,27,-3,74
4637430,37,54,-8,82
4637940,71,21,5,77
4638450,86,31,6,71
4638960,42,58,-12,83
4639470,28,25,6,77
4639980,91,94,1,76
4640490,73,19,3,73
4641000,29,29,-6,79
4641510,92,98,-4,83
4642020,74,23,3,80
4642530,30,42,-5,85
4643040,72,9,17,68
4643550,54,19,-10,78
4644060,79,38,0,78
4644570,35,57,-6,84
4645080,69,24,2,82
4645590,84,43,1,81
4646100,40,62,0,81
4646610,74,29,7,74
4647120,19,48,-10,84
4647630,29,15,-5,89
4648140,92,84,12,77
4648650,74,85,-3,80
4649160,56,52,-8,88
4649670,75,19,16,72
4650180,31,29,-10,82
4650690,94,98,10,72
4651200,76,23,0,72
4651710,32,50,-11,83
4652220,66,17,3,80
4652730,81,36,7,73
4653240,37,63,-8,81
4653750,71,30,6,75
4654260,27,57,-6,81
4654770,61,24,6,75
4655280,86,43,8,67
4655790,42,62,-15,82
4656300,76,29,7,75
4656810,32,48,-7,82
4657320,66,15,7,75
4657830,81,25,10,65
4658340,37,52,-15,80
4658850,71,19,5,75
4659360,86,38,2,73
4659870,42,65,-10,83
4660380,76,32,7,76
4660890,32,51,-2,78
4661400,66,18,3,75
4661910,81,37,-2,77
4662420,37,56,-6,83
4662930,71,23,5,78
4663440,27,42,0,78
4663950,61,9,4,74
4664460,76,19,1,73
4664970,91,29,-1,74
4665480,47,56,-8,82
4665990,21,23,4,78
4666500,55,92,-2,80
4667010,42,59,-8,88
4667520,76,26,13,75
4668030,32,53,-5,80
4668540,66,20,2,78
4669050,81,39,7,71
4669560,37,66,-13,84
4670070,71,33,5,79
4670580,27,52,2,77
4671090,61,19,3,74
4671600,76,38,-4,78
4672110,32,57,-9,87
4672620,66,24,9,78
4673130,91,43,0,78
4673640,47,70,-2,80
4674150,29,37,-1,81
4674660,63,4,8,73
4675170,50,14,-6,79
4675680,65,99,5,74
4676190,47,66,-7,81
4676700,99,33,8,73
4677210,55,60,-6,79
4677720,5,27,-5,84
4678230,15,96,1,83
4678740,25,85,4,79
4679250,44,74,0,79
4679760,31,41,-9,88
4680270,65,8,11,77
4680780,72,18,5,72
4681290,28,28,-6,78
4681800,91,97,2,76
4682310,73,64,-5,81
4682820,29,65,-4,85
4683330,39,32,3,82
4683840,58,101,8,74
4684350,40,68,-10,84
4684860,74,35,4,80
4685370,30,54,-6,86
4685880,64,21,8,78
4686390,89,40,-4,82
4686900,45,67,1,81
4687410,97,34,7,74
4687920,53,61,-4,78
4688430,3,28,2,76
4688940,2,19,1,75
4689450,12,16,-5,80
4689960,93,85,0,80
4690470,49,86,7,73
4690980,36,53,-8,81
4691490,70,20,5,76
4692000,26,39,-7,83
4692510,60,6,1,82
4693020,75,25,11,71
4693530,31,52,-13,84
4694040,65,19,14,70
4694550,80,38,-7,77
4695060,36,65,-6,83
4695570,70,32,6,77
4696080,26,51,-8,85
4696590,60,18,-3,88
4697100,75,37,13,75
4697610,31,56,-10,85
4698120,65,23,9,76
4698630,90,42,2,74
4699140,46,69,-6,80
4699650,80,36,2,78
4700160,36,63,-2,80
4700670,70,30,0,80
4701180,95,49,5,75
4701690,51,76,-4,79
4702200,65,43,-6,85
4702710,90,26,12,73
4703220,46,53,-9,82
4703730,98,20,4,78
4704240,74,47,-2,80
4704750,30,30,0,80
4705260,93,99,3,77
4705770,75,66,-8,85
4706280,31,33,4,81
4706790,94,0,3,78
4707300,70,19,-1,79
4707810,85,38,4,75
4708320,41,65,-4,79
4708830,75,32,4,75
4709340,31,59,-1,76
4709850,65,26,-1,77
4710360,90,45,3,74
4710870,70,72,-7,81
4711380,52,39,-6,87
4711890,13,6,7,80
4712400,5,75,-7,87
4712910,15,89,7,80
4713420,25,78,1,79
4713930,35,69,1,78
4714440,45,36,-13,91
4714950,6,3,10,81
4715460,58,42,-3,84
4715970,19,25,2,82
4716480,71,94,4,78
4716990,53,61,-1,79
4717500,3,28,-4,83
4718010,13,25,10,73
4718520,65,94,0,73
4719030,47,61,-10,83
4719540,81,28,8,75
4720050,37,55,-7,82
4720560,71,22,3,79
4721070,86,41,2,77
4721580,42,68,-1,78
4722090,76,35,-5,83
4722600,101,54,8,75
4723110,57,81,3,72
4723620,39,48,-10,82
4724130,73,15,7,75
4724640,29,25,-4,79
4725150,92,94,1,78
4725660,55,19,2,76
4726170,80,38,-1,77
4726680,36,57,-7,84
4727190,70,24,4,80
4727700,95,43,2,78
4728210,51,70,-4,82
4728720,1,37,3,79
4729230,11,28,-3,82
4729740,21,97,0,82
4730250,31,86,6,76
4730760,50,75,-4,80
4731270,32,42,-1,81
4731780,66,9,3,78
4732290,81,70,6,72
4732800,18,71,-7,79
4733310,28,62,-3,82
4733820,38,29,4,78
4734330,101,98,-2,80
4734840,83,99,6,74
4735350,65,66,-11,85
4735860,52,33,4,81
4736370,13,16,-1,82
4736880,77,85,-1,83
4737390,59,52,5,78
4737900,20,19,-6,84
4738410,83,88,9,75
4738920,65,55,-11,86
4739430,26,56,0,86
4739940,36,23,7,79
4740450,99,92,-3,82
4740960,55,93,6,76
4741470,37,84,-5,81
4741980,47,71,3,78
4742490,81,38,0,78
4743000,37,65,-7,85
4743510,72,32,8,77
4744020,56,51,0,77
4744530,17,18,-3,80
4745040,80,87,3,77
4745550,62,54,-6,83
4746060,23,21,2,81
4746570,86,90,6,75
4747080,68,57,-2,77
4747590,24,24,-6,83
4748100,87,93,5,78
4748610,69,60,-8,86
4749120,25,61,5,81
4749630,35,28,0,81
4750140,98,97,2,79
4750650,80,98,3,76
4751160,62,65,-7,83
4751670,12,32,2,81
4752180,22,101,6,75
4752690,32,90,-5,80
4753200,51,79,0,80
4753710,1,46,4,76
4754220,11,37,-9,85
4754730,21,4,2,83
4755240,84,53,7,76
4755750,40,54,-4,80
4756260,74,21,7,73
4756770,30,44,-9,82
4757280,76,11,5,77
4757790,91,38,-6,83
4758300,47,65,4,79
4758810,99,32,-2,81
4759320,55,59,0,81
4759830,5,26,4,77
4760340,4,95,-4,81
4760850,14,84,1,80
4761360,24,98,-2,82
4761870,34,87,2,80
4762380,53,76,2,78
4762890,40,43,-6,84
4763400,1,10,5,79
4763910,65,7,2,77
4764420,72,17,-1,78
4764930,87,44,3,75
4765440,43,71,-5,80
4765950,25,38,-2,82
4766460,59,5,8,74
4766970,66,15,-3,77
4767480,22,34,-2,79
4767990,56,1,4,75
4768500,71,20,-2,77
4769010,27,43,-8,85
4769520,61,10,11,74
4770030,68,29,-3,77
4770540,93,90,6,71
4771050,49,91,-8,79
4771560,50,58,-3,82
4772070,0,25,3,79
4772580,10,22,-4,83
4773090,62,91,15,68
4773600,44,10,-14,82
4774110,59,95,9,73
4774620,41,86,-10,83
4775130,51,53,-4,87
4775640,12,20,4,83
4776150,64,89,6,77
4776660,46,56,-13,90
4777170,7,23,7,83
4777680,77,61,0,83
4778190,33,62,-2,85
4778700,67,29,8,77
4779210,23,56,-5,82
4779720,33,23,4,78
4780230,96,92,1,77
4780740,59,93,0,77
4781250,41,84,-2,79
4781760,51,51,2,77
4782270,12,18,-5,82
4782780,64,87,1,81
4783290,46,54,-7,88
4783800,98,21,4,84
4784310,74,48,3,81
4784820,30,31,-4,85
4785330,93,100,7,78
4785840,75,25,6,72
4786350,57,48,-12,84
4786860,18,31,1,83
4787370,28,100,0,83
4787880,39,89,1,82
4788390,40,78,3,79
4788900,27,45,-5,84
4789410,14,12,-2,86
4789920,78,51,6,80
4790430,34,34,0,80
4790940,97,1,3,77
4791450,73,28,0,77
4791960,29,67,-1,78
4792470,39,34,2,76
4792980,0,1,-1,77
4793490,95,40,-1,78
4794000,51,67,-6,84
4794510,38,34,-4,88
4795020,101,1,14,74
4795530,77,28,-6,80
4796040,33,67,-3,83
4796550,43,34,3,80
4797060,4,1,-2,82
4797570,61,40,1,81
4798080,17,23,-4,85
4798590,27,92,7,78
4799100,37,81,-3,81
4799610,38,48,-2,83
4800120,101,15,6,77
4800630,77,42,-2,79
4801140,33,43,-4,83
4801650,96,10,-2,85
4802160,72,37,6,79
4802670,28,20,-4,83
4803180,91,89,3,80
4803690,73,90,13,67
4804200,55,9,-7,74
4804710,70,28,1,73
4805220,26,42,-13,86
4805730,13,9,3,83
4806240,76,48,-3,86
4806750,32,31,3,83
4807260,95,100,3,80
4807770,77,25,10,70
4808280,33,52,-8,78
4808790,20,19,-3,81
4809300,83,88,-4,85
4809810,46,33,7,78
4810320,7,16,-1,79
4810830,83,85,1,78
4811340,39,86,3,75
4811850,49,53,-11,86
4812360,10,20,9,77
4812870,20,89,-3,80
4813380,31,78,-2,82
4813890,41,67,-1,83
4814400,28,34,-2,85
4814910,62,1,10,75
4815420,32,20,-10,85
4815930,95,89,9,76
4816440,51,90,-2,78
4816950,33,81,-5,83
4817460,43,70,10,73
4817970,25,37,-11,84
4818480,35,4,0,84
4818990,50,89,9,75
4819500,32,80,-5,80
4820010,42,69,-1,81
4820520,29,36,-10,91
4821030,63,3,18,73
4821540,70,22,-4,77
4822050,95,45,2,75
4822560,51,72,-6,81
4823070,1,39,6,75
4823580,11,30,-7,82
4824090,21,99,-1,83
4824600,31,88,2,81
4825110,50,77,4,77
4825620,32,44,-10,87
4826130,66,11,11,76
4826640,22,38,-4,80
4827150,32,5,-6,86
4827660,95,30,4,82
4828170,51,57,-4,86
4828680,1,24,8,78
4829190,11,21,0,78
4829700,87,90,-2,80
4830210,69,91,0,80
4830720,51,58,-7,87
4831230,1,25,-2,89
4831740,11,22,10,79
4832250,21,91,-6,85
4832760,31,80,1,84
4833270,32,67,-3,87
4833780,42,88,8,79
4834290,52,55,-4,83
4834800,2,22,1,82
4835310,12,19,9,73
4835820,41,88,-4,77
4836330,51,55,-8,85
4836840,1,22,4,81
4837350,11,61,-2,83
4837860,21,52,2,81
4838370,31,19,-4,85
4838880,94,88,10,75
4839390,50,89,-1,76
4839900,32,80,-5,81
4840410,42,67,4,77
4840920,94,34,4,73
4841430,50,61,-5,78
4841940,0,28,3,75
4842450,10,19,-4,79
4842960,62,88,-1,80
4843470,44,55,-2,82
4843980,96,22,5,77
4844490,52,49,-6,83
4845000,13,16,4,79
4845510,73,55,0,79
4846020,29,56,0,79
4846530,39,23,-9,88
4847040,0,62,2,86
4847550,10,101,8,78
4848060,20,90,-3,81
4848570,30,79,-1,82
4849080,40,68,3,79
4849590,50,35,0,79
4850100,11,18,-1,80
4850610,21,87,-2,82
4851120,31,76,-1,83
4851630,35,43,1,82
4852140,98,10,1,81
4852650,74,20,5,76
4853160,30,39,-9,85
4853670,64,6,12,73
4854180,20,25,-9,82
4854690,72,94,5,77
4855200,54,61,-9,86
4855710,4,28,3,83
4856220,3,97,5,78
4856730,13,86,-3,81
4857240,23,75,-3,84
4857750,33,42,5,79
4858260,96,9,1,78
4858770,72,19,2,76
4859280,28,38,-7,83
4859790,10,5,5,78
4860300,74,74,-6,84
4860810,56,41,2,82
4861320,17,8,1,81
4861830,80,77,-1,82
4862340,62,44,-7,89
4862850,23,27,8,81
4863360,75,96,2,79
4863870,57,63,-5,84
4864380,7,30,3,81
4864890,17,99,1,80
4865400,27,88,-2,82
4865910,38,77,3,79
4866420,48,44,-9,88
4866930,9,11,6,82
4867440,85,50,6,76
4867950,41,51,-3,79
4868460,93,18,7,72
4868970,35,45,-11,83
4869480,87,12,7,76
4869990,63,39,-1,77
4870500,19,22,-5,82
4871010,71,91,7,75
4871520,53,58,-5,80
4872030,3,25,2,78
4872540,2,22,3,75
4873050,12,19,-7,82
4873560,82,88,4,78
4874070,64,55,-1,79
4874580,20,22,-1,80
4875090,83,91,4,76
4875600,65,58,-3,79
4876110,47,25,-5,84
4876620,72,64,0,84
4877130,28,31,3,81
4877640,91,100,4,77
4878150,73,67,-9,86
4878660,55,34,4,82
4879170,80,17,9,73
4879680,36,44,-9,82
4880190,88,75,-1,83
4880700,44,76,6,77
4881210,26,43,-7,84
4881720,8,10,6,78
4882230,60,79,-2,80
4882740,42,46,1,79
4883250,3,13,-3,82
4883760,55,52,0,82
4884270,16,19,4,78
4884780,68,88,-2,80
4885290,50,55,-8,88
4885800,59,22,9,79
4886310,84,41,1,78
4886820,40,68,0,78
4887330,22,35,-5,83
4887840,4,2,6,77
4888350,68,41,-6,83
4888860,24,60,2,81
4889370,34,27,-8,89
4889880,97,96,11,78
4890390,79,21,8,70
4890900,35,48,-11,81
4891410,14,15,0,81
4891920,24,84,-1,82
4892430,35,73,3,79
4892940,45,40,-6,85
4893450,6,7,-3,88
4893960,58,46,5,83
4894470,19,13,5,78
4894980,82,82,-2,80
4895490,64,49,0,80
4896000,89,32,3,77
4896510,45,59,-1,78
4897020,97,26,1,77
4897530,53,53,-5,82
4898040,3,20,-1,83
4898550,13,17,-1,84
4899060,65,86,11,73
4899570,47,53,-13,86
4900080,99,20,4,82
4900590,55,47,4,78
4901100,16,14,-2,80
4901610,79,83,-1,81
4902120,61,50,-2,83
4902630,22,17,3,80
4903140,85,86,7,73
4903650,41,53,-9,82
4904160,93,20,8,74
4904670,49,47,-8,82
4905180,10,14,5,77
4905690,74,83,-4,81
4906200,56,50,2,79
4906710,17,17,-1,80
4907220,80,86,2,78
4907730,36,53,-7,85
4908240,88,20,10,75
4908750,44,47,-6,81
4909260,5,14,3,78
4909770,69,53,-8,86
4910280,25,36,4,82
4910790,11,28,-2,84
4911300,75,97,5,79
4911810,57,64,2,77
4912320,39,31,-4,81
4912830,0,100,-2,83
4913340,10,89,3,80
4913850,20,78,3,77
4914360,31,67,-5,82
4914870,41,34,0,82
4915380,2,17,2,80
4915890,60,56,-4,84
4916400,21,23,5,79
4916910,84,92,-1,80
4917420,40,59,4,76
4917930,92,26,-1,77
4918440,48,53,-4,81
4918950,9,20,3,78
4919460,85,89,1,77
4919970,41,56,-4,81
4920480,93,23,10,71
4920990,49,50,-9,80
4921500,10,17,-3,83
4922010,19,86,6,77
4922520,30,75,-2,79
4923030,41,62,-5,84
4923540,93,29,9,75
4924050,49,56,-7,82
4924560,101,23,5,77
4925070,57,50,-4,81
4925580,18,17,-6,87
4926090,81,86,14,73
4926600,44,53,-8,81
4927110,96,20,1,80
4927620,52,47,-4,84
4928130,13,14,2,82
4928640,89,53,8,74
4929150,45,72,-8,82
4929660,27,39,-4,86
4930170,61,6,9,77
4930680,68,16,2,75
4931190,24,26,-13,88
4931700,87,95,8,80
4932210,43,20,0,80
4932720,68,59,-9,89
4933230,23,42,10,79
4933740,33,60,-5,84
4934250,43,27,1,83
4934760,68,10,8,75
4935270,24,20,-9,84
4935780,87,89,4,80
4936290,43,25,-11,91
4936800,58,64,14,77
4937310,8,31,-4,81
4937820,72,70,-3,84
4938330,28,37,4,80
4938840,91,4,5,75
4939350,67,14,-2,77
4939860,23,24,-9,86
4940370,86,93,6,80
4940880,42,60,5,75
4941390,94,27,-5,80
4941900,50,54,-2,82
4942410,0,21,0,82
4942920,101,18,4,78
4943430,57,45,-4,82
4943940,18,28,-5,87
4944450,70,97,10,77
4944960,20,84,-6,83
4945470,31,73,5,78
4945980,42,40,-4,82
4946490,3,7,-4,86
4947000,67,46,6,80
4947510,23,29,0,80
4948020,65,98,4,76
4948530,47,89,-2,78
4949040,58,80,2,76
4949550,45,47,-6,82
4950060,6,14,-2,84
4950570,45,53,-4,88
4951080,97,20,5,83
4951590,53,47,-1,84
4952100,14,14,3,81
4952610,77,53,-4,85
4953120,33,36,6,79
4953630,96,3,1,78
4954140,72,13,0,78
4954650,28,23,-4,82
4955160,91,92,7,75
4955670,47,17,-10,85
4956180,72,56,2,83
4956690,28,39,2,81
4957200,91,6,4,77
4957710,67,16,2,75
4958220,23,26,-8,83
4958730,86,95,5,78
4959240,42,20,-3,81
4959750,57,59,-1,82
4960260,36,26,4,78
4960770,61,95,4,74
4961280,43,86,-10,84
4961790,54,53,3,81
4962300,15,20,-1,82
4962810,67,59,1,81
4963320,23,26,-1,82
4963830,86,95,5,77
4964340,42,20,-14,91
4964850,57,59,9,82
4965360,7,26,-5,87
4965870,71,65,4,83
4966380,27,32,5,78
4966890,79,101,2,76
4967400,35,68,-7,83
4967910,36,35,8,75
4968420,99,2,-4,79
4968930,75,12,4,75
4969440,31,22,-7,82
4969950,94,91,4,78
4970460,50,16,-8,86
4970970,65,55,1,85
4971480,21,38,3,82
4971990,31,5,-1,83
4972500,46,30,4,79
4973010,7,13,-3,82
4973520,71,52,-1,83
4974030,27,35,7,76
4974540,69,2,2,74
4975050,45,12,-7,81
4975560,60,51,-1,82
4976070,21,18,1,81
4976580,84,87,5,76
4977090,40,54,-5,81
4977600,92,21,4,77
4978110,48,48,-8,85
4978620,9,15,12,73
4979130,73,84,-8,81
4979640,55,51,0,81
4980150,16,18,0,81
4980660,80,87,5,76
4981170,36,54,-11,87
4981680,88,21,9,78
4982190,44,48,-6,84
4982700,23,15,6,78
4983210,86,84,6,72
4983720,42,9,-14,86
4984230,57,94,8,78
4984740,39,85,-3,81
4985250,40,76,-2,83
4985760,41,43,-2,85
4986270,2,10,3,82
4986780,54,49,-4,86
4987290,15,16,8,78
4987800,79,55,-6,84
4988310,35,38,1,83
4988820,98,5,7,76
4989330,74,15,0,76
4989840,30,25,-13,89
4990350,93,94,8,81
4990860,49,19,1,80
4991370,74,58,2,78
4991880,30,41,-1,79
4992390,26,8,-5,84
4992900,89,47,7,77
4993410,45,74,0,77
4993920,97,41,2,75
4994430,53,68,1,74
4994940,3,35,-11,85
4995450,67,26,1,84
4995960,23,45,-3,87
4996470,33,12,-1,88
4996980,96,51,8,80
4997490,52,78,2,78
4998000,2,45,1,77
4998510,66,36,-1,78
4999020,22,55,0,78
4999530,32,22,1,77
5000040,57,91,6,71
5000550,39,82,-7,78
5001060,40,49,1,77
5001570,92,16,1,76
5002080,68,43,-7,83
5002590,24,26,1,82
5003100,87,95,6,76
5003610,43,20,-11,87
5004120,58,59,9,78
5004630,8,26,-1,79
5005140,72,95,5,74
5005650,54,82,-8,82
5006160,4,49,0,82
5006670,68,40,-4,86
5007180,24,23,7,79
5007690,87,92,7,72
5008200,43,17,-8,80
5008710,58,56,-3,83
5009220,37,23,1,82
5009730,100,6,-3,85
5010240,76,16,13,72
5010750,32,26,-11,83
5011260,95,95,7,76
5011770,51,58,-5,81
5012280,1,25,-4,85
5012790,65,22,10,75
5013300,21,41,-9,84
5013810,31,8,1,83
5014320,46,47,1,82
5014830,88,14,-1,83
5015340,64,41,-2,85
5015850,89,24,10,75
5016360,45,51,-8,83
5016870,97,18,1,82
5017380,73,45,-1,83
5017890,4,28,3,80
5018400,3,25,-7,87
5018910,67,22,9,78
5019420,23,41,-6,84
5019930,48,8,5,79
5020440,63,93,4,75
5020950,45,60,-11,86
5021460,97,27,9,77
5021970,53,54,-7,84
5022480,3,21,5,79
5022990,84,18,4,75
5023500,40,28,-10,85
5024010,65,97,14,71
5024520,47,16,-16,87
5025030,62,55,13,74
5025540,18,22,-7,81
5026050,70,61,-3,84
5026560,26,44,1,83
5027070,78,11,6,77
5027580,54,21,-4,81
5028090,79,60,2,79
5028600,35,43,-3,82
5029110,87,10,0,82
5029620,63,20,1,81
5030130,19,39,3,78
5030640,29,70,-5,83
5031150,30,37,-3,86
5031660,82,4,18,68
5032170,58,14,-14,82
5032680,73,33,10,72
5033190,29,52,-9,81
5033700,81,19,8,73
5034210,37,29,-7,80
5034720,62,98,6,74
5035230,44,25,-12,86
5035740,63,64,-2,88
5036250,13,31,10,78
5036760,23,100,-6,84
5037270,34,89,0,84
5037780,45,78,6,78
5038290,97,45,3,75
5038800,53,72,-11,86
5039310,3,39,4,82
5039820,67,52,0,82
5040330,92,35,7,75
5040840,48,62,-7,82
5041350,100,29,-2,84
5041860,56,56,1,83
5042370,6,23,6,77
5042880,5,20,-4,81
5043390,57,17,6,75
5043900,13,30,-4,79
5044410,65,99,4,75
5044920,47,90,-2,77
5045430,17,81,-8,85
5045940,28,18,7,78
5046450,91,87,6,72
5046960,47,12,-9,81
5047470,71,51,7,74
5047980,27,34,-10,84
5048490,79,1,-2,86
5049000,55,20,7,79
5049510,80,59,-3,82
5050020,36,60,0,82
5050530,88,27,6,76
5051040,44,54,-5,81
5051550,96,21,0,81
5052060,72,48,0,81
5052570,28,31,-6,87
5053080,70,100,15,72
5053590,52,25,-15,87
5054100,77,64,7,80
5054610,33,65,-5,85
5055120,58,32,6,79
5055630,14,71,-5,84
5056140,23,8,2,82
5056650,86,47,8,74
5057160,42,48,-11,85
5057670,94,15,5,80
5058180,70,42,0,80
5058690,26,61,-9,89
5059200,36,28,3,86
5059710,99,97,9,77
5060220,55,22,0,77
5060730,80,41,2,75
5061240,36,54,-3,78
5061750,88,21,2,76
5062260,44,48,-3,79
5062770,96,15,-3,82
5063280,68,25,5,77
5063790,24,95,-10,87
5064300,35,84,11,76
5064810,46,94,-1,77
5065320,57,83,-2,79
5065830,7,50,1,78
5066340,6,41,-4,82
5066850,5,54,3,79
5067360,15,67,-1,80
5067870,25,56,-3,83
5068380,35,23,6,77
5068890,50,92,-2,79
5069400,20,83,-1,80
5069910,31,72,-1,81
5070420,50,59,-5,86
5070930,0,26,5,81
5071440,101,23,1,80
5071950,77,50,6,74
5072460,33,77,-5,79
5072970,52,64,-5,84
5073480,2,31,0,84
5073990,1,44,11,73
5074500,11,57,-12,85
5075010,10,70,8,77
5075520,20,19,-4,81
5076030,83,88,5,76
5076540,65,13,5,71
5077050,21,23,-14,85
5077560,73,92,7,78
5078070,55,28,-5,83
5078580,80,67,4,79
5079090,36,68,-6,85
5079600,88,35,8,77
5080110,44,62,-1,78
5080620,96,29,3,75
5081130,52,56,-3,78
5081640,2,23,-6,84
5082150,1,20,1,83
5082660,53,17,1,82
5083170,78,56,-3,85
5083680,34,39,6,79
5084190,86,6,-3,82
5084700,62,16,2,80
5085210,18,26,1,79
5085720,43,95,1,78
5086230,54,84,7,71
5086740,36,75,-12,83
5087250,55,42,2,81
5087760,74,25,4,77
5088270,30,52,-7,84
5088780,82,19,12,72
5089290,38,29,-15,87
5089800,101,12,7,80
5090310,77,22,5,75
5090820,33,32,-6,81
5091330,96,101,6,75
5091840,78,26,-2,77
5092350,34,39,-2,79
5092860,76,6,8,71
5093370,52,16,-10,81
5093880,77,101,7,74
5094390,59,26,-2,76
5094900,15,19,3,73
5095410,67,88,-9,82
5095920,49,24,-5,87
5096430,64,7,11,76
5096940,40,17,1,75
5097450,55,56,-11,86
5097960,5,23,4,82
5098470,69,36,2,80
5098980,25,55,-4,84
5099490,53,22,3,81
5100000,78,5,9,72
5100510,54,15,-8,80
5101020,69,34,2,78
5101530,94,53,4,74
5102040,50,80,-5,79
5102550,0,71,-4,83
5103060,58,20,6,77
5103570,14,39,-6,83
5104080,90,52,6,77
5104590,46,53,2,75
5105100,98,86,3,72
5105610,54,87,-1,73
5106120,36,78,-7,80
5106630,55,65,-1,81
5107140,5,32,-3,84
5107650,4,45,10,74
5108160,68,36,-11,85
5108670,24,55,6,79
5109180,49,22,0,79
5109690,74,5,6,73
5110200,50,15,-8,81
5110710,75,100,7,74
5111220,57,36,-11,85
5111730,82,19,13,72
5112240,38,46,-12,84
5112750,90,13,0,84
5113260,66,40,1,83
5113770,22,59,0,83
5114280,32,50,0,83
5114790,84,17,5,78
5115300,60,44,-6,84
5115810,21,27,2,82
5116320,73,96,5,77
5116830,55,97,5,72
5117340,37,88,-7,79
5117850,48,77,-1,80
5118360,100,68,-7,87
5118870,56,69,6,81
5119380,6,36,-1,82
5119890,5,49,3,79
5120400,69,40,-3,82
5120910,25,23,-5,87
5121420,88,92,7,80
5121930,44,28,-8,88
5122440,59,11,13,75
5122950,15,30,1,74
5123460,91,99,5,69
5123970,73,24,-8,77
5124480,29,43,-5,82
5124990,71,10,8,74
5125500,47,20,1,73
5126010,72,3,-1,74
5126520,48,22,-4,78
5127030,73,5,4,74
5127540,49,24,-7,81
5128050,74,7,4,77
5128560,50,17,0,77
5129070,75,36,-1,78
5129580,31,55,-4,82
5130090,65,22,5,77
5130600,21,41,-5,82
5131110,73,8,9,73
5131620,49,18,-6,79
5132130,74,1,3,76
5132640,50,20,-1,77
5133150,65,39,-4,81
5133660,21,58,0,81
5134170,31,49,-6,87
5134680,65,16,10,77
5135190,21,35,-5,82
5135700,55,2,4,78
5136210,70,21,1,77
5136720,26,40,-8,85
5137230,51,7,7,78
5137740,66,26,7,71
5138250,22,45,-12,83
5138760,32,12,4,79
5139270,47,97,3,76
5139780,58,88,0,76
5140290,40,79,-10,86
5140800,64,66,9,77
5141310,20,67,-12,89
5141820,30,50,11,78
5142330,72,17,2,76
5142840,28,36,-6,82
5143350,70,3,10,72
5143860,46,22,-9,81
5144370,57,5,1,80
5144880,72,24,5,75
5145390,28,43,-8,83
5145900,70,10,9,74
5146410,46,20,-6,80
5146920,57,3,0,80
5147430,72,22,5,75
5147940,28,41,-12,87
5148450,62,8,3,84
5148960,77,27,9,75
5149470,33,46,-5,80
5149980,85,13,9,71
5150490,61,40,-10,81
5151000,86,23,8,73
5151510,62,50,-10,83
5152020,18,33,1,82
5152530,70,0,8,74
5153040,46,19,-9,83
5153550,61,2,12,71
5154060,31,21,-13,84
5154570,94,90,6,78
5155080,50,15,-6,84
5155590,65,100,11,73
5156100,47,36,-7,80
5156610,62,19,4,76
5157120,18,38,-5,81
5157630,70,5,6,75
5158140,46,24,-2,77
5158650,61,7,0,77
5159160,76,26,1,76
5159670,32,45,-1,77
5160180,66,12,0,77
5160690,22,31,-1,78
5161200,56,100,-3,81
5161710,80,91,3,78
5162220,62,16,3,75
5162730,18,35,-2,77
5163240,70,2,3,74
5163750,46,21,-6,80
5164260,61,4,4,76
5164770,31,32,-2,78
5165280,73,101,3,75
5165790,55,26,-11,86
5166300,70,9,13,73
5166810,46,28,-9,82
5167320,61,11,10,72
5167830,17,30,-4,76
5168340,59,99,3,73
5168850,83,90,2,71
5169360,65,15,-4,75
5169870,21,25,-9,84
5170380,63,94,9,75
5170890,87,30,2,73
5171400,43,80,-3,76
5171910,67,71,-2,78
5172420,17,7,4,74
5172930,62,46,-6,80
5173440,23,29,-4,84
5173950,65,98,10,74
5174460,28,34,-9,83
5174970,70,1,7,76
5175480,46,20,-7,83
5175990,61,3,10,73
5176500,37,22,-14,87
5177010,52,5,10,77
5177520,67,24,-2,79
5178030,23,43,-5,84
5178540,57,10,6,78
5179050,72,29,5,73
5179560,28,48,-7,80
5180070,62,15,1,79
5180580,18,34,-9,88
5181090,60,1,13,75
5181600,30,20,-4,79
5182110,61,3,7,72
5182620,37,22,-13,85
5183130,100,87,5,80
5183640,56,12,3,77
5184150,71,31,7,70
5184660,27,50,-12,82
5185170,69,17,6,76
5185680,25,27,-9,85
5186190,67,96,8,77
5186700,49,32,-4,81
5187210,64,15,8,73
5187720,20,34,-8,81
5188230,72,1,8,73
5188740,48,20,-3,76
5189250,63,3,1,75
5189760,39,22,-14,89
5190270,54,5,15,74
5190780,69,24,-3,77
5191290,25,43,-1,78
5191800,67,10,0,78
5192310,23,20,-3,81
5192820,86,89,7,74
5193330,49,14,-8,82
5193840,64,59,7,75
5194350,20,60,-8,83
5194860,31,51,-1,84
5195370,73,18,12,72
5195880,29,28,-8,80
5196390,92,97,3,77
5196900,48,22,-3,80
5197410,73,5,9,71
5197920,49,15,-12,83
5198430,64,100,3,80
5198940,88,91,10,70
5199450,44,16,-13,83
5199960,59,101,9,74
5200470,83,92,-2,76
5200980,46,17,-7,83
5201490,61,0,12,71
5202000,37,19,-9,80
5202510,52,2,2,78
5203020,67,21,3,75
5203530,82,40,-9,84
5204040,38,59,-1,85
5204550,72,26,9,76
5205060,28,45,-4,80
5205570,62,12,6,74
5206080,18,22,-9,83
5206590,70,91,7,76
5207100,33,16,-8,84
5207610,48,101,6,78
5208120,59,90,4,74
5208630,83,81,-5,79
5209140,39,6,-3,82
5209650,54,91,7,75
5210160,78,82,0,75
5210670,41,7,1,74
5211180,56,92,-2,76
5211690,80,83,-3,79
5212200,36,8,-5,84
5212710,51,93,8,76
5213220,62,29,-8,84
5213730,87,12,7,77
5214240,63,39,-11,88
5214750,88,22,15,73
5215260,44,49,-7,80
5215770,86,16,1,79
5216280,62,43,-7,86
5216790,23,26,6,80
5217300,65,95,6,74
5217810,28,20,-9,83
5218320,91,89,8,75
5218830,54,14,-4,79
5219340,69,99,5,74
5219850,32,35,-9,83
5220360,66,2,4,79
5220870,36,21,-2,81
5221380,51,4,4,77
5221890,66,23,0,77
5222400,22,42,-7,84
5222910,56,9,7,77
5223420,71,28,-2,79
5223930,27,47,-4,83
5224440,61,14,11,72
5224950,76,24,-2,74
5225460,32,51,-5,79
5225970,66,18,3,76
5226480,81,37,-1,77
5226990,37,64,-4,81
5227500,71,31,4,77
5228010,27,58,-2,79
5228520,66,25,2,77
5229030,22,44,-10,87
5229540,56,11,8,79
5230050,71,21,4,75
5230560,44,48,-8,83
5231070,86,15,6,77
5231580,62,42,-5,82
5232090,87,25,4,78
5232600,43,52,4,74
5233110,85,19,-2,76
5233620,61,46,-10,86
5234130,76,29,12,74
5234640,32,56,-9,83
5235150,66,23,0,83
5235660,91,50,3,80
5236170,47,77,5,75
5236680,71,68,-4,79
5237190,50,95,4,75
5237700,74,31,-1,76
5238210,30,58,-6,82
5238720,69,25,-3,85
5239230,94,38,1,84
5239740,50,65,1,83
5240250,0,32,1,82
5240760,64,29,0,82
5241270,89,40,6,76
5241780,45,67,1,75
5242290,97,34,-4,79
5242800,53,61,-4,83
5243310,3,28,5,78
5243820,67,25,3,75
5244330,23,44,-5,80
5244840,65,11,6,74
5245350,21,21,-4,78
5245860,63,90,0,78
5246370,13,57,-4,82
5246880,23,48,-4,86
5247390,33,15,3,83
5247900,48,100,8,75
5248410,59,89,-1,76
5248920,41,25,-11,87
5249430,56,8,11,76
5249940,71,46,-4,80
5250450,27,29,4,76
5250960,69,98,0,76
5251470,51,34,0,76
5251980,12,17,-9,85
5252490,76,86,11,74
5253000,39,11,-10,84
5253510,54,96,9,75
5254020,78,87,-1,76
5254530,41,12,-5,81
5255040,56,97,3,78
5255550,80,33,1,77
5256060,36,34,-9,86
5256570,78,1,8,78
5257080,54,20,-1,79
5257590,79,31,7,72
5258100,35,58,-7,79
5258610,77,25,2,77
5259120,33,52,-11,88
5259630,75,19,11,77
5260140,90,46,-1,78
5260650,46,73,-3,81
5261160,70,40,-1,82
5261670,26,51,4,78
5262180,68,18,3,75
5262690,75,28,4,71
5263200,31,55,-12,83
5263710,73,22,10,73
5264220,29,49,-13,86
5264730,56,16,10,76
5265240,71,101,1,75
5265750,34,68,-6,81
5266260,58,35,-7,88
5266770,73,18,13,75
5267280,88,28,2,73
5267790,44,55,-4,77
5268300,86,22,-1,78
5268810,62,49,-2,80
5269320,23,32,-1,81
5269830,65,101,7,74
5270340,28,37,-15,89
5270850,70,4,13,76
5271360,46,14,-7,83
5271870,61,99,11,72
5272380,24,90,-13,85
5272890,35,79,7,78
5273400,46,46,3,75
5273910,25,13,-10,85
5274420,88,82,11,74
5274930,51,83,-1,75
5275440,75,50,2,73
5275950,31,51,-7,80
5276460,73,18,8,72
5276970,29,28,-12,84
5277480,71,76,3,81
5277990,34,43,-7,88
5278500,76,10,15,73
5279010,52,37,-12,85
5279520,67,20,12,73
5280030,23,30,-9,82
5280540,65,99,7,75
5281050,28,35,-7,82
5281560,70,2,9,73
5282070,40,20,-10,83
5282580,55,3,4,79
5283090,70,22,5,74
5283600,85,49,0,74
5284110,41,50,-9,83
5284620,83,17,12,71
5285130,59,44,-9,80
5285640,74,27,7,73
5286150,30,54,-6,79
5286660,72,21,6,73
5287170,28,48,-9,82
5287680,70,15,11,71
5288190,77,42,-3,74
5288700,33,69,-7,81
5289210,43,36,-4,85
5289720,58,3,7,78
5290230,73,22,0,78
5290740,88,23,6,72
5291250,64,50,-11,83
5291760,79,33,8,75
5292270,35,60,-9,84
5292780,77,27,6,78
5293290,0,54,-3,81
5293800,10,37,1,80
5294310,74,4,8,72
5294820,58,14,-4,76
5295330,73,33,-2,78
5295840,98,60,4,74
5296350,54,61,-9,83
5296860,96,28,9,74
5297370,52,55,-11,85
5297880,94,22,12,73
5298390,70,49,-10,83
5298900,26,32,3,80
5299410,68,101,5,75
5299920,50,0,-6,81
5300430,65,19,6,75
5300940,80,20,1,74
5301450,95,47,-2,76
5301960,51,74,-8,84
5302470,1,41,4,80
5302980,65,50,-3,83
5303490,76,33,6,77
5304000,32,34,-2,79
5304510,74,1,5,74
5305020,50,20,-3,77
5305530,65,31,2,75
5306040,90,42,0,75
5306550,46,69,-6,81
5307060,88,36,6,75
5307570,44,63,-8,83
5308080,86,30,7,76
5308590,42,57,-9,85
5309100,76,24,10,75
5309610,32,59,-7,82
5310120,60,26,-1,83
5310630,85,37,11,72
5311140,41,38,-11,83
5311650,56,5,8,75
5312160,71,43,-4,79
5312670,96,44,4,75
5313180,52,71,-4,79
5313690,2,38,1,78
5314200,66,5,0,78
5314710,81,24,5,73
5315220,37,51,-4,77
5315730,79,18,4,73
5316240,55,28,-13,86
5316750,80,39,8,78
5317260,36,40,-4,82
5317770,78,7,0,82
5318280,48,17,2,80
5318790,5,28,4,76
5319300,69,97,1,75
5319810,51,64,-9,84
5320320,85,31,6,78
5320830,41,74,-5,83
5321340,65,41,1,82
5321850,90,24,7,75
5322360,66,51,-7,82
5322870,45,52,-1,83
5323380,79,19,5,78
5323890,94,46,2,76
5324400,50,73,-3,79
5324910,0,40,-1,80
5325420,64,7,3,77
5325930,79,26,1,76
5326440,35,27,-8,84
5326950,50,71,-3,87
5327460,84,38,8,79
5327970,40,65,-6,85
5328480,74,32,7,78
5328990,30,51,3,75
5329500,72,18,-5,80
5330010,87,45,2,78
5330520,43,46,-2,80
5331030,22,13,0,80
5331540,37,82,5,75
5332050,48,49,-4,79
5332560,90,16,-5,84
5333070,66,43,6,78
5333580,91,26,6,72
5334090,47,53,-9,81
5334600,26,20,1,80
5335110,89,89,4,76
5335620,52,90,4,72
5336130,76,57,-14,86
5336640,55,58,7,79
5337150,34,25,-3,82
5337660,97,94,1,81
5338170,79,95,7,74
5338680,42,31,-11,85
5339190,57,14,0,85
5339700,72,99,11,74
5340210,54,100,-1,75
5340720,78,32,1,74
5341230,34,33,-11,85
5341740,59,100,11,74
5342250,83,67,-6,80
5342760,62,68,1,79
5343270,12,35,0,79
5343780,88,2,2,77
5344290,64,21,0,77
5344800,89,32,4,73
5345310,45,59,-10,83
5345820,87,26,10,73
5346330,43,53,-8,81
5346840,85,20,10,71
5347350,61,47,-5,76
5347860,86,48,0,76
5348370,42,49,-7,83
5348880,84,16,3,80
5349390,99,43,-3,83
5349900,55,70,-3,86
5350410,34,37,2,84
5350920,59,4,9,75
5351430,29,42,-7,82
5351940,56,9,2,80
5352450,71,47,4,76
5352960,96,48,-3,79
5353470,52,49,-6,85
5353980,67,16,4,81
5354490,82,17,9,72
5355000,56,44,-10,82
5355510,71,27,11,71
5356020,96,28,-3,74
5356530,52,55,-17,91
5357040,31,22,6,85
5357550,56,91,12,73
5358060,38,58,-12,85
5358570,72,25,3,82
5359080,97,26,2,80
5359590,73,53,-1,81
5360100,98,54,6,75
5360610,54,55,-4,79
5361120,68,22,4,75
5361630,93,23,0,75
5362140,67,50,-2,77
5362650,92,33,3,74
5363160,48,60,-8,82
5363670,76,27,6,76
5364180,101,28,2,74
5364690,75,55,-15,89
5365200,100,56,11,78
5365710,56,57,-5,83
5366220,70,24,5,78
5366730,95,25,1,77
5367240,69,52,-4,81
5367750,94,53,4,77
5368260,50,54,-10,87
5368770,64,21,12,75
5369280,89,32,-4,79
5369790,12,33,3,76
5370300,88,0,-1,77
5370810,64,19,2,75
5371320,89,20,5,70
5371830,63,47,-9,79
5372340,88,30,4,75
5372850,44,57,-8,83
5373360,23,24,0,83
5373870,48,93,10,73
5374380,72,60,-7,80
5374890,51,61,-1,81
5375400,1,28,-5,86
5375910,65,97,15,71
5376420,47,33,-11,82
5376930,72,16,7,75
5377440,30,54,-6,81
5377950,58,21,-1,82
5378460,83,32,6,76
5378970,39,33,-5,81
5379480,64,0,9,72
5379990,38,19,-11,83
5380500,53,2,5,78
5381010,68,87,3,75
5381520,50,23,-12,87
5382030,75,17,16,71
5382540,49,44,-4,75
5383050,64,11,0,75
5383560,79,21,4,71
5384070,94,22,-6,77
5384580,68,49,0,77
5385090,93,50,0,77
5385600,49,51,-2,79
5386110,28,18,-1,80
5386620,91,87,6,74
5387130,73,88,0,74
5387640,55,24,-9,83
5388150,80,7,1,82
5388660,50,17,-1,83
5389170,75,0,3,80
5389680,51,19,0,80
5390190,76,30,7,73
5390700,101,31,-2,75
5391210,57,58,-12,87
5391720,71,25,6,81
5392230,96,36,0,81
5392740,52,63,-5,86
5393250,2,30,8,78
5393760,66,99,-1,79
5394270,48,66,-4,83
5394780,82,33,1,82
5395290,38,34,-7,89
5395800,77,1,15,74
5396310,51,20,-5,79
5396820,76,31,3,76
5397330,32,42,-2,78
5397840,11,9,-4,82
5398350,75,78,-1,83
5398860,57,79,2,81
5399370,7,46,3,78
5399880,71,55,-6,84
5400390,85,38,8,76
5400900,41,65,1,75
5401410,68,32,-1,76
5401920,93,33,-1,77
5402430,49,60,-6,83
5402940,35,27,0,83
5403450,60,96,11,72
5403960,42,32,-14,86
5404470,57,15,8,78
5404980,72,26,4,74
5405490,97,27,-2,76
5406000,53,54,-7,83
5406510,67,21,9,74
5407020,92,22,0,74
5407530,68,49,-7,81
5408040,82,32,5,76
5408550,38,59,-8,84
5409060,65,26,7,77
5409570,90,37,4,73
5410080,46,64,-7,80
5410590,73,31,6,74
5411100,98,32,-8,82
5411610,54,59,2,80
5412120,4,26,-9,89
5412630,68,23,12,77
5413140,93,24,2,75
5413650,69,51,-7,82
5414160,83,34,9,73
5414670,39,61,-11,84
5415180,66,28,3,81
5415690,91,39,8,73
5416200,47,66,-4,77
5416710,29,33,-8,85
5417220,71,0,7,78
5417730,45,19,-5,83
5418240,60,2,7,76
5418750,30,21,-5,81
5419260,45,90,11,70
5419770,69,57,-22,92
5420280,83,40,20,72
5420790,39,41,-10,82
5421300,81,8,5,77
5421810,57,35,-6,83
5422320,82,18,10,73
5422830,56,45,-4,77
5423340,70,28,4,73
5423850,26,29,-11,84
5424360,53,98,5,79
5424870,35,65,-6,85
5425380,62,32,1,84
5425890,87,15,3,81
5426400,63,42,1,80
5426910,88,25,3,77
5427420,64,52,-8,85
5427930,78,35,7,78
5428440,34,36,-6,84
5428950,76,3,12,72
5429460,52,13,-13,85
5429970,67,98,13,72
5430480,49,99,-6,78
5430990,73,90,0,78
5431500,55,22,0,78
5432010,80,33,-2,80
5432520,36,34,-5,85
5433030,51,1,5,80
5433540,68,20,4,76
5434050,83,21,3,73
5434560,57,48,-8,81
5435070,71,49,-4,85
5435580,85,50,9,76
5436090,41,51,-4,80
5436600,83,18,6,74
5437110,57,45,-11,85
5437620,53,28,3,82
5438130,68,11,-5,87
5438640,83,21,17,70
5439150,59,48,-11,81
5439660,73,31,8,73
5440170,29,32,-9,82
5440680,71,101,11,71
5441190,53,0,-4,75
5441700,70,19,-3,78
5442210,85,20,6,72
5442720,61,47,-15,87
5443230,75,30,11,76
5443740,31,31,-8,84
5444250,73,100,9,75
5444760,55,101,-1,76
5445270,37,37,-5,81
5445780,79,4,11,70
5446290,53,31,-15,85
5446800,78,14,5,80
5447310,52,41,-7,87
5447820,66,24,0,87
5448330,91,35,13,74
5448840,47,62,-3,77
5449350,29,29,-4,81
5449860,71,98,5,76
5450370,53,99,4,72
5450880,77,90,-4,76
5451390,59,26,-4,80
5451900,84,37,3,77
5452410,40,38,-8,85
5452920,19,5,-2,87
5453430,76,90,2,85
5453940,58,26,6,79
5454450,83,37,2,77
5454960,39,64,-4,81
5455470,66,31,0,81
5455980,91,42,1,80
5456490,47,43,-1,81
5457000,93,10,5,76
5457510,69,37,1,75
5458020,25,38,-7,82
5458530,52,5,7,75
5459040,67,24,-7,82
5459550,92,35,7,75
5460060,48,62,-6,81
5460570,27,29,-3,84
5461080,55,98,1,83
5461590,79,89,0,83
5462100,42,25,9,74
5462610,57,8,-5,79
5463120,72,27,4,75
5463630,28,28,-3,78
5464140,70,97,0,78
5464650,52,98,0,78
5465160,76,89,-3,81
5465670,58,25,4,77
5466180,61,36,-3,80
5466690,75,19,7,73
5467200,49,10,-5,78
5467710,64,95,5,73
5468220,46,96,-2,75
5468730,70,66,-7,82
5469240,52,67,1,81
5469750,2,34,0,81
5470260,66,25,-3,84
5470770,22,44,-3,87
5471280,49,11,5,82
5471790,64,96,12,70
5472300,44,97,-8,78
5472810,55,86,2,76
5473320,37,87,-8,84
5473830,48,76,11,73
5474340,30,43,-14,87
5474850,57,10,6,81
5475360,31,29,-4,85
5475870,73,98,9,76
5476380,55,99,-1,77
5476890,37,35,-8,85
5477400,51,2,13,72
5477910,68,21,-2,74
5478420,24,14,-8,82
5478930,87,83,5,77
5479440,69,84,-9,86
5479950,19,51,4,82
5480460,29,18,3,79
5480970,92,87,-2,81
5481480,74,88,7,74
5481990,56,89,-2,76
5482500,38,90,-8,84
5483010,48,79,4,80
5483520,30,46,-6,86
5484030,57,13,4,82
5484540,64,32,-4,86
5485050,89,43,8,78
5485560,45,70,-3,81
5486070,59,37,2,79
5486580,73,20,6,73
5487090,29,21,-6,79
5487600,8,90,3,76
5488110,19,79,-8,84
5488620,30,74,5,79
5489130,40,63,-5,84
5489640,67,30,7,77
5490150,92,31,5,72
5490660,48,58,-10,82
5491170,100,25,7,75
5491680,76,52,-2,77
5492190,32,53,-7,84
5492700,59,20,7,77
5493210,84,31,3,74
5493720,40,32,-14,88
5494230,19,15,5,83
5494740,82,84,6,77
5495250,64,85,-2,79
5495760,46,52,-1,80
5496270,25,19,-8,88
5496780,35,88,7,81
5497290,46,71,5,76
5497800,60,38,-13,89
5498310,85,21,11,78
5498820,61,48,-6,84
5499330,75,31,5,79
5499840,31,32,-1,80
5500350,56,101,5,75
5500860,80,37,-4,79
5501370,36,38,-2,81
5501880,78,5,7,74
5502390,54,15,-4,78
5502900,79,100,3,75
5503410,61,36,-13,88
5503920,86,19,8,80
5504430,62,46,-2,82
5504940,76,47,1,81
5505450,32,48,2,79
5505960,101,15,2,77
5506470,77,42,0,77
5506980,33,43,-2,79
5507490,75,10,-3,82
5508000,49,20,4,78
5508510,74,3,5,73
5509020,48,13,-7,80
5509530,73,98,4,76
5510040,55,34,-15,91
5510550,80,17,16,75
5511060,54,44,-9,84
5511570,68,11,5,79
5512080,42,30,-2,81
5512590,67,13,2,79
5513100,74,32,7,72
5513610,30,33,-11,83
5514120,72,0,11,72
5514630,48,19,-8,80
5515140,73,2,9,71
5515650,47,21,-9,80
5516160,72,4,3,77
5516670,46,23,2,75
5517180,71,6,2,73
5517690,45,25,-7,80
5518200,70,8,8,72
5518710,44,18,-8,80
5519220,55,1,2,78
5519730,72,20,5,73
5520240,28,21,-7,80
5520750,91,90,4,76
5521260,73,91,3,73
5521770,55,92,-2,75
5522280,79,83,-10,85
5522790,61,84,7,78
5523300,43,51,-6,84
5523810,85,18,10,74
5524320,59,45,-11,85
5524830,84,28,6,79
5525340,40,29,-2,81
5525850,65,12,5,76
5526360,72,31,1,75
5526870,28,32,-4,79
5527380,70,101,2,77
5527890,52,0,0,77
5528400,44,19,-17,94
5528910,55,2,15,79
5529420,72,21,4,75
5529930,97,22,0,75
5530440,71,49,-3,78
5530950,27,50,-4,82
5531460,69,17,7,75
5531970,43,18,-12,87
5532480,58,1,13,74
5532990,32,20,-13,87
5533500,95,89,9,78
5534010,77,90,6,72
5534520,59,91,-10,82
5535030,83,58,-1,83
5535540,39,59,2,81
5536050,101,26,2,79
5536560,77,53,5,74
5537070,33,54,-6,80
5537580,75,21,-1,81
5538090,49,22,-1,82
5538600,74,5,12,70
5539110,48,32,-12,82
5539620,27,15,-5,87
5540130,90,84,14,73
5540640,69,85,-10,83
5541150,51,21,1,82
5541660,76,4,9,73
5542170,50,23,-10,83
5542680,75,6,14,69
5543190,49,25,-14,83
5543700,74,8,10,73
5544210,48,27,-14,87
5544720,63,10,14,73
5545230,70,29,-3,76
5545740,95,30,3,73
5546250,51,57,-15,88
5546760,1,24,1,87
5547270,65,21,12,75
5547780,90,40,-6,81
5548290,46,41,-3,84
5548800,88,8,11,73
5549310,64,18,0,73
5549820,20,19,-8,81
5550330,62,88,12,69
5550840,44,55,-15,84
5551350,96,22,11,73
5551860,72,49,-14,87
5552370,97,32,9,78
5552880,53,59,0,78
5553390,3,26,3,75
5553900,67,95,1,74
5554410,49,62,-7,81
5554920,101,29,1,80
5555430,77,56,0,80
5555940,33,57,1,79
5556450,75,24,4,75
5556960,31,25,-9,84
5557470,73,94,11,73
5557980,55,95,-4,77
5558490,79,86,1,76
5559000,61,87,0,76
5559510,43,54,-7,83
5560020,95,21,3,80
5560530,71,48,-1,81
5561040,96,31,4,77
5561550,70,58,-3,80
5562060,49,59,1,79
5562570,101,26,-1,80
5563080,77,53,3,77
5563590,95,54,-2,79
5564100,51,55,-5,84
5564610,1,22,3,81
5565120,65,19,2,79
5565630,90,38,2,77
5566140,46,65,-1,78
5566650,98,32,0,78
5567160,74,59,-5,83
5567670,53,60,-3,86
5568180,3,27,6,80
5568690,67,24,3,77
5569200,92,43,-6,83
5569710,48,70,4,79
5570220,100,37,-2,81
5570730,56,64,0,81
5571240,6,31,1,80
5571750,70,22,7,73
5572260,95,23,-1,74
5572770,71,50,-9,83
5573280,96,51,5,78
5573790,52,52,-4,82
5574300,31,19,-3,85
5574810,42,88,4,81
5575320,66,79,-3,84
5575830,16,46,6,78
5576340,80,13,4,74
5576850,56,32,-3,77
5577360,81,15,3,74
5577870,57,34,-3,77
5578380,82,53,-1,78
5578890,38,54,-2,80
5579400,90,21,4,76
5579910,66,48,-7,83
5580420,80,49,2,81
5580930,36,68,0,81
5581440,46,35,-4,85
5581950,25,2,2,83
5582460,42,51,-1,84
5582970,84,18,9,75
5583480,60,45,-13,88
5583990,75,46,13,75
5584500,31,65,-8,83
5585010,41,32,-3,86
5585520,83,101,10,76
5586030,65,0,3,73
5586540,39,19,-9,82
5587050,54,2,8,74
5587560,71,21,-3,77
5588070,27,4,-3,80
5588580,28,89,-3,83
5589090,39,78,4,79
5589600,63,45,-7,86
5590110,42,28,2,84
5590620,67,11,11,73
5591130,82,30,2,71
5591640,38,31,-12,83
5592150,80,100,6,77
5592660,62,101,2,75
5593170,44,92,-3,78
5593680,68,83,2,76
5594190,50,50,-6,82
5594700,0,17,2,80
5595210,64,14,7,73
5595720,79,33,-1,74
5596230,35,60,-9,83
5596740,77,27,9,74
5597250,33,46,-7,81
5597760,75,13,11,70
5598270,49,23,-6,76
5598780,74,42,-1,77
5599290,99,61,-4,81
5599800,55,62,3,78
5600310,5,29,0,78
5600820,69,20,2,76
5601330,94,39,-2,78
5601840,50,66,-4,82
5602350,0,33,0,82
5602860,64,24,6,76
5603370,89,43,-3,79
5603880,45,44,-3,82
5604390,87,11,3,79
5604900,63,38,-4,83
5605410,88,57,0,83
5605920,44,58,2,81
5606430,96,25,-3,84
5606940,72,52,6,78
5607450,97,53,5,73
5607960,53,54,-13,86
5608470,95,21,7,79
5608980,71,48,-2,81
5609490,96,67,-3,84
5610000,52,68,2,82
5610510,2,35,4,78
5611020,66,26,0,78
5611530,17,45,-1,79
5612040,93,12,0,79
5612550,69,39,2,77
5613060,94,58,-6,83
5613570,50,59,-1,84
5614080,0,26,-1,85
5614590,64,23,4,81
5615100,89,42,3,78
5615610,45,43,-3,81
5616120,24,10,-2,83
5616630,87,79,5,78
5617140,66,80,0,78
5617650,16,47,-5,83
5618160,92,14,8,75
5618670,68,41,-7,82
5619180,93,42,6,76
5619690,49,69,-3,79
5620200,101,36,-6,85
5620710,57,63,8,77
5621220,7,30,0,77
5621730,71,21,1,76
5622240,27,40,-6,82
5622750,69,7,10,72
5623260,43,26,-7,79
5623770,58,9,1,78
5624280,73,28,-2,80
5624790,98,47,4,76
5625300,93,74,-3,79
5625810,49,75,3,76
5626320,101,42,-8,84
5626830,57,69,7,77
5627340,7,36,-12,89
5627850,71,27,7,82
5628360,27,46,4,78
5628870,69,13,4,74
5629380,76,32,1,73
5629890,32,51,-9,82
5630400,84,18,8,74
5630910,58,45,-4,78
5631420,37,28,-2,80
5631930,62,97,4,76
5632440,44,33,-10,86
5632950,86,0,9,77
5633460,62,19,2,75
5633970,87,38,0,75
5634480,43,65,-3,78
5634990,95,32,-5,83
5635500,51,59,0,83
5636010,1,26,5,78
5636520,65,17,0,78
5637030,72,36,-1,79
5637540,28,55,-1,80
5638050,70,22,8,72
5638560,26,41,-12,84
5639070,68,8,9,75
5639580,42,27,-7,82
5640090,53,10,2,80
5640600,60,29,0,80
5641110,85,48,3,77
5641620,41,49,-3,80
5642130,93,16,-1,81
5642640,69,43,-5,86
5643150,94,62,3,83
5643660,80,63,3,80
5644170,59,64,-4,84
5644680,38,31,-10,94
5645190,101,100,12,82
5645700,80,101,6,76
5646210,62,0,-3,79
5646720,32,19,-5,84
5647230,95,88,7,77
5647740,74,89,4,73
5648250,56,90,-3,76
5648760,80,91,-3,79
5649270,59,27,1,78
5649780,84,46,4,74
5650290,40,65,-10,84
5650800,82,32,13,71
5651310,38,59,-10,81
5651820,80,26,7,74
5652330,36,27,-9,83
5652840,78,96,3,80
5653350,57,97,4,76
5653860,62,33,-4,80
5654370,87,52,3,77
5654880,43,53,0,77
5655390,22,20,-7,84
5655900,64,89,5,79
5656410,43,90,0,79
5656920,54,81,0,79
5657430,4,48,-3,82
5657940,68,39,1,81
5658450,93,58,0,81
5658960,49,59,1,80
5659470,28,26,-3,83
5659980,70,95,11,72
5660490,52,31,-17,89
5661000,63,14,11,78
5661510,70,33,2,76
5662020,95,52,5,71
5662530,51,53,-8,79
5663040,30,20,-2,81
5663550,93,89,3,78
5664060,72,90,2,76
5664570,51,26,-8,84
5665080,76,9,17,67
5665590,52,19,-17,84
5666100,77,2,10,74
5666610,53,21,-2,76
5667120,78,40,4,72
5667630,34,67,-10,82
5668140,44,34,-3,85
5668650,23,1,3,82
5669160,15,50,-7,89
5669670,79,17,16,73
5670180,53,27,-7,80
5670690,78,46,5,75
5671200,34,73,-7,82
5671710,45,40,-2,84
5672220,24,7,5,79
5672730,87,76,-4,83
5673240,66,77,8,75
5673750,45,44,-9,84
5674260,24,11,1,83
5674770,87,80,12,71
5675280,66,81,-11,82
5675790,45,48,-1,83
5676300,87,15,8,75
5676810,63,42,-10,85
5677320,88,61,10,75
5677830,44,62,-8,83
5678340,86,29,9,74
5678850,42,56,-10,84
5679360,21,23,-2,86
5679870,63,92,13,73
5680380,45,28,-14,87
5680890,24,11,5,82
5681400,87,80,1,81
5681910,66,81,7,74
5682420,45,48,-10,84
5682930,24,15,-6,90
5683440,88,84,9,81
5683950,67,85,4,77
5684460,46,21,0,77
5684970,71,4,1,76
5685480,41,23,-5,81
5685990,66,6,7,74
5686500,40,25,-8,82
5687010,65,8,4,78
5687520,72,27,-1,79
5688030,97,46,1,78
5688540,53,73,2,76
5689050,67,40,-3,79
5689560,92,59,-4,83
5690070,48,97,13,70
5690580,59,64,-9,79
5691090,38,31,-5,84
5691600,17,100,1,83
5692110,28,89,2,81
5692620,39,78,2,79
5693130,50,45,1,78
5693640,64,12,-2,80
5694150,71,31,6,74
5694660,96,58,-6,80
5695170,52,59,-2,82
5695680,31,26,4,78
5696190,10,95,-3,81
5696700,91,84,8,73
5697210,70,85,-10,83
5697720,49,21,-6,89
5698230,64,4,10,79
5698740,34,23,-3,82
5699250,59,92,11,71
5699760,41,28,-16,87
5700270,66,11,13,74
5700780,73,30,0,74
5701290,98,57,-9,83
5701800,54,84,4,79
5702310,68,51,3,76
5702820,47,52,-9,85
5703330,26,19,1,84
5703840,89,88,5,79
5704350,68,13,3,76
5704860,75,23,2,74
5705370,31,42,-8,82
5705880,10,9,2,80
5706390,74,78,-1,81
5706900,53,45,2,79
5707410,32,12,-11,90
5707920,33,97,4,86
5708430,44,86,10,76
5708940,68,77,-4,80
5709450,47,13,-3,83
5709960,62,1,7,76
5710470,32,20,-7,83
5710980,47,89,10,73
5711490,71,56,-10,83
5712000,50,57,-5,88
5712510,29,24,3,85
5713020,92,93,13,72
5713530,71,18,-2,74
5714040,27,37,-3,77
5714550,69,4,4,73
5715060,45,23,-7,80
5715570,56,6,4,76
5716080,63,25,-2,78
5716590,88,44,1,77
5717100,44,71,-3,80
5717610,58,38,1,79
5718120,83,21,3,76
5718630,59,48,-3,79
5719140,38,15,0,79
5719650,53,100,-2,81
5720160,77,36,5,76
5720670,33,63,-6,82
5721180,47,30,1,81
5721690,62,13,10,71
5722200,69,32,-9,80
5722710,94,51,1,79
5723220,92,78,7,72
5723730,71,79,-6,78
5724240,50,15,-5,83
5724750,75,100,10,73
5725260,57,25,-4,77
5725770,82,51,3,74
5726280,38,78,-9,83
5726790,49,45,5,78
5727300,63,12,7,71
5727810,70,31,-5,76
5728320,26,50,-2,78
5728830,5,17,-2,80
5729340,86,86,1,79
5729850,65,11,0,79
5730360,80,30,2,77
5730870,36,49,0,77
5731380,78,16,1,76
5731890,54,35,-4,80
5732400,79,54,-1,81
5732910,35,55,5,76
5733420,49,22,-3,79
5733930,74,5,-1,80
5734440,44,24,-8,88
5734950,59,7,17,71
5735460,66,26,-8,79
5735970,91,45,6,73
5736480,47,72,-12,85
5736990,26,39,8,77
5737500,68,6,3,74
5738010,38,25,-5,79
5738520,53,94,6,73
5739030,77,30,-4,77
5739540,33,49,-1,78
5740050,12,16,-1,79
5740560,93,85,1,78
5741070,72,86,-1,79
5741580,51,53,-2,81
5742090,65,20,3,78
5742600,90,39,1,77
5743110,46,66,-2,79
5743620,25,33,2,77
5744130,4,0,-6,83
5744640,61,69,3,80
5745150,40,36,-3,83
5745660,19,3,4,79
5746170,11,72,-6,85
5746680,22,61,8,77
5747190,33,28,-2,79
5747700,58,97,4,75
5748210,69,33,-9,84
5748720,94,52,3,81
5749230,50,79,7,74
5749740,32,46,-12,86
5750250,11,13,4,82
5750760,75,82,3,79
5751270,54,49,0,79
5751780,33,16,1,78
5752290,44,85,0,78
5752800,55,52,4,74
5753310,34,19,-11,85
5753820,64,88,3,82
5754330,43,55,-2,84
5754840,22,22,-11,95
5755350,48,91,21,74
5755860,59,82,1,73
5756370,38,49,-7,80
5756880,17,16,-1,81
5757390,98,85,-3,84
5757900,77,86,9,75
5758410,56,11,-2,77
5758920,71,30,-5,82
5759430,96,49,4,78
5759940,52,76,1,77
5760450,31,43,-4,81
5760960,10,10,-4,85
5761470,74,79,7,78
5761980,53,4,1,77
5762490,60,23,0,77
5763000,85,42,4,73
5763510,41,69,-11,84
5764020,55,36,3,81
5764530,70,19,9,72
5765040,77,57,-8,80
5765550,33,58,-3,83
5766060,12,25,5,78
5766570,88,94,6,72
5767080,67,19,-6,78
5767590,74,38,5,73
5768100,30,65,-8,81
5768610,40,3,1,80
5769120,41,52,-4,84
5769630,54,17,10,74
5770140,79,36,-1,75
5770650,35,63,-8,83
5771160,14,30,3,80
5771670,95,99,3,77
5772180,74,35,-3,80
5772690,99,62,0,80
5773200,55,89,2,78
5773710,37,80,2,76
5774220,48,69,-2,78
5774730,27,36,-4,82
5775240,6,3,4,78
5775750,70,88,-4,82
5776260,49,24,-4,86
5776770,64,7,6,80
5777280,79,59,-1,81
5777790,35,60,-2,83
5778300,14,27,3,80
5778810,95,96,6,74
5779320,74,32,-2,76
5779830,30,51,-4,80
5780340,9,18,3,77
5780850,90,87,-2,79
5781360,69,12,9,70
5781870,76,50,-7,77
5782380,32,88,1,76
5782890,43,77,-4,80
5783400,54,68,-5,85
5783910,33,35,2,83
5784420,12,2,4,79
5784930,69,13,2,77
5785440,76,32,2,75
5785950,32,59,-6,81
5786460,11,26,5,76
5786970,92,95,4,72
5787480,74,20,0,72
5787990,53,47,-12,84
5788500,32,14,4,80
5789010,47,99,2,78
5789520,58,88,5,73
5790030,4,24,-9,82
5790540,85,21,13,69
5791050,61,48,-10,79
5791560,40,49,-11,90
5792070,19,16,7,83
5792580,30,85,3,80
5793090,41,74,-1,81
5793600,55,41,3,78
5794110,70,24,3,75
5794620,77,62,-10,85
5795130,56,63,1,84
5795640,35,30,2,82
5796150,14,99,1,81
5796660,95,88,9,72
5797170,74,13,1,71
5797680,50,40,-13,84
5798190,65,7,9,75
5798700,41,26,-10,85
5799210,20,9,2,83
5799720,101,78,-1,84
5800230,57,79,3,81
5800740,36,15,0,81
5801250,47,100,9,72
5801760,68,36,-9,81
5802270,93,55,4,77
5802780,49,82,-1,78
5803290,28,49,1,77
5803800,7,16,-5,82
5804310,88,85,10,72
5804820,67,10,-2,74
5805330,74,48,-4,78
5805840,99,67,-7,85
5806350,55,3,10,75
5806860,62,22,-6,81
5807370,87,41,10,71
5807880,43,68,-8,79
5808390,22,35,-1,80
5808900,1,2,3,77
5809410,96,101,1,76
5809920,78,26,-1,77
5810430,34,64,-7,84
5810940,44,31,2,82
5811450,59,14,4,78
5811960,66,33,-1,79
5812470,91,52,0,79
5812980,47,79,3,76
5813490,61,70,-4,80
5814000,40,37,-8,88
5814510,19,4,10,78
5815020,30,89,-3,81
5815530,41,25,-2,83
5816040,56,8,5,78
5816550,63,27,-4,82
5817060,88,46,6,76
5817570,44,73,-6,82
5818080,58,40,2,80
5818590,83,82,7,73
5819100,62,83,-4,77
5819610,41,19,-14,91
5820120,52,2,15,76
5820630,59,21,-2,78
5821140,84,40,0,78
5821650,40,59,-4,82
5822160,19,26,0,82
5822670,100,95,4,78
5823180,79,96,6,72
5823690,61,32,-10,82
5824200,86,51,-1,83
5824710,42,89,6,77
5825220,53,25,-3,80
5825730,78,44,-3,83
5826240,1,63,6,77
5826750,82,46,-6,83
5827260,5,73,3,80
5827770,86,62,0,80
5828280,42,63,0,80
5828790,21,30,0,80
5829300,0,99,-6,86
5829810,81,88,10,76
5830320,60,13,3,73
5830830,67,51,-3,76
5831340,78,52,-4,80
5831850,1,71,-2,82
5832360,82,54,2,80
5832870,38,55,0,80
5833380,17,22,2,78
5833890,98,91,0,78
5834400,77,92,7,71
5834910,59,28,-9,80
5835420,84,49,5,75
5835930,40,29,-5,80
5836440,55,98,0,80
5836950,66,34,4,76
5837460,91,53,-5,81
5837970,47,91,4,77
5838480,58,27,-4,81
5838990,83,46,4,77
5839500,39,73,-3,80
5840010,50,40,-7,87
5840520,65,7,14,73
5841030,72,26,0,73
5841540,28,45,-9,82
5842050,7,12,2,80
5842560,83,81,1,79
5843070,62,6,3,76
5843580,69,25,0,76
5844090,94,44,2,74
5844600,50,71,-6,80
5845110,29,38,-10,90
5845620,8,5,15,75
5846130,40,74,-8,83
5846640,6,41,-6,89
5847150,70,32,11,78
5847660,95,51,4,74
5848170,51,78,-2,76
5848680,30,47,-8,84
5849190,9,14,4,80
5849700,85,83,-2,82
5850210,64,8,9,73
5850720,71,27,-1,74
5851230,96,54,-4,78
5851740,52,81,3,75
5852250,31,48,-8,83
5852760,10,15,2,81
5853270,86,84,0,81
5853780,65,9,2,79
5854290,72,36,-2,81
5854800,28,55,-4,85
5855310,38,22,1,84
5855820,49,91,9,75
5856330,60,27,-4,79
5856840,85,46,4,75
5857350,41,73,-4,79
5857860,52,40,-8,87
5858370,63,23,13,74
5858880,88,42,3,71
5859390,44,69,-10,81
5859900,23,36,1,80
5860410,2,3,0,80
5860920,66,72,0,80
5861430,81,99,5,75
5861940,63,24,-3,78
5862450,88,43,3,75
5862960,44,70,-6,81
5863470,69,37,2,79
5863980,94,64,-2,81
5864490,50,65,-2,83
5865000,29,32,3,80
5865510,71,101,7,73
5866020,53,37,-12,85
5866530,78,20,10,75
5867040,85,47,-2,77
5867550,41,74,0,77
5868060,52,41,-5,82
5868570,63,8,4,78
5869080,70,62,0,78
5869590,49,63,-5,83
5870100,28,30,1,82
5870610,7,99,-3,85
5871120,88,88,7,78
5871630,70,13,0,78
5872140,77,40,5,73
5872650,33,67,-11,84
5873160,44,34,1,83
5873670,55,1,8,75
5874180,72,20,2,73
5874690,79,47,-2,75
5875200,35,74,-4,79
5875710,46,41,-2,81
5876220,71,8,8,73
5876730,78,27,-5,78
5877240,34,65,-4,82
5877750,45,32,3,79
5878260,70,15,2,77
5878770,77,53,0,77
5879280,33,54,-5,82
5879790,12,21,3,79
5880300,73,90,3,76
5880810,55,57,-10,86
5881320,34,24,-1,87
5881830,59,91,12,75
5882340,41,27,-8,83
5882850,52,96,4,79
5883360,63,32,-5,84
5883870,88,51,0,84
5884380,44,78,6,78
5884890,55,45,3,75
5885400,66,12,1,74
5885910,73,50,-3,77
5886420,29,33,-4,81
5886930,8,0,-1,82
5887440,72,85,3,79
5887950,54,52,1,78
5888460,33,19,-8,86
5888970,96,88,6,80
5889480,78,89,3,77
5889990,60,56,-13,90
5890500,39,23,12,78
5891010,50,6,-2,80
5891520,57,91,5,75
5892030,39,27,-21,96
5892540,64,96,16,80
5893050,46,32,-1,81
5893560,57,15,8,73
5894070,64,34,-4,77
5894580,22,53,-1,78
5895090,47,20,0,78
5895600,72,3,5,73
5896110,48,22,-6,79
5896620,73,5,5,74
5897130,49,24,-6,80
5897640,74,7,6,74
5898150,50,34,-5,79
5898660,75,17,8,71
5899170,51,44,-19,90
5899680,76,11,14,76
5900190,52,38,-7,83
5900700,77,21,9,74
5901210,33,48,-9,83
5901720,12,15,-2,85
5902230,76,84,4,81
5902740,58,51,-3,84
5903250,83,18,9,75
5903760,59,45,-5,80
5904270,84,12,0,80
5904780,60,39,-3,83
5905290,85,22,9,74
5905800,92,49,-4,78
5906310,48,76,5,73
5906820,30,43,-10,83
5907330,55,10,-1,84
5907840,70,95,10,74
5908350,52,62,-14,88
5908860,31,29,4,84
5909370,56,98,7,77
5909880,38,34,-9,86
5910390,63,1,12,74
5910900,33,20,-10,84
5911410,96,89,7,77
5911920,78,90,2,75
5912430,60,57,-6,81
5912940,39,24,0,81
5913450,50,93,3,78
5913960,32,60,-3,81
5914470,57,27,-2,83
5914980,82,10,6,77
5915490,58,37,-3,80
5916000,83,20,7,73
5916510,59,47,-13,86
5917020,84,14,13,73
5917530,60,41,-9,82
5918040,85,24,13,69
5918550,41,51,-12,81
5919060,20,18,2,79
5919570,101,87,1,78
5920080,80,88,6,72
5920590,62,55,-7,79
5921100,41,22,0,79
5921610,66,5,6,73
5922120,42,32,-11,84
5922630,67,101,11,73
5923140,49,37,-10,83
5923650,74,53,1,82
5924160,30,54,3,79
5924670,55,21,3,76
5925180,80,4,9,67
5925690,56,23,-10,77
5926200,81,6,7,70
5926710,57,33,-12,82
5927220,82,16,5,77
5927730,58,43,-3,80
5928240,83,26,1,79
5928750,39,53,0,79
5929260,18,20,-1,80
5929770,88,2,4,76
5930280,64,21,2,74
5930790,71,40,-8,82
5931300,96,59,3,79
5931810,52,86,0,79
5932320,34,53,-5,84
5932830,13,20,5,79
5933340,94,89,6,73
5933850,76,90,-2,75
5934360,58,57,-13,88
5934870,37,24,-2,90
5935380,62,93,14,76
5935890,44,93,2,74
5936400,14,82,-15,89
5936910,24,71,9,80
5937420,35,60,-1,81
5937930,14,27,7,74
5938440,90,96,-4,78
5938950,72,97,-3,81
5939460,54,64,-3,84
5939970,33,31,-3,87
5940480,12,100,8,79
5940990,93,89,4,75
5941500,75,90,-5,80
5942010,57,57,-3,83
5942520,71,24,9,74
5943030,78,37,-3,77
5943540,34,64,-3,80
5944050,59,31,-3,83
5944560,84,14,9,74
5945070,60,41,-5,79
5945580,85,24,8,71
5946090,41,51,-13,84
5946600,20,18,7,77
5947110,101,87,1,76
5947620,83,88,1,75
5948130,65,13,0,75
5948640,41,51,-7,82
5949150,20,18,-1,83
5949660,101,87,9,74
5950170,83,88,-1,75
5950680,65,89,-1,76
5951190,47,56,-8,84
5951700,26,23,7,77
5952210,5,92,-3,80
5952720,86,81,9,71
5953230,68,82,-8,79
5953740,50,49,-1,80
5954250,64,16,5,75
5954760,71,54,0,75
5955270,50,55,-9,84
5955780,64,22,7,77
5956290,89,41,2,75
5956800,45,68,-6,81
5957310,24,35,0,81
5957820,3,2,5,76
5958330,98,87,-3,79
5958840,80,88,2,77
5959350,62,24,-2,79
5959860,87,43,1,78
5960370,43,62,-3,81
5960880,22,29,1,80
5961390,1,98,7,73
5961900,82,87,-6,79
5962410,64,12,2,77
5962920,71,31,0,77
5963430,27,50,-7,84
5963940,6,17,-1,85
5964450,87,14,9,76
5964960,63,41,-3,79
5965470,88,43,-2,81
5965980,44,44,-2,83
5966490,58,11,6,77
5967000,65,30,1,76
5967510,90,49,-2,78
5968020,46,76,2,76
5968530,60,43,-6,82
5969040,74,26,3,79
5969550,30,45,-6,85
5970060,9,12,4,81
5970570,90,81,10,71
5971080,72,82,-11,82
5971590,51,49,1,81
5972100,65,16,5,76
5972610,72,29,-4,80
5973120,28,48,5,75
5973630,7,15,-1,76
5974140,88,84,-2,78
5974650,70,85,-1,79
5975160,52,52,-3,82
5975670,31,19,-7,89
5976180,42,2,13,76
5976690,59,51,-6,82
5977200,73,18,9,73
5977710,80,45,-8,81
5978220,36,72,2,79
5978730,50,18,-2,81
5979240,75,1,3,78
5979750,51,28,-2,80
5980260,76,11,8,72
5980770,52,62,-15,87
5981280,31,29,7,80
5981790,45,98,3,77
5982300,57,87,-3,80
5982810,39,54,-1,81
5983320,18,82,-8,89
5983830,29,65,14,75
5984340,40,32,-7,82
5984850,19,101,0,82
5985360,30,90,1,81
5985870,41,79,6,75
5986380,52,46,-11,86
5986890,66,13,13,73
5987400,73,40,-1,74
5987910,29,67,-9,83
5988420,40,34,-4,87
5988930,19,1,4,83
5989440,36,86,9,74
5989950,47,75,1,73
5990460,29,42,-17,90
5990970,8,9,5,85
5991480,89,78,1,84
5991990,45,3,4,80
5992500,46,88,5,75
5993010,57,55,-10,85
5993520,36,22,2,83
5994030,47,91,7,76
5994540,58,58,-9,85
5995050,72,25,9,76
5995560,28,38,-8,84
5996070,7,5,6,78
5996580,88,90,0,78
5997090,70,15,0,78
5997600,77,28,7,71
5998110,33,55,-12,83
5998620,12,22,8,75
5999130,88,91,-5,80
5999640,70,88,0,80
6000150,52,55,-8,88
6000660,31,26,5,83
6001170,42,95,8,75
6001680,53,84,-2,77
6002190,67,51,2,75
6002700,81,34,-1,76
6003210,37,61,-8,84
6003720,51,28,4,80
6004230,76,11,6,74
6004740,52,38,-11,85
6005250,63,21,8,77
6005760,88,34,2,75
6006270,44,71,-6,81
6006780,58,38,3,78
6007290,83,21,8,70
6007800,39,48,-14,84
6008310,18,15,4,80
6008820,43,84,2,78
6009330,54,51,-4,82
6009840,68,18,7,75
6010350,75,31,5,70
6010860,31,58,-13,83
6011370,45,25,-3,86
6011880,56,8,9,77
6012390,63,46,-4,81
6012900,74,29,0,81
6013410,99,42,2,79
6013920,55,69,-1,80
6014430,34,36,-1,81
6014940,48,3,7,74
6015450,49,88,-1,75
6015960,60,24,-4,79
6016470,85,7,1,78
6016980,61,34,-8,86
6017490,86,17,10,76
6018000,62,44,-9,85
6018510,76,27,11,74
6019020,32,40,-12,86
6019530,8,7,5,81
6020040,84,92,6,75
6020550,66,17,3,72
6021060,22,30,-12,84
6021570,1,99,5,79
6022080,82,88,-3,82
6022590,64,55,-1,83
6023100,78,38,5,78
6023610,99,51,-3,81
6024120,55,78,-1,82
6024630,69,45,1,81
6025140,94,28,7,74
6025650,50,55,-14,88
6026160,64,22,16,72
6026670,92,35,-2,74
6027180,48,62,-4,78
6027690,27,29,-4,82
6028200,6,98,-8,90
6028710,87,81,15,75
6029220,43,82,-1,76
6029730,54,49,-10,86
6030240,68,16,8,78
6030750,75,39,-1,79
6031260,31,52,0,79
6031770,10,19,-4,83
6032280,91,88,7,76
6032790,73,13,0,76
6033300,80,23,3,73
6033810,36,50,-11,84
6034320,15,17,-1,85
6034830,79,86,7,78
6035340,61,22,3,75
6035850,86,35,-1,76
6036360,42,62,-3,79
6036870,56,29,-1,80
6037380,81,12,6,74
6037890,57,39,-4,78
6038400,82,22,4,74
6038910,38,49,-6,80
6039420,52,16,3,77
6039930,77,101,3,74
6040440,59,68,-9,83
6040950,38,35,1,82
6041460,52,2,9,73
6041970,69,87,-6,79
6042480,51,54,-9,88
6042990,30,21,6,82
6043500,41,90,2,80
6044010,52,79,-1,81
6044520,66,46,5,76
6045030,22,29,-6,82
6045540,1,98,3,79
6046050,82,87,4,75
6046560,64,12,0,75
6047070,71,25,-4,79
6047580,27,38,-8,87
6048090,6,5,4,83
6048600,101,90,3,80
6049110,57,91,4,76
6049620,66,58,-6,82
6050130,80,85,6,76
6050640,62,10,-2,78
6051150,69,48,-4,82
6051660,25,31,-1,83
6052170,46,100,9,74
6052680,57,89,-4,78
6053190,71,56,3,75
6053700,27,57,-7,82
6054210,1,24,0,82
6054720,82,21,5,77
6055230,38,48,-5,82
6055740,17,15,3,79
6056250,98,84,0,79
6056760,54,85,-2,81
6057270,36,52,-2,83
6057780,15,19,-4,87
6058290,91,88,14,73
6058800,73,13,2,71
6059310,47,40,-7,78
6059820,61,7,3,75
6060330,68,26,-2,77
6060840,24,45,-8,85
6061350,38,12,-1,86
6061860,39,97,8,78
6062370,50,86,2,76
6062880,32,53,-8,84
6063390,46,20,6,78
6063900,71,3,7,71
6064410,47,22,-14,85
6064920,72,5,15,70
6065430,48,24,-8,78
6065940,73,7,9,69
6066450,49,26,-19,88
6066960,64,9,12,76
6067470,71,28,5,71
6067980,27,55,-9,80
6068490,41,22,-5,85
6069000,56,5,7,78
6069510,57,24,-4,82
6070020,82,7,4,78
6070530,58,37,-1,79
6071040,72,20,-2,81
6071550,79,33,6,75
6072060,35,46,-10,85
6072570,14,13,-1,86
6073080,95,98,13,73
6073590,77,87,-9,82
6074100,59,54,-3,85
6074610,73,21,10,75
6075120,29,34,-4,79
6075630,61,1,3,76
6076140,31,20,-5,81
6076650,45,3,1,80
6077160,46,52,0,80
6077670,51,19,-5,85
6078180,76,2,10,75
6078690,52,21,-4,79
6079200,77,4,12,67
6079710,53,23,-13,80
6080220,78,6,4,76
6080730,54,25,-3,79
6081240,79,8,4,75
6081750,53,35,-4,79
6082260,78,18,8,71
6082770,34,45,-11,82
6083280,13,12,-6,88
6083790,20,97,8,80
6084300,31,86,1,79
6084810,42,75,1,78
6085320,56,42,-3,81
6085830,70,25,9,72
6086340,26,44,-6,78
6086850,40,11,-5,83
6087360,41,96,2,81
6087870,52,79,4,77
6088380,66,46,-1,78
6088890,80,29,5,73
6089400,36,77,-4,77
6089910,50,44,-4,81
6090420,64,11,7,74
6090930,71,30,-6,80
6091440,27,49,-4,84
6091950,6,16,1,83
6092460,87,101,14,69
6092970,69,90,-6,75
6093480,51,26,-13,88
6093990,62,9,15,73
6094500,69,28,-6,79
6095010,25,47,-5,84
6095520,4,14,4,80
6096030,85,11,0,80
6096540,61,30,4,76
6097050,86,49,3,73
6097560,42,68,-3,76
6098070,56,35,-3,79
6098580,81,18,5,74
6099090,57,37,-11,85
6099600,71,20,14,71
6100110,27,19,-10,81
6100620,90,2,5,76
6101130,66,21,-7,83
6101640,91,40,11,72
6102150,47,67,-5,77
6102660,26,34,-6,83
6103170,5,1,1,82
6103680,100,86,3,79
6104190,82,87,2,77
6104700,64,88,-2,79
6105210,46,55,-3,82
6105720,25,22,-6,88
6106230,88,5,9,79
6106740,64,24,2,77
6107250,20,43,-5,82
6107760,96,10,1,81
6108270,72,37,6,75
6108780,97,64,1,74
6109290,74,65,-5,79
6109800,53,66,-6,85
6110310,67,33,5,80
6110820,92,52,1,79
6111330,48,71,-1,80
6111840,62,38,3,77
6112350,87,21,-1,78
6112860,63,48,-6,84
6113370,77,31,10,74
6113880,33,50,-8,82
6114390,12,17,1,81
6114900,93,86,9,72
6115410,75,87,-4,76
6115920,57,76,-6,82
6116430,71,43,-1,83
6116940,27,62,1,82
6117450,37,29,-5,87
6117960,51,12,6,81
6118470,58,97,-2,83
6118980,72,88,5,78
6119490,54,77,3,75
6120000,36,44,-12,87
6120510,15,11,2,85
6121020,22,80,4,81
6121530,33,69,4,77
6122040,47,36,0,77
6122550,61,19,6,71
6123060,68,38,-10,81
6123570,93,57,-1,82
6124080,49,76,1,81
6124590,63,43,-1,82
6125100,88,26,4,78
6125610,44,53,-5,83
6126120,23,20,-1,84
6126630,2,89,6,78
6127140,83,78,-2,80
6127650,65,79,-5,85
6128160,79,46,10,75
6128670,35,65,-7,82
6129180,49,32,2,80
6129690,74,15,4,76
6130200,56,34,-7,83
6130710,81,17,11,72
6131220,57,44,-14,86
6131730,71,27,10,76
6132240,96,46,-5,81
6132750,52,73,0,81
6133260,66,40,1,80
6133770,91,59,7,73
6134280,47,60,-11,84
6134790,61,27,8,76
6135300,86,46,0,76
6135810,42,65,-9,85
6136320,56,32,-2,87
6136830,81,15,8,79
6137340,57,42,-8,87
6137850,71,25,14,73
6138360,27,44,-9,82
6138870,6,11,4,78
6139380,101,96,1,77
6139890,83,97,0,77
6140400,65,33,-1,78
6140910,90,52,0,78
6141420,46,79,3,75
6141930,60,46,-10,85
6142440,74,29,11,74
6142950,30,48,-9,83
6143460,44,15,3,80
6143970,69,100,7,73
6144480,51,36,-11,84
6144990,70,19,10,74
6145500,26,18,-4,78
6146010,5,87,-2,80
6146520,86,76,-3,83
6147030,68,59,2,81
6147540,82,42,2,79
6148050,38,61,-4,83
6148560,52,28,2,81
6149070,77,11,10,71
6149580,53,38,-19,90
6150090,67,21,10,80
6150600,92,40,0,80
6151110,48,67,1,79
6151620,62,34,-6,85
6152130,87,53,12,73
6152640,43,72,-6,79
6153150,57,39,-9,88
6153660,71,22,10,78
6154170,96,41,5,73
6154680,52,68,-9,82
6155190,66,35,0,82
6155700,91,54,1,81
6156210,47,73,5,76
6156720,29,40,-6,82
6157230,8,7,1,81
6157740,72,92,1,80
6158250,54,59,-2,82
6158760,68,26,0,82
6159270,93,45,2,80
6159780,49,72,3,77
6160290,63,39,-3,80
6160800,88,22,11,69
6161310,64,49,-9,78
6161820,78,32,0,78
6162330,34,51,-8,86
6162840,48,18,2,84
6163350,73,1,8,76
6163860,49,20,-5,81
6164370,74,3,7,74
6164880,50,22,-11,85
6165390,75,5,9,76
6165900,51,24,0,76
6166410,76,43,-3,79
6166920,101,62,3,76
6167430,77,63,-1,77
6167940,56,64,-1,78
6168450,6,31,-4,82
6168960,82,28,9,73
6169470,38,41,-6,79
6169980,52,8,-3,82
6170490,53,93,2,80
6171000,54,29,-8,88
6171510,79,12,16,72
6172020,55,39,-14,86
6172530,80,22,12,74
6173040,36,35,-8,82
6173550,50,2,7,75
6174060,51,21,-8,83
6174570,76,4,5,78
6175080,52,17,-3,81
6175590,77,36,6,75
6176100,33,55,-6,81
6176610,47,22,-4,85
6177120,72,5,9,76
6177630,42,24,-3,79
6178140,67,7,-1,80
6178650,37,26,-7,87
6179160,62,9,11,76
6179670,69,28,-1,77
6180180,94,47,2,75
6180690,50,74,-6,81
6181200,64,41,1,80
6181710,78,60,1,79
6182220,92,61,3,76
6182730,48,62,-5,81
6183240,62,29,-1,82
6183750,87,48,2,80
6184260,43,8,6,74
6184770,44,93,-7,81
6185280,45,82,7,74
6185790,27,49,-4,78
6186300,41,16,-3,81
6186810,66,101,6,75
6187320,48,37,-9,84
6187830,62,20,10,74
6188340,87,39,-1,75
6188850,43,58,-9,84
6189360,95,25,9,75
6189870,77,52,-6,81
6190380,50,71,1,80
6190890,0,82,0,80
6191400,81,71,9,71
6191910,63,72,-9,80
6192420,45,39,-4,84
6192930,59,6,11,73
6193440,66,31,-7,80
6193950,91,50,2,78
6194460,47,77,3,75
6194970,29,44,-7,82
6195480,43,11,5,77
6195990,68,96,2,75
6196500,50,85,-2,77
6197010,64,52,-3,80
6197520,78,35,3,77
6198030,34,54,-2,79
6198540,48,21,-2,81
6199050,73,4,8,73
6199560,49,23,-11,84
6200070,74,6,12,72
6200580,50,25,-9,81
6201090,75,8,7,74
6201600,57,35,-8,82
6202110,82,18,3,79
6202620,64,45,-3,82
6203130,89,28,4,78
6203640,71,55,0,78
6204150,53,56,-8,86
6204660,63,23,2,84
6205170,88,42,10,74
6205680,44,55,-3,77
6206190,96,22,1,76
6206700,72,49,-5,81
6207210,97,68,-1,82
6207720,53,69,0,82
6208230,3,36,0,82
6208740,67,33,7,75
6209250,92,52,1,74
6209760,48,79,-1,75
6210270,23,46,-8,83
6210780,65,13,6,77
6211290,47,32,-11,88
6211800,61,15,11,77
6212310,68,34,-3,80
6212820,93,53,5,75
6213330,49,80,3,72
6213840,31,47,-13,85
6214350,83,14,5,80
6214860,65,41,-1,81
6215370,79,60,2,79
6215880,61,61,1,78
6216390,75,28,9,69
6216900,57,47,-11,80
6217410,71,30,0,80
6217920,96,49,5,75
6218430,52,76,-1,76
6218940,66,43,-9,85
6219450,80,62,2,83
6219960,62,45,1,82
6220470,87,28,3,79
6220980,69,55,-1,80
6221490,83,38,0,80
6222000,39,65,2,78
6222510,53,32,-5,83
6223020,78,15,12,71
6223530,60,34,-12,83
6224040,85,17,8,75
6224550,67,44,-3,78
6225060,92,63,0,78
6225570,48,64,-4,82
6226080,62,31,-2,84
6226590,87,50,3,81
6227100,43,69,4,77
6227610,57,36,-6,83
6228120,82,19,15,68
6228630,64,46,-13,81
6229140,89,29,7,74
6229650,71,56,-11,85
6230160,85,39,10,75
6230670,41,66,-4,79
6231180,55,1,6,73
6231690,72,20,-3,76
6232200,54,39,-11,87
6232710,68,22,5,82
6233220,50,41,-2,84
6233730,64,24,10,74
6234240,89,43,-4,78
6234750,45,62,-1,79
6235260,59,29,0,79
6235770,84,12,1,78
6236280,66,39,-4,82
6236790,91,22,5,77
6237300,73,49,-1,78
6237810,55,32,-8,86
6238320,80,15,12,74
6238830,62,34,-1,75
6239340,87,17,1,74
6239850,69,44,-8,82
6240360,94,27,5,77
6240870,76,54,-5,82
6241380,58,37,-5,87
6241890,83,20,13,74
6242400,65,47,-9,83
6242910,79,30,12,71
6243420,61,57,-13,84
6243930,75,40,2,82
6244440,57,59,-3,85
6244950,71,26,7,78
6245460,96,45,-4,82
6245970,52,72,-3,85
6246480,2,39,4,81
6246990,66,36,2,79
6247500,91,19,7,72
6248010,73,46,-9,81
6248520,98,29,1,80
6249030,80,56,0,80
6249540,62,57,-2,82
6250050,76,24,3,79
6250560,58,43,-6,85
6251070,72,26,12,73
6251580,54,45,-11,84
6252090,68,28,4,80
6252600,9,47,3,77
6253110,19,30,-3,80
6253620,61,99,3,77
6254130,43,35,-6,83
6254640,57,39,0,83
6255150,71,22,11,72
6255660,53,41,-10,82
6256170,67,24,5,77
6256680,49,43,-8,85
6257190,63,26,4,81
6257700,88,45,1,80
6258210,44,64,-1,81
6258720,96,31,5,76
6259230,78,58,-5,81
6259740,60,41,-5,86
6260250,74,24,8,78
6260760,56,43,-3,81
6261270,70,26,6,75
6261780,52,45,-10,85
6262290,66,28,10,75
6262800,48,47,-15,90
6263310,62,14,15,75
6263820,44,33,-6,81
6264330,58,16,-3,84
6264840,83,35,9,75
6265350,65,62,-18,93
6265860,79,45,14,79
6266370,35,64,-2,81
6266880,49,31,12,69
6267390,74,14,-3,72
6267900,56,33,-11,83
6268410,81,16,11,72
6268920,63,35,-14,86
6269430,88,18,9,77
6269940,70,45,-4,81
6270450,84,28,8,73
6270960,66,47,-10,83
6271470,91,30,3,80
6271980,73,57,-1,81
6272490,87,58,2,79
6273000,43,39,-5,84
6273510,57,6,10,74
6274020,74,25,-3,77
6274530,56,44,0,77
6275040,70,27,1,76
6275550,52,46,0,76
6276060,66,29,0,76
6276570,91,48,-5,81
6277080,47,67,7,74
6277590,29,34,-10,84
6278100,71,1,10,74
6278610,53,20,-7,81
6279120,78,3,6,75
6279630,60,22,-2,77
6280140,85,5,4,73
6280650,67,24,-12,85
6281160,92,43,4,81
6281670,48,62,1,80
6282180,90,29,3,77
6282690,72,56,-11,88
6283200,86,39,9,79
6283710,89,41,4,75
6284220,71,68,-7,82
6284730,85,51,-2,84
6285240,67,70,1,83
6285750,81,53,5,78
6286260,37,72,-3,81
6286770,40,39,-7,88
6287280,54,22,6,82
6287790,79,5,8,74
6288300,53,24,-3,77
6288810,78,7,0,77
6289320,60,26,-4,81
6289830,85,45,3,78
6290340,67,31,-3,81
6290850,92,50,2,79
6291360,48,77,2,77
6291870,30,44,-4,81
6292380,82,11,8,73
6292890,64,30,-7,80
6293400,89,49,12,68
6293910,45,76,-10,78
6294420,62,1,0,78
6294930,79,20,6,72
6295440,61,39,-17,89
6295950,86,22,14,75
6296460,68,41,-10,85
6296970,93,24,8,77
6297480,75,51,-4,81
6297990,57,34,5,76
6298500,82,17,1,75
6299010,3,36,-5,80
6299520,67,33,4,76
6300030,49,52,-5,81
6300540,101,19,4,77
6301050,83,46,1,76
6301560,65,65,-5,81
6302070,79,32,0,81
6302580,61,51,0,81
6303090,75,34,4,77
6303600,57,53,-6,83
6304110,71,20,5,78
6304620,53,39,-9,87
6305130,72,22,9,78
6305640,54,41,-11,89
6306150,68,24,11,78
6306660,50,43,-3,81
6307170,67,26,-1,82
6307680,92,45,4,78
6308190,48,64,-4,82
6308700,65,4,11,71
6309210,47,23,-14,85
6309720,72,6,10,75
6310230,54,25,-8,83
6310740,79,8,8,75
6311250,61,27,-7,82
6311760,86,10,6,76
6312270,68,29,0,76
6312780,50,48,-9,85
6313290,65,15,7,78
6313800,72,34,1,77
6314310,97,53,-2,79
6314820,53,54,-6,85
6315330,67,21,7,78
6315840,92,40,2,76
6316350,74,67,-1,77
6316860,56,68,-10,87
6317370,6,35,10,77
6317880,70,26,-3,80
6318390,52,45,-7,87
6318900,71,28,11,76
6319410,53,47,-7,83
6319920,67,30,4,79
6320430,92,49,3,76
6320940,48,68,-4,80
6321450,65,35,-2,82
6321960,90,18,8,74
6322470,72,45,-2,76
6322980,97,72,-3,79
6323490,53,73,-1,80
6324000,35,40,-7,87
6324510,77,7,13,74
6325020,51,26,-5,79
6325530,76,9,6,73
6326040,58,28,-8,81
6326550,83,11,6,75
6327060,57,53,-10,85
6327570,72,20,12,73
6328080,54,39,-10,83
6328590,82,22,7,76
6329100,7,35,-4,80
6329610,71,26,7,73
6330120,53,45,-9,82
6330630,68,28,3,79
6331140,93,47,1,78
6331650,75,66,2,76
6332160,57,67,-7,83
6332670,7,34,4,79
6333180,71,25,-2,81
6333690,96,44,6,75
6334200,78,57,-4,79
6334710,60,58,-4,83
6335220,41,25,1,82
6335730,56,8,1,81
6336240,71,27,8,73
6336750,53,46,-7,80
6337260,67,29,4,76
6337770,92,48,1,75
6338280,74,75,-6,81
6338790,56,76,-1,82
6339300,6,43,0,82
6339810,70,34,3,79
6340320,95,53,0,79
6340830,51,80,4,75
6341340,68,47,-3,78
6341850,93,30,5,73
6342360,75,57,-11,84
6342870,89,40,3,81
6343380,71,59,1,80
6343890,96,42,1,79
6344400,78,69,-4,83
6344910,60,11,5,78
6345420,75,30,-3,81
6345930,57,49,-1,82
6346440,71,32,3,79
6346950,96,51,2,77
6347460,52,52,-5,82
6347970,67,19,5,77
6348480,49,38,-14,91
6348990,74,21,21,70
6349500,56,40,-10,80
6350010,71,23,8,72
6350520,53,42,-15,87
6351030,68,25,6,81
6351540,50,44,-5,86
6352050,65,27,11,75
6352560,90,46,-6,81
6353070,46,65,2,79
6353580,63,32,-3,82
6354090,88,51,8,74
6354600,44,52,-9,83
6355110,61,19,3,80
6355620,86,38,1,79
6356130,68,57,-8,87
6356640,93,40,11,76
6357150,75,67,-1,77
6357660,57,68,-10,87
6358170,74,35,11,76
6358680,56,54,-7,83
6359190,70,55,1,82
6359700,95,38,2,80
6360210,77,57,-6,86
6360720,0,40,3,83
6361230,64,37,-3,86
6361740,89,20,9,77
6362250,71,47,-2,79
6362760,96,48,0,79
6363270,52,75,-2,81
6363780,34,42,-3,84
6364290,76,9,5,79
6364800,58,28,0,79
6365310,83,47,0,79
6365820,65,66,-8,87
6366330,79,49,6,81
6366840,2,68,1,80
6367350,83,51,3,77
6367860,39,52,-7,84
6368370,81,19,13,71
6368880,63,38,-11,82
6369390,88,21,2,80
6369900,70,48,1,79
6370410,95,31,3,76
6370920,77,58,-6,82
6371430,0,41,1,81
6371940,64,38,-5,86
6372450,89,21,7,79
6372960,71,48,-4,83
6373470,96,67,1,82
6373980,78,68,4,78
6374490,60,69,-1,79
6375000,42,36,-4,83
6375510,57,3,7,76
6376020,72,22,0,76
6376530,54,41,-6,82
6377040,69,24,3,79
6377550,51,43,-9,88
6378060,66,10,12,76
6378570,81,29,-5,81
6379080,58,48,-1,82
6379590,73,31,7,75
6380100,55,50,-8,83
6380610,70,33,5,78
6381120,95,52,5,73
6381630,51,79,-5,78
6382140,33,46,-8,86
6382650,15,13,1,85
6383160,79,98,8,77
6383670,61,87,4,73
6384180,43,6,-13,86
6384690,58,91,10,76
6385200,40,27,-10,86
6385710,55,10,7,79
6386220,70,29,2,77
6386730,95,48,2,75
6387240,51,75,-2,77
6387750,33,42,-11,88
6388260,75,9,13,75
6388770,49,28,-13,88
6389280,64,11,15,73
6389790,46,30,-6,79
6390300,65,13,2,77
6390810,80,32,1,76
6391320,62,51,-10,86
6391830,77,34,14,72
6392340,33,53,-6,78
6392850,48,20,-6,84
6393360,63,3,13,71
6393870,45,22,-17,88
6394380,60,5,16,72
6394890,75,24,-5,77
6395400,57,43,-3,80
6395910,72,26,10,70
6396420,28,45,-10,80
6396930,43,12,0,80
6397440,58,97,3,77
6397950,40,88,-1,78
6398460,43,77,1,77
6398970,46,44,-4,81
6399480,65,11,6,75
6399990,80,30,0,75
6400500,62,49,-10,85
6401010,77,32,12,73
6401520,33,51,-10,83
6402030,75,18,10,73
6402540,57,45,-13,86
6403050,72,28,11,75
6403560,28,47,-10,85
6404070,70,14,9,76
6404580,52,33,-5,81
6405090,71,16,5,76
6405600,53,35,-8,84
6406110,68,18,6,78
6406620,78,37,5,73
6407130,34,64,-8,81
6407640,49,31,4,77
6408150,64,14,-1,78
6408660,79,33,6,72
6409170,35,60,-11,83
6409680,50,27,0,83
6410190,65,10,12,71
6410700,80,29,0,71
6411210,36,48,-11,82
6411720,15,15,-2,84
6412230,79,100,8,76
6412740,61,89,-2,78
6413250,43,8,-4,82
6413760,50,93,1,81
6414270,53,84,6,75
6414780,35,3,-13,88
6415290,52,88,12,76
6415800,34,24,-8,84
6416310,49,7,6,78
6416820,64,26,0,78
6417330,89,45,2,76
6417840,45,72,-4,80
6418350,62,39,0,80
6418860,77,22,5,75
6419370,59,41,-10,85
6419880,74,24,12,73
6420390,56,37,-7,80
6420900,75,20,5,75
6421410,57,39,-6,81
6421920,76,22,5,76
6422430,58,41,-3,79
6422940,73,24,8,71
6423450,55,43,-9,80
6423960,70,26,-3,83
6424470,95,45,4,79
6424980,51,72,-7,86
6425490,68,39,10,76
6426000,93,58,-6,82
6426510,49,96,11,71
6427020,31,85,-12,83
6427530,34,68,5,78
6428040,49,35,-1,79
6428550,64,18,3,76
6429060,79,37,2,74
6429570,35,56,-7,81
6430080,14,23,4,77
6430590,78,92,-2,79
6431100,60,28,1,78
6431610,85,11,2,76
6432120,59,38,-11,87
6432630,74,21,13,74
6433140,56,34,-9,83
6433650,71,17,12,71
6434160,86,36,-10,81
6434670,42,55,-6,87
6435180,21,22,10,77
6435690,0,91,-4,81
6436200,81,80,10,71
6436710,63,5,-2,73
6437220,78,24,-4,77
6437730,34,43,-7,84
6438240,13,10,5,79
6438750,77,79,-1,80
6439260,59,41,-7,87
6439770,74,24,10,77
6440280,30,43,-3,80
6440790,72,10,6,74
6441300,54,29,-3,77
6441810,69,12,1,76
6442320,84,31,3,73
6442830,40,44,-10,83
6443340,19,11,2,81
6443850,34,96,2,79
6444360,45,85,1,78
6444870,55,52,-1,79
6445380,70,19,1,78
6445890,26,38,-2,80
6446400,5,5,-2,82
6446910,69,90,7,75
6447420,51,26,-10,85
6447930,66,9,5,80
6448440,81,28,2,78
6448950,37,41,-8,86
6449460,16,8,10,76
6449970,26,93,-6,82
6450480,37,82,-3,85
6450990,40,49,5,80
6451500,19,16,-1,81
6452010,100,85,0,81
6452520,82,86,3,78
6453030,64,53,-3,81
6453540,43,36,2,79
6454050,58,3,-2,81
6454560,73,22,4,77
6455070,88,35,-2,79
6455580,44,62,0,79
6456090,23,29,-1,80
6456600,2,98,-3,83
6457110,83,87,2,81
6457620,65,23,4,77
6458130,90,42,4,73
6458640,46,69,-7,80
6459150,63,36,-5,85
6459660,78,19,11,74
6460170,93,57,-1,75
6460680,49,84,0,75
6461190,59,51,-7,82
6461700,74,18,10,72
6462210,89,31,-1,73
6462720,45,58,-8,81
6463230,24,25,4,77
6463740,3,94,-9,86
6464250,84,77,7,79
6464760,66,78,-6,85
6465270,45,45,2,83
6465780,24,28,6,77
6466290,3,97,-3,80
6466800,84,86,7,73
6467310,66,11,-4,77
6467820,81,30,1,76
6468330,63,57,-1,77
6468840,77,58,0,77
6469350,33,59,-4,81
6469860,36,26,0,81
6470370,51,95,5,76
6470880,61,86,-3,79
6471390,43,53,-6,85
6471900,22,20,4,81
6472410,1,89,0,81
6472920,82,78,8,73
6473430,64,79,-9,82
6473940,43,46,2,80
6474450,58,13,6,74
6474960,73,32,-3,77
6475470,55,59,-3,80
6475980,34,26,-4,84
6476490,49,95,8,76
6477000,59,62,-6,82
6477510,38,29,1,81
6478020,53,12,4,77
6478530,68,97,0,77
6479040,50,33,-10,87
6479550,65,16,10,77
6480060,80,35,1,76
6480570,36,62,-6,82
6481080,51,29,-2,84
6481590,66,12,11,73
6482100,48,31,-14,87
6482610,63,14,14,73
6483120,78,33,-6,79
6483630,1,46,-1,80
6484140,11,43,0,80
6484650,21,56,-2,82
6485160,31,23,2,80
6485670,46,92,6,74
6486180,56,59,-9,83
6486690,71,26,7,76
6487200,96,39,3,73
6487710,52,66,-7,80
6488220,69,33,-2,82
6488730,94,16,7,75
6489240,68,43,-9,84
6489750,93,26,6,78
6490260,75,53,-6,84
6490770,31,36,2,82
6491280,73,3,7,75
6491790,88,7,-5,80
6492300,62,34,-3,83
6492810,87,17,11,72
6493320,69,44,-11,83
6493830,94,27,6,77
6494340,76,54,3,74
6494850,32,55,-7,81
6495360,47,22,2,79
6495870,62,5,5,74
6496380,44,24,-9,83
6496890,59,7,5,78
6497400,74,26,9,69
6497910,30,53,-12,81
6498420,40,20,0,81
6498930,55,3,7,74
6499440,70,22,-7,81
6499950,85,35,8,73
6500460,41,62,-6,79
6500970,56,29,1,78
6501480,71,12,4,74
6501990,86,50,-8,82
6502500,42,77,4,78
6503010,45,44,-4,82
6503520,60,11,7,75
6504030,75,96,1,74
6504540,57,32,-14,88
6505050,72,15,9,79
6505560,87,28,8,71
6506070,43,55,-8,79
6506580,22,22,-6,85
6507090,37,5,-3,88
6507600,58,90,11,77
6508110,40,57,-14,91
6508620,19,24,12,79
6509130,100,93,1,78
6509640,82,94,2,76
6510150,64,61,-6,82
6510660,79,23,6,76
6511170,94,36,5,71
6511680,50,63,-4,75
6512190,65,30,2,73
6512700,90,43,-2,75
6513210,46,70,-6,81
6513720,61,37,-1,82
6514230,76,20,11,71
6514740,58,64,-14,85
6515250,73,31,8,77
6515760,98,58,-5,82
6516270,54,59,0,82
6516780,69,26,2,80
6517290,94,33,11,69
6517800,50,60,-8,77
6518310,67,27,-1,78
6518820,92,34,0,78
6519330,48,61,-7,85
6519840,63,28,5,80
6520350,88,35,2,78
6520860,44,62,-4,82
6521370,23,29,0,82
6521880,65,98,8,74
6522390,47,17,-12,86
6522900,62,0,12,74
6523410,79,19,-2,76
6523920,94,46,1,75
6524430,50,73,3,72
6524940,67,40,-12,84
6525450,92,23,5,79
6525960,74,50,-2,81
6526470,99,51,1,80
6526980,55,78,0,80
6527490,72,45,4,76
6528000,28,46,-3,79
6528510,43,13,-5,84
6529020,58,98,12,72
6529530,68,89,-3,75
6530040,50,25,-10,85
6530550,65,8,14,71
6531060,80,27,-6,77
6531570,56,40,-4,81
6532080,71,23,2,79
6532590,86,96,1,78
6533100,68,32,-1,79
6533610,93,39,6,73
6534120,49,66,-6,79
6534630,28,33,-5,84
6535140,70,0,11,73
6535650,85,19,-2,75
6536160,67,46,-3,78
6536670,92,29,3,75
6537180,74,56,-14,89
6537690,89,39,13,76
6538200,45,66,-5,81
6538710,62,35,4,77
6539220,77,18,1,76
6539730,92,56,-1,77
6540240,48,83,4,73
6540750,53,50,-4,77
6541260,68,17,1,76
6541770,83,55,-8,84
6542280,39,93,1,83
6542790,42,76,10,73
6543300,45,43,-3,76
6543810,60,10,0,76
6544320,75,29,4,72
6544830,31,48,-5,77
6545340,46,15,0,77
6545850,61,100,-1,78
6546360,43,36,-7,85
6546870,58,3,8,77
6547380,73,22,3,74
6547890,88,38,-1,75
6548400,44,65,-5,80
6548910,61,32,5,75
6549420,86,15,-1,76
6549930,68,42,-2,78
6550440,93,61,-1,79
6550950,49,88,7,72
6551460,31,79,-11,83
6551970,34,62,2,81
6552480,49,29,3,78
6552990,64,12,4,74
6553500,79,50,3,71
6554010,35,88,-7,78
6554520,38,0,0,78
6555030,53,85,7,71
6555540,35,31,-13,84
6556050,50,100,5,79
6556560,53,91,4,75
6557070,63,58,-10,85
6557580,42,25,3,82
6558090,57,8,7,75
6558600,72,27,4,71
6559110,28,65,-7,78
6559620,31,32,-2,80
6560130,46,101,7,73
6560640,56,37,-5,78
6561150,71,20,4,74
6561660,86,58,-4,78
6562170,42,59,-7,85
6562680,59,26,7,78
6563190,84,9,4,74
6563700,66,36,-6,80
6564210,91,19,3,77
6564720,73,46,-6,83
6565230,98,28,-1,84
6565740,80,55,0,84
6566250,36,93,2,82
6566760,39,76,2,80
6567270,42,43,4,76
6567780,21,10,-4,80
6568290,36,95,-2,82
6568800,39,78,-1,83
6569310,31,45,-2,85
6569820,73,12,3,82
6570330,88,50,6,76
6570840,44,88,2,74
6571350,47,55,-7,81
6571860,89,22,4,77
6572370,71,49,-5,82
6572880,27,32,5,77
6573390,69,101,5,72
6573900,51,68,-8,80
6574410,33,35,-1,81
6574920,12,2,6,75
6575430,69,87,-1,76
6575940,51,23,-8,84
6576450,66,6,6,78
6576960,81,44,5,73
6577470,37,82,-4,77
6577980,30,49,-9,86
6578490,72,16,12,74
6579000,87,54,-4,78
6579510,43,81,2,76
6580020,53,48,-6,82
6580530,68,15,9,73
6581040,83,53,-4,77
6581550,39,80,-1,78
6582060,49,47,-8,86
6582570,28,14,0,86
6583080,43,79,4,82
6583590,53,46,4,78
6584100,68,13,4,74
6584610,83,51,-10,84
6585120,39,89,4,80
6585630,42,56,-2,82
6586140,21,23,6,76
6586650,0,92,2,74
6587160,81,81,-1,75
6587670,63,48,-8,83
6588180,78,31,10,73
6588690,34,92,-7,80
6589200,37,75,2,78
6589710,47,42,-2,80
6590220,62,9,6,74
6590730,77,47,-11,85
6591240,0,85,6,79
6591750,81,34,8,71
6592260,37,61,-10,81
6592770,79,28,14,67
6593280,35,55,-16,83
6593790,77,22,8,75
6594300,59,60,-10,85
6594810,76,27,14,71
6595320,32,54,-9,80
6595830,47,21,-2,82
6596340,62,4,7,75
6596850,77,42,-2,77
6597360,33,61,-4,81
6597870,43,28,-3,84
6598380,58,11,4,80
6598890,73,49,1,79
6599400,29,32,-3,82
6599910,71,101,12,70
6600420,53,37,-13,83
6600930,68,20,10,73
6601440,83,58,-4,77
6601950,39,41,-4,81
6602460,54,8,9,72
6602970,69,93,-6,78
6603480,51,60,-7,85
6603990,30,27,2,83
6604500,45,96,4,79
6605010,48,63,0,79
6605520,70,30,2,77
6606030,95,49,-5,82
6606540,51,76,6,76
6607050,33,43,-5,81
6607560,75,22,12,69
6608070,90,60,-9,78
6608580,46,87,4,74
6609090,55,54,-6,80
6609600,70,21,5,75
6610110,85,31,4,71
6610620,41,18,-10,81
6611130,56,1,12,69
6611640,73,20,-5,74
6612150,88,58,-5,79
6612660,44,85,6,73
6613170,26,52,-13,86
6613680,36,19,8,78
6614190,51,2,3,75
6614700,66,21,3,72
6615210,91,20,-6,78
6615720,73,47,-3,81
6616230,98,30,3,78
6616740,80,57,-6,84
6617250,74,95,10,74
6617760,56,31,-6,80
6618270,71,14,7,73
6618780,86,24,1,72
6619290,68,34,-8,80
6619800,93,47,1,79
6620310,49,74,1,78
6620820,71,41,-1,79
6621330,96,24,4,75
6621840,78,51,-5,80
6622350,1,89,8,72
6622860,82,78,-7,79
6623370,64,3,6,73
6623880,81,13,1,72
6624390,57,40,-14,86
6624900,76,23,10,76
6625410,101,33,-8,84
6625920,83,60,4,80
6626430,39,43,0,80
6626940,61,10,6,74
6627450,76,48,-9,83
6627960,32,86,0,83
6628470,35,53,5,78
6628980,57,20,-1,79
6629490,82,3,2,77
6630000,58,13,-6,83
6630510,73,51,-4,87
6631020,98,34,12,75
6631530,54,61,-7,82
6632040,76,28,9,73
6632550,32,28,-13,86
6633060,57,97,13,73
6633570,39,43,-14,87
6634080,81,10,13,74
6634590,57,20,-2,76
6635100,82,3,-2,78
6635610,58,41,-11,89
6636120,73,24,11,78
6636630,98,62,-5,83
6637140,54,100,5,78
6637650,64,67,-3,81
6638160,46,34,4,77
6638670,65,1,7,70
6639180,47,20,-15,85
6639690,62,3,8,77
6640200,79,41,-1,78
6640710,35,68,-9,87
6641220,45,35,7,80
6641730,64,2,2,78
6642240,81,12,6,72
6642750,57,22,-12,84
6643260,82,5,9,75
6643770,58,15,-3,78
6644280,73,100,2,76
6644790,55,67,-4,80
6645300,34,34,-5,85
6645810,76,1,4,81
6646320,46,20,3,78
6646830,71,3,8,70
6647340,41,13,-11,81
6647850,56,98,7,74
6648360,38,34,-13,87
6648870,63,1,15,72
6649380,80,39,-3,75
6649890,3,55,-6,81
6650400,13,52,1,80
6650910,23,43,1,79
6651420,33,10,-4,83
6651930,48,95,5,78
6652440,58,62,-1,79
6652950,37,29,-2,81
6653460,56,98,4,77
6653970,38,34,-11,88
6654480,80,1,13,75
6654990,54,39,0,75
6655500,73,22,-1,76
6656010,98,60,2,74
6656520,54,87,-5,79
6657030,36,54,-1,80
6657540,78,21,2,78
6658050,54,31,-6,84
6658560,73,14,11,73
6659070,60,24,-3,76
6659580,85,43,3,73
6660090,41,70,-7,80
6660600,63,37,-2,82
6661110,88,20,7,75
6661620,64,47,-7,82
6662130,83,30,6,76
6662640,39,28,-5,81
6663150,58,43,-2,83
6663660,77,26,8,75
6664170,33,64,-6,81
6664680,36,31,-1,82
6665190,78,100,3,79
6665700,60,36,-6,85
6666210,79,19,9,76
6666720,66,46,-9,85
6667230,85,29,9,76
6667740,41,39,-4,80
6668250,83,6,4,76
6668760,59,16,4,72
6669270,84,54,-8,80
6669780,40,92,4,76
6670290,43,0,-5,81
6670800,60,19,6,75
6671310,85,32,3,72
6671820,41,59,-15,87
6672330,83,26,15,72
6672840,39,53,-13,85
6673350,81,20,7,78
6673860,57,47,-6,84
6674370,76,14,4,80
6674880,91,24,6,74
6675390,73,51,-2,76
6675900,52,89,3,73
6676410,34,56,-12,85
6676920,85,23,5,80
6677430,72,50,6,74
6677940,97,77,-1,75
6678450,53,2,-6,81
6678960,70,95,9,72
6679470,52,31,-11,83
6679980,71,14,5,78
6680490,86,52,1,77
6681000,42,79,-3,80
6681510,52,46,0,80
6682020,71,13,1,79
6682530,86,51,1,78
6683040,42,89,3,75
6683550,45,56,-3,78
6684060,87,23,5,73
6684570,63,50,-9,82
6685080,82,33,7,75
6685590,38,71,-4,79
6686100,41,38,-3,82
6686610,60,5,7,75
6687120,77,43,1,74
6687630,33,81,-6,80
6688140,87,91,6,74
6688650,69,16,0,74
6689160,84,54,-4,78
6689670,40,92,4,74
6690180,43,79,-1,75
6690690,46,46,-7,82
6691200,65,13,7,75
6691710,80,51,-7,82
6692220,36,89,7,75
6692730,39,25,-15,90
6693240,58,8,14,76
6693750,75,46,-3,79
6694260,31,84,0,79
6694770,34,67,2,77
6695280,37,34,-4,81
6695790,56,1,11,70
6696300,73,20,-6,76
6696810,98,58,-3,79
6697320,54,85,0,79
6697830,71,52,-4,83
6698340,90,90,8,75
6698850,72,26,0,75
6699360,97,64,-3,78
6699870,53,0,2,76
6700380,70,38,-3,79
6700890,95,51,0,79
6701400,51,78,2,77
6701910,68,45,-3,80
6702420,93,28,2,78
6702930,75,55,-1,79
6703440,4,93,0,79
6703950,74,18,3,76
6704460,89,28,4,72
6704970,71,55,-14,86
6705480,90,38,18,68
6705990,46,65,-17,85
6706500,88,32,8,77
6707010,70,59,-9,86
6707520,87,42,8,78
6708030,43,69,0,78
6708540,60,36,-2,80
6709050,79,49,-4,84
6709560,35,87,1,83
6710070,38,97,2,81
6710580,41,33,-2,83
6711090,60,16,3,80
6711600,75,54,3,77
6712110,4,55,-4,81
6712620,14,52,5,76
6713130,24,43,-5,81
6713640,66,10,7,74
6714150,81,48,-8,82
6714660,37,86,5,77
6715170,30,96,-8,85
6715680,33,32,1,84
6716190,75,101,8,76
6716700,57,37,-6,82
6717210,76,20,11,71
6717720,52,58,-11,82
6718230,94,25,-1,83
6718740,70,52,4,79
6719250,101,56,1,78
6719760,57,83,1,77
6720270,39,29,-11,88
6720780,58,12,11,77
6721290,73,50,-1,78
6721800,29,88,-2,80
6722310,32,0,-2,82
6722820,49,85,9,73
6723330,52,52,-8,81
6723840,94,19,3,78
6724350,70,46,-2,80
6724860,26,50,-2,82
6725370,29,17,-2,84
6725880,92,86,10,74
6726390,71,11,-2,76
6726900,58,21,-6,82
6727410,83,4,8,74
6727920,59,14,3,71
6728430,74,52,-12,83
6728940,93,35,6,77
6729450,49,62,-2,79
6729960,91,29,-3,82
6730470,93,56,1,81
6730980,49,94,6,75
6731490,52,61,-12,87
6732000,94,28,11,76
6732510,76,55,-6,82
6733020,32,56,3,79
6733530,35,23,-1,80
6734040,54,92,3,77
6734550,59,28,-1,78
6735060,84,35,0,78
6735570,40,48,-5,83
6736080,58,15,2,81
6736590,77,53,-1,82
6737100,33,91,-1,83
6737610,36,27,0,83
6738120,78,96,2,81
6738630,60,32,3,78
6739140,85,15,4,74
6739650,61,25,-5,79
6740160,86,32,4,75
6740670,42,45,-4,79
6741180,84,12,6,73
6741690,60,22,-4,77
6742200,85,29,4,73
6742710,41,42,-6,79
6743220,83,9,6,73
6743730,59,19,-3,76
6744240,84,32,6,70
6744750,40,59,-11,81
6745260,82,26,9,72
6745770,38,36,-11,83
6746280,80,3,2,81
6746790,56,13,-2,83
6747300,71,51,2,81
6747810,50,52,-2,83
6748320,92,19,8,75
6748830,68,46,-6,81
6749340,87,29,5,76
6749850,43,26,-7,83
6750360,62,9,8,75
6750870,79,47,-3,78
6751380,35,85,-4,82
6751890,38,95,0,82
6752400,41,3,2,80
6752910,58,88,6,74
6753420,40,34,-14,88
6753930,82,17,15,73
6754440,58,27,-6,79
6754950,83,10,3,76
6755460,59,20,-2,78
6755970,84,27,4,74
6756480,40,65,-7,81
6756990,82,32,7,74
6757500,38,42,-5,79
6758010,17,9,-3,82
6758520,98,94,-2,84
6759030,80,30,10,74
6759540,36,68,-3,77
6760050,46,35,-5,82
6760560,65,18,5,77
6761070,90,56,0,77
6761580,46,83,1,76
6762090,49,50,-4,80
6762600,91,17,4,76
6763110,67,44,-7,83
6763620,92,82,5,78
6764130,74,83,-2,80
6764640,24,73,-2,82
6765150,27,56,-6,88
6765660,37,23,8,80
6766170,56,6,2,78
6766680,73,44,1,77
6767190,98,82,-4,81
6767700,80,83,3,78
6768210,62,19,-3,81
6768720,87,2,-1,82
6769230,63,40,-4,86
6769740,82,23,14,72
6770250,38,50,-10,82
6770760,80,17,2,80
6771270,67,55,1,79
6771780,86,38,1,78
6772290,42,76,-1,79
6772800,52,43,-4,83
6773310,71,10,6,77
6773820,47,20,-4,81
6774330,66,3,7,74
6774840,36,13,-7,81
6775350,55,98,9,72
6775860,37,34,-13,85
6776370,79,1,9,76
6776880,55,11,-1,77
6777390,80,96,-2,79
6777900,62,32,2,77
6778410,87,15,4,73
6778920,63,25,-8,81
6779430,88,63,-2,83
6779940,44,101,8,75
6780450,54,9,2,73
6780960,33,47,-12,85
6781470,75,14,7,78
6781980,62,38,-6,84
6782490,87,21,9,75
6783000,63,31,-6,81
6783510,88,14,7,74
6784020,78,24,3,71
6784530,60,34,-12,83
6785040,85,17,10,73
6785550,61,27,-7,80
6786060,86,40,2,78
6786570,42,53,-6,84
6787080,84,20,7,77
6787590,60,30,2,75
6788100,85,17,2,73
6788610,61,27,-10,83
6789120,86,40,5,78
6789630,42,78,3,75
6790140,45,45,-9,84
6790650,46,12,4,80
6791160,65,95,3,77
6791670,47,41,-6,83
6792180,66,8,10,73
6792690,83,18,-6,79
6793200,59,28,-5,84
6793710,84,11,11,73
6794220,60,21,-3,76
6794730,85,4,3,73
6795240,61,14,-3,76
6795750,86,52,-1,77
6796260,42,79,1,76
6796770,45,46,-10,86
6797280,87,13,6,80
6797790,63,23,0,80
6798300,88,27,10,70
6798810,70,37,-8,78
6799320,95,20,7,71
6799830,71,47,-8,79
6800340,96,30,-2,81
6800850,78,57,-4,85
6801360,87,95,11,74
6801870,69,31,3,71
6802380,94,18,-6,77
6802890,70,45,1,76
6803400,95,83,-5,81
6803910,74,84,-3,84
6804420,24,20,6,78
6804930,66,89,0,78
6805440,48,25,-7,85
6805950,67,8,14,71
6806460,54,18,-13,84
6806970,79,1,11,73
6807480,55,11,-1,74
6807990,80,24,-1,75
6808500,62,34,-2,77
6809010,87,17,0,77
6809520,63,27,-5,82
6810030,88,40,2,80
6810540,44,78,10,70
6811050,54,45,-10,80
6811560,73,12,5,75
6812070,60,22,-2,77
6812580,85,60,-2,79
6813090,41,98,-3,82
6813600,44,6,4,78
6814110,61,91,2,76
6814620,43,27,-2,78
6815130,62,10,-1,79
6815640,79,48,1,78
6816150,35,86,1,77
6816660,38,96,-4,81
6817170,41,32,3,78
6817680,60,15,-1,79
6818190,85,25,8,71
6818700,67,35,-10,81
6819210,92,18,6,75
6819720,68,45,-9,84
6820230,87,28,8,76
6820740,69,38,-5,81
6821250,94,21,5,76
6821760,70,48,-6,82
6822270,89,31,9,73
6822780,71,41,-8,81
6823290,96,24,8,73
6823800,72,51,-13,86
6824310,82,34,12,74
6824820,38,47,-5,79
6825330,80,14,5,74
6825840,56,24,-13,87
6826350,81,7,13,74
6826860,57,17,-1,75
6827370,82,55,-6,81
6827880,38,56,-1,82
6828390,80,100,5,77
6828900,62,36,-8,85
6829410,87,19,8,77
6829920,63,46,-2,79
6830430,82,47,-1,80
6830940,38,85,3,77
6831450,41,95,-3,80
6831960,44,3,3,77
6832470,61,88,3,74
6832980,43,24,-3,77
6833490,62,7,1,76
6834000,79,45,-3,79
6834510,35,83,1,78
6835020,38,93,-3,81
6835530,41,29,1,80
6836040,60,12,5,75
6836550,85,50,-6,81
6837060,41,88,-2,83
6837570,44,98,5,78
6838080,47,6,1,77
6838590,64,91,-1,78
6839100,46,27,0,78
6839610,65,10,-1,79
6840120,82,48,2,77
6840630,38,86,1,76
6841140,41,73,0,76
6841650,51,40,-7,83
6842160,70,23,6,77
6842670,95,33,1,76
6843180,77,60,-6,82
6843690,91,61,7,75
6844200,47,62,-6,81
6844710,89,29,6,75
6845220,71,39,-3,78
6845730,96,52,1,77
6846240,52,90,0,77
6846750,62,26,-3,80
6847260,87,39,4,76
6847770,43,53,-5,81
6848280,85,20,7,74
6848790,61,47,-7,81
6849300,80,48,4,77
6849810,36,86,-3,80
6850320,39,96,-2,82
6850830,42,32,5,77
6851340,84,101,5,72
6851850,66,37,-14,86
6852360,91,20,12,74
6852870,67,47,-7,81
6853380,92,30,5,76
6853890,74,57,-10,86
6854400,88,58,5,81
6854910,44,96,5,76
6855420,47,85,-1,77
6855930,57,52,0,77
6856440,99,19,-2,79
6856950,75,46,-2,81
6857460,100,84,10,71
6857970,82,9,-3,74
6858480,58,19,-3,77
6858990,83,32,3,74
6859500,65,42,-7,81
6860010,90,25,7,74
6860520,72,52,-11,85
6861030,97,35,6,79
6861540,79,62,0,79
6862050,93,63,-1,80
6862560,49,64,-5,85
6863070,91,31,10,75
6863580,73,58,-7,82
6864090,87,59,6,76
6864600,43,60,-7,83
6865110,85,27,5,78
6865620,67,37,-2,80
6866130,92,50,1,79
6866640,48,88,3,76
6867150,58,24,3,73
6867660,83,37,-4,77
6868170,65,50,-8,85
6868680,87,33,2,83
6869190,69,46,-5,88
6869700,94,29,6,82
6870210,76,56,0,82
6870720,90,39,9,73
6871230,72,66,-8,81
6871740,86,33,8,73
6872250,68,46,-11,84
6872760,93,29,5,79
6873270,75,56,-1,80
6873780,89,39,4,76
6874290,71,52,-11,87
6874800,96,35,3,84
6875310,78,62,3,81
6875820,92,63,6,75
6876330,48,17,-9,84
6876840,73,0,13,71
6877350,7,19,-12,83
6877860,88,16,8,75
6878370,64,26,0,75
6878880,89,39,3,72
6879390,45,66,-8,80
6879900,87,33,10,70
6880410,69,60,-11,81
6880920,56,22,-7,88
6881430,81,5,14,74
6881940,57,15,-3,77
6882450,82,53,0,77
6882960,5,91,-5,82
6883470,90,80,2,80
6883980,72,5,6,74
6884490,89,54,-7,81
6885000,45,92,2,79
6885510,55,59,-1,80
6886020,97,26,9,71
6886530,73,53,-11,82
6887040,87,5,8,74
6887550,63,15,0,74
6888060,88,25,4,70
6888570,70,35,-4,74
6889080,95,48,-4,78
6889590,51,86,2,76
6890100,61,32,-9,85
6890610,86,15,8,77
6891120,62,25,-4,81
6891630,87,44,0,81
6892140,10,71,2,79
6892650,20,93,0,79
6893160,30,74,-1,80
6893670,33,61,-2,82
6894180,62,28,6,76
6894690,87,47,2,74
6895200,43,74,-8,82
6895710,33,41,4,78
6896220,75,8,2,76
6896730,62,18,-1,77
6897240,87,28,2,75
6897750,69,38,-8,83
6898260,94,57,9,74
6898770,50,84,-3,77
6899280,60,51,-6,83
6899790,82,18,6,77
6900300,69,28,4,73
6900810,94,66,-9,82
6901320,50,2,7,75
6901830,67,21,-4,79
6902340,92,59,4,75
6902850,48,34,-7,82
6903360,73,17,6,76
6903870,98,27,-1,77
6904380,74,54,0,77
6904890,88,92,3,74
6905400,70,28,-3,77
6905910,95,66,0,77
6906420,51,2,0,77
6906930,68,21,-1,78
6907440,93,59,-1,79
6907950,49,97,3,76
6908460,59,33,-7,83
6908970,84,16,4,79
6909480,60,43,-11,90
6909990,85,26,20,70
6910500,67,53,-11,81
6911010,54,36,-4,85
6911520,41,19,-3,88
6912030,66,2,11,77
6912540,36,21,-3,80
6913050,61,4,8,72
6913560,48,42,-12,84
6914070,82,9,7,77
6914580,58,19,-6,83
6915090,83,2,4,79
6915600,59,21,4,75
6916110,84,40,-4,79
6916620,7,67,-5,84
6917130,17,50,6,78
6917640,27,17,-8,86
6918150,69,86,8,78
6918660,19,22,-2,80
6919170,61,91,7,73
6919680,43,27,-12,85
6920190,68,10,11,74
6920700,55,48,-14,88
6921210,89,15,11,77
6921720,65,25,-6,83
6922230,90,44,6,77
6922740,46,71,-2,79
6923250,68,38,-3,82
6923760,93,57,4,78
6924270,49,95,1,77
6924780,59,31,0,77
6925290,84,50,1,76
6925800,40,77,-9,85
6926310,50,44,7,78
6926820,72,11,5,73
6927330,59,21,-2,75
6927840,84,40,3,72
6928350,40,67,-8,80
6928860,82,34,5,75
6929370,38,48,-6,81
6929880,90,15,1,80
6930390,66,42,-7,87
6930900,91,25,14,73
6931410,67,35,-12,85
6931920,12,54,8,77
6932430,22,45,0,77
6932940,32,12,-6,83
6933450,47,97,10,73
6933960,57,33,-11,84
6934470,82,52,-1,85
6934980,38,90,9,76
6935490,48,26,-8,84
6936000,73,9,14,70
6936510,60,19,-5,75
6937020,85,38,-6,81
6937530,41,76,1,80
6938040,51,43,-8,88
6938550,93,26,10,78
6939060,69,36,-5,83
6939570,94,55,2,81
6940080,50,93,5,76
6940590,60,84,4,72
6941100,47,20,-12,84
6941610,62,3,12,72
6942120,49,22,-11,83
6942630,59,5,11,72
6943140,46,24,-5,77
6943650,65,7,-7,84
6944160,82,26,9,75
6944670,38,36,-6,81
6945180,80,3,5,76
6945690,56,22,-3,79
6946200,81,5,9,70
6946710,57,15,-9,79
6947220,82,34,3,76
6947730,5,48,-2,78
6948240,15,39,-2,80
6948750,25,6,-2,82
6949260,28,91,1,81
6949770,38,27,-3,84
6950280,80,96,8,76
6950790,67,32,-6,82
6951300,92,51,9,73
6951810,48,78,-4,77
6952320,58,74,2,75
6952830,45,41,-9,84
6953340,87,8,14,70
6953850,63,27,-9,79
6954360,88,46,1,78
6954870,44,73,2,76
6955380,54,40,-15,91
6955890,69,23,13,78
6956400,94,42,-4,82
6956910,50,69,6,76
6957420,37,36,-8,84
6957930,79,3,6,78
6958440,55,22,-1,79
6958950,80,5,0,79
6959460,50,15,6,73
6959970,75,100,4,69
6960480,57,36,-12,81
6960990,72,55,1,80
6961500,51,56,2,78
6962010,93,23,-1,79
6962520,69,50,-3,82
6963030,56,51,-1,83
6963540,98,18,8,75
6964050,74,45,-11,86
6964560,99,64,14,72
6965070,55,91,-2,74
6965580,65,27,-3,77
6966090,90,46,5,72
6966600,46,73,-6,78
6967110,88,40,-3,81
6967620,44,67,3,78
6968130,86,34,1,77
6968640,42,61,-1,78
6969150,15,28,-4,82
6969660,25,97,2,80
6970170,35,33,-4,84
6970680,77,0,11,73
6971190,53,19,-4,77
6971700,56,2,0,77
6972210,73,21,4,73
6972720,29,59,-5,78
6973230,39,26,-3,81
6973740,49,95,10,71
6974250,59,86,-7,78
6974760,46,22,-3,81
6975270,61,5,10,71
6975780,31,43,-10,81
6976290,73,10,4,77
6976800,49,20,-3,80
6977310,74,3,6,74
6977820,44,22,-3,77
6978330,69,5,1,76
6978840,39,24,-15,91
6979350,95,7,9,82
6979860,71,19,3,79
6980370,86,57,-2,81
6980880,42,95,0,81
6981390,52,31,0,81
6981900,67,14,7,74
6982410,82,52,-12,86
6982920,38,90,9,77
6983430,41,2,-4,81
6983940,58,87,3,78
6984450,45,13,-4,82
6984960,60,76,-2,84
6985470,10,43,0,84
6985980,9,34,5,79
6986490,8,25,-1,80
6987000,89,22,5,75
6987510,65,49,-11,86
6988020,52,68,4,82
6988530,2,35,-4,86
6989040,1,32,8,78
6989550,11,29,1,77
6990060,21,98,-4,81
6990570,31,87,-4,85
6991080,34,23,3,82
6991590,76,92,3,79
6992100,26,28,-1,80
6992610,68,97,7,73
6993120,50,33,-10,83
6993630,69,16,7,76
6994140,25,32,-6,82
6994650,67,101,4,78
6995160,49,37,-5,83
6995670,66,4,8,75
6996180,36,23,-5,80
6996690,78,92,7,73
6997200,60,28,-10,83
6997710,85,47,3,80
6998220,41,66,-3,83
6998730,83,33,6,77
6999240,39,47,-8,85
6999750,81,14,10,75
7000260,57,30,-5,80
7000770,82,13,1,79
7001280,58,25,-2,81
7001790,83,44,4,77
7002300,39,71,-2,79
7002810,49,38,-5,84
7003320,91,21,6,78
7003830,67,48,0,78
7004340,23,67,3,75
7004850,33,58,-8,83
7005360,43,25,-1,84
7005870,58,8,7,77
7006380,73,46,0,77
7006890,29,65,-8,85
7007400,39,32,6,79
7007910,81,101,-2,81
7008420,63,37,1,80
7008930,88,56,-2,82
7009440,44,57,1,81
7009950,86,24,4,77
7010460,42,51,-4,81
7010970,84,18,6,75
7011480,60,30,-9,84
7011990,85,49,5,79
7012500,41,50,0,79
7013010,83,17,0,79
7013520,59,29,2,77
7014030,84,12,-1,78
7014540,60,24,0,78
7015050,85,43,5,73
7015560,41,57,-12,85
7016070,83,24,13,72
7016580,39,23,-6,78
7017090,54,22,5,73
7017600,79,41,-5,78
7018110,35,68,-2,80
7018620,45,35,-2,82
7019130,87,18,5,77
7019640,63,30,-3,80
7020150,88,49,4,76
7020660,44,63,-1,77
7021170,86,30,-1,78
7021680,42,29,-8,86
7022190,84,98,8,78
7022700,66,34,-2,80
7023210,91,53,4,76
7023720,47,80,0,76
7024230,57,47,-8,84
7024740,4,14,7,77
7025250,85,11,0,77
7025760,61,23,-2,79
7026270,86,42,0,79
7026780,42,56,-2,81
7027290,84,23,9,72
7027800,40,35,-14,86
7028310,82,2,11,75
7028820,58,21,-10,85
7029330,83,40,11,74
7029840,39,59,-12,86
7030350,81,26,16,70
7030860,37,25,-14,84
7031370,79,94,6,78
7031880,61,30,-7,85
7032390,86,49,8,77
7032900,62,50,-6,83
7033410,97,17,3,80
7033920,73,29,3,77
7034430,29,32,1,76
7034940,71,101,3,73
7035450,53,37,-9,82
7035960,78,20,10,72
7036470,34,19,-12,84
7036980,49,88,6,78
7037490,59,55,-5,83
7038000,101,22,6,77
7038510,77,49,-5,82
7039020,33,68,5,77
7039530,43,35,-8,85
7040040,85,2,7,78
7040550,61,78,1,77
7041060,11,45,3,74
7041570,21,36,-11,85
7042080,63,3,9,76
7042590,33,22,-6,82
7043100,75,5,7,75
7043610,45,47,-10,85
7044120,87,14,10,75
7044630,63,26,5,70
7045140,88,29,-1,71
7045650,44,56,-16,87
7046160,86,23,14,73
7046670,42,22,-8,81
7047180,57,5,5,76
7047690,72,24,-1,77
7048200,97,23,-3,80
7048710,73,50,6,74
7049220,29,69,-6,80
7049730,39,36,2,78
7050240,81,3,0,78
7050750,57,22,0,78
7051260,82,41,4,74
7051770,38,18,-11,85
7052280,53,1,10,75
7052790,70,20,1,74
7053300,44,19,-6,80
7053810,59,2,8,72
7054320,29,21,-11,83
7054830,71,90,7,76
7055340,53,26,-3,79
7055850,68,9,-3,82
7056360,83,28,12,70
7056870,39,27,-11,81
7057380,54,96,5,76
7057890,64,63,-4,80
7058400,4,30,-3,83
7058910,3,27,5,78
7059420,2,24,-3,81
7059930,1,21,-1,82
7060440,0,18,2,80
7060950,81,15,2,78
7061460,57,34,-5,83
7061970,82,17,7,76
7062480,58,29,-1,77
7062990,83,48,-2,79
7063500,39,49,0,79
7064010,81,16,8,71
7064520,57,28,-12,83
7065030,82,47,1,82
7065540,38,66,2,80
7066050,41,33,-7,87
7066560,83,0,4,83
7067070,59,19,6,77
7067580,84,38,-1,78
7068090,40,41,-4,82
7068600,82,8,8,74
7069110,58,27,-5,79
7069620,48,46,-1,80
7070130,90,13,5,75
7070640,66,25,0,75
7071150,91,44,0,75
7071660,47,58,-3,78
7072170,89,25,4,74
7072680,45,24,-6,80
7073190,60,7,10,70
7073700,75,26,0,70
7074210,31,25,-9,79
7074720,73,94,5,74
7075230,23,30,-5,79
7075740,65,99,3,76
7076250,75,35,0,76
7076760,100,38,-2,78
7077270,56,65,-7,85
7077780,6,32,5,80
7078290,5,45,0,80
7078800,15,36,-2,82
7079310,25,3,0,82
7079820,28,28,-2,84
7080330,70,97,9,75
7080840,52,33,-5,80
7081350,67,16,2,78
7081860,82,29,3,75
7082370,38,28,-3,78
7082880,53,11,-1,79
7083390,68,30,-4,83
7083900,93,49,3,80
7084410,49,87,6,74
7084920,59,78,-9,83
7085430,101,45,3,80
7085940,57,72,-1,81
7086450,7,39,3,78
7086960,6,52,3,75
7087470,16,65,-5,80
7087980,26,54,-1,81
7088490,36,21,0,81
7089000,51,4,3,78
7089510,66,23,-5,83
7090020,91,26,8,75
7090530,47,25,-4,79
7091040,72,8,6,73
7091550,42,27,-7,80
7092060,13,10,-3,83
7092570,23,95,2,81
7093080,34,84,2,79
7093590,37,98,-4,83
7094100,17,87,6,77
7094610,27,76,-2,79
7095120,73,65,-4,83
7095630,52,66,2,81
7096140,2,33,1,80
7096650,1,30,1,79
7097160,11,27,-3,82
7097670,92,96,4,78
7098180,74,21,-2,80
7098690,89,59,-1,81
7099200,45,60,-5,86
7099710,87,27,6,80
7100220,43,26,-6,86
7100730,58,9,7,79
7101240,73,28,7,72
7101750,29,31,-6,78
7102260,71,100,4,74
7102770,53,46,-10,84
7103280,68,13,12,72
7103790,83,25,-5,77
7104300,59,24,-2,79
7104810,84,43,7,72
7105320,40,70,-5,77
7105830,50,37,-6,83
7106340,65,4,6,77
7106850,80,23,1,76
7107360,56,22,-5,81
7107870,81,41,2,79
7108380,37,55,4,75
7108890,79,22,3,72
7109400,35,21,-10,82
7109910,50,4,7,75
7110420,65,23,-4,79
7110930,84,26,5,74
7111440,66,25,-4,78
7111950,91,28,5,73
7112460,47,55,-5,78
7112970,89,22,4,74
7113480,65,49,-8,82
7113990,90,50,1,81
7114500,46,62,0,81
7115010,88,29,3,78
7115520,44,56,-1,79
7116030,86,23,2,77
7116540,62,22,-3,80
7117050,87,41,7,73
7117560,43,55,-3,76
7118070,85,22,-1,77
7118580,61,49,-11,88
7119090,76,16,16,72
7119600,52,28,-9,81
7120110,77,11,7,74
7120620,53,23,-3,77
7121130,78,42,3,74
7121640,34,56,-11,85
7122150,76,23,11,74
7122660,32,61,-8,82
7123170,42,28,1,81
7123680,57,97,2,79
7124190,67,43,-2,81
7124700,92,62,8,73
7125210,48,89,-3,76
7125720,58,56,-6,82
7126230,100,23,-4,86
7126740,76,50,6,80
7127250,101,69,-1,81
7127760,57,70,-3,84
7128270,7,37,2,82
7128780,6,50,5,77
7129290,16,63,0,77
7129800,26,90,-7,84
7130310,36,79,6,78
7130820,46,46,-11,89
7131330,88,13,15,74
7131840,64,25,-9,83
7132350,89,44,5,78
7132860,45,71,1,77
7133370,55,38,-8,85
7133880,80,57,8,77
7134390,36,58,-2,79
7134900,78,25,-1,80
7135410,34,24,-3,83
7135920,59,93,4,79
7136430,41,60,1,78
7136940,93,27,-2,80
7137450,75,54,-7,87
7137960,100,58,5,82
7138470,56,85,8,74
7138980,38,31,-3,77
7139490,80,100,6,71
7140000,62,36,-11,82
7140510,87,55,6,76
7141020,43,56,-4,80
7141530,85,23,4,76
7142040,41,50,-7,83
7142550,83,17,10,73
7143060,59,60,-12,85
7143570,101,27,2,83
7144080,57,54,-3,86
7144590,99,21,7,79
7145100,75,48,0,79
7145610,100,49,1,78
7146120,56,76,-3,81
7146630,6,43,2,79
7147140,16,34,0,79
7147650,58,1,3,76
7148160,73,20,2,74
7148670,29,19,-8,82
7149180,54,88,4,78
7149690,64,55,2,76
7150200,78,82,-2,78
7150710,60,7,5,73
7151220,75,45,-7,80
7151730,100,64,-5,85
7152240,56,91,8,77
7152750,38,58,-5,82
7153260,90,28,-3,85
7153770,46,27,7,78
7154280,61,10,2,76
7154790,76,48,-5,81
7155300,32,52,1,80
7155810,74,56,-4,84
7156320,99,57,1,83
7156830,55,84,7,76
7157340,37,92,-3,79
7157850,47,81,-1,80
7158360,57,48,-4,84
7158870,72,15,10,74
7159380,28,14,-6,80
7159890,43,83,6,74
7160400,53,50,-6,80
7160910,95,17,2,78
7161420,71,44,-7,85
7161930,96,63,6,79
7162440,52,90,-1,80
7162950,62,57,-6,86
7163460,56,24,7,79
7163970,81,43,3,76
7164480,37,44,-3,79
7164990,79,11,5,74
7165500,55,21,-7,81
7166010,80,34,10,71
7166520,36,48,-11,82
7167030,78,15,10,72
7167540,34,14,-13,85
7168050,49,99,3,82
7168560,59,66,7,75
7169070,9,33,-1,76
7169580,8,0,0,76
7170090,60,25,-3,79
7170600,85,44,7,72
7171110,41,71,-5,77
7171620,51,38,-4,81
7172130,66,5,3,78
7172640,81,24,8,70
7173150,37,51,-10,80
7173660,79,18,6,74
7174170,55,17,-6,80
7174680,80,30,7,73
7175190,36,29,-10,83
7175700,61,98,6,77
7176210,43,44,-9,86
7176720,95,11,6,80
7177230,71,23,6,74
7177740,27,22,-5,79
7178250,52,91,8,71
7178760,34,37,-17,88
7179270,76,4,18,70
7179780,52,23,-9,79
7180290,77,26,6,73
7180800,33,25,-10,83
7181310,58,94,5,78
7181820,40,40,-6,84
7182330,82,7,8,76
7182840,58,19,0,76
7183350,83,18,3,73
7183860,59,17,-4,77
7184370,84,30,4,73
7184880,40,29,-7,80
7185390,65,98,9,71
7185900,47,44,-8,79
7186410,89,11,0,79
7186920,65,38,-7,86
7187430,90,57,8,78
7187940,46,84,2,76
7188450,56,51,-6,82
7188960,81,18,10,72
7189470,57,17,-7,79
7189980,82,20,7,72
7190490,38,19,-10,82
7191000,53,2,7,75
7191510,68,21,-7,82
7192020,93,24,8,74
7192530,49,51,-11,85
7193040,91,18,1,84
7193550,67,17,2,82
7194060,92,55,1,81
7194570,48,56,-1,82
7195080,90,23,9,73
7195590,46,22,-8,81
7196100,71,5,7,74
7196610,47,24,-1,75
7197120,72,7,2,73
7197630,42,26,-8,81
7198140,67,9,0,81
7198650,92,25,6,75
7199160,48,52,-10,85
7199670,90,19,7,78
7200180,66,46,-7,85
7200690,91,47,13,72
7201200,47,74,-4,76
7201710,57,41,-12,88
7202220,72,24,13,75
7202730,28,23,-3,78
7203240,53,92,-1,79
7203750,63,38,0,79
7204260,88,65,1,78
7204770,44,66,-2,80
7205280,26,33,-4,84
7205790,68,0,9,75
7206300,44,19,-4,79
7206810,59,2,-2,81
7207320,29,21,-3,84
7207830,54,90,9,75
7208340,64,36,-10,85
7208850,89,19,9,76
7209360,65,46,-3,79
7209870,90,47,0,79
7210380,46,74,8,71
7210890,28,41,-9,80
7211400,10,8,3,77
7211910,3,93,-3,80
7212420,88,60,4,76
7212930,44,61,-9,85
7213440,78,28,13,72
7213950,34,27,-8,80
7214460,58,96,4,76
7214970,40,42,-6,82
7215480,82,9,4,78
7215990,58,22,3,75
7216500,83,25,8,67
7217010,39,52,-13,80
7217520,81,19,1,79
7218030,37,18,-5,84
7218540,52,1,8,76
7219050,67,26,-2,78
7219560,92,29,0,78
7220070,48,56,-5,83
7220580,30,23,-2,85
7221090,40,92,11,74
7221600,50,81,-6,80
7222110,32,48,-5,85
7222620,14,15,-2,87
7223130,24,100,4,83
7223640,34,89,2,81
7224150,44,78,5,76
7224660,54,45,-11,87
7225170,69,12,6,81
7225680,45,50,3,78
7226190,87,17,0,78
7226700,63,44,-7,85
7227210,88,27,6,79
7227720,44,54,2,77
7228230,26,21,-3,80
7228740,68,90,2,78
7229250,50,26,-7,85
7229760,65,9,5,80
7230270,80,47,-1,81
7230780,36,74,0,81
7231290,46,41,2,79
7231800,71,8,7,72
7232310,47,46,-5,77
7232820,89,13,-1,78
7233330,65,40,-3,81
7233840,90,59,4,77
7234350,46,86,5,72
7234860,28,32,-14,86
7235370,70,101,5,81
7235880,52,37,-3,84
7236390,77,20,8,76
7236900,92,19,4,72
7237410,68,46,-9,81
7237920,93,47,4,77
7238430,49,74,-1,78
7238940,31,41,-6,84
7239450,73,8,6,78
7239960,49,24,-5,83
7240470,74,7,8,75
7240980,50,45,-4,79
7241490,60,12,-1,80
7242000,75,25,7,73
7242510,31,24,-6,79
7243020,73,93,3,76
7243530,55,29,-4,80
7244040,80,12,3,77
7244550,56,39,-5,82
7245060,81,22,7,75
7245570,37,21,-12,87
7246080,52,4,13,74
7246590,67,20,-2,76
7247100,23,19,-5,81
7247610,65,88,-1,82
7248120,47,24,-1,83
7248630,72,7,10,73
7249140,48,17,-8,81
7249650,73,0,7,74
7250160,49,19,-2,76
7250670,74,2,9,67
7251180,50,21,-20,87
7251690,75,4,10,77
7252200,51,23,-1,78
7252710,76,6,2,76
7253220,52,33,-10,86
7253730,77,16,10,76
7254240,53,15,-5,81
7254750,78,28,5,76
7255260,34,27,-4,80
7255770,76,96,3,77
7256280,58,42,-6,83
7256790,83,25,8,75
7257300,65,24,-5,80
7257810,90,27,3,77
7258320,72,54,-6,83
7258830,97,55,4,79
7259340,53,82,0,79
7259850,35,28,-7,86
7260360,60,97,3,83
7260870,42,43,5,78
7261380,84,10,3,75
7261890,60,37,-9,84
7262400,85,41,9,75
7262910,41,68,-1,76
7263420,23,35,-8,84
7263930,65,2,9,75
7264440,41,21,-11,86
7264950,51,4,7,79
7265460,66,29,1,78
7265970,91,33,7,71
7266480,47,60,-11,82
7266990,89,27,6,76
7267500,45,54,-5,81
7268010,87,21,6,75
7268520,63,48,-9,84
7269030,88,49,5,79
7269540,0,50,3,76
7270050,10,47,-4,80
7270560,20,38,-4,84
7271070,30,5,-4,88
7271580,45,30,3,85
7272090,70,13,8,77
7272600,46,40,-8,85
7273110,76,12,10,75
7273620,52,39,-11,86
7274130,77,22,9,77
7274640,33,21,-12,89
7275150,58,90,7,82
7275660,40,36,-3,85
7276170,82,3,8,77
7276680,58,22,-2,79
7277190,83,35,2,77
7277700,39,62,-4,81
7278210,21,29,-7,88
7278720,67,98,2,86
7279230,49,44,-2,88
7279740,15,11,1,87
7280250,25,96,2,85
7280760,35,85,3,82
7281270,45,74,4,78
7281780,55,41,-12,90
7282290,80,24,14,76
7282800,36,23,-10,86
7283310,15,6,11,75
7283820,72,91,-5,80
7284330,54,37,-2,82
7284840,79,38,3,79
7285350,35,39,-11,90
7285860,77,6,16,74
7286370,53,25,-9,83
7286880,78,84,7,76
7287390,60,9,0,76
7287900,67,13,3,73
7288410,43,26,-16,89
7288920,68,9,12,77
7289430,44,47,-5,82
7289940,78,83,6,76
7290450,74,29,3,73
7290960,30,30,-6,79
7291470,72,99,5,74
7291980,54,45,-11,85
7292490,79,12,10,75
7293000,55,39,-6,81
7293510,80,22,6,75
7294020,36,49,-6,81
7294530,60,16,3,78
7295040,85,101,-2,80
7295550,67,47,-2,82
7296060,92,48,4,78
7296570,48,75,2,76
7297080,30,42,-3,79
7297590,72,9,3,76
7298100,48,39,-10,86
7298610,73,6,10,76
7299120,49,25,-6,82
7299630,74,8,6,76
7300140,50,27,-11,87
7300650,75,10,14,73
7301160,51,20,-7,80
7301670,76,3,9,71
7302180,52,30,-9,80
7302690,77,13,4,76
7303200,87,40,3,73
7303710,43,67,-5,78
7304220,25,34,-5,83
7304730,67,1,3,80
7305240,37,20,-7,87
7305750,67,3,15,72
7306260,43,33,-15,87
7306770,68,16,8,79
7307280,24,20,-3,82
7307790,66,89,6,76
7308300,32,35,-8,84
7308810,74,2,10,74
7309320,50,21,-11,85
7309830,75,4,12,73
7310340,51,31,-8,81
7310850,76,14,1,80
7311360,52,41,-1,81
7311870,31,8,-5,86
7312380,34,93,5,81
7312890,44,82,0,81
7313400,54,49,-7,88
7313910,96,32,7,81
7314420,52,59,-4,85
7314930,94,26,9,76
7315440,50,53,-8,84
7315950,34,20,-2,86
7316460,64,3,15,71
7316970,34,33,-12,83
7317480,76,0,13,70
7317990,52,19,-10,80
7318500,77,2,5,75
7319010,53,21,-6,81
7319520,78,4,5,76
7320030,54,31,3,73
7320540,79,14,-1,74
7321050,55,41,-11,85
7321560,80,24,10,75
7322070,36,25,-7,82
7322580,66,8,-2,84
7323090,36,38,-3,87
7323600,78,5,10,77
7324110,54,32,-3,80
7324620,79,15,2,78
7325130,55,25,-4,82
7325640,80,8,11,71
7326150,56,35,-6,77
7326660,81,18,6,71
7327170,57,45,-10,81
7327680,71,46,-2,83
7328190,27,29,5,78
7328700,69,98,3,75
7329210,51,44,-9,84
7329720,61,11,11,73
7330230,68,21,-12,85
7330740,93,25,7,78
7331250,49,94,7,71
7331760,31,40,-16,87
7332270,13,7,5,82
7332780,6,92,4,78
7333290,87,81,4,74
7333800,69,6,1,73
7334310,45,16,-13,86
7334820,52,101,11,75
7335330,62,47,-7,82
7335840,87,48,4,78
7336350,43,49,-4,82
7336860,95,16,1,81
7337370,71,43,1,80
7337880,96,70,-4,84
7338390,52,71,3,81
7338900,34,38,-4,85
7339410,86,5,9,76
7339920,62,15,-5,81
7340430,69,19,4,77
7340940,25,29,-8,85
7341450,67,98,12,73
7341960,49,44,-11,84
7342470,59,11,5,79
7342980,66,15,3,76
7343490,22,25,-7,83
7344000,74,94,-4,87
7344510,56,40,5,82
7345020,81,23,9,73
7345530,37,50,-7,80
7346040,19,17,0,80
7346550,61,86,4,76
7347060,43,32,-7,83
7347570,68,15,10,73
7348080,24,25,-3,76
7348590,66,94,-3,79
7349100,48,40,-2,81
7349610,58,7,5,76
7350120,17,32,-3,79
7350630,14,101,-4,83
7351140,24,90,5,78
7351650,34,79,1,77
7352160,44,70,-1,78
7352670,26,37,2,76
7353180,8,4,3,73
7353690,1,89,-8,81
7354200,82,78,6,75
7354710,64,3,1,74
7355220,40,33,-7,81
7355730,82,0,8,73
7356240,58,19,-2,75
7356750,14,2,-1,76
7357260,28,87,-2,78
7357770,38,76,2,76
7358280,48,43,-1,77
7358790,78,10,1,76
7359300,54,37,-7,83
7359810,79,20,11,72
7360320,35,30,-16,88
7360830,77,99,18,70
7361340,59,45,-15,85
7361850,84,28,12,73
7362360,40,29,-9,82
7362870,65,12,7,75
7363380,21,22,-9,84
7363890,63,91,9,75
7364400,45,37,-13,88
7364910,11,4,13,75
7365420,4,89,-5,80
7365930,89,78,10,70
7366440,71,3,-7,77
7366950,41,22,-7,84
7367460,66,5,10,74
7367970,36,15,-12,86
7368480,39,100,3,83
7368990,49,89,9,74
7369500,31,35,-13,87
7370010,73,2,10,77
7370520,49,21,-9,86
7371030,64,4,11,75
7371540,34,34,-11,86
7372050,76,1,12,74
7372560,52,20,-4,78
7373070,77,3,7,71
7373580,53,22,-7,78
7374090,78,5,-5,83
7374600,54,35,4,79
7375110,79,18,0,79
7375620,55,28,-6,85
7376130,80,11,8,77
7376640,56,38,-9,86
7377150,81,21,6,80
7377660,37,48,-4,84
7378170,79,15,10,74
7378680,55,25,-8,82
7379190,80,8,8,74
7379700,56,18,-3,77
7380210,81,31,-2,79
7380720,37,32,-1,80
7381230,62,101,4,76
7381740,44,47,-9,85
7382250,86,14,7,78
7382760,62,24,-9,87
7383270,87,7,6,81
7383780,63,37,0,81
7384290,88,20,6,75
7384800,44,47,-2,77
7385310,17,14,5,72
7385820,56,99,-7,79
7386330,38,66,-1,80
7386840,48,33,3,77
7387350,73,16,2,75
7387860,29,26,-8,83
7388370,71,95,7,76
7388880,53,41,-8,84
7389390,78,24,12,72
7389900,34,51,-5,77
7390410,16,18,-9,86
7390920,9,1,5,81
7391430,2,86,0,81
7391940,87,75,5,76
7392450,69,76,-5,81
7392960,51,1,-5,86
7393470,68,26,10,76
7393980,93,27,5,71
7394490,49,54,-10,81
7395000,91,21,4,77
7395510,47,48,-3,80
7396020,89,15,8,72
7396530,63,42,-5,77
7397040,88,43,5,72
7397550,44,44,-7,79
7398060,86,11,-2,81
7398570,60,21,4,77
7399080,85,4,4,73
7399590,61,44,-8,81
7400100,86,45,5,76
7400610,42,72,-2,78
7401120,52,39,2,76
7401630,77,6,1,75
7402140,51,16,-4,79
7402650,76,101,6,73
7403160,58,47,-15,88
7403670,83,48,13,75
7404180,94,75,0,75
7404690,50,76,-4,79
7405200,32,43,-7,86
7405710,14,10,9,77
7406220,7,95,0,77
7406730,92,84,-1,78
7407240,74,9,6,72
7407750,61,19,-6,78
7408260,86,23,4,74
7408770,42,33,-11,85
7409280,67,0,15,70
7409790,41,19,-16,86
7410300,44,2,13,73
7410810,45,27,-9,82
7411320,70,10,8,74
7411830,44,20,-12,86
7412340,59,3,9,77
7412850,29,33,-10,87
7413360,71,0,12,75
7413870,45,19,-9,84
7414380,70,2,12,72
7414890,44,12,-14,86
7415400,47,97,7,79
7415910,57,64,-5,84
7416420,39,31,1,83
7416930,64,100,9,74
7417440,46,46,-13,87
7417950,80,13,13,74
7418460,54,40,-9,83
7418970,79,23,6,77
7419480,35,33,0,77
7419990,60,0,0,77
7420500,30,19,-4,81
7421010,55,88,4,77
7421520,37,34,-3,80
7422030,71,1,6,74
7422540,45,31,-4,78
7423050,70,100,7,71
7423560,52,46,-14,85
7424070,18,13,6,79
7424580,78,82,-6,85
7425090,60,49,5,80
7425600,85,50,1,79
7426110,41,51,-4,83
7426620,93,18,8,75
7427130,67,45,-7,82
7427640,92,28,5,77
7428150,48,55,-6,83
7428660,100,22,6,77
7429170,74,49,-6,83
7429680,99,50,4,79
7430190,55,77,2,77
7430700,37,44,-11,88
7431210,79,11,13,75
7431720,53,21,-5,80
7432230,78,4,3,77
7432740,52,14,-4,81
7433250,77,99,11,70
7433760,59,45,-12,82
7434270,84,12,6,76
7434780,58,22,-6,82
7435290,83,5,3,79
7435800,57,35,-1,80
7436310,82,22,8,72
7436820,38,49,-11,83
7437330,80,16,8,75
7437840,36,91,-6,81
7438350,46,80,7,74
7438860,28,47,-13,87
7439370,10,14,-1,88
7439880,3,99,11,77
7440390,88,88,-8,85
7440900,70,13,10,75
7441410,95,23,-8,83
7441920,51,33,3,80
7442430,76,4,8,72
7442940,50,14,-6,78
7443450,75,99,-1,79
7443960,57,49,-6,85
7444470,82,16,12,73
7444980,38,43,-8,81
7445490,80,10,6,75
7446000,54,20,-5,80
7446510,79,3,3,77
7447020,53,13,-3,80
7447530,78,98,6,74
7448040,60,44,-14,88
7448550,85,27,16,72
7449060,41,54,-10,82
7449570,83,21,2,80
7450080,39,48,1,79
7450590,91,15,-2,81
7451100,65,42,-3,84
7451610,90,25,6,78
7452120,46,52,0,78
7452630,88,19,0,78
7453140,44,46,-1,79
7453650,86,13,2,77
7454160,60,23,-4,81
7454670,85,6,5,76
7455180,59,33,-7,83
7455690,84,16,7,76
7456200,40,43,-12,88
7456710,65,10,13,75
7457220,21,37,-6,81
7457730,31,4,-5,86
7458240,34,29,3,83
7458750,59,98,10,73
7459260,41,44,-10,83
7459770,75,89,2,81
7460280,57,14,1,80
7460790,82,99,6,74
7461300,64,24,-5,79
7461810,89,7,4,75
7462320,63,17,-5,80
7462830,88,30,3,77
7463340,44,57,0,77
7463850,26,24,-8,85
7464360,36,93,2,83
7464870,46,82,8,75
7465380,56,49,-12,87
7465890,81,16,16,71
7466400,55,26,-11,82
7466910,80,9,10,72
7467420,54,19,-4,76
7467930,79,2,1,75
7468440,53,21,-3,78
7468950,78,12,-1,79
7469460,54,39,-6,85
7469970,79,6,10,75
7470480,53,25,-12,87
7470990,78,8,14,73
7471500,52,18,-2,75
7472010,77,1,1,74
7472520,51,20,-8,82
7473030,76,3,8,74
7473540,50,22,-7,81
7474050,75,5,6,75
7474560,49,24,-9,84
7475070,74,7,7,77
7475580,48,17,2,75
7476090,73,0,1,74
7476600,47,19,-4,78
7477110,72,2,8,70
7477620,46,21,-12,82
7478130,71,4,13,69
7478640,45,23,-10,79
7479150,70,6,5,74
7479660,44,16,-3,77
7480170,69,101,5,72
7480680,51,47,-12,84
7481190,85,14,2,82
7481700,61,41,-1,83
7482210,86,24,10,73
7482720,42,36,-9,82
7483230,76,19,8,74
7483740,32,29,-10,84
7484250,74,98,8,76
7484760,56,44,-3,79
7485270,81,45,1,78
7485780,37,46,-7,85
7486290,79,13,10,75
7486800,53,40,-2,77
7487310,78,23,1,76
7487820,34,35,-1,77
7488330,76,2,6,71
7488840,50,21,-9,80
7489350,75,4,9,71
7489860,49,23,-6,77
7490370,74,6,5,72
7490880,48,25,-8,80
7491390,73,8,6,74
7491900,47,18,-5,79
7492410,96,1,5,74
7492920,72,20,-1,75
7493430,28,33,-5,80
7493940,70,0,5,75
7494450,44,19,-10,85
7494960,47,2,6,79
7495470,64,11,1,78
7495980,20,24,-8,86
7496490,62,7,7,79
7497000,32,20,-6,85
7497510,95,3,3,82
7498020,71,22,8,74
7498530,27,23,-10,84
7499040,52,6,7,77
7499550,59,31,-1,78
7500060,84,50,5,73
7500570,40,77,-9,82
7501080,50,44,-1,83
7501590,84,11,6,77
7502100,60,23,-8,85
7502610,85,42,11,74
7503120,41,69,-7,81
7503630,23,36,-2,83
7504140,5,3,-5,88
7504650,100,88,8,80
7505160,82,89,-5,85
7505670,64,14,8,77
7506180,20,27,-3,80
7506690,62,96,5,75
7507200,44,42,-8,83
7507710,69,9,9,74
7508220,25,31,-6,80
7508730,77,100,5,75
7509240,59,46,-8,83
7509750,84,47,10,73
7510260,40,48,-9,82
7510770,22,15,-2,84
7511280,61,84,3,81
7511790,43,51,-4,85
7512300,95,18,3,82
7512810,71,30,5,77
7513320,27,31,-3,80
7513830,69,100,4,76
7514340,51,46,-7,83
7514850,85,13,5,78
7515360,61,12,2,76
7515870,76,25,5,71
7516380,32,26,-15,86
7516890,57,9,7,79
7517400,72,22,7,72
7517910,28,23,-10,82
7518420,53,92,4,78
7518930,63,83,0,78
7519440,45,8,-2,80
7519950,60,93,5,75
7520460,42,39,-7,82
7520970,56,6,8,74
7521480,26,19,-10,84
7521990,36,2,0,84
7522500,37,27,-4,88
7523010,62,10,9,79
7523520,69,23,1,78
7524030,25,24,-3,81
7524540,67,93,1,80
7525050,49,18,-4,84
7525560,56,1,11,73
7526070,26,20,-6,79
7526580,51,89,2,77
7527090,56,35,-9,86
7527600,81,18,13,73
7528110,37,45,-10,83
7528620,71,12,9,74
7529130,45,25,-11,85
7529640,64,8,9,76
7530150,34,21,-8,84
7530660,37,4,2,82
7531170,54,29,0,82
7531680,79,12,4,78
7532190,55,24,-5,83
7532700,80,43,7,76
7533210,36,44,-10,86
7533720,78,11,6,80
7534230,52,38,1,79
7534740,77,21,6,73
7535250,33,34,-12,85
7535760,58,1,10,75
7536270,28,20,-8,83
7536780,7,3,2,81
7537290,0,88,2,79
7537800,85,77,1,78
7538310,67,78,-7,85
7538820,49,45,3,82
7539330,68,12,5,77
7539840,24,25,-7,84
7540350,3,94,9,75
7540860,88,83,-2,77
7541370,70,8,-2,79
7541880,44,27,-11,90
7542390,63,10,15,75
7542900,19,23,-2,77
7543410,100,92,-3,80
7543920,74,17,13,67
7544430,30,44,-11,78
7544940,12,11,-3,81
7545450,88,96,4,77
7545960,70,21,1,76
7546470,26,22,-2,78
7546980,51,91,2,76
7547490,61,82,3,73
7548000,43,7,-14,87
7548510,58,92,11,76
7549020,40,38,-9,85
7549530,65,5,8,77
7550040,35,24,-5,82
7550550,60,7,5,77
7551060,67,37,-3,80
7551570,92,56,5,75
7552080,48,83,-2,77
7552590,53,50,-3,80
7553100,72,17,10,70
7553610,28,30,-10,80
7554120,37,99,-3,83
7554630,47,88,6,77
7555140,52,79,3,74
7555650,34,25,-7,81
7556160,59,8,3,78
7556670,66,21,-1,79
7557180,22,34,-1,80
7557690,1,1,2,78
7558200,96,14,-6,84
7558710,70,26,8,76
7559220,95,27,-3,79
7559730,51,54,-4,83
7560240,85,21,9,74
7560750,41,48,-5,79
7561260,20,15,-6,85
7561770,101,100,-4,89
7562280,83,25,16,73
7562790,39,26,-8,81
7563300,58,9,3,78
7563810,65,22,5,73
7564320,90,35,-4,77
7564830,46,62,-6,83
7565340,63,29,3,80
7565850,88,48,3,77
7566360,44,75,-4,81
7566870,54,42,-3,84
7567380,79,25,13,71
7567890,35,26,-18,89
7568400,60,9,10,79
7568910,75,47,1,78
7569420,100,48,-1,79
7569930,56,75,-3,82
7570440,38,42,-5,87
7570950,63,9,8,79
7571460,19,22,-3,82
7571970,100,91,4,78
7572480,74,16,2,76
7572990,99,43,-4,80
7573500,55,70,1,79
7574010,5,37,-1,80
7574520,4,28,1,79
7575030,3,19,-3,82
7575540,2,16,0,82
7576050,83,13,7,75
7576560,57,40,-8,83
7577070,82,23,11,72
7577580,38,50,-8,80
7578090,52,17,-2,82
7578600,77,0,14,68
7579110,53,19,-12,80
7579620,78,2,9,71
7580130,52,21,-13,84
7580640,77,4,12,72
7581150,51,23,-14,86
7581660,76,6,8,78
7582170,50,25,-2,80
7582680,75,8,4,76
7583190,45,35,-1,77
7583700,64,18,1,76
7584210,79,31,3,73
7584720,35,32,-9,82
7585230,60,101,7,75
7585740,42,92,-6,81
7586250,52,81,1,80
7586760,62,48,-2,82
7587270,87,49,2,80
7587780,43,50,1,79
7588290,62,17,3,76
7588800,87,30,3,73
7589310,43,57,-4,77
7589820,60,24,-4,81
7590330,85,43,8,73
7590840,41,70,-11,84
7591350,51,37,6,78
7591860,70,38,-3,81
7592370,95,57,4,77
7592880,51,84,-1,78
7593390,61,75,-2,80
7593900,43,42,-3,83
7594410,62,9,6,77
7594920,77,28,-1,78
7595430,0,55,-4,82
7595940,10,46,3,79
7596450,20,37,-7,86
7596960,96,4,12,74
7597470,72,23,-3,77
7597980,28,24,-1,78
7598490,53,93,4,74
7599000,58,84,-4,78
7599510,68,51,-2,80
7600020,99,52,5,75
7600530,55,79,-2,77
7601040,65,46,-3,80
7601550,96,47,-1,81
7602060,52,74,-3,84
7602570,62,41,2,82
7603080,87,60,2,80
7603590,43,61,-4,84
7604100,60,28,7,77
7604610,85,47,3,74
7605120,41,74,-2,76
7605630,94,41,-3,79
7606140,50,68,-5,84
7606650,84,35,13,71
7607160,40,62,-9,80
7607670,50,29,2,78
7608180,75,48,3,75
7608690,100,49,-1,76
7609200,56,76,-5,81
7609710,70,43,-1,82
7610220,95,62,8,74
7610730,51,89,-2,76
7611240,56,80,1,75
7611750,66,26,-4,79
7612260,91,45,-2,81
7612770,47,72,3,78
7613280,57,39,0,78
7613790,82,58,-1,79
7614300,38,59,-3,82
7614810,48,26,-2,84
7615320,73,9,11,73
7615830,47,28,-8,81
7616340,72,11,3,78
7616850,42,49,-7,85
7617360,65,16,6,79
7617870,72,54,-3,82
7618380,1,55,-1,83
7618890,11,46,2,81
7619400,21,37,-1,82
7619910,31,4,0,82
7620420,32,29,3,79
7620930,57,98,6,73
7621440,62,89,0,73
7621950,44,35,-14,87
7622460,63,18,13,74
7622970,70,37,-6,80
7623480,95,56,5,75
7623990,51,83,-2,77
7624500,61,74,1,76
7625010,43,101,-1,77
7625520,53,90,2,75
7626030,58,81,1,74
7626540,40,27,-13,87
7627050,59,10,5,82
7627560,74,29,2,80
7628070,99,48,0,80
7628580,55,75,0,80
7629090,37,42,-9,89
7629600,16,9,6,83
7630110,26,94,-5,88
7630620,36,83,10,78
7631130,46,72,0,78
7631640,56,39,-4,82
7632150,75,58,4,78
7632660,31,59,-5,83
7633170,41,26,1,82
7633680,60,9,5,77
7634190,67,28,0,77
7634700,92,47,2,75
7635210,23,48,-6,81
7635720,33,15,0,81
7636230,48,100,7,74
7636740,53,89,-1,75
7637250,58,80,-6,81
7637760,40,47,-3,84
7638270,6,14,9,75
7638780,101,11,-2,77
7639290,75,30,0,77
7639800,31,49,-9,86
7640310,41,16,-1,87
7640820,44,101,5,82
7641330,54,90,7,75
7641840,72,81,-1,76
7642350,54,6,0,76
7642860,69,25,-1,77
7643370,98,44,-4,81
7643880,54,71,1,80
7644390,36,38,1,79
7644900,55,5,4,75
7645410,70,24,-3,78
7645920,77,43,-4,82
7646430,33,62,-6,88
7646940,43,29,8,80
7647450,62,12,6,74
7647960,69,31,-3,77
7648470,94,50,3,74
7648980,50,77,-7,81
7649490,60,44,-2,83
7650000,79,63,-5,88
7650510,53,64,7,81
7651020,3,31,0,81
7651530,2,28,1,80
7652040,12,25,2,78
7652550,88,83,0,78
7653060,62,8,2,76
7653570,69,27,-1,77
7654080,94,46,0,77
7654590,50,60,-7,84
7655100,0,27,2,82
7655610,39,24,-1,83
7656120,58,7,4,79
7656630,73,26,5,74
7657140,29,45,-6,80
7657650,97,12,-4,84
7658160,71,31,5,79
7658670,27,50,-1,80
7659180,37,17,-2,82
7659690,52,0,-2,84
7660200,67,19,10,74
7660710,74,38,0,74
7661220,30,57,-8,82
7661730,40,24,0,82
7662240,59,7,14,68
7662750,66,26,-11,79
7663260,91,45,-1,80
7663770,47,64,-1,81
7664280,13,31,-2,83
7664790,23,44,-2,85
7665300,33,11,1,84
7665810,36,96,3,81
7666320,39,85,6,75
7666830,49,76,1,74
7667340,31,43,-13,87
7667850,73,10,14,73
7668360,47,29,-5,78
7668870,66,12,2,76
7669380,73,31,-2,78
7669890,21,50,-1,79
7670400,31,17,-4,83
7670910,46,0,5,78
7671420,47,25,1,77
7671930,62,90,0,77
7672440,44,57,-2,79
7672950,10,24,-5,84
7673460,20,21,-2,86
7673970,62,4,14,72
7674480,69,23,-6,78
7674990,76,36,-3,81
7675500,101,55,2,79
7676010,57,82,7,72
7676520,39,28,-16,88
7677030,58,11,11,77
7677540,71,30,1,76
7678050,96,49,1,75
7678560,52,76,-3,78
7679070,34,43,-5,83
7679580,76,10,8,75
7680090,50,29,-9,84
7680600,65,12,12,72
7681110,72,89,-3,75
7681620,54,35,-10,85
7682130,69,54,3,82
7682640,100,55,-1,83
7683150,56,82,5,78
7683660,38,49,-6,84
7684170,4,16,-3,87
7684680,3,13,8,79
7685190,67,10,4,75
7685700,74,29,0,75
7686210,81,90,-3,78
7686720,63,15,-2,80
7687230,70,34,7,73
7687740,95,61,-6,79
7688250,51,88,3,76
7688760,56,79,-3,79
7689270,70,46,0,79
7689780,95,65,2,77
7690290,51,92,0,77
7690800,56,83,1,76
7691310,61,50,-5,81
7691820,76,51,-1,82
7692330,101,70,0,82
7692840,57,97,7,75
7693350,62,88,-1,76
7693860,44,13,-7,83
7694370,51,98,9,74
7694880,56,89,2,72
7695390,5,80,-12,84
7695900,90,69,12,72
7696410,46,96,-7,79
7696920,51,87,0,79
7697430,56,78,5,74
7697940,38,45,-7,81
7698450,57,12,1,80
7698960,72,31,4,76
7699470,97,50,-4,80
7699980,100,77,3,77
7700490,56,2,3,74
7701000,63,21,-8,82
7701510,88,40,3,79
7702020,44,67,1,78
7702530,58,34,-3,81
7703040,83,53,12,69
7703550,39,80,-9,78
7704060,60,71,4,74
7704570,10,38,-2,76
7705080,9,29,-5,81
7705590,8,42,3,78
7706100,7,33,-1,79
7706610,6,46,2,77
7707120,16,37,-8,85
7707630,26,50,3,82
7708140,36,17,9,73
7708650,51,0,-3,76
7709160,66,19,7,69
7709670,73,7,-4,73
7710180,47,26,-3,76
7710690,62,9,1,75
7711200,77,28,2,73
7711710,82,41,-7,80
7712220,5,68,0,80
7712730,15,17,9,71
7713240,80,86,-3,74
7713750,62,11,2,72
7714260,69,30,-8,80
7714770,94,49,6,74
7715280,50,76,-6,80
7715790,55,43,-9,89
7716300,70,62,6,83
7716810,84,89,7,76
7717320,66,14,-2,78
7717830,73,33,2,76
7718340,98,60,-3,79
7718850,54,87,0,79
7719360,59,33,-2,81
7719870,84,52,2,79
7720380,7,79,2,77
7720890,92,4,7,70
7721400,68,23,-7,77
7721910,93,42,1,76
7722420,49,69,-5,81
7722930,15,36,2,79
7723440,15,3,-3,82
7723950,7,28,5,77
7724460,6,41,-6,83
7724970,16,54,7,76
7725480,26,45,-7,83
7725990,36,12,-7,90
7726500,37,97,10,80
7727010,56,86,8,72
7727520,61,11,-3,75
7728030,76,30,4,71
7728540,81,57,-11,82
7729050,4,58,1,81
7729560,3,85,2,79
7730070,88,74,6,73
7730580,17,101,-9,82
7731090,28,90,3,79
7731600,33,79,-4,83
7732110,43,70,7,76
7732620,48,37,-6,82
7733130,67,4,4,78
7733640,37,23,-11,89
7734150,52,6,8,81
7734660,53,25,-1,82
7735170,78,84,3,79
7735680,60,9,6,73
7736190,75,28,0,73
7736700,80,41,-3,76
7737210,3,68,0,76
7737720,88,95,3,73
7738230,70,20,-1,74
7738740,77,33,-3,77
7739250,0,60,-4,81
7739760,101,57,0,81
7740270,57,84,4,77
7740780,39,9,-7,84
7741290,40,94,8,76
7741800,59,83,-6,82
7742310,64,50,0,82
7742820,89,69,4,78
7743330,12,96,7,71
7743840,97,85,-8,79
7744350,26,10,-4,83
7744860,27,95,4,79
7745370,37,84,-1,80
7745880,56,73,2,78
7746390,22,40,-6,84
7746900,98,7,5,79
7747410,72,26,3,76
7747920,97,45,-1,77
7748430,53,72,-1,78
7748940,72,39,-1,79
7749450,97,58,0,79
7749960,53,85,-1,80
7750470,58,52,1,79
7750980,77,79,-6,85
7751490,82,4,11,74
7752000,56,23,-8,82
7752510,81,42,8,74
7753020,86,69,-5,79
7753530,9,96,2,77
7754040,94,85,-5,82
7754550,68,10,8,74
7755060,75,29,8,66
7755570,80,56,-14,80
7756080,3,83,4,76
7756590,88,8,-1,77
7757100,62,27,-5,82
7757610,87,46,9,73
7758120,43,73,-9,82
7758630,62,40,-6,88
7759140,87,59,12,76
7759650,10,86,-6,82
7760160,95,28,4,78
7760670,69,55,-4,82
7761180,94,56,8,74
7761690,99,83,1,73
7762200,28,8,-13,86
7762710,29,93,-1,87
7763220,34,35,4,83
7763730,76,2,10,73
7764240,50,21,-8,81
7764750,75,40,6,75
7765260,100,67,-4,79
7765770,56,94,5,74
7766280,61,96,-1,75
7766790,43,87,-8,83
7767300,62,78,1,82
7767810,44,45,4,78
7768320,63,12,5,73
7768830,78,25,-2,75
7769340,83,52,-7,82
7769850,39,79,1,81
7770360,44,70,1,80
7770870,49,37,-2,82
7771380,68,20,4,78
7771890,75,8,-1,79
7772400,45,38,-3,82
7772910,64,5,8,74
7773420,38,35,-10,84
7773930,57,2,7,77
7774440,72,21,-3,80
7774950,79,48,-3,83
7775460,84,75,9,74
7775970,58,0,-4,78
7776480,73,19,9,69
7776990,78,7,-7,76
7777500,52,26,-4,80
7778010,77,9,0,80
7778520,47,28,-2,82
7779030,66,11,10,72
7779540,73,24,4,68
7780050,78,37,-10,78
7780560,1,64,1,77
7781070,0,77,-3,80
7781580,101,26,-3,83
7782090,75,53,2,81
7782600,25,54,3,78
7783110,35,21,-12,90
7783620,50,4,15,75
7784130,51,29,-3,78
7784640,76,5,4,74
7785150,46,24,-5,79
7785660,71,7,2,77
7786170,45,37,-5,82
7786680,64,20,1,81
7787190,89,33,4,77
7787700,63,60,0,77
7788210,68,87,-2,79
7788720,50,12,0,79
7789230,51,51,-4,83
7789740,70,18,9,74
7790250,85,6,-7,81
7790760,59,25,-1,82
7791270,84,44,2,80
7791780,7,71,0,80
7792290,17,98,-2,82
7792800,27,87,13,69
7793310,32,12,-18,87
7793820,33,97,10,77
7794330,52,86,-1,78
7794840,57,77,0,78
7795350,39,44,-8,86
7795860,81,11,14,72
7796370,55,38,-5,77
7796880,80,57,-7,84
7797390,3,87,9,75
7797900,88,76,-3,78
7798410,62,1,3,75
7798920,63,20,-5,80
7799430,88,39,7,73
7799940,93,66,-3,76
7800450,49,93,3,73
7800960,54,84,-2,75
7801470,59,75,-4,79
7801980,9,42,2,77
7802490,19,33,-5,82
7803000,61,0,9,73
7803510,31,19,-8,81
7804020,46,88,4,77
7804530,51,79,3,74
7805040,56,70,-9,83
7805550,61,37,5,78
7806060,86,56,2,76
7806570,42,83,-2,78
7807080,47,50,1,77
7807590,66,17,3,74
7808100,81,5,0,74
7808610,55,24,-5,79
7809120,80,43,3,76
7809630,85,70,-2,78
7810140,14,97,-2,80
7810650,24,86,1,79
7811160,34,75,0,79
7811670,39,42,-2,81
7812180,81,9,7,74
7812690,55,36,-13,87
7813200,56,55,5,82
7813710,98,22,-1,83
7814220,72,49,4,79
7814730,97,68,3,76
7815240,53,95,3,73
7815750,58,86,0,73
7816260,63,32,-8,81
7816770,88,51,4,77
7817280,93,78,2,75
7817790,98,79,-4,79
7818300,27,4,-1,80
7818810,28,29,-3,83
7819320,70,98,5,78
7819830,52,34,-6,84
7820340,53,53,4,80
7820850,58,20,1,79
7821360,83,39,2,77
7821870,88,66,-5,82
7822380,17,93,3,79
7822890,27,82,-3,82
7823400,46,71,1,81
7823910,51,38,6,75
7824420,70,57,-2,77
7824930,80,84,-1,78
7825440,54,9,0,78
7825950,55,28,-10,88
7826460,70,47,8,80
7826970,75,66,-2,82
7827480,49,93,8,74
7827990,54,84,0,74
7828500,59,75,-8,82
7829010,64,42,1,81
7829520,69,61,-7,88
7830030,43,88,17,71
7830540,48,79,-5,76
7831050,53,46,-4,80
7831560,72,13,9,71
7832070,87,40,-5,76
7832580,92,67,1,75
7833090,21,68,-5,80
7833600,31,57,0,80
7834110,41,24,-4,84
7834620,60,43,3,81
7835130,65,62,5,76
7835640,70,89,-5,81
7836150,36,14,-7,88
7836660,37,99,5,83
7837170,42,88,2,81
7837680,52,79,3,78
7838190,57,46,-4,82
7838700,76,47,7,75
7839210,81,74,-5,80
7839720,55,101,2,78
7840230,60,92,5,73
7840740,65,28,-6,79
7841250,70,47,-4,83
7841760,75,66,5,78
7842270,49,38,-2,80
7842780,68,5,6,74
7843290,38,24,-10,84
7843800,39,93,5,79
7844310,44,5,-1,80
7844820,45,30,-8,88
7845330,64,13,15,73
7845840,69,16,-7,80
7846350,84,15,8,72
7846860,58,42,-14,86
7847370,77,61,7,79
7847880,6,88,-2,81
7848390,91,77,4,77
7848900,20,2,-4,81
7849410,12,27,-1,82
7849920,88,96,5,77
7850430,70,21,2,75
7850940,75,9,2,73
7851450,49,36,-11,84
7851960,68,55,3,81
7852470,99,56,-4,85
7852980,2,83,7,78
7853490,87,8,-1,79
7854000,63,35,-2,81
7854510,68,54,-3,84
7855020,78,55,6,78
7855530,83,56,1,77
7856040,88,83,2,75
7856550,62,8,-4,79
7857060,32,27,-8,87
7857570,74,96,11,76
7858080,67,32,1,75
7858590,72,35,-4,79
7859100,77,62,-1,80
7859610,6,58,-1,81
7860120,5,71,-2,83
7860630,90,84,7,76
7861140,19,9,-4,80
7861650,34,94,-1,81
7862160,37,83,8,73
7862670,47,74,-3,76
7863180,52,41,-3,79
7863690,67,8,-1,80
7864200,37,38,-3,83
7864710,79,5,9,74
7865220,53,24,-6,80
7865730,68,43,2,78
7866240,73,70,0,78
7866750,47,97,3,75
7867260,52,88,0,75
7867770,57,79,-2,77
7868280,62,46,-3,80
7868790,81,47,4,76
7869300,86,74,-5,81
7869810,15,75,4,77
7870320,25,64,-2,79
7870830,35,31,0,79
7871340,77,100,4,75
7871850,59,35,-10,85
7872360,64,54,1,84
7872870,74,81,11,73
7873380,48,6,2,71
7873890,49,19,-11,82
7874400,64,22,6,76
7874910,69,25,7,69
7875420,74,86,-8,77
7875930,79,11,2,75
7876440,53,38,-5,80
7876950,72,57,-2,82
7877460,1,58,-5,87
7877970,11,71,10,77
7878480,21,13,-6,83
7878990,0,82,3,80
7879500,10,24,5,75
7880010,86,37,-1,76
7880520,91,64,0,76
7881030,47,65,-5,81
7881540,26,32,-1,82
7882050,68,101,6,76
7882560,50,47,-5,81
7883070,60,14,3,78
7883580,75,17,5,73
7884090,80,16,3,70
7884600,54,43,-16,86
7885110,69,10,9,77
7885620,43,37,-4,81
7886130,22,4,-1,82
7886640,23,29,-1,83
7887150,65,98,9,74
7887660,47,17,-6,80
7888170,48,56,-6,86
7888680,27,23,5,81
7889190,69,92,5,76
7889700,79,17,3,73
7890210,53,44,-11,84
7890720,72,11,11,73
7891230,42,21,-10,83
7891740,43,40,3,80
7892250,62,7,-1,81
7892760,32,26,-3,84
7893270,74,95,4,80
7893780,37,20,-6,86
7894290,52,39,6,80
7894800,71,58,-2,82
7895310,0,59,0,82
7895820,101,72,6,76
7896330,57,99,-2,78
7896840,62,90,5,73
7897350,67,9,-1,74
7897860,41,19,-9,83
7898370,42,38,1,82
7898880,45,5,2,80
7899390,46,30,2,78
7899900,65,49,-6,84
7900410,75,68,0,84
7900920,49,69,4,80
7901430,59,36,1,79
7901940,64,55,-3,82
7902450,74,56,-1,83
7902960,3,57,6,77
7903470,2,70,-5,82
7903980,12,19,8,74
7904490,93,88,-1,75
7905000,67,13,1,74
7905510,82,40,-3,77
7906020,38,41,-2,79
7906530,80,8,6,73
7907040,54,35,-3,76
7907550,59,54,-7,83
7908060,38,21,3,80
7908570,39,40,1,79
7909080,42,7,-3,82
7909590,15,20,3,79
7910100,77,59,-2,81
7910610,6,60,1,80
7911120,5,73,-6,86
7911630,15,22,8,78
7912140,96,91,5,73
7912650,70,16,-7,80
7913160,85,43,8,72
7913670,41,70,-8,80
7914180,51,37,-2,82
7914690,70,56,-5,87
7915200,89,57,12,75
7915710,45,84,4,71
7916220,50,75,-10,81
7916730,60,42,-3,84
7917240,61,61,6,78
7917750,71,62,-10,88
7918260,81,63,7,81
7918770,10,64,-2,83
7919280,20,77,-2,85
7919790,30,66,4,81
7920300,40,101,0,81
7920810,43,90,2,79
7921320,46,81,-1,80
7921830,56,48,-2,82
7922340,59,75,4,78
7922850,69,42,-8,86
7923360,74,61,0,86
7923870,84,62,4,82
7924380,13,63,3,79
7924890,23,55,-5,84
7925400,33,22,2,82
7925910,75,91,10,72
7926420,57,16,-5,77
7926930,72,19,5,72
7927440,77,29,-8,80
7927950,82,56,1,79
7928460,38,57,-8,87
7928970,72,24,13,74
7929480,77,25,-2,76
7929990,82,26,2,74
7930500,56,53,-7,81
7931010,59,20,1,80
7931520,88,23,7,73
7932030,62,50,-8,81
7932540,76,51,-1,82
7933050,5,52,3,79
7933560,4,65,-1,80
7934070,14,14,3,77
7934580,76,83,3,74
7935090,50,84,-3,77
7935600,55,51,-9,86
7936110,69,18,9,77
7936620,76,17,5,72
7937130,50,44,-7,79
7937640,53,11,3,76
7938150,68,14,3,73
7938660,83,13,1,72
7939170,57,40,-15,87
7939680,76,59,7,80
7940190,5,60,-1,81
7940700,15,73,1,80
7941210,25,62,-1,81
7941720,35,29,-4,85
7942230,77,98,-7,92
7942740,59,65,11,81
7943250,69,32,2,79
7943760,74,35,2,77
7944270,79,62,-5,82
7944780,8,63,2,80
7945290,18,12,2,78
7945800,80,81,-9,87
7946310,54,82,11,76
7946820,59,49,1,75
7947330,90,50,0,75
7947840,46,77,-5,80
7948350,56,44,-2,82
7948860,75,45,3,79
7949370,80,46,-1,80
7949880,85,47,8,72
7950390,41,74,-8,80
7950900,51,41,-2,82
7951410,54,8,4,78
7951920,55,21,-6,84
7952430,60,40,8,76
7952940,65,59,-5,81
7953450,79,60,-3,84
7953960,8,61,5,79
7954470,18,10,-4,83
7954980,21,79,3,80
7955490,31,68,-1,81
7956000,41,35,-1,82
7956510,51,2,7,75
7957020,21,32,-10,85
7957530,63,101,12,73
7958040,68,95,-4,77
7958550,78,96,-1,78
7959060,41,97,3,75
7959570,46,88,1,74
7960080,51,55,-3,77
7960590,65,9,-2,79
7961100,80,19,4,75
7961610,54,46,-9,84
7962120,68,13,9,75
7962630,42,12,-9,84
7963140,45,51,4,80
7963650,87,18,3,77
7964160,61,45,-6,83
7964670,75,46,6,77
7965180,80,73,0,77
7965690,54,74,-1,78
7966200,59,41,-3,81
7966710,69,42,5,76
7967220,74,43,-5,81
7967730,79,62,-4,85
7968240,8,63,7,78
7968750,18,12,0,78
7969260,21,81,-2,80
7969770,31,70,2,78
7970280,8,61,-4,82
7970790,18,10,1,81
7971300,21,79,2,79
7971810,31,68,-4,83
7972320,34,33,0,83
7972830,44,0,4,79
7973340,45,25,-2,81
7973850,64,44,2,79
7974360,69,45,-5,84
7974870,74,64,3,81
7975380,84,65,3,78
7975890,13,66,0,78
7976400,23,15,-5,83
7976910,65,84,3,80
7977420,75,51,-3,83
7977930,80,52,0,83
7978440,85,53,8,75
7978950,41,54,-6,81
7979460,51,21,-5,86
7979970,26,40,6,80
7980480,36,7,-3,83
7980990,37,32,1,82
7981500,79,101,4,78
7982010,84,0,3,75
7982520,60,30,-7,82
7983030,65,49,-6,88
7983540,75,50,8,80
7984050,80,51,4,76
7984560,36,52,-6,82
7985070,39,19,-1,83
7985580,42,38,-1,84
7986090,45,5,7,77
7986600,46,30,-2,79
7987110,51,49,0,79
7987620,65,16,0,79
7988130,80,54,1,78
7988640,85,55,-3,81
7989150,90,56,1,80
7989660,46,57,-1,81
7990170,60,24,5,76
7990680,65,43,-9,85
7991190,70,62,2,83
7991700,44,63,2,81
7992210,58,30,2,79
7992720,63,49,-3,82
7993230,73,50,5,77
7993740,78,51,-1,78
7994250,83,52,2,76
7994760,88,53,-3,79
7995270,93,54,-1,80
7995780,98,55,8,72
7996290,54,82,-3,75
7996800,59,49,-6,81
7997310,78,16,4,77
7997820,54,26,-4,81
7998330,59,45,3,78
7998840,69,46,-4,82
7999350,74,47,2,80
7999860,79,48,0,80
8000370,84,67,2,78
8000880,13,68,-1,79
8001390,23,59,1,78
8001900,33,26,-1,79
8002410,43,95,3,76
8002920,48,71,-3,79
8003430,53,38,-8,87
8003940,63,57,5,82
8004450,73,58,-5,87
8004960,83,59,4,83
8005470,12,60,0,83
8005980,22,51,4,79
8006490,25,18,0,79
8007000,28,87,-1,80
8007510,31,76,4,76
8008020,41,67,-2,78
8008530,46,34,-5,83
8009040,49,53,5,78
8009550,91,20,-6,84
8010060,67,47,2,82
8010570,72,66,1,81
8011080,46,67,3,78
8011590,51,34,3,75
8012100,56,53,-9,84
8012610,70,20,7,77
8013120,77,58,-4,81
8013630,6,59,2,79
8014140,16,50,2,77
8014650,26,41,-6,83
8015160,68,8,11,72
8015670,38,46,-13,85
8016180,72,13,15,70
8016690,46,23,-16,86
8017200,49,42,7,79
8017710,52,9,-1,80
8018220,53,28,-2,82
8018730,58,47,3,79
8019240,68,48,-1,80
8019750,73,67,-4,84
8020260,47,68,5,79
8020770,61,35,-1,80
8021280,66,54,-1,81
8021790,76,55,-4,85
8022300,81,56,4,81
8022810,86,57,1,80
8023320,42,84,5,75
8023830,47,51,-7,82
8024340,89,18,1,81
8024850,65,28,7,74
8025360,70,42,-4,78
8025870,75,43,0,78
8026380,80,70,-2,80
8026890,90,71,3,77
8027400,19,72,-5,82
8027910,29,63,-5,87
8028420,39,30,9,78
8028930,49,99,4,74
8029440,54,90,0,74
8029950,59,81,-1,75
8030460,69,48,-6,81
8030970,83,49,7,74
8031480,39,76,-8,82
8031990,49,43,7,75
8032500,52,10,-8,83
8033010,53,29,0,83
8033520,54,48,-1,84
8034030,57,15,0,84
8034540,64,28,7,77
8035050,69,41,-3,80
8035560,94,60,-2,82
8036070,50,61,-1,83
8036580,64,28,1,82
8037090,89,47,5,77
8037600,45,74,-5,82
8038110,48,41,4,78
8038620,62,8,4,74
8039130,77,46,-5,79
8039640,82,47,3,76
8040150,87,74,-6,82
8040660,92,75,5,77
8041170,21,76,-3,80
8041680,31,65,0,80
8042190,41,32,5,75
8042700,44,101,3,72
8043210,49,98,0,72
8043720,54,89,-6,78
8044230,59,56,-8,86
8044740,69,23,10,76
8045250,8,24,-3,79
8045760,90,37,4,75
8046270,93,64,-10,85
8046780,49,65,7,78
8047290,63,32,1,77
8047800,68,51,-2,79
8048310,78,52,5,74
8048820,34,79,-3,77
8049330,37,46,-1,78
8049840,79,13,2,76
8050350,55,23,-2,78
8050860,80,42,-5,83
8051370,85,69,8,75
8051880,14,70,-13,88
8052390,24,19,5,83
8052900,66,88,3,80
8053410,76,31,7,73
8053920,32,32,-8,81
8054430,66,101,11,70
8054940,71,20,-9,79
8055450,86,33,8,71
8055960,42,60,-11,82
8056470,76,27,11,71
8056980,32,28,-12,83
8057490,74,97,8,75
8058000,56,33,-7,82
8058510,81,52,4,78
8059020,37,53,3,75
8059530,47,20,-6,81
8060040,72,33,12,69
8060550,77,60,-9,78
8061060,33,75,0,78
8061570,43,42,-7,85
8062080,77,9,9,76
8062590,53,19,-1,77
8063100,78,32,-2,79
8063610,83,33,4,75
8064120,39,34,-9,84
8064630,49,1,11,73
8065140,64,26,0,73
8065650,69,27,-6,79
8066160,94,28,2,77
8066670,50,55,-2,79
8067180,64,22,3,76
8067690,71,23,-1,77
8068200,96,24,1,76
8068710,72,51,0,76
8069220,28,52,-8,84
8069730,38,19,0,84
8070240,53,32,1,83
8070750,78,51,8,75
8071260,34,52,-4,79
8071770,44,19,-3,82
8072280,59,32,6,76
8072790,84,51,-3,79
8073300,40,52,-3,82
8073810,74,19,9,73
8074320,81,20,-6,79
8074830,96,58,2,77
8075340,52,85,-1,78
8075850,62,52,-1,79
8076360,76,53,-4,83
8076870,32,54,2,81
8077380,42,21,2,79
8077890,57,34,-4,83
8078400,82,53,4,79
8078910,38,54,-5,84
8079420,72,21,10,74
8079930,28,22,-9,83
8080440,53,91,0,83
8080950,63,82,6,77
8081460,45,49,-3,80
8081970,79,16,0,80
8082480,55,54,-3,83
8082990,69,21,10,73
8083500,76,22,2,71
8084010,83,23,-4,75
8084520,59,24,-1,76
8085030,84,43,3,73
8085540,40,44,-8,81
8086050,74,11,5,76
8086560,48,38,-7,83
8087070,62,5,10,73
8087580,77,35,-7,80
8088090,0,36,-3,83
8088600,10,33,5,78
8089110,20,24,-5,83
8089620,62,93,10,73
8090130,44,94,-7,80
8090640,54,85,6,74
8091150,36,86,-7,81
8091660,46,75,5,76
8092170,56,42,-9,85
8092680,71,25,3,82
8093190,53,26,1,81
8093700,78,45,5,76
8094210,34,46,-11,87
8094720,68,13,11,76
8095230,75,51,-1,77
8095740,100,52,4,73
8096250,56,79,-8,81
8096760,38,46,0,81
8097270,72,13,9,72
8097780,79,51,-12,84
8098290,37,52,-2,86
8098800,71,19,10,76
8099310,78,57,-4,80
8099820,34,58,-1,81
8100330,44,25,-4,85
8100840,59,8,8,77
8101350,74,46,-2,79
8101860,30,47,0,79
8102370,40,14,-4,83
8102880,55,99,5,78
8103390,60,90,1,77
8103900,42,26,-14,91
8104410,57,9,10,81
8104920,72,47,-1,82
8105430,97,48,2,80
8105940,53,75,2,78
8106450,35,42,-16,94
8106960,69,9,21,73
8107470,84,47,-5,78
8107980,40,48,-1,79
8108490,74,15,2,77
8109000,89,53,-1,78
8109510,45,54,-1,79
8110020,59,73,-7,86
8110530,41,40,1,85
8111040,55,7,5,80
8111550,70,45,-1,81
8112060,95,46,5,76
8112570,51,73,0,76
8113080,33,40,-9,85
8113590,67,7,9,76
8114100,82,45,3,73
8114610,5,46,-10,83
8115120,15,37,6,77
8115630,25,4,-4,81
8116140,40,29,-5,86
8116650,65,12,13,73
8117160,80,50,-7,80
8117670,36,51,-4,84
8118180,70,18,13,71
8118690,85,56,-7,78
8119200,41,57,-4,82
8119710,75,24,6,76
8120220,57,25,-1,77
8120730,82,44,-3,80
8121240,38,45,-4,84
8121750,72,12,9,75
8122260,87,50,-5,80
8122770,43,51,4,76
8123280,57,18,-2,78
8123790,72,31,6,72
8124300,54,32,-8,80
8124810,79,15,8,72
8125320,53,53,-14,86
8125830,67,20,10,76
8126340,82,58,-1,77
8126850,38,59,-12,89
8127360,72,26,9,80
8127870,97,27,6,74
8128380,79,54,-1,75
8128890,35,55,-9,84
8129400,49,22,-3,87
8129910,64,5,15,72
8130420,46,43,-15,87
8130930,60,10,5,82
8131440,75,48,0,82
8131950,100,49,-1,83
8132460,82,76,2,81
8132970,64,77,-7,88
8133480,46,44,5,83
8133990,60,11,6,77
8134500,67,49,-3,80
8135010,92,50,2,78
8135520,48,51,0,78
8136030,62,18,4,74
8136540,77,56,-11,85
8137050,91,57,7,78
8137560,47,58,-7,85
8138070,61,25,6,79
8138580,86,44,8,71
8139090,68,45,-12,83
8139600,93,64,6,77
8140110,49,65,-5,82
8140620,63,32,4,78
8141130,88,51,-4,82
8141640,44,52,0,82
8142150,78,19,8,74
8142660,60,57,-7,81
8143170,74,58,1,80
8143680,3,59,3,77
8144190,13,56,-5,82
8144700,23,47,4,78
8145210,33,14,1,77
8145720,48,99,-2,79
8146230,53,90,7,72
8146740,35,81,-10,82
8147250,45,72,-1,83
8147760,59,101,8,75
8148270,41,37,-11,86
8148780,9,4,6,80
8149290,1,89,1,79
8149800,11,78,-6,85
8150310,21,20,8,77
8150820,46,3,3,74
8151330,61,28,0,74
8151840,86,41,0,74
8152350,68,68,-13,87
8152860,82,69,11,76
8153370,56,70,-1,77
8153880,38,37,-4,81
8154390,72,4,7,74
8154900,48,42,-9,83
8155410,62,9,7,76
8155920,77,47,1,75
8156430,33,48,-8,83
8156940,67,15,11,72
8157450,74,53,-10,82
8157960,30,54,2,80
8158470,40,21,-4,84
8158980,55,4,11,73
8159490,25,42,-7,80
8160000,35,9,-8,88
8160510,50,34,5,83
8161020,65,17,9,74
8161530,80,55,-2,76
8162040,36,56,-9,85
8162550,70,23,8,77
8163060,85,61,-1,78
8163570,41,62,-2,80
8164080,51,29,1,79
8164590,76,12,6,73
8165100,58,50,-5,78
8165610,72,51,-2,80
8166120,1,52,-2,82
8166630,11,49,1,81
8167140,21,40,-2,83
8167650,31,7,1,82
8168160,34,32,2,80
8168670,68,101,3,77
8169180,50,37,-7,84
8169690,64,20,5,79
8170200,79,58,2,77
8170710,8,59,-3,80
8171220,18,50,3,77
8171730,28,37,-4,81
8172240,62,4,3,78
8172750,32,42,-7,85
8173260,66,9,6,79
8173770,36,47,-2,81
8174280,70,14,5,76
8174790,77,52,-1,77
8175300,33,98,-4,81
8175810,36,34,-3,84
8176320,50,1,9,75
8176830,65,26,4,71
8177340,90,39,-8,79
8177850,72,66,2,77
8178360,86,67,1,76
8178870,42,68,-2,78
8179380,52,35,-9,87
8179890,77,18,18,69
8180400,14,56,-10,79
8180910,24,47,-6,85
8181420,34,14,9,76
8181930,70,99,1,75
8182440,52,100,0,75
8182950,62,91,1,74
8183460,44,27,-6,80
8183970,59,10,2,78
8184480,66,48,-6,84
8184990,91,67,4,80
8185500,47,68,3,77
8186010,81,35,7,70
8186520,63,36,-17,87
8187030,88,19,12,75
8187540,62,46,-2,77
8188050,87,65,0,77
8188560,43,66,-3,80
8189070,53,33,-2,82
8189580,78,84,9,73
8190090,60,85,-2,75
8190600,42,8,-8,83
8191110,43,33,0,83
8191620,68,16,7,76
8192130,83,19,4,72
8192640,57,57,-11,83
8193150,71,24,4,79
8193660,96,25,6,73
8194170,70,52,-13,86
8194680,95,53,5,81
8195190,51,54,1,80
8195700,65,21,7,73
8196210,80,31,0,73
8196720,62,58,-5,78
8197230,76,59,1,77
8197740,32,60,-1,78
8198250,42,27,-1,79
8198760,98,10,0,79
8199270,72,37,9,70
8199780,97,38,-11,81
8200290,53,65,-3,84
8200800,87,32,10,74
8201310,43,59,-4,78
8201820,77,26,6,72
8202330,92,27,1,71
8202840,74,54,-15,86
8203350,99,55,7,79
8203860,55,13,4,75
8204370,62,51,-8,83
8204880,87,52,7,76
8205390,43,79,3,73
8205900,53,70,-5,78
8206410,87,37,5,73
8206920,43,64,-4,77
8207430,9,31,0,77
8207940,85,78,1,76
8208450,59,79,-2,78
8208960,41,46,-4,82
8209470,75,13,4,78
8209980,49,40,2,76
8210490,74,91,7,69
8211000,56,27,-11,80
8211510,81,46,1,79
8212020,37,73,-3,82
8212530,47,40,0,82
8213040,81,7,8,74
8213550,57,34,-4,78
8214060,82,53,-2,80
8214570,38,80,0,80
8215080,48,47,-6,86
8215590,82,14,12,74
8216100,56,41,-12,86
8216610,81,24,11,75
8217120,63,51,-4,79
8217630,77,52,-4,83
8218140,33,71,3,80
8218650,43,38,2,78
8219160,77,5,6,72
8219670,47,32,-5,77
8220180,72,15,1,76
8220690,87,53,0,76
8221200,43,80,-6,82
8221710,53,47,6,76
8222220,67,14,3,73
8222730,82,52,-9,82
8223240,5,79,4,78
8223750,90,21,0,78
8224260,64,48,-2,80
8224770,89,67,1,79
8225280,45,68,1,78
8225790,27,35,-2,80
8226300,61,2,1,79
8226810,76,40,2,77
8227320,32,67,-5,82
8227830,42,34,-1,83
8228340,67,17,4,79
8228850,82,55,0,79
8229360,38,82,-3,82
8229870,48,49,0,82
8230380,82,16,12,70
8230890,56,43,-9,79
8231400,81,26,12,67
8231910,63,53,-14,81
8232420,77,20,10,71
8232930,59,47,-9,80
8233440,84,66,-3,83
8233950,40,67,0,83
8234460,50,34,-1,84
8234970,75,17,11,73
8235480,57,44,-10,83
8235990,82,27,5,78
8236500,64,54,-5,83
8237010,98,21,6,77
8237520,72,48,-1,78
8238030,97,67,-4,82
8238540,53,30,-2,84
8239050,78,13,10,74
8239560,60,40,-5,79
8240070,85,59,-6,85
8240580,41,78,7,78
8241090,51,45,-1,79
8241600,85,12,-2,81
8242110,59,50,4,77
8242620,93,17,-5,82
8243130,67,55,-1,83
8243640,81,56,2,81
8244150,37,57,1,80
8244660,71,24,5,75
8245170,86,12,-1,76
8245680,60,39,-7,83
8246190,56,58,2,81
8246700,90,25,6,75
8247210,72,52,-2,77
8247720,28,71,-3,80
8248230,38,38,-2,82
8248740,72,5,11,71
8249250,42,15,-14,85
8249760,67,100,9,76
8250270,49,67,-6,82
8250780,83,34,4,78
8251290,39,61,-7,85
8251800,73,28,9,76
8252310,55,55,-5,81
8252820,89,22,6,75
8253330,71,49,-6,81
8253840,27,68,2,79
8254350,37,35,-5,84
8254860,71,2,9,75
8255370,41,21,-10,85
8255880,56,4,9,76
8256390,71,42,-4,80
8256900,96,61,2,78
8257410,52,88,-1,79
8257920,62,55,-6,85
8258430,96,22,12,73
8258940,78,49,-2,75
8259450,34,68,-7,82
8259960,44,35,-1,83
8260470,69,2,12,71
8260980,51,21,-15,86
8261490,58,4,8,78
8262000,73,42,3,75
8262510,29,61,-8,83
8263020,39,28,0,83
8263530,64,97,9,74
8264040,46,64,-7,81
8264550,80,31,11,70
8265060,36,58,-10,80
8265570,70,25,1,79
8266080,26,48,-9,88
8266590,60,15,13,75
8267100,75,53,-6,81
8267610,31,72,3,78
8268120,41,39,-4,82
8268630,75,6,8,74
8269140,49,44,-6,80
8269650,83,11,12,68
8270160,57,58,-15,83
8270670,91,25,6,77
8271180,65,52,-1,78
8271690,21,53,-1,79
8272200,31,20,-2,81
8272710,46,89,6,75
8273220,51,56,-10,85
8273730,85,23,11,74
8274240,59,50,-7,81
8274750,73,17,6,75
8275260,88,44,2,73
8275770,44,71,-5,78
8276280,58,38,-9,87
8276790,83,21,15,72
8277300,57,48,-10,82
8277810,91,15,3,79
8278320,65,42,-6,85
8278830,90,61,4,81
8279340,46,62,5,76
8279850,28,29,-11,87
8280360,62,98,13,74
8280870,44,44,-4,78
8281380,78,11,8,70
8281890,52,38,-19,89
8282400,77,21,13,76
8282910,51,59,-2,78
8283420,85,26,3,75
8283930,41,64,-9,84
8284440,75,31,9,75
8284950,31,50,-9,84
8285460,65,17,10,74
8285970,80,55,-7,81
8286480,36,74,-2,83
8286990,46,41,-1,84
8287500,80,8,6,78
8288010,50,46,-8,86
8288520,84,13,13,73
8289030,58,51,-8,81
8289540,72,18,9,72
8290050,87,56,-8,80
8290560,43,57,2,78
8291070,77,24,4,74
8291580,33,62,-5,79
8292090,43,29,-2,81
8292600,68,12,5,76
8293110,83,50,-7,83
8293620,39,51,2,81
8294130,73,18,9,72
8294640,88,56,-10,82
8295150,44,57,0,82
8295660,78,24,8,74
8296170,1,62,-8,82
8296680,11,45,5,77
8297190,21,54,-1,78
8297700,31,21,-3,81
8298210,56,90,12,69
8298720,38,36,-12,81
8299230,72,3,7,74
8299740,42,41,-4,78
8300250,76,8,10,68
8300760,50,46,-7,75
8301270,64,13,-1,76
8301780,79,51,0,76
8302290,35,52,-7,83
8302800,69,19,9,74
8303310,84,57,-4,78
8303820,40,58,-2,80
8304330,74,25,1,79
8304840,99,63,3,76
8305350,55,90,0,76
8305860,60,18,-1,77
8306370,85,56,0,77
8306880,41,57,-9,86
8307390,75,24,13,73
8307900,90,62,1,72
8308410,46,63,-13,85
8308920,80,30,13,72
8309430,36,96,-10,82
8309940,39,79,7,75
8310450,49,46,-9,84
8310960,63,13,7,77
8311470,78,51,-3,80
8311980,1,70,-4,84
8312490,11,53,8,76
8313000,20,44,-11,87
8313510,30,11,2,85
8314020,33,96,5,80
8314530,36,85,-4,84
8315040,46,61,4,80
8315550,80,28,0,80
8316060,36,66,-1,81
8316570,46,33,0,81
8317080,71,16,4,77
8317590,86,54,-5,82
8318100,42,55,2,80
8318610,76,22,3,77
8319120,32,60,-5,82
8319630,42,27,0,82
8320140,67,10,7,75
8320650,82,48,0,75
8321160,38,49,-10,85
8321670,72,16,5,80
8322180,87,54,0,80
8322690,43,55,-5,85
8323200,77,22,10,75
8323710,92,49,-9,84
8324220,48,50,8,76
8324730,62,17,-1,77
8325240,77,55,-6,83
8325750,33,56,3,80
8326260,47,23,2,78
8326770,72,6,4,74
8327280,42,44,-12,86
8327790,76,11,13,73
8328300,50,49,-7,80
8328810,64,16,3,77
8329320,79,54,-4,81
8329830,35,55,-3,84
8330340,69,54,5,79
8330850,100,73,0,79
8331360,56,74,-3,82
8331870,70,41,3,79
8332380,95,60,6,73
8332890,51,61,-17,90
8333400,65,28,8,82
8333910,90,32,1,81
8334420,46,33,1,80
8334930,78,16,4,76
8335440,48,54,-9,85
8335950,82,21,9,76
8336460,56,59,-5,81
8336970,70,26,-5,86
8337480,95,70,4,82
8337990,51,71,2,80
8338500,17,38,-7,87
8339010,27,5,3,84
8339520,30,30,1,83
8340030,44,99,2,81
8340540,54,88,4,77
8341050,36,55,-8,85
8341560,50,22,7,78
8342070,75,5,3,75
8342580,45,43,-10,85
8343090,59,10,7,78
8343600,74,48,-6,84
8344110,99,67,7,77
8344620,55,68,-14,91
8345130,89,35,16,75
8345640,45,36,-8,83
8346150,70,3,7,76
8346660,40,41,-9,85
8347170,74,8,7,78
8347680,44,46,-6,84
8348190,78,13,5,79
8348700,48,51,2,77
8349210,62,18,0,77
8349720,87,56,-2,79
8350230,43,57,-3,82
8350740,9,24,6,76
8351250,86,7,3,73
8351760,60,45,-8,81
8352270,74,28,9,72
8352780,30,29,-7,79
8353290,64,98,2,77
8353800,46,40,-8,85
8354310,80,7,11,74
8354820,50,45,-13,87
8355330,64,28,9,78
8355840,89,32,2,76
8356350,45,59,-6,82
8356860,79,26,4,78
8357370,35,27,-7,85
8357880,49,96,4,81
8358390,54,63,2,79
8358900,68,30,4,75
8359410,93,74,4,71
8359920,49,75,-8,79
8360430,31,42,-1,80
8360940,65,9,7,73
8361450,80,47,-7,80
8361960,3,48,-3,83
8362470,13,45,4,79
8362980,23,54,-1,80
8363490,33,21,0,80
8364000,48,4,3,77
8364510,63,42,-5,82
8365020,88,25,6,76
8365530,44,52,-9,85
8366040,78,19,15,70
8366550,60,20,-9,79
8367060,85,3,3,76
8367570,55,41,-8,84
8368080,69,24,2,82
8368590,94,68,3,79
8369100,50,69,0,79
8369610,16,36,1,78
8370120,26,3,-4,82
8370630,18,28,-7,89
8371140,80,97,12,77
8371650,62,98,3,74
8372160,44,26,-14,88
8372670,47,9,6,82
8373180,62,94,6,76
8373690,44,22,-8,84
8374200,69,5,8,76
8374710,39,43,-13,89
8375220,73,10,13,76
8375730,43,48,-6,82
8376240,77,15,10,72
8376750,51,53,-9,81
8377260,85,20,6,75
8377770,55,47,-6,81
8378280,69,14,4,77
8378790,84,52,-10,87
8379300,7,53,6,81
8379810,17,44,6,75
8380320,27,11,-9,84
8380830,30,96,5,79
8381340,41,38,-8,87
8381850,75,5,14,73
8382360,45,43,-9,82
8382870,79,10,9,73
8383380,53,48,-5,78
8383890,87,15,3,75
8384400,61,42,-11,86
8384910,75,25,10,76
8385420,100,26,1,75
8385930,56,53,-10,85
8386440,90,20,4,81
8386950,46,47,4,77
8387460,80,14,4,73
8387970,54,52,-8,81
8388480,88,19,6,75
8388990,62,46,-12,87
8389500,20,29,9,78
8390010,50,98,-5,83
8390520,60,40,4,79
8391030,85,23,7,72
8391540,41,50,-11,83
8392050,75,17,9,74
8392560,80,93,-6,80
8393070,62,60,-3,83
8393580,96,27,8,75
8394090,52,54,-5,80
8394600,86,21,6,74
8395110,42,48,-8,82
8395620,76,15,10,72
8396130,50,53,-8,80
8396640,84,20,8,72
8397150,40,47,-12,84
8397660,46,14,5,79
8398170,71,99,7,72
8398680,53,27,-14,86
8399190,78,10,6,80
8399700,48,37,3,77
8400210,62,4,0,77
8400720,38,34,-10,87
8401230,72,28,8,79
8401740,28,29,-7,86
8402250,62,98,16,70
8402760,44,44,-23,93
8403270,78,11,18,75
8403780,52,49,-9,84
8404290,86,16,4,80
8404800,56,43,-7,87
8405310,75,26,5,82
8405820,100,49,5,77
8406330,56,76,-1,78
8406840,38,43,-8,86
8407350,72,10,10,76
8407860,54,48,-8,84
8408370,68,15,9,75
8408880,38,53,-6,81
8409390,72,20,11,70
8409900,28,7,-11,81
8410410,31,92,-4,85
8410920,41,81,8,77
8411430,51,48,-3,80
8411940,85,15,6,74
8412450,59,42,-9,83
8412960,84,25,11,72
8413470,40,52,-11,83
8413980,74,19,6,77
8414490,44,57,-5,82
8415000,96,24,3,79
8415510,52,51,-4,83
8416020,66,18,7,76
8416530,91,56,-7,83
8417040,47,57,-6,89
8417550,81,24,17,72
8418060,37,25,-9,81
8418570,62,8,7,74
8419080,59,46,-12,86
8419590,93,29,8,78
8420100,49,56,-3,81
8420610,83,23,6,75
8421120,39,10,-10,85
8421630,40,95,9,76
8422140,50,84,0,76
8422650,60,75,-7,83
8423160,74,42,7,76
8423670,53,61,-6,82
8424180,47,28,3,79
8424690,66,11,-1,80
8425200,77,49,1,79
8425710,33,50,2,77
8426220,67,17,1,76
8426730,92,55,-1,77
8427240,48,82,0,77
8427750,53,73,-5,82
8428260,67,40,0,82
8428770,92,59,3,79
8429280,48,86,0,79
8429790,58,77,2,77
8430300,40,44,-7,84
8430810,74,11,11,73
8431320,48,38,-8,81
8431830,62,21,-4,85
8432340,87,59,5,80
8432850,43,60,-2,82
8433360,77,27,6,76
8433870,33,28,-2,78
8434380,58,97,4,74
8434890,40,33,-13,87
8435400,54,16,8,79
8435910,79,101,0,79
8436420,61,37,-2,81
8436930,86,20,7,74
8437440,42,58,-11,85
8437950,76,25,8,77
8438460,32,63,-1,78
8438970,42,30,-8,86
8439480,56,13,9,77
8439990,71,51,-5,82
8440500,85,52,8,74
8441010,41,53,-10,84
8441520,20,20,-5,89
8442030,12,3,5,84
8442540,4,88,6,78
8443050,89,77,-3,81
8443560,17,78,-2,83
8444070,55,67,-1,84
8444580,69,34,2,82
8445090,94,53,3,79
8445600,50,80,0,79
8446110,32,47,-3,82
8446620,66,14,6,76
8447130,36,52,-1,77
8447640,2,19,-5,82
8448150,12,16,1,81
8448660,74,101,11,70
8449170,56,37,-13,83
8449680,81,56,2,81
8450190,37,75,1,80
8450700,40,66,-4,84
8451210,54,33,5,79
8451720,79,16,6,73
8452230,35,54,-9,82
8452740,49,21,2,80
8453250,74,4,4,76
8453760,48,42,1,75
8454270,62,9,3,72
8454780,32,47,-10,82
8455290,66,14,2,80
8455800,50,52,-7,87
8456310,16,19,1,86
8456820,80,88,4,82
8457330,62,89,8,74
8457840,44,31,-5,79
8458350,69,14,7,72
8458860,25,52,-8,80
8459370,35,19,-6,86
8459880,60,2,9,77
8460390,30,40,-4,81
8460900,72,7,8,73
8461410,46,45,-11,84
8461920,80,12,13,71
8462430,54,50,-8,79
8462940,68,53,-6,85
8463450,82,57,1,84
8463960,38,58,3,81
8464470,52,25,-4,85
8464980,77,8,12,73
8465490,51,46,-12,85
8466000,85,29,15,70
8466510,41,30,-7,77
8467020,66,13,-4,81
8467530,81,51,6,75
8468040,37,52,-8,83
8468550,67,19,12,71
8469060,23,57,-9,80
8469570,33,24,-3,83
8470080,58,7,9,74
8470590,28,45,-10,84
8471100,58,12,9,75
8471610,65,50,-6,81
8472120,21,69,-1,82
8472630,31,58,-3,85
8473140,41,25,5,80
8473650,66,8,6,74
8474160,36,46,-19,93
8474670,70,13,24,69
8475180,26,51,-15,84
8475690,49,18,5,79
8476200,74,1,8,71
8476710,56,20,-10,81
8477220,81,3,8,73
8477730,55,41,-17,90
8478240,80,24,15,75
8478750,36,62,-5,80
8479260,50,29,-4,84
8479770,75,12,6,78
8480280,49,50,-5,83
8480790,83,17,11,72
8481300,39,55,-8,80
8481810,5,22,3,77
8482320,15,35,-1,78
8482830,91,2,2,76
8483340,73,40,-2,78
8483850,98,59,-6,84
8484360,54,60,8,76
8484870,68,27,1,75
8485380,93,71,-1,76
8485890,49,72,-9,85
8486400,31,39,-2,87
8486910,73,6,8,79
8487420,55,44,-9,88
8487930,74,27,6,82
8488440,99,28,-1,83
8488950,55,55,3,80
8489460,89,22,4,76
8489970,45,60,-8,84
8490480,79,27,6,78
8490990,35,28,-5,83
8491500,60,97,7,76
8492010,42,98,-11,87
8492520,45,40,4,83
8493030,64,7,13,70
8493540,46,45,-10,80
8494050,60,12,5,75
8494560,75,50,-8,83
8495070,100,51,0,83
8495580,56,78,5,78
8496090,38,32,-1,79
8496600,63,101,4,75
8497110,45,37,-6,81
8497620,79,4,3,78
8498130,49,42,-3,81
8498640,68,9,5,76
8499150,83,47,2,74
8499660,39,48,-9,83
8500170,73,15,6,77
8500680,43,53,0,77
8501190,77,20,2,75
8501700,33,58,-10,85
8502210,56,25,5,80
8502720,81,8,6,74
8503230,55,46,-5,79
8503740,74,13,-2,81
8504250,44,51,-5,86
8504760,78,18,15,71
8505270,34,56,-10,81
8505780,57,23,2,79
8506290,82,27,9,70
8506800,38,54,-11,81
8507310,4,21,-2,83
8507820,3,34,3,80
8508330,13,47,2,78
8508840,23,56,-7,85
8509350,26,23,5,80
8509860,51,92,4,76
8510370,61,59,-4,80
8510880,95,26,1,79
8511390,51,53,3,76
8511900,65,20,-3,79
8512410,10,58,1,78
8512920,20,47,-7,85
8513430,30,14,4,81
8513940,49,99,7,74
8514450,59,41,-7,81
8514960,78,24,9,72
8515470,34,25,-11,83
8515980,59,94,5,78
8516490,41,36,-9,87
8517000,75,3,12,75
8517510,57,41,-2,77
8518020,76,24,0,77
8518530,32,25,-10,87
8519040,57,8,11,76
8519550,72,46,-3,79
8520060,97,47,6,73
8520570,53,48,-13,86
8521080,87,15,9,77
8521590,61,20,-5,82
8522100,86,29,11,71
8522610,42,30,-10,81
8523120,61,13,8,73
8523630,76,51,-6,79
8524140,32,52,-5,84
8524650,66,19,6,78
8525160,91,57,-3,81
8525670,47,58,2,79
8526180,81,25,10,69
8526690,37,26,-16,85
8527200,62,9,9,76
8527710,77,47,-5,81
8528220,33,48,-5,86
8528730,67,15,9,77
8529240,82,53,1,76
8529750,38,54,-3,79
8530260,72,21,4,75
8530770,97,59,-7,82
8531280,53,60,2,80
8531790,40,27,0,80
8532300,59,10,1,79
8532810,74,48,-6,85
8533320,99,67,8,77
8533830,55,68,-8,85
8534340,5,35,3,82
8534850,4,48,7,75
8535360,14,39,-3,78
8535870,24,48,-3,81
8536380,34,15,1,80
8536890,53,100,-1,81
8537400,67,67,-2,83
8537910,101,12,2,81
8538420,75,50,5,76
8538930,31,51,-6,82
8539440,65,18,2,80
8539950,90,56,-7,87
8540460,13,57,10,77
8540970,23,46,0,77
8541480,33,13,-7,84
8541990,52,98,7,77
8542500,66,40,-10,87
8543010,91,23,11,76
8543520,47,24,-7,83
8544030,66,7,13,70
8544540,36,45,-15,85
8545050,88,12,1,84
8545560,58,50,3,81
8546070,77,17,0,81
8546580,92,55,6,75
8547090,48,56,-8,83
8547600,82,23,8,75
8548110,38,24,-12,87
8548620,57,7,8,79
8549130,72,45,1,78
8549640,28,64,-4,82
8550150,38,31,3,79
8550660,57,100,7,72
8551170,39,42,-15,87
8551680,73,9,13,74
8552190,43,47,-5,79
8552700,77,14,2,77
8553210,59,52,-5,82
8553720,78,19,10,72
8554230,60,57,-7,79
8554740,94,24,4,75
8555250,50,51,-10,85
8555760,84,18,11,74
8556270,66,30,-4,78
8556780,91,49,6,72
8557290,47,50,-8,80
8557800,81,17,7,73
8558310,63,44,-14,87
8558820,82,27,14,73
8559330,38,65,-8,81
8559840,52,32,-8,89
8560350,71,15,14,75
8560860,53,53,-11,86
8561370,87,20,13,73
8561880,69,47,-9,82
8562390,94,48,-4,86
8562900,17,49,9,77
8563410,27,58,-6,83
8563920,37,28,0,83
8564430,56,97,8,75
8564940,38,64,-7,82
8565450,72,31,3,79
8565960,97,50,-2,81
8566470,53,51,4,77
8566980,72,18,0,77
8567490,54,56,-7,84
8568000,88,23,7,77
8568510,44,24,-3,80
8569020,63,7,3,77
8569530,89,45,6,71
8570040,45,46,-14,85
8570550,64,13,8,77
8571060,46,51,-12,89
8571570,80,17,12,77
8572080,82,55,-3,80
8572590,38,56,-1,81
8573100,72,23,5,76
8573610,97,61,-4,80
8574120,53,62,2,78
8574630,87,29,5,73
8575140,43,30,-6,79
8575650,62,13,3,76
8576160,81,51,-4,80
8576670,37,52,-5,85
8577180,71,19,13,72
8577690,96,57,-10,82
8578200,52,58,3,79
8578710,86,25,1,78
8579220,42,26,1,77
8579730,61,9,1,76
8580240,80,47,1,75
8580750,36,74,-1,76
8581260,46,41,-3,79
8581770,65,8,2,77
8582280,84,46,-4,81
8582790,40,47,-4,85
8583300,74,14,14,71
8583810,56,52,-14,85
8584320,90,19,9,76
8584830,64,46,-6,82
8585340,83,29,12,70
8585850,39,73,-13,83
8586360,58,40,-3,86
8586870,77,23,14,72
8587380,33,61,-8,80
8587890,52,28,-6,86
8588400,71,11,14,72
8588910,53,49,-9,81
8589420,72,16,1,80
8589930,87,54,4,76
8590440,43,55,-4,80
8590950,77,22,2,78
8591460,33,60,-4,82
8591970,67,27,5,77
8592480,92,46,-1,78
8592990,48,47,0,78
8593500,67,14,4,74
8594010,92,52,-1,75
8594520,48,53,-11,86
8595030,82,20,10,76
8595540,64,58,-8,84
8596050,98,25,5,79
8596560,80,52,4,75
8597070,36,53,-5,80
8597580,70,20,3,77
8598090,95,58,-1,78
8598600,51,59,0,78
8599110,85,26,3,75
8599620,41,64,-5,80
8600130,75,31,7,73
8600640,31,32,-8,81
8601150,65,101,10,71
8601660,47,43,-15,86
8602170,66,26,5,81
8602680,91,45,13,68
8603190,47,46,-17,85
8603700,81,13,10,75
8604210,55,51,-5,80
8604720,74,18,7,73
8605230,99,56,-8,81
8605740,55,83,2,79
8606250,69,50,-3,82
8606760,94,51,2,80
8607270,50,52,3,77
8607780,84,19,5,72
8608290,66,83,-4,76
8608800,16,50,-7,83
8609310,26,63,5,78
8609820,36,30,-5,83
8610330,70,13,2,81
8610840,89,51,5,76
8611350,45,78,4,72
8611860,79,45,-6,78
8612370,2,64,-3,81
8612880,12,47,-2,83
8613390,22,60,3,80
8613900,32,73,4,76
8614410,42,40,-8,84
8614920,76,7,10,74
8615430,58,45,-10,84
8615940,77,28,6,78
8616450,0,72,4,74
8616960,85,55,-11,85
8617470,41,74,7,78
8617980,60,41,-8,86
8618490,79,24,7,79
8619000,2,62,-1,80
8619510,12,45,-4,84
8620020,22,58,6,78
8620530,32,25,-7,85
8621040,62,9,9,76
8621550,81,47,-8,84
8622060,37,66,6,78
8622570,71,33,-9,87
8623080,96,52,8,79
8623590,52,53,0,79
8624100,86,20,6,73
8624610,42,58,-11,84
8625120,76,25,8,76
8625630,101,63,-13,89
8626140,57,64,7,82
8626650,91,31,7,75
8627160,47,58,-4,79
8627670,81,25,3,76
8628180,37,63,-6,82
8628690,71,30,4,78
8629200,96,49,-4,82
8629710,52,76,7,75
8630220,34,43,-7,82
8630730,68,10,2,80
8631240,38,62,-5,85
8631750,72,29,10,75
8632260,97,73,1,74
8632770,53,74,-8,82
8633280,87,41,10,72
8633790,43,42,-11,83
8634300,77,9,11,72
8634810,51,47,-9,81
8635320,85,14,4,77
8635830,59,52,-7,84
8636340,93,35,5,79
8636850,49,62,-3,82
8637360,83,29,9,73
8637870,39,73,-7,80
8638380,49,40,-4,84
8638890,68,23,13,71
8639400,93,67,-13,84
8639910,49,68,2,82
8640420,83,35,5,77
8640930,39,48,-6,83
8641440,73,15,11,72
8641950,55,53,-10,82
8642460,89,20,9,73
8642970,71,47,-15,88
8643480,96,30,7,81
8643990,52,57,-1,82
8644500,86,24,11,71
8645010,42,68,-9,80
8645520,76,35,3,77
8646030,101,48,-2,79
8646540,57,75,-5,84
8647050,91,42,12,72
8647560,47,43,-8,80
8648070,81,10,5,75
8648580,63,48,-11,86
8649090,82,31,13,73
8649600,38,75,-10,83
8650110,48,42,7,76
8650620,67,9,1,75
8651130,37,47,-13,88
8651640,71,14,14,74
8652150,53,52,-8,82
8652660,87,19,10,72
8653170,43,57,-6,78
8653680,77,24,7,71
8654190,33,68,-9,80
8654700,43,35,-6,86
8655210,62,18,2,84
8655720,81,36,4,80
8656230,37,49,-2,82
8656740,71,16,3,79
8657250,41,54,-5,84
8657760,75,21,10,74
8658270,31,59,-9,83
8658780,41,26,4,79
8659290,60,9,1,78
8659800,79,47,-5,83
8660310,35,51,6,77
8660820,69,18,-1,78
8661330,94,56,-3,81
8661840,50,57,0,81
8662350,84,24,5,76
8662860,40,11,-2,78
8663370,59,96,4,74
8663880,41,38,-12,86
8664390,81,59,-1,87
8664900,37,42,-2,89
8665410,71,9,9,80
8665920,41,47,-4,84
8666430,75,14,13,71
8666940,31,52,-9,80
8667450,65,19,0,80
8667960,90,57,3,77
8668470,46,58,-7,84
8668980,80,25,9,75
8669490,36,69,-4,79
8670000,46,36,-1,80
8670510,65,3,5,75
8671020,35,41,-8,83
8671530,69,8,6,77
8672040,84,46,-4,81
8672550,40,50,1,80
8673060,74,17,6,74
8673570,39,55,-6,80
8674080,73,22,5,75
8674590,29,60,-11,86
8675100,39,27,10,76
8675610,58,10,-4,80
8676120,73,48,-2,82
8676630,98,31,3,79
8677140,54,58,-4,83
8677650,88,25,8,75
8678160,44,12,-7,82
8678670,63,43,3,79
8679180,77,26,6,73
8679690,33,70,-4,77
8680200,43,37,-6,83
8680710,62,20,5,78
8681220,87,3,1,77
8681730,63,41,-9,86
8682240,88,24,11,75
8682750,44,34,1,74
8683260,63,17,-3,77
8683770,33,55,-8,85
8684280,67,22,9,76
8684790,92,45,-2,78
8685300,48,89,1,77
8685810,72,56,-6,83
8686320,4,57,5,78
8686830,14,40,-5,83
8687340,24,53,5,78
8687850,34,20,-5,83
8688360,53,3,9,74
8688870,72,41,-1,75
8689380,97,24,0,75
8689890,53,36,-4,79
8690400,72,19,2,77
8690910,97,57,0,77
8691420,53,58,-7,84
8691930,3,25,7,77
8692440,85,38,0,77
8692950,41,82,0,77
8693460,51,49,-6,83
8693970,85,32,7,76
8694480,41,76,-5,81
8694990,51,43,1,80
8695500,85,10,5,75
8696010,61,22,-5,80
8696520,86,5,5,75
8697030,62,43,-8,83
8697540,76,26,8,75
8698050,75,49,-3,78
8698560,100,32,0,78
8699070,56,59,-2,80
8699580,90,26,2,78
8700090,46,38,-4,82
8700600,65,21,3,79
8701110,90,44,-5,84
8701620,46,48,4,80
8702130,80,15,4,76
8702640,3,53,-3,79
8703150,13,66,1,78
8703660,23,8,-5,83
8704170,44,93,8,75
8704680,54,35,-12,87
8705190,73,18,16,71
8705700,29,56,-7,78
8706210,39,23,-8,86
8706720,58,6,9,77
8707230,77,44,-1,78
8707740,33,63,-3,81
8708250,43,30,3,78
8708760,62,13,1,77
8709270,87,51,-7,84
8709780,43,70,8,76
8710290,77,37,-1,77
8710800,33,20,-1,78
8711310,52,3,4,74
8711820,22,41,-10,84
8712330,56,8,1,83
8712840,75,93,3,80
8713350,57,60,-2,82
8713860,91,27,8,74
8714370,47,39,-6,80
8714880,66,6,5,75
8715390,42,44,-6,81
8715900,76,11,8,73
8716410,52,49,-6,79
8716920,86,16,3,76
8717430,62,26,-1,77
8717940,87,9,0,77
8718450,63,47,-3,80
8718960,77,30,4,76
8719470,33,74,-6,82
8719980,75,41,5,77
8720490,100,60,-5,82
8721000,56,61,5,77
8721510,6,28,1,76
8722020,5,41,-5,81
8722530,15,54,3,78
8723040,25,67,-4,82
8723550,35,50,-4,86
8724060,87,17,13,73
8724570,63,27,-8,81
8725080,88,10,9,72
8725590,64,22,-9,81
8726100,89,5,5,76
8726610,65,35,-4,80
8727120,90,18,3,77
8727630,46,45,1,76
8728140,65,12,-1,77
8728650,90,50,-2,79
8729160,46,38,-5,84
8729670,65,5,13,71
8730180,47,35,-10,81
8730690,66,18,3,78
8731200,91,56,-1,79
8731710,47,60,0,79
8732220,99,27,2,77
8732730,55,54,-5,82
8733240,69,21,5,77
8733750,94,44,2,75
8734260,50,71,-8,83
8734770,0,38,-3,86
8735280,10,51,8,78
8735790,20,11,-5,83
8736300,12,96,6,77
8736810,14,85,-9,86
8737320,24,27,1,85
8737830,54,96,8,77
8738340,69,38,-5,82
8738850,94,21,6,76
8739360,70,48,-8,84
8739870,95,31,7,77
8740380,51,58,-9,86
8740890,1,25,4,82
8741400,0,38,4,78
8741910,10,51,-2,80
8742420,20,34,2,78
8742930,50,1,-1,79
8743440,65,26,2,77
8743950,90,70,-1,78
8744460,46,71,2,76
8744970,98,38,2,74
8745480,54,65,-1,75
8745990,4,32,-2,77
8746500,3,45,-2,79
8747010,2,58,-2,81
8747520,12,71,-3,84
8748030,22,60,1,83
8748540,32,27,4,79
8749050,62,96,0,79
8749560,44,38,-12,91
8750070,78,21,7,84
8750580,1,48,8,76
8751090,11,31,-3,79
8751600,10,100,-3,82
8752110,95,89,8,74
8752620,51,14,-6,80
8753130,70,99,9,71
8753640,52,41,-18,89
8754150,71,24,12,77
8754660,96,12,2,75
8755170,72,39,-3,78
8755680,97,22,7,71
8756190,73,49,-3,74
8756700,29,32,-12,86
8757210,71,101,16,70
8757720,53,43,-11,81
8758230,72,10,6,75
8758740,48,20,-8,83
8759250,73,3,9,74
8759760,49,33,-7,81
8760270,68,16,6,75
8760780,24,54,-5,80
8761290,34,21,-6,86
8761800,64,77,7,79
8762310,14,44,-2,81
8762820,24,57,0,81
8763330,34,24,-6,87
8763840,53,7,12,75
8764350,68,92,6,69
8764860,50,2,-9,78
8765370,65,87,5,73
8765880,47,54,-11,84
8766390,99,21,-1,85
8766900,75,48,-3,88
8767410,100,31,3,85
8767920,56,58,0,85
8768430,86,25,6,79
8768940,42,35,1,78
8769450,61,18,-1,79
8769960,86,1,1,78
8770470,62,31,-3,81
8770980,87,14,7,74
8771490,63,41,-12,86
8772000,88,24,11,75
8772510,44,51,-6,81
8773020,74,18,8,73
8773530,99,56,-5,78
8774040,55,83,3,75
8774550,69,50,-5,80
8775060,94,33,-1,81
8775570,50,60,-3,84
8776080,0,27,6,78
8776590,101,40,1,77
8777100,57,67,-6,83
8777610,7,34,6,77
8778120,6,47,-9,86
8778630,16,60,3,83
8779140,26,51,1,82
8779650,36,18,-4,86
8780160,66,1,7,79
8780670,81,20,1,78
8781180,57,30,-3,81
8781690,82,13,5,76
8782200,58,40,-4,80
8782710,83,23,6,74
8783220,39,50,-6,80
8783730,69,17,-1,81
8784240,94,27,3,78
8784750,50,54,-3,81
8785260,73,21,6,75
8785770,98,31,-2,77
8786280,54,58,-6,83
8786790,68,25,7,76
8787300,93,38,1,75
8787810,16,65,-6,81
8788320,26,56,-3,84
8788830,36,23,3,81
8789340,55,6,-3,84
8789850,70,91,12,72
8790360,52,16,-12,84
8790870,77,101,5,79
8791380,59,11,0,79
8791890,74,49,2,77
8792400,99,32,0,77
8792910,55,59,-8,85
8793420,69,26,7,78
8793930,94,70,1,77
8794440,50,97,-1,78
8794950,60,64,-1,79
8795460,74,31,0,79
8795970,99,44,5,74
8796480,55,71,-8,82
8796990,5,38,-3,85
8797500,4,51,9,76
8798010,14,40,-4,80
8798520,24,27,0,80
8799030,54,96,5,75
8799540,64,38,-6,81
8800050,89,21,7,74
8800560,65,48,-12,86
8801070,84,31,7,79
8801580,7,58,-1,80
8802090,17,47,2,78
8802600,27,0,-6,84
8803110,42,85,9,75
8803620,52,74,-11,86
8804130,66,41,7,79
8804640,91,24,-2,81
8805150,67,51,-1,82
8805660,86,34,7,75
8806170,42,61,-9,84
8806680,21,28,-1,85
8807190,73,97,12,73
8807700,55,33,-10,83
8808210,70,16,10,73
8808720,85,26,-5,78
8809230,41,53,-5,83
8809740,20,20,6,77
8810250,50,47,-4,81
8810760,64,14,9,72
8811270,79,24,-3,75
8811780,35,34,-6,81
8812290,65,16,4,77
8812800,80,16,-4,81
8813310,56,54,3,78
8813820,75,21,8,70
8814330,100,31,-11,81
8814840,56,58,-1,82
8815350,70,25,7,75
8815860,95,12,1,74
8816370,71,39,-4,78
8816880,96,22,-2,80
8817390,72,49,3,77
8817900,28,32,-9,86
8818410,58,101,8,78
8818920,82,43,1,77
8819430,5,70,-4,81
8819940,15,53,5,76
8820450,25,36,-6,82
8820960,4,3,-4,86
8821470,3,88,3,83
8821980,13,77,8,75
8822490,23,66,-8,83
8823000,33,53,-3,86
8823510,63,20,6,80
8824020,88,3,3,77
8824530,64,38,-3,80
8825040,89,21,7,73
8825550,65,48,-5,78
8826060,79,31,5,73
8826570,2,75,-5,78
8827080,12,58,-3,81
8827590,22,47,-3,84
8828100,32,14,5,79
8828610,47,99,5,74
8829120,57,88,-1,75
8829630,81,30,-2,77
8830140,37,74,1,76
8830650,47,41,-5,81
8831160,66,8,6,75
8831670,81,38,-2,77
8832180,4,82,-3,80
8832690,14,65,4,76
8833200,24,54,-8,84
8833710,34,21,0,84
8834220,49,4,8,76
8834730,64,89,-3,79
8835240,46,31,-12,91
8835750,65,14,16,75
8836260,80,44,-2,77
8836770,3,27,-1,78
8837280,13,40,-8,86
8837790,23,27,7,79
8838300,53,96,5,74
8838810,63,38,-11,85
8839320,88,21,13,72
8839830,64,48,-13,85
8840340,83,31,9,76
8840850,6,58,-4,80
8841360,16,41,-1,81
8841870,26,8,-5,86
8842380,41,93,6,80
8842890,51,69,2,78
8843400,30,36,-4,82
8843910,60,3,9,73
8844420,75,33,-2,75
8844930,100,46,-5,80
8845440,56,73,-5,85
8845950,35,40,4,81
8846460,65,7,5,76
8846970,80,37,-2,78
8847480,3,81,2,76
8847990,13,70,-4,80
8848500,23,59,-2,82
8849010,33,26,1,81
8849520,52,9,6,75
8850030,67,94,0,75
8850540,49,4,-7,82
8851050,64,89,6,76
8851560,46,31,-8,84
8852070,65,14,13,71
8852580,80,24,0,71
8853090,36,68,-15,86
8853600,46,35,5,81
8854110,65,18,0,81
8854620,80,62,3,78
8855130,9,63,-7,85
8855640,19,46,-2,87
8856150,29,13,4,83
8856660,44,98,4,79
8857170,54,74,-2,81
8857680,4,41,0,81
8858190,14,32,0,81
8858700,95,101,7,74
8859210,77,26,-3,77
8859720,33,70,-3,80
8860230,43,37,-1,81
8860740,62,4,9,72
8861250,77,34,-3,75
8861760,0,78,-11,86
8862270,10,67,3,83
8862780,20,50,5,78
8863290,30,17,-6,84
8863800,45,0,3,81
8864310,60,85,4,77
8864820,42,52,-1,78
8865330,94,19,2,76
8865840,70,46,-2,78
8866350,95,29,0,78
8866860,34,56,-2,80
8867370,49,23,0,80
8867880,68,6,5,75
8868390,83,36,-6,81
8868900,6,63,0,81
8869410,16,52,1,80
8869920,26,39,-3,83
8870430,5,6,9,74
8870940,67,91,-6,80
8871450,49,58,-2,82
8871960,28,25,-8,90
8872470,58,94,11,79
8872980,40,36,-7,86
8873490,74,3,6,80
8874000,56,33,1,79
8874510,75,16,3,76
8875020,90,3,6,70
8875530,66,15,-12,82
8876040,81,59,3,79
8876550,37,60,-4,83
8877060,16,27,7,76
8877570,97,96,-3,79
8878080,79,21,5,74
8878590,94,8,-4,78
8879100,70,20,6,72
8879610,85,7,-7,79
8880120,61,19,-4,83
8880630,76,6,9,74
8881140,52,36,-15,89
8881650,71,19,12,77
8882160,86,6,5,72
8882670,62,18,-8,80
8883180,77,62,2,78
8883690,91,63,-2,80
8884200,47,64,0,80
8884710,26,31,-2,82
8885220,5,100,3,79
8885730,7,89,0,79
8886240,92,78,3,76
8886750,48,79,-1,77
8887260,62,21,-2,79
8887770,77,65,-8,87
8888280,91,66,10,77
8888790,47,67,-5,82
8889300,26,34,-2,84
8889810,56,1,9,75
8890320,71,31,-6,81
8890830,96,58,-2,83
8891340,52,85,6,77
8891850,62,52,-7,84
8892360,76,35,13,71
8892870,32,62,-11,82
8893380,47,29,7,75
8893890,62,12,1,74
8894400,77,42,-8,82
8894910,0,69,-4,86
8895420,10,52,10,76
8895930,20,97,-9,85
8896440,31,86,7,78
8896950,41,75,-3,81
8897460,51,42,0,81
8897970,70,25,5,76
8898480,85,12,-7,83
8898990,100,39,0,83
8899500,56,66,-1,84
8900010,35,33,0,84
8900520,65,0,10,74
8901030,80,30,-2,76
8901540,36,74,-4,80
8902050,51,41,-2,82
8902560,70,55,4,78
8903070,84,56,-7,85
8903580,40,57,5,80
8904090,19,24,1,79
8904600,100,93,-4,83
8905110,56,94,7,76
8905620,38,85,-7,83
8906130,48,76,7,76
8906640,30,43,-10,86
8907150,60,10,11,75
8907660,75,40,-2,77
8908170,100,67,-7,84
8908680,56,68,0,84
8909190,35,35,0,84
8909700,63,2,11,73
8910210,78,32,-1,74
8910720,1,59,-9,83
8911230,11,72,4,79
8911740,21,61,-4,83
8912250,31,37,0,83
8912760,59,4,12,71
8913270,74,34,-6,77
8913780,99,61,4,73
8914290,55,88,-1,74
8914800,37,30,-12,86
8915310,67,99,13,73
8915820,49,35,-15,88
8916330,68,18,11,77
8916840,83,5,5,72
8917350,59,17,-1,73
8917860,74,4,-2,75
8918370,56,34,-6,81
8918880,75,17,5,76
8919390,90,4,-3,79
8919900,66,16,3,76
8920410,81,60,-2,78
8920920,37,61,-3,81
8921430,51,28,0,81
8921940,70,11,10,71
8922450,85,21,-8,79
8922960,100,8,-4,83
8923470,76,38,10,73
8923980,32,65,-8,81
8924490,42,32,-2,83
8925000,56,15,6,77
8925510,71,28,1,76
8926020,86,72,-3,79
8926530,100,73,-1,80
8927040,56,74,1,79
8927550,66,41,-8,87
8928060,85,24,12,75
8928570,41,11,-7,82
8929080,56,96,10,72
8929590,38,87,-9,81
8930100,48,76,8,73
8930610,62,43,-7,80
8931120,76,44,-2,82
8931630,101,32,3,79
8932140,57,59,-5,84
8932650,71,26,8,76
8933160,96,70,-4,80
8933670,52,71,0,80
8934180,31,38,-9,89
8934690,61,5,17,72
8935200,76,35,-1,73
8935710,101,62,-11,84
8936220,57,63,-6,90
8936730,71,30,10,80
8937240,96,74,-6,86
8937750,52,75,9,77
8938260,34,42,-7,84
8938770,64,9,8,76
8939280,79,98,2,74
8939790,61,8,-5,79
8940300,76,38,1,78
8940810,101,25,-3,81
8941320,77,52,2,79
8941830,0,53,1,78
8942340,101,44,-1,79
8942850,57,71,2,77
8943360,36,38,-5,82
8943870,66,5,10,72
8944380,81,17,2,70
8944890,57,44,-11,81
8945400,71,45,2,79
8945910,96,89,1,78
8946420,75,90,5,73
8946930,38,0,-6,79
8947440,53,25,0,79
8947950,78,8,3,76
8948460,54,20,-7,83
8948970,79,3,9,74
8949480,55,15,-12,86
8949990,70,54,1,85
8950500,84,55,5,80
8951010,40,56,-6,86
8951520,70,23,12,74
8952030,85,24,1,73
8952540,41,51,-6,79
8953050,20,18,-4,83
8953560,50,87,7,76
8954070,64,78,-2,78
8954580,43,45,-6,84
8955090,73,12,10,74
8955600,88,39,-3,77
8956110,44,66,-8,85
8956620,58,33,4,81
8957130,77,16,7,74
8957640,92,43,-1,75
8958150,48,70,-6,81
8958660,62,37,-2,83
8959170,76,20,8,75
8959680,91,7,-3,78
8960190,67,34,1,77
8960700,81,21,3,74
8961210,57,8,-7,81
8961720,72,97,1,80
8962230,54,68,-1,81
8962740,68,35,2,79
8963250,82,74,3,76
8963760,11,75,-3,79
8964270,21,64,-6,85
8964780,31,55,6,79
8965290,59,22,-1,80
8965800,84,61,1,79
8966310,98,62,-2,81
8966820,54,89,5,76
8967330,64,80,0,76
8967840,43,5,-4,80
8968350,44,30,7,73
8968860,63,13,-5,78
8969370,78,51,0,78
8969880,34,52,-1,79
8970390,64,19,0,79
8970900,79,63,-3,82
8971410,93,64,-2,84
8971920,5,65,2,82
8972430,15,7,4,78
8972940,7,92,-1,79
8973450,17,81,1,78
8973960,28,70,-3,81
8974470,47,46,3,78
8974980,61,13,-1,79
8975490,76,51,3,76
8976000,90,52,-3,79
8976510,46,53,-1,80
8977020,76,20,4,76
8977530,91,7,-6,82
8978040,67,37,4,78
8978550,81,24,4,74
8979060,4,36,-6,80
8979570,3,49,2,78
8980080,2,40,-4,82
8980590,1,31,4,78
8981100,0,22,2,76
8981610,101,35,-5,81
8982120,57,62,3,78
8982630,91,24,0,78
8983140,67,51,1,77
8983650,81,52,-6,83
8984160,95,53,5,78
8984670,7,80,0,78
8985180,17,22,-4,82
8985690,47,91,8,74
8986200,57,33,-9,83
8986710,76,16,11,72
8987220,52,28,-10,82
8987730,71,11,8,74
8988240,86,23,6,68
8988750,62,35,-10,78
8989260,76,18,3,75
8989770,91,30,4,71
8990280,47,57,-17,88
8990790,26,24,13,75
8991300,5,93,-6,81
8991810,15,82,6,75
8992320,26,71,-5,80
8992830,36,62,-1,81
8993340,70,29,5,76
8993850,95,73,-4,80
8994360,51,74,-3,83
8994870,65,41,4,79
8995380,79,24,3,76
8995890,94,36,3,73
8996400,50,63,-8,81
8996910,29,30,-1,82
8997420,59,99,3,79
8997930,73,41,-4,83
8998440,87,85,11,72
8998950,50,97,0,72
8999460,60,39,-11,83
8999970,74,22,12,71
9000480,30,34,-9,80
9000990,60,1,7,73
9001500,75,31,-3,76
9002010,100,32,0,76
9002520,56,59,-1,77
9003030,90,26,0,77
9003540,46,53,-7,84
9004050,60,20,6,78
9004560,85,64,4,74
9005070,41,65,-8,82
9005580,75,32,4,78
9006090,100,33,-7,85
9006600,56,60,7,78
9007110,70,27,3,75
9007620,95,71,-5,80
9008130,51,72,-5,85
9008640,85,39,13,72
9009150,41,51,-9,81
9009660,20,18,-3,84
9010170,101,87,7,77
9010680,57,88,-1,78
9011190,71,89,6,72
9011700,34,25,-12,84
9012210,13,94,4,80
9012720,23,83,-3,83
9013230,34,72,3,80
9013740,44,39,2,78
9014250,58,6,-1,79
9014760,73,36,2,77
9015270,87,95,2,75
9015780,50,5,-4,79
9016290,69,90,-2,81
9016800,32,26,-7,88
9017310,62,95,15,73
9017820,44,5,-8,81
9018330,45,90,0,81
9018840,55,32,2,79
9019350,74,15,3,76
9019860,10,27,2,74
9020370,9,14,-5,79
9020880,90,99,4,75
9021390,53,9,3,72
9021900,68,19,0,72
9022410,83,63,-9,81
9022920,39,64,-2,83
9023430,73,31,11,72
9023940,29,43,-12,84
9024450,59,10,6,78
9024960,74,48,-4,82
9025470,88,31,6,76
9025980,44,32,-9,85
9026490,74,15,11,74
9027000,89,58,-4,78
9027510,45,59,-6,84
9028020,24,26,0,84
9028530,54,95,10,74
9029040,78,37,-4,78
9029550,34,81,-3,81
9030060,44,70,1,80
9030570,58,37,-6,86
9031080,77,20,17,69
9031590,33,32,-15,84
9032100,63,101,10,74
9032610,45,37,-11,85
9033120,59,20,9,76
9033630,74,64,-6,82
9034140,53,76,6,76
9034650,67,43,-1,77
9035160,81,26,4,73
9035670,37,38,-10,83
9036180,67,5,8,75
9036690,82,35,-1,76
9037200,38,47,-8,84
9037710,68,14,8,76
9038220,83,26,2,74
9038730,39,38,-9,83
9039240,69,5,6,77
9039750,39,35,-9,86
9040260,73,18,10,76
9040770,88,28,6,70
9041280,44,55,-15,85
9041790,74,22,9,76
9042300,30,34,-3,79
9042810,60,1,1,78
9043320,30,31,-6,84
9043830,60,100,12,72
9044340,70,36,-5,77
9044850,84,80,-1,78
9045360,47,92,4,74
9045870,57,34,-4,78
9046380,71,78,-2,80
9046890,50,90,6,74
9047400,60,32,-11,85
9047910,74,15,16,69
9048420,50,27,-17,86
9048930,64,10,7,79
9049440,79,48,4,75
9049950,35,49,-4,79
9050460,65,16,7,72
9050970,80,26,0,72
9051480,36,38,-10,82
9051990,66,58,0,82
9052500,80,70,5,77
9053010,9,71,-2,79
9053520,19,60,-4,83
9054030,29,22,4,79
9054540,59,5,6,73
9055050,74,35,-2,75
9055560,88,47,0,75
9056070,44,59,-3,78
9056580,23,26,-4,82
9057090,53,95,8,74
9057600,77,31,5,69
9058110,33,58,-11,80
9058620,63,25,3,77
9059130,77,69,-6,83
9059640,91,70,0,83
9060150,47,71,5,78
9060660,29,38,-11,89
9061170,59,5,11,78
9061680,74,35,4,74
9062190,30,47,-5,79
9062700,60,14,5,74
9063210,75,24,-2,76
9063720,57,68,-5,81
9064230,36,35,-2,83
9064740,66,2,-2,85
9065250,81,32,11,74
9065760,37,44,-14,88
9066270,67,11,13,75
9066780,49,23,-7,82
9067290,63,6,5,77
9067800,78,36,0,77
9068310,92,48,-4,81
9068820,48,60,0,81
9069330,62,27,7,74
9069840,76,10,4,70
9070350,52,22,-8,78
9070860,71,5,8,70
9071370,53,15,-4,74
9071880,68,54,-10,84
9072390,82,55,3,81
9072900,38,67,5,76
9073410,48,34,-10,86
9073920,62,17,14,72
9074430,77,27,0,72
9074940,33,39,-9,81
9075450,63,6,7,74
9075960,45,36,-7,81
9076470,79,19,13,68
9076980,61,31,-12,80
9077490,75,14,8,72
9078000,57,26,-10,82
9078510,71,9,8,74
9079020,53,21,-7,81
9079530,72,4,10,71
9080040,54,14,-9,80
9080550,69,24,2,78
9081060,94,34,4,74
9081570,50,61,-15,89
9082080,80,28,17,72
9082590,36,42,-9,81
9083100,66,9,6,75
9083610,36,19,-16,91
9084120,66,2,18,73
9084630,48,12,-10,83
9085140,49,97,7,76
9085650,59,73,1,75
9086160,41,85,-4,79
9086670,51,61,-8,87
9087180,81,28,12,75
9087690,96,40,-4,79
9088200,52,52,-6,85
9088710,66,19,16,69
9089220,81,18,0,69
9089730,57,30,-10,79
9090240,71,13,4,75
9090750,86,23,1,74
9091260,62,50,-7,81
9091770,76,62,-2,83
9092280,90,74,1,82
9092790,46,86,8,74
9093300,56,53,-12,86
9093810,70,20,9,77
9094320,85,30,5,72
9094830,41,42,-7,79
9095340,71,9,3,76
9095850,41,19,-4,80
9096360,60,2,1,79
9096870,75,32,-2,81
9097380,100,44,-1,82
9097890,56,56,-3,85
9098400,70,23,12,73
9098910,85,22,-4,77
9099420,61,49,-6,83
9099930,75,32,11,72
9100440,89,44,0,72
9100950,45,71,-2,74
9101460,59,38,-11,85
9101970,73,21,10,75
9102480,98,31,-2,77
9102990,54,58,-10,87
9103500,68,25,9,78
9104010,93,69,3,75
9104520,49,70,-6,81
9105030,63,37,0,81
9105540,77,20,6,75
9106050,53,32,-4,79
9106560,72,15,2,77
9107070,87,25,3,74
9107580,63,37,-9,83
9108090,77,20,13,70
9108600,53,30,-13,83
9109110,67,13,10,73
9109620,37,25,-4,77
9110130,67,8,3,74
9110640,37,20,-6,80
9111150,67,3,2,78
9111660,37,15,-5,83
9112170,67,100,9,74
9112680,49,36,-6,80
9113190,68,19,10,70
9113700,24,18,-13,83
9114210,54,87,8,75
9114720,78,99,2,73
9115230,60,9,1,72
9115740,30,19,-13,85
9116250,60,88,10,75
9116760,42,100,-4,79
9117270,52,89,2,77
9117780,76,101,1,76
9118290,58,37,-5,81
9118800,72,20,4,77
9119310,42,30,-5,82
9119820,72,13,5,77
9120330,42,23,-3,80
9120840,61,6,2,78
9121350,31,36,-1,79
9121860,61,3,0,79
9122370,31,33,-2,81
9122880,61,0,9,72
9123390,31,19,-7,79
9123900,61,88,6,73
9124410,24,100,-6,79
9124920,35,89,2,77
9125430,45,78,2,75
9125940,55,90,0,75
9126450,18,0,-9,84
9126960,10,85,-1,85
9127470,20,74,-2,87
9127980,30,63,5,82
9128490,40,30,-7,89
9129000,70,99,13,76
9129510,33,9,-9,85
9130020,34,94,1,84
9130530,44,83,1,83
9131040,54,50,5,78
9131550,68,17,0,78
9132060,83,27,8,70
9132570,39,26,-17,87
9133080,69,95,7,80
9133590,93,5,3,77
9134100,69,17,1,76
9134610,39,16,-9,85
9135120,69,101,8,77
9135630,51,11,-7,84
9136140,68,96,11,73
9136650,31,6,-10,83
9137160,23,91,-3,86
9137670,33,80,10,76
9138180,43,69,2,74
9138690,57,36,-12,86
9139200,71,19,11,75
9139710,41,18,-11,86
9140220,56,1,10,76
9140730,26,31,-11,87
9141240,56,100,9,78
9141750,80,10,4,74
9142260,56,22,-4,78
9142770,81,28,-1,79
9143280,67,27,-3,82
9143790,92,26,5,77
9144300,68,53,-3,80
9144810,82,54,2,78
9145320,38,55,-6,84
9145830,68,22,4,80
9146340,38,21,-3,83
9146850,68,4,7,76
9147360,38,16,-1,77
9147870,68,101,4,73
9148380,31,11,-12,85
9148890,61,96,7,78
9149400,85,6,0,78
9149910,55,16,-6,84
9150420,80,101,9,75
9150930,43,11,-9,84
9151440,44,96,5,79
9151950,54,72,-4,83
9152460,88,39,2,81
9152970,44,51,4,77
9153480,74,18,7,70
9153990,44,17,-9,79
9154500,59,0,4,75
9155010,29,19,-5,80
9155520,59,88,6,74
9156030,22,100,-9,83
9156540,33,89,3,80
9157050,43,78,-1,81
9157560,53,52,-5,86
9158070,67,19,9,77
9158580,37,18,-4,81
9159090,67,1,8,73
9159600,37,20,-10,83
9160110,67,89,6,77
9160620,30,101,-9,86
9161130,41,90,9,77
9161640,51,95,1,76
9162150,75,62,-2,78
9162660,4,63,-6,84
9163170,14,21,9,75
9163680,76,90,0,75
9164190,39,0,-5,80
9164700,40,25,-3,83
9165210,54,8,8,75
9165720,69,18,-1,76
9166230,84,28,3,73
9166740,40,27,-10,83
9167250,70,96,10,73
9167760,33,6,-6,79
9168270,34,91,0,79
9168780,44,80,6,73
9169290,54,47,-10,83
9169800,84,14,11,72
9170310,60,26,-11,83
9170820,85,9,9,74
9171330,55,21,-2,76
9171840,80,4,3,73
9172350,56,16,-8,81
9172860,71,15,6,75
9173370,23,14,-11,86
9173880,53,83,11,75
9174390,77,95,-3,78
9174900,40,5,4,74
9175410,41,90,-4,78
9175920,51,95,2,76
9176430,75,62,-8,84
9176940,89,63,8,76
9177450,45,64,-9,85
9177960,79,31,11,74
9178470,35,43,-6,80
9178980,65,10,3,77
9179490,35,65,-8,85
9180000,45,32,4,81
9180510,59,15,2,79
9181020,29,14,-6,85
9181530,59,83,7,78
9182040,83,50,0,78
9182550,39,62,-6,84
9183060,73,29,6,78
9183570,98,28,3,75
9184080,74,55,-3,78
9184590,88,67,-3,81
9185100,44,68,-1,82
9185610,74,35,7,75
9186120,99,47,-5,80
9186630,55,59,0,80
9187140,89,26,4,76
9187650,65,25,-1,77
9188160,90,69,1,76
9188670,46,70,0,76
9189180,70,37,-5,81
9189690,95,24,6,75
9190200,71,51,-15,90
9190710,85,34,7,83
9191220,41,46,4,79
9191730,71,13,4,75
9192240,41,12,-11,86
9192750,42,97,9,77
9193260,52,0,2,75
9193770,53,30,-6,81
9194280,78,13,11,70
9194790,54,23,-8,78
9195300,79,6,5,73
9195810,49,18,-9,82
9196320,50,1,0,82
9196830,51,31,-5,87
9197340,81,14,15,72
9197850,51,26,-8,80
9198360,76,9,10,70
9198870,46,21,-13,83
9199380,76,4,6,77
9199890,46,14,-8,85
9200400,47,99,12,73
9200910,57,75,-5,78
9201420,91,42,-1,79
9201930,47,54,-2,81
9202440,68,21,6,75
9202950,38,20,-13,88
9203460,68,89,8,80
9203970,31,51,-7,87
9204480,58,18,8,79
9204990,50,17,-6,85
9205500,42,0,5,80
9206010,43,25,-9,89
9206520,73,8,13,76
9207030,43,18,-8,84
9207540,44,1,9,75
9208050,45,26,-10,85
9208560,75,9,14,71
9209070,51,21,-9,80
9209580,76,4,7,73
9210090,46,16,-10,83
9210600,47,101,10,73
9211110,57,4,0,73
9211620,27,34,-15,88
9212130,54,1,8,80
9212640,55,31,3,77
9213150,80,14,3,74
9213660,100,26,-8,82
9214170,76,53,3,79
9214680,32,54,-2,81
9215190,59,21,3,78
9215700,84,20,3,75
9216210,60,32,-6,81
9216720,85,15,7,74
9217230,61,27,-4,78
9217740,86,31,3,75
9218250,42,43,-10,85
9218760,72,10,13,72
9219270,42,20,-8,80
9219780,72,3,9,71
9220290,42,13,-11,82
9220800,43,98,-1,83
9221310,53,74,6,77
9221820,87,41,-2,79
9222330,43,53,-5,84
9222840,70,20,10,74
9223350,26,19,-9,83
9223860,56,88,4,79
9224370,80,55,-4,83
9224880,36,56,-1,84
9225390,63,23,12,72
9225900,88,22,0,72
9226410,64,34,-8,80
9226920,89,17,7,73
9227430,65,29,-11,84
9227940,90,33,12,72
9228450,46,45,-6,78
9228960,76,5,8,70
9229470,46,17,-14,84
9229980,71,0,10,74
9230490,41,19,-12,86
9231000,71,2,12,74
9231510,41,14,-13,87
9232020,42,99,10,77
9232530,52,2,1,76
9233040,22,32,-7,83
9233550,49,101,7,76
9234060,59,4,1,75
9234570,29,34,-13,88
9235080,56,1,11,77
9235590,26,31,0,77
9236100,53,100,0,77
9236610,63,3,4,73
9237120,33,13,-7,80
9237630,63,98,7,73
9238140,45,89,-3,76
9238650,55,94,1,75
9239160,79,99,6,69
9239670,61,42,-13,82
9240180,89,25,8,74
9240690,65,37,-3,77
9241200,90,20,5,72
9241710,66,32,-4,76
9242220,91,19,3,73
9242730,67,31,-7,80
9243240,92,18,2,78
9243750,68,30,0,78
9244260,93,17,-4,82
9244770,69,27,5,77
9245280,94,71,-5,82
9245790,50,72,-3,85
9246300,84,39,8,77
9246810,40,26,-6,83
9247320,70,9,7,76
9247830,46,19,-7,83
9248340,65,2,2,81
9248850,35,32,-5,86
9249360,65,101,10,76
9249870,47,47,-7,83
9250380,81,14,6,77
9250890,57,26,-5,82
9251400,82,9,5,77
9251910,58,21,-2,79
9252420,83,25,7,72
9252930,59,12,-4,76
9253440,74,16,5,71
9253950,50,3,-6,77
9254460,51,33,-13,90
9254970,79,16,21,69
9255480,55,15,-9,78
9255990,80,99,6,72
9256500,43,9,-5,77
9257010,44,94,0,77
9257520,54,99,-1,78
9258030,64,90,-2,80
9258540,46,52,1,79
9259050,80,19,3,76
9259560,56,6,1,75
9260070,26,36,-6,81
9260580,60,3,2,79
9261090,30,33,-3,82
9261600,64,69,1,81
9262110,98,36,-2,83
9262620,54,63,0,83
9263130,88,30,6,77
9263640,44,92,-2,79
9264150,54,97,3,76
9264660,78,0,2,74
9265170,48,19,-8,82
9265680,73,2,5,77
9266190,43,21,-7,84
9266700,73,4,9,75
9267210,43,23,-7,82
9267720,71,87,5,77
9268230,15,54,-8,85
9268740,25,41,1,84
9269250,52,8,5,79
9269760,59,18,7,72
9270270,65,5,-6,78
9270780,35,35,-4,82
9271290,65,2,6,76
9271800,35,32,-5,81
9272310,63,101,6,75
9272820,45,92,-4,79
9273330,55,97,2,77
9273840,65,88,-2,79
9274350,47,55,-3,82
9274860,81,22,7,75
9275370,57,9,-5,80
9275880,64,98,5,75
9276390,46,89,-5,80
9276900,56,94,4,76
9277410,66,85,1,75
9277920,48,47,-6,81
9278430,82,14,10,71
9278940,58,26,-11,82
9279450,83,9,2,80
9279960,59,19,2,78
9280470,84,6,-4,82
9280980,60,36,3,79
9281490,85,19,8,71
9282000,61,6,-3,74
9282510,31,16,-10,84
9283020,59,101,7,77
9283530,69,92,-4,81
9284040,51,2,8,73
9284550,21,32,-3,76
9285060,49,101,-3,79
9285570,59,4,1,78
9286080,29,34,-8,86
9286590,71,1,12,74
9287100,46,20,0,74
9287610,71,3,-1,75
9288120,41,22,-8,83
9288630,71,5,11,72
9289140,47,15,-2,74
9289650,72,100,-1,75
9290160,54,87,1,74
9290670,64,92,-4,78
9291180,46,97,1,77
9291690,56,0,0,77
9292200,55,30,-8,85
9292710,83,13,11,74
9293220,59,40,-7,81
9293730,87,23,10,71
9294240,63,10,-7,78
9294750,70,20,2,76
9295260,26,30,-5,81
9295770,60,99,7,74
9296280,70,2,3,71
9296790,40,21,-11,82
9297300,32,4,-1,83
9297810,33,89,0,83
9298320,43,78,1,82
9298830,53,45,-1,83
9299340,81,12,8,75
9299850,57,22,-3,78
9300360,82,9,3,75
9300870,58,19,-1,76
9301380,83,6,3,73
9301890,59,18,-8,81
9302400,84,1,3,78
9302910,60,31,2,76
9303420,85,18,3,73
9303930,61,5,-2,75
9304440,31,35,-9,84
9304950,73,2,11,73
9305460,43,21,-5,78
9305970,68,4,7,71
9306480,38,23,-15,86
9306990,66,6,10,76
9307500,36,16,-4,80
9308010,83,101,-2,82
9308520,46,36,4,78
9309030,74,19,5,73
9309540,30,6,-6,79
9310050,31,91,4,75
9310560,42,80,-9,84
9311070,52,47,4,80
9311580,86,14,8,72
9312090,62,24,-7,79
9312600,87,30,8,71
9313110,43,57,-16,87
9313620,66,24,8,79
9314130,88,30,3,76
9314640,44,57,-4,80
9315150,78,24,9,71
9315660,34,11,-14,85
9316170,35,96,4,81
9316680,45,85,2,79
9317190,55,76,3,76
9317700,37,43,-14,90
9318210,64,10,5,85
9318720,34,40,0,85
9319230,17,7,3,82
9319740,9,92,-3,85
9320250,19,81,-2,87
9320760,29,70,10,77
9321270,39,75,2,75
9321780,97,80,-3,78
9322290,53,81,2,76
9322800,63,86,-2,78
9323310,45,75,0,78
9323820,55,42,-4,82
9324330,83,25,8,74
9324840,39,12,-10,84
9325350,40,97,7,77
9325860,50,86,1,76
9326370,60,77,-3,79
9326880,42,5,-6,85
9327390,43,90,15,70
9327900,53,95,-9,79
9328410,63,86,1,78
9328920,45,98,0,78
9329430,55,1,4,74
9329940,25,31,-10,84
9330450,76,100,9,75
9330960,58,35,-1,76
9331470,83,18,-2,78
9331980,59,5,-1,79
9332490,29,35,-3,82
9333000,71,2,6,76
9333510,99,32,-1,77
9334020,55,59,-7,84
9334530,89,21,7,77
9335040,45,48,-3,80
9335550,68,15,-1,81
9336060,38,25,-1,82
9336570,66,8,3,79
9337080,36,38,-5,84
9337590,59,5,10,74
9338100,29,35,-6,80
9338610,56,2,4,76
9339120,57,32,-2,78
9339630,82,15,2,76
9340140,52,25,-4,80
9340650,80,8,1,79
9341160,50,38,-8,87
9341670,78,21,14,73
9342180,34,34,-13,86
9342690,57,1,8,78
9343200,27,31,-4,82
9343710,69,100,5,77
9344220,51,36,-12,89
9344730,43,19,1,88
9345240,46,2,10,78
9345750,47,87,1,77
9346260,57,78,-2,79
9346770,39,13,-12,91
9347280,42,98,12,79
9347790,52,1,4,75
9348300,22,31,-5,80
9348810,45,100,-1,81
9349320,55,89,5,76
9349830,65,80,-3,79
9350340,28,69,-3,82
9350850,38,56,-4,86
9351360,72,23,8,78
9351870,28,46,-2,80
9352380,55,13,0,80
9352890,47,0,-4,84
9353400,48,30,-5,89
9353910,76,13,14,75
9354420,58,23,-6,81
9354930,83,27,7,74
9355440,39,14,-11,85
9355950,31,99,2,83
9356460,42,88,1,82
9356970,52,93,9,73
9357480,62,84,1,72
9357990,44,19,-14,86
9358500,47,2,8,78
9359010,48,32,-2,80
9359520,76,15,6,74
9360030,46,25,-4,78
9360540,38,8,-6,84
9361050,39,93,7,77
9361560,49,82,5,72
9362070,59,73,-7,79
9362580,41,40,-3,82
9363090,75,7,0,82
9363600,45,17,1,81
9364110,46,0,3,78
9364620,47,30,-7,85
9365130,75,13,11,74
9365640,57,23,-6,80
9366150,82,6,-2,82
9366660,52,36,-8,90
9367170,80,19,17,73
9367680,36,6,-13,86
9368190,37,91,3,83
9368700,47,80,6,77
9369210,57,71,1,76
9369720,91,60,-9,85
9370230,47,61,6,79
9370740,74,28,7,72
9371250,30,29,-17,89
9371760,58,12,10,79
9372270,73,22,4,75
9372780,29,32,-9,84
9373290,57,101,13,71
9373800,67,20,0,71
9374310,23,7,-16,87
9374820,15,30,9,78
9375330,91,17,3,75
9375840,47,44,-5,80
9376350,75,11,12,68
9376860,31,16,-15,83
9377370,59,101,9,74
9377880,41,92,-7,81
9378390,51,68,1,80
9378900,85,65,2,78
9379410,41,66,-4,82
9379920,75,33,-2,84
9380430,31,60,-1,85
9380940,59,27,9,76
9381450,15,33,-4,80
9381960,16,20,-1,81
9382470,8,89,0,81
9382980,18,78,2,79
9383490,28,67,2,77
9384000,38,72,-9,86
9384510,48,39,10,76
9385020,76,22,3,73
9385530,32,23,-6,79
9386040,6,6,-2,81
9386550,100,91,8,73
9387060,56,16,-5,78
9387570,48,55,-4,82
9388080,82,22,9,73
9388590,38,49,-7,80
9389100,72,16,4,76
9389610,87,3,2,74
9390120,69,13,-2,76
9390630,25,23,-5,81
9391140,17,6,1,80
9391650,9,91,3,77
9392160,19,80,-9,86
9392670,29,69,4,82
9393180,30,56,0,82
9393690,58,23,5,77
9394200,83,29,5,72
9394710,39,56,-10,82
9395220,73,23,6,76
9395730,29,24,-5,81
9396240,57,7,4,77
9396750,72,11,5,72
9397260,28,38,-15,87
9397770,55,5,10,77
9398280,70,35,-4,81
9398790,95,38,5,76
9399300,51,65,-6,82
9399810,85,32,9,73
9400320,41,59,-3,76
9400830,7,26,-2,78
9401340,6,13,-1,79
9401850,71,98,-2,81
9402360,53,23,-1,82
9402870,78,27,13,69
9403380,34,28,-12,81
9403890,62,11,6,75
9404400,77,21,3,72
9404910,33,8,-13,85
9405420,36,93,3,82
9405930,47,82,4,78
9406440,48,1,2,76
9406950,40,31,-7,83
9407460,68,14,2,81
9407970,83,24,4,77
9408480,39,51,-6,83
9408990,73,18,12,71
9409500,29,5,-8,79
9410010,21,90,-2,81
9410520,32,79,-2,83
9411030,33,84,3,80
9411540,34,73,7,73
9412050,44,64,-9,82
9412560,78,31,6,76
9413070,34,58,-9,85
9413580,62,25,7,78
9414090,87,28,3,75
9414600,43,55,-8,83
9415110,66,22,9,74
9415620,91,25,-3,77
9416130,47,52,-10,87
9416640,81,19,17,70
9417150,37,46,-12,82
9417660,65,13,8,74
9418170,90,23,1,73
9418680,46,50,-6,79
9419190,80,17,6,73
9419700,36,27,-6,79
9420210,64,10,3,76
9420720,46,14,-7,83
9421230,49,53,1,82
9421740,83,20,10,72
9422250,39,21,-11,83
9422760,31,4,-2,85
9423270,23,89,-2,87
9423780,33,78,6,81
9424290,34,69,-3,84
9424800,62,60,4,80
9425310,96,87,5,75
9425820,52,12,-4,79
9426330,67,51,-3,82
9426840,81,52,-4,86
9427350,37,53,3,83
9427860,71,20,3,80
9428370,63,21,2,78
9428880,46,22,-2,80
9429390,38,5,-4,84
9429900,39,90,8,76
9430410,40,79,-3,79
9430920,51,70,5,74
9431430,33,97,-10,84
9431940,44,86,4,80
9432450,54,77,5,75
9432960,36,2,-6,81
9433470,37,87,1,80
9433980,38,76,2,78
9434490,48,67,-2,80
9435000,94,34,5,75
9435510,50,61,-8,83
9436020,84,28,9,74
9436530,40,29,-10,84
9437040,40,12,-6,90
9437550,41,97,9,81
9438060,52,86,5,76
9438570,23,77,-4,80
9439080,33,66,4,76
9439590,52,71,-2,78
9440100,34,38,-7,85
9440610,26,5,-4,89
9441120,18,90,10,79
9441630,28,79,-2,81
9442140,29,68,2,79
9442650,39,59,-10,89
9443160,31,26,7,82
9443670,59,95,6,76
9444180,41,14,-4,80
9444690,44,77,3,77
9445200,54,68,2,75
9445710,36,95,-10,85
9446220,46,84,10,75
9446730,17,75,-9,84
9447240,27,64,4,80
9447750,37,69,-1,81
9448260,38,36,1,80
9448770,66,3,7,73
9449280,48,13,-10,83
9449790,40,52,2,81
9450300,74,19,10,71
9450810,30,29,-11,82
9451320,58,98,11,71
9451830,40,17,-9,80
9452340,32,0,1,79
9452850,24,85,-10,89
9453360,34,74,7,82
9453870,35,50,4,78
9454380,27,17,-1,79
9454890,55,86,1,78
9455400,37,11,0,78
9455910,29,96,-8,86
9456420,39,85,4,82
9456930,40,61,1,81
9457440,54,28,-4,85
9457950,79,11,13,72
9458460,61,38,-6,78
9458970,86,41,-1,79
9459480,42,42,0,79
9459990,76,9,0,79
9460500,58,19,0,79
9461010,83,22,-1,80
9461520,39,49,-2,82
9462030,62,90,8,74
9462540,44,15,-12,86
9463050,59,100,11,75
9463560,41,91,-2,77
9464070,51,15,-1,78
9464580,76,54,-2,80
9465090,32,55,-3,83
9465600,60,22,9,74
9466110,85,26,-2,76
9466620,41,27,-7,83
9467130,69,10,7,76
9467640,51,20,-5,81
9468150,43,26,0,81
9468660,35,9,-3,84
9469170,27,94,-8,92
9469680,37,83,11,81
9470190,38,88,3,78
9470700,48,77,7,71
9471210,30,44,-13,84
9471720,64,11,8,76
9472230,47,21,-15,91
9472740,39,4,9,82
9473250,40,43,2,80
9473760,68,10,-5,85
9474270,83,20,7,78
9474780,6,47,-2,80
9475290,16,36,1,79
9475800,17,3,-3,82
9476310,76,92,9,73
9476820,39,17,-12,85
9477330,67,0,13,72
9477840,49,30,-16,88
9478350,41,13,6,82
9478860,44,52,0,82
9479370,78,19,3,79
9479880,1,29,-1,80
9480390,0,20,1,79
9480900,101,17,0,79
9481410,83,44,2,77
9481920,39,58,-6,83
9482430,67,25,6,77
9482940,92,28,4,73
9483450,48,55,-11,84
9483960,62,22,4,80
9484470,87,25,2,78
9484980,43,35,-10,88
9485490,71,18,16,72
9486000,96,28,-5,77
9486510,52,55,-6,83
9487020,66,22,2,81
9487530,91,32,1,80
9488040,47,59,-5,85
9488550,70,26,7,78
9489060,95,29,-1,79
9489570,51,56,-5,84
9490080,65,23,10,74
9490590,90,26,-5,79
9491100,46,53,-3,82
9491610,38,20,-4,86
9492120,41,3,12,74
9492630,42,22,-11,85
9493140,70,5,16,69
9493650,52,15,-12,81
9494160,44,18,-5,86
9494670,47,24,10,76
9495180,39,7,-15,91
9495690,40,92,12,79
9496200,50,81,-1,80
9496710,64,0,-1,81
9497220,56,30,0,81
9497730,81,33,5,76
9498240,37,34,-2,78
9498750,29,1,-5,83
9499260,30,79,2,81
9499770,31,68,-1,82
9500280,32,44,3,79
9500790,55,11,4,75
9501300,62,21,1,74
9501810,87,24,-1,75
9502320,43,51,-1,76
9502830,66,18,3,73
9503340,91,28,-1,74
9503850,47,55,-10,84
9504360,81,22,10,74
9504870,63,49,-6,80
9505380,64,50,2,78
9505890,78,51,0,78
9506400,34,52,-5,83
9506910,48,19,2,81
9507420,40,2,-1,82
9507930,41,21,-5,87
9508440,69,4,11,76
9508950,51,34,-12,88
9509460,79,17,11,77
9509970,61,27,-4,81
9510480,86,30,4,77
9510990,42,57,3,74
9511500,88,24,5,69
9512010,70,51,-12,81
9512520,95,52,2,79
9513030,51,79,4,75
9513540,33,4,-8,83
9514050,36,89,0,83
9514560,37,78,5,78
9515070,38,54,-1,79
9515580,84,21,4,75
9516090,66,48,-9,84
9516600,94,49,7,77
9517110,50,76,5,72
9517620,32,1,-10,82
9518130,33,86,2,80
9518640,34,75,-3,83
9519150,35,51,3,80
9519660,49,18,2,78
9520170,63,21,6,72
9520680,88,24,-4,76
9521190,70,51,-2,78
9521700,84,52,1,77
9522210,40,53,-4,81
9522720,54,20,4,77
9523230,79,26,8,69
9523740,61,53,-22,91
9524250,89,38,16,75
9524760,45,39,-4,79
9525270,73,6,4,75
9525780,55,16,-8,83
9526290,69,19,8,75
9526800,94,29,1,74
9527310,76,56,-1,75
9527820,32,57,-6,81
9528330,78,24,8,73
9528840,60,25,-6,79
9529350,85,28,7,72
9529860,67,55,-10,82
9530370,81,84,6,76
9530880,63,9,2,74
9531390,45,19,-13,87
9531900,48,2,11,76
9532410,63,21,3,73
9532920,88,24,-3,76
9533430,69,51,-2,78
9533940,83,52,2,76
9534450,39,53,-6,82
9534960,62,20,1,81
9535470,76,23,8,73
9535980,58,84,-1,74
9536490,40,3,-11,85
9537000,32,52,0,85
9537510,78,19,11,74
9538020,60,29,-2,76
9538530,74,32,-1,77
9539040,88,35,5,72
9539550,44,36,-8,80
9540060,58,3,7,73
9540570,50,13,-5,78
9541080,42,16,-2,80
9541590,34,101,-4,84
9542100,44,90,3,81
9542610,45,95,1,80
9543120,46,84,3,77
9543630,17,89,0,77
9544140,27,78,-6,83
9544650,37,67,4,79
9545160,51,34,-4,83
9545670,79,17,7,76
9546180,61,27,-1,77
9546690,75,30,4,73
9547200,89,31,-1,74
9547710,45,58,-5,79
9548220,59,25,-1,80
9548730,73,28,5,75
9549240,29,89,-5,80
9549750,40,78,5,75
9550260,50,83,2,73
9550770,64,2,-4,77
9551280,34,21,-4,81
9551790,62,90,5,76
9552300,44,9,1,75
9552810,45,12,-5,80
9553320,59,97,-2,82
9553830,41,16,-4,86
9554340,44,22,8,78
9554850,58,5,0,78
9555360,73,35,2,76
9555870,87,38,-2,78
9556380,43,39,-3,81
9556890,71,6,10,71
9557400,53,16,-4,75
9557910,67,19,4,71
9558420,49,22,-7,78
9558930,63,26,-1,79
9559440,88,29,5,74
9559950,44,56,-6,80
9560460,58,23,0,80
9560970,83,26,5,75
9561480,65,27,-5,80
9561990,79,30,3,77
9562500,35,91,-3,80
9563010,36,80,-4,84
9563520,37,56,0,84
9564030,71,23,11,73
9564540,27,84,-4,77
9565050,38,73,-3,80
9565560,52,40,-2,82
9566070,35,23,-5,87
9566580,63,92,14,73
9567090,45,11,-11,84
9567600,48,96,8,76
9568110,49,85,5,71
9568620,31,90,-14,85
9569130,41,79,10,75
9569640,42,46,-5,80
9570150,56,13,3,77
9570660,48,23,-9,86
9571170,62,6,11,75
9571680,32,16,-11,86
9572190,60,85,10,76
9572700,42,21,-7,83
9573210,45,4,1,82
9573720,46,23,0,82
9574230,74,6,10,72
9574740,56,16,-5,77
9575250,81,20,5,72
9575760,37,30,-9,81
9576270,65,99,5,76
9576780,47,35,-7,83
9577290,75,18,3,80
9577800,100,28,-2,82
9578310,56,55,2,80
9578820,84,22,5,75
9579330,40,32,-9,84
9579840,68,101,7,77
9580350,50,37,-4,81
9580860,78,20,4,77
9581370,1,30,-5,82
9581880,0,27,2,80
9582390,101,24,2,78
9582900,77,51,-1,79
9583410,0,52,-2,81
9583920,101,49,-3,84
9584430,57,76,8,76
9584940,23,65,-6,82
9585450,24,27,-3,85
9585960,52,96,12,73
9586470,34,101,-13,86
9586980,45,90,10,76
9587490,46,66,-11,87
9588000,60,33,12,75
9588510,85,36,-2,77
9589020,8,50,-2,79
9589530,7,27,-1,80
9590040,6,14,7,73
9590550,5,1,0,73
9591060,4,86,-10,83
9591570,14,75,3,80
9592080,24,64,1,79
9592590,25,69,-5,84
9593100,26,85,2,82
9593610,37,74,3,79
9594120,51,41,-7,86
9594630,79,45,6,80
9595140,2,46,4,76
9595650,1,43,-5,81
9596160,0,32,0,81
9596670,101,29,-1,82
9597180,83,56,3,79
9597690,6,57,-2,81
9598200,5,54,-6,87
9598710,4,51,4,83
9599220,3,40,0,83
9599730,2,89,7,76
9600240,1,78,-7,83
9600750,0,85,5,78
9601260,101,74,4,74
9601770,57,75,-5,79
9602280,23,42,-4,83
9602790,51,9,4,79
9603300,52,19,-3,82
9603810,77,2,7,75
9604320,59,21,-9,84
9604830,84,25,13,71
9605340,40,52,-8,79
9605850,54,19,1,78
9606360,79,22,8,70
9606870,35,32,-10,80
9607380,63,101,7,73
9607890,45,37,-4,77
9608400,32,4,-7,84
9608910,33,89,6,78
9609420,44,78,3,75
9609930,58,83,-7,82
9610440,72,72,3,79
9610950,4,99,-2,81
9611460,14,88,0,81
9611970,25,77,4,77
9612480,36,66,-5,82
9612990,64,33,6,76
9613500,78,16,6,70
9614010,60,26,-10,80
9614520,85,9,1,79
9615030,55,19,0,79
9615540,80,25,14,65
9616050,36,52,-21,86
9616560,64,19,11,75
9617070,89,29,1,74
9617580,6,56,-5,79
9618090,16,63,4,75
9618600,26,52,-9,84
9619110,54,19,7,77
9619620,79,2,2,75
9620130,61,12,-3,78
9620640,76,22,2,76
9621150,58,32,-12,88
9621660,86,15,15,73
9622170,62,42,-8,81
9622680,90,25,8,73
9623190,46,52,-6,79
9623700,12,19,7,72
9624210,64,88,-5,77
9624720,46,13,-1,78
9625230,49,98,1,77
9625740,63,1,2,75
9626250,33,20,-8,83
9626760,61,89,3,80
9627270,43,14,0,80
9627780,71,99,6,74
9628290,53,35,-9,83
9628800,81,18,10,73
9629310,63,45,-9,82
9629820,77,28,9,73
9630330,0,22,-7,80
9630840,101,19,1,79
9631350,77,29,7,72
9631860,33,39,-8,80
9632370,61,6,6,74
9632880,76,16,3,71
9633390,58,26,-4,75
9633900,72,29,3,72
9634410,86,43,-7,79
9634920,42,57,-2,81
9635430,70,24,4,77
9635940,84,34,-2,79
9636450,7,48,1,78
9636960,6,39,3,75
9637470,5,26,-1,76
9637980,4,23,-4,80
9638490,3,20,6,74
9639000,2,7,-5,79
9639510,1,92,4,75
9640020,0,81,-7,82
9640530,101,70,5,77
9641040,57,71,-5,82
9641550,71,38,0,82
9642060,85,41,6,76
9642570,41,68,-8,84
9643080,69,35,6,78
9643590,83,38,1,77
9644100,6,65,-6,83
9644610,5,62,3,80
9645120,4,51,1,79
9645630,3,48,5,74
9646140,2,37,1,73
9646650,1,34,-4,77
9647160,0,31,-4,81
9647670,101,28,-1,82
9648180,83,55,0,82
9648690,39,56,-2,84
9649200,67,23,11,73
9649710,92,33,-2,75
9650220,48,60,-3,78
9650730,62,90,5,73
9651240,44,9,-6,79
9651750,59,94,3,76
9652260,41,13,-12,88
9652770,69,98,7,81
9653280,51,87,6,75
9653790,22,6,-10,85
9654300,14,75,0,85
9654810,24,64,-3,88
9655320,34,51,4,84
9655830,62,63,-1,85
9656340,90,30,9,76
9656850,13,57,-6,82
9657360,23,15,-3,85
9657870,54,84,9,76
9658380,36,73,-8,84
9658890,64,40,2,82
9659400,78,23,11,71
9659910,60,50,-8,79
9660420,74,33,-4,83
9660930,99,47,6,77
9661440,55,74,-6,83
9661950,69,41,2,81
9662460,83,24,6,75
9662970,65,51,-6,81
9663480,79,52,0,81
9663990,2,79,1,80
9664500,1,86,9,71
9665010,11,75,-9,80
9665520,21,82,0,80
9666030,31,71,-7,87
9666540,41,38,5,82
9667050,69,5,6,76
9667560,61,15,-3,79
9668070,53,25,-3,82
9668580,21,8,6,76
9669090,13,93,-1,77
9669600,23,82,-7,84
9670110,33,71,5,79
9670620,43,38,-5,84
9671130,71,5,12,72
9671640,53,15,-7,79
9672150,68,100,7,72
9672660,50,19,-8,80
9673170,64,2,2,78
9673680,34,21,-7,85
9674190,62,4,8,77
9674700,54,14,-3,80
9675210,46,24,-4,84
9675720,74,7,12,72
9676230,66,17,-5,77
9676740,81,27,3,74
9677250,37,37,-9,83
9677760,65,4,5,78
9678270,80,14,4,74
9678780,62,41,-14,88
9679290,90,24,14,74
9679800,13,51,-2,76
9680310,6,9,0,76
9680820,5,94,-3,79
9681330,15,83,-1,80
9681840,26,72,-2,82
9682350,36,30,3,79
9682860,64,13,2,77
9683370,79,23,3,74
9683880,46,33,-14,88
9684390,74,16,18,70
9684900,56,26,-9,79
9685410,70,9,6,73
9685920,52,19,-9,82
9686430,80,2,8,74
9686940,62,21,-4,78
9687450,87,24,2,76
9687960,69,51,-5,81
9688470,83,52,3,78
9688980,39,79,0,78
9689490,49,46,-8,86
9690000,77,29,3,83
9690510,0,56,1,82
9691020,10,53,3,79
9691530,20,50,0,79
9692040,30,17,-5,84
9692550,58,0,6,78
9693060,59,19,3,75
9693570,73,29,0,75
9694080,98,32,-3,78
9694590,80,59,-6,84
9695100,3,60,1,83
9695610,13,57,6,77
9696120,23,15,-5,82
9696630,51,84,4,78
9697140,22,51,-2,80
9697650,32,18,-4,84
9698160,60,1,9,75
9698670,30,20,-8,83
9699180,58,3,8,75
9699690,28,13,-6,81
9700200,56,80,1,80
9700710,38,47,-7,87
9701220,4,30,9,78
9701730,3,27,-1,79
9702240,2,24,0,79
9702750,1,21,-1,80
9703260,0,18,1,79
9703770,101,15,0,79
9704280,77,25,6,73
9704790,0,52,-4,77
9705300,101,49,-2,79
9705810,24,65,-2,81
9706320,34,41,-2,83
9706830,57,8,10,73
9707340,72,18,2,71
9707850,97,28,-7,78
9708360,79,55,-7,85
9708870,2,56,7,78
9709380,1,53,-4,82
9709890,11,50,5,77
9710400,21,37,-9,86
9710910,49,4,9,77
9711420,50,23,-11,88
9711930,64,6,17,71
9712440,79,16,1,70
9712950,61,26,-10,80
9713460,86,9,3,77
9713970,68,19,-4,81
9714480,93,29,4,77
9714990,75,56,-3,80
9715500,100,57,3,77
9716010,56,84,1,76
9716520,38,51,-8,84
9717030,61,18,9,75
9717540,31,28,-13,88
9718050,54,11,10,78
9718560,69,21,4,74
9719070,67,31,-6,80
9719580,92,45,1,79
9720090,15,59,2,77
9720600,25,48,-8,85
9721110,53,15,10,75
9721620,78,100,3,72
9722130,60,35,-9,81
9722640,85,18,9,72
9723150,67,45,-10,82
9723660,92,6,7,75
9724170,74,16,2,73
9724680,56,26,-9,82
9725190,81,9,6,76
9725700,63,19,-1,77
9726210,88,29,2,75
9726720,70,56,-6,81
9727230,95,39,3,78
9727740,18,66,0,78
9728250,28,24,-2,80
9728760,56,7,2,78
9729270,71,17,8,70
9729780,53,27,-13,83
9730290,78,10,7,76
9730800,48,20,-5,81
9731310,73,3,10,71
9731820,55,13,-8,79
9732330,70,23,-3,82
9732840,95,33,8,74
9733350,77,60,-9,83
9733860,0,61,8,75
9734370,101,58,-5,80
9734880,24,59,-1,81
9735390,34,26,1,80
9735900,62,9,4,76
9736410,77,19,1,75
9736920,0,29,-8,83
9737430,101,26,3,80
9737940,83,53,8,72
9738450,6,54,-9,81
9738960,16,51,-4,85
9739470,26,38,-1,86
9739980,49,5,9,77
9740490,64,15,-3,80
9741000,89,25,8,72
9741510,71,52,-6,78
9742020,96,53,-3,81
9742530,19,67,-3,84
9743040,29,25,2,82
9743550,52,55,0,82
9744060,75,22,9,73
9744570,57,32,-6,79
9745080,82,15,2,77
9745590,5,42,-7,84
9746100,4,39,0,84
9746610,3,36,5,79
9747120,2,33,1,78
9747630,1,30,-3,81
9748140,11,27,5,76
9748650,10,14,3,73
9749160,62,99,-11,84
9749670,72,35,3,81
9750180,97,45,5,76
9750690,53,72,-3,79
9751200,67,39,0,79
9751710,92,26,0,79
9752220,74,53,-4,83
9752730,99,54,3,80
9753240,55,81,3,77
9753750,37,48,-6,83
9754260,60,15,8,75
9754770,85,25,-2,77
9755280,67,35,-2,79
9755790,92,45,3,76
9756300,48,72,-1,77
9756810,58,39,-4,81
9757320,83,22,5,76
9757830,65,32,-1,77
9758340,90,19,1,76
9758850,72,29,-2,78
9759360,97,39,0,78
9759870,79,66,-5,83
9760380,8,67,-1,84
9760890,18,64,6,78
9761400,28,22,-2,80
9761910,7,5,2,78
9762420,59,90,0,78
9762930,69,18,2,76
9763440,94,28,-6,82
9763950,76,55,0,82
9764460,101,56,5,77
9764970,57,83,2,75
9765480,39,97,-12,87
9765990,49,55,8,79
9766500,15,22,-7,86
9767010,43,5,6,80
9767520,44,90,0,80
9768030,54,66,2,78
9768540,20,33,1,77
9769050,66,0,8,69
9769560,48,10,-14,83
9770070,49,95,5,78
9770580,59,71,-7,85
9771090,9,38,6,79
9771600,8,25,1,78
9772110,7,12,7,71
9772620,59,101,0,71
9773130,69,29,-7,78
9773640,94,43,-4,82
9774150,50,70,2,80
9774660,73,37,1,79
9775170,98,64,-2,81
9775680,54,91,6,75
9776190,64,19,-5,80
9776700,89,29,9,71
9777210,71,56,-12,83
9777720,96,57,0,83
9778230,52,84,7,76
9778740,62,75,-3,79
9779250,12,64,4,75
9779760,22,53,-9,84
9780270,32,40,1,83
9780780,55,7,9,74
9781290,17,17,-8,82
9781800,79,0,2,80
9782310,61,30,7,73
9782820,86,17,-1,74
9783330,68,44,-6,80
9783840,93,45,6,74
9784350,49,72,-4,78
9784860,20,39,-2,80
9785370,30,26,0,80
9785880,9,9,0,80
9786390,61,94,3,77
9786900,43,22,2,75
9787410,57,5,0,75
9787920,72,15,0,75
9788430,87,25,-4,79
9788940,69,52,-3,82
9789450,83,53,2,80
9789960,39,54,1,79
9790470,5,21,2,77
9790980,4,18,-4,81
9791490,3,15,3,78
9792000,2,12,3,75
9792510,1,9,-4,79
9793020,0,6,9,70
9793530,101,91,-16,86
9794040,30,16,4,82
9794550,58,101,9,73
9795060,68,92,-4,77
9795570,78,17,2,75
9796080,1,27,-5,80
9796590,0,24,-1,81
9797100,101,21,-3,84
9797610,77,48,4,80
9798120,0,49,-2,82
9798630,10,46,0,82
9799140,20,43,-1,83
9799650,30,30,-1,84
9800160,53,13,7,77
9800670,68,98,3,74
9801180,50,23,-6,80
9801690,64,6,8,72
9802200,34,16,-9,81
9802710,62,101,2,79
9803220,72,29,7,72
9803730,97,56,-5,77
9804240,53,83,-1,78
9804750,63,70,-5,83
9805260,29,97,-4,87
9805770,39,86,10,77
9806280,49,100,-4,81
9806790,59,76,3,78
9807300,25,1,1,77
9807810,26,86,-5,82
9808320,36,75,3,79
9808830,46,62,2,77
9809340,12,29,-6,83
9809850,20,16,4,79
9810360,48,101,0,79
9810870,58,77,-1,80
9811380,24,2,-2,82
9811890,16,87,-3,85
9812400,26,76,2,83
9812910,36,34,4,79
9813420,59,1,9,70
9813930,29,11,-22,92
9814440,57,96,15,77
9814950,67,21,-2,79
9815460,92,48,0,79
9815970,15,75,0,79
9816480,25,64,-1,80
9816990,35,22,0,80
9817500,63,5,6,74
9818010,33,15,-10,84
9818520,61,100,7,77
9819030,71,28,1,76
9819540,96,55,-1,77
9820050,52,82,-2,79
9820560,62,7,3,76
9821070,77,17,3,73
9821580,0,44,-5,78
9822090,10,41,1,77
9822600,20,28,2,75
9823110,66,97,3,72
9823620,76,22,2,70
9824130,101,49,-3,73
9824640,57,76,-7,80
9825150,23,63,-4,84
9825660,33,50,1,83
9826170,56,17,2,81
9826680,81,0,7,74
9827190,51,27,-8,82
9827700,79,10,8,74
9828210,61,20,-3,77
9828720,86,23,6,71
9829230,9,50,-10,81
9829740,19,77,3,78
9830250,29,66,0,78
9830760,39,53,-4,82
9831270,62,20,12,70
9831780,87,47,-10,80
9832290,10,74,3,77
9832800,20,15,-1,78
9833310,48,100,-1,79
9833820,58,41,-5,84
9834330,86,24,13,71
9834840,68,51,-14,85
9835350,96,52,8,77
9835860,52,79,-4,81
9836370,62,46,-5,86
9836880,90,29,14,72
9837390,72,56,-10,82
9837900,30,57,1,81
9838410,40,24,-3,84
9838920,68,7,8,76
9839430,38,17,-7,83
9839940,46,0,7,76
9840450,16,85,-7,83
9840960,26,74,0,83
9841470,36,36,-1,84
9841980,59,19,8,76
9842490,84,6,-1,77
9843000,54,33,-6,83
9843510,82,16,10,73
9844020,64,43,-6,79
9844530,89,44,5,74
9845040,12,71,-7,81
9845550,22,20,5,76
9846060,5,3,-5,81
9846570,69,88,2,79
9847080,35,13,-2,81
9847590,36,98,1,80
9848100,46,87,6,74
9848610,56,12,-2,76
9849120,71,101,2,74
9849630,53,26,-5,79
9850140,78,9,6,73
9850650,60,36,-7,80
9851160,85,19,8,72
9851670,67,46,-6,78
9852180,92,47,3,75
9852690,48,74,1,74
9853200,58,88,-3,77
9853710,68,24,-1,78
9854220,93,25,4,74
9854730,75,52,-11,85
9855240,100,53,6,79
9855750,56,97,2,77
9856260,66,33,-3,80
9856770,91,36,4,76
9857280,14,63,-3,79
9857790,24,90,-4,83
9858300,34,79,4,79
9858810,44,93,5,74
9859320,54,5,4,70
9859830,24,15,-10,80
9860340,63,100,5,75
9860850,73,36,-7,82
9861360,98,39,6,76
9861870,54,66,-6,82
9862380,77,33,9,73
9862890,0,60,-7,80
9863400,10,57,2,78
9863910,20,46,-4,82
9864420,30,33,-5,87
9864930,53,0,10,77
9865440,68,30,-6,83
9865950,93,33,8,75
9866460,16,60,1,74
9866970,26,18,-8,82
9867480,98,1,3,79
9867990,80,11,2,77
9868500,50,38,-5,82
9869010,78,21,10,72
9869520,1,48,-5,77
9870030,11,45,1,76
9870540,21,32,-7,83
9871050,44,101,7,76
9871560,54,90,4,72
9872070,64,36,-16,88
9872580,89,19,13,75
9873090,71,46,-4,79
9873600,96,47,2,77
9874110,52,74,-3,80
9874620,62,41,-2,82
9875130,87,24,12,70
9875640,69,51,-13,83
9876150,94,52,5,78
9876660,50,79,-1,79
9877170,60,68,9,70
9877680,26,35,-16,86
9878190,49,2,12,74
9878700,50,91,-3,77
9879210,60,78,-3,80
9879720,26,65,-3,83
9880230,36,23,-1,84
9880740,59,6,11,73
9881250,29,16,-12,85
9881760,52,101,8,77
9882270,62,90,1,76
9882780,44,79,-8,84
9883290,54,46,8,76
9883800,77,29,2,74
9884310,59,56,-15,89
9884820,82,23,20,69
9885330,64,50,-13,82
9885840,89,33,7,75
9886350,71,60,-9,84
9886860,0,43,7,77
9887370,10,40,-3,80
9887880,20,27,-5,85
9888390,80,96,8,77
9888900,46,21,-7,84
9889410,53,4,12,72
9889920,68,14,-5,77
9890430,50,1,-3,80
9890940,12,90,-4,84
9891450,22,97,2,82
9891960,32,86,0,82
9892470,42,44,1,81
9892980,65,11,7,74
9893490,47,21,-8,82
9894000,54,4,5,77
9894510,69,14,8,69
9895020,51,41,-8,77
9895530,9,8,-3,80
9896040,73,93,5,75
9896550,55,18,-2,77
9897060,80,1,4,73
9897570,62,11,0,73
9898080,44,38,-13,86
9898590,2,5,7,79
9899100,1,2,5,74
9899610,0,87,-1,75
9900120,10,76,-9,84
9900630,20,83,5,79
9901140,30,90,-6,85
9901650,40,31,0,85
9902160,63,14,11,74
9902670,45,1,-7,81
9903180,7,90,-1,82
9903690,17,58,-1,83
9904200,27,85,2,81
9904710,37,26,-3,84
9905220,60,9,8,76
9905730,30,36,-13,89
9906240,90,3,16,73
9906750,72,30,2,71
9907260,54,57,-14,85
9907770,77,24,8,77
9908280,47,51,-6,83
9908790,58,18,2,81
9909300,83,5,5,76
9909810,65,32,-5,81
9910320,90,19,5,76
9910830,72,46,-8,84
9911340,97,73,10,74
9911850,53,74,-10,84
9912360,19,41,3,81
9912870,46,8,0,81
9913380,47,97,2,79
9913890,57,84,3,76
9914400,39,9,-8,84
9914910,40,94,9,75
9915420,50,83,1,74
9915930,60,70,-1,75
9916440,26,59,-9,84
9916950,36,46,0,84
9917460,82,13,8,76
9917970,64,40,-5,81
9918480,89,23,11,70
9918990,71,50,-10,80
9919500,29,33,-1,81
9920010,89,0,6,75
9920520,71,48,-7,82
9921030,96,49,6,76
9921540,52,76,-6,82
9922050,62,43,5,77
9922560,87,26,2,75
9923070,69,53,-12,87
9923580,27,54,4,83
9924090,9,21,0,83
9924600,40,4,4,79
9925110,41,93,0,79
9925620,51,42,-9,88
9926130,74,25,9,79
9926640,56,52,1,78
9927150,70,19,6,72
9927660,52,46,-14,86
9928170,10,13,3,83
9928680,26,98,-1,84
9929190,36,87,6,78
9929700,46,45,2,76
9930210,69,12,-2,78
9930720,51,22,-4,82
9931230,58,5,9,73
9931740,28,15,-11,84
9932250,58,100,11,73
9932760,40,25,-17,90
9933270,70,8,16,74
9933780,52,35,-13,87
9934290,10,18,8,79
9934800,72,5,5,74
9935310,54,15,-5,79
9935820,79,2,9,70
9936330,61,12,-8,78
9936840,31,22,-9,87
9937350,54,5,7,80
9937860,69,94,4,76
9938370,51,19,-4,80
9938880,58,6,4,76
9939390,73,95,2,74
9939900,55,20,-5,79
9940410,80,7,10,69
9940920,62,34,-10,79
9941430,87,17,0,79
9941940,69,44,-3,82
9942450,94,27,3,79
9942960,76,54,-3,82
9943470,101,37,1,81
9943980,83,64,-1,82
9944490,12,91,0,82
9945000,22,80,-4,86
9945510,85,69,4,82
9946020,14,70,3,79
9946530,24,97,-4,83
9947040,34,86,0,83
9947550,44,73,6,77
9948060,54,40,-9,86
9948570,77,23,10,76
9949080,59,50,-9,85
9949590,82,33,6,79
9950100,38,60,0,79
9950610,61,27,0,79
9951120,86,14,3,76
9951630,68,41,-2,78
9952140,93,68,0,78
9952650,49,69,4,74
9953160,31,36,-8,82
9953670,54,3,7,75
9954180,24,13,-6,81
9954690,63,98,2,79
9955200,45,85,1,78
9955710,55,72,-3,81
9956220,21,39,-4,85
9956730,44,6,5,80
9957240,45,95,4,76
9957750,55,82,-1,77
9958260,78,7,4,73
9958770,60,34,-9,82
9959280,85,17,7,75
9959790,67,44,-5,80
9960300,92,71,2,78
9960810,48,72,-4,82
9961320,58,39,-7,89
9961830,83,22,12,77
9962340,65,49,-7,84
9962850,90,32,12,72
9963360,72,59,-11,83
9963870,97,60,9,74
9964380,53,87,-2,76
9964890,63,74,2,74
9965400,29,101,-13,87
9965910,39,90,3,84
9966420,49,66,7,77
9966930,72,33,0,77
9967440,97,60,-2,79
9967950,53,61,-7,86
9968460,76,28,11,75
9968970,101,55,0,75
9969480,57,82,-2,77
9969990,39,49,-6,83
9970500,62,16,3,80
9971010,32,3,-3,83
9971520,33,92,-1,84
9972030,43,81,4,80
9972540,53,68,2,78
9973050,19,35,-7,85
9973560,42,2,1,84
9974070,43,91,7,77
9974580,53,80,-1,78
9975090,63,47,0,78
9975600,77,30,-1,79
9976110,0,57,-2,81
9976620,10,54,6,75
9977130,20,81,-7,82
9977640,30,59,1,81
9978150,40,26,-3,84
9978660,70,9,7,77
9979170,52,36,-4,81
9979680,10,93,0,81
9980190,20,82,-3,84
9980700,30,71,0,84
9981210,40,58,0,84
9981720,63,25,10,74
9982230,88,52,-3,77
9982740,44,79,0,77
9983250,54,66,-2,79
9983760,20,33,-6,85
9984270,43,0,3,82
9984780,44,89,6,76
9985290,54,76,1,75
9985800,36,43,-9,84
9986310,59,10,3,81
9986820,74,99,4,77
9987330,56,24,-1,78
9987840,81,11,-1,79
9988350,63,38,-8,87
9988860,77,25,15,72
9989370,59,52,-7,79
9989880,73,79,-1,80
9990390,55,4,2,78
9990900,70,14,1,77
9991410,52,41,-9,86
9991920,10,24,7,79
9992430,20,11,-4,83
9992940,43,80,10,73
9993450,25,67,-11,84
9993960,35,54,3,81
9994470,58,21,6,75
9994980,83,8,2,73
9995490,65,35,-6,79
9996000,90,22,8,71
9996510,72,49,-12,83
9997020,97,32,1,82
9997530,79,59,1,81
9998040,2,60,5,76
9998550,12,18,-5,81
9999060,74,5,11,70
9999570,56,32,-13,83
10000080,81,15,12,71
10000590,63,42,-7,78
10001100,77,69,-10,88
10001610,6,96,13,75
10002120,16,85,-15,90
10002630,26,34,11,79
10003140,49,1,2,77
10003650,64,11,-2,79
10004160,46,21,-1,80
10004670,53,4,3,77
10005180,68,93,0,77
10005690,50,18,-4,81
10006200,95,45,4,77
10006710,51,72,-4,81
10007220,33,39,-4,85
10007730,56,6,7,78
10008240,71,95,0,78
10008750,53,20,-2,80
10009260,78,7,2,78
10009770,60,17,-6,84
10010280,67,4,12,72
10010790,49,14,-13,85
10011300,64,1,15,70
10011810,46,11,-14,84
10012320,53,100,8,76
10012830,35,12,-6,82
10013340,38,97,2,80
10013850,48,86,2,78
10014360,58,73,-5,83
10014870,40,40,1,82
10015380,63,7,8,74
10015890,45,17,-10,84
10016400,52,4,7,77
10016910,67,14,3,74
10017420,37,24,-12,86
10017930,60,7,13,73
10018440,42,17,-15,88
10018950,56,0,16,72
10019460,26,10,-8,80
10019970,29,79,-2,82
10020480,39,37,-1,83
10020990,62,4,8,75
10021500,44,14,-7,82
10022010,58,99,2,80
10022520,40,35,-3,83
10023030,63,2,4,79
10023540,45,12,0,79
10024050,52,101,5,74
10024560,62,90,-2,76
10025070,44,2,1,75
10025580,6,91,-10,85
10026090,16,80,7,78
10026600,26,69,-6,84
10027110,36,27,3,81
10027620,59,10,-1,82
10028130,74,37,5,77
10028640,99,64,-2,79
10029150,55,91,2,77
10029660,37,10,-6,83
10030170,40,95,9,74
10030680,5,84,-13,87
10031190,15,73,8,79
10031700,25,62,0,79
10032210,35,49,-5,84
10032720,58,16,7,77
10033230,65,26,2,75
10033740,90,53,0,75
10034250,13,80,-6,81
10034760,22,29,-1,82
10035270,45,98,4,78
10035780,55,87,2,76
10036290,37,6,-6,82
10036800,38,95,4,78
10037310,48,84,2,76
10037820,30,3,-3,79
10038330,31,88,-1,80
10038840,41,77,-3,83
10039350,51,44,0,83
10039860,74,11,11,72
10040370,56,21,-8,80
10040880,81,8,6,74
10041390,63,35,-2,76
10041900,88,22,-3,79
10042410,70,49,2,77
10042920,95,50,-2,79
10043430,18,77,-5,84
10043940,28,84,3,81
10044450,38,73,4,77
10044960,48,87,1,76
10045470,30,74,-10,86
10045980,40,61,2,84
10046490,63,28,6,78
10047000,88,15,8,70
10047510,70,42,-11,81
10048020,95,52,1,80
10048530,18,79,-4,84
10049040,28,68,6,78
10049550,38,55,-4,82
10050060,61,22,3,79
10050570,86,25,6,73
10051080,68,52,-10,83
10051590,93,53,4,79
10052100,16,80,-1,80
10052610,26,38,-8,88
10053120,49,5,12,76
10053630,64,15,3,73
10054140,46,25,-8,81
10054650,71,8,6,75
10055160,53,18,-5,80
10055670,78,5,4,76
10056180,60,15,0,76
10056690,85,25,6,70
10057200,67,52,-14,84
10057710,92,79,1,83
10058220,15,80,4,79
10058730,25,69,-4,83
10059240,35,56,-5,88
10059750,43,23,0,88
10060260,68,6,16,72
10060770,50,16,-7,79
10061280,57,101,5,74
10061790,39,29,-13,87
10062300,64,12,7,80
10062810,79,22,5,75
10063320,61,32,-5,80
10063830,86,19,3,77
10064340,68,46,-12,89
10064850,93,29,10,79
10065360,75,56,0,79
10065870,100,57,2,77
10066380,56,84,-3,80
10066890,38,98,-7,87
10067400,48,87,12,75
10067910,30,63,-4,79
10068420,40,30,-3,82
10068930,65,13,6,76
10069440,90,23,2,74
10069950,72,50,-6,80
10070460,97,51,4,76
10070970,20,78,-4,80
10071480,30,67,-1,81
10071990,40,34,5,76
10072500,65,1,5,71
10073010,35,11,-11,82
10073520,38,96,-1,83
10074030,48,54,7,76
10074540,27,21,-8,84
10075050,57,90,7,77
10075560,67,58,-11,88
10076070,92,41,2,86
10076580,15,19,11,75
10077090,77,88,-2,77
10077600,59,13,2,75
10078110,74,23,3,72
10078620,56,33,-9,81
10079130,81,16,10,71
10079640,63,43,-16,87
10080150,88,44,12,75
10080660,11,71,-7,82
10081170,21,29,-2,84
10081680,44,98,5,79
10082190,54,87,5,74
10082700,36,12,-2,76
10083210,43,97,-6,82
10083720,53,86,10,72
10084230,58,5,-2,74
10084740,73,15,3,71
10085250,55,25,-12,83
10085760,80,8,7,76
10086270,62,18,1,75
10086780,77,5,1,74
10087290,59,15,-5,79
10087800,74,2,6,73
10088310,56,12,-7,80
10088820,71,22,4,76
10089330,96,36,-3,79
10089840,19,101,-3,82
10090350,29,90,-5,87
10090860,39,41,4,83
10091370,62,8,9,74
10091880,77,18,-2,76
10092390,0,45,-2,78
10092900,10,42,-8,86
10093410,20,29,6,80
10093920,43,98,-1,81
10094430,53,74,-1,82
10094940,76,41,4,78
10095450,101,68,-5,83
10095960,24,69,6,77
10096470,34,58,-5,82
10096980,57,25,2,80
10097490,82,12,6,74
10098000,64,22,-6,80
10098510,89,25,5,75
10099020,71,52,-3,78
10099530,96,53,1,77
10100040,19,80,-4,81
10100550,29,38,2,79
10101060,52,5,-1,80
10101570,67,15,6,74
10102080,92,25,1,73
10102590,74,52,-7,80
10103100,99,53,1,79
10103610,22,80,-2,81
10104120,32,69,-2,83
10104630,42,36,2,81
10105140,65,3,7,74
10105650,80,13,-1,75
10106160,95,23,-4,79
10106670,77,50,-1,80
10107180,0,51,7,73
10107690,10,48,-5,78
10108200,20,37,-6,84
10108710,50,4,1,83
10109220,65,93,7,76
10109730,47,18,-5,81
10110240,62,1,3,78
10110750,77,11,3,75
10111260,59,21,1,74
10111770,84,24,-2,76
10112280,66,51,-5,81
10112790,91,52,5,76
10113300,14,79,-3,79
10113810,24,68,-4,83
10114320,34,26,-4,87
10114830,64,9,13,74
10115340,46,19,-5,79
10115850,71,2,3,76
10116360,86,12,2,74
10116870,68,22,-4,78
10117380,93,83,3,75
10117890,59,84,-5,80
10118400,41,3,0,80
10118910,3,92,-6,86
10119420,13,81,6,80
10119930,23,70,1,79
10120440,33,28,-3,82
10120950,63,11,4,78
10121460,78,21,1,77
10121970,60,31,1,76
10122480,85,34,3,73
10122990,67,61,-10,83
10123500,98,44,3,80
10124010,54,71,-1,81
10124520,4,7,4,77
10125030,68,13,-1,78
10125540,50,23,-7,85
10126050,53,6,6,79
10126560,68,95,1,78
10127070,50,30,-6,84
10127580,8,13,1,83
10128090,72,98,9,74
10128600,54,33,-9,83
10129110,12,16,6,77
10129620,76,3,5,72
10130130,58,13,-5,77
10130640,73,23,3,74
10131150,88,33,0,74
10131660,70,47,-9,83
10132170,95,51,6,77
10132680,51,65,-3,80
10133190,1,32,-2,82
10133700,11,29,5,77
10134210,21,16,1,76
10134720,51,101,-6,82
10135230,61,77,3,79
10135740,24,13,-8,87
10136250,27,82,7,80
10136760,37,71,-1,81
10137270,47,38,2,79
10137780,77,5,6,73
10138290,59,15,-5,78
10138800,74,25,5,73
10139310,99,39,-7,80
10139820,81,66,-2,82
10140330,4,67,1,81
10140840,14,25,-2,83
10141350,78,12,12,71
10141860,60,22,-6,77
10142370,85,25,6,71
10142880,67,52,-10,81
10143390,98,53,1,80
10143900,54,54,-2,82
10144410,77,82,3,79
10144920,43,7,-3,82
10145430,58,92,5,77
10145940,40,28,-3,80
10146450,100,11,1,79
10146960,82,21,5,74
10147470,64,31,2,72
10147980,89,34,-1,73
10148490,71,48,-4,77
10149000,96,52,-3,80
10149510,52,79,4,76
10150020,34,46,-6,82
10150530,86,13,5,77
10151040,68,23,2,75
10151550,83,33,2,73
10152060,6,47,-4,77
10152570,16,38,0,77
10153080,26,25,-10,87
10153590,86,8,14,73
10154100,68,18,-2,75
10154610,83,28,3,72
10155120,6,55,-10,82
10155630,16,52,2,80
10156140,26,43,-5,85
10156650,56,10,4,81
10157160,71,20,12,69
10157670,53,30,-13,82
10158180,56,17,0,82
10158690,63,20,5,77
10159200,88,30,1,76
10159710,11,44,-2,78
10160220,21,35,-4,82
10160730,51,2,4,78
10161240,66,12,1,77
10161750,81,22,2,75
10162260,63,32,2,73
10162770,88,35,-1,74
10163280,44,62,-3,77
10163790,61,29,-5,82
10164300,86,32,4,78
10164810,42,46,-10,88
10165320,65,13,12,76
10165830,80,23,2,74
10166340,3,33,-5,79
10166850,13,30,1,78
10167360,23,17,-5,83
10167870,53,86,7,76
10168380,63,5,2,74
10168890,78,15,2,72
10169400,60,25,-6,78
10169910,85,29,0,78
10170420,67,43,-7,85
10170930,92,26,11,74
10171440,74,53,-3,77
10171950,99,54,-4,81
10172460,55,68,-3,84
10172970,5,35,5,79
10173480,15,32,-3,82
10173990,79,101,6,76
10174500,42,37,-7,83
10175010,45,4,2,81
10175520,60,23,4,77
10176030,85,27,0,77
10176540,41,54,-2,79
10177050,93,21,5,74
10177560,75,48,-4,78
10178070,100,75,2,76
10178580,56,76,-11,87
10179090,6,43,10,77
10179600,16,34,-3,80
10180110,26,1,1,79
10180620,29,86,0,79
10181130,39,75,-5,84
10181640,49,42,5,79
10182150,7,25,-3,82
10182660,17,22,-2,84
10183170,79,91,12,72
10183680,29,73,-13,85
10184190,39,49,4,81
10184700,91,16,3,78
10185210,14,26,-4,82
10185720,76,9,11,71
10186230,58,19,-6,77
10186740,83,29,5,72
10187250,39,63,-8,80
10187760,49,30,2,78
10188270,74,13,5,73
10188780,99,23,-6,79
10189290,22,50,1,78
10189800,86,17,1,77
10190310,68,27,-3,80
10190820,93,30,3,77
10191330,49,57,-5,82
10191840,66,24,2,80
10192350,91,34,1,79
10192860,14,48,-1,80
10193370,24,39,-1,81
10193880,34,6,-1,82
10194390,35,91,3,79
10194900,45,80,2,77
10195410,55,47,-6,83
10195920,80,14,8,75
10196430,3,24,-2,77
10196940,13,21,0,77
10197450,77,4,1,76
10197960,59,14,-7,83
10198470,66,24,8,75
10198980,91,34,-4,79
10199490,14,61,0,79
10200000,24,50,-5,84
10200510,34,17,-3,87
10201020,37,0,10,77
10201530,38,49,-9,86
10202040,61,16,11,75
10202550,68,26,-2,77
10203060,93,29,3,74
10203570,75,56,-16,90
10204080,100,39,9,81
10204590,23,66,-1,82
10205100,33,24,1,81
10205610,63,7,0,81
10206120,78,17,7,74
10206630,1,27,-2,76
10207140,11,24,-2,78
10207650,75,11,3,75
10208160,100,21,-9,84
10208670,82,48,2,82
10209180,5,58,3,79
10209690,15,55,3,76
10210200,25,44,-5,81
10210710,35,11,-8,89
10211220,38,96,12,77
10211730,48,85,1,76
10212240,58,4,1,75
10212750,73,14,6,69
10213260,55,24,-13,82
10213770,80,7,3,79
10214280,50,17,1,78
10214790,75,0,2,76
10215300,45,19,-5,81
10215810,70,2,2,79
10216320,40,12,-7,86
10216830,43,97,12,74
10217340,53,86,-1,75
10217850,63,53,0,75
10218360,7,36,-6,81
10218870,17,33,4,77
10219380,26,0,-5,82
10219890,29,85,7,75
10220400,39,74,-2,77
10220910,49,41,-3,80
10221420,7,8,-4,84
10221930,71,14,10,74
10222440,96,24,1,73
10222950,72,51,-10,83
10223460,1,55,8,75
10223970,11,52,-4,79
10224480,21,41,1,78
10224990,31,8,-5,83
10225500,34,93,1,82
10226010,44,82,-1,83
10226520,54,49,-3,86
10227030,12,16,12,74
10227540,74,85,-2,76
10228050,40,74,-1,77
10228560,50,41,-9,86
10229070,78,24,13,73
10229580,60,38,-12,85
10230090,85,21,11,74
10230600,61,48,-6,80
10231110,86,49,-1,81
10231620,9,63,5,76
10232130,19,70,1,75
10232640,29,59,-4,79
10233150,39,26,-4,83
10233660,67,9,5,78
10234170,82,19,9,69
10234680,5,46,-11,80
10235190,15,43,-2,82
10235700,25,30,4,78
10236210,48,99,0,78
10236720,6,88,0,78
10237230,16,77,-1,79
10237740,26,66,-3,82
10238250,36,33,0,82
10238760,59,0,4,78
10239270,29,19,-11,89
10239780,32,88,10,79
10240290,42,77,3,76
10240800,52,44,-9,85
10241310,80,27,9,76
10241820,3,41,-6,82
10242330,13,38,-1,83
10242840,77,25,8,75
10243350,0,39,-1,76
10243860,10,36,-3,79
10244370,61,23,0,79
10244880,86,26,4,75
10245390,9,53,-7,82
10245900,19,50,-1,83
10246410,29,37,1,82
10246920,89,4,13,69
10247430,71,14,-10,79
10247940,86,41,1,78
10248450,9,68,1,77
10248960,19,75,-6,83
10249470,29,82,4,79
10249980,39,71,2,77
10250490,49,38,-1,78
10251000,77,21,11,67
10251510,59,48,-15,82
10252020,87,15,7,75
10252530,69,42,-6,81
10253040,94,56,-1,82
10253550,17,83,-2,84
10254060,27,72,4,80
10254570,37,48,-1,81
10255080,60,15,3,78
10255590,75,25,1,77
10256100,100,52,2,75
10256610,66,79,-4,79
10257120,16,46,-9,88
10257630,26,33,11,77
10258140,49,0,3,74
10258650,64,19,2,72
10259160,79,29,-2,74
10259670,2,56,-7,81
10260180,12,53,3,78
10260690,22,11,-5,83
10261200,25,80,1,82
10261710,35,69,0,82
10262220,2,36,1,81
10262730,12,33,2,79
10263240,81,20,3,76
10263750,4,47,-2,78
10264260,14,44,2,76
10264770,24,31,-7,83
10265280,84,100,3,80
10265790,50,89,3,77
10266300,55,8,1,76
10266810,70,18,1,75
10267320,95,28,-2,77
10267830,77,55,-4,81
10268340,8,59,2,79
10268850,18,56,-6,85
10269360,28,47,5,80
10269870,51,14,0,80
10270380,66,17,5,75
10270890,81,27,-2,77
10271400,4,54,-4,81
10271910,14,51,-4,85
10272420,24,42,4,81
10272930,47,9,-1,82
10273440,62,28,0,82
10273950,87,31,7,75
10274460,69,58,-9,84
10274970,97,41,12,72
10275480,79,68,-5,77
10275990,8,69,-1,78
10276500,18,76,0,78
10277010,28,65,-3,81
10277520,38,32,-1,82
10278030,66,101,10,72
10278540,71,20,-1,73
10279050,86,58,-11,84
10279560,9,59,6,78
10280070,19,17,-3,81
10280580,47,0,11,70
10281090,62,19,0,70
10281600,67,22,-9,79
10282110,82,25,6,73
10282620,64,52,-12,85
10283130,92,56,5,80
10283640,15,57,-1,81
10284150,25,15,-4,85
10284660,88,84,3,82
10285170,17,9,-1,83
10285680,79,94,8,75
10286190,42,19,-4,79
10286700,45,2,6,73
10287210,60,21,-7,80
10287720,65,24,11,69
10288230,70,38,-9,78
10288740,95,41,-3,81
10289250,32,68,-1,82
10289760,42,35,0,82
10290270,70,2,12,70
10290780,52,21,-15,85
10291290,55,24,4,81
10291800,60,27,5,76
10292310,85,30,-3,79
10292820,67,57,-2,81
10293330,95,58,1,80
10293840,18,85,0,80
10294350,28,74,4,76
10294860,38,79,-1,77
10295370,48,46,-4,81
10295880,76,13,7,74
10296390,58,40,-10,84
10296900,86,23,8,76
10297410,68,50,-9,85
10297920,26,54,-1,86
10298430,36,21,2,84
10298940,64,90,6,78
10299450,69,15,3,75
10299960,84,57,-3,78
10300470,13,58,-4,82
10300980,23,16,0,82
10301490,51,85,5,77
10302000,56,4,0,77
10302510,26,23,-5,82
10303020,49,92,9,73
10303530,54,59,-10,83
10304040,77,26,16,67
10304550,59,53,-15,82
10305060,9,20,3,79
10305570,71,26,12,67
10306080,76,53,-14,81
10306590,101,54,1,80
10307100,24,81,-4,84
10307610,34,88,10,74
10308120,44,77,-8,82
10308630,49,44,4,78
10309140,77,11,5,73
10309650,59,38,-10,83
10310160,87,21,14,69
10310670,69,48,-11,80
10311180,100,52,1,79
10311690,23,79,-3,82
10312200,33,68,7,75
10312710,43,35,1,74
10313220,71,2,3,71
10313730,53,21,-9,80
10314240,58,24,-7,87
10314750,83,28,12,75
10315260,65,55,-4,79
10315770,93,38,1,78
10316280,75,65,2,76
10316790,4,66,-4,80
10317300,14,24,-3,83
10317810,95,7,4,79
10318320,77,17,12,67
10318830,59,44,-18,85
10319340,87,27,9,76
10319850,69,54,-11,87
10320360,97,55,6,81
10320870,53,56,-6,87
10321380,76,23,11,76
10321890,58,37,-4,80
10322400,86,40,5,75
10322910,68,54,-5,80
10323420,26,55,-2,82
10323930,36,22,-3,85
10324440,64,91,13,72
10324950,69,10,-2,74
10325460,84,20,0,74
10325970,66,47,-4,78
10326480,91,48,0,78
10326990,14,75,-2,80
10327500,24,64,8,72
10328010,34,69,-4,76
10328520,44,36,-1,77
10329030,72,3,4,73
10329540,54,22,-11,84
10330050,59,26,4,80
10330560,84,29,6,74
10331070,66,56,-13,87
10331580,24,57,6,81
10332090,34,24,-4,85
10332600,62,93,7,78
10333110,67,12,0,78
10333620,82,22,5,73
10334130,64,36,-9,82
10334640,89,55,4,78
10335150,45,56,-2,80
10335660,97,23,3,77
10336170,79,50,-6,83
10336680,2,51,7,76
10337190,12,9,-1,77
10337700,76,78,0,77
10338210,42,45,0,77
10338720,65,12,2,75
10339230,80,50,-2,77
10339740,9,51,0,77
10340250,19,9,-4,81
10340760,81,78,4,77
10341270,10,79,-6,83
10341780,20,86,3,80
10342290,30,75,3,77
10342800,40,51,-10,87
10343310,63,18,15,72
10343820,78,21,1,71
10344330,60,35,-11,82
10344840,85,54,4,78
10345350,14,55,-4,82
10345860,24,13,5,77
10346370,27,82,-10,87
10346880,37,40,5,82
10347390,60,7,11,71
10347900,75,17,1,70
10348410,57,27,-11,81
10348920,62,10,6,75
10349430,77,48,-3,78
10349940,0,49,-5,83
10350450,10,50,7,76
10350960,20,39,-7,83
10351470,28,6,1,82
10351980,31,91,2,80
10352490,36,49,-4,84
10353000,2,16,8,76
10353510,12,13,-9,85
10354020,40,82,7,78
10354530,45,49,-5,83
10355040,68,16,6,77
10355550,50,26,-13,90
10356060,53,9,10,80
10356570,68,28,4,76
10357080,93,31,1,75
10357590,75,58,-8,83
10358100,33,59,2,81
10358610,38,26,-2,83
10359120,66,95,6,77
10359630,71,14,1,76
10360140,86,52,-1,77
10360650,9,53,-1,78
10361160,19,11,-7,85
10361670,47,80,12,73
10362180,52,101,-5,78
10362690,57,68,2,76
10363200,62,35,-8,84
10363710,87,18,5,79
10364220,0,3,2,77
10364730,74,16,8,69
10365240,56,26,-12,81
10365750,81,29,9,72
10366260,63,30,-9,81
10366770,88,33,5,76
10367280,70,60,-1,77
10367790,95,61,0,77
10368300,18,62,-1,78
10368810,28,67,3,75
10369320,38,34,-5,80
10369830,66,1,8,72
10370340,48,20,-9,81
10370850,53,3,5,76
10371360,68,22,1,75
10371870,83,25,2,73
10372380,65,52,-9,82
10372890,90,35,7,75
10373400,72,62,-6,81
10373910,97,63,2,79
10374420,20,64,4,75
10374930,30,69,-8,83
10375440,40,36,1,82
10375950,68,3,8,74
10376460,38,22,-3,77
10376970,41,5,-7,84
10377480,44,24,3,81
10377990,72,7,7,74
10378500,87,26,2,72
10379010,69,53,-6,78
10379520,27,54,-5,83
10380030,37,21,2,81
10380540,65,4,7,74
10381050,80,23,-2,76
10381560,95,37,1,75
10382070,77,64,-6,81
10382580,35,65,1,80
10383090,40,32,0,80
10383600,68,101,8,72
10384110,73,20,-5,77
10384620,88,30,0,77
10385130,11,57,-4,81
10385640,21,15,3,78
10386150,49,84,7,71
10386660,54,3,-3,74
10387170,69,22,-3,77
10387680,84,25,6,71
10388190,66,52,-7,78
10388700,94,53,4,74
10389210,50,54,-7,81
10389720,73,21,3,78
10390230,88,31,2,76
10390740,70,45,-3,79
10391250,95,64,-1,80
10391760,24,65,2,78
10392270,34,32,-4,82
10392780,62,101,8,74
10393290,67,20,-2,76
10393800,82,34,1,75
10394310,5,48,-9,84
10394820,15,39,4,80
10395330,24,6,-2,82
10395840,27,91,4,78
10396350,37,80,1,77
10396860,47,85,-1,78
10397370,52,52,-7,85
10397880,75,19,12,73
10398390,57,29,-8,81
10398900,82,12,7,74
10399410,64,39,-7,81
10399920,89,58,-6,87
10400430,18,59,5,82
10400940,28,17,3,79
10401450,96,86,-5,84
10401960,25,87,1,83
10402470,35,76,4,79
10402980,45,43,1,78
10403490,68,10,-2,80
10404000,83,20,5,75
10404510,6,47,-3,78
10405020,16,38,-6,84
10405530,25,86,1,83
10406040,35,75,-3,86
10406550,45,42,6,80
10407060,68,9,4,76
10407570,83,47,3,73
10408080,6,61,-7,80
10408590,16,68,-4,84
10409100,26,26,2,82
10409610,54,95,4,78
10410120,59,14,-2,80
10410630,74,39,6,74
10411140,99,42,-3,77
10411650,22,69,-5,82
10412160,32,74,-5,87
10412670,57,41,6,81
10413180,85,24,8,73
10413690,67,38,-4,77
10414200,92,57,-3,80
10414710,15,58,3,77
10415220,25,6,-5,82
10415730,28,91,6,76
10416240,38,80,-7,83
10416750,48,47,1,82
10417260,71,14,6,76
10417770,86,24,6,70
10418280,68,38,-15,85
10418790,93,41,4,81
10419300,16,68,5,76
10419810,26,73,-7,83
10420320,36,40,-3,86
10420830,59,7,14,72
10421340,74,26,-6,78
10421850,89,29,6,72
10422360,71,56,-10,82
10422870,96,57,2,80
10423380,52,58,-10,90
10423890,75,25,19,71
10424400,90,39,-10,81
10424910,13,42,3,78
10425420,23,9,2,76
10425930,26,94,-2,78
10426440,36,83,0,78
10426950,46,72,-1,79
10427460,51,39,0,79
10427970,79,22,1,78
10428480,94,25,-1,79
10428990,76,52,-14,93
10429500,2,71,13,80
10430010,12,78,0,80
10430520,22,85,-4,84
10431030,32,83,6,78
10431540,42,72,1,77
10432050,47,39,-10,87
10432560,75,22,16,71
10433070,90,36,-6,77
10433580,72,63,-5,82
10434090,30,46,0,82
10434600,53,13,-1,83
10435110,68,16,8,75
10435620,83,63,-6,81
10436130,12,64,2,79
10436640,22,22,-7,86
10437150,45,91,10,76
10437660,50,96,2,74
10438170,55,63,-18,92
10438680,5,30,14,78
10439190,4,21,-4,82
10439700,3,18,-3,85
10440210,13,15,1,84
10440720,41,100,2,82
10441230,51,89,11,71
10441740,56,8,-9,80
10442250,71,11,0,80
10442760,86,21,5,75
10443270,68,48,-6,81
10443780,96,52,1,80
10444290,71,53,2,78
10444800,0,54,1,77
10445310,10,51,-6,83
10445820,20,42,2,81
10446330,29,9,-5,86
10446840,32,94,6,80
10447350,42,83,9,71
10447860,47,50,-11,82
10448370,70,17,7,75
10448880,52,27,-11,86
10449390,55,10,10,76
10449900,70,13,-2,78
10450410,85,51,-1,79
10450920,14,52,3,76
10451430,24,43,-2,78
10451940,47,10,-7,85
10452450,48,16,4,81
10452960,63,22,6,75
10453470,78,25,2,73
10453980,93,39,-3,76
10454490,75,66,-7,83
10455000,33,67,3,80
10455510,43,34,-5,85
10456020,71,17,9,76
10456530,86,27,3,73
10457040,68,41,-12,85
10457550,93,44,3,82
10458060,16,58,7,75
10458570,26,63,-8,83
10459080,36,30,4,79
10459590,59,99,9,70
10460100,64,18,-13,83
10460610,79,21,12,71
10461120,61,35,-15,86
10461630,89,38,12,74
10462140,12,52,-2,76
10462650,22,43,-9,85
10463160,45,10,2,83
10463670,46,16,3,80
10464180,71,101,5,75
10464690,76,20,2,73
10465200,58,34,-4,77
10465710,83,17,9,68
10466220,65,44,-18,86
10466730,93,63,7,79
10467240,22,64,-3,82
10467750,32,22,1,81
10468260,60,91,3,78
10468770,65,58,-6,84
10469280,90,25,12,72
10469790,72,52,-12,84
10470300,97,56,2,82
10470810,20,57,-4,86
10471320,30,5,-2,88
10471830,45,90,15,73
10472340,50,95,-2,75
10472850,55,14,-1,76
10473360,70,17,-5,81
10473870,85,20,7,74
10474380,67,47,-9,83
10474890,81,51,4,79
10475400,4,52,7,72
10475910,14,43,-5,77
10476420,24,34,-1,78
10476930,47,1,2,76
10477440,69,20,-1,77
10477950,84,23,3,74
10478460,7,37,-6,80
10478970,17,28,0,80
10479480,79,97,4,76
10479990,42,86,-4,80
10480500,52,53,-2,82
10481010,75,20,6,76
10481520,100,23,-5,81
10482030,82,50,-1,82
10482540,5,51,1,81
10483050,15,48,3,78
10483560,25,98,-5,83
10484070,36,87,3,80
10484580,46,76,4,76
10485090,51,43,-9,85
10485600,79,26,3,82
10486110,61,40,2,80
10486620,86,59,8,72
10487130,9,60,-4,76
10487640,19,49,-10,86
10488150,29,16,0,86
10488660,57,85,6,80
10489170,62,52,-3,83
10489680,87,53,2,81
10490190,10,54,0,81
10490700,20,12,2,79
10491210,80,81,3,76
10491720,46,82,2,74
10492230,51,49,1,73
10492740,76,16,0,73
10493250,91,30,-3,76
10493760,73,57,1,75
10494270,98,58,-6,81
10494780,21,99,-2,83
10495290,31,88,3,80
10495800,41,77,0,80
10496310,46,44,-5,85
10496820,71,11,4,81
10497330,86,21,12,69
10497840,68,48,-15,84
10498350,93,52,4,80
10498860,16,53,1,79
10499370,26,44,-6,85
10499880,54,11,8,77
10500390,69,14,5,72
10500900,94,28,-2,74
10501410,17,55,-9,83
10501920,27,3,-4,87
10502430,28,28,8,79
10502940,56,97,8,71
10503450,61,16,-11,82
10503960,86,19,5,77
10504470,68,46,-11,88
10504980,93,47,9,79
10505490,16,74,7,72
10506000,26,63,-9,81
10506510,36,30,-2,83
10507020,61,13,8,75
10507530,86,16,3,72
10508040,9,26,-11,83
10508550,71,32,3,80
10509060,96,46,0,80
10509570,19,60,3,77
10510080,29,8,-8,85
10510590,32,14,0,85
10511100,35,99,2,83
10511610,40,57,-4,87
10512120,57,24,7,80
10512630,82,28,6,74
10513140,5,42,-5,79
10513650,15,33,0,79
10514160,24,0,0,79
10514670,27,25,1,78
10515180,87,94,-4,82
10515690,53,29,3,79
10516200,78,32,6,73
10516710,1,46,-5,78
10517220,11,43,-4,82
10517730,40,34,-1,83
10518240,65,17,9,74
10518750,90,55,-7,81
10519260,13,56,6,75
10519770,23,4,-6,81
10520280,26,89,-3,84
10520790,36,64,3,81
10521300,41,31,-3,84
10521810,66,100,14,70
10522320,71,19,-7,77
10522830,96,33,4,73
10523340,78,60,-7,80
10523850,1,61,-7,87
10524360,11,58,7,80
10524870,21,6,1,79
10525380,24,12,-1,80
10525890,27,81,-3,83
10526400,37,39,2,81
10526910,60,6,4,77
10527420,75,44,-7,84
10527930,100,63,1,83
10528440,23,64,2,81
10528950,33,23,0,81
10529460,58,92,5,76
10529970,63,43,-1,77
10530480,88,44,9,68
10530990,44,58,-14,82
10531500,61,25,10,72
10532010,86,28,-2,74
10532520,68,42,-8,82
10533030,93,61,2,80
10533540,16,62,2,78
10534050,26,10,-7,85
10534560,29,16,1,84
10535070,57,85,2,82
10535580,62,4,2,80
10536090,77,23,0,80
10536600,0,37,2,78
10537110,10,28,-3,81
10537620,74,34,4,77
10538130,99,48,-5,82
10538640,22,62,4,78
10539150,32,21,1,77
10539660,35,4,-1,78
10540170,36,29,-4,82
10540680,61,98,0,82
10541190,66,17,7,75
10541700,81,55,-9,84
10542210,4,56,0,84
10542720,14,69,2,82
10543230,24,27,3,79
10543740,54,96,3,76
10544250,59,15,1,75
10544760,74,18,4,71
10545270,56,32,-6,77
10545780,81,35,2,75
10546290,4,72,-4,79
10546800,14,30,-4,83
10547310,78,36,10,73
10547820,83,50,-4,77
10548330,6,51,1,76
10548840,16,42,-5,81
10549350,26,9,-7,88
10549860,29,15,4,84
10550370,32,100,5,79
10550880,37,12,-2,81
10551390,40,18,-2,83
10551900,43,24,-4,87
10552410,71,7,17,70
10552920,86,26,-3,73
10553430,68,40,-4,77
10553940,93,43,1,76
10554450,16,70,-2,78
10554960,26,45,-3,81
10555470,35,12,-6,87
10555980,38,18,2,85
10556490,41,24,-3,88
10557000,69,7,12,76
10557510,84,26,6,70
10558020,66,40,-14,84
10558530,91,44,11,73
10559040,14,71,-7,80
10559550,24,29,1,79
10560060,54,98,6,73
10560570,59,17,-7,80
10561080,74,20,13,67
10561590,56,34,-14,81
10562100,14,38,6,75
10562610,24,47,-7,82
10563120,34,14,2,80
10563630,37,20,7,73
10564140,40,3,-3,76
10564650,41,28,-8,84
10565160,44,11,2,82
10565670,45,17,-4,86
10566180,60,23,12,74
10566690,85,26,-3,77
10567200,67,40,-3,80
10567710,92,44,2,78
10568220,74,58,-10,88
10568730,32,62,5,83
10569240,42,29,4,79
10569750,45,48,0,79
10570260,68,15,5,74
10570770,83,53,-3,77
10571280,6,54,-2,79
10571790,16,12,1,78
10572300,76,97,1,77
10572810,39,32,-10,87
10573320,67,15,14,73
10573830,82,29,-3,76
10574340,64,43,-11,87
10574850,89,47,10,77
10575360,45,61,-3,80
10575870,11,28,1,79
10576380,75,34,2,77
10576890,100,37,0,77
10577400,82,51,-6,83
10577910,5,52,5,78
10578420,15,43,-6,84
10578930,25,93,4,80
10579440,35,68,-4,84
10579950,45,35,6,78
10580460,3,47,-3,81
10580970,13,38,-3,84
10581480,23,29,1,83
10581990,83,98,2,81
10582500,46,33,-2,83
10583010,74,37,3,80
10583520,99,51,0,80
10584030,55,65,0,80
10584540,60,32,-1,81
10585050,85,36,6,75
10585560,8,50,-5,80
10586070,18,41,-4,84
10586580,19,8,12,72
10587090,22,93,-9,81
10587600,32,68,1,80
10588110,42,35,4,76
10588620,45,2,-4,80
10589130,46,21,-5,85
10589640,49,4,5,80
10590150,64,29,7,73
10590660,89,43,0,73
10591170,12,70,-7,80
10591680,22,28,1,79
10592190,82,97,2,77
10592700,45,32,-6,83
10593210,48,15,2,81
10593720,63,21,6,75
10594230,78,24,2,73
10594740,93,38,-5,78
10595250,75,65,-3,81
10595760,33,66,5,76
10596270,43,33,9,67
10596780,46,47,-16,83
10597290,69,14,1,82
10597800,84,52,7,75
10598310,13,53,1,74
10598820,23,12,-7,81
10599330,26,97,-2,83
10599840,36,9,1,82
10600350,37,34,1,81
10600860,65,1,8,73
10601370,80,20,2,71
10601880,95,34,-10,81
10602390,77,61,-7,88
10602900,35,62,7,81
10603410,40,29,-5,86
10603920,100,12,11,75
10604430,82,50,-3,78
10604940,11,51,0,78
10605450,21,78,-6,84
10605960,31,29,1,83
10606470,59,98,13,70
10606980,64,17,-6,76
10607490,79,55,-9,85
10608000,2,56,8,77
10608510,12,4,-4,81
10609020,76,43,4,77
10609530,101,57,-3,80
10610040,57,58,-3,83
10610550,74,25,4,79
10611060,89,63,0,79
10611570,18,64,-2,81
10612080,28,91,-3,84
10612590,38,42,7,77
10613100,90,9,0,77
10613610,3,47,-3,80
10614120,13,38,-3,83
10614630,23,88,3,80
10615140,33,63,1,79
10615650,43,30,-8,87
10616160,46,13,11,76
10616670,47,16,3,73
10617180,62,19,-4,77
10617690,77,57,-10,87
10618200,0,58,7,80
10618710,10,6,0,80
10619220,74,91,4,76
10619730,37,16,-9,85
10620240,40,101,3,82
10620750,50,60,-3,85
10621260,73,27,0,85
10621770,98,41,8,77
10622280,80,68,0,77
10622790,9,69,-3,80
10623300,19,96,-2,82
10623810,29,21,-1,83
10624320,57,90,9,74
10624830,62,9,-1,75
10625340,77,47,-2,77
10625850,6,48,-2,79
10626360,16,98,-6,85
10626870,26,23,4,81
10627380,54,92,6,75
10627890,59,11,-3,78
10628400,74,49,-5,83
10628910,3,68,1,82
10629420,13,13,4,78
10629930,73,98,-1,79
10630440,78,34,4,75
10630950,1,48,0,75
10631460,11,61,-7,82
10631970,21,88,0,82
10632480,31,23,-4,86
10632990,59,92,12,74
10633500,64,11,-8,82
10634010,79,49,2,80
10634520,8,50,6,74
10635030,18,77,-8,82
10635540,28,35,3,79
10636050,80,2,-2,81
10636560,62,40,2,79
10637070,76,59,-2,81
10637580,34,60,2,79
10638090,44,85,4,75
10638600,54,4,-4,79
10639110,55,42,4,75
10639620,35,46,-9,84
10640130,87,13,3,81
10640640,69,23,6,75
10641150,84,61,-10,85
10641660,13,62,7,78
10642170,23,89,-4,82
10642680,33,24,-1,83
10643190,93,93,16,67
10643700,56,28,-17,84
10644210,84,47,10,74
10644720,89,61,1,73
10645230,18,62,-5,78
10645740,28,20,2,76
10646250,88,89,5,71
10646760,54,14,-9,80
10647270,55,52,1,79
10647780,83,19,6,73
10648290,98,57,-5,78
10648800,54,58,-3,81
10649310,4,25,4,77
10649820,14,22,1,76
10650330,66,91,5,71
10650840,29,27,-15,86
10651350,57,96,7,79
10651860,62,32,1,78
10652370,20,51,-5,83
10652880,30,18,6,77
10653390,90,1,-1,78
10653900,72,20,4,74
10654410,87,34,-3,77
10654920,66,48,-9,86
10655430,24,49,13,73
10655940,34,16,-10,83
10656450,37,101,2,81
10656960,47,13,1,80
10657470,48,32,4,76
10657980,6,51,-7,83
10658490,16,64,4,79
10659000,26,26,-2,81
10659510,56,95,7,74
10660020,61,14,-1,75
10660530,76,52,-9,84
10661040,5,56,3,81
10661550,15,14,5,76
10662060,80,83,1,75
10662570,46,18,-10,85
10663080,49,37,-1,86
10663590,77,20,10,76
10664100,59,58,-10,86
10664610,17,25,10,76
10665120,69,94,0,76
10665630,32,19,-13,89
10666140,35,88,9,80
10666650,45,46,1,79
10667160,68,13,-1,80
10667670,83,51,6,74
10668180,12,52,0,74
10668690,22,0,-3,77
10669200,25,25,-10,87
10669710,85,94,11,76
10670220,48,30,-5,81
10670730,6,49,3,78
10671240,16,76,0,78
10671750,26,1,-3,81
10672260,27,26,2,79
10672770,87,95,7,72
10673280,50,30,-8,80
10673790,8,49,0,80
10674300,18,76,4,76
10674810,28,51,-2,78
10675320,37,18,-9,87
10675830,40,37,5,82
10676340,100,4,4,78
10676850,82,42,5,73
10677360,38,56,-7,80
10677870,90,23,2,78
10678380,72,37,1,77
10678890,30,40,-5,82
10679400,82,7,1,81
10679910,97,45,4,77
10680420,53,59,-8,85
10680930,3,26,7,78
10681440,13,23,-5,83
10681950,0,92,1,82
10682460,10,17,-2,84
10682970,70,23,9,75
10683480,85,61,-1,76
10683990,14,62,-8,84
10684500,24,20,6,78
10685010,84,89,4,74
10685520,50,24,-12,86
10686030,53,43,5,81
10686540,11,10,-1,82
10687050,71,49,1,81
10687560,29,50,-1,82
10688070,59,17,3,79
10688580,74,55,-4,83
10689090,32,56,1,82
10689600,41,23,-1,83
10690110,44,6,5,78
10690620,45,25,-9,87
10691130,3,8,3,84
10691640,55,47,4,80
10692150,13,14,4,76
10692660,73,83,-2,78
10693170,23,18,-2,80
10693680,51,87,-2,82
10694190,61,6,9,73
10694700,76,16,0,73
10695210,91,54,-2,75
10695720,47,55,-7,82
10696230,64,22,7,75
10696740,79,60,-4,79
10697250,8,61,-1,80
10697760,18,19,-5,85
10698270,46,88,12,73
10698780,56,7,-6,79
10699290,57,45,-8,87
10699800,85,64,10,77
10700310,14,65,-6,83
10700820,24,23,2,81
10701330,52,92,5,76
10701840,62,11,1,75
10702350,77,49,-3,78
10702860,6,59,0,78
10703370,16,86,-6,84
10703880,26,44,2,82
10704390,56,11,7,75
10704900,71,49,-7,82
10705410,29,53,3,79
10705920,18,20,-11,90
10706430,78,89,16,74
10706940,41,24,-13,87
10707450,69,7,16,71
10707960,84,17,-3,74
10708470,66,55,-5,79
10708980,24,56,-3,82
10709490,34,23,-2,84
10710000,62,92,12,72
10710510,25,11,-12,84
10711020,28,80,5,79
10711530,38,94,1,78
10712040,48,52,0,78
10712550,65,19,-3,81
10713060,80,57,0,81
10713570,9,58,1,80
10714080,19,16,1,79
10714590,79,85,2,77
10715100,42,20,2,75
10715610,0,39,-1,76
10716120,10,30,-2,78
10716630,86,17,4,74
10717140,68,27,-3,77
10717650,73,46,2,75
10718160,2,47,-3,78
10718670,12,97,-3,81
10719180,22,86,2,79
10719690,32,100,-6,85
10720200,42,35,2,83
10720710,70,2,9,74
10721220,52,21,-10,84
10721730,10,40,1,83
10722240,20,31,-4,87
10722750,50,100,11,76
10723260,55,19,-2,78
10723770,70,38,0,78
10724280,84,52,-1,79
10724790,40,53,0,79
10725300,92,20,3,76
10725810,74,34,-5,81
10726320,88,44,9,72
10726830,44,58,-9,81
10727340,61,25,5,76
10727850,75,29,-2,78
10728360,90,43,4,74
10728870,46,57,-8,82
10729380,69,24,8,74
10729890,84,38,2,72
10730400,40,65,-4,76
10730910,50,32,0,76
10731420,8,51,-4,80
10731930,18,101,1,79
10732440,28,17,-4,83
10732950,31,86,2,81
10733460,41,44,5,76
10733970,101,11,-5,81
10734480,83,21,11,70
10734990,65,35,-6,76
10735500,79,49,0,76
10736010,8,50,1,75
10736520,18,8,-7,82
10737030,21,77,0,82
10737540,31,12,-3,85
10738050,34,97,2,83
10738560,44,32,1,82
10739070,2,15,3,79
10739580,34,12,-7,86
10740090,55,97,11,75
10740600,60,16,2,73
10741110,75,26,-2,75
10741620,90,40,-1,76
10742130,46,54,-11,87
10742640,63,21,8,79
10743150,78,31,9,70
10743660,34,45,-9,79
10744170,64,12,-2,81
10744680,79,50,-1,82
10745190,8,51,4,78
10745700,18,9,0,78
10746210,21,78,-2,80
10746720,31,13,0,80
10747230,34,98,3,77
10747740,44,87,3,74
10748250,54,6,-6,80
10748760,69,78,2,78
10749270,35,13,-10,88
10749780,38,32,4,84
10750290,66,15,4,80
10750800,81,53,0,80
10751310,10,54,2,78
10751820,20,12,1,77
10752330,23,81,-8,85
10752840,33,9,3,82
10753350,36,34,0,82
10753860,66,1,6,76
10754370,81,20,4,72
10754880,96,34,-6,78
10755390,58,48,-3,81
10755900,16,33,1,80
10756410,25,0,-7,87
10756920,28,25,3,84
10757430,58,94,8,76
10757940,63,13,2,74
10758450,78,51,-9,83
10758960,7,52,-2,85
10759470,17,10,2,83
10759980,77,79,3,80
10760490,2,14,4,76
10761000,1,11,-2,78
10761510,65,8,4,74
10762020,1,18,-1,75
10762530,0,15,1,74
10763040,101,12,-8,82
10763550,83,22,7,75
10764060,65,36,-9,84
10764570,23,55,0,84
10765080,33,22,3,81
10765590,93,91,-1,82
10766100,51,26,2,80
10766610,9,45,1,79
10767120,19,36,-1,80
10767630,28,3,-3,83
10768140,29,28,1,82
10768650,59,97,7,75
10769160,64,16,0,75
10769670,79,26,2,73
10770180,35,40,-3,76
10770690,58,7,-2,78
10771200,73,17,8,70
10771710,88,27,-3,73
10772220,44,41,-3,76
10772730,2,8,-6,82
10773240,32,21,-3,85
10773750,62,90,9,76
10774260,28,9,-6,82
10774770,31,98,-2,84
10775280,41,33,-2,86
10775790,101,0,8,78
10776300,83,10,7,71
10776810,98,20,-8,79
10777320,80,47,2,77
10777830,3,48,-1,78
10778340,13,39,-1,79
10778850,23,89,2,77
10779360,33,24,-9,86
10779870,63,93,15,71
10780380,26,28,-8,79
10780890,56,97,3,76
10781400,61,16,-1,77
10781910,76,54,-4,81
10782420,5,55,2,79
10782930,15,13,2,77
10783440,75,82,-2,79
10783950,41,17,-3,82
10784460,44,36,-2,84
10784970,2,19,4,80
10785480,12,16,-1,81
10785990,72,101,9,72
10786500,35,36,-12,84
10787010,95,3,15,69
10787520,77,13,-3,72
10788030,92,23,-4,76
10788540,74,50,-8,84
10789050,32,54,2,82
10789560,41,21,6,76
10790070,101,40,-9,85
10790580,57,41,1,84
10791090,15,60,4,80
10791600,25,18,-3,83
10792110,55,87,10,73
10792620,60,6,-4,77
10793130,75,16,8,69
10793640,57,26,-13,82
10794150,82,30,12,70
10794660,38,44,-9,79
10795170,68,11,-2,81
10795680,83,21,10,71
10796190,65,35,-7,78
10796700,79,49,2,76
10797210,2,50,0,76
10797720,1,8,0,76
10798230,61,5,2,74
10798740,76,15,-3,77
10799250,91,25,3,74
10799760,14,52,-4,78
10800270,24,43,-7,85
10800780,33,10,5,80
10801290,36,49,-4,84
10801800,96,16,6,78
10802310,78,26,4,74
10802820,34,40,-5,79
10803330,64,7,6,73
10803840,79,17,-5,78
10804350,94,27,3,75
10804860,76,54,-4,79
10805370,34,55,-9,88
10805880,64,22,11,77
10806390,89,32,3,74
10806900,45,33,-1,75
10807410,3,37,-2,77
10807920,13,28,-2,79
10808430,73,15,6,73
10808940,55,25,-7,80
10809450,80,29,0,80
10809960,3,30,3,77
10810470,13,21,0,77
10810980,73,90,-5,82
10811490,39,25,-5,87
10812000,69,94,11,76
10812510,32,29,-5,81
10813020,62,98,5,76
10813530,6,33,-6,82
10814040,16,46,0,82
10814550,26,96,4,78
10815060,36,31,-3,81
10815570,66,100,7,74
10816080,29,35,-10,84
10816590,59,2,10,74
10817100,74,12,1,73
10817610,89,22,-1,74
10818120,71,49,-5,79
10818630,96,50,-5,84
10819140,52,64,5,79
10819650,31,31,2,77
10820160,91,100,1,76
10820670,57,35,-7,83
10821180,15,45,3,80
10821690,25,36,-5,85
10822200,55,3,5,80
10822710,70,33,2,78
10823220,95,47,1,77
10823730,39,61,-6,83
10824240,48,28,0,83
10824750,6,47,1,82
10825260,16,97,0,82
10825770,26,32,6,76
10826280,56,101,1,75
10826790,66,20,2,73
10827300,81,58,-8,81
10827810,4,59,-1,82
10828320,14,4,4,78
10828830,78,32,2,76
10829340,1,46,0,76
10829850,11,96,-2,78
10830360,21,85,-10,88
10830870,31,20,8,80
10831380,61,89,5,75
10831890,27,24,-7,82
10832400,57,93,6,76
10832910,67,12,1,75
10833420,82,22,3,72
10833930,64,36,-8,80
10834440,89,40,6,74
10834950,45,54,-6,80
10835460,3,21,0,80
10835970,84,18,6,74
10836480,7,28,-7,81
10836990,71,19,4,77
10837500,86,29,6,71
10838010,42,56,-10,81
10838520,65,23,-2,83
10839030,90,33,5,78
10839540,46,34,-2,80
10840050,4,1,3,77
10840560,68,14,0,77
10841070,83,52,0,77
10841580,39,53,-2,79
10842090,69,20,7,72
10842600,84,30,-1,73
10843110,40,31,-8,81
10843620,100,100,5,76
10844130,66,35,-3,79
10844640,91,49,0,79
10845150,47,50,-3,82
10845660,70,17,8,74
10846170,85,27,1,73
10846680,67,28,-5,78
10847190,92,42,-4,82
10847700,48,43,2,80
10848210,6,10,-7,87
10848720,66,49,2,85
10849230,24,50,4,81
10849740,33,17,-2,83
10850250,63,86,5,78
10850760,29,21,-4,82
10851270,59,90,11,71
10851780,22,9,-14,85
10852290,25,78,8,77
10852800,35,40,-3,80
10853310,65,7,7,73
10853820,80,17,0,73
10854330,3,55,-3,76
10854840,13,13,-10,86
10855350,73,98,13,73
10855860,36,33,-7,80
10856370,66,0,3,77
10856880,81,19,4,73
10857390,63,46,-7,80
10857900,21,47,0,80
10858410,31,14,-4,84
10858920,61,75,4,80
10859430,27,42,-5,85
10859940,57,9,9,76
10860450,72,19,-1,77
10860960,97,57,-2,79
10861470,53,58,-5,84
10861980,70,25,7,77
10862490,95,26,-2,79
10863000,77,53,-5,84
10863510,0,54,2,82
10864020,10,101,7,75
10864530,20,90,-6,81
10865040,30,25,-6,87
10865550,60,94,12,75
10866060,23,13,-10,85
10866570,53,82,9,76
10867080,63,49,-2,78
10867590,21,50,-1,79
10868100,31,17,-2,81
10868610,61,86,5,76
10869120,71,5,3,73
10869630,53,15,-7,80
10870140,50,25,-13,93
10870650,8,29,10,83
10871160,72,42,8,75
10871670,97,43,-6,81
10872180,20,44,0,81
10872690,30,11,-5,86
10873200,33,80,1,85
10873710,43,42,6,79
10874220,73,9,6,73
10874730,88,19,-6,79
10875240,1,29,-2,81
10875750,11,20,3,78
10876260,71,89,4,74
10876770,34,56,-8,82
10877280,57,23,3,79
10877790,82,27,5,74
10878300,38,28,-3,77
10878810,68,97,5,72
10879320,31,16,-16,88
10879830,61,85,12,76
10880340,27,20,-8,84
10880850,87,89,6,78
10881360,66,24,-2,80
10881870,91,28,2,78
10882380,47,29,-1,79
10882890,5,12,0,79
10883400,70,9,5,74
10883910,85,19,-1,75
10884420,67,46,-8,83
10884930,25,47,5,78
10885440,62,14,1,77
10885950,24,52,-3,80
10886460,34,19,5,75
10886970,64,6,-1,76
10887480,79,16,5,71
10887990,61,26,-9,80
10888500,86,30,5,75
10889010,42,31,-9,84
10889520,72,100,10,74
10890030,35,19,-8,82
10890540,65,88,6,76
10891050,31,23,-7,83
10891560,61,92,6,77
10892070,71,11,7,70
10892580,53,21,-14,84
10893090,72,25,1,83
10893600,97,26,8,75
10894110,53,53,-9,84
10894620,76,20,10,74
10895130,58,30,-9,83
10895640,83,34,9,74
10896150,39,35,-4,78
10896660,69,2,3,75
10897170,84,21,2,73
10897680,66,31,-7,80
10898190,24,45,-4,84
10898700,33,12,-3,87
10899210,36,51,1,86
10899720,15,18,3,83
10900230,79,87,5,78
10900740,42,22,-2,80
10901250,61,5,-3,83
10901760,76,35,5,78
10902270,101,39,2,76
10902780,57,66,-8,84
10903290,36,33,3,81
10903800,96,0,3,78
10904310,78,19,6,72
10904820,34,66,-12,84
10905330,44,33,8,76
10905840,2,0,-4,80
10906350,63,13,2,78
10906860,78,23,4,74
10907370,34,24,-13,87
10907880,64,93,9,78
10908390,74,60,-3,81
10908900,32,61,2,79
10909410,42,28,-4,83
10909920,0,97,2,81
10910430,9,86,3,78
10910940,19,39,-2,80
10911450,28,6,-3,83
10911960,31,31,-1,84
10912470,61,100,9,75
10912980,71,19,0,75
10913490,86,57,-7,82
10914000,42,58,-1,83
10914510,21,25,3,80
10915020,81,94,4,76
10915530,44,29,-8,84
10916040,74,12,14,70
10916550,89,22,-6,76
10917060,45,49,-6,82
10917570,18,16,0,82
10918080,78,85,-2,84
10918590,44,52,5,79
10919100,23,19,0,79
10919610,83,88,3,76
10920120,62,23,-6,82
10920630,87,27,9,73
10921140,43,54,-5,78
10921650,22,21,-3,81
10922160,82,90,5,76
10922670,61,44,-9,85
10923180,19,48,4,81
10923690,29,15,2,79
10924200,59,84,6,73
10924710,22,51,-9,82
10925220,32,18,2,80
10925730,62,81,1,79
10926240,41,48,-7,86
10926750,20,15,6,80
10927260,50,84,7,73
10927770,60,51,-8,81
10928280,94,18,1,80
10928790,76,45,4,76
10929300,32,55,-5,81
10929810,73,22,0,81
10930320,29,70,1,80
10930830,39,37,-4,84
10931340,69,4,10,74
10931850,51,14,-9,83
10932360,58,18,4,79
10932870,65,28,2,77
10933380,79,32,2,75
10933890,35,33,-11,86
10934400,65,0,11,75
10934910,80,19,2,73
10935420,62,29,-9,82
10935930,87,33,9,73
10936440,97,34,-6,79
10936950,53,61,0,79
10937460,76,28,2,77
10937970,32,29,-9,86
10938480,62,98,8,78
10938990,72,17,4,74
10939500,54,44,-8,82
10940010,12,11,7,75
10940520,72,96,-3,78
10941030,54,63,-3,81
10941540,33,30,-3,84
10942050,63,99,11,73
10942560,45,18,-10,83
10943070,52,22,10,73
10943580,77,26,1,72
10944090,33,40,-8,80
10944600,12,7,1,79
10945110,74,76,-7,86
10945620,53,43,5,81
10946130,11,10,0,81
10946640,71,95,-1,82
10947150,88,14,4,78
10947660,70,41,-4,82
10948170,95,45,6,76
10948680,51,72,-6,82
10949190,30,39,-2,84
10949700,60,6,7,77
10950210,75,16,6,71
10950720,57,26,-6,77
10951230,82,30,2,75
10951740,38,44,-6,81
10952250,68,11,6,75
10952760,83,21,6,69
10953270,39,31,-9,78
10953780,69,100,1,77
10954290,79,19,-3,80
10954800,94,29,7,73
10955310,50,56,-10,83
10955820,29,23,7,76
10956330,59,92,-3,79
10956840,69,11,3,76
10957350,84,21,-4,80
10957860,99,48,2,78
10958370,55,62,-4,82
10958880,34,29,-2,84
10959390,55,98,8,76
10959900,65,17,2,74
10960410,72,27,-5,79
10960920,79,41,2,77
10961430,35,55,-8,85
10961940,44,22,4,81
10962450,74,26,5,76
10962960,30,40,-6,82
10963470,60,7,6,76
10963980,75,45,-3,79
10964490,100,9,-1,80
10965000,82,19,10,70
10965510,64,29,-7,77
10966020,26,33,-5,82
10966530,56,0,6,76
10967040,71,30,-1,77
10967550,96,34,0,77
10968060,52,61,-4,81
10968570,31,28,-5,86
10969080,61,97,9,77
10969590,71,16,2,75
10970100,86,26,3,72
10970610,68,53,-10,82
10971120,26,54,-4,86
10971630,36,21,2,84
10972140,66,90,4,80
10972650,48,26,-3,83
10973160,6,30,0,83
10973670,16,21,4,79
10974180,46,90,1,78
10974690,56,57,-11,89
10975200,79,24,14,75
10975710,83,62,-9,84
10976220,6,63,6,78
10976730,16,18,1,77
10977240,76,87,1,76
10977750,55,22,-2,78
10978260,80,26,7,71
10978770,62,40,-5,76
10979280,76,44,2,74
10979790,101,71,-5,79
10980300,57,72,-1,80
10980810,36,39,-5,85
10981320,59,6,16,69
10981830,74,16,-6,75
10982340,89,26,-1,76
10982850,71,53,-4,80
10983360,29,57,-3,83
10983870,39,24,-4,87
10984380,69,93,7,80
10984890,79,60,-2,82
10985400,2,61,5,77
10985910,12,9,0,77
10986420,77,94,2,75
10986930,40,29,-7,82
10987440,70,98,2,80
10987950,52,65,-7,87
10988460,31,32,3,84
10988970,61,101,7,77
10989480,71,20,8,69
10989990,86,34,-8,77
10990500,42,48,-6,83
10991010,65,15,6,77
10991520,80,25,1,76
10992030,3,39,-3,79
10992540,13,30,4,75
10993050,23,99,-3,78
10993560,33,88,-3,81
10994070,43,77,4,77
10994580,53,44,-6,83
10995090,76,11,3,80
10995600,91,21,4,76
10996110,73,31,2,74
10996620,98,45,-3,77
10997130,54,72,-3,80
10997640,33,39,-4,84
10998150,63,6,13,71
10998660,78,16,1,70
10999170,93,26,-5,75
10999680,75,53,0,75
11000190,100,54,-6,81
11000700,23,81,2,79
11001210,33,70,-1,80
11001720,43,37,-4,84
11002230,73,4,13,71
11002740,88,23,-8,79
11003250,70,50,-4,83
11003760,95,54,0,83
11004270,51,68,0,83
11004780,30,35,-1,84
11005290,60,2,4,80
11005800,75,32,6,74
11006310,43,46,-11,85
11006820,66,13,12,73
11007330,81,23,-1,74
11007840,63,50,-8,82
11008350,21,51,2,80
11008860,31,18,-3,83
11009370,61,87,3,80
11009880,71,54,5,75
11010390,96,55,-7,82
11010900,52,82,2,80
11011410,62,2,4,76
11011920,77,32,5,71
11012430,0,46,-13,84
11012940,10,37,4,80
11013450,20,24,1,79
11013960,80,93,3,76
11014470,46,28,-13,89
11014980,74,11,19,70
11015490,56,21,-10,80
11016000,81,25,8,72
11016510,4,52,-8,80
11017020,14,43,0,80
11017530,24,34,0,80
11018040,3,1,-8,88
11018550,67,14,9,79
11019060,82,52,2,77
11019570,38,53,-6,83
11020080,61,20,8,75
11020590,86,24,0,75
11021100,68,51,-11,86
11021610,26,55,3,83
11022120,36,22,2,81
11022630,66,91,6,75
11023140,76,10,1,74
11023650,91,20,-2,76
11024160,73,47,-4,80
11024670,98,51,-3,83
11025180,54,78,4,79
11025690,33,45,-2,81
11026200,12,12,2,79
11026710,72,81,-1,80
11027220,51,48,-5,85
11027730,74,15,10,75
11028240,89,25,4,71
11028750,45,52,-5,76
11029260,68,19,3,73
11029770,83,57,-13,86
11030280,6,61,7,79
11030790,16,19,-6,85
11031300,46,88,10,75
11031810,56,55,-9,84
11032320,35,22,-1,85
11032830,65,91,6,79
11033340,47,58,-3,82
11033850,26,25,-2,84
11034360,56,94,8,76
11034870,66,13,-1,77
11035380,48,51,-6,83
11035890,71,18,8,75
11036400,96,45,-4,79
11036910,52,72,-4,83
11037420,31,99,2,81
11037930,41,88,5,76
11038440,51,55,-4,80
11038950,30,22,0,80
11039460,60,91,2,78
11039970,70,58,-8,86
11040480,95,43,5,81
11040990,51,70,1,80
11041500,30,37,-3,83
11042010,60,4,6,77
11042520,75,34,4,73
11043030,100,48,-10,83
11043540,56,75,0,83
11044050,35,42,-3,86
11044560,65,9,14,72
11045070,80,47,-4,76
11045580,36,74,-3,79
11046090,46,41,-2,81
11046600,69,8,7,74
11047110,84,18,2,72
11047620,66,45,-10,82
11048130,91,49,4,78
11048640,47,87,4,74
11049150,57,54,-8,82
11049660,36,21,2,80
11050170,66,4,3,77
11050680,48,34,-3,80
11051190,6,38,6,74
11051700,16,29,-3,77
11052210,46,98,1,76
11052720,56,87,0,76
11053230,38,54,-7,83
11053740,68,21,7,76
11054250,93,59,-7,83
11054760,16,86,-1,84
11055270,26,75,0,84
11055780,36,37,-2,86
11056290,59,4,9,77
11056800,74,42,2,75
11057310,81,80,-6,81
11057820,60,5,1,80
11058330,75,35,-1,81
11058840,100,49,2,79
11059350,56,76,-1,80
11059860,35,43,1,79
11060370,58,10,6,73
11060880,73,20,-4,77
11061390,88,47,-3,80
11061900,11,74,1,79
11062410,21,63,-2,81
11062920,31,25,-3,84
11063430,61,94,5,79
11063940,71,40,1,78
11064450,96,44,6,72
11064960,80,71,-7,79
11065470,59,98,5,74
11065980,69,44,-11,85
11066490,94,48,7,78
11067000,50,75,-4,82
11067510,29,42,3,79
11068020,59,9,3,76
11068530,66,47,-9,85
11069040,24,51,1,84
11069550,34,18,6,78
11070060,64,87,0,78
11070570,43,54,-10,88
11071080,66,21,14,74
11071590,81,59,-4,78
11072100,4,60,-4,82
11072610,14,51,1,81
11073120,24,42,2,79
11073630,33,9,-11,90
11074140,34,94,14,76
11074650,44,83,-1,77
11075160,54,2,-3,80
11075670,55,32,0,80
11076180,80,36,0,80
11076690,3,50,-1,81
11077200,13,41,-3,84
11077710,23,32,7,77
11078220,53,101,5,72
11078730,63,20,-3,75
11079240,78,34,1,74
11079750,60,61,-9,83
11080260,39,28,1,82
11080770,69,11,4,78
11081280,51,49,-3,81
11081790,79,16,4,77
11082300,61,43,-8,85
11082810,89,26,8,77
11083320,71,53,-5,82
11083830,96,54,4,78
11084340,52,81,-1,79
11084850,62,48,-1,80
11085360,41,52,-7,87
11085870,71,19,11,76
11086380,78,46,2,74
11086890,1,73,-8,82
11087400,11,55,-2,84
11087910,21,46,4,80
11088420,31,13,1,79
11088930,61,98,8,71
11089440,71,44,-8,79
11089950,96,71,-4,83
11090460,52,72,1,82
11090970,31,39,-1,83
11091480,61,6,6,77
11091990,68,16,3,74
11092500,83,43,-3,77
11093010,6,70,-1,78
11093520,16,70,-6,84
11094030,26,59,4,80
11094540,36,26,-6,86
11095050,66,9,12,74
11095560,81,19,2,72
11096070,63,46,-12,84
11096580,91,50,4,80
11097090,14,77,2,78
11097600,24,66,-4,82
11098110,34,25,0,82
11098620,64,94,7,75
11099130,74,40,-5,80
11099640,99,44,6,74
11100150,55,71,-7,81
11100660,34,38,-5,86
11101170,64,5,11,75
11101680,79,15,4,71
11102190,61,42,-13,84
11102700,89,25,10,74
11103210,71,52,-10,84
11103720,99,56,4,80
11104230,55,83,3,77
11104740,65,50,-9,86
11105250,23,54,-1,87
11105760,33,21,4,83
11106270,63,4,5,78
11106780,78,14,4,74
11107290,93,41,0,74
11107800,49,68,-2,76
11108310,28,50,-10,86
11108820,37,17,-4,90
11109330,67,0,11,79
11109840,49,19,-8,87
11110350,56,23,15,72
11110860,81,27,-3,75
11111370,63,54,-4,79
11111880,91,71,5,74
11112390,47,72,-4,78
11112900,57,39,-14,92
11113410,15,22,16,76
11113920,80,91,0,76
11114430,43,80,4,72
11114940,53,26,-12,84
11115450,78,30,7,77
11115960,1,57,-2,79
11116470,11,48,-3,82
11116980,21,39,-3,85
11117490,30,6,0,85
11118000,31,31,3,82
11118510,61,100,10,72
11119020,43,46,-7,79
11119530,22,13,-9,88
11120040,61,98,7,81
11120550,71,44,2,79
11121060,20,71,1,78
11121570,30,60,-6,84
11122080,40,27,2,82
11122590,70,10,7,75
11123100,52,37,-10,85
11123610,10,20,6,79
11124120,75,26,2,77
11124630,90,53,0,77
11125140,13,80,-7,84
11125650,23,65,7,77
11126160,33,56,-4,81
11126670,42,23,-1,82
11127180,61,6,11,71
11127690,76,16,-2,73
11128200,91,43,-5,78
11128710,47,70,-4,82
11129220,26,37,-2,84
11129730,41,4,2,82
11130240,42,15,4,78
11130750,57,19,4,74
11131260,82,23,-1,75
11131770,64,50,-9,84
11132280,87,54,5,79
11132790,10,81,-2,81
11133300,20,70,6,75
11133810,30,59,-6,81
11134320,40,26,-8,89
11134830,63,9,13,76
11135340,45,36,-6,82
11135850,24,19,-3,85
11136360,54,88,9,76
11136870,64,34,1,75
11137380,89,38,2,73
11137890,12,65,-5,78
11138400,22,54,-6,84
11138910,32,21,5,79
11139420,62,4,7,72
11139930,77,14,-5,77
11140440,0,41,0,77
11140950,10,32,-6,83
11141460,20,23,7,76
11141970,101,92,-1,77
11142480,67,17,0,77
11142990,82,55,-4,81
11143500,5,59,-1,82
11144010,15,50,0,82
11144520,25,41,-4,86
11145030,55,8,13,73
11145540,70,18,0,73
11146050,77,45,-2,75
11146560,0,72,-11,86
11147070,10,63,4,82
11147580,20,54,6,76
11148090,30,45,-8,84
11148600,60,12,6,78
11149110,67,22,-4,82
11149620,74,26,5,77
11150130,99,40,-3,80
11150640,22,67,2,78
11151150,32,26,1,77
11151660,11,95,-2,79
11152170,21,84,1,78
11152680,31,73,-6,84
11153190,41,40,3,81
11153700,64,7,6,75
11154210,79,17,3,72
11154720,61,44,-10,82
11155230,84,48,4,78
11155740,7,75,-5,83
11156250,17,64,5,78
11156760,27,23,-4,82
11157270,57,92,8,74
11157780,67,38,-9,83
11158290,92,42,8,75
11158800,15,69,-10,85
11159310,25,54,5,80
11159820,35,21,5,75
11160330,63,4,1,74
11160840,45,14,-8,82
11161350,46,20,5,77
11161860,71,3,4,73
11162370,86,13,-2,75
11162880,68,40,-3,78
11163390,93,54,-5,83
11163900,16,28,4,79
11164410,97,97,10,69
11164920,63,22,-15,84
11165430,88,26,10,74
11165940,70,53,-3,77
11166450,95,54,-3,80
11166960,18,81,-8,88
11167470,28,88,6,82
11167980,38,77,6,76
11168490,48,44,-5,81
11169000,71,11,8,73
11169510,86,38,-8,81
11170020,9,65,5,76
11170530,19,54,-8,84
11171040,29,45,2,82
11171550,8,12,2,80
11172060,60,97,2,78
11172570,70,64,-8,86
11173080,101,49,1,85
11173590,24,76,3,82
11174100,34,65,3,79
11174610,44,32,1,78
11175120,72,15,3,75
11175630,87,42,-5,80
11176140,10,56,-3,83
11176650,20,47,3,80
11177160,29,14,-2,82
11177670,57,99,5,77
11178180,67,18,4,73
11178690,74,56,-10,83
11179200,32,57,3,80
11179710,41,24,-5,85
11180220,69,7,13,72
11180730,84,17,-3,75
11181240,66,44,-1,76
11181750,91,71,-6,82
11182260,14,72,3,79
11182770,24,61,-6,85
11183280,34,23,5,80
11183790,64,6,5,75
11184300,46,16,-8,83
11184810,53,101,4,79
11185320,63,68,-5,84
11185830,42,35,3,81
11186340,70,2,8,73
11186850,39,12,-13,86
11187360,42,97,4,82
11187870,52,56,0,82
11188380,31,23,-4,86
11188890,59,6,6,80
11189400,74,26,6,74
11189910,89,53,-7,81
11190420,45,63,1,80
11190930,24,30,-4,84
11191440,54,99,7,77
11191950,64,18,5,72
11192460,71,28,-6,78
11192970,96,55,-2,80
11193480,52,82,2,78
11193990,62,49,-4,82
11194500,90,34,1,81
11195010,72,61,-2,83
11195520,30,88,3,80
11196030,40,77,-3,83
11196540,50,44,5,78
11197050,78,11,0,78
11197560,60,21,0,78
11198070,85,31,6,72
11198580,67,58,-8,80
11199090,46,85,2,78
11199600,56,4,-4,82
11200110,71,14,10,72
11200620,86,41,-4,76
11201130,9,68,-3,79
11201640,19,53,-6,85
11202150,29,44,1,84
11202660,59,11,6,78
11203170,74,21,1,77
11203680,89,48,4,73
11204190,45,75,-7,80
11204700,55,42,-3,83
11205210,83,25,7,76
11205720,65,52,-7,83
11206230,23,35,7,76
11206740,2,2,-2,78
11207250,63,15,-1,79
11207760,78,25,5,74
11208270,93,52,-5,79
11208780,49,79,5,74
11209290,59,46,-7,81
11209800,87,29,7,74
11210310,69,56,-2,76
11210820,27,41,-7,83
11211330,79,8,-1,84
11211840,94,18,5,79
11212350,76,45,-1,80
11212860,101,72,4,76
11213370,57,99,0,76
11213880,67,18,-3,79
11214390,82,28,4,75
11214900,64,55,1,74
11215410,22,82,-10,84
11215920,32,33,1,83
11216430,62,0,6,77
11216940,77,18,6,71
11217450,59,45,-9,80
11217960,87,28,6,74
11218470,69,55,-5,79
11218980,27,82,-3,82
11219490,37,71,3,79
11220000,47,38,-5,84
11220510,75,21,7,77
11221020,57,48,-4,81
11221530,74,15,10,71
11222040,56,42,-8,79
11222550,84,25,4,75
11223060,66,52,-5,80
11223570,26,35,-9,89
11224080,56,2,12,77
11224590,71,32,4,73
11225100,86,46,-1,74
11225610,42,73,-1,75
11226120,52,40,-8,83
11226630,80,23,8,75
11227140,62,50,-11,86
11227650,90,33,8,78
11228160,72,60,0,78
11228670,30,87,-6,84
11229180,40,38,5,79
11229690,19,5,-4,83
11230200,26,90,-2,85
11230710,36,79,6,79
11231220,46,68,0,79
11231730,25,35,-8,87
11232240,55,2,8,79
11232750,70,32,-3,82
11233260,95,46,3,79
11233770,77,73,0,79
11234280,56,100,-1,80
11234790,66,19,7,73
11235300,73,46,-11,84
11235810,98,56,2,82
11236320,54,83,2,80
11236830,64,2,10,70
11237340,46,12,-12,82
11237850,53,18,0,82
11238360,68,24,1,81
11238870,83,34,9,72
11239380,65,61,-5,77
11239890,23,28,-9,86
11240400,53,11,8,78
11240910,68,21,-2,80
11241420,83,59,-7,87
11241930,41,63,8,79
11242440,20,30,-5,84
11242950,50,99,6,78
11243460,60,66,-7,85
11243970,39,33,-4,89
11244480,67,16,15,74
11244990,82,43,-8,82
11245500,92,70,4,78
11246010,101,97,2,76
11246520,80,22,0,76
11247030,95,49,0,76
11247540,77,76,-5,81
11248050,56,1,5,76
11248560,71,31,-3,79
11249070,86,78,7,72
11249580,52,3,-5,77
11250090,67,33,-3,80
11250600,92,60,-1,81
11251110,21,61,-1,82
11251620,31,52,-1,83
11252130,10,19,-2,85
11252640,40,37,-1,86
11253150,68,4,12,74
11253660,50,42,-12,86
11254170,78,25,11,75
11254680,60,52,-7,82
11255190,39,22,-6,88
11255700,67,5,16,72
11256210,82,43,-4,76
11256720,64,70,-3,79
11257230,43,37,2,77
11257740,71,4,4,73
11258250,53,14,-8,81
11258760,68,53,-2,83
11259270,26,38,1,82
11259780,78,5,8,74
11260290,60,32,-8,82
11260800,88,15,3,79
11261310,1,42,2,77
11261820,11,33,-1,78
11262330,21,24,-3,81
11262840,49,93,2,79
11263350,59,60,-6,85
11263860,38,27,1,84
11264370,66,10,9,75
11264880,81,37,0,75
11265390,63,64,-7,82
11265900,42,68,1,81
11266410,52,35,-5,86
11266920,80,18,11,75
11267430,62,45,-2,77
11267940,90,49,-3,80
11268450,72,76,3,77
11268960,51,1,-3,80
11269470,66,31,2,78
11269980,94,45,3,75
11270490,76,72,-3,78
11271000,55,99,3,75
11271510,65,18,-3,78
11272020,72,6,8,70
11272530,54,33,-12,82
11273040,82,16,9,73
11273550,64,43,-5,78
11274060,92,47,3,75
11274570,74,74,-4,79
11275080,6,101,1,78
11275590,71,90,-1,79
11276100,50,15,-1,80
11276610,78,21,8,72
11277120,60,48,-6,78
11277630,88,75,-2,80
11278140,54,76,1,79
11278650,33,43,-3,82
11279160,12,10,-4,86
11279670,40,95,13,73
11280180,50,84,-6,79
11280690,60,51,-2,81
11281200,88,18,9,72
11281710,70,45,-6,78
11282220,98,59,4,74
11282730,54,86,-3,77
11283240,64,53,4,73
11283750,92,80,-4,77
11284260,58,81,-6,83
11284770,37,17,4,79
11285280,65,0,4,75
11285790,47,30,-8,83
11286300,75,13,14,69
11286810,57,40,-11,80
11287320,85,23,4,76
11287830,67,50,-9,85
11288340,25,33,4,81
11288850,55,0,6,75
11289360,70,30,-3,78
11289870,85,44,2,76
11290380,8,71,-7,83
11290890,18,2,5,78
11291400,10,91,-7,85
11291910,20,80,6,79
11292420,30,69,-4,83
11292930,40,36,-1,84
11293440,68,3,9,75
11293950,50,33,-6,81
11294460,78,16,6,75
11294970,93,54,-3,78
11295480,49,81,5,73
11295990,59,48,-4,77
11296500,87,31,-1,78
11297010,69,58,-6,84
11297520,27,43,-3,87
11298030,57,10,13,74
11298540,72,48,-8,82
11299050,100,52,0,82
11299560,82,79,6,76
11300070,48,4,0,76
11300580,63,93,-2,78
11301090,73,12,3,75
11301600,88,39,3,72
11302110,70,66,-8,80
11302620,49,51,-6,86
11303130,72,18,8,78
11303640,79,45,2,76
11304150,61,72,-2,78
11304660,40,39,-7,85
11305170,68,6,11,74
11305680,50,33,-15,89
11306190,78,16,16,73
11306700,60,43,-5,78
11307210,88,26,-1,79
11307720,70,53,1,78
11308230,98,54,1,77
11308740,80,55,-6,83
11309250,6,59,-1,84
11309760,16,50,5,79
11310270,26,41,0,79
11310780,56,8,-1,80
11311290,71,12,4,76
11311800,53,39,-6,82
11312310,81,22,8,74
11312820,63,49,-14,88
11313330,91,32,9,79
11313840,73,59,-1,80
11314350,31,60,-2,82
11314860,41,27,7,75
11315370,69,10,-7,82
11315880,84,37,11,71
11316390,66,64,-11,82
11316900,45,31,0,82
11317410,73,14,9,73
11317920,55,41,-12,85
11318430,83,24,11,74
11318940,65,51,-4,78
11319450,23,52,-3,81
11319960,33,19,0,81
11320470,61,49,1,80
11320980,89,32,6,74
11321490,71,59,-13,87
11322000,29,60,6,81
11322510,39,27,7,74
11323020,67,10,0,74
11323530,49,37,-14,88
11324040,77,20,8,80
11324550,84,47,3,77
11325060,66,61,-4,81
11325570,24,46,-4,85
11326080,33,13,-3,88
11326590,61,98,8,80
11327100,43,65,-4,84
11327610,9,32,2,82
11328120,19,23,-11,93
11328630,66,6,10,83
11329140,73,16,7,76
11329650,55,54,-10,86
11330160,83,21,12,74
11330670,19,48,-7,81
11331180,29,15,-5,86
11331690,57,100,9,77
11332200,67,19,2,75
11332710,74,33,5,70
11333220,56,47,-16,86
11333730,84,14,8,78
11334240,66,41,-4,82
11334750,94,55,6,76
11335260,50,56,-4,80
11335770,67,23,1,79
11336280,74,37,-2,81
11336790,99,64,-3,84
11337300,55,65,3,81
11337810,72,32,3,78
11338320,97,59,3,75
11338830,53,60,-6,81
11339340,32,27,-4,85
11339850,60,10,6,79
11340360,75,57,-4,83
11340870,33,58,0,83
11341380,42,25,3,80
11341890,70,8,7,73
11342400,52,35,-13,86
11342910,80,18,12,74
11343420,62,45,-5,79
11343930,90,28,-1,80
11344440,72,55,2,78
11344950,30,56,-3,81
11345460,39,23,1,80
11345970,67,6,3,77
11346480,82,16,4,73
11346990,64,43,-3,76
11347500,92,57,0,76
11348010,48,58,-6,82
11348520,65,25,1,81
11349030,72,49,-3,84
11349540,100,53,5,79
11350050,82,80,5,74
11350560,61,69,-6,80
11351070,40,36,-5,85
11351580,68,3,16,69
11352090,50,30,-13,82
11352600,78,13,11,71
11353110,60,40,-10,81
11353620,88,44,3,78
11354130,70,58,-5,83
11354640,28,43,0,83
11355150,58,10,6,77
11355660,65,37,-7,84
11356170,93,41,3,81
11356680,75,68,2,79
11357190,7,69,-1,80
11357700,17,14,2,78
11358210,47,99,6,72
11358720,57,18,-4,76
11359230,64,24,4,72
11359740,46,28,-17,89
11360250,4,11,13,76
11360760,99,29,-2,78
11361270,81,56,-1,79
11361780,37,57,2,77
11362290,54,24,-1,78
11362800,82,7,3,75
11363310,64,34,-3,78
11363820,92,38,-2,80
11364330,74,65,1,79
11364840,32,66,-2,81
11365350,42,33,1,80
11365860,70,16,7,73
11366370,52,43,-7,80
11366880,10,10,2,78
11367390,40,95,-6,84
11367900,50,46,-4,88
11368410,78,13,13,75
11368920,60,40,-5,80
11369430,88,23,2,78
11369940,70,50,0,78
11370450,28,51,-6,84
11370960,37,18,1,83
11371470,65,1,9,74
11371980,47,20,-10,84
11372490,75,3,11,73
11373000,57,30,-15,88
11373510,85,13,13,75
11374020,67,40,-5,80
11374530,95,44,2,78
11375040,77,71,-1,79
11375550,9,98,0,79
11376060,19,87,-2,81
11376570,29,38,-1,82
11377080,59,5,5,77
11377590,41,15,-15,92
11378100,69,100,12,80
11378610,79,19,7,73
11379120,61,46,-12,85
11379630,19,29,1,84
11380140,49,98,5,79
11380650,59,65,-2,81
11381160,38,32,-5,86
11381670,66,15,11,75
11382180,48,25,-5,80
11382690,76,8,7,73
11383200,58,35,-7,80
11383710,86,18,4,76
11384220,68,45,-7,83
11384730,96,49,5,78
11385240,78,76,-4,82
11385750,57,61,1,81
11386260,74,28,5,76
11386770,56,42,-7,83
11387280,84,25,5,78
11387790,66,52,-1,79
11388300,94,53,1,78
11388810,76,80,2,76
11389320,42,69,-1,77
11389830,52,36,-6,83
11390340,80,19,12,71
11390850,62,46,-9,80
11391360,90,29,3,77
11391870,72,56,-6,83
11392380,30,39,-2,85
11392890,60,6,3,82
11393400,75,16,14,68
11393910,57,26,-11,79
11394420,85,30,1,78
11394930,67,57,-5,83
11395440,25,42,-4,87
11395950,55,60,9,78
11396460,34,27,-6,84
11396970,62,10,5,79
11397480,44,93,3,76
11397990,54,84,2,74
11398500,36,51,-8,82
11399010,59,18,7,75
11399520,66,22,3,72
11400030,73,36,2,70
11400540,55,50,-16,86
11401050,83,17,8,78
11401560,65,44,0,78
11402070,23,48,-2,80
11402580,32,15,-5,85
11403090,60,100,12,73
11403600,70,19,-7,80
11404110,52,29,0,80
11404620,80,12,4,76
11405130,62,22,-4,80
11405640,77,26,9,71
11406150,59,40,-11,82
11406660,17,23,4,78
11407170,47,6,2,76
11407680,62,95,-3,79
11408190,67,14,-1,80
11408700,82,24,6,74
11409210,64,51,-9,83
11409720,92,55,4,79
11410230,48,82,5,74
11410740,58,49,-14,88
11411250,86,32,17,71
11411760,68,59,-11,82
11412270,26,42,-3,85
11412780,56,9,9,76
11413290,71,19,-3,79
11413800,78,29,2,77
11414310,60,43,-3,80
11414820,18,26,0,80
11415330,48,95,6,74
11415840,58,40,-8,82
11416350,86,23,2,80
11416860,68,50,-2,82
11417370,26,54,2,80
11417880,36,21,-1,81
11418390,64,4,6,75
11418900,46,14,1,74
11419410,53,99,-1,75
11419920,63,18,-1,76
11420430,70,28,-1,77
11420940,75,55,-2,79
11421450,84,89,1,78
11421960,63,24,0,78
11422470,70,28,-1,79
11422980,75,42,0,79
11423490,80,69,2,77
11424000,46,54,-6,83
11424510,63,21,5,78
11425020,45,31,-2,80
11425530,73,14,6,74
11426040,55,24,-9,83
11426550,83,28,10,73
11427060,65,55,-14,87
11427570,82,38,10,77
11428080,64,52,-4,81
11428590,22,37,-1,82
11429100,52,4,7,75
11429610,67,14,1,74
11430120,49,24,-7,81
11430630,77,7,3,78
11431140,59,17,-2,80
11431650,66,21,4,76
11432160,73,25,-3,79
11432670,55,52,-1,80
11433180,72,19,1,79
11433690,54,29,0,79
11434200,82,12,5,74
11434710,64,39,-9,83
11435220,92,22,11,72
11435730,74,49,-7,79
11436240,3,76,2,77
11436750,13,21,-6,83
11437260,43,4,11,72
11437770,50,43,-13,85
11438280,67,10,15,70
11438790,49,20,-18,88
11439300,56,84,9,79
11439810,66,29,6,73
11440320,71,56,-10,83
11440830,29,39,0,83
11441340,59,6,7,76
11441850,74,16,2,74
11442360,56,43,-6,80
11442870,84,26,3,77
11443380,66,53,-5,82
11443890,24,36,1,81
11444400,33,19,-3,84
11444910,61,2,11,73
11445420,43,21,-15,88
11445930,71,4,15,73
11446440,53,23,-7,80
11446950,81,6,3,77
11447460,63,33,-1,78
11447970,88,16,5,73
11448480,70,43,-8,81
11448990,95,26,0,81
11449500,77,53,2,79
11450010,6,57,-4,83
11450520,16,48,-1,84
11451030,26,39,8,76
11451540,56,6,-4,80
11452050,71,53,0,80
11452560,29,57,-8,88
11453070,39,24,9,79
11453580,67,7,4,75
11454090,49,17,-6,81
11454600,77,0,13,68
11455110,59,19,-8,76
11455620,66,25,0,76
11456130,91,52,1,75
11456640,47,79,-1,76
11457150,57,46,-4,80
11457660,85,73,-3,83
11458170,43,58,-3,86
11458680,60,25,6,80
11459190,85,29,7,73
11459700,67,56,-4,77
11460210,95,57,-1,78
11460720,51,84,7,71
11461230,61,3,-6,77
11461740,43,22,-8,85
11462250,71,60,0,85
11462760,29,45,3,82
11463270,59,59,3,79
11463780,76,26,6,73
11464290,58,53,-13,86
11464800,86,36,11,75
11465310,68,63,-4,79
11465820,26,48,-1,80
11466330,35,15,-9,89
11466840,63,100,13,76
11467350,73,35,5,71
11467860,55,62,-13,84
11468370,72,29,5,79
11468880,87,56,1,78
11469390,43,83,8,70
11469900,53,28,-12,82
11470410,81,11,11,71
11470920,63,38,-11,82
11471430,91,21,2,80
11471940,73,48,-2,82
11472450,2,52,2,80
11472960,12,43,3,77
11473470,22,34,-5,82
11473980,52,1,3,79
11474490,67,12,4,75
11475000,82,59,-3,78
11475510,11,60,-1,79
11476020,21,5,-1,80
11476530,82,90,4,76
11477040,18,25,-11,87
11477550,48,8,10,77
11478060,63,47,-8,85
11478570,91,30,8,77
11479080,73,57,-3,80
11479590,2,61,-3,83
11480100,12,6,7,76
11480610,19,91,-10,86
11481120,29,74,8,78
11481630,39,19,-1,79
11482140,58,2,-1,80
11482650,73,21,5,75
11483160,88,48,-5,80
11483670,70,75,-7,87
11484180,49,42,2,85
11484690,66,25,11,74
11485200,48,29,-10,84
11485710,76,12,7,77
11486220,58,39,-13,90
11486730,86,22,17,73
11487240,68,49,-4,77
11487750,77,76,-4,81
11488260,9,65,-2,83
11488770,19,56,4,79
11489280,29,47,-5,84
11489790,59,14,6,78
11490300,66,61,-3,81
11490810,83,46,7,74
11491320,65,73,-2,76
11491830,82,40,-2,78
11492340,64,67,5,73
11492850,81,56,-7,80
11493360,37,60,1,79
11493870,46,27,-2,81
11494380,74,10,6,75
11494890,56,37,-5,80
11495400,14,20,-5,85
11495910,42,3,7,78
11496420,57,14,4,74
11496930,64,18,-3,77
11497440,71,65,-4,81
11497950,78,50,2,79
11498460,34,54,-3,82
11498970,51,21,1,81
11499480,79,4,6,75
11499990,61,46,-15,90
11500500,89,29,13,77
11501010,71,56,-4,81
11501520,0,39,0,81
11502030,57,52,3,78
11502540,74,19,3,75
11503050,56,46,-5,80
11503560,84,29,3,77
11504070,66,56,-3,80
11504580,100,39,3,77
11505090,82,66,-2,79
11505600,91,67,0,79
11506110,20,68,-3,82
11506620,30,13,0,82
11507130,58,98,5,77
11507640,68,43,-5,82
11508150,93,26,4,78
11508660,75,53,-5,83
11509170,84,57,5,78
11509680,40,58,1,77
11510190,57,25,-5,82
11510700,82,8,6,76
11511210,64,35,0,76
11511720,89,41,4,72
11512230,71,68,-9,81
11512740,88,57,2,79
11513250,44,84,3,76
11513760,54,29,-10,86
11514270,82,12,5,81
11514780,64,39,-4,85
11515290,89,22,10,75
11515800,71,49,-4,79
11516310,96,53,2,77
11516820,78,80,0,77
11517330,10,69,-3,80
11517840,20,60,-3,83
11518350,30,51,7,76
11518860,39,18,-9,85
11519370,67,1,14,71
11519880,49,20,-16,87
11520390,77,3,15,72
11520900,59,22,-4,76
11521410,84,26,-1,77
11521920,66,53,-2,79
11522430,94,42,3,76
11522940,76,69,1,75
11523450,55,20,-6,81
11523960,70,3,13,68
11524470,52,22,-15,83
11524980,59,5,2,81
11525490,74,24,2,79
11526000,56,38,-5,84
11526510,84,21,9,75
11527020,66,48,-3,78
11527530,94,31,0,78
11528040,76,58,1,77
11528550,5,62,-2,79
11529060,12,7,5,74
11529570,19,92,-14,88
11530080,29,75,8,80
11530590,39,20,-3,83
11531100,67,3,7,76
11531610,49,22,-5,81
11532120,56,5,5,76
11532630,71,52,-12,88
11533140,99,35,9,79
11533650,81,62,-1,80
11534160,37,63,0,80
11534670,46,30,1,79
11535180,74,13,8,71
11535690,56,40,-12,83
11536200,84,23,9,74
11536710,66,50,-8,82
11537220,94,33,11,71
11537730,76,60,-12,83
11538240,5,43,0,83
11538750,15,56,1,82
11539260,25,47,2,80
11539770,34,14,-5,85
11540280,62,99,12,73
11540790,44,34,-14,87
11541300,61,17,6,81
11541810,68,64,-3,84
11542320,0,49,1,83
11542830,10,62,4,79
11543340,20,53,-2,81
11543850,30,44,2,79
11544360,53,11,3,76
11544870,68,58,-5,81
11545380,0,43,-2,83
11545890,10,56,3,80
11546400,20,3,-1,81
11546910,23,88,-1,82
11547420,33,77,10,72
11547930,43,68,-7,79
11548440,52,35,0,79
11548950,69,18,5,74
11549460,84,45,-2,76
11549970,66,59,-3,79
11550480,24,44,-8,87
11550990,33,11,1,86
11551500,61,96,7,79
11552010,71,63,-1,80
11552520,29,48,-2,82
11553030,52,15,2,80
11553540,67,100,-2,82
11554050,49,36,-2,84
11554560,66,19,8,76
11555070,73,66,-10,86
11555580,5,51,9,77
11556090,15,42,-2,79
11556600,25,60,-2,81
11557110,35,5,-1,82
11557620,36,90,4,78
11558130,46,35,-4,82
11558640,74,18,9,73
11559150,56,32,-10,83
11559660,81,15,10,73
11560170,96,42,-3,76
11560680,78,69,-7,83
11561190,95,70,-2,85
11561700,2,71,6,79
11562210,12,16,3,76
11562720,77,101,3,73
11563230,59,36,-8,81
11563740,84,19,4,77
11564250,66,46,-3,80
11564760,91,29,10,70
11565270,73,56,-13,83
11565780,31,57,5,78
11566290,40,24,-5,83
11566800,68,7,13,70
11567310,50,34,-5,75
11567820,59,17,-6,81
11568330,74,64,-1,82
11568840,3,49,-1,83
11569350,13,62,3,80
11569860,23,53,2,78
11570370,33,20,-4,82
11570880,61,3,3,79
11571390,76,30,2,77
11571900,58,44,-6,83
11572410,86,27,10,73
11572920,68,54,-8,81
11573430,26,55,1,80
11573940,35,22,-1,81
11574450,63,5,5,76
11574960,88,79,1,75
11575470,17,80,-7,82
11575980,27,69,1,81
11576490,37,14,-6,87
11577000,65,99,13,74
11577510,47,34,-14,88
11578020,75,17,17,71
11578530,57,44,-5,76
11579040,85,27,2,74
11579550,67,54,-7,81
11580060,95,55,5,76
11580570,51,56,-9,85
11581080,68,23,13,72
11581590,75,37,-1,73
11582100,90,64,0,73
11582610,46,65,-12,85
11583120,25,32,3,82
11583630,55,101,4,78
11584140,65,37,-2,80
11584650,90,41,4,76
11585160,72,68,-3,79
11585670,51,69,-2,81
11586180,30,36,-3,84
11586690,60,3,2,82
11587200,75,22,4,78
11587710,90,49,4,74
11588220,46,76,-1,75
11588730,56,43,-9,84
11589240,73,26,12,72
11589750,55,53,-4,76
11590260,72,20,7,69
11590770,54,34,-5,74
11591280,12,17,-4,78
11591790,74,0,4,74
11592300,56,19,-7,81
11592810,71,23,6,75
11593320,60,70,-10,85
11593830,39,37,6,79
11594340,67,4,9,70
11594850,49,23,-13,83
11595360,52,6,9,74
11595870,67,53,-5,79
11596380,25,54,1,78
11596890,35,17,-6,84
11597400,63,0,13,71
11597910,45,19,-14,85
11598420,60,2,8,77
11598930,75,21,5,72
11599440,57,35,-10,82
11599950,85,18,5,77
11600460,67,45,-5,82
11600970,95,59,0,82
11601480,51,60,1,81
11601990,30,27,-1,82
11602500,53,96,10,72
11603010,63,41,-13,85
11603520,91,24,12,73
11604030,73,51,-9,82
11604540,2,34,0,82
11605050,12,47,4,78
11605560,22,38,-2,80
11606070,31,5,-3,83
11606580,32,90,1,82
11607090,42,73,3,79
11607600,52,40,-7,86
11608110,80,23,6,80
11608620,62,50,-3,83
11609130,96,33,9,74
11609640,78,60,-8,82
11610150,87,43,3,79
11610660,69,70,-1,80
11611170,48,37,-10,90
11611680,76,18,16,74
11612190,58,45,-7,81
11612700,86,28,2,79
11613210,101,55,-2,81
11613720,83,82,6,75
11614230,62,17,-6,81
11614740,69,64,3,78
11615250,1,31,-1,79
11615760,11,22,-1,80
11616270,20,40,3,77
11616780,29,7,-6,83
11617290,30,92,-1,84
11617800,40,24,-1,85
11618310,68,7,9,76
11618820,50,26,-2,78
11619330,78,9,2,76
11619840,60,28,-6,82
11620350,30,32,0,82
11620860,58,101,8,74
11621370,67,68,-7,81
11621880,101,35,1,80
11622390,83,62,2,78
11622900,12,63,-3,81
11623410,22,8,-2,83
11623920,25,93,2,81
11624430,35,25,0,81
11624940,63,8,4,77
11625450,78,55,-3,80
11625960,7,59,-1,81
11626470,17,4,2,79
11626980,20,89,-4,83
11627490,30,21,1,82
11628000,58,90,9,73
11628510,40,9,-13,86
11629020,55,94,12,74
11629530,64,13,-1,75
11630040,79,60,-7,82
11630550,8,61,2,80
11631060,18,6,2,78
11631570,21,91,-5,83
11632080,31,23,0,83
11632590,59,6,5,78
11633100,74,25,5,73
11633610,56,72,-4,77
11634120,35,39,-9,86
11634630,58,6,15,71
11635140,73,25,-4,75
11635650,55,72,-10,85
11636160,72,39,4,81
11636670,97,53,2,79
11637180,53,80,1,78
11637690,62,47,-4,82
11638200,20,30,1,81
11638710,50,99,6,75
11639220,59,66,-10,85
11639730,38,33,1,84
11640240,66,0,8,76
11640750,48,19,-9,85
11641260,55,2,6,79
11641770,70,21,4,75
11642280,85,35,-1,76
11642790,67,62,-5,81
11643300,101,29,4,77
11643810,83,56,-4,81
11644320,12,57,2,79
11644830,22,2,-5,84
11645340,25,87,4,80
11645850,35,19,-3,83
11646360,63,2,8,75
11646870,78,21,4,71
11647380,60,68,-7,78
11647890,77,35,0,78
11648400,59,62,-5,83
11648910,82,29,10,73
11649420,64,43,-11,84
11649930,89,26,10,74
11650440,71,53,-4,78
11650950,0,36,5,73
11651460,10,27,-7,80
11651970,19,45,1,79
11652480,28,12,3,76
11652990,43,97,-2,78
11653500,53,42,-7,85
11654010,81,25,8,77
11654520,96,52,-1,78
11655030,52,76,-4,82
11655540,61,43,-3,85
11656050,86,26,13,72
11656560,68,53,-10,82
11657070,26,36,-2,84
11657580,49,3,7,77
11658090,64,22,-2,79
11658600,79,69,-8,87
11659110,58,70,8,79
11659620,37,37,-4,83
11660130,65,4,5,78
11660640,47,23,-10,88
11661150,72,6,10,78
11661660,54,25,-3,81
11662170,79,8,4,77
11662680,61,27,-3,80
11663190,86,10,3,77
11663700,68,37,-2,79
11664210,93,20,4,75
11664720,75,47,-5,80
11665230,100,30,0,80
11665740,82,57,0,80
11666250,11,40,3,77
11666760,21,31,-5,82
11667270,44,100,9,73
11667780,54,89,-2,75
11668290,64,8,-1,76
11668800,79,18,3,73
11669310,94,65,-7,80
11669820,50,66,-5,85
11670330,67,33,7,78
11670840,92,47,2,76
11671350,74,74,-4,80
11671860,6,63,-1,81
11672370,16,8,3,78
11672880,23,93,-6,84
11673390,33,44,3,81
11673900,56,11,2,79
11674410,71,21,5,74
11674920,86,68,-2,76
11675430,15,69,-3,79
11675940,25,14,-6,85
11676450,53,99,10,75
11676960,58,66,-2,77
11677470,37,33,-5,82
11677980,46,0,6,76
11678490,61,19,4,72
11679000,76,66,-10,82
11679510,8,67,1,81
11680020,18,50,-1,82
11680530,28,97,4,78
11681040,38,86,-6,84
11681550,48,69,3,81
11682060,65,36,2,79
11682570,90,19,5,74
11683080,72,46,-7,81
11683590,97,60,1,80
11684100,53,61,-6,86
11684610,76,28,9,77
11685120,58,42,-3,80
11685630,83,25,3,77
11686140,98,52,-1,78
11686650,80,79,-2,80
11687160,62,68,-1,81
11687670,79,35,3,78
11688180,61,49,-1,79
11688690,86,32,7,72
11689200,68,59,-13,85
11689710,77,42,8,77
11690220,33,56,-8,85
11690730,56,23,8,77
11691240,71,6,6,71
11691750,86,25,-4,75
11692260,68,52,-5,80
11692770,93,35,4,76
11693280,75,62,-5,81
11693790,4,63,0,81
11694300,14,8,4,77
11694810,21,93,-5,82
11695320,31,82,3,79
11695830,41,71,-3,82
11696340,18,38,-1,83
11696850,27,5,1,82
11697360,30,90,0,82
11697870,40,79,1,81
11698380,50,46,-4,85
11698890,73,29,8,77
11699400,98,76,1,76
11699910,54,77,-4,80
11700420,63,44,0,80
11700930,88,27,5,75
11701440,63,74,-3,78
11701950,45,41,-6,84
11702460,70,24,12,72
11702970,85,71,-4,76
11703480,94,72,-3,79
11703990,1,73,-6,85
11704500,10,18,9,76
11705010,72,1,1,75
11705520,54,20,-6,81
11706030,79,3,5,76
11706540,61,22,-4,80
11707050,86,41,7,73
11707560,68,55,-6,79
11708070,26,38,-5,84
11708580,56,5,7,77
11709090,71,52,-6,83
11709600,96,35,2,81
11710110,78,62,-12,93
11710620,1,45,12,81
11711130,11,36,1,80
11711640,21,54,4,76
11712150,31,45,-2,78
11712660,54,12,-2,80
11713170,69,59,2,78
11713680,100,60,6,72
11714190,56,87,-1,73
11714700,38,54,-7,80
11715210,61,21,-1,81
11715720,76,68,4,77
11716230,85,69,-5,82
11716740,94,70,2,80
11717250,23,71,2,78
11717760,33,16,0,78
11718270,48,101,2,76
11718780,22,68,-8,84
11719290,32,59,-2,86
11719800,41,26,3,83
11720310,66,9,8,75
11720820,81,56,-4,79
11721330,4,57,-1,80
11721840,14,2,0,80
11722350,6,87,1,79
11722860,15,70,3,76
11723370,25,59,-8,84
11723880,35,26,5,79
11724390,60,95,4,75
11724900,42,14,-8,83
11725410,57,99,11,72
11725920,62,18,-3,75
11726430,69,65,-7,82
11726940,48,32,-1,83
11727450,57,15,6,77
11727960,72,13,0,77
11728470,87,60,-6,83
11728980,43,61,4,79
11729490,60,28,-2,81
11730000,85,11,10,71
11730510,67,58,-12,83
11731020,101,25,4,79
11731530,83,52,-4,83
11732040,6,66,2,81
11732550,60,11,7,74
11733060,75,58,-5,79
11733570,4,41,0,79
11734080,14,32,-3,82
11734590,23,79,0,82
11735100,33,68,3,79
11735610,42,35,-3,82
11736120,67,18,14,68
11736630,82,65,-20,88
11737140,91,48,11,77
11737650,63,62,-11,88
11738160,86,29,16,72
11738670,68,76,-10,82
11739180,0,43,2,80
11739690,10,34,1,79
11740200,20,17,-4,83
11740710,48,0,5,78
11741220,63,19,7,71
11741730,45,66,-8,79
11742240,11,18,3,76
11742750,76,1,2,74
11743260,58,20,-4,78
11743770,73,67,-5,83
11744280,5,68,3,80
11744790,15,57,0,80
11745300,25,48,-2,82
11745810,34,15,-8,90
11746320,49,100,15,75
11746830,54,89,3,72
11747340,59,34,-9,81
11747850,84,17,7,74
11748360,66,64,-12,86
11748870,89,31,6,80
11749380,71,78,4,76
11749890,80,67,-8,84
11750400,9,68,0,84
11750910,19,75,4,80
11751420,29,64,-1,81
11751930,39,31,-2,83
11752440,62,100,8,75
11752950,72,19,-5,80
11753460,87,66,3,77
11753970,43,67,-6,83
11754480,52,34,-1,84
11754990,77,17,7,77
11755500,59,64,-4,81
11756010,68,31,2,79
11756520,93,45,4,75
11757030,49,59,-9,84
11757540,28,26,1,83
11758050,51,9,0,83
11758560,66,56,-4,87
11759070,100,57,6,81
11759580,56,58,0,81
11760090,65,25,5,76
11760600,80,39,0,76
11761110,3,53,1,75
11761620,13,100,-11,86
11762130,23,89,4,82
11762640,33,78,3,79
11763150,43,45,-2,81
11763660,66,12,-3,84
11764170,81,59,8,76
11764680,10,60,-1,77
11765190,20,49,-7,84
11765700,30,16,3,81
11766210,45,101,5,76
11766720,55,90,0,76
11767230,64,79,2,74
11767740,46,68,-11,85
11768250,55,35,7,78
11768760,80,18,5,73
11769270,62,65,-9,82
11769780,41,32,-3,85
11770290,75,15,11,74
11770800,57,62,-8,82
11771310,36,29,0,82
11771820,45,12,7,75
11772330,60,23,-2,77
11772840,75,34,-1,78
11773350,100,48,2,76
11773860,82,62,-5,81
11774370,91,63,6,75
11774880,47,64,-5,80
11775390,64,31,7,73
11775900,46,45,-8,81
11776410,69,12,5,76
11776920,84,59,-2,78
11777430,40,60,-3,81
11777940,49,27,1,80
11778450,74,10,8,72
11778960,56,29,-10,82
11779470,81,12,5,77
11779980,63,59,-3,80
11780490,97,26,0,80
11781000,79,53,0,80
11781510,8,72,-3,83
11782020,18,79,4,79
11782530,28,68,1,78
11783040,38,13,-8,86
11783550,53,98,13,73
11784060,63,87,-5,78
11784570,45,54,-11,89
11785080,11,21,-2,91
11785590,75,39,9,82
11786100,57,58,-1,83
11786610,66,25,6,77
11787120,48,72,-7,84
11787630,57,39,-2,86
11788140,15,22,5,81
11788650,79,5,6,75
11789160,61,24,-8,83
11789670,86,71,1,82
11790180,95,72,8,74
11790690,51,73,-8,82
11791200,60,40,2,80
11791710,85,23,2,78
11792220,67,50,-1,79
11792730,98,61,-5,84
11793240,54,71,6,78
11793750,20,38,-5,83
11794260,29,5,1,82
11794770,32,16,-3,85
11795280,47,101,5,80
11795790,57,46,-2,82
11796300,15,29,-1,83
11796810,24,12,-1,84
11797320,31,97,-3,87
11797830,41,48,4,83
11798340,64,15,11,72
11798850,71,62,-16,88
11799360,3,63,8,80
11799870,13,66,0,80
11800380,23,57,-2,82
11800890,33,24,-3,85
11801400,58,7,13,72
11801910,73,54,-7,79
11802420,29,55,-6,85
11802930,38,22,4,81
11803440,63,5,8,73
11803950,78,12,-5,78
11804460,60,61,-8,86
11804970,39,28,1,85
11805480,62,11,11,74
11805990,4,58,-8,82
11806500,14,49,5,77
11807010,13,40,-2,79
11807520,23,31,-2,81
11808030,53,100,8,73
11808540,58,67,-14,87
11809050,37,34,-7,94
11809560,60,1,19,75
11810070,75,15,-4,79
11810580,90,62,3,76
11811090,46,63,-11,87
11811600,25,30,8,79
11812110,55,99,4,75
11812620,60,90,-4,79
11813130,42,9,-7,86
11813640,20,20,3,83
11814150,50,3,4,79
11814660,65,22,3,76
11815170,80,32,0,76
11815680,62,59,-5,81
11816190,96,26,0,81
11816700,78,53,-1,82
11817210,34,72,3,79
11817720,44,39,4,75
11818230,67,6,-2,77
11818740,82,83,1,76
11819250,64,84,-3,79
11819760,46,73,-7,86
11820270,12,40,5,81
11820780,19,31,-5,86
11821290,49,100,9,77
11821800,59,67,-6,83
11822310,38,34,0,83
11822820,61,1,9,74
11823330,43,20,-10,84
11823840,58,3,6,78
11824350,73,22,2,76
11824860,55,69,-14,90
11825370,78,36,8,82
11825880,60,46,0,82
11826390,85,29,5,77
11826900,67,56,-5,82
11827410,76,39,-1,83
11827920,101,53,7,76
11828430,57,80,3,73
11828940,39,47,-10,83
11829450,5,14,-2,85
11829960,57,32,0,85
11830470,82,15,3,82
11830980,97,42,3,79
11831490,79,69,1,78
11832000,8,70,-8,86
11832510,18,61,4,82
11833020,28,52,3,79
11833530,37,19,-5,84
11834040,62,2,8,76
11834550,77,21,-3,79
11835060,59,31,-2,81
11835570,84,42,6,75
11836080,66,56,-8,83
11836590,91,23,9,74
11837100,73,50,-1,75
11837610,29,51,-6,81
11838120,52,18,-1,82
11838630,67,24,4,78
11839140,49,38,-5,83
11839650,74,5,12,71
11840160,56,24,-10,81
11840670,81,43,4,77
11841180,37,57,-8,85
11841690,60,24,11,74
11842200,75,38,1,73
11842710,57,65,-6,79
11843220,80,74,1,78
11843730,62,75,2,76
11844240,44,64,-6,82
11844750,61,31,8,74
11845260,86,45,-6,80
11845770,42,59,-7,87
11846280,65,26,9,78
11846790,90,40,-2,80
11847300,72,54,0,80
11847810,81,55,-6,86
11848320,37,56,1,85
11848830,46,23,1,84
11849340,71,6,6,78
11849850,53,25,-1,79
11850360,78,8,2,77
11850870,60,18,-2,79
11851380,67,28,3,76
11851890,92,42,6,70
11852400,48,69,-13,83
11852910,71,36,3,80
11853420,53,50,-2,82
11853930,76,17,4,78
11854440,58,64,-2,80
11854950,37,31,-7,87
11855460,60,100,13,74
11855970,65,19,-3,77
11856480,80,66,-4,81
11856990,89,67,2,79
11857500,45,68,-1,80
11858010,24,35,-4,84
11858520,6,2,3,81
11859030,70,87,3,78
11859540,52,54,-5,83
11860050,61,21,4,79
11860560,68,31,-2,81
11861070,93,45,2,79
11861580,49,59,1,78
11862090,28,26,-8,86
11862600,51,95,5,81
11863110,56,62,-3,84
11863620,22,29,7,77
11864130,52,98,3,74
11864640,7,65,-6,80
11865150,17,56,-2,82
11865660,27,47,2,80
11866170,57,14,3,77
11866680,64,61,1,76
11867190,73,28,7,69
11867700,55,42,-18,87
11868210,80,25,8,79
11868720,62,39,-5,84
11869230,87,22,8,76
11869740,69,49,-6,82
11870250,25,68,1,81
11870760,35,59,-6,87
11871270,58,26,12,75
11871780,83,40,1,74
11872290,65,54,-7,81
11872800,44,21,-1,82
11873310,51,4,2,80
11873820,66,14,3,77
11874330,73,61,-8,85
11874840,98,62,5,80
11875350,54,63,-1,81
11875860,33,30,-5,86
11876370,56,99,11,75
11876880,61,66,-10,85
11877390,40,33,2,83
11877900,59,16,3,80
11878410,66,39,-8,88
11878920,91,22,11,77
11879430,73,49,-4,81
11879940,98,68,0,81
11880450,54,69,0,81
11880960,33,36,-4,85
11881470,56,3,17,68
11881980,38,22,-12,80
11882490,63,5,10,70
11883000,45,15,-9,79
11883510,60,100,7,72
11884020,42,19,-11,83
11884530,57,2,5,78
11885040,72,21,2,76
11885550,54,68,0,76
11886060,60,35,-6,82
11886570,85,18,4,78
11887080,67,28,3,75
11887590,49,42,-6,81
11888100,58,9,5,76
11888610,40,19,-9,85
11889120,55,2,5,80
11889630,70,21,11,69
11890140,52,31,-15,84
11890650,77,14,4,80
11891160,92,24,4,76
11891670,48,51,-1,77
11892180,71,18,4,73
11892690,53,28,-5,78
11893200,78,42,3,75
11893710,34,56,-8,83
11894220,43,23,6,77
11894730,58,6,-2,79
11895240,73,25,5,74
11895750,55,39,-7,81
11896260,80,22,10,71
11896770,62,32,-9,80
11897280,87,51,1,79
11897790,43,65,-4,83
11898300,22,32,3,80
11898810,52,101,4,76
11899320,57,68,-10,86
11899830,80,35,14,72
11900340,62,49,-9,81
11900850,87,32,3,78
11901360,69,46,-3,81
11901870,94,47,3,78
11902380,50,61,-2,80
11902890,29,28,-4,84
11903400,52,97,9,75
11903910,57,64,-8,83
11904420,36,31,-3,86
11904930,64,14,4,82
11905440,79,24,8,74
11905950,61,34,-4,78
11906460,86,48,1,77
11906970,42,49,-6,83
11907480,65,16,4,79
11907990,80,26,4,75
11908500,62,40,-9,84
11909010,87,23,7,77
11909520,69,33,-1,78
11910030,94,47,0,78
11910540,50,48,-9,87
11911050,73,15,17,70
11911560,55,25,-13,83
11912070,80,8,11,72
11912580,62,18,-7,79
11913090,69,22,3,76
11913600,84,45,2,74
11914110,40,59,-8,82
11914620,19,26,-3,85
11915130,47,9,8,77
11915640,62,94,2,75
11916150,44,95,-1,76
11916660,49,84,4,72
11917170,54,51,-8,80
11917680,33,18,-7,87
11918190,61,1,19,68
11918700,43,20,-12,80
11919210,58,3,2,78
11919720,73,22,8,70
11920230,55,36,-11,81
11920740,80,19,10,71
11921250,62,29,-10,81
11921760,57,12,1,80
11922270,64,22,4,76
11922780,71,45,-8,84
11923290,96,28,2,82
11923800,78,55,0,82
11924310,1,56,-2,84
11924820,8,47,7,77
11925330,18,38,-7,84
11925840,48,5,8,76
11926350,63,15,-1,77
11926860,70,25,1,76
11927370,77,48,-8,84
11927880,0,52,8,76
11928390,7,43,-8,84
11928900,17,34,4,80
11929410,98,1,0,80
11929920,80,20,5,75
11930430,62,30,-4,79
11930940,87,13,-2,81
11931450,63,23,8,73
11931960,78,27,2,71
11932470,60,41,-6,77
11932980,67,24,1,76
11933490,74,28,0,76
11934000,56,42,-4,80
11934510,81,25,3,77
11935020,63,52,-8,85
11935530,88,35,5,80
11936040,70,49,1,79
11936550,95,32,4,75
11937060,77,46,-1,76
11937570,33,60,-7,83
11938080,42,27,1,82
11938590,61,10,3,79
11939100,76,20,4,75
11939610,83,30,-1,76
11940120,65,44,-8,84
11940630,90,27,12,72
11941140,72,54,-7,79
11941650,1,37,-1,80
11942160,11,28,-3,83
11942670,41,46,1,82
11943180,71,13,7,75
11943690,53,23,-6,81
11944200,78,6,12,69
11944710,54,25,-9,78
11945220,79,8,4,74
11945730,55,18,-5,79
11946240,70,1,4,75
11946750,52,20,-5,80
11947260,59,3,2,78
11947770,66,13,4,74
11948280,73,23,-1,75
11948790,80,33,2,73
11949300,62,47,-6,79
11949810,20,48,-2,81
11950320,30,15,-3,84
11950830,58,100,5,79
11951340,63,36,-3,82
11951850,88,19,7,75
11952360,64,46,-6,81
11952870,26,29,4,77
11953380,56,98,2,75
11953890,61,17,-1,76
11954400,68,27,-2,78
11954910,75,41,1,77
11955420,31,55,-4,81
11955930,10,22,4,77
11956440,75,40,-4,81
11956950,100,54,4,77
11957460,56,68,0,77
11957970,35,35,-8,85
11958480,54,2,8,77
11958990,69,21,3,74
11959500,76,35,-1,75
11960010,101,49,-7,82
11960520,57,76,-1,83
11961030,36,43,3,80
11961540,66,10,1,79
11962050,73,20,6,73
11962560,80,34,3,70
11963070,36,48,-7,77
11963580,59,15,2,75
11964090,66,25,-1,76
11964600,73,39,-4,80
11965110,98,53,4,76
11965620,54,67,-4,80
11966130,33,34,-9,89
11966640,56,1,14,75
11967150,75,20,2,73
11967660,57,47,-16,89
11968170,82,14,13,76
11968680,58,41,-7,83
11969190,83,24,5,78
11969700,39,34,-8,86
11970210,62,17,12,74
11970720,69,27,-6,80
11971230,76,41,2,78
11971740,32,55,-4,82
11972250,55,22,4,78
11972760,80,26,3,75
11973270,62,53,-6,81
11973780,20,20,3,78
11974290,50,3,-1,79
11974800,65,22,6,73
11975310,72,45,-1,74
11975820,97,59,-5,79
11976330,53,60,1,78
11976840,32,27,-7,85
11977350,51,96,7,78
11977860,56,15,3,75
11978370,63,25,1,74
11978880,88,39,1,73
11979390,44,53,-9,82
11979900,23,20,6,76
11980410,48,89,-1,77
11980920,53,56,-4,81
11981430,76,23,6,75
11981940,83,37,-6,81
11982450,6,51,1,80
11982960,5,42,2,78
11983470,15,33,-2,80
11983980,45,0,6,74
11984490,46,25,-11,85
11985000,71,8,15,70
11985510,53,18,-8,78
11986020,78,22,5,73
11986530,85,49,-4,77
11987040,8,63,-4,81
11987550,15,46,4,77
11988060,25,37,-5,82
11988570,55,4,5,77
11989080,70,14,1,76
11989590,85,24,5,71
11990100,67,51,-8,79
11990610,92,52,2,77
11991120,48,66,-8,85
11991630,27,33,10,75
11992140,46,0,-2,77
11992650,47,19,-2,79
11993160,72,2,3,76
11993670,54,21,-4,80
11994180,79,4,6,74
11994690,61,14,4,70
11995200,68,24,-12,82
11995710,75,47,6,76
11996220,100,48,-2,78
11996730,56,75,-1,79
11997240,35,42,-4,83
11997750,58,6,9,74
11998260,65,16,-2,76
11998770,72,26,1,75
11999280,97,36,-3,78
11999790,79,63,-2,80
12000300,2,64,-4,84
12000810,9,47,1,83
12001320,19,38,2,81
12001830,28,5,-4,85
12002340,43,90,11,74
12002850,48,57,-12,86
12003360,71,24,11,75
12003870,96,34,-5,80
12004380,78,61,6,74
12004890,1,62,-3,77
12005400,8,84,-6,83
12005910,15,67,5,78
12006420,25,101,-5,83
12006930,35,33,2,81
12007440,60,0,11,70
12007950,42,19,-14,84
12008460,61,2,6,78
12008970,76,12,7,71
12009480,101,39,-12,83
12009990,83,66,7,76
12010500,39,67,-1,77
12011010,48,34,-12,89
12011520,73,17,19,70
12012030,80,27,-4,74
12012540,62,41,-6,80
12013050,87,24,9,71
12013560,69,51,-10,81
12014070,94,52,-2,83
12014580,50,79,7,76
12015090,59,46,-3,79
12015600,84,29,1,78
12016110,66,56,-7,85
12016620,24,39,-3,88
12017130,47,6,7,81
12017640,62,45,-5,86
12018150,87,28,9,77
12018660,69,55,-4,81
12019170,94,56,-3,84
12019680,17,83,2,82
12020190,27,15,-2,84
12020700,52,100,13,71
12021210,57,67,-12,83
12021720,80,34,10,73
12022230,62,48,-9,82
12022740,87,31,8,74
12023250,69,58,-14,88
12023760,94,41,11,77
12024270,76,68,-6,83
12024780,42,69,4,79
12025290,67,99,6,73
12025800,72,18,1,72
12026310,79,45,-4,76
12026820,35,72,1,75
12027330,60,39,-11,86
12027840,85,22,9,77
12028350,67,49,-4,81
12028860,92,32,7,74
12029370,74,59,-11,85
12029880,99,60,7,78
12030390,55,87,2,76
12030900,60,6,1,75
12031410,75,16,5,70
12031920,90,43,-4,74
12032430,46,70,-7,81
12032940,12,37,2,79
12033450,19,28,0,79
12033960,49,97,2,77
12034470,54,64,-7,84
12034980,33,31,2,82
12035490,56,100,3,79
12036000,61,19,4,75
12036510,76,42,2,73
12037020,32,57,-9,82
12037530,55,24,-4,86
12038040,80,7,12,74
12038550,95,34,-5,79
12039060,77,61,-2,81
12039570,0,62,5,76
12040080,7,53,-10,86
12040590,17,44,5,81
12041100,26,35,-5,86
12041610,49,2,13,73
12042120,64,15,-6,79
12042630,79,25,7,72
12043140,61,52,-13,85
12043650,86,35,11,74
12044160,68,62,-11,85
12044670,93,29,10,75
12045180,75,56,-5,80
12045690,100,57,-5,85
12046200,56,84,10,75
12046710,61,51,-5,80
12047220,86,18,8,72
12047730,68,45,-10,82
12048240,93,49,4,78
12048750,49,10,1,77
12049260,64,49,-3,80
12049770,89,53,2,78
12050280,45,80,0,78
12050790,50,47,0,78
12051300,75,14,7,71
12051810,57,41,-17,88
12052320,82,24,12,76
12052830,64,51,-5,81
12053340,89,34,-1,82
12053850,71,61,-1,83
12054360,96,62,0,83
12054870,52,63,2,81
12055380,75,30,7,74
12055890,57,44,-7,81
12056400,82,27,6,75
12056910,64,54,-7,82
12057420,89,37,-2,84
12057930,71,64,8,76
12058440,37,65,-1,77
12058950,62,32,-1,78
12059460,87,15,5,73
12059970,63,42,-3,76
12060480,88,46,-3,79
12060990,44,60,-4,83
12061500,10,79,2,81
12062010,20,62,4,77
12062520,30,53,-5,82
12063030,39,20,0,82
12063540,54,3,8,74
12064050,69,33,-4,78
12064560,94,47,-1,79
12065070,50,74,2,77
12065580,59,41,-2,79
12066090,84,42,2,77
12066600,40,69,-7,84
12067110,49,36,2,82
12067620,74,19,5,77
12068130,81,46,-2,79
12068640,37,60,-4,83
12069150,46,90,11,72
12069660,51,9,-6,78
12070170,58,48,-5,83
12070680,83,15,3,80
12071190,98,37,3,77
12071700,80,64,-1,78
12072210,9,65,-5,83
12072720,16,72,-2,85
12073230,26,99,6,79
12073740,36,31,-8,87
12074250,59,58,7,80
12074760,73,25,3,77
12075270,80,52,-3,80
12075780,36,53,-1,81
12076290,59,20,2,79
12076800,84,34,7,72
12077310,66,61,-11,83
12077820,91,62,3,80
12078330,47,63,1,79
12078840,13,30,-2,81
12079350,43,99,4,77
12079860,48,31,-4,81
12080370,73,14,9,72
12080880,80,41,-6,78
12081390,87,68,3,75
12081900,43,69,-1,76
12082410,52,36,-7,83
12082920,77,19,6,77
12083430,84,46,-6,83
12083940,40,73,6,77
12084450,49,40,-7,84
12084960,74,23,8,76
12085470,81,50,-5,81
12085980,37,51,-1,82
12086490,60,18,0,82
12087000,67,22,6,76
12087510,74,49,-1,77
12088020,99,50,1,76
12088530,55,77,-3,79
12089040,31,98,-5,84
12089550,41,30,7,77
12090060,66,13,1,76
12090570,73,40,-3,79
12091080,98,54,0,79
12091590,54,81,8,71
12092100,59,82,-11,82
12092610,25,49,2,80
12093120,34,16,-2,82
12093630,49,101,6,76
12094140,54,33,-8,84
12094650,79,16,13,71
12095160,55,43,-10,81
12095670,80,26,2,79
12096180,62,53,1,78
12096690,87,54,0,78
12097200,43,81,5,73
12097710,52,0,-2,75
12098220,67,30,-5,80
12098730,92,44,4,76
12099240,48,71,-7,83
12099750,14,38,4,79
12100260,21,29,-3,82
12100770,51,12,5,77
12101280,58,51,-7,84
12101790,83,18,6,78
12102300,90,45,0,78
12102810,46,72,-8,86
12103320,69,39,7,79
12103830,94,53,3,76
12104340,50,80,-1,77
12104850,55,47,-3,80
12105360,80,14,7,73
12105870,3,41,-3,76
12106380,10,32,-2,78
12106890,17,23,0,78
12107400,36,6,-7,85
12107910,37,31,5,80
12108420,62,100,4,76
12108930,67,36,-5,81
12109440,92,40,5,76
12109950,48,67,-2,78
12110460,14,34,0,78
12110970,23,25,-4,82
12111480,53,94,4,78
12111990,58,1,4,74
12112500,73,31,-2,76
12113010,98,58,-4,80
12113520,54,85,5,75
12114030,59,4,2,73
12114540,66,34,-4,77
12115050,91,48,0,77
12115560,47,75,-3,80
12116070,56,42,0,80
12116580,81,25,8,72
12117090,55,52,-9,81
12117600,80,59,1,80
12118110,3,60,4,76
12118620,10,67,-2,78
12119130,20,94,-6,84
12119640,30,26,-1,85
12120150,55,95,8,77
12120660,60,31,-1,78
12121170,51,35,-3,81
12121680,9,18,3,78
12122190,39,1,-6,84
12122700,40,26,-3,87
12123210,65,9,11,76
12123720,80,36,2,74
12124230,3,63,-6,80
12124740,10,85,1,79
12125250,20,17,-2,81
12125760,50,0,1,80
12126270,65,30,1,79
12126780,72,44,1,78
12127290,97,48,-3,81
12127800,53,75,0,81
12128310,19,42,-2,83
12128820,28,9,1,82
12129330,29,94,5,77
12129840,39,26,-1,78
12130350,99,9,-3,81
12130860,75,36,3,78
12131370,100,63,-4,82
12131880,56,90,11,71
12132390,61,26,-2,73
12132900,86,40,-6,79
12133410,42,67,-5,84
12133920,67,34,2,82
12134430,92,38,4,78
12134940,48,65,0,78
12135450,27,32,0,78
12135960,50,101,-1,79
12136470,55,33,-1,80
12136980,80,16,4,76
12137490,87,43,0,76
12138000,43,57,-8,84
12138510,22,24,1,83
12139020,41,93,7,76
12139530,51,25,-6,82
12140040,76,8,8,74
12140550,83,35,1,73
12141060,39,49,-5,78
12141570,62,16,-1,79
12142080,69,43,-9,88
12142590,94,47,6,82
12143100,50,61,0,82
12143610,29,28,3,79
12144120,52,97,3,76
12144630,57,64,-5,81
12145140,23,31,1,80
12145650,46,100,3,77
12146160,56,89,2,75
12146670,61,25,-6,81
12147180,86,29,6,75
12147690,68,56,-11,86
12148200,27,57,4,82
12148710,36,24,-1,83
12149220,61,7,10,73
12149730,68,83,-4,77
12150240,34,19,-7,84
12150750,62,2,7,77
12151260,69,32,1,76
12151770,94,46,2,74
12152280,50,73,-7,81
12152790,59,40,2,79
12153300,84,23,1,78
12153810,66,50,-6,84
12154320,91,51,7,77
12154830,47,78,2,75
12155340,56,99,2,73
12155850,61,35,-9,82
12156360,81,18,7,75
12156870,63,45,-9,84
12157380,21,28,6,78
12157890,51,97,-1,79
12158400,60,33,2,77
12158910,85,47,3,74
12159420,41,61,-7,81
12159930,50,28,1,80
12160440,75,11,7,73
12160950,57,38,-12,85
12161460,15,21,5,80
12161970,45,31,-4,84
12162480,70,14,13,71
12162990,52,41,-11,82
12163500,77,24,5,77
12164010,84,38,4,73
12164520,40,65,-10,83
12165030,49,32,6,77
12165540,74,15,3,74
12166050,81,42,0,74
12166560,37,56,-6,80
12167070,60,23,3,77
12167580,67,27,-2,79
12168090,92,41,7,72
12168600,48,68,-10,82
12169110,65,35,8,74
12169620,72,49,-8,82
12170130,97,53,1,81
12170640,53,80,0,81
12171150,62,47,2,79
12171660,87,51,2,77
12172170,43,52,-7,84
12172680,66,19,8,76
12173190,73,23,0,76
12173700,80,50,-1,77
12174210,36,54,-7,84
12174720,15,21,5,79
12175230,80,90,7,72
12175740,46,26,-14,86
12176250,71,9,10,76
12176760,53,36,-5,81
12177270,78,71,-1,82
12177780,87,72,2,80
12178290,66,73,0,80
12178800,48,40,-5,85
12179310,73,23,10,75
12179820,55,37,-11,86
12180330,80,20,7,79
12180840,87,47,3,76
12181350,43,74,-5,81
12181860,52,41,-2,83
12182370,77,8,5,78
12182880,59,35,-3,81
12183390,84,39,1,80
12183900,66,53,0,80
12184410,73,54,1,79
12184920,29,55,-1,80
12185430,38,22,-5,85
12185940,57,5,8,77
12186450,64,35,0,77
12186960,71,39,-2,79
12187470,78,43,1,78
12187980,34,57,-1,79
12188490,43,24,-6,85
12189000,68,7,14,71
12189510,50,34,-11,82
12190020,8,17,1,81
12190530,72,35,3,78
12191040,54,49,-4,82
12191550,79,16,8,74
12192060,61,43,-6,80
12192570,86,47,2,78
12193080,42,61,-4,82
12193590,21,28,5,77
12194100,51,97,0,77
12194610,61,64,-5,82
12195120,40,31,-8,90
12195630,65,14,11,79
12196140,72,37,-1,80
12196650,79,51,-1,81
12197160,35,52,0,81
12197670,1,19,1,80
12198180,11,37,-2,82
12198690,21,28,-4,86
12199200,51,97,13,73
12199710,61,64,-12,85
12200220,40,31,13,72
12200730,65,100,0,72
12201240,47,36,-11,83
12201750,72,19,11,72
12202260,54,46,-6,78
12202770,79,13,3,75
12203280,61,40,-8,83
12203790,86,44,9,74
12204300,42,71,-2,76
12204810,52,38,-3,79
12205320,10,21,-4,83
12205830,72,39,10,73
12206340,28,66,-5,78
12206850,38,33,-14,92
12207360,61,0,17,75
12207870,68,30,-4,79
12208380,75,44,1,78
12208890,31,48,-7,85
12209400,54,15,8,77
12209910,61,26,0,77
12210420,68,30,-3,80
12210930,93,57,-2,82
12211440,49,58,-5,87
12211950,28,25,5,82
12212460,56,94,0,82
12212970,66,61,-2,84
12213480,91,28,8,76
12213990,73,55,-4,80
12214500,29,56,0,80
12215010,38,23,-6,86
12215520,63,6,13,73
12216030,45,36,-12,85
12216540,3,3,8,77
12217050,59,42,-1,78
12217560,84,46,1,77
12218070,40,73,-4,81
12218580,49,40,5,76
12219090,77,7,5,71
12219600,59,34,-9,80
12220110,84,38,3,77
12220620,66,65,-5,82
12221130,24,32,6,76
12221640,84,101,-7,83
12222150,66,37,1,82
12222660,91,51,2,80
12223170,47,78,6,74
12223680,56,45,-7,81
12224190,81,28,5,76
12224700,63,55,-7,83
12225210,21,22,-2,85
12225720,87,91,14,71
12226230,69,92,-6,77
12226740,51,59,-7,84
12227250,30,26,1,83
12227760,53,95,6,77
12228270,63,62,-4,81
12228780,42,29,-2,83
12229290,0,12,-2,85
12229800,8,30,12,73
12230310,18,48,-11,84
12230820,28,15,3,81
12231330,56,84,3,78
12231840,22,51,-9,87
12232350,50,18,3,84
12232860,75,1,11,73
12233370,57,28,-7,80
12233880,82,32,4,76
12234390,5,59,-6,82
12234900,15,50,8,74
12235410,25,41,-3,77
12235920,48,8,-4,81
12236430,63,12,7,74
12236940,70,35,-6,80
12237450,95,39,1,79
12237960,77,66,-5,84
12238470,35,67,-3,87
12238980,60,34,2,85
12239490,85,17,8,77
12240000,67,44,-5,82
12240510,74,48,2,80
12241020,30,52,-3,83
12241530,53,19,3,80
12242040,78,23,7,73
12242550,60,50,-10,83
12243060,85,17,12,71
12243570,67,44,-12,83
12244080,92,48,9,74
12244590,48,62,-3,77
12245100,71,29,-5,82
12245610,96,33,7,75
12246120,78,60,-9,84
12246630,1,64,11,73
12247140,57,86,-10,83
12247650,66,53,-8,91
12248160,91,36,17,74
12248670,73,63,-11,85
12249180,31,64,6,79
12249690,56,31,-8,87
12250200,81,14,17,70
12250710,63,41,-9,79
12251220,88,45,8,71
12251730,44,59,-17,88
12252240,23,26,10,78
12252750,46,95,4,74
12253260,56,62,-13,87
12253770,35,29,3,84
12254280,63,98,8,76
12254790,68,34,-9,85
12255300,93,38,9,76
12255810,75,65,-3,79
12256320,33,66,-7,86
12256830,58,33,5,81
12257340,83,37,2,79
12257850,65,51,0,79
12258360,23,52,2,77
12258870,33,19,-3,80
12259380,61,2,5,75
12259890,68,29,-5,80
12260400,75,43,0,80
12260910,100,70,0,80
12261420,56,71,-2,82
12261930,35,38,-3,85
12262440,54,5,9,76
12262950,69,35,-2,78
12263460,76,49,-4,82
12263970,32,53,2,80
12264480,55,20,0,80
12264990,80,24,6,74
12265500,62,38,-10,84
12266010,87,42,6,78
12266520,69,56,-5,83
12267030,94,60,-2,85
12267540,50,61,-5,90
12268050,29,28,1,89
12268560,52,97,16,73
12269070,57,64,-10,83
12269580,36,31,0,83
12270090,61,100,8,75
12270600,66,36,-7,82
12271110,91,40,5,77
12271620,73,67,-3,80
12272130,52,3,-2,82
12272640,67,33,4,78
12273150,92,37,-6,84
12273660,74,64,3,81
12274170,40,65,0,81
12274680,19,32,-4,85
12275190,81,15,9,76
12275700,63,42,-3,79
12276210,70,46,-1,80
12276720,77,50,1,79
12277230,33,77,-1,80
12277740,43,44,-2,82
12278250,66,11,2,80
12278760,7,38,-2,82
12279270,17,29,5,77
12279780,79,98,8,69
12280290,61,34,-10,79
12280800,86,38,4,75
12281310,68,52,0,75
12281820,24,56,-6,81
12282330,34,23,2,79
12282840,62,6,5,74
12283350,44,36,-8,82
12283860,63,3,0,82
12284370,45,33,-7,89
12284880,64,16,11,78
12285390,71,54,0,78
12285900,78,58,0,78
12286410,34,62,-6,84
12286920,43,29,-3,87
12287430,62,12,9,78
12287940,69,35,-3,81
12288450,94,42,3,78
12288960,76,69,-5,83
12289470,55,70,2,81
12289980,34,37,-3,84
12290490,57,4,7,77
12291000,72,34,-2,79
12291510,97,41,1,78
12292020,79,68,1,77
12292530,45,69,-1,78
12293040,11,36,-6,84
12293550,10,54,7,77
12294060,20,45,0,77
12294570,30,12,-4,81
12295080,58,97,3,78
12295590,63,33,0,78
12296100,82,47,1,77
12296610,38,61,-7,84
12297120,17,28,1,83
12297630,79,97,6,77
12298140,61,33,-3,80
12298650,86,37,8,72
12299160,42,64,-11,83
12299670,65,31,7,76
12300180,72,35,-3,79
12300690,97,49,10,69
12301200,53,76,-12,81
12301710,32,43,-8,89
12302220,62,10,13,76
12302730,69,33,-11,87
12303240,76,37,10,77
12303750,58,51,-10,87
12304260,77,18,17,70
12304770,59,56,-13,83
12305280,84,23,8,75
12305790,66,50,-8,83
12306300,24,54,5,78
12306810,34,21,-8,86
12307320,62,90,6,80
12307830,28,26,1,79
12308340,53,95,4,75
12308850,63,31,-4,79
12309360,88,35,2,77
12309870,23,49,-2,79
12310380,33,16,0,79
12310890,61,101,1,78
12311400,71,37,1,77
12311910,27,41,-3,80
12312420,6,8,-1,81
12312930,101,26,5,76
12313440,83,53,-5,81
12313950,39,67,-1,82
12314460,48,34,-2,84
12314970,73,17,7,77
12315480,80,44,-2,79
12315990,36,48,-3,82
12316500,59,15,6,76
12317010,66,53,-10,86
12317520,85,54,11,75
12318030,41,68,-5,80
12318540,7,35,-2,82
12319050,17,26,7,75
12319560,79,95,-4,79
12320070,45,31,-2,81
12320580,64,35,-7,88
12321090,89,39,6,82
12321600,71,66,0,82
12322110,90,2,3,79
12322620,72,21,4,75
12323130,79,59,-3,78
12323640,35,60,-4,82
12324150,14,27,2,80
12324660,76,96,1,79
12325170,58,32,3,76
12325680,77,36,2,74
12326190,59,50,-11,85
12326700,78,17,13,72
12327210,60,44,-11,83
12327720,79,48,5,78
12328230,35,52,-2,80
12328740,14,19,0,80
12329250,76,88,1,79
12329760,58,24,-1,80
12330270,83,28,0,80
12330780,65,42,-2,82
12331290,84,46,5,77
12331800,40,73,-1,78
12332310,50,40,-1,79
12332820,69,7,8,71
12333330,84,79,-8,79
12333840,50,68,-3,82
12334350,16,35,-2,84
12334860,46,2,7,77
12335370,61,27,0,77
12335880,68,31,6,71
12336390,93,45,-12,83
12336900,49,59,1,82
12337410,28,26,0,82
12337920,47,95,3,79
12338430,57,62,-3,82
12338940,36,29,2,80
12339450,55,98,4,76
12339960,65,34,-1,77
12340470,90,38,-2,79
12340980,72,52,-3,82
12341490,30,56,2,80
12342000,40,23,-9,89
12342510,68,6,12,77
12343020,50,16,-6,83
12343530,57,20,7,76
12344040,72,24,1,75
12344550,54,47,-6,81
12345060,73,69,-1,82
12345570,5,5,-2,84
12346080,79,23,7,77
12346590,61,37,-7,84
12347100,80,41,7,77
12347610,36,68,-10,87
12348120,53,35,6,81
12348630,72,39,2,79
12349140,79,43,0,79
12349650,35,47,-5,84
12350160,58,14,9,75
12350670,65,37,-8,83
12351180,84,41,-1,84
12351690,40,68,6,78
12352200,19,35,-6,84
12352710,49,2,4,80
12353220,64,21,7,73
12353730,71,44,-8,81
12354240,96,48,1,80
12354750,52,62,-5,85
12355260,98,29,7,78
12355770,80,56,-2,80
12356280,36,60,-3,83
12356790,15,27,3,80
12357300,77,96,3,77
12357810,59,63,-8,85
12358320,38,30,-1,86
12358830,16,99,0,86
12359340,26,31,4,82
12359850,49,100,5,77
12360360,59,67,-5,82
12360870,38,34,1,81
12361380,57,1,8,73
12361890,62,31,-4,77
12362400,81,35,3,74
12362910,37,49,-8,82
12363420,16,16,5,77
12363930,78,54,-9,86
12364440,1,58,6,80
12364950,11,49,-3,83
12365460,21,40,2,81
12365970,0,7,-8,89
12366480,74,16,17,72
12366990,81,43,-3,75
12367500,37,57,-10,85
12368010,60,24,8,77
12368520,85,28,2,75
12369030,41,55,-10,85
12369540,20,22,3,82
12370050,82,91,6,76
12370560,48,58,-10,86
12371070,27,25,-1,87
12371580,64,94,11,76
12372090,30,61,-6,82
12372600,40,28,-7,89
12373110,68,97,16,73
12373620,50,64,-11,84
12374130,29,31,-1,85
12374640,48,100,6,79
12375150,58,67,-2,81
12375660,37,34,-3,84
12376170,65,1,10,74
12376680,47,20,-18,92
12377190,66,24,16,76
12377700,73,28,1,75
12378210,88,42,2,73
12378720,44,56,-13,86
12379230,23,23,2,84
12379740,42,92,4,80
12380250,52,59,0,80
12380760,31,26,-7,87
12381270,50,95,10,77
12381780,60,62,-10,87
12382290,39,29,-3,90
12382800,67,98,10,80
12383310,33,65,-4,84
12383820,43,32,1,83
12384330,71,101,9,74
12384840,53,37,-13,87
12385350,81,20,12,75
12385860,88,34,0,75
12386370,44,61,-6,81
12386880,23,28,-6,87
12387390,42,97,15,72
12387900,52,64,-15,87
12388410,31,31,4,83
12388920,59,100,9,74
12389430,41,67,-9,83
12389940,7,34,0,83
12390450,17,25,-3,86
12390960,79,94,9,77
12391470,45,61,-4,81
12391980,24,28,-2,83
12392490,43,97,8,75
12393000,53,64,-6,81
12393510,32,31,-3,84
12394020,51,100,11,73
12394530,61,67,-4,77
12395040,40,34,-7,84
12395550,59,1,4,80
12396060,74,31,1,79
12396570,99,45,-2,81
12397080,55,72,-2,83
12397590,34,39,3,80
12398100,62,6,5,75
12398610,69,16,-5,80
12399120,84,39,5,75
12399630,40,53,-7,82
12400140,19,20,-1,83
12400650,38,3,1,82
12401160,53,14,5,77
12401670,68,18,2,75
12402180,75,28,-3,78
12402690,55,10,1,77
12403200,70,33,1,76
12403710,95,47,-3,79
12404220,51,61,-9,88
12404730,30,28,3,85
12405240,49,97,9,76
12405750,15,64,-4,80
12406260,25,55,-3,83
12406770,50,22,-2,85
12407280,69,5,11,74
12407790,84,15,-2,76
12408300,60,42,-2,78
12408810,79,46,-4,82
12409320,2,60,0,82
12409830,12,51,7,75
12410340,22,42,-5,80
12410850,41,9,-2,82
12411360,60,94,10,72
12411870,42,61,-12,84
12412380,8,28,4,80
12412890,18,46,0,80
12413400,28,13,-8,88
12413910,47,82,12,76
12414420,13,49,-6,82
12414930,23,40,0,82
12415440,42,7,6,76
12415950,57,11,-4,80
12416460,64,34,0,80
12416970,89,48,1,79
12417480,45,94,6,73
12417990,11,61,-6,79
12418500,21,91,-2,81
12419010,31,98,0,81
12419520,41,30,2,79
12420030,60,99,5,74
12420540,42,66,-4,78
12421050,8,33,-5,83
12421560,18,24,2,81
12422070,37,93,-5,86
12422580,47,60,2,84
12423090,26,27,-2,86
12423600,45,96,4,82
12424110,11,63,-5,87
12424620,21,54,7,80
12425130,31,21,-4,84
12425640,50,90,9,75
12426150,16,57,-6,81
12426660,26,48,1,80
12427170,5,15,-2,82
12427680,86,33,11,71
12428190,42,47,-9,80
12428700,21,14,-6,86
12429210,49,83,10,76
12429720,15,50,-3,79
12430230,25,41,-4,83
12430740,4,8,0,83
12431250,78,26,8,75
12431760,34,40,-5,80
12432270,13,7,2,78
12432780,75,76,1,77
12433290,41,43,-4,81
12433800,60,10,4,77
12434310,67,20,3,74
12434820,74,34,-6,80
12435330,99,48,0,80
12435840,55,75,1,79
12436350,34,42,-2,81
12436860,13,9,-2,83
12437370,75,15,8,75
12437880,100,42,-6,81
12438390,56,69,-3,84
12438900,35,36,-2,86
12439410,54,3,7,79
12439920,73,33,2,77
12440430,80,47,0,77
12440940,36,74,-5,82
12441450,55,41,3,79
12441960,94,45,1,78
12442470,50,72,3,75
12442980,29,39,-11,86
12443490,48,6,1,85
12444000,67,9,12,73
12444510,92,19,-10,83
12445020,68,46,5,78
12445530,26,60,-8,86
12446040,45,27,-1,87
12446550,64,10,13,74
12447060,79,20,3,71
12447570,2,47,-9,80
12448080,12,38,-1,81
12448590,19,29,5,76
12449100,38,98,-3,79
12449610,48,30,0,79
12450120,67,13,4,75
12450630,74,51,-8,83
12451140,99,65,7,76
12451650,55,92,2,74
12452160,21,59,-13,87
12452670,31,26,3,84
12453180,56,95,2,82
12453690,22,62,-4,86
12454200,32,53,-1,87
12454710,51,20,5,82
12455220,76,24,8,74
12455730,101,38,-7,81
12456240,57,65,4,77
12456750,36,32,-13,90
12457260,55,101,14,76
12457770,21,68,-6,82
12458280,31,65,-1,83
12458790,50,32,3,80
12459300,69,36,2,78
12459810,94,50,2,76
12460320,50,77,-3,79
12460830,16,44,3,76
12461340,26,11,-5,81
12461850,29,80,-3,84
12462360,48,82,11,73
12462870,67,49,-9,82
12463380,86,53,8,74
12463890,42,80,-7,81
12464400,61,47,-1,82
12464910,80,61,-4,86
12465420,36,62,1,85
12465930,55,29,2,83
12466440,80,33,8,75
12466950,3,47,-3,78
12467460,53,38,-7,85
12467970,72,5,13,72
12468480,91,15,-6,78
12468990,67,25,1,77
12469500,92,39,3,74
12470010,48,66,-12,86
12470520,27,33,7,79
12471030,46,0,2,77
12471540,65,30,-4,81
12472050,90,37,6,75
12472560,46,64,-6,81
12473070,25,31,4,77
12473580,44,100,1,76
12474090,63,67,-4,80
12474600,42,34,-2,82
12475110,67,1,6,76
12475620,86,31,-3,79
12476130,42,45,-2,81
12476640,61,12,9,72
12477150,80,22,-3,75
12477660,3,49,-2,77
12478170,44,40,-5,82
12478680,63,7,4,78
12479190,82,37,5,73
12479700,38,51,-4,77
12480210,17,18,-5,82
12480720,36,87,-2,84
12481230,55,54,1,83
12481740,34,21,2,81
12482250,53,4,0,81
12482760,72,34,7,74
12483270,77,48,-4,78
12483780,33,62,-1,79
12484290,52,29,-4,83
12484800,71,12,7,76
12485310,96,22,-2,78
12485820,72,49,-3,81
12486330,30,59,0,81
12486840,84,26,3,78
12487350,7,53,3,75
12487860,17,44,-5,80
12488370,24,35,-9,89
12488880,43,2,12,77
12489390,58,32,0,77
12489900,83,36,-1,78
12490410,39,50,-5,83
12490920,18,17,-3,86
12491430,37,86,7,79
12491940,47,18,4,75
12492450,72,22,-1,76
12492960,97,36,-8,84
12493470,53,63,1,83
12493980,32,30,4,79
12494490,51,99,-1,80
12495000,17,66,2,78
12495510,27,7,-6,84
12496020,51,92,5,79
12496530,17,59,-3,82
12497040,27,50,0,82
12497550,6,54,8,74
12498060,16,45,-6,80
12498570,26,86,-2,82
12499080,36,18,-5,87
12499590,55,87,11,76
12500100,21,12,-6,82
12500610,40,97,1,81
12501120,50,29,-4,85
12501630,69,33,7,78
12502140,76,47,0,78
12502650,101,61,3,75
12503160,57,88,-1,76
12503670,23,13,-5,81
12504180,42,82,4,77
12504690,61,49,-12,89
12505200,80,16,14,75
12505710,56,43,-11,86
12506220,75,26,10,76
12506730,82,34,1,75
12507240,38,61,-9,84
12507750,4,28,6,78
12508260,14,19,1,77
12508770,74,37,0,77
12509280,30,44,-7,84
12509790,49,11,6,78
12510300,64,21,-2,80
12510810,89,44,3,77
12511320,56,71,-4,81
12511830,35,38,-11,92
12512340,54,5,15,77
12512850,73,35,-5,82
12513360,98,82,5,77
12513870,64,83,1,76
12514380,30,19,-7,83
12514890,49,2,0,83
12515400,68,32,5,78
12515910,87,46,-1,79
12516420,94,73,2,77
12516930,50,74,-1,78
12517440,16,41,-3,81
12517950,35,32,-3,84
12518460,54,101,8,76
12518970,20,37,-6,82
12519480,39,4,0,82
12519990,58,29,2,80
12520500,77,36,4,76
12521010,84,63,6,70
12521520,40,64,-12,82
12522030,6,31,4,78
12522540,16,22,-3,81
12523050,78,40,2,79
12523560,1,54,-7,86
12524070,11,72,-1,87
12524580,21,22,8,79
12525090,40,5,-9,88
12525600,41,30,5,83
12526110,60,13,6,77
12526620,67,40,-5,82
12527130,92,44,8,74
12527640,48,71,-7,81
12528150,14,38,2,79
12528660,79,29,4,75
12529170,86,56,-4,79
12529680,42,70,-5,84
12530190,8,37,0,84
12530700,18,28,11,73
12531210,80,97,0,73
12531720,43,22,-13,86
12532230,62,5,15,71
12532740,69,15,1,70
12533250,76,29,-10,80
12533760,83,37,7,73
12534270,39,51,-9,82
12534780,18,18,5,77
12535290,37,1,-3,80
12535800,56,26,2,78
12536310,81,30,5,73
12536820,37,57,-7,80
12537330,16,24,-2,82
12537840,78,93,8,74
12538350,44,18,-12,86
12538860,63,1,12,74
12539370,70,31,-4,78
12539880,77,45,-3,81
12540390,0,72,2,79
12540900,56,22,-5,84
12541410,81,26,14,70
12541920,37,53,-14,84
12542430,16,20,1,83
12542940,78,89,9,74
12543450,44,14,-12,86
12543960,22,99,3,83
12544470,32,31,0,83
12544980,51,100,6,77
12545490,61,67,-9,86
12546000,40,34,7,79
12546510,59,1,10,69
12547020,78,31,-12,81
12547530,85,39,9,72
12548040,41,66,-12,84
12548550,60,33,7,77
12549060,67,47,-3,80
12549570,86,51,5,75
12550080,42,78,-5,80
12550590,52,45,-1,81
12551100,71,12,1,80
12551610,78,39,5,75
12552120,34,53,-7,82
12552630,13,20,5,77
12553140,75,38,-2,79
12553650,82,65,-1,80
12554160,45,66,-4,84
12554670,11,33,6,78
12555180,21,24,5,73
12555690,83,93,-14,87
12556200,62,18,14,73
12556710,69,32,-1,74
12557220,76,40,-5,79
12557730,101,54,-1,80
12558240,57,81,0,80
12558750,23,48,-2,82
12559260,33,15,2,80
12559770,36,100,-5,85
12560280,46,32,-1,86
12560790,65,15,8,78
12561300,72,42,1,77
12561810,79,69,1,76
12562320,45,70,-3,79
12562830,11,37,-1,80
12563340,21,28,-2,82
12563850,83,97,10,72
12564360,46,33,-8,80
12564870,65,16,3,77
12565380,72,54,-5,82
12565890,30,58,3,79
12566400,40,25,-4,83
12566910,59,8,12,71
12567420,66,35,-6,77
12567930,91,39,-4,81
12568440,47,66,2,79
12568950,26,33,-1,80
12569460,91,0,-2,82
12569970,67,30,-3,85
12570480,74,44,0,85
12570990,99,48,1,84
12571500,55,75,-2,86
12572010,34,42,6,80
12572520,13,9,1,79
12573030,75,94,1,78
12573540,94,30,4,74
12574050,50,57,-11,85
12574560,29,24,2,83
12575070,48,7,-3,86
12575580,67,85,8,78
12576090,33,10,-4,82
12576600,36,95,1,81
12577110,46,27,1,80
12577620,65,10,0,80
12578130,72,37,-2,82
12578640,97,41,3,79
12579150,53,68,-5,84
12579660,32,35,0,84
12580170,51,2,3,81
12580680,70,32,-4,85
12581190,95,46,8,77
12581700,51,73,-6,83
12582210,30,40,1,82
12582720,9,7,0,82
12583230,71,92,7,75
12583740,37,28,-12,87
12584250,62,11,11,76
12584760,69,21,-3,79
12585270,76,48,3,76
12585780,32,58,-5,81
12586290,42,25,-3,84
12586800,67,8,8,76
12587310,74,35,3,73
12587820,81,49,-7,80
12588330,4,59,-3,83
12588840,14,9,2,81
12589350,76,94,3,78
12589860,42,30,-4,82
12590370,67,13,7,75
12590880,74,40,-5,80
12591390,99,54,6,74
12591900,55,81,-7,81
12592410,21,48,3,78
12592920,31,15,-5,83
12593430,34,100,2,81
12593940,43,32,2,79
12594450,68,15,2,77
12594960,75,42,0,77
12595470,100,69,-4,81
12595980,56,96,5,76
12596490,80,55,-7,83
12597000,36,59,3,80
12597510,15,26,2,78
12598020,75,95,0,78
12598530,41,31,-5,83
12599040,66,100,10,73
12599550,48,25,-10,83
12600060,67,8,6,77
12600570,74,38,-1,78
12601080,99,42,-6,84
12601590,55,69,3,81
12602100,34,36,-5,86
12602610,53,3,6,80
12603120,72,33,1,79
12603630,97,47,2,77
12604140,53,74,-4,81
12604650,19,41,2,79
12605160,29,8,-3,82
12605670,32,93,1,81
12606180,42,25,2,79
12606690,61,8,-2,81
12607200,80,38,6,75
12607710,3,65,-9,84
12608220,13,15,8,76
12608730,75,100,-1,77
12609240,41,36,0,77
12609750,66,3,4,73
12610260,35,84,-4,77
12610770,45,60,-5,82
12611280,24,27,-6,88
12611790,9,96,4,84
12612300,19,85,0,84
12612810,29,53,5,79
12613320,39,20,-3,82
12613830,58,3,1,81
12614340,77,33,5,76
12614850,0,41,-4,80
12615360,10,32,0,80
12615870,20,23,2,78
12616380,39,92,-2,80
12616890,49,68,-5,85
12617400,28,35,-3,88
12617910,56,2,9,79
12618420,75,32,3,76
12618930,82,40,2,74
12619440,38,54,-7,81
12619950,17,21,-3,84
12620460,77,4,12,72
12620970,46,14,-9,81
12621480,65,99,9,72
12621990,28,35,-6,78
12622500,7,2,-4,82
12623010,0,87,6,76
12623520,10,76,-2,78
12624030,20,26,0,78
12624540,71,95,-2,80
12625050,37,31,-2,82
12625560,62,14,3,79
12626070,69,24,2,77
12626580,76,32,-3,80
12627090,101,40,2,78
12627600,57,67,-1,79
12628110,74,29,6,73
12628620,99,56,-5,78
12629130,55,83,4,74
12629640,21,50,-9,83
12630150,31,17,-1,84
12630660,34,0,1,83
12631170,35,85,-2,85
12631680,45,47,0,85
12632190,24,14,5,80
12632700,27,99,-3,83
12633210,37,31,-12,95
12633720,62,14,17,78
12634230,69,18,8,70
12634740,76,26,1,69
12635250,101,34,-8,77
12635760,24,61,-5,82
12636270,34,28,-1,83
12636780,94,97,6,77
12637290,60,32,-6,83
12637800,85,15,11,72
12638310,61,42,-11,83
12638820,80,46,5,78
12639330,3,60,-6,84
12639840,13,51,1,83
12640350,23,42,2,81
12640860,53,9,1,80
12641370,72,13,7,73
12641880,48,40,-6,79
12642390,73,7,10,69
12642900,49,17,-9,78
12643410,74,0,-3,81
12643920,56,19,0,81
12644430,81,23,12,69
12644940,88,50,-6,75
12645450,44,77,3,72
12645960,54,44,-11,83
12646470,79,11,12,71
12646980,55,38,-11,82
12647490,80,21,9,73
12648000,3,48,-3,76
12648510,13,39,-4,80
12649020,23,30,0,80
12649530,83,99,3,77
12650040,49,34,-3,80
12650550,74,17,5,75
12651060,81,44,-5,80
12651570,4,58,-3,83
12652080,14,49,-2,85
12652590,24,40,2,83
12653100,54,7,3,80
12653610,73,11,7,73
12654120,49,89,0,73
12654630,59,78,-3,76
12655140,25,40,-4,80
12655650,93,7,8,72
12656160,69,34,-13,85
12656670,94,38,4,81
12657180,50,65,-4,85
12657690,29,32,1,84
12658200,54,101,10,74
12658710,78,37,-3,77
12659220,1,51,-1,78
12659730,11,42,0,78
12660240,21,33,-11,89
12660750,51,0,10,79
12661260,70,30,4,75
12661770,95,44,-4,79
12662280,51,71,-7,86
12662790,30,38,4,82
12663300,9,5,-1,83
12663810,70,90,10,73
12664320,36,26,-12,85
12664830,61,9,12,73
12665340,68,87,-4,77
12665850,34,23,-9,86
12666360,62,6,9,77
12666870,81,36,1,76
12667380,4,50,-2,78
12667890,14,41,1,77
12668400,24,32,-4,81
12668910,54,101,9,72
12669420,78,37,-2,74
12669930,1,51,-4,78
12670440,11,42,-6,84
12670950,21,33,11,73
12671460,51,0,3,70
12671970,20,30,-15,85
12672480,50,99,5,80
12672990,60,61,-8,88
12673500,39,28,3,85
12674010,67,11,10,75
12674520,92,89,-2,77
12675030,58,78,-2,79
12675540,37,45,-3,82
12676050,16,12,4,78
12676560,23,97,-5,83
12677070,33,29,2,81
12677580,58,98,6,75
12678090,68,34,-1,76
12678600,93,48,-4,80
12679110,49,75,2,78
12679620,15,42,-2,80
12680130,25,33,-1,81
12680640,4,0,1,80
12681150,60,85,3,77
12681660,39,21,-1,78
12682170,58,4,1,77
12682680,77,34,-7,84
12683190,0,48,0,84
12683700,10,39,4,80
12684210,20,30,-8,88
12684720,50,99,9,79
12685230,60,66,-6,85
12685740,39,33,4,81
12686250,67,0,7,74
12686760,49,19,-12,86
12687270,68,2,10,76
12687780,50,32,-16,92
12688290,8,15,12,80
12688800,99,33,0,80
12689310,81,60,3,77
12689820,37,61,-1,78
12690330,16,28,1,77
12690840,76,97,4,73
12691350,58,32,-16,89
12691860,83,15,14,75
12692370,59,42,-3,78
12692880,17,31,-6,84
12693390,47,100,11,73
12693900,71,67,-9,82
12694410,29,29,-4,86
12694920,59,98,10,76
12695430,83,34,2,74
12695940,65,61,-6,80
12696450,23,23,-3,83
12696960,83,92,3,80
12697470,62,27,-4,84
12697980,69,31,5,79
12698490,94,35,1,78
12699000,76,62,-5,83
12699510,34,47,-2,85
12700020,13,14,1,84
12700530,73,99,9,75
12701040,55,34,-6,81
12701550,80,17,3,78
12702060,56,44,-2,80
12702570,14,11,0,80
12703080,74,96,6,74
12703590,56,32,-13,87
12704100,75,15,11,76
12704610,100,23,-7,83
12705120,76,50,3,80
12705630,101,54,-2,82
12706140,57,81,6,76
12706650,23,48,-5,81
12707160,91,15,-2,83
12707670,67,42,-1,84
12708180,92,46,10,74
12708690,48,73,-5,79
12709200,14,40,0,79
12709710,90,58,-4,83
12710220,46,95,12,71
12710730,70,62,-13,84
12711240,28,24,-3,87
12711750,58,93,16,71
12712260,82,29,-7,78
12712770,5,37,2,76
12713280,15,28,-10,86
12713790,45,97,10,76
12714300,62,59,-3,79
12714810,20,26,-6,85
12715320,50,95,2,83
12715830,60,62,-3,86
12716340,39,29,-3,89
12716850,69,12,14,75
12717360,94,20,0,75
12717870,17,47,0,75
12718380,27,14,-7,82
12718890,30,83,4,78
12719400,40,45,-6,84
12719910,19,12,0,84
12720420,82,97,10,74
12720930,48,32,-15,89
12721440,73,15,22,67
12721950,98,23,-14,81
12722460,74,50,5,76
12722970,99,54,-8,84
12723480,55,81,3,81
12723990,34,48,0,81
12724500,0,15,-2,83
12725010,81,33,7,76
12725520,4,41,-3,79
12726030,14,32,-2,81
12726540,44,101,0,81
12727050,54,63,-2,83
12727560,71,30,5,78
12728070,96,38,3,75
12728580,52,65,-3,78
12729090,18,32,0,78
12729600,48,101,-4,82
12730110,58,68,-2,84
12730620,37,35,1,83
12731130,16,2,3,80
12731640,19,87,-4,84
12732150,29,49,2,82
12732660,59,16,5,77
12733170,66,1,-2,79
12733680,81,31,6,73
12734190,4,58,-7,80
12734700,14,49,1,79
12735210,24,40,0,79
12735720,54,7,3,76
12736230,61,85,-4,80
12736740,27,52,0,80
12737250,57,19,0,80
12737760,82,23,5,75
12738270,5,50,-8,83
12738780,15,41,2,81
12739290,25,8,-5,86
12739800,28,93,5,81
12740310,38,55,-2,83
12740820,17,22,6,77
12741330,47,91,5,72
12741840,71,58,-11,83
12742350,29,59,1,82
12742860,54,26,5,77
12743370,79,9,0,77
12743880,55,19,-6,83
12744390,80,2,8,75
12744900,62,12,0,75
12745410,87,20,-2,77
12745920,10,47,0,77
12746430,20,38,-6,83
12746940,50,5,8,75
12747450,65,83,-4,79
12747960,79,45,-8,87
12748470,2,49,10,77
12748980,12,40,-3,80
12749490,22,31,5,75
12750000,52,100,-4,79
12750510,76,67,-11,90
12751020,34,34,14,76
12751530,59,1,0,76
12752040,74,31,2,74
12752550,99,39,-4,78
12753060,22,66,-7,85
12753570,32,28,0,85
12754080,62,11,7,78
12754590,69,89,4,74
12755100,35,24,-11,85
12755610,63,93,10,75
12756120,29,29,-10,85
12756630,59,98,13,72
12757140,83,65,-4,76
12757650,6,66,-5,81
12758160,16,57,-1,82
12758670,23,48,2,80
12759180,53,15,-3,83
12759690,72,100,8,75
12760200,54,35,-6,81
12760710,79,18,8,73
12761220,55,26,-12,85
12761730,80,9,14,71
12762240,56,36,-13,84
12762750,81,19,8,76
12763260,57,46,-7,83
12763770,85,13,0,83
12764280,8,40,6,77
12764790,18,31,-5,82
12765300,48,100,7,75
12765810,58,67,-7,82
12766320,45,34,4,78
12766830,70,1,5,73
12767340,52,20,-7,80
12767850,59,24,3,77
12768360,84,28,6,71
12768870,7,36,-12,83
12769380,17,27,10,73
12769890,47,96,-1,74
12770400,71,63,-10,84
12770910,3,30,7,77
12771420,13,21,-1,78
12771930,43,39,0,78
12772440,68,6,10,68
12772950,75,16,-4,72
12773460,100,24,-3,75
12773970,76,51,-2,77
12774480,101,55,-2,79
12774990,53,82,9,70
12775500,19,49,-3,73
12776010,29,16,-10,83
12776520,32,101,-1,84
12777030,42,90,6,78
12777540,52,57,-5,83
12778050,69,24,7,76
12778560,94,32,5,71
12779070,50,59,-10,81
12779580,29,26,-5,86
12780090,59,95,11,75
12780600,83,31,-1,76
12781110,6,39,-7,83
12781620,16,30,6,77
12782130,46,99,-2,79
12782640,56,11,4,75
12783150,75,15,4,71
12783660,51,23,-9,80
12784170,76,6,5,75
12784680,52,16,-5,80
12785190,77,101,6,74
12785700,40,36,-10,84
12786210,57,3,11,73
12786720,76,33,-2,75
12787230,101,41,-6,81
12787740,24,68,1,80
12788250,34,59,-4,84
12788760,48,26,1,83
12789270,73,9,6,77
12789780,88,19,2,75
12790290,11,27,0,75
12790800,76,45,-4,79
12791310,101,55,1,78
12791820,57,69,-4,82
12792330,71,36,3,79
12792840,96,50,0,79
12793350,52,77,-2,81
12793860,31,44,-6,87
12794370,61,11,7,80
12794880,68,15,9,71
12795390,75,23,-4,75
12795900,100,31,-1,76
12796410,23,58,-3,79
12796920,33,25,-2,81
12797430,63,94,5,76
12797940,29,61,-3,79
12798450,32,28,-3,82
12798960,62,97,5,77
12799470,86,64,-6,83
12799980,42,65,4,79
12800490,56,32,-3,82
12801000,81,15,10,72
12801510,4,43,-3,75
12802020,14,34,-7,82
12802530,44,1,-1,83
12803040,61,26,4,79
12803550,86,9,1,78
12804060,101,19,-2,80
12804570,77,46,5,75
12805080,0,50,-5,80
12805590,10,41,0,80
12806100,20,32,1,79
12806610,50,101,-1,80
12807120,74,68,-2,82
12807630,32,35,0,82
12808140,62,2,3,79
12808650,77,32,7,72
12809160,0,40,-12,84
12809670,10,31,12,72
12810180,75,22,2,70
12810690,100,30,-7,77
12811200,23,57,-6,83
12811710,33,24,2,81
12812220,36,7,0,81
12812730,39,92,6,75
12813240,49,59,-7,82
12813750,66,26,6,76
12814260,73,34,1,75
12814770,63,42,-6,81
12815280,88,46,6,75
12815790,11,60,-2,77
12816300,21,51,-1,78
12816810,24,18,1,77
12817320,27,87,-9,86
12817830,37,38,4,82
12818340,60,5,7,75
12818850,75,69,-5,80
12819360,7,36,-3,83
12819870,17,27,-2,85
12820380,47,96,5,80
12820890,71,63,-4,84
12821400,29,30,2,82
12821910,59,99,12,70
12822420,83,66,-9,79
12822930,41,67,1,78
12823440,8,34,-4,82
12823950,18,25,1,81
12824460,48,94,5,76
12824970,72,61,-7,83
12825480,89,28,12,71
12825990,71,55,-8,79
12826500,96,74,-1,80
12827010,19,75,1,79
12827520,29,66,-2,81
12828030,39,33,1,80
12828540,69,0,8,72
12829050,51,19,-9,81
12829560,70,2,9,72
12830070,85,21,-1,73
12830580,61,48,-7,80
12831090,19,15,-4,84
12831600,49,84,5,79
12832110,59,51,-4,83
12832620,73,18,12,71
12833130,80,26,-6,77
12833640,3,34,-2,79
12834150,13,25,5,74
12834660,78,43,-6,80
12835170,1,47,3,77
12835680,11,38,-3,80
12836190,21,29,5,75
12836700,51,98,0,75
12837210,75,65,-7,82
12837720,33,27,-6,88
12838230,63,10,11,77
12838740,70,14,8,69
12839250,9,22,-11,80
12839760,39,40,0,80
12840270,62,7,5,75
12840780,77,37,-3,78
12841290,0,45,0,78
12841800,10,36,-4,82
12842310,20,27,4,78
12842820,50,96,3,75
12843330,74,63,-5,80
12843840,32,48,-1,81
12844350,62,15,9,72
12844860,69,23,-4,76
12845370,76,31,5,71
12845880,101,52,-9,80
12846390,49,79,3,77
12846900,15,46,0,77
12847410,25,37,-7,84
12847920,55,4,6,78
12848430,70,34,2,76
12848940,95,48,-2,78
12849450,51,75,-1,79
12849960,17,42,-1,80
12850470,27,33,-2,82
12850980,57,0,8,74
12851490,72,19,-5,79
12852000,87,27,8,71
12852510,10,54,-3,74
12853020,20,45,-12,86
12853530,50,12,6,80
12854040,65,97,7,73
12854550,47,33,-1,74
12855060,5,16,2,72
12855570,35,34,-12,84
12856080,65,17,12,72
12856590,80,25,0,72
12857100,62,33,-12,84
12857610,87,40,10,74
12858120,10,67,-4,78
12858630,20,58,-4,82
12859140,76,49,1,81
12859650,101,59,-1,82
12860160,57,86,8,74
12860670,71,53,-3,77
12861180,29,72,-4,81
12861690,39,69,2,79
12862200,49,36,-1,80
12862710,68,3,0,80
12863220,83,33,6,74
12863730,6,60,-8,82
12864240,16,51,1,81
12864750,26,42,-1,82
12865260,56,9,2,80
12865770,71,87,6,74
12866280,37,22,-14,88
12866790,40,5,7,81
12867300,41,30,-1,82
12867810,71,99,7,75
12868320,53,24,-7,82
12868830,78,7,8,74
12869340,54,17,-7,81
12869850,69,36,4,77
12870360,94,55,-5,82
12870870,50,82,10,72
12871380,60,7,-3,75
12871890,75,37,-3,78
12872400,100,51,0,78
12872910,56,78,4,74
12873420,22,45,-8,82
12873930,52,12,4,78
12874440,67,31,-2,80
12874950,92,50,3,77
12875460,48,77,4,73
12875970,58,44,-6,79
12876480,77,63,2,77
12876990,35,64,-3,80
12877500,45,31,3,77
12878010,48,14,1,76
12878520,67,99,0,76
12879030,49,24,-5,81
12879540,52,7,-4,85
12880050,67,26,15,70
12880560,82,53,-4,74
12881070,11,80,-7,81
12881580,21,71,2,79
12882090,31,62,-3,82
12882600,41,29,-2,84
12883110,71,98,10,74
12883620,53,34,-13,87
12884130,56,53,2,85
12884640,79,20,7,78
12885150,94,47,-4,82
12885660,50,74,3,79
12886170,16,41,-1,80
12886680,26,32,2,78
12887190,56,101,5,73
12887700,66,24,-5,78
12888210,85,32,6,72
12888720,67,59,-13,85
12889230,25,26,1,84
12889740,55,95,4,80
12890250,65,86,7,73
12890760,47,48,-13,86
12891270,64,15,10,76
12891780,71,25,3,73
12892290,78,33,0,73
12892800,60,60,-8,81
12893310,77,27,3,78
12893820,84,65,-1,79
12894330,13,66,-2,81
12894840,23,57,-4,85
12895350,33,48,1,84
12895860,63,15,0,84
12896370,78,38,5,79
12896880,1,65,-4,83
12897390,57,56,-4,87
12897900,15,23,12,75
12898410,45,92,-2,77
12898920,55,59,-7,84
12899430,72,26,8,76
12899940,79,53,-4,80
12900450,8,57,-3,83
12900960,18,48,-2,85
12901470,28,39,6,79
12901980,58,6,1,78
12902490,73,25,-5,83
12903000,88,63,-1,84
12903510,17,64,4,80
12904020,27,55,4,76
12904530,37,22,-4,80
12905040,40,91,5,75
12905550,50,82,3,72
12906060,60,49,-4,76
12906570,18,16,-4,80
12907080,78,85,1,79
12907590,44,47,-3,82
12908100,74,14,4,78
12908610,89,41,6,72
12909120,71,68,-9,81
12909630,3,30,4,77
12910140,13,21,0,77
12910650,43,4,-4,81
12911160,44,29,-5,86
12911670,47,12,1,85
12912180,48,97,9,76
12912690,58,64,-7,83
12913200,37,31,-5,88
12913710,97,100,12,76
12914220,63,35,-11,87
12914730,82,54,11,76
12915240,11,64,-5,81
12915750,21,55,-4,85
12916260,31,46,1,84
12916770,61,13,3,81
12917280,76,32,6,75
12917790,101,59,-5,80
12918300,57,86,1,79
12918810,67,53,1,78
12919320,25,54,-3,81
12919830,35,21,-2,83
12920340,38,90,3,80
12920850,48,81,6,74
12921360,47,48,-11,85
12921870,77,15,14,71
12922380,53,42,-9,80
12922890,70,44,0,80
12923400,95,54,3,77
12923910,51,81,2,75
12924420,61,48,-4,79
12924930,19,67,-4,83
12925440,29,58,-1,84
12925950,39,25,3,81
12926460,69,8,7,74
12926970,27,18,-1,75
12927480,30,1,-12,87
12927990,33,26,1,86
12928500,63,9,12,74
12929010,78,47,-1,75
12929520,7,74,-4,79
12930030,76,65,-6,85
12930540,34,84,2,83
12931050,44,46,-5,88
12931560,74,13,11,77
12932070,81,51,-2,79
12932580,10,61,-2,81
12933090,20,52,2,79
12933600,30,43,-4,83
12934110,60,10,3,80
12934620,75,48,1,79
12935130,4,58,-6,85
12935640,14,49,2,83
12936150,24,40,-7,90
12936660,54,7,11,79
12937170,57,45,-4,83
12937680,15,28,2,81
12938190,45,34,2,79
12938700,48,53,1,78
12939210,65,20,3,75
12939720,72,58,-7,82
12940230,30,59,2,80
12940740,40,26,3,77
12941250,43,9,-5,82
12941760,44,94,7,75
12942270,54,85,-2,77
12942780,64,21,-2,79
12943290,71,33,-4,83
12943800,90,43,7,76
12944310,46,70,-8,84
12944820,25,37,-2,86
12945330,55,4,8,78
12945840,74,23,-1,79
12946350,81,50,3,76
12946860,10,60,3,73
12947370,20,51,-9,82
12947880,30,42,0,82
12948390,60,9,6,76
12948900,75,47,-1,77
12949410,4,57,-4,81
12949920,14,48,-4,85
12950430,24,39,-2,87
12950940,54,6,12,75
12951450,69,25,-2,77
12951960,88,63,0,77
12952470,17,64,-5,82
12952980,27,55,-1,83
12953490,37,22,-3,86
12954000,40,5,5,81
12954510,43,30,-4,85
12955020,60,13,4,81
12955530,75,51,-3,84
12956040,4,70,0,84
12956550,14,61,0,84
12957060,24,52,4,80
12957570,34,19,1,79
12958080,37,2,-4,83
12958590,54,27,5,78
12959100,73,46,-6,84
12959610,98,65,-2,86
12960120,27,92,2,84
12960630,37,43,5,79
12961140,16,10,3,76
12961650,19,95,-5,81
12962160,29,84,1,80
12962670,39,16,-4,84
12963180,42,101,11,73
12963690,52,90,-1,74
12964200,62,26,-5,79
12964710,81,45,-6,85
12965220,10,72,8,77
12965730,20,63,-6,83
12966240,30,54,-1,84
12966750,60,21,6,78
12967260,67,40,-2,80
12967770,92,50,3,77
12968280,48,77,-3,80
12968790,58,44,-4,84
12969300,16,63,5,79
12969810,26,25,-3,82
12970320,56,94,5,77
12970830,66,30,6,71
12971340,85,44,-4,75
12971850,41,71,-4,79
12972360,51,38,-3,82
12972870,70,21,4,78
12973380,77,59,0,78
12973890,6,63,-6,84
12974400,16,54,-1,85
12974910,26,45,3,82
12975420,56,12,-6,88
12975930,59,31,8,80
12976440,84,50,-1,81
12976950,13,60,2,79
12977460,23,51,1,78
12977970,33,18,-7,85
12978480,36,87,8,77
12978990,46,49,-2,79
12979500,63,16,1,78
12980010,78,54,-3,81
12980520,7,58,-1,82
12981030,17,49,2,80
12981540,27,40,-11,91
12982050,57,7,11,80
12982560,72,26,4,76
12983070,79,53,-2,78
12983580,8,63,4,74
12984090,18,54,-7,81
12984600,28,45,2,79
12985110,58,12,-3,82
12985620,73,31,4,78
12986130,92,45,0,78
12986640,48,72,-1,79
12987150,58,39,-3,82
12987660,53,58,-1,83
12988170,70,25,7,76
12988680,77,52,-7,83
12989190,35,62,0,83
12989700,39,29,4,79
12990210,69,98,7,72
12990720,51,34,-20,92
12991230,70,63,9,83
12991740,28,25,1,82
12992250,58,94,8,74
12992760,68,30,-4,78
12993270,87,44,-4,82
12993780,43,71,0,82
12994290,53,38,-1,83
12994800,70,57,5,78
12995310,28,86,-5,83
12995820,38,37,-7,90
12996330,68,4,11,79
12996840,83,23,6,73
12997350,6,50,-5,78
12997860,16,41,-3,81
12998370,26,32,-4,85
12998880,56,101,13,72
12999390,66,37,-4,76
12999900,24,47,-7,83
13000410,34,14,0,83
13000920,37,99,0,83
13001430,47,50,-2,85
13001940,64,17,3,82
13002450,83,55,2,80
13002960,39,65,-3,83
13003470,49,32,2,81
13003980,66,51,-4,85
13004490,24,33,4,81
13005000,54,0,9,72
13005510,71,19,-1,73
13006020,78,29,-1,74
13006530,97,56,-6,80
13007040,53,83,-2,82
13007550,63,50,5,77
13008060,21,69,-3,80
13008570,31,31,-6,86
13009080,61,100,12,74
13009590,71,36,2,72
13010100,90,63,-7,79
13010610,46,64,-1,80
13011120,63,31,4,76
13011630,82,41,1,75
13012140,38,68,-6,81
13012650,48,35,0,81
13013160,65,54,-6,87
13013670,23,73,5,82
13014180,33,35,-3,85
13014690,50,2,9,76
13015200,67,21,1,75
13015710,74,31,-1,76
13016220,81,45,-1,77
13016730,10,55,-1,78
13017240,20,46,-6,84
13017750,30,13,3,81
13018260,33,98,1,80
13018770,43,30,-3,83
13019280,60,13,7,76
13019790,67,23,1,75
13020300,92,33,-4,79
13020810,48,60,-2,81
13021320,65,27,0,81
13021830,84,46,1,80
13022340,35,56,-1,81
13022850,52,23,-3,84
13023360,79,42,9,75
13023870,35,69,-6,81
13024380,45,36,-6,87
13024890,62,19,10,77
13025400,69,29,-4,81
13025910,76,39,1,80
13026420,34,53,-2,82
13026930,64,20,5,77
13027440,71,30,1,76
13027950,96,40,-2,78
13028460,52,67,-8,86
13028970,69,3,9,77
13029480,84,22,0,77
13029990,7,49,-4,81
13030500,17,40,-1,82
13031010,27,31,0,82
13031520,57,100,-1,83
13032030,67,36,10,73
13032540,25,50,-9,82
13033050,35,17,0,82
13033560,38,0,2,80
13034070,55,56,-3,83
13034580,72,23,9,74
13035090,79,33,-8,82
13035600,13,43,1,81
13036110,23,34,0,81
13036620,53,1,7,74
13037130,70,20,-9,83
13037640,77,30,7,76
13038150,0,44,-2,78
13038660,10,35,-6,84
13039170,20,26,1,83
13039680,50,95,6,77
13040190,60,31,4,73
13040700,79,41,-4,77
13041210,35,55,-5,82
13041720,14,22,1,81
13042230,44,5,6,75
13042740,45,24,-9,84
13043250,64,7,6,78
13043760,79,26,1,77
13044270,2,40,-8,85
13044780,12,31,11,74
13045290,22,49,-6,80
13045800,32,16,0,80
13046310,35,101,-5,85
13046820,45,52,5,80
13047330,62,19,4,76
13047840,81,38,0,76
13048350,4,65,-2,78
13048860,14,10,3,75
13049370,17,95,0,75
13049880,27,84,-6,81
13050390,37,73,-2,83
13050900,47,40,2,81
13051410,64,7,5,76
13051920,79,26,4,72
13052430,2,40,-3,75
13052940,12,31,-4,79
13053450,22,49,-4,83
13053960,32,16,0,83
13054470,35,101,-2,85
13054980,45,52,10,75
13055490,62,19,5,70
13056000,77,29,-10,80
13056510,0,43,-3,83
13057020,10,56,6,77
13057530,20,45,-3,80
13058040,30,12,-1,81
13058550,33,97,-3,84
13059060,43,48,2,82
13059570,60,15,8,74
13060080,67,25,-3,77
13060590,92,35,3,74
13061100,48,49,-10,84
13061610,65,16,14,70
13062120,80,26,-12,82
13062630,3,40,1,81
13063140,13,59,4,77
13063650,23,50,-3,80
13064160,33,17,-2,82
13064670,36,0,-4,86
13065180,37,25,5,81
13065690,54,8,0,81
13066200,55,27,-1,82
13066710,80,46,1,81
13067220,3,60,-3,84
13067730,13,5,10,74
13068240,20,90,-9,83
13068750,30,41,0,83
13069260,9,8,3,80
13069770,69,93,8,72
13070280,51,29,-15,87
13070790,9,48,6,81
13071300,42,39,-4,85
13071810,59,6,4,81
13072320,34,25,-3,84
13072830,51,8,6,78
13073340,52,27,-6,84
13073850,77,46,8,76
13074360,0,56,-8,84
13074870,10,47,2,82
13075380,20,38,4,78
13075890,101,5,-1,79
13076400,77,24,1,78
13076910,0,38,-1,79
13077420,10,29,3,76
13077930,20,20,-9,85
13078440,101,3,11,74
13078950,77,22,3,71
13079460,33,36,-14,85
13079970,50,3,10,75
13080480,51,22,-9,84
13080990,76,41,6,78
13081500,101,55,2,76
13082010,57,82,-3,79
13082520,36,18,-7,86
13083030,39,1,2,84
13083540,40,26,7,77
13084050,41,45,-8,85
13084560,64,12,8,77
13085070,89,26,3,74
13085580,45,40,-5,79
13086090,62,7,2,77
13086600,87,26,-1,78
13087110,10,53,-2,80
13087620,20,44,-1,81
13088130,101,11,1,80
13088640,24,21,-1,81
13089150,54,4,4,77
13089660,55,23,-7,84
13090170,80,42,7,77
13090680,3,56,-3,80
13091190,13,47,-1,81
13091700,23,38,-2,83
13092210,2,5,-4,87
13092720,76,18,13,74
13093230,101,45,-6,80
13093740,24,72,0,80
13094250,34,61,-4,84
13094760,13,28,5,79
13095270,94,46,0,79
13095780,50,60,-5,84
13096290,67,27,7,77
13096800,92,46,-1,78
13097310,15,73,-1,79
13097820,25,13,-12,91
13098330,26,98,6,85
13098840,36,49,-2,87
13099350,53,16,7,80
13099860,68,35,-4,84
13100370,93,54,7,77
13100880,49,68,-1,78
13101390,66,71,-4,82
13101900,45,33,2,80
13102410,63,16,-2,82
13102920,88,35,8,74
13103430,11,62,-4,78
13103940,21,53,5,73
13104450,31,44,-3,76
13104960,10,11,-5,81
13105470,70,96,5,76
13105980,49,32,-10,86
13106490,50,15,5,81
13107000,51,34,1,80
13107510,52,17,-1,81
13108020,77,36,4,77
13108530,0,50,-2,79
13109040,10,41,0,79
13109550,20,32,1,78
13110060,101,101,1,77
13110570,59,36,-2,79
13111080,84,55,1,78
13111590,7,65,-5,83
13112100,17,56,6,77
13112610,27,47,-2,79
13113120,6,14,2,77
13113630,36,32,1,76
13114140,53,101,5,71
13114650,63,20,-7,78
13115160,88,39,0,78
13115670,11,66,-1,79
13116180,21,57,-3,82
13116690,31,48,-2,84
13117200,10,15,-1,85
13117710,40,33,8,77
13118220,57,16,-3,80
13118730,58,35,2,78
13119240,83,54,-2,80
13119750,39,64,-6,86
13120260,62,31,6,80
13120770,87,50,4,76
13121280,43,60,-3,79
13121790,22,27,4,75
13122300,39,96,0,75
13122810,49,85,4,71
13123320,59,21,-16,87
13123830,84,40,14,73
13124340,7,54,-4,77
13124850,17,45,-2,79
13125360,27,36,-2,81
13125870,44,3,1,80
13126380,45,28,0,80
13126890,46,11,5,75
13127400,53,30,-8,83
13127910,78,13,10,73
13128420,1,40,-4,77
13128930,11,31,-3,80
13129440,21,22,-1,81
13129950,38,91,1,80
13130460,48,42,-4,84
13130970,65,9,5,79
13131480,80,56,3,76
13131990,9,57,-6,82
13132500,19,48,4,78
13133010,29,39,-5,83
13133520,8,6,4,79
13134030,68,91,3,76
13134540,47,27,-14,90
13135050,64,10,16,74
13135560,71,24,-5,79
13136070,96,38,-2,81
13136580,19,65,3,78
13137090,29,56,-4,82
13137600,30,23,0,82
13138110,53,6,10,72
13138620,54,20,-2,74
13139130,73,34,-3,77
13139640,98,48,-3,80
13140150,21,75,-1,81
13140660,31,64,2,79
13141170,41,31,-1,80
13141680,58,14,1,79
13142190,83,33,6,73
13142700,6,47,-7,80
13143210,16,38,-1,81
13143720,17,5,8,73
13144230,20,90,-7,80
13144740,30,79,-3,83
13145250,40,30,2,81
13145760,57,13,5,76
13146270,82,23,3,73
13146780,38,50,-8,81
13147290,55,17,4,77
13147800,74,36,-4,81
13148310,99,50,-2,83
13148820,22,77,1,82
13149330,32,66,4,78
13149840,42,33,-2,80
13150350,43,0,1,79
13150860,44,25,0,79
13151370,45,8,2,77
13151880,46,27,-1,78
13152390,47,10,1,77
13152900,1,29,-2,79
13153410,11,20,1,78
13153920,41,3,-4,82
13154430,42,28,5,77
13154940,43,47,-5,82
13155450,60,14,2,80
13155960,61,33,-4,84
13156470,86,43,5,79
13156980,9,70,-2,81
13157490,19,20,2,79
13158000,100,3,2,77
13158510,76,22,-2,79
13159020,101,36,0,79
13159530,24,63,0,79
13160040,34,54,-5,84
13160550,51,21,5,79
13161060,70,40,-3,82
13161570,95,59,4,78
13162080,87,86,0,78
13162590,66,75,5,73
13163100,83,11,-3,76
13163610,59,21,1,75
13164120,84,40,-3,78
13164630,7,54,1,77
13165140,17,45,-4,81
13165650,27,36,0,81
13166160,6,3,1,80
13166670,101,88,5,75
13167180,8,89,-1,76
13167690,18,78,-6,82
13168200,28,67,3,79
13168710,38,56,-5,84
13169220,55,23,2,82
13169730,80,42,4,78
13170240,3,56,-3,81
13170750,13,47,-3,84
13171260,23,38,2,82
13171770,2,5,1,81
13172280,76,23,5,76
13172790,101,37,-1,77
13173300,57,64,1,76
13173810,74,53,-6,82
13174320,99,72,6,76
13174830,22,73,-5,81
13175340,32,64,2,79
13175850,42,31,-2,81
13176360,59,14,6,75
13176870,74,24,1,74
13177380,99,51,-4,78
13177890,55,78,1,77
13178400,34,3,-6,83
13178910,35,28,-1,84
13179420,52,11,9,75
13179930,71,30,3,72
13180440,96,44,1,71
13180950,52,71,-11,82
13181460,31,38,4,78
13181970,48,5,2,76
13182480,49,24,-4,80
13182990,68,43,-1,81
13183500,93,62,2,79
13184010,49,72,3,76
13184520,97,39,-5,81
13185030,20,66,0,81
13185540,30,57,-3,84
13186050,31,24,0,84
13186560,10,7,7,77
13187070,70,92,1,76
13187580,49,28,-7,83
13188090,68,11,3,80
13188600,83,21,9,71
13189110,6,48,-8,79
13189620,16,39,-1,80
13190130,26,57,-2,82
13190640,36,24,-6,88
13191150,37,7,7,81
13191660,38,32,1,80
13192170,55,15,-1,81
13192680,74,34,5,76
13193190,93,48,-3,79
13193700,49,62,-6,85
13194210,66,29,4,81
13194720,91,39,6,75
13195230,47,66,-3,78
13195740,64,33,-4,82
13196250,83,52,7,75
13196760,39,79,-8,83
13197270,49,46,4,79
13197780,66,13,5,74
13198290,85,23,3,71
13198800,8,50,-6,77
13199310,18,41,-1,78
13199820,28,8,-4,82
13200330,29,93,1,81
13200840,39,44,0,81
13201350,56,11,7,74
13201860,75,34,1,73
13202370,94,48,3,70
13202880,50,75,-14,84
13203390,67,42,-3,87
13203900,25,52,10,77
13204410,35,19,-7,84
13204920,54,2,6,78
13205430,55,21,-4,82
13205940,74,40,6,76
13206450,93,50,-1,77
13206960,49,77,2,75
13207470,59,44,-5,80
13207980,76,63,1,79
13208490,34,64,-1,80
13209000,44,31,-9,89
13209510,45,14,9,80
13210020,46,99,2,78
13210530,56,88,0,78
13211040,66,24,-2,80
13211550,85,47,2,78
13212060,41,57,2,76
13212570,58,24,0,76
13213080,77,43,-9,85
13213590,96,53,9,76
13214100,52,80,-3,79
13214610,69,5,1,78
13215120,88,15,3,75
13215630,64,42,-8,83
13216140,22,61,3,80
13216650,32,11,-8,88
13217160,33,96,3,85
13217670,43,85,15,70
13218180,53,10,-7,77
13218690,72,20,2,75
13219200,91,43,0,75
13219710,47,70,-2,77
13220220,26,37,-5,82
13220730,43,4,2,80
13221240,44,29,1,79
13221750,61,12,2,77
13222260,68,22,-1,78
13222770,87,45,3,75
13223280,43,72,-6,81
13223790,60,39,-4,85
13224300,18,22,2,83
13224810,78,5,4,79
13225320,60,15,1,78
13225830,79,38,2,76
13226340,94,65,0,76
13226850,50,66,-9,85
13227360,67,33,3,82
13227870,92,43,-1,83
13228380,48,70,6,77
13228890,65,37,-2,79
13229400,90,56,3,76
13229910,46,66,-6,82
13230420,63,33,4,78
13230930,82,52,-3,81
13231440,101,62,-4,85
13231950,57,89,9,76
13232460,67,14,2,74
13232970,74,24,-2,76
13233480,93,51,-2,78
13233990,49,78,0,78
13234500,59,45,-5,83
13235010,76,64,6,77
13235520,93,65,-3,80
13236030,49,66,1,79
13236540,66,33,0,79
13237050,91,47,1,78
13237560,47,57,-2,80
13238070,64,24,4,76
13238580,89,38,0,76
13239090,12,65,-4,80
13239600,22,15,-7,87
13240110,39,100,8,79
13240620,49,89,4,75
13241130,59,25,-2,77
13241640,78,44,3,74
13242150,97,58,-8,82
13242660,53,68,2,80
13243170,70,4,5,75
13243680,89,23,7,68
13244190,65,50,-12,80
13244700,82,69,-3,83
13245210,40,70,3,80
13245720,50,23,-2,82
13246230,69,42,4,78
13246740,88,61,0,78
13247250,44,62,-2,80
13247760,61,29,0,80
13248270,80,48,3,77
13248780,99,58,-8,85
13249290,55,68,1,84
13249800,72,35,13,71
13250310,91,49,-8,79
13250820,47,76,3,76
13251330,64,43,-5,81
13251840,83,62,3,78
13252350,0,63,-7,85
13252860,10,54,5,80
13253370,20,45,-1,81
13253880,30,12,0,81
13254390,31,97,-3,84
13254900,41,48,6,78
13255410,42,15,-1,79
13255920,61,100,3,76
13256430,71,36,-7,83
13256940,90,46,8,75
13257450,72,73,-7,82
13257960,51,9,0,82
13258470,70,34,7,75
13258980,89,48,2,73
13259490,45,62,-7,80
13260000,62,29,1,79
13260510,81,52,-3,82
13261020,50,62,1,81
13261530,67,29,6,75
13262040,86,43,0,75
13262550,68,57,-4,79
13263060,26,58,3,76
13263570,36,25,-8,84
13264080,53,8,3,81
13264590,72,27,7,74
13265100,91,41,0,74
13265610,73,68,-4,78
13266120,5,69,-6,84
13266630,32,9,-3,87
13267140,33,34,7,80
13267650,31,1,-4,84
13268160,29,26,-4,88
13268670,46,9,6,82
13269180,47,28,0,82
13269690,66,11,6,76
13270200,85,58,-8,84
13270710,2,77,6,78
13271220,58,17,5,73
13271730,77,40,-1,74
13272240,96,54,0,74
13272750,52,81,-3,77
13273260,69,17,2,75
13273770,88,40,5,70
13274280,70,67,-6,76
13274790,87,29,-3,79
13275300,13,43,-6,85
13275810,23,34,5,80
13276320,75,1,13,67
13276830,57,20,-8,75
13277340,76,43,-5,80
13277850,95,53,3,77
13278360,51,80,-3,80
13278870,68,47,3,77
13279380,87,66,0,77
13279890,96,67,-8,85
13280400,13,68,1,84
13280910,23,8,-1,85
13281420,24,93,5,80
13281930,34,44,1,79
13282440,13,11,-3,82
13282950,32,96,-1,83
13283460,42,47,1,82
13283970,59,14,6,76
13284480,78,37,1,75
13284990,97,51,1,74
13285500,79,65,-3,77
13286010,37,66,-6,83
13286520,38,33,9,74
13287030,98,0,-9,83
13287540,80,38,11,72
13288050,62,65,-16,88
13288560,79,32,9,79
13289070,98,46,-3,82
13289580,80,73,5,77
13290090,97,74,-3,80
13290600,53,75,-1,81
13291110,32,42,3,78
13291620,49,9,-1,79
13292130,50,53,-1,80
13292640,67,20,6,74
13293150,74,43,-4,78
13293660,93,53,1,77
13294170,10,63,-2,79
13294680,20,54,-7,86
13295190,30,45,3,83
13295700,47,12,1,82
13296210,48,31,2,80
13296720,67,50,-4,84
13297230,84,69,10,74
13297740,42,70,-8,82
13298250,59,37,2,80
13298760,12,56,-4,84
13299270,22,47,1,83
13299780,8,14,9,74
13300290,1,32,-4,78
13300800,11,23,-3,81
13301310,4,41,3,78
13301820,14,32,2,76
13302330,24,101,-10,86
13302840,27,52,1,85
13303350,28,19,-1,86
13303860,29,88,0,86
13304370,39,39,2,84
13304880,56,6,9,75
13305390,75,25,2,73
13305900,57,48,-10,83
13306410,74,15,12,71
13306920,93,25,-9,80
13307430,75,52,3,77
13307940,94,53,0,77
13308450,50,80,3,74
13308960,60,47,-5,79
13309470,77,48,0,79
13309980,96,67,1,78
13310490,13,68,-6,84
13311000,23,18,2,82
13311510,2,87,5,77
13312020,58,76,0,77
13312530,37,43,-7,84
13313040,16,10,8,76
13313550,76,79,-7,83
13314060,55,41,2,81
13314570,72,60,-3,84
13315080,30,61,4,80
13315590,40,28,-1,81
13316100,59,11,7,74
13316610,78,34,-1,75
13317120,1,48,-6,81
13317630,11,61,3,78
13318140,21,11,1,77
13318650,40,80,2,75
13319160,50,56,-2,77
13319670,29,23,-6,83
13320180,30,92,4,79
13320690,40,81,3,76
13321200,50,57,-2,78
13321710,29,24,-5,83
13322220,48,93,10,73
13322730,58,69,-12,85
13323240,37,36,-1,86
13323750,54,3,15,71
13324260,73,22,-1,72
13324770,92,45,-1,73
13325280,74,72,-9,82
13325790,53,34,5,77
13326300,72,53,-7,84
13326810,30,54,3,81
13327320,9,21,2,79
13327830,90,39,1,78
13328340,72,53,-2,80
13328850,30,72,0,80
13329360,40,48,-4,84
13329870,19,15,1,83
13330380,20,84,-1,84
13330890,30,35,0,84
13331400,9,2,-1,85
13331910,17,27,3,82
13332420,47,96,8,74
13332930,57,72,-6,80
13333440,36,39,-7,87
13333950,15,6,3,84
13334460,23,31,2,82
13334970,75,100,9,73
13335480,38,25,-8,81
13335990,57,94,8,73
13336500,20,19,-11,84
13337010,101,88,8,76
13337520,64,89,-4,80
13338030,43,25,-10,90
13338540,1,8,6,84
13339050,96,5,7,77
13339560,72,24,4,73
13340070,79,51,-4,77
13340580,42,52,-8,85
13341090,21,19,5,80
13341600,81,88,-1,81
13342110,44,13,-1,82
13342620,63,32,2,80
13343130,82,51,-4,84
13343640,101,70,1,83
13344150,64,71,7,76
13344660,43,33,-6,82
13345170,60,0,5,77
13345680,79,19,9,68
13346190,55,46,-11,79
13346700,74,13,7,72
13347210,50,40,-11,83
13347720,67,7,7,76
13348230,86,26,4,72
13348740,62,53,-11,83
13349250,79,54,3,80
13349760,98,73,2,78
13350270,3,74,-5,83
13350780,13,5,9,74
13351290,72,90,-2,76
13351800,51,15,-4,80
13352310,70,34,7,73
13352820,89,48,-6,79
13353330,6,75,-5,84
13353840,16,20,0,84
13354350,76,38,2,82
13354860,39,65,0,82
13355370,56,32,-8,90
13355880,75,51,7,83
13356390,94,70,-3,86
13356900,57,71,4,82
13357410,36,38,-6,88
13357920,15,5,8,80
13358430,22,90,0,80
13358940,32,41,-3,83
13359450,11,8,3,80
13359960,18,93,-2,82
13360470,28,18,-4,86
13360980,7,87,6,80
13361490,17,12,-3,83
13362000,34,81,-1,84
13362510,44,43,3,81
13363020,23,10,-4,85
13363530,24,95,4,81
13364040,34,46,-3,84
13364550,13,13,4,80
13365060,78,98,5,75
13365570,57,23,-5,80
13366080,76,67,0,80
13366590,34,68,1,79
13367100,44,35,-8,87
13367610,23,18,0,87
13368120,24,87,4,83
13368630,8,38,4,79
13369140,18,29,0,79
13369650,70,98,2,77
13370160,49,23,-9,86
13370670,68,42,4,82
13371180,87,61,4,78
13371690,50,88,8,70
13372200,60,11,-2,72
13372710,67,30,-8,80
13373220,74,40,2,78
13373730,93,59,-4,82
13374240,100,69,1,81
13374750,63,70,-1,82
13375260,42,37,-6,88
13375770,21,4,11,77
13376280,28,29,-4,81
13376790,7,98,2,79
13377300,63,23,1,78
13377810,82,37,1,77
13378320,89,51,-1,78
13378830,96,61,1,77
13379340,59,88,1,76
13379850,38,13,-13,89
13380360,97,32,7,82
13380870,41,59,4,78
13381380,20,26,-2,80
13381890,101,95,7,73
13382400,64,20,-2,75
13382910,83,34,2,73
13383420,90,48,-2,75
13383930,97,75,-2,77
13384440,2,76,-8,85
13384950,58,26,14,71
13385460,77,40,-5,76
13385970,96,50,-5,81
13386480,1,64,1,80
13386990,11,14,1,79
13387500,63,32,-1,80
13388010,82,51,0,80
13388520,89,70,3,77
13389030,52,71,-3,80
13389540,69,38,0,80
13390050,88,57,-2,82
13390560,95,76,4,78
13391070,0,77,3,75
13391580,56,27,-7,82
13392090,75,46,1,81
13392600,94,65,-2,83
13393110,57,66,-3,86
13393620,36,33,7,79
13394130,15,0,-5,84
13394640,72,25,2,82
13395150,91,48,6,76
13395660,98,62,-7,83
13396170,3,72,-2,85
13396680,59,17,8,77
13397190,78,36,-1,78
13397700,97,46,-1,79
13398210,79,73,-4,83
13398720,58,100,4,79
13399230,68,25,0,79
13399740,87,99,4,75
13400250,50,24,-7,82
13400760,69,43,-1,83
13401270,88,62,-1,84
13401780,95,81,9,75
13402290,69,82,-4,79
13402800,48,7,1,78
13403310,67,26,1,77
13403820,86,40,-2,79
13404330,68,67,-12,91
13404840,47,34,6,85
13405350,66,1,10,75
13405860,85,20,2,73
13406370,61,47,-9,82
13406880,80,66,-1,83
13407390,38,67,-2,85
13407900,39,34,-3,88
13408410,56,1,13,75
13408920,75,20,1,74
13409430,82,30,1,73
13409940,89,44,-7,80
13410450,96,54,-1,81
13410960,1,81,4,77
13411470,57,31,-2,79
13411980,76,50,4,75
13412490,95,60,-4,79
13413000,0,87,1,78
13413510,56,37,-5,83
13414020,75,56,-1,84
13414530,33,75,6,78
13415040,43,42,-2,80
13415550,60,9,7,73
13416060,79,19,2,71
13416570,86,46,-6,77
13417080,93,60,2,75
13417590,100,70,-1,76
13418100,5,71,-2,78
13418610,90,21,5,73
13419120,66,48,-9,82
13419630,85,67,1,81
13420140,48,68,5,76
13420650,27,35,-8,84
13421160,79,2,7,77
13421670,94,21,1,76
13422180,70,48,-8,84
13422690,89,67,7,77
13423200,96,68,-6,83
13423710,13,69,2,81
13424220,23,19,-2,83
13424730,42,88,6,77
13425240,43,64,-6,83
13425750,60,31,2,81
13426260,79,50,3,78
13426770,98,69,0,78
13427280,3,96,-2,80
13427790,88,85,2,78
13428300,46,10,0,78
13428810,65,29,0,78
13429320,84,39,3,75
13429830,1,66,-7,82
13430340,8,16,-1,83
13430850,9,34,2,81
13431360,90,47,7,74
13431870,97,61,-4,78
13432380,60,88,4,74
13432890,23,13,-13,87
13433400,40,82,4,83
13433910,57,49,3,80
13434420,76,16,9,71
13434930,83,43,-11,82
13435440,0,53,-2,84
13435950,56,66,3,81
13436460,35,33,-3,84
13436970,88,0,6,78
13437480,70,19,2,76
13437990,77,29,1,75
13438500,59,39,-7,82
13439010,78,58,-7,89
13439520,97,77,4,85
13440030,60,78,4,81
13440540,39,45,0,81
13441050,56,12,1,80
13441560,75,31,-2,82
13442070,94,41,3,79
13442580,76,55,0,79
13443090,95,74,6,73
13443600,12,75,-7,80
13444110,22,0,2,78
13444620,39,25,-7,85
13445130,58,94,17,68
13445640,21,19,-15,83
13446150,0,88,2,81
13446660,56,77,1,80
13447170,19,44,2,78
13447680,100,11,-3,81
13448190,82,21,5,76
13448700,58,48,-2,78
13449210,77,15,9,69
13449720,85,42,0,69
13450230,67,69,-12,81
13450740,46,36,-2,83
13451250,65,3,12,71
13451760,84,22,1,70
13452270,91,49,-11,81
13452780,98,76,4,77
13453290,3,77,-7,84
13453800,88,27,4,80
13454310,70,54,-1,81
13454820,89,73,9,72
13455330,6,74,-12,84
13455840,87,24,13,71
13456350,69,51,-5,76
13456860,32,70,-2,78
13457370,33,37,-5,83
13457880,50,4,8,75
13458390,69,23,-4,79
13458900,88,33,4,75
13459410,70,60,-10,85
13459920,89,27,8,77
13460430,71,54,-10,87
13460940,90,37,6,81
13461450,72,45,0,81
13461960,91,64,9,72
13462470,98,74,-11,83
13462980,3,76,3,80
13463490,59,65,-1,81
13464000,76,32,8,73
13464510,95,59,-4,77
13465020,58,69,2,75
13465530,77,36,-5,80
13466040,96,63,5,75
13466550,59,73,-3,78
13467060,38,40,-7,85
13467570,55,7,9,76
13468080,74,26,5,71
13468590,81,34,0,71
13469100,88,61,-10,81
13469610,5,88,3,78
13470120,90,77,-1,79
13470630,48,78,3,76
13471140,65,3,4,72
13471650,84,22,-2,74
13472160,91,49,3,71
13472670,98,40,-5,76
13473180,80,67,-4,80
13473690,97,34,-2,82
13474200,79,61,0,82
13474710,91,94,3,79
13475220,70,83,0,79
13475730,89,50,4,75
13476240,96,77,-9,84
13476750,13,78,6,78
13477260,23,28,1,77
13477770,40,97,-2,79
13478280,41,86,1,78
13478790,42,53,-6,84
13479300,59,20,10,74
13479810,66,39,-10,84
13480320,85,58,10,74
13480830,92,68,-8,82
13481340,55,72,-1,83
13481850,34,39,-1,84
13482360,51,6,7,77
13482870,70,25,-1,78
13483380,77,33,3,75
13483890,96,60,-7,82
13484400,1,70,5,77
13484910,57,20,-3,80
13485420,76,39,-1,81
13485930,83,88,11,70
13486440,46,77,-15,85
13486950,63,44,7,78
13487460,82,27,6,72
13487970,64,35,-10,82
13488480,83,18,7,75
13488990,90,45,-1,76
13489500,97,72,6,70
13490010,2,73,-12,82
13490520,58,23,3,79
13491030,77,42,1,78
13491540,96,52,8,70
13492050,1,79,-7,77
13492560,57,29,-3,80
13493070,76,12,6,74
13493580,58,22,-7,81
13494090,77,41,0,81
13494600,96,51,3,78
13495110,1,78,-3,81
13495620,57,28,0,81
13496130,76,47,-1,82
13496640,95,66,5,77
13497150,0,67,-8,85
13497660,56,17,7,78
13498170,75,36,3,75
13498680,94,46,-1,76
13499190,76,54,-3,79
13499700,83,73,4,75
13500210,41,62,-10,85
13500720,58,29,-1,86
13501230,77,12,13,73
13501740,59,22,-6,79
13502250,78,41,-3,82
13502760,97,51,1,81
13503270,2,61,1,80
13503780,12,11,5,75
13504290,72,96,-3,78
13504800,51,32,-9,87
13505310,70,15,14,73
13505820,77,25,-2,75
13506330,84,33,3,72
13506840,66,60,-14,86
13507350,85,27,11,75
13507860,92,35,3,72
13508370,74,62,-12,84
13508880,93,29,9,75
13509390,75,56,-8,83
13509900,94,75,10,73
13510410,101,76,-12,85
13510920,18,77,3,82
13511430,28,17,0,82
13511940,47,86,7,75
13512450,61,53,-9,84
13512960,80,20,11,73
13513470,87,30,-2,75
13513980,50,0,1,74
13514490,69,19,-7,81
13515000,88,38,4,77
13515510,5,46,-2,79
13516020,15,59,3,76
13516530,25,21,-5,81
13517040,44,87,6,75
13517550,58,54,-7,82
13518060,77,21,11,71
13518570,84,29,-3,74
13519080,91,37,-2,76
13519590,8,45,-11,87
13520100,18,58,5,82
13520610,28,38,1,81
13521120,47,5,2,79
13521630,48,76,0,79
13522140,62,43,-2,81
13522650,81,62,2,79
13523160,88,81,5,74
13523670,5,70,-1,75
13524180,90,32,-4,79
13524690,72,40,0,79
13525200,91,59,1,78
13525710,98,78,-1,79
13526220,15,79,1,78
13526730,25,19,-4,82
13527240,44,88,6,76
13527750,58,55,-10,86
13528260,77,22,12,74
13528770,84,30,1,73
13529280,66,38,-5,78
13529790,66,27,-8,86
13530300,85,46,11,75
13530810,92,60,0,75
13531320,48,79,0,75
13531830,62,46,-5,80
13532340,81,29,4,76
13532850,100,37,-2,78
13533360,82,64,1,77
13533870,101,65,-9,86
13534380,6,84,8,78
13534890,91,34,0,78
13535400,73,42,-1,79
13535910,92,61,-4,83
13536420,99,80,8,75
13536930,16,81,0,75
13537440,26,70,-6,81
13537950,36,37,2,79
13538460,55,4,8,71
13538970,62,23,-10,81
13539480,81,42,8,73
13539990,88,56,-9,82
13540500,95,75,11,71
13541010,51,76,-7,78
13541520,65,43,-4,82
13542030,84,62,0,82
13542540,91,81,12,70
13543050,6,70,-10,80
13543560,91,53,4,76
13544070,47,67,-6,82
13544580,64,34,-3,85
13545090,89,53,6,79
13545600,96,72,2,77
13546110,1,73,-1,78
13546620,57,4,0,78
13547130,76,23,4,74
13547640,83,31,1,73
13548150,65,45,-11,84
13548660,84,28,7,77
13549170,66,36,-3,80
13549680,85,55,7,73
13550190,41,74,-1,74
13550700,51,41,-13,87
13551210,70,8,13,74
13551720,89,35,0,74
13552230,71,43,-4,78
13552740,90,62,3,75
13553250,46,63,-8,83
13553760,65,30,4,79
13554270,84,49,1,78
13554780,91,68,2,76
13555290,98,69,-1,77
13555800,54,70,-2,79
13556310,73,69,-8,87
13556820,30,36,4,83
13557330,49,3,2,81
13557840,68,22,8,73
13558350,75,30,-4,77
13558860,57,38,-9,86
13559370,76,21,11,75
13559880,83,29,1,74
13560390,65,37,2,72
13560900,84,56,-7,79
13561410,1,75,-1,80
13561920,57,6,5,75
13562430,76,25,-1,76
13562940,83,39,-4,80
13563450,65,47,-3,83
13563960,84,66,7,76
13564470,91,67,-6,82
13564980,98,68,13,69
13565490,54,95,-3,72
13566000,68,20,1,71
13566510,75,28,-1,72
13567020,82,36,-1,73
13567530,64,50,-11,84
13568040,83,33,14,70
13568550,65,47,-9,79
13569060,84,66,4,75
13569570,55,67,-7,82
13570080,74,34,6,76
13570590,93,48,-2,78
13571100,75,75,0,78
13571610,94,42,3,75
13572120,76,69,-9,84
13572630,95,36,6,78
13573140,77,50,-9,87
13573650,0,69,6,81
13574160,56,0,7,74
13574670,75,19,3,71
13575180,82,41,-3,74
13575690,101,55,-3,77
13576200,57,82,-5,82
13576710,71,49,4,78
13577220,71,68,1,77
13577730,28,35,-4,81
13578240,80,2,9,72
13578750,62,21,-8,80
13579260,69,40,-1,81
13579770,88,59,2,79
13580280,44,78,-4,83
13580790,58,45,3,80
13581300,77,12,6,74
13581810,84,39,0,74
13582320,66,53,-8,82
13582830,85,20,4,78
13583340,92,47,1,77
13583850,74,61,-1,78
13584360,32,62,-4,82
13584870,33,29,-2,84
13585380,52,98,8,76
13585890,62,65,-4,80
13586400,76,32,7,73
13586910,95,46,-3,76
13587420,77,73,-3,79
13587930,35,40,-2,81
13588440,49,7,0,81
13588950,50,32,5,76
13589460,69,15,-1,77
13589970,76,23,2,75
13590480,83,31,-2,77
13590990,65,58,-6,83
13591500,79,25,10,73
13592010,86,33,-5,78
13592520,68,60,1,77
13593030,82,27,-1,78
13593540,89,35,4,74
13594050,71,49,-4,78
13594560,90,68,4,74
13595070,46,69,-3,77
13595580,60,36,-4,81
13596090,79,19,7,74
13596600,86,46,4,70
13597110,42,60,-10,80
13597620,59,27,-3,83
13598130,78,46,1,82
13598640,85,65,5,77
13599150,2,66,-1,78
13599660,58,55,-4,82
13600170,77,22,4,78
13600680,84,30,3,75
13601190,91,44,-5,80
13601700,73,71,-1,81
13602210,92,38,3,78
13602720,74,65,-3,81
13603230,93,32,4,77
13603740,75,59,-6,83
13604250,94,60,6,77
13604760,50,79,-7,84
13605270,64,46,4,80
13605780,83,65,4,76
13606290,0,66,-5,81
13606800,56,16,5,76
13607310,63,35,0,76
13607820,82,54,-4,80
13608330,89,73,8,72
13608840,63,74,-10,82
13609350,77,41,6,76
13609860,96,55,-4,80
13610370,52,82,0,80
13610880,66,49,-4,84
13611390,85,32,10,74
13611900,67,59,-7,81
13612410,86,26,2,79
13612920,93,34,3,76
13613430,75,61,-7,83
13613940,32,62,5,78
13614450,42,37,-4,82
13614960,61,4,12,70
13615470,80,23,-10,80
13615980,87,50,1,79
13616490,43,79,0,79
13617000,53,46,-6,85
13617510,72,29,5,80
13618020,79,43,9,71
13618530,86,57,-12,83
13619040,93,76,4,79
13619550,10,77,-1,80
13620060,20,66,3,77
13620570,30,46,-8,85
13621080,82,13,10,75
13621590,64,40,-4,79
13622100,83,59,2,77
13622610,0,60,-4,81
13623120,10,66,-3,84
13623630,20,19,5,79
13624140,39,2,2,77
13624650,58,27,-4,81
13625160,100,46,-2,83
13625670,82,73,5,78
13626180,40,62,2,76
13626690,54,29,-4,80
13627200,73,12,7,73
13627710,80,39,0,73
13628220,62,53,-12,85
13628730,81,20,8,77
13629240,88,47,-3,80
13629750,95,61,-2,82
13630260,51,80,4,78
13630770,65,47,-4,82
13631280,84,66,8,74
13631790,91,67,-9,83
13632300,47,86,12,71
13632810,61,11,-9,80
13633320,68,58,2,78
13633830,87,25,0,78
13634340,69,52,-6,84
13634850,88,71,10,74
13635360,5,72,-7,81
13635870,15,61,3,78
13636380,25,5,-1,79
13636890,26,30,-1,80
13637400,78,99,7,73
13637910,60,86,-2,75
13638420,42,11,-8,83
13638930,43,96,4,79
13639440,53,85,9,70
13639950,67,10,-4,74
13640460,74,24,0,74
13640970,81,38,2,72
13641480,63,3,-3,75
13641990,48,22,-10,85
13642500,67,5,18,67
13643010,74,32,-14,81
13643520,81,46,7,74
13644030,88,73,-9,83
13644540,46,35,-1,84
13645050,65,18,6,78
13645560,72,65,-5,83
13646070,91,27,4,79
13646580,73,54,-3,82
13647090,92,73,12,70
13647600,48,74,-5,75
13648110,30,41,-5,80
13648620,82,8,1,79
13649130,64,35,1,78
13649640,83,18,5,73
13650150,59,45,-13,86
13650660,78,12,7,79
13651170,93,39,1,78
13651680,75,66,-6,84
13652190,33,55,0,84
13652700,47,22,0,84
13653210,66,5,7,77
13653720,73,24,0,77
13654230,80,38,-2,79
13654740,87,52,3,76
13655250,43,66,1,75
13655760,57,33,-8,83
13656270,76,16,9,74
13656780,58,43,-10,84
13657290,77,26,7,77
13657800,84,40,6,71
13658310,66,54,-8,79
13658820,85,21,0,79
13659330,92,48,4,75
13659840,48,75,-7,82
13660350,62,42,4,78
13660860,81,22,7,71
13661370,88,49,-8,79
13661880,44,63,-2,81
13662390,61,30,3,78
13662900,80,13,1,77
13663410,87,40,2,75
13663920,69,54,-9,84
13664430,88,21,6,78
13664940,64,48,-1,79
13665450,83,67,-1,80
13665960,57,68,-3,83
13666470,76,35,10,73
13666980,83,49,-6,79
13667490,39,68,-1,80
13668000,53,35,-2,82
13668510,72,18,1,81
13669020,79,32,9,72
13669530,61,59,-7,79
13670040,75,26,3,76
13670550,82,34,6,70
13671060,64,61,-17,87
13671570,83,28,11,76
13672080,90,55,-1,77
13672590,46,82,4,73
13673100,28,7,-10,83
13673610,31,32,3,80
13674120,50,101,2,78
13674630,64,68,-5,83
13675140,46,35,-2,85
13675650,65,18,8,77
13676160,72,58,-7,84
13676670,1,25,4,80
13677180,11,16,0,80
13677690,63,101,6,74
13678200,45,26,-9,83
13678710,64,9,9,74
13679220,71,23,2,72
13679730,78,37,0,72
13680240,60,64,-13,85
13680750,74,31,13,72
13681260,56,45,-18,90
13681770,75,28,12,78
13682280,82,36,6,72
13682790,64,63,-13,85
13683300,21,30,2,83
13683810,40,99,1,82
13684320,50,88,6,76
13684830,60,13,0,76
13685340,67,60,-7,83
13685850,81,27,5,78
13686360,63,54,-5,83
13686870,82,21,11,72
13687380,64,48,-8,80
13687890,83,67,4,76
13688400,12,68,-2,78
13688910,22,57,-5,83
13689420,32,48,0,83
13689930,34,15,1,82
13690440,53,100,4,78
13690950,58,19,3,75
13691460,65,33,-5,80
13691970,84,52,0,80
13692480,40,71,-1,81
13692990,50,38,3,78
13693500,69,21,5,73
13694010,76,35,-1,74
13694520,83,49,-6,80
13695030,39,63,-3,83
13695540,53,30,5,78
13696050,78,13,0,78
13696560,93,40,1,77
13697070,49,67,-2,79
13697580,66,34,-2,81
13698090,91,53,3,78
13698600,47,67,1,77
13699110,61,34,-2,79
13699620,101,17,2,77
13700130,77,44,3,74
13700640,33,56,-8,82
13701150,47,96,6,76
13701660,29,63,-10,86
13702170,39,30,6,80
13702680,58,13,1,79
13703190,65,32,3,76
13703700,84,46,1,75
13704210,40,60,-10,85
13704720,54,27,1,84
13705230,79,10,8,76
13705740,61,37,-10,86
13706250,80,20,14,72
13706760,3,47,-6,78
13707270,13,38,2,76
13707780,23,29,-4,80
13708290,75,98,4,76
13708800,57,23,-3,79
13709310,82,42,4,75
13709820,38,69,-8,83
13710330,48,36,-2,85
13710840,67,19,8,77
13711350,92,33,1,76
13711860,74,60,-1,77
13712370,93,61,2,75
13712880,49,88,6,69
13713390,54,13,-10,79
13713900,73,32,1,78
13714410,80,46,2,76
13714920,36,60,-4,80
13715430,50,27,-4,84
13715940,69,10,9,75
13716450,76,37,-4,79
13716960,101,56,-6,85
13717470,57,83,11,74
13717980,39,8,-13,87
13718490,40,33,9,78
13719000,59,0,5,73
13719510,78,19,0,73
13720020,85,46,-1,74
13720530,41,60,-8,82
13721040,55,27,7,75
13721550,80,46,-6,81
13722060,87,73,5,76
13722570,61,100,-2,78
13723080,43,25,-7,85
13723590,62,8,11,74
13724100,69,35,-4,78
13724610,88,54,0,78
13725120,44,73,-1,79
13725630,61,40,3,76
13726140,80,59,-6,82
13726650,87,86,0,82
13727160,2,11,1,81
13727670,54,29,1,80
13728180,73,12,7,73
13728690,80,39,0,73
13729200,62,66,-18,91
13729710,79,33,24,67
13730220,61,60,-17,84
13730730,89,27,8,76
13731240,71,54,-4,80
13731750,90,73,2,78
13732260,64,100,7,71
13732770,46,25,-14,85
13733280,65,8,7,78
13733790,72,35,2,76
13734300,97,49,-1,77
13734810,53,76,-3,80
13735320,70,1,5,75
13735830,89,20,-6,81
13736340,12,47,1,80
13736850,22,38,-8,88
13737360,41,5,12,76
13737870,42,30,-1,77
13738380,61,13,0,77
13738890,68,27,-2,79
13739400,75,35,-1,80
13739910,100,49,1,79
13740420,56,76,-5,84
13740930,70,43,4,80
13741440,95,62,2,78
13741950,51,89,1,77
13742460,56,14,0,77
13742970,75,54,-9,86
13743480,94,73,2,84
13743990,50,74,9,75
13744500,64,41,-10,85
13745010,89,60,6,79
13745520,45,79,-5,84
13746030,62,46,3,81
13746540,81,65,0,81
13747050,10,66,12,69
13747560,20,55,-18,87
13748070,30,57,5,82
13748580,52,24,7,75
13749090,82,7,-2,77
13749600,64,34,-9,86
13750110,89,17,4,82
13750620,71,44,6,76
13751130,96,58,-7,83
13751640,52,72,4,79
13752150,69,39,-1,80
13752660,94,53,7,73
13753170,50,80,-10,83
13753680,64,5,8,75
13754190,83,24,-2,77
13754700,6,51,-1,78
13755210,16,42,0,78
13755720,97,33,4,74
13756230,79,60,-2,76
13756740,35,61,-2,78
13757250,52,28,-7,85
13757760,71,11,10,75
13758270,96,38,0,75
13758780,78,65,-11,86
13759290,97,84,12,74
13759800,67,9,1,73
13760310,41,36,-8,81
13760820,60,3,3,78
13761330,79,33,5,73
13761840,2,60,-6,79
13762350,12,51,1,78
13762860,22,42,-3,81
13763370,1,9,0,81
13763880,75,6,8,73
13764390,57,33,-13,86
13764900,82,16,11,75
13765410,5,43,-4,79
13765920,15,34,0,79
13766430,96,1,-1,80
13766940,78,20,8,72
13767450,85,28,-5,77
13767960,8,55,1,76
13768470,18,46,-5,81
13768980,19,37,0,81
13769490,100,4,-1,82
13770000,82,34,6,76
13770510,5,48,3,73
13771020,15,39,-7,80
13771530,22,30,0,80
13772040,1,99,-2,82
13772550,57,88,7,75
13773060,39,13,-8,83
13773570,40,38,1,82
13774080,68,5,7,75
13774590,87,24,-5,80
13775100,69,51,1,79
13775610,94,70,3,76
13776120,15,71,-11,87
13776630,25,98,6,81
13777140,35,30,-4,85
13777650,60,99,6,79
13778160,74,24,2,77
13778670,99,32,-4,81
13779180,81,59,5,76
13779690,10,60,-4,80
13780200,20,51,2,78
13780710,30,42,-5,83
13781220,9,9,4,79
13781730,83,94,4,75
13782240,65,19,2,73
13782750,72,27,0,73
13783260,97,41,-2,75
13783770,79,68,-4,79
13784280,98,57,-3,82
13784790,54,71,-4,86
13785300,71,38,4,82
13785810,96,57,-4,86
13786320,19,71,4,82
13786830,29,98,0,82
13787340,39,87,1,81
13787850,40,54,1,80
13788360,57,21,-1,81
13788870,76,29,9,72
13789380,58,43,-17,89
13789890,86,26,18,71
13790400,68,53,-11,82
13790910,87,72,4,78
13791420,61,73,-1,79
13791930,75,48,-3,82
13792440,94,67,-1,83
13792950,50,68,3,80
13793460,67,35,3,77
13793970,86,49,-2,79
13794480,3,76,-9,88
13794990,59,7,14,74
13795500,78,85,-5,79
13796010,57,12,1,78
13796520,76,26,-3,81
13797030,101,34,5,76
13797540,83,61,-3,79
13798050,12,62,1,78
13798560,22,89,-6,84
13799070,32,21,-2,86
13799580,60,90,7,79
13800090,39,15,-5,84
13800600,58,84,9,75
13801110,37,9,-14,89
13801620,38,34,2,87
13802130,66,1,13,74
13802640,85,20,0,74
13803150,92,47,0,74
13803660,74,74,-7,81
13804170,53,41,-4,85
13804680,81,31,5,80
13805190,88,58,2,78
13805700,44,77,2,76
13806210,58,44,-11,87
13806720,86,11,9,78
13807230,68,21,3,75
13807740,75,29,0,75
13808250,82,56,-6,81
13808760,11,83,-3,84
13809270,34,8,-3,87
13809780,35,33,8,79
13810290,63,42,-5,84
13810800,91,61,7,77
13811310,47,99,-1,78
13811820,48,18,-2,80
13812330,67,37,-3,83
13812840,86,51,6,77
13813350,42,78,2,75
13813860,21,3,-7,82
13814370,22,28,-3,85
13814880,1,97,4,81
13815390,57,86,2,79
13815900,36,11,-9,88
13816410,37,36,2,86
13816920,65,3,9,77
13817430,84,33,-1,78
13817940,66,47,-4,82
13818450,85,66,4,78
13818960,59,67,-1,79
13819470,38,34,0,79
13819980,66,1,10,69
13820490,85,20,-5,74
13821000,59,47,-12,86
13821510,87,14,7,79
13822020,69,41,2,77
13822530,88,60,-2,79
13823040,44,98,3,76
13823550,54,17,2,74
13824060,73,31,0,74
13824570,92,45,0,74
13825080,48,72,-4,78
13825590,27,39,1,77
13826100,6,6,-2,79
13826610,80,31,2,77
13827120,62,39,-11,88
13827630,90,58,7,81
13828140,46,96,8,73
13828650,60,15,0,73
13829160,67,53,-10,83
13829670,95,20,7,76
13830180,71,47,-8,84
13830690,90,66,1,83
13831200,46,2,7,76
13831710,65,27,-1,77
13832220,84,41,1,76
13832730,66,55,-12,88
13833240,94,22,9,79
13833750,68,49,-3,82
13834260,87,68,6,76
13834770,16,69,-5,81
13835280,26,9,-1,82
13835790,27,78,2,80
13836300,37,29,0,80
13836810,65,98,4,76
13837320,47,34,-5,81
13837830,75,1,6,75
13838340,57,39,-13,88
13838850,85,22,11,77
13839360,92,49,-2,79
13839870,48,63,-3,82
13840380,65,30,11,71
13840890,84,44,-2,73
13841400,91,58,-5,78
13841910,47,85,2,76
13842420,26,4,-6,82
13842930,27,29,-1,83
13843440,55,98,3,80
13843950,69,17,4,76
13844460,76,40,-5,81
13844970,95,59,-1,82
13845480,51,97,8,74
13845990,56,16,-6,80
13846500,75,35,-2,82
13847010,94,43,6,76
13847520,50,70,-4,80
13848030,67,98,5,75
13848540,49,34,-8,83
13849050,77,1,7,76
13849560,59,20,-2,78
13850070,78,28,5,73
13850580,85,42,-3,76
13851090,41,68,-6,82
13851600,70,35,2,80
13852110,95,49,-1,81
13852620,51,63,4,77
13853130,70,30,-4,81
13853640,89,44,5,76
13854150,45,58,-10,86
13854660,62,25,1,85
13855170,87,44,8,77
13855680,43,58,-7,84
13856190,60,25,3,81
13856700,79,44,9,72
13857210,35,58,-13,85
13857720,52,25,2,83
13858230,71,94,10,73
13858740,53,30,-13,86
13859250,72,99,14,72
13859760,54,35,-16,88
13860270,82,54,12,76
13860780,38,73,-3,79
13861290,60,40,1,78
13861800,79,59,-1,79
13862310,98,60,-3,82
13862820,54,87,4,78
13863330,71,6,6,72
13863840,90,25,-3,75
13864350,64,52,-15,90
13864860,81,35,12,78
13865370,100,49,-1,79
13865880,56,63,4,75
13866390,73,30,-3,78
13866900,80,57,-5,83
13867410,9,76,4,79
13867920,19,1,-3,82
13868430,36,26,-4,86
13868940,64,95,8,78
13869450,43,31,-8,86
13869960,60,100,11,75
13870470,42,36,-3,78
13870980,59,3,4,74
13871490,9,41,-12,86
13872000,19,32,5,81
13872510,100,101,-2,83
13873020,15,26,0,83
13873530,67,95,8,75
13874040,49,31,-9,84
13874550,57,100,7,77
13875060,62,36,-8,85
13875570,81,55,2,83
13876080,10,93,4,79
13876590,20,82,-6,85
13877100,30,33,0,85
13877610,47,0,7,78
13878120,64,25,1,77
13878630,83,63,-6,83
13879140,57,101,10,73
13879650,29,20,-14,87
13880160,48,89,13,74
13880670,20,8,-9,83
13881180,37,77,4,79
13881690,47,44,-1,80
13882200,75,11,7,73
13882710,82,19,2,71
13883220,89,46,-7,78
13883730,45,60,-8,86
13884240,62,27,5,81
13884750,81,46,3,78
13885260,88,60,-1,79
13885770,44,98,1,78
13886280,54,17,2,76
13886790,73,36,0,76
13887300,80,50,-1,77
13887810,9,88,5,72
13888320,65,77,-14,86
13888830,82,44,9,77
13889340,89,71,-1,78
13889850,84,72,-3,81
13890360,58,8,9,72
13890870,65,46,-9,81
13891380,84,65,7,74
13891890,13,66,-6,80
13892400,23,57,-4,84
13892910,33,24,6,78
13893420,61,93,-2,80
13893930,43,29,-4,84
13894440,62,98,9,75
13894950,44,34,-4,79
13895460,61,1,5,74
13895970,18,20,-12,86
13896480,46,89,10,76
13896990,18,8,-6,82
13897500,35,77,1,81
13898010,36,68,1,80
13898520,53,35,-1,81
13899030,72,54,2,79
13899540,29,73,0,79
13900050,39,40,-11,90
13900560,67,7,13,77
13901070,86,45,-4,81
13901580,42,59,4,77
13902090,59,26,-4,81
13902600,84,45,10,71
13903110,40,29,-10,81
13903620,68,98,1,80
13904130,50,34,-6,86
13904640,78,1,9,77
13905150,35,20,-9,86
13905660,54,89,8,78
13906170,33,8,-10,88
13906680,50,33,-3,91
13907190,78,0,13,78
13907700,60,19,0,78
13908210,67,27,2,76
13908720,74,35,2,74
13909230,3,49,1,73
13909740,59,40,-14,87
13910250,78,7,8,79
13910760,93,26,1,78
13911270,67,53,0,78
13911780,95,20,1,77
13912290,71,47,1,76
13912800,0,66,-3,79
13913310,56,99,-1,80
13913820,99,35,-2,82
13914330,81,62,2,80
13914840,10,81,0,80
13915350,20,6,2,78
13915860,79,75,0,78
13916370,96,42,6,72
13916880,78,69,-20,92
13917390,35,5,10,82
13917900,54,78,5,77
13918410,71,45,-1,78
13918920,96,59,0,78
13919430,52,86,8,70
13919940,34,5,-10,80
13920450,51,30,-9,89
13920960,70,99,15,74
13921470,52,18,-7,81
13921980,59,87,-1,82
13922490,76,23,3,79
13923000,83,50,2,77
13923510,12,64,-5,82
13924020,22,55,5,77
13924530,32,22,-11,88
13925040,11,91,6,82
13925550,21,16,3,79
13926060,38,85,2,77
13926570,48,52,-6,83
13927080,65,19,11,72
13927590,72,33,-5,77
13928100,79,47,-4,81
13928610,8,66,2,79
13929120,18,57,-7,86
13929630,28,48,4,82
13930140,45,15,-2,84
13930650,64,84,11,73
13931160,78,10,-3,76
13931670,93,37,-2,78
13932180,75,64,-1,79
13932690,7,31,-1,80
13933200,88,44,8,72
13933710,44,58,-7,79
13934220,61,25,0,79
13934730,68,33,4,75
13935240,87,47,0,75
13935750,94,74,-2,77
13936260,23,75,-1,78
13936770,33,34,-7,85
13937280,61,1,13,72
13937790,80,20,-4,76
13938300,87,47,-2,78
13938810,43,74,2,76
13939320,60,41,-3,79
13939830,88,60,-3,82
13940340,44,79,5,77
13940850,61,46,-6,83
13941360,89,13,11,72
13941870,65,40,-12,84
13942380,84,59,3,81
13942890,13,78,4,77
13943400,23,28,-6,83
13943910,40,97,0,83
13944420,50,64,5,78
13944930,67,31,2,76
13945440,86,39,0,76
13945950,68,66,-5,81
13946460,85,33,6,75
13946970,8,60,-5,80
13947480,18,51,-1,81
13947990,28,42,-1,82
13948500,45,9,3,79
13949010,64,78,-3,82
13949520,81,45,5,77
13950030,88,72,-7,84
13950540,62,73,5,79
13951050,76,40,-1,80
13951560,5,59,2,78
13952070,15,50,-3,81
13952580,25,41,-1,82
13953090,77,8,2,80
13953600,92,35,4,76
13954110,74,62,-5,81
13954620,0,29,3,78
13955130,10,42,3,75
13955640,20,33,-10,85
13956150,37,0,3,82
13956660,38,25,2,80
13957170,66,94,4,76
13957680,80,19,4,72
13958190,87,27,-6,78
13958700,94,54,0,78
13959210,76,81,-1,79
13959720,93,48,0,79
13960230,100,75,0,79
13960740,56,76,2,77
13961250,73,43,3,74
13961760,2,57,-6,80
13962270,58,48,-2,82
13962780,86,15,10,72
13963290,62,42,-11,83
13963800,90,61,7,76
13964310,46,80,3,73
13964820,60,47,-10,83
13965330,88,14,6,77
13965840,64,41,-8,85
13966350,92,60,4,81
13966860,21,87,6,75
13967370,31,46,-8,83
13967880,45,13,0,83
13968390,46,82,11,72
13968900,60,94,-1,73
13969410,42,19,-11,84
13969920,101,88,5,79
13970430,30,89,-3,82
13970940,40,40,2,80
13971450,57,7,3,77
13971960,76,21,5,72
13972470,83,48,-4,76
13972980,12,75,-6,82
13973490,22,66,1,81
13974000,32,57,-4,85
13974510,60,24,1,84
13975020,67,43,0,84
13975530,95,62,2,82
13976040,51,100,3,79
13976550,65,67,-4,83
13977060,22,22,3,80
13977570,1,91,2,78
13978080,57,16,-4,82
13978590,76,85,4,78
13979100,93,52,4,74
13979610,75,79,-1,75
13980120,92,46,-7,82
13980630,74,73,0,82
13981140,91,40,2,80
13981650,73,67,7,73
13982160,90,34,-3,76
13982670,72,32,1,75
13983180,91,59,-1,76
13983690,47,78,-3,79
13984200,61,45,0,79
13984710,75,12,6,73
13985220,90,39,-4,77
13985730,72,66,-3,80
13986240,40,33,-1,81
13986750,68,0,0,81
13987260,83,19,10,71
13987770,59,46,-9,80
13988280,87,13,11,69
13988790,63,40,-16,85
13989300,77,7,13,72
13989810,92,34,0,72
13990320,74,61,-10,82
13990830,88,62,3,79
13991340,44,63,-6,85
13991850,61,30,3,82
13992360,80,49,1,81
13992870,9,63,-4,85
13993380,19,54,7,78
13993890,29,45,-5,83
13994400,43,12,5,78
13994910,44,97,0,78
13995420,58,64,-2,80
13995930,80,31,7,73
13996440,62,58,-5,78
13996950,90,25,3,75
13997460,79,52,-5,80
13997970,8,71,0,80
13998480,18,2,3,77
13998990,19,27,-4,81
13999500,71,96,4,77
14000010,85,63,-1,78
14000520,14,64,-3,81
14001030,24,55,-2,83
14001540,25,22,-3,86
14002050,53,91,8,78
14002560,67,10,9,69
14003070,74,24,-2,71
14003580,81,32,-9,80
14004090,4,59,-1,81
14004600,14,50,-2,83
14005110,24,41,1,82
14005620,41,8,1,81
14006130,42,77,0,81
14006640,56,44,-2,83
14007150,84,11,5,78
14007660,99,38,1,77
14008170,81,65,-9,86
14008680,7,32,9,77
14009190,17,23,4,73
14009700,98,92,-8,81
14010210,13,81,2,79
14010720,23,34,-1,80
14011230,40,1,-1,81
14011740,41,26,0,81
14012250,69,95,3,78
14012760,51,20,-3,81
14013270,52,3,0,81
14013780,53,62,2,79
14014290,67,29,-2,81
14014800,86,48,0,81
14015310,42,75,5,76
14015820,56,0,3,73
14016330,73,19,0,73
14016840,80,27,-5,78
14017350,95,54,-2,80
14017860,51,81,4,76
14018370,65,6,-4,80
14018880,80,14,7,73
14019390,95,18,-7,80
14019900,71,26,-3,83
14020410,78,34,8,75
14020920,85,48,-4,79
14021430,14,75,2,77
14021940,24,28,-6,83
14022450,41,97,7,76
14022960,42,48,-8,84
14023470,59,15,10,74
14023980,66,23,2,72
14024490,73,37,-8,80
14025000,2,56,0,80
14025510,12,47,-1,81
14026020,22,38,-1,82
14026530,23,5,-1,83
14027040,24,74,2,81
14027550,34,65,0,81
14028060,48,32,-3,84
14028570,67,101,11,73
14029080,81,26,-1,74
14029590,96,53,-1,75
14030100,52,80,0,75
14030610,66,5,-1,76
14031120,81,24,5,71
14031630,55,51,-10,81
14032140,83,18,4,77
14032650,98,45,-1,78
14033160,80,72,-2,80
14033670,97,8,2,78
14034180,73,22,7,71
14034690,80,30,-2,73
14035200,3,44,-11,84
14035710,13,35,9,75
14036220,14,26,-3,78
14036730,15,44,-2,80
14037240,25,35,-2,82
14037750,42,2,-3,85
14038260,20,27,4,81
14038770,21,96,0,81
14039280,31,31,1,80
14039790,59,100,11,69
14040300,73,36,-11,80
14040810,2,55,2,78
14041320,12,46,-6,84
14041830,22,37,1,83
14042340,39,4,6,77
14042850,40,29,-8,85
14043360,68,75,12,73
14043870,85,75,-7,80
14044380,0,76,2,78
14044890,56,7,1,77
14045400,71,21,4,73
14045910,78,48,-9,82
14046420,7,67,1,81
14046930,17,58,-4,85
14047440,27,49,2,83
14047950,28,16,0,83
14048460,29,85,2,81
14048970,30,5,-7,88
14049480,31,30,4,84
14049990,59,99,10,74
14050500,73,35,-4,78
14051010,98,49,-2,80
14051520,21,76,1,79
14052030,31,35,1,78
14052540,48,2,1,77
14053050,49,47,-3,80
14053560,77,14,7,73
14054070,92,22,-7,80
14054580,5,49,3,77
14055090,15,40,2,75
14055600,25,31,-7,82
14056110,16,100,1,81
14056620,26,25,3,78
14057130,43,94,-3,81
14057640,44,13,1,80
14058150,45,98,5,75
14058660,59,89,-2,77
14059170,3,14,1,76
14059680,33,32,-8,84
14060190,61,101,11,73
14060700,75,37,-5,78
14061210,100,64,-6,84
14061720,29,0,-1,85
14062230,30,25,-4,89
14062740,53,94,9,80
14063250,67,13,5,75
14063760,82,21,4,71
14064270,5,29,-4,75
14064780,15,20,-1,76
14065290,97,3,0,76
14065800,24,22,-7,83
14066310,41,91,8,75
14066820,42,82,-2,77
14067330,56,73,-4,81
14067840,73,40,3,78
14068350,98,59,-1,79
14068860,27,86,-6,85
14069370,28,37,1,84
14069880,45,4,8,76
14070390,46,29,0,76
14070900,74,12,2,74
14071410,89,20,-1,75
14071920,12,47,-6,81
14072430,22,38,2,79
14072940,39,5,3,76
14073450,40,30,-10,86
14073960,65,99,13,73
14074470,47,35,-5,78
14074980,64,2,3,75
14075490,79,21,5,70
14076000,86,29,-2,72
14076510,9,43,-1,73
14077020,19,34,-8,81
14077530,47,1,1,80
14078040,62,20,-1,81
14078550,87,28,6,75
14079060,61,42,-6,81
14079570,89,61,-3,84
14080080,18,99,3,81
14080590,28,31,-3,84
14081100,45,100,8,76
14081610,46,91,2,74
14082120,35,82,-6,80
14082630,36,73,-1,81
14083140,58,64,0,81
14083650,72,31,9,72
14084160,97,45,-5,77
14084670,20,53,0,77
14085180,30,44,2,75
14085690,47,11,-7,82
14086200,62,30,0,82
14086710,87,49,5,77
14087220,16,76,2,75
14087730,26,26,-7,82
14088240,43,95,7,75
14088750,44,86,-1,76
14089260,58,77,-6,82
14089770,72,13,11,71
14090280,79,21,0,71
14090790,86,35,0,71
14091300,60,49,-9,80
14091810,88,16,9,71
14092320,64,43,-13,84
14092830,92,62,5,79
14093340,21,81,0,79
14093850,31,32,3,76
14094360,48,101,2,74
14094870,62,92,-1,75
14095380,76,28,-2,77
14095890,83,36,8,69
14096400,6,63,-9,78
14096910,16,54,-1,79
14097420,26,45,-4,83
14097930,43,12,0,83
14098440,62,31,5,78
14098950,87,50,-5,83
14099460,16,64,5,78
14099970,26,55,-5,83
14100480,48,22,3,80
14100990,67,41,-2,82
14101500,92,60,2,80
14102010,21,98,0,80
14102520,31,30,-11,91
14103030,54,13,13,78
14103540,69,32,-2,80
14104050,88,51,2,78
14104560,17,65,-6,84
14105070,27,56,0,84
14105580,49,23,6,78
14106090,37,42,-5,83
14106600,54,9,8,75
14107110,61,28,1,74
14107620,68,47,-9,83
14108130,99,66,6,77
14108640,28,2,-6,83
14109150,29,27,8,75
14109660,46,96,-1,76
14110170,60,24,-5,81
14110680,85,43,5,76
14111190,14,57,-1,77
14111700,24,48,-2,79
14112210,54,15,-4,83
14112720,73,34,13,70
14113230,2,48,-6,76
14113740,58,39,-9,85
14114250,77,58,5,80
14114760,6,59,-3,83
14115270,16,50,4,79
14115780,26,41,-2,81
14116290,43,8,-1,82
14116800,62,27,4,78
14117310,81,46,4,74
14117820,10,60,-5,79
14118330,20,51,-4,83
14118840,42,42,6,77
14119350,70,9,3,74
14119860,85,47,-1,75
14120370,92,61,1,74
14120880,21,80,-6,80
14121390,31,31,0,80
14121900,48,100,5,75
14122410,62,91,-4,79
14122920,76,27,6,73
14123430,83,3,-8,81
14123940,98,41,-2,83
14124450,72,49,0,83
14124960,88,68,2,81
14125470,17,69,5,76
14125980,27,60,-8,84
14126490,49,27,4,80
14127000,68,46,0,80
14127510,99,65,-4,84
14128020,28,1,5,79
14128530,45,26,-7,86
14129040,64,9,10,76
14129550,79,17,-1,77
14130060,86,25,-1,78
14130570,9,33,3,75
14131080,19,24,-3,78
14131590,73,93,3,75
14132100,55,29,-8,83
14132610,74,48,-3,86
14133120,93,67,4,82
14133630,22,68,0,82
14134140,32,59,2,80
14134650,54,26,-3,83
14135160,73,45,8,75
14135670,2,64,-5,80
14136180,58,55,-6,86
14136690,15,22,6,80
14137200,67,40,-1,81
14137710,98,59,2,79
14138220,27,97,2,77
14138730,37,48,-6,83
14139240,60,15,6,77
14139750,67,53,-4,81
14140260,86,72,6,75
14140770,15,73,-9,84
14141280,25,24,1,83
14141790,44,93,10,73
14142300,54,12,-3,76
14142810,61,31,-1,77
14143320,80,50,-2,79
14143830,9,88,4,75
14144340,65,38,-15,90
14144850,90,57,14,76
14145360,19,69,-8,84
14145870,29,60,-2,86
14146380,51,27,7,79
14146890,70,46,0,79
14147400,101,65,0,79
14147910,30,1,-2,81
14148420,45,26,6,75
14148930,64,45,-9,84
14149440,83,64,11,73
14149950,12,65,-7,80
14150460,22,15,0,80
14150970,85,84,3,77
14151480,14,20,-4,81
14151990,74,89,7,74
14152500,56,25,-7,81
14153010,75,44,10,71
14153520,4,58,-8,79
14154030,14,49,2,77
14154540,24,40,-3,80
14155050,54,7,2,78
14155560,73,37,1,77
14156070,2,45,-6,83
14156580,12,58,6,77
14157090,22,49,-4,81
14157600,44,16,-3,84
14158110,63,101,12,72
14158620,45,37,-16,88
14159130,68,4,17,71
14159640,83,23,-2,73
14160150,90,31,-6,79
14160660,64,39,-1,80
14161170,83,58,1,79
14161680,12,59,-3,82
14162190,22,50,0,82
14162700,32,17,3,79
14163210,51,86,1,78
14163720,73,22,-1,79
14164230,80,60,2,77
14164740,9,61,-1,78
14165250,19,52,2,76
14165760,29,43,-4,80
14166270,31,10,-4,84
14166780,32,95,4,80
14167290,42,46,-7,87
14167800,65,93,7,80
14168310,47,29,-2,82
14168820,66,12,5,77
14169330,81,20,9,68
14169840,88,28,-4,72
14170350,95,55,-7,79
14170860,77,93,6,73
14171370,59,29,-4,77
14171880,78,48,1,76
14172390,7,62,-2,78
14172900,17,53,3,75
14173410,27,44,-6,81
14173920,29,11,-2,83
14174430,30,80,8,75
14174940,40,39,-7,82
14175450,63,6,4,78
14175960,25,36,-1,79
14176470,27,3,-4,83
14176980,28,28,2,81
14177490,51,97,4,77
14178000,61,33,-4,81
14178510,80,52,0,81
14179020,9,71,-2,83
14179530,19,2,6,77
14180040,80,27,5,72
14180550,87,35,-9,81
14181060,69,43,-2,83
14181570,88,62,5,78
14182080,17,100,-6,84
14182590,27,32,10,74
14183100,50,101,-1,75
14183610,60,77,-7,82
14184120,74,13,9,73
14184630,81,51,-4,77
14185140,10,89,-3,80
14185650,20,39,0,80
14186160,2,6,4,76
14186670,17,19,-4,80
14187180,36,88,0,80
14187690,46,64,2,78
14188200,28,31,-7,85
14188710,51,100,14,71
14189220,98,76,-8,79
14189730,27,77,-5,84
14190240,37,36,3,81
14190750,60,3,13,68
14191260,22,22,-15,83
14191770,24,91,-2,85
14192280,34,42,1,84
14192790,57,9,11,73
14193300,64,54,-12,85
14193810,83,21,16,69
14194320,90,29,-11,80
14194830,72,37,3,77
14195340,91,45,0,77
14195850,73,53,-7,84
14196360,2,72,-1,85
14196870,58,3,9,76
14197380,73,33,-5,81
14197890,92,41,8,73
14198400,74,49,-5,78
14198910,3,63,-4,82
14199420,59,96,3,79
14199930,41,32,-7,86
14200440,60,15,5,81
14200950,67,18,3,78
14201460,74,26,3,75
14201970,81,34,4,71
14202480,63,42,-10,81
14202990,82,25,2,79
14203500,89,33,2,77
14204010,71,41,-5,82
14204520,90,60,6,76
14205030,72,98,0,76
14205540,54,34,-3,79
14206050,73,53,-4,83
14206560,2,72,-4,87
14207070,58,85,13,74
14207580,40,52,-7,81
14208090,57,19,3,78
14208600,76,22,10,68
14209110,58,30,-15,83
14209620,77,13,7,76
14210130,92,21,-2,78
14210640,68,59,-2,80
14211150,87,26,9,71
14211660,69,40,-11,82
14212170,88,59,6,76
14212680,70,97,-4,80
14213190,52,33,-1,81
14213700,60,16,1,80
14214210,67,54,-1,81
14214720,86,73,4,77
14215230,60,9,1,76
14215740,75,70,-5,81
14216250,49,37,1,80
14216760,68,20,8,72
14217270,75,28,-3,75
14217780,82,36,-1,76
14218290,64,44,-10,86
14218800,83,27,9,77
14219310,65,35,-4,81
14219820,84,18,7,74
14220330,91,26,-3,77
14220840,73,53,-3,80
14221350,92,72,-2,82
14221860,75,8,12,70
14222370,57,18,-13,83
14222880,76,37,2,81
14223390,95,45,8,73
14223900,77,59,-11,84
14224410,6,78,3,81
14224920,62,69,0,81
14225430,44,36,-2,83
14225940,67,3,9,74
14226450,82,33,-1,75
14226960,64,41,-5,80
14227470,83,24,4,76
14227980,65,62,-10,86
14228490,84,29,9,77
14229000,66,37,1,76
14229510,85,56,-5,81
14230020,67,94,4,77
14230530,49,30,-7,84
14231040,68,13,8,76
14231550,75,51,-7,83
14232060,94,70,8,75
14232570,23,6,-6,81
14233080,30,91,-1,82
14233590,40,42,-3,85
14234100,63,9,8,77
14234610,78,39,-2,79
14235120,97,47,-2,81
14235630,79,55,0,81
14236140,98,93,4,77
14236650,80,29,4,73
14237160,62,37,-9,82
14237670,81,20,10,72
14238180,57,34,-14,86
14238690,76,17,11,75
14239200,83,25,0,75
14239710,65,39,-6,81
14240220,84,22,3,78
14240730,91,30,2,76
14241240,73,44,-2,78
14241750,2,54,1,77
14242260,58,67,-4,81
14242770,81,34,11,70
14243280,63,48,-10,80
14243790,82,67,1,79
14244300,56,3,3,76
14244810,71,33,2,74
14245320,90,41,2,72
14245830,72,55,-14,86
14246340,29,38,3,83
14246850,52,5,8,75
14247360,71,35,-6,81
14247870,90,18,5,76
14248380,66,28,-5,81
14248890,85,36,3,78
14249400,67,50,-1,79
14249910,86,69,-1,80
14250420,15,5,3,77
14250930,30,90,-5,82
14251440,40,41,3,79
14251950,63,8,4,75
14252460,25,38,-6,81
14252970,7,24,-3,84
14253480,88,42,4,80
14253990,70,56,-4,84
14254500,89,23,15,69
14255010,65,37,-15,84
14255520,84,56,-1,85
14256030,13,94,7,78
14256540,23,19,0,78
14257050,86,88,-3,81
14257560,18,24,2,79
14258070,70,93,-1,80
14258580,52,29,-4,84
14259090,71,12,8,76
14259600,86,22,6,70
14260110,62,36,-15,85
14260620,81,19,10,75
14261130,96,33,5,70
14261640,78,60,-15,85
14262150,7,98,10,75
14262660,92,87,4,71
14263170,66,23,-7,78
14263680,85,33,12,66
14264190,67,47,-16,82
14264700,75,66,-6,88
14265210,4,33,6,82
14265720,85,46,5,77
14266230,14,60,-3,80
14266740,24,19,-6,86
14267250,87,88,12,74
14267760,69,24,-6,80
14268270,76,34,5,75
14268780,24,48,-8,83
14269290,78,15,13,70
14269800,60,25,-11,81
14270310,67,44,5,76
14270820,98,63,-8,84
14271330,27,73,0,84
14271840,37,40,3,81
14272350,60,7,7,74
14272860,79,37,0,74
14273370,61,51,-9,83
14273880,80,18,4,79
14274390,56,28,4,75
14274900,75,38,-5,80
14275410,94,48,9,71
14275920,76,75,-5,76
14276430,50,42,-3,79
14276940,73,9,5,74
14277450,88,19,-4,78
14277960,64,29,3,75
14278470,83,39,-4,79
14278980,65,53,-4,83
14279490,84,20,14,69
14280000,60,34,-10,79
14280510,85,53,3,76
14281020,14,63,-3,79
14281530,24,22,-4,83
14282040,43,91,2,81
14282550,57,58,-12,93
14283060,80,25,19,74
14283570,62,39,-7,81
14284080,81,49,2,79
14284590,4,63,2,77
14285100,60,13,0,77
14285610,22,23,-9,86
14286120,41,92,4,82
14286630,13,59,-4,86
14287140,23,88,5,81
14287650,33,39,-6,87
14288160,56,6,9,78
14288670,75,36,2,76
14289180,94,50,-6,82
14289690,76,64,-2,84
14290200,5,83,3,81
14290710,61,33,5,76
14291220,80,43,5,71
14291730,62,57,-13,84
14292240,81,24,10,74
14292750,63,38,-6,80
14293260,94,48,6,74
14293770,76,75,-3,77
14294280,5,48,7,70
14294790,61,61,-8,78
14295300,80,28,3,75
14295810,87,36,2,73
14296320,69,50,-9,82
14296830,100,60,2,80
14297340,82,87,3,77
14297850,64,23,0,77
14298360,71,33,-1,78
14298870,90,47,-4,82
14299380,72,61,1,81
14299890,1,75,0,81
14300400,57,25,1,80
14300910,82,35,11,69
14301420,64,49,-8,77
14301930,95,63,2,75
14302440,24,77,-8,83
14302950,34,28,-2,85
14303460,57,97,7,78
14303970,39,33,-6,84
14304480,62,88,-3,87
14304990,44,55,9,78
14305500,26,22,-5,83
14306010,90,91,6,77
14306520,64,16,2,75
14307030,71,26,1,74
14307540,78,40,-2,76
14308050,7,50,-5,81
14308560,17,63,-2,83
14309070,27,71,2,81
14309580,37,38,-7,88
14310090,60,5,18,70
14310600,22,15,-18,88
14311110,41,84,15,73
14311620,23,51,-6,79
14312130,53,18,-4,83
14312640,72,1,15,68
14313150,54,11,-15,83
14313660,73,21,2,81
14314170,80,31,4,77
14314680,62,45,-5,82
14315190,81,55,3,79
14315700,10,65,3,76
14316210,20,15,-6,82
14316720,43,100,2,80
14317230,48,32,-6,86
14317740,71,15,7,79
14318250,78,25,8,71
14318760,60,39,-14,85
14319270,79,22,7,78
14319780,86,32,6,72
14320290,68,46,-12,84
14320800,0,56,1,83
14321310,56,69,1,82
14321820,79,36,4,78
14322330,61,46,-7,85
14322840,80,29,13,72
14323350,62,56,-8,80
14323860,81,23,3,77
14324370,88,31,3,74
14324880,70,58,-10,84
14325390,89,25,0,84
14325900,65,33,3,81
14326410,84,43,2,79
14326920,66,57,-4,83
14327430,85,24,12,71
14327940,61,38,-12,83
14328450,80,21,12,71
14328960,56,29,-10,81
14329470,81,12,7,74
14329980,57,22,-6,80
14330490,76,30,4,76
14331000,58,38,-8,84
14331510,77,21,8,76
14332020,84,29,3,73
14332530,66,37,-6,79
14333040,85,47,6,73
14333550,67,74,-11,84
14334060,90,41,11,73
14334570,72,49,-3,76
14335080,1,59,-4,80
14335590,57,72,-2,82
14336100,39,39,-7,89
14336610,62,6,13,76
14337120,24,36,-8,84
14337630,47,3,7,77
14338140,66,28,-8,85
14338650,85,11,5,80
14339160,61,21,5,75
14339670,80,31,-2,77
14340180,62,39,-9,86
14340690,81,22,11,75
14341200,57,30,-14,89
14341710,76,13,10,79
14342220,83,23,6,73
14342730,59,31,-9,82
14343240,78,14,6,76
14343750,54,24,-4,80
14344260,79,7,7,73
14344770,61,17,-5,78
14345280,68,27,-2,80
14345790,75,35,2,78
14346300,57,43,-7,85
14346810,76,26,11,74
14347320,58,34,-9,83
14347830,77,17,7,76
14348340,84,27,4,72
14348850,66,35,-9,81
14349360,85,45,7,74
14349870,67,53,-4,78
14350380,41,36,-5,83
14350890,64,3,9,74
14351400,83,33,-4,78
14351910,90,41,-1,79
14352420,72,49,-1,80
14352930,1,32,-3,83
14353440,11,45,0,83
14353950,21,58,1,82
14354460,31,25,3,79
14354970,54,94,6,73
14355480,36,30,-7,80
14355990,59,99,10,70
14356500,41,24,-15,85
14357010,60,7,6,79
14357520,79,17,8,71
14358030,55,27,-4,75
14358540,74,35,-1,76
14359050,93,45,4,72
14359560,75,72,-15,87
14360070,57,39,9,78
14360580,76,22,8,70
14361090,83,30,-4,74
14361600,65,38,-4,78
14362110,84,21,1,77
14362620,60,48,-7,84
14363130,79,31,8,76
14363640,61,39,-5,81
14364150,92,22,2,79
14364660,68,30,0,79
14365170,75,38,0,79
14365680,94,48,-3,82
14366190,76,56,-2,84
14366700,5,39,5,79
14367210,15,52,2,77
14367720,25,43,-4,81
14368230,48,10,5,76
14368740,67,20,-4,80
14369250,74,30,2,78
14369760,81,38,8,70
14370270,63,46,-14,84
14370780,82,29,11,73
14371290,64,37,-12,85
14371800,89,20,10,75
14372310,65,98,1,74
14372820,47,23,-13,87
14373330,66,6,15,72
14373840,48,16,-7,79
14374350,67,101,6,73
14374860,49,26,-13,86
14375370,68,9,6,80
14375880,83,19,7,73
14376390,90,46,-6,79
14376900,72,54,-1,80
14377410,29,64,-2,82
14377920,11,31,4,78
14378430,87,40,2,76
14378940,69,48,-15,91
14379450,94,31,12,79
14379960,76,39,1,78
14380470,95,34,0,78
14380980,77,42,1,77
14381490,84,52,-4,81
14382000,66,62,6,75
14382510,48,29,-7,82
14383020,67,12,2,80
14383530,29,22,-9,89
14384040,52,5,6,83
14384550,67,30,7,76
14385060,74,38,-4,80
14385570,93,46,1,79
14386080,75,54,1,78
14386590,4,64,-1,79
14387100,60,47,-1,80
14387610,79,30,5,75
14388120,61,38,-2,77
14388630,80,21,1,76
14389140,87,29,-8,84
14389650,10,56,5,79
14390160,20,85,-2,81
14390670,30,93,-6,87
14391180,55,44,0,87
14391690,78,11,12,75
14392200,93,21,-4,79
14392710,69,48,-5,84
14393220,88,31,8,76
14393730,70,39,-2,78
14394240,89,22,1,77
14394750,65,49,3,74
14395260,96,57,-7,81
14395770,78,67,1,80
14396280,97,34,-2,82
14396790,79,42,7,75
14397300,98,50,-2,77
14397810,80,24,5,72
14398320,56,80,-9,81
14398830,38,47,-1,82
14399340,20,14,-2,84
14399850,35,99,3,81
14400360,45,31,-1,82
14400870,64,14,9,73
14401380,71,22,-5,78
14401890,86,30,8,70
14402400,9,38,-13,83
14402910,19,29,5,78
14403420,1,98,5,73
14403930,57,87,-6,79
14404440,71,54,-2,81
14404950,96,62,0,81
14405460,52,72,3,78
14405970,66,39,-3,81
14406480,91,22,2,79
14406990,67,30,-3,82
14407500,92,38,4,78
14408010,74,46,-9,87
14408520,99,56,10,77
14409030,81,64,-9,86
14409540,55,72,8,78
14410050,37,39,-1,79
14410560,60,6,3,76
14411070,22,36,-6,82
14411580,45,3,8,74
14412090,60,28,0,74
14412600,79,36,-4,78
14413110,2,44,1,77
14413620,12,35,-1,78
14414130,88,48,4,74
14414640,70,56,-2,76
14415150,95,57,-3,79
14415660,77,67,1,78
14416170,51,34,-3,81
14416680,76,17,8,73
14417190,83,25,-3,76
14417700,59,33,-5,81
14418210,84,16,7,74
14418720,60,26,-5,79
14419230,85,9,2,77
14419740,61,19,0,77
14420250,76,27,7,70
14420760,83,35,-6,76
14421270,6,43,-2,78
14421780,16,56,3,75
14422290,26,36,-7,82
14422800,49,3,10,72
14423310,64,33,-7,79
14423820,83,16,9,70
14424330,59,24,-7,77
14424840,84,32,2,75
14425350,7,40,-4,79
14425860,17,53,2,77
14426370,27,44,-3,80
14426880,50,11,4,76
14427390,65,14,-2,78
14427900,27,22,-2,80
14428410,50,91,2,78
14428920,60,58,0,78
14429430,83,25,3,75
14429940,98,33,-2,77
14430450,21,60,2,75
14430960,31,27,-3,78
14431470,56,96,3,75
14431980,38,63,-10,85
14432490,61,30,-1,86
14433000,86,13,8,78
14433510,101,23,-1,79
14434020,77,31,4,75
14434530,0,39,-6,81
14435040,10,52,2,79
14435550,20,43,-3,82
14436060,50,10,3,79
14436570,65,95,2,77
14437080,79,20,2,75
14437590,55,28,-2,77
14438100,80,11,1,76
14438610,95,21,3,73
14439120,71,48,-12,85
14439630,96,31,8,77
14440140,78,58,-1,78
14440650,1,66,-8,86
14441160,57,49,3,83
14441670,80,16,12,71
14442180,56,24,-9,80
14442690,75,7,4,76
14443200,90,17,-1,77
14443710,66,25,-2,79
14444220,85,33,5,74
14444730,67,41,-6,80
14445240,92,24,0,80
14445750,15,51,-5,85
14446260,25,42,1,84
14446770,55,9,4,80
14447280,70,12,8,72
14447790,85,20,-4,76
14448300,100,28,1,75
14448810,23,55,-8,83
14449320,33,22,1,82
14449830,58,91,4,78
14450340,40,27,-5,83
14450850,65,10,3,80
14451360,80,13,5,75
14451870,95,23,-4,79
14452380,71,50,2,77
14452890,90,58,-1,78
14453400,46,68,-7,85
14453910,60,35,3,82
14454420,79,18,8,74
14454930,94,26,-3,77
14455440,70,53,-5,82
14455950,95,36,-3,85
14456460,77,44,7,78
14456970,0,54,-3,81
14457480,56,83,6,75
14457990,38,50,-10,85
14458500,20,17,1,84
14459010,84,0,8,76
14459520,66,30,-1,77
14460030,91,38,3,74
14460540,73,46,-4,78
14461050,98,56,-2,80
14461560,80,64,8,72
14462070,54,65,-11,83
14462580,73,32,7,76
14463090,92,40,0,76
14463600,74,48,-2,78
14464110,99,58,-7,85
14464620,81,96,11,74
14465130,63,31,-3,77
14465640,82,14,2,75
14466150,97,24,-2,77
14466660,73,51,-6,83
14467170,98,34,4,79
14467680,80,61,4,75
14468190,3,99,-3,78
14468700,59,88,4,74
14469210,41,24,-8,82
14469720,56,7,6,76
14470230,71,37,3,73
14470740,53,45,-12,85
14471250,76,12,10,75
14471760,91,20,-3,78
14472270,67,28,2,76
14472780,82,36,-5,81
14473290,64,44,2,79
14473800,83,54,3,76
14474310,12,64,-3,79
14474820,22,98,4,75
14475330,32,30,-8,83
14475840,55,13,5,78
14476350,70,16,4,74
14476860,77,24,0,74
14477370,92,32,-5,79
14477880,74,40,3,76
14478390,93,48,-4,80
14478900,75,56,-6,86
14479410,49,60,0,86
14479920,72,27,13,73
14480430,79,35,-3,76
14480940,98,43,-6,82
14481450,80,51,4,78
14481960,99,61,1,77
14482470,55,98,5,72
14482980,37,34,-20,92
14483490,71,1,12,80
14484000,53,31,-1,81
14484510,72,14,11,70
14485020,34,22,-12,82
14485530,49,5,3,79
14486040,64,30,3,76
14486550,83,38,1,75
14487060,65,46,-11,86
14487570,84,29,9,77
14488080,66,37,-3,80
14488590,85,45,2,78
14489100,67,53,-11,89
14489610,23,36,9,80
14490120,5,3,-1,81
14490630,79,88,8,73
14491140,61,23,-11,84
14491650,80,31,10,74
14492160,62,39,-10,84
14492670,81,22,12,72
14493180,88,30,-6,78
14493690,70,38,-7,85
14494200,89,21,7,78
14494710,65,29,-4,82
14495220,84,12,2,80
14495730,99,22,2,78
14496240,12,49,3,75
14496750,22,78,-3,78
14497260,32,10,-3,81
14497770,47,95,9,72
14498280,61,27,-8,80
14498790,76,10,7,73
14499300,91,20,-1,74
14499810,4,47,2,72
14500320,14,6,-7,79
14500830,29,91,-4,83
14501340,39,23,4,79
14501850,54,6,2,77
14502360,69,36,0,77
14502870,88,44,0,77
14503380,70,52,-7,84
14503890,2,35,7,77
14504400,58,48,-1,78
14504910,77,15,5,73
14505420,39,25,-7,80
14505930,58,8,-7,87
14506440,73,33,17,70
14506950,98,41,-11,81
14507460,21,49,0,81
14507970,36,16,1,80
14508480,51,101,4,76
14508990,65,68,-1,77
14509500,99,35,1,76
14510010,22,62,-8,84
14510520,32,7,4,80
14511030,47,92,4,76
14511540,61,24,-3,79
14512050,80,34,5,74
14512560,99,42,-6,80
14513070,22,50,-2,82
14513580,52,17,0,82
14514090,67,27,6,76
14514600,82,35,2,74
14515110,59,43,-5,79
14515620,78,26,0,79
14516130,1,34,3,76
14516640,57,25,-6,82
14517150,82,8,4,78
14517660,97,18,5,73
14518170,10,28,-5,78
14518680,86,46,-4,82
14519190,9,54,-3,85
14519700,19,67,10,75
14520210,29,94,-1,76
14520720,39,26,-15,91
14521230,54,9,14,77
14521740,69,19,-1,78
14522250,84,29,3,75
14522760,99,37,4,71
14523270,73,64,-10,81
14523780,47,31,-1,82
14524290,66,14,7,75
14524800,81,24,-2,77
14525310,96,32,1,76
14525820,19,59,1,75
14526330,1,4,-4,79
14526840,75,43,0,79
14527350,94,53,6,73
14527860,50,90,-3,76
14528370,64,15,2,74
14528880,79,82,-2,76
14529390,61,18,-1,77
14529900,76,28,2,75
14530410,44,38,-6,81
14530920,67,5,6,75
14531430,82,35,1,74
14531940,5,43,-8,82
14532450,69,56,1,81
14532960,1,39,2,79
14533470,57,52,-2,81
14533980,85,19,2,79
14534490,61,29,-2,81
14535000,80,39,8,73
14535510,99,47,-4,77
14536020,81,74,1,76
14536530,13,89,-1,77
14537040,23,21,-6,83
14537550,46,4,1,82
14538060,61,29,4,78
14538570,80,39,7,71
14539080,62,47,-15,86
14539590,81,30,4,82
14540100,88,40,3,79
14540610,11,48,-1,80
14541120,21,95,-9,89
14541630,31,27,11,78
14542140,54,96,5,73
14542650,36,32,-14,87
14543160,59,101,12,75
14543670,39,37,-8,83
14544180,73,4,9,74
14544690,88,14,1,73
14545200,64,24,-3,76
14545710,83,34,2,74
14546220,65,42,-4,78
14546730,84,52,-2,80
14547240,13,62,2,78
14547750,23,96,0,78
14548260,33,28,-1,79
14548770,90,80,2,77
14549280,64,15,-2,79
14549790,26,25,-4,83
14550300,49,8,5,78
14550810,64,18,2,76
14551320,79,28,3,73
14551830,94,55,-6,79
14552340,76,65,-3,82
14552850,8,1,7,75
14553360,82,86,-5,80
14553870,64,22,4,76
14554380,79,32,6,70
14554890,61,42,-11,81
14555400,80,25,0,81
14555910,95,35,6,75
14556420,77,62,-4,79
14556930,9,100,1,78
14557440,87,25,4,74
14557950,95,52,-4,78
14558460,77,62,0,78
14558970,9,89,1,77
14559480,94,21,1,76
14559990,56,48,-10,86
14560500,84,31,8,78
14561010,66,41,-2,80
14561520,85,51,3,77
14562030,14,61,-5,82
14562540,24,6,7,75
14563050,39,91,-5,80
14563560,53,23,-5,85
14564070,68,33,11,74
14564580,87,43,-7,81
14565090,69,53,-5,86
14565600,1,63,5,81
14566110,57,96,7,74
14566620,71,32,-5,79
14567130,90,42,-1,80
14567640,72,80,1,79
14568150,54,16,-3,82
14568660,69,26,8,74
14569170,76,36,-1,75
14569680,95,46,2,73
14570190,77,56,-17,90
14570700,9,66,11,79
14571210,19,99,-1,80
14571720,29,31,-3,83
14572230,52,100,8,75
14572740,34,36,-11,86
14573250,57,3,9,77
14573760,72,33,3,74
14574270,91,43,-3,77
14574780,73,70,-7,84
14575290,5,6,3,81
14575800,69,45,-7,88
14576310,88,55,7,81
14576820,70,65,1,80
14577330,2,1,0,80
14577840,76,40,-2,82
14578350,95,50,5,77
14578860,77,60,-4,81
14579370,9,14,2,79
14579880,85,99,1,78
14580390,67,35,3,75
14580900,74,45,-5,80
14581410,89,55,3,77
14581920,45,65,-2,79
14582430,68,32,2,77
14582940,87,42,-5,82
14583450,69,52,-2,84
14583960,1,62,5,79
14584470,57,95,8,71
14584980,39,31,-16,87
14585490,62,14,9,78
14586000,77,24,3,75
14586510,92,34,1,74
14587020,74,61,-7,81
14587530,6,99,7,74
14588040,84,31,2,72
14588550,66,41,-9,81
14589060,85,51,2,79
14589570,14,61,-1,80
14590080,24,6,3,77
14590590,39,91,-1,78
14591100,49,23,0,78
14591610,68,6,2,76
14592120,83,16,4,72
14592630,98,26,-7,79
14593140,11,53,3,76
14593650,21,100,-6,82
14594160,31,32,-2,84
14594670,54,101,13,71
14595180,36,37,-16,87
14595690,59,4,17,70
14596200,74,34,-7,77
14596710,89,44,-2,79
14597220,96,54,4,75
14597730,78,64,-4,79
14598240,10,101,0,79
14598750,88,33,2,77
14599260,70,60,-5,82
14599770,98,97,8,74
14600280,80,33,-1,75
14600790,47,60,-6,81
14601300,61,27,0,81
14601810,80,37,6,75
14602320,87,47,-6,81
14602830,94,57,-1,82
14603340,76,67,-1,83
14603850,8,3,5,78
14604360,82,42,1,77
14604870,101,52,-7,84
14605380,83,79,6,78
14605890,15,15,5,73
14606400,79,100,-3,76
14606910,61,36,-6,82
14607420,80,19,6,76
14607930,95,29,2,74
14608440,77,56,-10,84
14608950,9,94,1,83
14609460,65,26,10,73
14609970,84,36,-1,74
14610480,66,46,-6,80
14610990,85,56,-2,82
14611500,41,66,8,74
14612010,55,33,-5,79
14612520,74,16,8,71
14613030,89,26,-4,75
14613540,71,82,-2,77
14614050,85,18,1,76
14614560,100,28,-3,79
14615070,82,55,-3,82
14615580,14,65,5,77
14616090,24,99,-5,82
14616600,34,31,3,79
14617110,57,100,3,76
14617620,39,36,-10,86
14618130,73,3,11,75
14618640,88,13,3,72
14619150,64,23,-6,78
14619660,71,33,0,78
14620170,90,43,5,73
14620680,72,53,-5,78
14621190,91,63,-1,79
14621700,47,73,2,77
14622210,61,40,-9,86
14622720,80,23,11,75
14623230,87,33,-1,76
14623740,69,43,-8,84
14624250,88,53,9,75
14624760,70,63,-5,80
14625270,2,30,3,77
14625780,66,43,-6,83
14626290,85,26,8,75
14626800,67,36,-3,78
14627310,86,46,2,76
14627820,68,56,-4,80
14628330,0,66,1,79
14628840,56,99,2,77
14629350,70,35,-4,81
14629860,89,45,4,77
14630370,71,55,-6,83
14630880,3,38,5,78
14631390,67,51,-2,80
14631900,101,34,5,75
14632410,83,61,-9,84
14632920,15,71,2,82
14633430,25,3,0,82
14633940,40,28,3,79
14634450,59,11,1,78
14634960,74,21,6,72
14635470,81,31,4,68
14635980,63,45,-17,85
14636490,91,28,11,74
14637000,4,55,-3,77
14637510,60,88,2,75
14638020,74,24,-2,77
14638530,81,34,5,72
14639040,63,44,-12,84
14639550,91,54,5,79
14640060,47,64,-7,86
14640570,70,31,6,80
14641080,89,41,5,75
14641590,71,51,-15,90
14642100,99,34,12,78
14642610,81,61,-4,82
14643120,13,99,2,80
14643630,23,31,-1,81
14644140,46,100,7,74
14644650,60,32,-1,75
14645160,79,42,1,74
14645670,86,52,-2,76
14646180,42,62,-8,84
14646690,65,29,3,81
14647200,84,39,4,77
14647710,66,49,-7,84
14648220,94,32,3,81
14648730,7,59,1,80
14649240,17,92,-6,86
14649750,27,18,3,83
14650260,50,1,7,76
14650770,65,31,-8,84
14651280,84,41,9,75
14651790,91,51,-1,76
14652300,47,61,-3,79
14652810,70,28,-1,80
14653320,89,38,5,75
14653830,71,46,-5,80
14654340,78,56,5,75
14654850,97,94,-1,76
14655360,29,29,-4,80
14655870,52,98,4,76
14656380,66,34,-5,81
14656890,85,44,8,73
14657400,92,54,-11,84
14657910,48,64,3,81
14658420,71,31,3,78
14658930,90,41,-1,79
14659440,100,51,1,78
14659950,56,81,4,74
14660460,70,17,-6,80
14660970,85,27,7,73
14661480,59,37,-11,84
14661990,87,20,4,80
14662500,49,30,-3,83
14663010,77,13,5,78
14663520,92,23,3,75
14664030,66,50,-5,80
14664540,94,60,1,79
14665050,50,98,2,77
14665560,64,34,-1,78
14666070,83,44,4,74
14666580,39,71,-5,79
14667090,53,38,0,79
14667600,81,21,5,74
14668110,88,31,-2,76
14668620,95,41,-1,77
14669130,69,49,-10,87
14669640,97,59,16,71
14670150,53,96,-2,73
14670660,67,32,-7,80
14671170,86,42,6,74
14671680,93,52,-5,79
14672190,49,90,9,70
14672700,54,26,-9,79
14673210,73,36,-6,85
14673720,92,46,12,73
14674230,66,73,-8,81
14674740,23,40,-2,83
14675250,51,7,7,76
14675760,70,32,2,74
14676270,89,42,-7,81
14676780,96,72,6,75
14677290,70,8,3,72
14677800,85,38,-6,78
14678310,92,48,-5,83
14678820,9,75,7,76
14679330,19,6,-3,79
14679840,83,91,-3,82
14680350,65,27,1,81
14680860,84,37,4,77
14681370,7,67,-6,83
14681880,17,100,2,81
14682390,27,32,1,80
14682900,50,101,3,77
14683410,64,37,-4,81
14683920,89,20,1,80
14684430,2,30,-2,82
14684940,66,43,-3,85
14685450,94,26,8,77
14685960,68,53,-4,81
14686470,58,54,-3,84
14686980,86,21,4,80
14687490,101,87,3,77
14688000,27,22,-3,80
14688510,55,91,7,73
14689020,69,27,-6,79
14689530,84,37,1,78
14690040,7,47,-4,82
14690550,71,60,-4,86
14691060,3,43,5,81
14691570,67,56,-10,91
14692080,95,23,14,77
14692590,69,61,-5,82
14693100,1,28,1,81
14693610,65,41,4,77
14694120,84,51,1,76
14694630,40,61,-6,82
14695140,63,28,1,81
14695650,82,58,-4,85
14696160,38,96,2,83
14696670,39,28,3,80
14697180,67,97,1,79
14697690,81,33,2,77
14698200,4,41,-3,80
14698710,14,70,1,79
14699220,24,2,-1,80
14699730,39,27,-2,82
14700240,67,10,7,75
14700750,29,40,-8,83
14701260,52,7,5,78
14701770,14,32,1,77
14702280,95,101,-4,81
14702790,27,36,1,80
14703300,50,3,3,77
14703810,65,33,-6,83
14704320,84,43,6,77
14704830,40,51,0,77
14705340,63,18,-3,80
14705850,70,21,10,70
14706360,77,31,-3,73
14706870,96,39,-3,76
14707380,70,66,-9,85
14707890,2,2,3,82
14708400,76,41,6,76
14708910,95,51,-8,84
14709420,51,81,6,78
14709930,65,17,-1,79
14710440,53,47,-1,80
14710950,81,14,4,76
14711460,43,24,-6,82
14711970,71,7,8,74
14712480,86,17,-1,75
14712990,48,44,-4,79
14713500,76,11,6,73
14714010,38,41,-12,85
14714520,61,8,7,78
14715030,76,38,1,77
14715540,81,48,-1,78
14716050,37,58,-7,85
14716560,60,25,4,81
14717070,79,55,7,74
14717580,35,92,-10,84
14718090,45,24,3,81
14718600,73,7,6,75
14719110,88,37,-3,78
14719620,62,45,-8,86
14720130,90,28,9,77
14720640,64,55,-2,79
14721150,92,22,3,76
14721660,54,49,-9,85
14722170,82,16,11,74
14722680,56,46,-8,82
14723190,84,13,5,77
14723700,58,43,0,77
14724210,86,44,7,70
14724720,42,52,-14,84
14725230,56,19,7,77
14725740,75,59,-3,80
14726250,7,60,0,80
14726760,17,93,-5,85
14727270,27,25,3,82
14727780,50,94,3,79
14728290,55,61,-3,82
14728800,78,28,6,76
14729310,52,36,-6,82
14729820,80,19,12,70
14730330,54,29,-12,82
14730840,82,39,8,74
14731350,5,47,-2,76
14731860,69,6,0,76
14732370,84,36,-3,79
14732880,89,44,0,79
14733390,45,52,1,78
14733900,68,19,1,77
14734410,83,57,-5,82
14734920,6,94,4,78
14735430,62,19,-1,79
14735940,81,22,4,75
14736450,88,32,2,73
14736960,62,40,-5,78
14737470,67,50,0,78
14737980,101,51,5,73
14738490,57,81,-9,82
14739000,71,48,0,82
14739510,99,78,0,82
14740020,22,79,5,77
14740530,32,11,-13,90
14741040,33,96,6,84
14741550,31,28,-3,87
14742060,59,97,1,86
14742570,69,33,4,82
14743080,76,63,-5,87
14743590,8,64,4,83
14744100,18,97,3,80
14744610,28,29,-2,82
14745120,51,98,6,76
14745630,56,19,-7,83
14746140,75,59,3,80
14746650,7,60,0,80
14747160,17,93,1,79
14747670,27,25,-5,84
14748180,50,94,4,80
14748690,55,30,-1,81
14749200,80,13,5,76
14749710,54,23,2,74
14750220,73,31,-4,78
14750730,78,41,3,75
14751240,83,51,-7,82
14751750,39,6,4,78
14752260,58,31,-5,83
14752770,83,14,6,77
14753280,98,24,-1,78
14753790,72,51,-1,79
14754300,1,61,-2,81
14754810,57,94,8,73
14755320,62,30,-3,76
14755830,81,38,-2,78
14756340,55,68,-2,80
14756850,69,35,1,79
14757360,94,45,0,79
14757870,50,53,3,76
14758380,78,20,2,74
14758890,93,47,-2,76
14759400,49,55,-6,82
14759910,72,22,1,81
14760420,87,60,1,80
14760930,43,98,6,74
14761440,53,30,-11,85
14761950,81,13,11,74
14762460,55,23,-7,81
14762970,80,6,-1,82
14763480,95,25,9,73
14763990,69,52,-8,81
14764500,26,53,3,78
14765010,56,20,-2,80
14765520,75,23,12,68
14766030,49,84,-4,72
14766540,54,51,-18,90
14767050,82,18,13,77
14767560,56,28,-9,86
14768070,81,11,9,77
14768580,96,41,0,77
14769090,70,49,-3,80
14769600,101,59,1,79
14770110,57,97,0,79
14770620,62,33,2,77
14771130,67,36,-2,79
14771640,92,46,9,70
14772150,48,73,-8,78
14772660,62,40,-6,84
14773170,90,23,10,74
14773680,64,50,-3,77
14774190,38,17,-9,86
14774700,0,0,7,79
14775210,64,39,-1,80
14775720,95,22,1,79
14776230,69,49,-5,84
14776740,74,59,-2,86
14777250,0,60,2,84
14777760,56,93,10,74
14778270,61,29,-3,77
14778780,66,32,2,75
14779290,71,35,-2,77
14779800,96,38,1,76
14780310,70,65,-9,85
14780820,2,32,5,80
14781330,66,45,-1,81
14781840,91,28,4,77
14782350,65,55,-6,83
14782860,99,22,13,70
14783370,73,49,-8,78
14783880,29,59,-3,81
14784390,54,26,2,79
14784900,79,35,0,79
14785410,84,37,5,74
14785920,58,98,-2,76
14786430,63,34,-4,80
14786940,68,44,-6,86
14787450,93,54,11,75
14787960,49,91,0,75
14788470,54,58,-9,84
14788980,77,25,10,74
14789490,51,86,-7,81
14790000,56,22,-1,82
14790510,81,25,8,74
14791020,55,86,-3,77
14791530,60,53,-5,82
14792040,88,20,6,76
14792550,62,47,-7,83
14793060,90,30,8,75
14793570,64,57,-7,82
14794080,92,24,10,72
14794590,66,51,-14,86
14795100,94,18,14,72
14795610,68,45,-12,84
14796120,93,55,6,78
14796630,49,92,5,73
14797140,54,59,-12,85
14797650,88,26,7,78
14798160,62,53,2,76
14798670,96,20,-1,77
14799180,70,47,-9,86
14799690,95,30,6,80
14800200,69,57,-5,85
14800710,94,24,8,77
14801220,68,51,-12,89
14801730,96,18,10,79
14802240,70,45,2,77
14802750,95,55,-3,80
14803260,51,65,-2,82
14803770,74,32,7,75
14804280,79,93,-1,76
14804790,93,28,1,75
14805300,67,55,-9,84
14805810,95,22,6,78
14806320,69,49,1,77
14806830,94,50,-3,80
14807340,50,9,1,79
14807850,65,49,-4,83
14808360,93,16,2,81
14808870,67,26,3,78
14809380,74,87,-5,83
14809890,53,54,2,81
14810400,81,21,7,74
14810910,4,82,-1,75
14811420,60,13,-1,76
14811930,22,16,-10,86
14812440,85,85,8,78
14812950,17,21,-9,87
14813460,47,4,7,80
14813970,48,29,-5,85
14814480,76,12,11,74
14814990,91,22,-7,81
14815500,67,49,-2,83
14816010,95,16,8,75
14816520,69,26,-2,77
14817030,76,87,3,74
14817540,58,23,-2,76
14818050,83,26,5,71
14818560,57,53,-6,77
14819070,85,20,5,72
14819580,59,47,-10,82
14820090,87,14,3,79
14820600,61,24,1,78
14821110,86,64,-11,89
14821620,9,65,12,77
14822130,19,15,-6,83
14822640,82,100,1,82
14823150,64,35,3,79
14823660,69,18,8,71
14824170,84,79,-6,77
14824680,58,14,-2,79
14825190,77,17,7,72
14825700,51,44,-13,85
14826210,79,11,13,72
14826720,53,21,-8,80
14827230,78,4,8,72
14827740,93,23,-6,78
14828250,69,50,-7,85
14828760,94,33,9,76
14829270,68,60,-6,82
14829780,96,27,6,76
14830290,70,54,-7,83
14830800,2,55,1,82
14831310,66,0,7,75
14831820,81,19,6,69
14832330,55,80,-11,80
14832840,69,16,-3,83
14833350,84,77,0,83
14833860,58,23,4,79
14834370,77,6,0,79
14834880,92,16,1,78
14835390,68,26,1,77
14835900,75,29,5,72
14836410,85,90,-4,76
14836920,99,25,-6,82
14837430,75,52,1,81
14837940,31,53,1,80
14838450,59,20,1,79
14838960,51,23,-6,85
14839470,70,6,14,71
14839980,32,25,-16,87
14840490,55,94,14,73
14841000,60,30,-4,77
14841510,85,13,2,75
14842020,59,50,-4,79
14842530,87,17,7,72
14843040,63,44,-8,80
14843550,91,27,2,78
14844060,67,54,0,78
14844570,95,55,0,78
14845080,51,82,1,77
14845590,65,18,7,70
14846100,72,21,-9,79
14846610,79,24,3,76
14847120,86,85,0,76
14847630,18,20,-3,79
14848140,78,3,4,75
14848650,60,33,-11,86
14849160,13,3,9,77
14849670,77,92,-13,90
14850180,91,28,16,74
14850690,65,55,-13,87
14851200,93,38,8,79
14851710,79,65,-5,84
14852220,53,66,-1,85
14852730,67,33,7,78
14853240,92,36,1,77
14853750,15,63,-5,82
14854260,25,22,3,79
14854770,48,91,3,76
14855280,62,27,-9,85
14855790,87,30,11,74
14856300,61,38,-8,82
14856810,89,21,5,77
14857320,65,48,3,74
14857830,90,49,-5,79
14858340,46,50,-7,86
14858850,69,17,8,78
14859360,76,20,5,73
14859870,83,81,-2,75
14860380,15,16,-4,79
14860890,45,101,1,78
14861400,55,33,-4,82
14861910,80,16,6,76
14862420,54,83,-2,78
14862930,68,29,-2,80
14863440,93,32,0,80
14863950,67,59,4,76
14864460,95,26,-2,78
14864970,69,53,-8,86
14865480,94,54,9,77
14865990,50,81,6,71
14866500,64,6,0,71
14867010,26,84,-10,81
14867520,36,16,-5,86
14868030,64,101,12,74
14868540,46,37,-8,82
14869050,74,4,9,73
14869560,10,23,-6,79
14870070,74,41,7,72
14870580,30,0,-10,82
14871090,31,25,1,81
14871600,56,8,3,78
14872110,71,11,6,72
14872620,78,89,-6,78
14873130,60,25,-3,81
14873640,79,28,9,72
14874150,2,89,-8,80
14874660,58,20,1,79
14875170,83,23,4,75
14875680,6,31,-4,79
14876190,70,22,3,76
14876700,77,83,-5,81
14877210,9,18,5,76
14877720,85,36,0,76
14878230,8,44,-1,77
14878740,72,57,-2,79
14879250,97,58,2,77
14879760,53,95,-1,78
14880270,67,31,4,74
14880780,92,34,-1,75
14881290,66,61,-6,81
14881800,94,28,0,81
14882310,68,55,0,81
14882820,93,56,3,78
14883330,49,93,1,77
14883840,63,25,-1,78
14884350,88,28,8,70
14884860,62,55,-17,87
14885370,90,22,9,78
14885880,64,97,0,78
14886390,69,33,2,76
14886900,94,41,-4,80
14887410,50,49,-3,83
14887920,78,16,8,75
14888430,40,97,-8,83
14888940,57,29,1,82
14889450,82,12,5,77
14889960,97,22,0,77
14890470,73,49,-1,78
14890980,98,86,2,76
14891490,72,32,4,72
14892000,82,40,-1,73
14892510,38,48,-16,89
14893020,61,15,14,75
14893530,68,18,-5,80
14894040,75,21,10,70
14894550,82,82,-4,74
14895060,56,18,-12,86
14895570,75,21,8,78
14896080,82,82,-1,79
14896590,56,17,4,75
14897100,75,20,1,74
14897610,82,23,-1,75
14898120,89,31,-1,76
14898630,63,58,-4,80
14899140,91,25,1,79
14899650,65,33,1,78
14900160,90,36,3,75
14900670,46,44,-11,86
14901180,74,11,14,72
14901690,1,21,-6,78
14902200,65,39,0,78
14902710,86,22,1,77
14903220,60,30,-7,84
14903730,85,13,11,73
14904240,59,40,-7,80
14904750,87,23,1,79
14905260,49,50,1,78
14905770,77,17,5,73
14906280,51,78,-6,79
14906790,65,45,-2,81
14907300,90,28,4,77
14907810,64,55,-3,80
14908320,92,22,-4,84
14908830,99,49,4,80
14909340,55,57,-7,87
14909850,83,24,16,71
14910360,57,32,-5,76
14910870,82,15,-2,78
14911380,56,42,-4,82
14911890,84,25,6,76
14912400,58,86,5,71
14912910,72,22,-7,78
14913420,79,83,0,78
14913930,53,19,-7,85
14914440,72,2,7,78
14914950,87,21,4,74
14915460,61,48,-11,85
14915970,89,31,3,82
14916480,63,58,-4,86
14916990,91,25,8,78
14917500,65,52,-3,81
14918010,93,53,6,75
14918520,49,80,-2,77
14919030,63,47,-9,86
14919540,91,30,6,80
14920050,65,57,-4,84
14920560,93,24,7,77
14921070,67,51,-6,83
14921580,101,52,8,75
14922090,57,79,0,75
14922600,71,14,2,73
14923110,78,54,-9,82
14923620,34,55,-1,83
14924130,57,22,3,80
14924640,82,25,7,73
14925150,56,52,-11,84
14925660,84,19,12,72
14926170,58,27,-9,81
14926680,83,10,4,77
14927190,89,20,3,74
14927700,63,47,-8,82
14928210,91,30,3,79
14928720,65,57,-3,82
14929230,99,24,5,77
14929740,75,51,-4,81
14930250,100,52,-1,82
14930760,56,79,6,76
14931270,70,46,-2,78
14931780,26,29,-6,84
14932290,53,98,11,73
14932800,53,34,-18,91
14933310,81,17,17,74
14933820,55,44,-6,80
14934330,57,11,-3,83
14934840,72,14,6,77
14935350,34,54,-10,87
14935860,57,21,11,76
14936370,64,24,2,74
14936880,69,85,-1,75
14937390,51,21,-11,86
14937900,70,4,15,71
14938410,85,71,-8,79
14938920,59,55,-3,82
14939430,87,22,10,72
14939940,61,49,-12,84
14940450,89,16,12,72
14940960,63,43,-12,84
14941470,91,26,10,74
14941980,47,53,-2,76
14942490,70,20,0,76
14943000,77,81,-4,80
14943510,51,17,4,76
14944020,76,57,-7,83
14944530,101,58,0,83
14945040,57,59,-3,86
14945550,80,26,12,74
14946060,87,34,-2,76
14946570,61,61,-7,83
14947080,95,28,3,80
14947590,51,55,0,80
14948100,85,22,5,75
14948610,59,30,-2,77
14949120,84,13,3,74
14949630,60,21,-3,77
14950140,67,24,-4,81
14950650,92,27,9,72
14951160,66,54,-8,80
14951670,100,55,0,80
14952180,56,92,5,75
14952690,66,28,-3,78
14953200,91,36,-4,82
14953710,47,63,3,79
14954220,61,30,3,76
14954730,86,33,-1,77
14955240,42,34,-4,81
14955750,61,17,5,76
14956260,68,78,-1,77
14956770,50,14,-4,81
14957280,57,99,7,74
14957790,62,61,-17,91
14958300,90,28,13,78
14958810,46,55,-4,82
14959320,69,22,0,82
14959830,76,62,1,81
14960340,50,63,1,80
14960850,84,30,6,74
14961360,40,57,-7,81
14961870,63,24,2,79
14962380,70,44,-1,80
14962890,26,27,-4,84
14963400,53,96,8,76
14963910,63,32,1,75
14964420,68,15,0,75
14964930,30,55,-10,85
14965440,60,22,7,78
14965950,67,25,3,75
14966460,74,28,2,73
14966970,81,36,1,72
14967480,37,44,-9,81
14967990,60,11,4,77
14968500,67,14,4,73
14969010,29,54,-7,80
14969520,59,21,1,79
14970030,84,61,-3,82
14970540,40,62,3,79
14971050,63,29,4,75
14971560,68,37,-5,80
14972070,93,45,-2,82
14972580,49,53,-4,86
14973090,77,20,11,75
14973600,84,28,2,73
14974110,40,55,-13,86
14974620,63,22,7,79
14975130,70,25,6,73
14975640,77,86,-4,77
14976150,59,22,-4,81
14976660,64,25,2,79
14977170,69,28,1,78
14977680,76,36,2,76
14978190,81,44,-1,77
14978700,37,58,-10,87
14979210,60,25,8,79
14979720,67,8,4,75
14980230,82,86,-8,83
14980740,56,22,5,78
14981250,73,5,5,73
14981760,9,24,-10,83
14982270,39,42,5,78
14982780,73,9,2,76
14983290,35,85,-5,81
14983800,45,17,-3,84
14984310,64,0,8,76
14984820,0,19,6,70
14985330,56,37,-10,80
14985840,84,20,8,72
14986350,60,28,-6,78
14986860,65,11,0,78
14987370,80,89,-2,80
14987880,62,25,-5,85
14988390,87,8,3,82
14988900,63,27,5,77
14989410,68,10,3,74
14989920,75,88,3,71
14990430,57,24,-7,78
14990940,82,64,5,73
14991450,38,10,-16,89
14991960,39,95,7,82
14992470,49,27,1,81
14992980,74,10,6,75
14993490,36,88,-8,83
14994000,46,20,1,82
14994510,65,3,9,73
14995020,80,81,-6,79
14995530,54,17,0,79
14996040,61,79,2,77
14996550,75,15,0,77
14997060,37,93,-5,82
14997570,47,25,-3,85
14998080,52,8,9,76
14998590,67,86,-3,79
14999100,24,22,1,78
14999610,54,91,2,76
15000120,64,27,0,76
15000630,20,35,-3,79
15001140,50,2,2,77
15001650,65,27,2,75
15002160,27,35,-7,82
15002670,54,2,9,73
15003180,69,80,-10,83
15003690,83,16,8,75
15004200,59,43,-2,77
15004710,87,91,-4,81
15005220,61,26,-1,82
15005730,86,9,6,76
15006240,62,47,-9,85
15006750,96,48,9,76
15007260,52,75,-3,79
15007770,66,42,-3,82
15008280,91,25,8,74
15008790,47,52,-5,79
15009300,70,19,7,72
15009810,77,57,-12,84
15010320,33,58,5,79
15010830,56,25,-2,81
15011340,63,8,5,76
15011850,78,86,1,75
15012360,52,21,-7,82
15012870,77,4,9,73
15013380,92,23,-2,75
15013890,48,61,-3,78
15014400,71,28,5,73
15014910,27,55,-12,85
15015420,57,22,9,76
15015930,62,62,-6,82
15016440,19,29,2,80
15016950,49,98,3,77
15017460,59,30,-4,81
15017970,84,33,5,76
15018480,40,41,-5,81
15018990,68,8,5,76
15019500,30,46,-15,91
15020010,57,13,13,78
15020520,72,16,8,70
15021030,28,54,-16,86
15021540,58,21,8,78
15022050,83,61,-3,81
15022560,39,62,-1,82
15023070,62,29,6,76
15023580,69,32,-1,77
15024090,79,26,-2,79
15024600,35,64,0,79
15025110,65,31,4,75
15025620,70,34,0,75
15026130,75,42,-8,83
15026640,31,52,-2,85
15027150,54,19,8,77
15027660,59,2,2,75
15028170,96,80,-5,80
15028680,52,26,-6,86
15029190,67,9,10,76
15029700,23,87,-8,84
15030210,33,22,1,83
15030720,58,5,11,72
15031230,73,83,-5,77
15031740,55,18,-3,80
15032250,74,58,-1,81
15032760,30,59,-3,84
15033270,60,26,3,81
15033780,67,9,2,79
15034290,29,47,-3,82
15034800,56,14,1,81
15035310,71,54,0,81
15035820,27,55,-5,86
15036330,57,22,10,76
15036840,62,5,4,72
15037350,77,83,-3,75
15037860,51,19,-4,79
15038370,76,2,7,72
15038880,58,12,-6,78
15039390,73,52,-2,80
15039900,29,56,5,75
15040410,101,23,-9,84
15040920,57,50,0,84
15041430,85,17,9,75
15041940,41,44,-8,83
15042450,64,11,5,78
15042960,79,51,-2,80
15043470,35,61,-1,81
15043980,58,28,-5,86
15044490,83,11,7,79
15045000,98,15,-5,84
15045510,54,53,0,84
15046020,88,20,7,77
15046530,44,47,-7,84
15047040,67,14,14,70
15047550,11,52,-15,85
15048060,21,43,4,81
15048570,51,10,0,81
15049080,13,99,-6,87
15049590,23,34,7,80
15050100,50,1,4,76
15050610,65,79,0,76
15051120,47,15,-8,84
15051630,48,100,9,75
15052140,53,32,-3,78
15052650,78,15,4,74
15053160,34,55,-7,81
15053670,61,22,3,78
15054180,17,62,-2,80
15054690,27,42,-1,81
15055200,54,9,3,78
15055710,69,49,-6,84
15056220,25,32,1,83
15056730,52,101,3,80
15057240,62,68,0,80
15057750,44,35,-1,81
15058260,69,18,6,75
15058770,25,56,-8,83
15059280,35,23,-1,84
15059790,60,92,8,76
15060300,42,28,-2,78
15060810,67,11,5,73
15061320,29,51,-10,83
15061830,59,18,6,77
15062340,15,4,-1,78
15062850,79,89,1,77
15063360,61,25,-6,83
15063870,86,8,0,83
15064380,62,18,4,79
15064890,87,58,-4,83
15065400,43,96,4,79
15065910,53,28,-4,83
15066420,78,11,9,74
15066930,54,21,-2,76
15067440,79,4,0,76
15067950,55,14,0,76
15068460,70,54,-5,81
15068970,26,55,-2,83
15069480,36,22,1,82
15069990,61,5,9,73
15070500,18,15,-10,83
15071010,82,100,6,77
15071520,56,36,-12,89
15072030,81,19,13,76
15072540,37,46,-6,82
15073050,60,13,7,75
15073560,67,16,0,75
15074070,23,56,-4,79
15074580,33,23,0,79
15075090,58,92,5,74
15075600,40,28,-12,86
15076110,65,11,8,78
15076620,21,89,-4,82
15077130,31,21,-7,89
15077640,54,90,13,76
15078150,59,26,-3,79
15078660,84,29,8,71
15079170,40,43,-14,85
15079680,63,10,9,76
15080190,19,50,-2,78
15080700,29,17,-7,85
15081210,54,0,9,76
15081720,69,78,-8,84
15082230,51,45,6,78
15082740,85,12,1,77
15083250,87,39,2,75
15083760,43,66,-7,82
15084270,66,33,5,77
15084780,22,36,-7,84
15085290,52,3,9,75
15085800,67,81,-1,76
15086310,49,48,-3,79
15086820,74,15,2,77
15087330,30,55,-2,79
15087840,55,22,0,79
15088350,80,5,4,75
15088860,62,24,-4,79
15089370,18,27,-5,84
15089880,48,96,8,76
15090390,58,63,-9,85
15090900,15,12,5,80
15091410,16,97,3,77
15091920,26,29,-7,84
15092430,49,98,13,71
15092940,92,8,0,71
15093450,68,18,-11,82
15093960,93,21,-2,84
15094470,49,48,6,78
15094980,83,15,9,69
15095490,39,29,-14,83
15096000,64,12,11,72
15096510,26,26,-9,81
15097020,49,95,6,75
15097530,59,27,-5,80
15098040,84,10,5,75
15098550,60,20,3,72
15099060,16,23,-8,80
15099570,46,92,5,75
15100080,56,24,-8,83
15100590,81,7,2,81
15101100,63,26,9,72
15101610,88,29,-7,79
15102120,44,56,-4,83
15102630,67,23,6,77
15103140,23,26,-9,86
15103650,46,95,10,76
15104160,56,27,-9,85
15104670,81,10,9,76
15105180,55,29,-10,86
15105690,80,12,17,69
15106200,54,22,-10,79
15106710,79,5,5,74
15107220,55,24,-7,81
15107730,80,7,11,70
15108240,56,26,-16,86
15108750,81,9,11,75
15109260,55,28,-9,84
15109770,80,11,6,78
15110280,54,89,-1,79
15110790,64,25,6,73
15111300,89,28,0,73
15111810,77,55,-7,80
15112320,33,59,-3,83
15112830,58,26,7,76
15113340,83,9,-1,77
15113850,57,87,-2,79
15114360,71,23,9,70
15114870,27,37,-9,79
15115380,50,4,3,76
15115890,12,29,-6,82
15116400,42,16,2,80
15116910,67,101,5,75
15117420,77,37,-6,81
15117930,0,40,3,78
15118440,64,31,0,78
15118950,89,34,-1,79
15119460,45,61,2,77
15119970,59,28,-4,81
15120480,84,11,9,72
15120990,60,49,-7,79
15121500,85,16,3,76
15122010,41,54,-8,84
15122520,64,21,4,80
15123030,71,24,4,76
15123540,27,27,-9,85
15124050,54,96,8,77
15124560,64,32,-11,88
15125070,89,15,6,82
15125580,45,42,1,81
15126090,70,9,2,79
15126600,85,87,7,72
15127110,59,22,-5,77
15127620,15,5,-6,83
15128130,79,90,0,83
15128640,53,26,-4,87
15129150,78,9,14,73
15129660,52,19,-8,81
15130170,14,2,1,80
15130680,78,87,2,78
15131190,52,23,0,78
15131700,77,6,5,73
15132210,92,44,-3,76
15132720,48,58,-5,81
15133230,71,100,4,77
15133740,81,36,1,76
15134250,37,63,-10,86
15134760,62,30,1,85
15135270,87,13,13,72
15135780,43,40,-11,83
15136290,68,7,12,71
15136800,42,85,-9,80
15137310,52,52,-2,82
15137820,77,19,12,70
15138330,33,33,-14,84
15138840,56,0,9,75
15139350,71,78,-6,81
15139860,45,45,1,80
15140370,70,12,7,73
15140880,32,90,-11,84
15141390,42,22,-2,86
15141900,43,5,3,83
15142410,44,30,4,79
15142920,69,48,-6,85
15143430,94,31,5,80
15143940,50,58,-3,83
15144450,29,25,-1,84
15144960,52,94,9,75
15145470,62,30,-8,83
15145980,87,33,7,76
15146490,43,60,-8,84
15147000,66,27,0,84
15147510,91,30,7,77
15148020,72,38,-1,78
15148530,97,41,7,71
15149040,53,68,-10,81
15149550,67,35,5,76
15150060,72,49,-2,78
15150570,97,53,2,76
15151080,53,80,-2,78
15151590,63,5,5,73
15152100,25,83,-3,76
15152610,35,15,-2,78
15153120,36,100,-6,84
15153630,46,32,7,77
15154140,71,15,0,77
15154650,33,55,0,77
15155160,81,22,1,76
15155670,37,60,-9,85
15156180,62,27,9,76
15156690,87,30,-1,77
15157200,84,57,2,75
15157710,40,95,-10,85
15158220,50,27,7,78
15158730,75,10,4,74
15159240,90,88,-2,76
15159750,64,24,3,73
15160260,69,27,-2,75
15160770,25,30,-6,81
15161280,52,99,3,78
15161790,62,35,0,78
15162300,87,18,5,73
15162810,58,56,-7,80
15163320,92,23,2,78
15163830,48,61,-5,83
15164340,27,28,1,82
15164850,57,97,8,74
15165360,67,33,-5,79
15165870,92,36,0,79
15166380,36,63,2,77
15166890,46,30,-6,83
15167400,71,13,10,73
15167910,33,51,-11,84
15168420,56,18,8,76
15168930,63,21,1,75
15169440,88,24,4,71
15169950,44,51,-7,78
15170460,67,18,6,72
15170970,23,56,-8,80
15171480,33,23,-5,85
15171990,58,92,12,73
15172500,68,28,-2,75
15173010,24,31,-7,82
15173520,51,100,9,73
15174030,61,36,-8,81
15174540,86,19,8,73
15175050,60,46,-9,82
15175560,85,47,5,77
15176070,41,85,2,75
15176580,51,17,-2,77
15177090,70,56,-7,84
15177600,95,57,4,80
15178110,51,95,4,76
15178620,61,31,-3,79
15179130,76,14,3,76
15179640,50,52,-7,83
15180150,84,19,10,73
15180660,58,46,-5,78
15181170,83,68,-1,79
15181680,6,69,-3,82
15182190,16,0,3,79
15182700,77,25,5,74
15183210,33,52,-11,85
15183720,56,19,3,82
15184230,81,22,9,73
15184740,37,49,-5,78
15185250,60,16,4,74
15185760,67,19,-5,79
15186270,82,57,-5,84
15186780,62,95,13,71
15187290,72,31,2,69
15187800,46,39,-5,74
15188310,71,6,1,73
15188820,86,25,-2,75
15189330,60,52,-8,83
15189840,85,53,1,82
15190350,41,91,7,75
15190860,51,23,-6,81
15191370,76,6,8,73
15191880,50,33,-11,84
15192390,75,16,8,76
15192900,49,43,-4,80
15193410,74,10,4,76
15193920,89,48,-4,80
15194430,45,86,5,75
15194940,55,22,-6,81
15195450,80,5,3,78
15195960,95,43,-3,81
15196470,51,70,-1,82
15196980,65,37,-2,84
15197490,90,41,8,76
15198000,46,49,-9,85
15198510,80,16,13,72
15199020,54,43,-12,84
15199530,79,26,11,73
15200040,53,53,-10,83
15200550,87,20,5,78
15201060,61,58,-4,82
15201570,95,96,0,82
15202080,69,32,5,77
15202590,94,35,-1,78
15203100,68,62,-5,83
15203610,0,100,2,81
15204120,56,89,4,77
15204630,66,25,2,75
15205140,23,63,-1,76
15205650,33,54,-7,83
15206160,63,21,1,82
15206670,70,59,-6,88
15207180,2,27,3,85
15207690,66,18,8,77
15208200,81,61,-7,84
15208710,55,62,0,84
15209220,89,29,3,81
15209730,63,56,1,80
15210240,97,23,-3,83
15210750,71,50,-3,86
15211260,45,88,8,78
15211770,55,55,-6,84
15212280,89,22,11,73
15212790,63,49,-3,76
15213300,97,50,0,76
15213810,53,77,1,75
15214320,32,44,-9,84
15214830,66,11,7,77
15215340,81,49,1,76
15215850,37,87,-4,80
15216360,47,19,-7,87
15216870,66,2,16,71
15217380,81,40,-8,79
15217890,4,48,1,78
15218400,14,39,-6,84
15218910,24,30,0,84
15219420,51,99,10,74
15219930,61,35,-7,81
15220440,86,18,7,74
15220950,60,45,-1,75
15221460,94,49,-3,78
15221970,50,57,-5,83
15222480,16,24,-2,85
15222990,80,93,7,78
15223500,54,29,-5,83
15224010,73,12,6,77
15224520,88,39,8,69
15225030,62,66,-12,81
15225540,96,33,6,75
15226050,70,60,-10,85
15226560,2,61,4,81
15227070,58,94,13,68
15227580,68,30,-7,75
15228090,73,33,-1,76
15228600,98,41,-3,79
15229110,72,68,-9,88
15229620,4,4,16,72
15230130,68,43,-11,83
15230640,93,47,5,78
15231150,67,55,-4,82
15231660,101,38,3,79
15232170,75,65,-9,88
15232680,7,1,9,79
15233190,71,40,2,77
15233700,34,78,2,75
15234210,44,10,-7,82
15234720,63,49,2,80
15235230,97,50,0,80
15235740,71,58,2,78
15236250,45,59,-6,84
15236760,79,26,12,72
15237270,53,34,-7,79
15237780,78,17,8,71
15238290,52,55,-14,85
15238800,86,22,11,74
15239310,60,49,-6,80
15239820,94,50,6,74
15240330,68,58,-7,81
15240840,0,59,0,81
15241350,64,92,6,75
15241860,46,28,-8,83
15242370,65,11,7,76
15242880,80,49,2,74
15243390,54,76,-5,79
15243900,33,12,0,79
15244410,34,97,-2,81
15244920,44,29,2,79
15245430,69,12,4,75
15245940,43,50,-8,83
15246450,77,17,8,75
15246960,51,55,-7,82
15247470,85,22,8,74
15247980,59,60,-6,80
15248490,93,27,6,74
15249000,67,54,-3,77
15249510,101,55,0,77
15250020,57,80,1,76
15250530,36,16,-6,82
15251040,6,101,-1,83
15251550,62,90,7,76
15252060,44,26,-1,77
15252570,63,9,-3,80
15253080,78,12,6,74
15253590,93,50,-10,84
15254100,49,88,10,74
15254610,59,24,-3,77
15255120,84,27,7,70
15255630,58,54,-9,79
15256140,92,21,4,75
15256650,66,48,-14,89
15257160,100,52,10,79
15257670,56,79,5,74
15258180,35,15,-9,83
15258690,36,100,2,81
15259200,46,32,-2,83
15259710,74,15,7,76
15260220,48,53,0,76
15260730,82,20,-5,81
15261240,56,58,2,79
15261750,90,25,-1,80
15262260,64,52,2,78
15262770,98,53,1,77
15263280,54,91,1,76
15263790,86,27,-1,77
15264300,60,35,-5,82
15264810,18,18,0,82
15265320,48,1,-3,85
15265830,63,26,5,80
15266340,88,34,0,80
15266850,62,42,1,79
15267360,96,43,4,75
15267870,70,51,-3,78
15268380,44,52,-4,82
15268890,78,19,10,72
15269400,52,57,-11,83
15269910,86,24,8,75
15270420,60,51,-7,82
15270930,94,63,0,82
15271440,50,101,5,77
15271950,60,37,-7,84
15272460,85,20,15,69
15272970,59,58,-10,79
15273480,93,25,3,76
15273990,67,52,-2,78
15274500,101,53,-3,81
15275010,57,91,1,80
15275520,62,27,-2,82
15276030,87,30,11,71
15276540,61,58,-14,85
15277050,95,25,10,75
15277560,69,52,-7,82
15278070,1,53,-1,83
15278580,65,44,2,81
15279090,99,27,0,81
15279600,73,54,0,81
15280110,5,55,6,75
15280620,61,88,1,74
15281130,71,24,-4,78
15281640,96,32,0,78
15282150,70,59,-6,84
15282660,2,60,7,77
15283170,58,93,-3,80
15283680,63,29,-4,84
15284190,88,32,5,79
15284700,62,40,-4,83
15285210,8,44,5,78
15285720,72,27,-5,83
15286230,97,65,3,80
15286740,53,1,2,78
15287250,68,39,-4,82
15287760,93,77,3,79
15288270,67,78,0,79
15288780,101,14,-2,81
15289290,75,52,-5,86
15289800,100,90,12,74
15290310,74,25,-4,78
15290820,99,63,0,78
15291330,55,101,-1,79
15291840,60,37,-3,82
15292350,85,20,6,76
15292860,59,58,-2,78
15293370,93,94,-3,81
15293880,13,30,4,77
15294390,8,99,-3,80
15294900,64,31,0,80
15295410,89,69,4,76
15295920,63,70,-7,83
15296430,97,37,5,78
15296940,20,64,3,75
15297450,30,23,-8,83
15297960,60,92,6,77
15298470,65,28,-5,82
15298980,90,31,8,74
15299490,13,39,-4,78
15300000,8,30,1,77
15300510,18,21,1,76
15301020,78,90,-8,84
