step_time,gneJ00_offset,gneJ9_offset,reward,queue_sum
1020,60,26,6,78
1530,85,53,3,75
2040,8,54,-7,82
2550,72,45,4,78
3060,97,46,4,74
3570,20,73,0,74
4080,30,5,-8,82
4590,31,30,-1,83
5100,5,13,5,78
5610,69,52,2,76
6120,5,53,-3,79
6630,69,44,5,74
7140,94,82,-4,78
7650,17,18,1,77
8160,81,1,1,76
8670,63,39,-2,78
9180,88,49,8,70
9690,11,76,-7,77
10200,21,8,-6,83
10710,85,47,10,73
11220,8,74,-1,74
11730,64,63,-9,83
12240,98,30,5,78
12750,72,57,1,77
13260,4,58,-1,78
13770,60,49,-2,80
14280,85,32,8,72
14790,8,59,-7,79
15300,72,50,4,75
15810,97,88,-6,81
16320,29,24,-4,85
16830,93,7,6,79
17340,67,45,0,79
17850,92,83,-3,82
18360,24,19,-1,83
18870,88,2,0,83
19380,70,40,5,78
19890,43,67,-12,90
20400,77,34,16,74
20910,0,61,-1,75
21420,56,20,-1,76
21930,81,47,-1,77
22440,4,74,-1,78
22950,60,6,2,76
23460,75,16,-5,81
23970,90,43,7,74
24480,13,70,-5,79
24990,23,2,-3,82
25500,87,27,3,79
26010,10,54,2,77
26520,20,45,-6,83
27030,96,12,-3,86
27540,9,50,8,78
28050,73,9,-4,82
28560,88,19,8,74
29070,1,57,-7,81
29580,65,16,4,77
30090,80,43,5,72
30600,3,70,-7,79
31110,59,29,10,69
31620,84,56,-5,74
32130,7,94,-7,81
32640,63,26,4,77
33150,88,53,2,75
33660,11,80,-4,79
34170,21,12,-6,85
34680,85,97,4,81
35190,17,33,2,79
35700,82,16,3,76
36210,97,26,-2,78
36720,20,64,-3,81
37230,30,55,5,76
37740,4,22,-3,79
38250,68,61,-4,83
38760,0,28,7,76
39270,64,19,-4,80
39780,89,46,5,75
40290,12,73,-9,84
40800,22,5,2,82
41310,86,30,4,78
41820,60,57,-9,87
42330,94,24,14,73
42840,68,62,-10,83
43350,0,29,9,74
43860,64,20,-7,81
44370,89,47,9,72
44880,12,74,-7,79
45390,22,6,-4,83
45900,86,75,8,75
46410,60,11,-1,76
46920,75,21,0,76
47430,90,48,2,74
47940,13,75,-4,78
48450,23,7,-2,80
48960,87,92,-5,85
49470,19,28,12,73
49980,83,97,-10,83
50490,57,33,9,74
51000,82,43,-1,75
51510,5,70,-7,82
52020,61,29,9,73
52530,86,90,-12,85
53040,18,26,12,73
53550,83,9,-6,79
54060,57,47,-8,87
54570,91,14,5,82
55080,65,52,2,80
55590,99,19,5,75
56100,73,57,-6,81
56610,5,58,2,79
57120,61,92,-7,86
57630,75,28,11,75
58140,100,55,-3,78
58650,74,82,-7,85
59160,6,49,2,83
59670,70,40,5,78
60180,95,67,1,77
60690,69,68,-2,79
61200,1,35,8,71
61710,65,26,-3,74
62220,90,53,-2,76
62730,13,80,-1,77
63240,23,12,-4,81
63750,87,97,-1,82
64260,61,33,4,78
64770,86,94,-3,81
65280,60,30,6,75
65790,85,57,3,72
66300,59,58,-11,83
66810,93,25,10,73
67320,67,63,-12,85
67830,101,30,7,78
68340,75,57,-3,81
68850,7,58,6,75
69360,63,49,-10,85
69870,91,32,10,75
70380,14,59,-3,78
70890,24,18,-1,79
71400,88,1,4,75
71910,70,39,0,75
72420,95,66,-5,80
72930,69,67,3,77
73440,1,34,-1,78
73950,65,25,6,72
74460,90,52,-3,75
74970,13,79,-3,78
75480,23,11,-2,80
75990,67,80,-7,87
76500,101,16,19,68
77010,63,54,-13,81
77520,97,21,9,72
78030,71,59,-8,80
78540,3,26,9,71
79050,67,44,-4,75
79560,92,45,-2,77
80070,15,72,0,77
80580,25,4,1,76
81090,89,29,2,74
81600,63,56,-10,84
82110,97,23,1,83
82620,71,61,9,74
83130,3,62,-6,80
83640,59,21,11,69
84150,84,48,-4,73
84660,89,75,-6,79
85170,21,76,0,79
85680,83,8,-2,81
86190,57,46,-6,87
86700,85,29,13,74
87210,92,56,1,73
87720,15,83,-7,80
88230,25,15,-2,82
88740,89,84,4,78
89250,21,20,-2,80
89760,85,3,2,78
90270,67,41,2,76
90780,92,68,2,74
91290,48,69,-12,86
91800,71,36,6,80
92310,96,97,0,80
92820,70,33,3,77
93330,95,60,3,74
93840,51,87,-10,84
94350,61,23,9,75
94860,86,50,3,72
95370,9,77,-7,79
95880,65,9,-1,80
96390,80,19,4,76
96900,54,29,2,74
97410,79,90,-14,88
97920,11,26,8,80
98430,75,44,3,77
98940,80,71,-2,79
99450,54,72,-1,80
99960,9,39,-8,88
100470,73,57,6,82
100980,5,58,10,72
101490,61,17,-5,77
102000,76,44,1,76
102510,101,71,4,72
103020,57,72,-14,86
103530,91,39,7,79
104040,14,66,-1,80
104550,24,25,1,79
105060,88,8,-1,80
105570,62,46,-5,85
106080,96,65,7,78
106590,52,92,-3,81
107100,62,11,2,79
107610,77,38,6,73
108120,82,65,0,73
108630,14,66,-8,81
109140,24,25,-3,84
109650,88,8,2,82
110160,62,46,1,81
110670,96,65,10,71
111180,52,92,-11,82
111690,62,28,7,75
112200,87,55,-1,76
112710,43,82,-9,85
113220,53,1,9,76
113730,68,20,0,76
114240,93,47,5,71
114750,67,74,-19,90
115260,101,10,15,75
115770,75,48,-1,76
116280,80,58,-10,86
116790,3,59,11,75
117300,67,18,2,73
117810,82,45,0,73
118320,87,72,-4,77
118830,19,73,-6,83
119340,29,5,5,78
119850,93,30,-2,80
120360,67,57,0,80
120870,67,58,-7,87
121380,101,25,15,72
121890,75,52,-3,75
122400,7,53,-8,83
122910,71,12,9,74
123420,86,39,1,73
123930,9,66,-8,81
124440,19,25,3,78
124950,83,8,-1,79
125460,57,46,1,78
125970,91,29,-1,79
126480,65,56,-4,83
126990,99,23,10,73
127500,73,33,2,71
128010,98,60,-2,73
128520,54,87,-7,80
129030,64,23,11,69
129540,89,50,-2,71
130050,45,77,-11,82
130560,55,98,4,78
131070,65,34,7,71
131580,90,61,-1,72
132090,46,88,-11,83
132600,56,55,0,83
133110,90,22,6,77
133620,64,32,2,75
134130,89,59,-2,77
134640,21,86,-8,85
135150,31,18,4,81
135660,95,87,2,79
136170,69,23,5,74
136680,94,50,-5,79
137190,17,77,-3,82
137700,27,9,5,77
138210,91,78,-1,78
138720,23,79,0,78
139230,33,38,-3,81
139740,67,21,8,73
140250,92,48,-6,79
140760,15,75,-2,81
141270,25,34,5,76
141780,90,1,-3,79
142290,66,39,3,76
142800,91,49,5,71
143310,65,76,-10,81
143820,99,12,6,75
144330,73,50,3,72
144840,5,51,-4,76
145350,69,10,-4,80
145860,84,20,-2,82
146370,99,47,7,75
146880,22,74,-5,80
147390,32,33,0,80
147900,96,0,4,76
148410,72,38,3,73
148920,97,65,-6,79
149430,53,92,-2,81
149940,63,28,5,76
150450,88,55,2,74
150960,11,82,-6,80
151470,21,77,0,80
151980,31,36,1,79
152490,95,3,8,71
153000,71,41,-6,77
153510,96,51,0,77
154020,52,78,-3,80
154530,62,14,5,75
155040,77,41,5,70
155550,0,68,-9,79
156060,10,27,2,77
156570,66,45,-1,78
157080,91,64,2,76
157590,47,91,-12,88
158100,57,58,11,77
158610,91,25,6,71
159120,65,35,-7,78
159630,90,62,2,76
160140,22,89,-3,79
160650,32,21,0,79
161160,96,90,2,77
161670,28,26,-7,84
162180,92,9,0,84
162690,66,47,8,76
163200,91,66,6,70
163710,47,93,-15,85
164220,57,12,8,77
164730,72,39,2,75
165240,97,66,1,74
165750,20,93,-10,84
166260,30,25,2,82
166770,64,8,1,81
167280,79,18,3,78
167790,94,45,4,74
168300,68,72,-7,81
168810,96,39,4,77
169320,19,66,-3,80
169830,29,25,2,78
170340,93,8,1,77
170850,69,18,1,76
171360,84,45,2,74
171870,7,72,-5,79
172380,63,31,1,78
172890,88,58,-3,81
173400,11,85,0,81
173910,21,17,0,81
174420,85,0,3,78
174930,67,19,3,75
175440,82,46,5,70
175950,5,73,-8,78
176460,61,32,5,73
176970,86,42,-5,78
177480,9,69,1,77
177990,19,28,1,76
178500,84,11,-8,84
179010,99,21,17,67
179520,96,31,-5,72
180030,70,58,-2,74
180540,2,25,-1,75
181050,12,43,-7,82
181560,76,34,10,72
182070,101,61,-5,77
182580,57,88,-4,81
183090,67,24,3,78
183600,92,51,4,74
184110,48,78,-4,78
184620,58,3,0,78
185130,73,22,0,78
185640,88,49,6,72
186150,44,76,-8,80
186660,54,43,7,73
187170,88,26,-1,74
187680,62,53,-4,78
188190,96,20,0,78
188700,70,30,5,73
189210,95,57,-6,79
189720,51,84,-5,84
190230,61,51,4,80
190740,95,18,1,79
191250,71,28,6,73
191760,96,55,-4,77
192270,52,82,-4,81
192780,75,7,-3,84
193290,90,26,7,77
193800,64,53,0,77
194310,98,20,-4,81
194820,72,30,8,73
195330,97,57,-1,74
195840,53,84,-4,78
196350,63,9,2,76
196860,78,19,-2,78
197370,93,46,7,71
197880,67,73,-10,81
198390,101,40,2,79
198900,75,67,3,76
199410,7,34,-3,79
199920,71,52,2,77
200430,3,53,-2,79
200940,67,12,0,79
201450,82,22,1,78
201960,97,49,3,75
202470,53,76,-3,78
202980,63,44,-5,83
203490,97,63,11,72
204000,53,90,-10,82
204510,63,15,10,72
205020,78,42,-6,78
205530,1,69,1,77
206040,57,28,3,74
206550,76,55,-3,77
207060,8,56,3,74
207570,18,15,-5,79
208080,82,100,-20,99
208590,14,36,21,78
209100,70,19,-4,82
209610,85,46,10,72
210120,90,73,-6,78
210630,22,74,-7,85
211140,32,33,7,78
211650,66,0,-9,87
212160,81,19,14,73
212670,57,46,-8,81
213180,91,13,2,79
213690,65,23,1,78
214200,80,50,4,74
214710,12,77,-2,76
215220,22,9,2,74
215730,86,78,-1,75
216240,18,79,-6,81
216750,28,11,-1,82
217260,92,80,3,79
217770,66,81,1,78
218280,100,17,4,74
218790,74,55,-2,76
219300,90,56,-2,78
219810,46,83,-11,89
220320,56,50,14,75
220830,90,17,0,75
221340,64,27,0,75
221850,83,54,0,75
222360,39,81,-10,85
222870,49,48,-3,88
223380,83,15,9,79
223890,98,25,4,75
224400,72,52,-7,82
224910,4,53,-1,83
225420,68,12,8,75
225930,83,39,-4,79
226440,39,66,-3,82
226950,49,33,2,80
227460,68,37,6,74
227970,26,98,-4,78
228480,23,30,-2,80
228990,88,13,-2,82
229500,62,23,6,76
230010,81,50,2,74
230520,95,77,1,73
231030,69,78,-8,81
231540,1,45,-1,82
232050,65,4,3,79
232560,80,23,2,77
233070,95,50,2,75
233580,51,77,-7,82
234090,68,44,4,78
234600,87,54,4,74
235110,43,81,-13,87
235620,53,6,14,73
236130,68,16,-3,76
236640,83,43,5,71
237150,88,70,-9,80
237660,62,71,-4,84
238170,96,38,7,77
238680,70,65,-1,78
239190,2,32,5,73
239700,66,23,-6,79
240210,85,50,5,74
240720,17,77,-11,85
241230,27,9,5,80
241740,91,78,-1,81
242250,23,79,8,73
242760,33,11,-6,79
243270,52,80,-7,86
243780,62,47,7,79
244290,96,14,-3,82
244800,70,24,8,74
245310,85,51,-6,80
245820,17,78,5,75
246330,27,10,0,75
246840,91,79,-3,78
247350,65,80,-6,84
247860,99,42,7,77
248370,73,69,-6,83
248880,5,36,8,75
249390,69,66,-8,83
249900,2,33,13,70
250410,12,24,-8,78
250920,77,7,-4,82
251430,92,17,8,74
251940,66,27,-2,76
252450,85,54,3,73
252960,41,81,-10,83
253470,51,40,-6,89
253980,85,7,16,73
254490,59,17,-6,79
255000,74,37,1,78
255510,99,64,2,76
256020,55,91,1,75
256530,65,16,1,74
257040,80,43,-5,79
257550,85,70,6,73
258060,59,71,-6,79
258570,93,38,4,75
259080,67,65,-6,81
259590,101,32,7,74
260100,75,59,1,73
260610,92,60,-3,76
261120,48,87,-5,81
261630,58,12,9,72
262140,73,39,-1,73
262650,78,66,-8,81
263160,10,67,1,80
263670,66,26,5,75
264180,71,53,0,75
264690,3,54,1,74
265200,13,13,-6,80
265710,77,24,4,76
266220,0,51,1,75
266730,56,10,-3,78
267240,71,37,7,71
267750,96,64,-4,75
268260,52,91,-8,83
268770,62,16,9,74
269280,77,43,3,71
269790,82,70,-11,82
270300,14,71,2,80
270810,24,30,6,74
271320,89,13,-3,77
271830,63,23,0,77
272340,68,50,0,77
272850,0,51,-1,78
273360,61,10,1,77
273870,76,37,3,74
274380,81,64,-6,80
274890,13,65,0,80
275400,23,24,-1,81
275910,87,93,-2,83
276420,19,29,5,78
276930,84,12,4,74
277440,58,73,-8,82
277950,92,40,9,73
278460,66,67,-10,83
278970,100,34,3,80
279480,74,61,5,75
279990,6,62,5,70
280500,66,21,-7,77
281010,85,48,6,71
281520,90,75,-7,78
282030,22,76,-2,80
282540,32,35,-4,84
283050,66,18,10,74
283560,81,45,-2,76
284070,86,72,-6,82
284580,18,73,1,81
285090,28,32,-4,85
285600,85,15,7,78
286110,59,25,0,78
286620,17,52,-5,83
287130,27,11,6,77
287640,92,80,-4,81
288150,24,81,4,77
288660,34,13,-4,81
289170,53,82,-4,85
289680,63,18,6,79
290190,78,45,1,78
290700,83,72,-3,81
291210,15,73,3,78
291720,25,32,-3,81
292230,89,101,-2,83
292740,44,37,1,82
293250,78,4,-2,84
293760,93,14,4,80
294270,67,24,11,69
294780,72,51,-12,81
295290,4,52,7,74
295800,60,11,-5,79
296310,75,38,4,75
296820,80,65,-9,84
297330,12,66,5,79
297840,24,25,1,78
298350,89,8,3,75
298860,63,18,3,72
299370,78,45,-7,79
299880,10,72,-3,82
300390,20,31,6,76
300900,85,100,-3,79
301410,48,36,-6,85
301920,82,3,4,81
302430,56,13,9,72
302940,71,40,-7,79
303450,3,67,6,73
303960,59,26,-6,79
304470,84,87,1,78
304980,39,23,-3,81
305490,58,92,0,81
306000,68,17,2,79
306510,83,44,8,71
307020,88,71,-3,74
307530,20,72,-5,79
308040,30,31,-4,83
308550,87,14,6,77
309060,61,24,1,76
309570,66,51,0,76
310080,100,52,2,74
310590,74,79,-2,76
311100,6,46,-3,79
311610,16,5,1,78
312120,81,30,2,76
312630,4,57,-6,82
313140,68,16,-1,83
313650,83,43,9,74
314160,88,70,-9,83
314670,20,71,6,77
315180,30,30,-3,80
315690,94,99,-2,82
316200,49,34,1,81
316710,83,1,1,80
317220,65,20,5,75
317730,80,47,-2,77
318240,3,74,-3,80
318750,59,33,4,76
319260,93,94,-2,78
319770,67,30,-4,82
320280,86,57,7,75
320790,60,58,-6,81
321300,94,25,3,78
321810,68,52,-5,83
322320,0,53,10,73
322830,56,12,0,73
323340,71,39,-2,75
323850,96,66,1,74
324360,70,67,-16,90
324870,2,34,6,84
325380,66,52,2,82
325890,100,19,7,75
326400,74,56,-8,83
326910,6,57,5,78
327420,70,16,-1,79
327930,85,43,4,75
328440,90,70,4,71
328950,64,15,-7,78
329460,79,42,3,75
329970,84,69,2,73
330480,16,70,-6,79
330990,26,29,1,78
331500,91,98,-4,82
332010,46,34,0,82
332520,80,1,-7,89
333030,37,26,2,87
333540,71,9,6,81
334050,86,19,5,76
334560,60,46,-2,78
335070,94,13,1,77
335580,68,23,4,73
336090,93,50,-1,74
336600,67,77,-9,83
337110,101,44,0,83
337620,4,71,10,73
338130,60,30,-2,75
338640,85,57,-2,77
339150,17,46,-4,81
339660,12,13,7,74
340170,77,98,-3,77
340680,67,34,-1,78
341190,92,61,0,78
341700,66,88,-7,85
342210,100,24,8,77
342720,74,85,-2,79
343230,6,20,-2,81
343740,1,38,10,71
344250,11,99,-8,79
344760,67,31,0,79
345270,92,58,6,73
345780,48,85,-6,79
346290,51,44,-9,88
346800,85,11,16,72
347310,59,21,-5,77
347820,74,48,0,77
348330,6,18,0,77
348840,71,1,0,77
349350,86,20,3,74
349860,60,47,-9,83
350370,94,14,0,83
350880,68,24,9,74
351390,93,51,1,73
351900,49,78,-10,83
352410,59,45,2,81
352920,93,12,5,76
353430,67,22,-2,78
353940,82,49,7,71
354450,14,76,-9,80
354960,24,8,-5,85
355470,81,77,4,81
355980,13,44,-2,83
356490,77,35,6,77
357000,82,62,4,73
357510,14,63,-4,77
358020,24,22,-1,78
358530,81,91,-8,86
359040,13,58,9,77
359550,23,17,-2,79
360060,88,0,0,79
360570,64,19,4,75
361080,79,80,-7,82
361590,11,47,3,79
362100,67,38,-2,81
362610,72,65,1,80
363120,4,32,-1,81
363630,60,43,1,80
364140,94,10,7,73
364650,68,20,0,73
365160,83,47,1,72
365670,15,74,-3,75
366180,25,33,-2,77
366690,82,0,-9,86
367200,58,25,9,77
367710,77,52,3,74
368220,9,79,-7,81
368730,19,38,-1,82
369240,84,21,3,79
369750,99,48,1,78
370260,73,75,-7,85
370770,5,42,3,82
371280,15,33,7,75
371790,10,16,-3,78
372300,75,101,5,73
372810,85,36,-5,78
373320,90,63,-2,80
373830,22,64,7,73
374340,32,23,-7,80
374850,66,6,4,76
375360,81,16,1,75
375870,57,26,2,73
376380,62,87,-9,82
376890,76,22,15,67
377400,91,49,-3,70
377910,96,76,-9,79
378420,3,77,7,72
378930,59,36,1,71
379440,93,63,1,70
379950,67,90,-11,81
380460,101,25,4,77
380970,75,52,7,70
381480,7,53,-6,76
381990,63,12,3,73
382500,78,39,-5,78
383010,83,66,4,74
383520,15,67,0,74
384030,25,26,-7,81
384540,82,9,3,78
385050,56,19,2,76
385560,75,46,5,71
386070,80,73,-14,85
386580,12,40,4,81
387090,11,58,5,76
387600,21,17,-5,81
388110,78,0,-1,82
388620,54,25,7,75
389130,59,52,-6,81
389640,93,19,3,78
390150,67,29,2,76
390660,72,56,0,76
391170,4,23,-1,77
391680,3,41,-7,84
392190,67,32,7,77
392700,86,59,5,72
393210,18,86,-6,78
393720,28,18,-3,81
394230,85,1,2,79
394740,67,26,7,72
395250,82,53,-3,75
395760,14,80,-4,79
396270,24,12,-1,80
396780,81,97,-1,81
397290,36,32,-1,82
397800,70,15,9,73
398310,85,42,0,73
398820,90,69,-5,78
399330,22,70,1,77
399840,32,29,-7,84
400350,66,12,7,77
400860,81,39,3,74
401370,86,66,-7,81
401880,18,67,3,78
402390,28,26,-8,86
402900,62,9,9,77
403410,77,36,1,76
403920,0,63,4,72
404430,56,22,2,70
404940,71,49,-10,80
405450,3,19,7,73
405960,59,75,-15,88
406470,93,42,9,79
406980,16,69,-3,82
407490,26,28,4,78
408000,83,11,-2,80
408510,98,21,3,77
409020,72,31,4,73
409530,77,58,-2,75
410040,9,59,-4,79
410550,73,18,1,78
411060,88,45,5,73
411570,93,72,0,73
412080,25,73,-6,79
412590,35,32,-1,80
413100,69,15,6,74
413610,84,42,3,71
414120,89,69,0,71
414630,63,70,-5,76
415140,97,37,5,71
415650,71,64,-9,80
416160,3,31,0,80
416670,67,28,7,73
417180,92,55,0,73
417690,24,82,-3,76
418200,34,14,-9,85
418710,35,83,2,83
419220,45,42,1,82
419730,79,25,9,73
420240,84,52,1,72
420750,16,79,-7,79
421260,26,11,-2,81
421770,83,96,-1,82
422280,15,31,6,76
422790,10,100,-8,84
423300,66,32,9,75
423810,85,59,4,71
424320,17,60,-8,79
424830,27,51,-2,81
425340,22,18,0,81
425850,79,1,-1,82
426360,61,20,5,77
426870,62,31,1,76
427380,87,58,3,73
427890,19,85,-6,79
428400,29,17,-7,86
428910,93,0,5,81
429420,75,19,6,75
429930,90,46,6,69
430440,95,73,-2,71
430950,69,74,-14,85
431460,74,41,8,77
431970,6,68,2,75
432480,62,27,0,75
432990,87,54,-1,76
433500,19,81,-2,78
434010,29,13,-2,80
434520,37,98,2,78
435030,47,30,-3,81
435540,81,13,-12,93
436050,96,23,22,71
436560,70,33,-5,76
437070,95,60,-1,77
437580,27,87,0,77
438090,37,19,-2,79
438600,56,88,-6,85
439110,90,7,-1,86
439620,72,17,6,80
440130,87,44,0,80
440640,10,71,1,79
441150,66,30,7,72
441660,91,57,-2,74
442170,23,84,-4,78
442680,33,16,-3,81
443190,52,85,-4,85
443700,86,52,15,70
444210,9,66,-10,80
444720,65,25,8,72
445230,90,52,-3,75
445740,13,79,-2,77
446250,23,38,-3,80
446760,91,5,-3,83
447270,73,15,5,78
447780,88,42,4,74
448290,11,0,-9,83
448800,68,25,10,73
449310,93,52,-1,74
449820,98,79,2,72
450330,72,49,-10,82
450840,4,68,5,77
451350,60,27,3,74
451860,85,54,-6,80
452370,17,24,1,79
452880,82,7,4,75
453390,56,26,1,74
453900,81,40,1,73
454410,86,67,-3,76
454920,18,37,-6,82
455430,13,20,7,75
455940,77,3,-10,85
456450,92,22,9,76
456960,88,36,4,72
457470,11,63,-4,76
457980,21,54,-3,79
458490,31,21,1,78
459000,50,4,1,77
459510,65,23,4,73
460020,90,50,1,72
460530,13,77,-4,76
461040,23,36,-2,78
461550,88,3,-6,84
462060,70,28,9,75
462570,95,55,-4,79
463080,18,82,-1,80
463590,28,14,1,79
464100,47,83,0,79
464610,57,2,-1,80
465120,72,21,0,80
465630,87,48,6,74
466140,10,75,-4,78
466650,20,34,0,78
467160,85,17,-6,84
467670,100,27,8,76
468180,74,54,0,76
468690,6,55,-3,79
469200,16,46,-5,84
469710,11,29,4,80
470220,67,26,2,78
470730,92,53,-3,81
471240,15,80,-1,82
471750,25,39,1,81
472260,93,22,0,81
472770,67,32,5,76
473280,92,59,2,74
473790,15,86,-4,78
474300,25,18,-2,80
474810,44,1,0,80
475320,59,20,8,72
475830,84,47,-4,76
476340,7,74,1,75
476850,63,33,0,75
477360,88,94,-9,84
477870,20,61,5,79
478380,30,52,-1,80
478890,25,19,-4,84
479400,89,2,2,82
479910,71,12,7,75
480420,86,94,-2,77
480930,18,30,1,76
481440,82,13,0,76
481950,97,23,-12,88
482460,71,33,16,72
482970,96,60,-1,73
483480,52,87,-7,80
483990,62,54,5,75
484500,96,21,-5,80
485010,70,31,7,73
485520,95,58,-1,74
486030,51,7,2,72
486540,66,17,-6,78
487050,81,44,6,72
487560,4,71,0,72
488070,60,30,-5,77
488580,85,91,-4,81
489090,17,58,0,81
489600,27,49,2,79
490110,22,16,-3,82
490620,86,101,-4,86
491130,18,85,8,78
491640,28,17,-8,86
492150,92,86,8,78
492660,24,56,4,74
493170,19,23,-2,76
493680,83,6,-9,85
494190,57,16,11,74
494700,72,43,0,74
495210,97,53,-3,77
495720,20,80,-4,81
496230,30,39,0,81
496740,57,6,2,79
497250,72,16,-2,81
497760,87,26,7,74
498270,61,53,-7,81
498780,95,20,3,78
499290,69,30,6,72
499800,94,57,0,72
500310,50,84,-7,79
500820,60,3,-3,82
501330,75,13,6,76
501840,90,23,0,76
502350,64,50,-1,77
502860,98,17,3,74
503370,72,27,-3,77
503880,97,54,3,74
504390,53,81,-8,82
504900,87,48,10,72
505410,10,75,-11,83
505920,20,34,3,80
506430,15,17,3,77
506940,79,0,-1,78
507450,61,10,-6,84
507960,76,37,9,75
508470,101,64,1,74
508980,57,91,-6,80
509490,71,10,4,76
510000,86,20,-7,83
510510,101,30,9,74
511020,75,40,-6,80
511530,49,67,-12,92
512040,83,34,19,73
512550,6,61,-5,78
513060,16,20,0,78
513570,80,3,-2,80
514080,62,13,-2,82
514590,77,23,10,72
515100,92,50,-3,75
515610,15,77,-1,76
516120,25,36,-4,80
516630,82,3,-3,83
517140,64,13,3,80
517650,79,40,2,78
518160,2,67,4,74
518670,58,58,-7,81
519180,92,96,-2,83
519690,24,63,5,78
520200,34,30,2,76
520710,68,99,-7,83
521220,82,35,16,67
521730,5,62,-10,77
522240,61,21,-5,82
522750,62,48,1,81
523260,96,15,9,72
523770,70,25,-7,79
524280,95,52,10,69
524790,51,79,-17,86
525300,85,46,10,76
525810,8,73,1,75
526320,64,32,2,73
526830,89,46,3,70
527340,12,73,-10,80
527850,22,32,0,80
528360,79,101,-2,82
528870,69,37,12,70
529380,94,64,-6,76
529890,50,34,-4,80
530400,84,1,-7,87
530910,66,11,11,76
531420,81,21,2,74
531930,55,48,-15,89
532440,89,15,14,75
532950,63,25,0,75
533460,88,52,2,73
533970,11,79,-4,77
534480,21,38,1,76
534990,77,5,-6,82
535500,59,15,5,77
536010,60,25,0,77
536520,85,86,-8,85
537030,17,53,4,81
537540,73,44,6,75
538050,98,71,1,74
538560,72,72,-5,79
539070,4,39,-2,81
539580,14,0,3,78
540090,71,25,6,72
540600,96,52,-4,76
541110,19,79,-6,82
541620,29,38,6,76
542130,63,5,-5,81
542640,78,15,2,79
543150,93,25,0,79
543660,67,35,4,75
544170,92,45,-4,79
544680,15,72,-4,83
545190,25,31,7,76
545700,82,100,-10,86
546210,14,36,9,77
546720,70,33,5,72
547230,95,60,0,72
547740,52,87,-10,82
548250,42,54,-4,86
548760,76,21,10,76
549270,91,48,-1,77
549780,14,75,7,70
550290,91,34,-9,79
550800,65,61,-3,82
551310,99,28,8,74
551820,73,55,-17,91
552330,5,35,14,77
552840,61,26,-3,80
553350,86,53,-3,83
553860,9,80,3,80
554370,19,39,0,80
554880,75,6,-3,83
555390,90,16,-2,85
555900,64,26,3,82
556410,89,53,7,75
556920,12,80,-5,80
557430,22,39,-3,83
557940,98,6,5,78
558450,80,16,0,78
558960,95,26,0,78
559470,69,53,2,76
559980,94,23,4,72
560490,68,50,-8,80
561000,93,60,5,75
561510,16,87,1,74
562020,26,19,-9,83
562530,90,2,0,83
563040,72,12,3,80
563550,87,39,3,77
564060,10,66,0,77
564570,20,25,-1,78
565080,77,8,-3,81
565590,92,18,7,74
566100,66,28,-2,76
566610,91,55,2,74
567120,14,82,-2,76
567630,24,41,-8,84
568140,51,8,5,79
568650,52,35,1,78
569160,77,2,-2,80
569670,92,12,7,73
570180,66,22,-2,75
570690,91,49,1,74
571200,14,76,-8,82
571710,24,35,0,82
572220,81,2,1,81
572730,63,27,6,75
573240,88,54,0,75
573750,11,81,-2,77
574260,67,40,5,72
574770,92,54,-8,80
575280,15,81,1,79
575790,25,13,2,77
576300,89,98,-7,84
576810,21,34,5,79
577320,86,1,-7,86
577830,68,26,9,77
578340,93,53,5,72
578850,16,80,-1,73
579360,26,39,-6,79
579870,83,6,-1,80
580380,57,16,9,71
580890,82,43,-5,76
581400,5,70,0,76
581910,61,29,0,76
582420,86,90,-10,86
582930,18,57,9,77
583440,28,48,-5,82
583950,23,15,-1,83
584460,87,100,8,75
584970,42,38,-11,86
585480,76,21,12,74
585990,91,48,-4,78
586500,14,75,1,77
587010,24,34,1,76
587520,89,1,-8,84
588030,71,26,15,69
588540,96,53,-5,74
589050,19,80,-5,79
589560,29,39,3,76
590070,63,6,-1,77
590580,78,16,-4,81
591090,93,43,7,74
591600,67,70,-6,80
592110,101,37,-6,86
592620,75,64,1,85
593130,100,31,7,78
593640,74,92,-7,85
594150,6,27,8,77
594660,62,24,-4,81
595170,87,51,8,73
595680,10,78,-4,77
596190,66,37,2,75
596700,91,64,1,74
597210,14,91,-10,84
597720,24,23,3,81
598230,88,6,1,80
598740,70,16,2,78
599250,85,43,2,76
599760,8,70,-1,77
600270,64,29,3,74
600780,89,29,4,70
601290,12,56,-5,75
601800,22,47,-6,81
602310,17,69,-3,84
602820,27,60,5,79
603330,22,27,1,78
603840,86,10,0,78
604350,60,20,4,74
604860,85,47,2,72
605370,8,74,-4,76
605880,64,33,-1,77
606390,89,94,-5,82
606900,44,29,1,81
607410,63,98,-2,83
607920,68,17,8,75
608430,83,44,1,74
608940,6,71,-11,85
609450,62,30,11,74
609960,87,57,2,72
610470,10,84,-7,79
610980,66,16,0,79
611490,81,43,1,78
612000,4,70,1,77
612510,60,29,0,77
613020,85,56,4,73
613530,8,68,-4,77
614040,65,27,-2,79
614550,90,54,3,76
615060,13,81,-4,80
615570,23,13,0,80
616080,80,98,-4,84
616590,94,23,6,78
617100,68,50,1,77
617610,0,20,6,71
618120,10,17,-6,77
618630,66,56,-10,87
619140,100,23,13,74
619650,74,33,-1,75
620160,99,60,-2,77
620670,22,87,-3,80
621180,32,46,-3,83
621690,66,13,9,74
622200,81,40,3,71
622710,4,67,-7,78
623220,60,26,1,77
623730,79,87,-10,87
624240,11,49,6,81
624750,67,40,0,81
625260,92,50,7,74
625770,15,77,-2,76
626280,25,36,-2,78
626790,90,3,-4,82
627300,72,28,9,73
627810,97,55,-4,77
628320,20,82,-1,78
628830,30,41,-3,81
629340,87,8,0,81
629850,69,18,8,73
630360,84,45,3,70
630870,7,72,-9,79
631380,63,31,3,76
631890,88,58,-2,78
632400,45,85,-8,86
632910,48,52,-3,89
633420,82,19,17,72
633930,87,46,-2,74
634440,92,73,3,71
634950,66,74,-11,82
635460,100,41,4,78
635970,74,68,-3,81
636480,6,35,4,77
636990,16,26,3,74
637500,81,9,0,74
638010,96,19,2,72
638520,70,29,-5,77
639030,95,56,2,75
639540,52,83,-8,83
640050,82,50,11,72
640560,39,77,-10,82
641070,42,44,-9,91
641580,76,11,8,83
642090,91,21,9,74
642600,65,31,-2,76
643110,70,92,-1,77
643620,25,27,0,77
644130,82,10,-2,79
644640,97,20,3,76
645150,71,30,-2,78
645660,96,57,-2,80
646170,19,84,8,72
646680,29,43,-10,82
647190,88,10,2,80
647700,62,20,1,79
648210,63,47,1,78
648720,97,14,4,74
649230,71,24,2,72
649740,96,51,-4,76
650250,101,78,0,76
650760,75,79,-12,88
651270,7,46,7,81
651780,17,37,9,72
652290,73,4,-10,82
652800,30,14,-2,84
653310,89,83,6,78
653820,21,53,2,76
654330,16,20,-3,79
654840,73,3,-1,80
655350,30,28,2,78
655860,64,97,0,78
656370,78,16,4,74
656880,93,26,-6,80
657390,67,36,3,77
657900,72,97,-2,79
658410,86,32,5,74
658920,60,59,-11,85
659430,94,26,7,78
659940,68,36,5,73
660450,93,63,0,73
660960,67,90,-8,81
661470,81,57,5,76
661980,38,58,-7,83
662490,60,25,7,76
663000,79,52,-2,78
663510,36,79,-7,85
664020,31,46,-1,86
664530,88,13,11,75
665040,62,23,-5,80
665550,81,50,5,75
666060,86,77,-1,76
666570,43,78,-7,83
667080,73,45,3,80
667590,43,55,-8,88
668100,77,22,9,79
668610,92,49,9,70
669120,97,76,-6,76
669630,71,77,-2,78
670140,3,44,6,72
670650,59,35,-4,76
671160,84,96,-8,84
671670,39,32,3,81
672180,60,101,2,79
672690,17,20,7,72
673200,82,3,-11,83
673710,39,28,3,80
674220,58,97,1,79
674730,63,16,2,77
675240,78,43,2,75
675750,1,70,-4,79
676260,57,29,0,79
676770,82,90,-3,82
677280,37,57,-3,85
677790,59,24,14,71
678300,78,51,-3,74
678810,35,88,-9,83
679320,45,55,1,82
679830,68,22,8,74
680340,83,49,0,74
680850,40,76,0,74
681360,28,43,-13,87
681870,85,10,13,74
682380,59,20,-2,76
682890,78,47,3,73
683400,1,57,-2,75
683910,57,48,-1,76
684420,85,15,1,75
684930,59,25,-1,76
685440,78,86,-6,82
685950,33,53,5,77
686460,63,20,2,75
686970,64,47,-2,77
687480,98,14,1,76
687990,72,24,2,74
688500,97,51,-1,75
689010,53,78,-2,77
689520,76,45,2,75
690030,101,72,-1,76
690540,75,73,-4,80
691050,32,73,-7,87
691560,27,40,1,86
692070,86,7,-1,87
692580,43,17,10,77
693090,62,78,-1,78
693600,76,45,4,74
694110,101,72,-5,79
694620,75,73,1,78
695130,32,40,-5,83
695640,89,7,6,77
696150,71,17,0,77
696660,86,44,5,72
697170,91,71,-5,77
697680,14,72,-4,81
698190,24,31,-3,84
698700,89,14,6,78
699210,63,24,3,75
699720,82,85,-5,80
700230,37,52,2,78
700740,59,19,3,75
701250,78,46,1,74
701760,1,73,-3,77
702270,57,4,1,76
702780,72,14,-1,77
703290,87,41,2,75
703800,10,68,-5,80
704310,66,27,7,73
704820,85,54,2,71
705330,42,81,-2,73
705840,47,86,-14,87
706350,77,53,11,76
706860,34,23,-11,87
707370,53,92,8,79
707880,58,59,-3,82
708390,81,26,10,72
708900,37,53,-10,82
709410,67,20,1,81
709920,68,47,1,80
710430,93,57,5,75
710940,50,84,-6,81
711450,80,51,11,70
711960,37,78,-19,89
712470,67,45,6,83
712980,86,15,5,78
713490,101,25,10,68
714000,75,35,-3,71
714510,100,62,-6,77
715020,63,89,-7,84
715530,77,25,9,75
716040,0,86,-5,80
716550,56,17,9,71
717060,71,44,-4,75
717570,96,71,2,73
718080,70,72,-10,83
718590,93,39,10,73
719100,67,66,-14,87
719610,95,4,16,71
720120,77,14,-5,76
720630,92,24,-2,78
721140,66,34,3,75
721650,91,95,-11,86
722160,46,31,4,82
722670,65,100,1,81
723180,70,19,3,78
723690,85,46,1,77
724200,90,73,1,76
724710,13,74,-7,83
725220,23,69,-2,85
725730,33,60,5,80
726240,63,27,1,79
726750,82,88,-4,83
727260,37,90,4,79
727770,47,95,-5,84
728280,50,62,1,83
728790,72,29,9,74
729300,77,56,-6,80
729810,34,26,2,78
730320,53,95,-4,82
730830,56,14,11,71
731340,71,41,-6,77
731850,94,68,2,75
732360,51,95,-3,78
732870,56,14,3,75
733380,71,41,-1,76
733890,94,68,0,76
734400,68,95,-4,80
734910,82,30,7,73
735420,5,57,1,72
735930,61,48,-12,84
736440,80,15,3,81
736950,95,25,6,75
737460,69,35,2,73
737970,74,62,-6,79
738480,97,29,-4,83
738990,10,56,3,80
739500,66,47,0,80
740010,85,57,5,75
740520,42,84,-8,83
741030,47,51,0,83
741540,66,18,8,75
742050,81,79,0,75
742560,38,46,-8,83
743070,68,13,7,76
743580,83,23,-6,82
744090,70,33,5,77
744600,95,60,5,72
745110,51,87,-11,83
745620,56,6,7,76
746130,71,16,-2,78
746640,86,26,-1,79
747150,101,53,5,74
747660,24,80,2,72
748170,34,12,-10,82
748680,53,81,1,81
749190,76,48,6,75
749700,33,75,-3,78
750210,43,42,-8,86
750720,66,9,6,80
751230,81,19,7,73
751740,96,29,-3,76
752250,70,39,-3,79
752760,95,66,4,75
753270,52,36,-2,77
753780,71,19,-1,78
754290,86,46,1,77
754800,9,73,-6,83
755310,19,32,5,78
755820,84,101,-13,91
756330,98,36,16,75
756840,21,50,-7,82
757350,16,17,5,77
757860,81,0,0,77
758370,38,10,-2,79
758880,57,35,-1,80
759390,76,45,4,76
759900,101,72,-6,82
760410,64,42,3,79
760920,83,52,0,79
761430,6,4,-6,85
761940,62,43,9,76
762450,81,53,4,72
762960,4,80,-3,75
763470,60,69,-8,83
763980,83,57,2,81
764490,6,27,2,79
765000,62,40,3,76
765510,81,50,1,75
766020,4,77,-1,76
766530,60,93,-8,84
767040,65,12,5,79
767550,80,22,5,74
768060,54,32,-2,76
768570,73,42,-6,82
769080,96,69,10,72
769590,59,96,-5,77
770100,64,15,1,76
770610,79,42,2,74
771120,2,69,0,74
771630,58,58,-3,77
772140,81,25,5,72
772650,4,52,-5,77
773160,60,43,-5,82
773670,79,10,6,76
774180,94,20,2,74
774690,68,30,-4,78
775200,87,57,4,74
775710,10,42,-1,75
776220,66,33,-1,76
776730,85,94,-8,84
777240,99,61,6,78
777750,22,88,1,77
778260,32,77,-4,81
778770,42,44,-1,82
779280,61,11,5,77
779790,76,21,5,72
780300,101,48,-5,77
780810,24,75,0,77
781320,34,80,-6,83
781830,44,85,-1,84
782340,74,90,7,77
782850,79,25,-4,81
783360,2,86,0,81
783870,58,17,8,73
784380,77,44,1,72
784890,0,71,-7,79
785400,56,30,0,79
785910,75,91,-2,81
786420,30,58,3,78
786930,60,25,7,71
787440,79,52,1,70
787950,2,79,-10,80
788460,58,10,3,77
788970,73,20,2,75
789480,88,47,4,71
789990,11,74,-7,78
790500,67,63,-6,84
791010,86,30,11,73
791520,9,57,-6,79
792030,65,48,-1,80
792540,84,15,-1,81
793050,99,25,9,72
793560,73,35,0,72
794070,98,62,-10,82
794580,4,89,4,78
795090,60,21,4,74
795600,79,48,-3,77
796110,2,58,2,75
796620,58,47,-3,78
797130,77,14,1,77
797640,92,24,1,76
798150,66,34,-2,78
798660,85,95,0,78
799170,33,30,-4,82
799680,41,99,4,78
800190,51,2,0,78
800700,66,12,3,75
801210,81,22,-2,77
801720,96,32,-1,78
802230,52,59,1,77
802740,75,26,1,76
803250,100,53,5,71
803760,56,80,-12,83
804270,70,47,5,78
804780,101,57,-2,80
805290,24,84,2,78
805800,34,73,-5,83
806310,44,40,-3,86
806820,63,7,6,80
807330,78,17,3,77
807840,93,27,-1,78
808350,16,22,9,69
808860,81,91,-10,79
809370,55,61,-4,83
809880,78,28,9,74
810390,1,55,-5,79
810900,57,46,-2,81
811410,76,13,9,72
811920,91,23,-1,73
812430,65,33,-3,76
812940,90,60,6,70
813450,13,87,-10,80
813960,69,76,-5,85
814470,92,43,11,74
814980,15,70,-6,80
815490,25,61,4,76
816000,35,28,-10,86
816510,54,97,2,84
817020,59,16,8,76
817530,74,26,-1,77
818040,99,53,2,75
818550,22,80,-2,77
819060,32,69,-5,82
819570,42,36,2,80
820080,61,3,-1,81
820590,76,13,5,76
821100,91,23,0,76
821610,65,33,0,76
822120,90,43,6,70
822630,13,70,-8,78
823140,23,59,3,75
823650,33,26,-10,85
824160,41,95,3,82
824670,51,100,2,80
825180,56,19,10,70
825690,75,46,-6,76
826200,4,73,0,76
826710,60,62,-2,78
827220,83,29,7,71
827730,6,56,-6,77
828240,62,47,-9,86
828750,85,14,4,82
829260,100,24,0,82
829770,74,34,7,75
830280,99,61,1,74
830790,55,88,-7,81
831300,26,7,3,78
831810,34,76,-7,85
832320,44,43,2,83
832830,67,10,5,78
833340,82,20,6,72
833850,97,47,-1,73
834360,20,74,-8,81
834870,30,33,0,81
835380,49,0,0,81
835890,64,10,3,78
836400,79,37,6,72
836910,2,64,-2,74
837420,58,53,-11,85
837930,81,20,14,71
838440,96,47,-1,72
838950,19,74,-7,79
839460,29,65,-1,80
839970,39,32,-9,89
840480,62,101,9,80
840990,67,26,4,76
841500,92,53,2,74
842010,15,80,-7,81
842520,82,69,1,80
843030,11,39,3,77
843540,67,30,2,75
844050,92,91,-15,90
844560,47,27,9,81
845070,66,96,-2,83
845580,80,31,10,73
846090,3,58,-5,78
846600,59,49,-1,79
847110,82,16,3,76
847620,97,26,1,75
848130,71,53,-3,78
848640,0,23,-3,81
849150,56,52,-2,83
849660,79,19,5,78
850170,94,46,5,73
850680,17,73,-11,84
851190,73,32,9,75
851700,92,59,10,65
852210,21,86,-13,78
852720,31,18,-5,83
853230,39,87,1,82
853740,53,46,6,76
854250,76,13,-16,92
854760,91,23,19,73
855270,65,50,-3,76
855780,88,20,2,74
856290,1,30,-3,77
856800,57,21,1,76
857310,76,82,-11,87
857820,90,52,16,71
858330,95,79,1,70
858840,24,49,-12,82
859350,80,16,6,76
859860,95,26,1,75
860370,69,53,-5,80
860880,92,23,8,72
861390,66,50,-4,76
861900,97,20,2,74
862410,71,13,-1,75
862920,86,23,-2,77
863430,101,50,-4,81
863940,4,77,7,74
864450,60,36,-2,76
864960,79,46,0,76
865470,8,73,-6,82
865980,64,32,8,74
866490,83,59,1,73
867000,12,29,-12,85
867510,68,68,7,78
868020,91,35,1,77
868530,65,62,-11,88
869040,88,29,14,74
869550,62,56,-7,81
870060,85,23,5,76
870570,100,33,-2,78
871080,74,60,-2,80
871590,3,30,1,79
872100,59,59,2,77
872610,82,26,3,74
873120,97,53,-2,76
873630,0,80,1,75
874140,56,39,5,70
874650,87,58,-3,73
875160,16,85,-8,81
875670,72,44,9,72
876180,1,71,-2,74
876690,57,30,-1,75
877200,76,57,-6,81
877710,5,27,4,77
878220,61,40,-4,81
878730,80,50,6,75
879240,9,77,-7,82
879750,65,36,3,79
880260,84,46,8,71
880770,89,73,-9,80
881280,18,43,6,74
881790,74,10,-8,82
882300,89,20,10,72
882810,63,47,-8,80
883320,94,66,7,73
883830,68,93,-7,80
884340,82,18,-2,82
884850,97,28,12,70
885360,71,55,-9,79
885870,0,25,1,78
886380,56,22,3,75
886890,75,49,2,73
887400,4,76,-7,80
887910,60,35,6,74
888420,79,62,-2,76
888930,8,32,-2,78
889440,64,71,-3,81
889950,78,38,8,73
890460,7,65,-11,84
890970,63,24,9,75
891480,78,30,-1,76
891990,1,57,-1,77
892500,57,16,3,74
893010,72,43,-5,79
893520,1,70,2,77
894030,57,59,0,77
894540,80,26,1,76
895050,95,53,2,74
895560,100,80,0,74
896070,7,5,-9,83
896580,63,44,7,76
897090,82,71,-7,83
897600,11,41,10,73
898110,67,32,-5,78
898620,86,59,4,74
899130,94,86,-5,79
899640,23,56,-5,84
900150,18,23,7,77
900660,83,92,-8,85
901170,97,62,13,72
901680,71,89,-11,83
902190,85,14,8,75
902700,59,24,1,74
903210,78,51,1,73
903720,86,78,-3,76
904230,15,48,2,74
904740,71,39,-12,86
905250,85,66,15,71
905760,94,36,-5,76
906270,68,63,-4,80
906780,99,30,5,75
907290,73,57,-7,82
907800,2,27,8,74
908310,58,56,-5,79
908820,79,23,0,79
909330,94,50,6,73
909840,99,77,0,73
910350,6,2,-7,80
910860,62,41,6,74
911370,93,51,0,74
911880,98,78,3,71
912390,5,3,-13,84
912900,61,42,4,80
913410,80,52,2,78
913920,9,62,-1,79
914430,65,21,6,73
914940,80,48,-8,81
915450,9,58,1,80
915960,65,17,3,77
916470,80,44,3,74
916980,43,71,-13,87
917490,73,38,16,71
918000,78,65,-5,76
918510,7,35,-1,77
919020,63,26,2,75
919530,82,53,1,74
920040,90,63,0,74
920550,64,90,-4,78
921060,78,25,4,74
921570,93,52,2,72
922080,67,79,-8,80
922590,81,46,6,74
923100,86,73,-3,77
923610,15,43,0,77
924120,71,58,-3,80
924630,0,77,3,77
925140,56,36,1,76
925650,75,46,-1,77
926160,4,73,-1,78
926670,60,32,-2,80
927180,79,93,-5,85
927690,93,28,15,70
928200,67,55,-11,81
928710,98,74,4,77
929220,5,44,-2,79
929730,61,35,0,79
930240,80,62,7,72
930750,88,32,-5,77
931260,62,59,-6,83
931770,83,26,10,73
932280,57,53,-11,84
932790,78,20,5,79
933300,52,47,-11,90
933810,71,14,12,78
934320,86,41,6,72
934830,91,68,0,72
935340,100,95,-2,74
935850,55,65,-16,90
936360,78,32,13,77
936870,1,59,-2,79
937380,57,48,-5,84
937890,76,15,4,80
938400,91,25,3,77
938910,65,35,6,71
939420,96,62,-2,73
939930,59,89,-7,80
940440,73,8,1,79
940950,88,18,4,75
941460,62,45,1,74
941970,70,64,-5,79
942480,84,31,5,74
942990,7,58,-2,76
943500,63,17,4,72
944010,78,44,-4,76
944520,7,71,-1,77
945030,63,30,0,77
945540,82,57,3,74
946050,90,27,1,73
946560,64,54,-6,79
947070,83,73,3,76
947580,16,43,-5,81
948090,72,45,8,73
948600,1,15,-8,81
949110,57,54,-2,83
949620,78,21,9,74
950130,93,48,3,71
950640,67,75,-10,81
951150,81,42,2,79
951660,86,69,0,79
952170,95,39,5,74
952680,69,66,-13,87
953190,90,33,13,74
953700,64,60,-8,82
954210,72,27,12,70
954720,77,54,-8,78
955230,85,24,6,72
955740,59,51,-10,82
956250,78,18,3,79
956760,93,45,4,75
957270,67,72,-7,82
957780,81,7,-1,83
958290,38,17,1,82
958800,57,86,4,78
959310,71,5,2,76
959820,86,15,-2,78
960330,101,25,4,74
960840,75,35,-1,75
961350,80,62,-2,77
961860,88,32,8,69
962370,62,59,-16,85
962880,70,26,9,76
963390,89,53,2,74
963900,97,80,1,73
964410,4,50,0,73
964920,60,9,-8,81
965430,75,36,8,73
965940,80,63,-3,76
966450,89,33,-1,77
966960,94,60,4,73
967470,50,84,-8,81
967980,59,3,4,77
968490,74,13,-6,83
969000,89,23,5,78
969510,63,50,-3,81
970020,82,69,4,77
970530,91,39,2,75
971040,47,66,-12,87
971550,70,33,10,77
972060,89,60,3,74
972570,45,30,-7,81
973080,64,99,1,80
973590,78,34,7,73
974100,83,61,-5,78
974610,91,31,3,75
975120,65,58,-13,88
975630,86,25,9,79
976140,42,86,-3,82
976650,52,45,2,80
977160,73,12,-5,85
977670,88,22,10,75
978180,62,49,-8,83
978690,81,68,6,77
979200,10,38,-6,83
979710,66,77,3,80
980220,80,39,3,77
980730,85,66,4,73
981240,94,36,-2,75
981750,50,63,-6,81
982260,64,30,4,77
982770,69,57,1,76
983280,100,76,-1,77
983790,7,46,-2,79
984300,63,37,-1,80
984810,82,47,3,77
985320,90,74,3,74
985830,99,44,-3,77
986340,55,71,-6,83
986850,85,38,10,73
987360,8,65,-7,80
987870,64,24,7,73
988380,83,51,-1,74
988890,91,1,-2,76
989400,73,11,-1,77
989910,88,38,7,70
990420,44,65,-12,82
990930,74,32,12,70
991440,79,59,-7,77
991950,87,29,-2,79
992460,43,56,-2,81
992970,73,23,6,75
993480,88,50,-6,81
993990,93,77,3,78
994500,0,47,2,76
995010,56,6,-3,79
995520,75,33,2,77
996030,100,60,-3,80
996540,56,87,-4,84
997050,70,22,13,71
997560,75,49,-6,77
998070,4,76,-4,81
998580,60,35,5,76
999090,79,72,-8,84
999600,88,42,8,76
1000110,93,69,3,73
1000620,0,39,3,70
1001130,56,41,-15,85
1001640,75,60,9,76
1002150,83,30,4,72
1002660,39,57,-7,79
1003170,69,24,3,76
1003680,74,51,1,75
1004190,82,88,-8,83
1004700,96,23,8,75
1005210,70,33,-1,76
1005720,75,60,-3,79
1006230,83,30,-1,80
1006740,88,57,4,76
1007250,96,84,1,75
1007760,3,19,-1,76
1008270,59,58,-5,81
1008780,80,25,5,76
1009290,85,52,-3,79
1009800,90,79,2,77
1010310,99,49,-3,80
1010820,55,76,-5,85
1011330,78,11,5,80
1011840,93,21,4,76
1012350,67,31,-1,77
1012860,72,58,0,77
1013370,1,28,-3,80
1013880,57,57,-5,85
1014390,78,24,11,74
1014900,83,51,-1,75
1015410,91,78,-3,78
1015920,100,48,7,71
1016430,56,75,-8,79
1016940,79,37,8,71
1017450,84,64,-8,79
1017960,93,34,5,74
1018470,67,61,-6,80
1018980,101,80,3,77
1019490,8,50,-6,83
1020000,64,9,4,79
1020510,65,36,3,76
1021020,84,63,-1,77
1021530,93,33,4,73
1022040,67,60,-2,75
1022550,81,30,3,72
1023060,86,57,-2,74
1023570,94,27,-3,77
1024080,68,37,6,71
1024590,73,64,-11,82
1025100,5,34,4,78
1025610,61,3,-1,79
1026120,18,13,-1,80
1026630,75,52,6,74
1027140,83,22,-6,80
1027650,88,49,6,74
1028160,93,76,-2,76
1028670,0,46,-10,86
1029180,10,75,11,75
1029690,66,34,-2,77
1030200,85,61,3,74
1030710,94,100,-10,84
1031220,49,35,3,81
1031730,68,54,-1,82
1032240,0,73,8,74
1032750,56,32,0,74
1033260,6,2,-6,80
1033770,62,41,3,77
1034280,81,60,-3,80
1034790,89,30,0,80
1035300,63,57,-2,82
1035810,97,24,6,76
1036320,15,34,-3,79
1036830,71,36,2,77
1037340,76,63,2,75
1037850,90,33,2,73
1038360,64,60,-12,85
1038870,98,27,8,77
1039380,72,54,-2,79
1039890,80,24,5,74
1040400,85,51,-1,75
1040910,69,78,-5,80
1041420,83,13,5,75
1041930,57,23,0,75
1042440,76,84,-7,82
1042950,90,19,4,78
1043460,64,29,3,75
1043970,83,56,-2,77
1044480,88,26,2,75
1044990,62,53,-12,87
1045500,96,72,8,79
1046010,3,42,0,79
1046520,59,71,-2,81
1047030,93,38,3,78
1047540,67,65,1,77
1048050,101,35,-2,79
1048560,75,62,1,78
1049070,98,32,-4,82
1049580,72,59,-1,83
1050090,4,29,6,77
1050600,60,42,-3,80
1051110,79,61,4,76
1051620,87,62,4,72
1052130,96,32,-7,79
1052640,70,59,2,77
1053150,84,78,-3,80
1053660,16,48,-2,82
1054170,72,50,7,75
1054680,86,87,-3,78
1055190,41,22,-9,87
1055700,60,5,9,78
1056210,61,15,0,78
1056720,80,42,8,70
1057230,85,69,-1,71
1057740,94,70,-7,78
1058250,1,71,5,73
1058760,57,30,-5,78
1059270,76,32,2,76
1059780,81,59,4,72
1060290,90,29,-3,75
1060800,64,56,-1,76
1061310,87,26,-2,78
1061820,61,53,1,77
1062330,95,72,0,77
1062840,2,42,6,71
1063350,58,1,-8,79
1063860,15,11,-4,83
1064370,71,50,4,79
1064880,85,20,2,77
1065390,59,47,-7,84
1065900,80,66,5,79
1066410,35,36,-7,86
1066920,92,19,10,76
1067430,66,29,1,75
1067940,71,56,-1,76
1068450,3,57,6,70
1068960,59,16,-6,76
1069470,78,43,2,74
1069980,83,70,-6,80
1070490,15,40,2,78
1071000,71,42,7,71
1071510,76,69,-9,80
1072020,8,39,0,80
1072530,64,68,-1,81
1073040,87,35,10,71
1073550,61,62,-9,80
1074060,84,29,3,77
1074570,89,56,8,69
1075080,45,83,-6,75
1075590,55,42,1,74
1076100,74,61,-2,76
1076610,3,62,0,76
1077120,59,21,0,76
1077630,78,48,-3,79
1078140,83,85,-5,84
1078650,38,20,2,82
1079160,57,89,-4,86
1079670,62,26,11,75
1080180,67,53,1,74
1080690,101,23,-1,75
1081200,75,60,-2,77
1081710,89,30,3,74
1082220,63,57,-6,80
1082730,97,24,9,71
1083240,71,51,-8,79
1083750,79,21,7,72
1084260,53,48,-9,81
1084770,74,15,3,78
1085280,82,42,9,69
1085790,87,69,-10,79
1086300,95,39,2,77
1086810,69,66,-5,82
1087320,1,33,10,72
1087830,57,35,-4,76
1088340,76,96,-6,82
1088850,31,31,0,82
1089360,88,100,-4,86
1089870,43,35,2,84
1090380,64,2,1,83
1090890,21,29,5,78
1091400,86,12,0,78
1091910,60,22,4,74
1092420,65,49,-1,75
1092930,20,68,-5,80
1093440,76,27,3,77
1093950,81,54,5,72
1094460,89,24,-1,73
1094970,63,51,-6,79
1095480,84,18,6,73
1095990,58,45,-3,76
1096500,77,64,-5,81
1097010,9,34,0,81
1097520,65,63,0,81
1098030,99,30,0,81
1098540,73,57,1,80
1099050,5,27,5,75
1099560,61,56,-11,86
1100070,82,23,2,84
1100580,87,33,11,73
1101090,61,60,-10,83
1101600,82,27,6,77
1102110,56,54,-7,84
1102620,77,21,7,77
1103130,82,48,4,73
1103640,87,75,-6,79
1104150,96,45,3,76
1104660,70,72,-3,79
1105170,25,39,-1,80
1105680,90,6,-3,83
1106190,64,16,3,80
1106700,69,43,3,77
1107210,74,53,2,75
1107720,37,23,-10,85
1108230,45,92,4,81
1108740,50,51,0,81
1109250,71,18,4,77
1109760,86,45,9,68
1110270,91,72,-5,73
1110780,100,84,-3,76
1111290,7,85,0,76
1111800,63,44,-5,81
1112310,82,63,8,73
1112820,45,33,-13,86
1113330,66,0,6,80
1113840,23,19,0,80
1114350,88,88,0,80
1114860,43,55,2,78
1115370,64,22,5,73
1115880,69,49,-6,79
1116390,74,68,6,73
1116900,29,35,-3,76
1117410,86,2,-1,77
1117920,68,12,-2,79
1118430,83,39,6,73
1118940,57,66,-6,79
1119450,78,33,8,71
1119960,83,60,-5,76
1120470,57,72,-6,82
1120980,78,39,7,75
1121490,83,66,-8,83
1122000,92,67,6,77
1122510,48,79,-6,83
1123020,78,46,4,79
1123530,83,73,4,75
1124040,92,73,-6,81
1124550,48,74,-7,88
1125060,69,41,10,78
1125570,74,51,3,75
1126080,37,70,-9,84
1126590,32,37,0,84
1127100,97,4,5,79
1127610,71,34,5,74
1128120,76,61,-2,76
1128630,99,31,1,75
1129140,73,58,1,74
1129650,28,28,-10,84
1130160,93,97,1,83
1130670,48,32,2,81
1131180,56,51,-1,82
1131690,77,18,0,82
1132200,85,45,3,79
1132710,90,72,1,78
1133220,99,73,-2,80
1133730,55,85,-5,85
1134240,60,52,7,78
1134750,81,19,2,76
1135260,55,46,-4,80
1135770,63,13,3,77
1136280,64,40,-7,84
1136790,69,50,4,80
1137300,77,69,3,77
1137810,32,39,-4,81
1138320,89,6,-3,84
1138830,63,16,9,75
1139340,64,91,-9,84
1139850,69,26,10,74
1140360,74,53,-6,80
1140870,82,23,0,80
1141380,56,50,-1,81
1141890,77,17,4,77
1142400,92,44,5,72
1142910,66,71,-9,81
1143420,21,38,2,79
1143930,77,5,5,74
1144440,51,32,-8,82
1144950,59,21,9,73
1145460,64,48,-7,80
1145970,72,67,-6,86
1146480,86,34,14,72
1146990,60,61,-7,79
1147500,81,28,6,73
1148010,86,55,-2,75
1148520,71,82,-3,78
1149030,26,17,-7,85
1149540,83,86,0,85
1150050,38,53,4,81
1150560,59,20,5,76
1151070,64,47,-1,77
1151580,69,66,-4,81
1152090,90,31,2,79
1152600,64,58,-4,83
1153110,87,25,5,78
1153620,61,52,-1,79
1154130,82,71,-4,83
1154640,91,90,6,77
1155150,46,25,-6,83
1155660,47,44,1,82
1156170,68,11,8,74
1156680,83,38,2,72
1157190,39,65,-8,80
1157700,29,32,3,77
1158210,85,101,-10,87
1158720,40,36,5,82
1159230,61,3,5,77
1159740,76,30,2,75
1160250,81,57,-6,81
1160760,89,27,-1,82
1161270,63,54,1,81
1161780,84,21,-1,82
1162290,58,48,3,79
1162800,79,15,2,77
1163310,94,42,6,71
1163820,50,69,-12,83
1164330,71,36,8,75
1164840,76,63,1,74
1165350,90,75,-7,81
1165860,99,76,1,80
1166370,55,77,-5,85
1166880,76,44,15,70
1167390,81,71,-4,74
1167900,55,90,-7,81
1168410,60,9,1,80
1168920,75,36,5,75
1169430,80,63,1,74
1169940,89,33,1,73
1170450,63,60,-11,84
1170960,84,27,-1,85
1171470,89,54,6,79
1171980,45,81,-6,85
1172490,50,48,-1,86
1173000,71,15,8,78
1173510,86,42,0,78
1174020,91,69,0,78
1174530,100,39,2,76
1175040,74,66,1,75
1175550,88,36,1,74
1176060,62,63,-17,91
1176570,83,30,20,71
1177080,88,57,-3,74
1177590,44,84,-11,85
1178100,74,43,9,76
1178610,79,70,-3,79
1179120,88,40,1,78
1179630,93,67,2,76
1180140,49,94,-6,82
1180650,54,13,4,78
1181160,55,40,-2,80
1181670,76,59,-5,85
1182180,31,78,1,84
1182690,41,37,0,84
1183200,98,20,9,75
1183710,72,30,-4,79
1184220,77,57,3,76
1184730,59,94,-7,83
1185240,64,13,8,75
1185750,79,40,-2,77
1186260,84,67,-4,81
1186770,39,79,-2,83
1187280,27,38,3,80
1187790,92,5,6,74
1188300,66,15,-4,78
1188810,81,42,5,73
1189320,86,69,1,72
1189830,60,70,-10,82
1190340,15,37,6,76
1190850,71,66,-6,82
1191360,26,33,0,82
1191870,83,0,-5,87
1192380,57,30,16,71
1192890,62,40,-8,79
1193400,67,59,3,76
1193910,98,78,1,75
1194420,54,3,-5,80
1194930,69,13,2,78
1195440,84,56,3,75
1195950,40,83,-6,81
1196460,45,42,-3,84
1196970,66,25,14,70
1197480,71,52,-5,75
1197990,85,89,-3,78
1198500,40,24,-5,83
1199010,41,7,7,76
1199520,43,32,-16,92
1200030,64,15,16,76
1200540,79,42,2,74
1201050,84,69,-5,79
1201560,93,39,2,77
1202070,67,66,-5,82
1202580,88,33,7,75
1203090,93,60,-4,79
1203600,49,87,-2,81
1204110,79,6,4,77
1204620,53,16,-3,80
1205130,58,26,2,78
1205640,63,36,3,75
1206150,68,46,-2,77
1206660,73,83,-3,80
1207170,87,50,-2,82
1207680,92,77,8,74
1208190,66,47,-7,81
1208700,71,66,-2,83
1209210,85,33,9,74
1209720,90,60,0,74
1210230,46,87,-4,78
1210740,51,6,2,76
1211250,66,33,1,75
1211760,71,60,-4,79
1212270,92,79,-1,80
1212780,66,80,-4,84
1213290,87,16,6,78
1213800,61,26,2,76
1214310,66,53,-2,78
1214820,97,72,-5,83
1215330,53,73,-4,87
1215840,74,40,12,75
1216350,79,67,-1,76
1216860,34,68,-11,87
1217370,55,35,7,80
1217880,60,54,2,78
1218390,79,21,6,72
1218900,53,48,-15,87
1219410,74,31,7,80
1219920,79,58,4,76
1220430,35,85,-11,87
1220940,45,44,0,87
1221450,66,27,8,79
1221960,71,54,1,78
1222470,76,73,-2,80
1222980,97,40,0,80
1223490,101,67,9,71
1224000,57,94,-8,79
1224510,62,13,5,74
1225020,77,40,0,74
1225530,82,67,-7,81
1226040,96,68,0,81
1226550,52,95,-4,85
1227060,57,14,7,78
1227570,58,41,-4,82
1228080,77,60,4,78
1228590,86,61,0,78
1229100,42,88,-5,83
1229610,47,47,0,83
1230120,68,14,5,78
1230630,83,41,6,72
1231140,88,68,-7,79
1231650,44,69,-5,84
1232160,65,36,8,76
1232670,70,63,2,74
1233180,91,100,0,74
1233690,96,35,-1,75
1234200,70,62,-9,84
1234710,91,81,5,79
1235220,46,16,-9,88
1235730,62,42,8,80
1236240,67,61,1,79
1236750,88,28,0,79
1237260,62,55,0,79
1237770,85,38,7,72
1238280,90,25,-1,73
1238790,64,52,-9,82
1239300,85,35,7,75
1239810,90,62,-3,78
1240320,46,89,-2,80
1240830,51,59,-3,83
1241340,72,26,9,74
1241850,77,53,-4,78
1242360,100,80,1,77
1242870,56,81,0,77
1243380,61,0,-11,88
1243890,76,25,11,77
1244400,101,52,3,74
1244910,57,79,-3,77
1245420,62,100,-5,82
1245930,67,25,8,74
1246440,72,52,-4,78
1246950,95,22,-2,80
1247460,69,32,4,76
1247970,74,59,-6,82
1248480,88,78,3,79
1248990,43,90,-1,80
1249500,48,49,0,80
1250010,71,32,1,79
1250520,76,59,-1,80
1251030,101,29,3,77
1251540,75,56,-3,80
1252050,100,57,7,73
1252560,56,84,-5,78
1253070,61,3,0,78
1253580,76,22,1,77
1254090,91,49,-1,78
1254600,96,76,4,74
1255110,52,1,-5,79
1255620,67,20,3,76
1256130,72,47,5,71
1256640,77,74,-7,78
1257150,9,41,-4,82
1257660,65,32,3,79
1258170,90,59,1,78
1258680,46,86,-8,86
1259190,69,45,4,82
1259700,74,96,2,80
1260210,79,31,10,70
1260720,2,58,-7,77
1261230,58,17,7,70
1261740,73,44,-10,80
1262250,78,71,-8,88
1262760,10,38,10,78
1263270,66,29,3,75
1263780,71,56,-4,79
1264290,94,75,3,76
1264800,50,0,-7,83
1265310,65,19,7,76
1265820,80,46,1,75
1266330,85,73,-3,78
1266840,8,43,7,71
1267350,64,34,-6,77
1267860,89,61,3,74
1268370,45,88,-11,85
1268880,50,47,-8,93
1269390,71,30,19,74
1269900,76,57,-1,75
1270410,81,58,1,74
1270920,37,85,-10,84
1271430,42,44,0,84
1271940,63,11,2,82
1272450,78,38,6,76
1272960,83,65,2,74
1273470,6,66,-3,77
1273980,62,25,-4,81
1274490,81,52,2,79
1275000,4,79,3,76
1275510,60,75,-10,86
1276020,83,42,14,72
1276530,88,69,-8,80
1277040,44,96,2,78
1277550,49,55,-3,81
1278060,70,22,3,78
1278570,95,49,4,74
1279080,51,76,-9,83
1279590,56,43,2,81
1280100,77,26,5,76
1280610,0,53,-1,77
1281120,56,12,0,77
1281630,75,39,2,75
1282140,80,66,-7,82
1282650,3,93,7,75
1283160,59,52,-4,79
1283670,80,35,4,75
1284180,3,62,-4,79
1284690,59,21,0,79
1285200,84,48,9,70
1285710,89,75,-10,80
1286220,12,0,1,79
1286730,68,25,3,76
1287240,93,52,1,75
1287750,49,79,-12,87
1288260,72,100,4,83
1288770,77,19,11,72
1289280,82,46,-2,74
1289790,87,73,-4,78
1290300,10,43,-3,81
1290810,66,34,5,76
1291320,71,61,-4,80
1291830,96,80,5,75
1292340,70,5,-5,80
1292850,85,24,6,74
1293360,59,51,-8,82
1293870,84,34,3,79
1294380,7,61,7,72
1294890,63,20,-6,78
1295400,88,47,5,73
1295910,93,74,-1,74
1296420,49,101,-7,81
1296930,54,60,1,80
1297440,75,27,4,76
1297950,100,54,-6,82
1298460,3,81,1,81
1298970,59,93,-2,83
1299480,64,12,4,79
1299990,79,39,4,75
1300500,84,66,-1,76
1301010,7,85,-2,78
1301520,63,44,3,75
1302030,88,63,0,75
1302540,11,90,-6,81
1303050,67,49,2,79
1303560,92,68,2,77
1304070,15,95,-4,81
1304580,71,27,4,77
1305090,96,54,2,75
1305600,101,81,-3,78
1306110,57,6,2,76
1306620,72,33,5,71
1307130,77,60,-8,79
1307640,0,72,6,73
1308150,56,31,-6,79
1308660,81,50,5,74
1309170,4,77,-6,80
1309680,60,36,1,79
1310190,85,55,2,77
1310700,8,82,0,77
1311210,64,41,-7,84
1311720,89,60,5,79
1312230,12,79,-5,84
1312740,68,38,4,80
1313250,93,65,2,78
1313760,49,92,-7,85
1314270,74,11,6,79
1314780,89,38,3,76
1315290,12,82,-1,77
1315800,68,41,-2,79
1316310,93,60,3,76
1316820,49,87,-8,84
1317330,74,6,7,77
1317840,89,33,7,70
1318350,94,60,-8,78
1318860,50,87,-2,80
1319370,55,6,4,76
1319880,70,33,-1,77
1320390,95,94,-5,82
1320900,100,64,6,76
1321410,56,91,-7,83
1321920,61,10,3,80
1322430,76,37,6,74
1322940,81,64,-7,81
1323450,4,65,5,76
1323960,60,57,-6,82
1324470,83,24,6,76
1324980,88,85,-5,81
1325490,93,52,10,71
1326000,49,79,-11,82
1326510,74,46,5,77
1327020,99,65,3,74
1327530,55,92,-10,84
1328040,60,11,5,79
1328550,75,38,5,74
1329060,80,65,-3,77
1329570,3,35,3,74
1330080,59,26,-7,81
1330590,84,18,5,76
1331100,58,28,1,75
1331610,83,30,4,71
1332120,6,57,-10,81
1332630,62,16,2,79
1333140,77,43,6,73
1333650,82,70,0,73
1334160,5,89,-10,83
1334670,61,48,-3,86
1335180,86,31,13,73
1335690,9,58,-5,78
1336200,65,49,0,78
1336710,90,68,2,76
1337220,46,38,-4,80
1337730,71,21,7,73
1338240,96,48,0,73
1338750,101,75,-3,76
1339260,57,45,0,76
1339770,82,28,7,69
1340280,5,55,-13,82
1340790,61,46,3,79
1341300,86,65,8,71
1341810,49,35,-9,80
1342320,74,18,0,80
1342830,89,45,2,78
1343340,94,72,3,75
1343850,50,42,-11,86
1344360,75,25,9,77
1344870,100,52,2,75
1345380,3,54,-2,77
1345890,67,13,0,77
1346400,82,40,3,74
1346910,5,67,0,74
1347420,61,26,-3,77
1347930,86,87,-11,88
1348440,91,23,11,77
1348950,65,33,3,74
1349460,90,60,-2,76
1349970,13,87,-8,84
1350480,69,19,14,70
1350990,94,46,-8,78
1351500,50,73,-5,83
1352010,73,40,10,73
1352520,78,47,-2,75
1353030,1,74,-9,84
1353540,57,33,10,74
1354050,82,52,-3,77
1354560,5,79,0,77
1355070,61,38,-2,79
1355580,86,57,2,77
1356090,91,94,-5,82
1356600,96,29,7,75
1357110,70,56,-5,80
1357620,95,68,3,77
1358130,18,38,-5,82
1358640,13,21,1,81
1359150,78,4,0,81
1359660,52,23,4,77
1360170,77,6,2,75
1360680,92,16,2,73
1361190,66,26,-1,74
1361700,91,53,0,74
1362210,96,80,-4,78
1362720,19,50,3,75
1363230,14,41,-6,81
1363740,70,70,-1,82
1364250,2,70,-2,84
1364760,58,32,10,74
1365270,83,15,0,74
1365780,57,25,-4,78
1366290,82,52,5,73
1366800,5,62,-8,81
1367310,61,21,7,74
1367820,86,48,-6,80
1368330,91,75,2,78
1368840,14,87,0,78
1369350,70,19,0,78
1369860,95,46,4,74
1370370,101,73,4,70
1370880,57,100,-13,83
1371390,62,85,4,79
1371900,83,4,-3,82
1372410,57,23,6,76
1372920,82,33,2,74
1373430,5,60,-6,80
1373940,61,19,3,77
1374450,86,46,4,73
1374960,91,73,-8,81
1375470,14,85,4,77
1375980,70,66,-9,86
1376490,93,49,9,77
1377000,98,76,3,74
1377510,21,88,-6,80
1378020,31,47,2,78
1378530,52,30,-5,83
1379040,77,13,3,80
1379550,92,40,1,79
1380060,97,67,1,78
1380570,0,94,2,76
1381080,56,53,-2,78
1381590,79,36,4,74
1382100,2,63,3,71
1382610,58,22,-7,78
1383120,83,83,-5,83
1383630,15,63,7,76
1384140,25,22,-5,81
1384650,44,5,4,77
1385160,63,32,2,75
1385670,88,59,-1,76
1386180,93,86,-4,80
1386690,98,21,9,71
1387200,72,31,-2,73
1387710,97,58,-5,78
1388220,0,85,-1,79
1388730,56,44,1,78
1389240,81,27,0,78
1389750,4,54,-1,79
1390260,60,45,-2,81
1390770,85,64,2,79
1391280,8,76,-8,87
1391790,64,35,17,70
1392300,89,45,-3,73
1392810,94,72,-8,81
1393320,99,31,8,73
1393830,73,58,-7,80
1394340,98,77,8,72
1394850,1,36,5,67
1395360,65,27,-9,76
1395870,90,54,-1,77
1396380,73,81,-7,84
1396890,96,13,13,71
1397400,70,23,-5,76
1397910,95,50,-2,78
1398420,100,77,0,78
1398930,3,78,5,73
1399440,59,37,-3,76
1399950,84,56,0,76
1400460,89,83,-5,81
1400970,94,18,4,77
1401480,68,28,5,72
1401990,93,55,-7,79
1402500,98,82,4,75
1403010,21,41,3,72
1403520,86,8,-4,76
1404030,60,27,1,75
1404540,85,54,-3,78
1405050,90,91,-4,82
1405560,95,27,7,75
1406070,69,54,-4,79
1406580,94,73,8,71
1407090,99,32,-6,77
1407600,73,59,-1,78
1408110,78,78,-4,82
1408620,83,13,7,75
1409130,57,40,-7,82
1409640,82,23,8,74
1410150,87,50,-3,77
1410660,92,77,-1,78
1411170,15,89,-5,83
1411680,71,48,15,68
1412190,96,85,-14,82
1412700,101,20,4,78
1413210,75,68,-5,83
1413720,80,87,-5,88
1414230,1,22,13,75
1414740,57,19,0,75
1415250,76,46,-2,77
1415760,81,56,0,77
1416270,86,83,-5,82
1416780,5,18,6,76
1417290,61,57,-8,84
1417800,82,40,13,71
1418310,87,67,-4,75
1418820,92,26,-2,77
1419330,66,36,5,72
1419840,71,63,-9,81
1420350,94,46,11,70
1420860,50,73,-17,87
1421370,71,40,11,76
1421880,76,67,-3,79
1422390,99,86,-2,81
1422900,2,98,7,74
1423410,58,57,-7,81
1423920,79,40,10,71
1424430,84,67,-4,75
1424940,89,79,-3,78
1425450,12,14,2,76
1425960,68,99,-6,82
1426470,73,18,12,70
1426980,88,45,-5,75
1427490,93,72,5,70
1428000,98,7,-8,78
1428510,72,17,4,74
1429020,87,44,-1,75
1429530,92,71,-2,77
1430040,97,6,10,67
1430550,71,25,-11,78
1431060,96,52,0,78
1431570,101,79,-1,79
1432080,57,4,-2,81
1432590,72,23,4,77
1433100,77,50,3,74
1433610,82,77,-5,79
1434120,87,12,-1,80
1434630,61,22,9,71
1435140,80,49,-8,79
1435650,85,86,-5,84
1436160,90,21,6,78
1436670,64,48,0,78
1437180,87,11,-5,83
1437690,0,21,6,77
1438200,56,18,1,76
1438710,75,45,-3,79
1439220,80,72,-3,82
1439730,101,91,5,77
1440240,97,16,1,76
1440750,71,26,2,74
1441260,96,53,1,73
1441770,101,80,2,71
1442280,57,5,-12,83
1442790,76,32,6,77
1443300,81,59,-1,78
1443810,86,78,1,77
1444320,91,13,2,75
1444830,65,45,-4,79
1445340,88,64,1,78
1445850,44,91,-5,83
1446360,49,50,-5,88
1446870,70,33,14,74
1447380,75,60,-1,75
1447890,100,72,-5,80
1448400,56,99,2,78
1448910,61,18,3,75
1449420,80,45,1,74
1449930,85,72,-2,76
1450440,8,7,-2,78
1450950,64,46,-1,79
1451460,87,65,-1,80
1451970,92,0,1,79
1452480,68,30,7,72
1452990,93,57,-3,75
1453500,49,84,-7,82
1454010,54,3,2,80
1454520,73,22,6,74
1455030,98,49,-3,77
1455540,54,76,-3,80
1456050,59,8,4,76
1456560,74,35,4,72
1457070,79,62,-3,75
1457580,84,81,-9,84
1458090,89,13,6,78
1458600,2,23,7,71
1459110,58,20,-2,73
1459620,83,47,-3,76
1460130,88,74,-1,77
1460640,11,101,1,76
1461150,67,33,-3,79
1461660,72,60,-3,82
1462170,95,79,2,80
1462680,18,4,-3,83
1463190,74,89,8,75
1463700,79,24,1,74
1464210,2,51,2,72
1464720,58,10,-8,80
1465230,73,37,11,69
1465740,78,64,-9,78
1466250,101,91,-3,81
1466760,13,26,4,77
1467270,69,9,-3,80
1467780,84,19,4,76
1468290,58,29,-3,79
1468800,83,39,4,75
1469310,88,66,3,72
1469820,70,93,-14,86
1470330,91,28,6,80
1470840,96,56,3,77
1471350,52,83,-3,80
1471860,57,2,2,78
1472370,72,21,5,73
1472880,87,48,1,72
1473390,92,75,-4,76
1473900,97,76,-4,80
1474410,0,11,3,77
1474920,56,50,-5,82
1475430,77,33,10,72
1475940,82,60,-7,79
1476450,87,72,5,74
1476960,10,84,-12,86
1477470,66,43,10,76
1477980,71,62,-1,77
1478490,92,81,7,70
1479000,74,16,-5,75
1479510,89,26,4,71
1480020,63,53,-13,84
1480530,86,36,10,74
1481040,57,63,-5,79
1481550,78,30,3,76
1482060,1,57,3,73
1482570,57,16,2,71
1483080,76,21,-4,75
1483590,91,48,-2,77
1484100,47,75,-5,82
1484610,52,2,-2,84
1485120,67,21,10,74
1485630,92,48,-6,80
1486140,97,75,4,76
1486650,53,10,-4,80
1487160,6,37,-5,85
1487670,62,66,9,76
1488180,83,1,-1,77
1488690,59,31,0,77
1489200,84,41,5,72
1489710,89,68,0,72
1490220,45,80,-14,86
1490730,50,101,4,82
1491240,55,60,-5,87
1491750,76,43,11,76
1492260,81,70,-7,83
1492770,4,89,-2,85
1493280,60,29,11,74
1493790,85,39,0,74
1494300,41,66,-11,85
1494810,62,33,9,76
1495320,67,43,-3,79
1495830,92,62,6,73
1496340,48,89,-6,79
1496850,53,8,-1,80
1497360,68,35,3,77
1497870,93,45,1,76
1498380,49,72,-8,84
1498890,72,39,8,76
1499400,77,49,5,71
1499910,0,76,-10,81
1500420,56,35,6,75
1500930,75,54,-4,79
1501440,100,73,-1,80
1501950,56,8,7,73
1502460,71,35,-1,74
1502970,96,45,-4,78
1503480,52,72,1,77
1503990,73,93,-8,85
1504500,78,29,11,74
1505010,1,56,-2,76
1505520,57,15,0,76
1506030,72,42,1,75
1506540,77,52,-2,77
1507050,82,62,2,75
1507560,38,81,-7,82
1508070,43,40,-1,83
1508580,64,23,11,72
1509090,89,50,2,70
1509600,45,77,-10,80
1510110,68,98,2,78
1510620,73,33,6,72
1511130,98,60,-1,73
1511640,54,87,-4,77
1512150,59,6,0,77
1512660,74,25,0,77
1513170,99,52,2,75
1513680,55,79,-6,81
1514190,60,50,-2,83
1514700,81,69,7,76
1515210,4,81,-3,79
1515720,60,40,3,76
1516230,85,59,2,74
1516740,41,86,-5,79
1517250,81,45,0,79
1517760,4,72,4,75
1518270,60,31,-1,76
1518780,85,41,2,74
1519290,8,68,1,73
1519800,64,37,-6,79
1520310,89,56,8,71
1520820,45,83,-13,84
1521330,50,50,-4,88
1521840,71,17,14,74
1522350,86,44,4,70
1522860,42,71,-9,79
1523370,47,38,-6,85
1523880,68,21,9,76
1524390,93,48,4,72
1524900,49,75,-12,84
1525410,70,42,8,76
1525920,75,52,-4,80
1526430,100,71,-2,82
1526940,56,98,5,77
1527450,61,17,4,73
1527960,86,44,6,67
1528470,42,71,-16,83
1528980,63,38,7,76
1529490,88,48,7,69
1530000,44,75,-13,82
1530510,65,96,1,81
1531020,70,15,-2,83
1531530,85,42,6,77
1532040,41,69,-10,87
1532550,64,36,14,73
1533060,89,46,-1,74
1533570,45,73,-9,83
1534080,50,40,3,80
1534590,71,23,4,76
1535100,96,50,6,70
1535610,52,77,-18,88
1536120,73,48,11,77
1536630,29,58,-1,78
1537140,5,25,0,78
1537650,61,54,1,77
1538160,84,21,2,75
1538670,69,48,-3,78
1539180,94,67,1,77
1539690,50,94,-7,84
1540200,55,13,3,81
1540710,74,40,1,80
1541220,99,67,6,74
1541730,55,94,-6,80
1542240,60,13,5,75
1542750,75,40,2,73
1543260,80,67,-7,80
1543770,36,86,-1,81
1544280,46,45,-4,85
1544790,69,12,7,78
1545300,84,39,6,72
1545810,40,66,-15,87
1546320,61,33,9,78
1546830,86,43,3,75
1547340,42,70,-10,85
1547850,63,37,6,79
1548360,88,56,5,74
1548870,44,83,-7,81
1549380,49,42,-1,82
1549890,70,25,11,71
1550400,95,52,-6,77
1550910,51,79,-3,80
1551420,56,100,-1,81
1551930,61,19,9,72
1552440,86,46,1,71
1552950,9,73,-10,81
1553460,65,32,12,69
1553970,90,59,-7,76
1554480,46,86,-5,81
1554990,51,45,0,81
1555500,72,28,2,79
1556010,97,55,3,76
1556520,53,82,-6,82
1557030,74,58,9,73
1557540,99,70,-4,77
1558050,55,97,-6,83
1558560,65,16,5,78
1559070,90,43,3,75
1559580,13,70,-3,78
1560090,69,29,5,73
1560600,94,56,1,72
1561110,50,83,-5,77
1561620,55,2,1,76
1562130,70,21,2,74
1562640,95,48,-5,79
1563150,18,75,1,78
1563660,28,34,2,76
1564170,84,1,-3,79
1564680,66,11,4,75
1565190,81,38,3,72
1565700,4,65,-4,76
1566210,60,24,1,75
1566720,85,85,-1,76
1567230,90,52,2,74
1567740,46,79,-7,81
1568250,51,46,-1,82
1568760,72,13,-2,84
1569270,87,40,10,74
1569780,43,67,-11,85
1570290,64,96,3,82
1570800,69,15,11,71
1571310,84,42,-6,77
1571820,7,69,-2,79
1572330,17,28,6,73
1572840,73,97,-6,79
1573350,78,16,1,78
1573860,93,43,3,75
1574370,49,70,-6,81
1574880,70,37,4,77
1575390,95,47,3,74
1575900,51,74,-7,81
1576410,74,41,8,73
1576920,99,68,-2,75
1577430,55,95,-10,85
1577940,60,14,6,79
1578450,79,41,2,77
1578960,2,68,-3,80
1579470,58,27,7,73
1579980,83,54,2,71
1580490,39,81,-7,78
1581000,49,40,-14,92
1581510,70,7,17,75
1582020,85,34,8,67
1582530,41,61,-16,83
1583040,62,28,2,81
1583550,87,38,-4,85
1584060,10,65,4,81
1584570,66,24,8,73
1585080,91,51,0,73
1585590,14,78,-5,78
1586100,70,37,6,72
1586610,95,64,-3,75
1587120,18,94,-5,80
1587630,28,53,0,80
1588140,49,70,-6,86
1588650,70,37,11,75
1589160,95,64,4,71
1589670,51,91,-13,84
1590180,72,50,9,75
1590690,57,69,-7,82
1591200,78,36,9,73
1591710,1,63,-6,79
1592220,57,22,1,78
1592730,82,49,4,74
1593240,5,76,-4,78
1593750,61,35,3,75
1594260,86,62,-4,79
1594770,42,74,-1,80
1595280,63,33,1,79
1595790,88,43,3,76
1596300,11,70,0,76
1596810,67,29,5,71
1597320,92,56,-6,77
1597830,15,83,-1,78
1598340,71,42,-1,79
1598850,96,69,6,73
1599360,52,96,-10,83
1599870,57,55,2,81
1600380,78,22,10,71
1600890,1,49,-5,76
1601400,57,8,-5,81
1601910,76,35,10,71
1602420,101,62,-5,76
1602930,57,89,-6,82
1603440,62,8,7,75
1603950,77,35,6,69
1604460,0,62,-4,73
1604970,56,21,-1,74
1605480,81,48,0,74
1605990,4,75,-6,80
1606500,60,34,4,76
1607010,79,95,-8,84
1607520,100,14,13,71
1608030,74,24,-3,74
1608540,99,51,0,74
1609050,55,78,-6,80
1609560,76,99,-4,84
1610070,97,35,4,80
1610580,53,62,-1,81
1611090,76,29,7,74
1611600,101,56,-1,75
1612110,57,83,1,74
1612620,62,2,-5,79
1613130,81,21,0,79
1613640,4,48,2,77
1614150,60,7,-3,80
1614660,79,34,5,75
1615170,2,61,1,74
1615680,58,20,4,70
1616190,83,47,-2,72
1616700,6,74,-4,76
1617210,62,33,-4,80
1617720,87,94,0,80
1618230,6,19,2,78
1618740,62,58,1,77
1619250,83,25,-3,80
1619760,6,52,2,78
1620270,62,11,5,73
1620780,77,38,2,71
1621290,76,76,-22,93
1621800,97,43,19,74
1622310,53,70,-4,78
1622820,74,37,4,74
1623330,99,64,3,71
1623840,55,91,-7,78
1624350,60,10,5,73
1624860,75,37,-3,76
1625370,100,64,-2,78
1625880,56,91,-4,82
1626390,61,10,6,76
1626900,76,37,-1,77
1627410,101,64,2,75
1627920,57,91,-3,78
1628430,62,10,6,72
1628940,77,37,-5,77
1629450,0,64,5,72
1629960,56,23,-4,76
1630470,81,84,-8,84
1630980,0,51,5,79
1631490,56,10,4,75
1632000,75,37,1,74
1632510,100,64,0,74
1633020,56,91,-4,78
1633530,61,10,0,78
1634040,80,76,-1,79
1634550,1,43,4,75
1635060,57,2,-4,79
1635570,72,21,3,76
1636080,97,48,3,73
1636590,53,75,-14,87
1637100,74,42,11,76
1637610,99,52,5,71
1638120,55,79,-6,77
1638630,76,100,0,77
1639140,66,19,2,75
1639650,91,46,3,72
1640160,14,73,-6,78
1640670,70,32,5,73
1641180,95,93,-2,75
1641690,77,3,2,73
1642200,59,13,-10,83
1642710,78,40,9,74
1643220,1,67,-3,77
1643730,57,26,2,75
1644240,82,87,-7,82
1644750,1,46,2,80
1645260,57,5,10,70
1645770,76,15,-8,78
1646280,91,42,4,74
1646790,47,69,-7,81
1647300,68,36,5,76
1647810,93,63,6,70
1648320,49,22,-7,77
1648830,68,41,5,72
1649340,93,60,-4,76
1649850,49,19,-10,86
1650360,68,38,11,75
1650870,93,48,2,73
1651380,16,75,1,72
1651890,72,34,-4,76
1652400,97,61,-1,77
1652910,20,20,-7,84
1653420,76,89,2,82
1653930,97,25,7,75
1654440,53,52,-12,87
1654950,74,19,13,74
1655460,99,46,-1,75
1655970,55,73,-8,83
1656480,76,40,11,72
1656990,101,101,-7,79
1657500,83,37,13,66
1658010,6,64,-10,76
1658520,62,23,-2,78
1659030,87,84,5,73
1659540,69,96,-13,86
1660050,90,15,8,78
1660560,64,25,3,75
1661070,89,9,-2,77
1661580,63,19,1,76
1662090,88,46,3,73
1662600,11,5,-6,79
1663110,67,44,5,74
1663620,92,63,-1,75
1664130,48,22,-6,81
1664640,74,41,6,75
1665150,99,0,-5,80
1665660,81,30,6,74
1666170,4,57,0,74
1666680,60,16,-5,79
1667190,85,43,7,72
1667700,8,70,-8,80
1668210,64,29,3,77
1668720,89,90,-3,80
1669230,8,49,-3,83
1669740,64,8,7,76
1670250,79,18,-4,80
1670760,94,28,1,79
1671270,50,89,-2,81
1671780,71,48,3,78
1672290,96,67,7,71
1672800,52,26,-10,81
1673310,71,45,6,75
1673820,96,64,0,75
1674330,52,23,-2,77
1674840,71,84,-7,84
1675350,92,51,9,75
1675860,48,10,-4,79
1676370,67,71,-1,80
1676880,88,38,10,70
1677390,44,65,-9,79
1677900,68,24,-3,82
1678410,87,85,7,75
1678920,46,44,-6,81
1679430,67,55,1,80
1679940,88,74,5,75
1680450,70,86,-3,78
1680960,91,45,-4,82
1681470,14,4,3,79
1681980,70,73,1,78
1682490,91,40,2,76
1683000,14,59,-2,78
1683510,70,18,5,73
1684020,95,45,0,73
1684530,51,4,-4,77
1685040,70,23,3,74
1685550,95,84,-8,82
1686060,77,96,-4,86
1686570,98,32,12,74
1687080,54,59,-9,83
1687590,75,26,9,74
1688100,100,53,0,74
1688610,56,12,-7,81
1689120,75,22,2,79
1689630,100,49,7,72
1690140,56,8,-4,76
1690650,75,18,1,75
1691160,90,79,-5,80
1691670,9,91,-1,81
1692180,65,50,5,76
1692690,86,9,0,76
1693200,60,19,1,75
1693710,79,46,4,71
1694220,2,5,-2,73
1694730,58,18,-8,81
1695240,77,79,-1,82
1695750,98,38,2,80
1696260,54,99,1,79
1696770,75,58,3,76
1697280,100,70,1,75
1697790,56,29,-1,76
1698300,75,90,-9,85
1698810,96,26,14,71
1699320,52,87,-7,78
1699830,73,46,2,76
1700340,98,65,-4,80
1700850,54,24,7,73
1701360,73,85,-5,78
1701870,94,44,2,76
1702380,50,3,3,73
1702890,69,13,-2,75
1703400,84,23,-3,78
1703910,40,84,-6,84
1704420,61,43,3,81
1704930,82,62,2,79
1705440,1,74,4,75
1705950,57,33,0,75
1706460,76,94,-12,87
1706970,97,30,13,74
1707480,53,91,-2,76
1707990,74,50,2,74
1708500,97,9,-1,75
1709010,71,19,0,75
1709520,27,80,-9,84
1710030,37,39,1,83
1710540,58,6,9,74
1711050,77,16,-4,78
1711560,51,26,-5,83
1712070,70,45,3,80
1712580,91,64,5,75
1713090,47,23,-6,81
1713600,66,42,7,74
1714110,91,1,-6,80
1714620,73,31,5,75
1715130,98,58,0,75
1715640,54,17,-8,83
1716150,73,78,1,82
1716660,94,45,8,74
1717170,50,4,-5,79
1717680,69,14,-4,83
1718190,84,24,8,75
1718700,40,85,-6,81
1719210,61,44,3,78
1719720,82,63,2,76
1720230,5,75,-5,81
1720740,61,34,6,75
1721250,80,95,-3,78
1721760,62,54,-7,85
1722270,83,73,3,82
1722780,2,85,2,80
1723290,58,44,0,80
1723800,79,63,5,75
1724310,100,22,-7,82
1724820,74,32,9,73
1725330,99,50,-7,80
1725840,55,9,5,75
1726350,74,19,1,74
1726860,30,80,-2,76
1727370,40,39,-7,83
1727880,61,6,3,80
1728390,80,16,5,75
1728900,54,26,0,75
1729410,73,87,-11,86
1729920,94,46,13,73
1730430,50,5,-4,77
1730940,69,15,-1,78
1731450,84,25,1,77
1731960,40,86,-6,83
1732470,61,45,3,80
1732980,82,64,1,79
1733490,5,23,4,75
1734000,61,62,-7,82
1734510,82,29,8,74
1735020,38,90,-5,79
1735530,48,49,-9,88
1736040,69,16,12,76
1736550,84,26,-2,78
1737060,40,87,-6,84
1737570,61,46,9,75
1738080,82,65,0,75
1738590,5,77,-6,81
1739100,61,36,4,77
1739610,82,97,-2,79
1740120,1,56,0,79
1740630,57,15,9,70
1741140,76,76,-13,83
1741650,97,43,6,77
1742160,53,2,-4,81
1742670,72,12,2,79
1743180,87,22,4,75
1743690,43,83,-5,80
1744200,64,42,1,79
1744710,85,52,1,78
1745220,41,11,-4,82
1745730,60,72,-7,89
1746240,81,39,16,73
1746750,4,100,-9,82
1747260,60,59,2,80
1747770,81,26,5,75
1748280,4,87,-7,82
1748790,60,46,0,82
1749300,81,65,3,79
1749810,0,24,5,74
1750320,56,37,-2,76
1750830,77,56,4,72
1751340,33,15,-9,81
1751850,52,100,3,78
1752360,73,59,-6,84
1752870,94,78,6,78
1753380,17,37,3,75
1753890,73,4,-13,88
1754400,30,14,5,83
1754910,86,83,5,78
1755420,5,42,1,77
1755930,61,33,0,77
1756440,82,94,-4,81
1756950,1,53,3,78
1757460,57,12,6,72
1757970,76,22,-2,74
1758480,101,49,1,73
1758990,57,8,-3,76
1759500,72,18,2,74
1760010,97,45,0,74
1760520,53,4,-5,79
1761030,72,14,2,77
1761540,87,24,1,76
1762050,43,85,-5,81
1762560,64,44,6,75
1763070,85,54,6,69
1763580,41,13,-16,85
1764090,62,52,2,83
1764600,83,71,5,78
1765110,2,30,0,78
1765620,58,43,0,78
1766130,79,62,5,73
1766640,2,21,-1,74
1767150,58,34,-6,80
1767660,79,81,1,79
1768170,100,40,-3,82
1768680,56,101,3,79
1769190,61,60,-5,84
1769700,82,79,3,81
1770210,1,38,7,74
1770720,57,29,-6,80
1771230,78,90,-9,89
1771740,99,49,12,77
1772250,55,8,-1,78
1772760,74,18,-2,80
1773270,99,79,1,79
1773780,55,38,-2,81
1774290,76,57,1,80
1774800,97,16,3,77
1775310,71,26,-3,80
1775820,38,53,0,80
1776330,59,20,4,76
1776840,78,81,-6,82
1777350,99,40,8,74
1777860,55,101,2,72
1778370,76,60,-11,83
1778880,101,19,12,71
1779390,75,29,-4,75
1779900,100,56,-1,76
1780410,56,15,1,75
1780920,75,76,-10,85
1781430,96,12,5,80
1781940,70,22,1,79
1782450,95,39,1,78
1782960,51,66,-7,85
1783470,72,25,8,77
1783980,97,52,4,73
1784490,53,11,-7,80
1785000,72,72,-6,86
1785510,93,31,8,78
1786020,49,58,-4,82
1786530,70,25,8,74
1787040,95,86,-3,77
1787550,24,45,-2,79
1788060,80,12,-4,83
1788570,95,22,5,78
1789080,69,32,-3,81
1789590,94,93,-6,87
1790100,13,29,9,78
1790610,69,68,-7,85
1791120,90,87,4,81
1791630,9,27,4,77
1792140,65,40,-3,80
1792650,86,50,4,76
1793160,9,9,0,76
1793670,65,48,-5,81
1794180,86,67,6,75
1794690,42,26,-7,82
1795200,63,9,4,78
1795710,78,19,1,77
1796220,34,29,-5,82
1796730,55,68,-4,86
1797240,76,35,12,74
1797750,101,62,-5,79
1798260,57,21,4,75
1798770,76,82,-4,79
1799280,97,18,4,75
1799790,71,68,-11,86
1800300,92,87,6,80
1800810,11,46,5,75
1801320,67,5,-9,84
1801830,82,15,4,80
1802340,56,25,6,74
1802850,81,86,-11,85
1803360,0,22,12,73
1803870,56,61,-5,78
1804380,77,28,3,75
1804890,0,55,-1,76
1805400,56,93,-5,81
1805910,77,52,6,75
1806420,98,11,0,75
1806930,72,21,1,74
1807440,97,48,-5,79
1807950,53,7,-1,80
1808460,72,17,6,74
1808970,28,44,-10,84
1809480,49,11,2,82
1809990,68,72,1,81
1810500,89,8,4,77
1811010,71,18,-2,79
1811520,90,45,8,71
1812030,72,72,-10,81
1812540,93,8,-2,83
1813050,67,18,5,78
1813560,86,45,1,77
1814070,9,4,-5,82
1814580,65,43,3,79
1815090,86,2,4,75
1815600,68,32,-3,78
1816110,93,93,-8,86
1816620,12,29,6,80
1817130,68,68,1,79
1817640,89,0,5,74
1818150,71,30,1,73
1818660,96,91,-8,81
1819170,15,27,7,74
1819680,71,66,-4,78
1820190,92,1,1,77
1820700,74,31,4,73
1821210,99,58,-3,76
1821720,55,17,-1,77
1822230,74,78,-6,83
1822740,95,14,8,75
1823250,69,24,-2,77
1823760,36,51,-8,85
1824270,57,18,12,73
1824780,76,79,-9,82
1825290,97,15,8,74
1825800,71,25,-4,78
1826310,96,52,4,74
1826820,52,79,-12,86
1827330,73,38,13,73
1827840,98,99,-7,80
1828350,80,35,12,68
1828860,3,62,-10,78
1829370,59,21,2,76
1829880,84,82,-4,80
1830390,3,18,5,75
1830900,59,57,-7,82
1831410,80,24,4,78
1831920,3,51,3,75
1832430,59,10,-1,76
1832940,74,20,0,76
1833450,99,47,-3,79
1833960,55,6,-3,82
1834470,74,16,4,78
1834980,89,26,6,72
1835490,45,53,-12,84
1836000,66,20,8,76
1836510,91,47,-1,77
1837020,14,74,-7,84
1837530,70,33,10,74
1838040,95,94,-5,79
1838550,14,30,8,71
1839060,70,69,-19,90
1839570,91,73,16,74
1840080,47,32,-6,80
1840590,68,51,3,77
1841100,89,10,0,77
1841610,63,20,2,75
1842120,82,47,4,71
1842630,64,6,-8,79
1843140,79,16,4,75
1843650,53,26,-5,80
1844160,74,87,0,80
1844670,95,23,1,79
1845180,69,33,7,72
1845690,94,94,-12,84
1846200,13,30,11,73
1846710,69,32,1,72
1847220,94,59,-4,76
1847730,50,83,-7,83
1848240,71,42,9,74
1848750,92,1,-7,81
1849260,74,31,4,77
1849770,99,58,5,72
1850280,55,17,-7,79
1850790,76,78,0,79
1851300,97,14,4,75
1851810,71,81,-8,83
1852320,92,17,8,75
1852830,66,27,2,73
1853340,91,54,1,72
1853850,73,13,-9,81
1854360,88,23,5,76
1854870,62,84,-3,79
1855380,83,20,9,70
1855890,57,30,-10,80
1856400,78,91,-1,81
1856910,99,50,3,78
1857420,55,27,0,78
1857930,76,88,-13,91
1858440,97,24,17,74
1858950,71,51,0,74
1859460,92,10,-3,77
1859970,66,20,-2,79
1860480,91,47,7,72
1860990,73,74,-12,84
1861500,94,41,7,77
1862010,50,68,-8,85
1862520,71,35,9,76
1863030,96,96,-4,80
1863540,15,32,6,74
1864050,36,101,-10,84
1864560,46,60,-3,87
1865070,67,27,12,75
1865580,92,54,-2,77
1866090,74,13,-5,82
1866600,89,23,7,75
1867110,63,33,2,73
1867620,84,94,-12,85
1868130,3,30,10,75
1868640,59,43,-9,84
1869150,80,62,12,72
1869660,9,21,-9,81
1870170,65,60,-4,85
1870680,86,27,11,74
1871190,42,54,-8,82
1871700,63,21,5,77
1872210,84,48,2,75
1872720,13,7,-3,78
1873230,69,46,-2,80
1873740,90,56,6,74
1874250,46,83,-10,84
1874760,67,42,7,77
1875270,88,52,-4,81
1875780,70,79,0,81
1876290,91,46,7,74
1876800,73,73,-10,84
1877310,94,40,6,78
1877820,71,67,-10,88
1878330,92,50,7,81
1878840,11,77,0,81
1879350,67,36,6,75
1879860,88,97,-2,77
1880370,7,33,-6,83
1880880,17,46,4,79
1881390,73,5,-2,81
1881900,55,15,7,74
1882410,74,42,0,74
1882920,95,52,4,70
1883430,51,79,-10,80
1883940,72,38,8,72
1884450,93,99,-13,85
1884960,12,35,11,74
1885470,68,96,-12,86
1885980,89,15,13,73
1886490,63,25,-4,77
1887000,84,86,-12,89
1887510,3,22,14,75
1888020,59,61,-7,82
1888530,80,28,8,74
1889040,3,55,-3,77
1889550,59,14,5,72
1890060,74,41,-3,75
1890570,95,0,-5,80
1891080,77,30,3,77
1891590,59,57,-9,86
1892100,80,24,9,77
1892610,95,51,1,76
1893120,77,78,-4,80
1893630,98,45,0,80
1894140,54,72,-6,86
1894650,75,39,12,74
1895160,96,66,-1,75
1895670,52,25,-1,76
1896180,73,86,-9,85
1896690,94,53,7,78
1897200,50,80,-4,82
1897710,71,39,8,74
1898220,0,100,0,74
1898730,56,59,-8,82
1899240,77,26,8,74
1899750,0,53,-3,77
1900260,56,12,3,74
1900770,71,39,-2,76
1901280,92,49,8,68
1901790,48,76,-13,81
1902300,69,35,8,73
1902810,90,96,-6,79
1903320,9,31,-2,81
1903830,65,70,1,80
1904340,86,37,12,68
1904850,68,64,-18,86
1905360,61,31,5,81
1905870,82,92,-4,85
1906380,1,28,14,71
1906890,13,41,-8,79
1907400,69,32,-1,80
1907910,90,93,-2,82
1908420,9,29,4,78
1908930,65,42,-2,80
1909440,86,52,3,77
1909950,15,79,2,75
1910460,71,38,1,74
1910970,92,99,-6,80
1911480,11,35,2,78
1911990,67,26,3,75
1912500,92,87,-8,83
1913010,11,23,9,74
1913520,67,62,-8,82
1914030,88,45,11,71
1914540,44,72,-13,84
1915050,65,39,11,73
1915560,86,49,-1,74
1916070,68,76,-5,79
1916580,89,43,10,69
1917090,12,70,-13,82
1917600,68,29,9,73
1918110,93,90,-8,81
1918620,12,49,4,77
1919130,68,8,-3,80
1919640,83,18,6,74
1920150,57,28,-2,76
1920660,78,38,5,71
1921170,1,65,-3,74
1921680,57,24,0,74
1922190,78,34,-1,75
1922700,1,61,-3,78
1923210,57,20,1,77
1923720,78,81,-4,81
1924230,99,17,8,73
1924740,73,27,3,70
1925250,98,54,-6,76
1925760,54,81,-4,80
1926270,75,0,-4,84
1926780,57,30,13,71
1927290,78,40,-5,76
1927800,15,62,-4,80
1928310,71,21,10,70
1928820,96,48,-6,76
1929330,19,75,-2,78
1929840,29,34,-1,79
1930350,85,1,-4,83
1930860,67,31,9,74
1931370,88,92,-14,88
1931880,7,28,10,78
1932390,63,41,1,77
1932900,84,51,4,73
1933410,3,10,-7,80
1933920,59,49,4,76
1934430,80,16,-7,83
1934940,95,26,11,72
1935450,69,36,-5,77
1935960,90,97,-5,82
1936470,9,33,10,72
1936980,65,24,-4,76
1937490,90,85,-7,83
1938000,9,21,6,77
1938510,65,60,-6,83
1939020,86,27,6,77
1939530,42,54,0,77
1940040,63,21,2,75
1940550,88,82,-4,79
1941060,7,18,2,77
1941570,63,57,-8,85
1942080,84,24,8,77
1942590,58,34,2,75
1943100,79,44,-1,76
1943610,100,3,0,76
1944120,82,33,6,70
1944630,5,60,-7,77
1945140,61,19,-4,81
1945650,82,46,9,72
1946160,5,5,-8,80
1946670,61,44,0,80
1947180,82,63,5,75
1947690,1,22,0,75
1948200,57,61,-6,81
1948710,78,28,5,76
1949220,1,55,3,73
1949730,57,14,-1,74
1950240,78,41,3,71
1950750,99,0,-11,82
1951260,81,30,7,75
1951770,4,57,-6,81
1952280,60,16,5,76
1952790,75,26,2,74
1953300,100,53,0,74
1953810,56,80,-3,77
1954320,77,101,-2,79
1954830,98,20,1,78
1955340,72,30,3,75
1955850,97,91,-8,83
1956360,16,27,3,80
1956870,72,66,1,79
1957380,93,33,7,72
1957890,67,60,-10,82
1958400,88,27,3,79
1958910,11,54,3,76
1959420,67,13,0,76
1959930,82,23,2,74
1960440,56,50,-6,80
1960950,77,17,-3,83
1961460,51,84,3,80
1961970,72,43,2,78
1962480,93,84,1,77
1962990,12,96,-4,81
1963500,68,55,-4,85
1964010,89,74,5,80
1964520,8,33,4,76
1965030,64,24,1,75
1965540,89,85,0,75
1966050,8,44,-9,84
1966560,64,35,6,78
1967070,85,45,1,77
1967580,64,72,-3,80
1968090,85,39,7,73
1968600,41,66,-6,79
1969110,62,33,2,77
1969620,83,94,-9,86
1970130,2,30,10,76
1970640,58,21,-3,79
1971150,79,31,1,78
1971660,2,58,3,75
1972170,58,17,-2,77
1972680,79,27,0,77
1973190,2,54,-1,78
1973700,58,13,0,78
1974210,79,23,1,77
1974720,2,50,3,74
1975230,58,9,-3,77
1975740,73,19,1,76
1976250,98,46,0,76
1976760,54,73,-4,80
1977270,75,40,5,75
1977780,96,101,-2,77
1978290,15,20,2,75
1978800,71,59,-6,81
1979310,92,78,3,78
1979820,11,37,2,76
1980330,67,28,4,72
1980840,83,55,-2,74
1981350,6,65,-2,76
1981860,62,24,2,74
1982370,83,51,-8,82
1982880,6,61,9,73
1983390,62,20,-1,74
1983900,87,47,3,71
1984410,10,74,-7,78
1984920,66,33,6,72
1985430,91,43,-2,74
1985940,47,70,-15,89
1986450,68,40,12,77
1986960,89,50,7,70
1987470,45,77,-13,83
1987980,66,36,7,76
1988490,87,46,-3,79
1989000,10,73,1,78
1989510,66,32,2,76
1990020,91,42,2,74
1990530,47,69,-8,82
1991040,68,36,9,73
1991550,93,46,-1,74
1992060,49,73,-15,89
1992570,70,40,13,76
1993080,95,50,4,72
1993590,51,77,-9,81
1994100,72,98,-6,87
1994610,93,17,11,76
1995120,67,27,5,71
1995630,92,54,-6,77
1996140,15,13,-6,83
1996650,36,52,4,79
1997160,80,19,4,75
1997670,3,29,-7,82
1998180,59,68,-3,85
1998690,80,35,11,74
1999200,3,62,-4,78
1999710,59,21,3,75
2000220,84,48,0,75
2000730,7,75,-2,77
2001240,63,34,0,77
2001750,88,95,-4,81
2002260,7,54,9,72
2002770,63,13,-11,83
2003280,78,23,9,74
2003790,1,50,0,74
2004300,57,9,0,74
2004810,72,19,2,72
2005320,97,46,3,69
2005830,53,73,-6,75
2006340,74,94,-9,84
2006850,95,30,9,75
2007360,69,57,-8,83
2007870,90,76,9,74
2008380,13,35,0,74
2008890,69,37,-3,77
2009400,94,64,-2,79
2009910,17,23,2,77
2010420,73,92,-2,79
2010930,94,11,4,75
2011440,68,21,2,73
2011950,93,48,3,70
2012460,49,75,-11,81
2012970,70,42,3,78
2013480,95,52,6,72
2013990,51,79,-11,83
2014500,72,100,6,77
2015010,93,19,1,76
2015520,67,29,-1,77
2016030,92,5,-1,78
2016540,66,15,-3,81
2017050,81,42,4,77
2017560,4,69,2,75
2018070,60,68,-9,84
2018580,95,35,13,71
2019090,51,62,-14,85
2019600,72,29,11,74
2020110,97,56,0,74
2020620,20,83,-5,79
2021130,30,42,-5,84
2021640,51,9,4,80
2022150,52,19,0,80
2022660,73,80,-11,91
2023170,94,47,16,75
2023680,50,74,-5,80
2024190,71,33,5,75
2024700,96,60,3,72
2025210,52,19,-6,78
2025720,73,29,0,78
2026230,98,56,5,73
2026740,54,83,-2,75
2027250,75,2,-2,77
2027760,96,12,1,76
2028270,70,22,1,75
2028780,95,49,1,74
2029290,51,76,-6,80
2029800,72,43,3,77
2030310,93,53,2,75
2030820,49,80,-10,85
2031330,70,39,10,75
2031840,95,49,3,72
2032350,18,76,-8,80
2032860,74,35,5,75
2033370,99,62,-1,76
2033880,55,21,-3,79
2034390,76,82,-6,85
2034900,97,49,9,76
2035410,53,76,-4,80
2035920,74,97,4,76
2036430,95,16,-6,82
2036940,69,26,9,73
2037450,94,53,-3,76
2037960,50,80,-3,79
2038470,71,39,8,71
2038980,96,49,-1,72
2039490,19,76,-4,76
2040000,29,35,-6,82
2040510,50,2,0,82
2041020,71,12,0,82
2041530,86,39,6,76
2042040,9,66,3,73
2042550,65,25,-4,77
2043060,90,86,-2,79
2043570,9,45,0,79
2044080,65,36,5,74
2044590,90,97,-8,82
2045100,9,16,8,74
2045610,65,55,-8,82
2046120,86,38,7,75
2046630,9,65,-3,78
2047140,65,24,2,76
2047650,90,85,-2,78
2048160,9,44,-1,79
2048670,65,35,4,75
2049180,86,96,-8,83
2049690,5,15,7,76
2050200,61,54,-6,82
2050710,82,21,6,76
2051220,5,31,-1,77
2051730,61,44,-5,82
2052240,82,63,4,78
2052750,5,22,1,77
2053260,61,61,-4,81
2053770,82,28,6,75
2054280,5,55,-1,76
2054790,61,14,3,73
2055300,62,41,-6,79
2055810,83,60,0,79
2056320,6,61,3,76
2056830,62,20,4,72
2057340,87,47,1,71
2057850,43,74,-14,85
2058360,64,41,1,84
2058870,85,51,12,72
2059380,41,78,-6,78
2059890,62,37,-1,79
2060400,83,47,7,72
2060910,6,6,-2,74
2061420,62,92,-9,83
2061930,83,11,-2,85
2062440,2,21,10,75
2062950,58,34,1,74
2063460,79,44,5,69
2063970,2,3,-7,76
2064480,58,42,-5,81
2064990,79,61,3,78
2065500,100,20,2,76
2066010,74,30,-1,77
2066520,99,57,3,74
2067030,55,16,1,73
2067540,76,43,-5,78
2068050,97,2,0,78
2068560,71,12,-6,84
2069070,86,22,5,79
2069580,60,32,-1,80
2070090,81,42,2,78
2070600,4,69,2,76
2071110,60,28,-1,77
2071620,81,89,-4,81
2072130,0,8,6,75
2072640,56,47,-6,81
2073150,77,30,11,70
2073660,0,91,-7,77
2074170,56,50,-5,82
2074680,77,17,6,76
2075190,0,27,-9,85
2075700,56,24,8,77
2076210,77,85,-5,82
2076720,98,21,12,70
2077230,72,31,-7,77
2077740,97,58,3,74
2078250,53,17,-1,75
2078760,74,78,-6,81
2079270,95,45,5,76
2079780,51,72,-3,79
2080290,72,39,3,76
2080800,93,100,-7,83
2081310,12,36,8,75
2081820,68,27,-6,81
2082330,89,54,7,74
2082840,45,13,-9,83
2083350,66,33,11,72
2083860,87,35,0,72
2084370,43,62,-14,86
2084880,64,29,7,79
2085390,85,39,7,72
2085900,41,66,-9,81
2086410,62,33,10,71
2086920,83,94,-11,82
2087430,2,13,8,74
2087940,58,10,2,72
2088450,79,23,-4,76
2088960,2,50,-5,81
2089470,58,41,0,81
2089980,79,60,-1,82
2090490,100,19,3,79
2091000,74,29,7,72
2091510,99,56,-3,75
2092020,55,83,-2,77
2092530,76,2,-5,82
2093040,97,12,7,75
2093550,71,22,1,74
2094060,96,49,5,69
2094570,52,76,-11,80
2095080,73,97,-9,89
2095590,94,16,18,71
2096100,68,26,-6,77
2096610,93,87,0,77
2097120,12,46,-4,81
2097630,68,37,4,77
2098140,89,98,-3,80
2098650,8,34,4,76
2099160,64,47,-2,78
2099670,85,66,3,75
2100180,4,25,7,68
2100690,60,38,-13,81
2101200,81,57,6,75
2101710,37,16,-4,79
2102220,58,85,-5,84
2102730,79,4,8,76
2103240,53,14,-6,82
2103750,74,53,7,75
2104260,95,54,-2,77
2104770,51,81,-5,82
2105280,72,0,5,77
2105790,46,30,-5,82
2106300,67,13,3,79
2106810,88,40,0,79
2107320,44,67,-6,85
2107830,65,34,12,73
2108340,86,61,1,72
2108850,42,98,-10,82
2109360,63,57,0,82
2109870,84,24,5,77
2110380,58,51,-6,83
2110890,79,18,0,83
2111400,94,28,7,76
2111910,68,38,2,74
2112420,89,48,7,67
2112930,45,75,-18,85
2113440,66,34,9,76
2113950,87,44,-3,79
2114460,43,71,1,78
2114970,64,30,2,76
2115480,85,57,2,74
2115990,41,94,-10,84
2116500,62,53,6,78
2117010,83,4,1,77
2117520,57,14,-3,80
2118030,78,24,3,77
2118540,1,51,3,74
2119050,57,10,-1,75
2119560,78,37,-1,76
2120070,1,64,0,76
2120580,57,23,6,70
2121090,82,84,-13,83
2121600,1,20,7,76
2122110,57,59,-7,83
2122620,78,42,6,77
2123130,99,69,8,69
2123640,55,28,-15,84
2124150,76,89,1,83
2124660,97,8,10,73
2125170,71,18,-10,83
2125680,92,28,7,76
2126190,66,55,-4,80
2126700,87,74,2,78
2127210,6,75,0,78
2127720,62,34,1,77
2128230,83,44,7,70
2128740,39,71,-9,79
2129250,60,38,7,72
2129760,81,99,-13,85
2130270,0,18,8,77
2130780,56,57,-3,80
2131290,28,40,0,80
2131800,49,7,1,79
2132310,70,17,8,71
2132820,95,44,-7,78
2133330,51,71,-7,85
2133840,72,38,14,71
2134350,93,65,2,69
2134860,49,24,-8,77
2135370,70,34,3,74
2135880,91,95,-3,77
2136390,10,14,-6,83
2136900,66,53,-3,86
2137410,87,72,11,75
2137920,6,31,-3,78
2138430,62,44,-2,80
2138940,83,63,7,73
2139450,39,100,-11,84
2139960,60,59,4,80
2140470,81,26,2,78
2140980,4,53,-1,79
2141490,60,44,-1,80
2142000,8,63,2,78
2142510,64,22,5,73
2143020,89,49,3,70
2143530,45,76,-13,83
2144040,66,97,2,81
2144550,87,16,7,74
2145060,61,26,-1,75
2145570,82,87,-7,82
2146080,1,6,9,73
2146590,57,45,-7,80
2147100,78,64,-5,85
2147610,99,23,13,72
2148120,73,33,-2,74
2148630,98,94,-3,77
2149140,17,29,-1,78
2149650,73,16,1,77
2150160,88,43,4,73
2150670,44,70,-8,81
2151180,65,91,2,79
2151690,86,10,-1,80
2152200,60,20,4,76
2152710,81,81,-1,77
2153220,0,0,-3,80
2153730,56,39,3,77
2154240,77,58,0,77
2154750,98,17,1,76
2155260,72,27,-3,79
2155770,97,54,8,71
2156280,53,43,-13,84
2156790,74,26,14,70
2157300,99,53,-4,74
2157810,55,80,-12,86
2158320,76,101,5,81
2158830,97,20,6,75
2159340,71,30,1,74
2159850,96,57,-2,76
2160360,52,84,-4,80
2160870,73,3,3,77
2161380,94,13,2,75
2161890,68,23,0,75
2162400,93,50,1,74
2162910,49,77,-11,85
2163420,70,98,4,81
2163930,91,17,6,75
2164440,65,27,-2,77
2164950,86,88,-3,80
2165460,5,23,6,74
2165970,61,52,-9,83
2166480,82,71,10,73
2166990,1,30,-6,79
2167500,57,21,-2,81
2168010,78,82,0,81
2168520,99,1,1,80
2169030,73,31,5,75
2169540,98,58,-2,77
2170050,54,85,-3,80
2170560,75,4,0,80
2171070,96,14,7,73
2171580,70,24,-7,80
2172090,95,51,6,74
2172600,51,40,-7,81
2173110,72,23,4,77
2173620,97,93,2,75
2174130,16,28,1,74
2174640,72,15,-6,80
2175150,87,25,4,76
2175660,43,52,-3,79
2176170,64,19,2,77
2176680,85,46,2,75
2177190,41,73,-2,77
2177700,62,32,-4,81
2178210,83,34,10,71
2178720,39,61,-11,82
2179230,60,28,6,76
2179740,81,30,1,75
2180250,4,57,-5,80
2180760,60,16,7,73
2181270,81,26,-5,78
2181780,37,28,0,78
2182290,58,11,-3,81
2182800,79,38,6,75
2183310,100,65,-1,76
2183820,56,24,-3,79
2184330,77,44,5,74
2184840,98,3,-2,76
2185350,72,33,2,74
2185860,28,35,-4,78
2186370,49,2,-5,83
2186880,70,12,8,75
2187390,85,22,-2,77
2187900,41,32,0,77
2188410,62,15,2,75
2188920,77,25,2,73
2189430,0,52,-5,78
2189940,56,11,7,71
2190450,71,21,-2,73
2190960,96,48,1,72
2191470,52,75,-7,79
2191980,73,96,-3,82
2192490,94,15,3,79
2193000,68,25,1,78
2193510,93,72,1,77
2194020,49,31,0,77
2194530,70,50,-2,79
2195040,91,9,-3,82
2195550,65,19,6,76
2196060,86,46,7,69
2196570,42,73,-12,81
2197080,63,32,4,77
2197590,84,34,2,75
2198100,17,61,-6,81
2198610,73,20,6,75
2199120,29,30,-10,85
2199630,50,13,8,77
2200140,71,23,1,76
2200650,96,50,5,71
2201160,52,39,-8,79
2201670,73,58,5,74
2202180,94,17,-7,81
2202690,68,27,9,72
2203200,93,88,-7,79
2203710,12,23,3,76
2204220,68,62,-10,86
2204730,89,81,12,74
2205240,8,40,-1,75
2205750,64,53,-3,78
2206260,85,72,0,78
2206770,4,31,4,74
2207280,60,22,0,74
2207790,81,49,2,72
2208300,37,8,-8,80
2208810,58,33,2,78
2209320,79,43,4,74
2209830,35,2,-12,86
2210340,56,27,8,78
2210850,77,29,7,71
2211360,0,56,-6,77
2211870,56,15,5,72
2212380,57,25,-1,73
2212890,78,35,-4,77
2213400,1,62,1,76
2213910,57,21,-1,77
2214420,78,48,4,73
2214930,99,7,-3,76
2215440,73,45,4,72
2215950,29,55,-8,80
2216460,50,22,2,78
2216970,71,67,-1,79
2217480,92,86,-4,83
2217990,11,22,4,79
2218500,32,61,-2,81
2219010,53,28,1,80
2219520,74,47,7,73
2220030,95,84,-2,75
2220540,51,19,-5,80
2221050,72,29,9,71
2221560,97,56,-4,75
2222070,53,83,-8,83
2222580,74,2,5,78
2223090,48,12,-5,83
2223600,69,22,6,77
2224110,90,49,-2,79
2224620,46,76,-3,82
2225130,67,35,3,79
2225640,88,37,5,74
2226150,11,64,-4,78
2226660,67,23,1,77
2227170,88,50,0,77
2227680,7,77,-1,78
2228190,63,36,4,74
2228700,84,46,-2,76
2229210,40,73,-9,85
2229720,61,32,9,76
2230230,82,42,3,73
2230740,38,69,-13,86
2231250,59,28,10,76
2231760,80,38,1,75
2232270,101,65,1,74
2232780,57,0,1,73
2233290,78,10,-8,81
2233800,52,20,4,77
2234310,73,30,3,74
2234820,87,57,2,72
2235330,43,94,-10,82
2235840,64,53,0,82
2236350,85,72,1,81
2236860,4,7,2,79
2237370,60,46,-2,81
2237880,81,65,9,72
2238390,0,0,-9,81
2238900,56,39,5,76
2239410,77,58,-6,82
2239920,98,95,6,76
2240430,17,31,2,74
2240940,73,38,-3,77
2241450,29,48,-2,79
2241960,50,15,0,79
2242470,71,25,2,77
2242980,96,52,4,73
2243490,52,79,-7,80
2244000,73,100,-8,88
2244510,94,36,17,71
2245020,50,63,-7,78
2245530,71,101,-6,84
2246040,92,37,8,76
2246550,48,64,-3,79
2247060,69,31,-1,80
2247570,90,58,4,76
2248080,46,95,-3,79
2248590,67,54,5,74
2249100,88,91,-9,83
2249610,7,27,7,76
2250120,63,56,-8,84
2250630,84,92,3,81
2251140,3,28,0,81
2251650,59,57,-3,84
2252160,80,40,10,74
2252670,36,67,-7,81
2253180,57,26,8,73
2253690,78,36,1,72
2254200,34,63,-13,85
2254710,55,22,10,75
2255220,76,32,-1,76
2255730,90,59,3,73
2256240,46,96,-8,81
2256750,67,55,-2,83
2257260,88,74,3,80
2257770,7,9,1,79
2258280,63,48,-1,80
2258790,84,67,4,76
2259300,40,2,-7,83
2259810,61,12,-1,84
2260320,82,39,10,74
2260830,38,66,-3,77
2261340,59,25,4,73
2261850,80,27,-4,77
2262360,36,54,-8,85
2262870,57,21,13,72
2263380,82,48,0,72
2263890,38,75,-10,82
2264400,59,43,2,80
2264910,80,62,5,75
2265420,101,21,-2,77
2265930,75,31,1,76
2266440,100,58,-1,77
2266950,56,85,-6,83
2267460,77,4,3,80
2267970,51,14,-5,85
2268480,72,24,9,76
2268990,97,51,1,75
2269500,53,78,-7,82
2270010,74,99,-3,85
2270520,95,18,11,74
2271030,69,30,4,70
2271540,25,57,-5,75
2272050,81,16,-4,79
2272560,55,26,0,79
2273070,76,65,4,75
2273580,97,0,-1,76
2274090,71,30,-6,82
2274600,92,57,11,71
2275110,48,84,-8,79
2275620,69,3,-2,81
2276130,84,13,10,71
2276640,58,23,-6,77
2277150,79,50,-1,78
2277660,100,77,0,78
2278170,56,12,0,78
2278680,71,39,5,73
2279190,92,66,-3,76
2279700,48,1,-4,80
2280210,69,11,1,79
2280720,84,38,9,70
2281230,40,65,-14,84
2281740,61,32,4,80
2282250,82,42,-1,81
2282760,38,69,0,81
2283270,59,28,7,74
2283780,80,38,0,74
2284290,101,65,0,74
2284800,57,0,-9,83
2285310,78,10,4,79
2285820,93,20,7,72
2286330,67,47,-16,88
2286840,88,66,14,74
2287350,44,1,-9,83
2287860,65,20,7,76
2288370,80,66,-9,85
2288880,101,1,6,79
2289390,75,31,5,74
2289900,100,58,-2,76
2290410,56,85,-10,86
2290920,77,4,7,79
2291430,51,14,1,78
2291940,72,41,1,77
2292450,93,68,-1,78
2292960,49,3,-6,84
2293470,70,13,6,78
2293980,85,40,2,76
2294490,41,67,-9,85
2295000,62,34,10,75
2295510,83,71,-6,81
2296020,2,30,6,75
2296530,58,43,-5,80
2297040,79,62,1,79
2297550,89,21,5,74
2298060,63,48,-5,79
2298570,84,67,2,77
2299080,3,26,0,77
2299590,59,39,0,77
2300100,80,58,-2,79
2300610,101,17,5,74
2301120,75,54,0,74
2301630,31,91,-4,78
2302140,52,50,-10,88
2302650,73,33,10,78
2303160,98,35,1,77
2303670,54,72,0,77
2304180,75,93,0,77
2304690,96,12,3,74
2305200,70,22,-4,78
2305710,95,49,2,76
2306220,51,76,-1,77
2306730,72,97,-3,80
2307240,93,16,2,78
2307750,67,26,3,75
2308260,92,53,4,71
2308770,48,80,-8,79
2309280,69,39,6,73
2309790,90,100,-5,78
2310300,9,97,-2,80
2310810,65,56,-2,82
2311320,86,39,12,70
2311830,42,66,-13,83
2312340,63,33,9,74
2312850,84,94,-4,78
2313360,3,13,-9,87
2313870,9,52,17,70
2314380,65,11,-10,80
2314890,80,38,5,75
2315400,3,65,-5,80
2315910,59,24,4,76
2316420,84,51,4,72
2316930,40,78,-5,77
2317440,61,37,-2,79
2317950,82,56,6,73
2318460,38,15,-13,86
2318970,101,100,9,77
2319480,20,36,-3,80
2319990,76,3,-6,86
2320500,97,13,5,81
2321010,71,23,5,76
2321520,96,50,0,76
2322030,52,77,-9,85
2322540,73,98,8,77
2323050,94,17,1,76
2323560,68,27,-2,78
2324070,93,54,0,78
2324580,49,81,-2,80
2325090,70,0,2,78
2325600,91,10,-4,82
2326110,65,20,9,73
2326620,90,47,2,71
2327130,46,74,-11,82
2327640,67,95,-2,84
2328150,88,14,9,75
2328660,62,24,-5,80
2329170,76,51,5,75
2329680,32,88,-8,83
2330190,53,47,6,77
2330700,74,14,-1,78
2331210,89,41,-2,80
2331720,45,68,4,76
2332230,66,35,-2,78
2332740,87,62,1,77
2333250,43,99,-3,80
2333760,64,58,-1,81
2334270,85,25,6,75
2334780,41,52,-7,82
2335290,62,19,5,77
2335800,63,46,-7,84
2336310,84,65,2,82
2336820,3,24,0,82
2337330,59,63,4,78
2337840,80,30,4,74
2338350,3,57,-3,77
2338860,59,16,3,74
2339370,74,43,-4,78
2339880,99,70,4,74
2340390,55,29,-4,78
2340900,76,90,-7,85
2341410,97,9,8,77
2341920,71,92,-3,80
2342430,92,11,2,78
2342940,40,21,-6,84
2343450,84,4,3,81
2343960,58,14,2,79
2344470,73,41,6,73
2344980,94,68,-1,74
2345490,50,27,-2,76
2346000,71,100,-5,81
2346510,92,19,7,74
2347020,66,46,-10,84
2347530,87,65,9,75
2348040,43,24,-5,80
2348550,64,7,5,75
2349060,79,34,-2,77
2349570,2,61,3,74
2350080,58,20,0,74
2350590,83,30,0,74
2351100,39,57,-9,83
2351610,60,24,7,76
2352120,85,51,-1,77
2352630,8,78,-6,83
2353140,64,37,9,74
2353650,85,64,-4,78
2354160,41,23,-2,80
2354670,62,92,-13,93
2355180,83,11,12,81
2355690,98,21,6,75
2356200,72,31,2,73
2356710,86,58,2,71
2357220,42,17,-6,77
2357730,63,0,-3,80
2358240,78,10,2,78
2358750,52,20,-3,81
2359260,73,30,3,78
2359770,98,57,5,73
2360280,54,84,-8,81
2360790,75,3,-1,82
2361300,90,13,2,80
2361810,64,23,11,69
2362320,89,97,-20,89
2362830,8,33,13,76
2363340,64,94,-10,86
2363850,85,13,4,82
2364360,59,46,1,81
2364870,80,65,10,71
2365380,101,24,-4,75
2365890,75,34,5,70
2366400,100,61,-1,71
2366910,56,88,-10,81
2367420,77,7,1,80
2367930,51,17,0,80
2368440,72,27,4,76
2368950,97,54,6,70
2369460,53,81,-15,85
2369970,74,48,6,79
2370480,88,58,-1,80
2370990,44,85,-6,86
2371500,65,44,14,72
2372010,86,63,-7,79
2372520,42,22,0,79
2373030,63,5,0,79
2373540,78,32,7,72
2374050,1,59,-5,77
2374560,57,18,1,76
2375070,72,45,5,71
2375580,28,72,-12,83
2376090,49,31,-2,85
2376600,70,14,2,83
2377110,85,41,8,75
2377620,41,68,-9,84
2378130,62,35,4,80
2378640,83,45,-4,84
2379150,6,31,8,76
2379660,62,60,-14,90
2380170,83,27,20,70
2380680,6,54,-8,78
2381190,62,13,4,74
2381700,77,40,0,74
2382210,91,40,-5,79
2382720,47,67,2,77
2383230,68,34,6,71
2383740,82,61,-5,76
2384250,38,98,-8,84
2384760,59,57,-3,87
2385270,80,40,15,72
2385780,36,67,-11,83
2386290,57,34,4,79
2386800,78,53,-2,81
2387310,99,12,4,77
2387820,73,22,2,75
2388330,88,49,3,72
2388840,44,76,-9,81
2389350,65,35,12,69
2389860,79,62,-5,74
2390370,100,99,1,73
2390880,19,34,-5,78
2391390,75,1,-13,91
2391900,90,31,13,78
2392410,46,58,-5,83
2392920,67,25,7,76
2393430,82,52,-1,77
2393940,96,79,5,72
2394450,15,38,-9,81
2394960,71,36,4,77
2395470,92,63,1,76
2395980,48,22,-6,82
2396490,9,5,7,75
2397000,65,44,-9,84
2397510,86,63,13,71
2398020,42,22,-10,81
2398530,63,5,6,75
2399040,78,15,-6,81
2399550,93,42,5,76
2400060,49,69,-9,85
2400570,70,36,8,77
2401080,91,63,5,72
2401590,47,22,-7,79
2402100,68,5,3,76
2402610,83,15,2,74
2403120,57,25,-3,77
2403630,78,35,3,74
2404140,1,62,-3,77
2404650,57,21,5,72
2405160,72,48,-5,77
2405670,93,7,-1,78
2406180,67,17,1,77
2406690,82,44,4,73
2407200,96,71,1,72
2407710,52,30,-12,84
2408220,73,4,2,82
2408730,88,14,4,78
2409240,62,24,0,78
2409750,83,51,5,73
2410260,39,78,-7,80
2410770,21,37,6,74
2411280,77,4,-8,82
2411790,51,14,10,72
2412300,66,24,-5,77
2412810,81,51,4,73
2413320,37,10,-12,85
2413830,58,95,-1,86
2414340,79,54,12,74
2414850,35,91,-7,81
2415360,56,50,1,80
2415870,77,17,5,75
2416380,51,44,-4,79
2416890,72,27,6,73
2417400,97,54,0,73
2417910,53,81,-11,84
2418420,74,40,9,75
2418930,88,101,-5,80
2419440,7,36,0,80
2419950,63,49,-2,82
2420460,84,68,8,74
2420970,40,27,-7,81
2421480,61,96,0,81
2421990,82,55,5,76
2422500,38,14,-11,87
2423010,59,99,8,79
2423520,80,58,-5,84
2424030,101,17,0,84
2424540,75,27,7,77
2425050,90,54,1,76
2425560,46,81,-9,85
2426070,67,40,10,75
2426580,23,50,0,75
2427090,79,17,0,75
2427600,53,27,-4,79
2428110,74,88,-4,83
2428620,95,47,5,78
2429130,51,74,-1,79
2429640,72,33,2,77
2430150,97,60,1,76
2430660,53,19,1,75
2431170,68,80,-6,81
2431680,89,39,10,71
2432190,45,66,-17,88
2432700,66,25,15,73
2433210,22,86,-3,76
2433720,78,45,-2,78
2434230,34,72,-4,82
2434740,55,31,4,78
2435250,76,92,-2,80
2435760,97,51,4,76
2436270,53,78,-5,81
2436780,74,37,4,77
2437290,95,64,3,74
2437800,51,23,-5,79
2438310,12,84,-1,80
2438820,68,43,-2,82
2439330,89,53,4,78
2439840,45,80,-7,85
2440350,66,39,4,81
2440860,87,49,3,78
2441370,43,76,-2,80
2441880,64,35,5,75
2442390,78,45,-1,76
2442900,34,55,-7,83
2443410,55,22,4,79
2443920,16,83,-2,81
2444430,72,42,2,79
2444940,86,52,9,70
2445450,42,79,-11,81
2445960,63,38,3,78
2446470,84,65,4,74
2446980,40,24,-10,84
2447490,61,93,3,81
2448000,82,52,6,75
2448510,38,79,-2,77
2449020,59,38,2,75
2449530,80,99,-7,82
2450040,101,34,10,72
2450550,57,61,-12,84
2451060,78,28,12,72
2451570,34,55,-11,83
2452080,55,22,10,73
2452590,70,83,-9,82
2453100,91,42,8,74
2453610,47,69,-5,79
2454120,68,28,4,75
2454630,83,55,0,75
2455140,39,14,-8,83
2455650,60,83,-4,87
2456160,81,42,14,73
2456670,37,69,-6,79
2457180,58,28,4,75
2457690,73,38,-4,79
2458200,87,65,5,74
2458710,43,24,-7,81
2459220,64,93,-2,83
2459730,85,12,9,74
2460240,59,22,-3,77
2460750,74,49,-4,81
2461260,88,86,-1,82
2461770,7,18,7,75
2462280,63,57,-9,84
2462790,84,24,8,76
2463300,40,51,-5,81
2463810,61,18,5,76
2464320,76,45,1,75
2464830,90,4,-7,82
2465340,64,14,5,77
2465850,79,41,-3,80
2466360,2,68,3,77
2466870,58,27,5,72
2467380,73,37,-3,75
2467890,87,98,-6,81
2468400,6,57,1,80
2468910,62,16,5,75
2469420,77,33,1,74
2469930,0,60,-5,79
2470440,56,19,2,77
2470950,70,80,-12,89
2471460,91,47,16,73
2471970,47,74,-10,83
2472480,68,33,12,71
2472990,24,94,-7,78
2473500,34,53,1,77
2474010,55,20,1,76
2474520,16,81,-10,86
2475030,72,40,17,69
2475540,28,101,-9,78
2476050,38,60,-5,83
2476560,59,27,11,72
2477070,84,54,-4,76
2477580,40,81,-5,81
2478090,61,40,8,73
2478600,82,101,-11,84
2479110,1,60,9,75
2479620,82,19,-2,77
2480130,56,29,0,77
2480640,70,39,1,76
2481150,84,66,0,76
2481660,40,25,-4,80
2482170,61,94,-1,81
2482680,50,53,-2,83
2483190,71,20,6,77
2483700,27,47,-7,84
2484210,48,14,4,80
2484720,63,24,1,79
2485230,78,34,6,73
2485740,34,61,-12,85
2486250,55,28,10,75
2486760,76,38,-1,76
2487270,32,65,-6,82
2487780,53,24,7,75
2488290,67,85,-7,82
2488800,88,44,12,70
2489310,44,71,-12,82
2489820,65,30,6,76
2490330,21,40,-4,80
2490840,77,7,0,80
2491350,51,17,8,72
2491860,12,44,-11,83
2492370,68,3,-1,84
2492880,83,13,5,79
2493390,57,23,0,79
2493900,72,33,4,75
2494410,97,60,-4,79
2494920,53,87,-2,81
2495430,74,46,10,71
2495940,30,73,-14,85
2496450,51,32,9,76
2496960,72,93,-7,83
2497470,93,52,11,72
2497980,49,79,-12,84
2498490,70,46,4,80
2499000,26,56,-7,87
2499510,47,23,7,80
2500020,61,62,0,80
2500530,82,29,2,78
2501040,38,56,-2,80
2501550,59,23,9,71
2502060,15,7,-13,84
2502570,71,76,5,79
2503080,92,43,7,72
2503590,48,70,-10,82
2504100,69,37,9,73
2504610,83,64,-4,77
2505120,39,23,-8,85
2505630,60,92,0,85
2506140,81,51,8,77
2506650,37,78,-6,83
2507160,58,37,5,78
2507670,79,47,4,74
2508180,35,74,-5,79
2508690,56,33,4,75
2509200,70,94,-8,83
2509710,91,53,10,73
2510220,47,80,-11,84
2510730,68,39,7,77
2511240,24,49,-2,79
2511750,80,16,1,78
2512260,36,26,1,77
2512770,57,95,-4,81
2513280,78,54,2,79
2513790,34,13,-1,80
2514300,90,82,1,79
2514810,46,41,-4,83
2515320,67,24,10,73
2515830,23,51,0,73
2516340,79,18,-1,74
2516850,35,45,-11,85
2517360,56,12,11,74
2517870,71,22,-2,76
2518380,93,49,2,74
2518890,49,76,-11,85
2519400,70,35,10,75
2519910,95,62,-3,78
2520420,51,21,2,76
2520930,7,31,0,76
2521440,63,92,-8,84
2521950,84,51,10,74
2522460,40,78,-9,83
2522970,61,37,5,78
2523480,17,47,-5,83
2523990,38,6,8,75
2524500,53,34,-1,76
2525010,74,95,-4,80
2525520,95,54,9,71
2526030,51,81,-12,83
2526540,72,40,9,74
2527050,86,101,-7,81
2527560,5,60,6,75
2528070,61,19,3,72
2528580,22,46,-13,85
2529090,78,13,2,83
2529600,93,42,3,80
2530110,49,69,-1,81
2530620,70,36,-1,82
2531130,84,97,2,80
2531640,3,56,3,77
2532150,59,15,2,75
2532660,74,42,-2,77
2533170,30,52,-4,81
2533680,51,19,1,80
2534190,7,80,-2,82
2534700,63,74,-2,84
2535210,84,41,9,75
2535720,40,68,-12,87
2536230,61,35,5,82
2536740,82,78,3,79
2537250,1,45,5,74
2537760,57,4,-5,79
2538270,72,14,1,78
2538780,87,24,-7,85
2539290,43,34,1,84
2539800,64,1,-3,87
2540310,79,11,12,75
2540820,12,51,-6,81
2541330,68,10,5,76
2541840,42,20,-12,88
2542350,63,89,6,82
2542860,84,48,7,75
2543370,40,75,-7,82
2543880,61,34,5,77
2544390,82,95,-15,92
2544900,1,54,17,75
2545410,57,13,-2,77
2545920,72,23,-5,82
2546430,97,50,12,70
2546940,53,77,-17,87
2547450,74,44,14,73
2547960,30,71,-9,82
2548470,86,30,1,81
2548980,42,57,2,79
2549490,63,24,3,76
2550000,24,51,-4,80
2550510,80,10,1,79
2551020,54,20,2,77
2551530,15,81,-6,83
2552040,71,40,8,75
2552550,27,101,-6,81
2553060,37,60,-1,82
2553570,58,27,4,78
2554080,19,54,-8,86
2554590,75,13,9,77
2555100,49,23,-6,83
2555610,10,43,4,79
2556120,66,2,-3,82
2556630,81,12,7,75
2557140,55,22,-1,76
2557650,16,83,-4,80
2558160,72,42,4,76
2558670,28,73,-4,80
2559180,49,32,0,80
2559690,70,101,-4,84
2560200,91,60,4,80
2560710,47,19,3,77
2561220,3,80,0,77
2561730,59,39,-3,80
2562240,80,100,2,78
2562750,101,59,4,74
2563260,57,86,-8,82
2563770,78,45,6,76
2564280,34,4,-10,86
2564790,90,29,13,73
2565300,46,56,-14,87
2565810,67,23,15,72
2566320,92,84,-9,81
2566830,48,43,-4,85
2567340,69,10,5,80
2567850,84,20,4,76
2568360,40,30,-5,81
2568870,61,99,-1,82
2569380,38,58,-1,83
2569890,59,25,9,74
2570400,84,86,-5,79
2570910,3,45,3,76
2571420,59,4,-5,81
2571930,88,14,5,76
2572440,62,24,-5,81
2572950,87,85,-1,82
2573460,6,20,9,73
2573970,62,17,-6,79
2574480,77,78,-5,84
2574990,98,45,6,78
2575500,54,72,-3,81
2576010,75,39,8,73
2576520,31,100,-7,80
2577030,36,59,4,76
2577540,57,26,-4,80
2578050,82,87,1,79
2578560,1,46,-3,82
2579070,57,5,3,79
2579580,72,15,-1,80
2580090,87,25,3,77
2580600,43,35,-7,84
2581110,64,2,2,82
2581620,79,12,1,81
2582130,53,22,3,78
2582640,74,83,-4,82
2583150,95,42,8,74
2583660,51,69,-12,86
2584170,72,36,13,73
2584680,28,63,-12,85
2585190,49,22,4,81
2585700,10,91,1,80
2586210,66,50,6,74
2586720,87,9,-8,82
2587230,61,19,7,75
2587740,22,46,-1,76
2588250,78,13,0,76
2588760,52,23,-5,81
2589270,13,84,0,81
2589780,69,43,0,81
2590290,94,80,3,78
2590800,28,39,-7,85
2591310,49,6,7,78
2591820,64,16,5,73
2592330,79,43,-2,75
2592840,35,2,-8,83
2593350,36,71,3,80
2593860,57,30,7,73
2594370,82,50,-1,74
2594880,38,77,-7,81
2595390,59,36,1,80
2595900,80,97,-5,85
2596410,101,32,5,80
2596920,57,42,3,77
2597430,78,9,-3,80
2597940,52,46,1,79
2598450,73,13,-1,80
2598960,88,23,7,73
2599470,44,33,-14,87
2599980,65,0,5,82
2600490,80,10,5,77
2601000,54,20,-2,79
2601510,10,81,0,79
2602020,66,40,-2,81
2602530,27,101,4,77
2603040,37,60,-9,86
2603550,58,27,11,75
2604060,83,88,-9,84
2604570,2,23,8,76
2605080,58,20,-2,78
2605590,19,81,-1,79
2606100,75,40,4,75
2606610,100,67,-1,76
2607120,56,94,-6,82
2607630,77,53,2,80
2608140,33,12,-1,81
2608650,96,81,2,79
2609160,52,16,7,72
2609670,13,43,-8,80
2610180,69,2,1,79
2610690,84,12,1,78
2611200,58,22,4,74
2611710,19,83,-5,79
2612220,75,42,6,73
2612730,31,69,-5,78
2613240,52,28,3,75
2613750,13,77,-3,78
2614260,69,36,0,78
2614770,25,97,-1,79
2615280,35,56,-7,86
2615790,56,23,14,72
2616300,17,50,1,71
2616810,73,9,-12,83
2617320,88,19,4,79
2617830,62,56,-1,80
2618340,83,23,8,72
2618850,39,50,-17,89
2619360,60,17,11,78
2619870,21,27,8,70
2620380,77,96,-14,84
2620890,98,31,11,73
2621400,54,58,-14,87
2621910,75,25,15,72
2622420,31,52,-8,80
2622930,52,19,1,79
2623440,13,80,-1,80
2623950,69,39,5,75
2624460,25,28,-6,81
2624970,46,97,-1,82
2625480,67,56,0,82
2625990,88,23,7,75
2626500,62,33,-1,76
2627010,76,94,-9,85
2627520,97,29,9,76
2628030,53,56,-4,80
2628540,74,23,-2,82
2629050,30,50,1,81
2629560,51,17,-3,84
2630070,12,62,3,81
2630580,68,21,3,78
2631090,83,48,1,77
2631600,39,37,-4,81
2632110,60,4,4,77
2632620,75,14,-5,82
2633130,90,24,5,77
2633640,64,34,4,73
2634150,78,95,-13,86
2634660,99,54,14,72
2635170,55,43,-11,83
2635680,76,10,3,80
2636190,91,20,5,75
2636700,65,30,0,75
2637210,21,91,-9,84
2637720,31,50,2,82
2638230,52,17,1,81
2638740,73,78,-6,87
2639250,94,45,13,74
2639760,50,72,-6,80
2640270,71,39,2,78
2640780,85,28,-5,83
2641290,8,30,-1,84
2641800,64,27,4,80
2642310,25,88,-7,87
2642820,35,47,9,78
2643330,56,14,-2,80
2643840,71,24,3,77
2644350,96,51,3,74
2644860,52,40,-7,81
2645370,73,7,-1,82
2645880,88,2,6,76
2646390,62,12,-3,79
2646900,77,22,2,77
2647410,92,49,8,69
2647920,48,38,-20,89
2648430,69,5,9,80
2648940,84,72,4,76
2649450,40,31,-8,84
2649960,61,100,-1,85
2650470,82,59,12,73
2650980,38,18,-8,81
2651490,59,87,-4,85
2652000,80,46,11,74
2652510,94,5,-8,82
2653020,68,15,4,78
2653530,83,25,8,70
2654040,39,52,-12,82
2654550,60,19,2,80
2655060,75,46,-1,81
2655570,89,83,0,81
2656080,8,42,4,77
2656590,64,1,-5,82
2657100,79,11,7,75
2657610,53,21,-6,81
2658120,14,82,-2,83
2658630,70,41,8,75
2659140,26,0,-1,76
2659650,82,69,-4,80
2660160,1,28,8,72
2660670,57,15,-3,75
2661180,72,42,1,74
2661690,86,79,-5,79
2662200,5,38,-5,84
2662710,61,35,6,78
2663220,66,15,-2,80
2663730,81,25,7,73
2664240,37,35,-9,82
2664750,58,2,3,79
2665260,11,12,0,79
2665770,67,81,-4,83
2666280,88,16,9,74
2666790,62,26,-6,80
2667300,67,53,3,77
2667810,88,12,1,76
2668320,62,22,-2,78
2668830,23,83,-2,80
2669340,79,42,6,74
2669850,35,69,-9,83
2670360,56,28,5,78
2670870,77,77,-6,84
2671380,98,44,8,76
2671890,54,71,-12,88
2672400,75,38,14,74
2672910,80,27,-1,75
2673420,36,54,-10,85
2673930,57,21,10,75
2674440,62,82,-4,79
2674950,83,41,8,71
2675460,39,30,-8,79
2675970,60,99,-6,85
2676480,81,58,5,80
2676990,37,17,-2,82
2677500,58,15,3,79
2678010,73,25,2,77
2678520,29,86,-6,83
2679030,50,45,-1,84
2679540,71,28,6,78
2680050,76,89,-7,85
2680560,97,24,7,78
2681070,71,34,9,69
2681580,27,44,-9,78
2682090,48,11,1,77
2682600,9,21,2,75
2683110,65,18,1,74
2683620,80,28,1,73
2684130,36,55,-9,82
2684640,57,22,3,79
2685150,78,32,3,76
2685660,34,59,-3,79
2686170,55,18,2,77
2686680,60,28,0,77
2687190,65,77,-1,78
2687700,86,36,1,77
2688210,10,63,-1,78
2688720,66,22,2,76
2689230,23,38,-2,78
2689740,44,5,-3,81
2690250,59,5,-1,82
2690760,74,15,5,77
2691270,89,25,-5,82
2691780,45,35,-1,83
2692290,66,2,5,78
2692800,40,12,-2,80
2693310,96,81,2,78
2693820,70,40,2,76
2694330,75,50,1,75
2694840,36,60,-9,84
2695350,57,27,12,72
2695860,62,99,-12,84
2696370,83,58,9,75
2696880,39,17,-4,79
2697390,60,86,-2,81
2697900,81,45,5,76
2698410,86,34,-6,82
2698920,9,61,0,82
2699430,65,20,9,73
2699940,80,30,-1,74
2700450,36,57,-10,84
2700960,57,24,8,76
2701470,62,73,-7,83
2701980,83,40,10,73
2702490,88,50,5,68
2703000,44,39,-15,83
2703510,65,6,2,81
2704020,80,16,8,73
2704530,54,26,-3,76
2705040,59,36,0,76
2705550,64,46,-1,77
2706060,85,13,-3,80
2706570,73,23,7,73
2707080,88,33,-5,78
2707590,44,60,-4,82
2708100,65,27,8,74
2708610,70,37,-2,76
2709120,75,47,5,71
2709630,31,6,-11,82
2710140,87,75,4,78
2710650,6,34,-6,84
2711160,62,93,3,81
2711670,83,52,7,74
2712180,39,62,-6,80
2712690,60,29,-1,81
2713200,65,39,2,79
2713710,86,49,5,74
2714220,42,38,-11,85
2714730,63,5,6,79
2715240,78,15,2,77
2715750,93,25,-1,78
2716260,67,35,1,77
2716770,72,45,6,71
2717280,77,4,-7,78
2717790,51,14,3,75
2718300,66,24,-3,78
2718810,71,51,3,75
2719320,92,10,2,73
2719830,10,20,-2,75
2720340,66,17,-4,79
2720850,81,27,7,72
2721360,4,37,-3,75
2721870,60,98,-7,82
2722380,68,24,9,73
2722890,73,34,0,73
2723400,78,42,-1,74
2723910,34,52,-5,79
2724420,55,19,5,74
2724930,60,29,-2,76
2725440,65,39,-4,80
2725950,86,49,9,71
2726460,42,38,-8,79
2726970,63,5,-3,82
2727480,78,15,5,77
2727990,93,25,-3,80
2728500,67,35,6,74
2729010,72,45,-3,77
2729520,77,55,3,74
2730030,98,14,-1,75
2730540,72,24,-6,81
2731050,87,34,7,74
2731560,10,23,-6,80
2732070,66,20,3,77
2732580,81,30,1,76
2733090,4,40,1,75
2733600,60,101,-5,80
2734110,81,60,3,77
2734620,42,19,1,76
2735130,63,88,-2,78
2735640,84,47,5,73
2736150,89,36,-3,76
2736660,45,25,-6,82
2737170,66,94,-4,86
2737680,87,57,8,78
2738190,43,16,-6,84
2738700,64,85,-4,88
2739210,85,44,11,77
2739720,41,33,-7,84
2740230,62,0,1,83
2740740,77,10,11,72
2741250,51,20,-7,79
2741760,72,30,1,78
2742270,77,40,4,74
2742780,82,50,-1,75
2743290,87,37,-12,87
2743800,10,64,4,83
2744310,66,23,10,73
2744820,81,33,-3,76
2745330,4,60,4,72
2745840,60,19,-4,76
2746350,75,29,3,73
2746860,100,39,-6,79
2747370,56,28,2,77
2747880,61,77,-7,84
2748390,82,44,9,75
2748900,87,33,-3,78
2749410,43,43,-4,82
2749920,64,10,5,77
2750430,79,20,0,77
2750940,35,30,0,77
2751450,56,99,-6,83
2751960,77,58,5,78
2752470,98,17,-4,82
2752980,72,27,8,74
2753490,97,54,-6,80
2754000,53,43,-5,85
2754510,74,10,9,76
2755020,89,20,0,76
2755530,2,30,-4,80
2756040,58,27,1,79
2756550,63,37,2,77
2757060,84,47,1,76
2757570,40,57,-6,82
2758080,61,24,2,80
2758590,76,34,7,73
2759100,81,44,2,71
2759610,86,33,-6,77
2760120,9,60,2,75
2760630,65,19,3,72
2761140,80,46,-2,74
2761650,85,56,-3,77
2762160,41,15,-5,82
2762670,62,84,4,78
2763180,83,43,3,75
2763690,88,53,1,74
2764200,74,63,-9,83
2764710,95,30,7,76
2765220,51,40,-2,78
2765730,72,7,-3,81
2766240,87,17,1,80
2766750,61,27,8,72
2767260,86,37,-3,75
2767770,42,47,-5,80
2768280,63,14,1,79
2768790,78,24,7,72
2769300,1,51,-7,79
2769810,57,10,0,79
2770320,72,20,0,79
2770830,87,30,8,71
2771340,43,40,-10,81
2771850,64,7,1,80
2772360,79,17,4,76
2772870,94,27,-10,86
2773380,50,37,-8,94
2773890,71,4,16,78
2774400,86,14,3,75
2774910,60,24,-1,76
2775420,85,51,4,72
2775930,8,10,-2,74
2776440,64,79,-6,80
2776950,85,46,8,72
2777460,41,35,-6,78
2777970,62,2,1,77
2778480,77,12,-2,79
2778990,92,22,4,75
2779500,48,32,-8,83
2780010,69,101,2,81
2780520,90,60,4,77
2781030,46,97,-6,83
2781540,67,56,9,74
2782050,88,23,-5,79
2782560,11,33,-2,81
2783070,67,40,1,80
2783580,92,50,5,75
2784090,48,39,-8,83
2784600,69,6,1,82
2785110,84,16,6,76
2785620,58,26,3,73
2786130,83,36,3,70
2786640,6,63,-10,80
2787150,62,22,5,75
2787660,87,32,-2,77
2788170,10,42,-6,83
2788680,66,1,3,80
2789190,81,11,3,77
2789700,96,21,0,77
2790210,70,31,0,77
2790720,95,41,5,72
2791230,51,30,-6,78
2791740,72,13,-5,83
2792250,87,23,5,78
2792760,43,33,-3,81
2793270,64,0,2,79
2793780,79,10,1,78
2794290,94,20,2,76
2794800,68,30,-2,78
2795310,93,57,2,76
2795820,49,16,-1,77
2796330,64,26,2,75
2796840,89,36,-2,77
2797350,12,46,2,75
2797860,68,5,-5,80
2798370,34,15,-5,85
2798880,55,84,1,84
2799390,76,43,9,75
2799900,101,70,-3,78
2800410,57,29,1,77
2800920,82,39,4,73
2801430,38,66,-9,82
2801940,59,25,5,77
2802450,84,35,-1,78
2802960,7,62,-4,82
2803470,14,21,3,79
2803980,70,28,3,76
2804490,25,38,-1,77
2805000,47,5,-7,84
2805510,69,15,12,72
2806020,84,25,-4,76
2806530,7,35,0,76
2807040,63,96,-2,78
2807550,84,55,3,75
2808060,40,65,-8,83
2808570,61,32,7,76
2809080,86,42,3,73
2809590,9,31,0,73
2810100,65,18,-3,76
2810610,90,28,5,71
2811120,46,38,-14,85
2811630,67,5,7,78
2812140,82,15,-1,79
2812650,97,25,7,72
2813160,53,35,-8,80
2813670,74,54,3,77
2814180,30,64,-7,84
2814690,68,23,12,72
2815200,93,50,2,70
2815710,49,39,-12,82
2816220,70,22,7,75
2816730,95,32,0,75
2817240,51,42,-5,80
2817750,72,25,5,75
2818260,97,52,-2,77
2818770,53,41,-8,85
2819280,74,8,3,82
2819790,89,18,4,78
2820300,45,28,-3,81
2820810,66,97,1,80
2821320,87,56,0,80
2821830,43,66,1,79
2822340,64,25,6,73
2822850,89,35,1,72
2823360,45,62,-8,80
2823870,66,29,5,75
2824380,91,39,-1,76
2824890,47,66,-8,84
2825400,68,33,9,75
2825910,93,43,0,75
2826420,49,32,-5,80
2826930,70,101,0,80
2827440,91,20,2,78
2827950,65,30,7,71
2828460,90,40,3,68
2828970,46,29,-15,83
2829480,67,12,1,82
2829990,82,22,1,81
2830500,38,32,3,78
2831010,59,101,-3,81
2831520,80,60,4,77
2832030,3,19,-6,83
2832540,24,16,5,78
2833050,80,85,-6,84
2833560,101,36,17,67
2834070,57,25,-7,74
2834580,82,35,3,71
2835090,5,62,-6,77
2835600,61,21,-2,79
2836110,86,31,2,77
2836620,9,41,1,76
2837130,65,0,-8,84
2837640,80,10,5,79
2838150,95,20,1,78
2838660,69,30,9,69
2839170,94,32,-11,80
2839680,17,42,0,80
2840190,38,9,4,76
2840700,46,34,-4,80
2841210,67,17,5,75
2841720,82,27,0,75
2842230,5,54,-3,78
2842740,61,13,2,76
2843250,76,23,5,71
2843760,101,50,1,70
2844270,57,39,-7,77
2844780,78,22,3,74
2845290,1,32,-8,82
2845800,57,93,3,79
2846310,78,52,3,76
2846820,1,62,2,74
2847330,57,21,0,74
2847840,82,34,4,70
2848350,5,61,-6,76
2848860,61,20,1,75
2849370,86,30,6,69
2849880,42,57,-11,80
2850390,63,24,6,74
2850900,88,51,-1,75
2851410,11,40,-5,80
2851920,67,101,1,79
2852430,64,60,-3,82
2852940,85,43,9,73
2853450,41,70,-3,76
2853960,62,29,-4,80
2854470,87,31,0,80
2854980,10,58,1,79
2855490,20,17,-2,81
2856000,76,86,4,77
2856510,97,5,-6,83
2857020,71,35,12,71
2857530,96,62,-2,73
2858040,52,89,-9,82
2858550,73,48,9,73
2859060,98,58,-2,75
2859570,54,85,-10,85
2860080,75,44,12,73
2860590,100,54,-4,77
2861100,56,43,-2,79
2861610,77,26,5,74
2862120,0,53,2,72
2862630,56,12,-4,76
2863140,71,39,4,72
2863650,96,49,-4,76
2864160,19,38,1,75
2864670,40,5,-6,81
2865180,55,30,5,76
2865690,80,13,-3,79
2866200,95,23,-2,81
2866710,51,33,3,78
2867220,72,16,-2,80
2867730,87,43,6,74
2868240,43,70,-7,81
2868750,64,29,4,77
2869260,89,56,0,77
2869770,45,75,-4,81
2870280,66,34,6,75
2870790,91,36,1,74
2871300,47,63,-7,81
2871810,68,30,6,75
2872320,93,32,3,72
2872830,49,59,-10,82
2873340,61,26,3,79
2873850,86,28,3,76
2874360,9,30,0,76
2874870,65,17,1,75
2875380,80,44,4,71
2875890,3,33,-6,77
2876400,59,94,-4,81
2876910,80,53,6,75
2877420,36,55,-4,79
2877930,57,22,3,76
2878440,82,24,3,73
2878950,5,51,-7,80
2879460,61,10,6,74
2879970,76,20,-4,78
2880480,91,47,9,69
2880990,47,36,-14,83
2881500,68,19,14,69
2882010,93,46,-10,79
2882520,16,70,2,77
2883030,26,29,-1,78
2883540,47,98,0,78
2884050,68,57,0,78
2884560,89,24,1,77
2885070,45,26,-8,85
2885580,70,9,4,81
2886090,85,19,4,77
2886600,41,29,-2,79
2887110,62,12,1,78
2887620,77,39,2,76
2888130,0,66,4,72
2888640,56,25,-5,77
2889150,81,27,1,76
2889660,4,54,-1,77
2890170,14,13,-1,78
2890680,70,82,-5,83
2891190,91,1,-1,84
2891700,65,31,6,78
2892210,90,33,-3,81
2892720,13,60,6,75
2893230,69,19,-4,79
2893740,94,46,9,70
2894250,50,73,-11,81
2894760,71,32,11,70
2895270,96,59,-7,77
2895780,52,86,0,77
2896290,73,45,2,75
2896800,98,55,-12,87
2897310,54,82,10,77
2897820,75,41,3,74
2898330,100,43,-1,75
2898840,56,70,-1,76
2899350,77,37,6,70
2899860,33,64,-9,79
2900370,54,31,-1,80
2900880,79,14,3,77
2901390,94,24,-4,81
2901900,50,34,2,79
2902410,71,17,5,74
2902920,86,44,-1,75
2903430,42,71,-5,80
2903940,63,30,6,74
2904450,88,32,3,71
2904960,44,59,-12,83
2905470,65,26,8,75
2905980,90,53,1,74
2906490,46,80,-12,86
2907000,67,39,9,77
2907510,92,49,7,70
2908020,48,76,-15,85
2908530,69,43,6,79
2909040,94,53,5,74
2909550,50,80,-7,81
2910060,71,39,6,75
2910570,96,41,0,75
2911080,52,68,-7,82
2911590,73,35,9,73
2912100,98,62,-4,77
2912610,54,89,-10,87
2913120,75,48,11,76
2913630,31,58,-6,82
2914140,52,25,0,82
2914650,77,8,5,77
2915160,92,18,3,74
2915670,66,28,-4,78
2916180,91,55,3,75
2916690,47,82,-12,87
2917200,68,41,10,77
2917710,93,51,-2,79
2918220,49,78,-6,85
2918730,70,45,8,77
2919240,95,55,8,69
2919750,51,82,-10,79
2920260,72,41,6,73
2920770,97,51,0,73
2921280,53,78,-13,86
2921790,74,45,11,75
2922300,99,72,-1,76
2922810,55,99,-10,86
2923320,76,58,13,73
2923830,101,85,-6,79
2924340,57,10,1,78
2924850,72,20,4,74
2925360,97,47,1,73
2925870,53,74,-7,80
2926380,74,33,1,79
2926890,99,60,7,72
2927400,55,87,-14,86
2927910,76,46,8,78
2928420,32,73,-3,81
2928930,53,40,-1,82
2929440,74,23,2,80
2929950,99,50,1,79
2930460,55,77,3,76
2930970,18,36,-9,85
2931480,47,3,3,82
2931990,62,13,7,75
2932500,77,40,0,75
2933010,33,50,-5,80
2933520,54,17,-1,81
2934030,69,27,3,78
2934540,94,54,-4,82
2935050,50,81,2,80
2935560,71,40,10,70
2936070,96,29,-9,79
2936580,52,56,0,79
2937090,73,23,0,79
2937600,98,50,8,71
2938110,54,42,-10,81
2938620,75,25,-1,82
2939130,100,52,9,73
2939640,56,79,-12,85
2940150,77,38,14,71
2940660,0,65,-6,77
2941170,56,24,2,75
2941680,81,51,2,73
2942190,37,78,-6,79
2942700,58,37,6,73
2943210,83,47,0,73
2943720,39,74,-3,76
2944230,60,33,-1,77
2944740,85,43,8,69
2945250,41,70,-17,86
2945760,62,37,8,78
2946270,87,47,-2,80
2946780,43,74,-2,82
2947290,64,41,2,80
2947800,89,24,0,80
2948310,45,34,-3,83
2948820,66,100,4,79
2949330,87,59,1,78
2949840,43,86,-4,82
2950350,64,45,4,78
2950860,85,28,0,78
2951370,8,55,-1,79
2951880,64,14,4,75
2952390,79,24,2,73
2952900,35,51,-4,77
2953410,56,18,3,74
2953920,71,45,-2,76
2954430,96,55,-1,77
2954940,52,82,-3,80
2955450,73,41,-2,82
2955960,98,51,6,76
2956470,54,24,3,73
2956980,79,34,-1,74
2957490,2,61,0,74
2958000,58,20,-1,75
2958510,83,30,-2,77
2959020,39,57,-6,83
2959530,60,24,8,75
2960040,85,51,3,72
2960550,41,78,-8,80
2961060,62,37,4,76
2961570,87,13,0,76
2962080,0,23,-2,78
2962590,56,20,8,70
2963100,81,30,-8,78
2963610,4,57,1,77
2964120,60,16,-1,78
2964630,75,95,-3,81
2965140,96,14,3,78
2965650,70,24,4,74
2966160,95,51,3,71
2966670,51,78,-7,78
2967180,72,37,5,73
2967690,97,47,1,72
2968200,53,74,-9,81
2968710,74,41,7,74
2969220,30,51,-6,80
2969730,51,18,1,79
2970240,70,28,6,73
2970750,95,55,-2,75
2971260,51,82,-6,81
2971770,72,41,-1,82
2972280,97,51,10,72
2972790,53,78,-17,89
2973300,74,45,14,75
2973810,99,55,0,75
2974320,55,82,-4,79
2974830,76,41,8,71
2975340,101,51,-11,82
2975850,57,78,0,82
2976360,78,37,6,76
2976870,1,64,3,73
2977380,57,23,-6,79
2977890,82,33,8,71
2978400,38,60,-8,79
2978910,59,27,3,76
2979420,84,37,4,72
2979930,7,64,-11,83
2980440,63,23,5,78
2980950,88,33,4,74
2981460,11,60,-3,77
2981970,67,19,1,76
2982480,82,46,-2,78
2982990,5,56,0,78
2983500,61,15,2,76
2984010,76,25,2,74
2984520,101,52,-2,76
2985030,57,79,-4,80
2985540,78,38,7,73
2986050,1,65,3,70
2986560,57,24,-7,77
2987070,82,34,3,74
2987580,5,61,-2,76
2988090,61,20,3,73
2988600,86,47,-2,75
2989110,42,74,-9,84
2989620,63,33,9,75
2990130,88,43,-2,77
2990640,11,70,1,76
2991150,67,29,-1,77
2991660,92,56,5,72
2992170,48,83,-15,87
2992680,69,42,7,80
2993190,94,52,9,71
2993700,50,34,-7,78
2994210,71,17,5,73
2994720,86,44,1,72
2995230,9,71,-7,79
2995740,19,30,6,73
2996250,75,99,-8,81
2996760,96,18,5,76
2997270,70,28,-3,79
2997780,95,38,-1,80
2998290,51,78,-10,90
2998800,72,37,18,72
2999310,97,64,0,72
2999820,53,91,-9,81
3000330,69,50,-3,84
3000840,12,33,-2,86
3001350,68,20,11,75
3001860,93,47,-3,78
3002370,49,74,-1,79
3002880,70,33,0,79
3003390,95,60,4,75
3003900,51,87,-6,81
3004410,72,46,3,78
3004920,97,56,3,75
3005430,53,83,-3,78
3005940,74,42,3,75
3006450,99,69,-2,77
3006960,55,28,-6,83
3007470,80,11,8,75
3007980,54,21,-6,81
3008490,15,4,-1,82
3009000,71,73,1,81
3009510,92,40,3,78
3010020,48,67,-3,81
3010530,69,34,8,73
3011040,94,61,-1,74
3011550,50,88,-4,78
3012060,71,47,-3,81
3012570,92,57,7,74
3013080,48,84,-12,86
3013590,69,43,12,74
3014100,30,53,-6,80
3014610,51,20,2,78
3015120,66,30,6,72
3015630,91,57,-4,76
3016140,47,84,-2,78
3016650,68,43,5,73
3017160,29,53,-10,83
3017670,50,20,8,75
3018180,65,30,1,74
3018690,90,32,-2,76
3019200,46,59,-14,90
3019710,67,26,15,75
3020220,92,53,-3,78
3020730,48,80,-3,81
3021240,69,39,4,77
3021750,94,49,2,75
3022260,50,76,-6,81
3022770,71,35,0,81
3023280,96,37,6,75
3023790,52,64,-10,85
3024300,73,47,7,78
3024810,76,57,1,77
3025320,97,16,8,69
3025830,71,26,-9,78
3026340,96,53,4,74
3026850,52,80,-8,82
3027360,73,39,3,79
3027870,98,66,3,76
3028380,54,93,-3,79
3028890,75,52,5,74
3029400,31,62,-10,84
3029910,20,21,6,78
3030420,76,4,1,77
3030930,91,29,2,75
3031440,47,29,-6,81
3031950,68,12,6,75
3032460,83,22,-7,82
3032970,39,49,-1,83
3033480,60,16,11,72
3033990,75,43,-5,77
3034500,100,70,0,77
3035010,56,97,-7,84
3035520,77,56,7,77
3036030,38,15,-3,80
3036540,53,100,2,78
3037050,74,59,-1,79
3037560,95,18,-2,81
3038070,8,28,5,76
3038580,64,46,-5,81
3039090,85,29,6,75
3039600,41,56,-14,89
3040110,62,23,16,73
3040620,77,50,-6,79
3041130,33,60,-10,89
3041640,54,27,9,80
3042150,69,54,-2,82
3042660,90,37,12,70
3043170,46,64,-13,83
3043680,67,31,3,80
3044190,92,33,-1,81
3044700,48,60,0,81
3045210,69,27,8,73
3045720,94,54,0,73
3046230,50,81,-8,81
3046740,71,40,8,73
3047250,96,50,1,72
3047760,52,77,-8,80
3048270,73,36,7,73
3048780,29,63,-7,80
3049290,50,60,-2,82
3049800,71,90,0,82
3050310,92,49,9,73
3050820,48,76,-9,82
3051330,69,35,-1,83
3051840,94,37,16,67
3052350,50,64,-19,86
3052860,71,31,14,72
3053370,96,58,0,72
3053880,52,85,-10,82
3054390,73,44,9,73
3054900,29,45,-8,81
3055410,50,12,-1,82
3055920,65,54,-7,89
3056430,86,37,13,76
3056940,42,64,-9,85
3057450,63,31,11,74
3057960,88,92,-4,78
3058470,48,51,-8,86
3058980,69,34,13,73
3059490,94,36,-9,82
3060000,50,38,4,78
3060510,71,17,6,72
3061020,86,44,-5,77
3061530,42,71,-6,83
3062040,63,30,3,80
3062550,88,91,-3,83
3063060,7,50,4,79
3063570,63,9,2,77
3064080,78,36,4,73
3064590,1,63,-4,77
3065100,57,22,2,75
3065610,72,42,1,74
3066120,97,1,-6,80
3066630,71,26,11,69
3067140,86,53,-4,73
3067650,42,12,-4,77
3068160,43,97,0,77
3068670,64,56,1,76
3069180,85,15,-5,81
3069690,100,40,2,79
3070200,56,67,-4,83
3070710,77,34,6,77
3071220,33,61,-5,82
3071730,54,20,7,75
3072240,69,81,-12,87
3072750,90,40,16,71
3073260,46,67,-11,82
3073770,67,26,10,72
3074280,82,53,-1,73
3074790,38,12,-8,81
3075300,39,97,4,77
3075810,60,56,-4,81
3076320,81,39,5,76
3076830,4,66,5,71
3077340,60,25,3,68
3077850,75,52,-12,80
3078360,96,53,3,77
3078870,52,38,-5,82
3079380,73,21,11,71
3079890,88,48,3,68
3080400,44,37,-17,85
3080910,65,20,12,73
3081420,80,81,-7,80
3081930,101,40,6,74
3082440,57,67,-10,84
3082950,78,34,13,71
3083460,34,61,-13,84
3083970,55,20,6,78
3084480,70,81,-2,80
3084990,91,40,10,70
3085500,47,67,-13,83
3086010,68,34,7,76
3086520,93,36,-2,78
3087030,49,38,-5,83
3087540,70,21,11,72
3088050,85,48,-4,76
3088560,100,75,4,72
3089070,56,34,-5,77
3089580,81,17,-6,83
3090090,96,90,7,76
3090600,15,49,-1,77
3091110,71,8,0,77
3091620,86,33,0,77
3092130,42,60,-3,80
3092640,63,27,7,73
3093150,78,54,-7,80
3093660,39,55,-2,82
3094170,35,22,-5,87
3094680,56,91,6,81
3095190,77,50,2,79
3095700,38,9,-3,82
3096210,39,94,-2,84
3096720,60,53,3,81
3097230,81,36,9,72
3097740,37,63,-7,79
3098250,58,30,-1,80
3098760,83,50,5,75
3099270,39,77,-8,83
3099780,60,36,9,74
3100290,21,97,-8,82
3100800,31,56,1,81
3101310,52,23,3,78
3101820,67,43,-1,79
3102330,28,53,-4,83
3102840,49,20,3,80
3103350,64,40,6,74
3103860,25,29,-3,77
3104370,46,98,-6,83
3104880,67,57,0,83
3105390,88,40,12,71
3105900,44,67,-11,82
3106410,65,34,5,77
3106920,90,36,6,71
3107430,46,63,-11,82
3107940,67,22,9,73
3108450,82,49,-6,79
3108960,43,76,-4,83
3109470,64,35,6,77
3109980,89,55,6,71
3110490,45,82,-10,81
3111000,66,41,8,73
3111510,27,0,-13,86
3112020,83,25,14,72
3112530,98,52,-3,75
3113040,54,79,-5,80
3113550,75,38,7,73
3114060,31,65,-9,82
3114570,52,32,1,81
3115080,73,15,11,70
3115590,47,25,-1,71
3116100,8,45,-8,79
3116610,101,4,0,79
3117120,75,34,2,77
3117630,90,61,3,74
3118140,46,20,-7,81
3118650,61,3,4,77
3119160,76,13,-1,78
3119670,91,40,-3,81
3120180,47,67,0,81
3120690,68,26,8,73
3121200,83,53,0,73
3121710,39,80,-7,80
3122220,60,39,0,80
3122730,81,100,0,80
3123240,0,59,1,79
3123750,56,18,5,74
3124260,71,79,-6,80
3124770,92,38,8,72
3125280,48,65,-9,81
3125790,69,32,4,77
3126300,84,59,3,74
3126810,40,18,-4,78
3127320,55,1,-6,84
3127830,70,11,7,77
3128340,85,21,-3,80
3128850,100,31,9,71
3129360,56,58,-15,86
3129870,77,25,10,76
3130380,92,52,-5,81
3130890,48,79,-5,86
3131400,69,38,9,77
3131910,94,40,-4,81
3132420,50,67,-6,87
3132930,71,34,10,77
3133440,86,61,0,77
3133950,42,20,-9,86
3134460,43,89,7,79
3134970,64,48,4,75
3135480,85,7,-7,82
3135990,59,32,8,74
3136500,84,59,1,73
3137010,40,18,-7,80
3137520,41,87,-3,83
3138030,62,46,3,80
3138540,83,13,7,73
3139050,57,23,-5,78
3139560,72,84,-3,81
3140070,93,43,8,73
3140580,49,70,-9,82
3141090,70,37,9,73
3141600,95,64,0,73
3142110,51,23,-3,76
3142620,66,50,1,75
3143130,87,9,-2,77
3143640,61,19,5,72
3144150,76,46,0,72
3144660,32,73,-4,76
3145170,53,32,-9,85
3145680,74,15,3,82
3146190,89,25,7,75
3146700,45,35,-2,77
3147210,66,2,0,77
3147720,81,12,-8,85
3148230,96,22,11,74
3148740,52,49,-14,88
3149250,73,16,12,76
3149760,88,26,3,73
3150270,44,53,-14,87
3150780,65,20,9,78
3151290,80,47,2,76
3151800,36,74,-4,80
3152310,57,33,8,72
3152820,82,94,-13,85
3153330,1,53,8,77
3153840,57,12,-2,79
3154350,72,22,5,74
3154860,28,49,-6,80
3155370,49,16,4,76
3155880,64,77,-11,87
3156390,85,44,14,73
3156900,41,71,-8,81
3157410,62,30,5,76
3157920,77,32,1,75
3158430,0,59,-2,77
3158940,56,18,0,77
3159450,71,20,6,71
3159960,86,47,-1,72
3160470,42,74,-12,84
3160980,63,33,10,74
3161490,88,35,-3,77
3162000,20,62,-3,80
3162510,30,21,-1,81
3163020,51,90,-2,83
3163530,72,49,4,79
3164040,33,8,-3,82
3164550,92,77,-2,84
3165060,53,36,6,78
3165570,74,19,8,70
3166080,83,46,-2,72
3166590,39,94,-13,85
3167100,60,53,8,77
3167610,81,20,2,75
3168120,37,30,-7,82
3168630,58,99,0,82
3169140,79,58,5,77
3169650,35,17,-1,78
3170160,94,86,-1,79
3170670,50,45,-6,85
3171180,71,12,1,84
3171690,86,39,12,72
3172200,42,66,-12,84
3172710,63,33,8,76
3173220,88,60,7,69
3173730,44,19,-14,83
3174240,59,88,2,81
3174750,80,47,5,76
3175260,36,74,-2,78
3175770,57,33,0,78
3176280,82,43,-1,79
3176790,5,70,0,79
3177300,61,29,2,77
3177810,86,31,1,76
3178320,42,58,-8,84
3178830,63,25,13,71
3179340,88,52,-1,72
3179850,44,79,-12,84
3180360,65,38,10,74
3180870,90,65,2,72
3181380,46,24,-7,79
3181890,6,7,3,76
3182400,62,76,-5,81
3182910,83,35,10,71
3183420,39,62,-8,79
3183930,60,29,7,72
3184440,85,31,-1,73
3184950,41,23,-12,85
3185460,56,92,3,82
3185970,77,51,10,72
3186480,33,78,-8,80
3186990,54,37,7,73
3187500,75,98,-9,82
3188010,96,57,14,68
3188520,52,84,-8,76
3189030,73,43,2,74
3189540,98,53,1,73
3190050,54,80,-12,85
3190560,75,39,11,74
3191070,100,66,-2,76
3191580,56,93,-2,78
3192090,77,52,3,75
3192600,33,62,-5,80
3193110,54,29,6,74
3193620,79,56,0,74
3194130,35,15,-2,76
3194640,50,84,-5,81
3195150,71,43,7,74
3195660,96,53,3,71
3196170,52,80,-4,75
3196680,73,39,2,73
3197190,98,41,-6,79
3197700,54,68,-2,81
3198210,75,35,8,73
3198720,100,62,-3,76
3199230,56,89,-10,86
3199740,77,48,10,76
3200250,0,37,-5,81
3200760,56,75,-4,85
3201270,77,42,13,72
3201780,33,69,-11,83
3202290,54,36,2,81
3202800,15,19,0,81
3203310,71,88,-2,83
3203820,92,47,11,72
3204330,48,74,-12,84
3204840,69,33,9,75
3205350,94,60,1,74
3205860,50,87,-7,81
3206370,71,46,3,78
3206880,96,56,0,78
3207390,52,83,-1,79
3207900,73,42,1,78
3208410,98,52,5,73
3208920,54,79,-9,82
3209430,75,38,9,73
3209940,31,65,-8,81
3210450,52,32,8,73
3210960,77,15,-1,74
3211470,92,25,-4,78
3211980,48,35,-1,79
3212490,69,18,1,78
3213000,84,20,2,76
3213510,99,30,4,72
3214020,55,57,-7,79
3214530,76,24,3,76
3215040,101,51,-5,81
3215550,57,78,-5,86
3216060,78,37,12,74
3216570,1,64,-1,75
3217080,57,23,-3,78
3217590,72,25,2,76
3218100,97,52,6,70
3218610,53,79,-15,85
3219120,74,38,14,71
3219630,30,40,-14,85
3220140,51,7,8,77
3220650,66,17,6,71
3221160,81,44,-1,72
3221670,4,71,-2,74
3222180,60,30,-1,75
3222690,85,32,5,70
3223200,41,59,-7,77
3223710,62,26,2,75
3224220,87,53,-2,77
3224730,0,80,-2,79
3225240,56,39,-4,83
3225750,77,22,2,81
3226260,92,24,8,73
3226770,48,34,-12,85
3227280,69,17,1,84
3227790,84,19,9,75
3228300,40,29,-7,82
3228810,61,98,3,79
3229320,82,57,3,76
3229830,38,58,0,76
3230340,59,25,4,72
3230850,2,27,-5,77
3231360,58,29,-3,80
3231870,83,49,6,74
3232380,39,76,-9,83
3232890,60,35,7,76
3233400,85,37,-1,77
3233910,8,64,-3,80
3234420,18,23,3,77
3234930,74,92,-3,80
3235440,95,51,10,70
3235950,51,78,-12,82
3236460,72,37,10,72
3236970,97,39,-13,85
3237480,20,66,8,77
3237990,30,25,-1,78
3238500,51,94,-1,79
3239010,72,53,4,75
3239520,33,12,-10,85
3240030,34,81,2,83
3240540,55,40,6,77
3241050,76,23,1,76
3241560,91,50,6,70
3242070,47,77,-12,82
3242580,68,36,5,77
3243090,93,38,1,76
3243600,49,65,-6,82
3244110,70,32,6,76
3244620,95,34,0,76
3245130,51,61,-6,82
3245640,72,28,10,72
3246150,97,55,-9,81
3246660,53,82,-2,83
3247170,74,41,6,77
3247680,99,43,5,72
3248190,55,70,-8,80
3248700,76,37,10,70
3249210,101,64,-5,75
3249720,57,91,-8,83
3250230,78,50,10,73
3250740,34,9,-11,84
3251250,35,94,1,83
3251760,45,53,-9,92
3252270,66,36,15,77
3252780,91,38,5,72
3253290,47,65,-14,86
3253800,68,32,10,76
3254310,93,34,2,74
3254820,16,36,-7,81
3255330,72,3,0,81
3255840,87,39,7,74
3256350,10,66,-7,81
3256860,75,25,7,74
3257370,100,27,-1,75
3257880,74,37,-1,76
3258390,99,39,-3,79
3258900,22,41,-5,84
3259410,43,8,3,81
3259920,58,33,5,76
3260430,83,35,3,73
3260940,39,62,-8,81
3261450,60,29,1,80
3261960,85,49,8,72
3262470,41,76,-15,87
3262980,62,35,12,75
3263490,87,37,4,71
3264000,43,64,-8,79
3264510,64,31,4,75
3265020,89,33,2,73
3265530,12,60,-1,74
3266040,68,19,-2,76
3266550,37,21,-10,86
3267060,45,90,3,83
3267570,66,49,4,79
3268080,87,8,3,76
3268590,61,18,5,71
3269100,76,45,-6,77
3269610,101,55,7,70
3270120,57,82,-12,82
3270630,78,41,3,79
3271140,1,43,0,79
3271650,11,45,-4,83
3272160,67,47,11,72
3272670,92,6,-10,82
3273180,66,31,10,72
3273690,91,33,-6,78
3274200,14,60,-2,80
3274710,24,19,0,80
3275220,80,88,0,80
3275730,101,47,6,74
3276240,57,74,-9,83
3276750,78,33,7,76
3277260,1,60,-1,77
3277770,57,19,2,75
3278280,82,21,-1,76
3278790,97,31,0,76
3279300,53,58,-4,80
3279810,74,25,2,78
3280320,99,52,5,73
3280830,55,79,-7,80
3281340,76,38,9,71
3281850,101,65,-5,76
3282360,57,92,-10,86
3282870,78,51,10,76
3283380,39,78,-7,83
3283890,60,37,6,77
3284400,85,47,8,69
3284910,41,34,-19,88
3285420,62,17,9,79
3285930,77,19,2,77
3286440,92,46,3,74
3286950,48,73,-8,82
3287460,69,32,9,73
3287970,94,34,-2,75
3288480,50,61,-6,81
3288990,71,28,4,77
3289500,96,30,-2,79
3290010,52,32,-3,82
3290520,77,52,7,75
3291030,0,79,1,74
3291540,56,38,-1,75
3292050,77,48,0,75
3292560,0,58,5,70
3293070,56,17,-2,72
3293580,71,44,-10,82
3294090,96,54,8,74
3294600,52,81,-7,81
3295110,73,40,3,78
3295620,98,42,8,70
3296130,54,69,-14,84
3296640,69,28,9,75
3297150,94,55,4,71
3297660,50,82,-3,74
3298170,71,41,-2,76
3298680,96,43,4,72
3299190,52,70,-12,84
3299700,73,37,12,72
3300210,98,64,1,71
3300720,54,91,-14,85
3301230,75,50,10,75
3301740,36,77,-6,81
3302250,57,36,-2,83
3302760,82,46,11,72
3303270,97,73,-7,79
3303780,53,74,0,79
3304290,74,33,7,72
3304800,89,60,1,71
3305310,45,87,-7,78
3305820,66,46,-3,81
3306330,27,56,-3,84
3306840,48,23,3,81
3307350,49,43,-5,86
3307860,70,26,10,76
3308370,95,53,3,73
3308880,51,80,-5,78
3309390,72,39,3,75
3309900,97,66,2,73
3310410,53,93,-11,84
3310920,74,52,6,78
3311430,35,11,-6,84
3311940,36,50,4,80
3312450,57,17,6,74
3312960,72,19,-6,80
3313470,87,46,6,74
3313980,43,73,-3,77
3314490,64,32,4,73
3315000,89,34,0,73
3315510,45,61,-9,82
3316020,66,20,5,77
3316530,81,22,-1,78
3317040,96,24,-1,79
3317550,70,26,3,76
3318060,95,28,2,74
3318570,12,30,-2,76
3319080,68,41,-2,78
3319590,93,61,5,73
3320100,49,88,-8,81
3320610,70,47,5,76
3321120,31,57,-8,84
3321630,52,24,8,76
3322140,77,44,-2,78
3322650,38,54,-7,85
3323160,59,21,9,76
3323670,74,23,0,76
3324180,89,25,-5,81
3324690,2,27,7,74
3325200,58,45,-8,82
3325710,79,12,3,79
3326220,94,22,4,75
3326730,50,32,-13,88
3327240,71,15,12,76
3327750,86,25,1,75
3328260,42,52,-6,81
3328770,63,19,6,75
3329280,78,21,-2,77
3329790,93,31,-4,81
3330300,49,33,2,79
3330810,70,16,-2,81
3331320,85,18,-2,83
3331830,100,28,6,77
3332340,56,38,0,77
3332850,77,21,1,76
3333360,52,48,-8,84
3333870,73,31,8,76
3334380,34,89,-3,79
3334890,55,48,3,76
3335400,76,31,-2,78
3335910,101,58,0,78
3336420,57,85,2,76
3336930,78,44,2,74
3337440,39,54,-10,84
3337950,60,21,7,77
3338460,85,23,3,74
3338970,46,33,-11,85
3339480,67,16,13,72
3339990,82,26,-2,74
3340500,97,53,-2,76
3341010,53,80,-11,87
3341520,74,39,10,77
3342030,35,41,-8,85
3342540,56,24,11,74
3343050,81,26,-4,78
3343560,4,28,-1,79
3344070,60,46,5,74
3344580,81,29,0,74
3345090,84,56,-4,78
3345600,40,15,-8,86
3346110,41,90,4,82
3346620,62,49,3,79
3347130,83,32,5,74
3347640,6,59,-10,84
3348150,62,18,8,76
3348660,77,20,1,75
3349170,33,22,-10,85
3349680,54,91,6,79
3350190,75,50,8,71
3350700,31,77,-14,85
3351210,52,36,4,81
3351720,73,19,3,78
3352230,88,21,-1,79
3352740,44,31,3,76
3353250,65,14,-3,79
3353760,80,24,2,77
3354270,36,26,-6,83
3354780,57,9,6,77
3355290,72,19,5,72
3355800,87,29,-4,76
3356310,10,56,2,74
3356820,66,15,-10,84
3357330,95,17,14,70
3357840,69,27,-4,74
3358350,94,29,1,73
3358860,50,31,-6,79
3359370,71,14,-2,81
3359880,86,24,8,73
3360390,42,34,-12,85
3360900,63,17,6,79
3361410,78,19,0,79
3361920,93,29,7,72
3362430,49,56,-8,80
3362940,70,23,7,73
3363450,85,25,-3,76
3363960,41,27,-7,83
3364470,62,10,8,75
3364980,77,20,-3,78
3365490,92,47,4,74
3366000,48,74,-7,81
3366510,69,33,7,74
3367020,94,35,1,73
3367530,50,62,-14,87
3368040,71,29,9,78
3368550,96,31,-1,79
3369060,52,33,2,77
3369570,73,53,1,76
3370080,34,12,-12,88
3370590,42,97,5,83
3371100,63,56,-1,84
3371610,84,39,8,76
3372120,40,66,-4,80
3372630,61,25,5,75
3373140,86,52,2,73
3373650,42,79,-10,83
3374160,63,38,7,76
3374670,88,87,-4,80
3375180,7,46,0,80
3375690,17,5,1,79
3376200,73,74,-5,84
3376710,94,57,8,76
3377220,50,84,-4,80
3377730,71,43,5,75
3378240,86,45,4,71
3378750,42,72,-13,84
3379260,63,31,9,75
3379770,78,33,-1,76
3380280,1,35,4,72
3380790,57,37,-10,82
3381300,78,20,7,75
3381810,93,22,0,75
3382320,49,32,-4,79
3382830,70,15,1,78
3383340,85,17,-5,83
3383850,41,19,6,77
3384360,56,2,-3,80
3384870,71,12,2,78
3385380,86,14,5,73
3385890,60,24,-4,77
3386400,75,26,3,74
3386910,100,53,-4,78
3387420,56,80,-3,81
3387930,77,39,8,73
3388440,92,41,2,71
3388950,48,68,-11,82
3389460,69,27,9,73
3389970,94,54,3,70
3390480,50,81,-6,76
3390990,71,40,1,75
3391500,27,42,-8,83
3392010,48,9,4,79
3392520,63,37,1,78
3393030,88,39,1,77
3393540,44,66,-4,81
3394050,65,25,0,81
3394560,80,48,8,73
3395070,95,75,-4,77
3395580,51,34,-3,80
3396090,72,17,3,77
3396600,87,27,5,72
3397110,43,29,-11,83
3397620,64,12,3,80
3398130,79,14,3,77
3398640,94,24,3,74
3399150,50,26,-11,85
3399660,71,9,4,81
3400170,86,19,6,75
3400680,42,29,-12,87
3401190,63,12,11,76
3401700,78,22,1,75
3402210,93,49,-4,79
3402720,45,76,-2,81
3403230,66,35,6,75
3403740,91,37,-1,76
3404250,47,39,-11,87
3404760,68,22,12,75
3405270,93,24,-4,79
3405780,49,34,3,76
3406290,70,17,-1,77
3406800,85,19,0,77
3407310,59,21,-2,79
3407820,74,41,4,75
3408330,89,43,1,74
3408840,45,70,-10,84
3409350,66,29,11,73
3409860,91,31,4,69
3410370,47,94,-17,86
3410880,68,53,1,85
3411390,89,12,1,84
3411900,63,50,6,78
3412410,6,33,2,76
3412920,62,30,-1,77
3413430,87,32,2,75
3413940,43,59,-8,83
3414450,64,26,2,81
3414960,79,46,5,76
3415470,35,48,-4,80
3415980,56,15,4,76
3416490,71,17,-1,77
3417000,86,27,-1,78
3417510,42,29,-8,86
3418020,63,12,12,74
3418530,78,22,-1,75
3419040,93,24,-3,78
3419550,49,26,-9,87
3420060,70,46,4,83
3420570,95,76,4,79
3421080,51,35,-1,80
3421590,72,18,8,72
3422100,28,28,-3,75
3422610,49,97,-7,82
3423120,70,56,4,78
3423630,91,15,1,77
3424140,65,25,1,76
3424650,90,45,5,71
3425160,46,72,-11,82
3425670,67,31,4,78
3426180,92,51,0,78
3426690,48,78,-3,81
3427200,69,37,5,76
3427710,94,39,3,73
3428220,50,66,-9,82
3428730,71,27,9,73
3429240,96,29,3,70
3429750,52,56,-12,82
3430260,73,39,8,74
3430770,98,41,-6,80
3431280,54,43,-2,82
3431790,75,26,7,75
3432300,100,28,0,75
3432810,32,38,-6,81
3433320,42,5,-4,85
3433830,57,30,7,78
3434340,82,50,4,74
3434850,97,9,4,70
3435360,71,39,-8,78
3435870,96,59,7,71
3436380,52,18,-10,81
3436890,53,38,-3,84
3437400,74,21,8,76
3437910,89,23,3,73
3438420,45,33,-8,81
3438930,66,16,5,76
3439440,81,26,1,75
3439950,4,53,-3,78
3440460,60,12,-1,79
3440970,75,22,2,77
3441480,100,24,4,73
3441990,56,34,-5,78
3442500,77,54,3,75
3443010,38,13,-6,81
3443520,97,33,12,69
3444030,53,60,-12,81
3444540,74,74,-5,86
3445050,95,57,11,75
3445560,51,58,-4,79
3446070,72,25,3,76
3446580,87,52,5,71
3447090,0,11,-5,76
3447600,56,50,-9,85
3448110,77,33,14,71
3448620,0,35,-2,73
3449130,56,37,-4,77
3449640,64,57,-8,85
3450150,85,40,13,72
3450660,41,67,-6,78
3451170,62,26,4,74
3451680,87,46,6,68
3452190,43,73,-14,82
3452700,64,32,3,79
3453210,72,52,3,76
3453720,93,11,1,75
3454230,67,41,-2,77
3454740,75,61,-5,82
3455250,96,20,4,78
3455760,70,30,-2,80
3456270,95,50,4,76
3456780,51,77,-8,84
3457290,72,36,11,73
3457800,97,38,0,73
3458310,53,65,-1,74
3458820,74,24,-3,77
3459330,30,26,-4,81
3459840,51,95,2,79
3460350,72,54,3,76
3460860,80,13,2,74
3461370,95,23,-2,76
3461880,51,33,-4,80
3462390,72,53,-2,82
3462900,33,12,-5,87
3463410,41,81,1,86
3463920,62,40,9,77
3464430,83,60,7,70
3464940,39,19,-7,77
3465450,47,88,-6,83
3465960,68,47,8,75
3466470,89,6,-8,83
3466980,63,36,7,76
3467490,71,56,4,72
3468000,92,15,-3,75
3468510,66,25,-1,76
3469020,81,27,4,72
3469530,96,29,-3,75
3470040,40,31,-9,84
3470550,61,100,2,82
3471060,82,59,6,76
3471570,38,18,-3,79
3472080,46,87,-4,83
3472590,67,46,4,79
3473100,88,76,3,76
3473610,7,35,-4,80
3474120,63,48,2,78
3474630,84,31,1,77
3475140,40,33,-4,81
3475650,61,0,0,81
3476160,76,73,3,78
3476670,97,40,-4,82
3477180,53,67,-2,84
3477690,74,34,3,81
3478200,86,36,7,74
3478710,42,63,-8,82
3479220,63,22,4,78
3479730,78,24,7,71
3480240,34,26,-16,87
3480750,55,95,5,82
3481260,76,54,1,81
3481770,32,13,-4,85
3482280,40,82,4,81
3482790,61,41,0,81
3483300,82,61,9,72
3483810,38,20,-9,81
3484320,46,89,-5,86
3484830,67,48,8,78
3485340,88,7,-1,79
3485850,62,37,-2,81
3486360,70,57,4,77
3486870,91,16,3,74
3487380,65,26,-4,78
3487890,80,28,6,72
3488400,3,30,-8,80
3488910,59,59,-3,83
3489420,80,26,4,79
3489930,95,28,2,77
3490440,51,30,-7,84
3490950,72,99,1,83
3491460,93,58,4,79
3491970,49,17,-2,81
3492480,6,37,6,75
3492990,62,98,-12,87
3493500,83,57,10,77
3494010,39,16,-1,78
3494520,60,85,-2,80
3495030,81,44,7,73
3495540,95,46,-2,75
3496050,51,73,-9,84
3496560,72,40,11,73
3497070,86,42,-1,74
3497580,100,44,-2,76
3498090,56,71,-10,86
3498600,77,38,9,77
3499110,0,40,-1,78
3499620,56,42,1,77
3500130,77,9,-3,80
3500640,92,19,4,76
3501150,66,29,3,73
3501660,81,31,0,73
3502170,4,33,-8,81
3502680,60,46,3,78
3503190,81,13,4,74
3503700,55,23,-3,77
3504210,70,43,-3,80
3504720,95,63,9,71
3505230,51,22,-11,82
3505740,72,42,2,80
3506250,97,91,1,79
3506760,16,50,0,79
3507270,72,9,3,76
3507780,46,19,-6,82
3508290,67,39,4,78
3508800,75,59,-1,79
3509310,96,18,1,78
3509820,70,48,1,77
3510330,91,7,3,74
3510840,65,37,-3,77
3511350,90,57,3,74
3511860,46,16,-5,79
3512370,3,36,0,79
3512880,59,38,0,79
3513390,80,58,4,75
3513900,36,17,-12,87
3514410,44,86,4,83
3514920,65,45,4,79
3515430,86,4,-2,81
3515940,60,34,8,73
3516450,81,54,-1,74
3516960,37,13,-8,82
3517470,96,82,0,82
3517980,3,41,7,75
3518490,13,0,-2,77
3519000,69,69,-5,82
3519510,90,36,5,77
3520020,46,63,-6,83
3520530,67,30,8,75
3521040,82,32,-4,79
3521550,5,59,5,74
3522060,61,18,1,73
3522570,76,20,-3,76
3523080,91,22,-2,78
3523590,65,24,3,75
3524100,90,26,-2,77
3524610,46,28,0,77
3525120,67,48,0,77
3525630,88,7,-6,83
3526140,62,37,3,80
3526650,73,57,-3,83
3527160,94,16,3,80
3527670,68,46,3,77
3528180,82,76,-2,79
3528690,1,35,9,70
3529200,57,48,-12,82
3529710,78,15,6,76
3530220,52,17,-5,81
3530730,67,37,4,77
3531240,75,57,-1,78
3531750,86,16,2,76
3532260,60,18,0,76
3532770,17,20,2,74
3533280,73,89,-10,84
3533790,94,48,9,75
3534300,50,75,-8,83
3534810,71,34,12,71
3535320,86,36,1,70
3535830,42,63,-15,85
3536340,63,30,11,74
3536850,78,50,-6,80
3537360,1,80,2,78
3537870,57,39,7,71
3538380,82,59,-6,77
3538890,38,18,-5,82
3539400,46,87,-4,86
3539910,67,46,6,80
3540420,78,76,0,80
3540930,99,35,0,80
3541440,55,34,-2,82
3541950,76,54,8,74
3542460,39,13,-13,87
3542970,34,33,0,87
3543480,55,0,8,79
3543990,70,30,6,73
3544500,85,32,5,68
3545010,41,59,-18,86
3545520,62,26,9,77
3546030,77,46,4,73
3546540,91,48,-2,75
3547050,47,75,-7,82
3547560,68,34,9,73
3548070,93,36,0,73
3548580,49,63,-9,82
3549090,70,30,9,73
3549600,85,32,-4,77
3550110,100,59,1,76
3550620,56,18,2,74
3551130,71,38,-2,76
3551640,86,58,2,74
3552150,42,17,-7,81
3552660,57,37,8,73
3553170,68,67,-10,83
3553680,89,34,6,77
3554190,45,61,-6,83
3554700,66,28,7,76
3555210,81,30,6,70
3555720,37,32,-11,81
3556230,58,101,4,77
3556740,79,60,-4,81
3557250,35,19,-2,83
3557760,43,82,2,81
3558270,64,41,5,76
3558780,89,61,-2,78
3559290,45,91,-7,85
3559800,66,50,6,79
3560310,87,80,4,75
3560820,6,39,-6,81
3561330,16,52,4,77
3561840,26,11,-9,86
3562350,34,80,5,81
3562860,55,39,7,74
3563370,76,59,-7,81
3563880,97,18,7,74
3564390,71,48,-8,82
3564900,96,78,4,78
3565410,52,37,-1,79
3565920,63,57,-6,85
3566430,84,24,13,72
3566940,40,26,-11,83
3567450,61,95,0,83
3567960,82,54,4,79
3568470,38,84,-3,82
3568980,59,43,1,81
3569490,83,63,6,75
3570000,39,22,-7,82
3570510,60,91,-6,88
3571020,81,50,15,73
3571530,4,9,-4,77
3572040,60,48,-6,83
3572550,81,15,6,77
3573060,96,45,4,73
3573570,52,72,-10,83
3574080,73,31,7,76
3574590,98,33,-1,77
3575100,54,53,-4,81
3575610,75,20,5,76
3576120,90,22,0,76
3576630,64,24,2,74
3577140,89,44,6,68
3577650,45,71,-14,82
3578160,66,30,4,78
3578670,91,32,6,72
3579180,47,34,-11,83
3579690,68,17,9,74
3580200,83,19,-6,80
3580710,98,49,6,74
3581220,54,76,-9,83
3581730,75,35,4,79
3582240,100,37,11,68
3582750,56,64,-20,88
3583260,77,31,11,77
3583770,0,58,3,74
3584280,56,17,-1,75
3584790,71,19,-2,77
3585300,86,46,3,74
3585810,42,73,-10,84
3586320,63,32,4,80
3586830,88,52,5,75
3587340,44,82,-7,82
3587850,65,41,-1,83
3588360,70,61,5,78
3588870,91,20,4,74
3589380,65,50,-6,80
3589890,86,80,-3,83
3590400,5,39,6,77
3590910,61,30,-4,81
3591420,59,50,-6,87
3591930,80,17,4,83
3592440,95,47,10,73
3592950,51,74,-8,81
3593460,72,33,5,76
3593970,97,35,-4,80
3594480,53,37,0,80
3594990,74,57,11,69
3595500,30,16,-10,79
3596010,9,85,-3,82
3596520,70,44,6,76
3597030,91,74,3,73
3597540,70,33,-2,75
3598050,85,35,-1,76
3598560,8,62,-7,83
3599070,18,21,7,76
3599580,74,90,-10,86
3600090,95,49,11,75
3600600,51,76,-6,81
3601110,72,35,2,79
3601620,97,37,1,78
3602130,53,39,0,78
3602640,74,22,3,75
3603150,89,49,3,72
3603660,45,76,-9,81
3604170,66,35,8,73
3604680,81,55,2,71
3605190,37,85,-9,80
3605700,58,44,-1,81
3606210,79,64,2,79
3606720,100,23,4,75
3607230,74,53,-2,77
3607740,85,83,-5,82
3608250,4,11,4,78
3608760,60,50,-5,83
3609270,81,33,9,74
3609780,4,60,-3,77
3610290,60,56,1,76
3610800,81,39,-2,78
3611310,96,41,6,72
3611820,52,68,-12,84
3612330,73,35,11,73
3612840,88,37,-4,77
3613350,11,64,0,77
3613860,21,23,-2,79
3614370,77,92,-15,94
3614880,98,20,17,77
3615390,72,50,1,76
3615900,87,80,-4,80
3616410,6,8,3,77
3616920,62,47,-6,83
3617430,83,67,7,76
3617940,3,94,-3,79
3618450,59,53,2,77
3618960,80,20,2,75
3619470,95,30,-8,83
3619980,69,60,6,77
3620490,90,90,-1,78
3621000,9,18,4,74
3621510,65,57,-3,77
3622020,86,87,-7,84
3622530,5,15,9,75
3623040,61,54,-5,80
3623550,82,21,6,74
3624060,97,23,-2,76
3624570,71,53,-2,78
3625080,86,83,-3,81
3625590,5,11,-1,82
3626100,10,50,8,74
3626610,66,9,-1,75
3627120,81,19,-2,77
3627630,96,21,5,72
3628140,70,51,-5,77
3628650,85,81,-3,80
3629160,4,9,-1,81
3629670,60,48,1,80
3630180,81,31,5,75
3630690,4,58,0,75
3631200,60,17,3,72
3631710,75,19,-7,79
3632220,90,21,6,73
3632730,64,51,-10,83
3633240,85,81,5,78
3633750,4,9,3,75
3634260,60,48,-6,81
3634770,81,31,3,78
3635280,4,33,-5,83
3635790,14,46,4,79
3636300,70,5,3,76
3636810,85,35,4,72
3637320,100,62,-5,77
3637830,56,89,-3,80
3638340,77,48,3,77
3638850,0,78,3,74
3639360,56,37,-5,79
3639870,77,67,3,76
3640380,98,97,-3,79
3640890,17,25,4,75
3641400,73,94,-8,83
3641910,94,53,6,77
3642420,50,90,2,75
3642930,71,49,-3,78
3643440,96,79,6,72
3643950,52,4,-13,85
3644460,67,34,7,78
3644970,92,54,-2,80
3645480,5,81,3,77
3645990,61,40,-4,81
3646500,76,60,1,80
3647010,98,90,3,77
3647520,17,18,-5,82
3648030,73,87,0,82
3648540,94,46,3,79
3649050,7,73,1,78
3649560,63,32,4,74
3650070,88,52,0,74
3650580,67,79,-8,82
3651090,88,38,10,72
3651600,1,65,-3,75
3652110,57,24,-1,76
3652620,72,44,-3,79
3653130,83,74,1,78
3653640,2,2,0,78
3654150,58,41,5,73
3654660,73,71,-10,83
3655170,94,101,5,78
3655680,13,60,1,77
3656190,23,19,-3,80
3656700,79,88,-2,82
3657210,100,16,5,77
3657720,74,46,3,74
3658230,89,76,1,73
3658740,68,4,-5,78
3659250,75,34,7,71
3659760,90,61,-4,75
3660270,46,88,-8,83
3660780,67,47,4,79
3661290,78,77,1,78
3661800,99,5,1,77
3662310,73,35,-3,80
3662820,88,62,4,76
3663330,44,92,-12,88
3663840,65,51,12,76
3664350,86,81,-1,77
3664860,5,9,-5,82
3665370,61,48,-2,84
3665880,82,35,7,77
3666390,97,62,5,72
3666900,53,89,-9,81
3667410,74,48,2,79
3667920,89,78,4,75
3668430,98,6,-6,81
3668940,72,36,7,74
3669450,87,38,1,73
3669960,66,65,-11,84
3670470,87,99,2,82
3670980,6,27,6,76
3671490,16,56,-1,77
3672000,72,15,0,77
3672510,87,45,6,71
3673020,0,72,-5,76
3673530,56,101,-2,78
3674040,77,60,2,76
3674550,99,90,-7,83
3675060,6,18,10,73
3675570,62,15,-1,74
3676080,77,17,0,74
3676590,92,19,1,73
3677100,66,49,-6,79
3677610,77,79,-2,81
3678120,98,7,1,80
3678630,72,37,9,71
3679140,87,57,-2,73
3679650,66,87,-7,80
3680160,87,46,7,73
3680670,0,73,-7,80
3681180,56,32,5,75
3681690,71,52,-3,78
3682200,86,82,2,76
3682710,5,10,-7,83
3683220,61,49,10,73
3683730,82,32,-2,75
3684240,97,59,-5,80
3684750,53,86,1,79
3685260,74,45,7,72
3685770,89,75,-6,78
3686280,8,34,2,76
3686790,64,47,-1,77
3687300,79,77,-1,78
3687810,100,5,3,75
3688320,74,35,3,72
3688830,89,37,-2,74
3689340,68,64,-11,85
3689850,89,94,2,83
3690360,8,22,6,77
3690870,64,19,8,69
3691380,79,46,-3,72
3691890,94,76,-1,73
3692400,73,35,-2,75
3692910,88,55,1,74
3693420,67,82,-20,94
3693930,88,10,16,78
3694440,62,40,-4,82
3694950,63,70,1,81
3695460,84,100,-6,87
3695970,3,59,15,72
3696480,59,18,-4,76
3696990,74,38,6,70
3697500,89,65,-5,75
3698010,45,95,-5,80
3698520,66,54,5,75
3699030,87,84,-8,83
3699540,6,12,8,75
3700050,62,51,-8,83
3700560,83,71,7,76
3701070,2,30,-5,81
3701580,58,59,-5,86
3702090,79,42,6,80
3702600,94,72,5,75
3703110,50,31,-3,78
3703620,51,51,-4,82
3704130,72,34,7,75
3704640,87,36,1,74
3705150,0,63,-3,77
3705660,56,92,-2,79
3706170,77,51,1,78
3706680,92,81,4,74
3707190,101,40,-12,86
3707700,80,67,6,80
3708210,101,97,3,77
3708720,20,25,-5,82
3709230,76,94,-11,93
3709740,97,22,17,76
3710250,71,52,-5,81
3710760,86,82,1,80
3711270,5,10,-4,84
3711780,61,49,4,80
3712290,82,79,-5,85
3712800,1,7,8,77
3713310,57,46,1,76
3713820,78,29,4,72
3714330,93,56,-2,74
3714840,6,83,-6,80
3715350,62,42,-1,81
3715860,63,62,0,81
3716370,31,92,-2,83
3716880,41,51,2,81
3717390,62,18,6,75
3717900,77,38,0,75
3718410,92,65,-1,76
3718920,48,95,-4,80
3719430,69,54,8,72
3719940,90,84,-11,83
3720450,9,12,5,78
3720960,65,51,-3,81
3721470,86,81,2,79
3721980,5,9,4,75
3722490,61,48,-3,78
3723000,82,78,0,78
3723510,1,6,-4,82
3724020,57,17,4,78
3724530,72,37,-2,80
3725040,87,64,6,74
3725550,48,23,-11,85
3726060,49,43,6,79
3726570,70,26,10,69
3727080,85,28,-5,74
3727590,100,55,-2,76
3728100,56,82,-7,83
3728610,77,41,8,75
3729120,92,68,1,74
3729630,48,27,-9,83
3730140,49,47,5,78
3730650,70,30,2,76
3731160,85,32,5,71
3731670,100,59,-10,81
3732180,56,86,1,80
3732690,77,45,2,78
3733200,92,65,6,72
3733710,48,24,-7,79
3734220,49,44,-4,83
3734730,70,27,8,75
3735240,85,29,3,72
3735750,41,56,-12,84
3736260,62,15,2,82
3736770,77,35,4,78
3737280,92,37,10,68
3737790,48,64,-19,87
3738300,69,23,13,74
3738810,84,50,-7,81
3739320,99,80,-2,83
3739830,55,39,9,74
3740340,76,59,-3,77
3740850,84,18,-1,78
3741360,58,48,-4,82
3741870,79,31,8,74
3742380,94,58,1,73
3742890,50,85,-8,81
3743400,71,44,5,76
3743910,86,74,2,74
3744420,42,33,-11,85
3744930,63,16,4,81
3745440,78,36,4,77
3745950,93,63,7,70
3746460,42,22,-12,82
3746970,43,42,-7,89
3747480,64,25,9,80
3747990,79,27,4,76
3748500,94,54,5,71
3749010,50,81,-11,82
3749520,71,40,6,76
3750030,86,70,-5,81
3750540,5,29,7,74
3751050,61,58,-13,87
3751560,82,41,12,75
3752070,97,68,-3,78
3752580,53,27,2,76
3753090,54,47,-9,85
3753600,75,30,11,74
3754110,90,57,-6,80
3754620,46,84,-4,84
3755130,67,43,5,79
3755640,82,73,4,75
3756150,34,32,-9,84
3756660,55,15,10,74
3757170,70,35,-1,75
3757680,85,37,-2,77
3758190,100,64,-2,79
3758700,56,91,-6,85
3759210,77,50,11,74
3759720,92,80,-9,83
3760230,11,39,2,81
3760740,67,41,3,78
3761250,75,71,-5,83
3761760,96,101,6,77
3762270,15,29,-4,81
3762780,71,16,2,79
3763290,86,18,3,76
3763800,60,20,-3,79
3764310,75,40,3,76
3764820,31,42,-5,81
3765330,52,29,0,81
3765840,36,49,-4,85
3766350,57,16,10,75
3766860,14,18,-2,77
3767370,70,95,-2,79
3767880,91,54,6,73
3768390,47,81,-6,79
3768900,68,40,5,74
3769410,76,60,-7,81
3769920,97,90,1,80
3770430,16,18,7,73
3770940,72,57,-2,75
3771450,93,79,1,74
3771960,49,38,-9,83
3772470,70,58,4,79
3772980,91,17,0,79
3773490,65,47,-3,82
3774000,86,77,3,79
3774510,70,36,3,76
3775020,95,38,2,74
3775530,51,65,-10,84
3776040,72,24,9,75
3776550,87,51,-7,82
3777060,10,78,3,79
3777570,66,37,-1,80
3778080,93,57,6,74
3778590,49,84,-8,82
3779100,70,43,3,79
3779610,85,73,2,77
3780120,4,32,7,70
3780630,60,34,-11,81
3781140,61,54,4,77
3781650,82,37,4,73
3782160,38,64,-11,84
3782670,59,23,12,72
3783180,74,43,-8,80
3783690,89,73,5,75
3784200,98,32,4,71
3784710,54,59,-14,85
3785220,75,18,5,80
3785730,90,45,12,68
3786240,46,72,-11,79
3786750,67,31,8,71
3787260,82,58,-8,79
3787770,11,88,-2,81
3788280,67,47,1,80
3788790,88,77,7,73
3789300,7,36,-2,75
3789810,63,38,-5,80
3790320,71,58,-1,81
3790830,92,88,2,79
3791340,11,16,4,75
3791850,67,3,-2,77
3792360,82,33,2,75
3792870,5,60,-3,78
3793380,61,19,1,77
3793890,62,39,-3,80
3794400,70,59,3,77
3794910,91,89,-7,84
3795420,10,17,9,75
3795930,66,46,-5,80
3796440,87,76,0,80
3796950,6,4,0,80
3797460,62,15,-1,81
3797970,77,17,5,76
3798480,51,19,-3,79
3798990,52,39,-4,83
3799500,73,59,7,76
3800010,94,89,-2,78
3800520,13,17,-9,87
3801030,69,56,14,73
3801540,90,86,-4,77
3802050,9,14,9,68
3802560,65,53,-10,78
3803070,86,83,-6,84
3803580,5,42,12,72
3804090,61,1,-8,80
3804600,76,31,5,75
3805110,101,58,0,75
3805620,57,85,-2,77
3806130,78,44,-4,81
3806640,1,64,6,75
3807150,57,23,1,74
3807660,82,43,-3,77
3808170,97,75,4,73
3808680,53,34,-7,80
3809190,74,54,3,77
3809700,3,84,-7,84
3810210,59,43,3,81
3810720,80,63,9,72
3811230,101,22,-2,74
3811740,75,52,-4,78
3812250,4,11,-1,79
3812760,60,37,2,77
3813270,85,57,-1,78
3813780,41,16,-1,79
3814290,42,36,-6,85
3814800,63,19,5,80
3815310,78,46,2,78
3815820,1,76,-1,79
3816330,57,35,-1,80
3816840,78,55,5,75
3817350,7,14,1,74
3817860,63,53,-8,82
3818370,84,36,3,79
3818880,40,63,-2,81
3819390,61,22,8,73
3819900,86,24,-4,77
3820410,101,26,3,74
3820920,75,28,-4,78
3821430,100,30,-2,80
3821940,56,32,2,78
3822450,81,52,-3,81
3822960,37,99,-1,82
3823470,58,58,4,78
3823980,79,25,4,74
3824490,2,52,-6,80
3825000,12,11,-4,84
3825510,68,80,6,78
3826020,89,39,7,71
3826530,45,66,-14,85
3827040,66,25,12,73
3827550,91,27,-1,74
3828060,47,29,-3,77
3828570,68,49,0,77
3829080,17,79,-3,80
3829590,27,38,-4,84
3830100,48,25,8,76
3830610,49,45,-5,81
3831120,70,28,8,73
3831630,95,55,-1,74
3832140,51,14,-7,81
3832650,52,34,-1,82
3833160,73,54,1,81
3833670,94,84,2,79
3834180,13,43,0,79
3834690,69,2,0,79
3835200,84,32,8,71
3835710,40,59,-10,81
3836220,61,18,4,77
3836730,76,38,4,73
3837240,101,58,-2,75
3837750,57,47,-4,79
3838260,78,30,3,76
3838770,1,57,-1,77
3839280,57,16,1,76
3839790,58,36,-2,78
3840300,83,56,3,75
3840810,39,90,-10,85
3841320,60,49,7,78
3841830,81,32,6,72
3842340,37,59,-12,84
3842850,58,18,11,73
3843360,83,45,-3,76
3843870,39,34,-5,81
3844380,60,17,5,76
3844890,75,37,1,75
3845400,100,39,-2,77
3845910,56,66,-5,82
3846420,77,25,10,72
3846930,0,52,-9,81
3847440,56,11,6,75
3847950,71,31,-3,78
3848460,96,51,2,76
3848970,52,40,-6,82
3849480,73,23,4,78
3849990,98,50,1,77
3850500,54,39,0,77
3851010,75,59,-3,80
3851520,96,89,3,77
3852030,15,17,-2,79
3852540,71,86,-3,82
3853050,92,45,6,76
3853560,48,34,-6,82
3854070,69,17,6,76
3854580,84,78,-4,80
3855090,3,6,6,74
3855600,59,95,-5,79
3856110,80,54,3,76
3856620,36,84,-7,83
3857130,57,43,2,81
3857640,78,63,4,77
3858150,99,22,-5,82
3858660,73,52,2,80
3859170,36,82,3,77
3859680,57,41,5,72
3860190,78,61,-1,73
3860700,34,20,-8,81
3861210,42,89,-7,88
3861720,63,48,7,81
3862230,84,68,-3,84
3862740,3,27,10,74
3863250,59,56,-8,82
3863760,80,39,8,74
3864270,3,41,-5,79
3864780,13,0,2,77
3865290,69,89,-4,81
3865800,90,99,5,76
3866310,9,58,0,76
3866820,65,17,-2,78
3867330,80,37,3,75
3867840,3,64,0,75
3868350,59,23,4,71
3868860,84,43,-3,74
3869370,40,63,-7,81
3869880,61,22,4,77
3870390,86,42,2,75
3870900,42,31,-11,86
3871410,63,100,5,81
3871920,84,59,7,74
3872430,40,18,-7,81
3872940,41,38,-2,83
3873450,62,5,6,77
3873960,77,35,2,75
3874470,0,62,1,74
3874980,56,21,-2,76
3875490,81,41,1,75
3876000,4,43,-2,77
3876510,60,34,2,75
3877020,85,54,6,69
3877530,41,13,-13,82
3878040,100,82,5,77
3878550,56,41,-11,88
3879060,77,8,10,78
3879570,51,38,-2,80
3880080,72,5,-2,82
3880590,87,35,10,72
3881100,10,62,-4,76
3881610,66,21,-3,79
3882120,91,48,0,79
3882630,47,37,-7,86
3883140,68,4,3,83
3883650,83,34,13,70
3884160,39,61,-13,83
3884670,60,28,5,78
3885180,85,48,5,73
3885690,41,37,-7,80
3886200,62,4,-1,81
3886710,77,34,7,74
3887220,0,54,-2,76
3887730,56,13,1,75
3888240,71,33,1,74
3888750,96,53,-7,81
3889260,52,42,5,76
3889770,73,9,-3,79
3890280,88,39,9,70
3890790,44,28,-14,84
3891300,65,97,3,81
3891810,86,56,3,78
3892320,42,15,-4,82
3892830,43,35,-5,87
3893340,64,2,7,80
3893850,21,32,3,77
3894360,42,101,-11,88
3894870,63,60,8,80
3895380,84,27,1,79
3895890,63,54,3,76
3896400,84,21,5,71
3896910,40,41,-14,85
3897420,61,8,11,74
3897930,76,28,-1,75
3898440,101,89,-8,83
3898950,20,74,4,79
3899460,30,33,1,78
3899970,51,0,-1,79
3900480,66,73,-6,85
3900990,87,40,11,74
3901500,10,29,4,70
3902010,80,16,-10,80
3902520,95,36,9,71
3903030,51,63,-14,85
3903540,72,22,9,76
3904050,97,49,2,74
3904560,53,38,-6,80
3905070,74,5,5,75
3905580,48,25,-8,83
3906090,49,45,-3,86
3906600,97,12,9,77
3907110,71,42,0,77
3907620,73,62,-5,82
3908130,94,21,10,72
3908640,68,82,-8,80
3909150,89,41,4,76
3909660,45,68,-6,82
3910170,66,27,5,77
3910680,91,47,4,73
3911190,47,36,-8,81
3911700,68,3,-5,86
3912210,83,33,11,75
3912720,6,60,-12,87
3913230,62,19,9,78
3913740,63,80,-3,81
3914250,84,39,3,78
3914760,7,66,3,75
3915270,63,25,2,73
3915780,88,45,3,70
3916290,44,34,-15,85
3916800,65,1,8,77
3917310,22,31,0,77
3917820,43,100,-9,86
3918330,64,59,5,81
3918840,85,26,2,79
3919350,64,53,-3,82
3919860,85,20,8,74
3920370,41,81,-10,84
3920880,62,40,5,79
3921390,63,60,-2,81
3921900,84,27,4,77
3922410,63,29,1,76
3922920,88,49,4,72
3923430,44,38,-9,81
3923940,65,5,-2,83
3924450,80,15,6,77
3924960,95,35,4,73
3925470,51,62,-10,83
3925980,72,21,3,80
3926490,73,82,0,80
3927000,94,41,9,71
3927510,50,68,-10,81
3928020,71,27,8,73
3928530,96,54,-1,74
3929040,52,43,-10,84
3929550,73,10,4,80
3930060,52,40,-11,91
3930570,73,7,17,74
3931080,47,17,-11,85
3931590,48,37,10,75
3932100,69,4,-3,78
3932610,26,34,-6,84
3933120,47,45,1,83
3933630,68,12,6,77
3934140,69,22,3,74
3934650,94,83,-5,79
3935160,13,42,2,77
3935670,69,1,1,76
3936180,26,74,2,74
3936690,47,33,-8,82
3937200,68,0,1,81
3937710,25,30,-3,84
3938220,81,20,2,82
3938730,60,40,2,80
3939240,61,60,-1,81
3939750,82,27,5,76
3940260,38,54,-8,84
3940770,59,21,6,78
3941280,60,41,2,76
3941790,61,61,-5,81
3942300,82,28,2,79
3942810,5,55,6,73
3943320,61,14,-5,78
3943830,62,66,-1,79
3944340,83,33,1,78
3944850,6,60,-1,79
3945360,62,19,4,75
3945870,63,46,-2,77
3946380,84,5,-2,79
3946890,58,35,4,75
3947400,59,55,-9,84
3947910,80,22,9,75
3948420,59,83,-8,83
3948930,80,42,9,74
3949440,3,31,-3,77
3949950,59,60,-2,79
3950460,80,27,1,78
3950970,3,54,-2,80
3951480,59,13,2,78
3951990,60,33,2,76
3952500,85,53,6,70
3953010,41,12,-7,77
3953520,100,32,2,75
3954030,56,59,-4,79
3954540,77,26,4,75
3955050,0,53,-4,79
3955560,56,12,-5,84
3956070,57,32,8,76
3956580,82,52,0,76
3957090,38,11,-8,84
3957600,97,80,9,75
3958110,53,39,-9,84
3958620,74,6,7,77
3959130,31,16,-12,89
3959640,39,85,4,85
3960150,60,44,5,80
3960660,61,64,-4,84
3961170,82,31,5,79
3961680,5,58,-5,84
3962190,15,17,3,81
3962700,71,86,9,72
3963210,92,45,-6,78
3963720,48,72,-6,84
3964230,69,31,12,72
3964740,94,58,-4,76
3965250,50,17,-4,80
3965760,51,37,2,78
3966270,52,4,2,76
3966780,67,14,-7,83
3967290,68,24,6,77
3967800,93,44,4,73
3968310,49,71,-3,76
3968820,70,30,0,76
3969330,95,57,-1,77
3969840,18,16,7,70
3970350,74,85,-12,82
3970860,95,44,7,75
3971370,18,71,-6,81
3971880,28,30,-2,83
3972390,49,99,2,81
3972900,70,58,0,81
3973410,91,25,8,73
3973920,47,24,-5,78
3974430,72,44,1,77
3974940,97,64,0,77
3975450,53,23,-1,78
3975960,78,43,6,72
3976470,1,32,-11,83
3976980,11,19,-3,86
3977490,67,6,5,81
3978000,82,16,2,79
3978510,97,26,4,75
3979020,53,28,-2,77
3979530,78,48,-1,78
3980040,1,68,-4,82
3980550,57,27,8,74
3981060,82,54,-3,77
3981570,5,13,-1,78
3982080,61,0,-4,82
3982590,76,30,9,73
3983100,101,50,-9,82
3983610,24,77,1,81
3984120,34,36,4,77
3984630,55,3,5,72
3985140,70,13,-7,79
3985650,29,23,-5,84
3986160,88,92,-1,85
3986670,7,51,6,79
3987180,6,10,6,73
3987690,62,99,-11,84
3988200,83,58,12,72
3988710,39,17,-13,85
3989220,42,86,6,79
3989730,63,45,0,79
3990240,64,65,1,78
3990750,85,32,7,71
3991260,41,59,-9,80
3991770,62,26,3,77
3992280,87,46,6,71
3992790,43,48,-8,79
3993300,64,15,3,76
3993810,89,76,3,73
3994320,45,35,-10,83
3994830,66,2,-2,85
3995340,81,32,13,72
3995850,4,59,-3,75
3996360,60,18,-2,77
3996870,85,38,6,71
3997380,8,65,-8,79
3997890,18,24,3,76
3998400,83,93,-5,81
3998910,2,52,2,79
3999420,58,11,2,77
3999930,73,84,-3,80
4000440,94,43,6,74
4000950,50,70,-3,77
4001460,71,29,3,74
4001970,96,56,4,70
4002480,52,15,-7,77
4002990,53,35,2,75
4003500,78,55,4,71
4004010,34,14,-4,75
4004520,93,83,-7,82
4005030,12,42,1,81
4005540,22,1,7,74
4006050,78,70,-7,81
4006560,42,29,-6,87
4007070,63,98,2,85
4007580,84,57,14,71
4008090,40,16,-13,84
4008600,41,85,3,81
4009110,62,44,3,78
4009620,63,64,-9,87
4010130,84,47,10,77
4010640,7,49,-3,80
4011150,63,40,3,77
4011660,88,60,6,71
4012170,44,19,-13,84
4012680,45,91,-1,85
4013190,66,50,1,84
4013700,67,70,3,81
4014210,88,29,10,71
4014720,11,56,-8,79
4015230,10,15,6,73
4015740,66,21,-6,79
4016250,67,41,3,76
4016760,92,61,1,75
4017270,48,20,-3,78
4017780,73,40,3,75
4018290,98,60,-3,78
4018800,54,19,-2,80
4019310,55,39,-2,82
4019820,56,59,5,77
4020330,77,26,2,75
4020840,0,53,1,74
4021350,56,12,0,74
4021860,15,32,-6,80
4022370,71,19,5,75
4022880,96,18,-1,76
4023390,52,38,-1,77
4023900,73,58,2,75
4024410,2,17,-4,79
4024920,58,14,-3,82
4025430,59,34,6,76
4025940,84,54,0,76
4026450,40,84,-9,85
4026960,61,43,7,78
4027470,86,63,11,67
4027980,42,22,-13,80
4028490,43,42,-1,81
4029000,64,25,3,78
4029510,89,45,5,73
4030020,45,34,-7,80
4030530,66,1,2,78
4031040,81,74,0,78
4031550,0,33,0,78
4032060,101,24,5,73
4032570,57,26,-3,76
4033080,82,46,-6,82
4033590,5,48,9,73
4034100,61,7,-12,85
4034610,76,80,-3,88
4035120,97,8,13,75
4035630,47,38,-7,82
4036140,68,21,-1,83
4036650,93,41,8,75
4037160,49,68,-8,83
4037670,70,53,7,76
4038180,95,83,-2,78
4038690,51,11,-3,81
4039200,52,31,5,76
4039710,77,51,2,74
4040220,85,10,-5,79
4040730,100,40,3,76
4041240,10,67,-2,78
4041750,66,26,4,74
4042260,91,53,0,74
4042770,47,80,-9,83
4043280,68,39,4,79
4043790,93,59,4,75
4044300,49,18,-3,78
4044810,74,38,3,75
4045320,99,58,5,70
4045830,55,17,-1,71
4046340,80,44,-6,77
4046850,3,46,-2,79
4047360,2,5,2,77
4047870,58,31,-1,78
4048380,83,51,4,74
4048890,39,81,-6,80
4049400,60,40,0,80
4049910,85,70,6,74
4050420,41,29,-10,84
4050930,62,12,9,75
4051440,77,22,-3,78
4051950,0,24,-3,81
4052460,10,53,4,77
4052970,9,12,-2,79
4053480,65,23,3,76
4053990,90,50,1,75
4054500,46,77,-9,84
4055010,67,36,11,73
4055520,92,56,3,70
4056030,48,15,-12,82
4056540,49,35,8,74
4057050,50,55,-9,83
4057560,71,38,11,72
4058070,101,40,-4,76
4058580,57,67,-8,84
4059090,78,26,9,75
4059600,1,53,0,75
4060110,57,12,0,75
4060620,58,39,0,75
4061130,83,59,-2,77
4061640,39,89,-5,82
4062150,60,48,2,80
4062660,81,68,3,77
4063170,60,27,2,75
4063680,85,47,6,69
4064190,41,74,-11,80
4064700,62,33,3,77
4065210,87,53,0,77
4065720,43,55,-9,86
4066230,64,22,14,72
4066740,89,49,-5,77
4067250,45,51,-8,85
4067760,66,34,15,70
4068270,91,61,-4,74
4068780,47,20,-4,78
4069290,72,40,8,70
4069800,51,60,-9,79
4070310,72,19,7,72
4070820,28,46,-11,83
4071330,49,33,-1,84
4071840,50,16,3,81
4072350,51,36,1,80
4072860,52,56,1,79
4073370,73,39,-1,80
4073880,98,59,9,71
4074390,54,86,-8,79
4074900,75,45,5,74
4075410,100,72,-1,75
4075920,56,31,3,72
4076430,81,51,0,72
4076940,37,81,-6,78
4077450,58,40,-5,83
4077960,10,60,-1,84
4078470,9,19,4,80
4078980,65,30,3,77
4079490,90,50,5,72
4080000,46,77,-8,80
4080510,67,36,8,72
4081020,92,38,4,68
4081530,15,65,-13,81
4082040,14,24,1,80
4082550,70,11,0,80
4083060,85,21,2,78
4083570,100,20,5,73
4084080,56,50,-11,84
4084590,77,33,8,76
4085100,0,60,0,76
4085610,56,19,1,75
4086120,13,39,-7,82
4086630,12,41,-2,84
4087140,11,70,10,74
4087650,10,29,-7,81
4088160,66,31,5,76
4088670,91,51,2,74
4089180,47,78,-5,79
4089690,68,37,3,76
4090200,93,57,3,73
4090710,49,84,-13,86
4091220,70,43,9,77
4091730,49,73,-10,87
4092240,70,32,13,74
4092750,95,34,-3,77
4093260,51,36,-5,82
4093770,52,56,5,77
4094280,73,23,3,74
4094790,98,50,1,73
4095300,54,77,-10,83
4095810,75,36,9,74
4096320,100,38,0,74
4096830,56,40,-4,78
4097340,57,60,0,78
4097850,78,27,6,72
4098360,1,29,-6,78
4098870,0,89,-4,82
4099380,56,78,6,76
4099890,77,37,-2,78
4100400,0,57,1,77
4100910,56,16,5,72
4101420,35,15,-7,79
4101930,94,84,6,73
4102440,73,12,-5,78
4102950,88,32,4,74
4103460,67,59,-7,81
4103970,88,89,1,80
4104480,7,17,1,79
4104990,63,14,4,75
4105500,78,24,-1,76
4106010,1,51,0,76
4106520,82,10,-7,83
4107030,61,40,8,75
4107540,86,60,-1,76
4108050,42,19,-5,81
4108560,21,39,0,81
4109070,43,26,-4,85
4109580,44,65,2,83
4110090,65,24,12,71
4110600,90,26,-6,77
4111110,13,25,2,75
4111620,69,12,-4,79
4112130,84,32,4,75
4112640,7,34,-5,80
4113150,63,63,6,74
4113660,84,22,-5,79
4114170,63,21,4,75
4114680,88,23,0,75
4115190,1,25,1,74
4115700,0,54,-1,75
4116210,101,13,-1,76
4116720,57,43,-6,82
4117230,58,63,7,75
4117740,79,30,1,74
4118250,2,32,1,73
4118760,12,34,-10,83
4119270,68,36,12,71
4119780,24,56,-5,76
4120290,45,15,-2,78
4120800,4,35,2,76
4121310,60,26,1,75
4121820,85,46,3,72
4122330,41,48,-12,84
4122840,62,15,10,74
4123350,77,14,-3,77
4123860,92,13,1,76
4124370,48,43,-6,82
4124880,69,26,7,75
4125390,94,28,-3,78
4125900,50,27,2,76
4126410,69,47,5,71
4126920,88,77,-8,79
4127430,44,5,2,77
4127940,3,25,7,70
4128450,2,22,-6,76
4128960,83,19,2,74
4129470,98,40,-8,82
4129980,54,42,2,80
4130490,55,25,7,73
4131000,80,45,-1,74
4131510,3,47,-8,82
4132020,2,6,1,81
4132530,58,17,4,77
4133040,15,37,-2,79
4133550,71,24,5,74
4134060,96,26,7,67
4134570,52,28,-11,78
4135080,77,48,7,71
4135590,33,49,-12,83
4136100,54,16,9,74
4136610,13,36,-1,75
4137120,21,38,-3,78
4137630,42,25,2,76
4138140,61,45,-6,82
4138650,80,65,5,77
4139160,59,1,-8,85
4139670,18,74,1,84
4140180,28,33,5,79
4140690,49,16,1,78
4141200,6,36,-3,81
4141710,87,71,3,78
4142220,43,30,-6,84
4142730,44,99,6,78
4143240,65,58,1,77
4143750,44,41,-9,86
4144260,65,24,7,79
4144770,90,44,4,75
4145280,46,45,-14,89
4145790,67,28,17,72
4146300,92,30,-7,79
4146810,71,29,4,75
4147320,96,56,1,74
4147830,52,63,-12,86
4148340,73,22,10,76
4148850,98,24,5,71
4149360,54,26,-8,79
4149870,79,46,8,71
4150380,35,60,-11,82
4150890,56,27,8,74
4151400,81,47,-1,75
4151910,4,48,-4,79
4152420,85,7,-3,82
4152930,100,32,4,78
4153440,56,34,-1,79
4153950,75,54,1,78
4154460,31,46,-1,79
4154970,52,13,-4,83
4155480,53,33,4,79
4155990,54,53,-3,82
4156500,75,36,9,73
4157010,100,38,-4,77
4157520,56,39,-9,86
4158030,57,59,9,77
4158540,78,17,-1,78
4159050,93,90,-1,79
4159560,72,26,3,76
4160070,97,28,-1,77
4160580,53,30,0,77
4161090,78,50,1,76
4161600,1,88,-5,81
4162110,57,47,3,78
4162620,58,30,6,72
4163130,83,50,-4,76
4163640,39,88,-6,82
4164150,60,47,4,78
4164660,39,30,-6,84
4165170,18,13,7,77
4165680,74,82,-2,79
4166190,95,18,-2,81
4166700,51,43,-2,83
4167210,72,26,8,75
4167720,97,28,2,73
4168230,53,27,2,71
4168740,78,47,-7,78
4169250,1,85,0,78
4169760,57,44,-5,83
4170270,58,27,6,77
4170780,83,47,0,77
4171290,6,85,-3,80
4171800,62,44,-5,85
4172310,63,74,8,77
4172820,84,33,7,70
4173330,7,34,-11,81
4173840,88,63,1,80
4174350,44,64,4,76
4174860,65,23,0,76
4175370,90,43,2,74
4175880,46,44,-13,87
4176390,67,27,15,72
4176900,92,47,-6,78
4177410,48,48,-5,83
4177920,69,31,7,76
4178430,94,33,-1,77
4178940,50,32,-7,84
4179450,51,15,7,77
4179960,10,35,-7,84
4180470,91,37,12,72
4180980,14,38,-4,76
4181490,70,40,1,75
4182000,95,89,-3,78
4182510,74,25,4,74
4183020,99,27,0,74
4183530,55,26,1,73
4184040,80,46,-8,81
4184550,3,84,5,76
4185060,59,73,-1,77
4185570,80,32,2,75
4186080,3,33,-2,77
4186590,13,24,5,72
4187100,69,11,-4,76
4187610,84,84,-6,82
4188120,63,20,3,79
4188630,88,93,-9,88
4189140,7,29,16,72
4189650,88,58,-5,77
4190160,44,96,-3,80
4190670,65,55,0,80
4191180,90,38,6,74
4191690,13,39,-1,75
4192200,12,41,-8,83
4192710,22,43,2,81
4193220,43,10,4,77
4193730,2,30,1,76
4194240,12,27,-1,77
4194750,93,24,1,76
4195260,49,23,1,75
4195770,74,43,-4,79
4196280,99,57,8,71
4196790,55,58,-8,79
4197300,76,25,5,74
4197810,101,24,-2,76
4198320,57,80,-5,81
4198830,78,39,7,74
4199340,1,59,-6,80
4199850,82,18,1,79
4200360,97,91,2,77
4200870,76,27,5,72
4201380,101,54,-2,74
4201890,57,55,-8,82
4202400,29,38,-2,84
4202910,8,21,3,81
4203420,64,18,5,76
4203930,79,28,4,72
4204440,2,27,-4,76
4204950,83,56,2,74
4205460,39,15,-3,77
4205970,58,35,-3,80
4206480,83,55,6,74
4206990,39,56,-9,83
4207500,60,23,2,81
4208010,85,43,2,79
4208520,41,17,-7,86
4209030,42,37,6,80
4209540,21,20,2,78
4210050,0,3,-4,82
4210560,56,0,-1,83
4211070,71,73,-1,84
4211580,92,40,8,76
4212090,48,41,-13,89
4212600,27,24,4,85
4213110,86,93,-5,90
4213620,65,29,15,75
4214130,90,49,0,75
4214640,46,50,-6,81
4215150,67,33,8,73
4215660,92,53,-2,75
4216170,48,54,-11,86
4216680,69,21,14,72
4217190,94,20,-4,76
4217700,50,93,-7,83
4218210,71,52,10,73
4218720,50,32,-12,85
4219230,69,52,11,74
4219740,48,82,-16,90
4220250,69,41,15,75
4220760,94,71,3,72
4221270,50,72,-12,84
4221780,71,31,10,74
4222290,96,59,-1,75
4222800,52,60,-4,79
4223310,73,27,6,73
4223820,98,67,1,72
4224330,54,68,-9,81
4224840,75,27,4,77
4225350,100,47,0,77
4225860,56,48,-7,84
4226370,57,31,7,77
4226880,82,51,3,74
4227390,5,52,-6,80
4227900,86,43,6,74
4228410,42,44,-13,87
4228920,21,27,9,78
4229430,86,14,1,77
4229940,101,39,1,76
4230450,57,40,-10,86
4230960,58,60,3,83
4231470,79,43,9,74
4231980,2,17,-1,75
4232490,58,14,-1,76
4233000,73,87,-5,81
4233510,94,46,4,77
4234020,50,47,-1,78
4234530,48,30,-6,84
4235040,49,50,-1,85
4235550,70,33,10,75
4236060,95,61,0,75
4236570,51,62,-13,88
4237080,72,21,14,74
4237590,97,94,-12,86
4238100,76,30,16,70
4238610,101,31,-5,75
4239120,57,41,-6,81
4239630,58,71,-1,82
4240140,79,30,9,73
4240650,2,31,-5,78
4241160,83,28,1,77
4241670,6,55,4,73
4242180,87,14,-5,78
4242690,0,87,4,74
4243200,56,76,-9,83
4243710,77,35,7,76
4244220,0,62,1,75
4244730,81,21,0,75
4245240,16,20,-6,81
4245750,72,3,5,76
4246260,87,33,7,69
4246770,10,34,-10,79
4247280,91,31,4,75
4247790,67,2,-8,83
4248300,82,75,-7,90
4248810,61,3,14,76
4249320,76,76,-9,85
4249830,97,4,11,74
4250340,53,34,-1,75
4250850,78,54,0,75
4251360,1,55,-1,76
4251870,82,14,-1,77
4252380,97,87,-3,80
4252890,53,23,4,76
4253400,78,43,-5,81
4253910,1,44,5,76
4254420,82,35,3,73
4254930,5,62,-5,78
4255440,86,21,-2,80
4255950,42,92,-5,85
4256460,63,51,6,79
4256970,21,83,5,74
4257480,31,42,-4,78
4257990,52,9,2,76
4258500,67,82,-11,87
4259010,88,18,6,81
4259520,67,91,0,81
4260030,88,50,3,78
4260540,44,51,-4,82
4261050,6,34,4,78
4261560,16,63,-2,80
4262070,26,22,3,77
4262580,91,91,1,76
4263090,70,27,0,76
4263600,95,26,-3,79
4264110,51,25,-4,83
4264620,76,45,2,81
4265130,101,46,-2,83
4265640,57,48,5,78
4266150,82,15,0,78
4266660,97,14,4,74
4267170,53,24,-9,83
4267680,78,44,7,76
4268190,10,45,-6,82
4268700,20,4,3,79
4269210,76,73,-3,82
4269720,55,1,-6,88
4270230,70,74,8,80
4270740,91,33,13,67
4271250,47,34,-12,79
4271760,48,17,4,75
4272270,5,37,1,74
4272780,86,28,-6,80
4273290,9,27,4,76
4273800,65,24,0,76
4274310,90,97,-4,80
4274820,69,56,4,76
4275330,48,88,-12,88
4275840,69,47,9,79
4276350,94,48,-3,82
4276860,50,49,2,80
4277370,71,32,3,77
4277880,96,52,4,73
4278390,52,53,-12,85
4278900,73,36,9,76
4279410,98,50,3,73
4279920,54,51,-11,84
4280430,75,34,13,71
4280940,31,61,-1,72
4281450,52,20,-6,78
4281960,77,40,10,68
4282470,0,41,-13,81
4282980,10,70,6,75
4283490,20,29,-4,79
4284000,76,16,0,79
4284510,91,89,-5,84
4285020,70,17,-1,85
4285530,95,90,5,80
4286040,74,26,-1,81
4286550,99,53,5,76
4287060,55,54,-6,82
4287570,76,37,10,72
4288080,101,64,-4,76
4288590,57,65,-8,84
4289100,78,32,9,75
4289610,1,93,-3,78
4290120,57,82,-8,86
4290630,78,41,14,72
4291140,1,42,-5,77
4291650,82,33,1,76
4292160,5,60,-7,83
4292670,15,60,3,80
4293180,25,19,0,80
4293690,4,88,0,80
4294200,60,47,1,79
4294710,85,14,3,76
4295220,41,87,-3,79
4295730,62,46,0,79
4296240,81,66,3,76
4296750,37,25,-5,81
4297260,16,94,-5,86
4297770,26,53,4,82
4298280,47,20,-2,84
4298790,72,40,6,78
4299300,97,14,5,73
4299810,53,44,-5,78
4300320,32,11,-7,85
4300830,88,80,5,80
4301340,67,8,5,75
4301850,82,81,-3,78
4302360,61,48,-2,80
4302870,86,31,4,76
4303380,9,58,-7,83
4303890,90,17,4,79
4304400,69,90,1,78
4304910,90,49,6,72
4305420,46,50,-12,84
4305930,67,17,11,73
4306440,92,16,-4,77
4306950,5,89,-6,83
4307460,61,78,4,79
4307970,82,37,3,76
4308480,5,64,-5,81
4308990,86,23,5,76
4309500,42,96,-7,83
4310010,63,55,4,79
4310520,88,20,4,75
4311030,44,93,-8,83
4311540,65,52,4,79
4312050,44,35,-5,84
4312560,23,2,-2,86
4313070,79,71,10,76
4313580,58,38,0,76
4314090,77,58,-1,77
4314600,56,33,-8,85
4315110,64,53,6,79
4315620,43,20,-7,86
4316130,51,89,0,86
4316640,72,48,3,83
4317150,97,78,6,77
4317660,53,79,-6,83
4318170,74,38,9,74
4318680,99,65,1,73
4319190,55,66,-11,84
4319700,76,25,8,76
4320210,101,52,-6,82
4320720,57,53,-1,83
4321230,78,20,3,80
4321740,93,93,-2,82
4322250,12,52,0,82
4322760,22,11,-2,84
4323270,78,80,3,81
4323780,99,47,7,74
4324290,55,74,-8,82
4324800,76,33,12,70
4325310,101,60,-12,82
4325820,57,61,1,81
4326330,78,28,4,77
4326840,1,48,1,76
4327350,11,39,-2,78
4327860,67,37,0,78
4328370,92,51,6,72
4328880,48,78,-15,87
4329390,69,37,16,71
4329900,94,57,-6,77
4330410,50,16,-6,83
4330920,51,36,3,80
4331430,52,19,-3,83
4331940,68,39,7,76
4332450,93,59,2,74
4332960,49,18,-3,77
4333470,74,38,8,69
4333980,30,66,-10,79
4334490,51,25,4,75
4335000,76,45,-2,77
4335510,101,4,-7,84
4336020,83,34,11,73
4336530,6,95,-9,82
4337040,62,54,3,79
4337550,87,21,6,73
4338060,43,20,-13,86
4338570,44,89,2,84
4339080,65,48,8,76
4339590,90,7,-1,77
4340100,3,37,5,72
4340610,13,28,-10,82
4341120,69,15,1,81
4341630,84,88,0,81
4342140,3,47,4,77
4342650,13,38,-9,86
4343160,69,25,9,77
4343670,94,98,-3,80
4344180,13,57,-2,82
4344690,23,16,0,82
4345200,82,85,3,79
4345710,1,44,2,77
4346220,11,35,3,74
4346730,67,33,-4,78
4347240,92,53,2,76
4347750,48,54,-7,83
4348260,69,21,10,73
4348770,94,94,-4,77
4349280,73,53,0,77
4349790,30,31,-7,84
4350300,51,100,5,79
4350810,72,59,-1,80
4351320,51,26,0,80
4351830,76,46,8,72
4352340,101,60,-5,77
4352850,57,61,-8,85
4353360,78,44,8,77
4353870,1,58,-6,83
4354380,11,17,8,75
4354890,67,0,-4,79
4355400,82,73,3,76
4355910,61,40,-2,78
4356420,86,60,0,78
4356930,42,19,-4,82
4357440,67,88,2,80
4357950,88,47,10,70
4358460,44,74,-10,80
4358970,65,33,7,73
4359480,90,53,-4,77
4359990,46,80,-6,83
4360500,67,39,0,83
4361010,92,59,14,69
4361520,48,60,-16,85
4362030,69,27,11,74
4362540,94,63,-2,76
4363050,50,22,-4,80
4363560,75,42,-2,82
4364070,100,62,6,76
4364580,56,21,1,75
4365090,81,41,-4,79
4365600,4,61,0,79
4366110,14,20,1,78
4366620,70,3,-3,81
4367130,85,76,6,75
4367640,64,43,-6,81
4368150,89,63,6,75
4368660,45,64,-5,80
4369170,66,31,6,74
4369680,91,51,0,74
4370190,47,78,-7,81
4370700,68,37,12,69
4371210,93,51,-5,74
4371720,16,78,-6,80
4372230,26,37,-4,84
4372740,47,4,5,79
4373250,62,73,-5,84
4373760,83,40,9,75
4374270,6,54,-8,83
4374780,62,45,6,77
4375290,81,12,0,77
4375800,96,85,2,75
4376310,52,52,-8,83
4376820,73,19,5,78
4377330,88,55,-1,79
4377840,44,91,-2,81
4378350,65,50,3,78
4378860,90,17,4,74
4379370,46,90,-14,88
4379880,67,49,9,79
4380390,92,85,-3,82
4380900,71,52,5,77
4381410,96,88,-5,82
4381920,75,16,11,71
4382430,90,15,-9,80
4382940,3,88,-1,81
4383450,13,77,4,77
4383960,23,36,-2,79
4384470,44,3,-2,81
4384980,59,76,-4,85
4385490,80,43,11,74
4386000,3,70,-1,75
4386510,59,29,2,73
4387020,84,57,-3,76
4387530,40,93,-6,82
4388040,61,52,-1,83
4388550,86,19,7,76
4389060,65,92,-11,87
4389570,86,51,15,72
4390080,9,65,-7,79
4390590,65,24,5,74
4391100,90,52,2,72
4391610,46,79,-13,85
4392120,67,38,13,72
4392630,92,52,-2,74
4393140,48,79,-8,82
4393650,69,38,7,75
4394160,94,58,-4,79
4394670,50,85,-3,82
4395180,71,44,7,75
4395690,96,93,-3,78
4396200,15,52,-4,82
4396710,25,11,1,81
4397220,81,80,-1,82
4397730,0,47,9,73
4398240,10,38,-2,75
4398750,66,36,-2,77
4399260,91,56,4,73
4399770,47,70,-5,78
4400280,68,29,2,76
4400790,93,49,5,71
4401300,49,76,-11,82
4401810,70,35,10,72
4402320,95,63,-2,74
4402830,51,64,-2,76
4403340,72,31,9,67
4403850,97,58,-8,75
4404360,53,85,-8,83
4404870,74,44,7,76
4405380,99,64,7,69
4405890,55,65,-14,83
4406400,76,32,9,74
4406910,101,59,-4,78
4407420,57,86,-2,80
4407930,78,45,5,75
4408440,1,94,-7,82
4408950,57,83,-2,84
4409460,78,42,3,81
4409970,1,62,6,75
4410480,57,21,1,74
4410990,82,41,-1,75
4411500,5,15,-7,82
4412010,61,100,3,79
4412520,82,59,1,78
4413030,38,39,-2,80
4413540,59,6,0,80
4414050,74,79,4,76
4414560,95,64,-2,78
4415070,51,65,0,78
4415580,72,32,6,72
4416090,97,52,-1,73
4416600,53,79,-13,86
4417110,74,38,11,75
4417620,99,87,-5,80
4418130,55,23,5,75
4418640,80,43,-3,78
4419150,3,92,-2,80
4419660,59,81,2,78
4420170,80,40,0,78
4420680,3,68,2,76
4421190,59,27,4,72
4421700,84,47,0,72
4422210,7,48,-3,75
4422720,63,39,-1,76
4423230,88,59,4,72
4423740,44,60,-13,85
4424250,65,43,8,77
4424760,90,26,2,75
4425270,46,62,-4,79
4425780,67,29,5,74
4426290,92,56,10,64
4426800,48,57,-16,80
4427310,69,24,4,76
4427820,94,44,0,76
4428330,17,71,1,75
4428840,27,30,-7,82
4429350,49,99,2,80
4429860,70,58,0,80
4430370,95,25,3,77
4430880,51,24,-3,80
4431390,76,44,9,71
4431900,101,93,-8,79
4432410,20,18,3,76
4432920,76,87,-5,81
4433430,97,46,-2,83
4433940,20,73,2,81
4434450,30,32,-4,85
4434960,51,101,1,84
4435470,72,60,8,76
4435980,97,27,3,73
4436490,53,90,-12,85
4437000,74,49,11,74
4437510,41,98,-6,80
4438020,62,57,-1,81
4438530,87,24,3,78
4439040,10,60,-1,79
4439550,20,19,-2,81
4440060,76,88,1,80
4440570,97,47,6,74
4441080,20,74,-1,75
4441590,30,33,-6,81
4442100,51,0,1,80
4442610,66,73,-2,82
4443120,87,40,7,75
4443630,10,67,-2,77
4444140,66,26,1,76
4444650,91,62,5,71
4445160,47,63,-8,79
4445670,68,30,7,72
4446180,93,50,-1,73
4446690,16,77,-3,76
4447200,26,36,-2,78
4447710,47,3,-2,80
4448220,62,76,-2,82
4448730,83,43,4,78
4449240,6,17,-1,79
4449750,62,14,2,77
4450260,87,50,9,68
4450770,10,51,-16,84
4451280,64,10,5,79
4451790,79,83,-1,80
4452300,100,50,3,77
4452810,23,77,-1,78
4453320,33,36,-5,83
4453830,54,19,8,75
4454340,79,39,5,70
4454850,2,53,-8,78
4455360,12,44,-2,80
4455870,68,11,3,77
4456380,83,84,-2,79
4456890,2,51,-1,80
4457400,12,42,0,80
4457910,68,44,1,79
4458420,93,64,1,78
4458930,49,65,-3,81
4459440,70,32,4,77
4459950,65,52,-7,84
4460460,90,19,6,78
4460970,46,92,-2,80
4461480,67,51,-1,81
4461990,92,34,5,76
4462500,15,36,-2,78
4463010,25,19,1,77
4463520,81,88,-4,81
4464030,0,47,2,79
4464540,10,38,-1,80
4465050,66,40,0,80
4465560,91,60,8,72
4466070,47,61,-5,77
4466580,68,28,5,72
4467090,93,56,1,71
4467600,49,57,-13,84
4468110,70,24,8,76
4468620,95,52,1,75
4469130,51,53,-6,81
4469640,72,36,5,76
4470150,97,85,-4,80
4470660,53,65,-2,82
4471170,74,32,5,77
4471680,99,52,5,72
4472190,55,79,-11,83
4472700,76,38,11,72
4473210,101,87,-11,83
4473720,24,88,1,82
4474230,34,47,5,77
4474740,55,14,3,74
4475250,80,83,-7,81
4475760,101,50,6,75
4476270,57,77,-6,81
4476780,78,44,3,78
4477290,1,93,3,75
4477800,57,82,-16,91
4478310,78,49,21,70
4478820,34,98,-8,78
4479330,55,57,-8,86
4479840,76,40,12,74
4480350,101,89,0,74
4480860,57,23,-6,80
4481370,82,43,14,66
4481880,5,79,-13,79
4482390,61,68,-2,81
4482900,82,35,9,72
4483410,5,15,0,72
4483920,61,26,-13,85
4484430,86,46,12,73
4484940,42,20,-9,82
4485450,67,89,-5,87
4485960,88,48,12,75
4486470,44,75,-6,81
4486980,65,34,10,71
4487490,90,54,1,70
4488000,46,81,-13,83
4488510,5,40,4,79
4489020,15,31,0,79
4489530,71,100,-3,82
4490040,92,59,5,77
4490550,48,60,-6,83
4491060,69,27,4,79
4491570,94,47,5,74
4492080,50,74,-4,78
4492590,71,33,5,73
4493100,96,13,7,66
4493610,52,86,-19,85
4494120,73,45,12,73
4494630,98,45,-14,87
4495140,54,65,4,83
4495650,75,32,11,72
4496160,100,12,-3,75
4496670,56,37,-6,81
4497180,75,20,3,78
4497690,100,56,6,72
4498200,56,83,-7,79
4498710,77,42,3,76
4499220,0,91,0,76
4499730,56,36,-5,81
4500240,75,19,2,79
4500750,100,92,-4,83
4501260,79,26,6,77
4501770,2,54,-1,78
4502280,58,45,-5,83
4502790,77,12,3,80
4503300,36,85,-4,84
4503810,57,44,8,76
4504320,82,11,-2,78
4504830,97,84,-2,80
4505340,53,85,-4,84
4505850,74,44,2,82
4506360,99,93,2,80
4506870,18,91,-4,84
4507380,28,50,3,81
4507890,49,17,-2,83
4508400,50,86,-1,84
4508910,71,45,13,71
4509420,27,13,-13,84
4509930,35,82,5,79
4510440,56,41,5,74
4510950,75,24,-7,81
4511460,100,44,10,71
4511970,56,71,-16,87
4512480,77,38,13,74
4512990,0,18,-10,84
4513500,56,29,13,71
4514010,81,49,-1,72
4514520,4,85,-8,80
4515030,60,74,4,76
4515540,81,41,9,67
4516050,4,68,-9,76
4516560,60,27,-4,80
4517070,85,47,5,75
4517580,41,27,1,74
4518090,66,96,-8,82
4518600,87,55,11,71
4519110,43,56,-13,84
4519620,64,23,7,77
4520130,89,43,3,74
4520640,45,23,-7,81
4521150,70,6,5,76
4521660,85,79,-3,79
4522170,4,46,2,77
4522680,60,37,-2,79
4523190,85,20,7,72
4523700,41,93,-11,83
4524210,62,52,5,78
4524720,87,19,2,76
4525230,43,92,-9,85
4525740,64,51,5,80
4526250,89,18,3,77
4526760,45,91,-2,79
4527270,66,50,4,75
4527780,91,17,-7,82
4528290,47,90,-3,85
4528800,68,33,13,72
4529310,93,53,-2,74
4529820,49,54,-7,81
4530330,70,37,4,77
4530840,95,86,-5,82
4531350,14,22,4,78
4531860,33,33,10,68
4532370,54,0,-12,80
4532880,13,73,4,76
4533390,69,32,2,74
4533900,94,12,-5,79
4534410,68,37,9,70
4534920,93,86,-10,80
4535430,12,22,0,80
4535940,68,33,7,73
4536450,93,13,-5,78
4536960,67,86,-9,87
4537470,88,45,16,71
4537980,11,25,-2,73
4538490,67,36,-7,80
4539000,92,56,7,73
4539510,48,57,-11,84
4540020,69,24,7,77
4540530,94,52,-1,78
4541040,50,53,-3,81
4541550,71,20,2,79
4542060,96,48,5,74
4542570,19,75,-2,76
4543080,29,34,-5,81
4543590,50,1,-4,85
4544100,65,74,7,78
4544610,86,41,3,75
4545120,9,21,-3,78
4545630,65,32,6,72
4546140,90,52,-4,76
4546650,46,32,-5,81
4547160,71,15,6,75
4547670,86,88,-9,84
4548180,5,24,12,72
4548690,61,53,-8,80
4549200,86,20,7,73
4549710,42,40,-15,88
4550220,63,7,13,75
4550730,22,80,-1,76
4551240,32,39,-1,77
4551750,53,6,3,74
4552260,68,79,-10,84
4552770,89,46,8,76
4553280,12,73,-6,82
4553790,68,32,7,75
4554300,93,34,3,72
4554810,16,29,-3,75
4555320,72,40,1,74
4555830,97,89,-13,87
4556340,16,25,10,77
4556850,72,94,1,76
4557360,93,53,1,75
4557870,16,80,-1,76
4558380,26,39,-2,78
4558890,47,6,0,78
4559400,6,79,4,74
4559910,62,38,-1,75
4560420,87,58,1,74
4560930,43,59,-9,83
4561440,64,26,5,78
4561950,89,46,3,75
4562460,12,73,-4,79
4562970,68,32,3,76
4563480,93,52,7,69
4563990,49,79,-11,80
4564500,70,38,6,74
4565010,95,18,-7,81
4565520,8,38,-2,83
4566030,18,85,3,80
4566540,74,44,6,74
4567050,99,64,0,74
4567560,55,65,-7,81
4568070,76,32,9,72
4568580,101,12,-7,79
4569090,75,42,3,76
4569600,100,62,-1,77
4570110,56,89,-6,83
4570620,77,48,8,75
4571130,0,86,-3,78
4571640,56,31,1,77
4572150,81,51,0,77
4572660,4,31,9,68
4573170,60,18,-11,79
4573680,85,38,10,69
4574190,8,65,-11,80
4574700,64,24,-2,82
4575210,89,44,9,73
4575720,12,39,0,73
4576230,68,6,-5,78
4576740,83,79,3,75
4577250,2,15,-4,79
4577760,58,26,5,74
4578270,83,46,4,70
4578780,6,73,-4,74
4579290,62,32,-7,81
4579800,87,22,-3,84
4580310,10,42,0,84
4580820,66,71,2,82
4581330,87,38,7,75
4581840,10,18,-3,78
4582350,66,29,6,72
4582860,91,9,-5,77
4583370,65,41,3,74
4583880,90,79,-3,77
4584390,13,4,-3,80
4584900,69,73,5,75
4585410,90,9,-1,76
4585920,64,39,-1,77
4586430,89,59,0,77
4586940,45,60,-3,80
4587450,66,27,3,77
4587960,91,47,5,72
4588470,14,74,-5,77
4588980,70,33,4,73
4589490,95,53,1,72
4590000,51,80,-14,86
4590510,72,39,11,75
4591020,97,59,-1,76
4591530,53,86,-10,86
4592040,74,45,14,72
4592550,99,83,-4,76
4593060,55,84,-1,77
4593570,76,43,-2,79
4594080,101,63,2,77
4594590,57,90,-6,83
4595100,78,49,7,76
4595610,1,87,-8,84
4596120,57,32,8,76
4596630,82,52,2,74
4597140,5,90,-2,76
4597650,61,49,-7,83
4598160,86,32,11,72
4598670,9,12,-2,74
4599180,65,23,-5,79
4599690,90,43,7,72
4600200,13,70,-9,81
4600710,69,29,5,76
4601220,94,9,4,72
4601730,68,34,-1,73
4602240,93,14,-7,80
4602750,85,39,5,75
4603260,8,66,1,74
4603770,64,25,-4,78
4604280,89,45,5,73
4604790,12,72,-7,80
4605300,68,31,2,78
4605810,93,51,2,76
4606320,49,78,-11,87
4606830,70,37,10,77
4607340,95,57,-1,78
4607850,51,95,-3,81
4608360,72,54,7,74
4608870,97,92,-5,79
4609380,16,28,2,77
4609890,72,39,4,73
4610400,97,19,-3,76
4610910,53,44,-8,84
4611420,74,27,13,71
4611930,99,47,-3,74
4612440,22,74,-2,76
4612950,32,33,-9,85
4613460,53,16,12,73
4613970,72,36,-2,75
4614480,97,56,0,75
4614990,53,83,-6,81
4615500,74,42,5,76
4616010,99,22,0,76
4616520,55,13,-1,77
4617030,70,33,7,70
4617540,95,53,-5,75
4618050,18,80,-2,77
4618560,74,39,3,74
4619070,99,77,-8,82
4619580,55,13,7,75
4620090,70,33,4,71
4620600,95,53,-4,75
4621110,51,80,-4,79
4621620,72,39,5,74
4622130,97,59,1,73
4622640,53,97,-9,82
4623150,74,56,5,77
4623660,93,94,-7,84
4624170,12,30,0,84
4624680,68,41,6,78
4625190,93,79,4,74
4625700,0,15,-4,78
4626210,56,26,4,74
4626720,81,46,-1,75
4627230,4,84,-5,80
4627740,60,29,3,77
4628250,85,49,6,71
4628760,8,87,-10,81
4629270,64,46,1,80
4629780,83,84,-1,81
4630290,2,20,10,71
4630800,58,49,-7,78
4631310,79,32,7,71
4631820,53,12,-4,75
4632330,68,32,1,74
4632840,93,52,1,73
4633350,49,79,-6,79
4633860,70,38,0,79
4634370,95,58,3,76
4634880,51,85,-7,83
4635390,72,44,13,70
4635900,91,82,-6,76
4636410,10,18,-2,78
4636920,66,29,6,72
4637430,91,9,-9,81
4637940,45,39,-6,87
4638450,66,22,12,75
4638960,91,42,1,74
4639470,47,69,-9,83
4639980,68,28,2,81
4640490,93,8,8,73
4641000,67,38,-3,76
4641510,92,58,-1,77
4642020,48,96,-1,78
4642530,69,55,3,75
4643040,91,93,-9,84
4643550,10,29,10,74
4644060,31,16,-8,82
4644570,39,101,4,78
4645080,60,60,0,78
4645590,81,27,3,75
4646100,96,7,-7,82
4646610,70,37,7,75
4647120,95,17,1,74
4647630,8,42,-1,75
4648140,64,33,0,75
4648650,89,53,2,73
4649160,45,80,-10,83
4649670,66,39,7,76
4650180,91,59,-2,78
4650690,87,97,-6,84
4651200,6,33,8,76
4651710,62,20,0,76
4652220,87,40,7,69
4652730,10,20,-12,81
4653240,66,31,3,78
4653750,91,51,0,78
4654260,47,78,0,78
4654770,68,37,1,77
4655280,93,57,3,74
4655790,49,84,-9,83
4656300,70,43,4,79
4656810,95,73,11,68
4657320,51,9,-13,81
4657830,52,82,-2,83
4658340,73,41,7,76
4658850,98,21,3,73
4659360,54,51,-18,91
4659870,75,34,18,73
4660380,100,14,1,72
4660890,56,44,-10,82
4661400,77,11,3,79
4661910,92,84,-1,80
4662420,101,20,8,72
4662930,57,93,-14,86
4663440,78,52,10,76
4663950,97,90,-3,79
4664460,4,26,9,70
4664970,60,55,-14,84
4665480,81,38,9,75
4665990,4,18,-2,77
4666500,60,29,0,77
4667010,85,49,1,76
4667520,81,87,-4,80
4668030,0,23,7,73
4668540,56,20,-4,77
4669050,75,40,2,75
4669560,100,20,0,75
4670070,56,45,2,73
4670580,77,12,-6,79
4671090,92,37,7,72
4671600,48,17,-8,80
4672110,49,37,0,80
4672620,68,20,-2,82
4673130,93,40,7,75
4673640,16,67,-3,78
4674150,72,26,4,74
4674660,97,6,-5,79
4675170,89,36,1,78
4675680,12,16,-1,79
4676190,68,27,4,75
4676700,81,47,0,75
4677210,77,85,-9,84
4677720,98,21,6,78
4678230,72,23,1,77
4678740,97,3,-2,79
4679250,79,33,5,74
4679760,2,13,-1,75
4680270,58,24,0,75
4680780,83,44,-3,78
4681290,6,82,-5,83
4681800,62,71,5,78
4682310,83,38,4,74
4682820,6,65,-3,77
4683330,62,24,-2,79
4683840,87,44,3,76
4684350,10,71,-7,83
4684860,66,30,6,77
4685370,91,50,6,71
4685880,47,77,-10,81
4686390,68,36,5,76
4686900,93,56,6,70
4687410,49,83,-13,83
4687920,70,42,11,72
4688430,95,80,-9,81
4688940,2,16,10,71
4689450,58,27,-6,77
4689960,83,47,4,73
4690470,6,85,-6,79
4690980,62,13,4,75
4691490,77,86,-1,76
4692000,98,22,1,75
4692510,54,60,-11,86
4693020,75,43,7,79
4693530,100,81,4,75
4694040,56,17,-2,77
4694550,57,37,4,73
4695060,76,75,-10,83
4695570,64,11,0,83
4696080,79,84,0,83
4696590,100,20,4,79
4697100,13,58,-5,84
4697610,69,17,10,74
4698120,84,90,-8,82
4698630,3,26,2,80
4699140,59,37,3,77
4699650,78,75,-6,83
4700160,99,11,4,79
4700670,53,41,0,79
4701180,72,24,2,77
4701690,97,97,-3,80
4702200,16,33,0,80
4702710,37,0,-1,81
4703220,52,30,6,75
4703730,71,50,-1,76
4704240,96,88,-6,82
4704750,15,24,5,77
4705260,71,35,2,75
4705770,96,15,-2,77
4706280,70,53,0,77
4706790,89,91,-4,81
4707300,8,27,8,73
4707810,64,56,-11,84
4708320,85,41,10,74
4708830,8,68,-5,79
4709340,64,57,-3,82
4709850,85,24,6,76
4710360,100,26,1,75
4710870,56,53,-6,81
4711380,77,36,3,78
4711890,0,63,5,73
4712400,56,52,-7,80
4712910,77,35,4,76
4713420,0,55,-1,77
4713930,56,84,-8,85
4714440,77,20,6,79
4714950,92,40,0,79
4715460,15,67,-1,80
4715970,71,26,8,72
4716480,96,46,-2,74
4716990,19,73,-5,79
4717500,29,32,0,79
4718010,50,15,3,76
4718520,51,35,-6,82
4719030,70,18,2,80
4719540,89,38,11,69
4720050,12,65,-8,77
4720560,68,24,4,73
4721070,93,44,-2,75
4721580,16,71,-10,85
4722090,26,30,5,80
4722600,47,13,-1,81
4723110,48,33,-4,85
4723620,67,16,4,81
4724130,82,36,5,76
4724640,5,44,-6,82
4725150,61,35,8,74
4725660,80,73,-15,89
4726170,101,9,15,74
4726680,75,47,0,74
4727190,94,85,-4,78
4727700,52,21,4,74
4728210,71,41,-4,78
4728720,96,79,6,72
4729230,52,15,-4,76
4729740,71,35,-2,78
4730250,96,9,5,73
4730760,70,47,-1,74
4731270,89,85,-10,84
4731780,8,21,6,78
4732290,64,32,-1,79
4732800,89,52,6,73
4733310,85,79,-3,76
4733820,43,15,-1,77
4734330,62,35,1,76
4734840,81,55,4,72
4735350,77,93,-14,86
4735860,98,29,15,71
4736370,54,56,-10,81
4736880,75,39,8,73
4737390,100,66,-2,75
4737900,56,2,-3,78
4738410,71,75,-6,84
4738920,42,11,0,84
4739430,101,31,3,81
4739940,57,58,4,77
4740450,78,96,-4,81
4740960,99,32,9,72
4741470,55,34,-6,78
4741980,74,54,1,77
4742490,93,92,-5,82
4743000,12,28,-1,83
4743510,33,39,1,82
4744020,54,6,5,77
4744530,69,79,-7,84
4745040,90,15,0,84
4745550,3,40,7,77
4746060,59,31,-1,78
4746570,84,51,5,73
4747080,42,89,-8,81
4747590,63,48,0,81
4748100,82,86,1,80
4748610,1,22,3,77
4749120,57,19,4,73
4749630,82,39,3,70
4750140,5,66,-7,77
4750650,61,55,-3,80
4751160,82,38,8,72
4751670,5,65,-6,78
4752180,61,54,-4,82
4752690,82,37,13,69
4753200,5,64,-12,81
4753710,61,11,6,75
4754220,76,84,-7,82
4754730,97,20,8,74
4755240,71,58,-11,85
4755750,96,96,1,84
4756260,15,32,3,81
4756770,71,39,1,80
4757280,96,59,8,72
4757790,52,97,-9,81
4758300,73,56,9,72
4758810,31,94,-11,83
4759320,41,79,0,83
4759830,62,38,7,76
4760340,81,76,-5,81
4760850,39,12,3,78
4761360,98,32,1,77
4761870,37,59,-1,78
4762380,58,26,-2,80
4762890,83,46,9,71
4763400,6,84,-13,84
4763910,62,73,6,78
4764420,83,100,-3,81
4764930,2,36,-3,84
4765440,58,47,3,81
4765950,77,30,5,76
4766460,0,10,0,76
4766970,56,21,1,75
4767480,81,41,-1,76
4767990,4,76,1,75
4768500,60,65,-11,86
4769010,81,32,12,74
4769520,4,12,-10,84
4770030,60,23,6,78
4770540,85,43,1,77
4771050,8,81,-1,78
4771560,64,70,-3,81
4772070,85,37,7,74
4772580,8,64,-2,76
4773090,64,55,-5,81
4773600,86,38,13,68
4774110,9,65,-11,79
4774620,65,54,-1,80
4775130,87,37,6,74
4775640,43,64,-12,86
4776150,64,31,9,77
4776660,89,51,6,71
4777170,12,78,-4,75
4777680,68,67,-7,82
4778190,89,50,13,69
4778700,45,77,-18,87
4779210,66,36,13,74
4779720,85,31,1,73
4780230,8,58,-8,81
4780740,18,17,1,80
4781250,74,0,1,79
4781760,89,30,4,75
4782270,12,50,-5,80
4782780,68,41,-1,81
4783290,87,79,2,79
4783800,45,15,0,79
4784310,46,35,-1,80
4784820,65,18,4,76
4785330,84,91,-2,78
4785840,3,27,-5,83
4786350,59,24,10,73
4786860,84,52,5,68
4787370,40,79,-8,76
4787880,61,38,0,76
4788390,80,76,-4,80
4788900,38,12,0,80
4789410,46,32,-2,82
4789920,65,15,6,76
4790430,84,88,-6,82
4790940,3,24,5,77
4791450,59,21,4,73
4791960,84,41,-1,74
4792470,7,68,-6,80
4792980,63,59,-6,86
4793490,84,42,8,78
4794000,7,22,2,76
4794510,63,19,-2,78
4795020,88,39,7,71
4795530,11,66,-11,82
4796040,67,57,5,77
4796550,89,40,0,77
4797060,45,20,-10,87
4797570,64,3,10,77
4798080,79,76,-4,81
4798590,37,43,-3,84
4799100,58,10,6,78
4799610,77,83,-5,83
4800120,98,19,8,75
4800630,54,39,-5,80
4801140,73,22,5,75
4801650,98,58,0,75
4802160,54,85,-1,76
4802670,75,44,4,72
4803180,94,71,-4,76
4803690,50,98,-6,82
4804200,71,57,8,74
4804710,29,37,-1,75
4805220,50,4,-5,80
4805730,9,77,3,77
4806240,65,66,-8,85
4806750,86,33,8,77
4807260,42,13,-1,78
4807770,45,33,-6,84
4808280,64,0,1,83
4808790,21,73,9,74
4809300,31,32,-4,78
4809810,52,101,-5,83
4810320,73,60,8,75
4810830,31,98,-3,78
4811340,41,57,-5,83
4811850,62,24,9,74
4812360,87,4,-6,80
4812870,61,34,3,77
4813380,80,54,3,74
4813890,38,92,-11,85
4814400,59,51,7,78
4814910,17,34,-1,79
4815420,73,1,1,78
4815930,30,74,-2,80
4816440,51,33,4,76
4816950,70,53,-10,86
4817460,28,73,4,82
4817970,49,32,-3,85
4818480,68,15,9,76
4818990,83,51,-1,77
4819500,39,78,-9,86
4820010,60,37,3,83
4820520,79,57,11,72
4821030,37,84,-8,80
4821540,58,43,5,75
4822050,77,26,6,69
4822560,0,62,-4,73
4823070,56,53,-10,83
4823580,77,36,12,71
4824090,0,63,-6,77
4824600,56,52,-6,83
4825110,77,19,7,76
4825620,35,39,-1,77
4826130,56,6,-5,82
4826640,15,79,1,81
4827150,71,68,4,77
4827660,92,4,-6,83
4828170,66,34,9,74
4828680,85,70,-5,79
4829190,41,97,-2,81
4829700,62,56,5,76
4830210,20,23,-3,79
4830720,76,6,1,78
4831230,50,79,-7,85
4831740,71,38,10,75
4832250,96,12,-1,76
4832760,52,37,-6,82
4833270,71,20,4,78
4833780,96,56,3,75
4834290,52,83,-8,83
4834800,73,42,11,72
4835310,29,78,-8,80
4835820,50,79,2,78
4836330,71,38,3,75
4836840,90,74,-3,78
4837350,46,101,-6,84
4837860,67,92,3,81
4838370,88,28,10,71
4838880,44,64,-10,81
4839390,65,31,7,74
4839900,84,67,-2,76
4840410,40,94,-8,84
4840920,61,53,2,82
4841430,19,20,3,79
4841940,75,89,-5,84
4842450,96,25,6,78
4842960,52,61,-6,84
4843470,73,28,9,75
4843980,98,64,3,72
4844490,54,91,-15,87
4845000,75,50,9,78
4845510,33,88,-2,80
4846020,54,47,-3,83
4846530,73,14,11,72
4847040,29,50,-9,81
4847550,50,17,10,71
4848060,69,37,1,70
4848570,88,73,-8,78
4849080,46,100,-5,83
4849590,67,59,6,77
4850100,25,26,-1,78
4850610,81,95,-5,83
4851120,0,31,9,74
4851630,56,100,-9,83
4852140,77,59,3,80
4852650,33,97,-3,83
4853160,43,56,-2,85
4853670,64,25,11,74
4854180,83,61,-4,78
4854690,39,99,1,77
4855200,60,58,-9,86
4855710,81,41,11,75
4856220,37,68,-3,78
4856730,58,35,-8,86
4857240,77,18,12,74
4857750,33,54,-9,83
4858260,54,21,4,79
4858770,73,41,3,76
4859280,31,77,-8,84
4859790,52,36,11,73
4860300,71,19,-6,79
4860810,28,55,-4,83
4861320,49,22,-1,84
4861830,68,42,3,81
4862340,87,62,7,74
4862850,43,89,-8,82
4863360,64,48,3,79
4863870,22,84,3,76
4864380,78,43,-1,77
4864890,1,79,-2,79
4865400,57,68,-12,91
4865910,78,35,15,76
4866420,34,71,-5,81
4866930,55,30,2,79
4867440,74,50,-2,81
4867950,93,88,-3,84
4868460,51,13,4,80
4868970,52,86,-8,88
4869480,73,45,13,75
4869990,92,72,-1,76
4870500,48,99,-6,82
4871010,69,58,4,78
4871520,27,25,-5,83
4872030,83,94,3,80
4872540,2,19,3,77
4873050,58,16,1,76
4873560,77,52,-6,82
4874070,96,90,1,81
4874580,52,26,7,74
4875090,71,46,-5,79
4875600,29,84,-2,81
4876110,50,43,0,81
4876620,8,10,0,81
4877130,64,79,-2,83
4877640,85,4,5,78
4878150,59,77,-3,81
4878660,80,2,-3,84
4879170,54,75,0,84
4879680,75,34,11,73
4880190,100,70,-7,80
4880700,56,97,3,77
4881210,77,56,0,77
4881720,33,94,-10,87
4882230,54,53,1,86
4882740,75,20,10,76
4883250,31,56,-3,79
4883760,52,23,-1,80
4884270,77,43,7,73
4884780,33,79,-9,82
4885290,54,56,-3,85
4885800,75,23,12,73
4886310,31,59,-7,80
4886820,52,18,2,78
4887330,71,38,-4,82
4887840,90,58,6,76
4888350,46,85,-7,83
4888860,67,44,1,82
4889370,86,82,0,82
4889880,44,7,3,79
4890390,3,76,-2,81
4890900,59,65,0,81
4891410,80,32,3,78
4891920,3,68,-2,80
4892430,59,57,1,79
4892940,80,24,5,74
4893450,3,60,-5,79
4893960,59,49,2,77
4894470,78,16,0,77
4894980,34,89,-3,80
4895490,55,48,-2,82
4896000,76,15,2,80
4896510,34,51,-2,82
4897020,55,18,6,76
4897530,74,38,-5,81
4898040,93,74,4,77
4898550,49,101,-6,83
4899060,70,60,7,76
4899570,28,16,-7,83
4900080,88,85,-2,85
4900590,7,10,5,80
4901100,63,79,-3,83
4901610,84,4,0,83
4902120,58,77,2,81
4902630,79,44,2,79
4903140,37,80,-7,86
4903650,58,39,5,81
4904160,77,73,-2,83
4904670,98,92,0,83
4905180,56,17,5,78
4905690,75,90,-3,81
4906200,96,26,6,75
4906710,52,62,-10,85
4907220,73,29,13,72
4907730,98,65,-4,76
4908240,54,92,-10,86
4908750,75,51,12,74
4909260,31,78,-11,85
4909770,52,37,1,84
4910280,71,4,1,83
4910790,86,77,5,78
4911300,44,2,0,78
4911810,59,75,-5,83
4912320,80,11,6,77
4912830,95,84,0,77
4913340,51,9,0,77
4913850,70,82,1,76
4914360,91,7,-5,81
4914870,65,80,5,76
4915380,86,5,-7,83
4915890,101,30,2,81
4916400,57,66,0,81
4916910,78,33,6,75
4917420,1,69,-6,81
4917930,57,98,-6,87
4918440,78,57,10,77
4918950,36,84,-6,83
4919460,57,43,8,75
4919970,76,10,-6,81
4920480,91,83,0,81
4920990,49,8,4,77
4921500,64,44,-6,83
4922010,22,64,1,82
4922520,43,23,-2,84
4923030,62,92,-1,85
4923540,83,51,10,75
4924050,41,78,-13,88
4924560,62,37,10,78
4925070,87,73,3,75
4925580,43,7,-4,79
4926090,58,27,2,77
4926600,83,47,6,71
4927110,39,74,-11,82
4927620,60,33,12,70
4928130,79,69,-9,79
4928640,37,96,-1,80
4929150,58,55,-1,81
4929660,79,22,7,74
4930170,2,58,-5,79
4930680,58,47,-1,80
4931190,77,14,0,80
4931700,92,34,4,76
4932210,48,70,-5,81
4932720,69,29,6,75
4933230,94,49,3,72
4933740,50,76,-11,83
4934250,71,43,5,78
4934760,29,79,0,78
4935270,50,38,-3,81
4935780,69,21,1,80
4936290,27,57,-5,85
4936800,75,24,12,73
4937310,100,60,-10,83
4937820,56,87,1,82
4938330,77,46,3,79
4938840,0,82,-5,84
4939350,56,71,6,78
4939860,68,38,4,74
4940370,93,74,-6,80
4940880,49,10,-4,84
4941390,98,30,9,75
4941900,54,66,-4,79
4942410,75,33,1,78
4942920,100,69,3,75
4943430,56,96,-5,80
4943940,77,55,-3,83
4944450,35,93,2,81
4944960,56,52,-2,83
4945470,77,19,11,72
4945980,92,55,1,71
4946490,48,82,-14,85
4947000,69,41,8,77
4947510,94,77,0,77
4948020,50,2,0,77
4948530,65,75,-7,84
4949040,86,42,9,75
4949550,42,78,-1,76
4950060,63,37,4,72
4950570,82,57,-4,76
4951080,38,95,-5,81
4951590,59,54,3,78
4952100,80,37,1,77
4952610,3,11,-4,81
4953120,59,8,-6,87
4953630,74,81,9,78
4954140,95,48,6,72
4954650,51,75,-10,82
4955160,72,34,11,71
4955670,97,70,-4,75
4956180,53,97,-9,84
4956690,74,56,5,79
4957200,32,92,-4,83
4957710,53,51,1,82
4958220,74,18,3,79
4958730,89,54,2,77
4959240,45,81,-12,89
4959750,66,40,11,78
4960260,85,60,7,71
4960770,41,96,-12,83
4961280,62,55,1,82
4961790,81,22,6,76
4962300,4,58,-3,79
4962810,60,47,-1,80
4963320,79,14,-1,81
4963830,94,87,4,77
4964340,52,12,2,75
4964850,67,85,-4,79
4965360,88,44,10,69
4965870,44,71,-14,83
4966380,65,30,9,74
4966890,90,66,2,72
4967400,46,93,-11,83
4967910,67,52,8,75
4968420,25,88,-8,83
4968930,35,34,2,81
4969440,56,1,0,81
4969950,71,74,1,80
4970460,92,41,10,70
4970970,48,68,-13,83
4971480,69,35,2,81
4971990,94,55,4,77
4972500,50,82,-2,79
4973010,71,41,2,77
4973520,96,77,0,77
4974030,52,78,-3,80
4974540,73,37,11,69
4975050,98,73,-8,77
4975560,54,74,-7,84
4976070,75,41,11,73
4976580,94,77,-6,79
4977090,58,11,1,78
4977600,73,84,-2,80
4978110,94,51,4,76
4978620,50,78,-6,82
4979130,71,37,7,75
4979640,96,73,4,71
4980150,52,7,-5,76
4980660,67,80,-5,81
4981170,88,47,3,78
4981680,11,21,-1,79
4982190,67,4,-1,80
4982700,82,77,-2,82
4983210,40,13,3,79
4983720,59,98,1,78
4984230,80,57,5,73
4984740,36,66,-12,85
4985250,57,25,4,81
4985760,82,45,1,80
4986270,5,81,5,75
4986780,61,70,-10,85
4987290,82,37,7,78
4987800,5,11,5,73
4988310,61,8,-3,76
4988820,76,81,-7,83
4989330,97,66,8,75
4989840,53,93,-9,84
4990350,74,52,7,77
4990860,32,90,-3,80
4991370,53,49,-1,81
4991880,74,16,8,73
4992390,89,89,-14,87
4992900,8,14,11,76
4993410,8,99,-8,84
4993920,64,88,-1,85
4994430,85,47,10,75
4994940,41,74,-6,81
4995450,62,33,-4,85
4995960,87,53,13,72
4996470,43,80,-15,87
4996980,64,39,9,78
4997490,89,75,6,72
4998000,45,9,-9,81
4998510,46,78,-3,84
4999020,67,37,12,72
4999530,92,74,-4,76
5000040,48,8,-7,83
5000550,49,81,2,81
5001060,70,40,7,74
5001570,95,76,-7,81
5002080,51,1,1,80
5002590,66,74,2,78
5003100,87,72,2,76
5003610,43,99,-6,82
5004120,64,58,-4,86
5004630,86,25,12,74
5005140,42,61,-10,84
5005650,63,28,13,71
5006160,88,48,-5,76
5006670,44,75,-1,77
5007180,65,34,2,75
5007690,90,8,-4,79
5008200,64,33,2,77
5008710,89,53,1,76
5009220,45,80,-8,84
5009730,66,39,7,77
5010240,91,75,0,77
5010750,47,58,-13,90
5011260,68,25,16,74
5011770,93,45,-3,77
5012280,49,72,-6,83
5012790,70,39,12,71
5013300,26,13,-14,85
5013810,85,82,-2,87
5014320,43,67,5,82
5014830,64,34,3,79
5015340,89,54,7,72
5015850,45,81,-11,83
5016360,66,40,3,80
5016870,85,78,2,78
5017380,41,3,-5,83
5017890,42,76,2,81
5018400,63,35,1,80
5018910,88,55,8,72
5019420,44,82,-9,81
5019930,65,41,9,72
5020440,90,77,-6,78
5020950,46,2,-4,82
5021460,61,75,-9,91
5021970,82,42,15,76
5022480,38,16,-4,80
5022990,39,85,-3,83
5023500,60,44,2,81
5024010,18,27,8,73
5024520,74,96,-15,88
5025030,95,32,17,71
5025540,51,59,-18,89
5026050,72,26,17,72
5026560,97,0,-3,75
5027070,71,25,-1,76
5027580,96,98,-5,81
5028090,39,34,-4,85
5028600,60,17,10,75
5029110,61,53,-10,85
5029620,83,20,8,77
5030130,39,93,-9,86
5030640,60,52,7,79
5031150,82,19,8,71
5031660,38,92,-13,84
5032170,59,51,2,82
5032680,81,18,2,80
5033190,96,91,-9,89
5033700,54,16,14,75
5034210,55,89,-3,78
5034720,76,48,-3,81
5035230,95,86,-2,83
5035740,51,11,0,83
5036250,52,84,3,80
5036760,73,43,7,73
5037270,98,70,3,70
5037780,54,97,-16,86
5038290,75,56,7,79
5038800,100,94,7,72
5039310,56,19,-6,78
5039820,81,39,3,75
5040330,4,13,0,75
5040840,60,10,-1,76
5041350,75,83,-6,82
5041860,96,8,9,73
5042370,70,81,-7,80
5042880,91,6,3,77
5043390,65,79,-4,81
5043900,86,15,5,76
5044410,101,88,0,76
5044920,57,13,-5,81
5045430,58,86,0,81
5045940,79,45,5,76
5046450,2,72,3,73
5046960,58,61,-7,80
5047470,79,28,1,79
5047980,2,2,-4,83
5048490,58,13,2,81
5049000,59,86,3,78
5049510,80,45,2,76
5050020,3,72,-6,82
5050530,59,61,2,80
5051040,80,28,3,77
5051550,3,55,2,75
5052060,59,44,-2,77
5052570,78,11,-3,80
5053080,93,84,-1,81
5053590,49,9,0,81
5054100,50,82,-3,84
5054610,71,41,10,74
5055120,96,68,2,72
5055630,52,95,-3,75
5056140,73,54,-3,78
5056650,31,92,-5,83
5057160,101,51,0,83
5057670,57,78,4,79
5058180,78,67,0,79
5058690,36,94,-6,85
5059200,46,53,-2,87
5059710,67,20,5,82
5060220,92,93,0,82
5060730,11,29,9,73
5061240,21,98,-10,83
5061750,31,87,5,78
5062260,52,46,-4,82
5062770,73,13,4,78
5063280,74,86,-3,81
5063790,95,11,-1,82
5064300,69,36,8,74
5064810,94,63,1,73
5065320,50,90,-11,84
5065830,71,49,13,71
5066340,27,87,-10,81
5066850,37,76,0,81
5067360,58,35,4,77
5067870,83,55,4,73
5068380,39,82,-7,80
5068890,60,41,-5,85
5069400,61,8,9,76
5069910,62,81,-4,80
5070420,83,40,8,72
5070930,6,67,-8,80
5071440,62,56,-1,81
5071950,83,23,3,78
5072460,39,96,-6,84
5072970,60,55,3,81
5073480,81,38,0,81
5073990,4,65,5,76
5074500,60,54,-5,81
5075010,82,21,6,75
5075520,5,94,-7,82
5076030,61,83,3,79
5076540,82,42,1,78
5077050,5,69,-1,79
5077560,61,58,-2,81
5078070,82,25,6,75
5078580,5,52,-3,78
5079090,15,41,1,77
5079600,71,8,-1,78
5080110,86,81,0,78
5080620,44,6,-2,80
5081130,45,79,0,80
5081640,66,38,1,79
5082150,91,76,0,79
5082660,47,1,0,79
5083170,62,74,1,78
5083680,83,41,7,71
5084190,6,68,-1,72
5084700,62,57,-7,79
5085210,20,24,-3,82
5085720,76,93,2,80
5086230,97,18,6,74
5086740,53,91,-12,86
5087250,74,50,11,75
5087760,30,88,-10,85
5088270,40,47,-1,86
5088780,61,14,9,77
5089290,69,87,0,77
5089800,90,46,7,70
5090310,46,73,-6,76
5090820,67,32,0,76
5091330,92,6,-3,79
5091840,66,79,-2,81
5092350,87,46,14,67
5092860,54,73,-13,80
5093370,75,62,1,79
5093880,33,89,-7,86
5094390,43,48,-2,88
5094900,64,31,11,77
5095410,89,5,-1,78
5095920,63,78,-2,80
5096430,84,14,6,74
5096940,40,87,-8,82
5097450,61,46,9,73
5097960,19,66,-9,82
5098470,29,25,2,80
5098980,8,8,-7,87
5099490,64,19,14,73
5100000,65,92,-7,80
5100510,86,51,7,73
5101020,42,78,-10,83
5101530,63,37,1,82
5102040,21,57,0,82
5102550,77,16,1,81
5103060,78,89,-4,85
5103570,99,25,12,73
5104080,55,52,-9,82
5104590,76,19,7,75
5105100,91,46,1,74
5105610,47,73,-10,84
5106120,68,32,6,78
5106630,93,6,-6,84
5107140,67,79,4,80
5107650,88,4,3,77
5108160,62,77,-4,81
5108670,83,66,4,77
5109180,39,93,-10,87
5109690,60,52,6,81
5110200,18,19,-5,86
5110710,74,2,10,76
5111220,48,75,-15,91
5111730,69,34,17,74
5112240,27,61,-12,86
5112750,48,28,2,84
5113260,49,48,5,79
5113770,70,31,-1,80
5114280,95,51,9,71
5114790,51,78,-10,81
5115300,72,37,9,72
5115810,97,64,-3,75
5116320,53,91,-5,80
5116830,74,50,2,78
5117340,32,75,-5,83
5117850,53,34,-1,84
5118360,54,54,-2,86
5118870,75,37,11,75
5119380,100,64,1,74
5119890,56,91,-8,82
5120400,77,50,8,74
5120910,33,88,-8,82
5121420,54,47,0,82
5121930,75,30,7,75
5122440,100,57,-3,78
5122950,56,84,0,78
5123460,77,43,1,77
5123970,35,70,-6,83
5124480,56,29,7,76
5124990,75,49,1,75
5125500,31,76,-6,81
5126010,52,35,0,81
5126520,53,55,-3,84
5127030,74,22,2,82
5127540,32,95,0,82
5128050,53,54,0,82
5128560,74,37,9,73
5129070,30,64,-6,79
5129580,51,23,4,75
5130090,70,43,1,74
5130600,28,81,-10,84
5131110,38,40,-1,85
5131620,59,23,12,73
5132130,84,96,-5,78
5132640,3,21,6,72
5133150,59,18,-2,74
5133660,60,38,-5,79
5134170,61,12,-3,82
5134680,62,85,0,82
5135190,83,44,6,76
5135700,39,71,-6,82
5136210,60,30,8,74
5136720,85,50,-1,75
5137230,41,77,-10,85
5137740,62,36,6,79
5138250,81,56,1,78
5138760,37,83,-3,81
5139270,58,42,0,81
5139780,59,25,9,72
5140290,84,101,-8,80
5140800,3,60,5,75
5141310,59,49,-2,77
5141820,60,32,4,73
5142330,79,52,-7,80
5142840,37,90,-5,85
5143350,58,49,3,82
5143860,16,16,8,74
5144370,72,101,-11,85
5144880,93,37,15,70
5145390,49,64,-10,80
5145900,70,23,2,78
5146410,95,96,3,75
5146920,53,21,1,74
5147430,72,41,-3,77
5147940,28,15,-8,85
5148450,36,100,7,78
5148960,57,59,-12,90
5149470,78,42,12,78
5149980,36,69,-10,88
5150490,57,36,8,80
5151000,15,56,4,76
5151510,71,15,-5,81
5152020,30,88,0,81
5152530,40,47,1,80
5153040,61,14,2,78
5153550,62,87,-4,82
5154060,83,46,0,82
5154570,41,20,-4,86
5155080,42,3,4,82
5155590,43,76,2,80
5156100,64,35,5,75
5156610,89,55,-1,76
5157120,45,82,-5,81
5157630,43,41,-4,85
5158140,64,8,10,75
5158650,23,81,-4,79
5159160,33,40,1,78
5159670,54,7,5,73
5160180,55,80,-11,84
5160690,76,39,9,75
5161200,101,13,2,73
5161710,57,38,-4,77
5162220,58,21,-1,78
5162730,59,94,-5,83
5163240,80,53,12,71
5163750,36,80,-10,81
5164260,57,39,5,76
5164770,15,59,-11,87
5165280,71,18,12,75
5165790,29,91,-5,80
5166300,39,50,3,77
5166810,60,17,2,75
5167320,61,90,-11,86
5167830,82,49,10,76
5168340,38,76,-2,78
5168850,59,35,1,77
5169360,78,9,-1,78
5169870,52,82,-12,90
5170380,73,41,13,77
5170890,31,79,-4,81
5171400,52,38,2,79
5171910,53,21,5,74
5172420,78,41,0,74
5172930,36,15,-8,82
5173440,44,100,2,80
5173950,65,59,-3,83
5174460,87,42,7,76
5174970,45,69,-4,80
5175480,66,28,3,77
5175990,91,48,0,77
5176500,47,75,-5,82
5177010,68,34,9,73
5177520,93,54,0,73
5178030,49,81,-8,81
5178540,70,40,4,77
5179050,95,14,2,75
5179560,69,87,-12,87
5180070,90,23,6,81
5180580,46,96,2,79
5181090,67,55,2,77
5181600,25,74,-4,81
5182110,35,33,-3,84
5182620,56,16,13,71
5183130,57,89,-13,84
5183640,78,48,10,74
5184150,36,75,-5,79
5184660,57,34,1,78
5185170,76,54,6,72
5185680,34,92,-13,85
5186190,44,51,4,81
5186700,65,18,4,77
5187210,66,91,-4,81
5187720,87,50,10,71
5188230,45,77,-11,82
5188740,66,36,9,73
5189250,91,63,-3,76
5189760,47,90,-4,80
5190270,68,49,1,79
5190780,26,68,-2,81
5191290,36,27,-5,86
5191800,37,10,1,85
5192310,38,95,6,79
5192820,48,54,-1,80
5193330,69,21,6,74
5193840,94,94,-6,80
5194350,52,30,-4,84
5194860,53,13,9,75
5195370,54,86,-10,85
5195880,75,45,12,73
5196390,33,72,-12,85
5196900,54,31,8,77
5197410,55,51,0,77
5197920,77,34,8,69
5198430,0,61,-9,78
5198940,56,50,-1,79
5199450,96,33,0,79
5199960,52,60,-5,84
5200470,73,27,5,79
5200980,98,74,-3,82
5201490,56,101,-1,83
5202000,77,60,11,72
5202510,35,87,-6,78
5203020,56,46,-2,80
5203530,57,29,1,79
5204040,58,49,-5,84
5204550,59,32,8,76
5205060,84,52,2,74
5205570,42,79,-10,84
5206080,63,38,8,76
5206590,82,58,-2,78
5207100,40,85,-2,80
5207610,61,44,2,78
5208120,62,63,-4,82
5208630,83,30,10,72
5209140,39,57,-6,78
5209650,60,24,-1,79
5210160,61,44,1,78
5210670,62,63,1,77
5211180,83,30,0,77
5211690,41,57,-12,89
5212200,62,24,11,78
5212710,63,44,-3,81
5213220,64,11,6,75
5213730,65,84,-10,85
5214240,86,43,16,69
5214750,42,70,-14,83
5215260,63,29,8,75
5215770,88,3,-5,80
5216280,62,76,-7,87
5216790,83,43,9,78
5217300,41,70,-3,81
5217810,62,29,1,80
5218320,81,49,8,72
5218830,39,76,-10,82
5219340,60,35,6,76
5219850,18,55,-5,81
5220360,28,14,0,81
5220870,36,83,7,74
5221380,57,42,-4,78
5221890,58,62,-1,79
5222400,79,29,5,74
5222910,2,56,-3,77
5223420,12,45,-7,84
5223930,22,36,4,80
5224440,78,3,2,78
5224950,52,76,-3,81
5225460,73,35,7,74
5225970,31,62,-10,84
5226480,52,21,5,79
5226990,53,41,1,78
5227500,54,24,2,76
5228010,55,44,-4,80
5228520,56,27,4,76
5229030,57,47,2,74
5229540,15,14,-4,78
5230050,71,99,-1,79
5230560,92,58,3,76
5231070,48,85,-3,79
5231580,69,44,2,77
5232090,27,63,3,74
5232600,48,22,-8,82
5233110,49,5,3,79
5233620,57,78,-4,83
5234130,78,37,5,78
5234640,36,11,-7,85
5235150,44,96,0,85
5235660,65,55,-1,86
5236170,66,38,7,79
5236680,24,58,-2,81
5237190,80,17,1,80
5237700,81,90,-4,84
5238210,0,15,9,75
5238720,56,12,-3,78
5239230,57,85,-3,81
5239740,78,44,5,76
5240250,36,71,-8,84
5240760,57,30,6,78
5241270,58,50,-2,80
5241780,80,17,-1,81
5242290,81,90,1,80
5242800,0,49,10,70
5243310,10,38,-5,75
5243820,66,29,-4,79
5244330,24,49,-2,81
5244840,45,16,-2,83
5245350,46,36,1,82
5245860,47,19,2,80
5246370,48,39,-5,85
5246880,49,97,9,76
5247390,70,56,-5,81
5247900,28,23,-2,83
5248410,36,6,-1,84
5248920,92,91,6,78
5249430,50,16,2,76
5249940,51,36,-1,77
5250450,9,56,-6,83
5250960,65,47,5,78
5251470,23,66,-6,84
5251980,33,25,6,78
5252490,93,8,3,75
5253000,67,81,-10,85
5253510,88,9,7,78
5254020,62,82,-2,80
5254530,83,41,7,73
5255040,10,68,-9,82
5255550,20,57,-2,84
5256060,30,16,5,79
5256570,38,101,0,79
5257080,48,60,-4,83
5257590,69,27,8,75
5258100,70,54,-1,76
5258610,28,73,-1,77
5259120,49,32,-8,85
5259630,50,101,5,80
5260140,71,60,1,79
5260650,29,27,-6,85
5261160,50,10,8,77
5261670,51,83,-1,78
5262180,72,42,-1,79
5262690,30,69,-3,82
5263200,51,28,0,82
5263710,52,48,1,81
5264220,73,15,2,79
5264730,31,88,-5,84
5265240,41,47,-1,85
5265750,62,14,15,70
5266260,63,41,-8,78
5266770,64,60,-2,80
5267280,85,27,-1,81
5267790,41,100,1,80
5268300,62,59,-1,81
5268810,83,26,4,77
5269320,41,99,-1,78
5269830,4,58,4,74
5270340,60,47,-8,82
5270850,61,14,5,77
5271360,62,87,-4,81
5271870,83,46,3,78
5272380,41,73,-5,83
5272890,62,32,6,77
5273400,20,52,1,76
5273910,30,11,-4,80
5274420,38,96,3,77
5274930,48,55,-3,80
5275440,69,18,5,75
5275950,70,45,-2,77
5276460,28,64,-7,84
5276970,49,23,1,83
5277480,50,43,-2,85
5277990,71,10,8,77
5278500,29,83,-5,82
5279010,39,42,-7,89
5279520,60,25,15,74
5280030,61,52,-4,78
5280540,83,19,0,78
5281050,41,92,-1,79
5281560,62,51,-2,81
5282070,20,18,2,79
5282580,76,87,-6,85
5283090,97,12,10,75
5283600,71,85,-13,88
5284110,92,10,8,80
5284620,66,83,-3,83
5285130,87,42,6,77
5285640,45,69,-6,83
5286150,66,28,7,76
5286660,67,55,-1,77
5287170,25,22,-3,80
5287680,33,5,-5,85
5288190,41,88,7,78
5288700,62,47,-1,79
5289210,63,66,-8,87
5289720,84,85,9,78
5290230,3,10,-1,79
5290740,59,7,1,78
5291250,60,80,0,78
5291760,81,39,6,72
5292270,39,66,-9,81
5292780,60,25,7,74
5293290,61,45,-2,76
5293800,19,64,-2,78
5294310,29,23,1,77
5294820,37,6,-3,80
5295330,45,91,-1,81
5295840,66,50,-5,86
5296350,67,17,11,75
5296860,68,44,-6,81
5297370,69,63,1,80
5297880,90,90,-2,82
5298390,48,15,6,76
5298900,49,35,-4,80
5299410,50,18,1,79
5299920,51,38,-2,81
5300430,52,21,4,77
5300940,53,41,-4,81
5301450,54,8,1,80
5301960,55,81,-5,85
5302470,76,40,13,72
5302980,34,67,-7,79
5303490,55,26,1,78
5304000,56,46,-3,81
5304510,57,29,3,78
5305020,58,56,-4,82
5305530,79,39,5,77
5306040,37,66,-1,78
5306550,58,25,12,66
5307060,83,52,-8,74
5307570,41,79,-4,78
5308080,37,38,-4,82
5308590,58,5,3,79
5309100,59,78,-5,84
5309610,80,37,10,74
5310120,38,64,-8,82
5310630,59,23,7,75
5311140,60,86,-4,79
5311650,81,45,8,71
5312160,39,72,-12,83
5312670,60,31,12,71
5313180,61,58,-9,80
5313690,82,25,5,75
5314200,5,52,-7,82
5314710,15,43,0,82
5315220,25,26,11,71
5315730,46,9,-8,79
5316240,47,82,-3,82
5316750,68,41,3,79
5317260,69,60,4,75
5317770,91,79,-3,78
5318280,49,4,-5,83
5318790,64,77,7,76
5319300,38,36,-6,82
5319810,59,19,3,79
5320320,60,39,-3,82
5320830,61,58,5,77
5321340,82,41,3,74
5321850,40,68,-10,84
5322360,61,27,6,78
5322870,86,47,4,74
5323380,44,74,-11,85
5323890,65,33,12,73
5324400,90,53,1,72
5324910,46,80,-9,81
5325420,67,39,5,76
5325930,68,58,-4,80
5326440,90,77,-3,83
5326950,48,2,2,81
5327460,63,75,5,76
5327970,84,42,3,73
5328480,40,69,-6,79
5328990,61,28,1,78
5329500,86,55,2,76
5330010,42,82,-5,81
5330520,63,23,6,75
5331030,21,50,-3,78
5331540,77,9,-5,83
5332050,92,82,6,77
5332560,50,7,-6,83
5333070,51,80,1,82
5333580,72,39,5,77
5334090,97,66,5,72
5334600,53,93,-8,80
5335110,74,52,2,78
5335620,32,71,-1,79
5336130,53,30,-2,81
5336640,54,50,4,77
5337150,75,33,2,75
5337660,33,60,-24,99
5338170,54,43,13,86
5338680,55,26,5,81
5339190,80,1,0,81
5339700,54,74,0,81
5340210,75,41,4,77
5340720,100,68,1,76
5341230,56,95,-6,82
5341740,77,54,6,76
5342250,35,81,-6,82
5342760,56,40,3,79
5343270,57,23,9,70
5343780,82,50,-4,74
5344290,38,77,-3,77
5344800,59,36,-3,80
5345310,78,19,7,73
5345820,34,92,-8,81
5346330,55,51,-3,84
5346840,76,34,9,75
5347350,101,61,1,74
5347860,57,88,-2,76
5348370,78,47,0,76
5348880,36,74,-5,81
5349390,57,33,5,76
5349900,76,53,-4,80
5350410,34,72,-2,82
5350920,55,31,0,82
5351430,74,14,2,80
5351940,89,87,-1,81
5352450,8,12,2,79
5352960,64,97,0,79
5353470,85,56,-1,80
5353980,43,83,1,79
5354490,64,42,-1,80
5355000,65,61,0,80
5355510,86,44,5,75
5356020,44,71,-9,84
5356530,65,30,6,78
5357040,84,83,0,78
5357550,3,8,1,77
5358060,59,5,1,76
5358570,74,78,-7,83
5359080,95,3,6,77
5359590,69,76,-4,81
5360100,90,43,10,71
5360610,83,91,-9,80
5361120,2,16,8,72
5361630,58,13,1,71
5362140,73,86,-10,81
5362650,94,11,9,72
5363160,68,84,-16,88
5363670,89,12,10,78
5364180,63,85,-1,79
5364690,84,44,1,78
5365200,40,71,-1,79
5365710,61,30,2,77
5366220,80,57,2,75
5366730,38,84,-7,82
5367240,59,43,3,79
5367750,60,62,5,74
5368260,81,29,-1,75
5368770,39,56,-7,82
5369280,60,23,-1,83
5369790,61,43,4,79
5370300,19,62,0,79
5370810,29,21,0,79
5371320,89,4,1,78
5371830,63,77,-5,83
5372340,84,36,10,73
5372850,40,63,-3,76
5373360,61,22,-4,80
5373870,62,42,3,77
5374380,20,61,-3,80
5374890,30,20,0,80
5375400,38,3,0,80
5375910,99,88,1,79
5376420,57,13,2,77
5376930,58,86,0,77
5377440,79,45,4,73
5377950,37,72,-12,85
5378460,58,31,10,75
5378970,77,58,-2,77
5379480,35,85,-8,85
5379990,56,44,5,80
5380500,57,27,6,74
5381010,76,47,1,73
5381520,34,74,-10,83
5382030,55,33,4,79
5382540,56,53,0,79
5383050,77,20,1,78
5383560,92,47,7,71
5384070,48,74,-13,84
5384580,69,33,12,72
5385090,88,60,-9,81
5385600,46,87,1,80
5386110,67,46,-1,81
5386620,25,65,-1,82
5387130,46,24,0,82
5387640,47,7,2,80
5388150,48,80,3,77
5388660,69,39,1,76
5389170,88,66,-2,78
5389680,46,93,-3,81
5390190,67,52,2,79
5390700,25,71,-8,87
5391210,35,30,6,81
5391720,95,13,3,78
5392230,69,86,-8,86
5392740,90,45,15,71
5393250,46,72,-12,83
5393760,67,31,8,75
5394270,86,2,-11,86
5394780,60,75,4,82
5395290,81,42,6,76
5395800,39,69,-5,81
5396310,60,28,4,77
5396820,1,55,-3,80
5397330,57,46,-1,81
5397840,15,29,-2,83
5398350,71,12,6,77
5398860,79,85,-12,89
5399370,100,52,21,68
5399880,56,79,-15,83
5400390,77,38,7,76
5400900,35,65,-5,81
5401410,56,24,8,73
5401920,75,44,1,72
5402430,33,71,-10,82
5402940,54,30,9,73
5403450,73,50,-7,80
5403960,31,69,-4,84
5404470,52,28,8,76
5404980,71,48,-3,79
5405490,90,67,9,70
5406000,46,94,-11,81
5406510,67,53,0,81
5407020,25,20,2,79
5407530,85,3,-5,84
5408040,59,76,7,77
5408550,80,43,2,75
5409060,38,70,-9,84
5409570,59,29,9,75
5410080,78,49,-3,78
5410590,36,76,-4,82
5411100,57,35,3,79
5411610,76,55,5,74
5412120,34,82,-14,88
5412630,55,41,8,80
5413140,56,8,6,74
5413650,57,81,-7,81
5414160,78,40,10,71
5414670,36,67,-14,85
5415180,57,26,5,80
5415690,58,46,0,80
5416200,16,13,-1,81
5416710,72,98,-5,86
5417220,93,57,13,73
5417730,49,84,-7,80
5418240,70,43,1,79
5418750,89,70,6,73
5419260,47,97,-6,79
5419770,68,56,-8,87
5420280,26,23,7,80
5420790,86,6,2,78
5421300,60,79,-2,80
5421810,81,38,8,72
5422320,37,65,-8,80
5422830,58,24,9,71
5423340,77,97,-20,91
5423850,98,56,16,75
5424360,54,83,-6,81
5424870,75,42,5,76
5425380,33,16,-2,78
5425890,41,101,-1,79
5426400,62,60,-3,82
5426910,83,43,6,76
5427420,39,70,-10,86
5427930,60,29,8,78
5428440,79,33,2,76
5428950,35,60,-6,82
5429460,56,19,4,78
5429970,75,92,-7,85
5430480,96,51,7,78
5430990,52,78,-7,85
5431500,73,37,10,75
5432010,31,64,-11,86
5432520,52,23,8,78
5433030,71,43,3,75
5433540,29,62,-6,81
5434050,50,21,2,79
5434560,69,41,4,75
5435070,27,60,-1,76
5435580,48,19,-2,78
5436090,67,39,1,77
5436600,86,59,-1,78
5437110,42,86,-7,85
5437620,60,45,6,79
5438130,18,64,2,77
5438640,74,23,1,76
5439150,32,50,-5,81
5439660,38,17,-6,87
5440170,39,0,6,81
5440680,100,73,6,75
5441190,56,74,-8,83
5441700,77,41,11,72
5442210,33,68,-9,81
5442720,54,27,-1,82
5443230,73,47,1,81
5443740,31,66,2,79
5444250,52,25,4,75
5444760,71,45,2,73
5445270,29,64,-9,82
5445780,50,23,5,77
5446290,69,43,2,75
5446800,88,63,-1,76
5447310,44,22,-1,77
5447820,63,5,-7,84
5448330,22,78,10,74
5448840,32,37,-8,82
5449350,53,20,7,75
5449860,72,40,1,74
5450370,91,14,-6,80
5450880,47,24,-2,82
5451390,66,16,7,75
5451900,74,89,-7,82
5452410,95,48,9,73
5452920,51,75,-11,84
5453430,72,42,9,75
5453940,91,61,3,72
5454450,47,62,-7,79
5454960,68,29,-1,80
5455470,87,56,5,75
5455980,43,97,-5,80
5456490,64,56,2,78
5457000,86,23,6,72
5457510,42,84,-13,85
5458020,63,43,6,79
5458530,82,62,2,77
5459040,40,63,-3,80
5459550,61,22,5,75
5460060,80,95,-7,82
5460570,101,54,6,76
5461080,57,81,-12,88
5461590,78,40,14,74
5462100,36,14,0,74
5462610,44,83,-15,89
5463120,65,42,13,76
5463630,84,61,-1,77
5464140,40,62,-4,81
5464650,61,29,5,76
5465160,80,49,5,71
5465670,38,23,-13,84
5466180,46,6,2,82
5466690,61,79,2,80
5467200,82,38,7,73
5467710,101,65,-6,79
5468220,57,66,-2,81
5468730,78,33,7,74
5469240,97,7,-4,78
5469750,53,80,-7,85
5470260,74,39,9,76
5470770,93,13,-7,83
5471280,67,86,2,81
5471790,88,45,8,73
5472300,44,72,-12,85
5472810,65,31,9,76
5473320,84,5,-9,85
5473830,58,78,6,79
5474340,79,37,-1,80
5474850,98,11,3,77
5475360,54,21,2,75
5475870,73,41,-1,76
5476380,92,15,1,75
5476890,48,88,-10,85
5477400,69,47,9,76
5477910,88,66,0,76
5478420,44,67,-8,84
5478930,65,34,8,76
5479440,84,54,0,76
5479950,40,28,-8,84
5480460,59,11,9,75
5480970,74,84,-5,80
5481480,95,51,11,69
5481990,51,78,-17,86
5482500,72,37,15,71
5483010,91,11,-5,76
5483520,65,84,-3,79
5484030,86,43,6,73
5484540,42,70,-12,85
5485050,63,37,6,79
5485560,82,57,4,75
5486070,38,84,-8,83
5486580,59,43,8,75
5487090,78,10,-3,78
5487600,34,83,-8,86
5488110,55,42,2,84
5488620,74,9,7,77
5489130,89,82,1,76
5489640,47,7,-1,77
5490150,62,80,-6,83
5490660,83,39,9,74
5491170,39,66,-15,89
5491680,60,33,8,81
5492190,79,53,8,73
5492700,35,80,-8,81
5493210,56,39,3,78
5493720,75,6,-4,82
5494230,83,79,5,77
5494740,41,46,-8,85
5495250,62,13,8,77
5495760,77,86,-4,81
5496270,98,11,8,73
5496780,54,21,0,73
5497290,73,41,-1,74
5497800,92,15,0,74
5498310,48,88,-8,82
5498820,69,47,-1,83
5499330,88,66,10,73
5499840,44,93,-7,80
5500350,65,52,0,80
5500860,84,19,-2,82
5501370,40,92,0,82
5501880,61,51,-1,83
5502390,82,18,3,80
5502900,38,91,-1,81
5503410,59,50,-5,86
5503920,80,17,3,83
5504430,36,90,4,79
5504940,57,49,2,77
5505450,78,16,0,77
5505960,34,89,-6,83
5506470,55,48,0,83
5506980,76,31,7,76
5507490,95,58,0,76
5508000,51,85,-2,78
5508510,72,44,4,74
5509020,91,18,1,73
5509530,47,91,-10,83
5510040,68,50,4,79
5510550,87,17,7,72
5511060,43,27,-6,78
5511570,62,10,0,78
5512080,77,83,-4,82
5512590,98,50,3,79
5513100,54,77,-2,81
5513610,75,36,9,72
5514120,94,63,1,71
5514630,50,90,-12,83
5515140,71,49,2,81
5515650,90,68,7,74
5516160,46,95,-8,82
5516670,67,54,8,74
5517180,89,21,3,71
5517690,45,94,-11,82
5518200,66,53,7,75
5518710,85,20,0,75
5519220,41,93,-10,85
5519730,62,52,2,83
5520240,83,19,10,73
5520750,39,29,-8,81
5521260,58,12,-1,82
5521770,77,85,3,79
5522280,98,52,4,75
5522790,54,79,-7,82
5523300,75,46,-2,84
5523810,94,73,13,71
5524320,50,100,-9,80
5524830,71,59,-2,82
5525340,90,26,4,78
5525850,46,99,-4,82
5526360,67,58,1,81
5526870,89,25,3,78
5527380,45,52,-8,86
5527890,66,19,11,75
5528400,85,92,-11,86
5528910,4,17,6,80
5529420,60,14,7,73
5529930,79,87,-8,81
5530440,100,54,10,71
5530950,56,81,-10,81
5531460,78,40,8,73
5531970,97,67,-1,74
5532480,53,94,0,74
5532990,74,53,-3,77
5533500,93,80,3,74
5534010,51,5,-4,78
5534520,66,78,-3,81
5535030,87,45,8,73
5535540,4,72,-10,83
5536050,60,61,0,83
5536560,81,28,8,75
5537070,37,2,-11,86
5537580,52,87,4,82
5538090,73,46,7,75
5538600,92,73,-3,78
5539110,48,100,-2,80
5539620,69,59,-4,84
5540130,88,26,11,73
5540640,94,34,-5,78
5541150,50,5,-3,81
5541660,72,78,-8,89
5542170,93,45,15,74
5542680,49,72,-10,84
5543190,70,39,3,81
5543700,89,13,9,72
5544210,45,23,-4,76
5544720,64,6,-1,77
5545230,79,79,-3,80
5545740,100,46,-2,82
5546250,56,73,-7,89
5546760,77,40,15,74
5547270,96,67,-2,76
5547780,52,94,0,76
5548290,73,53,3,73
5548800,92,80,-2,75
5549310,48,5,-6,81
5549820,63,78,4,77
5550330,84,3,-5,82
5550840,58,76,3,79
5551350,79,35,1,78
5551860,98,62,7,71
5552370,54,89,-10,81
5552880,75,48,5,76
5553390,94,75,2,74
5553900,50,0,-5,79
5554410,65,73,3,76
5554920,86,40,3,73
5555430,53,67,-8,81
5555940,74,34,3,78
5556450,93,61,-2,80
5556960,49,88,-1,81
5557470,70,47,2,79
5557980,89,74,4,75
5558490,45,101,-5,80
5559000,66,79,2,78
5559510,87,46,1,77
5560020,43,73,-6,83
5560530,64,32,8,75
5561040,83,6,-6,81
5561550,98,79,9,72
5562060,54,4,-5,77
5562570,69,77,-7,84
5563080,90,9,7,77
5563590,60,82,-5,82
5564100,81,41,8,74
5564610,100,68,3,71
5565120,56,95,-10,81
5565630,77,54,3,78
5566140,96,81,1,77
5566650,52,6,-1,78
5567160,67,79,-4,82
5567670,88,4,0,82
5568180,44,77,4,78
5568690,65,36,1,77
5569200,84,10,1,76
5569710,99,20,3,73
5570220,55,30,-4,77
5570730,74,50,-3,80
5571240,93,77,4,76
5571750,51,2,-2,78
5572260,66,75,-1,79
5572770,87,42,2,77
5573280,43,69,-4,81
5573790,64,28,9,72
5574300,83,55,-3,75
5574810,39,82,-11,86
5575320,60,41,11,75
5575830,79,60,-3,78
5576340,98,87,1,77
5576850,56,12,0,77
5577360,71,85,-13,90
5577870,92,10,11,79
5578380,48,83,-3,82
5578890,69,42,3,79
5579400,88,72,2,77
5579910,46,99,-10,87
5580420,67,58,8,79
5580930,89,41,-1,80
5581440,6,68,2,78
5581950,62,57,-3,81
5582460,83,40,11,70
5582970,0,67,-5,75
5583480,56,56,-10,85
5583990,77,39,12,73
5584500,96,66,-6,79
5585010,92,93,2,77
5585520,11,18,0,77
5586030,67,1,-8,85
5586540,82,74,4,81
5587050,40,101,1,80
5587560,40,60,-8,88
5588070,61,27,15,73
5588580,80,47,-7,80
5589090,99,74,-1,81
5589600,55,101,-3,84
5590110,76,60,8,76
5590620,95,87,-4,80
5591130,53,12,1,79
5591640,72,85,-8,87
5592150,93,10,5,82
5592660,67,83,3,79
5593170,88,42,3,76
5593680,1,69,-7,83
5594190,57,58,5,78
5594700,78,25,1,77
5595210,93,52,7,70
5595720,10,75,-14,84
5596230,66,64,5,79
5596740,87,47,8,71
5597250,4,74,-3,74
5597760,60,63,-4,78
5598270,81,30,5,73
5598780,96,57,0,73
5599290,52,84,-8,81
5599800,73,43,5,76
5600310,92,70,-2,78
5600820,34,97,0,78
5601330,55,56,3,75
5601840,76,23,-2,77
5602350,91,50,-1,78
5602860,47,77,-8,86
5603370,68,36,10,76
5603880,93,63,0,76
5604390,49,90,-6,82
5604900,70,49,4,78
5605410,89,76,2,76
5605920,9,1,-5,81
5606430,65,86,1,80
5606940,86,45,8,72
5607450,82,72,-7,79
5607960,2,99,-7,86
5608470,11,88,3,83
5608980,67,77,2,81
5609490,88,2,4,77
5610000,62,75,-9,86
5610510,83,42,14,72
5611020,39,69,-13,85
5611530,60,28,7,78
5612040,79,48,8,70
5612550,98,75,-6,76
5613060,94,0,-5,81
5613570,68,30,1,80
5614080,87,57,-1,81
5614590,83,84,2,79
5615100,2,9,-1,80
5615610,58,6,1,79
5616120,73,79,-1,80
5616630,94,4,2,78
5617140,68,77,-3,81
5617650,89,36,5,76
5618160,2,63,-1,77
5618670,58,52,-1,78
5619180,80,19,0,78
5619690,95,39,1,77
5620200,51,66,-5,82
5620710,72,33,11,71
5621220,91,60,4,67
5621730,47,87,-16,83
5622240,68,46,6,77
5622750,87,73,-1,78
5623260,45,100,0,78
5623770,66,59,1,77
5624280,98,26,3,74
5624790,54,2,-5,79
5625300,69,75,-2,81
5625810,90,42,0,81
5626320,3,69,0,81
5626830,59,58,-2,83
5627340,80,25,5,78
5627850,95,5,5,73
5628360,69,64,-9,82
5628870,91,31,8,74
5629380,47,58,-6,80
5629890,85,25,10,70
5630400,41,52,-10,80
5630910,62,19,3,77
5631420,81,46,-2,79
5631930,96,73,10,69
5632440,52,100,-13,82
5632950,73,59,8,74
5633460,95,86,0,74
5633970,53,11,-10,84
5634480,68,84,6,78
5634990,89,43,3,75
5635500,45,70,-5,80
5636010,66,29,7,73
5636520,85,9,-3,76
5637030,59,68,-5,81
5637540,80,35,12,69
5638050,95,62,-6,75
5638560,51,89,-8,83
5639070,72,48,8,75
5639580,91,75,-1,76
5640090,47,0,-5,81
5640600,62,73,-5,86
5641110,83,40,10,76
5641620,0,67,3,73
5642130,56,56,-11,84
5642640,77,23,11,73
5643150,92,50,0,73
5643660,48,77,-7,80
5644170,69,36,6,74
5644680,88,16,-3,77
5645190,58,24,1,76
5645700,77,44,-6,82
5646210,96,71,9,73
5646720,52,98,-8,81
5647230,73,57,2,79
5647740,92,24,5,74
5648250,48,32,-6,80
5648760,67,101,1,79
5649270,88,60,9,70
5649780,44,87,-9,79
5650290,65,46,-2,81
5650800,84,29,0,81
5651310,99,56,5,76
5651820,55,83,-4,80
5652330,76,42,-2,82
5652840,101,69,8,74
5653350,57,96,-9,83
5653860,78,55,1,82
5654370,74,82,-2,84
5654880,95,7,13,71
5655390,51,66,-6,77
5655900,36,33,-5,82
5656410,57,16,4,78
5656920,72,43,3,75
5657430,69,70,-5,80
5657940,90,37,6,74
5658450,46,64,-10,84
5658960,67,31,7,77
5659470,92,58,0,77
5659980,48,85,0,77
5660490,69,44,1,76
5661000,88,63,-1,77
5661510,44,90,-1,78
5662020,65,49,-9,87
5662530,84,16,8,79
5663040,99,36,6,73
5663550,55,63,-7,80
5664060,76,30,8,72
5664570,91,57,2,70
5665080,44,84,-9,79
5665590,65,43,-1,80
5666100,84,63,5,75
5666610,40,90,-5,80
5667120,61,49,3,77
5667630,69,16,1,76
5668140,84,77,-11,87
5668650,42,9,5,82
5669160,61,94,2,80
5669670,82,53,1,79
5670180,38,80,-1,80
5670690,59,39,-2,82
5671200,78,59,3,79
5671710,36,86,-1,80
5672220,57,45,4,76
5672730,76,12,-8,84
5673240,91,85,3,81
5673750,49,10,4,77
5674260,64,30,5,72
5674770,83,10,-4,76
5675280,98,83,-3,79
5675790,54,8,1,78
5676300,69,81,-7,85
5676810,90,6,8,77
5677320,60,65,-8,85
5677830,81,67,13,72
5678340,39,94,-5,77
5678850,60,53,-6,83
5679360,82,20,13,70
5679870,38,28,-10,80
5680380,57,11,8,72
5680890,72,84,-7,79
5681400,93,9,1,78
5681910,49,82,0,78
5682420,70,41,1,77
5682930,95,15,1,76
5683440,51,74,-3,79
5683950,72,33,5,74
5684460,97,60,4,70
5684970,53,87,-19,89
5685480,74,46,18,71
5685990,30,84,-13,84
5686500,40,43,-1,85
5687010,61,26,10,75
5687520,80,6,-14,89
5688030,95,79,8,81
5688540,53,4,2,79
5689050,68,77,-1,80
5689560,89,2,6,74
5690070,63,75,-4,78
5690580,84,0,3,75
5691090,66,73,-8,83
5691600,87,40,10,73
5692110,0,67,-3,76
5692620,56,56,-7,83
5693130,77,23,11,72
5693640,92,84,-10,82
5694150,50,9,2,80
5694660,65,29,9,71
5695170,90,3,-7,78
5695680,64,33,4,74
5696190,83,7,1,73
5696700,39,80,-6,79
5697210,60,39,1,78
5697720,79,59,-5,83
5698230,98,86,2,81
5698740,56,11,11,70
5699250,71,31,-1,71
5699760,90,11,-11,82
5700270,64,84,-1,83
5700780,85,20,10,73
5701290,41,81,-11,84
5701800,62,40,4,80
5702310,60,78,-11,91
5702820,81,37,19,72
5703330,96,64,-3,75
5703840,52,91,-7,82
5704350,73,50,3,79
5704860,92,88,-2,81
5705370,11,13,10,71
5705880,67,98,-12,83
5706390,88,57,8,75
5706900,44,84,-4,79
5707410,65,43,3,76
5707920,84,70,-3,79
5708430,4,97,-1,80
5708940,60,37,5,75
5709450,79,71,0,75
5709960,37,67,-2,77
5710470,58,26,4,73
5710980,77,29,2,71
5711490,92,9,-5,76
5712000,66,82,-13,89
5712510,87,18,13,76
5713020,43,38,-2,78
5713530,64,21,2,76
5714040,79,94,-6,82
5714550,100,19,8,74
5715060,56,56,-3,77
5715570,77,39,2,75
5716080,96,13,2,73
5716590,52,82,-8,81
5717100,73,41,5,76
5717610,92,15,3,73
5718120,62,74,-6,79
5718630,83,33,4,75
5719140,98,60,1,74
5719650,54,87,-8,82
5720160,75,46,3,79
5720670,94,84,0,79
5721180,52,9,0,79
5721690,67,82,-2,81
5722200,88,7,1,80
5722710,62,80,-3,83
5723220,83,39,13,70
5723730,39,66,-11,81
5724240,60,25,7,74
5724750,79,45,-3,77
5725260,98,72,0,77
5725770,81,99,5,72
5726280,0,58,-5,77
5726790,56,47,-5,82
5727300,75,30,6,76
5727810,90,91,-3,79
5728320,9,16,0,79
5728830,65,101,-5,84
5729340,86,60,12,72
5729850,82,56,-1,73
5730360,78,83,-10,83
5730870,99,8,5,78
5731380,73,33,6,72
5731890,92,7,-3,75
5732400,66,66,-9,84
5732910,87,33,13,71
5733420,0,94,-11,82
5733930,56,34,4,78
5734440,75,17,2,76
5734950,90,90,-3,79
5735460,48,100,2,77
5735970,69,59,-2,79
5736480,90,26,3,76
5736990,3,34,3,73
5737500,13,47,-8,81
5738010,69,78,3,78
5738520,90,3,-2,80
5739030,64,76,-2,82
5739540,85,8,3,79
5740050,100,81,4,75
5740560,56,6,-5,80
5741070,71,79,-1,81
5741580,92,4,5,76
5742090,66,63,-8,84
5742600,87,46,9,75
5743110,4,73,-8,83
5743620,60,13,8,75
5744130,75,86,-7,82
5744640,96,11,7,75
5745150,52,22,0,75
5745660,71,42,-3,78
5746170,90,16,3,75
5746680,88,75,-1,76
5747190,46,0,-2,78
5747700,61,73,-4,82
5748210,82,40,8,74
5748720,101,14,-8,82
5749230,57,73,3,79
5749740,78,40,3,76
5750250,97,14,-3,79
5750760,67,73,-2,81
5751270,88,40,6,75
5751780,1,67,-3,78
5752290,57,56,-5,83
5752800,78,39,11,72
5753310,97,13,-3,75
5753820,71,72,-10,85
5754330,92,39,11,74
5754840,5,66,-4,78
5755350,61,55,-5,83
5755860,82,38,3,80
5756370,5,12,3,77
5756880,61,97,-6,83
5757390,82,56,6,77
5757900,101,83,2,75
5758410,59,8,-4,79
5758920,74,81,-3,82
5759430,95,6,4,78
5759940,69,36,8,70
5760450,94,16,-4,74
5760960,68,89,-5,79
5761470,89,48,4,75
5761980,45,75,-8,83
5762490,66,34,8,75
5763000,91,8,-1,76
5763510,65,81,0,76
5764020,86,40,2,74
5764530,101,67,0,74
5765040,57,26,-4,78
5765550,76,46,2,76
5766060,95,20,0,76
5766570,8,28,0,76
5767080,64,25,-1,77
5767590,83,101,-2,79
5768100,2,37,0,79
5768610,12,50,-3,82
5769120,68,9,4,78
5769630,83,82,1,77
5770140,41,7,-6,83
5770650,56,92,0,83
5771160,77,51,10,73
5771670,96,78,-4,77
5772180,54,3,0,77
5772690,69,76,0,77
5773200,90,1,-9,86
5773710,64,74,4,82
5774220,85,6,2,80
5774730,100,79,7,73
5775240,56,4,-2,75
5775750,27,77,-9,84
5776260,37,36,3,81
5776770,58,19,3,78
5777280,73,39,2,76
5777790,92,13,-1,77
5778300,62,72,-4,81
5778810,83,99,3,78
5779320,2,58,-2,80
5779830,58,42,2,78
5780340,77,25,3,75
5780850,92,52,4,71
5781360,48,79,-9,80
5781870,69,38,7,73
5782380,88,12,-7,80
5782890,62,85,-3,83
5783400,83,44,8,75
5783910,0,71,1,74
5784420,56,60,-3,77
5784930,77,27,5,72
5785440,92,54,-2,74
5785950,48,81,-5,79
5786460,69,40,3,76
5786970,88,67,-1,77
5787480,44,94,-4,81
5787990,65,53,1,80
5788500,90,20,5,75
5789010,46,93,-7,82
5789520,67,52,3,79
5790030,86,86,-5,84
5790540,5,11,8,76
5791050,61,96,-2,78
5791560,82,55,-1,79
5792070,101,82,7,72
5792580,57,7,-7,79
5793090,72,80,2,77
5793600,93,5,-6,83
5794110,67,78,4,79
5794620,88,37,8,71
5795130,1,64,-1,72
5795640,57,53,-6,78
5796150,78,20,3,75
5796660,93,81,-8,83
5797170,51,17,5,78
5797680,70,37,3,75
5798190,95,57,0,75
5798700,51,84,-4,79
5799210,72,43,3,76
5799720,91,17,1,75
5800230,4,54,-7,82
5800740,46,45,0,82
5801250,67,28,8,74
5801760,82,8,-3,77
5802270,97,0,-5,82
5802780,79,73,-1,83
5803290,101,100,8,75
5803800,59,25,-2,77
5804310,84,45,-1,78
5804820,99,19,6,72
5805330,55,92,-12,84
5805840,76,51,11,73
5806350,95,25,-4,77
5806860,51,33,0,77
5807370,70,16,3,74
5807880,85,89,-8,82
5808390,4,14,5,77
5808900,60,11,4,73
5809410,75,84,-5,78
5809920,96,9,-2,80
5810430,66,82,-5,85
5810940,87,18,9,76
5811450,0,79,-1,77
5811960,56,68,-6,83
5812470,77,35,11,72
5812980,92,9,-1,73
5813490,66,82,-7,80
5814000,87,41,13,67
5814510,43,68,-11,78
5815020,64,27,-2,80
5815530,89,1,0,80
5816040,63,74,-6,86
5816550,84,33,12,74
5817060,54,94,-9,83
5817570,72,53,7,76
5818080,91,33,9,67
5818590,47,94,-16,83
5819100,68,53,1,82
5819610,87,33,2,80
5820120,0,94,1,79
5820630,56,34,-1,80
5821140,75,17,3,77
5821650,90,78,-1,78
5822160,48,3,-3,81
5822670,63,76,0,81
5823180,84,35,4,77
5823690,99,96,-1,78
5824200,57,21,4,74
5824710,27,41,-10,84
5825220,48,24,0,84
5825730,76,7,2,82
5826240,91,80,3,79
5826750,49,5,-2,81
5827260,64,78,5,76
5827770,85,37,1,75
5828280,100,98,-4,79
5828790,58,23,3,76
5829300,28,43,-6,82
5829810,10,10,-5,87
5830320,66,95,4,83
5830830,87,54,12,71
5831340,43,81,-7,78
5831850,64,40,5,73
5832360,83,14,-5,78
5832870,53,87,-1,79
5833380,74,46,2,77
5833890,93,20,4,73
5834400,49,81,-11,84
5834910,70,40,12,72
5835420,84,14,-5,77
5835930,54,87,1,76
5836440,75,46,-1,77
5836950,94,20,-2,79
5837460,64,81,-5,84
5837970,85,40,6,78
5838480,100,14,2,76
5838990,56,87,-3,79
5839500,77,46,5,74
5840010,47,20,-3,77
5840520,66,40,2,75
5841030,85,14,1,74
5841540,41,87,-7,81
5842050,62,46,1,80
5842560,81,13,2,78
5843070,96,86,1,77
5843580,54,11,0,77
5844090,69,86,-3,80
5844600,90,45,10,70
5845110,46,46,-17,87
5845620,67,29,4,83
5846130,79,3,0,83
5846640,49,76,-3,86
5847150,70,35,14,72
5847660,89,9,-5,77
5848170,63,82,-7,84
5848680,84,41,11,73
5849190,99,47,-4,77
5849700,55,6,3,74
5850210,70,79,-10,84
5850720,52,38,2,82
5851230,53,21,5,77
5851740,81,41,5,72
5852250,96,15,-6,78
5852760,66,52,-2,80
5853270,94,19,4,76
5853780,50,27,-4,80
5854290,78,47,5,75
5854800,92,21,0,75
5855310,48,82,-7,82
5855820,69,41,6,76
5856330,88,15,0,76
5856840,58,74,-4,80
5857350,79,33,7,73
5857860,94,94,-5,78
5858370,52,19,0,78
5858880,22,39,-1,79
5859390,43,6,-6,85
5859900,58,91,9,76
5860410,79,50,0,76
5860920,49,24,-1,77
5861430,77,44,3,74
5861940,91,18,0,74
5862450,61,79,-9,83
5862960,82,38,9,74
5863470,97,65,-4,78
5863980,53,24,0,78
5864490,72,44,1,77
5865000,91,18,3,74
5865510,61,26,-2,76
5866020,73,0,-6,82
5866530,43,73,-3,85
5867040,17,32,1,84
5867550,73,101,0,84
5868060,94,60,8,76
5868570,50,61,-4,80
5869080,71,20,8,72
5869590,86,81,-13,85
5870100,18,6,6,79
5870610,74,91,-5,84
5871120,95,50,10,74
5871630,51,77,-9,83
5872140,72,36,5,78
5872650,42,56,-6,84
5873160,63,39,-2,86
5873670,91,22,11,75
5874180,47,30,-1,76
5874690,75,50,3,73
5875200,89,51,-2,75
5875710,45,78,-11,86
5876220,66,37,9,77
5876730,85,11,-3,80
5877240,55,49,-9,89
5877750,76,32,13,76
5878260,46,59,-9,85
5878770,67,18,8,77
5879280,82,79,-5,82
5879790,1,4,7,75
5880300,57,89,-6,81
5880810,78,48,4,77
5881320,48,75,-7,84
5881830,69,34,10,74
5882340,88,8,-3,77
5882850,62,81,-11,88
5883360,69,40,10,78
5883870,94,14,0,78
5884380,68,87,-2,80
5884890,89,46,10,70
5885400,45,73,-13,83
5885910,66,32,9,74
5886420,91,6,-5,79
5886930,65,36,1,78
5887440,90,10,1,77
5887950,64,83,0,77
5888460,85,42,3,74
5888970,100,69,4,70
5889480,56,70,-11,81
5889990,77,29,9,72
5890500,92,56,-2,74
5891010,48,83,-7,81
5891520,69,42,3,78
5892030,94,62,7,71
5892540,50,63,-11,82
5893050,71,30,7,75
5893560,86,10,-4,79
5894070,56,83,-2,81
5894580,77,42,2,79
5895090,0,16,5,74
5895600,56,13,-3,77
5896110,71,86,0,77
5896620,92,45,6,71
5897130,48,72,-11,82
5897640,69,31,5,77
5898150,94,5,2,75
5898660,68,35,2,73
5899170,93,9,-7,80
5899680,67,82,-4,84
5900190,88,41,11,73
5900700,44,68,-6,79
5901210,65,27,5,74
5901720,35,1,-8,82
5902230,96,86,2,80
5902740,5,11,9,71
5903250,61,8,-7,78
5903760,31,81,-6,84
5904270,52,40,4,80
5904780,53,23,1,79
5905290,78,43,2,77
5905800,1,17,-3,80
5906310,57,14,4,76
5906820,72,87,-5,81
5907330,93,12,1,80
5907840,67,85,-4,84
5908350,88,44,7,77
5908860,44,71,-3,80
5909370,65,30,5,75
5909880,90,4,-2,77
5910390,64,77,-5,82
5910900,85,2,2,80
5911410,59,75,-4,84
5911920,80,34,9,75
5912430,50,61,-10,85
5912940,71,28,7,78
5913450,41,2,0,78
5913960,0,75,5,73
5914470,56,64,-5,78
5914980,77,31,1,77
5915490,47,92,-12,89
5916000,68,51,10,79
5916510,69,31,10,69
5917020,39,5,-12,81
5917530,47,90,-5,86
5918040,68,49,5,81
5918550,87,69,5,76
5919060,43,96,-3,79
5919570,64,55,-9,88
5920080,65,22,14,74
5920590,35,49,-7,81
5921100,56,16,6,75
5921610,71,89,-6,81
5922120,92,48,9,72
5922630,48,75,-7,79
5923140,69,34,-3,82
5923650,94,8,11,71
5924160,68,81,-9,80
5924670,89,6,2,78
5925180,63,79,1,77
5925690,84,38,2,75
5926200,54,65,-8,83
5926710,75,24,12,71
5927220,45,51,-14,85
5927730,66,18,5,80
5928240,36,79,-1,81
5928750,57,38,-1,82
5929260,58,21,11,71
5929770,28,97,-4,75
5930280,39,56,-7,82
5930790,60,23,6,76
5931300,85,99,-4,80
5931810,4,24,4,76
5932320,60,21,-3,79
5932830,72,97,-6,85
5933340,93,56,14,71
5933850,49,15,-12,83
5934360,19,35,4,79
5934870,75,2,-5,84
5935380,45,75,-2,86
5935890,66,10,8,78
5936400,81,83,-6,84
5936910,0,8,4,80
5937420,56,5,-1,81
5937930,71,78,4,77
5938440,92,37,6,71
5938950,48,98,-11,82
5939460,69,57,3,79
5939970,70,24,2,77
5940480,95,85,-1,78
5940990,4,10,1,77
5941500,60,95,-11,88
5942010,81,54,11,77
5942520,92,81,-3,80
5943030,1,6,4,76
5943540,57,91,-6,82
5944050,78,50,7,75
5944560,92,24,-3,78
5945070,62,85,-1,79
5945580,83,44,5,74
5946090,97,18,-4,78
5946600,71,79,-4,82
5947110,92,4,3,79
5947620,66,77,-6,85
5948130,87,36,7,78
5948640,57,72,-3,81
5949150,78,85,0,81
5949660,99,10,8,73
5950170,73,83,-9,82
5950680,94,8,9,73
5951190,68,81,-12,85
5951700,89,40,11,74
5952210,45,67,-13,87
5952720,66,26,11,76
5953230,91,0,-12,88
5953740,65,84,7,81
5954250,86,43,5,76
5954760,9,70,-4,80
5955270,65,59,0,80
5955780,87,26,4,76
5956290,61,87,-8,84
5956800,82,46,7,77
5957310,96,73,-1,78
5957820,52,100,1,77
5958330,73,59,-2,79
5958840,84,18,3,76
5959350,54,79,-6,82
5959860,84,38,11,71
5960370,40,65,-10,81
5960880,61,24,5,76
5961390,86,100,-9,85
5961900,5,25,13,72
5962410,61,22,-8,80
5962920,86,83,1,79
5963430,44,8,0,79
5963940,14,81,4,75
5964450,70,40,1,74
5964960,95,14,-4,78
5965470,69,87,-2,80
5965980,90,12,-2,82
5966490,64,85,3,79
5967000,85,44,1,78
5967510,8,71,-5,83
5968020,64,60,2,81
5968530,85,19,5,76
5969040,55,80,-8,84
5969550,76,39,7,77
5970060,62,13,-2,79
5970570,32,86,-2,81
5971080,42,45,-4,85
5971590,63,96,2,83
5972100,84,55,0,83
5972610,98,82,2,81
5973120,54,7,1,80
5973630,69,80,1,79
5974140,90,39,3,76
5974650,46,100,-7,83
5975160,67,59,3,80
5975670,89,18,-1,81
5976180,63,79,2,79
5976690,84,38,0,79
5977200,7,65,-1,80
5977710,63,54,0,80
5978220,85,13,2,78
5978730,55,86,-3,81
5979240,76,45,5,76
5979750,90,72,1,75
5980260,46,99,-7,82
5980770,67,58,-5,87
5981280,88,17,6,81
5981790,1,78,2,79
5982300,57,67,-2,81
5982810,78,26,10,71
5983320,93,87,-8,79
5983830,51,12,3,76
5984340,66,85,-13,89
5984850,87,44,17,72
5985360,43,71,-8,80
5985870,64,30,12,68
5986380,78,4,-15,83
5986890,48,77,-2,85
5987400,69,36,11,74
5987910,94,10,-7,81
5988420,68,87,2,79
5988930,89,46,4,75
5989440,1,73,4,71
5989950,57,62,-6,77
5990460,78,16,-3,80
5990970,48,77,-1,81
5991480,69,36,4,77
5991990,94,10,-4,81
5992500,68,83,-2,83
5993010,89,8,3,80
5993520,63,81,-5,85
5994030,84,40,13,72
5994540,98,101,-2,74
5995050,17,26,-5,79
5995560,73,12,0,79
5996070,88,85,1,78
5996580,46,10,1,77
5997090,47,83,-1,78
5997600,68,42,5,73
5998110,93,69,2,71
5998620,49,28,-6,77
5999130,74,48,-3,80
5999640,88,75,2,78
6000150,99,0,-6,84
6000660,73,73,-3,87
6001170,94,100,6,81
6001680,13,2,-2,83
6002190,69,87,4,79
6002700,90,46,2,77
6003210,2,73,2,75
6003720,58,62,-4,79
6004230,79,21,2,77
6004740,94,82,-2,79
6005250,3,7,3,76
6005760,59,92,-7,83
6006270,80,51,10,73
6006780,94,78,-3,76
6007290,62,3,-3,79
6007800,77,76,-12,91
6008310,98,1,2,89
6008820,72,74,5,84
6009330,93,101,-1,85
6009840,12,26,6,79
6010350,68,33,5,74
6010860,93,7,-5,79
6011370,67,80,-6,85
6011880,88,39,13,72
6012390,0,100,-12,84
6012900,56,89,0,84
6013410,77,48,9,75
6013920,91,75,-1,76
6014430,0,0,-5,81
6014940,56,11,7,74
6015450,71,84,-7,81
6015960,92,9,5,76
6016470,66,82,1,75
6016980,87,41,5,70
6017490,101,68,-6,76
6018000,57,95,-5,81
6018510,78,54,6,75
6019020,89,81,-3,78
6019530,47,6,-2,80
6020040,62,79,-2,82
6020550,83,38,6,76
6021060,97,65,0,76
6021570,53,92,-3,79
6022080,74,51,5,74
6022590,88,78,-8,82
6023100,99,3,4,78
6023610,73,76,-5,83
6024120,94,1,4,79
6024630,68,74,-10,89
6025140,89,2,4,85
6025650,63,75,5,80
6026160,84,34,6,74
6026670,7,95,-7,81
6027180,63,84,-1,82
6027690,84,43,8,74
6028200,98,70,-1,75
6028710,54,97,-7,82
6029220,75,56,7,75
6029730,89,83,-10,85
6030240,9,8,1,84
6030750,65,93,1,83
6031260,86,52,10,73
6031770,100,79,-2,75
6032280,56,4,-6,81
6032790,71,77,0,81
6033300,92,2,4,77
6033810,66,75,-6,83
6034320,87,0,-1,84
6034830,61,73,-2,86
6035340,82,32,15,71
6035850,5,93,-6,77
6036360,61,82,-8,85
6036870,82,41,7,78
6037380,96,68,2,76
6037890,52,95,-4,80
6038400,73,54,2,78
6038910,74,81,1,77
6039420,95,40,2,75
6039930,51,67,-2,77
6040440,72,26,5,72
6040950,87,87,-1,73
6041460,45,12,-7,80
6041970,46,85,-5,85
6042480,67,44,12,73
6042990,92,71,0,73
6043500,48,98,-7,80
6044010,69,57,5,75
6044520,91,16,-2,77
6045030,65,89,-6,83
6045540,86,48,8,75
6046050,100,75,2,73
6046560,56,0,-5,78
6047070,71,73,-3,81
6047580,92,100,8,73
6048090,11,25,-9,82
6048600,67,32,3,79
6049110,92,3,-1,80
6049620,66,76,2,78
6050130,87,35,4,74
6050640,43,96,-7,81
6051150,64,55,1,80
6051660,86,22,5,75
6052170,42,83,-11,86
6052680,63,42,12,74
6053190,77,1,-10,84
6053700,51,74,-4,88
6054210,72,33,10,78
6054720,86,94,-5,83
6055230,5,19,2,81
6055740,61,16,3,78
6056250,45,89,-9,87
6056760,66,48,7,80
6057270,67,65,4,76
6057780,88,24,0,76
6058290,58,85,-8,84
6058800,79,44,11,73
6059310,93,3,-16,89
6059820,67,76,3,86
6060330,88,35,11,75
6060840,44,96,-7,82
6061350,65,55,4,78
6061860,76,14,2,76
6062370,46,87,-5,81
6062880,67,46,3,78
6063390,68,5,-8,86
6063900,94,78,8,78
6064410,3,37,1,77
6064920,84,34,7,70
6065430,40,95,-13,83
6065940,61,54,1,82
6066450,83,37,11,71
6066960,39,98,-9,80
6067470,60,57,0,80
6067980,81,24,6,74
6068490,37,85,-9,83
6069000,58,44,6,77
6069510,59,3,3,74
6070020,74,76,-9,83
6070530,95,35,4,79
6071040,51,96,-3,82
6071550,72,55,6,76
6072060,86,14,1,75
6072570,60,75,-8,83
6073080,81,34,13,70
6073590,95,95,-12,82
6074100,53,54,3,79
6074610,74,21,2,77
6075120,89,82,-7,84
6075630,100,41,5,79
6076140,56,0,0,79
6076650,15,73,3,76
6077160,71,32,0,76
6077670,85,93,0,76
6078180,4,52,0,76
6078690,85,43,1,75
6079200,41,2,-7,82
6079710,0,75,-2,84
6080220,56,64,8,76
6080730,77,23,-4,80
6081240,78,84,-7,87
6081750,99,43,11,76
6082260,55,2,-2,78
6082770,20,75,-5,83
6083280,30,34,4,79
6083790,51,1,2,77
6084300,10,74,0,77
6084810,66,63,-11,88
6085320,87,30,12,76
6085830,43,91,-9,85
6086340,64,50,2,83
6086850,65,17,7,76
6087360,80,78,-4,80
6087870,91,37,4,76
6088380,47,98,-1,77
6088890,68,57,-2,79
6089400,69,24,3,76
6089910,39,85,-6,82
6090420,60,44,5,77
6090930,61,11,0,77
6091440,62,72,-8,85
6091950,83,31,12,73
6092460,39,92,-6,79
6092970,60,51,-1,80
6093480,61,18,5,75
6093990,45,79,-8,83
6094500,66,38,5,78
6095010,77,99,-4,82
6095520,98,58,9,73
6096030,54,17,2,71
6096540,66,78,-10,81
6097050,87,37,7,74
6097560,43,98,-10,84
6098070,64,57,8,76
6098580,86,24,7,69
6099090,42,85,-11,80
6099600,63,44,-1,81
6100110,64,3,-3,84
6100620,79,76,3,81
6101130,90,35,8,73
6101640,46,96,-9,82
6102150,67,55,8,74
6102660,78,22,-8,82
6103170,48,83,-8,90
6103680,69,42,10,80
6104190,94,1,-1,81
6104700,68,74,-8,89
6105210,89,33,12,77
6105720,45,94,-7,84
6106230,66,53,2,82
6106740,67,12,1,81
6107250,68,85,-1,82
6107760,89,44,7,75
6108270,45,3,-9,84
6108780,4,76,9,75
6109290,60,65,-7,82
6109800,81,32,6,76
6110310,4,93,-10,86
6110820,60,82,2,84
6111330,81,41,12,72
6111840,37,0,-13,85
6112350,98,73,13,72
6112860,54,32,-6,78
6113370,55,101,-2,80
6113880,76,60,1,79
6114390,87,19,4,75
6114900,61,80,-8,83
6115410,84,39,7,76
6115920,40,100,-5,81
6116430,51,59,-3,84
6116940,72,18,9,75
6117450,42,79,-10,85
6117960,63,38,9,76
6118470,88,14,-2,78
6118980,62,75,0,78
6119490,83,34,-2,80
6120000,6,95,-1,81
6120510,15,84,-2,83
6121020,26,73,4,79
6121530,36,32,-3,82
6122040,37,101,1,81
6122550,48,60,-2,83
6123060,4,27,11,72
6123570,14,24,-6,78
6124080,70,31,-2,80
6124590,95,92,0,80
6125100,4,51,2,78
6125610,14,40,-2,80
6126120,24,7,-5,85
6126630,80,92,3,82
6127140,101,51,9,73
6127650,57,10,-2,75
6128160,16,83,-6,81
6128670,27,42,0,81
6129180,48,9,1,80
6129690,60,82,0,80
6130200,81,41,7,73
6130710,95,0,-13,86
6131220,69,73,-1,87
6131730,90,55,7,80
6132240,46,14,-3,83
6132750,58,83,2,81
6133260,79,42,8,73
6133770,90,1,-10,83
6134280,64,74,3,80
6134790,85,33,7,73
6135300,41,94,-9,82
6135810,62,53,2,80
6136320,84,20,-1,81
6136830,99,81,4,77
6137340,55,40,2,75
6137850,56,7,-6,81
6138360,57,80,3,78
6138870,78,39,9,69
6139380,92,100,-10,79
6139890,11,59,0,79
6140400,21,18,-5,84
6140910,77,1,4,80
6141420,51,74,-7,87
6141930,72,33,11,76
6142440,97,94,-2,78
6142950,6,53,-8,86
6143460,87,66,7,79
6143970,98,25,2,77
6144480,54,86,-4,81
6144990,75,45,8,73
6145500,86,4,-1,74
6146010,60,77,-11,85
6146520,81,36,6,79
6147030,4,97,-3,82
6147540,60,86,3,79
6148050,81,45,4,75
6148560,92,4,-2,77
6149070,66,77,-5,82
6149580,87,36,8,74
6150090,10,97,-9,83
6150600,91,86,-2,85
6151110,0,45,10,75
6151620,56,36,3,72
6152130,81,97,-16,88
6152640,0,56,11,77
6153150,56,69,-2,79
6153660,77,28,7,72
6154170,47,89,-17,89
6154680,68,48,11,78
6155190,69,7,0,78
6155700,84,80,-4,82
6156210,95,39,2,80
6156720,51,100,2,78
6157230,72,59,4,74
6157740,83,18,-4,78
6158250,53,79,-7,85
6158760,74,38,12,73
6159270,85,99,-8,81
6159780,4,58,8,73
6160290,85,47,2,71
6160800,41,6,-11,82
6161310,42,79,-3,85
6161820,63,38,8,77
6162330,74,5,2,75
6162840,44,78,-8,83
6163350,65,37,9,74
6163860,76,98,-15,89
6164370,97,57,7,82
6164880,53,16,-1,83
6165390,65,89,2,81
6165900,86,48,7,74
6166410,42,7,-12,86
6166920,43,92,1,85
6167430,64,51,10,75
6167940,75,18,-3,78
6168450,45,79,-4,82
6168960,66,38,9,73
6169470,77,12,-4,77
6169980,47,73,-8,85
6170490,68,32,10,75
6171000,93,93,-4,79
6171510,2,52,2,77
6172020,83,41,5,72
6172530,39,0,-9,81
6173040,100,73,0,81
6173550,56,32,4,77
6174060,81,101,-13,90
6174570,0,60,13,77
6175080,81,49,4,73
6175590,37,8,-6,79
6176100,38,77,-2,81
6176610,59,36,1,80
6177120,84,3,3,77
6177630,58,76,-3,80
6178140,79,59,2,78
6178650,90,18,6,72
6179160,46,79,-9,81
6179670,67,38,6,75
6180180,78,99,-6,81
6180690,99,58,3,78
6181200,55,17,-3,81
6181710,67,90,-3,84
6182220,88,49,10,74
6182730,99,8,-1,75
6183240,73,81,-4,79
6183750,94,40,3,76
6184260,50,101,1,75
6184770,71,60,-4,79
6185280,82,27,7,72
6185790,38,88,-13,85
6186300,59,47,6,79
6186810,84,14,5,74
6187320,54,87,-10,84
6187830,75,46,14,70
6188340,86,5,-7,77
6188850,60,78,-9,86
6189360,81,37,12,74
6189870,4,98,0,74
6190380,60,87,-7,81
6190890,81,46,6,75
6191400,92,5,0,75
6191910,66,78,-4,79
6192420,87,37,8,71
6192930,43,98,-8,79
6193440,64,57,-2,81
6193950,75,24,3,78
6194460,45,85,-5,83
6194970,66,44,0,83
6195480,67,24,4,79
6195990,92,97,-3,82
6196500,1,56,9,73
6197010,82,45,-3,76
6197520,38,4,-10,86
6198030,39,77,6,80
6198540,60,36,4,76
6199050,72,56,2,74
6199560,83,15,-3,77
6200070,57,88,-5,82
6200580,78,47,4,78
6201090,89,6,-2,80
6201600,63,79,0,80
6202110,84,38,6,74
6202620,40,99,1,73
6203130,51,58,-12,85
6203640,72,25,9,76
6204150,97,86,-6,82
6204660,53,11,5,77
6205170,68,84,-3,80
6205680,89,43,4,76
6206190,45,2,-5,81
6206700,4,73,5,76
6207210,60,64,-9,85
6207720,81,31,11,74
6208230,4,92,-10,84
6208740,60,81,3,81
6209250,81,40,5,76
6209760,4,101,1,75
6210270,13,90,-6,81
6210780,24,63,4,77
6211290,34,22,-5,82
6211800,46,5,0,82
6212310,47,78,0,82
6212820,68,37,10,72
6213330,79,11,-7,79
6213840,94,53,4,75
6214350,50,80,-9,84
6214860,71,39,7,77
6215370,96,13,0,77
6215880,70,86,-5,82
6216390,91,45,6,76
6216900,47,4,-1,77
6217410,48,77,-4,81
6217920,69,36,3,78
6218430,94,56,3,75
6218940,50,83,-3,78
6219450,71,42,3,75
6219960,61,79,-5,80
6220470,82,38,7,73
6220980,38,26,-10,83
6221490,39,9,2,81
6222000,47,94,0,81
6222510,68,53,4,77
6223020,79,33,2,75
6223530,2,94,-4,79
6224040,58,83,0,79
6224550,79,42,7,72
6225060,93,69,-4,76
6225570,49,96,-6,82
6226080,70,55,-1,83
6226590,81,56,7,76
6227100,37,57,-3,79
6227610,58,16,4,75
6228120,70,89,-7,82
6228630,91,48,4,78
6229140,47,75,-7,85
6229650,68,34,8,77
6230160,93,54,3,74
6230670,49,81,-2,76
6231180,70,40,0,76
6231690,84,14,-1,77
6232200,58,87,-7,84
6232710,79,46,9,75
6233220,35,73,-8,83
6233730,56,32,2,81
6234240,68,52,6,75
6234750,69,53,1,74
6235260,80,80,-9,83
6235770,10,8,0,83
6236280,66,93,4,79
6236790,87,52,8,71
6237300,43,79,-10,81
6237810,64,38,3,78
6238320,78,58,0,78
6238830,89,59,5,73
6239340,45,86,-10,83
6239850,66,45,6,77
6240360,77,75,-1,78
6240870,98,3,-4,82
6241380,72,76,1,81
6241890,93,65,2,79
6242400,49,66,-12,91
6242910,70,55,12,79
6243420,81,35,5,74
6243930,37,96,-7,81
6244440,48,55,-5,86
6244950,69,22,9,77
6245460,39,95,-3,80
6245970,60,54,-2,82
6246480,81,21,9,73
6246990,37,82,-7,80
6247500,58,41,1,79
6248010,70,61,-1,80
6248520,81,50,5,75
6249030,37,77,-3,78
6249540,58,36,0,78
6250050,44,56,-6,84
6250560,65,23,8,76
6251070,77,96,-8,84
6251580,98,55,15,69
6252090,54,82,-14,83
6252600,75,41,11,72
6253110,89,68,-4,76
6253620,45,95,-5,81
6254130,66,54,3,78
6254640,77,13,0,78
6255150,51,86,-4,82
6255660,72,45,1,81
6256170,86,75,1,80
6256680,44,0,-2,82
6257190,3,73,4,78
6257700,59,62,-1,79
6258210,80,51,9,70
6258720,36,78,-11,81
6259230,57,37,4,77
6259740,68,57,1,76
6260250,26,46,-2,78
6260760,47,13,0,78
6261270,59,86,-2,80
6261780,80,45,6,74
6262290,36,19,-11,85
6262800,44,88,1,84
6263310,65,47,3,81
6263820,66,27,3,78
6264330,36,100,-4,82
6264840,47,75,3,79
6265350,68,34,1,78
6265860,38,5,-6,84
6266370,46,78,2,82
6266880,67,37,5,77
6267390,19,11,-8,85
6267900,75,96,3,82
6268410,96,21,5,77
6268920,70,82,-10,87
6269430,91,7,10,77
6269940,65,80,-10,87
6270450,86,69,13,74
6270960,42,96,-8,82
6271470,63,55,1,81
6271980,84,22,-1,82
6272490,54,95,1,81
6273000,75,54,5,76
6273510,31,55,-1,77
6274020,52,22,-2,79
6274530,64,42,0,79
6275040,75,72,-8,87
6275550,33,61,2,85
6276060,54,20,7,78
6276570,66,93,-8,86
6277080,87,52,19,67
6277590,43,79,-12,79
6278100,64,38,-1,80
6278610,76,58,0,80
6279120,34,59,-4,84
6279630,55,18,12,72
6280140,67,91,-15,87
6280650,88,19,11,76
6281160,62,92,-9,85
6281670,83,51,9,76
6282180,39,78,-11,87
6282690,60,37,8,79
6283200,72,66,-6,85
6283710,30,96,3,82
6284220,40,55,-1,83
6284730,61,22,4,79
6285240,73,95,-5,84
6285750,94,54,11,73
6286260,50,81,-9,82
6286770,71,40,9,73
6287280,85,53,0,73
6287790,41,80,-15,88
6288300,62,39,13,75
6288810,74,69,-4,79
6289320,32,96,0,79
6289830,42,55,-5,84
6290340,63,22,7,77
6290850,75,95,-2,79
6291360,96,54,6,73
6291870,52,83,-9,82
6292380,73,42,-1,83
6292890,85,16,6,77
6293400,57,89,-4,81
6293910,78,48,6,75
6294420,92,75,-5,80
6294930,50,0,-1,81
6295440,9,73,-2,83
6295950,19,59,7,76
6296460,29,18,-10,86
6296970,37,87,4,82
6297480,58,46,5,77
6297990,78,13,6,71
6298500,48,86,-11,82
6299010,69,45,-2,84
6299520,77,25,11,73
6300030,47,98,-10,83
6300540,68,57,5,78
6301050,80,58,2,76
6301560,57,88,-6,82
6302070,78,47,9,73
6302580,34,74,-10,83
6303090,55,33,0,83
6303600,67,53,3,80
6304110,25,42,0,80
6304620,46,9,0,80
6305130,54,82,-5,85
6305640,75,41,9,76
6306150,100,68,-3,79
6306660,56,95,-2,81
6307170,77,54,2,79
6307680,33,34,-6,85
6308190,54,1,8,77
6308700,69,74,-8,85
6309210,90,41,9,76
6309720,46,68,-2,78
6310230,67,27,4,74
6310740,37,88,-10,84
6311250,58,47,2,82
6311760,70,14,3,79
6312270,40,87,-6,85
6312780,61,46,2,83
6313290,73,76,-6,89
6313800,94,4,11,78
6314310,68,77,2,76
6314820,89,36,6,70
6315330,45,97,-16,86
6315840,66,56,9,77
6316350,91,23,-1,78
6316860,47,84,-3,81
6317370,68,43,1,80
6317880,46,63,-6,86
6318390,67,30,13,73
6318900,92,91,-9,82
6319410,50,19,3,79
6319920,62,39,3,76
6320430,87,69,-5,81
6320940,45,70,-5,86
6321450,66,37,9,77
6321960,80,57,-1,78
6322470,36,58,0,78
6322980,57,17,5,73
6323490,27,90,-7,80
6324000,37,49,-1,81
6324510,58,16,7,74
6325020,70,89,-9,83
6325530,91,48,13,70
6326040,47,75,-11,81
6326550,68,34,7,74
6327060,93,8,-7,81
6327570,67,81,-2,83
6328080,88,9,-3,86
6328590,62,82,1,85
6329100,83,41,7,78
6329610,6,36,0,78
6330120,62,33,3,75
6330630,87,53,-1,76
6331140,43,80,-5,81
6331650,64,39,0,81
6332160,89,59,7,74
6332670,45,60,-6,80
6333180,66,27,8,72
6333690,91,88,-12,84
6334200,49,16,4,80
6334710,61,36,5,75
6335220,86,56,4,71
6335730,42,83,-16,87
6336240,81,42,9,78
6336750,4,69,0,78
6337260,60,58,-6,84
6337770,81,41,8,76
6338280,4,68,-1,77
6338790,60,57,-5,82
6339300,81,40,6,76
6339810,4,101,-3,79
6340320,60,90,-5,84
6340830,81,49,11,73
6341340,37,76,-9,82
6341850,58,35,5,77
6342360,83,55,-1,78
6342870,97,82,0,78
6343380,53,7,3,75
6343890,12,80,-6,81
6344400,68,69,-3,84
6344910,89,36,5,79
6345420,45,97,1,78
6345930,66,56,1,77
6346440,88,23,-6,83
6346950,47,84,2,81
6347460,68,43,3,78
6347970,93,73,1,77
6348480,49,100,-6,83
6348990,70,59,8,75
6349500,92,39,2,73
6350010,48,66,-12,85
6350520,69,25,13,72
6351030,94,86,-3,75
6351540,52,11,-1,76
6352050,64,54,-5,81
6352560,89,21,5,76
6353070,45,82,-4,80
6353580,66,41,0,80
6354090,91,71,4,76
6354600,47,98,-4,80
6355110,68,57,3,77
6355620,93,24,9,68
6356130,49,85,-19,87
6356640,70,44,13,74
6357150,95,71,-2,76
6357660,51,98,-2,78
6358170,72,57,3,75
6358680,97,37,-4,79
6359190,53,64,1,78
6359700,74,23,-1,79
6360210,99,84,-2,81
6360720,84,9,-2,83
6361230,22,82,-1,84
6361740,32,41,1,83
6362250,53,24,2,81
6362760,78,44,6,75
6363270,1,71,-3,78
6363780,57,60,-5,83
6364290,78,27,11,72
6364800,1,88,-14,86
6365310,57,77,3,83
6365820,78,36,11,72
6366330,1,63,-4,76
6366840,82,54,5,71
6367350,38,81,-14,85
6367860,59,40,11,74
6368370,84,70,-5,79
6368880,42,97,-1,80
6369390,63,56,0,80
6369900,88,23,6,74
6370410,44,84,-14,88
6370920,65,43,11,77
6371430,90,73,-2,79
6371940,46,100,0,79
6372450,67,59,-5,84
6372960,92,82,4,80
6373470,50,7,0,80
6373980,62,80,-7,87
6374490,83,8,11,76
6375000,57,81,-5,81
6375510,78,40,7,74
6376020,1,67,-4,78
6376530,82,58,0,78
6377040,52,85,-8,86
6377550,73,44,10,76
6378060,87,71,1,75
6378570,43,98,-4,79
6379080,64,57,-6,85
6379590,89,24,11,74
6380100,45,85,-11,85
6380610,66,44,2,83
6381120,91,64,10,73
6381630,47,91,-9,82
6382140,68,50,5,77
6382650,93,77,2,75
6383160,49,2,-2,77
6383670,8,98,-3,80
6384180,64,87,-7,87
6384690,8,46,4,83
6385200,38,59,1,82
6385710,59,26,4,78
6386220,84,46,9,69
6386730,40,73,-17,86
6387240,61,32,1,85
6387750,86,52,13,72
6388260,42,79,-8,80
6388770,63,38,1,79
6389280,88,58,9,70
6389790,44,17,-7,77
6390300,56,37,1,76
6390810,81,4,-4,80
6391320,55,77,-6,86
6391830,76,36,11,75
6392340,101,63,1,74
6392850,57,90,-11,85
6393360,78,49,10,75
6393870,92,76,2,73
6394380,48,1,-6,79
6394890,63,74,-3,82
6395400,84,41,5,77
6395910,7,68,0,77
6396420,63,57,-4,81
6396930,75,24,5,76
6397440,100,85,3,73
6397950,56,73,-7,80
6398460,77,32,6,74
6398970,0,93,-10,84
6399480,56,82,2,82
6399990,77,41,10,72
6400500,33,15,-7,79
6401010,45,100,3,76
6401520,66,59,-5,81
6402030,91,26,7,74
6402540,47,87,-3,77
6403050,68,46,2,75
6403560,93,76,-1,76
6404070,49,1,-7,83
6404580,64,74,1,82
6405090,85,41,8,74
6405600,41,68,-8,82
6406110,62,27,1,81
6406620,87,47,7,74
6407130,10,74,-6,80
6407640,66,63,3,77
6408150,87,30,1,76
6408660,43,91,-7,83
6409170,64,50,4,79
6409680,89,17,1,78
6410190,63,37,2,76
6410700,88,57,4,72
6411210,44,84,-15,87
6411720,65,43,9,78
6412230,90,81,1,77
6412740,48,6,-2,79
6413250,60,101,-1,80
6413760,81,60,2,78
6414270,37,87,0,78
6414780,58,46,-3,81
6415290,70,13,6,75
6415800,85,86,-6,81
6416310,43,14,5,76
6416820,55,34,-1,77
6417330,80,54,1,76
6417840,36,81,-7,83
6418350,57,40,3,80
6418860,82,7,0,80
6419370,52,80,-5,85
6419880,73,39,11,74
6420390,87,13,-7,81
6420900,61,50,0,81
6421410,73,17,5,76
6421920,29,78,-5,81
6422430,39,37,2,79
6422940,60,20,3,76
6423450,72,93,-3,79
6423960,93,52,12,67
6424470,49,79,-11,78
6424980,70,38,6,72
6425490,95,65,-3,75
6426000,51,92,-2,77
6426510,72,51,1,76
6427020,30,78,-7,83
6427530,51,37,0,83
6428040,76,4,-1,84
6428550,50,77,3,81
6429060,71,36,2,79
6429570,96,63,-1,80
6430080,52,90,-5,85
6430590,73,49,9,76
6431100,31,76,-7,83
6431610,52,35,1,82
6432120,77,18,4,78
6432630,92,91,-4,82
6433140,50,16,1,81
6433650,62,36,4,77
6434160,87,56,5,72
6434670,43,83,-15,87
6435180,64,42,8,79
6435690,84,80,-4,83
6436200,42,8,-1,84
6436710,54,93,4,80
6437220,75,52,0,80
6437730,33,79,-3,83
6438240,54,38,7,76
6438750,74,21,9,67
6439260,30,82,-16,83
6439770,40,41,0,83
6440280,61,24,4,79
6440790,86,97,-5,84
6441300,5,25,16,68
6441810,61,22,-5,73
6442320,86,42,2,71
6442830,42,69,-8,79
6443340,63,28,3,76
6443850,88,48,-2,78
6444360,44,75,-3,81
6444870,65,34,6,75
6445380,90,14,1,74
6445890,64,87,-11,85
6446400,85,15,6,79
6446910,59,88,-6,85
6447420,80,47,9,76
6447930,94,74,3,73
6448440,77,101,-10,83
6448950,98,26,0,83
6449460,54,53,-3,86
6449970,75,36,10,76
6450480,100,31,-6,82
6450990,56,68,1,81
6451500,77,35,3,78
6452010,0,30,5,73
6452520,56,27,-4,77
6453030,6,47,-8,85
6453540,16,38,11,74
6454050,72,5,-10,84
6454560,87,78,8,76
6455070,45,21,-1,77
6455580,70,41,4,73
6456090,95,79,-3,76
6456600,53,4,-5,81
6457110,68,77,1,80
6457620,89,5,3,77
6458130,63,78,-7,84
6458640,84,14,0,84
6459150,58,87,2,82
6459660,79,46,7,75
6460170,93,84,-5,80
6460680,51,20,2,78
6461190,76,40,0,78
6461700,90,14,-2,80
6462210,64,87,0,80
6462720,9,15,1,79
6463230,65,22,6,73
6463740,90,95,-9,82
6464250,9,31,10,72
6464760,19,38,-10,82
6465270,40,5,-1,83
6465780,52,78,2,81
6466290,73,45,3,78
6466800,87,83,1,77
6467310,45,8,-3,80
6467820,57,81,2,78
6468330,78,17,-1,79
6468840,93,90,-2,81
6469350,51,15,6,75
6469860,63,35,1,74
6470370,88,9,-7,81
6470880,62,82,-3,84
6471390,83,41,7,77
6471900,97,15,3,74
6472410,53,88,-6,80
6472920,74,47,8,72
6473430,99,85,-5,77
6473940,57,10,5,72
6474450,16,83,-10,82
6474960,27,72,4,78
6475470,37,31,-3,81
6475980,38,14,1,80
6476490,50,99,2,78
6477000,71,58,-5,83
6477510,96,41,3,80
6478020,52,68,-2,82
6478530,73,35,5,77
6479040,98,9,7,70
6479550,72,34,-4,74
6480060,97,54,-2,76
6480570,53,81,-7,83
6481080,74,40,11,72
6481590,88,60,-2,74
6482100,44,87,-7,81
6482610,65,46,5,76
6483120,90,13,3,73
6483630,64,86,-7,80
6484140,85,45,10,70
6484650,99,72,-5,75
6485160,55,99,-6,81
6485670,76,58,2,79
6486180,34,49,-7,86
6486690,55,16,11,75
6487200,67,89,-6,81
6487710,88,48,5,76
6488220,0,75,-1,77
6488730,56,82,-6,83
6489240,77,41,4,79
6489750,0,61,5,74
6490260,56,50,3,71
6490770,81,17,-3,74
6491280,51,90,-9,83
6491790,55,49,-1,84
6492300,80,16,11,73
6492810,54,26,-2,75
6493320,79,46,1,74
6493830,93,73,-2,76
6494340,51,100,-5,81
6494850,72,59,3,78
6495360,97,26,3,75
6495870,53,46,-4,79
6496380,54,13,0,79
6496890,66,86,-1,80
6497400,87,45,11,69
6497910,43,72,-13,82
6498420,64,31,9,73
6498930,89,51,-1,74
6499440,1,78,-1,75
6499950,57,63,-1,76
6500460,78,30,-2,78
6500970,1,25,4,74
6501480,57,22,-7,81
6501990,82,42,4,77
6502500,96,69,-4,81
6503010,54,5,1,80
6503520,69,78,-1,81
6504030,90,14,7,74
6504540,64,87,-15,89
6505050,85,23,13,76
6505560,3,43,1,75
6506070,59,56,0,75
6506580,80,23,1,74
6507090,3,96,-2,76
6507600,59,48,-6,82
6508110,84,15,5,77
6508620,99,25,4,73
6509130,55,45,-13,86
6509640,80,12,6,80
6510150,95,85,3,77
6510660,53,10,-2,79
6511170,54,83,-4,83
6511680,75,42,5,78
6512190,100,80,0,78
6512700,58,5,-1,79
6513210,73,78,3,76
6513720,94,14,-6,82
6514230,68,87,4,78
6514740,89,46,6,72
6515250,1,73,-6,78
6515760,57,58,-2,80
6516270,78,25,6,74
6516780,1,98,-6,80
6517290,10,38,1,79
6517800,66,98,-6,85
6518310,87,57,12,73
6518820,43,95,-9,82
6519330,64,54,1,81
6519840,89,21,9,72
6520350,45,94,-10,82
6520860,66,53,7,75
6521370,91,20,-2,77
6521880,47,28,-1,78
6522390,72,11,1,77
6522900,87,84,-2,79
6523410,45,20,2,77
6523920,70,40,2,75
6524430,95,78,-2,77
6524940,53,3,-1,78
6525450,68,76,-4,82
6525960,89,43,9,73
6526470,45,70,-7,80
6526980,66,29,5,75
6527490,91,49,0,75
6528000,47,76,-8,83
6528510,68,35,3,80
6529020,93,55,3,77
6529530,5,26,-5,82
6530040,61,23,4,78
6530550,86,43,6,72
6531060,9,70,-5,77
6531570,65,59,-8,85
6532080,90,26,10,75
6532590,46,99,-6,81
6533100,67,58,-1,82
6533610,92,25,5,77
6534120,48,33,-1,78
6534630,73,16,-3,81
6535140,98,89,-3,84
6535650,56,25,3,81
6536160,81,45,11,70
6536670,95,72,-4,74
6537180,51,99,-4,78
6537690,72,58,1,77
6538200,97,25,3,74
6538710,53,33,0,74
6539220,78,53,1,73
6539730,36,91,-11,84
6540240,46,50,4,80
6540750,67,17,2,78
6541260,92,90,4,74
6541770,50,26,-5,79
6542280,75,46,-4,83
6542790,89,84,1,82
6543300,47,20,3,79
6543810,72,40,5,74
6544320,97,78,-2,76
6544830,53,3,3,73
6545340,12,76,-11,84
6545850,68,65,6,78
6546360,90,32,6,72
6546870,46,59,-12,84
6547380,67,26,8,76
6547890,92,53,2,74
6548400,48,80,-8,82
6548910,69,39,9,73
6549420,94,13,-6,79
6549930,68,86,2,77
6550440,89,11,-3,80
6550950,63,84,2,78
6551460,84,9,1,77
6551970,58,82,-5,82
6552480,79,18,10,72
6552990,35,91,-13,85
6553500,45,50,4,81
6554010,66,33,6,75
6554520,0,7,-5,80
6555030,56,4,7,73
6555540,71,77,-8,81
6556050,92,13,-1,82
6556560,66,38,3,79
6557070,91,76,10,69
6557580,47,1,-7,76
6558090,48,74,-10,86
6558600,69,33,11,75
6559110,94,53,1,74
6559620,50,80,-4,78
6560130,71,31,5,73
6560640,96,26,1,72
6561150,52,53,-7,79
6561660,73,20,1,78
6562170,29,93,-2,80
6562680,39,52,1,79
6563190,60,19,7,72
6563700,72,92,-12,84
6564210,93,28,16,68
6564720,49,36,-9,77
6565230,50,3,-5,82
6565740,51,76,-2,84
6566250,72,35,14,70
6566760,97,62,-2,72
6567270,53,89,-5,77
6567780,74,48,-1,78
6568290,30,86,-2,80
6568800,40,45,-3,83
6569310,61,28,11,72
6569820,86,48,-5,77
6570330,100,75,-1,78
6570840,56,0,-3,81
6571350,57,73,4,77
6571860,78,9,2,75
6572370,52,82,-7,82
6572880,73,41,6,76
6573390,87,61,7,69
6573900,43,88,-9,78
6574410,64,47,4,74
6574920,78,14,-3,77
6575430,37,87,-7,84
6575940,58,46,6,78
6576450,86,13,2,76
6576960,42,86,-4,80
6577470,63,45,-1,81
6577980,64,12,5,76
6578490,23,85,-6,82
6579000,33,44,3,79
6579510,54,11,6,73
6580020,13,84,-2,75
6580530,69,73,-11,86
6581040,90,40,12,74
6581550,46,67,-3,77
6582060,67,26,0,77
6582570,23,46,0,77
6583080,79,13,-2,79
6583590,35,86,-5,84
6584100,56,45,12,72
6584610,78,12,-8,80
6585120,37,85,-5,85
6585630,58,44,12,73
6586140,86,11,-6,79
6586650,60,84,0,79
6587160,81,20,2,77
6587670,37,93,-2,79
6588180,47,52,1,78
6588690,68,84,-9,87
6589200,89,20,17,70
6589710,45,28,-12,82
6590220,46,11,3,79
6590730,47,84,-6,85
6591240,68,43,12,73
6591750,82,81,-6,79
6592260,40,6,-3,82
6592770,101,79,9,73
6593280,57,4,-11,84
6593790,16,77,5,79
6594300,26,66,-2,81
6594810,36,25,-2,83
6595320,37,8,0,83
6595830,45,93,1,82
6596340,66,52,0,82
6596850,88,19,3,79
6597360,44,92,-6,85
6597870,65,51,9,76
6598380,79,18,-2,78
6598890,35,91,-4,82
6599400,45,50,-5,87
6599910,66,17,16,71
6600420,25,90,-8,79
6600930,35,49,1,78
6601440,56,16,5,73
6601950,15,89,-9,82
6602460,25,78,6,76
6602970,35,37,-4,80
6603480,56,4,3,77
6603990,15,77,-5,82
6604500,71,66,-4,86
6605010,99,33,11,75
6605520,55,28,-3,78
6606030,80,97,-10,88
6606540,101,53,14,74
6607050,57,80,-7,81
6607560,78,16,7,74
6608070,93,89,-4,78
6608580,51,25,1,77
6609090,76,94,-3,80
6609600,97,30,8,72
6610110,53,25,-2,74
6610620,78,45,-4,78
6611130,92,83,1,77
6611640,48,8,-7,84
6612150,49,81,1,83
6612660,70,40,9,74
6613170,95,67,0,74
6613680,51,94,-5,79
6614190,72,53,2,77
6614700,86,80,-3,80
6615210,44,16,2,78
6615720,72,85,-7,85
6616230,93,21,6,79
6616740,49,29,-3,82
6617250,74,98,2,80
6617760,95,23,7,73
6618270,51,22,-4,77
6618780,76,91,-3,80
6619290,97,27,7,73
6619800,53,35,-5,78
6620310,78,2,-1,79
6620820,52,75,-6,85
6621330,73,42,13,72
6621840,87,16,-5,77
6622350,61,24,5,72
6622860,86,44,-2,74
6623370,9,71,-4,78
6623880,16,60,-9,87
6624390,26,19,4,83
6624900,34,88,4,79
6625410,44,37,-7,86
6625920,45,4,0,86
6626430,46,77,2,84
6626940,67,36,13,71
6627450,92,10,-9,80
6627960,66,83,2,78
6628470,87,8,3,75
6628980,43,81,-2,77
6629490,85,40,5,72
6630000,41,67,-7,79
6630510,62,26,5,74
6631020,87,53,0,74
6631530,43,80,-5,79
6632040,64,39,4,75
6632550,89,77,-5,80
6633060,47,44,-3,83
6633570,68,11,4,79
6634080,27,84,-7,86
6634590,37,43,7,79
6635100,58,10,1,78
6635610,59,83,0,78
6636120,80,42,2,76
6636630,3,69,-3,79
6637140,59,54,0,79
6637650,60,21,4,75
6638160,85,94,-5,80
6638670,4,19,0,80
6639180,60,16,0,80
6639690,72,89,-2,82
6640200,93,14,4,78
6640710,49,87,-3,81
6641220,70,46,0,81
6641730,95,73,3,78
6642240,51,100,-3,81
6642750,72,59,6,75
6643260,83,26,0,75
6643770,6,53,-4,79
6644280,16,44,0,79
6644790,26,29,1,78
6645300,47,12,-3,81
6645810,48,81,-1,82
6646320,69,40,10,72
6646830,94,67,-3,75
6647340,50,94,-7,82
6647850,71,53,5,77
6648360,96,20,-2,79
6648870,52,93,-3,82
6649380,73,52,4,78
6649890,98,90,-5,83
6650400,56,15,0,83
6650910,84,88,4,79
6651420,4,55,-2,81
6651930,85,68,0,81
6652440,8,95,3,78
6652950,89,84,-3,81
6653460,47,51,1,80
6653970,68,18,3,77
6654480,93,91,-4,81
6654990,13,16,4,77
6655500,69,101,-6,83
6656010,90,60,6,77
6656520,46,87,-1,78
6657030,67,46,-1,79
6657540,68,13,6,73
6658050,27,81,-6,79
6658560,37,40,-3,82
6659070,58,23,8,74
6659580,60,43,-8,82
6660090,88,10,3,79
6660600,62,83,-1,80
6661110,83,42,2,78
6661620,6,69,-2,80
6662130,87,64,-1,81
6662640,43,91,-3,84
6663150,64,50,3,81
6663660,89,17,6,75
6664170,63,90,-5,80
6664680,84,49,5,75
6665190,98,76,1,74
6665700,54,1,-2,76
6666210,13,74,-5,81
6666720,23,63,2,79
6667230,33,22,0,79
6667740,41,5,0,79
6668250,0,78,1,78
6668760,9,63,1,77
6669270,65,54,-2,79
6669780,90,21,6,73
6670290,46,48,-10,83
6670800,67,15,9,74
6671310,26,42,-5,79
6671820,47,9,1,78
6672330,75,82,0,78
6672840,96,7,2,76
6673350,70,80,-8,84
6673860,91,47,15,69
6674370,47,74,-12,81
6674880,68,33,9,72
6675390,93,60,-10,82
6675900,11,87,6,76
6676410,92,76,0,76
6676920,48,1,-8,84
6677430,7,74,4,80
6677940,63,59,1,79
6678450,64,26,6,73
6678960,79,0,-15,88
6679470,53,73,-1,89
6679980,74,40,8,81
6680490,99,67,1,80
6681000,55,94,1,79
6681510,76,53,6,73
6682020,32,91,-6,79
6682530,42,50,-4,83
6683040,63,17,11,72
6683550,88,90,-6,78
6684060,8,15,1,77
6684570,64,12,0,77
6685080,89,85,-2,79
6685590,47,10,1,78
6686100,75,83,-13,91
6686610,96,19,20,71
6687120,70,46,-6,77
6687630,95,73,2,75
6688140,51,100,-5,80
6688650,72,59,2,78
6689160,73,86,-2,80
6689670,94,11,3,77
6690180,68,48,1,76
6690690,93,86,2,74
6691200,51,11,-4,78
6691710,10,84,-7,85
6692220,91,19,11,74
6692730,47,27,-9,83
6693240,72,10,5,78
6693750,31,83,-2,80
6694260,41,42,-4,84
6694770,62,25,9,75
6695280,87,101,-5,80
6695790,6,26,5,75
6696300,62,23,-1,76
6696810,87,96,-6,82
6697320,6,21,4,78
6697830,62,18,8,70
6698340,87,45,-8,78
6698850,10,72,-4,82
6699360,66,61,2,80
6699870,88,28,4,76
6700380,44,55,-6,82
6700890,65,22,6,76
6701400,90,95,-3,79
6701910,10,20,-2,81
6702420,66,27,8,73
6702930,91,1,-6,79
6703440,65,74,-7,86
6703950,86,59,12,74
6704460,42,86,-7,81
6704970,63,45,1,80
6705480,88,12,-4,84
6705990,58,85,3,81
6706500,79,44,12,69
6707010,2,71,-5,74
6707520,58,56,-8,82
6708030,86,23,7,75
6708540,42,31,-8,83
6709050,43,14,3,80
6709560,71,99,1,79
6710070,92,58,5,74
6710580,48,85,-7,81
6711090,69,44,1,80
6711600,94,82,-4,84
6712110,52,7,5,79
6712620,53,80,0,79
6713130,74,39,6,73
6713640,67,66,-17,90
6714150,88,49,14,76
6714660,11,76,-2,78
6715170,67,65,1,77
6715680,89,32,8,69
6716190,45,59,-9,78
6716700,66,26,0,78
6717210,91,46,3,75
6717720,47,73,-9,84
6718230,68,32,11,73
6718740,93,12,-4,77
6719250,67,85,-5,82
6719760,88,10,4,78
6720270,62,83,-5,83
6720780,83,42,14,69
6721290,6,69,-7,76
6721800,62,58,-8,84
6722310,90,41,8,76
6722820,46,68,-5,81
6723330,67,35,4,77
6723840,92,9,1,76
6724350,66,82,-3,79
6724860,87,41,1,78
6725370,10,15,-2,80
6725880,66,12,3,77
6726390,81,85,-10,87
6726900,0,70,8,79
6727410,56,55,-4,83
6727920,77,38,13,70
6728430,0,12,-11,81
6728940,56,9,9,72
6729450,71,82,-5,77
6729960,92,67,4,73
6730470,48,94,-10,83
6730980,69,53,4,79
6731490,94,33,0,79
6732000,50,28,-4,83
6732510,75,11,8,75
6733020,31,84,-5,80
6733530,41,43,-2,82
6734040,62,26,4,78
6734550,87,99,-8,86
6735060,6,35,12,74
6735570,16,32,-4,78
6736080,72,39,-1,79
6736590,97,13,3,76
6737100,71,50,-2,78
6737610,91,88,-3,81
6738120,49,24,4,77
6738630,74,44,5,72
6739140,94,18,-6,78
6739650,68,26,4,74
6740160,93,40,1,73
6740670,49,35,-5,78
6741180,50,2,-2,80
6741690,9,75,5,75
6742200,65,64,-7,82
6742710,86,31,8,74
6743220,42,26,-4,78
6743730,70,95,-6,84
6744240,91,31,8,76
6744750,47,26,0,76
6745260,72,46,-6,82
6745770,92,84,5,77
6746280,50,9,-3,80
6746790,78,82,-2,82
6747300,99,67,3,79
6747810,55,94,-4,83
6748320,76,53,13,70
6748830,96,80,-9,79
6749340,54,5,3,76
6749850,13,78,-6,82
6750360,23,67,0,82
6750870,33,26,1,81
6751380,52,9,6,75
6751890,67,82,-16,91
6752400,88,67,16,75
6752910,44,3,-6,81
6753420,3,76,-4,85
6753930,59,61,4,81
6754440,80,28,7,74
6754950,3,23,-4,78
6755460,59,20,1,77
6755970,64,93,-5,82
6756480,85,52,9,73
6756990,41,79,-5,78
6757500,62,38,3,75
6758010,82,76,-4,79
6758520,40,12,-7,86
6759030,68,97,4,82
6759540,89,56,8,74
6760050,45,83,-10,84
6760560,66,42,9,75
6761070,94,80,-9,84
6761580,52,16,5,79
6762090,80,36,7,72
6762600,3,31,-6,78
6763110,13,28,5,73
6763620,69,97,-12,85
6764130,90,32,5,80
6764640,46,27,-3,83
6765150,74,96,-3,86
6765660,95,31,14,72
6766170,51,39,-10,82
6766680,52,22,-2,84
6767190,80,42,14,70
6767700,36,69,-14,84
6768210,57,28,11,73
6768720,82,48,3,70
6769230,0,75,-10,80
6769740,56,60,-3,83
6770250,77,27,10,73
6770760,0,54,-2,75
6771270,56,49,-12,87
6771780,84,32,15,72
6772290,7,27,-5,77
6772800,63,24,-3,80
6773310,88,97,-1,81
6773820,7,22,3,78
6774330,63,19,0,78
6774840,88,92,-1,79
6775350,7,17,-3,82
6775860,63,14,4,78
6776370,83,87,-9,87
6776880,3,23,5,82
6777390,59,20,8,74
6777900,84,93,-1,75
6778410,3,18,-3,78
6778920,59,15,5,73
6779430,18,88,-9,82
6779940,29,77,2,80
6780450,50,36,-5,85
6780960,78,3,3,82
6781470,52,76,-7,89
6781980,73,35,13,76
6782490,98,62,-1,77
6783000,54,89,-10,87
6783510,75,48,12,75
6784020,33,86,-8,83
6784530,43,45,5,78
6785040,64,12,-2,80
6785550,79,85,-6,86
6786060,100,21,11,75
6786570,56,29,-4,79
6787080,84,49,4,75
6787590,98,76,-3,78
6788100,54,1,0,78
6788610,77,74,-5,83
6789120,99,59,11,72
6789630,55,86,-7,79
6790140,76,45,-3,82
6790650,101,83,5,77
6791160,57,8,-7,84
6791670,72,81,2,82
6792180,93,17,13,69
6792690,67,25,-4,73
6793200,92,45,3,70
6793710,48,72,-16,86
6794220,69,31,13,73
6794730,94,26,-3,76
6795240,50,98,-6,82
6795750,51,57,-3,85
6796260,72,40,6,79
6796770,97,78,9,70
6797280,53,3,-13,83
6797790,68,76,-3,86
6798300,89,12,6,80
6798810,63,32,2,78
6799320,88,52,4,74
6799830,46,79,-7,81
6800340,67,38,4,77
6800850,95,76,-3,80
6801360,53,12,2,78
6801870,28,85,-4,82
6802380,38,44,-2,84
6802890,59,11,6,78
6803400,74,84,0,78
6803910,95,20,-2,80
6804420,69,57,-2,82
6804930,97,24,8,74
6805440,71,61,-5,79
6805950,29,99,-1,80
6806460,84,58,3,77
6806970,42,85,-1,78
6807480,63,44,4,74
6807990,82,82,-5,79
6808500,40,67,-11,90
6809010,61,34,11,79
6809520,86,54,5,74
6810030,12,81,-4,78
6810540,68,70,-15,93
6811050,89,53,13,80
6811560,1,80,5,75
6812070,57,65,-3,78
6812580,78,32,1,77
6813090,1,27,-1,78
6813600,57,24,0,78
6814110,82,44,0,78
6814620,5,71,4,74
6815130,61,56,-4,78
6815640,83,23,-2,80
6816150,6,18,3,77
6816660,62,15,-1,78
6817170,32,88,-4,82
6817680,42,47,2,80
6818190,63,14,9,71
6818700,78,87,-12,83
6819210,99,23,9,74
6819720,73,31,-1,75
6820230,98,5,-13,88
6820740,72,78,4,84
6821250,93,63,7,77
6821760,51,64,-3,80
6822270,72,49,6,74
6822780,91,87,-3,77
6823290,49,23,-3,80
6823800,77,43,6,74
6824310,0,17,-2,76
6824820,56,14,0,76
6825330,75,34,-2,78
6825840,100,8,1,77
6826350,74,28,1,76
6826860,99,101,2,74
6827370,57,26,-2,76
6827880,82,46,2,74
6828390,101,73,-6,80
6828900,59,74,-5,85
6829410,80,10,4,81
6829920,95,30,3,78
6830430,51,25,2,76
6830940,79,45,7,69
6831450,99,19,-7,76
6831960,73,56,-4,80
6832470,98,94,-2,82
6832980,56,30,8,74
6833490,75,50,-2,76
6834000,95,88,1,75
6834510,53,24,-1,76
6835020,72,44,-1,77
6835530,97,82,1,76
6836040,55,83,-2,78
6836550,76,42,6,72
6837060,90,10,-7,79
6837570,64,30,4,75
6838080,89,50,0,75
6838590,1,77,-3,78
6839100,57,62,1,77
6839610,78,29,-3,80
6840120,1,3,0,80
6840630,57,0,4,76
6841140,72,73,-12,88
6841650,94,40,10,78
6842160,17,35,2,76
6842670,5,2,-5,81
6843180,61,87,2,79
6843690,82,46,4,75
6844200,96,20,-3,78
6844710,52,40,4,74
6845220,71,7,-9,83
6845730,41,80,-2,85
6846240,62,39,8,77
6846750,81,77,-6,83
6847260,39,13,1,82
6847770,67,98,8,74
6848280,88,57,-3,77
6848790,44,58,-7,84
6849300,65,25,6,78
6849810,90,45,7,71
6850320,46,72,-12,83
6850830,67,31,7,76
6851340,81,51,0,76
6851850,100,89,-3,79
6852360,58,90,-4,83
6852870,79,49,13,70
6853380,35,87,-11,81
6853890,45,46,-3,84
6854400,66,27,10,74
6854910,91,1,-8,82
6855420,65,26,1,81
6855930,90,46,12,69
6856440,46,3,-15,84
6856950,61,76,9,75
6857460,82,43,0,75
6857970,5,81,1,74
6858480,86,70,-4,78
6858990,44,71,-5,83
6859500,65,30,10,73
6860010,90,50,-9,82
6860520,2,77,7,75
6861030,83,66,0,75
6861540,39,67,-11,86
6862050,60,34,7,79
6862560,79,54,8,71
6863070,37,55,-4,75
6863580,58,22,-5,80
6864090,86,42,6,74
6864600,42,69,-10,84
6865110,63,28,7,77
6865620,88,48,3,74
6866130,44,75,-7,81
6866640,65,34,2,79
6867150,90,54,9,70
6867660,46,81,-14,84
6868170,67,40,2,82
6868680,86,78,6,76
6869190,44,14,-7,83
6869700,72,99,-1,84
6870210,93,58,12,72
6870720,49,59,-14,86
6871230,70,26,10,76
6871740,95,0,-2,78
6872250,69,73,-7,85
6872760,90,9,13,72
6873270,64,82,-7,79
6873780,85,6,3,76
6874290,59,79,-2,78
6874800,80,15,2,76
6875310,50,35,-5,81
6875820,69,2,0,81
6876330,28,75,2,79
6876840,38,34,-4,83
6877350,57,17,4,79
6877860,85,37,14,65
6878370,41,90,-16,81
6878880,62,49,3,78
6879390,81,87,-4,82
6879900,39,23,3,79
6880410,58,92,-7,86
6880920,79,51,9,77
6881430,93,89,-2,79
6881940,51,25,-3,82
6882450,79,45,8,74
6882960,93,72,-4,78
6883470,51,8,0,78
6883980,66,81,-1,79
6884490,87,17,6,73
6885000,61,25,-4,77
6885510,86,45,2,75
6886020,100,83,-1,76
6886530,64,19,2,74
6887040,34,39,-10,84
6887550,93,22,8,76
6888060,49,30,0,76
6888570,68,50,-1,77
6889080,17,88,-5,82
6889590,98,77,6,76
6890100,54,78,-5,81
6890610,75,14,8,73
6891120,45,87,-6,79
6891630,66,46,0,79
6892140,85,84,-9,88
6892650,43,20,6,82
6893160,62,40,-1,83
6893670,90,78,11,72
6894180,48,14,-6,78
6894690,7,34,-3,81
6895200,63,31,1,80
6895710,91,51,10,70
6896220,47,78,-11,81
6896730,68,38,7,74
6897240,82,76,-5,79
6897750,40,12,3,76
6898260,101,32,5,71
6898770,57,59,-15,86
6899280,78,42,12,74
6899790,92,69,-2,76
6900300,48,5,-4,80
6900810,7,78,4,76
6901320,63,67,-5,81
6901830,84,3,4,77
6902340,58,23,5,72
6902850,83,43,-3,75
6903360,6,70,-2,77
6903870,62,59,-4,81
6904380,83,42,7,74
6904890,97,69,-4,78
6905400,53,5,-1,79
6905910,68,78,-5,84
6906420,89,14,9,75
6906930,63,34,0,75
6907440,91,72,5,70
6907950,47,8,-9,79
6908460,6,34,8,71
6908970,16,31,-7,78
6909480,37,18,-3,81
6909990,56,1,1,80
6910500,15,74,3,77
6911010,25,63,-4,81
6911520,46,22,-1,82
6912030,74,42,12,70
6912540,88,80,-14,84
6913050,46,16,3,81
6913560,65,36,6,75
6914070,90,74,-3,78
6914580,48,10,2,76
6915090,7,83,-5,81
6915600,88,72,7,74
6916110,46,73,-5,79
6916620,67,32,0,79
6917130,95,2,2,77
6917640,69,75,-1,78
6918150,90,0,-7,85
6918660,64,73,-2,87
6919170,85,58,1,86
6919680,11,96,13,73
6920190,92,85,-8,81
6920700,50,21,-3,84
6921210,78,41,12,72
6921720,92,79,-3,75
6922230,50,4,-1,76
6922740,9,77,3,73
6923250,90,66,0,73
6923760,46,2,-8,81
6924270,61,75,5,76
6924780,82,42,3,73
6925290,96,43,2,71
6925800,52,70,-7,78
6926310,73,59,0,78
6926820,95,97,3,75
6927330,14,101,-8,83
6927840,95,36,7,76
6928350,51,31,-5,81
6928860,79,51,8,73
6929370,93,89,-8,81
6929880,51,25,1,80
6930390,76,45,4,76
6930900,90,83,-7,83
6931410,48,19,6,77
6931920,67,39,2,75
6932430,92,77,-4,79
6932940,50,13,-2,81
6933450,69,33,5,76
6933960,88,53,2,74
6934470,0,54,-2,76
6934980,81,45,-2,78
6935490,95,83,0,78
6936000,53,19,-4,82
6936510,81,39,5,77
6937020,4,13,3,74
6937530,60,10,0,74
6938040,19,30,-4,78
6938550,1,99,-1,79
6939060,57,88,-2,81
6939570,78,47,7,74
6940080,92,85,-2,76
6940590,50,21,-3,79
6941100,69,41,0,79
6941610,88,15,1,78
6942120,62,35,1,77
6942630,83,73,0,77
6943140,41,34,-5,82
6943650,101,17,7,75
6944160,57,37,-3,78
6944670,76,75,0,78
6945180,34,11,-2,80
6945690,95,96,1,79
6946200,53,32,-1,80
6946710,72,52,2,78
6947220,91,90,-4,82
6947730,49,26,5,77
6948240,68,46,-1,78
6948750,87,84,1,77
6949260,45,20,-7,84
6949770,73,40,5,79
6950280,98,78,6,73
6950790,54,79,-4,77
6951300,75,38,2,75
6951810,89,12,-12,87
6952320,63,32,4,83
6952830,82,52,11,72
6953340,78,90,-10,82
6953850,99,26,3,79
6954360,55,46,-1,80
6954870,74,13,0,80
6955380,89,33,5,75
6955890,59,28,0,75
6956400,78,48,3,72
6956910,97,86,-8,80
6957420,55,22,3,77
6957930,74,42,-1,78
6958440,93,80,5,73
6958950,51,81,-10,83
6959460,72,40,8,75
6959970,97,14,-6,81
6960480,71,34,5,76
6960990,96,8,-5,81
6961500,70,28,12,69
6962010,95,23,-6,75
6962520,41,31,-10,85
6963030,60,14,11,74
6963540,79,34,-1,75
6964050,2,29,1,74
6964560,12,26,-9,83
6965070,68,23,6,77
6965580,93,43,4,73
6966090,89,44,-3,76
6966600,1,18,-3,79
6967110,57,15,5,74
6967620,76,35,1,73
6968130,101,9,-3,76
6968640,75,46,3,73
6969150,94,84,1,72
6969660,52,85,-7,79
6970170,73,44,3,76
6970680,92,82,-4,80
6971190,50,18,2,78
6971700,69,38,2,76
6972210,94,12,2,74
6972720,28,32,-12,86
6973230,49,15,9,77
6973740,68,35,5,72
6974250,93,9,-4,76
6974760,67,29,-7,83
6975270,92,49,7,76
6975780,4,50,1,75
6976290,85,63,-6,81
6976800,8,101,2,79
6977310,89,90,-13,92
6977820,9,26,21,71
6978330,65,23,-5,76
6978840,90,43,2,74
6979350,13,44,-1,75
6979860,23,31,-1,76
6980370,44,100,-13,89
6980880,65,59,7,82
6981390,84,42,6,76
6981900,7,16,-9,85
6982410,63,13,9,76
6982920,82,33,3,73
6983430,5,28,-6,79
6983940,61,25,1,78
6984450,86,45,-1,79
6984960,9,46,3,76
6985470,19,59,-1,77
6985980,7,18,4,73
6986490,63,15,-1,74
6987000,82,35,3,71
6987510,5,36,-1,72
6988020,61,33,-3,75
6988530,86,7,-3,78
6989040,60,27,4,74
6989550,85,47,0,74
6990060,3,85,-5,79
6990570,12,70,-7,86
6991080,22,59,7,79
6991590,10,18,2,77
6992100,66,15,-2,79
6992610,61,88,-8,87
6993120,82,47,14,73
6993630,5,85,-4,77
6994140,61,70,-6,83
6994650,82,37,6,77
6995160,5,11,-1,78
6995670,61,8,5,73
6996180,76,81,-9,82
6996690,97,17,13,69
6997200,53,54,-19,88
6997710,74,37,16,72
6998220,99,11,-8,80
6998730,55,31,2,78
6999240,80,51,3,75
6999750,3,52,-6,81
7000260,84,65,3,78
7000770,42,1,0,78
7001280,1,74,1,77
7001790,57,59,-4,81
7002300,78,97,-4,85
7002810,99,33,11,74
7003320,55,53,-18,92
7003830,76,36,17,75
7004340,101,10,1,74
7004850,57,30,0,74
7005360,82,50,1,73
7005870,0,88,-5,78
7006380,56,73,3,75
7006890,77,9,-1,76
7007400,47,29,-8,84
7007910,66,12,5,79
7008420,81,85,4,75
7008930,1,21,-6,81
7009440,57,18,7,74
7009950,82,38,-4,78
7010460,5,12,1,77
7010970,61,9,1,76
7011480,76,82,-6,82
7011990,97,18,10,72
7012500,53,55,-4,76
7013010,75,28,5,71
7013520,100,48,-6,77
7014030,23,75,-3,80
7014540,33,34,-2,82
7015050,54,17,2,80
7015560,82,37,8,72
7016070,5,38,-2,74
7016580,61,35,0,74
7017090,86,73,-2,76
7017600,44,74,-5,81
7018110,65,33,7,74
7018620,90,7,-6,80
7019130,60,27,4,76
7019640,85,47,4,72
7020150,99,48,-1,73
7020660,55,49,-7,80
7021170,74,32,3,77
7021680,99,6,4,73
7022190,73,26,-2,75
7022700,98,46,-1,76
7023210,54,47,-9,85
7023720,73,30,6,79
7024230,98,4,0,79
7024740,72,24,4,75
7025250,97,44,-2,77
7025760,76,45,2,75
7026270,101,83,-3,78
7026780,59,19,2,76
7027290,84,39,-4,80
7027800,7,13,1,79
7028310,63,10,4,75
7028820,78,83,-8,83
7029330,99,19,5,78
7029840,55,39,0,78
7030350,74,77,-3,81
7030860,96,13,7,74
7031370,70,50,-3,77
7031880,89,88,-5,82
7032390,47,24,3,79
7032900,75,44,-2,81
7033410,89,82,3,78
7033920,47,18,-2,80
7034430,75,38,12,68
7034940,89,12,-14,82
7035450,59,32,0,82
7035960,84,52,10,72
7036470,98,90,-5,77
7036980,56,26,0,77
7037490,81,46,1,76
7038000,4,84,3,73
7038510,86,73,-6,79
7039020,44,74,-1,80
7039530,65,33,4,76
7040040,90,53,-2,78
7040550,2,91,-4,82
7041060,58,76,-1,83
7041570,79,61,3,80
7042080,99,99,2,78
7042590,57,35,2,76
7043100,76,55,-3,79
7043610,96,93,-2,81
7044120,54,29,-2,83
7044630,82,49,13,70
7045140,38,87,-11,81
7045650,59,46,1,80
7046160,78,66,1,79
7046670,100,2,0,79
7047180,74,27,4,75
7047690,88,22,2,73
7048200,44,30,-12,85
7048710,72,13,7,78
7049220,42,33,-5,83
7049730,61,16,9,74
7050240,89,36,-3,77
7050750,59,31,0,77
7051260,87,51,3,74
7051770,43,89,-7,81
7052280,64,48,-2,83
7052790,83,86,1,82
7053300,41,11,0,82
7053810,0,31,2,80
7054320,10,28,8,72
7054830,66,25,-5,77
7055340,91,45,3,74
7055850,3,72,0,74
7056360,59,61,-8,82
7056870,80,44,8,74
7057380,94,82,-1,75
7057890,52,18,-3,78
7058400,80,38,2,76
7058910,3,33,-4,80
7059420,59,30,5,75
7059930,78,50,-2,77
7060440,92,88,2,75
7060950,50,13,-2,77
7061460,78,33,2,75
7061970,1,28,-3,78
7062480,57,25,1,77
7062990,82,45,3,74
7063500,96,72,-5,79
7064010,54,73,0,79
7064520,75,9,0,79
7065030,45,29,-7,86
7065540,73,12,8,78
7066050,43,32,-5,83
7066560,62,15,5,78
7067070,87,35,7,71
7067580,43,30,-11,82
7068090,62,13,4,78
7068600,77,33,2,76
7069110,0,28,4,72
7069620,10,25,-7,79
7070130,66,22,3,76
7070640,91,42,4,72
7071150,47,43,-11,83
7071660,68,26,8,75
7072170,93,46,3,72
7072680,5,73,-6,78
7073190,61,64,-7,85
7073700,82,47,11,74
7074210,96,85,-1,75
7074720,74,21,-3,78
7075230,44,20,-5,83
7075740,63,40,9,74
7076250,83,78,-2,76
7076760,41,14,-5,81
7077270,11,99,-3,84
7077780,92,34,9,75
7078290,48,29,-5,80
7078800,73,49,7,73
7079310,87,87,-5,78
7079820,45,23,-3,81
7080330,70,6,3,78
7080840,40,26,-4,82
7081350,59,9,6,76
7081860,74,82,-4,80
7082370,95,18,2,78
7082880,65,38,1,77
7083390,90,76,1,76
7083900,48,77,-5,81
7084410,69,36,3,78
7084920,94,56,4,74
7085430,50,55,-6,80
7085940,71,22,6,74
7086450,96,42,-1,75
7086960,52,37,-5,80
7087470,71,20,8,72
7087980,41,19,-12,84
7088490,69,2,5,79
7089000,39,75,-5,84
7089510,60,34,14,70
7090020,85,54,-6,76
7090530,99,92,1,75
7091040,57,17,-4,79
7091550,85,37,7,72
7092060,41,32,-12,84
7092570,60,15,7,77
7093080,88,35,5,72
7093590,11,30,-9,81
7094100,67,37,5,76
7094610,92,57,4,72
7095120,48,84,-13,85
7095630,69,43,9,76
7096140,83,17,-4,80
7096650,53,37,2,78
7097160,72,57,-6,84
7097670,30,95,4,80
7098180,40,54,-8,88
7098690,61,21,19,69
7099200,86,41,-7,76
7099710,9,68,-7,83
7100220,65,59,3,80
7100730,87,26,1,79
7101240,57,46,1,78
7101750,76,66,-8,86
7102260,98,2,8,78
7102770,35,22,-7,85
7103280,55,5,3,82
7103790,70,78,3,79
7104300,91,3,0,79
7104810,61,76,-2,81
7105320,82,61,8,73
7105830,40,62,-3,76
7106340,61,21,-2,78
7106850,86,41,4,74
7107360,9,68,-3,77
7107870,65,59,0,77
7108380,87,42,2,75
7108890,10,69,-6,81
7109400,66,60,-1,82
7109910,88,80,4,78
7110420,46,16,-1,79
7110930,74,36,4,75
7111440,99,56,-3,78
7111950,11,83,-1,79
7112460,92,72,4,75
7112970,50,99,-7,82
7113480,71,58,6,76
7113990,96,59,1,75
7114500,54,86,-5,80
7115010,75,45,3,77
7115520,100,83,-6,83
7116030,58,8,12,71
7116540,73,81,-9,80
7117050,94,6,-1,81
7117560,64,79,2,79
7118070,85,38,8,71
7118580,8,65,-4,75
7119090,64,78,-14,89
7119600,85,14,12,77
7120110,55,34,-4,81
7120620,80,54,5,76
7121130,94,92,0,76
7121640,52,17,0,76
7122150,77,37,2,74
7122660,0,64,-3,77
7123170,56,77,-6,83
7123680,77,36,0,83
7124190,0,10,3,80
7124700,56,7,1,79
7125210,71,80,2,77
7125720,92,5,2,75
7126230,66,78,-7,82
7126740,87,0,-1,83
7127250,57,73,0,83
7127760,78,58,5,78
7128270,36,96,-7,85
7128780,57,55,-1,86
7129290,78,38,11,75
7129800,1,12,-5,80
7130310,57,9,4,76
7130820,16,82,-6,82
7131330,72,71,-3,85
7131840,93,54,8,77
7132350,5,81,-5,82
7132860,61,94,4,78
7133370,82,53,6,72
7133880,40,80,-8,80
7134390,61,39,1,79
7134900,86,77,0,79
7135410,44,13,2,77
7135920,63,33,1,76
7136430,88,53,5,71
7136940,44,80,-11,82
7137450,65,39,0,82
7137960,90,59,7,75
7138470,46,30,-8,83
7138980,65,13,9,74
7139490,35,86,-9,83
7140000,45,45,2,81
7140510,66,28,3,78
7141020,91,8,-4,82
7141530,65,28,11,71
7142040,90,48,1,70
7142550,46,75,-14,84
7143060,67,34,8,76
7143570,92,54,0,76
7144080,48,81,-13,89
7144590,69,40,13,76
7145100,94,60,3,73
7145610,52,87,-10,83
7146120,9,46,2,81
7146630,19,59,1,80
7147140,29,18,-2,82
7147650,88,87,3,79
7148160,46,12,-2,81
7148670,74,32,4,77
7149180,99,52,6,71
7149690,55,79,-15,86
7150200,76,38,11,75
7150710,101,12,-3,78
7151220,57,49,1,77
7151730,76,69,-1,78
7152240,34,89,0,78
7152750,44,69,-1,79
7153260,65,28,4,75
7153770,90,8,1,74
7154280,64,81,-7,81
7154790,85,40,4,77
7155300,8,67,8,69
7155810,64,80,-15,84
7156320,85,8,8,76
7156830,59,28,1,75
7157340,84,48,-5,80
7157850,7,75,1,79
7158360,63,64,-7,86
7158870,84,47,14,72
7159380,40,74,-8,80
7159890,61,33,6,74
7160400,86,53,3,71
7160910,42,80,-6,77
7161420,63,39,2,75
7161930,82,77,-3,78
7162440,40,2,-3,81
7162950,101,75,0,81
7163460,59,76,-3,84
7163970,80,61,10,74
7164480,3,62,-4,78
7164990,59,75,-4,82
7165500,80,3,-5,87
7166010,50,91,3,84
7166520,71,50,8,76
7167030,90,88,-4,80
7167540,48,13,-2,82
7168050,67,33,8,74
7168560,92,53,0,74
7169070,15,80,-9,83
7169580,71,69,3,80
7170090,92,52,9,71
7170600,48,79,-9,80
7171110,69,38,1,79
7171620,94,58,7,72
7172130,50,85,-13,85
7172640,71,44,12,73
7173150,96,82,-13,86
7173660,54,7,8,78
7174170,13,80,-1,79
7174680,69,69,-8,87
7175190,90,52,15,72
7175700,31,79,-10,82
7176210,52,38,4,78
7176720,71,58,1,77
7177230,96,85,-3,80
7177740,54,10,4,76
7178250,69,30,8,68
7178760,94,50,-2,70
7179270,50,77,-6,76
7179780,71,36,1,75
7180290,96,10,1,74
7180800,70,47,-1,75
7181310,95,85,-8,83
7181820,53,10,7,76
7182330,12,30,-1,77
7182840,68,37,-3,80
7183350,93,75,8,72
7183860,51,0,-8,80
7184370,10,73,3,77
7184880,66,62,3,74
7185390,88,47,1,73
7185900,11,74,-6,79
7186410,76,87,-6,85
7186920,97,23,7,78
7187430,67,31,4,74
7187940,92,51,3,71
7188450,15,78,-9,80
7188960,25,67,-1,81
7189470,35,26,-3,84
7189980,54,9,13,71
7190490,69,29,-5,76
7191000,94,3,3,73
7191510,68,76,-8,81
7192020,89,1,3,78
7192530,63,26,4,74
7193040,88,6,-5,79
7193550,62,31,5,74
7194060,87,51,7,67
7194570,43,78,-18,85
7195080,64,37,11,74
7195590,89,75,-2,76
7196100,47,0,-2,78
7196610,11,73,0,78
7197120,67,62,-3,81
7197630,92,47,12,69
7198140,48,74,-13,82
7198650,69,33,6,76
7199160,94,13,-4,80
7199670,64,50,4,76
7200180,89,70,-2,78
7200690,50,97,-4,82
7201200,71,56,1,81
7201710,96,94,-3,84
7202220,54,19,5,79
7202730,79,39,1,78
7203240,2,66,1,77
7203750,58,79,-3,80
7204260,79,43,3,77
7204770,62,70,-6,83
7205280,83,55,3,80
7205790,41,93,0,80
7206300,62,52,-2,82
7206810,81,72,3,79
7207320,42,99,-4,83
7207830,63,58,0,83
7208340,82,41,10,73
7208850,5,68,4,69
7209360,61,81,-10,79
7209870,82,6,0,79
7210380,56,43,6,73
7210890,75,10,1,72
7211400,45,83,-10,82
7211910,66,42,4,78
7212420,85,62,-1,79
7212930,46,63,-5,84
7213440,67,30,8,76
7213950,92,50,6,70
7214460,48,77,-11,81
7214970,69,36,10,71
7215480,94,10,-5,76
7215990,68,47,1,75
7216500,87,48,2,73
7217010,10,75,-3,76
7217520,20,64,-7,83
7218030,30,23,1,82
7218540,89,6,2,80
7219050,63,31,1,79
7219560,88,51,7,72
7220070,44,78,-8,80
7220580,65,37,4,76
7221090,84,75,-9,85
7221600,45,0,0,85
7222110,4,73,-2,87
7222620,14,86,5,82
7223130,95,75,4,78
7223640,53,90,-7,85
7224150,74,49,8,77
7224660,93,87,0,77
7225170,51,12,-4,81
7225680,10,32,7,74
7226190,66,101,-9,83
7226700,87,60,9,74
7227210,43,89,-8,82
7227720,64,48,2,80
7228230,83,68,0,80
7228740,44,30,-3,83
7229250,30,13,1,82
7229760,89,98,-2,84
7230270,8,23,3,81
7230780,18,34,1,80
7231290,39,41,-7,87
7231800,60,24,10,77
7232310,85,44,6,71
7232820,41,71,-12,83
7233330,62,30,7,76
7233840,87,50,2,74
7234350,10,77,-4,78
7234860,66,66,-4,82
7235370,87,33,9,73
7235880,10,13,-3,76
7236390,66,19,4,72
7236900,36,39,-10,82
7237410,57,22,10,72
7237920,82,2,-11,83
7238430,56,27,7,76
7238940,81,47,0,76
7239450,4,74,0,76
7239960,60,63,-9,85
7240470,81,30,16,69
7240980,4,10,-9,78
7241490,60,7,-4,82
7242000,75,80,-2,84
7242510,96,8,9,75
7243020,70,33,3,72
7243530,95,13,-11,83
7244040,65,50,0,83
7244550,84,88,3,80
7245060,42,24,-2,82
7245570,61,7,5,77
7246080,76,80,-9,86
7246590,97,8,7,79
7247100,71,45,1,78
7247610,90,83,-3,81
7248120,48,19,1,80
7248630,67,39,4,76
7249140,92,77,-1,77
7249650,50,78,-4,81
7250160,71,37,5,76
7250670,96,74,1,75
7251180,54,75,-5,80
7251690,75,34,6,74
7252200,100,54,2,72
7252710,56,81,-5,77
7253220,77,40,2,75
7253730,96,14,-5,80
7254240,66,39,-5,85
7254750,91,77,9,76
7255260,49,78,-6,82
7255770,70,37,2,80
7256280,95,11,6,74
7256790,69,36,-3,77
7257300,94,56,3,74
7257810,50,83,-9,83
7258320,71,42,10,73
7258830,90,69,-4,77
7259340,48,70,-9,86
7259850,69,37,12,74
7260360,94,11,-3,77
7260870,68,36,1,76
7261380,39,10,-3,79
7261890,58,95,-4,83
7262400,79,54,7,76
7262910,2,92,-6,82
7263420,58,81,1,81
7263930,79,40,3,78
7264440,2,20,-3,81
7264950,58,17,6,75
7265460,77,37,-2,77
7265970,0,11,-1,78
7266480,56,8,-2,80
7266990,75,81,-1,81
7267500,96,6,4,77
7268010,70,31,-3,80
7268520,95,51,7,73
7269030,56,78,-9,82
7269540,77,37,4,78
7270050,0,17,8,70
7270560,10,14,-9,79
7271070,66,20,2,77
7271580,91,40,8,69
7272090,47,67,-15,84
7272600,68,34,6,78
7273110,93,54,-2,80
7273620,49,81,1,79
7274130,70,40,1,78
7274640,95,14,4,74
7275150,51,39,-5,79
7275660,70,22,-2,81
7276170,95,42,3,78
7276680,18,69,-3,81
7277190,11,28,4,77
7277700,67,35,4,73
7278210,86,9,-1,74
7278720,56,34,-2,76
7279230,75,54,-4,80
7279740,94,25,8,72
7280250,50,24,-9,81
7280760,69,44,6,75
7281270,88,49,-1,76
7281780,46,23,0,76
7282290,65,43,-1,77
7282800,84,81,0,77
7283310,42,17,0,77
7283820,61,37,-1,78
7284330,80,75,-4,82
7284840,38,11,-1,83
7285350,57,96,0,83
7285860,78,55,8,75
7286370,36,56,-9,84
7286880,57,23,6,78
7287390,76,43,6,72
7287900,95,17,-8,80
7288410,65,54,5,75
7288920,84,37,4,71
7289430,45,64,-9,80
7289940,66,23,2,78
7290450,85,3,-5,83
7290960,55,28,5,78
7291470,74,48,5,73
7291980,93,86,-6,79
7292490,51,22,-2,81
7293000,70,42,7,74
7293510,89,80,-2,76
7294020,47,16,-5,81
7294530,66,36,6,75
7295040,85,56,4,71
7295550,43,94,-12,83
7296060,35,53,0,83
7296570,56,36,1,82
7297080,11,56,1,81
7297590,21,69,-3,84
7298100,31,28,4,80
7298610,50,11,0,80
7299120,69,31,4,76
7299630,94,51,1,75
7300140,50,78,-3,78
7300650,71,37,0,78
7301160,90,57,6,72
7301670,46,84,-6,78
7302180,67,43,-1,79
7302690,86,81,-6,85
7303200,44,17,6,79
7303710,63,37,6,73
7304220,82,75,-11,84
7304730,40,78,5,79
7305240,61,37,-1,80
7305750,80,75,-2,82
7306260,38,11,2,80
7306770,57,96,2,78
7307280,78,55,3,75
7307790,36,82,-2,77
7308300,46,21,-6,83
7308810,65,41,6,77
7309320,33,79,-6,83
7309830,43,38,1,82
7310340,62,21,4,78
7310850,81,41,3,75
7311360,4,15,-4,79
7311870,60,100,-6,85
7312380,81,59,8,77
7312890,100,97,1,76
7313400,58,33,1,75
7313910,77,71,-10,85
7314420,35,7,5,80
7314930,96,92,-1,81
7315440,54,17,7,74
7315950,73,37,-3,77
7316460,98,11,2,75
7316970,72,48,-4,79
7317480,91,86,-2,81
7317990,49,22,3,78
7318500,68,42,2,76
7319010,93,80,-2,78
7319520,51,16,5,73
7320030,70,36,1,72
7320540,95,10,-8,80
7321050,69,48,4,76
7321560,88,86,-3,79
7322070,49,22,-3,82
7322580,74,42,5,77
7323090,99,80,3,74
7323600,57,16,-1,75
7324110,76,36,7,68
7324620,101,10,-11,79
7325130,71,47,2,77
7325640,90,85,-2,79
7326150,51,21,1,78
7326660,76,41,1,77
7327170,101,79,1,76
7327680,62,15,-6,82
7328190,77,88,-2,84
7328700,98,24,16,68
7329210,54,51,-12,80
7329720,13,34,-2,82
7330230,23,31,3,79
7330740,44,100,-1,80
7331250,55,59,2,78
7331760,76,42,1,77
7332270,101,80,0,77
7332780,59,5,1,76
7333290,74,78,-9,85
7333800,95,14,7,78
7334310,69,24,-1,79
7334820,94,97,1,78
7335330,13,33,1,77
7335840,23,30,0,77
7336350,5,99,-4,81
7336860,86,10,-1,82
7337370,56,20,8,74
7337880,81,40,4,70
7338390,4,67,-9,79
7338900,14,80,3,76
7339410,24,69,-2,78
7339920,34,28,-3,81
7340430,55,11,3,78
7340940,70,31,1,77
7341450,95,5,0,77
7341960,69,78,-10,87
7342470,90,14,11,76
7342980,64,24,1,75
7343490,89,100,-6,81
7344000,8,25,0,81
7344510,64,22,9,72
7345020,89,98,-9,81
7345530,8,34,0,81
7346040,18,31,3,78
7346550,13,38,-1,79
7347060,23,51,0,79
7347570,44,18,-3,82
7348080,63,38,5,77
7348590,88,76,-2,79
7349100,46,12,3,76
7349610,65,85,-2,78
7350120,86,21,5,73
7350630,56,48,-6,79
7351140,19,31,2,77
7351650,40,38,-3,80
7352160,61,21,3,77
7352670,86,94,-9,86
7353180,5,30,16,70
7353690,15,27,-5,75
7354200,99,33,5,70
7354710,69,60,-7,77
7355220,88,98,-5,82
7355730,7,34,6,76
7356240,17,47,-2,78
7356750,12,60,-1,79
7357260,22,19,0,79
7357770,8,25,-5,84
7358280,29,22,-5,89
7358790,50,91,-2,91
7359300,71,50,8,83
7359810,90,88,1,82
7360320,48,24,-1,83
7360830,67,44,4,79
7361340,86,82,0,79
7361850,44,18,-3,82
7362360,63,38,5,77
7362870,88,76,2,75
7363380,46,12,-5,80
7363890,65,32,1,79
7364400,90,52,6,73
7364910,7,79,-9,82
7365420,88,92,5,77
7365930,7,28,-1,78
7366440,63,25,-4,82
7366950,88,101,0,82
7367460,7,37,10,72
7367970,17,51,-10,82
7368480,27,64,2,80
7368990,37,23,-1,81
7369500,56,6,6,75
7370010,71,79,-6,81
7370520,92,15,-2,83
7371030,62,25,8,75
7371540,87,45,7,68
7372050,10,83,-8,76
7372560,20,72,-3,79
7373070,30,31,-4,83
7373580,51,100,1,82
7374090,72,59,5,77
7374600,33,64,-8,85
7375110,54,31,8,77
7375620,73,51,-2,79
7376130,92,89,-1,80
7376640,50,25,-5,85
7377150,69,45,5,80
7377660,88,19,5,75
7378170,58,27,-2,77
7378680,83,47,5,72
7379190,6,85,-2,74
7379700,87,98,-12,86
7380210,6,34,11,75
7380720,16,31,-5,80
7381230,4,28,7,73
7381740,14,25,-5,78
7382250,70,32,1,77
7382760,95,6,-1,78
7383270,69,79,-1,79
7383780,90,46,8,71
7384290,13,73,-5,76
7384800,23,32,-2,78
7385310,44,101,-3,81
7385820,55,60,0,81
7386330,63,98,2,79
7386840,84,57,6,73
7387350,42,95,-10,83
7387860,63,54,3,80
7388370,82,21,6,74
7388880,52,26,-8,82
7389390,77,46,6,76
7389900,0,84,-1,77
7390410,81,97,-4,81
7390920,0,33,9,72
7391430,10,46,-10,82
7391940,20,59,5,77
7392450,30,18,-7,84
7392960,0,87,5,79
7393470,81,100,0,79
7393980,0,36,4,75
7394490,10,33,-9,84
7395000,20,30,1,83
7395510,41,37,-3,86
7396020,62,20,10,76
7396530,87,96,-3,79
7397040,6,32,3,76
7397550,16,29,1,75
7398060,11,98,-6,81
7398570,22,33,10,71
7399080,43,0,-6,77
7399590,2,73,-1,78
7400100,12,86,0,78
7400610,23,99,1,77
7401120,34,88,-9,86
7401630,45,47,2,84
7402140,66,30,10,74
7402650,91,4,-3,77
7403160,65,77,-3,80
7403670,86,13,5,75
7404180,60,33,-2,77
7404690,85,71,7,70
7405200,43,7,-11,81
7405710,13,80,-2,83
7406220,23,69,3,80
7406730,33,28,-4,84
7407240,54,11,8,76
7407750,24,84,-7,83
7408260,34,43,6,77
7408770,55,10,-4,81
7409280,25,83,-2,83
7409790,58,42,6,77
7410300,77,80,-9,86
7410810,98,16,12,74
7411320,72,53,-7,81
7411830,91,91,2,79
7412340,49,27,-2,81
7412850,74,47,1,80
7413360,34,85,-4,84
7413870,44,44,0,84
7414380,65,27,12,72
7414890,90,47,0,72
7415400,2,21,-5,77
7415910,12,18,-3,80
7416420,96,24,1,79
7416930,70,34,3,76
7417440,95,8,-2,78
7417950,69,46,3,75
7418460,88,84,-3,78
7418970,46,20,-7,85
7419480,65,71,2,83
7419990,86,7,-2,85
7420500,56,32,12,73
7421010,75,52,-8,81
7421520,94,90,3,78
7422030,52,26,-3,81
7422540,77,46,7,74
7423050,0,84,-2,76
7423560,81,97,-3,79
7424070,0,33,2,77
7424580,10,30,3,74
7425090,66,27,-3,77
7425600,91,1,-3,80
7426110,65,26,3,77
7426620,90,46,0,77
7427130,2,73,5,72
7427640,83,86,-8,80
7428150,2,22,4,76
7428660,12,19,-7,83
7429170,68,26,12,71
7429680,93,0,-10,81
7430190,67,73,-2,83
7430700,88,9,7,76
7431210,62,19,2,74
7431720,87,29,-8,82
7432230,57,3,5,77
7432740,27,49,-1,78
7433250,48,16,0,78
7433760,18,36,-6,84
7434270,39,3,6,78
7434780,9,76,-6,84
7435290,90,89,4,80
7435800,48,25,-3,83
7436310,67,45,7,76
7436820,86,83,-4,80
7437330,44,19,-1,81
7437840,69,39,8,73
7438350,94,77,-4,77
7438860,52,13,1,76
7439370,71,33,-1,77
7439880,49,7,0,77
7440390,19,80,-3,80
7440900,29,39,-3,83
7441410,50,46,0,83
7441920,71,29,8,75
7442430,96,3,-9,84
7442940,70,41,4,80
7443450,95,79,4,76
7443960,53,15,-1,77
7444470,23,35,-5,82
7444980,5,2,7,75
7445490,61,101,-11,86
7446000,82,60,13,73
7446510,40,98,-11,84
7447020,51,57,10,74
7447530,72,24,5,69
7448040,97,100,-9,78
7448550,16,25,1,77
7449060,100,32,0,77
7449570,70,27,3,74
7450080,95,22,4,70
7450590,69,21,-5,75
7451100,94,48,0,75
7451610,17,75,-2,77
7452120,98,34,6,71
7452630,68,29,-6,77
7453140,93,49,3,74
7453650,16,76,-6,80
7454160,97,65,9,71
7454670,55,66,-11,82
7455180,76,33,7,75
7455690,101,7,1,74
7456200,75,44,3,71
7456710,100,82,-8,79
7457220,58,18,3,76
7457730,83,38,9,67
7458240,6,12,-13,80
7458750,62,9,7,73
7459260,32,19,-16,89
7459770,2,2,5,84
7460280,58,101,1,83
7460790,79,60,9,74
7461300,37,98,-7,81
7461810,48,57,-10,91
7462320,69,40,14,77
7462830,94,78,3,74
7463340,52,3,-4,78
7463850,67,76,-4,82
7464360,88,33,14,68
7464870,44,28,-20,88
7465380,63,11,11,77
7465890,33,21,-7,84
7466400,52,4,-1,85
7466910,67,77,3,82
7467420,88,2,2,80
7467930,62,22,4,76
7468440,87,42,4,72
7468950,101,16,-9,81
7469460,75,53,6,75
7469970,89,91,-5,80
7470480,47,27,0,80
7470990,72,10,3,77
7471500,42,20,-8,85
7472010,70,46,7,78
7472520,89,84,-3,81
7473030,47,9,2,79
7473540,17,29,0,79
7474050,38,36,-4,83
7474560,59,19,8,75
7475070,84,39,0,75
7475580,7,34,4,71
7476090,63,31,-2,73
7476600,88,5,-10,83
7477110,58,78,7,76
7477620,79,14,-1,77
7478130,49,24,-4,81
7478640,68,44,5,76
7479150,93,17,3,73
7479660,67,84,-17,90
7480170,88,20,13,77
7480680,58,57,-5,82
7481190,79,40,12,70
7481700,93,14,-2,72
7482210,67,51,-14,86
7482720,92,89,11,75
7483230,50,25,-6,81
7483740,69,45,1,80
7484250,94,83,0,80
7484760,52,19,3,77
7485270,77,39,-2,79
7485780,45,59,0,79
7486290,66,42,-3,82
7486800,91,80,2,80
7487310,49,16,2,78
7487820,77,36,1,77
7488330,0,10,-1,78
7488840,56,7,-2,80
7489350,71,80,-1,81
7489860,92,16,-1,82
7490370,66,46,7,75
7490880,85,84,-6,81
7491390,43,20,-3,84
7491900,71,3,-3,87
7492410,41,76,3,84
7492920,62,35,8,76
7493430,87,55,1,75
7493940,101,60,2,73
7494450,13,87,-4,77
7494960,94,76,2,75
7495470,52,22,-2,77
7495980,77,42,1,76
7496490,91,62,0,76
7497000,49,63,-10,86
7497510,70,46,12,74
7498020,84,84,-10,84
7498530,3,20,8,76
7499040,13,17,-5,81
7499550,69,23,4,77
7500060,94,27,6,71
7500570,50,64,-10,81
7501080,71,31,7,74
7501590,96,5,-10,84
7502100,70,30,11,73
7502610,95,3,-6,79
7503120,69,40,1,78
7503630,55,78,-3,81
7504140,76,37,7,74
7504650,90,32,0,74
7505160,60,27,-4,78
7505670,85,47,-1,79
7506180,99,85,0,79
7506690,57,10,-1,80
7507200,27,83,-2,82
7507710,37,42,2,80
7508220,58,25,4,76
7508730,83,45,-3,79
7509240,97,19,-4,83
7509750,71,56,7,76
7510260,85,16,-4,80
7510770,55,36,2,78
7511280,74,56,-3,81
7511790,99,18,5,76
7512300,73,55,-1,77
7512810,87,93,-9,86
7513320,6,29,12,74
7513830,62,26,-4,78
7514340,87,101,-7,85
7514850,6,37,6,79
7515360,16,50,2,77
7515870,11,9,-4,81
7516380,67,15,4,77
7516890,37,88,-8,85
7517400,58,47,5,80
7517910,79,30,6,74
7518420,49,25,-12,86
7518930,77,45,10,76
7519440,91,83,2,74
7519950,49,19,-8,82
7520460,19,39,2,80
7520970,40,6,-1,81
7521480,10,91,0,81
7521990,91,97,1,80
7522500,10,22,4,76
7523010,66,29,-1,77
7523520,91,3,-8,85
7524030,65,28,9,76
7524540,11,1,-5,81
7525050,67,86,2,79
7525560,88,45,-2,81
7526070,0,19,9,72
7526580,56,16,-6,78
7527090,26,89,-5,83
7527600,36,48,0,83
7528110,57,15,8,75
7528620,27,20,-6,81
7529130,83,3,2,79
7529640,53,23,2,77
7530150,23,43,-4,81
7530660,44,10,4,77
7531170,14,30,-6,83
7531680,70,37,7,76
7532190,95,57,-5,81
7532700,51,95,3,78
7533210,72,54,5,73
7533720,86,14,-7,80
7534230,56,34,4,76
7534740,70,54,0,76
7535250,84,27,3,73
7535760,54,22,-4,77
7536270,79,42,-2,79
7536780,93,16,11,68
7537290,49,53,-19,87
7537800,70,36,10,77
7538310,95,9,-2,79
7538820,69,46,0,79
7539330,83,84,-3,82
7539840,101,20,7,75
7540350,57,40,-4,79
7540860,76,78,-4,83
7541370,97,14,7,76
7541880,71,51,-6,82
7542390,85,89,-2,84
7542900,4,25,15,69
7543410,14,22,-11,80
7543920,98,29,9,71
7544430,54,24,-6,77
7544940,79,44,2,75
7545450,93,18,1,74
7545960,49,55,-7,81
7546470,70,22,10,71
7546980,40,42,-14,85
7547490,61,25,12,73
7548000,86,100,-10,83
7548510,5,36,9,74
7549020,15,49,-3,77
7549530,25,8,-2,79
7550040,81,93,1,78
7550550,0,101,-4,82
7551060,81,99,2,80
7551570,0,35,4,76
7552080,10,32,-4,80
7552590,66,29,6,74
7553100,91,2,-4,78
7553610,65,22,4,74
7554120,35,42,-9,83
7554630,56,25,12,71
7555140,81,45,-4,75
7555650,95,19,-1,76
7556160,65,56,-3,79
7556670,41,29,-7,86
7557180,60,12,9,77
7557690,30,85,-4,81
7558200,40,44,-1,82
7558710,43,27,-1,83
7559220,71,10,7,76
7559730,41,83,-1,77
7560240,62,42,-6,83
7560750,90,62,4,79
7561260,2,100,6,73
7561770,83,40,-1,74
7562280,97,14,-5,79
7562790,71,51,7,72
7563300,85,24,-9,81
7563810,100,44,2,79
7564320,96,39,0,79
7564830,52,34,2,77
7565340,80,17,0,77
7565850,50,37,-7,84
7566360,29,20,-1,85
7566870,85,3,2,83
7567380,59,76,3,80
7567890,80,61,-3,83
7568400,94,79,3,80
7568910,52,15,1,79
7569420,67,35,7,72
7569930,92,8,-5,77
7570440,66,28,1,76
7570950,91,48,1,75
7571460,47,22,-8,83
7571970,72,42,9,74
7572480,86,62,1,73
7572990,100,100,-9,82
7573500,58,36,7,75
7574010,72,9,-6,81
7574520,42,82,-4,85
7575030,63,41,10,75
7575540,88,14,-7,82
7576050,58,34,6,76
7576560,83,54,2,74
7577070,97,92,-3,77
7577580,55,28,0,77
7578090,80,48,5,72
7578600,94,21,-10,82
7579110,64,58,8,74
7579620,43,25,-11,85
7580130,13,8,-1,86
7580640,69,14,9,77
7581150,39,24,-6,83
7581660,64,7,6,77
7582170,34,27,-5,82
7582680,13,10,2,80
7583190,69,16,0,80
7583700,39,36,0,80
7584210,60,19,7,73
7584720,30,39,-6,79
7585230,51,22,-1,80
7585740,76,42,9,71
7586250,90,16,-7,78
7586760,60,36,3,75
7587270,85,74,-10,85
7587780,99,10,10,75
7588290,73,47,5,70
7588800,87,85,-13,83
7589310,6,21,8,75
7589820,62,18,-2,77
7590330,32,91,-7,84
7590840,42,50,1,83
7591350,63,33,7,76
7591860,88,53,-4,80
7592370,0,91,5,75
7592880,81,86,-11,86
7593390,0,22,2,84
7593900,56,19,12,72
7594410,26,39,-11,83
7594920,47,6,0,83
7595430,17,79,0,83
7595940,27,38,3,80
7596450,48,21,-2,82
7596960,76,41,14,68
7597470,101,15,-9,77
7597980,57,52,-3,80
7598490,78,35,6,74
7599000,1,9,1,73
7599510,57,6,-4,77
7600020,27,79,-4,81
7600530,37,38,-2,83
7601040,58,21,9,74
7601550,83,41,-1,75
7602060,97,15,3,72
7602570,53,52,-8,80
7603080,74,35,4,76
7603590,99,9,-11,87
7604100,73,47,4,83
7604610,87,85,1,82
7605120,6,21,7,75
7605630,62,18,-2,77
7606140,32,94,-5,82
7606650,42,53,3,79
7607160,63,20,2,77
7607670,24,96,-7,84
7608180,34,55,5,79
7608690,55,22,3,76
7609200,25,42,-6,82
7609710,46,9,2,80
7610220,16,29,2,78
7610730,72,35,2,76
7611240,86,55,4,72
7611750,100,93,-8,80
7612260,58,18,4,76
7612770,28,38,-8,84
7613280,49,21,5,79
7613790,19,41,0,79
7614300,7,8,3,76
7614810,63,14,-2,78
7615320,33,34,-5,83
7615830,54,17,7,76
7616340,24,37,-7,83
7616850,45,4,-4,87
7617360,15,77,7,80
7617870,25,66,5,75
7618380,35,25,-6,81
7618890,40,8,-4,85
7619400,30,93,0,85
7619910,40,52,6,79
7620420,61,19,2,77
7620930,31,39,-5,82
7621440,52,6,0,82
7621950,67,79,-6,88
7622460,88,15,15,73
7622970,44,35,-14,87
7623480,65,18,10,77
7623990,35,38,-9,86
7624500,56,21,10,76
7625010,26,41,1,75
7625520,47,8,-8,83
7626030,17,28,8,75
7626540,73,34,0,75
7627050,78,54,-2,77
7627560,33,92,-6,83
7628070,43,51,0,83
7628580,64,34,6,77
7629090,92,8,-3,80
7629600,66,45,1,79
7630110,94,83,-1,80
7630620,52,19,4,76
7631130,57,39,-3,79
7631640,62,59,-1,80
7632150,83,42,6,74
7632660,97,16,-1,75
7633170,53,36,-2,77
7633680,81,56,0,77
7634190,37,94,-8,85
7634700,47,53,4,81
7635210,68,36,6,75
7635720,82,9,0,75
7636230,52,29,-6,81
7636740,80,49,11,70
7637250,36,87,-15,85
7637760,46,46,5,80
7638270,67,29,1,79
7638780,72,3,-3,82
7639290,77,23,9,73
7639800,47,28,-8,81
7640310,46,44,-6,87
7640820,67,27,10,77
7641330,72,47,-2,79
7641840,86,85,-4,83
7642350,5,21,7,76
7642860,15,18,-4,80
7643370,99,24,2,78
7643880,55,61,-3,81
7644390,76,44,2,79
7644900,90,82,-8,87
7645410,9,18,11,76
7645920,65,25,2,74
7646430,70,45,-9,83
7646940,84,83,5,78
7647450,42,19,-7,85
7647960,12,39,0,85
7648470,68,52,4,81
7648980,82,72,4,77
7649490,40,8,-7,84
7650000,10,28,4,80
7650510,66,25,7,73
7651020,71,45,-5,78
7651530,76,83,-4,82
7652040,97,19,12,70
7652550,53,56,-12,82
7653060,74,39,3,79
7653570,79,77,2,77
7654080,100,2,4,73
7654590,74,39,-2,75
7655100,88,12,-3,78
7655610,58,49,-3,81
7656120,79,32,0,81
7656630,2,59,5,76
7657140,12,48,-6,82
7657650,22,36,3,79
7658160,43,19,-1,80
7658670,71,39,9,71
7659180,85,76,-8,79
7659690,43,1,-2,81
7660200,13,74,1,80
7660710,23,33,2,78
7661220,44,53,-2,80
7661730,65,20,7,73
7662240,70,95,-4,77
7662750,91,30,0,77
7663260,47,25,-2,79
7663770,72,45,8,71
7664280,86,83,-14,85
7664790,83,8,8,77
7665300,57,28,4,73
7665810,62,48,-9,82
7666320,90,68,6,76
7666830,46,95,-5,81
7667340,5,54,3,78
7667850,15,43,-2,80
7668360,25,56,-1,81
7668870,13,15,5,76
7669380,69,21,-9,85
7669890,74,41,9,76
7670400,88,14,3,73
7670910,62,34,0,73
7671420,67,54,-6,79
7671930,46,92,-7,86
7672440,67,51,10,76
7672950,95,89,0,76
7673460,53,25,-4,80
7673970,81,45,4,76
7674480,95,19,-7,83
7674990,65,56,6,77
7675500,93,94,0,77
7676010,51,30,-1,78
7676520,79,50,4,74
7677030,93,77,-4,78
7677540,51,2,-3,81
7678050,66,75,0,81
7678560,87,11,3,78
7679070,61,31,-3,81
7679580,66,51,2,79
7680090,71,89,-8,87
7680600,92,25,11,76
7681110,48,33,-4,80
7681620,53,16,2,78
7682130,23,36,2,76
7682640,44,19,-7,83
7683150,72,39,10,73
7683660,86,13,-4,77
7684170,60,33,0,77
7684680,65,53,-5,82
7685190,93,91,-5,87
7685700,51,27,16,71
7686210,56,47,-9,80
7686720,77,30,3,77
7687230,47,4,-5,82
7687740,17,77,0,82
7688250,27,36,7,75
7688760,48,19,-4,79
7689270,18,39,0,79
7689780,6,14,8,71
7690290,62,11,-5,76
7690800,32,84,-4,80
7691310,42,43,-7,87
7691820,63,26,19,68
7692330,68,0,-12,80
7692840,38,73,-7,87
7693350,59,32,12,75
7693860,87,52,4,71
7694370,101,79,-6,77
7694880,57,4,-3,80
7695390,27,77,-2,82
7695900,15,36,-1,83
7696410,3,3,5,78
7696920,59,14,3,75
7697430,74,34,1,74
7697940,44,8,-10,84
7698450,14,28,6,78
7698960,70,96,-4,82
7699470,91,21,3,79
7699980,61,41,0,79
7700490,66,79,-3,82
7701000,87,4,4,78
7701510,61,24,3,75
7702020,31,44,-4,79
7702530,52,27,-3,82
7703040,80,47,10,72
7703550,94,21,-12,84
7704060,50,41,3,81
7704570,71,24,8,73
7705080,96,100,-6,79
7705590,15,25,6,73
7706100,99,94,-7,80
7706610,57,19,1,79
7707120,85,39,4,75
7707630,41,34,-12,87
7708140,22,17,6,81
7708650,78,0,-3,84
7709160,52,20,5,79
7709670,80,40,7,72
7710180,36,14,-9,81
7710690,6,34,-2,83
7711200,16,47,3,80
7711710,4,14,8,72
7712220,60,11,-9,81
7712730,30,31,0,81
7713240,51,14,0,81
7713750,79,34,9,72
7714260,35,29,-10,82
7714770,56,79,-2,84
7715280,77,38,13,71
7715790,91,12,-3,74
7716300,47,7,-4,78
7716810,62,27,0,78
7717320,67,47,-1,79
7717830,30,20,-3,82
7718340,38,3,5,77
7718850,8,23,3,74
7719360,18,30,-7,81
7719870,0,36,5,76
7720380,10,49,0,76
7720890,20,8,-4,80
7721400,76,93,-1,81
7721910,97,18,5,76
7722420,53,38,-1,77
7722930,81,58,4,73
7723440,37,85,-7,80
7723950,58,44,1,79
7724460,86,64,4,75
7724970,42,26,-6,81
7725480,47,9,-3,84
7725990,17,29,-2,86
7726500,73,98,2,84
7727010,94,34,12,72
7727520,50,8,-12,84
7728030,20,28,1,83
7728540,41,11,1,82
7729050,11,31,0,82
7729560,67,37,6,76
7730070,97,57,3,73
7730580,53,84,-9,82
7731090,74,43,4,78
7731600,79,17,-2,80
7732110,49,37,-1,81
7732620,79,20,2,79
7733130,35,40,-7,86
7733640,56,23,11,75
7734150,61,43,-6,81
7734660,66,63,-2,83
7735170,45,46,0,83
7735680,66,13,6,77
7736190,36,33,-8,85
7736700,57,16,13,72
7737210,13,36,-10,82
7737720,8,3,0,82
7738230,64,9,6,76
7738740,34,82,-4,80
7739250,44,41,-5,85
7739760,65,24,9,76
7740270,70,100,-4,80
7740780,91,59,4,76
7741290,47,86,-10,86
7741800,68,45,7,79
7742310,73,18,0,79
7742820,29,38,-2,81
7743330,50,21,0,81
7743840,78,41,3,78
7744350,83,15,1,77
7744860,39,35,-2,79
7745370,60,2,-6,85
7745880,30,75,4,81
7746390,40,34,-4,85
7746900,61,17,9,76
7747410,31,37,-4,80
7747920,52,4,-2,82
7748430,22,77,4,78
7748940,32,36,2,76
7749450,53,3,-7,83
7749960,23,76,-4,87
7750470,33,35,6,81
7750980,54,18,2,79
7751490,59,38,0,79
7752000,64,11,-4,83
7752510,34,84,0,83
7753020,44,43,-4,87
7753530,65,26,11,76
7754040,70,53,-5,81
7754550,75,89,0,81
7755060,96,14,10,71
7755570,52,24,-13,84
7756080,80,44,11,73
7756590,36,18,-10,83
7757100,64,87,1,82
7757610,85,46,9,73
7758120,41,20,-11,84
7758630,69,89,5,79
7759140,90,48,-1,80
7759650,99,22,1,79
7760160,55,42,0,79
7760670,85,9,1,78
7761180,59,29,0,78
7761690,64,49,3,75
7762200,69,16,0,75
7762710,39,77,-7,82
7763220,60,77,-3,85
7763730,81,44,15,70
7764240,37,18,-12,82
7764750,65,87,3,79
7765260,86,46,7,72
7765770,42,20,-6,78
7766280,47,40,-3,81
7766790,52,23,8,73
7767300,57,43,-6,79
7767810,62,26,3,76
7768320,67,0,-4,80
7768830,37,73,-6,86
7769340,58,32,9,77
7769850,63,52,-2,79
7770360,68,19,5,74
7770870,38,24,-14,88
7771380,43,7,9,79
7771890,13,27,3,76
7772400,69,96,-1,77
7772910,90,55,5,72
7773420,46,60,-12,84
7773930,67,27,9,75
7774440,23,47,-9,84
7774950,44,14,2,82
7775460,14,34,5,77
7775970,9,1,-2,79
7776480,65,7,-1,80
7776990,35,80,-2,82
7777500,56,39,8,74
7778010,61,59,-4,78
7778520,40,42,-2,80
7779030,61,9,4,76
7779540,31,82,-3,79
7780050,41,41,-9,88
7780560,62,24,11,77
7781070,67,44,-2,79
7781580,72,17,3,76
7782090,28,65,-4,80
7782600,38,24,-2,82
7783110,43,93,-2,84
7783620,64,52,7,77
7784130,69,19,-4,81
7784640,84,24,2,79
7785150,100,19,0,79
7785660,56,39,-2,81
7786170,84,59,9,72
7786680,40,55,-11,83
7787190,61,22,12,71
7787700,17,98,-3,74
7788210,27,57,-6,80
7788720,48,24,-8,88
7789230,76,44,17,71
7789740,32,18,-7,78
7790250,37,87,0,78
7790760,47,46,-2,80
7791270,68,29,10,70
7791780,73,3,-9,79
7792290,43,76,-2,81
7792800,64,35,1,80
7793310,69,55,1,79
7793820,74,75,4,75
7794330,95,42,-1,76
7794840,51,69,-9,85
7795350,72,36,13,72
7795860,28,10,-6,78
7796370,100,95,0,78
7796880,58,20,4,74
7797390,28,40,-5,79
7797900,49,7,0,79
7798410,64,80,2,77
7798920,85,5,2,75
7799430,41,78,-5,80
7799940,62,37,1,79
7800450,67,10,1,78
7800960,37,83,-2,80
7801470,47,42,-7,87
7801980,68,25,11,76
7802490,73,5,-7,83
7803000,43,78,-4,87
7803510,28,37,6,81
7804020,49,44,-2,83
7804530,70,27,8,75
7805040,95,7,1,74
7805550,51,80,-2,76
7806060,72,39,-1,77
7806570,97,12,0,77
7807080,1,20,1,76
7807590,11,17,-3,79
7808100,95,23,6,73
7808610,51,31,-7,80
7809120,56,51,1,79
7809630,86,34,9,70
7810140,42,29,-11,81
7810650,70,12,6,75
7811160,40,22,-11,86
7811670,45,5,2,84
7812180,48,78,5,79
7812690,69,37,2,77
7813200,94,11,0,77
7813710,50,31,-6,83
7814220,78,14,10,73
7814730,34,24,-8,81
7815240,39,7,4,77
7815750,9,27,1,76
7816260,4,89,-6,82
7816770,85,29,6,76
7817280,41,24,-8,84
7817790,69,7,4,80
7818300,39,80,-1,81
7818810,60,39,1,80
7819320,65,12,2,78
7819830,80,85,-2,80
7820340,101,10,5,75
7820850,57,30,0,75
7821360,62,50,-8,83
7821870,90,33,5,78
7822380,46,28,-4,82
7822890,74,11,3,79
7823400,89,31,5,74
7823910,45,58,-9,83
7824420,66,25,4,79
7824930,71,45,1,78
7825440,76,18,4,74
7825950,46,23,-14,88
7826460,74,6,14,74
7826970,44,79,-12,86
7827480,65,38,9,77
7827990,70,11,-2,79
7828500,40,31,-4,83
7829010,45,14,3,80
7829520,73,34,2,78
7830030,78,7,-6,84
7830540,48,27,3,81
7831050,53,47,-1,82
7831560,74,30,8,74
7832070,99,3,-7,81
7832580,55,28,7,74
7833090,83,48,-2,76
7833600,88,75,3,73
7834110,46,0,-2,75
7834620,16,73,-8,83
7835130,26,32,5,78
7835640,47,15,-1,79
7836150,75,35,10,69
7836660,31,9,-10,79
7837170,1,26,-2,81
7837680,11,23,6,75
7838190,6,2,-14,89
7838700,62,101,5,84
7839210,83,60,8,76
7839720,39,61,-2,78
7840230,60,28,3,75
7840740,88,48,2,73
7841250,93,75,1,72
7841760,51,0,-10,82
7842270,21,73,2,80
7842780,31,32,3,77
7843290,52,15,-3,80
7843800,22,35,3,77
7844310,43,2,-6,83
7844820,13,75,5,78
7845330,94,64,6,72
7845840,50,91,-7,79
7846350,71,50,4,75
7846860,76,88,-10,85
7847370,97,13,18,67
7847880,53,23,-8,75
7848390,58,43,3,72
7848900,63,63,-7,79
7849410,84,46,4,75
7849920,40,20,-9,84
7850430,68,3,1,83
7850940,38,76,2,81
7851450,59,35,4,77
7851960,64,55,-2,79
7852470,92,75,3,76
7852980,50,0,0,76
7853490,20,73,-3,79
7854000,30,32,-3,82
7854510,51,15,6,76
7855020,56,35,4,72
7855530,61,55,-7,79
7856040,91,38,8,71
7856550,47,65,-10,81
7857060,68,24,5,76
7857570,76,51,-1,77
7858080,81,78,-2,79
7858590,39,3,-1,80
7859100,9,76,-5,85
7859610,90,89,3,82
7860120,9,14,6,76
7860630,65,20,4,72
7861140,35,47,-7,79
7861650,56,18,3,76
7862160,12,38,-3,79
7862670,7,45,2,77
7863180,17,58,4,73
7863690,27,17,-7,80
7864200,83,0,3,77
7864710,53,73,-8,85
7865220,74,40,11,74
7865730,79,14,-9,83
7866240,34,34,3,80
7866750,55,17,8,72
7867260,11,37,-4,76
7867770,21,50,-1,77
7868280,31,17,-5,82
7868790,1,0,0,82
7869300,57,99,4,78
7869810,78,58,-6,84
7870320,92,35,8,76
7870830,48,30,-5,81
7871340,76,50,-3,84
7871850,81,23,7,77
7872360,37,18,-2,79
7872870,65,38,6,73
7873380,70,58,1,72
7873890,100,20,-2,74
7874400,56,40,-7,81
7874910,84,60,4,77
7875420,40,61,-6,83
7875930,61,28,7,76
7876440,66,48,-1,77
7876950,71,8,-1,78
7877460,41,81,0,78
7877970,62,40,0,78
7878480,67,60,-4,82
7878990,88,43,10,72
7879500,44,23,-7,79
7880010,72,43,-1,80
7880520,77,17,3,77
7881030,92,37,-7,84
7881540,48,57,-1,85
7882050,69,24,9,76
7882560,74,100,2,74
7883070,95,59,-6,80
7883580,51,86,-1,81
7884090,72,45,6,75
7884600,77,18,0,75
7885110,47,38,-2,77
7885620,77,21,6,71
7886130,33,97,-13,84
7886640,43,56,-1,85
7887150,64,23,10,75
7887660,69,99,-10,85
7888170,90,35,5,80
7888680,46,30,-2,82
7889190,74,13,2,80
7889700,44,86,-1,81
7890210,65,45,0,81
7890720,70,65,-4,85
7891230,91,48,5,80
7891740,47,22,-5,85
7892250,75,42,11,74
7892760,80,16,-3,77
7893270,50,26,-9,86
7893780,78,46,9,77
7894290,1,20,-2,79
7894800,82,17,1,78
7895310,38,37,-2,80
7895820,59,20,2,78
7896330,64,40,-4,82
7896840,92,13,-2,84
7897350,62,33,10,74
7897860,87,53,2,72
7898370,43,80,-9,81
7898880,64,39,0,81
7899390,92,77,-2,83
7899900,50,39,3,80
7900410,78,22,1,79
7900920,93,27,0,79
7901430,49,47,-4,83
7901940,70,30,6,77
7902450,95,4,3,74
7902960,69,29,-3,77
7903470,94,9,2,75
7903980,50,29,-5,80
7904490,78,49,2,78
7905000,92,23,2,76
7905510,48,43,-11,87
7906020,69,26,11,76
7906530,94,46,3,73
7907040,50,26,-11,84
7907550,78,46,9,75
7908060,83,66,-3,78
7908570,62,67,-7,85
7909080,83,50,9,76
7909590,88,24,1,75
7910100,44,44,-8,83
7910610,65,27,10,73
7911120,90,47,-1,74
7911630,46,21,-12,86
7912140,74,4,9,77
7912650,44,77,-7,84
7913160,65,36,12,72
7913670,90,10,-9,81
7914180,46,30,4,77
7914690,74,50,1,76
7915200,93,10,-2,78
7915710,49,30,-4,82
7916220,77,13,8,74
7916730,47,33,-15,89
7917240,75,16,14,75
7917750,45,26,-8,83
7918260,73,46,8,75
7918770,78,6,-8,83
7919280,48,79,-2,85
7919790,69,38,12,73
7920300,94,58,0,73
7920810,50,59,-9,82
7921320,71,26,7,75
7921830,96,6,-4,79
7922340,52,31,0,79
7922850,80,51,7,72
7923360,99,52,-4,76
7923870,55,32,-5,81
7924380,83,52,8,73
7924890,88,53,-2,75
7925400,44,27,-4,79
7925910,72,10,2,77
7926420,28,30,0,77
7926930,49,99,0,77
7927440,70,58,-11,88
7927950,98,25,13,75
7928460,54,20,-1,76
7928970,79,40,2,74
7929480,2,14,-4,78
7929990,58,11,4,74
7930500,73,84,-8,82
7931010,94,20,7,75
7931520,50,40,-8,83
7932030,78,23,7,76
7932540,57,43,-8,84
7933050,85,26,6,78
7933560,55,21,-1,79
7934070,83,41,3,76
7934580,6,15,2,74
7935090,62,12,2,72
7935600,77,32,-6,78
7936110,0,12,2,76
7936620,81,9,-3,79
7937130,51,29,0,79
7937640,79,49,7,72
7938150,98,50,-5,77
7938660,54,30,-1,78
7939170,73,50,-3,81
7939680,101,51,4,77
7940190,57,52,-4,81
7940700,85,35,4,77
7941210,8,15,-2,79
7941720,64,22,4,75
7942230,92,2,-9,84
7942740,66,75,2,82
7943250,87,42,4,78
7943760,10,22,0,78
7944270,91,29,-1,79
7944780,47,49,-5,84
7945290,68,32,6,78
7945800,93,12,1,77
7946310,67,32,1,76
7946820,92,52,-1,77
7947330,97,53,-1,78
7947840,0,54,5,73
7948350,81,67,-2,75
7948860,39,29,-1,76
7949370,67,12,-4,80
7949880,82,32,6,74
7950390,5,27,-7,81
7950900,86,24,0,81
7951410,65,19,7,74
7951920,70,101,-6,80
7952430,91,60,8,72
7952940,47,61,-12,84
7953450,68,28,8,76
7953960,93,1,-3,79
7954470,67,26,1,78
7954980,92,6,4,74
7955490,48,31,-11,85
7956000,76,51,9,76
7956510,95,89,-5,81
7957020,53,14,3,78
7957530,81,34,6,72
7958040,4,29,-7,79
7958550,14,26,3,76
7959060,2,33,1,75
7959570,12,46,-1,76
7960080,93,13,2,74
7960590,49,33,-11,85
7961100,77,53,7,78
7961610,82,91,-7,85
7962120,1,27,8,77
7962630,11,33,2,75
7963140,6,40,1,74
7963650,87,53,1,73
7964160,43,54,-10,83
7964670,64,21,5,78
7965180,69,1,-2,80
7965690,39,74,-7,87
7966200,60,33,11,76
7966710,85,53,3,73
7967220,41,54,-8,81
7967730,62,21,5,76
7968240,90,41,2,74
7968750,13,42,1,73
7969260,1,9,-6,79
7969770,9,6,-2,81
7970280,65,12,-2,83
7970790,44,85,-3,86
7971300,65,44,8,78
7971810,93,82,-2,80
7972320,51,7,0,80
7972830,79,80,-5,85
7973340,100,16,9,76
7973850,11,26,-2,78
7974360,92,33,4,74
7974870,48,28,-5,79
7975380,76,11,-1,80
7975890,46,84,-1,81
7976400,67,43,5,76
7976910,92,20,1,75
7977420,48,28,-3,78
7977930,76,48,1,77
7978440,101,49,2,75
7978950,57,94,-8,83
7979460,78,53,11,72
7979970,83,54,-1,73
7980480,39,55,-10,83
7980990,60,22,10,73
7981500,85,22,-8,81
7982010,64,17,2,79
7982520,92,37,3,76
7983030,48,32,-5,81
7983540,76,15,2,79
7984050,32,25,-3,82
7984560,62,8,6,76
7985070,32,81,-5,81
7985580,42,40,3,78
7986090,70,57,-1,79
7986600,84,34,2,77
7987110,7,35,3,74
7987620,17,48,-8,82
7988130,98,15,5,77
7988640,54,52,-9,86
7989150,75,35,13,73
7989660,80,73,-8,81
7990170,38,100,-2,83
7990680,48,59,3,80
7991190,69,26,2,78
7991700,94,6,2,76
7992210,68,31,2,74
7992720,93,11,-7,81
7993230,67,21,4,77
7993740,72,16,-3,80
7994250,28,36,-2,82
7994760,49,19,0,82
7995270,77,39,8,74
7995780,33,40,-7,81
7996290,54,23,2,79
7996800,82,43,8,71
7997310,87,44,-2,73
7997820,43,45,-9,82
7998330,64,28,6,76
7998840,89,48,3,73
7999350,94,49,-1,74
7999860,50,76,-15,89
8000370,71,77,9,80
8000880,92,13,-1,81
8001390,66,33,4,77
8001900,71,53,2,75
8002410,85,54,2,73
8002920,41,55,-10,83
8003430,4,22,4,79
8003940,85,29,1,78
8004450,8,24,-4,82
8004960,89,31,9,73
8005470,45,26,-13,86
8005980,73,9,5,81
8006490,52,82,0,81
8007000,73,41,5,76
8007510,98,68,-1,77
8008020,53,69,-2,79
8008530,74,96,-2,81
8009040,95,21,8,73
8009550,51,58,-14,87
8010060,72,41,13,74
8010570,86,68,0,74
8011080,44,69,-10,84
8011590,65,36,7,77
8012100,90,56,6,71
8012610,95,57,-1,72
8013120,51,84,-14,86
8013630,72,43,10,76
8014140,86,17,0,76
8014650,56,27,3,73
8015160,84,47,4,69
8015670,40,74,-13,82
8016180,61,33,6,76
8016690,89,53,5,71
8017200,94,80,-7,78
8017710,52,81,1,77
8018220,73,40,-2,79
8018730,101,41,5,74
8019240,57,68,-14,88
8019750,78,53,12,76
8020260,92,54,4,72
8020770,97,81,-5,77
8021280,55,82,1,76
8021790,76,61,-5,81
8022300,90,62,9,72
8022810,46,63,-8,80
8023320,67,90,4,76
8023830,88,15,-1,77
8024340,44,25,-10,87
8024850,72,8,12,75
8025360,46,81,-8,83
8025870,67,40,11,72
8026380,81,14,-3,75
8026890,51,24,-1,76
8027400,79,44,1,75
8027910,2,45,-5,80
8028420,12,58,-2,82
8028930,22,49,5,77
8029440,43,16,-1,78
8029950,71,36,2,76
8030460,99,37,7,69
8030970,55,38,-10,79
8031480,83,58,3,76
8031990,88,59,2,74
8032500,44,60,-5,79
8033010,65,27,1,78
8033520,93,1,-3,81
8034030,67,26,1,80
8034540,95,27,3,77
8035050,50,22,-2,79
8035560,78,42,5,74
8036070,1,43,-6,80
8036580,11,56,0,80
8037090,21,51,0,80
8037600,42,18,0,80
8038110,70,38,11,69
8038620,84,12,-8,77
8039130,58,85,1,76
8039640,79,44,3,73
8040150,2,45,-12,85
8040660,83,58,9,76
8041170,39,59,-6,82
8041680,60,26,5,77
8042190,85,46,6,71
8042700,41,47,-9,80
8043210,62,30,0,80
8043720,87,50,8,72
8044230,43,51,-10,82
8044740,64,18,8,74
8045250,76,91,-6,80
8045760,97,27,12,68
8046270,53,28,-12,80
8046780,81,48,11,69
8047290,86,49,-10,79
8047800,9,50,0,79
8048310,19,63,2,77
8048820,29,22,-3,80
8049330,50,5,4,76
8049840,9,78,-9,85
8050350,90,67,10,75
8050860,46,68,-9,84
8051370,67,35,7,77
8051880,92,55,6,71
8052390,48,56,-13,84
8052900,69,23,3,81
8053410,94,43,3,78
8053920,17,44,1,77
8054430,5,11,-6,83
8054940,61,8,4,79
8055450,76,18,1,78
8055960,101,28,-4,82
8056470,57,48,1,81
8056980,85,31,8,73
8057490,41,32,-10,83
8058000,71,15,6,77
8058510,27,35,-2,79
8059020,48,18,1,78
8059530,73,38,2,76
8060040,98,12,4,72
8060550,54,22,-2,74
8061060,79,42,-3,77
8061570,2,16,4,73
8062080,58,13,-8,81
8062590,86,86,1,80
8063100,5,87,4,76
8063610,86,27,2,74
8064120,9,22,-1,75
8064630,4,29,-2,77
8065140,14,36,2,75
8065650,24,43,-4,79
8066160,45,10,-2,81
8066670,73,30,4,77
8067180,98,10,-1,78
8067690,72,20,3,75
8068200,97,25,-4,79
8068710,53,45,-2,81
8069220,81,28,7,74
8069730,4,29,-2,76
8070240,14,36,4,72
8070750,2,3,-7,79
8071260,58,0,5,74
8071770,28,73,-7,81
8072280,38,32,4,77
8072790,59,15,4,73
8073300,84,16,-5,78
8073810,40,26,-3,81
8074320,68,9,2,79
8074830,93,82,2,77
8075340,51,83,-1,78
8075850,72,42,4,74
8076360,97,16,0,74
8076870,53,26,-5,79
8077380,78,46,6,73
8077890,1,47,-3,76
8078400,11,60,-3,79
8078910,21,51,5,74
8079420,16,10,-8,82
8079930,72,16,7,75
8080440,97,26,0,75
8080950,53,21,-2,77
8081460,78,41,1,76
8081970,1,42,2,74
8082480,82,55,-1,75
8082990,5,56,-2,77
8083500,86,47,2,75
8084010,9,48,-6,81
8084520,19,61,8,73
8085030,29,20,-4,77
8085540,34,89,-3,80
8086050,44,48,-4,84
8086560,65,31,6,78
8087070,90,51,3,75
8087580,46,52,-5,80
8088090,67,35,-1,81
8088600,92,55,6,75
8089110,15,56,-3,78
8089620,25,36,5,73
8090130,46,3,-5,78
8090640,61,76,-3,81
8091150,82,77,-3,84
8091660,40,54,5,79
8092170,61,21,5,74
8092680,86,41,2,72
8093190,9,42,-5,77
8093700,19,55,1,76
8094210,29,14,-9,85
8094720,59,98,8,77
8095230,80,57,5,72
8095740,3,58,-1,73
8096250,84,49,-4,77
8096760,7,50,-4,81
8097270,17,63,6,75
8097780,27,22,-4,79
8098290,48,5,0,79
8098800,63,78,-5,84
8099310,84,14,12,72
8099820,40,24,-9,81
8100330,68,93,2,79
8100840,89,52,7,72
8101350,12,53,-8,80
8101860,22,66,-4,84
8102370,32,25,4,80
8102880,53,75,-4,84
8103390,74,42,9,75
8103900,99,43,-1,76
8104410,15,44,-8,84
8104920,36,50,0,84
8105430,57,17,11,73
8105940,82,27,-4,77
8106450,5,7,4,73
8106960,61,13,-5,78
8107470,86,86,-2,80
8107980,5,87,3,77
8108490,86,27,0,77
8109000,9,28,2,75
8109510,4,41,-4,79
8110020,14,54,0,79
8110530,24,67,5,74
8111040,34,26,-6,80
8111550,59,9,3,77
8112060,74,19,-2,79
8112570,99,29,2,77
8113080,55,39,0,77
8113590,80,58,3,74
8114100,3,59,0,74
8114610,84,50,-3,77
8115120,7,51,1,76
8115630,17,64,0,76
8116140,27,23,-6,82
8116650,48,6,2,80
8117160,63,79,-5,85
8117670,84,15,14,71
8118180,40,25,-9,80
8118690,68,94,-5,85
8119200,89,53,12,73
8119710,12,54,-7,80
8120220,93,67,3,77
8120730,16,68,-4,81
8121240,26,27,-4,85
8121750,47,96,2,83
8122260,68,55,3,80
8122770,96,32,11,69
8123280,52,33,-14,83
8123790,80,53,3,80
8124300,3,54,1,79
8124810,84,45,5,74
8125320,7,46,-1,75
8125830,17,37,-7,82
8126340,38,44,0,82
8126850,59,11,4,78
8127360,74,21,7,71
8127870,99,1,-9,80
8128380,73,26,6,74
8128890,98,27,-3,77
8129400,54,68,-7,84
8129910,75,69,9,75
8130420,33,70,-10,85
8130930,54,29,4,81
8131440,79,49,5,76
8131950,2,50,-5,81
8132460,83,63,5,76
8132970,6,64,-2,78
8133480,87,55,4,74
8133990,10,56,-1,75
8134500,91,47,0,75
8135010,14,48,-9,84
8135520,24,55,3,81
8136030,45,14,0,81
8136540,73,34,6,75
8137050,98,61,-2,77
8137560,54,62,1,76
8138070,75,29,3,73
8138580,100,9,-3,76
8139090,56,19,0,76
8139600,81,39,2,74
8140110,4,40,-3,77
8140620,14,53,1,76
8141130,24,12,-5,81
8141640,32,81,-1,82
8142150,42,40,-1,83
8142660,63,7,-1,84
8143170,78,80,3,81
8143680,99,81,7,74
8144190,28,82,-2,76
8144700,38,41,-7,83
8145210,59,8,3,80
8145720,74,18,3,77
8146230,89,38,-2,79
8146740,12,18,-2,81
8147250,96,25,6,75
8147760,52,45,-7,82
8148270,80,12,5,77
8148780,36,32,-3,80
8149290,57,15,7,73
8149800,82,97,-5,78
8150310,1,22,-1,79
8150820,82,19,1,78
8151330,97,39,-6,84
8151840,53,19,6,78
8152350,78,39,3,75
8152860,1,19,2,73
8153370,82,16,-4,77
8153880,97,36,4,73
8154390,53,16,2,71
8154900,78,36,-6,77
8155410,1,16,3,74
8155920,82,13,-7,81
8156430,97,33,3,78
8156940,99,28,9,69
8157450,55,23,-9,78
8157960,83,43,9,69
8158470,6,44,-7,76
8158980,16,57,-2,78
8159490,26,16,-2,80
8160000,31,85,-6,86
8160510,41,44,2,84
8161020,62,27,7,77
8161530,87,47,0,77
8162040,10,48,4,73
8162550,5,61,-6,79
8163060,86,52,4,75
8163570,9,53,-5,80
8164080,90,66,4,76
8164590,19,67,-5,81
8165100,14,26,10,71
8165610,9,95,-13,84
8166120,90,84,7,77
8166630,9,85,-2,79
8167140,90,74,2,77
8167650,48,75,-7,84
8168160,69,34,7,77
8168670,94,54,1,76
8169180,50,55,-7,83
8169690,71,22,8,75
8170200,96,2,-3,78
8170710,70,27,0,78
8171220,95,7,5,73
8171730,69,27,-2,75
8172240,94,7,-4,79
8172750,68,27,5,74
8173260,93,7,-4,78
8173770,67,27,3,75
8174280,92,47,3,72
8174790,48,48,-14,86
8175300,69,31,11,75
8175810,94,11,-3,78
8176320,50,31,-1,79
8176830,78,51,2,77
8177340,1,52,5,72
8177850,82,65,-8,80
8178360,5,66,-3,83
8178870,86,57,9,74
8179380,42,58,-4,78
8179890,63,25,5,73
8180400,88,45,0,73
8180910,11,86,-2,75
8181420,92,75,-4,79
8181930,50,76,-6,85
8182440,71,35,9,76
8182950,96,55,3,73
8183460,52,56,-2,75
8183970,73,39,2,73
8184480,98,19,-1,74
8184990,54,39,-4,78
8185500,82,59,-1,79
8186010,5,60,-1,80
8186520,86,73,0,80
8187030,15,74,3,77
8187540,25,33,-2,79
8188050,46,40,0,79
8188560,67,11,5,74
8189070,82,31,-1,75
8189580,5,11,1,74
8190090,61,8,-1,75
8190600,76,28,-6,81
8191110,101,8,2,79
8191620,57,28,5,74
8192130,82,48,-1,75
8192640,5,49,-3,78
8193150,15,40,-6,84
8193660,36,47,2,82
8194170,57,30,5,77
8194680,82,50,-5,82
8195190,5,51,-8,90
8195700,15,64,12,78
8196210,25,23,1,77
8196720,46,29,-9,86
8197230,74,98,6,80
8197740,95,57,8,72
8198250,51,58,-12,84
8198760,72,25,7,77
8199270,97,5,-4,81
8199780,71,25,7,74
8200290,96,5,-2,76
8200800,70,25,3,73
8201310,95,5,-3,76
8201820,69,30,0,76
8202330,94,10,-3,79
8202840,68,30,3,76
8203350,93,10,0,76
8203860,67,30,3,73
8204370,92,10,-3,76
8204880,66,30,0,76
8205390,91,10,-3,79
8205900,65,30,6,73
8206410,90,10,-7,80
8206920,64,30,3,77
8207430,89,10,-1,78
8207940,63,30,4,74
8208450,88,50,0,74
8208960,11,51,-13,87
8209470,92,64,12,75
8209980,48,65,-3,78
8210490,69,32,2,76
8211000,94,52,5,71
8211510,50,53,-15,86
8212020,71,20,9,77
8212530,96,0,-6,83
8213040,70,25,9,74
8213550,95,5,-5,79
8214060,69,25,4,75
8214570,94,5,-3,78
8215080,68,25,5,73
8215590,93,5,-7,80
8216100,67,25,4,76
8216610,92,45,-3,79
8217120,15,25,-1,80
8217630,99,32,8,72
8218140,55,27,-1,73
8218650,80,47,-1,74
8219160,3,85,0,74
8219670,84,74,-5,79
8220180,42,75,-3,82
8220690,63,34,5,77
8221200,88,54,-4,81
8221710,11,55,8,73
8222220,21,50,-1,74
8222730,42,9,-2,76
8223240,57,29,0,76
8223750,82,9,0,76
8224260,56,29,4,72
8224770,81,49,-7,79
8225280,4,87,-4,83
8225790,85,20,9,74
8226300,59,40,1,73
8226810,84,60,-4,77
8227320,7,61,-5,82
8227830,88,74,2,80
8228340,46,75,-1,81
8228850,67,34,3,78
8229360,92,54,5,73
8229870,15,55,-4,77
8230380,3,14,-4,81
8230890,59,11,7,74
8231400,74,31,5,69
8231910,99,11,-6,75
8232420,73,31,5,70
8232930,98,11,-5,75
8233440,72,31,-1,76
8233950,97,51,0,76
8234460,53,52,-1,77
8234970,74,72,-3,80
8235480,95,8,7,73
8235990,69,28,-2,75
8236500,94,8,-2,77
8237010,68,28,0,77
8237520,93,48,4,73
8238030,16,28,4,69
8238540,100,97,-15,84
8239050,19,33,8,76
8239560,1,0,-4,80
8240070,57,22,6,74
8240580,82,42,-3,77
8241090,5,22,4,73
8241600,61,19,-1,74
8242110,86,39,0,74
8242620,42,19,-12,86
8243130,70,39,10,76
8243640,95,59,-3,79
8244150,51,60,-2,81
8244660,72,98,0,81
8245170,93,34,6,75
8245680,16,14,-6,81
8246190,100,20,4,77
8246700,74,40,0,77
8247210,99,20,7,70
8247720,73,40,-6,76
8248230,98,20,-2,78
8248740,90,40,2,76
8249250,13,20,-3,79
8249760,97,27,-1,80
8250270,71,47,4,76
8250780,96,85,2,74
8251290,54,21,2,72
8251800,79,1,-9,81
8252310,53,74,-8,89
8252820,74,10,6,83
8253330,89,30,11,72
8253840,12,10,-7,79
8254350,68,16,3,76
8254860,83,36,6,70
8255370,6,16,-20,90
8255880,27,13,7,83
8256390,46,98,4,79
8256900,67,57,0,79
8257410,86,34,6,73
8257920,9,14,-8,81
8258430,93,11,7,74
8258940,67,31,-4,78
8259450,92,51,5,73
8259960,15,78,0,73
8260470,26,37,-9,82
8260980,47,4,0,82
8261490,62,77,1,81
8262000,83,13,0,81
8262510,98,33,4,77
8263020,54,28,0,77
8263530,79,48,5,72
8264040,2,86,-4,76
8264550,83,26,4,72
8265060,98,21,-4,76
8265570,72,41,-7,83
8266080,97,79,11,72
8266590,53,80,-13,85
8267100,74,39,10,75
8267610,99,19,0,75
8268120,73,39,0,75
8268630,98,19,-4,79
8269140,72,39,4,75
8269650,97,77,1,74
8270160,26,78,-4,78
8270670,36,37,-3,81
8271180,57,20,4,77
8271690,82,40,2,75
8272200,5,20,3,72
8272710,61,17,-5,77
8273220,86,99,-2,79
8273730,5,35,6,73
8274240,15,48,-4,77
8274750,25,7,-5,82
8275260,81,92,-2,84
8275770,0,28,9,75
8276280,10,41,-8,83
8276790,100,54,7,76
8277300,23,81,2,74
8277810,33,40,-10,84
8278320,54,7,4,80
8278830,69,80,-2,82
8279340,90,16,6,76
8279850,64,36,-4,80
8280360,89,56,6,74
8280870,45,83,-7,81
8281380,66,42,4,77
8281890,91,80,-2,79
8282400,10,16,0,79
8282910,94,13,4,75
8283420,68,50,-8,83
8283930,87,88,4,79
8284440,6,24,7,72
8284950,62,21,-1,73
8285460,87,1,-7,80
8285970,61,26,5,75
8286480,86,46,3,72
8286990,9,26,-8,80
8287500,93,23,4,76
8288010,49,43,-7,83
8288520,70,26,6,77
8289030,95,6,-9,86
8289540,69,31,12,74
8290050,94,51,3,71
8290560,17,78,-4,75
8291070,28,37,-4,79
8291580,49,4,4,75
8292090,64,77,-7,82
8292600,85,13,10,72
8293110,59,33,-4,76
8293620,84,53,3,73
8294130,7,91,-6,79
8294640,88,26,3,76
8295150,44,21,-4,80
8295660,69,41,2,78
8296170,94,79,6,72
8296680,55,4,-3,75
8297190,70,77,-7,82
8297700,91,13,5,77
8298210,65,33,-2,79
8298720,90,53,6,73
8299230,7,80,-5,78
8299740,88,69,2,76
8300250,49,5,1,75
8300760,64,78,-12,87
8301270,85,14,16,71
8301780,59,34,-6,77
8302290,84,72,1,76
8302800,45,99,-2,78
8303310,66,58,-3,81
8303820,87,96,1,80
8304330,6,32,1,79
8304840,87,29,4,75
8305350,10,24,2,73
8305860,94,31,3,70
8306370,50,26,-4,74
8306880,75,46,-3,77
8307390,100,84,-2,79
8307900,58,9,4,75
8308410,73,82,-5,80
8308920,94,18,10,70
8309430,68,38,-4,74
8309940,93,18,-6,80
8310450,67,38,3,77
8310960,92,76,1,76
8311470,48,1,-4,80
8311980,63,74,-7,87
8312490,84,10,8,79
8313000,58,30,-6,85
8313510,86,50,10,75
8314020,42,77,-8,83
8314530,34,36,-2,85
8315040,55,3,9,76
8315550,70,76,-1,77
8316060,91,12,-1,78
8316570,65,49,1,77
8317080,90,87,-3,80
8317590,9,23,3,77
8318100,93,20,4,73
8318610,49,40,-13,86
8319120,70,23,13,73
8319630,95,12,-5,78
8320140,51,32,2,76
8320650,76,52,2,74
8321160,95,90,-7,81
8321670,14,26,4,77
8322180,98,95,0,77
8322690,17,31,-3,80
8323200,38,100,-1,81
8323710,48,59,2,79
8324220,69,48,-1,80
8324730,94,86,-1,81
8325240,13,22,-1,82
8325750,97,29,4,78
8326260,53,24,1,77
8326770,78,44,-1,78
8327280,1,24,-3,81
8327790,11,21,4,77
8328300,85,28,-4,81
8328810,8,48,1,80
8329320,66,43,2,78
8329830,91,81,3,75
8330340,49,61,-5,80
8330850,70,28,6,74
8331360,95,8,-5,79
8331870,69,28,10,69
8332380,94,8,-9,78
8332890,68,81,-3,81
8333400,89,17,2,79
8333910,63,37,1,78
8334420,88,57,2,76
8334930,44,95,-2,78
8335440,65,54,-2,80
8335950,90,21,6,74
8336460,46,41,-7,81
8336970,67,24,5,76
8337480,92,44,3,73
8337990,15,24,-6,79
8338500,99,31,4,75
8339010,85,51,-2,77
8339520,8,31,-2,79
8340030,92,28,2,77
8340540,48,23,-1,78
8341050,73,43,2,76
8341560,98,23,-2,78
8342070,54,43,2,76
8342580,79,63,1,75
8343090,2,90,0,75
8343600,60,30,-1,76
8344110,85,50,-5,81
8344620,8,88,1,80
8345130,89,6,-2,82
8345640,63,79,0,82
8346150,84,15,8,74
8346660,40,35,-8,82
8347170,61,18,9,73
8347680,86,38,1,72
8348190,9,18,-5,77
8348700,65,15,-7,84
8349210,90,88,0,84
8349720,9,24,7,77
8350230,65,21,4,73
8350740,90,94,-7,80
8351250,9,29,2,78
8351760,4,26,-3,81
8352270,85,23,4,77
8352780,41,43,-2,79
8353290,62,10,2,77
8353800,77,83,-2,79
8354310,98,19,5,74
8354820,54,39,-11,85
8355330,79,6,-1,86
8355840,94,79,10,76
8356350,52,59,-1,77
8356860,73,26,0,77
8357370,98,6,-2,79
8357880,54,79,-6,85
8358390,75,38,11,74
8358900,31,18,-11,85
8359410,50,87,1,84
8359920,71,46,10,74
8360430,90,84,-9,83
8360940,48,19,4,79
8361450,73,39,4,75
8361960,98,59,3,72
8362470,54,86,-6,78
8362980,75,45,1,77
8363490,94,83,2,75
8364000,52,63,-11,86
8364510,53,30,7,79
8365020,78,50,-3,82
8365530,1,88,2,80
8366040,59,28,3,77
8366550,84,48,1,76
8367060,40,28,-5,81
8367570,65,97,-6,87
8368080,86,56,6,81
8368590,42,94,-4,85
8369100,63,53,3,82
8369610,82,20,8,74
8370120,38,40,-7,81
8370630,59,7,5,76
8371140,74,80,-8,84
8371650,95,16,6,78
8372160,69,36,3,75
8372670,94,56,1,74
8373180,50,36,-1,75
8373690,69,3,-4,79
8374200,43,76,-4,83
8374710,64,35,9,74
8375220,89,55,4,70
8375730,45,35,-15,85
8376240,66,2,2,83
8376750,81,75,2,81
8377260,39,11,3,78
8377770,67,31,5,73
8378280,92,51,2,71
8378790,48,31,-11,82
8379300,76,100,1,81
8379810,97,59,6,75
8380320,53,39,-5,80
8380830,72,22,9,71
8381340,28,95,-4,75
8381850,38,54,-8,83
8382360,59,21,10,73
8382870,84,41,-1,74
8383380,40,21,-8,82
8383890,65,90,-4,86
8384400,86,26,3,83
8384910,42,46,-7,90
8385420,63,13,7,83
8385930,78,86,1,82
8386440,99,22,16,66
8386950,55,42,-14,80
8387460,80,9,2,78
8387970,54,82,-8,86
8388480,75,41,11,75
8388990,100,21,-3,78
8389500,56,41,-2,80
8390010,75,61,3,77
8390520,33,41,-7,84
8391030,54,8,6,78
8391540,69,81,-3,81
8392050,90,17,4,77
8392560,46,37,-6,83
8393070,67,20,9,74
8393580,92,93,-6,80
8394090,11,18,2,78
8394600,67,25,3,75
8395110,92,5,0,75
8395620,48,78,-4,79
8396130,69,37,-2,81
8396640,94,57,12,69
8397150,50,37,-16,85
8397660,69,4,-1,86
8398170,84,77,4,82
8398680,42,13,0,82
8399190,70,33,9,73
8399700,95,53,1,72
8400210,51,33,-9,81
8400720,76,0,-2,83
8401230,50,73,-3,86
8401740,71,32,12,74
8402250,96,12,-8,82
8402760,70,32,7,75
8403270,95,12,-4,79
8403780,69,32,3,76
8404290,94,52,1,75
8404800,50,32,-5,80
8405310,69,101,-4,84
8405820,90,60,12,72
8406330,46,87,-12,84
8406840,67,46,8,76
8407350,86,84,-2,78
8407860,44,9,1,77
8408370,72,82,-8,85
8408880,93,18,6,79
8409390,49,38,-1,80
8409900,68,5,0,80
8410410,24,78,-1,81
8410920,34,37,2,79
8411430,55,4,2,77
8411940,70,77,-18,95
8412450,91,2,19,76
8412960,65,75,-9,85
8413470,86,11,9,76
8413980,60,31,0,76
8414490,85,51,-4,80
8415000,41,89,-5,85
8415510,62,48,1,84
8416020,81,68,4,80
8416530,39,48,-1,81
8417040,60,15,3,78
8417550,85,35,6,72
8418060,41,15,-8,80
8418570,66,84,-1,81
8419080,87,20,7,74
8419590,43,40,-16,90
8420100,64,23,11,79
8420610,89,43,0,79
8421120,12,23,0,79
8421630,33,92,2,77
8422140,43,51,-4,81
8422650,64,18,6,75
8423160,20,38,-12,87
8423670,41,5,5,82
8424180,56,78,2,80
8424690,77,14,3,77
8425200,92,21,3,74
8425710,48,41,-13,87
8426220,69,24,12,75
8426730,94,4,-3,78
8427240,68,24,3,75
8427750,93,4,-1,76
8428260,67,24,1,75
8428770,92,44,1,74
8429280,48,24,-8,82
8429790,73,44,4,78
8430300,98,82,3,75
8430810,56,7,-2,77
8431320,71,80,-5,82
8431830,92,5,2,80
8432340,66,78,-2,82
8432850,87,3,1,81
8433360,57,76,0,81
8433870,78,43,6,75
8434380,1,23,1,74
8434890,11,20,-6,80
8435400,95,27,-2,82
8435910,51,47,-4,86
8436420,72,14,11,75
8436930,28,34,-6,81
8437440,49,1,-5,86
8437950,64,74,8,78
8438460,85,10,1,77
8438970,59,30,5,72
8439480,84,50,-2,74
8439990,7,77,-6,80
8440500,65,66,-5,85
8441010,86,72,-3,88
8441520,44,8,7,81
8442030,69,81,-3,84
8442540,90,17,5,79
8443050,46,37,-10,89
8443560,71,4,8,81
8444070,45,77,-2,83
8444580,66,36,8,75
8445090,91,56,-5,80
8445600,47,83,-4,84
8446110,68,42,8,76
8446620,93,62,3,73
8447130,49,89,-7,80
8447640,70,48,-4,84
8448150,95,86,3,81
8448660,53,11,2,79
8449170,78,84,-5,84
8449680,99,20,9,75
8450190,55,28,-5,80
8450700,80,48,10,70
8451210,36,75,-13,83
8451720,57,34,8,75
8452230,82,54,-1,76
8452740,38,81,-5,81
8453250,59,40,-1,82
8453760,84,60,8,74
8454270,40,87,-7,81
8454780,61,46,4,77
8455290,86,84,-3,80
8455800,44,20,0,80
8456310,69,40,4,76
8456820,94,60,0,76
8457330,50,87,-13,89
8457840,71,46,15,74
8458350,96,26,-2,76
8458860,52,34,1,75
8459370,77,54,-7,82
8459880,0,92,3,79
8460390,81,32,1,78
8460900,4,12,1,77
8461410,60,9,-8,85
8461920,85,82,-2,87
8462430,43,18,3,84
8462940,68,38,7,77
8463450,93,58,3,74
8463960,49,85,-9,83
8464470,70,44,9,74
8464980,95,82,-9,83
8465490,18,7,5,78
8466000,74,76,-5,83
8466510,95,1,4,79
8467020,69,74,-13,92
8467530,90,101,8,84
8468040,9,26,4,80
8468550,93,23,4,76
8469060,49,31,1,75
8469570,74,51,-4,79
8470080,99,89,2,77
8470590,57,14,4,73
8471100,82,34,2,71
8471610,5,14,-4,75
8472120,0,11,-3,78
8472630,1,8,3,75
8473140,57,5,-2,77
8473650,82,78,1,76
8474160,40,3,-9,85
8474670,55,76,8,77
8475180,76,1,-7,84
8475690,50,74,-1,85
8476200,71,33,13,72
8476710,96,13,-7,79
8477220,52,33,-1,80
8477730,77,53,0,80
8478240,0,91,7,73
8478750,58,80,-4,77
8479260,79,5,2,75
8479770,53,78,-7,82
8480280,74,13,5,77
8480790,99,86,-2,79
8481300,57,11,1,78
8481810,82,84,-5,83
8482320,1,9,-2,85
8482830,57,6,8,77
8483340,82,79,-8,85
8483850,5,15,13,72
8484360,0,12,0,72
8484870,10,9,-9,81
8485380,66,78,-3,84
8485890,87,3,4,80
8486400,61,76,1,79
8486910,82,1,0,79
8487420,56,74,2,77
8487930,77,101,-8,85
8488440,98,26,6,79
8488950,54,28,3,76
8489460,79,48,0,76
8489970,2,86,-7,83
8490480,60,75,-1,84
8490990,81,0,6,78
8491500,55,73,-6,84
8492010,76,9,5,79
8492520,50,82,-2,81
8493030,71,41,8,73
8493540,96,61,-4,77
8494050,19,88,-1,78
8494560,30,77,-9,87
8495070,40,36,5,82
8495580,65,95,-2,84
8496090,86,20,8,76
8496600,42,40,-4,80
8497110,67,7,-3,83
8497620,82,80,3,80
8498130,40,5,-2,82
8498640,55,78,4,78
8499150,76,3,-4,82
8499660,50,76,-3,85
8500170,71,65,6,79
8500680,96,92,-2,81
8501190,54,17,7,74
8501700,79,37,2,72
8502210,2,17,-3,75
8502720,60,14,-4,79
8503230,85,87,-3,82
8503740,4,12,4,78
8504250,14,9,-4,82
8504760,70,78,-2,84
8505270,91,3,2,82
8505780,65,76,-6,88
8506290,86,1,5,83
8506800,60,74,-1,84
8507310,81,101,-1,85
8507820,0,26,10,75
8508330,10,23,-3,78
8508840,94,30,6,72
8509350,50,32,-9,81
8509860,75,52,10,71
8510370,100,79,-5,76
8510880,56,4,-2,78
8511390,81,77,1,77
8511900,39,2,-4,81
8512410,54,75,1,80
8512920,75,0,-4,84
8513430,49,73,-2,86
8513940,70,40,9,77
8514450,95,67,6,71
8514960,51,94,-9,80
8515470,72,53,0,80
8515980,97,80,0,80
8516490,20,5,0,80
8517000,2,90,0,80
8517510,60,30,6,74
8518020,85,50,-1,75
8518530,8,21,3,72
8519040,3,28,-3,75
8519550,61,25,2,73
8520060,86,5,-10,83
8520570,60,78,4,79
8521080,81,3,2,77
8521590,55,76,-5,82
8522100,76,1,1,81
8522610,50,74,1,80
8523120,71,101,-5,85
8523630,92,26,11,74
8524140,48,28,-4,78
8524650,73,11,5,73
8525160,29,84,-8,81
8525670,39,43,1,80
8526180,60,10,0,80
8526690,85,83,0,80
8527200,43,8,0,80
8527710,68,28,5,75
8528220,93,8,2,73
8528730,67,28,-4,77
8529240,92,8,-2,79
8529750,48,28,-1,80
8530260,73,97,-2,82
8530770,94,22,12,70
8531280,50,24,-9,79
8531790,75,44,6,73
8532300,100,71,-4,77
8532810,56,98,-6,83
8533320,77,57,2,81
8533830,0,84,-2,83
8534340,58,24,13,70
8534850,83,44,-4,74
8535360,39,71,-6,80
8535870,60,30,3,77
8536380,85,50,4,73
8536890,8,77,-3,76
8537400,66,66,-5,81
8537910,91,49,7,74
8538420,97,76,-2,76
8538930,53,1,0,76
8539440,68,74,-3,79
8539950,89,101,-2,81
8540460,8,26,14,67
8540970,3,23,-6,73
8541480,46,20,-11,84
8541990,71,40,6,78
8542500,96,20,-1,79
8543010,52,30,4,75
8543520,77,50,4,71
8544030,0,77,-7,78
8544540,58,90,-4,82
8545050,79,15,-1,83
8545560,35,35,-1,84
8546070,56,18,9,75
8546580,81,38,1,74
8547090,4,18,0,74
8547600,62,15,-2,76
8548110,87,35,0,76
8548620,43,15,-6,82
8549130,68,100,5,77
8549640,89,25,-3,80
8550150,45,5,0,80
8550660,60,78,-1,81
8551170,81,3,3,78
8551680,55,76,0,78
8552190,76,43,0,78
8552700,101,23,3,75
8553210,57,40,-7,82
8553720,82,60,3,79
8554230,5,87,-4,83
8554740,63,27,7,76
8555250,88,7,-5,81
8555760,62,80,-7,88
8556270,83,5,17,71
8556780,57,78,-4,75
8557290,78,3,-5,80
8557800,52,76,-5,85
8558310,73,1,-1,86
8558820,47,74,2,84
8559330,68,41,-1,85
8559840,93,61,9,76
8560350,49,88,-6,82
8560860,70,47,1,81
8561370,95,85,4,77
8561880,53,10,-3,80
8562390,78,83,-6,86
8562900,99,19,10,76
8563410,55,39,-6,82
8563920,80,2,-1,83
8564430,54,75,0,83
8564940,75,0,7,76
8565450,50,73,-8,84
8565960,71,40,7,77
8566470,96,20,0,77
8566980,52,30,4,73
8567490,77,50,-1,74
8568000,0,88,-14,88
8568510,58,28,15,73
8569020,83,48,-1,74
8569530,39,86,-6,80
8570040,8,45,2,78
8570550,18,58,-1,79
8571060,28,17,0,79
8571570,24,0,0,79
8572080,80,85,-7,86
8572590,101,21,15,71
8573100,57,58,-16,87
8573610,78,41,6,81
8574120,1,21,3,78
8574630,11,18,5,73
8575140,95,25,-1,74
8575650,51,20,-6,80
8576160,76,40,7,73
8576670,101,60,-6,79
8577180,57,87,-1,80
8577690,78,46,1,79
8578200,1,66,2,77
8578710,59,79,-2,79
8579220,80,4,-1,80
8579730,54,77,0,80
8580240,75,2,0,80
8580750,49,75,-4,84
8581260,70,64,0,84
8581770,95,47,14,70
8582280,51,74,-13,83
8582790,72,7,-4,87
8583300,87,80,9,78
8583810,45,5,-4,82
8584320,60,78,5,77
8584830,81,3,-3,80
8585340,55,76,-7,87
8585850,76,65,8,79
8586360,101,92,1,78
8586870,59,17,7,71
8587380,84,37,-1,72
8587890,40,32,-10,82
8588400,65,15,5,77
8588910,90,88,-7,84
8589420,48,13,8,76
8589930,73,33,-1,77
8590440,98,13,0,77
8590950,54,33,3,74
8591460,79,53,-2,76
8591970,3,80,0,76
8592480,61,69,-5,81
8592990,82,36,8,73
8593500,5,31,-1,74
8594010,89,28,0,74
8594520,45,23,-7,81
8595030,70,43,5,76
8595540,95,81,1,75
8596050,53,6,0,75
8596560,68,79,-2,77
8597070,89,4,-5,82
8597580,63,77,-2,84
8598090,84,13,4,80
8598600,58,33,0,80
8599110,83,53,6,74
8599620,39,91,-10,84
8600130,60,50,-4,88
8600640,85,33,18,70
8601150,41,13,-13,83
8601660,66,98,1,82
8602170,87,33,9,73
8602680,10,13,-7,80
8603190,94,10,1,79
8603700,68,47,1,78
8604210,93,85,-4,82
8604720,51,10,1,81
8605230,76,30,9,72
8605740,101,25,-3,75
8606250,57,27,1,74
8606760,82,7,-6,80
8607270,56,80,-9,89
8607780,77,5,12,77
8608290,51,78,-6,83
8608800,72,67,2,81
8609310,97,3,-7,88
8609820,71,76,9,79
8610330,92,1,6,73
8610840,66,74,-3,76
8611350,87,101,-7,83
8611860,6,26,15,68
8612370,16,23,-12,80
8612880,100,30,4,76
8613390,56,67,-1,77
8613900,12,34,4,73
8614410,7,62,-7,80
8614920,88,75,2,78
8615430,46,0,-5,83
8615940,61,73,1,82
8616450,82,9,7,75
8616960,56,19,0,75
8617470,81,39,3,72
8617980,4,19,-1,73
8618490,88,26,-8,81
8619000,11,28,4,77
8619510,6,35,-2,79
8620020,16,48,0,79
8620530,26,61,-2,81
8621040,47,28,-6,87
8621550,72,11,8,79
8622060,46,84,-6,85
8622570,67,43,2,83
8623080,92,81,5,78
8623590,50,6,0,78
8624100,65,79,1,77
8624610,86,15,0,77
8625120,60,25,-2,79
8625630,85,45,3,76
8626140,41,72,-6,82
8626650,62,31,2,80
8627160,87,51,6,74
8627670,10,78,-5,79
8628180,94,67,7,72
8628690,50,94,-9,81
8629200,71,53,4,77
8629710,96,91,-1,78
8630220,54,27,1,77
8630730,79,47,-8,85
8631240,2,27,7,78
8631750,12,24,-9,87
8632260,33,31,8,79
8632770,54,14,-3,82
8633280,79,34,9,73
8633790,2,29,-3,76
8634300,1,26,1,75
8634810,11,23,-2,77
8635320,95,30,5,72
8635830,51,25,-1,73
8636340,76,45,-7,80
8636850,101,83,2,78
8637360,59,8,-3,81
8637870,74,81,-1,82
8638380,16,6,3,79
8638890,72,91,-1,80
8639400,93,27,7,73
8639910,49,22,-11,84
8640420,74,42,7,77
8640930,99,80,2,75
8641440,28,16,-8,83
8641950,24,101,0,83
8642460,35,90,3,80
8642970,45,49,-6,86
8643480,66,32,7,79
8643990,91,46,1,78
8644500,47,26,-4,82
8645010,72,46,5,77
8645520,97,84,1,76
8646030,55,20,0,76
8646540,80,51,3,73
8647050,36,89,-13,86
8647560,46,48,2,84
8648070,67,15,10,74
8648580,92,35,2,72
8649090,48,55,-13,85
8649600,69,38,5,80
8650110,94,18,0,80
8650620,50,55,-6,86
8651130,71,38,9,77
8651640,96,18,6,71
8652150,52,55,-15,86
8652660,73,38,14,72
8653170,98,18,-5,77
8653680,54,55,-7,84
8654190,75,38,9,75
8654700,31,18,-5,80
8655210,34,0,2,78
8655720,95,73,4,74
8656230,51,9,-6,80
8656740,66,29,2,78
8657250,91,9,0,78
8657760,65,46,-5,83
8658270,90,84,8,75
8658780,48,20,-3,78
8659290,73,40,-1,79
8659800,98,60,5,74
8660310,54,87,-4,78
8660820,75,46,0,78
8661330,100,84,3,75
8661840,58,20,-2,77
8662350,83,40,3,74
8662860,39,20,-6,80
8663370,64,3,2,78
8663880,79,76,-2,80
8664390,37,12,-5,85
8664900,40,97,4,81
8665410,51,56,-6,87
8665920,72,39,13,74
8666430,28,76,-7,81
8666940,38,35,0,81
8667450,59,18,9,72
8667960,15,100,-14,86
8668470,26,35,7,79
8668980,8,42,4,75
8669490,18,55,-1,76
8670000,13,14,-2,78
8670510,97,21,5,73
8671020,53,58,-11,84
8671530,74,41,10,74
8672040,99,21,-7,81
8672550,55,41,0,81
8673060,80,24,7,74
8673570,36,19,-6,80
8674080,61,2,0,80
8674590,76,75,-5,85
8675100,34,11,5,80
8675610,37,96,-4,84
8676120,47,55,-1,85
8676630,68,22,7,78
8677140,93,2,2,76
8677650,67,75,-7,83
8678160,88,11,6,77
8678670,10,31,5,72
8679180,5,37,-5,77
8679690,89,34,1,76
8680200,12,14,-4,80
8680710,96,21,-1,81
8681220,52,39,1,80
8681730,77,22,7,73
8682240,0,17,1,72
8682750,56,14,-4,76
8683260,81,83,-4,80
8683770,39,19,2,78
8684280,64,2,-5,83
8684790,79,75,0,83
8685300,37,37,2,81
8685810,58,20,8,73
8686320,83,0,-10,83
8686830,57,73,5,78
8687340,78,9,2,76
8687850,52,29,-5,81
8688360,77,49,5,76
8688870,0,87,-1,77
8689380,58,27,5,72
8689890,83,47,-4,76
8690400,6,84,-3,79
8690910,64,24,9,70
8691420,89,4,-7,77
8691930,63,77,-2,79
8692440,84,13,1,78
8692950,40,33,-8,86
8693460,65,16,6,80
8693970,90,36,8,72
8694480,46,16,-6,78
8694990,74,36,5,73
8695500,99,16,-8,81
8696010,55,26,1,80
8696520,80,46,7,73
8697030,36,73,-12,85
8697540,57,32,11,74
8698050,82,52,1,73
8698560,5,89,-6,79
8699070,63,29,0,79
8699580,88,98,-2,81
8700090,7,23,-1,82
8700600,17,30,5,77
8701110,101,99,-9,86
8701620,75,24,7,79
8702130,100,4,1,78
8702640,74,41,0,78
8703150,99,21,5,73
8703660,55,58,-6,79
8704170,76,41,0,79
8704680,101,21,1,78
8705190,57,58,-4,82
8705700,78,41,7,75
8706210,1,21,0,75
8706720,11,18,-2,77
8707230,95,25,-4,81
8707740,51,62,-6,87
8708250,72,29,16,71
8708760,97,9,-12,83
8709270,53,19,11,72
8709780,78,39,-3,75
8710290,1,19,-6,81
8710800,89,16,-2,83
8711310,45,36,-2,85
8711820,75,19,7,78
8712330,31,80,-6,84
8712840,41,39,-1,85
8713350,62,22,11,74
8713860,87,2,-3,77
8714370,61,75,-11,88
8714880,82,11,5,83
8715390,56,31,4,79
8715900,81,51,-3,82
8716410,4,78,7,75
8716920,62,18,-4,79
8717430,87,87,-3,82
8717940,45,12,2,80
8718450,75,97,0,80
8718960,96,32,12,68
8719470,52,27,-15,83
8719980,77,47,4,79
8720490,18,85,1,78
8721000,28,74,-5,83
8721510,38,33,5,78
8722020,59,16,5,73
8722530,84,85,-8,81
8723040,42,10,3,78
8723550,72,79,0,78
8724060,93,46,4,74
8724570,16,26,-3,77
8725080,100,33,1,76
8725590,56,28,-5,81
8726100,81,25,5,76
8726610,37,20,-2,78
8727120,67,89,-5,83
8727630,88,14,10,73
8728140,44,51,-9,82
8728650,65,18,8,74
8729160,21,23,-4,78
8729670,3,92,-6,84
8730180,61,32,7,77
8730690,86,52,6,71
8731200,42,32,-11,82
8731710,67,15,8,74
8732220,82,84,-9,83
8732730,40,9,6,77
8733240,98,78,0,77
8733750,56,3,1,76
8734260,71,76,-11,87
8734770,92,38,14,73
8735280,48,18,-8,81
8735790,73,87,2,79
8736300,94,12,6,73
8736810,50,22,-5,78
8737320,75,42,6,72
8737830,100,26,0,72
8738340,56,21,-3,75
8738850,81,41,-2,77
8739360,4,21,-13,90
8739870,14,18,16,74
8740380,98,25,4,70
8740890,54,20,-10,80
8741400,79,40,11,69
8741910,2,20,-11,80
8742420,12,56,3,77
8742930,22,15,-8,85
8743440,4,84,7,78
8743950,88,24,2,76
8744460,44,29,-6,82
8744970,69,12,3,79
8745480,84,81,-3,82
8745990,42,6,3,79
8746500,57,75,-7,86
8747010,78,11,8,78
8747520,52,21,-6,84
8748030,80,41,12,72
8748540,3,21,-6,78
8749050,87,18,-2,80
8749560,43,23,-2,82
8750070,71,92,-4,86
8750580,92,28,11,75
8751090,48,23,-5,80
8751600,73,43,3,77
8752110,98,81,-7,84
8752620,56,6,6,78
8753130,71,79,-7,85
8753640,92,15,9,76
8754150,48,25,-5,81
8754660,73,94,7,74
8755170,94,19,-3,77
8755680,50,56,-7,84
8756190,71,23,7,77
8756700,27,3,-1,78
8757210,83,88,-10,88
8757720,2,24,6,82
8758230,86,21,0,82
8758740,42,58,-1,83
8759250,63,25,9,74
8759760,88,5,-9,83
8760270,62,78,0,83
8760780,83,3,3,80
8761290,57,76,-2,82
8761800,78,1,-3,85
8762310,52,74,5,80
8762820,73,41,5,75
8763330,98,68,1,74
8763840,56,95,-8,82
8764350,77,54,4,78
8764860,35,92,-8,86
8765370,45,51,2,84
8765880,66,34,7,77
8766390,91,14,-6,83
8766900,65,51,3,80
8767410,90,89,-3,83
8767920,96,25,5,78
8768430,52,62,-5,83
8768940,73,29,7,76
8769450,6,9,0,76
8769960,62,6,-5,81
8770470,77,79,0,81
8770980,98,4,-3,84
8771490,72,41,10,74
8772000,97,21,1,73
8772510,53,58,-13,86
8773020,74,41,14,72
8773530,99,68,-2,74
8774040,57,95,-6,80
8774550,78,54,2,78
8775060,36,81,-6,84
8775570,57,40,2,82
8776080,85,78,3,79
8776590,43,3,1,78
8777100,58,76,-6,84
8777610,79,12,4,80
8778120,53,22,-2,82
8778630,78,42,8,74
8779140,1,69,-8,82
8779650,6,94,1,81
8780160,90,34,10,71
8780670,46,14,-11,82
8781180,74,34,12,70
8781690,99,14,-3,73
8782200,55,51,-13,86
8782710,76,34,13,73
8783220,101,14,-2,75
8783730,57,24,-6,81
8784240,82,44,5,76
8784750,5,71,-3,79
8785260,15,60,4,75
8785770,25,19,-7,82
8786280,46,2,3,79
8786790,61,75,0,79
8787300,82,0,-6,85
8787810,56,25,12,73
8788320,81,45,-5,78
8788830,4,72,6,72
8789340,62,12,-8,80
8789850,58,85,-5,85
8790360,79,44,13,72
8790870,2,71,-8,80
8791380,60,11,4,76
8791890,75,21,-1,77
8792400,100,26,4,73
8792910,56,53,-10,83
8793420,77,36,13,70
8793930,0,16,-11,81
8794440,10,13,3,78
8794950,94,20,7,71
8795460,50,57,-8,79
8795970,71,24,6,73
8796480,96,4,-1,74
8796990,70,41,1,73
8797500,95,79,-5,78
8798010,53,4,-2,80
8798520,68,77,1,79
8799030,89,2,-1,80
8799540,63,75,-6,86
8800050,84,0,2,84
8800560,58,25,7,77
8801070,83,45,6,71
8801580,39,72,-14,85
8802090,60,31,9,76
8802600,85,51,0,76
8803110,8,89,-7,83
8803620,18,29,7,76
8804130,39,36,-9,85
8804640,60,19,9,76
8805150,85,24,-1,77
8805660,41,4,-7,84
8806170,56,77,1,83
8806680,77,2,3,80
8807190,51,75,-6,86
8807700,72,42,9,77
8808210,97,80,-1,78
8808720,55,5,-3,81
8809230,70,78,-10,91
8809740,91,14,17,74
8810250,47,24,-7,81
8810760,72,44,3,78
8811270,97,82,1,77
8811780,55,7,6,71
8812290,70,17,-5,76
8812800,26,99,-7,83
8813310,36,58,2,81
8813820,57,25,2,79
8814330,82,45,3,76
8814840,5,72,-1,77
8815350,15,61,-6,83
8815860,25,41,4,79
8816370,46,24,0,79
8816880,71,44,2,77
8817390,96,82,1,76
8817900,54,7,4,72
8818410,69,80,-9,81
8818920,90,5,1,80
8819430,64,42,4,76
8819940,89,80,-4,80
8820450,47,5,2,78
8820960,62,78,2,76
8821470,83,3,-5,81
8821980,57,28,7,74
8822490,82,48,1,73
8823000,38,86,-9,82
8823510,59,45,1,81
8824020,84,28,8,73
8824530,40,8,-7,80
8825040,76,93,0,80
8825550,97,28,7,73
8826060,53,65,-11,84
8826570,74,1,7,77
8827080,48,74,0,77
8827590,69,33,5,72
8828100,94,13,-3,75
8828610,68,93,-4,79
8829120,89,28,-1,80
8829630,45,8,-3,83
8830140,70,28,10,73
8830650,95,8,-6,79
8831160,69,45,7,72
8831670,94,83,-11,83
8832180,52,18,5,78
8832690,77,38,2,76
8833200,0,18,-8,84
8833710,10,15,12,72
8834220,66,22,-4,76
8834730,91,2,-1,77
8835240,65,75,-11,88
8835750,86,37,15,73
8836260,9,17,-1,74
8836770,65,24,0,74
8837280,90,4,-16,90
8837790,64,41,16,74
8838300,89,79,-5,79
8838810,47,15,1,78
8839320,3,35,2,76
8839830,13,48,-7,83
8840340,23,61,6,77
8840850,33,20,-6,83
8841360,58,3,4,79
8841870,73,76,0,79
8842380,94,12,1,78
8842890,68,49,2,76
8843400,93,87,-1,77
8843910,51,22,3,74
8844420,76,42,-1,75
8844930,101,22,-5,80
8845440,75,59,-7,87
8845950,100,97,5,82
8846460,58,32,5,77
8846970,83,52,4,73
8847480,6,89,-9,82
8847990,90,29,4,78
8848500,46,9,-4,82
8849010,74,29,10,72
8849520,99,9,-8,80
8850030,73,46,4,76
8850540,98,84,-6,82
8851050,56,19,7,75
8851560,84,24,-6,81
8852070,7,23,0,81
8852580,63,30,7,74
8853090,88,10,-4,78
8853600,62,20,5,73
8854110,87,25,-2,75
8854620,43,86,-7,82
8855130,64,45,9,73
8855640,89,25,-6,79
8856150,63,30,0,79
8856660,88,10,0,79
8857170,62,30,3,76
8857680,87,10,-8,84
8858190,61,30,5,79
8858700,86,50,2,77
8859210,9,87,0,77
8859720,20,22,7,70
8860230,2,5,-10,80
8860740,58,2,-1,81
8861250,73,75,6,75
8861760,94,37,-6,81
8862270,17,17,3,78
8862780,101,0,0,78
8863290,75,37,4,74
8863800,100,17,-1,75
8864310,56,27,-2,77
8864820,81,47,4,73
8865330,4,84,-3,76
8865840,14,24,2,74
8866350,35,31,-9,83
8866860,56,14,9,74
8867370,81,83,-10,84
8867880,58,19,6,78
8868390,83,39,6,72
8868900,6,19,-8,80
8869410,16,16,6,74
8869920,100,101,0,74
8870430,58,36,-8,82
8870940,83,3,5,77
8871450,57,76,-9,86
8871960,78,35,10,76
8872470,1,15,-3,79
8872980,57,35,4,75
8873490,82,55,-4,79
8874000,5,35,-2,81
8874510,15,48,7,74
8875020,25,7,-3,77
8875530,81,92,-10,87
8876040,0,54,6,81
8876550,20,67,1,80
8877060,30,26,3,77
8877570,51,95,-9,86
8878080,72,54,10,76
8878590,30,92,-6,82
8879100,40,51,1,81
8879610,61,18,2,79
8880120,86,87,-1,80
8880630,5,49,7,73
8881140,15,62,-6,79
8881650,25,21,-3,82
8882160,20,90,1,81
8882670,30,49,1,80
8883180,51,16,4,76
8883690,79,85,-5,81
8884200,100,52,8,73
8884710,56,57,-14,87
8885220,77,24,10,77
8885730,0,29,-3,80
8886240,10,26,2,78
8886750,31,33,-5,83
8887260,52,0,2,81
8887770,67,73,-2,83
8888280,88,40,9,74
8888790,11,45,-7,81
8889300,21,58,1,80
8889810,31,17,-2,82
8890320,90,86,-2,84
8890830,48,48,-4,88
8891340,69,15,11,77
8891850,27,84,-2,79
8892360,37,43,-4,83
8892870,58,10,8,75
8893380,73,79,-13,88
8893890,94,46,16,72
8894400,50,26,-8,80
8894910,75,95,-7,87
8895420,96,54,16,71
8895930,54,34,-8,79
8896440,79,1,2,77
8896950,53,74,-6,83
8897460,74,31,10,73
8897970,99,36,-9,82
8898480,22,97,-2,84
8898990,32,86,6,78
8899500,42,45,-6,84
8900010,63,12,14,70
8900520,21,81,-15,85
8901030,31,40,1,84
8901540,52,7,8,76
8902050,67,76,-7,83
8902560,88,43,9,74
8903070,11,48,-6,80
8903580,21,15,-4,84
8904090,3,84,3,81
8904600,59,24,4,77
8905110,84,93,-3,80
8905620,3,60,4,76
8906130,61,73,-9,85
8906640,82,40,13,72
8907150,5,20,-7,79
8907660,61,17,-3,82
8908170,17,86,0,82
8908680,27,75,4,78
8909190,37,34,0,78
8909700,58,1,4,74
8910210,73,74,-9,83
8910720,94,41,7,76
8911230,50,0,-6,82
8911740,65,73,-10,92
8912250,86,40,15,77
8912760,9,20,-1,78
8913270,4,17,-2,80
8913780,60,14,6,74
8914290,16,83,-1,75
8914800,67,42,-5,80
8915310,92,9,0,80
8915820,66,96,-4,84
8916330,87,55,8,76
8916840,45,60,-2,78
8917350,66,27,3,75
8917860,91,96,-5,80
8918370,10,58,0,80
8918880,20,71,0,80
8919390,30,30,-4,84
8919900,51,99,1,83
8920410,72,58,-1,84
8920920,97,25,15,69
8921430,53,30,-7,76
8921940,78,99,-11,87
8922450,99,59,6,81
8922960,57,64,-2,83
8923470,78,31,8,75
8923980,1,92,-3,78
8924490,57,32,-1,79
8925000,82,101,-3,82
8925510,1,60,0,82
8926020,11,73,3,79
8926530,21,32,-3,82
8927040,42,101,-2,84
8927550,43,60,5,79
8928060,64,27,1,78
8928570,89,96,-9,87
8929080,8,58,6,81
8929590,92,71,1,80
8930100,50,33,3,77
8930610,75,0,-6,83
8931120,49,73,2,81
8931630,70,32,8,73
8932140,95,101,-1,74
8932650,14,60,-6,80
8933160,9,73,-1,81
8933670,65,64,0,81
8934180,86,31,10,71
8934690,42,92,-12,83
8935200,63,51,3,80
8935710,21,18,1,79
8936220,3,87,3,76
8936730,59,27,-1,77
8937240,84,47,4,73
8937750,7,27,-3,76
8938260,17,40,-4,80
8938770,38,7,-6,86
8939280,41,76,9,77
8939790,62,35,-1,78
8940300,87,55,3,75
8940810,45,60,-2,77
8941320,66,27,-1,78
8941830,91,47,3,75
8942340,14,27,-4,79
8942850,35,33,-4,83
8943360,56,0,3,80
8943870,77,73,-2,82
8944380,35,35,0,82
8944890,56,2,3,79
8945400,71,75,-2,81
8945910,92,42,3,78
8946420,48,22,1,77
8946930,76,42,3,74
8947440,101,22,-8,82
8947950,57,59,-3,85
8948460,78,79,7,78
8948970,99,14,-1,79
8949480,55,51,-9,88
8949990,76,34,18,70
8950500,101,14,-3,73
8951010,57,24,-7,80
8951520,82,44,11,69
8952030,5,16,-8,77
8952540,61,13,0,77
8953050,76,23,1,76
8953560,101,28,-5,81
8954070,75,27,8,73
8954580,100,88,-7,80
8955090,58,23,6,74
8955600,83,3,-9,83
8956110,57,76,-3,86
8956620,78,35,10,76
8957130,1,15,1,75
8957640,57,12,2,73
8958150,72,22,-9,82
8958660,97,27,4,78
8959170,71,64,-5,83
8959680,29,101,-1,84
8960190,40,60,7,77
8960700,61,19,-1,78
8961210,86,80,0,78
8961720,44,15,-4,82
8962230,72,35,11,71
8962740,97,15,-1,72
8963250,53,25,-7,79
8963760,81,94,2,77
8964270,0,29,2,75
8964780,10,42,0,75
8965290,20,55,-3,78
8965800,30,14,-5,83
8966310,26,8,2,81
8966820,82,93,-1,82
8967330,1,28,6,76
8967840,11,25,-5,81
8968350,32,31,-5,86
8968860,53,14,8,78
8969370,81,34,8,70
8969880,4,14,-2,72
8970390,60,11,-3,75
8970900,75,21,1,74
8971410,36,26,-9,83
8971920,95,9,5,78
8972430,69,19,6,72
8972940,94,24,-1,73
8973450,50,61,-12,85
8973960,71,28,10,75
8974470,96,8,-12,87
8974980,70,18,5,82
8975490,31,79,2,80
8976000,41,38,-2,82
8976510,62,21,4,78
8977020,87,26,9,69
8977530,43,31,-10,79
8978040,22,14,-6,85
8978550,78,99,3,82
8979060,99,34,9,73
8979570,55,14,-4,77
8980080,80,34,7,70
8980590,3,14,-9,79
8981100,59,11,7,72
8981610,15,84,-9,81
8982120,26,73,-2,83
8982630,36,32,0,83
8983140,57,15,7,76
8983650,82,35,1,75
8984160,5,15,-9,84
8984670,61,12,13,71
8985180,95,22,-5,76
8985690,51,32,-3,79
8986200,79,101,-8,87
8986710,100,36,11,76
8987220,56,16,-4,80
8987730,84,36,6,74
8988240,7,16,-3,77
8988750,91,13,2,75
8989260,65,23,4,71
8989770,21,28,-12,83
8990280,42,34,-2,85
8990790,67,17,12,73
8991300,23,22,-7,80
8991810,44,28,-1,81
8992320,69,11,1,80
8992830,30,21,-6,86
8993340,93,4,6,80
8993850,67,29,3,77
8994360,92,9,5,72
8994870,48,19,-12,84
8995380,76,39,14,70
8995890,101,19,-6,76
8996400,57,56,-4,80
8996910,15,39,2,78
8997420,10,45,0,78
8997930,20,58,5,73
8998440,30,17,-8,81
8998950,2,0,-2,83
8999460,58,99,5,78
8999970,79,58,0,78
9000480,37,38,-3,81
9000990,58,21,8,73
9001500,83,1,-9,82
9002010,57,11,3,79
9002520,72,21,3,76
9003030,97,82,-3,79
9003540,55,44,-1,80
9004050,56,27,2,78
9004560,81,47,2,76
9005070,4,27,-3,79
9005580,14,24,5,74
9006090,98,30,-1,75
9006600,54,67,-13,88
9007110,75,50,10,78
9007620,100,88,4,74
9008130,58,50,-2,76
9008640,16,33,-3,79
9009150,100,40,-7,86
9009660,56,77,0,86
9010170,77,36,10,76
9010680,0,16,0,76
9011190,56,13,4,72
9011700,71,18,-2,74
9012210,96,23,-3,77
9012720,52,28,-3,80
9013230,77,48,3,77
9013740,35,86,-2,79
9014250,45,45,-11,90
9014760,66,28,16,74
9015270,91,8,-4,78
9015780,65,45,-6,84
9016290,93,65,13,71
9016800,51,70,-11,82
9017310,72,29,11,71
9017820,28,9,-9,80
9018330,36,94,-1,81
9018840,46,53,3,78
9019350,67,20,0,78
9019860,92,25,3,75
9020370,48,30,-9,84
9020880,76,13,6,78
9021390,37,23,0,78
9021900,97,6,4,74
9022410,71,16,-3,77
9022920,27,21,-3,80
9023430,87,4,2,78
9023940,61,24,5,73
9024450,86,44,-2,75
9024960,42,24,-10,85
9025470,70,7,10,75
9025980,26,27,-1,76
9026490,47,10,-7,83
9027000,75,30,9,74
9027510,100,91,-7,81
9028020,58,53,0,81
9028530,86,36,4,77
9029040,42,16,-2,79
9029550,67,101,-1,80
9030060,88,60,6,74
9030570,46,65,-14,88
9031080,67,27,14,74
9031590,92,32,-3,77
9032100,48,12,1,76
9032610,76,32,6,70
9033120,101,12,-5,75
9033630,57,22,-1,76
9034140,82,91,-10,86
9034650,1,27,15,71
9035160,11,24,-7,78
9035670,95,30,-1,79
9036180,51,35,2,77
9036690,76,18,1,76
9037200,32,23,-8,84
9037710,4,6,4,80
9038220,60,3,2,78
9038730,75,76,2,76
9039240,33,38,-6,82
9039750,54,21,10,72
9040260,79,41,-4,76
9040770,74,21,2,74
9041280,30,26,-13,87
9041790,90,9,6,81
9042300,31,29,4,77
9042810,52,12,-1,78
9043320,8,81,-1,79
9043830,19,21,-2,81
9044340,40,27,-1,82
9044850,68,10,1,81
9045360,29,30,-3,84
9045870,50,13,7,77
9046380,78,82,-6,83
9046890,36,18,-1,84
9047400,99,1,5,79
9047910,73,26,4,75
9048420,29,31,-1,76
9048930,50,14,-3,79
9049440,6,34,10,69
9049950,16,40,-10,79
9050460,11,46,5,74
9050970,21,52,-7,81
9051480,42,11,3,78
9051990,57,31,4,74
9052500,82,51,3,71
9053010,40,13,-9,80
9053520,68,98,-3,83
9054030,89,57,7,76
9054540,45,19,-3,79
9055050,58,39,-1,80
9055560,86,59,7,73
9056070,44,64,-10,83
9056580,65,31,13,70
9057090,90,36,-8,78
9057600,13,16,-4,82
9058110,97,22,7,75
9058620,71,27,-2,77
9059130,96,32,5,72
9059640,52,12,-12,84
9060150,80,32,-4,88
9060660,3,12,14,74
9061170,59,9,-2,76
9061680,74,78,-2,78
9062190,95,40,0,78
9062700,51,20,-7,85
9063210,79,40,9,76
9063720,2,20,-3,79
9064230,12,17,6,73
9064740,84,23,-5,78
9065250,45,28,-2,80
9065760,73,11,-5,85
9066270,88,31,14,71
9066780,44,11,-9,80
9067290,59,31,4,76
9067800,87,51,1,75
9068310,45,31,-6,81
9068820,64,14,5,76
9069330,79,75,-6,82
9069840,37,58,-2,84
9070350,58,25,11,73
9070860,83,45,-1,74
9071370,41,25,-5,79
9071880,60,8,-4,83
9072390,39,81,-1,84
9072900,60,40,1,83
9073410,88,60,10,73
9073920,46,22,-9,82
9074430,74,5,1,81
9074940,48,25,7,74
9075450,76,45,-1,75
9075960,34,25,-12,87
9076470,13,8,0,87
9076980,69,14,3,84
9077490,48,75,3,81
9078000,69,34,2,79
9078510,97,14,-2,81
9079020,53,51,1,80
9079530,74,34,1,79
9080040,99,14,5,74
9080550,55,51,-7,81
9081060,76,34,5,76
9081570,101,14,-4,80
9082080,57,51,1,79
9082590,58,34,6,73
9083100,86,14,-2,75
9083610,60,24,-3,78
9084120,88,44,3,75
9084630,46,24,-5,80
9085140,74,7,1,79
9085650,48,17,-3,82
9086160,76,86,-4,86
9086670,97,48,9,77
9087180,53,28,0,77
9087690,81,48,0,77
9088200,39,71,-4,81
9088710,60,30,6,75
9089220,85,10,-6,81
9089730,59,20,4,77
9090240,38,40,-7,84
9090750,59,23,12,72
9091260,84,92,-5,77
9091770,42,54,-5,82
9092280,63,21,7,75
9092790,78,95,-10,85
9093300,99,57,8,77
9093810,57,37,-3,80
9094320,85,57,6,74
9094830,43,19,-5,79
9095340,71,2,-1,80
9095850,45,75,-5,85
9096360,66,34,12,73
9096870,91,54,3,70
9097380,47,34,-9,79
9097890,48,17,-4,83
9098400,44,86,1,82
9098910,65,45,-2,84
9099420,23,28,2,82
9099930,44,35,-1,83
9100440,2,18,1,82
9100950,58,61,6,76
9101460,37,28,-8,84
9101970,9,11,10,74
9102480,65,17,-1,75
9102990,80,78,-2,77
9103500,38,40,-7,84
9104010,95,23,10,74
9104520,51,60,-7,81
9105030,72,27,2,79
9105540,28,7,-2,81
9106050,87,92,2,79
9106560,45,54,-6,85
9107070,66,37,10,75
9107580,24,17,-5,80
9108090,98,23,9,71
9108600,54,60,-10,81
9109110,75,27,8,73
9109620,31,7,-4,77
9110130,65,92,-5,82
9110640,86,51,9,73
9111150,44,56,-14,87
9111660,65,23,11,76
9112170,21,28,-6,82
9112680,3,35,10,72
9113190,61,41,-5,77
9113700,19,78,1,76
9114210,29,37,1,75
9114720,50,4,-8,83
9115230,65,77,5,78
9115740,86,39,7,71
9116250,42,19,-12,83
9116760,70,88,3,80
9117270,91,47,7,73
9117780,47,27,-3,76
9118290,75,10,-1,77
9118800,49,20,-2,79
9119310,52,40,-4,83
9119820,53,7,4,79
9120330,68,80,0,79
9120840,89,42,3,76
9121350,12,22,4,72
9121860,96,29,2,70
9122370,52,34,-10,80
9122880,80,17,7,73
9123390,54,22,-4,77
9123900,82,91,-6,83
9124410,40,27,-1,84
9124920,19,10,-4,88
9125430,75,16,13,75
9125940,49,36,-5,80
9126450,77,19,4,76
9126960,33,24,-9,85
9127470,93,93,-4,89
9127980,51,28,13,76
9128490,79,48,3,73
9129000,78,85,-15,88
9129510,36,21,-1,89
9130020,64,4,8,81
9130530,79,14,-3,84
9131040,49,34,-1,85
9131550,77,54,6,79
9132060,35,92,-1,80
9132570,45,51,-5,85
9133080,24,34,0,85
9133590,6,1,4,81
9134100,62,7,-1,82
9134610,41,17,0,82
9135120,69,86,7,75
9135630,90,66,-2,77
9136140,48,28,-6,83
9136650,76,48,7,76
9137160,34,86,-7,83
9137670,44,45,1,82
9138180,23,28,7,75
9138690,5,34,-4,79
9139200,15,47,2,77
9139710,25,60,1,76
9140220,35,19,-3,79
9140730,63,2,-1,80
9141240,42,75,0,80
9141750,63,34,0,80
9142260,91,14,0,80
9142770,65,16,3,77
9143280,44,21,-3,80
9143790,72,41,8,72
9144300,30,78,-7,79
9144810,40,37,-4,83
9145320,19,20,-2,85
9145830,1,26,9,76
9146340,11,23,3,73
9146850,95,30,-1,74
9147360,51,35,-10,84
9147870,79,12,5,79
9148380,53,11,-1,80
9148890,32,31,-1,81
9149400,11,14,-5,86
9149910,53,20,13,73
9150420,81,40,-3,76
9150930,37,20,-3,79
9151440,65,89,-3,82
9151950,86,24,5,77
9152460,42,29,-4,81
9152970,70,12,5,76
9153480,49,32,-9,85
9153990,77,9,7,78
9154500,51,8,-2,80
9155010,66,28,9,71
9155520,45,8,-11,82
9156030,83,28,5,77
9156540,39,8,-1,78
9157050,67,28,1,77
9157560,95,8,-2,79
9158070,69,7,1,78
9158580,48,6,-2,80
9159090,63,26,2,78
9159600,91,6,3,75
9160110,47,5,-6,81
9160620,62,25,0,81
9161130,90,45,4,77
9161640,46,25,-6,83
9162150,74,8,3,80
9162660,53,18,4,76
9163170,32,38,-8,84
9163680,53,21,5,79
9164190,81,41,3,76
9164700,4,21,1,75
9165210,14,28,0,75
9165720,98,35,3,72
9166230,54,15,-3,75
9166740,10,35,-4,79
9167250,20,42,-5,84
9167760,41,48,2,82
9168270,20,31,6,76
9168780,2,38,2,74
9169290,1,39,-1,75
9169800,0,40,2,73
9170310,58,46,-5,78
9170820,37,23,-8,86
9171330,16,6,4,82
9171840,72,12,-1,83
9172350,87,32,11,72
9172860,43,12,-10,82
9173370,71,32,7,75
9173880,96,12,0,75
9174390,52,22,0,75
9174900,77,42,0,75
9175410,0,22,2,73
9175920,10,19,-3,76
9176430,94,25,5,71
9176940,50,24,-2,73
9177450,75,44,-3,76
9177960,100,82,3,73
9178470,58,83,-5,78
9178980,79,42,3,75
9179490,2,22,-1,76
9180000,1,19,-2,78
9180510,9,16,-7,85
9181020,93,23,10,75
9181530,49,22,-1,76
9182040,77,42,5,71
9182550,0,22,-4,75
9183060,10,19,2,73
9183570,94,26,-3,76
9184080,50,25,-9,85
9184590,78,45,10,75
9185100,1,83,-4,79
9185610,59,23,0,79
9186120,84,3,0,79
9186630,58,2,3,76
9187140,73,12,0,76
9187650,29,22,-7,83
9188160,29,28,-13,96
9188670,30,34,15,81
9189180,9,41,-3,84
9189690,19,54,8,76
9190200,1,13,1,75
9190710,57,10,1,74
9191220,72,20,1,73
9191730,28,25,-10,83
9192240,7,31,8,75
9192750,17,44,-1,76
9193260,12,91,-4,80
9193770,11,26,7,73
9194280,6,33,-4,77
9194790,64,30,1,76
9195300,89,10,2,74
9195810,45,20,-4,78
9196320,73,40,1,77
9196830,98,20,-3,80
9197340,54,57,0,80
9197850,33,40,-3,83
9198360,12,23,-4,87
9198870,68,30,19,68
9199380,24,10,-15,83
9199890,20,16,4,79
9200400,2,22,4,75
9200910,12,19,-1,76
9201420,96,26,3,73
9201930,52,25,0,73
9202440,77,45,-1,74
9202950,0,82,-2,76
9203460,58,22,-1,77
9203970,14,2,-4,81
9204480,70,8,4,77
9204990,44,18,-1,78
9205500,72,38,3,75
9206010,97,18,1,74
9206520,53,55,-10,84
9207030,32,38,3,81
9207540,53,5,9,72
9208050,68,15,-8,80
9208560,83,14,7,73
9209070,57,13,0,73
9209580,72,41,2,71
9210090,97,78,-9,80
9210600,55,14,5,75
9211110,70,34,4,71
9211620,95,14,-1,72
9212130,51,24,-8,80
9212640,79,44,9,71
9213150,2,24,-5,76
9213660,12,31,2,74
9214170,22,37,-5,79
9214680,43,44,-6,85
9215190,22,27,4,81
9215700,4,34,9,72
9216210,14,47,-9,81
9216720,24,60,-1,82
9217230,34,19,2,80
9217740,13,88,-7,87
9218250,23,23,13,74
9218760,2,29,-3,77
9219270,12,26,-2,79
9219780,22,32,5,74
9220290,26,39,-4,78
9220800,47,6,-5,83
9221310,62,79,0,83
9221820,41,15,1,82
9222330,69,35,3,79
9222840,94,15,1,78
9223350,50,25,0,78
9223860,75,45,-2,80
9224370,100,83,6,74
9224880,58,84,-10,84
9225390,79,43,9,75
9225900,2,23,0,75
9226410,12,20,-8,83
9226920,96,27,7,76
9227430,52,26,-3,79
9227940,80,6,-4,83
9228450,54,31,3,80
9228960,82,11,4,76
9229470,56,21,-3,79
9229980,84,1,-8,87
9230490,99,38,11,76
9231000,55,18,2,74
9231510,11,46,-2,76
9232020,21,26,1,75
9232530,0,95,-8,83
9233040,58,35,11,72
9233550,83,72,-4,76
9234060,41,52,-4,80
9234570,75,19,5,75
9235080,90,18,0,75
9235590,64,17,2,73
9236100,43,22,-16,89
9236610,71,91,5,84
9237120,92,26,8,76
9237630,54,25,-2,78
9238140,79,94,-8,86
9238650,100,30,9,77
9239160,70,67,-5,82
9239670,95,3,1,81
9240180,69,28,6,75
9240690,94,8,-3,78
9241200,68,45,1,77
9241710,93,83,-4,81
9242220,51,18,1,80
9242730,79,38,7,73
9243240,2,12,-9,82
9243750,58,9,10,72
9244260,73,19,-3,75
9244770,52,0,-13,88
9245280,67,73,9,79
9245790,78,35,7,72
9246300,1,15,-4,76
9246810,11,12,-6,82
9247320,95,18,5,77
9247830,69,17,0,77
9248340,48,22,-3,80
9248850,76,42,7,73
9249360,101,79,-2,75
9249870,59,80,-6,81
9250380,38,39,-2,83
9250890,17,22,0,83
9251400,101,28,6,77
9251910,57,27,3,74
9252420,82,7,-5,79
9252930,56,6,0,79
9253440,71,16,2,77
9253950,86,21,3,74
9254460,42,20,-5,79
9254970,70,40,3,76
9255480,95,20,-4,80
9255990,34,19,-5,85
9256500,62,76,-1,86
9257010,41,11,4,82
9257520,69,31,6,76
9258030,94,11,-4,80
9258540,50,48,-1,81
9259050,51,31,2,79
9259560,76,51,3,76
9260070,101,89,-6,82
9260580,59,69,-2,84
9261090,38,31,-1,85
9261600,17,14,-3,88
9262110,73,20,17,71
9262620,98,25,-3,74
9263130,54,24,-5,79
9263640,79,44,7,72
9264150,2,49,-12,84
9264660,12,62,4,80
9265170,22,51,-2,82
9265680,32,40,1,81
9266190,53,7,8,73
9266700,68,17,-8,81
9267210,93,99,0,81
9267720,51,34,-3,84
9268230,79,54,12,72
9268740,2,59,-7,79
9269250,12,48,0,79
9269760,22,61,5,74
9270270,32,20,-9,83
9270780,51,89,5,78
9271290,56,48,-3,81
9271800,81,25,10,71
9272310,4,20,-6,77
9272820,78,27,3,74
9273330,1,22,-2,76
9273840,11,29,-4,80
9274350,21,35,5,75
9274860,9,2,2,73
9275370,65,8,-11,84
9275880,44,18,5,79
9276390,72,38,4,75
9276900,97,18,6,69
9277410,53,55,-14,83
9277920,32,22,-5,88
9278430,91,91,6,82
9278940,49,26,5,77
9279450,74,46,4,73
9279960,99,26,-3,76
9280470,55,63,2,74
9280980,34,100,-5,79
9281490,45,59,-3,82
9282000,12,48,3,79
9282510,22,28,-1,80
9283020,4,34,6,74
9283530,14,47,-3,77
9284040,24,27,-5,82
9284550,3,34,6,76
9285060,13,47,-6,82
9285570,23,60,4,78
9286080,33,19,-11,89
9286590,52,2,10,79
9287100,67,75,-6,85
9287610,46,74,0,85
9288120,67,33,12,73
9288630,92,70,-5,78
9289140,21,5,-3,81
9289650,77,90,-11,92
9290160,56,25,16,76
9290670,81,45,5,71
9291180,4,82,-5,76
9291690,62,22,-2,78
9292200,87,2,3,75
9292710,61,27,-2,77
9293220,86,7,-3,80
9293730,60,44,3,77
9294240,85,82,-2,79
9294750,43,17,-2,81
9295260,71,37,6,75
9295770,96,17,2,73
9296280,52,54,-10,83
9296790,31,37,3,80
9297300,52,20,5,75
9297810,80,0,-5,80
9298320,54,25,-4,84
9298830,79,45,6,78
9299340,2,25,4,74
9299850,12,22,-4,78
9300360,68,29,3,75
9300870,93,9,-3,78
9301380,49,46,-8,86
9301890,50,29,5,81
9302400,78,49,8,73
9302910,1,86,-9,82
9303420,59,26,11,71
9303930,84,46,-3,74
9304440,7,83,-6,80
9304950,18,18,0,80
9305460,0,24,8,72
9305970,10,25,-8,80
9306480,20,32,-2,82
9306990,41,39,-1,83
9307500,20,22,-2,85
9308010,2,28,6,79
9308520,12,29,5,74
9309030,22,35,-4,78
9309540,4,42,-4,82
9310050,14,49,8,74
9310560,24,29,-6,80
9311070,3,12,1,79
9311580,59,19,7,72
9312090,84,101,-14,86
9312600,3,36,11,75
9313110,87,42,3,72
9313620,43,22,-9,81
9314130,68,5,2,79
9314640,42,15,1,78
9315150,70,35,6,72
9315660,95,15,-11,83
9316170,69,17,5,78
9316680,48,22,-3,81
9317190,49,42,0,81
9317700,28,25,5,76
9318210,7,8,-3,79
9318720,63,14,2,77
9319230,42,19,-8,85
9319740,43,2,8,77
9320250,58,75,-1,78
9320760,79,10,1,77
9321270,53,20,-3,80
9321780,54,0,3,77
9322290,69,73,-12,89
9322800,48,8,6,83
9323310,49,28,1,82
9323820,77,48,7,75
9324330,0,85,-5,80
9324840,10,74,4,76
9325350,20,63,-3,79
9325860,30,22,-6,85
9326370,9,5,3,82
9326880,65,16,11,71
9327390,80,21,-9,80
9327900,36,20,-1,81
9328410,15,3,1,80
9328920,71,9,-6,86
9329430,86,19,11,75
9329940,42,56,-10,85
9330450,63,45,6,79
9330960,88,83,1,78
9331470,46,18,-4,82
9331980,25,38,3,79
9332490,46,27,-4,83
9333000,74,47,5,78
9333510,99,84,-3,81
9334020,57,19,9,72
9334530,82,101,-8,80
9335040,1,36,-1,81
9335550,91,49,10,71
9336060,47,29,-10,81
9336570,26,49,3,78
9337080,14,8,-5,83
9337590,70,33,4,79
9338100,95,13,6,73
9338610,51,50,-9,82
9339120,30,33,-6,88
9339630,51,16,15,73
9340140,66,36,-3,76
9340650,91,16,-1,77
9341160,47,18,-5,82
9341670,72,38,11,71
9342180,97,18,-1,72
9342690,53,17,-8,80
9343200,68,37,5,75
9343710,93,17,1,74
9344220,49,54,-4,78
9344730,28,21,-4,82
9345240,24,4,-1,83
9345750,62,89,-3,86
9346260,83,48,7,79
9346770,6,85,0,79
9347280,16,74,-2,81
9347790,26,33,4,77
9348300,47,16,-1,78
9348810,62,36,-1,79
9349320,87,74,4,75
9349830,45,54,-7,82
9350340,66,37,5,77
9350850,91,17,-2,79
9351360,65,48,1,78
9351870,90,86,-2,80
9352380,48,21,-2,82
9352890,76,41,7,75
9353400,101,21,-2,77
9353910,57,58,-1,78
9354420,58,41,-6,84
9354930,37,24,9,75
9355440,16,93,-8,83
9355950,26,82,0,83
9356460,36,41,-3,86
9356970,57,24,10,76
9357480,82,4,-2,78
9357990,56,14,-1,79
9358500,71,19,-1,80
9359010,27,83,-4,84
9359520,37,42,3,81
9360030,58,25,5,76
9360540,83,100,1,75
9361050,2,59,0,75
9361560,12,48,-5,80
9362070,22,28,1,79
9362580,43,11,-3,82
9363090,58,31,5,77
9363600,83,51,8,69
9364110,39,56,-11,80
9364620,60,15,2,78
9365130,75,20,5,73
9365640,90,25,-8,81
9366150,69,5,2,79
9366660,84,15,2,77
9367170,58,20,1,76
9367680,73,25,0,76
9368190,19,5,-11,87
9368700,75,30,13,74
9369210,100,10,-3,77
9369720,56,20,-1,78
9370230,81,40,9,69
9370740,4,20,-9,78
9371250,14,26,-1,79
9371760,35,33,-4,83
9372270,14,16,10,73
9372780,98,22,-5,78
9373290,54,24,0,78
9373800,79,44,5,73
9374310,7,24,-2,75
9374820,17,30,-3,78
9375330,5,37,3,75
9375840,15,43,-3,78
9376350,25,49,1,77
9376860,46,16,-1,78
9377370,61,36,1,77
9377880,86,16,0,77
9378390,60,15,6,71
9378900,75,20,-6,77
9379410,90,25,4,73
9379920,3,30,-4,77
9380430,13,36,-2,79
9380940,23,42,4,75
9381450,44,31,-7,82
9381960,45,14,3,79
9382470,60,34,5,74
9382980,85,14,-1,75
9383490,41,19,-7,82
9384000,69,39,10,72
9384510,94,44,0,72
9385020,56,24,-10,82
9385530,81,44,5,77
9386040,4,24,0,77
9386550,14,30,2,75
9387060,35,99,-4,79
9387570,46,58,1,78
9388080,67,17,7,71
9388590,82,22,-2,73
9389100,97,27,-8,81
9389610,10,32,-3,84
9390120,20,38,4,80
9390630,41,27,-9,89
9391140,42,10,12,77
9391650,57,30,-1,78
9392160,82,10,2,76
9392670,56,30,-1,77
9393180,81,10,-2,79
9393690,10,12,0,79
9394200,94,18,7,72
9394710,50,17,1,71
9395220,65,22,-5,76
9395730,90,27,0,76
9396240,3,7,-1,77
9396750,59,13,6,71
9397260,74,95,-8,79
9397770,95,54,5,74
9398280,18,34,-8,82
9398790,39,1,4,78
9399300,54,74,-2,80
9399810,75,33,5,75
9400320,100,13,3,72
9400830,56,12,-3,75
9401340,71,17,-2,77
9401850,86,22,-1,78
9402360,65,27,3,75
9402870,90,7,-7,82
9403380,64,56,2,80
9403890,43,93,-3,83
9404400,48,52,3,80
9404910,69,19,5,75
9405420,84,24,1,74
9405930,99,29,-5,79
9406440,73,66,-2,81
9406950,31,2,-4,85
9407460,92,87,4,81
9407970,50,23,-2,83
9408480,75,43,4,79
9408990,100,81,-3,82
9409500,29,61,7,75
9410010,50,20,-1,76
9410520,78,40,6,70
9411030,1,20,-9,79
9411540,11,26,5,74
9412050,21,32,-3,77
9412560,42,21,-7,84
9413070,67,41,9,75
9413580,92,79,-6,81
9414090,5,59,-2,83
9414600,15,50,0,83
9415110,25,30,3,80
9415620,46,53,-3,83
9416130,67,20,9,74
9416640,82,25,-4,78
9417150,97,30,4,74
9417660,53,35,-1,75
9418170,54,15,-3,78
9418680,69,35,2,76
9419190,94,15,1,75
9419700,68,14,0,75
9420210,64,19,-3,78
9420720,79,24,1,77
9421230,94,29,9,68
9421740,50,34,-13,81
9422250,51,54,-3,84
9422760,72,37,11,73
9423270,97,17,-3,76
9423780,71,16,-1,77
9424290,86,36,-3,80
9424800,9,16,2,78
9425310,93,22,4,74
9425820,67,27,-2,76
9426330,92,7,-2,78
9426840,66,27,1,77
9427350,91,7,-3,80
9427860,65,27,5,75
9428370,90,7,3,72
9428880,64,44,-5,77
9429390,89,82,0,77
9429900,47,18,0,77
9430410,75,38,4,73
9430920,100,18,-4,77
9431430,56,17,6,71
9431940,71,22,-4,75
9432450,86,27,-2,77
9432960,9,7,-2,79
9433470,65,13,7,72
9433980,80,18,-4,76
9434490,95,38,-1,77
9435000,18,18,-6,83
9435510,39,24,1,82
9436020,40,7,3,79
9436530,55,27,-1,80
9437040,80,47,8,72
9437550,3,27,0,72
9438060,13,40,-4,76
9438570,23,46,-6,82
9439080,44,13,-1,83
9439590,45,33,1,82
9440100,46,16,3,79
9440610,61,36,1,78
9441120,86,16,-2,80
9441630,47,36,-6,86
9442140,48,19,8,78
9442650,73,39,4,74
9443160,98,19,2,72
9443670,54,39,-4,76
9444180,79,59,-6,82
9444690,40,21,-2,84
9445200,41,4,-1,85
9445710,56,24,13,72
9446220,81,4,-7,79
9446730,55,24,-2,81
9447240,80,44,9,72
9447750,3,81,-9,81
9448260,14,31,6,75
9448770,9,38,-2,77
9449280,19,51,2,75
9449790,29,10,-7,82
9450300,30,95,3,79
9450810,41,54,-2,81
9451320,62,21,2,79
9451830,77,41,5,74
9452340,0,21,-5,79
9452850,10,27,0,79
9453360,5,33,6,73
9453870,15,24,-2,75
9454380,36,30,-11,86
9454890,57,13,8,78
9455400,72,33,3,75
9455910,97,13,1,74
9456420,71,33,2,72
9456930,96,13,-2,74
9457440,70,15,-5,79
9457950,85,20,1,78
9458460,46,40,-5,83
9458970,67,23,10,73
9459480,92,28,-3,76
9459990,88,33,4,72
9460500,67,13,-9,81
9461010,82,30,7,74
9461520,5,25,4,70
9462030,0,31,-1,71
9462540,10,32,-9,80
9463050,20,38,4,76
9463560,41,5,-9,85
9464070,56,25,8,77
9464580,81,45,2,75
9465090,4,82,-2,77
9465600,15,71,-3,80
9466110,25,30,4,76
9466620,46,13,-1,77
9467130,61,33,0,77
9467640,86,53,4,73
9468150,77,58,-2,75
9468660,38,63,-8,83
9469170,59,30,4,79
9469680,84,50,5,74
9470190,7,30,-3,77
9470700,17,36,-7,84
9471210,38,43,-2,86
9471720,59,26,7,79
9472230,84,101,1,78
9472740,3,36,4,74
9473250,13,49,-5,79
9473760,1,29,0,79
9474270,11,30,1,78
9474780,32,37,-3,81
9475290,53,20,3,78
9475800,81,40,6,72
9476310,4,20,-9,81
9476820,14,26,1,80
9477330,35,32,-4,84
9477840,56,15,9,75
9478350,71,35,-1,76
9478860,96,15,1,75
9479370,70,17,1,74
9479880,85,22,0,74
9480390,46,27,-3,77
9480900,65,47,-3,80
9481410,90,85,-4,84
9481920,48,47,-4,88
9482430,69,30,13,75
9482940,94,10,2,73
9483450,68,9,-5,78
9483960,83,29,1,77
9484470,6,9,2,75
9484980,62,15,-3,78
9485490,77,20,4,74
9486000,92,25,-6,80
9486510,53,30,3,77
9487020,78,50,1,76
9487530,1,55,-2,78
9488040,11,46,-2,80
9488550,21,59,2,78
9489060,31,18,4,74
9489570,50,1,-5,79
9490080,65,74,-7,86
9490590,86,10,13,73
9491100,60,30,1,72
9491610,85,50,-1,73
9492120,8,87,-5,78
9492630,19,76,-7,85
9493140,29,35,9,76
9493650,50,18,-3,79
9494160,51,38,-4,83
9494670,52,21,5,78
9495180,77,41,0,78
9495690,0,21,6,72
9496200,10,27,-8,80
9496710,5,33,5,75
9497220,15,34,-3,78
9497730,3,57,-1,79
9498240,13,48,-1,80
9498750,23,37,6,74
9499260,44,26,-8,82
9499770,45,9,2,80
9500280,60,29,1,79
9500790,85,9,4,75
9501300,59,29,2,73
9501810,84,49,3,70
9502320,7,29,-16,86
9502830,17,36,7,79
9503340,38,42,-2,81
9503850,59,25,6,75
9504360,84,45,0,75
9504870,13,54,-2,77
9505380,1,13,5,72
9505890,11,19,-2,74
9506400,95,25,2,72
9506910,69,24,-5,77
9507420,94,4,-4,81
9507930,68,6,0,81
9508440,52,26,-1,82
9508950,53,46,5,77
9509460,54,29,-4,81
9509970,82,49,4,77
9510480,5,29,-5,82
9510990,77,35,8,74
9511500,0,15,1,73
9512010,10,12,-6,79
9512520,94,18,1,78
9513030,68,20,3,75
9513540,83,25,3,72
9514050,44,30,-7,79
9514560,23,13,-5,84
9515070,97,82,12,72
9515580,55,44,-6,78
9516090,56,27,4,74
9516600,75,47,-3,77
9517110,100,85,-6,83
9517620,58,47,5,78
9518130,37,24,-8,86
9518640,16,7,3,83
9519150,72,13,6,77
9519660,33,33,-5,82
9520170,54,16,6,76
9520680,50,36,-7,83
9521190,51,3,2,81
9521700,66,76,-2,83
9522210,87,38,6,77
9522720,10,18,-5,82
9523230,85,24,7,75
9523740,46,29,0,75
9524250,71,49,0,75
9524760,90,11,-4,79
9525270,64,13,4,75
9525780,79,18,-3,78
9526290,40,38,-5,83
9526800,61,21,7,76
9527310,40,41,-10,86
9527820,61,24,9,77
9528330,89,4,0,77
9528840,1,6,2,75
9529350,57,12,5,70
9529860,72,17,-5,75
9530370,51,22,-9,84
9530880,79,42,7,77
9531390,2,22,-2,79
9531900,12,28,-3,82
9532410,33,34,1,81
9532920,54,17,2,79
9533430,82,37,7,72
9533940,5,17,-6,78
9534450,61,23,1,77
9534960,89,3,-2,79
9535470,63,5,-2,81
9535980,78,22,6,75
9536490,39,27,-9,84
9537000,18,10,5,79
9537510,0,16,6,73
9538020,10,22,-4,77
9538530,94,28,4,73
9539040,98,8,-6,79
9539550,72,10,3,76
9540060,87,30,0,76
9540570,48,10,-3,79
9541080,76,30,0,79
9541590,101,10,-4,83
9542100,75,47,9,74
9542610,100,27,1,73
9543120,74,7,-12,85
9543630,35,27,-1,86
9544140,19,10,7,79
9544650,1,16,8,71
9545160,57,97,-9,80
9545670,78,56,4,76
9546180,36,18,-9,85
9546690,37,1,6,79
9547200,82,74,-3,82
9547710,40,36,-2,84
9548220,28,19,-1,85
9548730,7,88,2,83
9549240,18,77,0,83
9549750,28,36,6,77
9550260,49,3,0,77
9550770,64,76,2,75
9551280,85,38,6,69
9551790,8,18,-6,75
9552300,92,24,5,70
9552810,66,4,-7,77
9553320,62,3,-8,85
9553830,77,76,2,83
9554340,35,38,0,83
9554850,56,21,4,79
9555360,84,1,-6,85
9555870,58,3,9,76
9556380,73,76,-7,83
9556890,94,12,7,76
9557400,68,11,-1,77
9557910,29,16,-6,83
9558420,30,101,5,78
9558930,41,60,-5,83
9559440,62,27,12,71
9559950,87,7,-5,76
9560460,61,44,-6,82
9560970,80,82,3,79
9561480,101,7,2,77
9561990,75,44,-4,81
9562500,100,82,4,77
9563010,58,44,1,76
9563520,83,21,-1,77
9564030,44,20,-6,83
9564540,72,40,5,78
9565050,97,20,0,78
9565560,71,57,-2,80
9566070,96,19,-2,82
9566580,70,56,3,79
9567090,28,18,-2,81
9567600,47,1,0,81
9568110,48,74,0,81
9568620,69,33,6,75
9569130,94,13,3,72
9569640,68,50,-6,78
9570150,93,88,-4,82
9570660,51,13,2,80
9571170,79,33,5,75
9571680,2,13,4,71
9572190,12,19,-5,76
9572700,96,25,4,72
9573210,70,24,-4,76
9573720,95,4,-7,83
9574230,69,41,13,70
9574740,94,21,-1,71
9575250,68,1,-9,80
9575760,83,74,2,78
9576270,6,36,1,77
9576780,16,42,7,70
9577290,11,48,-7,77
9577800,21,10,-7,84
9578310,3,16,8,76
9578820,13,22,-2,78
9579330,97,28,-3,81
9579840,20,8,-2,83
9580350,76,77,2,81
9580860,97,39,5,76
9581370,20,19,-4,80
9581880,2,25,4,76
9582390,12,31,-2,78
9582900,7,37,2,76
9583410,17,43,0,76
9583920,38,10,-5,81
9584430,53,95,-1,82
9584940,74,54,4,78
9585450,99,16,-3,81
9585960,73,53,1,80
9586470,98,15,0,80
9586980,72,52,0,80
9587490,97,90,3,77
9588000,55,52,-5,82
9588510,56,29,6,76
9589020,81,2,-6,82
9589530,55,4,1,81
9590040,70,16,5,76
9590550,85,98,-6,82
9591060,4,23,4,78
9591570,14,37,2,76
9592080,2,43,-5,81
9592590,12,49,3,78
9593100,22,29,-2,80
9593610,43,35,-8,88
9594120,44,18,5,83
9594630,45,54,-5,88
9595140,66,16,11,77
9595650,91,98,3,74
9596160,10,23,-6,80
9596670,94,29,9,71
9597180,17,9,-9,80
9597690,101,78,8,72
9598200,30,40,-7,79
9598710,51,7,3,76
9599220,66,24,3,73
9599730,91,4,-1,74
9600240,65,41,-4,78
9600750,90,79,-3,81
9601260,48,41,-4,85
9601770,49,24,6,79
9602280,74,44,3,76
9602790,99,24,0,76
9603300,73,51,2,74
9603810,98,89,-11,85
9604320,56,51,3,82
9604830,57,28,8,74
9605340,82,8,-9,83
9605850,56,10,0,83
9606360,71,83,7,76
9606870,92,45,-1,77
9607380,21,25,-4,81
9607890,42,31,1,80
9608400,67,14,4,76
9608910,82,96,-5,81
9609420,47,21,3,78
9609930,72,41,-2,80
9610440,97,21,5,75
9610950,71,58,-3,78
9611460,96,20,3,75
9611970,70,57,-1,76
9612480,95,19,2,74
9612990,69,56,-6,80
9613500,94,18,3,77
9614010,68,20,0,77
9614520,93,18,-4,81
9615030,67,20,2,79
9615540,82,0,-1,80
9616050,56,2,0,80
9616560,71,75,-4,84
9617070,92,37,8,76
9617580,15,17,-1,77
9618090,99,23,2,75
9618600,73,60,-7,82
9619110,98,22,6,76
9619620,72,49,-1,77
9620130,97,87,1,76
9620640,55,49,-4,80
9621150,80,26,7,73
9621660,59,6,-5,78
9622170,38,75,0,78
9622680,59,34,0,78
9623190,84,7,0,78
9623700,58,44,-5,83
9624210,59,82,1,82
9624720,80,41,10,72
9625230,3,68,-8,80
9625740,13,18,1,79
9626250,97,24,-5,84
9626760,71,61,7,77
9627270,29,23,-4,81
9627780,8,92,-4,85
9628290,19,27,9,76
9628800,40,33,-4,80
9629310,41,0,-2,82
9629820,56,73,1,81
9630330,77,35,7,74
9630840,0,15,-4,78
9631350,10,21,3,75
9631860,5,27,-6,81
9632370,15,33,2,79
9632880,36,40,1,78
9633390,57,23,5,73
9633900,82,3,-4,77
9634410,56,5,1,76
9634920,71,74,-4,80
9635430,92,36,-4,84
9635940,15,38,5,79
9636450,36,5,-4,83
9636960,37,74,2,81
9637470,58,33,3,78
9637980,86,13,3,75
9638490,60,15,-3,78
9639000,75,17,6,72
9639510,49,19,-3,75
9640020,68,39,-1,76
9640530,93,77,0,76
9641040,51,39,-1,77
9641550,76,16,-9,86
9642060,91,18,9,77
9642570,65,20,2,75
9643080,90,0,-7,82
9643590,64,2,3,79
9644100,79,75,0,79
9644610,37,37,1,78
9645120,58,20,1,77
9645630,86,40,5,72
9646140,15,20,-9,81
9646650,99,26,8,73
9647160,73,28,-3,76
9647670,98,8,0,76
9648180,72,45,3,73
9648690,97,83,1,72
9649200,55,45,-7,79
9649710,80,22,5,74
9650220,84,24,0,74
9650730,88,26,-3,77
9651240,67,28,0,77
9651750,92,8,0,77
9652260,66,45,0,77
9652770,91,83,-2,79
9653280,49,45,-7,86
9653790,70,22,12,74
9654300,95,2,-4,78
9654810,69,4,-6,84
9655320,65,6,4,80
9655830,101,8,-6,86
9656340,75,10,8,78
9656850,36,12,-4,82
9657360,37,32,1,81
9657870,58,101,6,75
9658380,79,60,2,73
9658890,8,22,0,73
9659400,92,28,-4,77
9659910,96,30,9,68
9660420,52,57,-12,80
9660930,73,19,2,78
9661440,88,21,1,77
9661950,62,58,-6,83
9662460,83,20,8,75
9662970,87,47,-6,81
9663480,10,74,2,79
9663990,20,63,-4,83
9664500,30,22,6,77
9665010,9,91,-7,84
9665520,20,80,2,82
9666030,30,39,2,80
9666540,51,6,2,78
9667050,66,79,-6,84
9667560,87,41,10,74
9668070,10,21,-4,78
9668580,5,27,6,72
9669090,15,33,-5,77
9669600,36,0,-6,83
9670110,97,73,4,79
9670620,26,35,5,74
9671130,47,2,-5,79
9671640,62,75,-5,84
9672150,83,52,10,74
9672660,12,79,-8,82
9673170,22,68,1,81
9673680,32,27,2,79
9674190,53,33,0,79
9674700,81,71,-2,81
9675210,39,33,2,79
9675720,18,16,-8,87
9676230,0,22,10,77
9676740,10,28,3,74
9677250,20,34,-7,81
9677760,41,40,-1,82
9678270,62,23,4,78
9678780,90,3,-6,84
9679290,64,101,1,83
9679800,85,60,7,76
9680310,14,22,-2,78
9680820,39,28,-10,88
9681330,67,11,18,70
9681840,46,13,-12,82
9682350,74,33,11,71
9682860,99,13,-5,76
9683370,55,15,-4,80
9683880,83,35,9,71
9684390,6,15,-4,75
9684900,38,21,-5,80
9685410,66,41,-1,81
9685920,94,79,7,74
9686430,52,41,-13,87
9686940,80,24,13,74
9687450,84,26,-1,75
9687960,7,28,-8,83
9688470,2,34,6,77
9688980,12,40,-2,79
9689490,22,46,-2,81
9690000,43,13,0,81
9690510,71,33,5,76
9691020,96,13,0,76
9691530,70,15,-3,79
9692040,37,17,-4,83
9692550,19,37,0,83
9693060,40,4,2,81
9693570,41,24,2,79
9694080,69,44,3,76
9694590,94,6,-7,83
9695100,68,8,4,79
9695610,83,28,-1,80
9696120,6,8,0,80
9696630,14,14,5,75
9697140,98,20,-1,76
9697650,72,57,-2,78
9698160,97,19,3,75
9698670,71,21,-4,79
9699180,67,1,-5,84
9699690,88,74,9,75
9700200,46,36,-8,83
9700710,74,19,4,79
9701220,70,39,4,75
9701730,95,77,-2,77
9702240,53,39,-4,81
9702750,81,59,6,75
9703260,10,21,-5,80
9703770,94,27,6,74
9704280,68,29,-5,79
9704790,96,9,-4,83
9705300,70,46,4,79
9705810,95,84,0,79
9706320,53,46,-1,80
9706830,81,23,3,77
9707340,85,3,2,75
9707850,59,5,-6,81
9708360,74,78,-3,84
9708870,95,14,2,82
9709380,0,51,8,74
9709890,10,46,-8,82
9710400,20,59,1,81
9710910,30,18,-5,86
9711420,31,87,6,80
9711930,41,46,-1,81
9712440,62,29,2,79
9712950,90,9,2,77
9713460,64,11,1,76
9713970,60,13,-5,81
9714480,88,33,8,73
9714990,11,13,-7,80
9715500,95,19,10,70
9716010,69,21,-4,74
9716520,97,1,-1,75
9717030,71,3,-2,77
9717540,45,5,-4,81
9718050,46,25,5,76
9718560,74,45,-1,77
9719070,99,83,-6,83
9719580,57,45,7,76
9720090,82,22,-3,79
9720600,86,2,-2,81
9721110,60,4,6,75
9721620,75,77,-10,85
9722130,96,39,13,72
9722640,100,19,1,71
9723150,56,56,-9,80
9723660,77,33,4,76
9724170,0,13,-10,86
9724680,56,19,10,76
9725190,81,39,2,74
9725700,4,19,5,69
9726210,14,25,-7,76
9726720,35,31,-11,87
9727230,56,37,5,82
9727740,84,75,2,80
9728250,42,37,-8,88
9728760,63,20,16,72
9729270,88,0,-10,82
9729780,62,64,-1,83
9730290,83,41,2,81
9730800,25,21,-2,83
9731310,46,27,7,76
9731820,74,47,1,75
9732330,0,85,-2,77
9732840,58,74,-1,78
9733350,79,45,5,73
9733860,2,25,3,70
9734370,1,31,2,68
9734880,0,37,-7,75
9735390,10,43,-3,78
9735900,20,49,-4,82
9736410,41,16,-1,83
9736920,69,36,9,74
9737430,94,16,-8,82
9737940,68,36,4,78
9738450,93,74,-1,79
9738960,16,36,1,78
9739470,4,42,0,78
9739980,14,48,3,75
9740490,13,28,1,74
9741000,34,34,-8,82
9741510,55,1,3,79
9742020,76,74,-2,81
9742530,85,10,13,68
9743040,59,12,-9,77
9743550,87,32,6,71
9744060,10,12,-10,81
9744570,94,18,3,78
9745080,68,38,4,74
9745590,93,18,-3,77
9746100,67,20,-2,79
9746610,95,0,-2,81
9747120,69,2,-1,82
9747630,90,75,5,77
9748140,48,37,-5,82
9748650,76,20,11,71
9749160,80,25,-12,83
9749670,3,5,7,76
9750180,59,11,3,73
9750690,74,13,-9,82
9751200,53,33,-1,83
9751710,81,53,5,78
9752220,10,15,6,72
9752730,94,21,-7,79
9753240,68,41,-1,80
9753750,93,79,4,76
9754260,51,41,-7,83
9754770,79,24,10,73
9755280,2,4,-11,84
9755790,58,10,17,67
9756300,54,12,-9,76
9756810,50,32,-8,84
9757320,78,52,2,82
9757830,1,90,-2,84
9758340,12,39,8,76
9758850,96,45,-3,79
9759360,19,25,2,77
9759870,40,31,-4,81
9760380,61,14,2,79
9760890,89,96,-2,81
9761400,8,58,1,80
9761910,18,53,4,76
9762420,6,12,0,76
9762930,62,18,-1,77
9763440,90,100,1,76
9763950,9,62,-1,77
9764460,8,51,0,77
9764970,7,46,-2,79
9765480,6,52,3,76
9765990,5,43,-3,79
9766500,20,56,-5,84
9767010,41,15,9,75
9767520,37,35,-11,86
9768030,58,2,5,81
9768540,79,75,-4,85
9769050,100,37,12,73
9769560,2,17,-4,77
9770070,58,23,4,73
9770580,83,3,-1,74
9771090,57,5,-7,81
9771600,80,78,-1,82
9772110,101,40,5,77
9772620,57,20,-1,78
9773130,85,40,3,75
9773640,8,20,-1,76
9774150,92,26,-4,80
9774660,88,46,3,77
9775170,11,26,0,77
9775680,32,32,-4,81
9776190,53,101,-5,86
9776700,74,60,7,79
9777210,0,37,1,78
9777720,101,43,8,70
9778230,57,23,-8,78
9778740,85,43,3,75
9779250,8,23,-1,76
9779760,5,29,-4,80
9780270,13,35,6,74
9780780,34,41,-4,78
9781290,55,8,4,74
9781800,83,77,-5,79
9782310,2,39,-6,85
9782820,1,45,10,75
9783330,0,51,-1,76
9783840,101,42,3,73
9784350,57,22,-5,78
9784860,82,42,5,73
9785370,5,22,-4,77
9785880,13,28,1,76
9786390,97,34,-1,77
9786900,20,14,-6,83
9787410,2,20,11,72
9787920,10,26,-6,78
9788430,7,32,3,75
9788940,6,38,1,74
9789450,5,51,-5,79
9789960,4,42,4,75
9790470,3,48,-3,78
9790980,2,61,3,75
9791490,1,52,0,75
9792000,0,43,-7,82
9792510,101,49,0,82
9793020,24,29,6,76
9793530,45,98,-5,81
9794040,66,14,4,77
9794550,94,34,3,74
9795060,50,14,-8,82
9795570,78,34,4,78
9796080,1,14,-7,85
9796590,9,20,5,80
9797100,6,26,4,76
9797610,1,32,3,73
9798120,0,38,-6,79
9798630,101,5,2,77
9799140,75,7,-4,81
9799650,71,9,3,78
9800160,45,29,-8,86
9800670,73,98,-3,89
9801180,94,34,16,73
9801690,50,14,-13,86
9802200,78,34,14,72
9802710,1,14,-7,79
9803220,9,20,-8,87
9803730,30,26,6,81
9804240,51,95,1,80
9804750,72,54,-3,83
9805260,97,92,7,76
9805770,16,54,-3,79
9806280,26,16,-4,83
9806790,34,85,-3,86
9807300,55,44,10,76
9807810,83,21,1,75
9808320,6,20,5,70
9808830,3,26,-4,74
9809340,2,32,-7,81
9809850,1,38,5,76
9810360,0,44,-1,77
9810870,10,50,0,77
9811380,9,56,5,72
9811890,8,23,-2,74
9812400,92,29,2,72
9812910,48,24,-12,84
9813420,76,44,7,77
9813930,101,82,-2,79
9814440,30,44,-3,82
9814950,51,11,4,78
9815460,79,80,-9,87
9815970,100,42,9,78
9816480,56,22,0,78
9816990,84,42,3,75
9817500,7,22,-5,80
9818010,91,28,-3,83
9818520,87,27,4,79
9819030,83,22,-1,80
9819540,79,42,4,76
9820050,2,22,-2,78
9820560,10,28,2,76
9821070,5,97,-8,84
9821580,16,74,3,81
9822090,27,33,3,78
9822600,48,0,-3,81
9823110,69,73,3,78
9823620,90,35,4,74
9824130,13,15,-4,78
9824640,97,21,6,72
9825150,53,20,-6,78
9825660,81,40,-6,84
9826170,4,20,12,72
9826680,101,26,0,72
9827190,75,25,-8,80
9827700,100,5,3,77
9828210,74,7,0,77
9828720,48,27,-4,81
9829230,76,47,5,76
9829740,101,85,-1,77
9830250,30,47,-10,87
9830760,51,14,6,81
9831270,79,29,9,72
9831780,35,9,-8,80
9832290,31,78,-4,84
9832800,41,37,5,79
9833310,62,4,-9,88
9833820,85,77,7,81
9834330,43,39,-4,85
9834840,64,22,10,75
9835350,89,42,-7,82
9835860,12,80,1,81
9836370,23,69,1,80
9836880,33,28,-8,88
9837390,54,34,8,80
9837900,82,54,8,72
9838410,11,92,-9,81
9838920,22,81,-1,82
9839430,33,40,1,81
9839940,54,7,4,77
9840450,73,63,0,77
9840960,98,25,1,76
9841470,72,24,4,72
9841980,97,19,-2,74
9842490,71,21,-2,76
9843000,67,98,-10,86
9843510,88,57,14,72
9844020,17,38,-4,76
9844530,38,5,-1,77
9845040,99,74,4,73
9845550,28,36,-6,79
9846060,49,3,3,76
9846570,8,76,-1,77
9847080,19,71,-5,82
9847590,18,30,13,69
9848100,0,99,-9,78
9848610,11,88,-5,83
9849120,22,65,4,79
9849630,32,24,-10,89
9850140,11,93,4,85
9850650,22,82,9,76
9851160,33,41,-15,91
9851670,54,16,15,76
9852180,82,85,-5,81
9852690,1,47,7,74
9853200,0,14,-4,78
9853710,8,20,8,70
9854220,92,26,-8,78
9854730,66,25,-1,79
9855240,85,45,3,76
9855750,8,5,-7,83
9856260,64,11,5,78
9856770,60,13,-2,80
9857280,56,13,-4,84
9857790,57,33,3,81
9858300,85,71,5,76
9858810,14,33,1,75
9859320,98,39,-2,77
9859830,54,34,1,76
9860340,79,72,-7,83
9860850,37,34,1,82
9861360,58,1,1,81
9861870,79,74,-3,84
9862380,5,36,14,70
9862890,4,3,-12,82
9863400,60,9,3,79
9863910,56,11,3,76
9864420,84,31,3,73
9864930,88,26,0,73
9865440,92,25,-8,81
9865950,66,24,10,71
9866460,91,19,-8,79
9866970,65,18,4,75
9867480,84,17,2,73
9867990,40,16,-5,78
9868500,68,36,-2,80
9869010,96,16,8,72
9869520,70,15,0,72
9870030,85,14,-6,78
9870540,59,34,4,74
9871050,84,1,-5,79
9871560,58,3,-3,82
9872070,73,76,4,78
9872580,94,38,6,72
9873090,98,33,-9,81
9873600,54,35,-2,83
9874110,82,55,9,74
9874620,11,17,2,72
9875130,95,23,-6,78
9875640,69,22,1,77
9876150,88,21,1,76
9876660,62,41,-5,81
9877170,81,79,-6,87
9877680,0,15,6,81
9878190,56,21,10,71
9878700,75,41,-6,77
9879210,100,79,4,73
9879720,29,41,-6,79
9880230,50,8,-1,80
9880740,65,28,9,71
9881250,93,23,-3,74
9881760,67,22,-3,77
9882270,86,99,-7,84
9882780,5,35,11,73
9883290,4,41,-4,77
9883800,3,47,3,74
9884310,2,38,-5,79
9884820,1,5,4,75
9885330,57,11,-8,83
9885840,36,31,1,82
9886350,55,100,0,82
9886860,76,59,6,76
9887370,95,97,0,76
9887880,14,59,-1,77
9888390,98,26,3,74
9888900,54,25,-2,76
9889410,82,45,0,76
9889920,11,25,0,76
9890430,95,31,-1,77
9890940,69,6,-5,82
9891450,43,26,-2,84
9891960,62,46,2,82
9892470,81,84,2,80
9892980,0,46,9,71
9893490,101,13,-4,75
9894000,75,33,1,74
9894510,94,13,-6,80
9895020,68,33,3,77
9895530,87,53,-3,80
9896040,16,91,0,80
9896550,27,80,1,79
9897060,38,39,-7,86
9897570,59,6,3,83
9898080,74,79,2,81
9898590,95,41,0,81
9899100,99,20,8,73
9899610,55,40,-14,87
9900120,74,7,11,76
9900630,48,69,-9,85
9901140,69,58,3,82
9901650,88,35,9,73
9902160,84,30,1,72
9902670,58,25,0,72
9903180,77,45,-5,77
9903690,96,83,0,77
9904200,25,45,-2,79
9904710,46,12,-7,86
9905220,74,32,10,76
9905730,93,12,-2,78
9906240,67,32,2,76
9906750,86,12,0,76
9907260,60,32,-4,80
9907770,79,52,6,74
9908280,8,90,-7,81
9908790,19,79,2,79
9909300,30,38,6,73
9909810,51,5,-10,83
9910320,66,78,0,83
9910830,87,40,9,74
9911340,43,19,-9,83
9911850,62,88,-2,85
9912360,83,24,14,71
9912870,39,44,-8,79
9913380,60,11,-2,81
9913890,56,31,4,77
9914400,75,51,4,73
9914910,94,89,-8,81
9915420,52,25,1,80
9915930,71,45,2,78
9916440,90,83,3,75
9916950,48,45,-12,87
9917460,69,12,12,75
9917970,65,32,-7,82
9918480,84,52,11,71
9918990,13,90,-9,80
9919500,24,79,7,73
9920010,35,38,-8,81
9920520,56,5,0,81
9921030,71,78,1,80
9921540,92,40,5,75
9922050,48,20,-3,78
9922560,76,62,-3,81
9923070,95,100,-6,87
9923580,14,36,15,72
9924090,9,3,-9,81
9924600,65,9,0,81
9925110,61,29,-2,83
9925620,80,49,5,78
9926130,99,87,1,77
9926640,28,49,-4,81
9927150,49,16,6,75
9927660,45,36,-10,85
9928170,64,3,11,74
9928680,38,23,-11,85
9929190,66,92,2,83
9929700,87,28,10,73
9930210,91,27,-3,76
9930720,65,26,0,76
9931230,84,46,-4,80
9931740,13,6,-4,84
9932250,69,12,4,80
9932760,48,32,-8,88
9933270,76,52,7,81
9933780,95,14,3,78
9934290,69,34,-1,79
9934800,88,54,4,75
9935310,17,16,-3,78
9935820,101,22,8,70
9936330,57,21,-8,78
9936840,53,41,-2,80
9937350,72,61,4,76
9937860,1,99,-5,81
9938370,12,88,-5,86
9938880,23,23,3,83
9939390,5,92,4,79
9939900,16,81,0,79
9940410,27,70,-6,85
9940920,48,32,4,81
9941430,76,52,4,77
9941940,5,90,-2,79
9942450,16,79,1,78
9942960,27,68,0,78
9943470,48,27,-5,83
9943980,76,47,10,73
9944490,5,85,-4,77
9945000,16,34,-5,82
9945510,100,40,5,77
9946020,56,35,0,77
9946530,75,73,-4,81
9947040,96,9,5,76
9947550,70,29,6,70
9948060,89,8,-2,72
9948570,63,28,-3,75
9949080,82,48,1,74
9949590,11,86,-7,81
9950100,22,75,1,80
9950610,32,34,-5,85
9951120,53,1,4,81
9951630,74,74,3,78
9952140,95,36,4,74
9952650,51,31,-7,81
9953160,79,51,4,77
9953670,8,89,-4,81
9954180,19,78,-4,85
9954690,30,37,1,84
9955200,51,4,8,76
9955710,47,77,-5,81
9956220,68,36,3,78
9956730,87,15,6,72
9957240,43,35,-7,79
9957750,22,2,-4,83
9958260,78,71,0,83
9958770,36,7,-3,86
9959280,39,27,8,78
9959790,58,96,-5,83
9960300,79,55,7,76
9960810,8,93,-8,84
9961320,19,28,3,81
9961830,1,34,4,77
9962340,11,40,1,76
9962850,6,7,-3,79
9963360,62,13,-1,80
9963870,81,33,6,74
9964380,100,28,1,73
9964890,74,27,2,71
9965400,93,22,-8,79
9965910,67,42,5,74
9966420,86,80,-6,80
9966930,44,16,-1,81
9967440,40,36,-3,84
9967950,61,3,3,81
9968460,57,76,0,81
9968970,78,38,5,76
9969480,97,58,4,72
9969990,53,96,-11,83
9970500,74,55,2,81
9971010,0,17,4,77
9971520,74,23,-10,87
9972030,93,43,12,75
9972540,49,22,0,75
9973050,77,42,-3,78
9973560,0,80,1,77
9974070,11,69,-4,81
9974580,95,31,3,78
9975090,51,98,-6,84
9975600,72,57,5,79
9976110,1,95,0,79
9976620,12,84,-2,81
9977130,23,19,5,76
9977640,5,88,-6,82
9978150,16,23,4,78
9978660,37,29,-2,80
9979170,16,12,1,79
9979680,100,18,3,76
9980190,56,88,-4,80
9980700,77,47,7,73
9981210,6,85,-7,80
9981720,17,20,-1,81
9982230,101,59,3,78
9982740,30,97,-1,79
9983250,41,56,-11,90
9983760,62,23,16,74
9984270,58,43,-13,87
9984780,77,81,-2,89
9985290,98,17,17,72
9985800,54,37,-4,76
9986310,82,75,-2,78
9986820,43,37,-3,81
9987330,62,20,4,77
9987840,81,40,1,76
9988350,100,0,-6,82
9988860,74,38,8,74
9989370,93,76,-6,80
9989880,22,12,-3,83
9990390,4,18,2,81
9990900,88,24,7,74
9991410,44,44,-14,88
9991920,65,27,13,75
9992430,84,22,2,73
9992940,40,24,-12,85
9993450,68,7,6,79
9993960,64,80,-5,84
9994470,85,16,7,77
9994980,59,36,2,75
9995490,78,74,-3,78
9996000,39,10,-2,80
9996510,40,30,-7,87
9997020,59,13,15,72
9997530,15,33,-10,82
9998040,10,39,2,80
9998550,5,52,0,80
9999060,4,65,3,77
9999570,14,56,0,77
10000080,13,15,-9,86
10000590,97,21,13,73
10001100,34,58,-8,81
10001610,55,25,4,77
10002120,83,45,5,72
10002630,0,83,-8,80
10003140,11,18,10,70
10003650,95,24,-8,78
10004160,51,44,-6,84
10004670,70,21,7,77
10005180,66,98,-16,93
10005690,87,57,16,77
10006200,16,95,-7,84
10006710,27,30,8,76
10007220,48,99,-6,82
10007730,69,58,-1,83
10008240,88,20,8,75
10008750,44,40,-9,84
10009260,63,23,3,81
10009770,91,43,5,76
10010280,86,38,0,76
10010790,3,18,-3,79
10011300,73,24,1,78
10011810,92,101,-1,79
10012320,11,37,3,76
10012830,6,88,-1,77
10013340,17,23,1,76
10013850,101,62,0,76
10014360,57,24,-4,80
10014870,21,44,-8,88
10015380,42,11,8,80
10015890,70,31,5,75
10016400,89,4,1,74
10016910,63,6,-6,80
10017420,78,79,1,79
10017930,99,15,3,76
10018440,55,35,-8,84
10018950,83,73,6,78
10019460,44,35,-4,82
10019970,72,18,6,76
10020480,91,38,5,71
10020990,47,33,-12,83
10021500,66,53,8,75
10022010,85,91,-6,81
10022520,4,27,6,75
10023030,101,40,-10,85
10023540,97,35,11,74
10024050,93,30,2,72
10024560,49,25,-14,86
10025070,77,45,9,77
10025580,0,83,3,74
10026090,11,72,-7,81
10026600,10,31,0,81
10027110,5,70,1,80
10027620,4,59,5,75
10028130,3,50,-4,79
10028640,13,41,-3,82
10029150,8,54,-1,83
10029660,7,67,2,81
10030170,6,58,3,78
10030680,5,49,-1,79
10031190,15,83,3,76
10031700,26,65,-1,77
10032210,47,24,-5,82
10032720,75,44,5,77
10033230,100,82,0,77
10033740,29,44,7,70
10034250,50,11,-8,78
10034760,46,31,-4,82
10035270,65,69,1,81
10035780,86,31,5,76
10036290,9,26,-3,79
10036800,93,33,0,79
10037310,89,35,7,72
10037820,45,15,-9,81
10038330,73,35,7,74
10038840,98,14,-1,75
10039350,54,51,-11,86
10039860,75,28,4,82
10040370,100,56,2,80
10040880,56,41,-2,82
10041390,84,79,1,81
10041900,45,41,-2,83
10042410,66,24,11,72
10042920,91,44,-1,73
10043430,14,24,-3,76
10043940,98,63,-3,79
10044450,27,25,2,77
10044960,48,8,-5,82
10045470,63,81,-1,83
10045980,84,17,7,76
10046490,80,37,0,76
10047000,3,17,0,76
10047510,87,14,1,75
10048020,61,34,-1,76
10048530,89,72,2,74
10049040,18,34,-9,83
10049550,39,1,4,79
10050060,100,74,1,78
10050570,29,36,0,78
10051080,50,3,-6,84
10051590,65,76,3,81
10052100,86,38,10,71
10052610,9,18,-15,86
10053120,93,25,12,74
10053630,49,27,-10,84
10054140,77,47,11,73
10054650,0,85,-4,77
10055160,58,20,5,72
10055670,83,40,-1,73
10056180,6,20,2,71
10056690,90,59,-7,78
10057200,13,21,7,71
10057710,97,60,-6,77
10058220,53,22,3,74
10058730,81,42,0,74
10059240,4,22,-1,75
10059750,12,61,-2,77
10060260,11,20,-4,81
10060770,95,27,7,74
10061280,69,29,-3,77
10061790,94,9,0,77
10062300,68,46,-6,83
10062810,96,84,10,73
10063320,25,46,-3,76
10063830,46,13,-7,83
10064340,74,33,9,74
10064850,99,13,1,73
10065360,55,15,-8,81
10065870,70,35,8,73
10066380,95,15,-10,83
10066890,69,17,7,76
10067400,84,19,-1,77
10067910,45,39,-6,83
10068420,66,22,7,76
10068930,91,99,-4,80
10069440,10,35,-2,82
10069950,20,48,-6,88
10070460,15,15,11,77
10070970,27,54,0,77
10071480,48,13,-5,82
10071990,76,33,12,70
10072500,101,13,-7,77
10073010,75,50,-1,78
10073520,100,88,2,76
10074030,29,50,-8,84
10074540,76,33,10,74
10075050,101,12,4,70
10075560,75,49,-4,74
10076070,100,87,-4,78
10076580,29,49,-1,79
10077090,50,16,5,74
10077600,75,36,-1,75
10078110,100,16,-3,78
10078620,56,53,-5,83
10079130,77,36,9,74
10079640,0,52,-6,80
10080150,10,43,6,74
10080660,5,56,0,74
10081170,4,69,0,74
10081680,31,96,-9,83
10082190,42,55,3,80
10082700,63,17,4,76
10083210,59,90,-11,87
10083720,80,49,11,76
10084230,3,87,-4,80
10084740,14,22,5,75
10085250,98,61,0,75
10085760,54,23,-2,77
10086270,62,43,6,71
10086780,81,81,-13,84
10087290,0,17,1,83
10087800,101,28,9,74
10088310,57,30,-3,77
10088820,82,50,4,73
10089330,5,88,-5,78
10089840,46,23,-6,84
10090350,74,43,6,78
10090860,99,81,1,77
10091370,28,43,-5,82
10091880,49,10,1,81
10092390,64,83,-3,84
10092900,85,19,6,78
10093410,59,39,-5,83
10093920,78,84,-4,87
10094430,99,20,8,79
10094940,55,40,-8,87
10095450,83,2,3,84
10095960,57,47,8,76
10096470,78,24,-3,79
10096980,74,101,-9,88
10097490,95,60,14,74
10098000,51,22,-6,80
10098510,79,42,6,74
10099020,2,22,3,71
10099530,1,61,-2,73
10100040,59,52,-5,78
10100550,84,35,3,75
10101060,7,14,-3,78
10101570,23,53,3,75
10102080,44,20,-5,80
10102590,72,40,5,75
10103100,97,60,-4,79
10103610,20,22,2,77
10104120,2,91,-3,80
10104630,13,26,3,77
10105140,97,95,-2,79
10105650,16,57,-7,86
10106160,15,40,9,77
10106670,10,7,-4,81
10107180,66,46,2,79
10107690,85,8,2,77
10108200,59,28,-2,79
10108710,84,48,2,77
10109220,7,86,-1,78
10109730,18,21,1,77
10110240,0,60,-2,79
10110750,10,51,4,75
10111260,9,64,-4,79
10111770,8,23,-1,80
10112280,3,62,3,77
10112790,2,89,-7,84
10113300,60,24,6,78
10113810,79,44,6,72
10114320,2,4,-8,80
10114830,58,15,3,77
10115340,73,17,4,73
10115850,69,44,-9,82
10116360,88,82,-1,83
10116870,7,44,7,76
10117380,6,57,-1,77
10117890,5,70,-2,79
10118400,4,97,3,76
10118910,15,32,-7,83
10119420,36,71,-1,84
10119930,57,30,5,79
10120440,76,50,4,75
10120950,95,88,-8,83
10121460,14,50,3,80
10121970,13,21,4,76
10122480,97,60,1,75
10122990,53,22,3,72
10123500,81,42,0,72
10124010,7,15,-7,79
10124520,91,54,1,78
10125030,20,16,-8,86
10125540,2,85,16,70
10126050,13,74,-8,78
10126560,12,33,2,76
10127070,7,0,-8,84
10127580,63,11,4,80
10128090,78,84,-9,89
10128600,99,46,11,78
10129110,55,26,6,72
10129620,74,46,-9,81
10130130,93,84,-3,84
10130640,54,46,-3,87
10131150,75,29,10,77
10131660,90,9,4,73
10132170,64,11,-7,80
10132680,79,13,4,76
10133190,75,33,-2,78
10133700,94,13,0,78
10134210,50,50,0,78
10134720,71,33,4,74
10135230,96,13,-4,78
10135740,52,33,3,75
10136250,71,53,-4,79
10136760,90,15,2,77
10137270,64,35,-1,78
10137780,92,55,8,70
10138290,48,92,-12,82
10138800,69,51,6,76
10139310,88,89,-5,81
10139820,7,51,5,76
10140330,6,42,-1,77
10140840,5,55,1,76
10141350,4,46,-4,80
10141860,3,59,4,76
10142370,2,50,-1,77
10142880,1,63,-1,78
10143390,59,54,1,77
10143900,78,31,-1,78
10144410,1,11,1,77
10144920,57,50,5,72
10145430,76,12,-2,74
10145940,72,32,1,73
10146450,28,12,-5,78
10146960,24,97,-3,81
10147470,35,56,0,81
10147980,56,15,1,80
10148490,71,35,6,74
10149000,90,15,0,74
10149510,64,35,-1,75
10150020,89,55,5,70
10150530,45,17,-10,80
10151040,41,37,-2,82
10151550,62,4,5,77
10152060,83,77,3,74
10152570,2,39,-2,76
10153080,1,52,-4,80
10153590,0,43,3,77
10154100,10,56,-1,78
10154610,9,18,3,75
10155120,93,57,-3,78
10155630,22,94,0,78
10156140,33,53,1,77
10156650,54,20,-2,79
10157160,73,40,8,71
10157670,98,77,-12,83
10158180,27,39,2,81
10158690,48,50,2,79
10159200,69,33,4,75
10159710,94,97,-7,82
10160220,13,59,-2,84
10160730,12,21,9,75
10161240,96,60,1,74
10161750,52,22,-3,77
10162260,77,42,4,73
10162770,0,79,-3,76
10163280,58,14,-1,77
10163790,73,34,2,75
10164300,98,14,-5,80
10164810,72,51,4,76
10165320,91,89,-2,78
10165830,10,10,-3,81
10166340,66,21,2,79
10166850,85,98,0,79
10167360,4,60,-3,82
10167870,3,51,1,81
10168380,2,64,6,75
10168890,60,55,-10,85
10169400,79,38,11,74
10169910,2,18,-4,78
10170420,58,57,0,78
10170930,77,40,6,72
10171440,60,13,-5,77
10171950,75,30,2,75
10172460,31,10,-7,82
10172970,92,79,6,76
10173480,59,41,-7,83
10173990,87,61,13,70
10174500,43,23,-11,81
10175010,71,43,5,76
10175520,96,5,0,76
10176030,70,25,-2,78
10176540,26,5,-1,79
10177050,82,74,2,77
10177560,11,36,-6,83
10178070,21,49,5,78
10178580,16,8,-2,80
10179090,100,77,10,70
10179600,56,39,-9,79
10180110,75,12,1,78
10180620,71,32,3,75
10181130,27,12,-9,84
10181640,23,81,0,84
10182150,33,40,3,81
10182660,54,7,9,72
10183170,69,27,-2,74
10183680,88,7,-9,83
10184190,62,27,8,75
10184700,87,7,-1,76
10185210,61,27,0,76
10185720,86,7,-1,77
10186230,60,27,0,77
10186740,85,55,5,72
10187250,41,92,-12,84
10187760,51,51,-1,85
10188270,72,34,7,78
10188780,91,14,1,77
10189290,65,51,0,77
10189800,84,13,-5,82
10190310,58,33,3,79
10190820,83,53,4,75
10191330,0,15,1,74
10191840,10,54,-10,84
10192350,20,67,4,80
10192860,19,26,4,76
10193370,1,65,-1,77
10193880,59,56,-3,80
10194390,78,18,5,75
10194900,74,38,-4,79
10195410,93,18,0,79
10195920,67,55,2,77
10196430,86,17,-4,81
10196940,42,37,-3,84
10197450,63,20,13,71
10197960,78,0,-14,85
10198470,52,20,10,75
10198980,8,40,-7,82
10199490,7,53,7,75
10200000,6,44,-5,80
10200510,5,57,-4,84
10201020,15,48,10,74
10201530,14,7,-8,82
10202040,70,76,-2,84
10202550,91,38,11,73
10203060,47,18,-4,77
10203570,75,38,-1,78
10204080,100,18,1,77
10204590,56,55,-2,79
10205100,77,32,2,77
10205610,0,12,5,72
10206120,56,51,-7,79
10206630,77,28,3,76
10207140,0,8,1,75
10207650,56,47,-4,79
10208160,75,14,7,72
10208670,49,31,-12,84
10209180,68,51,7,77
10209690,87,13,2,75
10210200,61,33,0,75
10210710,80,13,-3,78
10211220,54,33,2,76
10211730,73,53,0,76
10212240,92,15,6,70
10212750,48,35,-14,84
10213260,67,55,2,82
10213770,86,32,0,82
10214280,101,12,5,77
10214790,57,49,-2,79
10215300,76,26,4,75
10215810,72,6,0,75
10216320,68,23,-2,77
10216830,24,51,-7,84
10217340,19,18,7,77
10217850,40,87,-8,85
10218360,61,46,1,84
10218870,44,84,3,81
10219380,65,43,6,75
10219890,84,81,-6,81
10220400,3,43,-2,83
10220910,2,34,3,80
10221420,1,47,4,76
10221930,0,60,3,73
10222440,58,51,-10,83
10222950,79,13,2,81
10223460,53,33,-3,84
10223970,72,53,4,80
10224480,91,15,8,72
10224990,47,35,-12,84
10225500,66,18,11,73
10226010,62,95,-9,82
10226520,83,54,6,76
10227030,12,16,-2,78
10227540,96,27,-4,82
10228050,70,64,3,79
10228560,89,26,1,78
10229070,85,6,-4,82
10229580,59,43,4,78
10230090,78,81,-7,85
10230600,99,43,12,73
10231110,55,23,-3,76
10231620,70,98,-7,83
10232130,91,57,10,73
10232640,47,19,-6,79
10233150,66,39,3,76
10233660,85,77,-2,78
10234170,46,39,-6,84
10234680,65,22,9,75
10235190,80,2,-3,78
10235700,77,47,-4,82
10236210,96,85,3,79
10236720,25,47,1,78
10237230,20,14,-6,84
10237740,2,83,1,83
10238250,60,68,0,83
10238760,81,30,5,78
10239270,100,10,2,76
10239780,56,47,-5,81
10240290,75,30,11,70
10240800,100,10,0,70
10241310,56,47,-11,81
10241820,75,30,7,74
10242330,94,10,-3,77
10242840,68,47,-1,78
10243350,87,85,-5,83
10243860,48,47,1,82
10244370,69,30,4,78
10244880,88,10,-1,79
10245390,62,47,-2,81
10245900,81,9,2,79
10246410,55,29,0,79
10246920,74,49,-1,80
10247430,93,87,2,78
10247940,54,49,2,76
10248450,71,32,0,76
10248960,90,12,0,76
10249470,64,49,-6,82
10249980,83,53,8,74
10250490,0,15,-4,78
10251000,101,16,4,74
10251510,75,53,-1,75
10252020,94,15,-1,76
10252530,68,52,-2,78
10253040,87,14,4,74
10253550,61,34,-2,76
10254060,80,14,-6,82
10254570,54,34,-4,86
10255080,73,72,-2,88
10255590,94,8,7,81
10256100,68,45,2,79
10256610,87,83,-1,80
10257120,48,45,-6,86
10257630,67,28,11,75
10258140,86,8,-2,77
10258650,60,45,-6,83
10259160,79,49,3,80
10259670,98,87,3,77
10260180,27,49,-2,79
10260690,48,16,-3,82
10261200,67,36,12,70
10261710,86,16,-6,76
10262220,60,53,-14,90
10262730,79,36,12,78
10263240,2,16,2,76
10263750,58,22,2,74
10264260,77,42,-6,80
10264770,0,80,6,74
10265280,58,11,-6,80
10265790,85,39,9,71
10266300,2,19,-2,73
10266810,1,25,-1,74
10267320,0,26,8,66
10267830,101,39,-14,80
10268340,57,19,8,72
10268850,76,101,-6,78
10269360,97,60,4,74
10269870,53,22,-1,75
10270380,72,42,-4,79
10270890,91,80,-4,83
10271400,52,42,-3,86
10271910,71,25,16,70
10272420,46,5,-13,83
10272930,61,78,3,80
10273440,82,37,7,73
10273950,68,17,-3,76
10274460,87,99,-7,83
10274970,6,35,3,80
10275480,5,48,2,78
10275990,4,39,-4,82
10276500,60,52,0,82
10277010,79,35,7,75
10277520,2,15,-3,78
10278030,58,54,0,78
10278540,77,16,0,78
10279050,73,36,-2,80
10279560,92,16,1,79
10280070,48,53,-2,81
10280580,69,20,5,76
10281090,88,15,0,76
10281600,62,52,-8,84
10282110,81,14,3,81
10282620,96,34,3,78
10283130,92,14,0,78
10283640,66,51,-5,83
10284150,85,13,9,74
10284660,59,50,-6,80
10285170,78,33,6,74
10285680,1,13,-4,78
10286190,9,52,-2,80
10286700,8,43,3,77
10287210,7,56,1,76
10287720,6,47,-6,82
10288230,5,60,7,75
10288740,4,51,-1,76
10289250,3,64,4,72
10289760,2,55,-8,80
10290270,1,68,4,76
10290780,59,81,-1,77
10291290,80,40,-3,80
10291800,3,20,6,74
10292310,100,26,-8,82
10292820,74,63,3,79
10293330,93,25,7,72
10293840,67,62,-10,82
10294350,86,100,-9,91
10294860,5,25,14,77
10295370,0,31,6,71
10295880,101,44,-8,79
10296390,57,24,1,78
10296900,32,4,-1,79
10297410,28,73,-9,88
10297920,23,32,3,85
10298430,5,43,2,83
10298940,4,56,7,76
10299450,3,47,-5,81
10299960,61,60,-11,92
10300470,40,43,9,83
10300980,61,26,3,80
10301490,80,101,1,79
10302000,101,60,1,78
10302510,57,22,4,74
10303020,76,97,-6,80
10303530,97,56,8,72
10304040,53,36,-7,79
10304550,72,74,-8,87
10305060,93,10,14,73
10305570,67,47,2,71
10306080,86,9,-13,84
10306590,60,54,5,79
10307100,79,16,1,78
10307610,75,37,1,77
10308120,94,17,-7,84
10308630,68,54,10,74
10309140,87,16,-1,75
10309650,61,53,-2,77
10310160,80,15,0,77
10310670,95,0,-1,78
10311180,69,38,9,69
10311690,94,18,-6,75
10312200,68,55,-6,81
10312710,87,17,2,79
10313220,43,92,-5,84
10313730,48,51,2,82
10314240,69,34,3,79
10314750,88,14,0,79
10315260,62,51,-2,81
10315770,81,55,6,75
10316280,100,93,-1,76
10316790,61,55,-2,78
10317300,80,17,-1,79
10317810,76,92,-8,87
10318320,97,17,12,75
10318830,53,54,-4,79
10319340,74,37,5,74
10319850,93,17,-4,78
10320360,67,54,-4,82
10320870,86,16,6,76
10321380,42,53,-6,82
10321890,63,20,2,80
10322400,82,48,7,73
10322910,101,85,-4,77
10323420,30,47,2,75
10323930,51,14,-4,79
10324440,7,89,-5,84
10324950,18,24,0,84
10325460,0,35,8,76
10325970,101,48,3,73
10326480,57,28,-9,82
10326990,76,1,-5,87
10327500,50,46,5,82
10328010,69,29,11,71
10328520,88,9,-6,77
10329030,62,54,-2,79
10329540,81,16,-11,90
10330050,96,91,18,72
10330560,25,53,-11,83
10331070,46,20,2,81
10331580,74,89,-3,84
10332090,95,51,11,73
10332600,51,31,-5,78
10333110,70,100,-4,82
10333620,91,59,8,74
10334130,47,21,-4,78
10334640,3,90,-4,82
10335150,14,75,8,74
10335660,25,34,3,71
10336170,46,1,-13,84
10336680,5,74,1,83
10337190,4,87,5,78
10337700,62,12,-1,79
10338210,58,40,-3,82
10338720,77,13,2,80
10339230,29,58,1,79
10339740,50,17,2,77
10340250,46,86,-9,86
10340760,67,45,12,74
10341270,86,83,-3,77
10341780,49,45,-6,83
10342290,28,28,-6,89
10342800,37,97,9,80
10343310,47,56,-4,84
10343820,68,23,6,78
10344330,64,18,1,77
10344840,60,46,-5,82
10345350,79,29,9,73
10345860,35,9,-4,77
10346370,31,78,-7,84
10346880,41,37,2,82
10347390,62,20,8,74
10347900,58,0,-8,82
10348410,17,73,-4,86
10348920,12,32,2,84
10349430,7,101,1,83
10349940,18,36,3,80
10350450,13,43,2,78
10350960,8,56,-2,80
10351470,3,69,6,74
10351980,61,60,-6,80
10352490,82,43,2,78
10353000,11,23,3,75
10353510,6,62,-5,80
10354020,5,53,2,78
10354530,4,66,4,74
10355040,62,57,-5,79
10355550,83,40,2,77
10356060,39,29,-6,83
10356570,58,12,7,76
10357080,54,40,-5,81
10357590,73,23,9,72
10358100,69,18,-8,80
10358610,65,95,-2,82
10359120,86,54,6,76
10359630,42,16,-5,81
10360140,38,101,-4,85
10360650,48,60,1,84
10361160,69,43,12,72
10361670,25,81,-7,79
10362180,20,40,-1,80
10362690,15,23,3,77
10363200,99,13,6,71
10363710,55,50,-13,84
10364220,76,33,11,73
10364730,72,13,-8,81
10365240,68,58,-2,83
10365750,87,20,4,79
10366260,61,65,-1,80
10366770,82,48,6,74
10367280,11,75,-7,81
10367790,6,66,-1,82
10368300,5,79,8,74
10368810,63,64,-9,83
10369320,84,26,4,79
10369830,80,1,-7,86
10370340,54,46,4,82
10370850,73,29,9,73
10371360,69,9,-9,82
10371870,69,84,-5,87
10372380,90,9,17,70
10372890,64,46,-5,75
10373400,83,8,-3,78
10373910,57,53,-3,81
10374420,78,36,10,71
10374930,34,41,-10,81
10375440,55,24,-2,83
10375950,83,99,2,81
10376460,2,24,8,73
10376970,99,25,-5,78
10377480,73,62,3,75
10377990,2,24,-8,83
10378500,99,35,10,73
10379010,55,30,-6,79
10379520,51,3,-4,83
10380030,47,76,-5,88
10380540,68,38,13,75
10381050,24,76,-7,82
10381560,34,88,1,81
10382070,44,47,-3,84
10382580,65,30,10,74
10383090,61,10,-8,82
10383600,57,55,-1,83
10384110,52,38,-13,96
10384620,48,21,6,90
10385130,44,4,-1,91
10385640,65,49,12,79
10386150,84,11,-2,81
10386660,58,48,-2,83
10387170,77,31,11,72
10387680,33,11,-18,90
10388190,29,96,5,85
10388700,39,55,4,81
10389210,60,22,7,74
10389720,56,2,-14,88
10390230,87,75,15,73
10390740,16,37,-2,75
10391250,11,4,-6,81
10391760,67,15,9,72
10392270,63,43,-4,76
10392780,82,2,2,74
10393290,56,47,-9,83
10393800,77,30,9,74
10394310,73,10,-7,81
10394820,69,55,2,79
10395330,65,17,0,79
10395840,61,45,-11,90
10396350,62,49,10,80
10396860,81,32,7,73
10397370,4,12,-6,79
10397880,60,23,4,75
10398390,16,98,-12,87
10398900,27,33,11,76
10399410,48,46,-10,86
10399920,69,29,10,76
10400430,65,9,-6,82
10400940,61,54,-1,83
10401450,56,37,-1,84
10401960,52,75,-8,92
10402470,73,34,15,77
10402980,29,14,-5,82
10403490,25,99,1,81
10404000,36,58,-4,85
10404510,57,25,16,69
10405020,13,5,-14,83
10405530,69,74,8,75
10406040,90,36,2,73
10406550,46,16,-6,79
10407060,42,61,-10,89
10407570,63,44,4,85
10408080,82,27,8,77
10408590,78,22,-2,79
10409100,31,2,-2,81
10409610,92,87,-9,90
10410120,11,12,9,81
10410630,67,23,4,77
10411140,90,3,-7,84
10411650,64,48,2,82
10412160,92,52,5,77
10412670,48,37,-5,82
10413180,67,20,1,81
10413690,63,48,-4,85
10414200,60,52,1,84
10414710,81,35,11,73
10415220,37,15,-5,78
10415730,33,100,-1,79
10416240,44,59,-4,83
10416750,65,21,7,76
10417260,61,49,-4,80
10417770,80,53,9,71
10418280,36,15,-18,89
10418790,32,100,0,89
10419300,43,59,6,83
10419810,64,42,1,82
10420320,83,22,5,77
10420830,79,17,3,74
10421340,53,62,-8,82
10421850,74,47,3,79
10422360,30,85,-2,81
10422870,40,44,0,81
10423380,61,27,0,81
10423890,89,7,1,80
10424400,63,52,1,79
10424910,82,35,5,74
10425420,38,15,-10,84
10425930,66,100,4,80
10426440,87,59,5,75
10426950,16,21,-7,82
10427460,100,32,8,74
10427970,56,69,-15,89
10428480,77,52,11,78
10428990,96,14,-3,81
10429500,70,51,3,78
10430010,89,13,-2,80
10430520,63,50,-4,84
10431030,91,33,9,75
10431540,47,70,-8,83
10432050,68,32,7,76
10432560,64,12,-8,84
10433070,43,40,-4,88
10433580,64,23,12,76
10434090,60,3,-11,87
10434600,81,76,5,82
10435110,42,38,2,80
10435620,61,21,4,76
10436130,57,41,-7,83
10436640,76,79,3,80
10437150,97,4,5,75
10437660,71,42,2,73
10438170,90,80,-3,76
10438680,19,42,2,74
10439190,14,9,-9,83
10439700,70,20,9,74
10440210,66,15,-6,80
10440720,62,92,-7,87
10441230,83,51,12,75
10441740,12,78,-6,81
10442250,23,13,5,76
10442760,19,82,-9,85
10443270,30,41,6,79
10443780,51,8,3,76
10444290,66,36,-3,79
10444800,91,74,6,73
10445310,20,36,-8,81
10445820,41,43,-2,83
10446330,62,26,9,74
10446840,81,6,-4,78
10447350,55,51,-9,87
10447860,76,34,13,74
10448370,101,14,2,72
10448880,57,51,-16,88
10449390,78,34,12,76
10449900,1,14,6,70
10450410,57,53,-8,78
10450920,78,36,4,74
10451430,1,16,-8,82
10451940,57,17,8,74
10452450,53,45,-9,83
10452960,72,28,7,76
10453470,97,8,-1,77
10453980,71,45,-3,80
10454490,77,83,-2,82
10455000,98,45,3,79
10455510,27,25,-3,82
10456020,48,94,3,79
10456530,69,53,2,77
10457040,88,15,0,77
10457550,62,52,1,76
10458060,81,14,0,76
10458570,55,51,0,76
10459080,76,18,-5,81
10459590,72,46,1,80
10460100,28,84,-2,82
10460610,38,43,0,82
10461120,59,26,7,75
10461630,84,54,3,72
10462140,40,92,-4,76
10462650,51,51,-9,85
10463160,72,34,6,79
10463670,97,14,-3,82
10464180,71,51,8,74
10464690,90,13,-5,79
10465200,64,50,2,77
10465710,83,12,2,75
10466220,57,49,-6,81
10466730,76,32,7,74
10467240,101,12,-5,79
10467750,57,49,-2,81
10468260,78,32,8,73
10468770,74,12,-7,80
10469280,70,57,-2,82
10469790,89,95,0,82
10470300,8,57,4,78
10470810,7,70,0,78
10471320,2,61,2,76
10471830,60,74,-8,84
10472340,81,36,10,74
10472850,77,16,-1,75
10473360,51,1,-8,83
10473870,72,74,4,79
10474380,93,36,3,76
10474890,49,16,-2,78
10475400,45,36,-9,87
10475910,64,19,14,73
10476420,60,47,-9,82
10476930,79,51,-2,84
10477440,98,89,5,79
10477950,27,51,4,75
10478460,48,18,-4,79
10478970,44,87,-7,86
10479480,65,46,10,76
10479990,90,84,0,76
10480500,19,46,-3,79
10481010,14,29,1,78
10481520,35,98,-2,80
10482030,46,57,-9,89
10482540,67,19,10,79
10483050,63,47,-2,81
10483560,82,51,5,76
10484070,11,89,-2,78
10484580,22,24,3,75
10485090,43,93,-10,85
10485600,64,52,4,81
10486110,83,14,5,76
10486620,57,51,-1,77
10487130,76,34,3,74
10487640,101,14,1,73
10488150,57,51,-7,80
10488660,76,34,9,71
10489170,101,14,-2,73
10489680,57,51,-11,84
10490190,78,34,14,70
10490700,34,14,-10,80
10491210,30,83,-4,84
10491720,40,42,-1,85
10492230,61,25,8,77
10492740,86,45,-1,78
10493250,42,83,-6,84
10493760,63,42,1,83
10494270,91,80,-1,84
10494780,52,42,5,79
10495290,75,25,2,77
10495800,71,20,-1,78
10496310,67,15,3,75
10496820,63,43,-6,81
10497330,82,81,3,78
10497840,1,43,-4,82
10498350,0,56,8,74
10498860,101,47,-3,77
10499370,57,27,1,76
10499880,82,47,3,73
10500390,5,32,-6,79
10500900,4,45,0,79
10501410,3,58,-2,81
10501920,2,49,5,76
10502430,1,40,3,73
10502940,0,31,-3,76
10503450,101,32,0,76
10503960,57,27,-8,84
10504470,85,47,10,74
10504980,14,32,-10,84
10505490,9,39,6,78
10506000,4,52,2,76
10506510,101,43,-6,82
10507020,97,23,6,76
10507530,71,18,-8,84
10508040,86,46,12,72
10508550,42,26,-7,79
10509060,70,9,2,77
10509570,44,54,-13,90
10510080,65,21,15,75
10510590,61,49,-8,83
10511100,80,32,7,76
10511610,76,12,-5,81
10512120,72,29,2,79
10512630,28,9,-9,88
10513140,22,78,5,83
10513650,17,37,0,83
10514160,12,4,5,78
10514670,68,73,-1,79
10515180,24,35,3,76
10515690,45,2,-6,82
10516200,66,75,-7,89
10516710,87,60,17,72
10517220,43,22,-8,80
10517730,39,91,-5,85
10518240,34,50,2,83
10518750,55,17,8,75
10519260,51,45,-5,80
10519770,70,28,6,74
10520280,66,8,-12,86
10520790,62,81,-1,87
10521300,83,43,11,76
10521810,39,23,-4,80
10522320,67,92,-4,84
10522830,88,51,11,73
10523340,85,36,-3,76
10523850,8,31,-3,79
10524360,3,44,-3,82
10524870,2,57,3,79
10525380,1,70,1,78
10525890,12,83,-6,84
10526400,23,18,5,79
10526910,5,87,-5,84
10527420,16,22,7,77
10527930,100,61,3,74
10528440,56,13,-7,81
10528950,52,33,-1,82
10529460,71,53,4,78
10529970,96,91,-2,80
10530480,25,53,0,80
10530990,20,20,-1,81
10531500,41,89,0,81
10532010,51,48,-4,85
10532520,72,31,12,73
10533030,68,11,-7,80
10533540,64,39,-3,83
10534050,20,93,0,83
10534560,31,52,-4,87
10535070,52,19,9,78
10535580,80,39,7,71
10536090,76,19,-8,79
10536600,72,14,-3,82
10537110,68,42,1,81
10537620,64,80,-1,82
10538130,85,42,0,82
10538640,41,22,0,82
10539150,69,91,2,80
10539660,90,76,10,70
10540170,19,38,-7,77
10540680,14,5,-9,86
10541190,70,16,16,70
10541700,26,44,-7,77
10542210,47,11,-6,83
10542720,75,80,5,78
10543230,96,42,-5,83
10543740,92,22,11,72
10544250,66,59,-11,83
10544760,85,63,5,78
10545270,14,25,0,78
10545780,98,94,-4,82
10546290,17,56,7,75
10546800,12,18,-4,79
10547310,96,57,4,75
10547820,52,38,-3,78
10548330,71,5,1,77
10548840,67,50,-1,78
10549350,86,88,-8,86
10549860,5,13,8,78
10550370,61,52,-5,83
10550880,80,35,13,70
10551390,3,15,-8,78
10551900,59,54,-3,81
10552410,80,21,8,73
10552920,41,16,-11,84
10553430,69,85,7,77
10553940,90,10,-3,80
10554450,64,55,-1,81
10554960,92,17,5,76
10555470,66,62,-5,81
10555980,87,29,6,75
10556490,83,24,-6,81
10557000,79,19,8,73
10557510,75,14,-9,82
10558020,49,59,-4,86
10558530,70,42,2,84
10559040,89,96,0,84
10559550,8,21,11,73
10560060,3,60,0,73
10560570,2,51,-3,76
10561080,1,64,2,74
10561590,10,77,-4,78
10562100,5,66,2,76
10562610,4,57,1,75
10563120,3,48,1,74
10563630,2,39,-3,77
10564140,1,52,3,74
10564650,0,43,-4,78
10565160,10,34,-3,81
10565670,5,47,-3,84
10566180,4,60,9,75
10566690,3,87,-5,80
10567200,14,22,4,76
10567710,98,61,-1,77
10568220,54,88,0,77
10568730,75,47,-5,82
10569240,100,85,6,76
10569750,29,47,0,76
10570260,50,14,2,74
10570770,46,34,-12,86
10571280,47,17,4,82
10571790,75,62,10,72
10572300,36,24,-12,84
10572810,64,93,2,82
10573320,85,52,11,71
10573830,14,4,-11,82
10574340,70,73,0,82
10574850,91,100,4,78
10575360,10,25,-6,84
10575870,5,64,9,75
10576380,4,91,-4,79
10576890,15,26,2,77
10577400,36,33,-3,80
10577910,57,16,10,70
10578420,85,44,-7,77
10578930,14,24,2,75
10579440,11,31,-4,79
10579950,6,70,5,74
10580460,5,29,3,71
10580970,0,35,-9,80
10581480,101,26,7,73
10581990,57,53,-6,79
10582500,78,36,6,73
10583010,1,31,0,73
10583520,0,47,-6,79
10584030,101,60,-2,81
10584540,30,87,1,80
10585050,40,46,-7,87
10585560,25,13,3,84
10586070,81,82,6,78
10586580,0,7,4,74
10587090,56,46,-8,82
10587600,84,13,3,79
10588110,58,50,-5,84
10588620,86,33,10,74
10589130,82,28,2,72
10589640,78,23,-4,76
10590150,74,18,1,75
10590660,35,13,-8,83
10591170,38,98,1,82
10591680,49,57,2,80
10592190,70,24,6,74
10592700,95,19,-3,77
10593210,69,56,-2,79
10593720,88,60,3,76
10594230,17,22,-1,77
10594740,101,61,0,77
10595250,30,88,-6,83
10595760,41,47,2,81
10596270,62,77,6,75
10596780,83,39,-7,82
10597290,6,34,7,75
10597800,1,47,2,73
10598310,0,38,-7,80
10598820,101,51,4,76
10599330,24,31,-3,79
10599840,45,38,-1,80
10600350,64,21,8,72
10600860,83,16,-4,76
10601370,57,61,-2,78
10601880,78,28,-5,83
10602390,1,8,7,76
10602900,57,19,1,75
10603410,76,39,-1,76
10603920,101,19,-1,77
10604430,75,56,-4,81
10604940,4,18,9,72
10605450,60,57,-12,84
10605960,100,40,8,76
10606470,56,20,4,72
10606980,81,48,-5,77
10607490,4,0,-1,78
10608000,60,39,-7,85
10608510,88,84,9,76
10609020,46,9,-6,82
10609530,74,29,6,76
10610040,99,9,0,76
10610550,73,46,1,75
10611060,92,83,3,72
10611570,50,45,-7,79
10612080,71,28,3,76
10612590,90,8,3,73
10613100,64,45,-9,82
10613610,92,49,1,81
10614120,15,29,2,79
10614630,10,98,-3,82
10615140,21,33,3,79
10615650,42,0,-3,82
10616160,1,73,6,76
10616670,12,4,-6,82
10617180,68,15,5,77
10617690,64,43,-2,79
10618200,83,47,6,73
10618710,12,84,-10,83
10619220,23,73,0,83
10619730,33,35,4,79
10620240,54,18,1,78
10620750,82,38,4,74
10621260,11,18,-6,80
10621770,6,57,-1,81
10622280,5,48,0,81
10622790,69,39,6,75
10623300,88,19,-1,76
10623810,44,56,-5,81
10624320,65,23,4,77
10624830,84,3,-3,80
10625340,58,48,0,80
10625850,77,31,10,70
10626360,0,11,-4,74
10626870,56,50,-11,85
10627380,77,33,11,74
10627890,73,13,-9,83
10628400,69,58,2,81
10628910,88,62,8,73
10629420,17,66,-7,80
10629930,5,25,6,74
10630440,0,64,-2,76
10630950,10,55,-3,79
10631460,5,14,6,73
10631970,61,53,-10,83
10632480,62,36,5,78
10632990,90,101,-5,83
10633500,9,26,4,79
10634010,4,65,1,78
10634520,3,92,-5,83
10635030,14,27,8,75
10635540,9,34,-2,77
10636050,4,40,-5,82
10636560,101,53,8,74
10637070,57,33,0,74
10637580,76,53,-1,75
10638090,5,57,-2,77
10638600,15,48,-5,82
10639110,10,10,3,79
10639620,66,21,2,77
10640130,62,1,-2,79
10640640,83,74,-2,81
10641150,44,36,3,78
10641660,45,19,-3,81
10642170,73,64,3,78
10642680,101,26,4,74
10643190,57,11,-5,79
10643700,76,28,-1,80
10644210,37,23,1,79
10644720,56,6,-9,88
10645230,57,79,5,83
10645740,78,38,9,74
10646250,97,18,2,72
10646760,71,55,-3,75
10647270,32,17,-6,81
10647780,51,0,8,73
10648290,10,73,-10,83
10648800,5,32,8,75
10649310,0,38,-2,77
10649820,101,29,5,72
10650330,75,66,-5,77
10650840,36,70,-7,84
10651350,57,29,8,76
10651860,76,49,2,74
10652370,101,1,0,74
10652880,75,38,-2,76
10653390,94,18,-5,81
10653900,68,55,6,75
10654410,87,17,1,74
10654920,61,62,-11,85
10655430,82,45,11,74
10655940,11,25,0,74
10656450,6,64,-7,81
10656960,5,55,1,80
10657470,12,68,4,76
10657980,19,27,-6,82
10658490,40,66,-2,84
10659000,61,25,6,78
10659510,80,45,5,73
10660020,9,25,4,69
10660530,4,31,-7,76
10661040,68,37,5,71
10661550,87,99,-12,83
10662060,6,24,11,72
10662570,1,63,-6,78
10663080,11,13,-5,83
10663590,67,24,10,73
10664100,86,4,-1,74
10664610,60,49,-4,78
10665120,79,53,7,71
10665630,8,57,-6,77
10666140,3,7,-9,86
10666650,59,18,10,76
10667160,87,13,-1,77
10667670,61,50,-4,81
10668180,80,54,5,76
10668690,9,92,-10,86
10669200,65,27,4,82
10669710,84,55,9,73
10670220,13,92,-4,77
10670730,24,27,2,75
10671240,99,38,3,72
10671750,55,18,1,71
10672260,74,46,-6,77
10672770,93,84,1,76
10673280,22,46,-3,79
10673790,17,13,1,78
10674300,101,82,3,75
10674810,30,44,-3,78
10675320,51,11,-7,85
10675830,52,31,6,79
10676340,80,4,-8,87
10676850,54,49,0,87
10677360,49,32,1,86
10677870,68,15,9,77
10678380,64,43,-10,87
10678890,83,81,2,85
10679400,41,6,1,84
10679910,42,51,3,81
10680420,63,18,6,75
10680930,59,13,-1,76
10681440,55,41,-9,85
10681950,56,61,-1,86
10682460,77,5,1,85
10682970,51,50,3,82
10683480,52,33,1,81
10683990,80,37,13,68
10684500,36,17,-14,82
10685010,55,0,2,80
10685520,14,73,0,80
10686030,13,32,3,77
10686540,8,39,6,71
10687050,3,91,-6,77
10687560,14,76,-6,83
10688070,25,35,0,83
10688580,46,42,2,81
10689090,47,25,-3,84
10689600,75,94,4,80
10690110,96,53,5,75
10690620,25,65,-6,81
10691130,35,24,-3,84
10691640,54,7,6,78
10692150,55,80,-3,81
10692660,76,39,4,77
10693170,95,19,8,69
10693680,69,56,-14,83
10694190,88,60,12,71
10694700,17,22,-4,75
10695210,38,33,-8,83
10695720,57,16,8,75
10696230,85,36,3,72
10696740,2,90,-9,81
10697250,13,75,-2,83
10697760,24,89,6,77
10698270,35,48,-3,80
10698780,56,31,5,75
10699290,75,4,2,73
10699800,49,49,-15,88
10700310,50,32,7,81
10700820,78,52,1,80
10701330,97,90,0,80
10701840,26,25,1,79
10702350,21,94,0,79
10702860,32,53,1,78
10703370,53,20,-1,79
10703880,81,40,4,75
10704390,10,35,-3,78
10704900,5,41,1,77
10705410,0,54,1,76
10705920,10,45,-4,80
10706430,5,58,5,75
10706940,4,8,1,74
10707450,60,47,-5,79
10707960,79,30,4,75
10708470,2,25,-6,81
10708980,99,26,6,75
10709490,73,63,-4,79
10710000,101,25,0,79
10710510,75,62,6,73
10711020,94,24,-2,75
10711530,68,19,1,74
10712040,87,14,-13,87
10712550,88,59,18,69
10713060,17,21,-5,74
10713570,101,60,-6,80
10714080,57,97,1,79
10714590,78,72,-7,86
10715100,4,34,14,72
10715610,14,25,-6,78
10716120,9,64,-3,81
10716630,16,55,3,78
10717140,11,14,3,75
10717650,95,53,2,73
10718160,24,38,-7,80
10718670,45,5,-7,87
10719180,46,78,3,84
10719690,67,37,9,75
10720200,86,91,-7,82
10720710,5,26,5,77
10721220,0,65,4,73
10721730,10,15,-8,81
10722240,94,26,5,76
10722750,50,21,-3,79
10723260,78,41,4,75
10723770,7,21,-3,78
10724280,2,28,4,74
10724790,99,29,-1,75
10725300,55,24,1,74
10725810,83,78,-1,75
10726320,41,13,-3,78
10726830,37,82,-4,82
10727340,38,41,-1,83
10727850,39,24,2,81
10728360,58,7,0,81
10728870,73,80,-1,82
10729380,94,5,7,75
10729890,78,42,-5,80
10730400,97,79,5,75
10730910,26,41,-6,81
10731420,47,8,4,77
10731930,85,35,3,74
10732440,41,30,-12,86
10732950,42,13,4,82
10733460,70,33,9,73
10733970,26,28,-5,78
10734480,47,97,0,78
10734990,48,56,-2,80
10735500,69,23,1,79
10736010,88,18,5,74
10736520,62,55,-8,82
10737030,81,38,13,69
10737540,37,33,-7,76
10738050,38,16,-9,85
10738560,39,85,3,82
10739070,40,44,-3,85
10739580,61,11,5,80
10740090,62,84,-2,82
10740600,83,43,4,78
10741110,12,80,0,78
10741620,23,15,-3,81
10742130,19,84,4,77
10742640,30,43,-3,80
10743150,51,10,3,77
10743660,52,38,1,76
10744170,71,75,-5,81
10744680,92,60,5,76
10745190,21,80,-4,80
10745700,32,39,2,78
10746210,53,22,-6,84
10746720,81,42,11,73
10747230,4,37,-8,81
10747740,3,28,4,77
10748250,67,29,6,71
10748760,86,9,-9,80
10749270,60,54,1,79
10749780,88,37,4,75
10750290,44,17,-5,80
10750800,72,62,-3,83
10751310,100,47,3,80
10751820,56,27,10,70
10752330,75,55,-12,82
10752840,4,92,6,76
10753350,15,27,-2,78
10753860,10,34,1,77
10754370,5,40,5,72
10754880,4,91,-2,74
10755390,15,26,-3,77
10755900,10,65,-7,84
10756410,31,24,6,78
10756920,27,7,-8,86
10757430,83,92,6,80
10757940,78,17,-2,82
10758450,52,62,-2,84
10758960,73,47,7,77
10759470,92,84,-5,82
10759980,21,19,3,79
10760490,3,25,3,76
10761000,100,31,3,73
10761510,56,26,-5,78
10762020,84,46,7,71
10762530,13,31,-11,82
10763040,8,38,6,76
10763550,3,29,-2,78
10764060,2,30,7,71
10764570,1,31,-5,76
10765080,0,32,-3,79
10765590,101,83,0,79
10766100,30,45,4,75
10766610,51,12,-1,76
10767120,79,40,5,71
10767630,8,35,-6,77
10768140,7,74,-3,80
10768650,6,24,6,74
10769160,1,63,-3,77
10769670,0,54,-2,79
10770180,101,4,4,75
10770690,75,41,2,73
10771200,94,78,-1,74
10771710,23,40,-3,77
10772220,44,7,-2,79
10772730,3,80,6,73
10773240,14,76,-6,79
10773750,13,35,6,73
10774260,8,2,-6,79
10774770,64,41,2,77
10775280,92,78,0,77
10775790,21,13,-2,79
10776300,91,82,1,78
10776810,20,17,2,76
10777320,90,23,4,72
10777830,46,18,-6,78
10778340,74,38,3,75
10778850,88,33,1,74
10779360,17,28,-7,81
10779870,14,35,8,73
10780380,9,41,0,73
10780890,8,32,-9,82
10781400,3,33,10,72
10781910,2,34,3,69
10782420,1,85,-7,76
10782930,12,70,-6,82
10783440,11,20,3,79
10783950,8,27,1,78
10784460,3,33,2,76
10784970,2,40,1,75
10785480,1,31,-2,77
10785990,0,82,-6,83
10786500,101,67,4,79
10787010,30,52,2,77
10787520,51,19,-2,79
10788030,79,39,3,76
10788540,8,34,3,73
10789050,7,40,-8,81
10789560,6,31,4,77
10790070,1,32,-11,88
10790580,11,39,17,71
10791090,10,91,-5,76
10791600,21,26,-2,78
10792110,16,95,-6,84
10792620,27,30,6,78
10793130,48,13,-4,82
10793640,7,33,1,81
10794150,2,34,5,76
10794660,1,35,4,72
10795170,0,26,0,72
10795680,63,27,-4,76
10796190,88,55,5,71
10796700,17,7,-16,87
10797210,101,18,17,70
10797720,75,55,-14,84
10798230,1,92,0,84
10798740,12,77,3,81
10799250,0,36,7,74
10799760,101,87,2,72
10800270,30,12,-9,81
10800780,33,81,0,81
10801290,34,40,-7,88
10801800,55,23,7,81
10802310,83,43,5,76
10802820,97,80,0,76
10803330,26,42,-2,78
10803840,47,25,-4,82
10804350,75,45,8,74
10804860,94,82,-5,79
10805370,55,67,-6,85
10805880,76,52,8,77
10806390,5,90,-1,78
10806900,16,25,2,76
10807410,37,32,-6,82
10807920,58,15,6,76
10808430,73,88,-3,79
10808940,94,13,-1,80
10809450,68,50,2,78
10809960,87,87,-3,81
10810470,6,22,1,80
10810980,62,61,-3,83
10811490,83,98,6,77
10812000,2,23,-5,82
10812510,1,30,8,74
10813020,0,31,-1,75
10813530,101,32,1,74
10814040,75,27,1,73
10814550,94,22,-7,80
10815060,68,59,-1,81
10815570,96,44,6,75
10816080,52,29,-8,83
10816590,77,49,10,73
10817100,6,86,-10,83
10817610,17,21,4,79
10818120,101,32,4,75
10818630,57,27,0,75
10819140,82,55,2,73
10819650,11,92,-7,80
10820160,22,27,3,77
10820670,43,63,-4,81
10821180,64,52,1,80
10821690,83,35,7,73
10822200,12,30,-5,78
10822710,7,37,-1,79
10823220,6,4,-3,82
10823730,62,15,2,80
10824240,30,43,0,80
10824750,51,10,5,75
10825260,70,38,-1,76
10825770,95,75,-2,78
10826280,24,10,-4,82
10826790,6,79,-1,83
10827300,5,64,8,75
10827810,4,59,-2,77
10828320,3,50,-2,79
10828830,2,17,1,78
10829340,58,56,-1,79
10829850,86,39,3,76
10830360,15,34,-8,84
10830870,10,41,8,76
10831380,9,93,-10,86
10831890,20,28,9,77
10832400,41,35,1,76
10832910,60,18,2,74
10833420,28,13,-9,83
10833930,66,82,-6,89
10834440,87,17,10,79
10834950,61,54,0,79
10835460,89,37,4,75
10835970,45,32,-13,88
10836480,73,15,7,81
10836990,41,43,-10,91
10837500,62,21,8,83
10838010,30,16,1,82
10838520,100,85,2,80
10839030,29,70,-5,85
10839540,50,29,7,78
10840050,75,49,2,76
10840560,4,87,-4,80
10841070,15,72,-4,84
10841580,14,31,8,76
10842090,9,100,-9,85
10842600,20,35,5,80
10843110,41,2,-3,83
10843620,0,75,5,78
10844130,11,24,8,70
10844640,6,30,-3,73
10845150,1,36,0,73
10845660,0,27,-3,76
10846170,101,28,-2,78
10846680,75,65,-6,84
10847190,1,0,3,81
10847700,57,11,7,74
10848210,25,39,-8,82
10848720,46,6,-2,84
10849230,47,26,1,83
10849740,75,46,10,73
10850250,4,83,-3,76
10850760,62,68,-4,80
10851270,83,30,8,72
10851780,39,25,-9,81
10852290,58,8,6,75
10852800,26,81,-9,84
10853310,14,40,4,80
10853820,9,91,0,80
10854330,20,26,4,76
10854840,2,95,-2,78
10855350,13,80,0,78
10855860,24,39,-2,80
10856370,45,22,4,76
10856880,73,42,0,76
10857390,92,96,-7,83
10857900,11,31,17,66
10858410,6,37,-9,75
10858920,5,28,-1,76
10859430,0,34,-1,77
10859940,101,25,7,70
10860450,57,20,-9,79
10860960,82,40,7,72
10861470,11,35,-7,79
10861980,6,41,-3,82
10862490,5,92,0,82
10863000,16,27,4,78
10863510,13,38,-2,80
10864020,8,45,10,70
10864530,7,97,-8,78
10865040,18,32,6,72
10865550,13,101,-10,82
10866060,24,36,2,80
10866570,45,43,-3,83
10867080,46,26,-2,85
10867590,74,9,7,78
10868100,42,54,-6,84
10868610,63,37,11,73
10869120,88,74,-8,81
10869630,17,59,6,75
10870140,16,18,-1,76
10870650,100,24,-3,79
10871160,74,61,-2,81
10871670,35,98,-3,84
10872180,36,57,2,82
10872690,57,16,4,78
10873200,13,44,6,72
10873710,8,3,-9,81
10874220,64,14,5,76
10874730,83,34,0,76
10875240,6,29,-1,77
10875750,1,80,0,77
10876260,59,65,-2,79
10876770,80,50,3,76
10877280,42,88,-7,83
10877790,43,47,-2,85
10878300,64,30,10,75
10878810,89,25,4,71
10879320,45,20,-8,79
10879830,73,40,7,72
10880340,29,77,-12,84
10880850,24,36,2,82
10881360,45,3,3,79
10881870,4,76,-6,85
10882380,3,25,8,77
10882890,100,32,0,77
10883400,56,69,-8,85
10883910,77,54,6,79
10884420,6,91,3,76
10884930,87,26,-1,77
10885440,4,63,-5,82
10885950,3,54,-1,83
10886460,2,4,10,73
10886970,58,15,0,73
10887480,14,10,-11,84
10887990,70,79,3,81
10888500,91,64,3,78
10889010,20,101,-2,80
10889520,31,36,1,79
10890030,52,3,1,78
10890540,11,76,-2,80
10891050,10,65,-4,84
10891560,9,60,-1,85
10892070,8,55,7,78
10892580,7,50,-2,80
10893090,6,0,1,79
10893600,62,11,2,77
10894110,81,28,1,76
10894620,49,23,-7,83
10895130,77,80,-5,88
10895640,9,65,4,84
10896150,8,60,4,80
10896660,7,55,-1,81
10897170,14,50,0,81
10897680,13,38,0,81
10898190,8,5,0,81
10898700,64,16,4,77
10899210,32,93,-4,81
10899720,43,52,-1,82
10900230,64,35,4,78
10900740,89,92,-1,79
10901250,8,77,-3,82
10901760,19,66,-2,84
10902270,93,25,6,78
10902780,49,20,-2,80
10903290,74,40,3,77
10903800,99,35,5,72
10904310,55,30,-5,77
10904820,80,50,3,74
10905330,3,2,-5,79
10905840,59,13,1,78
10906350,84,33,5,73
10906860,7,28,0,73
10907370,2,34,-5,78
10907880,9,25,5,73
10908390,4,31,-4,77
10908900,85,37,0,77
10909410,8,32,2,75
10909920,3,101,-10,85
10910430,14,36,8,77
10910940,9,43,-2,79
10911450,8,49,2,77
10911960,7,44,1,76
10912470,6,35,0,76
10912980,1,26,0,76
10913490,0,27,-4,80
10914000,101,28,7,73
10914510,57,23,-5,78
10915020,82,43,5,73
10915530,5,81,-7,80
10916040,16,16,1,79
10916550,100,22,8,71
10917060,56,59,-5,76
10917570,77,42,-7,83
10918080,0,62,10,73
10918590,101,35,-8,81
10919100,24,30,5,76
10919610,19,99,-3,79
10920120,30,58,-5,84
10920630,51,25,4,80
10921140,76,45,4,76
10921650,101,82,-2,78
10922160,30,44,-4,82
10922670,51,11,7,75
10923180,70,31,-1,76
10923690,95,26,1,75
10924200,63,21,-2,77
10924710,88,41,8,69
10925220,44,36,-13,82
10925730,45,19,3,79
10926240,70,39,3,76
10926750,95,76,-3,79
10927260,24,80,1,78
10927770,34,39,-4,82
10928280,55,22,-1,83
10928790,80,42,12,71
10929300,9,37,-9,80
10929810,4,38,-4,84
10930320,85,89,0,84
10930830,4,14,8,76
10931340,60,53,-3,79
10931850,85,36,5,74
10932360,41,31,-6,80
10932870,60,14,4,76
10933380,79,42,-1,77
10933890,2,79,-1,78
10934400,92,64,1,77
10934910,21,101,-2,79
10935420,32,60,-5,84
10935930,53,19,8,76
10936440,78,39,3,73
10936950,1,34,-6,79
10937460,0,85,-1,80
10937970,11,70,-1,81
10938480,10,29,4,77
10938990,5,36,-7,84
10939500,12,87,3,81
10940010,23,22,6,75
10940520,5,91,-3,78
10941030,16,76,2,76
10941540,27,35,-4,80
10942050,48,42,-4,84
10942560,73,25,5,79
10943070,98,20,-6,85
10943580,54,57,6,79
10944090,55,40,-12,91
10944600,56,23,16,75
10945110,81,51,1,74
10945620,4,88,1,73
10946130,85,73,-7,80
10946640,14,77,4,76
10947150,25,36,-3,79
10947660,46,43,-2,81
10948170,47,26,-3,84
10948680,75,46,9,75
10949190,94,84,-4,79
10949700,23,34,12,67
10950210,18,1,-9,76
10950720,74,70,-7,83
10951230,6,55,-2,85
10951740,13,46,4,81
10952250,12,13,4,77
10952760,68,19,0,77
10953270,93,14,-1,78
10953780,49,51,-2,80
10954290,50,34,1,79
10954800,75,54,8,71
10955310,94,16,-9,80
10955820,55,53,1,79
10956330,83,36,6,73
10956840,6,31,-3,76
10957350,1,32,-2,78
10957860,0,23,5,73
10958370,101,24,5,68
10958880,57,61,-16,84
10959390,58,46,7,77
10959900,83,13,-1,78
10960410,44,58,2,76
10960920,65,25,-2,78
10961430,90,20,-2,80
10961940,51,57,-1,81
10962450,39,40,-2,83
10962960,40,23,-3,86
10963470,68,92,3,83
10963980,89,51,13,70
10964490,18,88,-3,73
10965000,29,47,-4,77
10965510,50,14,1,76
10966020,75,42,-1,77
10966530,100,79,5,72
10967040,29,38,-9,81
10967550,50,5,6,75
10968060,9,78,-7,82
10968570,20,63,2,80
10969080,30,22,-5,85
10969590,39,91,5,80
10970100,49,50,2,78
10970610,50,33,-3,81
10971120,75,53,3,78
10971630,100,91,-7,85
10972140,61,26,10,75
10972650,64,46,-3,78
10973160,89,83,1,77
10973670,50,8,-5,82
10974180,65,81,-1,83
10974690,86,66,6,77
10975200,9,1,1,76
10975710,65,7,-4,80
10976220,80,52,5,75
10976730,9,90,-5,80
10977240,20,25,0,80
10977750,41,64,-2,82
10978260,62,23,6,76
10978770,87,18,-1,77
10979280,48,55,-7,84
10979790,43,38,1,83
10980300,44,21,0,83
10980810,72,41,11,72
10981320,97,78,-6,78
10981830,26,53,2,76
10982340,47,20,5,71
10982850,72,40,-7,78
10983360,97,35,2,76
10983870,53,30,-7,83
10984380,78,50,3,80
10984890,1,87,-1,81
10985400,12,72,2,79
10985910,19,31,2,77
10986420,14,100,-2,79
10986930,25,35,-1,80
10987440,20,42,4,76
10987950,15,9,-5,81
10988460,99,78,4,77
10988970,28,13,-4,81
10989480,98,82,4,77
10989990,27,62,1,76
10990500,22,21,-10,86
10991010,17,90,2,84
10991520,28,25,0,84
10992030,23,94,-1,85
10992540,34,53,5,80
10993050,55,20,0,80
10993560,80,40,8,72
10994070,3,35,-8,80
10994580,10,26,3,77
10995090,5,33,-4,81
10995600,12,34,6,75
10996110,7,1,-11,86
10996620,63,12,9,77
10997130,78,32,3,74
10997640,1,27,-7,81
10998150,98,28,4,77
10998660,77,23,-5,82
10999170,0,18,6,76
10999680,8,57,-6,82
11000190,15,52,2,80
11000700,10,19,2,78
11001210,5,58,-6,84
11001720,12,23,7,77
11002230,7,62,1,76
11002740,6,21,3,73
11003250,1,60,-7,80
11003760,8,51,-6,86
11004270,15,42,4,82
11004780,10,9,11,71
11005290,94,78,-5,76
11005800,23,37,0,76
11006310,18,4,-8,84
11006820,7,73,6,78
11007330,14,23,3,75
11007840,9,30,-8,83
11008350,4,99,3,80
11008860,15,34,-4,84
11009370,10,57,5,79
11009880,17,16,-2,81
11010390,101,22,3,78
11010900,75,59,0,78
11011410,100,60,1,77
11011920,29,40,-8,85
11012430,50,7,5,80
11012940,78,80,-6,86
11013450,10,15,4,82
11013960,77,54,4,78
11014470,0,92,-2,80
11014980,11,77,4,76
11015490,22,36,2,74
11016000,17,3,-12,86
11016510,8,72,8,78
11017020,15,57,0,78
11017530,10,57,-9,87
11018040,17,70,8,79
11018550,24,29,-6,85
11019060,45,98,5,80
11019570,46,57,-7,87
11020080,67,24,4,83
11020590,92,44,7,76
11021100,48,39,-10,86
11021610,76,22,13,73
11022120,101,17,2,71
11022630,57,54,-11,82
11023140,85,39,15,67
11023650,8,34,-15,82
11024160,3,35,8,74
11024670,100,36,-4,78
11025180,87,31,9,69
11025690,10,26,-6,75
11026200,5,65,-3,78
11026710,0,56,-1,79
11027220,7,51,-4,83
11027730,14,42,3,80
11028240,9,9,-2,82
11028750,65,20,10,72
11029260,90,15,-4,76
11029770,64,35,-8,84
11030280,89,30,5,79
11030790,12,25,1,78
11031300,7,64,0,78
11031810,2,59,3,75
11032320,12,50,-5,80
11032830,7,45,3,77
11033340,2,36,-3,80
11033850,90,27,-3,83
11034360,13,22,7,76
11034870,8,61,-2,78
11035380,3,20,4,74
11035890,100,59,-1,75
11036400,29,44,-7,82
11036910,50,11,6,76
11037420,75,84,-3,79
11037930,96,19,9,70
11038440,70,56,-11,81
11038950,95,93,1,80
11039460,56,28,9,71
11039970,81,48,-8,79
11040480,4,85,0,79
11040990,15,74,0,79
11041500,22,33,6,73
11042010,43,92,-12,85
11042520,64,51,3,82
11043030,89,55,7,75
11043540,18,92,-2,77
11044050,29,51,-3,80
11044560,50,18,0,80
11045070,78,38,6,74
11045580,1,33,-2,76
11046090,8,84,0,76
11046600,19,19,-5,81
11047110,14,58,6,75
11047620,9,17,-5,80
11048130,4,23,6,74
11048640,101,29,5,69
11049150,57,24,-9,78
11049660,82,44,3,75
11050170,5,81,-3,78
11050680,16,70,-2,80
11051190,11,29,2,78
11051700,6,35,2,76
11052210,16,26,0,76
11052720,11,33,-6,82
11053230,6,39,8,74
11053740,1,91,0,74
11054250,12,76,-4,78
11054760,19,35,-2,80
11055270,14,2,-3,83
11055780,70,71,-2,85
11056290,95,56,11,74
11056800,18,93,-5,79
11057310,29,52,5,74
11057820,50,11,-1,75
11058330,75,31,2,73
11058840,100,26,-1,74
11059350,74,21,0,74
11059860,89,16,-3,77
11060370,12,36,-5,82
11060880,7,37,3,79
11061390,2,43,2,77
11061900,12,10,2,75
11062410,96,21,-1,76
11062920,70,58,-8,84
11063430,95,95,5,79
11063940,14,30,2,77
11064450,9,99,-4,81
11064960,90,34,5,76
11065470,13,29,4,72
11065980,8,98,-7,79
11066490,19,33,2,77
11067000,40,0,-6,83
11067510,101,73,2,81
11068020,30,8,2,79
11068530,33,77,-4,83
11069040,28,36,-2,85
11069550,49,3,3,82
11070060,64,76,1,81
11070570,85,61,5,76
11071080,8,98,-2,78
11071590,19,33,-3,81
11072100,40,0,1,80
11072610,101,73,3,77
11073120,24,32,-3,80
11073630,45,101,-4,84
11074140,55,60,3,81
11074650,76,27,9,72
11075160,101,22,-8,80
11075670,57,59,1,79
11076180,82,42,5,74
11076690,5,37,-2,76
11077200,0,38,1,75
11077710,7,32,-2,77
11078220,2,83,-5,82
11078730,13,32,0,82
11079240,8,39,6,76
11079750,43,91,-8,84
11080260,53,50,-2,86
11080770,78,33,15,71
11081280,1,28,-3,74
11081790,8,79,-7,81
11082300,19,14,-3,84
11082810,1,20,3,81
11083320,39,59,-2,83
11083830,60,26,10,73
11084340,85,21,-1,74
11084850,59,41,-9,83
11085360,84,8,4,79
11085870,58,53,-3,82
11086380,83,36,10,72
11086890,6,31,-5,77
11087400,1,32,6,71
11087910,8,101,-11,82
11088420,19,36,2,80
11088930,14,3,-2,82
11089440,70,9,-2,84
11089950,85,82,4,80
11090460,4,18,2,78
11090970,60,57,-6,84
11091480,85,42,12,72
11091990,8,37,-11,83
11092500,3,4,7,76
11093010,59,43,-4,80
11093520,84,47,7,73
11094030,7,42,-11,84
11094540,17,93,7,77
11095050,28,28,-9,86
11095560,49,97,12,74
11096070,70,56,-8,82
11096580,95,93,7,75
11097090,14,28,-1,76
11097600,9,67,-4,80
11098110,16,17,0,80
11098620,100,56,9,71
11099130,29,93,-9,80
11099640,39,52,-2,82
11100150,60,19,4,78
11100660,85,39,3,75
11101170,8,19,0,75
11101680,3,58,-1,76
11102190,100,47,1,75
11102700,56,27,1,74
11103210,81,47,-3,77
11103720,4,101,-1,78
11104230,85,36,0,78
11104740,8,16,6,72
11105250,3,55,-9,81
11105760,10,5,-2,83
11106270,66,16,10,73
11106780,91,36,0,73
11107290,14,16,-5,78
11107800,98,22,2,76
11108310,54,59,-3,79
11108820,75,48,5,74
11109330,100,85,-6,80
11109840,29,10,-7,87
11110350,32,95,5,82
11110860,42,54,-2,84
11111370,63,37,8,76
11111880,88,16,-2,78
11112390,62,61,1,77
11112900,90,88,-3,80
11113410,9,13,2,78
11113920,93,19,5,73
11114430,67,56,-3,76
11114940,92,93,-7,83
11115450,11,28,7,76
11115960,6,67,-2,78
11116470,13,17,1,77
11116980,97,28,4,73
11117490,84,23,0,73
11118000,99,18,0,73
11118510,55,55,-10,83
11119020,76,38,10,73
11119530,101,18,2,71
11120040,57,55,-15,86
11120550,85,38,6,80
11121060,8,9,0,80
11121570,64,20,7,73
11122080,89,15,-2,75
11122590,63,60,-6,81
11123100,91,43,8,73
11123610,14,23,-6,79
11124120,98,30,6,73
11124630,77,25,0,73
11125140,0,20,-4,77
11125650,64,21,5,72
11126160,89,41,0,72
11126670,12,21,-5,77
11127180,96,28,6,71
11127690,9,23,-14,85
11128200,4,30,13,72
11128710,101,31,-2,74
11129220,88,26,2,72
11129730,1,21,1,71
11130240,57,22,-6,77
11130750,82,42,3,74
11131260,5,22,5,69
11131770,0,28,-3,72
11132280,10,29,-11,83
11132790,5,68,3,80
11133300,12,18,2,78
11133810,7,57,-6,84
11134320,85,7,5,79
11134830,59,52,-2,81
11135340,87,35,4,77
11135850,10,15,3,74
11136360,5,54,-6,80
11136870,12,81,5,75
11137380,93,70,-7,82
11137890,22,6,2,80
11138400,60,91,-5,85
11138910,81,50,14,71
11139420,10,88,-8,79
11139930,91,23,6,73
11140440,4,18,-4,77
11140950,60,57,-1,78
11141460,81,40,3,75
11141970,4,20,-2,77
11142480,60,59,-8,85
11142990,37,42,4,81
11143500,58,9,5,76
11144010,73,82,0,76
11144520,94,7,-4,80
11145030,68,52,-3,83
11145540,93,90,10,73
11146050,12,15,-4,77
11146560,96,54,2,75
11147070,70,34,-1,76
11147580,95,14,1,75
11148090,69,51,-7,82
11148600,94,89,1,81
11149110,52,24,1,80
11149620,77,44,7,73
11150130,0,81,-1,74
11150640,81,66,-5,79
11151150,4,93,-2,81
11151660,85,28,8,73
11152170,100,23,-1,74
11152680,85,60,-7,81
11153190,8,98,-5,86
11153700,89,33,16,70
11154210,2,28,-3,73
11154720,83,29,-2,75
11155230,6,24,-3,78
11155740,1,63,-2,80
11156250,11,15,3,77
11156760,95,100,-1,78
11157270,14,25,1,77
11157780,98,64,3,74
11158290,27,101,0,74
11158800,38,60,-14,88
11159310,59,27,10,78
11159820,84,7,1,77
11160330,58,52,-6,83
11160840,86,35,12,71
11161350,101,30,-3,74
11161860,75,57,-4,78
11162370,4,7,6,72
11162880,60,46,-9,81
11163390,96,31,10,71
11163900,52,26,-7,78
11164410,80,46,3,75
11164920,3,83,-7,82
11165430,84,68,7,75
11165940,13,18,3,72
11166450,97,57,-1,73
11166960,26,42,-6,79
11167470,47,9,0,79
11167980,62,29,3,76
11168490,77,49,-7,83
11169000,0,87,3,80
11169510,81,18,5,75
11170020,96,63,1,74
11170530,25,48,-2,76
11171040,46,15,-3,79
11171550,61,35,0,79
11172060,86,8,5,74
11172570,60,53,-3,77
11173080,88,36,7,70
11173590,1,16,-6,76
11174100,57,27,1,75
11174610,72,50,0,75
11175120,1,88,-10,85
11175630,82,19,10,75
11176140,56,64,-13,88
11176650,77,47,15,73
11177160,6,84,-12,85
11177670,87,19,8,77
11178180,0,27,3,74
11178690,10,28,0,74
11179200,5,67,-5,79
11179710,15,94,3,76
11180220,26,29,-5,81
11180730,47,98,1,80
11181240,26,57,-3,83
11181750,47,16,8,75
11182260,62,36,-5,80
11182770,90,74,0,80
11183280,19,101,-2,82
11183790,30,36,-1,83
11184300,51,3,3,80
11184810,66,76,-3,83
11185320,87,1,2,81
11185830,61,46,1,80
11186340,89,66,6,74
11186850,18,28,-1,75
11187360,0,39,-2,77
11187870,10,27,4,73
11188380,5,66,-1,74
11188890,0,93,-9,83
11189400,81,24,6,77
11189910,96,101,-2,79
11190420,15,26,0,79
11190930,36,41,0,79
11191440,57,24,3,76
11191950,82,44,4,72
11192460,11,24,-12,84
11192970,32,63,4,80
11193480,53,22,-8,88
11193990,81,42,18,70
11194500,37,37,-15,85
11195010,58,20,7,78
11195520,73,40,3,75
11196030,98,78,-5,80
11196540,27,3,5,75
11197050,88,88,-3,78
11197560,49,13,-6,84
11198070,64,33,9,75
11198580,79,53,1,74
11199090,8,91,-5,79
11199600,89,26,0,79
11200110,2,21,-1,80
11200620,99,28,4,76
11201130,78,36,0,76
11201640,93,31,-1,77
11202150,72,11,-4,81
11202660,46,56,3,78
11203170,67,23,5,73
11203680,82,18,-1,74
11204190,97,63,0,74
11204700,53,18,-1,75
11205210,68,38,1,74
11205720,83,33,2,72
11206230,98,13,-2,74
11206740,54,50,-11,85
11207250,82,33,12,73
11207760,38,13,-12,85
11208270,53,33,4,81
11208780,81,53,5,76
11209290,10,5,-1,77
11209800,94,16,2,75
11210310,68,53,-2,77
11210820,87,80,2,75
11211330,45,5,-4,79
11211840,60,78,-4,83
11212350,81,3,8,75
11212860,55,48,-4,79
11213370,74,31,8,71
11213880,89,11,-4,75
11214390,63,56,-5,80
11214900,88,39,5,75
11215410,1,19,-2,77
11215920,11,20,5,72
11216430,95,27,-8,80
11216940,74,22,-2,82
11217450,89,99,0,82
11217960,8,24,-1,83
11218470,92,25,8,75
11218980,71,20,-10,85
11219490,86,40,16,69
11220000,21,20,-13,82
11220510,3,26,2,80
11221020,84,27,6,74
11221530,99,22,-4,78
11222040,73,59,0,78
11222550,98,86,-2,80
11223060,56,11,4,76
11223570,71,31,4,72
11224080,86,26,-5,77
11224590,65,21,6,71
11225100,80,16,-7,78
11225610,95,61,2,76
11226120,24,41,-7,83
11226630,45,8,0,83
11227140,60,28,5,78
11227650,85,48,5,73
11228160,14,43,-8,81
11228670,2,30,1,80
11229180,83,31,8,72
11229690,39,26,-11,83
11230200,58,9,7,76
11230710,73,82,-4,80
11231220,94,7,1,79
11231730,68,52,1,78
11232240,93,2,4,74
11232750,67,75,-6,80
11233260,88,0,1,79
11233770,62,45,2,77
11234280,81,83,-4,81
11234790,42,8,0,81
11235300,57,28,6,75
11235810,82,48,-4,79
11236320,8,0,2,77
11236830,64,11,0,77
11237340,79,28,5,72
11237850,94,23,-6,78
11238360,68,60,-5,83
11238870,93,87,0,83
11239380,51,12,5,78
11239890,66,32,5,73
11240400,91,27,4,69
11240910,47,22,-10,79
11241420,75,42,3,76
11241930,100,79,-2,78
11242440,29,29,-3,81
11242950,99,98,-8,89
11243460,57,23,12,77
11243970,47,43,-10,87
11244480,75,26,13,74
11244990,90,21,-10,84
11245500,3,41,5,79
11246010,13,92,-4,83
11246520,94,81,1,82
11247030,23,6,-2,84
11247540,5,75,5,79
11248050,15,25,3,76
11248560,99,31,-2,78
11249070,78,26,0,78
11249580,93,21,3,75
11250090,6,16,-4,79
11250600,1,55,3,76
11251110,11,5,-9,85
11251620,67,16,9,76
11252130,82,44,4,72
11252640,11,39,-9,81
11253150,6,90,0,81
11253660,87,40,6,75
11254170,10,20,-3,78
11254680,5,31,-4,82
11255190,86,83,-2,84
11255700,47,8,6,78
11256210,62,28,3,75
11256720,87,48,2,73
11257230,16,28,-9,82
11257740,100,35,11,71
11258250,56,30,-8,79
11258760,81,50,12,67
11259270,4,5,-12,79
11259780,79,16,-2,81
11260290,94,36,6,75
11260800,50,31,-4,79
11261310,75,51,-1,80
11261820,100,1,3,77
11262330,74,46,4,73
11262840,99,83,-12,85
11263350,60,33,8,77
11263860,85,53,5,72
11264370,14,90,-10,82
11264880,95,25,12,70
11265390,51,20,-15,85
11265900,79,40,15,70
11266410,2,35,-6,76
11266920,12,36,-1,77
11267430,7,37,6,71
11267940,2,38,0,71
11268450,12,90,-10,81
11268960,23,25,2,79
11269470,5,94,-7,86
11269980,86,79,8,78
11270490,47,4,-2,80
11271000,6,77,-5,85
11271510,17,26,5,80
11272020,101,95,-1,81
11272530,62,20,4,77
11273040,87,55,4,73
11273550,43,7,-2,75
11274060,58,80,-5,80
11274570,79,69,-5,85
11275080,2,52,8,77
11275590,12,2,-6,83
11276100,96,13,14,69
11276610,52,58,-15,84
11277120,53,41,3,81
11277630,81,61,4,77
11278140,4,11,1,76
11278650,68,17,-3,79
11279160,83,45,-3,82
11279670,6,40,2,80
11280180,16,41,1,79
11280690,11,28,0,79
11281200,6,51,-4,83
11281710,16,1,-3,86
11282220,75,26,6,80
11282730,100,21,-1,81
11283240,74,58,7,74
11283750,99,8,-7,81
11284260,73,53,4,77
11284770,98,3,-7,84
11285280,72,48,7,77
11285790,97,86,-5,82
11286300,58,36,7,75
11286810,83,56,-2,77
11287320,6,94,-5,82
11287830,87,29,8,74
11288340,66,24,0,74
11288850,22,44,-11,85
11289360,17,11,8,77
11289870,101,17,-3,80
11290380,75,54,4,76
11290890,100,4,0,76
11291400,74,41,2,74
11291910,99,36,-1,75
11292420,55,31,-1,76
11292930,80,51,-1,77
11293440,3,88,0,77
11293950,84,19,2,75
11294460,99,14,-1,76
11294970,55,21,-5,81
11295480,80,41,10,71
11295990,3,36,-5,76
11296500,67,88,-16,92
11297010,88,13,14,78
11297520,1,58,1,77
11298030,11,8,-1,78
11298540,95,19,1,77
11299050,69,56,-2,79
11299560,94,101,-1,80
11300070,13,26,3,77
11300580,10,32,7,70
11301090,5,33,-9,79
11301600,93,34,13,66
11302110,49,29,-15,81
11302620,77,2,0,81
11303130,29,47,-1,82
11303640,50,30,4,78
11304150,75,50,1,77
11304660,100,2,0,77
11305170,74,47,0,77
11305680,99,84,-3,80
11306190,28,9,5,75
11306700,89,29,-5,80
11307210,2,49,2,78
11307720,12,101,-1,79
11308230,93,36,3,76
11308740,49,31,-1,77
11309250,74,51,-1,78
11309760,99,89,2,76
11310270,57,14,3,73
11310780,72,31,-2,75
11311290,97,91,-7,82
11311800,55,16,3,79
11312310,70,36,4,75
11312820,95,56,2,73
11313330,51,51,-14,87
11313840,52,34,13,74
11314350,77,54,-3,77
11314860,33,92,-4,81
11315370,43,51,4,77
11315880,38,18,-6,83
11316390,63,38,7,76
11316900,88,58,4,72
11317410,44,8,-4,76
11317920,3,28,-2,78
11318430,67,29,0,78
11318940,92,57,3,75
11319450,48,94,-9,84
11319960,43,53,1,83
11320470,64,20,5,78
11320980,89,48,4,74
11321490,12,43,-3,77
11322000,7,95,0,77
11322510,88,45,7,70
11323020,44,40,-18,88
11323530,45,23,8,80
11324040,70,43,4,76
11324550,95,81,-5,81
11325060,24,31,5,76
11325570,45,100,-5,81
11326080,46,59,-5,86
11326590,67,26,11,75
11327100,92,54,3,72
11327610,48,49,-12,84
11328120,49,32,0,84
11328630,77,52,6,78
11329140,0,2,3,75
11329650,56,13,0,75
11330160,71,33,1,74
11330670,96,13,-4,78
11331180,52,58,-2,80
11331690,73,41,0,80
11332200,98,61,4,76
11332710,54,41,-3,79
11333220,79,61,-2,81
11333730,2,62,6,75
11334240,12,12,-10,85
11334750,96,18,8,77
11335260,52,63,-12,89
11335770,73,46,15,74
11336280,98,98,-4,78
11336790,59,23,4,74
11337300,84,51,6,68
11337810,7,31,-11,79
11338320,95,32,12,67
11338830,51,27,-14,81
11339340,76,47,4,77
11339850,101,99,1,76
11340360,20,24,-6,82
11340870,2,30,8,74
11341380,99,31,-2,76
11341890,55,26,-4,80
11342400,80,46,0,80
11342910,3,41,-2,82
11343420,67,32,7,75
11343930,92,27,-5,80
11344440,71,22,3,77
11344950,39,17,-7,84
11345460,54,37,7,77
11345970,79,57,1,76
11346480,35,7,-8,84
11346990,96,82,-5,89
11347500,57,32,15,74
11348010,82,52,-4,78
11348520,38,32,-5,83
11349030,64,101,1,82
11349540,85,60,6,76
11350050,41,10,-6,82
11350560,0,30,11,71
11351070,10,31,-6,77
11351580,5,32,-4,81
11352090,69,33,5,76
11352600,94,28,-6,82
11353110,73,23,4,78
11353620,88,51,5,73
11354130,44,88,-13,86
11354640,65,47,3,83
11355150,90,67,7,76
11355660,46,17,-5,81
11356170,61,37,3,78
11356680,76,10,0,78
11357190,91,30,0,78
11357700,70,25,3,75
11358210,26,20,-9,84
11358720,96,89,6,78
11359230,89,14,1,77
11359740,63,59,-9,86
11360250,75,42,10,76
11360760,31,62,-10,86
11361270,52,29,6,80
11361780,77,49,3,77
11362290,0,101,0,77
11362800,81,51,1,76
11363310,37,1,-4,80
11363820,98,74,2,78
11364330,54,24,0,78
11364840,79,44,2,76
11365350,2,39,-1,77
11365860,12,40,-5,82
11366370,7,41,2,80
11366880,17,42,-1,81
11367390,12,9,0,81
11367900,96,20,3,78
11368410,52,65,-6,84
11368920,73,32,10,74
11369430,88,12,0,74
11369940,62,57,-10,84
11370450,77,40,8,76
11370960,0,35,-3,79
11371470,10,36,3,76
11371980,20,37,0,76
11372490,41,4,-4,80
11373000,0,77,-2,82
11373510,26,26,-2,84
11374020,8,32,17,67
11374530,3,33,-16,83
11375040,84,34,13,70
11375550,40,29,-18,88
11376060,66,12,6,82
11376570,81,29,8,74
11377080,96,24,-3,77
11377590,52,26,-5,82
11378100,67,46,3,79
11378610,92,19,6,73
11379120,48,27,-14,87
11379630,76,47,12,75
11380140,32,99,-2,77
11380650,42,58,-10,87
11381160,63,25,13,74
11381670,78,20,-4,78
11382180,93,40,1,77
11382690,49,35,-8,85
11383200,74,18,7,78
11383710,30,20,-3,81
11384220,100,89,0,81
11384730,61,14,4,77
11385240,76,42,-3,80
11385750,32,37,1,79
11386260,53,4,2,77
11386770,68,77,-1,78
11387280,89,62,0,78
11387790,45,12,-1,79
11388300,60,32,3,76
11388810,85,52,4,72
11389320,41,2,-11,83
11389830,56,75,2,81
11390340,77,37,9,72
11390850,33,32,-13,85
11391360,54,15,9,76
11391870,69,35,4,72
11392380,94,30,1,71
11392890,50,5,-9,80
11393400,9,78,4,76
11393910,90,28,-8,84
11394420,69,23,9,75
11394930,25,100,-1,76
11395440,36,59,-11,87
11395950,57,26,13,74
11396460,72,5,-5,79
11396970,24,78,2,77
11397480,34,37,-7,84
11397990,55,4,3,81
11398500,70,77,2,79
11399010,91,2,-4,83
11399520,65,47,10,73
11400030,90,99,-9,82
11400540,9,24,8,74
11401050,4,25,-1,75
11401560,14,26,-6,81
11402070,11,32,3,78
11402580,6,39,3,75
11403090,87,40,-5,80
11403600,43,20,-5,85
11404110,68,40,7,78
11404620,24,35,3,75
11405130,16,2,-3,78
11405640,100,71,6,72
11406150,56,83,-10,82
11406660,77,42,10,72
11407170,33,37,-13,85
11407680,54,4,4,81
11408190,69,77,1,80
11408700,90,2,-3,83
11409210,64,47,8,75
11409720,83,14,-4,79
11410230,57,59,-1,80
11410740,78,42,2,78
11411250,34,37,-8,86
11411760,55,4,5,81
11412270,14,77,5,76
11412780,95,36,1,75
11413290,51,16,-3,78
11413800,7,36,-9,87
11414310,17,37,7,80
11414820,12,4,2,78
11415330,96,73,2,76
11415840,52,23,-2,78
11416350,77,43,1,77
11416860,33,23,-10,87
11417370,52,92,3,84
11417880,73,51,12,72
11418390,98,1,-14,86
11418900,72,74,6,80
11419410,93,101,-1,81
11419920,12,10,0,81
11420430,96,100,1,80
11420940,15,25,2,78
11421450,10,32,2,76
11421960,20,33,1,75
11422470,41,0,-9,84
11422980,0,73,-1,85
11423490,10,23,6,79
11424000,5,34,5,74
11424510,15,35,-6,80
11425020,36,2,-2,82
11425530,97,75,6,76
11426040,53,25,-6,82
11426550,68,45,7,75
11427060,87,82,-3,78
11427570,6,7,-1,79
11428080,62,18,-2,81
11428590,77,38,8,73
11429100,33,33,-6,79
11429610,54,0,-3,82
11430120,69,73,2,80
11430630,90,100,-2,82
11431140,9,25,3,79
11431650,4,31,3,76
11432160,85,32,2,74
11432670,64,27,6,68
11433180,89,7,-6,74
11433690,63,52,-8,82
11434200,88,97,8,74
11434710,7,22,-1,75
11435220,2,28,0,75
11435730,12,29,-5,80
11436240,7,35,10,70
11436750,2,2,-16,86
11437260,58,13,11,75
11437770,73,15,-5,80
11438280,88,17,-2,82
11438790,1,66,4,78
11439300,11,16,-1,79
11439810,95,22,5,74
11440320,51,30,-5,79
11440830,76,50,2,77
11441340,101,0,2,75
11441850,75,45,-5,80
11442360,100,97,4,76
11442870,19,22,-5,81
11443380,40,91,-4,85
11443890,50,50,-2,87
11444400,71,33,8,79
11444910,96,28,6,73
11445420,52,3,-4,77
11445930,67,76,-8,85
11446440,88,43,13,72
11446950,44,23,-10,82
11447460,69,43,6,76
11447970,94,80,5,71
11448480,17,30,-11,82
11448990,38,99,0,82
11449500,48,58,-1,83
11450010,69,25,10,73
11450520,94,20,-6,79
11451030,68,28,8,71
11451540,93,8,-9,80
11452050,67,53,1,79
11452560,92,98,4,75
11453070,11,23,-3,78
11453580,6,30,0,78
11454090,16,36,-4,82
11454600,11,3,3,79
11455110,95,14,1,78
11455620,69,59,-3,81
11456130,94,2,-2,83
11456640,68,47,8,75
11457150,93,99,-8,83
11457660,20,24,10,73
11458170,15,30,1,72
11458680,10,37,-5,77
11459190,5,38,-1,78
11459700,15,39,1,77
11460210,10,6,-2,79
11460720,94,17,4,75
11461230,68,25,-1,76
11461740,93,20,0,76
11462250,6,28,-2,78
11462760,87,29,2,76
11463270,66,24,0,76
11463780,91,19,0,76
11464290,65,27,5,71
11464800,90,7,-7,78
11465310,64,52,2,76
11465820,89,97,-4,80
11466330,8,63,-3,83
11466840,18,13,5,78
11467350,0,19,-2,80
11467860,10,20,10,70
11468370,5,89,-17,87
11468880,86,38,15,72
11469390,9,18,-8,80
11469900,4,25,7,73
11470410,14,26,-3,76
11470920,9,33,-7,83
11471430,4,34,7,76
11471940,14,40,-3,79
11472450,9,47,-2,81
11472960,19,99,-1,82
11473470,30,34,1,81
11473980,51,1,5,76
11474490,66,74,-11,87
11475000,87,59,12,75
11475510,10,39,1,74
11476020,5,6,1,73
11476530,61,17,-2,75
11477040,76,12,-4,79
11477550,37,57,-2,81
11478060,58,24,4,77
11478570,83,44,-1,78
11479080,6,24,5,73
11479590,1,25,-5,78
11480100,82,26,3,75
11480610,61,1,-6,81
11481120,76,74,-1,82
11481630,101,59,6,76
11482140,57,44,-4,80
11482650,82,11,7,73
11483160,56,56,-10,83
11483670,77,23,9,74
11484180,92,100,-6,80
11484690,11,35,1,79
11485200,6,86,1,78
11485710,87,21,4,74
11486220,61,29,1,73
11486730,86,49,-5,78
11487240,9,34,-1,79
11487750,19,35,5,74
11488260,14,2,-9,83
11488770,98,13,8,75
11489280,72,50,-4,79
11489790,97,0,-4,83
11490300,71,45,6,77
11490810,96,83,-5,82
11491320,19,33,7,75
11491830,7,0,-5,80
11492340,63,11,7,73
11492850,78,5,-7,80
11493360,52,50,-4,84
11493870,77,17,6,78
11494380,92,94,0,78
11494890,47,29,-2,80
11495400,72,49,-1,81
11495910,97,87,2,79
11496420,20,22,2,77
11496930,2,91,2,75
11497440,83,22,3,72
11497950,98,99,-11,83
11498460,17,34,10,73
11498970,12,1,-10,83
11499480,96,12,6,77
11499990,70,57,-2,79
11500500,95,94,-6,85
11501010,14,29,6,79
11501520,9,35,3,76
11502030,19,36,-1,77
11502540,40,3,-6,83
11503050,55,76,2,81
11503560,76,11,-1,82
11504070,91,56,8,74
11504580,22,36,-1,75
11505090,43,3,-8,83
11505600,58,76,4,79
11506110,79,11,-5,84
11506620,53,56,-4,88
11507130,74,39,17,71
11507640,99,19,-2,73
11508150,55,64,-10,83
11508660,76,49,6,77
11509170,101,101,-3,80
11509680,20,36,7,73
11510190,41,3,-12,85
11510700,56,76,4,81
11511210,77,61,4,77
11511720,0,11,-2,79
11512230,56,12,7,72
11512740,71,89,-13,85
11513250,92,74,11,74
11513760,15,24,-10,84
11514270,36,30,3,81
11514780,57,99,-1,82
11515290,78,58,6,76
11515800,1,8,-2,78
11516310,17,19,-1,79
11516820,12,25,0,79
11517330,7,31,1,78
11517840,57,32,-1,79
11518350,82,52,3,76
11518860,5,2,-3,79
11519370,61,13,4,75
11519880,76,90,-9,84
11520390,97,75,9,75
11520900,1,25,7,68
11521410,11,26,-8,76
11521920,80,33,4,72
11522430,3,13,-8,80
11522940,59,19,3,77
11523450,84,96,-3,80
11523960,3,21,6,74
11524470,100,22,3,71
11524980,56,30,-2,73
11525490,81,50,-1,74
11526000,4,0,-2,76
11526510,60,11,2,74
11527020,75,56,2,72
11527530,100,6,-11,83
11528040,74,43,11,72
11528550,99,95,-14,86
11529060,18,20,9,77
11529570,39,26,-3,80
11530080,64,9,2,78
11530590,79,82,-6,84
11531100,100,17,3,81
11531610,74,62,7,74
11532120,99,12,2,72
11532630,73,57,-2,74
11533140,98,58,-3,77
11533650,54,95,-10,87
11534160,75,54,16,71
11534670,100,34,-7,78
11535180,39,14,-2,80
11535690,64,34,0,80
11536200,89,54,10,70
11536710,45,34,-10,80
11537220,70,17,0,80
11537730,85,19,3,77
11538240,100,64,3,74
11538750,56,44,-6,80
11539260,81,11,-1,81
11539770,96,56,6,75
11540280,52,36,-6,81
11540790,77,3,4,77
11541300,51,48,-3,80
11541810,72,31,5,75
11542320,97,11,-8,83
11542830,71,56,10,73
11543340,96,6,-6,79
11543850,70,51,5,74
11544360,95,1,-4,78
11544870,69,46,0,78
11545380,94,98,-1,79
11545890,13,33,0,79
11546400,8,84,-1,80
11546910,89,19,2,78
11547420,63,64,-4,82
11547930,84,49,5,77
11548440,7,86,-3,80
11548950,88,36,9,71
11549460,11,16,-10,81
11549970,6,22,1,80
11550480,1,23,6,74
11550990,11,24,-3,77
11551500,21,30,3,74
11552010,42,99,-9,83
11552520,52,58,-2,85
11553030,73,25,8,77
11553540,98,0,-1,78
11554050,72,45,4,74
11554560,97,82,-2,76
11555070,20,17,0,76
11555580,2,23,2,74
11556090,12,24,-4,78
11556600,7,31,-1,79
11557110,17,32,6,73
11557620,12,101,-7,80
11558130,93,36,4,76
11558640,16,16,-4,80
11559150,100,22,-4,84
11559660,74,30,7,77
11560170,99,10,3,74
11560680,73,47,-2,76
11561190,98,99,-7,83
11561700,17,34,3,80
11562210,12,40,-1,81
11562720,22,91,1,80
11563230,32,50,1,79
11563740,53,17,2,77
11564250,78,37,5,72
11564760,1,17,-4,76
11565270,11,18,-5,81
11565780,6,29,7,74
11566290,16,30,-4,78
11566800,11,36,2,76
11567310,21,24,0,76
11567820,42,93,-5,81
11568330,52,52,-4,85
11568840,73,35,13,72
11569350,98,15,-5,77
11569860,72,52,-1,78
11570370,97,89,2,76
11570880,16,74,-2,78
11571390,36,33,-1,79
11571900,57,0,2,77
11572410,72,73,-3,80
11572920,93,58,9,71
11573430,9,38,-11,82
11573940,19,89,-1,83
11574450,30,24,1,82
11574960,51,30,-1,83
11575470,76,50,7,76
11575980,17,0,-5,81
11576490,101,25,6,75
11577000,75,33,-1,76
11577510,100,13,-7,83
11578020,74,50,5,78
11578530,99,50,-9,87
11579040,22,35,8,79
11579550,43,2,-2,81
11580060,58,75,2,79
11580570,79,34,7,72
11581080,2,14,-9,81
11581590,58,15,14,67
11582100,73,92,-11,78
11582610,94,27,4,74
11583120,7,29,-5,79
11583630,2,30,2,77
11584140,12,31,1,76
11584650,22,37,-7,83
11585160,43,44,2,81
11585670,64,27,8,73
11586180,89,7,-6,79
11586690,63,52,1,78
11587200,88,53,6,72
11587710,11,8,-6,78
11588220,95,19,9,69
11588730,51,21,-5,74
11589240,66,41,-5,79
11589750,91,78,5,74
11590260,52,28,-6,80
11590770,77,48,4,76
11591280,0,85,-1,77
11591790,10,35,-1,78
11592300,5,36,2,76
11592810,15,37,-5,81
11593320,10,88,-3,84
11593830,91,23,14,70
11594340,47,31,-6,76
11594850,72,51,-2,78
11595360,97,88,4,74
11595870,16,23,-1,75
11596380,100,34,0,75
11596890,13,9,-8,83
11597400,97,20,7,76
11597910,71,28,3,73
11598420,96,3,-9,82
11598930,70,48,9,73
11599440,95,85,-6,79
11599950,18,10,0,79
11600460,0,79,6,73
11600970,10,10,-4,77
11601480,94,21,2,75
11601990,68,29,3,72
11602500,93,9,-3,75
11603010,67,54,0,75
11603520,92,55,-4,79
11604030,15,40,0,79
11604540,25,7,0,79
11605050,86,92,-3,82
11605560,5,17,5,77
11606070,0,18,0,77
11606580,10,19,0,77
11607090,5,25,1,76
11607600,15,26,-1,77
11608110,10,32,-2,79
11608620,5,33,9,70
11609130,15,34,-11,81
11609640,10,1,0,81
11610150,66,12,5,76
11610660,81,57,1,75
11611170,4,94,-2,77
11611680,14,25,1,76
11612190,9,32,-3,79
11612700,4,33,9,70
11613210,14,24,-12,82
11613720,95,31,9,73
11614230,74,6,-5,78
11614740,48,79,-3,81
11615250,69,38,4,77
11615760,94,11,-3,80
11616270,68,56,-2,82
11616780,93,93,3,79
11617290,12,18,3,76
11617800,96,29,0,76
11618310,52,4,0,76
11618820,67,77,-3,79
11619330,88,62,5,74
11619840,11,99,-7,81
11620350,92,34,7,74
11620860,48,29,-8,82
11621370,73,49,5,77
11621880,98,87,2,75
11622390,59,72,-6,81
11622900,80,38,2,79
11623410,3,18,4,75
11623920,100,19,3,72
11624430,74,27,0,72
11624940,89,7,-6,78
11625450,63,52,5,73
11625960,88,53,2,71
11626470,11,33,-5,76
11626980,6,34,-1,77
11627490,16,35,-2,79
11628000,11,41,-2,81
11628510,101,29,-1,82
11629020,14,37,4,78
11629530,9,44,0,78
11630040,4,57,-5,83
11630550,14,7,7,76
11631060,98,18,1,75
11631570,72,26,5,70
11632080,87,21,-7,77
11632590,0,23,-5,82
11633100,10,24,4,78
11633610,5,31,-2,80
11634120,86,32,2,78
11634630,101,27,1,77
11635140,57,35,4,73
11635650,82,100,-9,82
11636160,1,35,8,74
11636670,11,36,-1,75
11637180,101,87,-3,78
11637690,62,72,-12,90
11638200,83,57,14,76
11638710,6,37,-2,78
11639220,1,38,8,70
11639730,11,29,-6,76
11640240,6,35,4,72
11640750,16,99,-10,82
11641260,27,34,3,79
11641770,48,41,-4,83
11642280,73,24,5,78
11642790,88,101,0,78
11643300,7,86,-2,80
11643810,17,21,6,74
11644320,101,27,-3,77
11644830,57,35,1,76
11645340,82,8,0,76
11645850,56,53,-7,83
11646360,77,36,14,69
11646870,92,16,-11,80
11647380,66,61,-6,86
11647890,87,46,10,76
11648400,43,26,-11,87
11648910,68,9,13,74
11649420,83,82,-2,76
11649930,2,67,-5,81
11650440,12,80,4,77
11650950,22,69,-3,80
11651460,32,28,1,79
11651970,53,11,-2,81
11652480,68,84,2,79
11652990,89,69,3,76
11653500,45,49,-7,83
11654010,66,16,7,76
11654520,81,93,-3,79
11655030,0,28,12,67
11655540,10,29,-1,68
11656050,5,35,-16,84
11656560,15,36,2,82
11657070,10,31,6,76
11657580,5,38,5,71
11658090,15,29,-12,83
11658600,10,35,8,75
11659110,20,36,-3,78
11659620,41,3,-7,85
11660130,56,76,2,83
11660640,77,35,10,73
11661150,0,15,-1,74
11661660,10,16,-5,79
11662170,94,22,0,79
11662680,7,30,-3,82
11663190,2,31,9,73
11663700,12,32,-9,82
11664210,0,38,7,75
11664720,10,39,1,74
11665230,5,52,-2,76
11665740,15,43,-11,87
11666250,3,94,9,78
11666760,13,29,0,78
11667270,8,36,4,74
11667780,18,27,-3,77
11668290,39,96,-6,83
11668800,49,55,-2,85
11669310,70,38,14,71
11669820,95,18,4,67
11670330,51,26,-14,81
11670840,76,46,6,75
11671350,101,1,-4,79
11671860,57,88,-3,82
11672370,78,47,6,76
11672880,1,27,0,76
11673390,11,28,-1,77
11673900,6,34,4,73
11674410,1,35,-4,77
11674920,11,36,5,72
11675430,6,3,-10,82
11675940,62,72,-1,83
11676450,83,57,8,75
11676960,39,16,-7,82
11677470,54,85,7,75
11677980,75,44,-6,81
11678490,100,81,7,74
11679000,56,82,-11,85
11679510,77,41,6,79
11680020,33,21,-8,87
11680530,58,90,2,85
11681040,79,49,10,75
11681550,2,86,-3,78
11682060,12,21,0,78
11682570,7,90,-5,83
11683080,17,25,8,75
11683590,101,94,-9,84
11684100,20,29,4,80
11684610,41,36,-7,87
11685120,62,3,2,85
11685630,77,76,-1,86
11686140,98,1,16,70
11686650,72,46,-6,76
11687160,97,83,2,74
11687670,53,68,-2,76
11688180,74,57,-7,83
11688690,99,37,5,78
11689200,55,32,1,77
11689710,80,34,4,73
11690220,95,29,0,73
11690730,51,4,-4,77
11691240,66,77,-3,80
11691750,87,62,5,75
11692260,43,42,-7,82
11692770,38,25,0,82
11693280,57,94,-6,88
11693790,78,53,10,78
11694300,34,8,1,77
11694810,49,53,-9,86
11695320,70,34,14,72
11695830,95,29,-12,84
11696340,8,31,6,78
11696850,3,32,-5,83
11697360,13,33,12,71
11697870,8,39,-11,82
11698380,18,30,4,78
11698890,39,99,-4,82
11699400,49,58,-1,83
11699910,70,25,7,76
11700420,26,20,-13,89
11700930,47,89,5,84
11701440,68,48,10,74
11701950,24,28,-2,76
11702460,45,97,-5,81
11702970,55,74,-6,87
11703480,76,36,13,74
11703990,91,16,-3,77
11704500,47,61,-3,80
11705010,68,50,2,78
11705520,93,87,-4,82
11706030,12,22,7,75
11706540,9,33,3,72
11707050,19,46,-5,77
11707560,14,13,-6,83
11708070,98,82,5,78
11708580,59,83,-5,83
11709090,80,42,3,80
11709600,36,22,-1,81
11710110,51,91,-1,82
11710620,72,50,5,77
11711130,97,88,0,77
11711640,58,13,3,74
11712150,14,90,-8,82
11712660,25,25,3,79
11713170,46,94,-4,83
11713680,56,53,3,80
11714190,77,36,3,77
11714700,92,15,-3,80
11715210,66,60,-3,83
11715720,87,61,8,75
11716230,43,62,-7,82
11716740,64,21,9,73
11717250,20,49,-13,86
11717760,15,16,9,77
11718270,99,22,-2,79
11718780,55,30,-1,80
11719290,70,24,7,73
11719800,85,101,-9,82
11720310,4,26,9,73
11720820,101,27,-1,74
11721330,57,2,-2,76
11721840,72,75,-5,81
11722350,93,60,8,73
11722860,49,61,-8,81
11723370,70,46,8,73
11723880,26,91,-12,85
11724390,36,50,0,85
11724900,57,33,8,77
11725410,72,6,-4,81
11725920,46,79,-7,88
11726430,67,38,14,74
11726940,23,18,-8,82
11727450,5,87,1,81
11727960,15,22,4,77
11728470,99,33,1,76
11728980,55,8,3,73
11729490,70,81,-9,82
11730000,91,66,8,74
11730510,47,46,-7,81
11731020,68,29,3,78
11731530,83,9,-1,79
11732040,57,54,-1,80
11732550,78,37,7,73
11733060,34,32,-8,81
11733570,55,15,6,75
11734080,70,92,-5,80
11734590,91,22,1,79
11735100,47,67,-6,85
11735610,68,34,8,77
11736120,83,14,-2,79
11736630,57,59,-2,81
11737140,78,42,6,75
11737650,34,17,-10,85
11738160,97,86,8,77
11738670,58,87,-6,83
11739180,79,46,2,81
11739690,94,26,2,79
11740200,50,71,-11,90
11740710,71,30,14,76
11741220,27,32,1,75
11741730,48,15,-6,81
11742240,63,60,1,80
11742750,84,43,10,70
11743260,40,23,-9,79
11743770,55,6,-1,80
11744280,56,79,1,79
11744790,77,38,7,72
11745300,33,33,-12,84
11745810,54,16,8,76
11746320,10,44,-3,79
11746830,100,45,-2,81
11747340,56,25,3,78
11747850,71,45,1,77
11748360,27,18,-4,81
11748870,97,87,0,81
11749380,58,88,3,78
11749890,79,47,-1,79
11750400,35,27,-8,87
11750910,56,10,14,73
11751420,71,83,-10,83
11751930,92,68,9,74
11752440,48,30,-10,84
11752950,63,99,2,82
11753460,84,58,6,76
11753970,40,1,-11,87
11754480,61,74,5,82
11754990,82,59,5,77
11755500,38,60,-2,79
11756010,59,27,4,75
11756520,74,29,0,75
11757030,24,24,-6,81
11757540,45,35,-2,83
11758050,66,18,7,76
11758560,81,95,-4,80
11759070,0,80,2,78
11759580,58,29,4,74
11760090,73,49,-3,77
11760600,29,94,-7,84
11761110,39,53,1,83
11761620,60,20,5,78
11762130,16,48,-2,80
11762640,11,36,7,73
11763150,6,37,-2,75
11763660,96,38,0,75
11764170,52,18,-3,78
11764680,8,91,-2,80
11765190,89,26,10,70
11765700,45,1,-10,80
11766210,60,74,-5,85
11766720,81,59,6,79
11767230,42,21,-3,82
11767740,57,4,2,80
11768250,72,77,-3,83
11768760,93,62,9,74
11769270,49,63,-8,82
11769780,70,52,4,78
11770290,31,53,-6,84
11770800,52,20,5,79
11771310,67,93,-4,83
11771820,88,52,8,75
11772330,44,90,-12,87
11772840,65,49,6,81
11773350,84,94,-4,85
11773860,3,19,9,76
11774370,13,20,-3,79
11774880,10,26,1,78
11775390,5,33,6,72
11775900,95,34,-3,75
11776410,8,36,-3,78
11776920,3,37,1,77
11777430,13,38,6,71
11777940,23,39,-12,83
11778450,44,22,2,81
11778960,59,42,6,75
11779470,20,87,-2,77
11779980,31,76,-5,82
11780490,52,35,0,82
11781000,13,55,3,79
11781510,12,43,-1,80
11782020,7,94,7,73
11782530,88,29,-2,75
11783040,1,31,-6,81
11783550,11,32,10,71
11784060,6,33,-5,76
11784570,16,34,-1,77
11785080,4,1,2,75
11785590,60,12,1,74
11786100,75,85,-6,80
11786610,96,10,-3,83
11787120,70,55,5,78
11787630,31,56,0,78
11788140,52,23,0,78
11788650,67,43,1,77
11789160,28,88,-7,84
11789670,38,47,3,81
11790180,59,30,5,76
11790690,74,50,2,74
11791200,35,88,-7,81
11791710,45,47,-5,86
11792220,66,30,5,81
11792730,81,9,0,81
11793240,42,54,2,79
11793750,63,21,3,76
11794260,78,23,2,74
11794770,93,25,-3,77
11795280,67,33,0,77
11795790,82,61,5,72
11796300,38,62,-9,81
11796810,59,21,4,77
11797320,74,49,4,73
11797830,35,94,-12,85
11798340,46,53,3,82
11798850,67,36,8,74
11799360,82,38,2,72
11799870,97,17,-2,74
11800380,71,62,-10,84
11800890,92,63,12,72
11801400,48,64,-13,85
11801910,69,49,9,76
11802420,30,50,-1,77
11802930,51,17,-1,78
11803440,66,90,-4,82
11803950,87,49,7,75
11804460,43,28,-8,83
11804970,58,11,4,79
11805480,73,84,-4,83
11805990,94,9,6,77
11806500,68,54,-3,80
11807010,87,55,8,72
11807520,43,56,-19,91
11808030,21,23,10,81
11808540,18,34,5,76
11809050,39,1,-7,83
11809560,54,74,0,83
11810070,75,63,8,75
11810580,36,64,-6,81
11811090,37,23,0,81
11811600,56,92,-2,83
11812110,77,51,10,73
11812620,33,3,-2,75
11813130,48,76,-11,86
11813640,69,35,12,74
11814150,94,14,-3,77
11814660,50,59,-5,82
11815170,71,26,9,73
11815680,86,21,-4,77
11816190,101,23,4,73
11816700,57,31,-4,77
11817210,82,76,-3,80
11817720,1,77,0,80
11818230,59,26,7,73
11818740,74,54,-5,78
11819250,35,55,-4,82
11819760,56,22,5,77
11820270,71,50,-5,82
11820780,32,51,4,78
11821290,53,18,7,71
11821800,68,46,-8,79
11822310,87,84,-3,82
11822820,6,9,4,78
11823330,62,20,0,78
11823840,77,22,2,76
11824350,92,99,-11,87
11824860,11,24,14,73
11825370,101,25,0,73
11825880,75,0,-10,83
11826390,90,73,2,81
11826900,51,35,5,76
11827410,76,80,-15,91
11827920,97,65,22,69
11828430,53,66,-9,78
11828940,74,93,-5,83
11829450,95,18,5,78
11829960,8,63,-3,81
11830470,18,54,3,78
11830980,6,13,-1,79
11831490,3,24,4,75
11832000,11,25,-2,77
11832510,8,26,3,74
11833020,3,27,-2,76
11833530,84,13,4,72
11834040,99,58,-3,75
11834550,55,59,-11,86
11835060,76,42,9,77
11835570,101,22,6,71
11836080,75,49,-2,73
11836590,31,1,-10,83
11837100,46,86,3,80
11837610,67,45,-3,83
11838120,86,12,4,79
11838630,47,57,-3,82
11839140,68,24,4,78
11839650,83,101,-3,81
11840160,2,26,10,71
11840670,60,27,-8,79
11841180,75,6,-2,81
11841690,23,79,-4,85
11842200,33,38,8,77
11842710,54,21,2,75
11843220,69,49,-4,79
11843730,88,50,4,75
11844240,44,51,-8,83
11844750,65,18,8,75
11845260,80,95,-11,86
11845770,101,20,14,72
11846280,57,65,-10,82
11846790,78,48,7,75
11847300,93,3,-2,77
11847810,67,76,-3,80
11848320,88,38,5,75
11848830,44,17,-8,83
11849340,59,62,1,82
11849850,80,45,12,70
11850360,36,5,-15,85
11850870,51,78,1,84
11851380,72,37,7,77
11851890,87,16,5,72
11852400,0,61,-6,78
11852910,10,52,1,77
11853420,68,2,-7,84
11853930,83,75,12,72
11854440,44,0,-4,76
11854950,59,73,-8,84
11855460,80,35,13,71
11855970,3,14,-6,77
11856480,0,15,4,73
11856990,64,16,-3,76
11857500,79,44,2,74
11858010,94,98,-5,79
11858520,13,23,11,68
11859030,10,24,-8,76
11859540,7,31,-4,80
11860050,97,32,5,75
11860560,10,7,-8,83
11861070,66,76,-5,88
11861580,87,1,5,83
11862090,61,74,1,82
11862600,82,59,0,82
11863110,5,60,4,78
11863620,15,51,-10,88
11864130,3,52,16,72
11864640,13,43,-12,84
11865150,1,44,3,81
11865660,0,35,8,73
11866170,10,36,-12,85
11866680,100,37,14,71
11867190,56,12,-3,74
11867700,71,29,-2,76
11868210,86,24,-5,81
11868720,101,26,7,74
11869230,57,85,-5,79
11869740,78,44,4,75
11870250,93,98,-3,78
11870760,12,23,-2,80
11871270,9,30,2,78
11871780,99,31,7,71
11872290,55,6,-8,79
11872800,70,79,2,77
11873310,91,4,3,74
11873820,65,49,-2,76
11874330,84,50,3,73
11874840,40,77,-8,81
11875350,61,36,4,77
11875860,49,9,-1,78
11876370,64,82,-2,80
11876880,85,41,11,69
11877390,41,20,-15,84
11877900,56,3,9,75
11878410,71,76,-7,82
11878920,92,1,5,77
11879430,66,74,-8,85
11879940,87,57,13,72
11880450,43,58,-8,80
11880960,64,25,6,74
11881470,89,53,-2,76
11881980,45,80,-3,79
11882490,66,39,0,79
11883000,91,84,5,74
11883510,10,9,0,74
11884020,66,20,-4,78
11884530,81,97,-10,88
11885040,0,22,13,75
11885550,10,23,-5,80
11886060,7,62,-1,81
11886570,17,53,-3,84
11887080,5,54,6,78
11887590,15,4,1,77
11888100,71,73,-5,82
11888610,92,100,6,76
11889120,11,25,2,74
11889630,8,32,-6,80
11890140,98,33,8,72
11890650,54,8,-4,76
11891160,69,81,-3,79
11891670,90,6,2,77
11892180,64,67,-6,83
11892690,85,50,13,70
11893200,100,77,-8,78
11893710,61,78,-1,79
11894220,82,48,5,74
11894730,97,8,-1,75
11895240,71,53,-3,78
11895750,90,80,1,77
11896260,51,5,0,77
11896770,66,78,-2,79
11897280,87,3,1,78
11897790,61,76,-7,85
11898300,82,1,8,77
11898810,56,46,1,76
11899320,75,29,0,76
11899830,90,57,4,72
11900340,46,58,-7,79
11900850,67,41,-1,80
11901360,44,86,-5,85
11901870,65,45,7,78
11902380,84,90,-4,82
11902890,3,15,3,79
11903400,0,16,7,72
11903910,8,17,-4,76
11904420,5,18,10,66
11904930,0,19,-10,76
11905440,10,20,-5,81
11905950,7,27,2,79
11906460,97,28,8,71
11906970,58,30,-2,73
11907480,77,50,-1,74
11907990,96,77,-1,75
11908500,57,78,-5,80
11909010,78,37,-3,83
11909520,97,16,13,70
11910030,53,61,-11,81
11910540,32,44,0,81
11911050,53,27,2,79
11911560,72,47,0,79
11912070,91,74,2,77
11912580,52,36,-2,79
11913090,62,56,-1,80
11913600,83,39,5,75
11914110,0,18,0,75
11914620,8,19,2,73
11915130,3,20,-5,78
11915640,56,21,2,76
11916150,75,66,-2,78
11916660,36,67,-8,86
11917170,57,34,6,80
11917680,76,1,-6,86
11918190,97,74,7,79
11918700,58,36,6,73
11919210,77,81,-11,84
11919720,98,6,8,76
11920230,72,51,-1,77
11920740,91,52,5,72
11921250,8,79,-8,80
11921760,89,70,6,74
11922270,50,32,-3,77
11922780,69,52,4,73
11923290,88,53,-4,77
11923800,5,80,-4,81
11924310,86,30,9,72
11924820,42,5,-5,77
11925330,57,78,-2,79
11925840,78,37,5,74
11926350,97,16,3,71
11926860,53,61,-10,81
11927370,74,28,9,72
11927880,93,3,-6,78
11928390,85,48,5,73
11928900,28,76,-7,80
11929410,38,35,-3,83
11929920,83,18,5,78
11930430,98,63,6,72
11930940,54,18,-5,77
11931450,69,91,-4,81
11931960,90,50,9,72
11932470,33,45,-10,82
11932980,54,12,2,80
11933490,69,85,-4,84
11934000,90,10,10,74
11934510,64,55,-3,77
11935020,83,56,4,73
11935530,0,11,-8,81
11936040,8,12,2,79
11936550,5,51,-2,81
11937060,15,42,-3,84
11937570,3,25,13,71
11938080,13,26,-2,73
11938590,1,95,-9,82
11939100,82,26,10,72
11939610,61,1,-9,81
11940120,82,74,-1,82
11940630,43,75,-4,86
11941140,64,34,10,76
11941650,83,62,-1,77
11942160,44,63,-5,82
11942670,65,30,7,75
11943180,84,9,-2,77
11943690,99,82,1,76
11944200,60,44,-3,79
11944710,79,89,0,79
11945220,100,14,0,79
11945730,56,59,2,77
11946240,77,26,2,75
11946750,92,1,-2,77
11947260,66,74,-6,83
11947770,87,41,10,73
11948280,43,20,-12,85
11948790,62,89,-3,88
11949300,83,48,7,81
11949810,98,3,7,74
11950320,72,48,2,72
11950830,91,3,-11,83
11951340,83,76,2,81
11951850,44,77,-4,85
11952360,65,36,11,74
11952870,84,15,-6,80
11953380,99,60,4,76
11953890,60,87,-6,82
11954400,81,46,9,73
11954910,42,25,-10,83
11955420,61,94,0,83
11955930,82,53,5,78
11956440,63,98,-7,85
11956950,84,57,11,74
11957460,40,19,-9,83
11957970,59,2,4,79
11958480,74,75,-1,80
11958990,95,58,5,75
11959500,51,13,2,73
11960010,66,58,-2,75
11960520,85,25,2,73
11961030,64,0,-6,79
11961540,85,73,1,78
11962050,46,35,-4,82
11962560,67,18,8,74
11963070,86,46,-2,76
11963580,42,25,-4,80
11964090,61,8,6,74
11964600,76,81,-5,79
11965110,97,48,2,77
11965620,53,27,-3,80
11966130,72,47,4,76
11966640,91,92,-13,89
11967150,10,17,15,74
11967660,7,28,-3,77
11968170,17,29,1,76
11968680,5,36,-3,79
11969190,15,37,-2,81
11969700,3,4,-5,86
11970210,59,15,6,80
11970720,74,60,5,75
11971230,93,27,-5,80
11971740,49,72,-5,85
11972250,70,39,8,77
11972760,89,18,-1,78
11973270,2,63,0,78
11973780,12,54,-3,81
11974290,0,4,6,75
11974800,56,5,-2,77
11975310,71,78,-3,80
11975820,92,45,5,75
11976330,48,24,-4,79
11976840,67,44,6,73
11977350,23,89,-3,76
11977860,33,48,-6,82
11978370,54,15,4,78
11978880,69,60,0,78
11979390,30,43,-3,81
11979900,51,10,6,75
11980410,7,83,-4,79
11980920,17,72,2,77
11981430,27,31,0,77
11981940,48,100,-3,80
11982450,27,59,0,80
11982960,48,26,2,78
11983470,67,95,-6,84
11983980,88,54,13,71
11984490,44,9,-9,80
11985000,59,82,0,80
11985510,80,41,8,72
11986020,36,20,-13,85
11986530,55,3,8,77
11987040,70,76,-6,83
11987550,91,43,7,76
11988060,47,22,-12,88
11988570,62,67,3,85
11989080,83,50,12,73
11989590,39,10,-6,79
11990100,54,55,-1,80
11990610,75,22,1,79
11991120,31,1,-5,84
11991630,69,86,4,80
11992140,90,75,0,80
11992650,51,37,0,80
11993160,70,4,-7,87
11993670,85,77,11,76
11994180,46,78,-7,83
11994690,67,37,8,75
11995200,86,4,-7,82
11995710,18,77,2,80
11996220,28,36,4,76
11996730,49,3,-8,84
11997240,64,76,-7,91
11997750,85,43,20,71
11998260,41,22,-8,79
11998770,60,91,-4,83
11999280,81,50,14,69
11999790,37,5,-16,85
12000300,52,90,3,82
12000810,73,49,7,75
12001320,29,94,-8,83
12001830,39,53,2,81
12002340,60,20,7,74
12002850,16,48,-12,86
12003360,4,99,10,76
12003870,85,88,-2,78
12004380,4,73,-3,81
12004890,14,23,4,77
12005400,11,30,-1,78
12005910,101,99,-7,85
12006420,20,24,8,77
12006930,17,93,-8,85
12007440,28,82,5,80
12007950,38,41,-5,85
12008460,59,8,9,76
12008970,74,81,-5,81
12009480,95,48,6,75
12009990,51,27,-6,81
12010500,7,96,0,81
12011010,88,85,-4,85
12011520,7,68,3,82
12012030,17,59,1,81
12012540,27,26,4,77
12013050,48,95,-5,82
12013560,27,54,-5,87
12014070,15,21,10,77
12014580,78,28,3,74
12015090,34,7,-7,81
12015600,72,92,-5,86
12016110,93,51,12,74
12016620,49,11,-5,79
12017130,64,84,-1,80
12017640,85,43,3,77
12018150,41,38,-5,82
12018660,62,5,4,78
12019170,77,78,-1,79
12019680,98,45,3,76
12020190,54,24,5,71
12020700,10,44,-5,76
12021210,9,96,-7,83
12021720,90,85,1,82
12022230,9,52,3,79
12022740,8,2,4,75
12023250,64,13,0,75
12023760,20,90,-4,79
12024270,30,79,0,79
12024780,40,38,-3,82
12025290,61,21,5,77
12025800,76,90,-5,82
12026310,97,49,3,79
12026820,53,28,3,76
12027330,78,48,3,73
12027840,34,3,-11,84
12028350,35,88,-2,86
12028860,45,47,2,84
12029370,66,14,7,77
12029880,81,87,-4,81
12030390,0,72,1,80
12030900,10,3,-2,82
12031410,66,14,2,80
12031920,81,31,2,78
12032430,60,33,2,76
12032940,79,53,2,74
12033450,35,8,-4,78
12033960,93,93,-2,80
12034470,12,18,7,73
12034980,9,29,-6,79
12035490,4,36,1,78
12036000,14,37,-6,84
12036510,2,44,4,80
12037020,12,35,3,77
12037530,0,36,-3,80
12038040,10,37,1,79
12038550,100,4,-5,84
12039060,56,49,6,78
12039570,75,32,2,76
12040080,31,11,-10,86
12040590,32,96,1,85
12041100,42,55,9,76
12041610,63,22,3,73
12042120,78,1,-15,88
12042630,30,74,6,82
12043140,40,33,-2,84
12043650,61,16,8,76
12044160,76,49,1,75
12044670,32,94,-3,78
12045180,42,53,7,71
12045690,63,20,-5,76
12046200,82,48,2,74
12046710,43,3,-7,81
12047220,58,76,-2,83
12047730,79,65,5,78
12048240,40,66,-4,82
12048750,61,25,3,79
12049260,76,4,-4,83
12049770,97,77,4,79
12050280,53,32,5,74
12050790,72,52,-5,79
12051300,91,19,8,71
12051810,47,64,-18,89
12052320,68,31,12,77
12052830,83,10,-4,81
12053340,35,55,0,81
12053850,56,22,7,74
12054360,12,42,-9,83
12054870,0,30,10,73
12055380,10,31,-11,84
12055890,100,32,7,77
12056400,83,7,-4,81
12056910,44,80,2,79
12057420,65,39,2,77
12057930,84,6,-1,78
12058440,36,79,-3,81
12058950,46,38,-6,87
12059460,67,21,10,77
12059970,23,49,-5,82
12060480,11,56,5,77
12060990,21,47,4,73
12061500,9,14,-4,77
12062010,4,53,0,77
12062520,14,3,-5,82
12063030,70,88,0,82
12063540,91,47,7,75
12064050,47,26,-10,85
12064560,66,9,6,79
12065070,45,82,-7,86
12065580,66,41,9,77
12066090,85,8,3,74
12066600,59,53,-4,78
12067110,80,36,4,74
12067620,36,15,-12,86
12068130,30,100,0,86
12068640,40,59,8,78
12069150,61,26,7,71
12069660,80,5,-6,77
12070170,32,50,-4,81
12070680,53,17,3,78
12071190,68,37,3,75
12071700,87,16,-1,76
12072210,43,61,-9,85
12072720,64,28,7,78
12073230,83,97,-5,83
12073740,2,82,5,78
12074250,12,13,-1,79
12074760,9,24,-2,81
12075270,99,31,3,78
12075780,55,33,-5,83
12076290,74,53,9,74
12076800,35,20,-11,85
12077310,36,3,3,82
12077820,57,76,1,81
12078330,78,65,5,76
12078840,39,66,-6,82
12079350,60,25,2,80
12079860,79,98,-4,84
12080370,100,57,13,71
12080880,56,46,-9,80
12081390,75,29,5,75
12081900,54,8,-2,77
12082410,92,53,0,77
12082920,48,8,2,75
12083430,27,81,-10,85
12083940,37,40,-5,90
12084450,58,23,15,75
12084960,14,43,-9,84
12085470,2,26,8,76
12085980,12,27,-3,79
12086490,0,34,-2,81
12087000,10,35,5,76
12087510,100,36,0,76
12088020,56,11,3,73
12088530,75,56,-7,80
12089040,36,60,-10,90
12089550,57,27,10,80
12090060,76,96,-4,84
12090570,97,55,11,73
12091080,53,67,-8,81
12091590,74,56,3,78
12092100,35,23,-4,82
12092610,36,6,-3,85
12093120,97,91,6,79
12093630,58,16,6,73
12094140,37,97,-14,87
12094650,47,56,7,80
12095160,68,23,7,73
12095670,47,2,-12,85
12096180,68,75,-1,86
12096690,89,58,13,73
12097200,45,13,-8,81
12097710,60,58,0,81
12098220,81,25,5,76
12098730,60,20,-1,77
12099240,75,40,5,72
12099750,31,68,-10,82
12100260,52,27,5,77
12100770,53,47,-3,80
12101280,74,30,3,77
12101790,35,9,-4,81
12102300,93,94,-1,82
12102810,12,19,3,79
12103320,9,26,5,74
12103830,4,33,3,71
12104340,3,34,-6,77
12104850,13,85,-5,82
12105360,23,74,4,78
12105870,33,33,-9,87
12106380,54,16,12,75
12106890,69,61,-4,79
12107400,70,44,-3,82
12107910,31,89,-3,85
12108420,41,48,4,81
12108930,62,31,5,76
12109440,81,100,-5,81
12109950,0,59,5,76
12110460,10,9,-6,82
12110970,7,78,6,76
12111480,17,67,-5,81
12111990,27,26,5,76
12112500,48,95,-3,79
12113010,58,54,-5,84
12113520,59,37,5,79
12114030,60,82,-4,83
12114540,81,41,3,80
12115050,42,20,-1,81
12115560,61,3,1,80
12116070,76,76,1,79
12116580,97,1,0,79
12117090,71,46,6,73
12117600,90,91,-7,80
12118110,9,16,4,76
12118620,4,23,0,76
12119130,94,29,1,75
12119640,50,31,-6,81
12120150,51,51,0,81
12120660,52,34,3,78
12121170,53,79,-10,88
12121680,74,38,10,78
12122190,35,95,-5,83
12122700,45,54,1,82
12123210,66,21,7,75
12123720,85,0,-5,80
12124230,59,73,-12,92
12124740,80,56,12,80
12125250,41,60,-6,86
12125760,62,27,14,72
12126270,18,6,-6,78
12126780,76,91,-1,79
12127290,97,16,5,74
12127800,53,61,-6,80
12128310,74,44,6,74
12128820,93,101,-3,77
12129330,12,26,2,75
12129840,0,95,-3,78
12130350,10,26,-2,80
12130860,100,27,9,71
12131370,56,2,-10,81
12131880,77,75,5,76
12132390,38,60,-6,82
12132900,59,49,5,77
12133410,78,16,-1,78
12133920,39,61,-7,85
12134430,60,28,9,76
12134940,21,73,0,76
12135450,31,32,2,74
12135960,52,101,-9,83
12136470,87,60,10,73
12136980,48,72,-10,83
12137490,69,31,2,81
12138000,30,10,-1,82
12138510,68,95,-5,87
12139020,89,54,15,72
12139530,11,9,-8,80
12140040,10,94,-2,82
12140550,91,83,6,76
12141060,52,8,1,75
12141570,53,81,-8,83
12142080,74,40,11,72
12142590,30,85,-9,81
12143100,40,44,-3,84
12143610,61,27,6,78
12144120,80,6,3,75
12144630,41,51,-6,81
12145140,62,18,5,76
12145650,23,46,-2,78
12146160,11,13,-4,82
12146670,8,24,8,74
12147180,3,25,-5,79
12147690,13,26,1,78
12148200,1,33,-1,79
12148710,11,34,1,78
12149220,101,17,3,75
12149730,57,62,-7,82
12150240,78,45,7,75
12150750,39,0,-8,83
12151260,77,73,1,82
12151770,38,100,-1,83
12152280,39,59,4,79
12152790,60,26,-1,80
12153300,21,54,-2,82
12153810,9,21,3,79
12154320,6,28,6,73
12154830,96,29,-5,78
12155340,57,4,-1,79
12155850,58,77,0,79
12156360,79,36,5,74
12156870,40,15,-10,84
12157380,1,100,6,78
12157890,1,89,-5,83
12158400,11,20,3,80
12158910,8,27,4,76
12159420,3,28,2,74
12159930,13,29,-6,80
12160440,1,36,-4,84
12160950,11,87,3,81
12161460,92,76,9,72
12161970,53,1,-8,80
12162480,74,74,-3,83
12162990,6,101,2,81
12163500,87,1,4,77
12164010,61,46,-5,82
12164520,22,91,3,79
12165030,32,80,-1,80
12165540,42,39,-5,85
12166050,21,22,3,82
12166560,42,5,-3,85
12167070,43,78,5,80
12167580,64,37,4,76
12168090,83,94,-9,85
12168600,2,19,13,72
12169110,66,20,-4,76
12169620,22,48,-6,82
12170130,10,15,1,81
12170640,5,26,0,81
12171150,95,27,2,79
12171660,51,72,-2,81
12172170,30,61,-3,84
12172680,51,20,8,76
12173190,7,65,-9,85
12173700,6,56,4,81
12174210,5,47,3,78
12174720,4,38,-2,80
12175230,14,29,-5,85
12175740,2,36,14,71
12176250,12,27,-4,75
12176760,0,34,4,71
12177270,10,67,-4,75
12177780,9,58,-4,79
12178290,8,49,5,74
12178800,7,101,-7,81
12179310,88,36,12,69
12179820,44,15,-9,78
12180330,0,60,1,77
12180840,10,51,-6,83
12181350,9,1,4,79
12181860,65,86,-1,80
12182370,86,45,0,80
12182880,42,24,1,79
12183390,67,7,3,76
12183900,28,80,-2,78
12184410,38,39,-1,79
12184920,17,6,-8,87
12185430,73,91,9,78
12185940,94,50,9,69
12186450,50,62,-17,86
12186960,71,29,13,73
12187470,27,57,-9,82
12187980,15,24,3,79
12188490,12,31,-5,84
12189000,0,38,5,79
12189510,101,89,0,79
12190020,62,14,-1,80
12190530,81,31,9,71
12191040,42,26,-10,81
12191550,61,9,3,78
12192060,40,101,-5,83
12192570,50,60,-1,84
12193080,71,43,7,77
12193590,27,6,-3,80
12194100,85,91,-2,82
12194610,4,2,2,80
12195120,60,13,3,77
12195630,79,58,-2,79
12196140,40,13,1,78
12196650,1,58,1,77
12197160,11,49,-2,79
12197670,10,40,1,78
12198180,9,31,4,74
12198690,19,32,-6,80
12199200,40,15,-3,83
12199710,41,100,3,80
12200220,51,59,4,76
12200730,72,26,-3,79
12201240,33,5,-5,84
12201750,71,90,3,81
12202260,92,49,4,77
12202770,48,61,-6,83
12203280,69,44,7,76
12203790,88,101,-6,82
12204300,7,26,9,73
12204810,6,27,-4,77
12205320,5,28,-6,83
12205830,15,29,6,77
12206340,3,98,3,74
12206850,84,33,3,71
12207360,40,12,-10,81
12207870,41,57,-2,83
12208380,62,24,4,79
12208890,23,3,-2,81
12209400,81,88,1,80
12209910,0,29,2,78
12210420,10,30,1,77
12210930,9,81,-4,81
12211440,90,70,5,76
12211950,51,82,-10,86
12212460,72,41,8,78
12212970,28,98,-6,84
12213480,4,57,6,78
12213990,3,48,1,77
12214500,2,39,1,76
12215010,12,30,-1,77
12215520,0,37,3,74
12216030,101,28,-6,80
12216540,57,56,-3,83
12217050,58,23,5,78
12217560,77,51,-5,83
12218070,38,89,-4,87
12218580,48,48,-1,88
12219090,69,31,12,76
12219600,88,10,-8,84
12220110,49,55,-2,86
12220620,70,38,9,77
12221130,26,1,-3,80
12221640,82,86,-3,83
12222150,1,11,2,81
12222660,39,12,-2,83
12223170,40,97,-1,84
12223680,50,56,2,82
12224190,71,39,10,72
12224700,27,67,-8,80
12225210,81,26,-1,81
12225720,42,54,-2,83
12226230,63,21,8,75
12226740,31,49,-1,76
12227250,52,16,-4,80
12227760,8,61,3,77
12228270,7,52,4,73
12228780,6,43,0,73
12229290,16,34,-7,80
12229800,4,17,4,76
12230310,68,18,-1,77
12230820,29,35,-8,85
12231330,50,2,5,80
12231840,71,75,-8,88
12232350,92,80,11,77
12232860,53,35,2,75
12233370,14,2,-3,78
12233880,70,87,-6,84
12234390,91,72,5,79
12234900,47,27,-3,82
12235410,48,96,0,82
12235920,27,55,5,77
12236430,15,22,-2,79
12236940,12,29,-1,80
12237450,0,36,2,78
12237960,10,37,-2,80
12238470,100,4,1,79
12238980,56,49,1,78
12239490,75,32,6,72
12240000,31,11,-19,91
12240510,94,96,10,81
12241020,13,21,7,74
12241530,10,27,-6,80
12242040,100,78,4,76
12242550,56,90,-9,85
12243060,77,49,10,75
12243570,33,94,-3,78
12244080,21,53,-1,79
12244590,9,12,1,78
12245100,6,18,0,78
12245610,3,19,6,72
12246120,2,20,-7,79
12246630,66,21,6,73
12247140,22,16,-8,81
12247650,19,85,0,81
12248160,18,44,7,74
12248670,6,11,-4,78
12249180,3,17,2,76
12249690,41,18,-10,86
12250200,42,1,5,81
12250710,1,74,5,76
12251220,59,5,1,75
12251730,38,78,-10,85
12252240,59,37,9,76
12252750,78,0,-8,84
12253260,52,73,6,78
12253770,73,32,7,71
12254280,34,11,-13,84
12254790,72,96,5,79
12255300,93,55,11,68
12255810,49,67,-17,85
12256320,70,56,8,77
12256830,31,11,-8,85
12257340,5,96,-4,89
12257850,86,27,14,75
12258360,65,22,-6,81
12258870,26,50,5,76
12259380,47,17,-5,81
12259890,8,62,2,79
12260400,7,53,-1,80
12260910,6,3,1,79
12261420,62,88,-9,88
12261930,83,47,14,74
12262440,39,2,-10,84
12262950,100,75,8,76
12263460,56,87,-5,81
12263970,35,46,-1,82
12264480,56,13,5,77
12264990,17,58,-3,80
12265500,16,17,0,80
12266010,13,56,4,76
12266520,12,15,1,75
12267030,9,54,-7,82
12267540,8,45,11,71
12268050,7,36,-7,78
12268560,6,49,2,76
12269070,5,40,4,72
12269580,4,53,-5,77
12270090,3,84,3,74
12270600,27,15,-8,82
12271110,90,84,5,77
12271620,51,9,-1,78
12272130,30,54,-3,81
12272640,51,21,4,77
12273150,76,66,4,73
12273660,37,78,-8,81
12274170,58,37,-4,85
12274680,19,4,-1,86
12275190,75,89,4,82
12275700,96,74,2,80
12276210,57,86,-6,86
12276720,78,45,9,77
12277230,39,0,-2,79
12277740,60,73,-2,81
12278250,81,40,4,77
12278760,37,35,-9,86
12279270,58,18,8,78
12279780,19,46,-1,79
12280290,40,13,-3,82
12280800,41,58,0,82
12281310,62,25,0,82
12281820,23,53,-6,88
12282330,11,36,8,80
12282840,10,87,-7,87
12283350,91,22,6,81
12283860,52,67,-2,83
12284370,73,34,6,77
12284880,34,62,-7,84
12285390,55,21,10,74
12285900,16,49,-7,81
12286410,15,16,5,76
12286920,12,22,4,72
12287430,26,91,-9,81
12287940,36,50,-6,87
12288450,57,33,7,80
12288960,18,78,-6,86
12289470,17,37,9,77
12289980,5,4,-3,80
12290490,61,43,-3,83
12291000,22,10,7,76
12291510,80,95,-11,87
12292020,101,20,12,75
12292530,57,65,-12,87
12293040,78,48,13,74
12293550,39,85,-4,78
12294060,18,44,-8,86
12294570,6,11,9,77
12295080,62,17,-1,78
12295590,41,45,-7,85
12296100,62,28,9,76
12296610,23,56,-2,78
12297120,11,15,-1,79
12297630,8,26,-3,82
12298140,70,27,7,75
12298650,31,55,-6,81
12299160,52,22,3,78
12299670,13,67,-2,80
12300180,12,26,1,79
12300690,0,32,4,75
12301200,10,33,-1,76
12301710,100,21,-3,79
12302220,61,33,4,75
12302730,22,61,-9,84
12303240,10,80,4,80
12303750,9,30,6,74
12304260,8,31,-5,79
12304770,7,32,-1,80
12305280,6,33,-6,86
12305790,96,34,10,76
12306300,52,29,2,74
12306810,13,98,-12,86
12307320,94,33,5,81
12307830,73,28,5,76
12308340,34,23,-5,81
12308850,97,87,3,78
12309360,55,12,-1,79
12309870,34,57,0,79
12310380,55,16,5,74
12310890,16,44,-17,91
12311400,4,27,14,77
12311910,14,28,-1,78
12312420,11,35,1,77
12312930,101,86,-6,83
12313440,62,11,5,78
12313950,41,28,-2,80
12314460,2,11,3,77
12314970,58,12,0,77
12315480,37,29,-10,87
12315990,38,12,3,84
12316500,39,97,7,77
12317010,40,56,-6,83
12317520,61,23,8,75
12318030,22,51,-6,81
12318540,43,18,-3,84
12319050,44,1,4,80
12319560,45,74,-4,84
12320070,66,33,11,73
12320580,27,28,-2,75
12321090,48,97,-8,83
12321600,49,56,0,83
12322110,70,39,10,73
12322620,89,76,-6,79
12323130,50,38,-6,85
12323640,51,21,4,81
12324150,52,49,-2,83
12324660,31,32,6,77
12325170,52,101,-3,80
12325680,40,60,-9,89
12326190,61,19,12,77
12326700,62,47,-6,83
12327210,63,14,7,76
12327720,42,42,-13,89
12328230,63,25,10,79
12328740,24,53,3,76
12329250,12,12,0,76
12329760,9,97,-2,78
12330270,90,32,6,72
12330780,46,27,-7,79
12331290,47,96,-5,84
12331800,26,55,-2,86
12332310,14,22,11,75
12332820,11,29,-3,78
12333330,101,36,2,76
12333840,80,31,2,74
12334350,41,40,-12,86
12334860,62,23,10,76
12335370,81,51,0,76
12335880,100,88,3,73
12336390,58,13,1,72
12336900,37,41,-15,87
12337410,58,24,10,77
12337920,19,52,0,77
12338430,7,11,5,72
12338940,4,17,-3,75
12339450,101,18,-3,78
12339960,62,30,-1,79
12340470,87,58,2,77
12340980,48,13,0,77
12341490,49,41,-10,87
12342000,50,24,6,81
12342510,51,69,-2,83
12343020,72,40,8,75
12343530,33,68,-10,85
12344040,21,27,-3,88
12344550,18,10,9,79
12345060,15,79,-1,80
12345570,25,4,-3,83
12346080,63,89,1,82
12346590,84,48,7,75
12347100,45,3,-4,79
12347610,46,76,-4,83
12348120,47,35,4,79
12348630,48,18,-2,81
12349140,49,63,-2,83
12349650,70,52,12,71
12350160,89,53,-2,73
12350670,6,8,-5,78
12351180,62,14,0,78
12351690,41,42,-12,90
12352200,62,25,15,75
12352710,23,53,-6,81
12353220,11,20,12,69
12353730,6,27,-12,81
12354240,5,28,3,78
12354750,4,29,1,77
12355260,3,30,5,72
12355770,13,31,-5,77
12356280,1,14,-3,80
12356790,65,15,6,74
12357300,44,43,-15,89
12357810,45,26,7,82
12358320,46,95,0,82
12358830,47,54,-9,91
12359340,68,37,15,76
12359850,93,65,1,75
12360360,54,77,-3,78
12360870,75,36,4,74
12361380,94,31,-1,75
12361890,52,26,-3,78
12362400,53,71,-7,85
12362910,74,60,16,69
12363420,32,61,-12,81
12363930,53,20,5,76
12364440,9,65,-1,77
12364950,8,24,-4,81
12365460,3,25,4,77
12365970,13,26,-5,82
12366480,10,33,5,77
12366990,9,40,1,76
12367500,19,31,1,75
12368010,40,14,-7,82
12368520,41,99,2,80
12369030,42,58,0,80
12369540,63,47,-1,81
12370050,35,48,0,81
12370560,56,15,5,76
12371070,57,43,-6,82
12371580,58,26,9,73
12372090,77,54,-6,79
12372600,38,6,-5,84
12373110,39,91,3,81
12373620,40,50,-4,85
12374130,61,33,5,80
12374640,22,61,-4,84
12375150,10,20,10,74
12375660,7,27,-3,77
12376170,17,28,-4,81
12376680,14,35,9,72
12377190,2,18,-6,78
12377700,66,19,2,76
12378210,85,47,0,76
12378720,2,27,8,68
12379230,1,28,-5,73
12379740,0,29,-3,76
12380250,101,30,5,71
12380760,57,42,-7,78
12381270,18,43,4,74
12381780,6,10,-2,76
12382290,1,11,1,75
12382800,65,12,-3,78
12383310,84,29,5,73
12383820,45,4,-5,78
12384330,46,77,-4,82
12384840,25,36,6,76
12385350,46,3,-2,78
12385860,47,76,-5,83
12386370,68,45,4,79
12386880,29,99,-2,81
12387390,30,58,5,76
12387900,51,17,-4,80
12388410,52,45,-5,85
12388920,53,28,6,79
12389430,72,56,3,76
12389940,33,68,-7,83
12390450,54,27,1,82
12390960,15,0,0,82
12391470,79,85,-6,88
12391980,11,70,10,78
12392490,10,59,1,77
12393000,9,9,-4,81
12393510,6,94,-1,82
12394020,87,83,2,80
12394530,48,8,2,78
12395040,67,36,0,78
12395550,28,64,-2,80
12396060,16,23,2,78
12396570,13,6,-4,82
12397080,10,91,4,78
12397590,91,26,3,75
12398100,70,38,-3,78
12398610,31,66,-6,84
12399120,52,25,5,79
12399630,71,53,4,75
12400140,32,65,-8,83
12400650,53,32,2,81
12401160,54,77,-5,86
12401670,33,66,3,83
12402180,54,25,8,75
12402690,15,53,-5,80
12403200,14,36,6,74
12403710,2,3,-5,79
12404220,97,4,7,72
12404730,89,49,-2,74
12405240,50,29,-8,82
12405750,11,98,-4,86
12406260,92,33,6,80
12406770,53,28,3,77
12407280,78,1,-4,81
12407790,99,74,5,76
12408300,57,86,-4,80
12408810,36,45,-5,85
12409320,57,28,11,74
12409830,76,1,-8,82
12410340,28,74,-5,87
12410850,29,33,8,79
12411360,8,0,-4,83
12411870,64,85,-2,85
12412380,43,74,3,82
12412890,64,33,11,71
12413400,83,61,-6,77
12413910,44,62,-7,84
12414420,65,51,6,78
12414930,84,52,5,73
12415440,1,7,-2,75
12415950,96,8,-7,82
12416460,66,53,2,80
12416970,27,54,-2,82
12417480,48,21,-1,83
12417990,26,66,3,80
12418500,14,25,5,75
12419010,11,32,-1,76
12419520,10,15,-2,78
12420030,7,21,-3,81
12420540,72,22,3,78
12421050,91,50,8,70
12421560,49,30,-11,81
12422070,50,99,-1,82
12422580,29,58,-4,86
12423090,50,25,7,79
12423600,11,18,1,78
12424110,8,1,1,77
12424620,64,86,-7,84
12425130,85,71,0,84
12425640,46,72,-1,85
12426150,67,31,8,77
12426660,28,59,-2,79
12427170,49,18,0,79
12427680,10,63,2,77
12428190,9,54,-4,81
12428700,8,45,2,79
12429210,18,36,4,75
12429720,6,19,-5,80
12430230,1,26,8,72
12430740,11,27,-5,77
12431250,6,34,1,76
12431760,5,35,-3,79
12432270,15,26,-1,80
12432780,12,33,9,71
12433290,7,16,-12,83
12433800,2,22,7,76
12434310,99,29,-3,79
12434820,78,14,-4,83
12435330,57,59,-2,85
12435840,58,42,5,80
12436350,19,43,-1,81
12436860,7,26,3,78
12437370,17,27,3,75
12437880,38,10,-7,82
12438390,39,95,-2,84
12438900,40,54,3,81
12439410,61,37,1,80
12439920,22,91,-4,84
12440430,32,80,1,83
12440940,33,39,4,79
12441450,54,22,4,75
12441960,15,67,-4,79
12442470,14,26,4,75
12442980,11,33,0,75
12443490,6,84,-1,76
12444000,87,73,-2,78
12444510,48,74,-7,85
12445020,69,33,14,71
12445530,30,61,-16,87
12446040,18,44,6,81
12446550,13,27,9,72
12447060,10,10,-10,82
12447570,7,95,4,78
12448080,88,84,3,75
12448590,46,9,1,74
12449100,8,54,-6,80
12449610,18,4,4,76
12450120,76,89,-6,82
12450630,97,14,6,76
12451140,58,59,2,74
12451650,37,42,-4,78
12452160,58,25,4,74
12452670,19,4,-8,82
12453180,16,89,-1,83
12453690,97,78,4,79
12454200,55,90,0,79
12454710,34,49,0,79
12455220,55,16,4,75
12455730,23,44,-10,85
12456240,44,27,3,82
12456750,65,10,6,76
12457260,44,27,-3,79
12457770,5,10,-3,82
12458280,61,16,2,80
12458790,29,61,-3,83
12459300,50,20,5,78
12459810,11,65,-3,81
12460320,10,56,2,79
12460830,9,47,4,75
12461340,8,38,-2,77
12461850,18,5,-2,79
12462360,15,90,-5,84
12462870,96,79,1,83
12463380,54,80,4,79
12463890,33,39,-2,81
12464400,54,22,2,79
12464910,15,35,2,77
12465420,3,18,3,74
12465930,0,19,-5,79
12466440,10,20,5,74
12466950,7,26,-2,76
12467460,2,27,6,70
12467970,12,28,-7,77
12468480,7,11,-3,80
12468990,2,17,7,73
12469500,66,18,-3,76
12470010,34,46,-10,86
12470520,55,29,1,85
12471030,56,2,5,80
12471540,77,75,-2,82
12472050,38,0,1,81
12472560,76,73,-2,83
12473070,37,100,3,80
12473580,47,59,-9,89
12474090,26,42,7,82
12474600,47,25,-1,83
12475110,48,8,3,80
12475620,67,53,4,76
12476130,28,54,-9,85
12476640,49,37,-2,87
12477150,28,20,2,85
12477660,98,3,2,83
12478170,68,28,10,73
12478680,87,56,-5,78
12479190,4,8,8,70
12479700,99,14,-5,75
12480210,60,59,-12,87
12480720,39,42,6,81
12481230,18,25,2,79
12481740,15,8,0,79
12482250,10,93,-3,82
12482760,91,28,6,76
12483270,70,56,-8,84
12483780,28,57,3,81
12484290,49,16,-2,83
12484800,28,61,-6,89
12485310,16,50,12,77
12485820,11,9,-4,81
12486330,8,94,-1,82
12486840,89,29,5,77
12487350,68,57,-6,83
12487860,87,58,15,68
12488370,4,70,-8,76
12488880,85,59,0,76
12489390,2,71,-5,81
12489900,12,2,3,78
12490410,68,87,-4,82
12490920,89,12,-1,83
12491430,50,57,1,82
12491940,71,40,5,77
12492450,49,77,-13,90
12492960,70,36,11,79
12493470,89,64,-2,81
12493980,47,76,1,80
12494490,26,35,-2,82
12495000,47,18,2,80
12495510,15,46,2,78
12496020,10,29,-1,79
12496530,5,12,1,78
12497040,61,18,-2,80
12497550,40,46,1,79
12498060,61,29,-1,80
12498570,29,57,-6,86
12499080,50,40,-1,87
12499590,29,23,2,85
12500100,8,6,5,80
12500610,64,91,-4,84
12501120,85,50,13,71
12501630,2,87,-8,79
12502140,83,18,-4,83
12502650,44,63,2,81
12503160,65,52,2,79
12503670,84,35,6,73
12504180,63,15,-4,77
12504690,42,43,-6,83
12505200,21,26,-4,87
12505710,18,9,1,86
12506220,15,94,6,80
12506730,96,29,7,73
12507240,75,14,-6,79
12507750,54,59,-4,83
12508260,75,42,9,74
12508770,94,79,-4,78
12509280,55,91,0,78
12509790,34,50,-1,79
12510300,55,33,-2,81
12510810,74,87,-3,84
12511320,95,12,8,76
12511830,56,57,-4,80
12512340,77,40,4,76
12512850,38,94,-5,81
12513360,17,53,6,75
12513870,12,12,-8,83
12514380,9,97,2,81
12514890,90,32,7,74
12515400,69,27,-4,78
12515910,48,22,-3,81
12516420,49,97,-2,83
12516930,28,56,1,82
12517440,49,39,0,82
12517950,28,22,-6,88
12518460,49,5,9,79
12518970,28,78,0,79
12519480,38,37,-2,81
12519990,59,20,10,71
12520500,38,101,-12,83
12521010,48,60,3,80
12521520,69,43,2,78
12522030,88,100,1,77
12522540,7,25,3,74
12523050,2,43,-4,78
12523560,12,34,-2,80
12524070,7,17,2,78
12524580,2,23,5,73
12525090,12,24,-7,80
12525600,7,31,6,74
12526110,2,49,-4,78
12526620,12,101,-6,84
12527130,93,11,4,80
12527640,67,56,-5,85
12528150,46,57,1,84
12528660,67,40,6,78
12529170,86,94,1,77
12529680,5,19,2,75
12530190,15,37,-10,85
12530700,10,20,10,75
12531210,5,38,1,74
12531720,4,29,-2,76
12532230,101,30,-4,80
12532740,80,42,3,77
12533250,30,22,-7,84
12533760,100,5,4,80
12534270,74,42,7,73
12534780,93,79,-2,75
12535290,51,91,-7,82
12535800,30,50,3,79
12536310,51,33,-3,82
12536820,70,16,5,77
12537330,49,33,-8,85
12537840,28,16,4,81
12538350,25,101,-7,88
12538860,36,90,6,82
12539370,46,49,1,81
12539880,25,32,-1,82
12540390,46,15,5,77
12540900,14,43,-10,87
12541410,9,26,9,78
12541920,4,33,1,77
12542430,14,51,-6,83
12542940,24,34,8,75
12543450,45,17,-11,86
12543960,46,0,7,79
12544470,67,73,0,79
12544980,88,100,-4,83
12545490,7,25,11,72
12546000,2,32,-5,77
12546510,12,23,4,73
12547020,81,6,-7,80
12547530,0,51,2,78
12548040,10,42,-2,80
12548550,9,25,2,78
12549060,4,31,3,75
12549570,14,49,-7,82
12550080,13,32,11,71
12550590,8,43,-8,79
12551100,7,31,6,73
12551610,88,49,0,73
12552120,5,86,-10,83
12552630,86,17,7,76
12553140,65,29,-1,77
12553650,84,57,0,77
12554160,1,69,0,77
12554670,11,0,-9,86
12555180,67,85,8,78
12555690,88,10,5,73
12556200,49,55,-9,82
12556710,70,38,2,80
12557220,89,75,3,77
12557730,50,87,-7,84
12558240,29,46,-2,86
12558750,50,29,5,81
12559260,51,12,6,75
12559770,30,40,-11,86
12560280,51,23,5,81
12560790,76,11,0,81
12561300,55,56,-1,82
12561810,34,39,-9,91
12562320,55,22,12,79
12562830,33,97,-9,88
12563340,34,56,11,77
12563850,55,39,-6,83
12564360,34,22,0,83
12564870,13,5,2,81
12565380,70,90,-2,83
12565890,91,79,5,78
12566400,52,4,1,77
12566910,31,71,-7,84
12567420,52,30,7,77
12567930,71,3,-5,82
12568440,72,48,3,79
12568950,33,85,-4,83
12569460,43,44,0,83
12569970,64,27,10,73
12570480,83,22,-2,75
12570990,62,17,4,71
12571500,30,98,-12,83
12572010,40,57,-3,86
12572520,61,40,7,79
12573030,62,77,-6,85
12573540,83,2,2,83
12574050,2,39,5,78
12574560,12,30,2,76
12575070,7,13,-9,85
12575580,63,24,9,76
12576090,42,19,-9,85
12576600,20,2,-4,89
12577110,76,87,6,83
12577620,97,12,9,74
12578130,71,57,-5,79
12578640,32,84,-6,85
12579150,42,43,-1,86
12579660,63,26,12,74
12580170,88,54,0,74
12580680,5,9,-2,76
12581190,61,94,-11,87
12581700,82,53,14,73
12582210,101,65,0,73
12582720,59,77,-5,78
12583230,80,66,-2,80
12583740,41,93,-5,85
12584250,20,52,7,78
12584760,15,35,-1,79
12585270,10,18,4,75
12585780,5,24,-2,77
12586290,86,30,2,75
12586800,65,25,1,74
12587310,63,20,-3,77
12587820,31,15,-7,84
12588330,101,100,2,82
12588840,20,35,1,81
12589350,41,18,-2,83
12589860,42,43,-2,85
12590370,63,26,11,74
12590880,88,21,2,72
12591390,67,23,-7,79
12591900,92,51,8,71
12592410,50,88,-13,84
12592920,29,47,4,80
12593430,50,30,-4,84
12593940,51,13,10,74
12594450,30,41,-14,88
12594960,51,24,8,80
12595470,76,99,-2,82
12595980,97,24,5,77
12596490,58,8,3,74
12597000,37,75,-12,86
12597510,16,34,10,76
12598020,11,17,-4,80
12598530,8,0,3,77
12599040,64,85,1,76
12599550,85,74,-1,77
12600060,43,101,-3,80
12600570,44,60,-3,83
12601080,65,49,1,82
12601590,66,86,-2,84
12602100,87,75,7,77
12602610,45,0,-2,79
12603120,66,73,2,77
12603630,87,100,-6,83
12604140,6,25,8,75
12604650,87,43,-5,80
12605160,10,23,6,74
12605670,5,6,-10,84
12606180,61,91,-2,86
12606690,82,50,12,74
12607200,101,2,-4,78
12607710,75,39,5,73
12608220,94,34,-2,75
12608730,73,29,4,71
12609240,92,24,-12,83
12609750,71,69,9,74
12610260,3,96,2,72
12610770,84,85,-8,80
12611280,3,10,1,79
12611790,59,21,6,73
12612300,84,49,1,72
12612810,1,29,-1,73
12613320,11,35,-4,77
12613830,6,18,0,77
12614340,1,36,0,77
12614850,11,88,-4,81
12615360,92,77,2,79
12615870,50,2,-2,81
12616380,71,75,-2,83
12616890,92,0,6,77
12617400,66,37,1,76
12617910,91,91,-3,79
12618420,10,16,1,78
12618930,5,101,-7,85
12619440,86,32,9,76
12619950,65,32,-2,78
12620460,90,60,3,75
12620970,19,72,-3,78
12621480,29,31,-4,82
12621990,50,14,3,79
12622500,51,59,2,77
12623010,72,42,-1,78
12623520,91,79,-3,81
12624030,49,4,2,79
12624540,64,77,-3,82
12625050,85,66,9,73
12625560,14,78,-10,83
12626070,95,67,4,79
12626580,24,79,1,78
12627090,34,38,-6,84
12627600,55,21,5,79
12628110,33,49,-12,91
12628620,54,16,15,76
12629130,73,44,-1,77
12629640,98,81,2,75
12630150,56,6,-6,81
12630660,71,79,0,81
12631170,92,4,7,74
12631680,66,49,-5,79
12632190,85,1,-3,82
12632700,59,46,3,79
12633210,38,29,-10,89
12633720,17,12,9,80
12634230,12,97,-5,85
12634740,93,86,8,77
12635250,12,11,-4,81
12635760,68,96,1,80
12636270,89,31,4,76
12636780,68,26,4,72
12637290,87,21,-2,74
12637800,48,66,-8,82
12638310,69,55,11,71
12638820,88,7,-4,75
12639330,62,52,-4,79
12639840,83,35,11,68
12640350,0,14,-14,82
12640860,64,32,7,75
12641370,89,60,-3,78
12641880,18,12,2,76
12642390,15,97,-5,81
12642900,96,86,2,79
12643410,57,11,4,75
12643920,36,78,-8,83
12644430,15,37,4,79
12644940,10,20,8,71
12645450,5,27,-3,74
12645960,0,33,-3,77
12646470,10,51,-2,79
12646980,20,1,-6,85
12647490,58,65,1,84
12648000,79,48,11,73
12648510,98,85,-4,77
12649020,56,20,4,73
12649530,35,48,-9,82
12650040,56,31,4,78
12650550,81,85,-3,81
12651060,13,20,0,81
12651570,34,27,-2,83
12652080,13,10,-1,84
12652590,69,95,4,80
12653100,90,84,6,74
12653610,9,19,-8,82
12654120,4,26,11,71
12654630,101,44,-7,78
12655140,80,24,3,75
12655650,59,19,0,75
12656160,78,47,-1,76
12656670,97,84,-4,80
12657180,55,9,4,76
12657690,34,54,-8,84
12658200,55,21,6,78
12658710,56,49,-4,82
12659220,35,32,1,81
12659730,56,15,7,74
12660240,35,43,-6,80
12660750,56,26,4,76
12661260,81,14,-1,77
12661770,42,31,-7,84
12662280,21,14,-2,86
12662790,18,99,4,82
12663300,99,88,2,80
12663810,57,13,5,75
12664320,76,41,-4,79
12664830,95,95,-1,80
12665340,14,30,4,76
12665850,9,37,-4,80
12666360,8,20,7,73
12666870,3,26,2,71
12667380,13,32,-8,79
12667890,8,101,-3,82
12668400,89,90,1,81
12668910,8,25,3,78
12669420,3,32,4,74
12669930,13,50,-3,77
12670440,23,33,-3,80
12670950,44,16,-3,83
12671460,45,101,6,77
12671970,46,60,-11,88
12672480,25,43,7,81
12672990,46,5,3,78
12673500,47,78,1,77
12674010,26,37,-9,86
12674520,47,20,2,84
12675030,48,3,3,81
12675540,69,76,-2,83
12676050,90,1,3,80
12676560,64,46,0,80
12677070,65,100,-4,84
12677580,86,59,9,75
12678090,75,8,-3,78
12678600,54,53,-7,85
12679110,33,36,5,80
12679620,54,19,1,79
12680130,79,64,-3,82
12680640,40,16,1,81
12681150,41,101,-1,82
12681660,42,60,0,82
12682170,63,49,5,77
12682680,42,32,-6,83
12683190,43,15,3,80
12683700,44,100,-1,81
12684210,45,59,-10,91
12684720,24,42,9,82
12685230,45,25,-4,86
12685740,46,8,7,79
12686250,47,53,-4,83
12686760,26,36,-1,84
12687270,47,19,4,80
12687780,48,64,-5,85
12688290,69,53,8,77
12688800,88,90,-4,81
12689310,7,25,5,76
12689820,2,43,1,75
12690330,12,34,-2,77
12690840,7,17,0,77
12691350,2,23,1,76
12691860,83,29,0,76
12692370,62,24,3,73
12692880,81,52,-1,74
12693390,10,4,-5,79
12693900,66,89,-5,84
12694410,87,78,3,81
12694920,45,13,-1,82
12695430,46,58,-1,83
12695940,67,47,6,77
12696450,70,84,-9,86
12696960,91,19,13,73
12697470,61,64,-15,88
12697980,40,47,7,81
12698490,61,30,2,79
12699000,62,58,0,79
12699510,83,41,6,73
12700020,0,21,-1,74
12700530,10,39,-3,77
12701040,5,22,1,76
12701550,0,40,2,74
12702060,10,92,-6,80
12702570,91,27,7,73
12703080,70,50,-11,84
12703590,71,2,-3,87
12704100,92,75,6,81
12704610,21,87,4,77
12705120,28,15,-4,81
12705630,98,100,2,79
12706140,17,35,3,76
12706650,12,42,-7,83
12707160,7,25,2,81
12707670,71,43,7,74
12708180,90,80,-6,80
12708690,51,15,-1,81
12709200,52,60,1,80
12709710,73,49,5,75
12710220,92,1,-6,81
12710730,66,46,4,77
12711240,85,83,-3,80
12711750,4,18,1,79
12712260,101,25,0,79
12712770,80,62,-1,80
12713280,41,99,-1,81
12713790,42,58,0,81
12714300,63,47,3,78
12714810,82,101,-3,81
12715320,1,36,13,68
12715830,11,88,-15,83
12716340,92,77,2,81
12716850,50,12,0,81
12717360,53,57,-6,87
12717870,74,40,10,77
12718380,93,77,1,76
12718890,22,29,-1,77
12719400,43,12,-9,86
12719910,44,97,6,80
12720420,45,56,0,80
12720930,66,45,3,77
12721440,85,82,-4,81
12721950,4,17,1,80
12722460,60,35,4,76
12722970,61,72,-2,78
12723480,82,61,1,77
12723990,11,13,7,70
12724500,6,98,-12,82
12725010,87,33,9,73
12725520,4,13,-4,77
12726030,60,24,4,73
12726540,85,52,-3,76
12727050,14,89,-3,79
12727560,95,43,5,74
12728070,53,23,-4,78
12728580,78,98,-3,81
12729090,99,33,0,81
12729600,78,70,1,80
12730110,73,22,4,76
12730620,69,17,-8,84
12731130,30,34,-7,91
12731640,27,17,3,88
12732150,22,0,-9,97
12732660,78,85,6,91
12733170,73,10,7,84
12733680,69,55,-3,87
12734190,72,92,0,87
12734700,93,81,6,81
12735210,51,16,2,79
12735720,52,61,-5,84
12736230,73,50,13,71
12736740,92,2,-2,73
12737250,66,47,-7,80
12737760,85,84,-2,82
12738270,4,19,6,76
12738780,68,37,5,71
12739290,87,91,-11,82
12739800,6,26,4,78
12740310,1,44,-3,81
12740820,82,96,0,81
12741330,1,21,7,74
12741840,65,39,-2,76
12742350,90,93,-7,83
12742860,9,28,2,81
12743370,4,46,-1,82
12743880,14,98,-2,84
12744390,95,33,13,71
12744900,51,13,-9,80
12745410,52,41,-3,83
12745920,53,24,2,81
12746430,54,99,-4,85
12746940,33,58,-3,88
12747450,54,41,8,80
12747960,55,24,-1,81
12748470,80,99,0,81
12748980,101,34,1,80
12749490,80,71,-2,82
12750000,81,6,1,81
12750510,33,51,2,79
12751020,54,18,7,72
12751530,10,63,-11,83
12752040,20,52,3,80
12752550,15,11,0,80
12753060,12,96,4,76
12753570,93,85,-2,78
12754080,12,10,-2,80
12754590,68,95,-1,81
12755100,89,54,7,74
12755610,18,6,-1,75
12756120,74,91,-5,80
12756630,95,26,-1,81
12757140,91,63,7,74
12757650,20,15,-9,83
12758160,17,100,-1,84
12758670,98,35,2,82
12759180,77,15,9,73
12759690,73,32,-9,82
12760200,29,12,-11,93
12760710,67,97,10,83
12761220,88,56,3,80
12761730,44,8,3,77
12762240,47,53,-10,87
12762750,68,36,10,77
12763260,93,31,8,69
12763770,89,11,-10,79
12764280,63,56,-12,91
12764790,64,39,11,80
12765300,65,76,-5,85
12765810,86,65,7,78
12766320,15,77,-6,84
12766830,22,66,7,77
12767340,29,25,-6,83
12767850,50,8,5,78
12768360,53,53,-12,90
12768870,54,36,15,75
12769380,55,73,-6,81
12769890,76,62,-3,84
12770400,5,63,6,78
12770910,86,90,-2,80
12771420,5,25,7,73
12771930,0,31,-4,77
12772440,81,82,-7,84
12772950,0,7,11,73
12773460,95,8,-3,76
12773970,69,53,3,73
12774480,88,54,1,72
12774990,44,34,-13,85
12775500,45,17,6,79
12776010,46,62,-7,86
12776520,67,51,8,78
12777030,92,52,5,73
12777540,21,32,0,73
12778050,42,39,-11,84
12778560,43,22,-7,91
12779070,44,5,10,81
12779580,45,50,-6,87
12780090,66,33,12,75
12780600,91,13,-4,79
12781110,61,58,3,76
12781620,82,47,-5,81
12782130,5,84,6,75
12782640,87,73,1,74
12783150,16,74,-5,79
12783660,97,63,7,72
12784170,53,75,-12,84
12784680,74,64,7,77
12785190,3,101,-7,84
12785700,84,36,12,72
12786210,62,16,-9,81
12786720,63,44,5,76
12787230,64,98,-10,86
12787740,85,57,12,74
12788250,41,9,-5,79
12788760,99,82,5,74
12789270,55,83,-5,79
12789780,76,42,5,74
12790290,101,22,0,74
12790800,57,59,-6,80
12791310,78,42,5,75
12791820,1,22,-5,80
12792330,11,28,2,78
12792840,6,35,1,77
12793350,16,42,0,77
12793860,11,9,2,75
12794370,6,94,-3,78
12794880,87,25,3,75
12795390,66,42,-2,77
12795900,91,96,-4,81
12796410,10,21,10,71
12796920,5,28,-8,79
12797430,86,46,5,74
12797940,42,26,-8,82
12798450,43,9,6,76
12798960,44,54,-8,84
12799470,65,21,15,69
12799980,21,16,-9,78
12800490,18,101,-1,79
12801000,99,90,0,79
12801510,57,42,-1,80
12802020,82,25,2,78
12802530,78,27,-3,81
12803040,57,22,5,76
12803550,13,1,-10,86
12804060,69,86,0,86
12804570,90,21,7,79
12805080,60,66,-9,88
12805590,81,49,7,81
12806100,10,1,3,78
12806610,66,86,-3,81
12807120,87,75,-2,83
12807630,16,76,9,74
12808140,97,65,-7,81
12808650,26,0,8,73
12809160,82,85,-15,88
12809670,1,68,4,84
12810180,11,101,10,74
12810690,92,90,-10,84
12811200,11,15,2,82
12811710,6,100,3,79
12812220,87,89,-8,87
12812730,6,24,10,77
12813240,1,31,0,77
12813750,11,82,-1,78
12814260,92,71,3,75
12814770,21,72,-1,76
12815280,31,31,-4,80
12815790,52,100,-1,81
12816300,31,59,-6,87
12816810,46,26,8,79
12817320,71,9,0,79
12817830,92,82,1,78
12818340,50,94,-1,79
12818850,29,53,-8,87
12819360,50,42,1,86
12819870,51,25,5,81
12820380,52,100,8,73
12820890,31,59,-9,82
12821400,52,48,-1,83
12821910,53,31,10,73
12822420,66,19,-5,78
12822930,34,47,-1,79
12823440,55,14,0,79
12823950,56,42,-2,81
12824460,81,25,8,73
12824970,60,20,-5,78
12825480,65,65,-9,87
12825990,86,48,13,74
12826500,42,27,-10,84
12827010,43,10,4,80
12827520,101,95,2,78
12828030,59,20,4,74
12828540,84,15,-2,76
12829050,45,60,-6,82
12829560,94,27,7,75
12830070,52,44,-9,84
12830580,55,27,5,79
12831090,80,55,0,79
12831600,3,7,-1,80
12832110,59,46,1,79
12832620,60,29,6,73
12833130,85,9,-7,80
12833640,55,54,-8,88
12834150,76,37,18,70
12834660,5,32,-7,77
12835170,15,50,1,76
12835680,14,33,-6,82
12836190,11,16,1,81
12836700,8,27,5,76
12837210,3,45,0,76
12837720,13,58,-5,81
12838230,23,41,-5,86
12838740,44,24,6,80
12839250,69,7,1,79
12839760,70,52,1,78
12840270,31,4,-3,81
12840780,92,89,-4,85
12841290,11,14,14,71
12841800,4,99,-9,80
12842310,85,34,10,70
12842820,64,29,-5,75
12843330,89,24,3,72
12843840,68,41,-3,75
12844350,93,9,-4,79
12844860,67,54,0,79
12845370,41,37,-7,86
12845880,36,20,-3,89
12846390,39,3,5,84
12846900,77,76,-3,87
12847410,98,59,13,74
12847920,54,39,-7,81
12848430,55,22,6,75
12848940,80,50,-1,76
12849450,9,2,-8,84
12849960,65,87,8,76
12850470,86,76,-2,78
12850980,44,1,-4,82
12851490,45,74,1,81
12852000,66,33,7,74
12852510,91,28,0,74
12853020,49,23,-5,79
12853530,74,98,-1,80
12854040,95,23,4,76
12854550,74,40,-5,81
12855060,99,20,6,75
12855570,13,65,-10,85
12856080,94,56,14,71
12856590,50,36,-8,79
12857100,51,3,2,77
12857610,72,86,-3,80
12858120,93,11,1,79
12858630,85,56,9,70
12859140,14,11,-10,80
12859650,70,96,-1,81
12860160,91,85,1,80
12860670,49,10,3,77
12861180,68,55,3,74
12861690,93,82,1,73
12862200,51,7,-7,80
12862710,52,80,-2,82
12863220,73,39,13,69
12863730,98,19,-6,75
12864240,68,64,-8,83
12864750,89,47,10,73
12865260,18,27,-3,76
12865770,15,34,0,76
12866280,10,41,-4,80
12866790,5,24,0,80
12867300,0,42,8,72
12867810,10,33,-4,76
12868320,5,16,1,75
12868830,0,34,-4,79
12869340,10,25,6,73
12869850,5,32,-9,82
12870360,86,83,2,80
12870870,5,8,6,74
12871380,61,77,-15,89
12871890,82,66,13,76
12872400,11,93,-12,88
12872910,92,28,9,79
12873420,50,45,5,74
12873930,51,86,-6,80
12874440,72,45,7,73
12874950,97,99,-7,80
12875460,16,24,2,78
12875970,13,31,0,78
12876480,8,38,1,77
12876990,72,21,2,75
12877500,91,38,1,74
12878010,8,18,-5,79
12878520,3,36,-1,80
12879030,13,49,-2,82
12879540,23,32,0,82
12880050,44,15,2,80
12880560,69,100,-3,83
12881070,90,35,8,75
12881580,53,30,-1,76
12882090,78,99,-14,90
12882600,99,24,8,82
12883110,12,36,1,81
12883620,7,19,-4,85
12884130,8,37,10,75
12884640,58,28,-6,81
12885150,83,56,7,74
12885660,12,11,-4,78
12886170,68,80,-2,80
12886680,89,5,1,79
12887190,59,50,-1,80
12887700,84,33,9,71
12888210,1,28,-3,74
12888720,11,34,-2,76
12889230,21,1,-5,81
12889740,85,86,-3,84
12890250,4,77,10,74
12890760,85,66,1,73
12891270,14,28,-5,78
12891780,9,46,-2,80
12892290,90,37,7,73
12892800,48,16,-8,81
12893310,49,61,-9,90
12893820,70,44,14,76
12894330,95,98,-3,79
12894840,14,23,4,75
12895350,9,30,2,73
12895860,4,48,-8,81
12896370,85,39,9,72
12896880,8,19,-15,87
12897390,3,26,10,77
12897900,13,44,-5,82
12898410,8,27,5,77
12898920,3,34,-1,78
12899430,67,52,-1,79
12899940,92,79,4,75
12900450,50,4,-8,83
12900960,51,77,2,81
12901470,72,66,4,77
12901980,67,93,-4,81
12902490,88,18,5,76
12903000,66,63,-8,84
12903510,67,15,11,73
12904020,68,32,1,72
12904530,93,11,-7,79
12905040,63,56,0,79
12905550,64,83,-7,86
12906060,85,72,11,75
12906570,43,99,-9,84
12907080,44,58,4,80
12907590,65,25,10,70
12908100,90,20,-8,78
12908610,60,65,-7,85
12909120,61,48,2,83
12909630,62,31,8,75
12910140,87,26,-2,77
12910650,66,21,3,74
12911160,91,16,0,74
12911670,61,61,-9,83
12912180,62,44,10,73
12912690,87,81,-13,86
12913200,6,6,7,79
12913710,62,17,6,73
12914220,63,34,-1,74
12914730,88,29,4,70
12915240,44,24,-8,78
12915750,69,93,-8,86
12916260,90,82,10,76
12916770,48,7,-6,82
12917280,49,80,3,79
12917790,70,39,2,77
12918300,95,93,-1,78
12918810,14,18,-1,79
12919320,11,24,2,77
12919830,6,31,-1,78
12920340,70,49,-2,80
12920850,71,1,5,75
12921360,92,34,-1,76
12921870,15,29,-3,79
12922380,12,98,1,78
12922890,93,87,-4,82
12923400,12,23,9,73
12923910,7,30,-3,76
12924420,2,53,-2,78
12924930,12,44,0,78
12925440,11,32,2,76
12925950,6,101,-7,83
12926460,87,90,1,82
12926970,6,15,5,77
12927480,1,54,-1,78
12927990,11,45,0,78
12928500,21,12,0,78
12929010,18,97,-1,79
12929520,72,86,-6,85
12930030,93,75,0,85
12930540,51,0,8,77
12931050,72,73,-6,83
12931560,93,100,6,77
12932070,12,25,2,75
12932580,7,31,-4,79
12933090,17,49,2,77
12933600,27,16,-2,79
12934110,5,85,-6,85
12934620,15,16,9,76
12935130,12,101,-4,80
12935640,93,90,0,80
12936150,12,15,-2,82
12936660,9,26,12,70
12937170,4,33,-14,84
12937680,68,84,-1,85
12938190,89,9,9,76
12938700,59,54,-2,78
12939210,60,37,1,77
12939720,61,91,-5,82
12940230,82,50,10,72
12940740,38,5,-6,78
12941250,99,78,-1,79
12941760,28,90,-4,83
12942270,38,79,-3,86
12942780,59,38,12,74
12943290,84,92,-13,87
12943800,3,17,14,73
12944310,22,35,-2,75
12944820,43,18,-5,80
12945330,68,1,7,73
12945840,89,74,-9,82
12946350,47,101,-1,83
12946860,48,60,5,78
12947370,69,49,-4,82
12947880,70,1,3,79
12948390,91,74,5,74
12948900,49,86,-10,84
12949410,70,45,5,79
12949920,95,82,7,72
12950430,53,94,-8,80
12950940,32,53,-1,81
12951450,53,20,3,78
12951960,78,40,-1,79
12952470,1,35,4,75
12952980,11,26,-3,78
12953490,8,44,-1,79
12954000,18,35,-3,82
12954510,15,2,-1,83
12955020,71,87,1,82
12955530,92,76,2,80
12956040,50,1,-4,84
12956550,51,74,1,83
12957060,72,63,1,82
12957570,93,46,11,71
12958080,49,35,-13,84
12958590,50,18,8,76
12959100,51,38,-9,85
12959610,52,21,7,78
12960120,53,0,0,78
12960630,74,73,-2,80
12961140,95,100,3,77
12961650,14,25,-3,80
12962160,11,60,-5,85
12962670,18,49,5,80
12963180,13,32,4,76
12963690,8,21,-1,77
12964200,3,28,0,77
12964710,67,79,-6,83
12965220,88,4,7,76
12965730,62,77,-3,79
12966240,83,66,7,72
12966750,12,14,-6,78
12967260,9,99,-4,82
12967770,90,88,-4,86
12968280,9,13,6,80
12968790,6,76,4,76
12969300,87,1,-4,80
12969810,61,26,0,80
12970320,86,46,12,68
12970830,9,35,-7,75
12971340,19,53,-3,78
12971850,14,12,-3,81
12972360,11,97,0,81
12972870,92,86,-1,82
12973380,11,11,1,81
12973890,67,96,3,78
12974400,88,55,6,72
12974910,44,7,-8,80
12975420,3,80,-2,82
12975930,13,11,7,75
12976440,69,96,-8,83
12976950,90,55,10,73
12977460,46,67,-13,86
12977970,67,34,8,78
12978480,92,54,8,70
12978990,48,6,-9,79
12979500,49,79,6,73
12980010,70,38,-3,76
12980520,95,92,-7,83
12981030,14,17,7,76
12981540,11,0,0,76
12982050,67,85,-10,86
12982560,88,74,7,79
12983070,46,26,-6,85
12983580,47,95,10,75
12984090,37,54,-14,89
12984600,58,43,2,87
12985110,59,26,6,81
12985620,60,5,6,75
12986130,61,78,-8,83
12986640,82,67,10,73
12987150,5,79,-5,78
12987660,86,68,0,78
12988170,44,20,-2,80
12988680,69,3,0,80
12989190,70,76,-3,83
12989700,91,1,1,82
12990210,10,26,3,79
12990720,5,33,4,75
12991230,0,51,-3,78
12991740,10,42,-2,80
12992250,5,49,-4,84
12992760,69,40,9,75
12993270,94,94,-6,81
12993780,13,19,-1,82
12994290,8,30,12,70
12994800,3,48,-12,82
12995310,67,39,9,73
12995820,92,93,-7,80
12996330,11,18,-2,82
12996840,8,24,5,77
12997350,3,31,1,76
12997860,67,49,-5,81
12998370,92,50,4,77
12998880,15,39,-8,85
12999390,10,22,11,74
12999900,7,29,2,72
13000410,2,47,-4,76
13000920,77,38,2,74
13001430,0,33,-2,76
13001940,10,24,0,76
13002450,5,42,-8,84
13002960,15,33,3,81
13003470,10,16,3,78
13003980,7,22,2,76
13004490,17,40,-5,81
13005000,12,23,5,76
13005510,9,30,1,75
13006020,4,48,-5,80
13006530,14,34,6,74
13007040,9,17,-11,85
13007550,6,23,9,76
13008060,1,41,-3,79
13008570,11,92,1,78
13009080,92,81,5,73
13009590,50,6,-7,80
13010100,51,79,4,76
13010610,72,38,1,75
13011120,97,92,-5,80
13011630,16,17,4,76
13012140,13,0,-1,77
13012650,69,85,-12,89
13013160,90,74,7,82
13013670,19,101,3,79
13014180,30,90,-1,80
13014690,31,49,1,79
13015200,52,16,-2,81
13015710,53,89,3,78
13016220,74,48,3,75
13016730,99,0,-2,77
13017240,73,25,-1,78
13017750,29,20,-6,84
13018260,30,3,6,78
13018770,31,88,-7,85
13019280,32,47,2,83
13019790,53,14,9,74
13020300,54,87,-7,81
13020810,75,46,2,79
13021320,100,100,0,79
13021830,19,25,-2,81
13022340,40,8,-1,82
13022850,41,81,-3,85
13023360,20,40,8,77
13023870,17,7,-4,81
13024380,73,92,-4,85
13024890,94,17,11,74
13025400,72,62,-9,83
13025910,30,51,2,81
13026420,51,18,6,75
13026930,76,91,-7,82
13027440,97,16,10,72
13027950,53,91,-9,81
13028460,74,50,6,75
13028970,99,87,-2,77
13029480,57,12,2,75
13029990,58,85,-5,80
13030500,79,44,3,77
13031010,2,98,-2,79
13031520,83,87,-6,85
13032030,2,12,2,83
13032540,66,23,3,80
13033050,67,18,5,75
13033560,68,38,0,75
13034070,93,92,-7,82
13034580,12,17,1,81
13035090,9,28,4,77
13035600,4,35,1,76
13036110,68,84,-4,80
13036620,89,73,1,79
13037130,47,100,-2,81
13037640,37,59,-5,86
13038150,58,26,14,72
13038660,83,99,-4,76
13039170,60,24,2,74
13039680,85,19,4,70
13040190,81,71,-8,78
13040700,39,36,-5,83
13041210,60,19,6,77
13041720,85,39,9,68
13042230,8,28,-9,77
13042740,72,34,1,76
13043250,97,29,1,75
13043760,55,46,-6,81
13044270,56,29,5,76
13044780,81,98,-4,80
13045290,0,23,9,71
13045800,64,29,-4,75
13046310,87,8,-11,86
13046820,61,81,10,76
13047330,82,70,-2,78
13047840,40,22,0,78
13048350,41,5,-1,79
13048860,42,78,-1,80
13049370,63,37,6,74
13049880,88,75,-9,83
13050390,46,27,0,83
13050900,47,10,4,79
13051410,48,83,-7,86
13051920,69,42,10,76
13052430,94,80,1,75
13052940,52,32,-1,76
13053450,53,52,-5,81
13053960,74,35,6,75
13054470,30,30,-5,80
13054980,27,13,0,80
13055490,24,90,-3,83
13056000,34,79,-6,89
13056510,24,38,9,80
13057020,45,21,-2,82
13057530,46,4,3,79
13058040,47,77,3,76
13058550,68,36,3,73
13059060,93,90,-9,82
13059570,51,15,5,77
13060080,52,88,-5,82
13060590,73,47,4,78
13061100,36,85,-4,82
13061610,26,44,-2,84
13062120,47,27,4,80
13062630,72,10,4,76
13063140,73,83,-1,77
13063650,94,72,-1,78
13064160,52,24,-1,79
13064670,57,44,-1,80
13065180,58,27,5,75
13065690,83,47,-1,76
13066200,6,101,0,76
13066710,87,90,-6,82
13067220,6,79,5,77
13067730,87,68,-2,79
13068240,45,20,-3,82
13068750,46,3,3,79
13069260,47,76,-3,82
13069770,68,35,7,75
13070280,93,89,-5,80
13070790,51,14,8,72
13071300,29,87,-11,83
13071810,30,46,2,81
13072320,51,29,7,74
13072830,52,49,-11,85
13073340,53,32,11,74
13073850,78,86,-8,82
13074360,99,11,7,75
13074870,73,84,-11,86
13075380,94,73,7,79
13075890,52,25,5,74
13076400,77,45,1,73
13076910,0,99,-10,83
13077420,81,88,-5,88
13077930,0,24,14,74
13078440,64,30,3,71
13078950,89,3,-12,83
13079460,63,76,-3,86
13079970,84,65,15,71
13080480,42,17,-10,81
13080990,67,0,4,77
13081500,88,73,-7,84
13082010,46,74,1,83
13082520,67,33,4,79
13083030,68,87,-8,87
13083540,89,76,12,75
13084050,47,65,-5,80
13084560,68,54,2,78
13085070,87,37,5,73
13085580,92,32,-1,74
13086090,50,27,-4,78
13086600,75,47,1,77
13087110,100,101,-3,80
13087620,19,26,7,73
13088130,40,9,-9,82
13088640,2,94,3,79
13089150,83,83,-3,82
13089660,2,11,11,71
13090170,58,17,-7,78
13090680,59,90,0,78
13091190,80,49,8,70
13091700,43,1,-3,73
13092210,44,74,-11,84
13092720,65,77,-3,87
13093230,86,66,19,68
13093740,42,18,-14,82
13094250,43,1,1,81
13094760,44,74,-1,82
13095270,65,33,6,76
13095780,90,87,-11,87
13096290,72,12,14,73
13096800,68,85,-3,76
13097310,89,74,-6,82
13097820,47,26,5,77
13098330,48,9,-2,79
13098840,49,82,-12,91
13099350,70,41,17,74
13099860,95,95,-8,82
13100370,14,20,0,82
13100880,11,26,7,75
13101390,8,9,-3,78
13101900,64,94,-4,82
13102410,85,53,4,78
13102920,8,5,-4,82
13103430,64,90,0,82
13103940,85,79,4,78
13104450,43,31,-4,82
13104960,44,14,1,81
13105470,45,99,2,79
13105980,46,58,0,79
13106490,67,41,-3,82
13107000,45,95,-3,85
13107510,46,54,2,83
13108020,67,37,6,77
13108530,92,91,-6,83
13109040,11,16,9,74
13109550,8,22,-1,75
13110060,5,28,1,74
13110570,69,34,-1,75
13111080,94,88,-10,85
13111590,13,40,5,80
13112100,20,23,4,76
13112610,17,6,-6,82
13113120,73,91,1,81
13113630,94,80,2,79
13114140,52,32,3,76
13114650,53,15,-2,78
13115160,58,88,-3,81
13115670,79,47,5,76
13116180,57,101,-4,80
13116690,78,60,-3,83
13117200,36,12,-1,84
13117710,37,97,1,83
13118220,38,56,4,79
13118730,59,45,-5,84
13119240,60,28,5,79
13119750,85,82,0,79
13120260,43,34,-4,83
13120770,44,17,0,83
13121280,45,0,2,81
13121790,46,73,2,79
13122300,67,32,6,73
13122810,92,86,-5,78
13123320,11,38,-3,81
13123830,75,21,4,77
13124340,71,38,-2,79
13124850,49,92,-10,89
13125360,70,51,11,78
13125870,71,89,-3,81
13126380,92,78,7,74
13126890,50,30,-6,80
13127400,51,22,-3,83
13127910,52,5,3,80
13128420,53,78,1,79
13128930,74,67,-5,84
13129440,46,50,-3,87
13129950,67,33,11,76
13130460,72,87,-13,89
13130970,53,76,6,83
13131480,74,65,1,82
13131990,75,17,-1,83
13132500,76,90,3,80
13133010,97,79,3,77
13133520,55,31,1,76
13134030,80,19,5,71
13134540,81,36,1,70
13135050,4,31,-4,74
13135560,85,82,-6,80
13136070,4,34,7,73
13136580,68,1,-12,85
13137090,89,74,-3,88
13137600,12,75,12,76
13138110,93,64,-2,78
13138620,49,16,0,78
13139130,50,89,0,78
13139640,51,48,0,78
13140150,52,31,0,78
13140660,77,14,0,78
13141170,78,87,-2,80
13141680,99,76,-5,85
13142190,28,28,-2,87
13142700,49,11,6,81
13143210,50,84,-2,83
13143720,71,43,9,74
13144230,96,97,-9,83
13144740,15,22,5,78
13145250,12,5,-5,83
13145760,68,90,2,81
13146270,89,79,7,74
13146780,47,31,-3,77
13147290,48,14,-4,81
13147800,49,87,-1,82
13148310,50,46,-3,85
13148820,71,29,13,72
13149330,76,83,-11,83
13149840,97,35,10,73
13150350,55,30,-1,74
13150860,80,3,-7,81
13151370,101,76,8,73
13151880,24,28,-3,76
13152390,21,11,-5,81
13152900,18,96,2,79
13153410,99,85,-3,82
13153920,57,37,6,76
13154430,58,75,0,76
13154940,79,64,-3,79
13155450,2,16,4,75
13155960,66,22,0,75
13156470,67,39,-4,79
13156980,92,93,-2,81
13157490,11,45,0,81
13158000,18,28,2,79
13158510,15,11,-2,81
13159020,71,96,-7,88
13159530,92,85,4,84
13160040,11,37,2,82
13160550,18,20,4,78
13161060,15,3,0,78
13161570,71,88,-6,84
13162080,92,77,7,77
13162590,50,29,-7,84
13163100,51,17,3,81
13163610,52,90,1,80
13164120,73,49,1,79
13164630,51,1,0,79
13165140,52,74,-2,81
13165650,73,63,0,81
13166160,74,46,2,79
13166670,99,100,-1,80
13167180,18,52,6,74
13167690,13,11,-5,79
13168200,69,96,-4,83
13168710,90,55,7,76
13169220,46,7,-2,78
13169730,47,80,-9,87
13170240,68,39,13,74
13170750,93,93,-5,79
13171260,12,45,0,79
13171770,19,44,7,72
13172280,14,27,-9,81
13172790,11,10,-1,82
13173300,67,95,-2,84
13173810,88,54,15,69
13174320,44,6,-8,77
13174830,45,79,-3,80
13175340,66,38,1,79
13175850,91,92,-5,84
13176360,10,44,-3,87
13176870,74,51,7,80
13177380,99,3,8,72
13177890,73,76,-5,77
13178400,94,59,-2,79
13178910,50,11,-1,80
13179420,51,84,-3,83
13179930,72,43,7,76
13180440,50,97,-7,83
13180950,51,56,-6,89
13181460,72,39,15,74
13181970,97,93,-10,84
13182480,16,45,8,76
13182990,11,32,-2,78
13183500,8,38,4,74
13184010,18,44,-3,77
13184520,13,27,1,76
13185030,10,10,0,76
13185540,66,95,-8,84
13186050,87,54,13,71
13186560,43,6,-11,82
13187070,44,79,-4,86
13187580,65,38,11,75
13188090,90,92,-14,89
13188600,9,44,11,78
13189110,73,35,2,76
13189620,78,89,-7,83
13190130,99,41,8,75
13190640,77,58,-4,79
13191150,35,10,-3,82
13191660,30,95,4,78
13192170,31,54,-3,81
13192680,52,43,3,78
13193190,53,26,-1,79
13193700,54,101,7,72
13194210,44,60,-6,78
13194720,65,49,-2,80
13195230,90,32,4,76
13195740,86,27,-1,77
13196250,82,22,3,74
13196760,78,39,0,74
13197270,34,93,-8,82
13197780,35,52,7,75
13198290,56,41,-12,87
13198800,57,24,14,73
13199310,82,3,-12,85
13199820,56,76,10,75
13200330,77,65,-2,77
13200840,35,17,-3,80
13201350,13,0,-6,86
13201860,69,85,-1,87
13202370,90,74,10,77
13202880,48,26,0,77
13203390,26,9,-8,85
13203900,90,94,10,75
13204410,9,46,-7,82
13204920,73,37,6,76
13205430,98,91,-4,80
13205940,56,43,2,78
13206450,81,26,4,74
13206960,82,21,2,72
13207470,78,38,-3,75
13207980,34,92,-7,82
13208490,35,51,3,79
13209000,56,18,4,75
13209510,57,91,-2,77
13210020,78,50,-4,81
13210530,1,2,3,78
13211040,96,87,-3,81
13211550,54,39,-3,84
13212060,55,22,9,75
13212570,95,95,-9,84
13213080,14,47,5,79
13213590,21,34,3,76
13214100,42,17,-4,80
13214610,43,0,2,78
13215120,2,73,-4,82
13215630,83,64,6,76
13216140,41,16,-8,84
13216650,42,38,-1,85
13217160,43,21,-3,88
13217670,44,4,5,83
13218180,45,77,5,78
13218690,66,36,2,76
13219200,91,90,-8,84
13219710,10,42,6,78
13220220,17,33,0,78
13220730,18,16,0,78
13221240,15,22,-1,79
13221750,12,28,0,79
13222260,7,34,6,73
13222770,71,21,-6,79
13223280,72,38,3,76
13223790,97,92,-10,86
13224300,55,44,13,73
13224810,56,27,-4,77
13225320,84,0,-6,83
13225830,58,73,4,79
13226340,79,62,2,77
13226850,37,14,-8,85
13227360,75,99,1,84
13227870,96,58,12,72
13228380,52,59,-5,77
13228890,73,42,3,74
13229400,98,96,-3,77
13229910,17,48,1,76
13230420,12,35,-1,77
13230930,19,41,-1,78
13231440,40,24,-4,82
13231950,41,7,2,80
13232460,42,80,4,76
13232970,63,39,-1,77
13233480,19,93,-3,80
13233990,26,52,2,78
13234500,47,34,-2,80
13235010,48,17,0,80
13235520,23,90,-2,82
13236030,30,79,-2,84
13236540,51,38,5,79
13237050,52,21,6,73
13237560,8,96,-10,83
13238070,89,85,-1,84
13238580,8,37,10,74
13239090,3,88,-5,79
13239600,68,37,5,74
13240110,93,91,-7,81
13240620,51,43,0,81
13241130,52,26,-2,83
13241640,80,46,13,70
13242150,36,100,-11,81
13242660,39,59,0,81
13243170,60,48,3,78
13243680,85,31,4,74
13244190,41,26,-5,79
13244700,42,9,0,79
13245210,43,82,-1,80
13245720,64,41,-1,81
13246230,89,60,11,70
13246740,45,12,-16,86
13247250,46,85,5,81
13247760,67,44,3,78
13248270,92,98,-2,80
13248780,11,23,8,72
13249290,6,29,-8,80
13249800,70,35,9,71
13250310,95,30,-10,81
13250820,51,50,0,81
13251330,52,33,1,80
13251840,77,16,6,74
13252350,73,33,-3,77
13252860,29,28,-9,86
13253370,50,11,4,82
13253880,12,84,4,78
13254390,19,73,-5,83
13254900,26,32,5,78
13255410,47,15,-2,80
13255920,22,35,2,78
13256430,43,2,-5,83
13256940,44,75,-3,86
13257450,65,34,8,78
13257960,90,29,6,72
13258470,46,46,-8,80
13258980,47,29,0,80
13259490,72,12,1,79
13260000,68,85,-7,86
13260510,89,44,13,73
13261020,45,39,-12,85
13261530,46,22,7,78
13262040,47,42,-4,82
13262550,68,25,7,75
13263060,93,4,-3,78
13263570,67,77,-5,83
13264080,88,66,8,75
13264590,44,67,-4,79
13265100,65,26,6,73
13265610,21,21,-8,81
13266120,18,27,3,78
13266630,39,10,-1,79
13267140,97,95,3,76
13267650,16,20,-3,79
13268160,37,26,-5,84
13268670,38,9,7,77
13269180,96,94,-3,80
13269690,15,19,4,76
13270200,12,25,-6,82
13270710,9,31,4,78
13271220,73,37,3,75
13271730,29,32,-7,82
13272240,50,15,2,80
13272750,51,88,-2,82
13273260,72,47,11,71
13273770,97,101,-4,75
13274280,16,26,-6,81
13274790,13,54,2,79
13275300,94,45,4,75
13275810,50,62,-11,86
13276320,71,45,5,81
13276830,96,99,-2,83
13277340,15,24,5,78
13277850,12,30,1,77
13278360,7,36,4,73
13278870,71,49,-1,74
13279380,27,68,0,74
13279890,17,27,-6,80
13280400,14,33,6,74
13280910,11,0,-4,78
13281420,67,85,0,78
13281930,88,44,5,73
13282440,44,39,-12,85
13282950,45,22,1,84
13283460,70,5,7,77
13283970,66,78,-8,85
13284480,87,67,14,71
13284990,43,19,-12,83
13285500,74,2,4,79
13286010,70,75,-1,80
13286520,91,58,8,72
13287030,47,10,-3,75
13287540,48,83,-4,79
13288050,69,42,8,71
13288560,25,96,-7,78
13289070,36,55,3,75
13289580,57,22,-3,78
13290090,13,95,-6,84
13290600,94,84,2,82
13291110,52,85,-3,85
13291620,73,44,9,76
13292130,29,98,-2,78
13292640,39,57,1,77
13293150,60,24,4,73
13293660,85,19,-8,81
13294170,41,39,-2,83
13294680,62,22,8,75
13295190,87,17,-7,82
13295700,9,90,10,72
13296210,90,79,-6,78
13296720,48,31,-5,83
13297230,49,14,3,80
13297740,50,34,-1,81
13298250,51,17,7,74
13298760,52,37,-7,81
13299270,77,20,3,78
13299780,78,37,4,74
13300290,34,32,-15,89
13300800,55,15,13,76
13301310,56,88,-10,86
13301820,77,47,7,79
13302330,33,101,-2,81
13302840,44,60,-8,89
13303350,65,27,12,77
13303860,21,6,2,75
13304370,79,91,-10,85
13304880,100,43,8,77
13305390,56,23,5,72
13305900,12,51,-6,78
13306410,19,18,3,75
13306920,84,24,0,75
13307430,40,19,-7,82
13307940,65,2,-2,84
13308450,66,75,-1,85
13308960,87,58,9,76
13309470,43,10,0,76
13309980,101,83,-2,78
13310490,57,35,-5,83
13311000,58,23,10,73
13311510,14,43,-4,77
13312020,21,10,-2,79
13312530,77,95,-1,80
13313040,98,54,9,71
13313550,54,34,-9,80
13314060,55,54,1,79
13314570,56,37,-3,82
13315080,31,10,-11,93
13315590,69,95,5,88
13316100,90,54,13,75
13316610,46,6,-6,81
13317120,8,79,1,80
13317630,89,62,8,72
13318140,45,14,-8,80
13318650,1,87,-2,82
13319160,82,18,8,74
13319670,5,38,-4,78
13320180,69,5,-4,82
13320690,31,78,-2,84
13321200,38,37,1,83
13321710,39,20,3,80
13322220,40,3,0,80
13322730,41,76,-5,85
13323240,62,35,8,77
13323750,87,55,1,76
13324260,43,7,-5,81
13324770,44,80,-1,82
13325280,65,39,3,79
13325790,90,58,5,74
13326300,46,10,-6,80
13326810,47,83,-4,84
13327320,68,42,8,76
13327830,24,96,-10,86
13328340,35,55,5,81
13328850,56,22,3,78
13329360,81,42,2,76
13329870,37,22,-4,80
13330380,15,5,0,80
13330890,71,90,0,80
13331400,92,79,1,79
13331910,50,80,2,77
13332420,71,39,0,77
13332930,27,91,-4,81
13333440,37,50,1,80
13333950,58,17,7,73
13334460,83,34,-3,76
13334970,6,29,-2,78
13335480,70,35,8,70
13335990,26,15,-13,83
13336500,64,100,3,80
13337010,85,59,3,77
13337520,41,11,-4,81
13338030,42,96,0,81
13338540,43,55,2,79
13339050,64,15,2,77
13339560,26,32,-4,81
13340070,47,101,1,80
13340580,52,60,-4,84
13341090,86,43,10,74
13341600,42,71,-8,82
13342110,63,38,9,73
13342620,88,92,-10,83
13343130,7,44,8,75
13343640,65,11,-2,77
13344150,66,28,4,73
13344660,22,48,-6,79
13345170,43,15,-3,82
13345680,101,100,1,81
13346190,59,25,4,77
13346700,84,94,-4,81
13347210,3,46,3,78
13347720,67,13,-5,83
13348230,75,86,6,77
13348740,96,5,5,72
13349250,52,86,-14,86
13349760,73,45,9,77
13350270,98,3,-5,82
13350780,54,76,0,82
13351290,75,43,9,73
13351800,31,97,-11,84
13352310,42,56,1,83
13352820,63,23,7,76
13353330,19,2,-7,83
13353840,75,87,-2,85
13354350,96,76,4,81
13354860,52,28,2,79
13355370,77,48,6,73
13355880,33,0,-11,84
13356390,71,73,5,79
13356900,29,56,-1,80
13357410,50,23,5,75
13357920,75,43,-1,76
13358430,100,97,-4,80
13358940,71,22,3,77
13359450,96,39,4,73
13359960,52,34,-10,83
13360470,53,17,6,77
13360980,78,37,4,73
13361490,34,32,-8,81
13362000,90,15,8,73
13362510,68,35,-2,75
13363020,93,30,-1,76
13363530,49,25,-6,82
13364040,74,45,3,79
13364550,99,99,-3,82
13365060,57,24,7,75
13365570,82,93,-7,82
13366080,1,18,5,77
13366590,65,24,3,74
13367100,90,19,-2,76
13367610,91,39,5,71
13368120,4,56,-9,80
13368630,85,23,1,79
13369140,41,40,-5,84
13369650,42,23,-1,85
13370160,43,6,4,81
13370670,44,79,1,80
13371180,34,38,4,76
13371690,55,21,2,74
13372200,80,41,-4,78
13372710,3,36,2,76
13373220,67,87,-9,85
13373730,88,76,4,81
13374240,46,77,-1,82
13374750,67,36,6,76
13375260,92,3,-3,79
13375770,48,76,-9,88
13376280,69,35,11,77
13376790,94,8,5,72
13377300,50,70,-6,78
13377810,71,59,-2,80
13378320,96,60,8,72
13378830,52,12,-5,77
13379340,53,32,5,72
13379850,78,101,-8,80
13380360,99,60,7,73
13380870,55,12,-3,76
13381380,56,32,1,75
13381890,81,52,-2,77
13382400,37,4,-7,84
13382910,38,89,4,80
13383420,16,48,1,79
13383930,26,15,0,79
13384440,84,100,-3,82
13384950,3,19,5,77
13385460,59,25,2,75
13385970,84,45,1,74
13386480,40,97,-6,80
13386990,41,56,6,74
13387500,62,23,-1,75
13388010,87,2,-3,78
13388520,43,75,-4,82
13389030,64,34,3,79
13389540,89,1,1,78
13390050,63,74,-4,82
13390560,84,63,3,79
13391070,40,15,-4,83
13391580,65,100,-2,85
13392090,86,59,10,75
13392600,42,11,0,75
13393110,67,96,-9,84
13393620,88,55,12,72
13394130,44,10,-8,80
13394640,0,30,2,78
13395150,64,81,-3,81
13395660,85,70,5,76
13396170,8,78,-2,78
13396680,89,67,-2,80
13397190,45,68,-2,82
13397700,66,35,10,72
13398210,91,30,-7,79
13398720,47,25,0,79
13399230,72,45,7,72
13399740,28,99,-3,75
13400250,39,58,-6,81
13400760,60,25,1,80
13401270,85,45,6,74
13401780,41,24,-8,82
13402290,42,7,6,76
13402800,100,27,-11,87
13403310,56,47,9,78
13403820,81,30,7,71
13404330,37,25,-9,80
13404840,38,8,-2,82
13405350,39,81,-4,86
13405860,29,40,10,76
13406370,50,23,-2,78
13406880,75,43,1,77
13407390,31,97,-5,82
13407900,42,56,0,82
13408410,63,23,10,72
13408920,88,43,-1,73
13409430,44,38,-12,85
13409940,45,21,11,74
13410450,70,41,-7,81
13410960,95,1,1,80
13411470,51,26,-1,81
13411980,76,46,6,75
13412490,101,100,-4,79
13413000,59,25,1,78
13413510,84,4,-2,80
13414020,40,77,-7,87
13414530,30,36,5,82
13415040,51,19,5,77
13415550,7,39,-3,80
13416060,71,30,3,77
13416570,96,25,1,76
13417080,52,42,-3,79
13417590,53,25,-1,80
13418100,78,45,-1,81
13418610,1,99,7,74
13419120,66,52,-7,81
13419630,91,53,5,76
13420140,47,5,-8,84
13420650,48,78,-1,85
13421160,69,37,13,72
13421670,94,32,-8,80
13422180,50,27,-4,84
13422690,51,47,-3,87
13423200,52,30,2,85
13423710,77,50,12,73
13424220,33,10,-4,77
13424730,91,95,1,76
13425240,49,20,-3,79
13425750,74,40,7,72
13426260,30,92,-11,83
13426770,40,51,4,79
13427280,61,18,3,76
13427790,17,38,-3,79
13428300,12,44,3,76
13428810,7,95,-6,82
13429320,72,84,-2,84
13429830,93,9,4,80
13430340,49,36,3,77
13430850,74,19,2,75
13431360,30,39,-6,81
13431870,51,6,-1,82
13432380,52,79,2,80
13432890,73,38,4,76
13433400,98,33,2,74
13433910,54,50,-10,84
13434420,55,33,5,79
13434930,56,53,-9,88
13435440,57,36,12,76
13435950,82,56,3,73
13436460,38,6,-2,75
13436970,0,79,-3,78
13437480,81,10,2,76
13437990,59,83,-5,81
13438500,80,42,9,72
13439010,36,2,-6,78
13439520,97,75,3,75
13440030,53,25,1,74
13440540,78,45,-2,76
13441050,34,97,-6,82
13441560,45,37,-3,85
13442070,46,20,6,79
13442580,71,26,11,68
13443090,27,21,-11,79
13443600,92,4,-1,80
13444110,66,77,-1,81
13444620,87,2,5,76
13445130,61,75,-8,84
13445640,82,64,10,74
13446150,40,14,-8,82
13446660,41,99,4,78
13447170,52,58,-9,87
13447680,73,41,12,75
13448190,98,93,-13,88
13448700,56,18,11,77
13449210,57,38,-4,81
13449720,58,58,5,76
13450230,79,41,3,73
13450740,35,36,-10,83
13451250,56,19,7,76
13451760,61,39,-2,78
13452270,86,59,8,70
13452780,42,11,-9,79
13453290,43,31,-4,83
13453800,44,14,1,82
13454310,45,99,-2,84
13454820,56,58,6,78
13455330,57,41,-5,83
13455840,82,24,9,74
13456350,38,41,-10,84
13456860,18,24,5,79
13457370,13,82,0,79
13457880,94,71,5,74
13458390,50,21,-3,77
13458900,6,41,-3,80
13459410,70,32,2,78
13459920,75,27,2,76
13460430,80,22,-2,78
13460940,85,39,-1,79
13461450,41,34,-9,88
13461960,42,84,11,77
13462470,63,43,1,76
13462980,88,62,1,75
13463490,44,12,-2,77
13464000,45,32,-2,79
13464510,46,15,0,79
13465020,47,35,2,77
13465530,48,18,-3,80
13466040,49,38,-4,84
13466550,50,21,5,79
13467060,75,41,2,77
13467570,31,1,-1,78
13468080,95,86,-2,80
13468590,53,11,8,72
13469100,54,31,-6,78
13469610,84,51,2,76
13470120,40,1,-6,82
13470630,41,74,-3,85
13471140,62,33,7,78
13471650,40,53,-5,83
13472160,61,20,8,75
13472670,62,40,-6,81
13473180,87,60,8,73
13473690,43,10,-11,84
13474200,44,83,-2,86
13474710,65,42,8,78
13475220,90,2,-2,80
13475730,68,27,5,75
13476240,73,47,1,74
13476750,29,7,-10,84
13477260,93,92,4,80
13477770,51,17,4,76
13478280,76,37,2,74
13478790,41,32,-7,81
13479300,42,15,5,76
13479810,43,35,-7,83
13480320,44,18,5,78
13480830,69,38,2,76
13481340,25,58,-6,82
13481850,32,25,0,82
13482360,10,8,1,81
13482870,66,14,1,80
13483380,67,31,7,73
13483890,92,10,-5,78
13484400,84,72,1,77
13484910,42,99,-5,82
13485420,53,58,7,75
13485930,74,41,0,75
13486440,99,1,-3,78
13486950,55,26,2,76
13487460,80,46,3,73
13487970,36,6,-11,84
13488480,100,79,6,78
13488990,56,4,1,77
13489500,57,77,-8,85
13490010,78,66,3,82
13490520,36,90,-1,83
13491030,47,49,-3,86
13491540,48,32,5,81
13492050,49,15,-2,83
13492560,50,35,5,78
13493070,51,55,-5,83
13493580,52,38,4,79
13494090,53,21,4,75
13494600,87,41,-1,76
13495110,43,1,-4,80
13495620,44,74,-5,85
13496130,65,33,8,77
13496640,90,53,2,75
13497150,46,13,-3,78
13497660,47,33,2,76
13498170,48,16,-6,82
13498680,49,36,-1,83
13499190,50,19,5,78
13499700,51,39,1,77
13500210,52,22,-1,78
13500720,53,42,-5,83
13501230,54,25,8,75
13501740,55,45,-4,79
13502250,56,28,0,79
13502760,81,48,8,71
13503270,37,8,-9,80
13503780,38,93,4,76
13504290,98,52,-1,77
13504800,54,12,3,74
13505310,55,85,-7,81
13505820,76,44,1,80
13506330,101,4,9,71
13506840,57,66,-11,82
13507350,78,49,1,81
13507860,34,9,1,80
13508370,35,94,0,80
13508880,46,53,-5,85
13509390,47,36,-6,91
13509900,48,19,18,73
13510410,4,39,-7,80
13510920,68,90,-3,83
13511430,89,79,4,79
13511940,47,4,-2,81
13512450,48,77,1,80
13512960,69,36,2,78
13513470,94,98,-7,85
13513980,49,23,9,76
13514490,74,43,2,74
13515000,99,3,-4,78
13515510,55,28,-1,79
13516020,80,48,6,73
13516530,36,8,-7,80
13517040,94,93,5,75
13517550,49,18,-8,83
13518060,50,38,3,80
13518570,51,21,3,77
13519080,52,41,-3,80
13519590,53,24,7,73
13520100,78,44,-1,74
13520610,1,4,-2,76
13521120,57,10,-1,77
13521630,58,83,-5,82
13522140,79,72,2,80
13522650,37,55,-5,85
13523160,58,22,8,77
13523670,10,42,4,73
13524180,5,48,-4,77
13524690,69,39,0,77
13525200,94,59,7,70
13525710,57,86,-7,77
13526220,78,45,2,75
13526730,41,5,-8,83
13527240,42,90,1,82
13527750,43,49,-4,86
13528260,44,32,12,74
13528770,45,15,-6,80
13529280,46,35,-2,82
13529790,47,18,5,77
13530300,73,38,5,72
13530810,29,100,-6,78
13531320,40,89,-4,82
13531830,45,48,-1,83
13532340,46,31,4,79
13532850,47,14,1,78
13533360,72,34,3,75
13533870,97,96,-6,81
13534380,55,21,4,77
13534890,80,41,-4,81
13535400,3,1,1,80
13535910,59,7,6,74
13536420,60,80,-7,81
13536930,81,69,7,74
13537440,30,96,-2,76
13537950,41,85,-8,84
13538460,31,44,2,82
13538970,52,27,2,80
13539480,53,47,-2,82
13539990,54,30,2,80
13540500,55,50,-2,82
13541010,56,33,7,75
13541520,81,53,0,75
13542030,37,80,-6,81
13542540,27,39,2,79
13543050,48,22,-7,86
13543560,49,42,7,79
13544070,74,25,2,77
13544580,30,27,-3,80
13545090,2,10,-3,83
13545600,58,16,2,81
13546110,59,36,2,79
13546620,84,56,2,77
13547130,47,11,-2,79
13547640,48,84,-6,85
13548150,69,43,9,76
13548660,32,3,-4,80
13549170,96,88,0,80
13549680,54,13,4,76
13550190,55,33,-2,78
13550700,80,53,4,74
13551210,36,80,-8,82
13551720,26,39,2,80
13552230,47,6,4,76
13552740,48,79,-8,84
13553250,69,68,1,83
13553760,27,51,2,81
13554270,48,18,2,79
13554780,49,38,-4,83
13555290,50,67,-1,84
13555800,71,56,4,80
13556310,29,39,1,79
13556820,50,22,0,79
13557330,75,42,5,74
13557840,100,2,-5,79
13558350,56,27,6,73
13558860,81,47,-2,75
13559370,37,7,-8,83
13559880,38,92,0,83
13560390,39,51,3,80
13560900,60,34,2,78
13561410,85,54,1,77
13561920,48,81,-7,84
13562430,69,40,13,71
13562940,25,45,-10,81
13563450,46,56,-5,86
13563960,67,39,14,72
13564470,92,101,-10,82
13564980,11,26,10,72
13565490,6,32,-1,73
13566000,70,38,4,69
13566510,95,100,-14,83
13567020,14,25,5,78
13567530,70,31,6,72
13568040,95,51,-2,74
13568550,51,78,-7,81
13569060,72,67,-4,85
13569570,30,50,2,83
13570080,51,33,-1,84
13570590,52,53,-3,87
13571100,53,36,8,79
13571610,54,19,1,78
13572120,55,39,0,78
13572630,56,58,-5,83
13573140,57,41,9,74
13573650,82,24,2,72
13574160,40,86,-7,79
13574670,45,45,-3,82
13575180,46,28,7,75
13575690,71,11,-3,78
13576200,33,84,-8,86
13576710,40,43,2,84
13577220,61,26,9,75
13577730,17,46,-8,83
13578240,24,29,1,82
13578750,45,12,0,82
13579260,46,97,1,81
13579770,87,56,4,77
13580280,43,83,-5,82
13580790,33,42,0,82
13581300,54,9,3,79
13581810,55,82,-4,83
13582320,76,71,5,78
13582830,34,98,-8,86
13583340,35,57,5,81
13583850,56,40,-2,83
13584360,57,23,7,76
13584870,82,43,8,68
13585380,38,3,-11,79
13585890,39,88,-2,81
13586400,29,47,-6,87
13586910,50,30,5,82
13587420,51,13,3,79
13587930,52,33,-3,82
13588440,53,16,8,74
13588950,54,89,-6,80
13589460,75,48,4,76
13589970,38,75,-5,81
13590480,28,34,1,80
13590990,49,17,8,72
13591500,74,79,-10,82
13592010,95,4,3,79
13592520,51,29,2,77
13593030,52,12,4,73
13593540,53,32,-5,78
13594050,54,15,1,77
13594560,55,88,-5,82
13595070,76,47,4,78
13595580,101,7,3,75
13596090,57,32,-3,78
13596600,82,51,7,71
13597110,5,78,-8,79
13597620,70,67,-9,88
13598130,71,50,13,75
13598640,96,10,-6,81
13599150,52,72,1,80
13599660,73,61,5,75
13600170,31,88,-9,84
13600680,38,47,-2,86
13601190,59,30,8,78
13601700,84,50,3,75
13602210,7,10,-1,76
13602720,63,16,1,75
13603230,64,33,-3,78
13603740,89,53,1,77
13604250,45,13,-6,83
13604760,46,33,5,78
13605270,47,16,6,72
13605780,72,53,-5,77
13606290,35,13,-7,84
13606800,73,98,0,84
13607310,94,23,9,75
13607820,50,85,-6,81
13608330,55,44,-2,83
13608840,56,11,7,76
13609350,57,84,-2,78
13609860,78,7,-5,83
13610370,79,69,6,77
13610880,37,96,-6,83
13611390,38,55,1,82
13611900,59,38,6,76
13612410,84,57,-3,79
13612920,40,84,-3,82
13613430,30,43,-4,86
13613940,51,10,8,78
13614450,52,83,1,77
13614960,73,72,-3,80
13615470,31,55,2,78
13615980,52,22,-3,81
13616490,77,42,4,77
13617000,0,2,-6,83
13617510,56,68,2,81
13618020,77,51,2,79
13618530,0,11,-1,80
13619040,56,17,-1,81
13619550,57,37,3,78
13620060,82,56,5,73
13620570,38,16,-10,83
13621080,39,101,6,77
13621590,40,60,-1,78
13622100,61,49,0,78
13622610,86,32,2,76
13623120,42,94,-5,81
13623630,32,53,5,76
13624140,53,20,-4,80
13624650,54,40,-5,85
13625160,55,23,10,75
13625670,80,43,0,75
13626180,36,3,-3,78
13626690,37,76,-7,85
13627200,27,35,7,78
13627710,48,2,-2,80
13628220,49,75,-3,83
13628730,70,64,1,82
13629240,28,47,-3,85
13629750,49,53,3,82
13630260,70,36,5,77
13630770,26,98,0,77
13631280,37,87,-9,86
13631790,27,46,8,78
13632300,48,13,1,77
13632810,4,33,-7,84
13633320,68,39,7,77
13633830,93,101,-9,86
13634340,12,26,10,76
13634850,68,32,-1,77
13635360,93,94,-5,82
13635870,12,19,6,76
13636380,68,25,-1,77
13636890,73,45,0,77
13637400,98,5,1,76
13637910,54,30,-4,80
13638420,79,50,3,77
13638930,35,10,-6,83
13639440,73,95,5,78
13639950,94,20,4,74
13640460,50,82,-14,88
13640970,71,71,11,77
13641480,92,54,4,73
13641990,48,14,-5,78
13642500,49,34,3,75
13643010,50,17,-2,77
13643520,75,37,2,75
13644030,100,99,-10,85
13644540,58,24,12,73
13645050,83,44,-2,75
13645560,39,4,-8,83
13646070,100,77,3,80
13646580,56,2,4,76
13647090,18,75,-7,83
13647600,25,64,-6,89
13648110,32,47,6,83
13648620,53,30,8,75
13649130,78,50,0,75
13649640,1,10,-2,77
13650150,57,16,0,77
13650660,58,36,5,72
13651170,83,98,-4,76
13651680,2,23,-1,77
13652190,58,29,3,74
13652700,83,98,-6,80
13653210,2,23,7,73
13653720,66,29,-1,74
13654230,91,91,-7,81
13654740,49,16,5,76
13655250,74,36,-2,78
13655760,99,98,3,75
13656270,18,23,-3,78
13656780,13,29,1,77
13657290,20,35,-4,81
13657800,41,18,2,79
13658310,42,1,-2,81
13658820,43,74,-1,82
13659330,64,63,-1,83
13659840,65,46,5,78
13660350,90,29,4,74
13660860,46,31,-9,83
13661370,47,14,4,79
13661880,72,34,2,77
13662390,97,96,-9,86
13662900,16,21,12,74
13663410,37,27,-12,86
13663920,38,10,3,83
13664430,39,95,0,83
13664940,44,54,-1,84
13665450,65,37,3,81
13665960,90,57,7,74
13666470,46,17,-1,75
13666980,71,37,0,75
13667490,96,99,-7,82
13668000,15,24,6,76
13668510,36,30,-8,84
13669020,37,13,6,78
13669530,38,98,-6,84
13670040,39,87,0,84
13670550,29,76,6,78
13671060,19,35,-2,80
13671570,40,18,1,79
13672080,41,1,-4,83
13672590,42,74,1,82
13673100,63,63,2,80
13673610,84,46,1,79
13674120,7,6,-1,80
13674630,63,12,-2,82
13675140,64,32,8,74
13675650,89,52,-1,75
13676160,12,71,0,75
13676670,19,60,-3,78
13677180,26,27,-3,81
13677690,47,10,-1,82
13678200,48,83,-3,85
13678710,69,42,12,73
13679220,94,2,-2,75
13679730,50,27,-2,77
13680240,75,47,-1,78
13680750,100,7,-1,79
13681260,56,32,6,73
13681770,81,52,-1,74
13682280,4,12,-5,79
13682790,60,18,1,78
13683300,61,80,-3,81
13683810,82,69,5,76
13684320,5,96,-8,84
13684830,70,85,9,75
13685340,91,74,1,74
13685850,14,101,-7,81
13686360,25,90,2,79
13686870,35,79,-3,82
13687380,56,38,6,76
13687890,81,57,4,72
13688400,37,17,-9,81
13688910,38,0,-2,83
13689420,99,73,6,77
13689930,55,100,-2,79
13690440,76,59,2,77
13690950,101,19,-2,79
13691460,57,81,0,79
13691970,78,70,-6,85
13692480,1,53,6,79
13692990,8,36,-4,83
13693500,72,42,7,76
13694010,97,2,-2,78
13694520,53,27,-4,82
13695030,54,10,5,77
13695540,55,83,-2,79
13696050,76,42,1,78
13696560,101,2,-3,81
13697070,75,27,7,74
13697580,80,29,-1,75
13698090,36,31,-10,85
13698600,37,14,-1,86
13699110,38,99,3,83
13699620,28,58,4,79
13700130,49,47,-8,87
13700640,50,30,9,78
13701150,51,13,-1,79
13701660,52,33,4,75
13702170,77,74,-5,80
13702680,98,101,-3,83
13703190,17,26,5,78
13703700,38,32,-7,85
13704210,39,15,7,78
13704720,64,100,-6,84
13705230,85,59,6,78
13705740,41,19,-2,80
13706250,42,2,2,78
13706760,4,75,2,76
13707270,69,64,-1,77
13707780,90,53,1,76
13708290,27,13,-4,80
13708800,28,98,-2,82
13709310,33,87,1,81
13709820,23,46,-2,83
13710330,44,29,-3,86
13710840,45,12,2,84
13711350,46,85,1,83
13711860,67,44,3,80
13712370,95,4,9,71
13712880,69,29,-9,80
13713390,94,91,-11,91
13713900,13,16,15,76
13714410,8,101,-14,90
13714920,73,90,6,84
13715430,35,15,7,77
13715940,93,100,-7,84
13716450,12,25,7,77
13716960,33,31,-6,83
13717470,34,14,1,82
13717980,35,99,8,74
13718490,40,58,-12,86
13719000,61,41,5,81
13719510,89,1,-1,82
13720020,63,74,-4,86
13720530,84,63,12,74
13721040,7,90,-8,82
13721550,72,79,-5,87
13722060,93,4,8,79
13722570,67,29,1,78
13723080,92,9,-1,79
13723590,66,71,-1,80
13724100,87,60,6,74
13724610,43,87,-8,82
13725120,33,46,2,80
13725630,54,13,1,79
13726140,55,86,-4,83
13726650,76,75,1,82
13727160,97,0,6,76
13727670,71,25,2,74
13728180,76,27,0,74
13728690,77,29,-3,77
13729200,0,31,0,77
13729710,64,37,2,75
13730220,89,99,-9,84
13730730,8,24,5,79
13731240,72,30,8,71
13731750,97,10,-9,80
13732260,53,72,1,79
13732770,74,61,1,78
13733280,99,21,5,73
13733790,55,48,-6,79
13734300,56,31,1,78
13734810,81,14,1,77
13735320,82,76,-12,89
13735830,8,1,7,82
13736340,64,86,1,81
13736850,85,75,0,81
13737360,43,0,-2,83
13737870,44,73,-2,85
13738380,65,62,3,82
13738890,66,45,1,81
13739400,91,28,-1,82
13739910,49,45,0,82
13740420,50,28,11,71
13740930,75,48,-5,76
13741440,100,85,-5,81
13741950,58,10,3,78
13742460,59,83,-1,79
13742970,80,72,-2,81
13743480,38,99,-1,82
13743990,39,88,-5,87
13744500,29,47,5,82
13745010,50,30,1,81
13745520,78,50,0,81
13746030,1,77,-3,84
13746540,8,26,5,79
13747050,89,32,3,76
13747560,45,34,-10,86
13748070,46,17,7,79
13748580,47,0,-7,86
13749090,48,73,-2,88
13749600,69,62,4,84
13750110,97,45,4,80
13750620,20,34,0,80
13751130,41,23,-1,81
13751640,42,6,-1,82
13752150,43,79,-1,83
13752660,64,38,7,76
13753170,65,100,-7,83
13753680,86,59,10,73
13754190,9,14,-5,78
13754700,4,20,9,69
13755210,101,26,-4,73
13755720,59,28,-3,76
13756230,60,48,-4,80
13756740,61,31,5,75
13757250,62,93,-7,82
13757760,83,52,9,73
13758270,6,12,-6,79
13758780,62,18,1,78
13759290,63,20,3,75
13759800,64,22,0,75
13760310,65,24,3,72
13760820,66,26,-2,74
13761330,22,28,-5,79
13761840,43,11,1,78
13762350,44,84,-2,80
13762860,34,43,-4,84
13763370,55,26,9,75
13763880,80,46,3,72
13764390,98,6,-12,84
13764900,72,31,9,75
13765410,77,33,5,70
13765920,0,13,-16,86
13766430,64,19,13,73
13766940,65,36,-4,77
13767450,66,98,-4,81
13767960,87,87,2,79
13768470,6,76,-3,82
13768980,87,65,1,81
13769490,10,25,5,76
13770000,5,31,-5,81
13770510,69,37,7,74
13771020,94,99,-6,80
13771530,13,34,1,79
13772040,20,85,-6,85
13772550,27,74,5,80
13773060,37,33,-4,84
13773570,38,16,5,79
13774080,39,101,-1,80
13774590,40,60,-1,81
13775100,61,49,0,81
13775610,62,32,6,75
13776120,87,52,2,73
13776630,10,12,-6,79
13777140,66,18,1,78
13777650,67,35,1,77
13778160,68,97,-5,82
13778670,89,56,6,76
13779180,12,11,-4,80
13779690,68,17,1,79
13780200,69,19,4,75
13780710,70,21,-2,77
13781220,71,38,4,73
13781730,96,100,-4,77
13782240,15,25,-9,86
13782750,36,31,3,83
13783260,37,14,0,83
13783770,38,99,5,78
13784280,48,58,-10,88
13784790,69,41,9,79
13785300,94,4,1,78
13785810,68,77,-4,82
13786320,89,66,5,77
13786830,12,55,-3,80
13787340,19,44,3,77
13787850,26,33,-3,80
13788360,47,16,-1,81
13788870,48,36,-3,84
13789380,49,19,7,77
13789890,50,39,-1,78
13790400,51,22,-3,81
13790910,52,42,-1,82
13791420,53,25,5,77
13791930,78,45,-1,78
13792440,1,5,0,78
13792950,57,16,2,76
13793460,58,89,-6,82
13793970,79,48,6,76
13794480,2,89,-4,80
13794990,83,78,2,78
13795500,41,67,-9,87
13796010,62,56,4,83
13796520,63,39,8,75
13797030,64,101,-5,80
13797540,85,60,3,77
13798050,48,15,-8,85
13798560,49,88,0,85
13799070,70,47,10,75
13799580,71,7,2,73
13800090,72,80,-11,84
13800600,93,69,7,77
13801110,16,58,3,74
13801620,23,17,-4,78
13802130,24,23,2,76
13802640,19,6,-6,82
13803150,83,31,7,75
13803660,41,33,-5,80
13804170,42,16,-3,83
13804680,43,36,3,80
13805190,44,19,-5,85
13805700,45,2,7,78
13806210,46,75,1,77
13806720,67,34,-3,80
13807230,68,54,4,76
13807740,69,73,-14,90
13808250,90,62,16,74
13808760,13,17,-5,79
13809270,69,23,1,78
13809780,70,25,2,76
13810290,71,27,-2,78
13810800,72,29,3,75
13811310,73,24,-6,81
13811820,74,26,6,75
13812330,75,21,0,75
13812840,76,23,-3,78
13813350,77,25,3,75
13813860,78,27,-2,77
13814370,79,29,2,75
13814880,80,31,1,74
13815390,81,33,-7,81
13815900,82,35,10,71
13816410,87,30,-3,74
13816920,92,47,6,68
13817430,15,36,-13,81
13817940,36,19,-3,84
13818450,37,2,6,78
13818960,38,75,-11,89
13819470,59,64,8,81
13819980,80,53,-1,82
13820490,3,13,13,69
13821000,59,19,-6,75
13821510,60,39,-3,78
13822020,61,58,-3,81
13822530,62,47,-1,82
13823040,63,66,-4,86
13823550,64,49,6,80
13824060,65,38,3,77
13824570,66,79,-8,85
13825080,87,68,2,83
13825590,10,57,5,78
13826100,17,48,-2,80
13826610,24,37,3,77
13827120,45,20,-3,80
13827630,46,40,-4,84
13828140,47,23,4,80
13828650,48,43,-9,89
13829160,49,26,8,81
13829670,50,46,1,80
13830180,51,29,2,78
13830690,52,49,-3,81
13831200,53,32,1,80
13831710,54,52,-1,81
13832220,82,35,10,71
13832730,87,30,-4,75
13833240,92,32,0,75
13833750,50,34,-7,82
13834260,51,17,4,78
13834770,52,37,-1,79
13835280,53,4,3,76
13835790,54,77,-5,81
13836300,75,66,0,81
13836810,1,55,3,78
13837320,82,46,7,71
13837830,5,35,-4,75
13838340,86,26,-4,79
13838850,87,1,-2,81
13839360,6,26,7,74
13839870,13,32,-6,80
13840380,20,83,2,78
13840890,30,72,-8,86
13841400,51,31,0,86
13841910,52,14,9,77
13842420,53,34,5,72
13842930,54,75,-9,81
13843440,75,64,4,77
13843950,100,53,1,76
13844460,23,42,-3,79
13844970,44,25,-2,81
13845480,45,8,-2,83
13845990,46,81,-11,94
13846500,67,40,16,78
13847010,92,0,4,74
13847520,70,25,0,74
13848030,71,20,-5,79
13848540,72,37,3,76
13849050,77,0,-4,80
13849560,98,73,4,76
13850070,21,62,3,73
13850580,28,21,-5,78
13851090,35,4,-1,79
13851600,36,29,-6,85
13852110,37,12,3,82
13852620,38,97,2,80
13853130,43,56,-8,88
13853640,64,45,10,78
13854150,65,64,0,78
13854660,86,53,0,78
13855170,9,8,-1,79
13855680,65,33,6,73
13856190,90,53,0,73
13856700,13,42,-6,79
13857210,20,93,-2,81
13857720,31,82,-3,84
13858230,32,41,-4,88
13858740,53,24,10,78
13859250,54,44,-5,83
13859760,55,27,6,77
13860270,80,47,4,73
13860780,3,10,1,72
13861290,59,16,-6,78
13861800,60,36,0,78
13862310,85,56,9,69
13862820,8,45,-11,80
13863330,15,96,-3,83
13863840,96,85,4,79
13864350,54,74,-12,91
13864860,75,63,11,80
13865370,100,52,1,79
13865880,23,41,-1,80
13866390,44,30,-2,82
13866900,45,13,2,80
13867410,46,33,2,78
13867920,47,53,-7,85
13868430,68,36,10,75
13868940,73,10,-7,82
13869450,94,83,5,77
13869960,52,15,0,77
13870470,53,88,-3,80
13870980,74,47,-2,82
13871490,0,85,10,72
13872000,65,74,-13,85
13872510,86,63,13,72
13873020,44,52,-9,81
13873530,65,41,1,80
13874040,90,29,-2,82
13874550,48,46,-3,85
13875060,49,29,1,84
13875570,50,12,7,77
13876080,51,32,-7,84
13876590,79,52,8,76
13877100,2,7,1,75
13877610,58,32,-2,77
13878120,83,52,6,71
13878630,6,41,-9,80
13879140,70,32,4,76
13879650,85,6,-6,82
13880160,4,79,7,75
13880670,85,68,-2,77
13881180,8,57,0,77
13881690,89,46,2,75
13882200,12,35,-5,80
13882710,19,86,-5,85
13883220,26,75,3,82
13883730,33,64,-4,86
13884240,54,53,3,83
13884750,55,36,8,75
13885260,80,56,4,71
13885770,3,45,-7,78
13886280,67,36,2,76
13886790,92,24,-3,79
13887300,50,44,-2,81
13887810,78,27,6,75
13888320,79,22,-1,76
13888830,80,42,6,70
13889340,3,31,-5,75
13889850,67,22,-2,77
13890360,68,17,3,74
13890870,69,37,-1,75
13891380,94,0,-3,78
13891890,68,73,-7,85
13892400,89,62,9,76
13892910,12,51,5,71
13893420,19,42,-7,78
13893930,40,25,-6,84
13894440,68,8,4,80
13894950,69,81,3,77
13895460,90,70,-1,78
13895970,13,59,-7,85
13896480,94,48,12,73
13896990,17,37,-5,78
13897500,38,26,-6,84
13898010,39,9,6,78
13898520,1,94,-5,83
13899030,66,83,5,78
13899540,87,72,-4,82
13900050,45,29,0,82
13900560,73,12,3,79
13901070,74,49,7,72
13901580,99,4,-8,80
13902090,73,29,-2,82
13902600,88,49,11,71
13903110,11,38,-8,79
13903620,92,89,0,79
13904130,50,78,-5,84
13904640,71,37,12,72
13905150,96,11,-2,74
13905660,52,36,-9,83
13906170,80,19,10,73
13906680,42,36,-13,86
13907190,43,19,3,83
13907700,44,2,6,77
13908210,59,75,-12,89
13908720,80,64,13,76
13909230,3,53,-8,84
13909740,84,2,1,83
13910250,3,27,6,77
13910760,67,78,-6,83
13911270,88,67,7,76
13911780,46,56,-12,88
13912290,67,45,9,79
13912800,92,83,1,78
13913310,50,72,-9,87
13913820,71,61,6,81
13914330,96,50,8,73
13914840,54,39,-5,78
13915350,79,22,-1,79
13915860,37,84,-8,87
13916370,58,43,8,79
13916880,86,26,-1,80
13917390,101,43,3,77
13917900,59,32,3,74
13918410,84,52,0,74
13918920,7,7,-4,78
13919430,63,92,-6,84
13919940,84,81,9,75
13920450,3,70,0,75
13920960,84,59,3,72
13921470,7,48,-10,82
13921980,71,39,12,70
13922490,86,2,-12,82
13923000,60,75,3,79
13923510,81,64,-4,83
13924020,83,53,10,73
13924530,98,13,0,73
13925040,90,38,1,72
13925550,48,18,-7,79
13926060,73,1,1,78
13926570,94,74,7,71
13927080,52,63,-7,78
13927590,73,52,4,74
13928100,31,90,-7,81
13928610,32,79,2,79
13929120,53,38,0,79
13929630,81,21,7,72
13930140,96,38,0,72
13930650,54,27,-6,78
13931160,79,47,0,78
13931670,2,7,-4,82
13932180,58,18,2,80
13932690,73,91,-11,91
13933200,94,80,16,75
13933710,52,69,-1,76
13934220,73,58,2,74
13934730,101,47,-4,78
13935240,59,36,4,74
13935750,84,74,-10,84
13936260,16,63,3,81
13936770,97,52,8,73
13937280,20,41,-6,79
13937790,41,30,-5,84
13938300,69,13,8,76
13938810,29,86,-3,79
13939320,34,75,-3,82
13939830,55,34,4,78
13940340,83,72,-8,86
13940850,9,88,7,79
13941360,90,77,-1,80
13941870,48,66,3,77
13942380,69,55,-5,82
13942890,97,44,10,72
13943400,55,33,-2,74
13943910,70,21,1,73
13944420,85,97,-11,84
13944930,4,86,10,74
13945440,69,75,-5,79
13945950,90,64,1,78
13946460,53,0,2,76
13946970,74,73,-2,78
13947480,95,62,2,76
13947990,58,51,0,76
13948500,83,40,3,73
13949010,98,14,-3,76
13949520,76,39,2,74
13950030,91,2,-9,83
13950540,65,27,6,77
13951050,80,0,-3,80
13951560,101,73,6,74
13952070,59,62,-11,85
13952580,80,45,9,76
13953090,95,34,-9,85
13953600,53,8,7,78
13954110,68,81,0,78
13954620,89,70,0,78
13955130,12,59,1,77
13955640,93,48,0,77
13956150,6,37,5,72
13956660,70,28,-6,78
13957170,85,2,0,78
13957680,59,75,-2,80
13958190,80,64,7,73
13958700,38,0,-10,83
13959210,59,73,7,76
13959720,80,62,0,76
13960230,3,51,-2,78
13960740,67,42,-5,83
13961250,95,80,8,75
13961760,53,69,-7,82
13962270,74,58,5,77
13962780,32,47,-2,79
13963290,53,36,-7,86
13963800,81,19,13,73
13964310,96,39,-8,81
13964820,54,13,4,77
13965330,69,86,-6,83
13965840,90,75,1,82
13966350,48,64,5,77
13966860,69,53,1,76
13967370,97,54,6,70
13967880,10,43,-9,79
13968390,74,34,13,66
13968900,35,23,-15,81
13969410,60,6,5,76
13969920,22,79,-4,80
13970430,29,68,-2,82
13970940,50,57,1,81
13971450,71,46,5,76
13971960,86,84,2,74
13972470,5,9,-4,78
13972980,61,15,-1,79
13973490,76,88,1,78
13974000,97,65,3,75
13974510,60,54,-5,80
13975020,88,43,4,76
13975530,1,17,0,76
13976040,65,68,1,75
13976550,86,57,-6,81
13977060,9,17,6,75
13977570,73,68,-6,81
13978080,94,57,9,72
13978590,57,12,0,72
13979100,72,22,-5,77
13979610,87,98,-4,81
13980120,6,87,-3,84
13980630,87,76,-1,85
13981140,45,77,0,85
13981650,66,66,2,83
13982160,87,55,11,72
13982670,50,15,-8,80
13983180,65,88,-5,85
13983690,86,77,-3,88
13984200,18,66,10,78
13984710,99,55,1,77
13985220,62,44,-5,82
13985730,90,82,1,81
13986240,48,83,-1,82
13986750,69,42,3,79
13987260,94,2,5,74
13987770,68,27,-5,79
13988280,83,1,2,77
13988790,57,74,-4,81
13989300,78,63,3,78
13989810,1,64,4,74
13990320,82,53,-1,75
13990830,97,13,4,71
13991340,71,23,-8,79
13991850,86,99,-4,83
13992360,5,14,5,78
13992870,61,20,2,76
13993380,76,93,-8,84
13993890,97,82,9,75
13994400,55,71,-11,86
13994910,76,60,8,78
13995420,101,27,0,78
13995930,59,89,-5,83
13996440,80,78,-1,84
13996950,12,67,4,80
13997460,93,56,11,69
13997970,92,16,-5,74
13998480,66,43,-6,80
13998990,94,81,-1,81
13999500,52,82,1,80
14000010,73,41,3,77
14000520,98,4,2,75
14001030,72,29,-5,80
14001540,87,3,5,75
14002050,61,28,-2,77
14002560,86,48,-1,78
14003070,42,37,-2,80
14003580,67,20,4,76
14004090,82,96,-5,81
14004600,1,85,4,77
14005110,82,74,-4,81
14005620,40,63,1,80
14006130,61,52,-5,85
14006640,89,41,12,73
14007150,2,15,-4,77
14007660,66,66,-8,85
14008170,24,49,5,80
14008680,45,16,-1,81
14009190,60,101,0,81
14009700,81,60,3,78
14010210,39,20,0,78
14010720,54,89,-7,85
14011230,75,48,14,71
14011740,90,8,-8,79
14012250,64,81,-5,84
14012760,85,70,6,78
14013270,43,59,-8,86
14013780,64,48,9,77
14014290,92,49,1,76
14014800,5,38,-4,80
14015310,69,29,6,74
14015820,84,3,-9,83
14016330,58,76,-1,84
14016840,79,65,8,76
14017350,37,66,-5,81
14017860,58,55,-4,85
14018370,86,38,11,74
14018880,49,12,-4,78
14019390,64,85,-6,84
14019900,85,74,10,74
14020410,43,75,-12,86
14020920,64,64,7,79
14021430,85,31,5,74
14021940,100,5,-2,76
14022450,74,67,0,76
14022960,89,56,5,71
14023470,52,79,-9,80
14023980,73,68,-3,83
14024490,31,35,1,82
14025000,52,18,4,78
14025510,67,91,-4,82
14026020,88,80,3,79
14026530,46,69,-6,85
14027040,67,58,6,79
14027550,92,25,0,79
14028060,50,87,-6,85
14028570,71,46,12,73
14029080,86,13,-6,79
14029590,78,86,-5,84
14030100,99,75,3,81
14030610,57,76,1,80
14031120,78,41,10,70
14031630,93,4,-6,76
14032140,67,29,4,72
14032650,82,3,-6,78
14033160,56,76,-5,83
14033670,77,12,4,79
14034180,92,85,4,75
14034690,50,74,-10,85
14035200,71,63,-4,89
14035710,29,30,10,79
14036220,50,99,4,75
14036730,71,58,-4,79
14037240,96,59,9,70
14037750,59,48,-12,82
14038260,84,31,11,71
14038770,99,5,-6,77
14039280,73,67,1,76
14039790,31,56,-6,82
14040300,52,23,1,81
14040810,67,43,4,77
14041320,82,62,5,72
14041830,97,63,-2,74
14042340,60,52,-7,81
14042850,88,19,6,75
14043360,1,39,6,69
14043870,65,30,-8,77
14044380,80,4,4,73
14044890,54,77,-13,86
14045400,75,66,7,79
14045910,33,55,-3,82
14046420,54,22,7,75
14046930,69,42,1,74
14047440,84,9,-8,82
14047950,36,82,-1,83
14048460,57,41,5,78
14048970,82,8,1,77
14049480,56,70,-2,79
14049990,77,59,3,76
14050500,92,60,4,72
14051010,55,49,-15,87
14051520,83,32,10,77
14052030,98,6,3,74
14052540,72,21,-5,79
14053050,87,97,0,79
14053560,6,86,0,79
14054070,87,75,2,77
14054580,45,76,-4,81
14055090,66,35,3,78
14055600,81,9,2,76
14056110,55,82,-3,79
14056620,76,71,0,79
14057130,8,38,-5,84
14057640,72,89,5,79
14058150,93,78,2,77
14058660,51,79,3,74
14059170,72,38,0,74
14059680,87,12,-3,77
14060190,88,74,2,75
14060700,46,75,-7,82
14061210,67,34,4,78
14061720,82,8,3,75
14062230,56,81,-3,78
14062740,77,70,-8,86
14063250,9,59,8,78
14063760,90,48,5,73
14064270,3,37,-9,82
14064780,67,28,1,81
14065290,82,2,3,78
14065800,56,75,-2,80
14066310,77,64,4,76
14066820,35,65,-3,79
14067330,56,4,-3,82
14067840,71,77,6,76
14068350,92,66,0,76
14068860,55,67,-3,79
14069370,76,56,-1,80
14069880,91,57,9,71
14070390,54,12,-3,74
14070900,69,32,2,72
14071410,84,6,-7,79
14071920,58,31,3,76
14072430,73,51,-1,77
14072940,36,52,-5,82
14073450,57,19,8,74
14073960,72,39,-1,75
14074470,87,2,-1,76
14074980,61,75,-7,83
14075490,82,64,8,75
14076000,97,65,5,70
14076510,60,66,-4,74
14077020,81,55,-3,77
14077530,96,15,-2,79
14078040,88,42,1,78
14078550,1,16,3,75
14079060,37,67,-4,79
14079570,58,26,1,78
14080080,73,101,1,77
14080590,94,60,-1,78
14081100,57,15,2,76
14081610,72,35,7,69
14082120,87,9,-11,80
14082630,79,29,8,72
14083140,94,16,-2,74
14083650,86,78,3,71
14084160,44,79,-14,85
14084670,65,38,13,72
14085180,90,1,-4,76
14085690,64,26,2,74
14086200,79,0,-8,82
14086710,53,73,-7,89
14087220,74,62,12,77
14087730,99,29,4,73
14088240,91,18,-4,77
14088750,83,38,5,72
14089260,98,12,-4,76
14089770,90,32,5,71
14090280,3,6,-8,79
14090790,59,91,-1,80
14091300,80,50,5,75
14091810,95,5,-2,77
14092320,69,67,-7,84
14092830,97,56,7,77
14093340,10,45,-2,79
14093850,74,96,-3,82
14094360,95,85,8,74
14094870,53,74,-7,81
14095380,74,63,1,80
14095890,99,64,5,75
14096400,62,65,-8,83
14096910,83,54,8,75
14097420,98,55,4,71
14097930,11,44,-9,80
14098440,18,11,-2,82
14098950,74,96,-4,86
14099460,95,85,12,74
14099970,53,86,-15,89
14100480,74,45,15,74
14100990,89,8,-4,78
14101500,63,70,-17,95
14102010,84,59,21,74
14102520,99,60,3,71
14103030,62,15,0,71
14103540,77,35,-11,82
14104050,92,9,3,79
14104560,66,71,-3,82
14105070,87,60,6,76
14105580,50,61,-6,82
14106090,71,50,2,80
14106600,96,51,7,73
14107110,9,40,-2,75
14107620,73,7,-2,77
14108130,88,27,2,75
14108640,46,47,-8,83
14109150,74,14,6,77
14109660,89,34,2,75
14110170,2,8,-7,82
14110680,58,93,0,82
14111190,79,52,6,76
14111700,94,53,2,74
14112210,7,42,-8,82
14112720,71,33,5,77
14113230,86,7,-3,80
14113740,78,32,8,72
14114250,93,33,-2,74
14114760,6,7,-9,83
14115270,62,18,10,73
14115780,77,38,0,73
14116290,92,12,-3,76
14116800,84,32,-1,77
14117310,99,33,3,74
14117820,12,34,-10,84
14118330,76,85,4,80
14118840,97,74,5,75
14119350,43,75,-5,80
14119860,64,34,6,74
14120370,89,8,-2,76
14120880,63,28,3,73
14121390,78,1,-8,81
14121900,52,74,-2,83
14122410,73,63,8,75
14122920,98,64,2,73
14123430,61,65,-5,78
14123940,82,54,2,76
14124450,97,55,2,74
14124960,10,44,0,74
14125470,91,35,-3,77
14125980,4,36,2,75
14126490,68,27,-6,81
14127000,83,1,-2,83
14127510,98,74,6,77
14128020,11,75,-1,78
14128530,92,66,-1,79
14129040,5,67,4,75
14129550,70,58,-3,78
14130060,95,59,6,72
14130570,58,60,-14,86
14131080,79,49,11,75
14131590,94,50,2,73
14132100,7,39,1,72
14132610,71,30,0,72
14133120,86,4,-7,79
14133630,60,77,-2,81
14134140,81,66,-1,82
14134650,96,67,7,75
14135160,9,68,1,74
14135670,90,57,-4,78
14136180,3,58,2,76
14136690,84,49,5,71
14137200,99,50,-2,73
14137710,12,39,-1,74
14138220,19,90,-10,84
14138730,100,79,7,77
14139240,13,80,-3,80
14139750,94,69,1,79
14140260,7,70,-1,80
14140770,88,61,5,75
14141280,1,62,-1,76
14141790,82,53,2,74
14142300,97,91,-2,76
14142810,55,16,-2,78
14143320,70,36,6,72
14143830,95,10,0,72
14144340,69,72,-11,83
14144850,90,61,7,76
14145360,3,62,-4,80
14145870,84,53,7,73
14146380,99,54,-2,75
14146890,12,43,-3,78
14147400,19,26,0,78
14147910,84,9,1,77
14148420,58,34,4,73
14148930,83,7,-4,77
14149440,98,69,6,71
14149950,11,70,-6,77
14150460,92,59,2,75
14150970,5,86,-4,79
14151480,70,17,1,78
14151990,85,92,-3,81
14152500,4,17,11,70
14153010,68,35,-8,78
14153520,93,9,-1,79
14154030,85,71,4,75
14154540,43,72,-7,82
14155050,64,31,7,75
14155560,89,5,-3,78
14156070,81,67,1,77
14156580,4,68,-1,78
14157090,57,59,-10,88
14157600,78,42,17,71
14158110,1,69,-8,79
14158620,66,0,0,79
14159130,81,73,-2,81
14159640,4,74,5,76
14160150,69,63,-4,80
14160660,94,64,1,79
14161170,7,91,-4,83
14161680,72,80,5,78
14162190,93,5,0,78
14162700,85,30,2,76
14163210,100,4,-2,78
14163720,74,29,4,74
14164230,89,30,-6,80
14164740,2,57,3,77
14165250,12,48,-4,81
14165760,76,39,4,77
14166270,17,101,-4,81
14166780,82,90,0,81
14167290,1,15,2,79
14167800,65,66,-1,80
14168310,93,55,10,70
14168820,6,82,-9,79
14169330,71,71,-5,84
14169840,96,60,11,73
14170350,9,61,-5,78
14170860,90,52,6,72
14171370,3,79,0,72
14171880,68,68,-8,80
14172390,96,98,-4,84
14172900,51,23,5,79
14173410,66,98,-2,81
14173920,87,57,5,76
14174430,0,84,-5,81
14174940,81,73,-4,85
14175450,7,100,8,77
14175960,72,89,-4,81
14176470,93,78,7,74
14176980,6,3,-5,79
14177490,62,14,7,72
14178000,77,41,-5,77
14178510,0,15,2,75
14179020,56,66,-6,81
14179530,77,55,-2,83
14180040,0,56,5,78
14180550,81,47,2,76
14181060,96,74,-1,77
14181570,19,75,0,77
14182080,26,34,3,74
14182590,47,1,-9,83
14183100,62,74,-2,85
14183610,83,63,7,78
14184120,98,90,4,74
14184630,56,15,2,72
14185140,71,91,-13,85
14185650,92,16,10,75
14186160,84,43,1,74
14186670,99,70,4,70
14187180,12,97,-16,86
14187690,93,86,7,79
14188200,51,11,1,78
14188710,66,84,-7,85
14189220,87,73,4,81
14189730,10,100,2,79
14190240,75,89,-5,84
14190750,96,61,3,81
14191260,9,88,-2,83
14191770,90,77,4,79
14192280,13,2,-1,80
14192790,69,27,8,72
14193300,74,1,-10,82
14193810,89,74,8,74
14194320,12,101,-5,79
14194830,93,90,-6,85
14195340,51,15,12,73
14195850,66,88,-13,86
14196360,87,77,14,72
14196870,45,2,-8,80
14197380,60,75,1,79
14197890,81,64,2,77
14198400,4,65,-4,81
14198910,69,56,3,78
14199420,94,57,7,71
14199930,7,84,-6,77
14200440,72,73,-5,82
14200950,93,62,7,75
14201460,56,89,-2,77
14201970,77,48,6,71
14202480,0,75,-6,77
14202990,65,6,-3,80
14203500,80,79,-2,82
14204010,38,4,1,81
14204520,0,77,0,81
14205030,65,8,7,74
14205540,80,81,-4,78
14206050,35,6,-4,82
14206560,47,91,-1,83
14207070,52,50,4,79
14207580,77,33,8,71
14208090,82,7,-8,79
14208600,74,83,-1,80
14209110,95,8,3,77
14209620,87,33,2,75
14210130,0,7,-3,78
14210640,56,18,4,74
14211150,81,38,-2,76
14211660,86,12,3,73
14212170,101,22,-4,77
14212680,93,49,-1,78
14213190,6,38,-1,79
14213700,70,89,-7,86
14214210,91,78,9,77
14214720,49,3,-5,82
14215230,64,76,4,78
14215740,85,65,-3,81
14216250,8,66,6,75
14216760,89,82,-2,77
14217270,47,7,-4,81
14217780,62,80,-7,88
14218290,83,69,12,76
14218800,6,70,-2,78
14219310,62,61,-2,80
14219820,90,50,7,73
14220330,13,77,-6,79
14220840,94,66,-1,80
14221350,17,93,3,77
14221860,82,82,-3,80
14222370,37,7,-5,85
14222880,49,92,7,78
14223390,54,51,-6,84
14223900,82,34,14,70
14224410,97,8,-8,78
14224920,89,33,4,74
14225430,2,94,-12,86
14225940,67,25,12,74
14226450,92,101,0,74
14226960,11,26,-3,77
14227470,67,59,-2,79
14227980,92,60,-1,80
14228490,5,87,2,78
14229000,70,18,4,74
14229510,85,94,-12,86
14230020,4,19,11,75
14230530,60,25,-4,79
14231040,72,94,-2,81
14231550,93,53,7,74
14232060,6,42,-8,82
14232570,70,93,-3,85
14233080,91,82,8,77
14233590,49,83,-6,83
14234100,70,42,2,81
14234610,95,5,1,80
14235120,87,78,0,80
14235630,45,3,2,78
14236140,60,78,-8,86
14236650,81,67,7,79
14237160,4,68,-3,82
14237670,60,59,3,79
14238180,88,48,2,77
14238690,1,75,2,75
14239200,66,6,-8,83
14239710,81,79,6,77
14240220,39,4,1,76
14240730,54,77,-7,83
14241240,75,36,7,76
14241750,80,10,2,74
14242260,95,20,-8,82
14242770,8,40,10,72
14243280,64,31,-6,78
14243790,89,100,-8,86
14244300,8,25,16,70
14244810,64,94,-8,78
14245320,85,53,9,69
14245830,48,8,-8,77
14246340,63,81,-3,80
14246850,84,70,-3,83
14247360,7,71,4,79
14247870,63,62,1,78
14248380,88,51,5,73
14248890,63,25,-7,80
14249400,75,94,-3,83
14249910,96,53,10,73
14250420,52,42,-10,83
14250930,77,9,8,75
14251440,92,26,-2,77
14251950,84,43,1,76
14252460,99,17,-1,77
14252970,91,37,2,75
14253480,96,98,-3,78
14253990,15,23,2,76
14254500,80,92,-7,83
14255010,101,11,2,81
14255520,93,36,11,70
14256030,51,97,-9,79
14256540,56,56,2,77
14257050,68,23,3,74
14257560,80,84,-12,86
14258070,35,25,-2,88
14258580,47,94,5,83
14259090,52,53,0,83
14259600,64,20,9,74
14260110,79,40,-4,78
14260620,84,14,-5,83
14261130,99,87,8,75
14261640,57,12,0,75
14262150,58,85,-6,81
14262660,79,44,4,77
14263170,91,101,-3,80
14263680,10,20,1,79
14264190,1,53,-2,81
14264700,65,44,3,78
14265210,90,11,-4,82
14265720,82,31,5,77
14266230,87,92,-5,82
14266740,42,11,1,81
14267250,43,84,0,81
14267760,72,43,6,75
14268270,70,6,-5,80
14268780,32,79,-1,81
14269290,42,38,-3,84
14269800,54,5,5,79
14270310,69,78,-3,82
14270820,90,67,5,77
14271330,46,68,-4,81
14271840,67,57,1,80
14272350,92,24,0,80
14272860,84,85,-2,82
14273370,42,10,6,76
14273880,54,83,-11,87
14274390,75,42,11,76
14274900,80,16,-3,79
14275410,95,36,6,73
14275920,53,97,-11,84
14276430,58,56,6,78
14276940,83,23,1,77
14277450,95,99,-2,79
14277960,14,24,-1,80
14278470,70,31,7,73
14278980,95,5,-10,83
14279490,69,78,1,82
14280000,90,67,2,80
14280510,13,68,5,75
14281020,94,27,3,72
14281530,7,39,-5,77
14282040,63,6,-6,83
14282550,78,79,2,81
14283060,36,68,4,77
14283570,41,27,-6,83
14284080,53,10,11,72
14284590,68,83,-6,78
14285100,89,2,-2,80
14285610,81,75,-4,84
14286120,39,42,3,81
14286630,60,9,7,74
14287140,72,82,-13,87
14287650,93,71,5,82
14288160,49,72,-3,85
14288670,70,61,5,80
14289180,28,62,-3,83
14289690,49,29,2,81
14290200,77,49,5,76
14290710,0,87,-2,78
14291220,65,18,1,77
14291730,77,38,0,77
14292240,0,12,-3,80
14292750,56,30,5,75
14293260,81,99,-4,79
14293770,0,18,6,73
14294280,64,69,-7,80
14294790,85,58,0,80
14295300,48,13,0,80
14295810,60,86,-5,85
14296320,81,45,12,73
14296830,96,19,-10,83
14297340,101,39,7,76
14297850,59,19,1,75
14298360,71,39,2,73
14298870,96,2,-10,83
14299380,70,75,-1,84
14299890,91,42,13,71
14300400,18,43,-7,78
14300910,25,10,-5,83
14301420,33,79,3,80
14301930,23,38,1,79
14302440,44,5,-1,80
14302950,56,78,-1,81
14303460,77,67,-2,83
14303970,89,68,3,80
14304480,47,69,-9,89
14304990,68,58,10,79
14305500,93,59,7,72
14306010,16,86,-3,75
14306520,81,75,-1,76
14307030,39,76,-3,79
14307540,60,35,7,72
14308050,85,100,-10,82
14308560,4,19,3,79
14309070,60,25,7,72
14309580,85,101,-14,86
14310090,4,20,13,73
14310600,60,26,-3,76
14311110,72,0,-1,77
14311620,42,73,-9,86
14312130,63,32,14,72
14312640,88,6,-6,78
14313150,80,79,-1,79
14313660,38,4,0,79
14314170,0,77,7,72
14314680,65,8,-2,74
14315190,80,81,-9,83
14315700,38,6,1,82
14316210,0,79,5,77
14316720,65,10,-1,78
14317230,80,83,-2,80
14317740,35,8,5,75
14318250,99,81,1,74
14318760,57,82,-7,81
14319270,78,41,8,73
14319780,93,15,-11,84
14320290,85,35,5,79
14320800,97,30,3,76
14321310,67,91,-10,86
14321820,88,10,13,73
14322330,80,83,-7,80
14322840,101,8,5,75
14323350,71,81,-7,82
14323860,92,6,4,78
14324370,66,79,-4,82
14324880,87,68,5,77
14325390,45,69,-2,79
14325900,66,28,5,74
14326410,78,2,-4,78
14326920,52,75,-1,79
14327430,73,64,5,74
14327940,31,65,-14,88
14328450,52,32,6,82
14328960,64,101,-1,83
14329470,85,60,5,78
14329980,48,87,-4,82
14330490,69,46,1,81
14331000,81,47,7,74
14331510,93,97,-11,85
14332020,12,22,6,79
14332530,68,55,-2,81
14333040,80,56,0,81
14333550,3,57,1,80
14334060,59,48,-1,81
14334570,84,49,9,72
14335080,40,76,-10,82
14335590,61,35,8,74
14336100,86,100,-2,76
14336610,5,25,6,70
14337120,61,76,-14,84
14337630,82,65,9,75
14338140,40,66,-4,79
14338650,61,25,6,73
14339160,73,101,-11,84
14339670,94,20,5,79
14340180,64,40,-2,81
14340690,76,3,4,77
14341200,46,76,-10,87
14341710,67,35,15,72
14342220,79,9,-13,85
14342730,91,95,5,80
14343240,10,20,3,77
14343750,66,53,-5,82
14344260,78,54,4,78
14344770,41,81,-8,86
14345280,62,40,13,73
14345790,87,3,-10,83
14346300,61,76,1,82
14346810,82,65,6,76
14347320,5,66,-4,80
14347830,61,57,5,75
14348340,73,58,-3,78
14348850,85,59,-2,80
14349360,48,86,-4,84
14349870,53,45,4,80
14350380,65,12,3,77
14350890,77,85,-8,85
14351400,98,10,13,72
14351910,68,30,-2,74
14352420,73,4,-8,82
14352930,85,77,4,78
14353440,43,2,-6,84
14353950,55,75,1,83
14354460,76,64,5,78
14354970,88,91,-11,89
14355480,7,16,11,78
14355990,63,67,-1,79
14356500,84,94,-5,84
14357010,3,19,8,76
14357520,59,70,-3,79
14358030,80,59,6,73
14358540,36,60,-10,83
14359050,57,27,4,79
14359560,22,1,-6,85
14360070,78,26,7,78
14360580,90,0,-1,79
14361090,64,73,-2,81
14361600,85,100,2,79
14362110,4,25,1,78
14362620,60,76,-6,84
14363130,81,65,6,78
14363640,39,66,4,74
14364150,7,25,-7,81
14364660,63,76,-1,82
14365170,84,1,6,76
14365680,58,74,-8,84
14366190,79,95,-15,99
14366700,100,20,27,72
14367210,70,47,-1,73
14367720,95,48,-3,76
14368230,51,75,-4,80
14368740,72,34,9,71
14369250,77,8,-8,79
14369760,69,81,-3,82
14370270,90,6,1,81
14370780,64,79,-4,85
14371290,16,100,8,77
14371800,81,89,-8,85
14372310,0,14,4,81
14372820,56,11,5,76
14373330,68,84,-7,83
14373840,89,9,4,79
14374350,81,82,-1,80
14374860,39,7,2,78
14375370,1,80,0,78
14375880,66,11,3,75
14376390,78,84,-11,86
14376900,99,9,14,72
14377410,73,29,-1,73
14377920,85,9,-7,80
14378430,77,82,-4,84
14378940,35,7,5,79
14379450,99,80,3,76
14379960,55,5,-3,79
14380470,88,78,-2,81
14380980,46,3,1,80
14381490,61,76,1,79
14382000,82,97,3,76
14382510,1,22,8,68
14383020,57,73,-12,80
14383530,78,62,10,70
14384040,36,63,-15,85
14384550,57,22,7,78
14385060,82,95,-2,80
14385570,1,20,3,77
14386080,57,71,-2,79
14386590,78,92,-1,80
14387100,99,17,6,74
14387610,55,44,-11,85
14388120,67,63,3,82
14388630,79,9,5,77
14389140,71,82,-7,84
14389650,92,7,6,78
14390160,66,80,-7,85
14390670,87,5,6,79
14391180,61,78,-1,80
14391690,82,99,2,78
14392200,1,24,2,76
14392710,65,75,-4,80
14393220,86,96,3,77
14393730,5,21,-1,78
14394240,61,72,-8,86
14394750,82,61,11,75
14395260,38,88,-4,79
14395770,43,47,2,77
14396280,9,14,-2,79
14396790,65,47,5,74
14397300,90,85,-2,76
14397810,48,10,-4,80
14398320,60,83,-3,83
14398830,81,42,15,68
14399340,37,43,-11,79
14399850,58,26,-1,80
14400360,83,46,5,75
14400870,6,73,-5,80
14401380,71,64,-5,85
14401890,29,65,7,78
14402400,50,24,0,78
14402910,75,44,3,75
14403420,38,71,-7,82
14403930,59,30,3,79
14404440,84,50,10,69
14404950,40,77,-12,81
14405460,69,36,8,73
14405970,25,68,-6,79
14406480,7,27,2,77
14406990,63,78,-3,80
14407500,84,99,0,80
14408010,3,24,7,73
14408520,59,75,-12,85
14409030,80,64,13,72
14409540,38,91,-6,78
14410050,43,50,-3,81
14410560,64,38,4,77
14411070,89,76,-2,79
14411580,47,1,-2,81
14412090,62,74,3,78
14412600,83,95,-1,79
14413110,2,20,0,79
14413620,58,71,-5,84
14414130,79,98,0,84
14414640,100,23,10,74
14415150,63,50,-6,80
14415660,88,51,6,74
14416170,44,78,-8,82
14416680,49,37,1,81
14417190,74,56,1,80
14417700,32,83,1,79
14418210,42,42,-9,88
14418720,8,25,12,76
14419230,64,76,-4,80
14419740,85,1,5,75
14420250,59,74,-11,86
14420760,80,63,5,81
14421270,3,101,-1,82
14421780,68,32,11,71
14422290,73,97,-8,79
14422800,94,16,6,73
14423310,52,36,-9,82
14423820,64,55,6,76
14424330,22,82,-4,80
14424840,4,41,0,80
14425350,68,92,-1,81
14425860,89,51,11,70
14426370,45,78,-12,82
14426880,66,37,5,77
14427390,91,75,2,75
14427900,47,0,-4,79
14428410,62,73,3,76
14428920,83,94,-3,79
14429430,2,19,2,77
14429940,58,70,-4,81
14430450,79,59,2,79
14430960,2,86,-1,80
14431470,67,17,6,74
14431980,29,34,-5,79
14432490,50,17,2,77
14433000,62,37,-3,80
14433510,74,0,-3,83
14434020,48,73,0,83
14434530,69,62,3,80
14435040,27,63,6,74
14435550,9,22,2,72
14436060,65,8,-10,82
14436570,77,81,3,79
14437080,98,6,4,75
14437590,72,79,-4,79
14438100,93,4,6,73
14438610,67,77,-9,82
14439120,88,2,1,81
14439630,62,75,-1,82
14440140,83,64,5,77
14440650,41,65,-6,83
14441160,62,54,1,82
14441670,87,55,10,72
14442180,43,10,-6,78
14442690,55,95,-4,82
14443200,76,54,8,74
14443710,32,58,-13,87
14444220,53,47,5,82
14444730,65,30,9,73
14445240,90,50,-4,77
14445750,46,77,3,74
14446260,67,36,0,74
14446770,42,101,-12,86
14447280,52,60,6,80
14447790,73,49,1,79
14448300,31,87,-4,83
14448810,41,46,-5,88
14449320,62,29,15,73
14449830,87,49,1,72
14450340,98,38,-4,76
14450850,56,99,-5,81
14451360,77,58,1,80
14451870,35,96,-2,82
14452380,45,55,1,81
14452890,84,44,8,73
14453400,40,7,-10,83
14453910,2,92,-2,85
14454420,67,23,12,73
14454930,72,18,-3,76
14455440,30,38,-7,83
14455950,51,21,5,78
14456460,63,41,-2,80
14456970,75,79,5,75
14457480,96,4,-1,76
14457990,70,77,-6,82
14458500,91,2,5,77
14459010,65,75,-2,79
14459520,86,64,5,74
14460030,42,91,-9,83
14460540,47,50,0,83
14461050,68,33,6,77
14461560,73,53,-1,78
14462070,31,54,-7,85
14462580,52,55,3,82
14463090,64,38,4,78
14463600,89,1,-9,87
14464110,63,26,17,70
14464620,68,46,-12,82
14465130,26,84,3,79
14465640,36,43,-1,80
14466150,57,10,6,74
14466660,69,30,-1,75
14467170,74,25,3,72
14467680,79,20,-12,84
14468190,80,37,12,72
14468700,85,26,-4,76
14469210,43,21,-7,83
14469720,55,4,4,79
14470230,70,77,0,79
14470740,91,2,0,79
14471250,65,75,-5,84
14471760,86,64,15,69
14472270,42,65,-13,82
14472780,63,24,6,76
14473290,68,44,3,73
14473800,26,7,-4,77
14474310,84,92,-11,88
14474820,49,17,10,78
14475330,61,37,2,76
14475840,73,0,-8,84
14476350,94,73,12,72
14476860,50,100,-6,78
14477370,55,59,1,77
14477880,76,48,1,76
14478390,34,11,-6,82
14478900,46,96,-2,84
14479410,51,55,1,83
14479920,72,38,5,78
14480430,77,1,-5,83
14480940,51,74,-3,86
14481450,72,41,12,74
14481960,30,4,-9,83
14482470,68,89,-8,91
14482980,89,78,14,77
14483490,47,3,-5,82
14484000,62,76,-5,87
14484510,83,65,17,70
14485020,41,66,-13,83
14485530,62,25,11,72
14486040,37,45,-9,81
14486550,58,12,5,76
14487060,70,32,5,71
14487570,82,27,-1,72
14488080,40,22,-10,82
14488590,52,5,1,81
14489100,67,78,-3,84
14489610,88,44,10,74
14490120,44,33,-14,88
14490630,56,16,13,75
14491140,68,36,4,71
14491650,43,101,-12,83
14492160,53,60,2,81
14492670,74,27,9,72
14493180,32,22,-11,83
14493690,44,5,3,80
14494200,56,78,-1,81
14494710,77,67,7,74
14495220,35,34,-1,75
14495730,56,1,-2,77
14496240,77,74,-8,85
14496750,35,63,9,76
14497260,56,22,-5,81
14497770,68,42,8,73
14498280,26,5,-13,86
14498790,64,90,3,83
14499300,85,49,9,74
14499810,71,12,-4,78
14500320,29,85,-6,84
14500830,39,44,1,83
14501340,60,27,9,74
14501850,35,47,-8,82
14502360,56,30,1,81
14502870,68,50,8,73
14503380,26,51,-6,79
14503890,47,18,0,79
14504400,59,38,4,75
14504910,84,1,-8,83
14505420,58,74,0,83
14505930,79,63,2,81
14506440,37,64,-2,83
14506950,58,23,8,75
14507460,33,43,-10,85
14507970,54,10,5,80
14508480,66,101,-7,87
14508990,68,60,5,82
14509500,26,43,4,78
14510010,47,10,-1,79
14510520,59,83,5,74
14511030,80,72,-5,79
14511540,38,99,-2,81
14512050,48,58,-2,83
14512560,69,25,13,70
14513070,74,20,-2,72
14513580,32,40,-10,82
14514090,53,46,1,81
14514600,11,29,2,79
14515110,95,80,5,74
14515620,53,5,-1,75
14516130,65,78,-6,81
14516640,86,67,12,69
14517150,42,68,-15,84
14517660,63,57,3,81
14518170,21,40,2,79
14518680,3,23,4,75
14519190,59,74,-3,78
14519700,80,63,-1,79
14520210,38,64,-4,83
14520720,59,23,5,78
14521230,84,43,8,70
14521740,40,32,-14,84
14522250,52,59,0,84
14522760,73,26,5,79
14523270,31,21,0,79
14523780,91,4,2,77
14524290,65,77,-4,81
14524800,86,66,1,80
14525310,44,67,-2,82
14525820,65,56,5,77
14526330,23,57,-4,81
14526840,5,16,3,78
14527350,61,49,-1,79
14527860,86,68,0,79
14528370,44,95,-4,83
14528880,54,54,2,81
14529390,75,21,0,81
14529900,33,41,-2,83
14530410,54,24,7,76
14530920,79,44,-4,80
14531430,2,7,4,76
14531940,58,18,1,75
14532450,70,38,-1,76
14532960,95,1,-5,81
14533470,69,74,0,81
14533980,90,10,2,79
14534490,82,30,2,77
14535000,40,25,-9,86
14535510,52,8,10,76
14536020,67,81,-6,82
14536530,88,70,4,78
14537040,46,71,-2,80
14537550,67,30,6,74
14538060,92,50,-4,78
14538570,50,77,-9,87
14539080,71,36,14,73
14539590,34,101,-11,84
14540100,44,60,3,81
14540610,65,49,2,79
14541120,23,50,2,77
14541630,44,17,0,77
14542140,69,37,1,76
14542650,94,0,1,75
14543160,64,73,-3,78
14543670,85,62,5,73
14544180,41,63,-4,77
14544690,62,22,1,76
14545200,74,42,-3,79
14545710,99,80,2,77
14546220,55,5,2,75
14546730,67,78,-3,78
14547240,88,3,-1,79
14547750,80,76,-3,82
14548260,38,1,-1,83
14548770,99,74,7,76
14549280,55,75,-12,88
14549790,76,64,12,76
14550300,34,65,-5,81
14550810,55,24,2,79
14551320,80,44,3,76
14551830,26,71,-3,79
14552340,36,30,-6,85
14552850,96,13,4,81
14553360,66,75,0,81
14553870,87,64,5,76
14554380,43,91,-6,82
14554890,64,50,1,81
14555400,3,51,-1,82
14555910,13,42,4,78
14556420,8,9,1,77
14556930,64,42,-1,78
14557440,89,61,6,72
14557950,45,88,-10,82
14558460,55,47,2,80
14558970,59,14,2,78
14559480,74,87,-1,79
14559990,95,12,3,76
14560500,65,74,-10,86
14561010,86,101,6,80
14561520,5,26,2,78
14562030,69,77,-2,80
14562540,90,2,-2,82
14563050,60,75,4,78
14563560,81,64,1,77
14564070,39,91,-6,83
14564580,49,50,-2,85
14565090,70,33,13,72
14565600,49,98,-12,84
14566110,70,57,7,77
14566620,95,84,3,74
14567130,53,9,-2,76
14567640,68,67,-2,78
14568150,26,94,-2,80
14568660,36,83,-5,85
14569170,46,42,-4,89
14569680,58,25,13,76
14570190,83,87,-6,82
14570700,2,12,7,75
14571210,58,9,-5,80
14571720,73,82,1,79
14572230,94,7,3,76
14572740,68,69,-7,83
14573250,26,96,7,76
14573760,36,85,-8,84
14574270,46,44,-1,85
14574780,58,27,8,77
14575290,83,47,2,75
14575800,6,74,-3,78
14576310,71,63,2,76
14576820,29,64,-11,87
14577330,50,23,8,79
14577840,75,43,3,76
14578350,100,6,1,75
14578860,70,68,-4,79
14579370,28,51,0,79
14579880,49,18,1,78
14580390,74,38,2,76
14580900,49,1,-8,84
14581410,64,74,-2,86
14581920,85,63,12,74
14582430,41,90,-7,81
14582940,51,49,-4,85
14583450,63,32,12,73
14583960,88,52,0,73
14584470,44,41,-12,85
14584980,56,24,7,78
14585490,81,44,0,78
14586000,4,4,-3,81
14586510,60,15,6,75
14587020,75,32,3,72
14587530,80,27,-2,74
14588040,95,22,0,74
14588550,53,49,-11,85
14589060,54,32,7,78
14589570,66,52,6,72
14590080,91,71,3,69
14590590,47,98,-12,81
14591100,3,57,-1,82
14591610,13,46,0,82
14592120,8,29,4,78
14592630,3,80,1,77
14593140,68,69,-7,84
14593650,26,52,4,80
14594160,47,41,-4,84
14594670,59,24,8,76
14595180,84,93,-7,83
14595690,3,18,5,78
14596200,59,51,-3,81
14596710,84,34,6,75
14597220,52,29,-4,79
14597730,77,49,3,76
14598240,0,12,-4,80
14598750,56,9,5,75
14599260,92,82,0,75
14599770,50,7,-3,78
14600280,65,80,-1,79
14600790,86,69,6,73
14601300,42,29,-10,83
14601810,70,12,5,78
14602320,85,85,-2,80
14602830,4,10,0,80
14603340,60,43,1,79
14603850,85,26,1,78
14604360,43,46,-10,88
14604870,68,29,14,74
14605380,24,49,-7,81
14605890,45,35,-6,87
14606400,57,18,6,81
14606910,72,38,5,76
14607420,47,1,-6,82
14607930,62,74,5,77
14608440,83,63,2,75
14608950,39,52,-4,79
14609460,60,19,1,78
14609970,72,39,0,78
14610480,97,2,1,77
14610990,53,75,-5,82
14611500,74,64,6,76
14612010,32,53,-4,80
14612520,53,20,4,76
14613030,78,40,5,71
14613540,53,3,-4,75
14614050,68,76,-12,87
14614560,89,65,14,73
14615070,45,20,-9,82
14615580,70,3,-2,84
14616090,85,76,2,82
14616600,43,43,1,81
14617110,64,26,6,75
14617620,20,46,-8,83
14618130,15,29,3,80
14618640,36,98,-1,81
14619150,46,57,-2,83
14619660,67,24,4,79
14620170,79,44,1,78
14620680,2,37,-2,80
14621190,66,4,-1,81
14621700,81,77,-4,85
14622210,39,60,2,83
14622720,60,27,3,80
14623230,85,47,6,74
14623740,41,36,-8,82
14624250,53,19,5,77
14624760,78,39,6,71
14625270,36,28,-17,88
14625780,37,11,6,82
14626290,49,96,-4,86
14626800,78,55,15,71
14627310,34,15,-14,85
14627820,46,100,7,78
14628330,51,59,-1,79
14628840,72,26,3,76
14629350,30,46,-4,80
14629860,51,13,3,77
14630370,66,86,-4,81
14630880,87,75,1,80
14631390,45,42,-5,85
14631900,75,25,4,81
14632410,33,45,0,81
14632920,54,12,0,81
14633430,69,85,3,78
14633940,90,74,5,73
14634450,48,41,-13,86
14634960,60,24,8,78
14635470,85,44,5,73
14635980,41,33,-6,79
14636490,53,16,0,79
14637000,65,36,3,76
14637510,90,56,0,76
14638020,46,11,0,76
14638530,61,84,-6,82
14639040,82,73,6,76
14639550,40,40,-2,78
14640060,61,23,2,76
14640570,73,92,-10,86
14641080,94,81,9,77
14641590,52,36,0,77
14642100,80,56,-4,81
14642610,38,19,-3,84
14643120,13,88,3,81
14643630,24,77,4,77
14644140,34,36,0,77
14644650,55,3,0,77
14645160,70,76,-3,80
14645670,91,43,5,75
14646180,47,32,-4,79
14646690,75,101,-6,85
14647200,96,90,12,73
14647710,54,57,-11,84
14648220,75,24,5,79
14648730,33,44,-3,82
14649240,54,11,-1,83
14649750,69,84,1,82
14650260,90,73,3,79
14650770,48,40,-2,81
14651280,73,7,-1,82
14651790,43,80,1,81
14652300,64,39,6,75
14652810,89,2,-8,83
14653320,59,75,-2,85
14653830,80,42,13,72
14654340,36,9,-9,81
14654850,55,94,2,79
14655360,76,53,6,73
14655870,32,20,-15,88
14656380,44,3,8,80
14656890,59,76,5,75
14657400,80,43,0,75
14657910,36,6,-7,82
14658420,97,91,2,80
14658930,55,58,-2,82
14659440,13,25,5,77
14659950,8,58,2,75
14660460,96,47,-2,77
14660970,23,10,1,76
14661480,81,95,-5,81
14661990,0,14,1,80
14662500,56,11,5,75
14663010,71,84,-4,79
14663520,92,51,6,73
14664030,48,14,-5,78
14664540,60,34,5,73
14665050,85,1,-5,78
14665560,55,74,-5,83
14666070,76,41,6,77
14666580,51,4,-2,79
14667090,66,77,3,76
14667600,87,44,-1,77
14668110,43,7,-1,78
14668620,58,80,-1,79
14669130,79,69,2,77
14669640,37,36,-4,81
14670150,58,19,11,70
14670660,73,39,-8,78
14671170,29,2,-2,80
14671680,90,87,1,79
14672190,9,54,-1,80
14672700,97,87,0,80
14673210,55,12,-1,81
14673720,70,85,-1,82
14674230,91,4,-2,84
14674740,65,77,1,83
14675250,86,66,8,75
14675760,44,26,-5,80
14676270,69,9,3,77
14676780,84,82,-4,81
14677290,42,65,-2,83
14677800,63,8,0,83
14678310,78,81,-5,88
14678820,99,13,10,78
14679330,69,33,3,75
14679840,84,98,-3,78
14680350,3,17,-1,79
14680860,59,14,0,79
14681370,74,87,-4,83
14681880,95,70,3,80
14682390,51,25,3,77
14682900,66,45,5,72
14683410,22,64,-7,79
14683920,32,23,-3,82
14684430,92,6,2,80
14684940,62,79,-7,87
14685450,83,68,5,82
14685960,41,35,-5,87
14686470,71,18,15,72
14686980,86,78,-6,78
14687490,44,33,-5,83
14688000,56,16,5,78
14688510,71,36,3,75
14689020,86,56,0,75
14689530,66,11,-7,82
14690040,81,84,6,76
14690550,0,9,1,75
14691060,56,20,-4,79
14691570,31,40,-8,87
14692080,52,23,4,83
14692590,64,43,1,82
14693100,22,62,0,82
14693610,32,49,0,82
14694120,53,16,1,81
14694630,68,36,6,75
14695140,87,56,-4,79
14695650,67,11,1,78
14696160,82,84,-4,82
14696670,1,9,1,81
14697180,57,20,7,74
14697690,32,40,-12,86
14698200,53,7,9,77
14698710,94,80,-1,78
14699220,52,35,-3,81
14699730,71,18,8,73
14700240,86,38,-2,75
14700750,101,33,-3,78
14701260,59,53,-1,79
14701770,17,36,-1,80
14702280,12,19,2,78
14702790,96,52,3,75
14703300,52,41,-2,77
14703810,67,24,-2,79
14704320,82,44,8,71
14704830,38,7,-2,73
14705340,53,80,-8,81
14705850,74,101,2,79
14706360,95,20,2,77
14706870,53,40,-6,83
14707380,68,23,5,78
14707890,26,43,-6,84
14708400,47,26,0,84
14708910,62,9,1,83
14709420,77,82,4,79
14709930,98,71,5,74
14710440,54,75,-10,84
14710950,75,64,5,79
14711460,33,83,-1,80
14711970,43,42,-3,83
14712480,64,25,6,77
14712990,76,20,2,75
14713500,34,37,-9,84
14714010,55,20,8,76
14714520,70,40,-1,77
14715030,28,3,-8,85
14715540,89,88,3,82
14716050,47,13,1,81
14716560,59,33,3,78
14717070,84,53,8,70
14717580,40,8,-7,77
14718090,55,81,-1,78
14718600,76,0,-4,82
14719110,97,73,1,81
14719620,55,77,-3,84
14720130,76,66,6,78
14720640,34,85,-5,83
14721150,44,44,-3,86
14721660,65,27,10,76
14722170,80,47,1,75
14722680,38,10,-11,86
14723190,50,56,3,83
14723700,71,23,10,73
14724210,29,43,-18,91
14724720,50,26,12,79
14725230,75,46,3,76
14725740,33,9,-2,78
14726250,94,94,-8,86
14726760,13,19,10,76
14727270,97,52,1,75
14727780,53,41,-2,77
14728290,78,24,3,74
14728800,93,44,-2,76
14729310,51,39,-13,89
14729820,81,22,9,80
14730330,39,42,-1,81
14730840,60,25,0,81
14731350,57,45,-2,83
14731860,15,28,3,80
14732370,10,61,-2,82
14732880,20,52,8,74
14733390,30,19,-3,77
14733900,90,2,-5,82
14734410,60,75,-1,83
14734920,81,64,8,75
14735430,39,24,-7,82
14735940,51,7,3,79
14736450,66,80,-3,82
14736960,87,69,3,79
14737470,45,73,-3,82
14737980,66,32,5,77
14738490,78,52,1,76
14739000,36,90,-11,87
14739510,46,49,6,81
14740020,67,32,8,73
14740530,23,52,-5,78
14741040,18,35,-1,79
14741550,6,18,2,77
14742060,1,29,0,77
14742570,82,80,-6,83
14743080,40,5,0,83
14743590,55,78,5,78
14744100,76,67,-4,82
14744610,34,94,-2,84
14745120,44,53,1,83
14745630,65,20,7,76
14746140,95,15,-2,78
14746650,65,88,1,77
14747160,86,7,-1,78
14747670,78,80,0,78
14748180,73,5,-10,88
14748690,59,78,-2,90
14749200,80,67,8,82
14749710,38,27,-3,85
14750220,50,10,4,81
14750730,65,83,-5,86
14751240,86,72,6,80
14751750,44,73,-6,86
14752260,65,32,8,78
14752770,90,52,2,76
14753280,17,15,0,76
14753790,82,48,3,73
14754300,38,11,-6,79
14754810,50,96,-1,80
14755320,79,55,9,71
14755830,2,10,-6,77
14756340,58,21,5,72
14756850,83,41,-4,76
14757360,6,36,0,76
14757870,13,27,-3,79
14758380,1,60,5,74
14758890,85,93,-5,79
14759400,4,18,-1,80
14759910,12,47,1,79
14760420,69,30,2,77
14760930,74,25,4,73
14761440,79,20,-4,77
14761950,71,40,-1,78
14762460,96,3,-2,80
14762970,66,76,-3,83
14763480,87,65,3,80
14763990,10,20,6,74
14764500,5,53,-5,79
14765010,12,42,-7,86
14765520,100,25,11,75
14766030,58,45,-1,76
14766540,83,28,-6,82
14767050,97,48,5,77
14767560,55,37,-2,79
14768070,80,56,5,74
14768580,38,83,-8,82
14769090,59,42,2,80
14769600,84,61,3,77
14770110,7,16,-2,79
14770620,15,49,0,79
14771130,10,32,-1,80
14771640,98,15,6,74
14772150,54,35,-7,81
14772660,79,18,1,80
14773170,37,38,-1,81
14773680,58,21,6,75
14774190,83,41,2,73
14774700,6,95,-7,80
14775210,71,84,-3,83
14775720,92,73,9,74
14776230,50,74,-11,85
14776740,71,63,8,77
14777250,29,82,1,76
14777760,39,41,-5,81
14778270,60,24,4,77
14778780,90,19,-9,86
14779290,53,92,2,84
14779800,58,51,7,77
14780310,83,34,4,73
14780820,97,29,-4,77
14781330,55,49,1,76
14781840,80,32,0,76
14782350,94,27,1,75
14782860,52,88,-10,85
14783370,73,47,8,77
14783880,98,66,5,72
14784390,40,21,-11,83
14784900,65,4,3,80
14785410,86,77,1,79
14785920,44,2,-4,83
14786430,59,75,4,79
14786940,80,64,-1,80
14787450,38,24,-5,85
14787960,63,38,12,73
14788470,88,1,-11,84
14788980,62,47,12,72
14789490,87,66,-6,78
14790000,10,26,-3,81
14790510,5,33,-1,82
14791020,15,84,7,75
14791530,26,73,-2,77
14792040,64,32,-3,80
14792550,89,52,4,76
14793060,12,79,-3,79
14793570,23,68,-3,82
14794080,33,27,-1,83
14794590,93,10,5,78
14795100,63,72,-14,92
14795610,84,61,15,77
14796120,7,88,-2,79
14796630,72,77,4,75
14797140,93,8,-2,77
14797650,63,81,5,72
14798160,84,0,-12,84
14798670,76,73,-2,86
14799180,34,56,5,81
14799690,55,45,-1,82
14800200,80,28,8,74
14800710,94,23,-1,75
14801220,50,43,-10,85
14801730,75,26,11,74
14802240,80,21,1,73
14802750,72,82,-18,91
14803260,93,18,11,80
14803770,85,35,0,80
14804280,99,30,2,78
14804790,57,14,4,74
14805300,76,34,0,74
14805810,101,29,-5,79
14806320,4,49,5,74
14806830,3,82,-7,81
14807340,68,71,1,80
14807850,89,54,5,75
14808360,12,9,-6,81
14808870,96,42,1,80
14809380,54,37,-3,83
14809890,79,20,10,73
14810400,71,40,-3,76
14810910,96,3,-3,79
14811420,66,76,-4,83
14811930,87,65,6,77
14812440,10,1,-5,82
14812950,66,26,5,77
14813460,91,99,-5,82
14813970,10,24,3,79
14814480,98,31,8,71
14814990,54,26,-7,78
14815500,79,59,2,76
14816010,2,19,3,73
14816520,10,16,-5,78
14817030,75,49,3,75
14817540,100,12,-3,78
14818050,92,85,0,78
14818560,50,10,-3,81
14819070,65,83,-1,82
14819580,86,72,0,82
14820090,9,73,-2,84
14820600,19,62,3,81
14821110,29,21,4,77
14821620,48,4,-5,82
14822130,63,77,4,78
14822640,84,66,4,74
14823150,7,67,-4,78
14823660,72,58,4,74
14824170,97,59,-2,76
14824680,53,14,-1,77
14825190,78,87,-5,82
14825700,99,76,2,80
14826210,22,77,2,78
14826720,29,66,-14,92
14827230,50,55,3,89
14827740,71,38,16,73
14828250,96,18,0,73
14828760,88,38,1,72
14829270,0,18,0,72
14829780,56,15,-4,76
14830290,71,88,-12,88
14830800,92,77,11,77
14831310,15,78,-6,83
14831820,82,67,7,76
14832330,5,68,-1,77
14832840,59,57,-5,82
14833350,89,40,10,72
14833860,16,35,-12,84
14834370,11,68,7,77
14834880,65,57,-4,81
14835390,90,76,0,81
14835900,48,1,2,79
14836410,63,74,-4,83
14836920,84,63,2,81
14837430,7,64,0,81
14837940,74,53,7,74
14838450,99,13,0,74
14838960,91,86,0,74
14839470,49,11,-4,78
14839980,64,84,-4,82
14840490,85,73,8,74
14841000,8,74,-5,79
14841510,75,63,5,74
14842020,100,23,-1,75
14842530,92,35,-4,79
14843040,84,30,5,74
14843550,98,25,-1,75
14844060,68,45,-4,79
14844570,93,83,3,76
14845080,51,8,-5,81
14845590,66,81,5,76
14846100,87,70,-2,78
14846610,10,30,-1,79
14847120,5,81,0,79
14847630,27,70,-2,81
14848140,37,29,-2,83
14848650,62,12,3,80
14849160,77,85,0,80
14849670,98,10,4,76
14850180,90,72,1,75
14850690,41,73,-8,83
14851200,62,32,3,80
14851710,87,52,7,73
14852220,10,15,-5,78
14852730,5,48,6,72
14853240,4,39,-12,84
14853750,92,90,0,84
14854260,47,15,4,80
14854770,72,88,-4,84
14855280,93,77,12,72
14855790,16,78,-12,84
14856300,26,67,-2,86
14856810,36,26,4,82
14857320,48,9,-1,83
14857830,63,82,4,79
14858340,84,71,-2,81
14858850,7,31,0,81
14859360,17,67,1,80
14859870,24,56,3,77
14860380,45,45,-4,81
14860890,75,28,5,76
14861400,89,23,-1,77
14861910,81,43,-1,78
14862420,4,38,6,72
14862930,92,89,-4,76
14863440,50,14,-2,78
14863950,62,87,-6,84
14864460,83,76,5,79
14864970,41,65,-2,81
14865480,62,24,1,80
14865990,87,44,7,73
14866500,10,39,0,73
14867010,5,90,-8,81
14867520,70,79,-3,84
14868030,91,68,3,81
14868540,49,69,-3,84
14869050,70,58,8,76
14869560,95,77,1,75
14870070,53,78,-9,84
14870580,74,37,6,78
14871090,99,32,5,73
14871600,91,27,-1,74
14872110,83,22,1,73
14872620,53,42,-7,80
14873130,78,61,0,80
14873640,1,21,4,76
14874150,66,18,2,74
14874660,85,38,4,70
14875170,99,18,-5,75
14875680,69,38,3,72
14876190,94,79,-6,78
14876700,52,80,-4,82
14877210,73,69,5,77
14877720,31,88,-3,80
14878230,41,47,1,79
14878740,62,90,-11,90
14879250,83,79,12,78
14879760,38,18,-9,87
14880270,66,1,4,83
14880780,92,74,-4,87
14881290,50,34,0,87
14881800,78,17,17,70
14882310,70,37,-5,75
14882820,95,32,-2,77
14883330,46,12,-5,82
14883840,58,85,3,79
14884350,79,44,7,72
14884860,93,85,-9,81
14885370,51,10,4,77
14885880,63,83,-6,83
14886390,84,72,8,75
14886900,42,73,-15,90
14887410,63,62,7,83
14887920,21,45,4,79
14888430,3,34,1,78
14888940,84,73,-1,79
14889450,42,74,2,77
14889960,63,33,5,72
14890470,88,53,2,70
14890980,44,8,-10,80
14891490,56,81,1,79
14892000,77,0,-5,84
14892510,69,73,1,83
14893020,90,62,5,78
14893530,13,22,3,75
14894040,97,73,-1,76
14894550,55,74,-7,83
14895060,76,63,1,82
14895570,34,23,1,81
14896080,53,6,2,79
14896590,65,79,-2,81
14897100,86,100,-2,83
14897610,5,25,9,74
14898120,93,76,-3,77
14898630,51,77,-8,85
14899140,72,66,6,79
14899650,101,26,3,76
14900160,93,38,5,71
14900670,20,18,-11,82
14901180,2,1,1,81
14901690,58,100,1,80
14902200,79,59,0,80
14902710,37,19,-1,81
14903220,49,2,1,80
14903730,70,75,-2,82
14904240,91,64,9,73
14904750,49,19,-7,80
14905260,74,39,5,75
14905770,88,34,-3,78
14906280,0,29,0,78
14906790,88,80,2,76
14907300,46,40,-4,80
14907810,76,23,6,74
14908320,90,25,-1,75
14908830,2,20,2,73
14909340,58,17,-7,80
14909850,88,90,-3,83
14910360,43,26,-2,85
14910870,71,9,2,83
14911380,101,82,8,75
14911890,59,83,-6,81
14912400,80,2,2,79
14912910,72,75,-6,85
14913420,30,3,3,82
14913930,91,88,2,80
14914440,49,13,-4,84
14914950,50,86,3,81
14915460,71,45,0,81
14915970,83,5,4,77
14916480,53,78,-1,78
14916990,74,99,-8,86
14917500,95,18,8,78
14918010,65,91,-6,84
14918520,86,10,9,75
14919030,78,83,-3,78
14919540,99,2,-1,79
14920050,91,75,5,74
14920560,49,71,-13,87
14921070,70,60,14,73
14921580,28,79,-9,82
14922090,50,38,-5,87
14922600,80,21,9,78
14923110,72,38,-3,81
14923620,30,58,4,77
14924130,51,47,-8,85
14924640,81,30,8,77
14925150,95,25,3,74
14925660,65,37,5,69
14926170,70,78,-12,81
14926680,91,67,9,72
14927190,49,68,-6,78
14927700,70,57,0,78
14928210,28,76,-2,80
14928720,50,35,-1,81
14929230,80,54,11,70
14929740,43,14,-9,79
14930250,55,99,-8,87
14930760,76,58,12,75
14931270,89,59,4,71
14931780,52,19,-5,76
14932290,82,71,-4,80
14932800,40,90,0,80
14933310,45,49,-3,83
14933820,66,32,5,78
14934330,96,27,2,76
14934840,54,22,-4,80
14935350,79,42,5,75
14935860,93,37,-5,80
14936370,5,32,0,80
14936880,93,38,9,71
14937390,20,33,-4,75
14937900,41,16,-5,80
14938410,71,101,-1,81
14938920,92,20,3,78
14939430,50,40,-6,84
14939940,80,23,7,77
14940450,94,43,1,76
14940960,84,23,0,76
14941470,98,18,0,76
14941980,68,80,-3,79
14942490,89,101,1,78
14943000,8,26,3,75
14943510,3,77,-3,78
14944020,68,66,-8,86
14944530,26,49,3,83
14945040,47,38,4,79
14945550,77,21,-2,81
14946060,35,49,-2,83
14946570,56,32,5,78
14947080,81,20,1,77
14947590,51,40,-15,92
14948100,81,23,14,78
14948610,39,40,-12,90
14949120,60,23,15,75
14949630,90,43,-3,78
14950140,17,23,-1,79
14950650,85,34,11,68
14951160,12,29,-10,78
14951670,7,36,4,74
14952180,2,42,1,73
14952690,90,33,-6,79
14953200,17,28,-1,80
14953710,82,79,0,80
14954220,40,4,3,77
14954730,52,77,-8,85
14955240,73,66,8,77
14955750,31,85,-5,82
14956260,60,44,5,77
14956770,18,63,-8,85
14957280,40,63,2,83
14957790,61,52,-1,84
14958300,91,71,6,78
14958810,49,72,-2,80
14959320,70,61,-6,86
14959830,100,80,4,82
14960340,58,81,4,78
14960850,79,70,-6,84
14961360,37,30,-4,88
14961870,67,13,11,77
14962380,97,86,1,76
14962890,55,87,-8,84
14963400,76,46,5,79
14963910,34,65,0,79
14964420,55,24,3,76
14964930,85,44,0,76
14965440,99,24,4,72
14965950,55,44,-11,83
14966460,85,11,8,75
14966970,77,84,-8,83
14967480,98,9,2,81
14967990,54,82,2,79
14968500,75,71,1,78
14969010,33,60,-2,80
14969520,54,49,-1,81
14970030,12,32,1,80
14970540,7,83,1,79
14971050,72,72,-4,83
14971560,93,55,11,72
14972070,49,35,-10,82
14972580,79,54,7,75
14973090,42,73,-10,85
14973600,63,32,8,77
14974110,68,52,-6,83
14974620,98,71,4,79
14975130,56,31,1,78
14975640,81,51,4,74
14976150,44,70,-5,79
14976660,65,29,3,76
14977170,95,9,-6,82
14977680,87,71,1,81
14978190,45,72,-3,84
14978700,66,31,11,73
14979210,71,11,-9,82
14979720,101,84,6,76
14980230,59,96,-4,80
14980740,80,55,6,74
14981250,43,20,-6,80
14981760,71,40,3,77
14982270,34,0,-4,81
14982780,95,73,5,76
14983290,53,74,-9,85
14983800,74,63,2,83
14984310,32,82,-1,84
14984820,42,41,1,83
14985330,63,24,6,77
14985840,93,44,6,71
14986350,20,24,-11,82
14986860,88,7,4,78
14987370,80,80,-11,89
14987880,36,8,7,82
14988390,48,93,7,75
14988900,69,52,-3,78
14989410,27,71,-6,84
14989920,17,30,2,82
14990430,5,81,-1,83
14990940,70,70,1,82
14991450,91,53,6,76
14991960,14,33,2,74
14992470,9,84,2,72
14992980,74,73,-13,85
14993490,2,56,12,73
14994000,83,61,-5,78
14994510,41,21,-2,80
14995020,69,4,-4,84
14995530,99,77,11,73
14996040,57,89,-10,83
14996550,78,48,6,77
14997060,66,67,-6,83
14997570,24,3,-3,86
14998080,10,88,6,80
14998590,75,77,-1,81
14999100,96,13,5,76
14999610,88,86,-3,79
15000120,7,11,0,79
15000630,72,8,4,75
15001140,84,81,-6,81
15001650,3,6,4,77
15002160,59,17,-2,79
15002670,89,90,0,79
15003180,8,15,4,75
15003690,3,12,-4,79
15004200,59,9,-3,82
15004710,89,82,-2,84
15005220,47,101,2,82
15005730,76,60,3,79
15006240,101,79,2,77
15006750,30,91,-2,79
15007260,40,80,-5,84
15007770,61,39,6,78
15008280,86,58,6,72
15008790,9,70,-10,82
15009300,19,59,7,75
15009810,29,18,-8,83
15010320,41,1,0,83
15010830,62,74,-1,84
15011340,83,63,13,71
15011850,12,64,-6,77
15012360,22,55,-1,78
15012870,43,26,-5,83
15013380,73,9,-1,84
15013890,1,82,9,75
15014400,11,71,-8,83
15014910,21,60,9,74
15015420,9,19,0,74
15015930,4,16,-3,77
15016440,60,13,-1,78
15016950,90,86,-3,81
15017460,48,11,1,80
15017970,78,84,-7,87
15018480,99,20,11,76
15018990,57,40,-2,78
15019500,82,59,-4,82
15020010,38,97,5,77
15020520,48,56,-15,92
15021030,69,39,19,73
15021540,94,80,-5,78
15022050,52,87,-10,88
15022560,73,46,10,78
15023070,39,65,-5,83
15023580,60,54,1,82
15024090,90,73,7,75
15024600,19,92,-3,78
15025110,29,81,2,76
15025620,39,40,-6,82
15026130,69,23,8,74
15026640,99,3,-8,82
15027150,73,28,4,78
15027660,78,8,-1,79
15028170,48,81,-3,82
15028680,69,40,5,77
15029190,94,59,-2,79
15029700,50,78,-7,86
15030210,71,67,0,86
15030720,101,86,11,75
15031230,57,11,3,72
15031740,87,84,-8,80
15032250,6,12,4,76
15032760,71,9,-3,79
15033270,101,82,-3,82
15033780,30,7,9,73
15034290,49,92,-10,83
15034800,70,51,6,77
15035310,100,70,-3,80
15035820,56,82,-4,84
15036330,77,18,7,77
15036840,69,38,3,74
15037350,94,100,-3,77
15037860,13,25,2,75
15038370,8,76,-3,78
15038880,18,65,-6,84
15039390,28,60,9,75
15039900,49,19,-9,84
15040410,77,7,2,82
15040920,98,80,3,79
15041430,54,5,1,78
15041940,69,78,-7,85
15042450,90,14,8,77
15042960,82,59,-3,80
15043470,5,78,3,77
15043980,15,9,-2,79
15044490,80,20,5,74
15045000,8,19,-5,79
15045510,3,16,3,76
15046020,59,13,0,76
15046530,89,86,-1,77
15047040,8,11,-5,82
15047550,3,8,1,81
15048060,64,5,5,76
15048570,94,78,5,71
15049080,23,90,-11,82
15049590,33,79,1,81
15050100,43,38,-1,82
15050610,73,21,11,71
15051120,1,97,-10,81
15051630,7,86,1,80
15052140,17,75,3,77
15052650,84,64,-3,80
15053160,13,83,-3,83
15053670,23,72,4,79
15054180,33,31,0,79
15054690,54,14,-2,81
15055200,84,87,-2,83
15055710,3,23,10,73
15056220,91,74,-2,75
15056730,20,34,-3,78
15057240,41,85,-8,86
15057750,31,44,2,84
15058260,52,27,5,79
15058770,77,15,-3,82
15059280,35,88,2,80
15059790,45,47,-7,87
15060300,66,30,9,78
15060810,91,18,-5,83
15061320,83,80,-3,86
15061830,2,5,10,76
15062340,58,2,-3,79
15062850,79,75,-4,83
15063360,100,3,2,81
15063870,74,65,3,78
15064380,0,84,6,72
15064890,10,73,-7,79
15065400,20,62,-1,80
15065910,30,64,4,76
15066420,51,23,-6,82
15066930,79,11,-1,83
15067440,71,84,5,78
15067950,92,9,4,74
15068460,84,71,-5,79
15068970,7,90,1,78
15069480,72,79,-7,85
15069990,93,15,6,79
15070500,63,77,-8,87
15071010,84,13,13,74
15071520,76,58,-2,76
15072030,101,77,-2,78
15072540,30,81,-6,84
15073050,40,40,1,83
15073560,61,23,5,78
15074070,86,96,-3,81
15074580,5,21,3,78
15075090,93,27,0,78
15075600,85,39,4,74
15076110,8,19,-7,81
15076620,3,70,0,81
15077130,13,1,0,81
15077640,97,12,11,70
15078150,89,74,-5,75
15078660,41,34,-7,82
15079170,71,17,8,74
15079680,101,34,-7,81
15080190,28,46,4,77
15080700,49,29,-4,81
15081210,77,17,12,69
15081720,69,29,-9,78
15082230,94,49,3,75
15082740,17,29,0,75
15083250,38,80,-11,86
15083760,59,39,8,78
15084270,37,58,-2,80
15084780,58,47,6,74
15085290,86,66,-2,76
15085800,15,26,-4,80
15086310,3,32,4,76
15086820,91,83,-7,83
15087330,49,8,3,80
15087840,64,81,-6,86
15088350,85,6,7,79
15088860,77,79,-3,82
15089370,98,4,4,78
15089880,72,77,-2,80
15090390,93,2,-1,81
15090900,67,75,6,75
15091410,88,0,0,75
15091920,62,73,-7,82
15092430,83,56,8,74
15092940,6,68,-2,76
15093450,60,59,-7,83
15093960,81,42,8,75
15094470,4,2,-8,83
15094980,99,101,5,78
15095490,18,26,0,78
15096000,39,33,-1,79
15096510,60,16,7,72
15097020,90,33,-5,77
15097530,17,28,2,75
15098040,38,61,-12,87
15098550,59,28,18,69
15099060,84,23,-8,77
15099570,76,31,5,72
15100080,101,11,-6,78
15100590,57,73,-1,79
15101100,78,100,-4,83
15101610,99,25,13,70
15102120,55,10,-8,78
15102630,85,83,1,77
15103140,4,8,3,74
15103650,60,5,-7,81
15104160,90,78,5,76
15104670,48,3,-1,77
15105180,69,76,-15,92
15105690,90,4,18,74
15106200,64,66,-7,81
15106710,85,96,-7,88
15107220,4,32,19,69
15107730,92,38,-9,78
15108240,19,18,-1,79
15108750,84,51,5,74
15109260,7,11,-6,80
15109770,95,44,4,76
15110280,22,24,-3,79
15110790,43,7,-2,81
15111300,55,80,-2,83
15111810,76,8,5,78
15112320,68,81,-3,81
15112830,89,6,2,79
15113340,63,79,-1,80
15113850,84,4,-4,84
15114360,12,77,9,75
15114870,23,68,-6,81
15115380,55,27,9,72
15115890,80,29,2,70
15116400,94,24,-2,72
15116910,50,36,-10,82
15117420,78,19,7,75
15117930,36,36,-6,81
15118440,57,19,5,76
15118950,82,92,-7,83
15119460,1,17,10,73
15119970,66,14,-7,80
15120480,96,87,1,79
15120990,54,12,3,76
15121500,84,85,-5,81
15122010,3,21,9,72
15122520,100,27,-11,83
15123030,58,12,13,70
15123540,88,29,-6,76
15124050,46,24,-8,84
15124560,74,12,6,78
15125070,32,85,-4,82
15125580,42,44,2,80
15126090,63,27,2,78
15126600,88,15,-1,79
15127110,80,60,7,72
15127620,9,64,-10,82
15128130,97,55,9,73
15128640,20,67,-7,80
15129150,10,26,8,72
15129660,5,32,-2,74
15130170,93,23,-3,77
15130680,49,31,-5,82
15131190,77,19,2,80
15131700,35,27,2,78
15132210,56,10,1,77
15132720,86,83,-4,81
15133230,44,11,6,75
15133740,56,84,0,75
15134250,77,43,-3,78
15134760,0,6,0,78
15135270,56,25,6,72
15135780,81,45,-1,73
15136290,37,5,-7,80
15136800,49,78,-3,83
15137310,70,37,12,71
15137820,26,17,-10,81
15138330,86,0,2,79
15138840,60,73,-5,84
15139350,81,62,4,80
15139860,39,22,-3,83
15140370,67,5,9,74
15140880,97,78,1,73
15141390,55,90,-6,79
15141900,76,49,1,78
15142410,34,68,-4,82
15142920,55,27,2,80
15143430,80,15,-1,81
15143940,38,60,3,78
15144450,59,49,-1,79
15144960,89,68,1,78
15145470,18,80,-1,79
15145980,28,69,-4,83
15146490,49,28,1,82
15147000,77,16,2,80
15147510,35,33,1,79
15148020,56,16,3,76
15148530,86,89,-8,84
15149040,5,14,7,77
15149550,70,47,-3,80
15150060,28,66,-2,82
15150570,49,25,1,81
15151080,74,13,3,78
15151590,32,86,-3,81
15152100,42,45,-4,85
15152610,63,28,5,80
15153120,88,8,4,76
15153630,62,81,-7,83
15154140,83,9,5,78
15154650,57,82,-3,81
15155160,78,41,10,71
15155670,1,21,-10,81
15156180,89,18,8,73
15156690,47,35,-17,90
15157200,77,18,9,81
15157710,35,38,3,78
15158220,56,5,-3,81
15158730,68,78,4,77
15159240,89,3,-7,84
15159750,63,76,4,80
15160260,84,1,-3,83
15160770,58,74,2,81
15161280,79,63,5,76
15161790,37,90,-10,86
15162300,47,49,6,80
15162810,68,32,6,74
15163320,93,12,-2,76
15163830,67,85,-7,83
15164340,88,10,9,74
15164850,62,72,-7,81
15165360,83,0,1,80
15165870,57,73,0,80
15166380,78,40,6,74
15166890,1,20,-2,76
15167400,9,71,-5,81
15167910,19,60,-4,85
15168420,7,27,7,78
15168930,95,78,1,77
15169440,53,3,-2,79
15169950,83,76,0,79
15170460,41,1,1,78
15170970,62,74,-3,81
15171480,83,63,4,77
15171990,41,75,-7,84
15172500,62,34,9,75
15173010,87,22,3,72
15173520,45,30,-9,81
15174030,73,13,4,77
15174540,31,30,-2,79
15175050,52,99,2,77
15175560,73,58,-2,79
15176070,31,77,-5,84
15176580,21,36,11,73
15177090,9,3,-2,75
15177600,74,14,1,74
15178110,32,87,-10,84
15178620,42,46,0,84
15179130,63,13,4,80
15179640,93,30,5,75
15180150,51,10,-2,77
15180660,81,83,-4,81
15181170,39,8,1,80
15181680,97,81,4,76
15182190,93,93,-9,85
15182700,51,18,8,77
15183210,81,91,-3,80
15183720,0,16,2,78
15184230,8,13,0,78
15184740,16,46,1,77
15185250,4,13,1,76
15185760,69,10,-3,79
15186270,99,83,-4,83
15186780,57,8,7,76
15187290,87,81,-3,79
15187800,45,6,-1,80
15188310,71,79,1,79
15188820,92,4,3,76
15189330,66,77,-8,84
15189840,87,66,10,74
15190350,16,78,-8,82
15190860,97,67,6,76
15191370,26,94,0,76
15191880,36,83,-10,86
15192390,46,42,-1,87
15192900,4,25,9,78
15193410,92,31,2,76
15193920,50,11,-5,81
15194430,58,84,3,78
15194940,79,43,3,75
15195450,37,23,-10,85
15195960,49,6,1,84
15196470,75,79,2,82
15196980,33,7,2,80
15197490,41,80,-1,81
15198000,62,39,7,74
15198510,20,6,-8,82
15199020,85,91,-1,83
15199530,4,16,7,76
15200040,12,13,-6,82
15200550,77,46,6,76
15201060,35,9,-3,79
15201570,36,94,-1,80
15202080,46,53,-3,83
15202590,67,20,8,75
15203100,25,0,-4,79
15203610,33,85,-4,83
15204120,43,44,-3,86
15204630,64,27,14,72
15205140,89,7,-7,79
15205650,63,80,-6,85
15206160,84,69,3,82
15206670,16,96,-5,87
15207180,26,28,10,77
15207690,47,97,-4,81
15208200,76,56,-2,83
15208710,34,75,0,83
15209220,55,34,9,74
15209730,80,22,-2,76
15210240,38,30,-8,84
15210750,39,13,6,78
15211260,64,1,-7,85
15211770,85,74,10,75
15212280,43,101,-7,82
15212790,72,60,10,72
15213300,30,79,-8,80
15213810,40,38,-1,81
15214320,61,5,0,81
15214830,91,78,0,81
15215340,49,3,2,79
15215850,64,76,-2,81
15216360,85,4,-4,85
15216870,77,77,4,81
15217380,35,2,3,78
15217890,96,75,0,78
15218400,25,87,-5,83
15218910,35,76,5,78
15219420,56,35,2,76
15219930,81,54,-5,81
15220440,10,73,-2,83
15220950,75,70,1,82
15221460,33,97,6,76
15221970,43,56,-7,83
15222480,64,45,1,82
15222990,92,64,7,75
15223500,21,76,-4,79
15224010,31,35,-5,84
15224520,52,18,7,77
15225030,80,38,10,67
15225540,9,18,-12,79
15226050,74,69,1,78
15226560,32,96,-1,79
15227070,42,55,-3,82
15227580,63,74,-4,86
15228090,84,2,8,78
15228600,76,64,-3,81
15229110,34,91,1,80
15229620,44,50,-2,82
15230130,65,33,3,79
15230640,90,13,6,73
15231150,82,75,-1,74
15231660,40,0,-6,80
15232170,55,73,-1,81
15232680,76,62,4,77
15233190,101,22,1,76
15233700,57,30,3,73
15234210,82,18,-2,75
15234720,40,30,-10,85
15235230,41,13,7,78
15235740,53,33,0,78
15236250,78,21,3,75
15236760,36,1,-8,83
15237270,62,74,3,80
15237780,83,63,4,76
15238290,12,13,-6,82
15238800,77,46,5,77
15239310,0,98,-3,80
15239820,65,87,-6,86
15240330,86,15,11,75
15240840,56,23,-3,78
15241350,81,43,9,69
15241860,4,23,-13,82
15242370,92,74,7,75
15242880,21,86,-2,77
15243390,31,75,-2,79
15243900,52,34,2,77
15244410,77,22,0,77
15244920,35,2,-1,78
15245430,43,75,-5,83
15245940,64,34,6,77
15246450,89,22,-1,78
15246960,47,30,-9,87
15247470,75,18,8,79
15247980,33,100,7,72
15248490,43,59,-13,85
15249000,64,48,6,79
15249510,89,28,-4,83
15250020,47,8,11,72
15250530,62,81,-9,81
15251040,83,70,-1,82
15251550,6,97,1,81
15252060,71,86,-5,86
15252570,92,11,13,73
15253080,84,73,-10,83
15253590,7,100,3,80
15254100,72,89,2,78
15254610,93,14,-1,79
15255120,85,76,2,77
15255630,43,1,-7,84
15256140,58,74,6,78
15256650,79,63,-2,80
15257160,2,43,-2,82
15257670,66,34,10,72
15258180,91,14,-7,79
15258690,49,22,1,78
15259200,74,42,4,74
15259710,99,5,-7,81
15260220,55,30,8,73
15260730,80,10,-5,78
15261240,72,72,-5,83
15261750,30,99,-4,87
15262260,40,88,3,84
15262770,30,87,-2,86
15263280,40,46,2,84
15263790,61,13,13,71
15264300,80,30,1,70
15264810,3,10,-6,76
15265320,11,7,-4,80
15265830,76,40,1,79
15266340,101,20,8,71
15266850,57,28,-6,77
15267360,82,48,6,71
15267870,5,28,-6,77
15268380,86,34,1,76
15268890,9,14,-3,79
15269400,74,25,1,78
15269910,99,5,5,73
15270420,55,67,-11,84
15270930,76,56,8,76
15271440,101,83,4,72
15271950,30,95,-8,80
15272460,40,54,0,80
15272970,61,43,3,77
15273480,86,62,4,73
15273990,15,1,-8,81
15274500,99,26,9,72
15275010,55,34,-7,79
15275520,80,22,2,77
15276030,38,30,-3,80
15276540,63,13,4,76
15277050,93,86,-4,80
15277560,51,11,2,78
15278070,1,84,0,78
15278580,11,73,-4,82
15279090,92,100,2,80
15279600,11,25,8,72
15280110,6,43,-7,79
15280620,94,42,4,75
15281130,17,22,2,73
15281640,82,55,1,72
15282150,5,5,-12,84
15282660,100,16,8,76
15283170,92,24,3,73
15283680,50,32,-9,82
15284190,75,20,8,74
15284700,33,0,-6,80
15285210,48,73,-10,90
15285720,69,62,8,82
15286230,94,89,2,80
15286740,52,14,5,75
15287250,77,34,-1,76
15287760,0,14,1,75
15288270,8,11,-3,78
15288780,73,44,1,77
15289290,98,7,4,73
15289800,90,69,-3,76
15290310,19,49,-3,79
15290820,7,16,-2,81
15291330,2,13,6,75
15291840,67,10,-5,80
15292350,82,83,5,75
15292860,40,8,0,75
15293370,59,81,-12,87
15293880,80,70,9,78
15294390,3,97,-3,81
15294900,68,86,-6,87
15295410,89,75,12,75
15295920,18,0,-7,82
15296430,82,25,5,77
15296940,96,5,-4,81
15297450,66,30,7,74
15297960,91,10,-4,78
15298470,83,83,1,77
15298980,41,8,-3,80
15299490,53,81,-9,89
15300000,74,40,15,74
15300510,99,20,0,74
15301020,55,28,0,74
