step_time,gneJ00_offset,gneJ9_offset,reward,queue_sum
1020,13,3,10,76
1530,6,4,-4,80
2040,101,53,-5,85
2550,21,94,6,79
3060,69,43,-6,85
3570,8,84,6,79
4080,56,33,-1,80
4590,71,74,-4,84
5100,42,12,-4,88
5610,95,52,11,77
6120,15,93,-8,85
6630,63,92,11,74
7140,88,99,-5,79
7650,8,4,-2,81
8160,9,53,-5,86
8670,57,96,8,78
9180,82,1,7,71
9690,64,72,-10,81
10200,35,79,0,81
10710,60,86,7,74
11220,85,93,-11,85
11730,5,21,5,80
12240,16,22,0,80
12750,20,86,0,80
13260,68,35,-2,82
13770,90,76,4,78
14280,29,83,-5,83
14790,30,90,-2,85
15300,31,97,6,79
15810,32,25,-1,80
16320,47,32,-4,84
16830,62,73,1,83
17340,33,80,0,83
17850,58,87,4,79
18360,83,94,5,74
18870,3,101,-2,76
19380,51,30,-16,92
19890,66,37,11,81
20400,88,78,1,80
20910,8,85,3,77
21420,56,34,-6,83
21930,99,75,7,76
22440,19,14,-6,82
22950,20,78,2,80
23460,21,7,-1,81
23970,22,75,8,73
24480,23,82,-10,83
24990,24,31,-3,86
25500,28,42,0,86
26010,78,43,-2,88
26520,100,84,9,79
27030,39,91,-7,86
27540,40,98,4,82
28050,41,3,-3,85
28560,42,74,5,80
29070,67,81,-1,81
29580,38,52,-8,89
30090,88,59,4,85
30600,8,66,6,79
31110,56,8,2,77
31620,86,79,-1,78
32130,25,17,-2,80
32640,26,81,-6,86
33150,27,88,4,82
33660,28,95,4,78
34170,29,0,-3,81
34680,30,29,3,78
35190,31,69,-1,79
35700,32,76,-5,84
36210,33,83,2,82
36720,34,90,-2,84
37230,35,97,0,84
37740,36,2,2,82
38250,37,73,4,78
38760,62,80,-1,79
39270,87,10,0,79
39780,15,81,4,75
40290,63,30,-10,85
40800,93,71,5,80
41310,13,78,4,76
41820,61,27,-13,89
42330,2,34,15,74
42840,50,54,-11,85
43350,100,61,7,78
43860,20,0,1,77
44370,13,29,-3,80
44880,12,30,-7,87
45390,62,31,9,78
45900,92,72,7,71
46410,12,11,-14,85
46920,11,60,7,78
47430,75,9,7,71
47940,3,80,-7,78
48450,51,100,2,76
48960,76,5,3,73
49470,4,76,-9,82
49980,52,7,5,77
50490,82,78,1,76
51000,2,18,-6,82
51510,1,19,4,78
52020,0,20,3,75
52530,48,21,-5,80
53040,78,61,1,79
53550,17,68,1,78
54060,81,101,4,74
54570,2,31,-2,76
55080,66,51,-4,80
55590,96,92,3,77
56100,16,30,-6,83
56610,20,31,5,78
57120,70,67,2,76
57630,41,5,-8,84
58140,71,76,8,76
58650,42,16,-14,90
59160,43,56,9,81
59670,93,88,6,75
60180,32,26,-9,84
60690,82,89,12,72
61200,2,29,-5,77
61710,66,62,-3,80
62220,80,0,5,75
62730,62,71,-4,79
63240,10,78,-5,84
63750,58,9,5,79
64260,88,80,5,74
64770,8,18,-1,75
65280,7,19,0,75
65790,6,20,-10,85
66300,5,21,7,78
66810,4,22,-1,79
67320,3,23,0,79
67830,2,24,3,76
68340,1,57,-5,81
68850,57,101,7,74
69360,82,65,-9,83
69870,2,72,4,79
70380,50,14,1,78
70890,80,21,2,76
71400,0,16,-3,79
71910,28,17,-5,84
72420,53,81,10,74
72930,78,45,-8,82
73440,100,86,4,78
73950,20,92,-1,79
74460,47,41,-9,88
74970,77,47,7,81
75480,99,54,4,77
75990,19,95,-4,81
76500,67,44,-3,84
77010,97,51,4,80
77520,17,46,-3,83
78030,16,47,7,76
78540,80,80,-1,77
79050,0,8,-6,83
79560,101,9,-1,84
80070,83,80,8,76
80580,3,8,0,76
81090,84,9,-1,77
81600,12,21,-7,84
82110,11,22,1,83
82620,10,23,7,76
83130,9,24,-1,77
83640,8,25,1,76
84150,7,26,-5,81
84660,6,27,5,76
85170,5,28,-5,81
85680,4,29,5,76
86190,3,30,3,73
86700,2,63,-12,85
87210,50,96,7,78
87720,75,60,-6,84
88230,3,66,-7,91
88740,9,8,7,84
89250,8,57,0,84
89760,72,90,11,73
90270,95,18,-8,81
90780,23,13,-1,82
91290,24,77,3,79
91800,88,8,4,75
92310,16,20,-2,77
92820,15,31,-2,79
93330,79,32,0,79
93840,101,39,-1,80
94350,21,80,1,79
94860,48,11,1,78
95370,78,20,-2,80
95880,23,15,-5,85
96390,18,79,-1,86
96900,82,28,12,74
97410,10,23,-3,77
97920,9,24,-3,80
98430,8,25,0,80
98940,7,26,0,80
99450,6,27,1,79
99960,5,28,-2,81
100470,4,61,-5,86
100980,89,25,15,71
101490,9,20,-9,80
102000,8,21,1,79
102510,7,22,-5,84
103020,6,23,3,81
103530,5,24,0,81
104040,4,89,1,80
104550,52,20,-4,84
105060,82,27,11,73
105570,2,22,-8,81
106080,1,23,0,81
106590,49,100,4,77
107100,74,64,-12,89
107610,13,71,4,85
108120,77,32,6,79
108630,99,39,0,79
109140,19,80,-2,81
109650,46,11,-1,82
110160,76,20,6,76
110670,98,15,-6,82
111180,26,27,3,79
111690,30,28,-5,84
112200,80,29,6,78
112710,0,24,-2,80
113220,101,57,4,76
113730,21,98,1,75
114240,48,29,-12,87
114750,78,36,11,76
115260,100,43,-2,78
115770,20,84,-4,82
116280,47,15,-3,85
116790,77,24,9,76
117300,99,19,-1,77
117810,27,31,-8,85
118320,77,67,4,81
118830,99,73,-1,82
119340,19,79,2,80
119850,46,10,-3,83
120360,76,11,6,77
120870,4,23,-7,84
121380,3,24,3,81
121890,51,57,1,80
122400,101,100,4,76
122910,21,40,-5,81
123420,71,76,1,80
123930,42,16,-3,83
124440,43,25,2,81
124950,62,66,-2,83
125460,33,7,3,80
125970,88,89,6,74
126480,8,17,-1,75
126990,7,18,-4,79
127500,6,19,-1,80
128010,5,20,1,79
128520,4,21,-3,82
129030,3,22,4,78
129540,2,55,-1,79
130050,58,88,4,75
130560,83,29,-2,77
131070,3,32,2,75
131580,2,65,1,74
132090,50,98,-7,81
132600,75,7,9,72
133110,3,19,-13,85
133620,2,20,6,79
134130,1,21,1,78
134640,66,22,1,77
135150,91,17,1,76
135660,11,29,-2,78
136170,75,30,-4,82
136680,97,33,6,76
137190,17,74,-5,81
137700,81,5,4,77
138210,9,17,-1,78
138720,8,18,0,78
139230,7,19,-2,80
139740,6,20,-3,83
140250,5,21,7,76
140760,4,22,0,76
141270,3,23,-4,80
141780,2,24,2,78
142290,1,57,1,77
142800,57,90,-3,80
143310,82,31,4,76
143820,2,34,-4,80
144330,66,67,-1,81
144840,5,97,4,77
145350,53,28,-8,85
145860,83,35,10,75
146370,3,38,-3,78
146880,67,71,-2,80
147390,6,12,5,75
147900,71,13,0,75
148410,101,14,-5,80
148920,29,26,-5,85
149430,79,27,8,77
149940,101,68,2,75
150450,21,71,-7,82
150960,85,2,12,70
151470,67,14,-7,77
151980,97,15,-1,78
152490,25,27,-6,84
153000,75,28,2,82
153510,97,31,3,79
154020,17,34,-1,80
154530,81,35,3,77
155040,3,38,-7,84
155550,67,71,-4,88
156060,6,101,15,73
156570,54,32,-13,86
157080,84,11,15,71
157590,12,23,-5,76
158100,7,24,-6,82
158610,6,25,1,81
159120,5,26,-1,82
159630,55,27,8,74
160140,85,30,-1,75
160650,5,33,-4,79
161160,69,66,-2,81
161670,91,4,0,81
162180,73,16,9,72
162690,27,11,-12,84
163200,28,12,4,80
163710,29,13,-1,81
164220,30,77,0,81
164730,94,8,3,78
165240,76,20,-2,80
165750,30,15,-5,85
166260,55,79,14,71
166770,78,20,-4,75
167280,100,15,-4,79
167790,28,27,-3,82
168300,78,28,4,78
168810,100,31,2,76
169320,20,72,-8,84
169830,84,3,6,78
170340,66,15,0,78
170850,20,10,-1,79
171360,15,11,2,77
171870,10,12,3,74
172380,9,13,0,74
172890,8,14,2,72
173400,7,15,-12,84
173910,57,16,4,80
174420,82,11,3,77
174930,10,23,1,76
175440,9,24,0,76
175950,8,25,-4,80
176460,7,26,4,76
176970,6,27,-4,80
177480,5,28,3,77
177990,69,61,-7,84
178500,8,101,4,80
179010,56,32,-2,82
179520,86,35,7,75
180030,6,38,-10,85
180540,70,71,3,82
181050,41,9,-7,89
181560,42,10,3,86
182070,43,11,1,85
182580,73,12,9,76
183090,1,24,0,76
183600,65,25,-4,80
184110,95,28,5,75
184620,15,31,-6,81
185130,79,32,4,77
185640,101,35,3,74
186150,99,38,-5,79
186660,19,79,-2,81
187170,83,10,8,73
187680,11,22,-3,76
188190,10,23,-5,81
188700,9,24,3,78
189210,8,25,0,78
189720,7,26,3,75
190230,6,27,-1,76
190740,5,60,-6,82
191250,69,93,11,71
191760,92,21,-4,75
192270,12,22,-9,84
192780,11,23,3,81
193290,6,24,2,79
193800,5,25,0,79
194310,4,26,3,76
194820,3,59,-7,83
195330,59,1,5,78
195840,89,2,1,77
196350,71,14,-3,80
196860,101,15,3,77
197370,55,27,-3,80
197880,85,30,7,73
198390,5,71,-12,85
198900,53,2,11,74
199410,83,3,1,73
199920,65,15,-10,83
200430,95,16,1,82
200940,76,28,10,72
201450,98,31,-8,80
201960,18,72,-7,87
202470,82,3,16,71
202980,64,15,-11,82
203490,94,16,10,72
204000,32,28,-7,79
204510,82,29,7,72
205020,2,32,-4,76
205530,66,65,-9,85
206040,37,95,6,79
206550,101,26,0,79
207060,21,67,0,79
207570,85,100,5,74
208080,6,28,-6,80
208590,70,46,4,76
209100,92,49,1,75
209610,12,52,-4,79
210120,76,85,2,77
210630,47,13,-4,81
211140,90,14,12,69
211650,18,26,-9,78
212160,68,44,-2,80
212670,90,47,6,74
213180,10,50,-6,80
213690,74,83,1,79
214200,45,11,0,79
214710,88,12,2,77
215220,16,24,-2,79
215730,20,25,7,72
216240,54,65,-8,80
216750,88,3,4,76
217260,70,71,-6,82
217770,41,9,-10,92
218280,42,10,11,81
218790,85,11,7,74
219300,66,23,-8,82
219810,20,24,1,81
220320,70,31,2,79
220830,92,32,5,74
221340,12,73,-7,81
221850,76,4,7,74
222360,4,16,-7,81
222870,68,17,8,73
223380,22,18,-3,76
223890,3,19,-1,77
224400,2,20,0,77
224910,66,21,-1,78
225420,20,22,-2,80
225930,24,33,0,80
226440,74,69,-4,84
226950,96,7,9,75
227460,78,19,-3,78
227970,32,20,-5,83
228480,58,21,-4,87
228990,101,22,3,84
229500,21,74,8,76
230010,85,5,4,72
230520,67,17,-5,77
231030,21,18,-4,81
231540,25,19,8,73
232050,75,20,0,73
232560,29,21,-11,84
233070,79,32,7,77
233580,101,33,0,77
234090,21,74,2,75
234600,85,5,-6,81
235110,13,17,6,75
235620,93,18,-2,77
236130,21,30,-1,78
236640,25,66,-1,79
237150,89,73,-7,86
237660,9,19,8,78
238170,4,20,-1,79
238680,69,21,-4,83
239190,23,22,11,72
239700,27,23,-8,80
240210,77,24,3,77
240720,31,25,-6,83
241230,56,26,5,78
241740,99,27,0,78
242250,19,68,-5,83
242760,83,101,14,69
243270,4,29,-10,79
243780,68,62,2,77
244290,90,0,-1,78
244800,72,12,0,78
245310,26,13,-3,81
245820,52,66,2,79
246330,0,7,3,76
246840,11,8,-1,77
247350,6,19,-4,81
247860,17,20,6,75
248370,21,31,-11,86
248880,25,32,5,81
249390,59,43,2,79
249900,7,49,0,79
250410,71,82,3,76
250920,94,10,0,76
251430,75,22,-2,78
251940,29,23,-7,85
252450,33,34,6,79
252960,83,74,-5,84
253470,3,2,4,80
253980,14,3,2,78
254490,7,4,-1,79
255000,8,5,4,75
255510,3,6,-3,78
256020,14,7,-2,80
256530,97,75,0,80
257040,17,81,-3,83
257550,81,12,10,73
258060,35,24,-9,82
258570,61,25,2,80
259080,2,26,4,76
259590,66,59,-6,82
260100,100,99,8,74
260610,21,27,-7,81
261120,25,38,-1,82
261630,59,74,8,74
262140,82,15,0,74
262650,36,27,-3,77
263160,61,34,-12,89
263670,87,98,15,74
264180,8,3,-2,76
264690,1,4,3,73
265200,12,5,-5,78
265710,38,6,-12,90
266220,39,31,11,79
266730,64,38,-5,84
267240,89,79,6,78
267750,9,25,-1,79
268260,73,26,0,79
268770,27,27,-2,81
269280,31,34,-1,82
269790,81,41,11,71
270300,1,82,-3,74
270810,57,13,-4,78
271320,100,84,1,77
271830,20,91,-4,81
272340,84,98,3,78
272850,5,26,-8,86
273360,69,27,6,80
273870,91,68,-1,81
274380,11,74,1,80
274890,75,39,3,77
275400,97,40,3,74
275910,17,81,-12,86
276420,81,88,8,78
276930,2,16,-2,80
277440,30,17,-8,88
277950,56,81,12,76
278460,90,22,0,76
278970,10,93,1,75
279480,18,58,-4,79
279990,82,91,5,74
280500,3,98,-1,75
281010,51,16,-8,83
281520,94,25,10,73
282030,14,96,-7,80
282540,78,61,-5,85
283050,17,68,9,76
283560,81,101,-1,77
284070,2,29,-1,78
284580,66,62,-1,79
285090,81,69,1,78
285600,1,76,-1,79
286110,49,40,-3,82
286620,64,47,3,79
287130,12,54,-3,82
287640,76,87,4,78
288150,14,94,-3,81
288660,78,59,-7,88
289170,17,66,12,76
289680,81,99,4,72
290190,2,27,-5,77
290700,66,47,-3,80
291210,14,54,-3,83
291720,78,87,4,79
292230,101,94,0,79
292740,22,32,-5,84
293250,26,39,4,80
293760,76,46,-1,81
294270,98,53,5,76
294780,18,94,-1,77
295290,82,59,-11,88
295800,10,66,8,80
296310,74,31,7,73
296820,96,83,3,70
297330,16,29,-10,80
297840,80,36,1,79
298350,0,43,-2,81
298860,64,76,2,79
299370,98,83,4,75
299880,18,90,-8,83
300390,82,97,13,70
300900,3,2,-9,79
301410,14,3,5,74
301920,40,4,-13,87
302430,41,75,1,86
302940,3,12,7,79
303450,14,13,-8,87
303960,18,24,13,74
304470,22,31,-12,86
304980,26,38,4,82
305490,30,45,-1,83
306000,80,52,-5,88
306510,0,59,7,81
307020,64,23,-2,83
307530,5,32,10,73
308040,69,52,-11,84
308550,84,59,4,80
309060,4,66,1,79
309570,68,30,4,75
310080,90,37,3,72
310590,10,89,-11,83
311100,58,54,4,79
311610,73,61,-1,80
312120,95,68,-1,81
312630,15,90,6,75
313140,79,55,-8,83
313650,18,62,6,77
314160,82,95,2,75
314670,3,0,-3,78
315180,98,49,3,75
315690,18,42,-4,79
316200,82,81,0,79
316710,3,9,1,78
317220,14,10,-1,79
317730,15,78,-3,82
318240,79,85,2,80
318750,17,92,0,80
319260,81,99,3,77
319770,2,4,2,75
320280,13,5,-5,80
320790,39,73,-2,82
321300,1,10,3,79
321810,12,11,-1,80
322320,16,50,3,77
322830,80,57,-5,82
323340,0,64,3,79
323850,64,28,-2,81
324360,94,35,9,72
324870,14,87,-11,83
325380,78,52,-2,85
325890,100,59,11,74
326400,20,65,-4,78
326910,84,72,-2,80
327420,5,79,1,79
327930,53,44,-4,83
328440,68,51,4,79
328950,83,58,0,79
329460,3,65,1,78
329970,67,30,-5,83
330480,97,37,8,75
330990,25,89,-4,79
331500,89,96,-2,81
332010,10,1,6,75
332520,3,2,-11,86
333030,14,3,6,80
333540,7,28,1,79
334050,71,65,-1,80
334560,86,72,5,75
335070,6,79,-6,81
335580,70,44,1,80
336090,100,51,0,80
336600,20,92,-3,83
337110,84,99,10,73
337620,56,4,-6,79
338130,86,75,1,78
338640,6,82,0,78
339150,54,47,-3,81
339660,16,54,8,73
340170,80,61,-7,80
340680,0,68,2,78
341190,64,32,-3,81
341700,94,39,3,78
342210,14,91,2,76
342720,78,56,-8,84
343230,100,63,5,79
343740,20,69,5,74
344250,84,76,-2,76
344760,5,83,3,73
345270,61,48,-12,85
345780,76,55,7,78
346290,4,61,-2,80
346800,68,26,0,80
347310,98,33,2,78
347820,26,85,-5,83
348330,90,92,7,76
348840,11,99,-1,77
349350,75,64,-7,84
349860,14,71,4,80
350370,78,36,2,78
350880,100,43,-5,83
351390,28,84,1,82
351900,92,91,4,78
352410,30,98,-7,85
352920,94,3,14,71
353430,35,74,-15,86
353940,99,11,9,77
354450,23,82,-7,84
354960,87,89,7,77
355470,8,96,1,76
355980,72,61,-6,82
356490,11,68,-3,85
357000,75,75,7,78
357510,37,82,-3,81
358020,101,19,4,77
358530,25,90,-7,84
359040,89,97,10,74
359550,10,2,-4,78
360060,36,27,-8,86
360570,86,34,12,74
361080,14,86,-9,83
361590,78,51,3,80
362100,6,58,-2,82
362610,70,23,4,78
363120,24,75,-12,90
363630,88,82,11,79
364140,9,89,3,76
364650,73,54,-8,84
365160,1,61,4,80
365670,65,26,1,79
366180,95,33,5,74
366690,23,85,-4,78
367200,87,92,-4,82
367710,8,99,5,77
368220,72,17,-5,82
368730,0,88,8,74
369240,64,53,-10,84
369750,94,60,7,77
370260,14,67,0,77
370770,78,74,1,76
371280,100,81,-1,77
371790,20,88,-2,79
372300,84,95,8,71
372810,5,0,-7,78
373320,16,99,-6,84
373830,80,64,3,81
374340,101,71,1,80
374850,21,78,3,77
375360,85,85,-4,81
375870,6,92,5,76
376380,54,57,-1,77
376890,16,64,-1,78
377400,80,60,-2,80
377910,0,67,-1,81
378420,64,32,-2,83
378930,94,84,9,74
379440,14,91,-7,81
379950,78,9,10,71
380460,6,80,-7,78
380970,70,45,1,77
381480,100,52,-2,79
381990,20,2,3,76
382500,13,27,-3,79
383010,77,45,1,78
383520,5,52,-2,80
384030,69,16,7,73
384540,23,25,-11,84
385050,73,36,2,82
385560,1,88,2,80
386070,65,6,3,77
386580,95,77,-3,80
387090,15,84,2,78
387600,79,91,4,74
388110,2,21,-2,76
388620,66,58,-4,80
389130,94,65,3,77
389640,14,72,-2,79
390150,78,79,-7,86
390660,4,86,12,74
391170,52,51,-16,90
391680,80,62,15,75
392190,0,69,-4,79
392700,64,34,-7,86
393210,83,86,14,72
393720,9,93,-9,81
394230,73,58,-12,93
394740,101,65,17,76
395250,21,71,-6,82
395760,85,16,12,70
396270,13,87,-14,84
396780,77,52,5,79
397290,5,59,-1,80
397800,69,24,-5,85
398310,99,33,10,75
398820,27,85,-5,80
399330,91,92,12,68
399840,12,99,-8,76
400350,76,17,3,73
400860,30,26,-9,82
401370,80,37,7,75
401880,8,89,1,74
402390,56,54,-9,83
402900,84,61,4,79
403410,12,68,-5,84
403920,76,75,10,74
404430,2,82,-5,79
404940,66,47,0,79
405450,94,54,-4,83
405960,14,100,3,80
406470,78,18,7,73
406980,32,27,-5,78
407490,82,34,1,77
408000,10,81,-5,82
408510,74,46,0,82
409020,2,52,2,80
409530,66,16,-2,82
410040,96,25,5,77
410550,24,77,1,76
411060,88,84,-2,78
411570,8,91,1,77
412080,56,9,-3,80
412590,86,80,4,76
413100,6,87,-4,80
413610,54,52,-1,81
414120,82,59,0,81
414630,10,65,-1,82
415140,74,14,11,71
415650,28,85,-14,85
416160,92,92,11,74
416670,18,99,-8,82
417180,82,4,10,72
417690,64,75,-4,76
418200,8,5,-4,80
418710,44,31,-2,82
419220,63,37,0,82
419730,23,44,4,78
420240,87,51,2,76
420750,7,57,-6,82
421260,71,6,12,70
421770,101,77,-10,80
422280,21,83,-4,84
422790,85,90,8,76
423300,11,97,-5,81
423810,75,62,-2,83
424320,1,46,-1,84
424830,65,11,3,81
425340,95,20,6,75
425850,23,29,-4,79
426360,22,40,-1,80
426870,86,47,0,80
427380,14,99,8,72
427890,78,64,-15,87
428400,4,70,7,80
428910,68,35,-4,84
429420,87,42,8,76
429930,7,94,5,71
430440,55,12,-11,82
430950,85,21,12,70
431460,39,30,-16,86
431970,58,37,5,81
432480,77,44,5,76
432990,5,50,0,76
433500,69,101,2,74
434010,94,42,1,73
434520,14,94,-6,79
435030,78,101,9,70
435540,1,31,-8,78
436050,65,51,0,78
436560,93,58,-1,79
437070,13,64,0,79
437580,77,71,-4,83
438090,3,78,3,80
438600,67,43,0,80
439110,86,50,-1,81
439620,6,57,3,78
440130,70,64,-5,83
440640,98,71,7,76
441150,18,77,-1,77
441660,82,84,-3,80
442170,8,14,5,75
442680,19,78,-10,85
443190,83,85,9,76
443700,9,92,-3,79
444210,73,10,3,76
444720,99,27,-3,79
445230,19,79,-5,84
445740,83,86,10,74
446250,9,16,-9,83
446760,20,80,-3,86
447270,84,87,11,75
447780,10,17,-7,82
448290,21,81,0,82
448800,85,88,7,75
449310,8,18,-4,79
449820,7,57,-1,80
450330,71,6,6,74
450840,97,31,-7,81
451350,17,83,-2,83
451860,81,90,9,74
452370,4,20,-7,81
452880,68,57,0,81
453390,96,63,2,79
453900,16,69,-4,83
454410,80,76,7,76
454920,6,82,-4,80
455430,70,47,2,78
455940,56,53,-10,88
456450,84,60,5,83
456960,4,66,4,79
457470,68,31,0,79
457980,98,40,5,74
458490,18,92,-7,81
459000,82,99,4,77
459510,5,29,-1,78
460020,69,49,-3,81
460530,97,55,1,80
461040,17,61,-3,83
461550,81,68,5,78
462060,20,75,-2,80
462570,84,82,1,79
463080,10,12,7,72
463590,21,76,-9,81
464100,85,83,4,77
464610,8,89,1,76
465120,72,38,-15,91
465630,0,45,10,81
466140,64,9,-5,86
466650,90,80,11,75
467160,29,86,-5,80
467670,93,93,0,80
468180,19,23,2,78
468690,69,34,-4,82
469200,91,41,11,71
469710,11,93,-9,80
470220,75,58,1,79
470730,1,64,-2,81
471240,65,29,6,75
471750,90,38,-8,83
472260,10,90,6,77
472770,74,8,3,74
473280,100,25,-7,81
473790,23,77,0,81
474300,87,84,7,74
474810,13,90,-1,75
475320,77,97,-6,81
475830,0,27,2,79
476340,64,34,-5,84
476850,83,86,6,78
477360,6,16,-1,79
477870,17,80,-5,84
478380,81,87,4,80
478890,7,17,0,80
479400,18,81,-4,84
479910,82,88,5,79
480420,8,18,1,78
480930,5,82,1,77
481440,69,46,-11,88
481950,88,52,11,77
482460,8,97,2,75
482970,72,15,-1,76
483480,98,24,2,74
483990,28,76,-5,79
484500,92,83,1,78
485010,31,89,1,77
485520,95,96,0,77
486030,21,26,-3,80
486540,47,37,-6,86
487050,97,43,10,76
487560,17,95,-8,84
488070,81,60,-4,88
488580,7,66,11,77
489090,71,15,1,76
489600,96,24,0,76
490110,19,33,0,76
490620,83,69,-5,81
491130,9,75,7,74
491640,73,24,-8,82
492150,98,33,7,75
492660,21,85,-4,79
493170,85,92,7,72
493680,8,22,-12,84
494190,72,86,7,77
494700,100,16,3,74
495210,24,33,-4,78
495720,74,76,-2,80
496230,0,6,3,77
496740,11,43,-5,82
497250,75,63,4,78
497760,1,69,-4,82
498270,65,33,2,80
498780,84,42,2,78
499290,4,45,1,77
499800,68,65,-5,82
500310,96,6,3,79
500820,78,68,-2,81
501330,4,74,-3,84
501840,68,38,0,84
502350,98,90,11,73
502860,37,20,-9,82
503370,56,84,3,79
503880,18,25,0,79
504390,68,64,-4,83
504900,96,96,3,80
505410,19,37,1,79
505920,83,76,0,79
506430,9,59,-2,81
506940,73,8,7,74
507450,99,20,-2,76
507960,23,82,-7,83
508470,87,89,6,77
508980,13,30,-1,78
509490,77,69,-1,79
510000,3,75,-3,82
510510,67,39,-2,84
511020,86,45,5,79
511530,14,48,0,79
512040,78,87,4,75
512550,4,17,-9,84
513060,15,54,5,79
513570,79,93,2,77
514080,2,23,-3,80
514590,66,43,3,77
515100,85,34,-3,80
515610,8,43,5,75
516120,72,63,-6,81
516630,11,69,-3,84
517140,75,18,9,75
517650,29,27,-11,86
518160,79,38,9,77
518670,7,41,0,77
519180,71,61,-3,80
519690,99,67,4,76
520200,38,73,-7,83
520710,0,14,8,75
521220,64,51,-5,80
521730,92,57,1,79
522240,12,63,2,77
522750,76,12,2,75
523260,0,29,-1,76
523770,64,49,-6,82
524280,12,55,2,80
524790,76,62,-11,91
525300,2,68,17,74
525810,66,32,-11,85
526320,85,84,3,82
526830,24,25,1,81
527340,74,36,-1,82
527850,2,45,2,80
528360,66,9,5,75
528870,92,26,1,74
529380,22,35,-8,82
529890,86,71,2,80
530400,25,77,-7,87
530910,68,88,15,72
531420,93,29,-4,76
531930,21,81,-3,79
532440,85,88,4,75
532950,8,29,-8,83
533460,72,49,0,83
533970,91,55,12,71
534480,11,61,-12,83
534990,75,68,1,82
535500,14,75,0,82
536010,78,82,11,71
536520,1,12,-9,80
537030,65,19,1,79
537540,6,28,-2,81
538050,70,48,-1,82
538560,89,54,1,81
539070,17,60,0,81
539580,81,67,-2,83
540090,20,73,11,72
540600,84,80,-9,81
541110,23,21,4,77
541620,73,64,-8,85
542130,101,70,11,74
542640,40,76,-4,78
543150,2,17,-8,86
543660,66,54,1,85
544170,94,61,2,83
544680,33,67,6,77
545190,97,8,0,77
545700,79,70,-3,80
546210,18,76,3,77
546720,82,83,-8,85
547230,21,24,9,76
547740,85,35,-2,78
548250,13,38,2,76
548760,77,77,-4,80
549270,3,18,-3,83
549780,67,55,-3,86
550290,29,62,3,83
550800,93,101,8,75
551310,16,42,-6,81
551820,80,81,7,74
552330,6,22,-2,76
552840,70,86,0,76
553350,32,27,1,75
553860,82,34,-5,80
554370,10,37,5,75
554880,74,101,1,74
555390,99,42,-10,84
555900,27,45,4,80
556410,91,88,3,77
556920,17,29,2,75
557430,81,65,-3,78
557940,20,71,1,77
558450,84,78,0,77
558960,10,19,-9,86
559470,74,58,0,86
559980,0,65,7,79
560490,64,29,-3,82
561000,94,36,5,77
561510,22,39,-4,81
562020,86,78,2,79
562530,25,19,-3,82
563040,75,83,0,82
563550,37,24,0,82
564060,56,27,-4,86
564570,99,34,11,75
565080,27,86,-8,83
565590,91,93,11,72
566100,30,34,-14,86
566610,80,77,6,80
567120,6,18,2,78
567630,70,82,1,77
568140,32,23,-3,80
568650,51,20,3,77
569160,94,29,-1,78
569670,22,24,1,77
570180,72,31,-6,83
570690,0,38,7,76
571200,64,2,1,75
571710,90,73,-5,80
572220,29,79,1,79
572730,93,86,8,71
573240,32,27,-10,81
573750,82,34,0,81
574260,10,86,1,80
574770,74,93,7,73
575280,99,34,-8,81
575790,27,86,6,75
576300,91,93,3,72
576810,30,34,-9,81
577320,80,77,2,79
577830,19,18,-2,81
578340,23,29,1,80
578850,73,72,0,80
579360,101,13,6,74
579870,25,25,-4,78
580380,75,36,0,78
580890,3,39,2,76
581400,67,59,4,72
581910,29,66,-4,76
582420,93,3,5,71
582930,75,15,-4,75
583440,101,10,-6,81
583950,25,22,4,77
584460,75,25,-2,79
584970,3,20,0,79
585480,67,57,1,78
585990,29,64,-5,83
586500,93,1,15,68
587010,75,13,-11,79
587520,101,25,3,76
588030,25,77,-6,82
588540,89,84,4,78
589050,28,25,-3,81
589560,78,28,2,79
590070,6,23,-1,80
590580,70,60,0,80
591090,32,67,-2,82
591600,96,4,7,75
592110,78,16,5,70
592620,2,28,-5,75
593130,66,48,-10,85
593640,28,51,5,80
594150,92,94,6,74
594660,54,35,-10,84
595170,16,99,7,77
595680,80,4,8,69
596190,4,16,-10,79
596700,68,53,1,78
597210,30,56,-6,84
597720,94,95,12,72
598230,56,36,-10,82
598740,18,39,0,82
599250,82,82,4,78
599760,44,23,-6,84
600270,63,87,9,75
600780,25,28,-9,84
601290,89,31,14,70
601800,43,34,-8,78
602310,5,37,-3,81
602820,69,44,0,81
603330,88,47,2,79
603840,8,50,-2,81
604350,72,14,8,73
604860,98,26,1,72
605370,22,21,-7,79
605880,72,24,-4,83
606390,26,19,5,78
606900,52,22,3,75
607410,95,31,-2,77
607920,49,26,-8,85
608430,68,90,8,77
608940,30,31,-4,81
609450,80,34,6,75
609960,8,37,-3,78
610470,72,57,-9,87
610980,51,52,6,81
611490,13,88,-3,84
612000,77,95,4,80
612510,39,36,-6,86
613020,89,39,11,75
613530,9,42,-5,80
614040,73,49,-1,81
614550,92,52,0,81
615060,20,55,4,77
615570,84,62,-2,79
616080,23,65,0,79
616590,87,72,-3,82
617100,6,79,-3,85
617610,44,44,4,81
618120,6,87,2,79
618630,70,52,-14,93
619140,32,59,11,82
619650,96,0,7,75
620160,78,12,-1,76
620670,2,24,-2,78
621180,66,44,-6,84
621690,85,47,5,79
622200,13,50,7,72
622710,100,57,-10,82
623220,20,60,0,82
623730,84,67,-7,89
624240,3,62,14,75
624750,67,26,-2,77
625260,8,35,-1,78
625770,72,55,-4,82
626280,93,58,2,80
626790,32,61,1,79
627300,96,2,7,72
627810,78,14,-6,78
628320,2,26,0,78
628830,66,46,-3,81
629340,28,49,2,79
629850,92,92,5,74
630360,54,28,-7,81
630870,73,92,4,77
631380,35,33,-10,87
631890,85,36,7,80
632400,13,39,-2,82
632910,77,1,2,80
633420,59,53,-4,84
633930,21,60,6,78
634440,85,67,0,78
634950,24,62,-3,81
635460,88,69,7,74
635970,27,72,-9,83
636480,91,79,7,76
636990,30,86,-4,80
637500,94,93,8,72
638010,33,29,-15,87
638520,83,40,4,83
639030,11,43,0,83
639540,73,50,3,80
640050,94,53,4,76
640560,22,56,-4,80
641070,86,63,-4,84
641580,60,66,2,82
642090,22,37,5,77
642600,86,73,-3,80
643110,25,68,-3,83
643620,89,75,8,75
644130,8,70,-5,80
644640,72,35,-3,83
645150,0,38,4,79
645660,64,2,4,75
646170,90,14,1,74
646680,14,26,-5,79
647190,78,75,4,75
647700,40,11,-7,82
648210,83,20,6,76
648720,7,15,-9,85
649230,71,79,5,80
649740,19,50,4,76
650250,83,57,-8,84
650760,2,60,3,81
651270,66,24,7,74
651780,96,33,-5,79
652290,24,85,-2,81
652800,88,92,9,72
653310,27,28,-7,79
653820,31,35,-3,82
654330,95,42,4,78
654840,23,45,-4,82
655350,87,81,4,78
655860,6,17,1,77
656370,70,81,0,77
656880,2,52,-9,86
657390,66,59,11,75
657900,100,66,-1,76
658410,39,69,-7,83
658920,1,64,9,74
659430,65,28,-8,82
659940,6,37,-1,83
660450,70,57,-3,86
660960,2,52,6,80
661470,66,72,3,77
661980,14,8,-5,82
662490,17,76,0,82
663000,81,83,6,76
663510,13,19,-4,80
664020,16,83,1,79
664530,80,90,5,74
665040,67,11,-3,77
665550,47,23,-5,82
666060,90,32,3,79
666570,18,27,-5,84
667080,22,91,0,84
667590,86,98,8,76
668100,18,69,-4,80
668610,82,76,4,76
669120,14,12,2,74
669630,17,76,-4,78
670140,81,83,3,75
670650,13,19,-1,76
671160,16,83,-2,78
671670,80,90,8,70
672180,67,11,-4,74
672690,47,23,-10,84
673200,90,87,6,78
673710,22,23,4,74
674220,26,87,3,71
674730,90,94,-3,74
675240,29,30,-9,83
675750,63,94,6,77
676260,97,89,-3,80
676770,36,25,-3,83
677280,70,89,9,74
677790,2,10,-1,75
678300,13,11,-10,85
678810,16,75,9,76
679320,73,82,-1,77
679830,5,18,0,77
680340,69,82,-1,78
680850,1,3,-3,81
681360,12,4,2,79
681870,38,5,-2,81
682380,18,6,1,80
682890,19,7,0,80
683400,20,71,-4,84
683910,84,78,11,73
684420,16,14,-4,77
684930,19,78,-3,80
685440,83,85,1,79
685950,15,21,6,73
686460,45,85,-3,76
686970,7,80,-1,77
687480,71,100,-1,78
687990,3,21,0,78
688500,67,41,-4,82
689010,97,44,3,79
689520,25,47,0,79
690030,89,86,-1,80
690540,71,22,-2,82
691050,101,31,6,76
691560,29,26,-4,80
692070,63,90,5,75
692580,97,31,-3,78
693090,25,26,-1,79
693600,28,90,-6,85
694110,92,97,15,70
694620,74,33,-10,80
695130,2,36,2,78
695640,66,56,0,78
696150,9,63,-5,83
696660,73,28,8,75
697170,1,37,2,73
697680,65,70,-5,78
698190,99,6,3,75
698700,81,18,3,72
699210,9,30,-5,77
699720,73,94,3,74
700230,5,15,-6,80
700740,16,79,3,77
701250,80,86,1,76
701760,67,14,-2,78
702270,47,23,-9,87
702780,50,87,8,79
703290,12,28,-5,84
703800,7,92,8,76
704310,71,10,0,76
704820,51,22,-6,82
705330,94,86,12,70
705840,76,22,-13,83
706350,4,17,5,78
706860,3,81,5,73
707370,67,46,-10,83
707880,97,28,6,77
708390,25,80,-2,79
708900,89,87,-1,80
709410,21,23,4,76
709920,25,87,-9,85
710430,89,94,10,75
710940,76,22,4,71
711450,30,31,-7,78
711960,64,95,4,74
712470,98,16,-4,78
712980,22,28,4,74
713490,26,92,-4,78
714000,90,99,2,76
714510,72,70,-6,82
715020,4,32,7,75
715530,68,52,-9,84
716040,0,59,7,77
716550,64,92,6,71
717060,98,13,-7,78
717570,22,25,-5,83
718080,26,89,-1,84
718590,90,96,11,73
719100,72,58,-13,86
719610,4,40,11,75
720120,68,73,-5,80
720630,0,35,0,80
721140,64,68,-3,83
721650,98,2,7,76
722160,80,14,2,74
722670,8,26,0,74
723180,7,90,-2,76
723690,71,8,-3,79
724200,51,20,-6,85
724710,94,29,9,76
725220,22,24,0,76
725730,26,88,-4,80
726240,90,95,6,74
726750,72,57,-14,88
727260,93,19,12,76
727770,21,31,1,75
728280,25,95,-8,83
728790,89,0,6,77
729300,71,12,2,75
729810,101,24,-1,76
730320,29,19,-6,82
730830,63,83,8,74
731340,97,98,5,69
731850,79,63,-6,75
732360,100,69,4,71
732870,7,75,-9,80
733380,71,39,-2,82
733890,101,1,2,80
734400,83,13,7,73
734910,11,25,-5,78
735420,15,89,3,75
735930,79,20,-2,77
736440,33,32,-7,84
736950,67,96,10,74
737460,101,67,-3,77
737970,8,73,-3,80
738480,72,4,2,78
738990,0,16,-1,79
739500,64,49,0,79
740010,85,31,0,79
740520,13,32,0,79
741030,77,50,-7,86
741540,5,32,8,78
742050,69,52,3,75
742560,90,58,-5,80
743070,99,40,0,80
743580,27,43,-1,81
744090,31,5,-2,83
744600,32,6,4,79
745110,33,15,0,79
745620,36,79,-1,80
746130,100,41,5,75
746640,28,42,-3,78
747150,62,4,2,76
747660,92,16,7,69
748170,73,28,-8,77
748680,27,37,-5,82
749190,31,101,-3,85
749700,95,6,12,73
750210,77,18,3,70
750720,31,30,-10,80
751230,65,94,9,71
751740,99,65,-9,80
752250,6,71,-5,85
752760,70,2,14,71
753270,100,14,-9,80
753780,81,26,3,77
754290,35,35,-4,81
754800,69,99,0,81
755310,1,61,-3,84
755820,65,94,6,78
756330,99,56,7,71
756840,19,76,-12,83
757350,83,83,7,76
757860,15,45,0,76
758370,79,7,6,70
758880,47,19,-10,80
759390,90,83,4,76
759900,99,45,-3,79
760410,27,56,0,79
760920,91,18,-7,86
761430,45,30,6,80
761940,32,94,-3,83
762450,96,56,2,81
762960,16,59,4,77
763470,80,21,2,75
763980,34,30,-12,87
764490,68,94,14,73
765000,55,56,-13,86
765510,89,18,12,74
766020,43,30,-7,81
766530,30,94,0,81
767040,94,101,2,79
767550,81,63,-3,82
768060,0,25,2,80
768570,64,58,-3,83
769080,98,20,11,72
769590,52,32,-3,75
770100,82,96,0,75
770610,69,58,-9,84
771120,1,64,1,83
771630,65,97,8,75
772140,52,59,-7,82
772650,39,21,-9,91
773160,42,85,11,80
773670,4,47,1,79
774180,68,31,-4,83
774690,98,95,10,73
775200,80,57,-10,83
775710,101,63,5,78
776220,8,69,-2,80
776730,72,33,3,77
777240,0,97,-1,78
777750,64,15,2,76
778260,18,24,-1,77
778770,22,88,2,75
779280,86,95,-9,84
779790,73,57,-3,87
780300,94,19,12,75
780810,75,31,3,72
781320,29,95,-10,82
781830,93,0,7,75
782340,75,12,2,73
782850,29,24,-7,80
783360,32,88,-1,81
783870,96,50,-1,82
784380,24,53,4,78
784890,88,15,6,72
785400,42,27,-13,85
785910,45,91,5,80
786420,7,53,-2,82
786930,71,15,1,81
787440,51,27,-8,89
787950,94,91,9,80
788460,19,53,2,78
788970,83,15,7,71
789480,37,27,-7,78
789990,24,91,-5,83
790500,88,98,10,73
791010,75,68,-8,81
791520,7,30,-2,83
792030,71,94,11,72
792540,3,56,-12,84
793050,67,89,9,75
793560,54,51,-11,86
794070,75,13,14,72
794580,29,25,-10,82
795090,24,89,0,82
795600,88,96,8,74
796110,75,58,-8,82
796620,96,64,4,78
797130,3,67,0,78
797640,67,32,-2,80
798150,97,96,4,76
798660,15,58,-6,82
799170,79,20,6,76
799680,33,32,-7,83
800190,67,96,10,73
800700,54,58,-9,82
801210,88,20,5,77
801720,42,32,-8,85
802230,76,64,1,84
802740,97,70,11,73
803250,4,76,-6,79
803760,68,96,5,74
804270,55,58,-9,83
804780,89,20,6,77
805290,43,32,-12,89
805800,77,96,15,74
806310,9,58,-5,79
806820,73,20,1,78
807330,27,29,-5,83
807840,22,93,-6,89
808350,86,55,4,85
808860,14,58,6,79
809370,78,20,1,78
809880,32,29,-2,80
810390,66,93,7,73
810900,100,55,-7,80
811410,20,58,0,80
811920,84,20,11,69
812430,38,32,-11,80
812940,72,96,0,80
813450,4,58,-7,87
813960,68,22,4,83
814470,9,31,7,76
814980,73,95,2,74
815490,5,57,-10,84
816000,69,19,1,83
816510,23,20,6,77
817020,18,84,-4,81
817530,82,38,1,80
818040,10,0,6,74
818550,3,1,-2,76
819060,14,100,-2,78
819570,78,18,4,74
820080,32,30,-10,84
820590,66,94,10,74
821100,100,56,-6,80
821610,20,59,1,79
822120,84,21,3,76
822630,38,33,1,75
823140,72,97,-4,79
823650,4,59,-3,82
824160,68,21,4,78
824670,22,30,-1,79
825180,17,94,1,78
825690,81,56,-4,82
826200,0,59,4,78
826710,64,44,-5,83
827220,98,6,12,71
827730,80,18,-1,72
828240,34,30,-6,78
828750,68,94,7,71
829260,0,56,-10,81
829770,64,41,0,81
830280,98,3,3,78
830790,80,15,5,73
831300,34,27,-12,85
831810,29,91,-3,88
832320,93,53,1,87
832830,31,56,8,79
833340,95,18,5,74
833850,25,30,-6,80
834360,59,94,2,78
834870,21,56,-5,83
835380,85,18,11,72
835890,13,30,-4,76
836400,77,94,2,74
836910,9,56,-5,79
837420,73,18,5,74
837930,27,19,-5,79
838440,22,83,-9,88
838950,86,45,6,82
839460,14,48,3,79
839970,78,10,2,77
840480,46,22,-12,89
840990,49,86,9,80
841500,11,48,2,78
842010,75,10,-2,80
842520,43,22,-4,84
843030,46,86,6,78
843540,8,48,2,76
844050,72,10,2,74
844560,40,22,-5,79
845070,43,86,-1,80
845580,5,48,2,78
846090,69,10,7,71
846600,37,22,-13,84
847110,32,72,1,83
847620,96,34,0,83
848130,26,37,-4,87
848640,60,101,12,75
849150,94,81,-2,77
849660,1,43,-2,79
850170,65,5,8,71
850680,33,17,-8,79
851190,36,81,0,79
851700,100,43,-2,81
852210,28,46,0,81
852720,32,8,3,78
853230,35,72,-4,82
853740,99,34,4,78
854250,27,37,-6,84
854760,61,9,3,81
855270,91,21,4,77
855780,21,33,-6,83
856290,25,97,2,81
856800,89,2,6,75
857310,71,14,-3,78
857820,101,26,3,75
858330,31,38,-7,82
858840,65,0,9,73
859350,99,12,-13,86
859860,81,24,10,76
860370,9,25,-7,83
860880,4,89,9,74
861390,68,51,-11,85
861900,89,13,6,79
862410,97,25,3,76
862920,27,34,-7,83
863430,61,98,12,71
863940,95,60,-8,79
864450,2,63,3,76
864960,66,27,-7,83
865470,96,91,7,76
865980,3,53,-3,79
866490,67,15,-2,81
867000,97,16,4,77
867510,78,28,2,75
868020,6,31,-1,76
868530,70,95,4,72
869040,2,19,-9,81
869550,66,83,3,78
870060,61,45,-2,80
870570,95,7,6,74
871080,77,19,0,74
871590,7,20,-6,80
872100,71,84,1,79
872610,3,46,2,77
873120,67,8,3,74
873630,35,20,-13,87
874140,30,84,-1,88
874650,94,46,11,77
875160,32,49,-9,86
875670,66,11,11,75
876180,34,23,-7,82
876690,29,87,-1,83
877200,93,84,5,78
877710,12,46,-6,84
878220,76,8,9,75
878730,44,20,-7,82
879240,78,84,2,80
879750,10,46,2,78
880260,74,8,6,72
880770,42,20,-13,85
881280,37,84,-4,89
881790,101,46,1,88
882300,39,49,7,81
882810,73,11,4,77
883320,81,23,2,75
883830,11,24,-4,79
884340,6,88,3,76
884850,70,50,-5,81
885360,91,12,6,75
885870,73,24,-4,79
886380,1,25,4,75
886890,65,89,-4,79
887400,99,51,-6,85
887910,27,54,6,79
888420,91,16,1,78
888930,21,28,1,77
889440,16,92,-3,80
889950,80,54,-2,82
890460,8,16,8,74
890970,3,80,-2,76
891480,67,65,-7,83
891990,101,27,3,80
892500,31,28,1,79
893010,65,92,7,72
893520,99,54,-7,79
894030,19,57,-1,80
894540,83,19,3,77
895050,13,31,-1,78
895560,8,95,1,77
896070,72,57,-10,87
896580,4,19,9,78
897090,68,83,0,78
897600,0,45,-1,79
898110,64,89,6,73
898620,98,51,-3,76
899130,18,54,-2,78
899640,82,16,8,70
900150,10,28,-7,77
900660,5,92,4,73
901170,69,54,-11,84
901680,1,16,2,82
902190,65,80,-2,84
902700,99,42,7,77
903210,27,45,-3,80
903720,61,7,2,78
904230,95,19,0,78
904740,25,31,-2,80
905250,59,95,10,70
905760,93,57,-12,82
906270,0,60,-4,86
906780,64,2,12,74
907290,98,14,2,72
907800,28,26,-11,83
908310,62,90,7,76
908820,96,52,-1,77
909330,24,55,-3,80
909840,88,17,8,72
910350,18,29,-9,81
910860,13,93,3,78
911370,77,58,-8,86
911880,98,20,12,74
912390,28,32,-9,83
912900,62,96,5,78
913410,96,58,-2,80
913920,16,61,-1,81
914430,80,23,4,77
914940,10,24,1,76
915450,5,10,-5,81
915960,0,74,2,79
916470,64,16,0,79
916980,94,17,2,77
917490,24,29,-10,87
918000,19,93,3,84
918510,83,55,0,84
919020,11,17,4,80
919530,6,81,6,74
920040,70,46,-16,90
920550,2,8,11,79
921060,5,72,0,79
921570,69,14,4,75
922080,99,15,1,74
922590,29,27,-9,83
923100,63,91,4,79
923610,97,53,-3,82
924120,17,56,-1,83
924630,81,18,7,76
925140,9,30,0,76
925650,73,94,3,73
926160,5,56,-11,84
926670,69,100,13,71
927180,1,62,-7,78
927690,65,4,1,77
928200,95,16,5,72
928710,25,28,-3,75
929220,59,92,1,74
929730,93,54,-5,79
930240,21,57,-5,84
930750,85,19,12,72
931260,15,36,-4,76
931770,79,100,2,74
932280,11,62,-4,78
932790,75,24,2,76
933300,5,20,-4,80
933810,69,84,1,79
934320,49,46,-6,85
934830,70,8,8,77
935340,100,20,-4,81
935850,30,32,3,78
936360,64,96,2,76
936870,98,58,-4,80
937380,18,61,2,78
937890,82,23,2,76
938400,12,24,-2,78
938910,7,88,0,78
939420,71,53,-6,84
939930,92,15,12,72
940440,22,30,-11,83
940950,17,94,7,76
941460,81,101,0,76
941970,13,63,-6,82
942480,77,25,1,81
942990,5,26,5,76
943500,69,90,-1,77
944010,1,52,2,75
944520,65,96,0,75
945030,99,58,-9,84
945540,19,61,5,79
946050,83,23,3,76
946560,13,19,-6,82
947070,8,83,5,77
947580,72,25,2,75
948090,0,26,-1,76
948600,64,90,2,74
949110,98,52,-7,81
949620,18,55,2,79
950130,82,17,2,77
950640,12,34,-3,80
951150,76,98,2,78
951660,8,60,-2,80
952170,72,2,5,75
952680,0,14,-6,81
953190,64,78,6,75
953700,98,40,-6,81
954210,26,2,-4,85
954720,21,27,2,83
955230,16,52,5,78
955740,80,14,4,74
956250,10,31,-7,81
956760,74,95,5,76
957270,6,57,-6,82
957780,70,6,5,77
958290,100,18,3,74
958800,30,35,-6,80
959310,64,99,8,72
959820,98,61,-11,83
960330,18,64,6,77
960840,82,26,1,76
961350,12,27,-1,77
961860,7,91,3,74
962370,71,53,-4,78
962880,92,15,4,74
963390,22,27,-5,79
963900,17,91,3,76
964410,81,53,-4,80
964920,1,15,3,77
965430,65,79,-3,80
965940,99,41,2,78
966450,27,44,-6,84
966960,61,6,11,73
967470,91,18,-5,78
967980,21,35,5,73
968490,55,99,-2,75
969000,89,61,0,75
969510,9,23,-6,81
970020,4,87,6,75
970530,68,49,-5,80
971040,89,11,6,74
971550,19,23,-6,80
972060,14,87,-1,81
972570,78,29,3,78
973080,8,93,1,77
973590,72,11,2,75
974100,0,28,0,75
974610,64,92,-2,77
975120,98,54,0,77
975630,18,57,-5,82
976140,82,19,7,75
976650,12,17,0,75
977160,7,81,-2,77
977670,71,23,-1,78
978180,1,87,-1,79
978690,65,29,-1,80
979200,95,93,2,78
979710,14,9,-3,81
980220,9,42,-2,83
980730,73,4,4,79
981240,5,1,-1,80
981750,100,69,1,79
982260,7,31,1,78
982770,71,95,5,73
983280,92,57,-4,77
983790,12,19,2,75
984300,7,83,-8,83
984810,71,25,5,78
985320,1,89,3,75
985830,65,7,-1,76
986340,99,51,0,76
986850,19,54,-2,78
987360,83,16,4,74
987870,13,33,-4,78
988380,77,97,5,73
988890,9,17,-10,83
989400,4,81,5,78
989910,68,43,-3,81
990420,0,5,0,81
990930,64,69,5,76
991440,98,31,0,76
991950,28,83,-3,79
992460,92,45,0,79
992970,12,7,-1,80
993480,7,71,0,80
993990,71,33,0,80
994500,1,97,1,79
995010,65,15,-7,86
995520,97,17,14,72
996030,27,34,-4,76
996540,61,98,-1,77
997050,95,60,-1,78
997560,2,22,5,73
998070,66,86,-3,76
998580,100,48,-3,79
999090,20,10,-1,80
999600,15,74,-4,84
1000110,79,36,10,74
1000620,101,100,4,70
1001130,20,62,-9,79
1001640,84,24,4,75
1002150,14,88,-7,82
1002660,78,50,-4,86
1003170,6,12,7,79
1003680,1,76,-9,88
1004190,65,18,7,81
1004700,97,82,1,80
1005210,4,44,5,75
1005720,68,6,3,72
1006230,0,3,-14,86
1006740,87,52,4,82
1007250,7,55,-2,84
1007760,71,99,10,74
1008270,3,61,-11,85
1008780,67,3,10,75
1009290,101,0,0,75
1009800,33,44,-6,81
1010310,67,6,8,73
1010820,101,50,-2,75
1011330,21,53,-1,76
1011840,85,15,4,72
1012350,15,32,-7,79
1012860,79,96,1,78
1013370,11,58,-6,84
1013880,75,20,6,78
1014390,5,64,-6,84
1014900,69,6,8,76
1015410,1,3,1,75
1015920,12,27,-8,83
1016430,76,91,3,80
1016940,8,53,3,77
1017450,72,15,-5,82
1017960,2,59,2,80
1018470,66,1,7,73
1018980,100,45,-5,78
1019490,20,48,2,76
1020000,84,10,3,73
1020510,14,6,-6,79
1021020,9,70,-7,86
1021530,73,12,9,77
1022040,81,8,3,74
1022550,89,4,-1,75
1023060,14,0,0,75
1023570,9,1,-9,84
1024080,2,69,3,81
1024590,66,11,6,75
1025100,74,55,-8,83
1025610,95,17,5,78
1026120,25,13,-6,84
1026630,20,77,9,75
1027140,84,39,-6,81
1027650,4,1,9,72
1028160,99,69,-10,82
1028670,6,75,4,78
1029180,70,37,-4,82
1029690,92,101,-1,83
1030200,78,63,1,82
1030710,99,25,10,72
1031220,29,77,-5,77
1031730,93,39,1,76
1032240,13,42,3,73
1032750,77,4,2,71
1033260,2,0,-6,77
1033770,97,49,5,72
1034280,17,52,-8,80
1034790,81,14,8,72
1035300,11,10,-8,80
1035810,94,74,4,76
1036320,1,36,-2,78
1036830,65,100,7,71
1037340,99,62,-7,78
1037850,19,65,-2,80
1038360,83,27,5,75
1038870,13,23,-1,76
1039380,8,87,-7,83
1039890,72,49,1,82
1040400,93,11,6,76
1040910,23,7,-7,83
1041420,18,71,-3,86
1041930,82,33,4,82
1042440,12,77,-1,83
1042950,76,19,8,75
1043460,6,15,-6,81
1043970,70,79,3,78
1044480,2,41,1,77
1044990,53,85,-2,79
1045500,15,47,-1,80
1046010,79,9,3,77
1046520,87,5,6,71
1047030,12,1,-4,75
1047540,5,2,-1,76
1048050,0,70,1,75
1048560,64,34,-5,80
1049070,5,98,2,78
1049580,69,16,-3,81
1050090,101,60,2,79
1050600,21,63,-4,83
1051110,85,25,9,74
1051620,15,69,-9,83
1052130,79,31,5,78
1052640,9,75,-3,81
1053150,74,37,-3,84
1053660,96,101,3,81
1054170,82,63,-9,90
1054680,1,25,15,75
1055190,65,89,-2,77
1055700,99,51,1,76
1056210,19,54,3,73
1056720,83,16,0,73
1057230,13,12,0,73
1057740,8,76,-4,77
1058250,72,38,0,77
1058760,94,0,-4,81
1059270,19,44,-1,82
1059780,83,6,10,72
1060290,8,2,-13,85
1060800,3,70,2,83
1061310,67,12,8,75
1061820,75,56,-9,84
1062330,7,18,5,79
1062840,71,82,2,77
1063350,3,44,-2,79
1063860,67,6,3,76
1064370,75,50,-4,80
1064880,96,53,5,75
1065390,16,56,-4,79
1065900,80,18,3,76
1066410,10,62,-1,77
1066920,74,24,-1,78
1067430,4,68,-5,83
1067940,68,32,1,82
1068450,9,96,6,76
1068960,73,58,-3,79
1069470,94,101,9,70
1069980,80,63,-11,81
1070490,101,25,2,79
1071000,31,77,-7,86
1071510,95,39,6,80
1072020,15,83,0,80
1072530,79,45,-2,82
1073040,101,7,7,75
1073550,26,4,-6,81
1074060,21,68,3,78
1074570,85,30,0,78
1075080,15,82,-3,81
1075590,79,44,2,79
1076100,101,6,2,77
1076610,26,3,-3,80
1077120,34,67,2,78
1077630,98,29,2,76
1078140,28,81,-2,78
1078650,52,43,-3,81
1079160,86,5,7,74
1079670,11,2,-3,77
1080180,4,3,3,74
1080690,7,67,-7,81
1081200,71,29,3,78
1081710,1,73,2,76
1082220,65,37,-8,84
1082730,6,83,7,77
1083240,70,45,-3,80
1083750,92,7,7,73
1084260,17,4,-8,81
1084770,12,53,4,77
1085280,76,15,4,73
1085790,6,59,-8,81
1086300,70,21,2,79
1086810,0,65,-3,82
1087320,64,7,0,82
1087830,72,51,1,81
1088340,93,13,8,73
1088850,101,30,-4,77
1089360,31,82,-9,86
1089870,95,44,6,80
1090380,15,47,-3,83
1090890,79,9,9,74
1091400,87,23,-1,75
1091910,17,75,-4,79
1092420,81,37,1,78
1092930,1,19,0,78
1093440,65,83,-4,82
1093950,54,45,1,81
1094460,75,7,1,80
1094970,83,4,4,76
1095480,8,0,1,75
1095990,1,49,-3,78
1096500,65,11,-1,79
1097010,73,55,-7,86
1097520,94,17,9,77
1098030,24,69,-9,86
1098540,88,31,8,78
1099050,18,83,-2,80
1099560,82,90,0,80
1100070,68,52,-2,82
1100580,89,14,1,81
1101090,14,66,-4,85
1101600,78,28,9,76
1102110,8,80,0,76
1102620,72,44,-8,84
1103130,94,6,9,75
1103640,19,2,-5,80
1104150,76,3,8,72
1104660,1,47,-3,75
1105170,65,9,-9,84
1105680,73,53,3,81
1106190,94,15,1,80
1106700,24,67,-2,82
1107210,88,29,0,82
1107720,18,81,-4,86
1108230,82,43,7,79
1108740,2,46,3,76
1109250,66,8,-3,79
1109760,74,52,-4,83
1110270,95,59,2,81
1110780,15,62,3,78
1111290,79,24,0,78
1111800,96,76,1,77
1112310,3,38,-4,81
1112820,67,0,9,72
1113330,55,44,-12,84
1113840,89,6,9,75
1114350,77,2,2,73
1114860,2,46,-9,82
1115370,66,8,0,82
1115880,74,52,1,81
1116390,95,59,-2,83
1116900,15,62,6,77
1117410,79,24,-1,78
1117920,9,76,-4,82
1118430,73,38,7,75
1118940,95,0,5,70
1119450,83,44,-12,82
1119960,3,6,4,78
1120470,67,70,-4,82
1120980,101,32,7,75
1121490,21,84,-5,80
1122000,85,46,3,77
1122510,5,49,-5,82
1123020,69,11,2,80
1123530,77,63,-8,88
1124040,98,25,13,75
1124550,28,66,-3,78
1125060,92,28,-2,80
1125570,22,80,0,80
1126080,86,42,2,78
1126590,6,45,-4,82
1127100,70,7,6,76
1127610,78,4,3,73
1128120,86,1,-1,74
1128630,74,45,-13,87
1129140,96,7,11,76
1129650,21,3,-4,80
1130160,78,4,7,73
1130670,66,1,-4,77
1131180,54,45,-6,83
1131690,69,7,13,70
1132200,77,3,-3,73
1132710,65,0,3,70
1133220,99,44,-9,79
1133730,19,47,5,74
1134240,83,37,-7,81
1134750,3,101,2,79
1135260,67,63,1,78
1135770,88,25,3,75
1136280,18,77,-6,81
1136790,82,39,4,77
1137300,2,1,3,74
1137810,13,2,-6,80
1138320,6,3,-3,83
1138830,17,71,-4,87
1139340,81,33,10,77
1139850,1,36,3,74
1140360,65,100,-1,75
1140870,70,62,-8,83
1141380,91,24,11,72
1141890,21,76,-8,80
1142400,85,38,6,74
1142910,5,41,-5,79
1143420,69,3,7,72
1143930,77,47,-14,86
1144440,99,9,6,80
1144950,24,74,1,79
1145460,88,36,-1,80
1145970,8,39,1,79
1146480,72,1,4,75
1146990,60,45,-9,84
1147500,81,7,12,72
1148010,6,4,-4,76
1148520,101,68,-7,83
1149030,8,71,1,82
1149540,72,33,0,82
1150050,94,97,1,81
1150560,80,59,-1,82
1151070,101,62,2,80
1151580,21,65,5,75
1152090,85,27,2,73
1152600,5,79,-6,79
1153110,69,73,0,79
1153620,55,35,-5,84
1154130,89,99,6,78
1154640,75,61,-5,83
1155150,96,23,6,77
1155660,16,89,1,76
1156170,80,51,-6,82
1156680,0,54,0,82
1157190,64,16,6,76
1157700,5,68,-7,83
1158210,69,30,0,83
1158720,91,94,8,75
1159230,77,56,-8,83
1159740,98,63,11,72
1160250,5,66,-9,81
1160760,69,14,4,77
1161270,96,66,-7,84
1161780,16,69,2,82
1162290,80,31,4,78
1162800,0,34,0,78
1163310,64,98,9,69
1163820,50,75,-17,86
1164330,12,37,2,84
1164840,76,101,10,74
1165350,62,63,-10,84
1165860,48,25,8,76
1166370,91,89,-2,78
1166880,77,51,-7,85
1167390,99,13,2,83
1167900,24,30,0,83
1168410,10,94,11,72
1168920,74,56,-8,80
1169430,95,63,-1,81
1169940,2,66,5,76
1170450,66,28,-3,79
1170960,88,92,9,70
1171470,74,54,-16,86
1171980,0,16,13,73
1172490,64,80,-2,75
1173000,50,42,-7,82
1173510,71,4,5,77
1174020,79,75,-1,78
1174530,65,37,2,76
1175040,87,101,-2,78
1175550,73,63,-7,85
1176060,94,25,15,70
1176570,14,77,-8,78
1177080,78,39,1,77
1177590,100,1,-3,80
1178100,88,72,-1,81
1178610,7,34,-1,82
1179120,71,98,11,71
1179630,57,60,-14,85
1180140,43,22,-3,88
1180650,44,86,9,79
1181160,6,48,-4,83
1181670,70,10,14,69
1182180,97,81,-5,74
1182690,4,43,-6,80
1183200,68,5,0,80
1183710,0,76,-5,85
1184220,64,82,11,74
1184730,50,44,-10,84
1185240,65,6,9,75
1185750,73,77,-6,81
1186260,59,39,-4,85
1186770,87,1,2,83
1187280,75,45,2,81
1187790,97,48,6,75
1188300,17,51,-7,82
1188810,81,13,7,75
1189320,6,30,-7,82
1189830,70,94,4,78
1190340,56,56,-6,84
1190850,84,18,8,76
1191360,9,70,-5,81
1191870,73,32,3,78
1192380,95,96,3,75
1192890,81,58,-10,85
1193400,1,65,13,72
1193910,65,27,-4,76
1194420,87,91,7,69
1194930,73,53,-15,84
1195440,101,15,4,80
1195950,26,32,-1,81
1196460,21,96,2,79
1196970,85,1,7,72
1197480,73,45,-6,78
1197990,95,48,4,74
1198500,15,51,-7,81
1199010,79,13,2,79
1199520,4,30,-7,86
1200030,68,94,10,76
1200540,54,56,-9,85
1201050,82,18,12,73
1201560,2,70,-3,76
1202070,66,32,-1,77
1202580,88,96,1,76
1203090,74,58,-13,89
1203600,0,20,8,81
1204110,64,84,2,79
1204620,92,46,-3,82
1205130,12,49,2,80
1205640,76,11,1,79
1206150,1,28,6,73
1206660,65,92,-4,77
1207170,51,54,-11,88
1207680,79,16,16,72
1208190,101,68,-4,76
1208700,21,71,1,75
1209210,85,33,3,72
1209720,5,36,-6,78
1210230,69,100,4,74
1210740,55,62,-11,85
1211250,41,24,-1,86
1211760,44,88,6,80
1212270,6,50,-3,83
1212780,70,12,4,79
1213290,97,64,-3,82
1213800,17,67,-1,83
1214310,81,29,11,72
1214820,1,32,-6,78
1215330,65,96,6,72
1215840,51,58,-15,87
1216350,37,20,2,85
1216860,40,84,6,79
1217370,2,46,-2,81
1217880,66,8,4,77
1218390,74,79,0,77
1218900,60,41,-9,86
1219410,88,3,10,76
1219920,76,74,-5,81
1220430,62,36,1,80
1220940,90,100,3,77
1221450,76,62,-6,83
1221960,62,24,1,82
1222470,13,31,-1,83
1222980,8,95,11,72
1223490,72,57,-10,82
1224000,100,19,5,77
1224510,25,36,-3,80
1225020,20,61,-2,82
1225530,84,23,8,74
1226040,4,64,-4,78
1226550,68,26,1,77
1227060,90,29,3,74
1227570,10,70,-9,83
1228080,74,77,2,81
1228590,0,39,4,77
1229100,64,1,1,76
1229610,98,72,-6,82
1230120,5,34,4,78
1230630,69,98,6,72
1231140,55,60,-4,76
1231650,83,22,0,76
1232160,3,63,-4,80
1232670,67,25,7,73
1233180,89,28,-1,74
1233690,9,69,-6,80
1234200,73,31,-5,85
1234710,95,34,9,76
1235220,15,37,-5,81
1235730,79,101,11,70
1236240,65,63,-9,79
1236750,51,25,-3,82
1237260,52,89,3,79
1237770,14,51,-2,81
1238280,78,13,4,77
1238790,86,30,1,76
1239300,6,33,-3,79
1239810,70,97,3,76
1240320,56,59,-6,82
1240830,51,21,-2,84
1241340,52,85,2,82
1241850,38,47,-9,91
1242360,24,9,-5,96
1242870,19,73,5,91
1243380,83,80,3,88
1243890,65,42,4,84
1244400,93,45,6,78
1244910,13,48,0,78
1245420,77,10,6,72
1245930,85,27,-4,76
1246440,5,91,-3,79
1246950,69,53,-1,80
1247460,97,15,3,77
1247970,3,32,1,76
1248480,67,96,5,71
1248990,53,58,-8,79
1249500,1,20,3,76
1250010,65,84,-1,77
1250520,13,46,-5,82
1251030,77,8,5,77
1251540,65,25,-4,81
1252050,6,89,-1,82
1252560,70,51,-9,91
1253070,65,13,9,82
1253580,73,51,-1,83
1254090,101,54,1,82
1254600,21,57,2,80
1255110,85,19,4,76
1255620,5,71,-7,83
1256130,69,33,2,81
1256640,91,97,10,71
1257150,77,59,-18,89
1257660,3,21,12,77
1258170,67,85,-4,81
1258680,53,47,-2,83
1259190,48,9,-1,84
1259700,49,73,6,78
1260210,99,35,2,76
1260720,19,76,-8,84
1261230,83,38,8,76
1261740,3,41,-2,78
1262250,67,3,3,75
1262760,75,20,-7,82
1263270,82,72,-1,83
1263780,68,34,3,80
1264290,90,98,2,78
1264800,76,60,-5,83
1265310,97,22,-2,85
1265820,17,63,5,80
1266330,81,25,0,80
1266840,1,77,2,78
1267350,65,39,0,78
1267860,87,42,4,74
1268370,7,45,-4,78
1268880,71,7,-3,81
1269390,79,24,3,78
1269900,101,76,1,77
1270410,21,55,0,77
1270920,85,17,8,69
1271430,5,34,-2,71
1271940,69,98,-4,75
1272450,55,69,-9,84
1272960,41,31,-1,85
1273470,36,95,-3,88
1273980,100,57,0,88
1274490,20,60,5,83
1275000,84,22,8,75
1275510,4,74,-10,85
1276020,68,36,6,79
1276530,90,100,-1,80
1277040,76,62,-6,86
1277550,71,24,2,84
1278060,93,76,9,75
1278570,13,55,-7,82
1279080,77,17,3,79
1279590,84,34,3,76
1280100,4,37,-5,81
1280610,68,101,3,78
1281120,90,63,1,77
1281630,10,66,-6,83
1282140,74,87,1,82
1282650,60,49,-7,89
1283160,55,11,9,80
1283670,63,9,4,76
1284180,71,26,-7,83
1284690,12,78,1,82
1285200,76,85,1,81
1285710,62,47,3,78
1286220,90,9,4,74
1286730,78,26,-6,80
1287240,100,78,-1,81
1287750,20,57,-1,82
1288260,84,19,12,70
1288770,4,36,-10,80
1289280,68,100,8,72
1289790,90,62,-6,78
1290300,10,65,-7,85
1290810,74,27,7,78
1291320,96,79,2,76
1291830,16,41,-1,77
1292340,80,3,5,72
1292850,68,20,-9,81
1293360,90,29,2,79
1293870,10,14,2,77
1294380,5,78,1,76
1294890,69,40,-9,85
1295400,91,2,12,73
1295910,79,19,-2,75
1296420,101,36,-1,76
1296930,21,77,-3,79
1297440,85,39,0,79
1297950,5,1,0,79
1298460,0,50,7,72
1298970,64,12,-13,85
1299480,98,10,12,73
1299990,86,27,-5,78
1300500,74,79,-4,82
1301010,0,41,3,79
1301520,64,3,7,72
1302030,98,20,-9,81
1302540,18,37,2,79
1303050,82,101,5,74
1303560,68,63,-9,83
1304070,96,25,11,72
1304580,16,66,-9,81
1305090,80,28,3,78
1305600,0,80,-3,81
1306110,64,42,2,79
1306620,86,4,8,71
1307130,74,21,-4,75
1307640,96,73,-2,77
1308150,16,52,0,77
1308660,80,14,0,77
1309170,0,31,-1,78
1309680,64,95,0,78
1310190,50,57,-11,89
1310700,78,19,14,75
1311210,100,36,2,73
1311720,20,77,-7,80
1312230,84,39,1,79
1312740,4,1,11,68
1313250,101,50,-12,80
1313760,21,53,5,75
1314270,85,15,3,72
1314780,5,32,-6,78
1315290,69,96,7,71
1315800,55,58,-17,88
1316310,83,20,13,75
1316820,3,37,0,75
1317330,67,101,0,75
1317840,53,63,-8,83
1318350,39,25,-2,85
1318860,34,89,2,83
1319370,98,51,4,79
1319880,18,54,-2,81
1320390,82,16,9,72
1320900,2,33,-9,81
1321410,66,97,6,75
1321920,88,59,-7,82
1322430,8,62,0,82
1322940,72,24,6,76
1323450,94,76,3,73
1323960,14,55,-9,82
1324470,78,17,7,75
1324980,100,34,-4,79
1325490,20,75,-2,81
1326000,84,37,5,76
1326510,4,78,-3,79
1327020,68,40,-3,82
1327530,90,32,13,69
1328040,10,73,-13,82
1328550,74,22,5,77
1329060,96,74,3,74
1329570,16,53,-8,82
1330080,80,15,6,76
1330590,0,32,-2,78
1331100,64,96,-3,81
1331610,50,58,-5,86
1332120,36,20,3,83
1332630,31,84,0,83
1333140,95,46,2,81
1333650,15,49,2,79
1334160,79,11,3,76
1334670,2,28,1,75
1335180,66,92,0,75
1335690,52,54,-13,88
1336200,38,16,3,85
1336710,39,80,2,83
1337220,1,42,0,83
1337730,65,4,4,79
1338240,90,75,2,77
1338750,10,37,0,77
1339260,74,101,3,74
1339770,60,63,-15,89
1340280,46,25,3,86
1340790,49,89,14,72
1341300,11,51,-14,86
1341810,75,13,11,75
1342320,97,30,-2,77
1342830,17,71,-5,82
1343340,81,33,6,76
1343850,1,24,-6,82
1344360,65,88,8,74
1344870,55,50,-1,75
1345380,41,12,-5,80
1345890,42,76,-1,81
1346400,4,38,0,81
1346910,68,0,0,81
1347420,93,30,1,80
1347930,13,71,-1,81
1348440,77,33,-4,85
1348950,99,97,6,79
1349460,85,59,-5,84
1349970,5,21,7,77
1350480,69,85,-1,78
1350990,55,47,0,78
1351500,83,9,2,76
1352010,71,26,-7,83
1352520,93,42,10,73
1353030,13,83,4,69
1353540,77,45,-11,80
1354050,99,48,7,73
1354560,19,89,-11,84
1355070,83,51,0,84
1355580,3,13,12,72
1356090,67,77,-8,80
1356600,53,39,-6,86
1357110,81,1,13,73
1357620,69,72,-7,80
1358130,55,34,0,80
1358640,83,98,-5,85
1359150,69,60,-2,87
1359660,97,22,14,73
1360170,17,39,-12,85
1360680,81,1,11,74
1361190,69,72,-7,81
1361700,55,34,-3,84
1362210,58,98,4,80
1362720,44,60,-6,86
1363230,30,22,1,85
1363740,25,86,3,82
1364250,89,93,5,77
1364760,75,55,-12,89
1365270,1,17,19,70
1365780,65,81,-17,87
1366290,51,57,2,85
1366800,37,19,-2,87
1367310,32,83,3,84
1367820,96,45,0,84
1368330,16,48,9,75
1368840,80,10,3,72
1369350,3,27,-7,79
1369860,67,91,6,73
1370370,53,53,-14,87
1370880,81,15,13,74
1371390,1,32,1,73
1371900,65,96,-4,77
1372410,93,44,1,76
1372920,13,47,-4,80
1373430,77,9,3,77
1373940,0,26,4,73
1374450,64,90,-2,75
1374960,50,38,-18,93
1375470,45,0,7,86
1375980,40,25,-6,92
1376490,43,89,-2,94
1377000,5,51,13,81
1377510,69,13,3,78
1378020,91,84,0,78
1378530,77,46,-3,81
1379040,99,49,6,75
1379550,19,52,-5,80
1380060,83,15,10,70
1380570,6,32,-11,81
1381080,70,96,6,75
1381590,56,67,-9,84
1382100,42,29,-3,87
1382610,45,93,6,81
1383120,7,55,-6,87
1383630,71,17,10,77
1384140,93,34,2,75
1384650,13,75,0,75
1385160,77,37,-4,79
1385670,99,40,2,77
1386180,19,42,-2,79
1386690,83,4,4,75
1387200,71,21,5,70
1387710,93,38,-6,76
1388220,13,41,-3,79
1388730,77,3,9,70
1389240,0,74,-10,80
1389750,64,36,1,79
1390260,86,100,2,77
1390770,72,71,-6,83
1391280,94,33,8,75
1391790,14,74,-9,84
1392300,78,36,4,80
1392810,100,39,3,77
1393320,20,80,-1,78
1393830,84,87,4,74
1394340,70,49,-11,85
1394850,98,11,4,81
1395360,13,28,-1,82
1395870,16,92,4,78
1396380,80,54,-10,88
1396890,0,16,11,77
1397400,64,80,-3,80
1397910,92,42,5,75
1398420,12,45,-5,80
1398930,76,7,6,74
1399440,101,24,0,74
1399950,21,41,-2,76
1400460,85,3,3,73
1400970,33,20,-10,83
1401480,36,84,1,82
1401990,100,46,-1,83
1402500,20,49,3,80
1403010,84,11,0,80
1403520,7,28,-2,82
1404030,38,92,0,82
1404540,0,54,2,80
1405050,64,16,-1,81
1405560,5,14,7,74
1406070,8,78,-4,78
1406580,72,40,-7,85
1407090,94,2,7,78
1407600,82,73,-4,82
1408110,2,35,7,75
1408620,66,99,-2,77
1409130,88,47,2,75
1409640,8,50,-9,84
1410150,72,12,6,78
1410660,97,19,6,72
1411170,17,36,-9,81
1411680,81,100,8,73
1412190,1,71,-12,85
1412700,65,33,2,83
1413210,6,97,8,75
1413720,70,59,-4,79
1414230,92,21,5,74
1414740,12,38,-10,84
1415250,76,0,11,73
1415760,8,17,-11,84
1416270,11,81,4,80
1416780,75,43,-4,84
1417290,97,46,3,81
1417800,17,49,4,77
1418310,81,11,5,72
1418820,4,28,-10,82
1419330,68,92,5,77
1419840,90,54,-4,81
1420350,10,57,2,79
1420860,74,19,2,77
1421370,96,36,0,77
1421880,16,77,-4,81
1422390,80,39,4,77
1422900,0,42,-6,83
1423410,64,4,1,82
1423920,89,21,14,68
1424430,9,38,-11,79
1424940,73,0,8,71
1425450,5,25,-10,81
1425960,69,89,8,73
1426470,9,51,-5,78
1426980,73,13,2,76
1427490,95,30,4,72
1428000,15,71,-9,81
1428510,79,33,7,74
1429020,101,36,-8,82
1429530,21,77,2,80
1430040,85,39,5,75
1430550,5,42,-2,77
1431060,69,4,5,72
1431570,94,21,0,72
1432080,14,38,-12,84
1432590,78,0,12,72
1433100,10,30,-7,79
1433610,74,94,1,78
1434120,96,56,-5,83
1434630,16,59,0,83
1435140,80,21,12,71
1435650,0,38,-13,84
1436160,64,0,12,72
1436670,89,25,-3,75
1437180,9,66,-2,77
1437690,73,28,-1,78
1438200,95,35,2,76
1438710,15,76,-1,77
1439220,79,38,-7,84
1439730,101,0,13,71
1440240,24,17,-12,83
1440750,27,81,-2,85
1441260,91,43,9,76
1441770,11,46,-3,79
1442280,75,8,7,72
1442790,70,25,-11,83
1443300,11,32,-2,85
1443810,75,96,13,72
1444320,97,58,-4,76
1444830,17,61,-5,81
1445340,81,23,7,74
1445850,1,32,0,74
1446360,65,80,-5,79
1446870,87,42,1,78
1447380,7,45,0,78
1447890,71,7,2,76
1448400,96,24,2,74
1448910,16,41,-5,79
1449420,80,3,3,76
1449930,3,28,-1,77
1450440,67,92,0,77
1450950,89,40,-1,78
1451460,9,43,-2,80
1451970,73,5,6,74
1452480,98,22,-2,76
1452990,41,39,-6,82
1453500,89,1,12,70
1454010,77,26,-13,83
1454520,99,67,3,80
1455030,19,70,-3,83
1455540,83,32,4,79
1456050,3,14,-7,86
1456560,36,78,-1,87
1457070,100,40,9,78
1457580,20,81,-4,82
1458090,84,43,-1,83
1458600,4,5,7,76
1459110,7,69,-8,84
1459620,71,31,4,80
1460130,93,95,10,70
1460640,13,57,-13,83
1461150,77,19,8,75
1461660,99,28,4,71
1462170,19,69,-9,80
1462680,83,31,4,76
1463190,3,34,-7,83
1463700,67,98,8,75
1464210,89,46,4,71
1464720,9,49,-10,81
1465230,73,11,4,77
1465740,98,28,7,70
1466250,18,69,-8,78
1466760,82,31,-1,79
1467270,2,38,0,79
1467780,66,0,6,73
1468290,91,25,-1,74
1468800,11,42,-11,85
1469310,75,4,12,73
1469820,100,29,-3,76
1470330,20,70,1,75
1470840,84,32,-4,79
1471350,4,39,3,76
1471860,68,1,0,76
1472370,93,31,-1,77
1472880,13,72,-6,83
1473390,77,34,9,74
1473900,99,98,-1,75
1474410,19,60,-8,83
1474920,83,22,6,77
1475430,3,39,-3,80
1475940,67,1,6,74
1476450,92,26,-2,76
1476960,12,67,-8,84
1477470,76,29,4,80
1477980,98,36,5,75
1478490,18,77,-4,79
1479000,82,39,-4,83
1479510,2,1,5,78
1480020,13,50,-4,82
1480530,77,12,8,74
1481040,0,29,-5,79
1481550,64,93,10,69
1482060,86,41,-8,77
1482570,6,3,3,74
1483080,101,71,-9,83
1483590,21,33,5,78
1484100,7,97,2,76
1484610,71,59,-10,86
1485120,93,21,14,72
1485630,13,38,-4,76
1486140,77,0,6,70
1486650,1,25,-1,71
1487160,65,89,-5,76
1487670,87,51,-7,83
1488180,7,54,0,83
1488690,14,16,6,77
1489200,17,80,-3,80
1489710,81,42,2,78
1490220,1,4,4,74
1490730,12,68,-9,83
1491240,76,30,7,76
1491750,98,94,0,76
1492260,18,56,-2,78
1492770,82,18,5,73
1493280,2,35,-9,82
1493790,66,99,7,75
1494300,88,61,-3,78
1494810,8,23,-1,79
1495320,72,18,0,79
1495830,79,27,0,79
1496340,101,91,4,75
1496850,21,53,-2,77
1497360,85,15,11,66
1497870,8,32,-10,76
1498380,72,96,1,75
1498890,94,58,-11,86
1499400,14,20,7,79
1499910,17,84,3,76
1500420,81,46,-9,85
1500930,1,8,9,76
1501440,65,72,-6,82
1501950,87,34,4,78
1502460,7,98,9,69
1502970,71,60,-11,80
1503480,93,22,7,73
1503990,13,39,-8,81
1504500,77,1,13,68
1505010,1,26,-9,77
1505520,65,90,6,71
1506030,87,52,-16,87
1506540,7,14,9,78
1507050,10,78,1,77
1507560,74,40,-12,89
1508070,15,2,8,81
1508580,10,27,1,80
1509090,74,91,2,78
1509600,0,53,2,76
1510110,64,15,2,74
1510620,5,24,-4,78
1511130,69,88,1,77
1511640,97,50,2,75
1512150,17,53,-4,79
1512660,81,15,2,77
1513170,4,32,-1,78
1513680,68,96,5,73
1514190,90,58,-15,88
1514700,10,20,8,80
1515210,13,84,2,78
1515720,77,46,-5,83
1516230,99,8,-1,84
1516740,23,25,4,80
1517250,26,89,-1,81
1517760,90,51,5,76
1518270,10,54,-3,79
1518780,74,16,3,76
1519290,96,80,2,74
1519800,16,42,-7,81
1520310,80,4,9,72
1520820,4,29,-5,77
1521330,68,93,4,73
1521840,90,55,-8,81
1522350,10,17,2,79
1522860,13,81,3,76
1523370,77,43,-10,86
1523880,99,5,9,77
1524390,22,30,2,75
1524900,25,94,-7,82
1525410,89,56,-2,84
1525920,9,18,4,80
1526430,12,82,3,77
1526940,76,44,0,77
1527450,98,6,5,72
1527960,21,31,-10,82
1528470,24,95,0,82
1528980,88,57,0,82
1529490,8,19,-3,85
1530000,11,83,4,81
1530510,75,45,0,81
1531020,97,7,7,74
1531530,20,32,2,72
1532040,84,96,-4,76
1532550,4,58,-6,82
1533060,68,20,0,82
1533570,9,84,2,80
1534080,73,46,0,80
1534590,95,8,-2,82
1535100,18,33,4,78
1535610,82,97,5,73
1536120,2,59,-13,86
1536630,66,21,10,76
1537140,100,85,3,73
1537650,20,47,-2,75
1538160,84,9,-1,76
1538670,7,34,-1,77
1539180,71,98,5,72
1539690,93,69,-7,79
1540200,13,31,-1,80
1540710,77,95,4,76
1541220,99,66,-4,80
1541730,19,28,2,78
1542240,22,92,-4,82
1542750,86,54,-2,84
1543260,6,16,8,76
1543770,70,80,0,76
1544280,92,51,-4,80
1544790,12,13,-1,81
1545300,15,77,2,79
1545810,79,39,1,78
1546320,101,1,6,72
1546830,16,26,-7,79
1547340,19,90,0,79
1547850,83,52,-9,88
1548360,3,14,11,77
1548870,67,78,-3,80
1549380,89,40,2,78
1549890,9,2,3,75
1550400,4,51,-8,83
1550910,68,13,4,79
1551420,93,77,1,78
1551930,13,39,-3,81
1552440,77,1,13,68
1552950,0,26,-12,80
1553460,64,90,-1,81
1553970,92,61,0,81
1554480,12,23,3,78
1554990,15,87,-3,81
1555500,79,49,-2,83
1556010,101,11,8,75
1556520,24,70,-10,85
1557030,88,32,8,77
1557540,8,96,6,71
1558050,72,58,-21,92
1558560,13,20,13,79
1559070,16,84,0,79
1559580,80,46,3,76
1560090,0,8,-4,80
1560600,64,72,-1,81
1561110,86,34,4,77
1561620,6,98,6,71
1562130,70,60,-11,82
1562640,11,22,-1,83
1563150,14,86,10,73
1563660,78,48,-8,81
1564170,100,10,2,79
1564680,81,69,2,77
1565190,1,31,2,75
1565700,65,95,-1,76
1566210,64,66,-11,87
1566720,92,28,12,75
1567230,12,37,0,75
1567740,76,101,1,74
1568250,98,72,0,74
1568760,18,34,-10,84
1569270,82,98,8,76
1569780,8,69,0,76
1570290,72,31,-1,77
1570800,94,95,7,70
1571310,14,57,-12,82
1571820,78,19,11,71
1572330,1,28,-5,76
1572840,65,92,2,74
1573350,93,63,-9,83
1573860,13,25,8,75
1574370,77,89,-2,77
1574880,3,60,-4,81
1575390,67,22,2,79
1575900,8,86,-2,81
1576410,72,48,3,78
1576920,94,10,7,71
1577430,9,69,-9,80
1577940,73,31,3,77
1578450,95,95,3,74
1578960,15,57,-10,84
1579470,79,57,4,80
1579980,101,19,2,78
1580490,24,36,4,74
1581000,27,100,-9,83
1581510,91,62,2,81
1582020,11,24,3,78
1582530,14,50,3,75
1583040,78,12,8,67
1583550,1,29,-17,84
1584060,65,93,12,72
1584570,93,64,-6,78
1585080,13,26,-3,81
1585590,16,90,5,76
1586100,80,52,-9,85
1586610,0,14,12,73
1587120,64,78,-7,80
1587630,92,49,-2,82
1588140,12,11,-3,85
1588650,15,75,5,80
1589160,79,37,4,76
1589670,101,101,-3,79
1590180,21,63,0,79
1590690,85,25,2,77
1591200,5,34,-1,78
1591710,69,98,5,73
1592220,97,69,-6,79
1592730,17,31,3,76
1593240,81,95,-2,78
1593750,7,66,-10,88
1594260,71,28,13,75
1594770,93,92,3,72
1595280,13,54,-7,79
1595790,77,16,4,75
1596300,0,25,0,75
1596810,64,89,0,75
1597320,92,60,-3,78
1597830,12,22,6,72
1598340,76,86,-6,78
1598850,2,48,0,78
1599360,66,10,2,76
1599870,91,19,2,74
1600380,14,28,-1,75
1600890,78,92,2,73
1601400,4,63,-5,78
1601910,68,25,0,78
1602420,9,89,0,78
1602930,73,51,-5,83
1603440,14,13,7,76
1603950,17,77,-6,82
1604460,81,39,6,76
1604970,1,1,-1,77
1605480,12,50,-3,80
1605990,76,12,7,73
1606500,101,21,-4,77
1607010,82,30,4,73
1607520,2,94,-3,76
1608030,66,56,-4,80
1608540,94,18,1,79
1609050,17,27,-2,81
1609560,20,91,-2,83
1610070,84,53,-2,85
1610580,4,15,9,76
1611090,68,79,0,76
1611600,96,50,1,75
1612110,16,12,-7,82
1612620,19,76,4,78
1613130,83,38,2,76
1613640,3,0,1,75
1614150,100,49,-4,79
1614660,20,11,0,79
1615170,15,75,-4,83
1615680,79,37,4,79
1616190,101,101,3,76
1616700,21,63,1,75
1617210,85,25,2,73
1617720,92,34,-1,74
1618230,59,98,1,73
1618740,58,46,-15,88
1619250,101,8,8,80
1619760,33,67,-3,83
1620270,97,29,5,78
1620780,17,38,2,76
1621290,81,0,-1,77
1621800,13,25,-4,81
1622310,16,89,3,78
1622820,80,51,-3,81
1623330,0,13,8,73
1623840,64,77,-11,84
1624350,92,48,0,84
1624860,12,10,7,77
1625370,15,74,-5,82
1625880,19,36,6,76
1626390,83,100,0,76
1626900,9,71,-6,82
1627410,73,33,7,75
1627920,95,97,0,75
1628430,15,59,-9,84
1628940,79,21,13,71
1629450,2,30,-7,78
1629960,66,94,5,73
1630470,65,65,-16,89
1630980,93,27,10,79
1631490,13,36,0,79
1632000,77,100,3,76
1632510,3,71,-7,83
1633020,67,33,3,80
1633530,8,97,-4,84
1634040,28,59,4,80
1634550,92,21,3,77
1635060,15,30,0,77
1635570,79,94,3,74
1636080,5,65,-8,82
1636590,69,27,8,74
1637100,10,91,-8,82
1637610,74,53,0,82
1638120,15,15,5,77
1638630,18,79,-5,82
1639140,82,41,3,79
1639650,2,3,0,79
1640160,66,52,-2,81
1640670,7,14,7,74
1641180,71,78,-5,79
1641690,99,49,5,74
1642200,19,11,-7,81
1642710,14,75,-3,84
1643220,78,37,10,74
1643730,100,101,-3,77
1644240,20,63,-5,82
1644750,84,25,9,73
1645260,14,34,-9,82
1645770,78,98,7,75
1646280,4,69,-9,84
1646790,68,31,6,78
1647300,20,95,1,77
1647810,84,57,-7,84
1648320,4,19,4,80
1648830,68,83,5,75
1649340,96,54,2,73
1649850,16,16,-4,77
1650360,19,80,-9,86
1650870,83,42,8,78
1651380,3,4,3,75
1651890,6,68,-10,85
1652400,70,30,6,79
1652910,92,94,-1,80
1653420,49,56,-6,86
1653930,93,18,12,74
1654440,25,27,-11,85
1654950,28,91,4,81
1655460,92,53,7,74
1655970,12,15,-2,76
1656480,15,79,-3,79
1656990,79,41,-2,81
1657500,101,3,2,79
1658010,33,62,-3,82
1658520,97,24,10,72
1659030,20,33,-7,79
1659540,23,97,2,77
1660050,87,59,-9,86
1660560,7,21,5,81
1661070,71,85,9,72
1661580,99,56,-2,74
1662090,19,18,-2,76
1662600,22,82,-6,82
1663110,86,44,3,79
1663620,6,6,3,76
1664130,89,70,-5,81
1664640,9,32,0,81
1665150,73,96,10,71
1665660,101,67,-7,78
1666170,21,29,6,72
1666680,7,93,-2,74
1667190,71,55,-9,83
1667700,12,17,4,79
1668210,15,81,1,78
1668720,79,43,4,74
1669230,101,5,-6,80
1669740,33,64,3,77
1670250,97,26,2,75
1670760,20,35,-8,83
1671270,84,99,9,74
1671780,5,70,-9,83
1672290,69,32,6,77
1672800,91,96,0,77
1673310,12,67,-2,79
1673820,76,29,6,73
1674330,98,93,-5,78
1674840,18,55,-5,83
1675350,82,17,9,74
1675860,5,26,-6,80
1676370,69,90,2,78
1676880,97,61,-1,79
1677390,17,23,2,77
1677900,20,87,-4,81
1678410,84,49,-2,83
1678920,4,11,2,81
1679430,68,75,1,80
1679940,96,46,3,77
1680450,16,26,-8,85
1680960,19,90,5,80
1681470,83,52,1,79
1681980,3,14,-3,82
1682490,67,78,9,73
1683000,90,49,-9,82
1683510,10,11,5,77
1684020,13,75,-7,84
1684530,77,37,6,78
1685040,99,101,6,72
1685550,20,72,-11,83
1686060,84,34,9,74
1686570,4,43,-4,78
1687080,68,5,6,72
1687590,0,64,-14,86
1688100,64,26,7,79
1688610,5,90,2,77
1689120,69,52,-3,80
1689630,10,14,2,78
1690140,13,78,-7,85
1690650,77,40,5,80
1691160,99,2,2,78
1691670,31,61,-6,84
1692180,95,56,9,75
1692690,15,18,-6,81
1693200,18,82,2,79
1693710,82,44,3,76
1694220,2,6,0,76
1694730,5,70,-5,81
1695240,69,32,1,80
1695750,10,96,5,75
1696260,74,58,-10,85
1696770,15,20,9,76
1697280,18,84,-8,84
1697790,82,46,5,79
1698300,2,8,-1,80
1698810,5,72,-3,83
1699320,69,34,5,78
1699830,10,98,1,77
1700340,74,60,-3,80
1700850,15,22,5,75
1701360,18,86,-4,79
1701870,82,48,-3,82
1702380,2,10,5,77
1702890,66,74,-1,78
1703400,7,45,0,78
1703910,71,7,4,74
1704420,3,37,-4,78
1704930,67,101,4,74
1705440,66,72,-12,86
1705950,94,43,1,85
1706460,14,5,6,79
1706970,9,69,-5,84
1707480,73,31,6,78
1707990,95,40,2,76
1708500,15,81,-3,79
1709010,79,43,-1,80
1709520,101,5,2,78
1710030,33,64,-6,84
1710540,97,26,8,76
1711050,20,35,-5,81
1711560,23,99,-5,86
1712070,87,73,6,80
1712580,96,35,0,80
1713090,16,76,2,78
1713600,80,38,3,75
1714110,0,0,-1,76
1714620,11,49,-5,81
1715130,75,11,1,80
1715640,7,9,0,80
1716150,10,73,3,77
1716660,74,35,-1,78
1717170,96,99,1,77
1717680,17,78,-4,81
1718190,81,40,6,75
1718700,1,20,-2,77
1719210,65,84,2,75
1719720,6,55,-5,80
1720230,70,17,7,73
1720740,11,26,-10,83
1721250,14,90,7,76
1721760,78,52,-9,85
1722270,19,14,7,78
1722780,0,78,2,76
1723290,64,40,-12,88
1723800,5,2,9,79
1724310,0,51,-4,83
1724820,64,13,2,81
1725330,5,22,0,81
1725840,69,86,11,70
1726350,10,57,-9,79
1726860,74,19,4,75
1727370,15,28,-3,78
1727880,18,92,-3,81
1728390,82,54,-4,85
1728900,2,16,4,81
1729410,66,80,2,79
1729920,94,51,5,74
1730430,14,31,-5,79
1730940,78,95,2,77
1731450,4,66,-2,79
1731960,68,28,-2,81
1732470,9,37,1,80
1732980,73,101,4,76
1733490,53,72,-5,81
1734000,96,43,4,77
1734510,16,84,1,76
1735020,80,46,-7,83
1735530,0,8,5,78
1736040,64,72,-4,82
1736550,5,43,4,78
1737060,69,5,1,77
1737570,1,3,1,76
1738080,12,52,-11,87
1738590,76,14,9,78
1739100,8,23,-1,79
1739610,72,87,3,76
1740120,100,58,-4,80
1740630,20,67,-1,81
1741140,84,29,5,76
1741650,4,38,0,76
1742160,68,0,-1,77
1742670,0,30,0,77
1743180,64,94,4,73
1743690,63,65,-10,83
1744200,4,27,4,79
1744710,68,91,8,71
1745220,96,62,-7,78
1745730,16,69,-5,83
1746240,80,31,3,80
1746750,0,40,1,79
1747260,64,2,5,74
1747770,98,84,-6,80
1748280,39,63,-5,85
1748790,1,25,10,75
1749300,65,89,-2,77
1749810,84,60,-2,79
1750320,4,39,-3,82
1750830,68,1,16,66
1751340,0,5,-10,76
1751850,64,54,-5,81
1752360,5,33,1,80
1752870,69,97,7,73
1753380,97,68,-3,76
1753890,17,47,-4,80
1754400,81,9,7,73
1754910,13,7,-12,85
1755420,96,56,4,81
1755930,16,65,3,78
1756440,80,27,-7,85
1756950,21,36,6,79
1757460,85,100,0,79
1757970,11,79,1,78
1758480,75,41,-5,83
1758990,16,50,1,82
1759500,80,12,2,80
1760010,12,21,-1,81
1760520,15,85,1,80
1761030,79,47,6,74
1761540,101,9,-3,77
1762050,33,21,-4,81
1762560,76,85,8,73
1763070,2,64,-9,82
1763580,66,26,3,79
1764090,7,35,-3,82
1764600,71,99,1,81
1765110,99,70,-1,82
1765620,6,49,3,79
1766130,70,11,-5,84
1766640,2,20,8,76
1767150,66,84,-2,78
1767660,94,63,-1,79
1768170,14,42,-1,80
1768680,78,4,7,73
1769190,10,8,-3,76
1769700,93,72,2,74
1770210,0,51,-9,83
1770720,64,13,4,79
1771230,5,22,-1,80
1771740,69,86,6,74
1772250,97,65,-5,79
1772760,17,44,1,78
1773270,81,6,3,75
1773780,13,10,-1,76
1774290,96,74,-3,79
1774800,3,53,-5,84
1775310,67,15,2,82
1775820,8,24,1,81
1776330,72,55,-3,84
1776840,13,34,0,84
1777350,77,98,11,73
1777860,3,77,-8,81
1778370,67,39,0,81
1778880,8,1,2,79
1779390,1,50,0,79
1779900,65,75,-3,82
1780410,93,54,4,78
1780920,13,95,1,77
1781430,77,57,-10,87
1781940,18,36,6,81
1782450,82,100,3,78
1782960,8,79,-6,84
1783470,72,41,6,78
1783980,13,3,8,70
1784490,96,67,-10,80
1785000,3,46,3,77
1785510,67,8,4,73
1786020,101,6,-6,79
1786530,33,36,-3,82
1787040,83,100,10,72
1787550,65,79,-5,77
1788060,93,58,-4,81
1788570,13,20,-1,82
1789080,96,84,0,82
1789590,3,63,4,78
1790100,67,25,0,78
1790610,8,34,-6,84
1791120,72,98,10,74
1791630,100,69,-8,82
1792140,7,48,6,76
1792650,71,10,-1,77
1793160,3,8,-1,78
1793670,67,72,-4,82
1794180,8,51,-1,83
1794690,72,13,7,76
1795200,4,22,-4,80
1795710,68,86,-1,81
1796220,96,65,5,76
1796730,3,44,-5,81
1797240,67,6,9,72
1797750,101,4,-4,76
1798260,33,8,-4,80
1798770,76,72,-5,85
1799280,17,34,5,80
1799790,81,98,6,74
1800300,7,77,-3,77
1800810,71,85,0,77
1801320,99,64,-3,80
1801830,6,26,3,77
1802340,70,90,3,74
1802850,98,52,-2,76
1803360,18,93,-5,81
1803870,82,55,-6,87
1804380,91,17,11,76
1804890,72,15,0,76
1805400,4,13,-6,82
1805910,68,77,-2,84
1806420,96,56,9,75
1806930,16,97,-3,78
1807440,80,59,-4,82
1807950,21,38,7,75
1808460,2,0,-2,77
1808970,85,49,-3,80
1809480,5,11,2,78
1809990,69,75,-4,82
1810500,10,37,2,80
1811010,74,101,8,72
1811520,55,63,-12,84
1812030,3,25,4,80
1812540,67,89,10,70
1813050,95,51,-15,85
1813560,15,13,6,79
1814070,98,77,2,77
1814580,5,56,-1,78
1815090,69,18,1,77
1815600,10,27,-5,82
1816110,74,91,6,76
1816620,55,53,-14,90
1817130,98,15,12,78
1817640,79,13,5,73
1818150,60,11,-6,79
1818660,94,9,0,79
1819170,26,39,-2,81
1819680,61,1,2,79
1820190,95,31,4,75
1820700,76,72,-6,81
1821210,17,34,-1,82
1821720,81,98,11,71
1822230,63,60,-13,84
1822740,4,22,3,81
1823250,68,86,6,75
1823760,16,48,-11,86
1824270,80,10,12,74
1824780,12,8,-8,82
1825290,95,72,5,77
1825800,2,51,-4,81
1826310,95,13,0,81
1826820,76,25,1,80
1827330,17,23,3,77
1827840,100,87,-5,82
1828350,82,49,4,78
1828860,2,11,3,75
1829370,66,75,-2,77
1829880,14,54,-8,85
1830390,78,16,12,73
1830900,59,14,-10,83
1831410,0,23,4,79
1831920,64,87,2,77
1832430,45,49,-2,79
1832940,31,11,-10,89
1833450,26,75,3,86
1833960,90,37,10,76
1834470,10,78,-3,79
1834980,74,40,-2,81
1835490,96,2,3,78
1836000,28,32,0,78
1836510,78,96,6,72
1837020,60,75,-9,81
1837530,8,54,-5,86
1838040,72,16,8,78
1838550,4,14,1,77
1839060,68,78,-2,79
1839570,16,48,3,76
1840080,80,10,3,73
1840590,12,8,-3,76
1841100,95,72,-6,82
1841610,2,51,2,80
1842120,66,13,3,77
1842630,100,11,2,75
1843140,32,41,-9,84
1843650,82,9,7,77
1844160,14,39,-3,80
1844670,78,1,10,70
1845180,10,31,-13,83
1845690,74,95,12,71
1846200,55,66,-14,85
1846710,3,28,6,79
1847220,67,92,2,77
1847730,15,63,-2,79
1848240,79,25,0,79
1848750,4,23,-3,82
1849260,68,63,0,82
1849770,9,25,-1,83
1850280,73,67,0,83
1850790,14,29,1,82
1851300,78,93,6,76
1851810,26,64,-7,83
1852320,90,26,9,74
1852830,15,67,-7,81
1853340,79,29,4,77
1853850,101,70,-4,81
1854360,21,49,1,80
1854870,85,11,8,72
1855380,17,9,-7,79
1855890,12,73,4,75
1856400,76,35,-1,76
1856910,98,76,-8,84
1857420,5,55,5,79
1857930,69,17,2,77
1858440,1,15,-2,79
1858950,65,79,2,77
1859460,13,50,3,74
1859970,77,12,0,74
1860480,9,10,-10,84
1860990,4,74,6,78
1861500,68,38,-4,82
1862010,9,0,1,81
1862520,4,49,2,79
1863030,68,11,3,76
1863540,35,9,-8,84
1864050,69,73,1,83
1864560,17,52,-1,84
1865070,81,14,12,72
1865580,13,12,-6,78
1866090,8,76,-5,83
1866600,72,40,7,76
1867110,94,81,-1,77
1867620,76,60,-3,80
1868130,17,39,-2,82
1868640,81,1,10,72
1869150,13,31,-2,74
1869660,77,95,-5,79
1870170,25,66,2,77
1870680,89,28,3,74
1871190,9,69,-7,81
1871700,73,31,3,78
1872210,95,72,-1,79
1872720,15,51,0,79
1873230,79,13,6,73
1873740,11,11,-4,77
1874250,94,75,2,75
1874760,14,54,-11,86
1875270,17,16,5,81
1875780,100,80,5,76
1876290,20,67,-6,82
1876800,84,29,13,69
1877310,4,70,-14,83
1877820,68,32,7,76
1878330,9,96,-1,77
1878840,10,58,-4,81
1879350,74,20,4,77
1879860,6,18,0,77
1880370,70,82,1,76
1880880,18,61,-5,81
1881390,82,2,9,72
1881900,14,32,-11,83
1882410,78,96,13,70
1882920,60,41,-13,83
1883430,1,3,8,75
1883940,98,54,-3,78
1884450,18,95,1,77
1884960,82,57,-7,84
1885470,2,19,2,82
1885980,66,83,-1,83
1886490,14,28,7,76
1887000,97,92,2,74
1887510,79,54,-6,80
1888020,101,16,6,74
1888530,82,57,-11,85
1889040,2,19,9,76
1889550,66,83,3,73
1890060,14,28,-7,80
1890570,9,92,2,78
1891080,73,54,-7,85
1891590,95,43,9,76
1892100,15,84,-4,80
1892610,79,46,0,80
1893120,101,8,1,79
1893630,83,38,1,78
1894140,3,79,6,72
1894650,67,41,-7,79
1895160,89,3,9,70
1895670,71,33,-15,85
1896180,93,97,11,74
1896690,75,76,-3,77
1897200,5,55,-7,84
1897710,69,17,10,74
1898220,1,15,-4,78
1898730,65,79,5,73
1899240,13,50,-13,86
1899750,77,12,12,74
1900260,9,10,-12,86
1900770,4,74,9,77
1901280,68,36,-5,82
1901790,9,100,8,74
1902300,73,62,-8,82
1902810,3,41,0,82
1903320,67,3,8,74
1903830,101,33,-7,81
1904340,21,74,10,71
1904850,85,36,-9,80
1905360,5,77,-1,81
1905870,69,39,0,81
1906380,91,1,10,71
1906890,73,31,-9,80
1907400,95,72,6,74
1907910,15,51,-9,83
1908420,42,13,1,82
1908930,85,77,4,78
1909440,5,16,-1,79
1909950,69,80,0,79
1910460,17,59,-4,83
1910970,81,21,7,76
1911480,88,62,-4,80
1911990,8,41,-1,81
1912500,72,3,8,73
1913010,4,33,-9,82
1913520,68,97,5,77
1914030,16,34,1,76
1914540,80,98,3,73
1915050,1,69,-6,79
1915560,65,31,6,73
1916070,87,95,-4,77
1916580,2,74,4,73
1917090,66,36,-11,84
1917600,78,100,10,74
1918110,26,80,-9,83
1918620,90,42,1,82
1919130,10,83,3,79
1919640,74,45,-9,88
1920150,96,7,7,81
1920660,28,29,3,78
1921170,78,93,2,76
1921680,26,73,-6,82
1922190,90,35,9,73
1922700,10,76,-5,78
1923210,74,38,-6,84
1923720,96,79,5,79
1924230,16,58,1,78
1924740,80,20,5,73
1925250,87,61,-6,79
1925760,7,40,3,76
1926270,71,2,4,72
1926780,3,32,-3,75
1927290,67,96,4,71
1927800,15,33,-8,79
1928310,79,97,4,75
1928820,27,77,-7,82
1929330,91,39,3,79
1929840,11,80,-1,80
1930350,75,42,3,77
1930860,97,83,5,72
1931370,17,1,-4,76
1931880,10,50,-4,80
1932390,74,12,7,73
1932900,6,10,0,73
1933410,1,74,-1,74
1933920,65,36,-5,79
1934430,6,77,2,77
1934940,70,39,-7,84
1935450,92,1,11,73
1935960,24,31,-7,80
1936470,74,95,0,80
1936980,22,63,4,76
1937490,86,25,1,75
1938000,93,66,-3,78
1938510,13,5,2,76
1939020,8,69,-5,81
1939530,72,31,4,77
1940040,94,72,-2,79
1940550,14,51,-3,82
1941060,78,13,4,78
1941570,10,11,-2,80
1942080,42,75,-4,84
1942590,92,37,10,74
1943100,12,78,-4,78
1943610,76,40,-3,81
1944120,98,81,1,80
1944630,18,43,5,75
1945140,82,5,3,72
1945650,65,35,-7,79
1946160,6,99,5,74
1946670,49,61,-8,82
1947180,99,23,6,76
1947690,80,64,-6,82
1948200,58,26,0,82
1948710,101,90,5,77
1949220,21,52,-1,78
1949730,85,14,5,73
1950240,66,12,-5,78
1950750,100,10,-7,85
1951260,32,40,5,80
1951770,82,2,-2,82
1952280,14,32,-3,85
1952790,78,96,9,76
1953300,26,58,-6,82
1953810,76,20,3,79
1954320,83,61,0,79
1954830,3,23,-2,81
1955340,67,87,0,81
1955850,15,49,4,77
1956360,79,11,4,73
1956870,11,9,-5,78
1957380,43,73,-6,84
1957890,93,35,13,71
1958400,13,76,-11,82
1958910,77,38,0,82
1959420,99,0,10,72
1959930,31,4,-7,79
1960440,65,68,-2,81
1960950,13,30,5,76
1961460,77,94,0,76
1961970,25,56,-5,81
1962480,75,18,11,70
1962990,82,59,-8,78
1963500,2,21,1,77
1964010,66,85,1,76
1964520,14,47,-4,80
1965030,78,9,7,73
1965540,10,39,-7,80
1966050,74,1,0,80
1966560,6,31,-5,85
1967070,70,95,8,77
1967580,18,57,-2,79
1968090,82,19,3,76
1968600,2,17,-4,80
1969110,66,81,7,73
1969620,14,43,-4,77
1970130,78,5,2,75
1970640,10,35,-4,79
1971150,74,99,4,75
1971660,22,61,-9,84
1972170,86,23,9,75
1972680,6,64,-8,83
1973190,70,26,7,76
1973700,92,67,-2,78
1974210,12,29,-5,83
1974720,76,93,7,76
1975230,24,55,-7,83
1975740,74,17,10,73
1976250,81,15,-2,75
1976760,13,13,-7,82
1977270,8,77,2,80
1977780,72,39,-3,83
1978290,94,1,9,74
1978800,26,31,-5,79
1979310,76,95,7,72
1979820,24,57,-10,82
1980330,74,19,8,74
1980840,81,17,5,69
1981350,1,15,-12,81
1981860,65,79,4,77
1982370,13,41,3,74
1982880,77,3,-5,79
1983390,51,33,-1,80
1983900,101,97,13,67
1984410,21,59,-13,80
1984920,85,21,6,74
1985430,5,62,-9,83
1985940,42,24,0,83
1986450,92,88,5,78
1986960,12,50,0,78
1987470,76,12,3,75
1987980,8,8,-6,81
1988490,46,72,6,75
1989000,96,34,1,74
1989510,16,75,-6,80
1990020,80,37,0,80
1990530,0,101,5,75
1991040,64,63,-10,85
1991550,12,25,8,77
1992060,76,89,-4,81
1992570,24,51,1,80
1993080,74,13,7,73
1993590,6,9,-3,76
1994100,1,73,-4,80
1994610,65,35,-1,81
1995120,87,99,0,81
1995630,35,61,2,79
1996140,85,23,6,73
1996650,5,64,-10,83
1997160,69,26,-3,86
1997670,10,90,2,84
1998180,74,52,4,80
1998690,22,14,3,77
1999200,17,78,-10,87
1999710,81,40,12,75
2000220,1,43,4,71
2000730,65,5,-3,74
2001240,99,35,-5,79
2001750,19,76,-2,81
2002260,83,38,3,78
2002770,3,79,-4,82
2003280,67,41,2,80
2003790,8,3,1,79
2004300,1,52,0,79
2004810,65,14,4,75
2005320,99,62,-4,79
2005830,19,65,-4,83
2006340,83,27,10,73
2006850,3,68,-10,83
2007360,67,30,4,79
2007870,8,94,0,79
2008380,72,56,-4,83
2008890,94,18,4,79
2009400,17,59,0,79
2009910,81,21,3,76
2010420,88,62,4,72
2010930,8,65,-14,86
2011440,72,27,10,76
2011950,94,68,-3,79
2012460,14,30,0,79
2012970,78,94,3,76
2013480,26,56,-8,84
2013990,76,18,6,78
2014500,83,16,4,74
2015010,90,48,-2,76
2015520,10,51,-4,80
2016030,74,13,6,74
2016540,6,9,-6,80
2017050,70,73,2,78
2017560,18,35,-1,79
2018070,82,99,7,72
2018580,30,61,-8,80
2019090,80,23,1,79
2019600,0,19,-3,82
2020110,64,83,4,78
2020620,12,45,0,78
2021130,76,7,3,75
2021640,8,37,-11,86
2022150,72,101,9,77
2022660,20,63,-1,78
2023170,84,25,-4,82
2023680,4,66,-2,84
2024190,68,28,6,78
2024700,9,92,-1,79
2025210,73,54,-4,83
2025720,96,16,14,69
2026230,19,46,-12,81
2026740,83,8,6,75
2027250,15,38,-8,83
2027760,79,0,8,75
2028270,11,30,-4,79
2028780,75,94,1,78
2029290,23,56,-6,84
2029800,87,18,13,71
2030310,94,14,-6,77
2030820,75,44,-1,78
2031330,97,63,3,75
2031840,17,66,-3,78
2032350,81,28,4,74
2032860,1,69,-7,81
2033370,65,31,-2,83
2033880,6,95,1,82
2034390,70,57,-7,89
2034900,18,19,8,81
2035410,13,83,2,79
2035920,77,45,2,77
2036430,99,48,-2,79
2036940,19,51,-3,82
2037450,83,13,3,79
2037960,15,45,-3,82
2038470,79,7,1,81
2038980,11,37,5,76
2039490,75,101,2,74
2040000,23,63,-4,78
2040510,87,25,2,76
2041020,7,66,-2,78
2041530,71,28,4,74
2042040,93,30,1,73
2042550,13,71,-4,77
2043060,77,33,0,77
2043570,99,35,1,76
2044080,19,76,-8,84
2044590,83,12,10,74
2045100,15,42,-4,78
2045610,79,4,5,73
2046120,11,34,-9,82
2046630,75,98,6,76
2047140,23,60,-2,78
2047650,87,22,3,75
2048160,7,24,-4,79
2048670,71,88,8,71
2049180,19,50,-7,78
2049690,83,12,1,77
2050200,15,42,-3,80
2050710,79,4,2,78
2051220,11,34,1,77
2051730,75,98,-2,79
2052240,23,60,-3,82
2052750,87,22,12,70
2053260,7,63,-3,73
2053770,71,25,-4,77
2054280,78,27,6,71
2054790,100,29,-5,76
2055300,20,70,-4,80
2055810,84,32,2,78
2056320,4,34,2,76
2056830,68,98,1,75
2057340,16,60,-5,80
2057850,80,22,0,80
2058360,87,24,6,74
2058870,94,26,1,73
2059380,14,28,-6,79
2059890,78,92,7,72
2060400,101,54,-7,79
2060910,21,57,-2,81
2061420,85,19,3,78
2061930,92,51,-1,79
2062440,12,54,-1,80
2062950,76,16,4,76
2063460,83,48,-5,81
2063970,3,51,2,79
2064480,67,13,2,77
2064990,74,45,-7,84
2065500,96,48,8,76
2066010,16,51,0,76
2066520,80,13,2,74
2067030,12,45,2,72
2067540,76,7,2,70
2068050,8,37,-3,73
2068560,72,101,-7,80
2069070,20,63,1,79
2069580,84,25,5,74
2070090,91,27,-1,75
2070600,11,29,-11,86
2071110,75,93,10,76
2071620,23,55,-1,77
2072130,87,17,7,70
2072640,10,49,-9,79
2073150,74,11,6,73
2073660,6,43,-4,77
2074170,70,5,3,74
2074680,2,35,-5,79
2075190,66,99,5,74
2075700,14,61,-6,80
2076210,78,23,9,71
2076720,85,25,-7,78
2077230,92,27,2,76
2077740,12,29,-3,79
2078250,76,93,8,71
2078760,99,55,-7,78
2079270,19,58,-1,79
2079780,83,20,2,77
2080290,90,52,2,75
2080800,10,55,-10,85
2081310,74,17,6,79
2081820,81,49,4,75
2082330,1,52,-4,79
2082840,65,14,-1,80
2083350,72,46,-6,86
2083860,13,8,0,86
2084370,8,72,4,82
2084880,72,34,5,77
2085390,94,36,1,76
2085900,14,39,0,76
2086410,78,1,0,76
2086920,10,31,-1,77
2087430,74,95,0,77
2087940,22,57,-1,78
2088450,86,19,8,70
2088960,93,51,-8,78
2089470,13,54,0,78
2089980,77,16,5,73
2090490,84,48,-3,76
2091000,4,51,-6,82
2091510,68,13,6,76
2092020,75,45,0,76
2092530,97,48,2,74
2093040,17,51,-6,80
2093550,81,13,9,71
2094060,13,45,-4,75
2094570,77,7,-2,77
2095080,9,37,-1,78
2095590,73,101,6,72
2096100,96,96,-4,76
2096610,17,58,-3,79
2097120,81,20,5,74
2097630,88,52,-3,77
2098140,8,55,0,77
2098650,72,17,-4,81
2099160,79,49,-2,83
2099670,101,52,2,81
2100180,21,55,3,78
2100690,85,17,2,76
2101200,92,49,0,76
2101710,12,52,-5,81
2102220,76,14,7,74
2102730,83,46,-3,77
2103240,3,49,-4,81
2103750,67,11,3,78
2104260,101,43,5,73
2104770,21,46,-10,83
2105280,85,8,4,79
2105790,17,38,1,78
2106300,81,0,6,72
2106810,13,30,-8,80
2107320,77,94,6,74
2107830,100,30,-10,84
2108340,20,32,2,82
2108850,15,96,4,78
2109360,79,58,-7,85
2109870,94,20,6,79
2110380,75,22,-2,81
2110890,82,54,-4,85
2111400,2,57,2,83
2111910,66,19,5,78
2112420,73,51,-2,80
2112930,88,54,1,79
2113440,8,57,0,79
2113950,72,19,-4,83
2114460,79,51,-2,85
2114970,101,54,12,73
2115480,21,57,-7,80
2115990,85,19,7,73
2116500,9,51,-11,84
2117010,73,13,6,78
2117520,5,45,-7,85
2118030,69,7,10,75
2118540,1,37,-1,76
2119050,65,101,1,75
2119560,13,63,-9,84
2120070,77,25,8,76
2120580,84,27,7,69
2121090,4,29,-9,78
2121600,89,93,-1,79
2122110,71,94,3,76
2122620,19,56,-7,83
2123130,83,18,10,73
2123640,7,50,-8,81
2124150,71,12,3,78
2124660,78,44,-3,81
2125170,100,6,4,77
2125680,82,36,1,76
2126190,2,38,-1,77
2126700,66,38,-11,88
2127210,7,41,14,74
2127720,71,3,0,74
2128230,3,33,-1,75
2128740,67,97,0,75
2129250,15,59,-7,82
2129760,79,21,0,82
2130270,86,53,1,81
2130780,6,56,1,80
2131290,70,18,2,78
2131800,77,50,-7,85
2132310,99,12,4,81
2132820,80,42,1,80
2133330,0,45,3,77
2133840,64,7,-1,78
2134350,98,39,-4,82
2134860,18,41,2,80
2135370,82,3,6,74
2135880,64,33,-10,84
2136390,86,97,9,75
2136900,68,59,-9,84
2137410,16,21,6,78
2137920,11,85,-2,80
2138430,75,47,-1,81
2138940,97,9,2,79
2139450,79,39,2,77
2139960,101,41,1,76
2140470,21,44,-3,79
2140980,85,6,4,75
2141490,67,36,-1,76
2142000,89,38,5,71
2142510,9,41,-5,76
2143020,73,3,-2,78
2143530,55,33,-11,89
2144040,3,97,9,80
2144550,67,59,-4,84
2145060,15,21,0,84
2145570,10,85,5,79
2146080,16,47,-1,80
2146590,80,9,9,71
2147100,61,39,-17,88
2147610,2,1,9,79
2148120,99,50,2,77
2148630,19,53,1,76
2149140,83,15,5,71
2149650,7,47,-13,84
2150160,71,9,4,80
2150670,3,41,-2,82
2151180,67,3,8,74
2151690,49,33,-13,87
2152200,99,97,8,79
2152710,81,62,-3,82
2153220,96,63,2,80
2153730,16,66,-1,81
2154240,80,28,4,77
2154750,55,30,0,77
2155260,98,32,7,70
2155770,18,34,-9,79
2156280,82,98,7,72
2156790,64,87,-4,76
2157300,12,76,-1,77
2157810,76,38,4,73
2158320,98,41,1,72
2158830,18,44,-3,75
2159340,82,6,1,74
2159850,64,36,-7,81
2160360,5,100,1,80
2160870,69,62,2,78
2161380,17,63,-3,81
2161890,81,25,4,77
2162400,88,27,4,73
2162910,8,29,-10,83
2163420,72,93,7,76
2163930,20,82,-8,84
2164440,84,44,3,81
2164950,4,47,3,78
2165460,68,9,0,78
2165970,85,41,6,72
2166480,5,43,-8,80
2166990,69,5,6,74
2167500,51,35,-8,82
2168010,101,99,4,78
2168520,83,100,4,74
2169030,15,89,-8,82
2169540,79,51,6,76
2170050,101,13,-4,80
2170560,83,25,8,72
2171070,3,27,-6,78
2171580,67,91,-3,81
2172090,15,86,-4,85
2172600,79,48,2,83
2173110,101,51,-2,85
2173620,21,54,6,79
2174130,85,16,3,76
2174640,66,5,3,73
2175150,48,35,-5,78
2175660,51,99,7,71
2176170,13,61,-10,81
2176680,77,23,5,76
2177190,99,55,-6,82
2177700,19,58,2,80
2178210,83,20,2,78
2178720,7,52,-2,80
2179230,71,14,-1,81
2179740,52,46,-3,84
2180250,0,8,5,79
2180760,64,72,-1,80
2181270,12,34,-5,85
2181780,76,98,12,73
2182290,58,43,-13,86
2182800,6,5,0,86
2183310,1,69,2,84
2183820,65,31,0,84
2184330,6,95,13,71
2184840,70,57,-10,81
2185350,52,19,-2,83
2185860,53,83,6,77
2186370,1,45,4,73
2186880,65,7,-6,79
2187390,0,37,0,79
2187900,64,101,4,75
2188410,12,63,-11,86
2188920,76,25,6,80
2189430,98,57,-4,84
2189940,18,60,1,83
2190450,82,22,10,73
2190960,89,54,-6,79
2191470,9,57,3,76
2191980,73,19,-1,77
2192490,99,51,0,77
2193000,19,54,-8,85
2193510,83,16,8,77
2194020,7,6,1,76
2194530,90,70,1,75
2195040,99,76,-1,76
2195550,40,82,-5,81
2196060,2,44,2,79
2196570,66,6,4,75
2197080,83,36,4,71
2197590,3,39,-8,79
2198100,67,1,9,70
2198610,49,31,-14,84
2199120,50,95,7,77
2199630,100,57,-6,83
2200140,20,60,4,79
2200650,84,22,5,74
2201160,5,54,-6,80
2201670,69,16,4,76
2202180,50,48,-13,89
2202690,100,10,5,84
2203200,82,22,11,73
2203710,63,54,-7,80
2204220,86,16,8,72
2204730,67,48,-11,83
2205240,15,10,6,77
2205750,98,74,-5,82
2206260,80,36,2,80
2206770,0,39,6,74
2207280,64,1,-2,76
2207790,46,31,-8,84
2208300,47,95,8,76
2208810,9,57,-3,79
2209320,73,19,2,77
2209830,80,51,2,75
2210340,0,13,-1,76
2210850,64,77,1,75
2211360,87,39,1,74
2211870,7,42,-6,80
2212380,71,4,9,71
2212890,53,34,-13,84
2213400,54,98,0,84
2213910,2,60,4,80
2214420,66,22,1,79
2214930,73,54,-5,84
2215440,96,60,6,78
2215950,16,63,-2,80
2216460,80,25,6,74
2216970,1,57,1,73
2217480,65,19,-6,79
2217990,72,51,-6,85
2218500,95,13,10,75
2219010,77,25,-3,78
2219520,99,57,-5,83
2220030,19,60,4,79
2220540,83,22,8,71
2221050,4,54,-11,82
2221560,68,16,8,74
2222070,75,48,-6,80
2222580,98,10,7,73
2223090,80,22,-2,75
2223600,87,24,-2,77
2224110,68,56,-5,82
2224620,91,18,8,74
2225130,72,50,-9,83
2225640,95,12,8,75
2226150,77,24,0,75
2226660,100,56,-4,79
2227170,20,59,-5,84
2227680,84,21,10,74
2228190,65,53,-10,84
2228700,6,15,3,81
2229210,70,79,-4,85
2229720,93,41,12,73
2230230,13,44,-6,79
2230740,93,6,1,78
2231250,75,36,-6,84
2231760,97,38,12,72
2232270,17,41,-6,78
2232780,81,97,2,76
2233290,63,42,-7,83
2233800,4,4,7,76
2234310,101,68,-5,81
2234820,21,74,0,81
2235330,85,36,4,77
2235840,5,39,-5,82
2236350,69,1,10,72
2236860,51,31,-7,79
2237370,94,95,6,73
2237880,76,60,-7,80
2238390,58,22,0,80
2238900,101,54,0,80
2239410,21,57,-4,84
2239920,85,19,13,71
2240430,66,51,-8,79
2240940,7,13,3,76
2241450,2,77,-2,78
2241960,66,39,-12,90
2242470,7,1,13,77
2242980,0,50,2,75
2243490,64,12,-3,78
2244000,50,44,-6,84
2244510,93,6,3,81
2245020,75,18,6,75
2245530,56,50,-15,90
2246040,99,12,17,73
2246550,81,24,-8,81
2247060,11,19,7,74
2247570,6,83,-2,76
2248080,70,45,-7,83
2248590,11,7,6,77
2249100,6,71,-1,78
2249610,70,33,-5,83
2250120,92,13,12,71
2250630,74,25,-7,78
2251140,81,57,-6,84
2251650,1,52,6,78
2252160,65,14,6,72
2252670,72,46,-11,83
2253180,13,48,3,80
2253690,77,10,-1,81
2254200,94,22,9,72
2254710,75,17,-7,79
2255220,56,49,-8,87
2255730,99,11,4,83
2256240,81,23,9,74
2256750,11,18,-3,77
2257260,6,82,0,77
2257770,70,44,-4,81
2258280,11,46,-4,85
2258790,75,8,11,74
2259300,57,20,-7,81
2259810,100,52,-3,84
2260320,20,55,3,81
2260830,84,17,4,77
2261340,65,49,-9,86
2261850,6,31,9,77
2262360,70,95,0,77
2262870,93,66,3,74
2263380,93,72,1,73
2263890,75,67,-7,80
2264400,98,29,4,76
2264910,28,24,-3,79
2265420,10,88,1,78
2265930,74,50,-5,83
2266440,15,45,1,82
2266950,79,7,5,77
2267460,61,19,3,74
2267970,2,14,-6,80
2268480,66,78,3,77
2268990,89,49,1,76
2269500,9,52,-3,79
2270010,73,14,3,76
2270520,96,46,2,74
2271030,16,49,-1,75
2271540,80,11,0,75
2272050,61,23,-4,79
2272560,2,18,-4,83
2273070,66,82,9,74
2273580,89,53,-10,84
2274090,9,56,4,80
2274600,73,18,6,74
2275110,96,50,-2,76
2275620,16,53,-3,79
2276130,80,15,6,73
2276640,97,47,-6,79
2277150,17,50,3,76
2277660,81,12,2,74
2278170,98,24,1,73
2278680,79,19,0,73
2279190,33,51,-7,80
2279700,26,13,-1,81
2280210,21,77,-2,83
2280720,85,39,3,80
2281230,5,42,1,79
2281740,69,4,8,71
2282250,86,16,-3,74
2282760,67,5,-1,75
2283270,84,17,-3,78
2283780,65,49,-12,90
2284290,6,44,9,81
2284800,70,6,5,76
2285310,87,18,1,75
2285820,68,13,-2,77
2286330,91,45,6,71
2286840,11,48,-7,78
2287350,75,10,4,74
2287860,92,22,-1,75
2288370,73,17,-3,78
2288880,3,49,0,78
2289390,67,11,8,70
2289900,84,43,-6,76
2290410,4,46,-3,79
2290920,68,8,1,78
2291430,85,20,7,71
2291940,66,15,-9,80
2292450,7,47,7,73
2292960,71,9,-9,82
2293470,88,21,7,75
2293980,69,16,-5,80
2294490,10,48,4,76
2295000,74,10,1,75
2295510,91,22,1,74
2296020,21,17,0,74
2296530,16,81,-3,77
2297040,80,43,-7,84
2297550,15,46,2,82
2298060,79,8,4,78
2298570,96,20,4,74
2299080,77,15,0,74
2299590,94,47,0,74
2300100,14,50,-2,76
2300610,78,12,-1,77
2301120,95,44,-1,78
2301630,15,12,-4,82
2302140,10,76,0,82
2302650,74,38,0,82
2303160,96,41,2,80
2303670,16,36,1,79
2304180,12,100,6,73
2304690,20,62,-7,80
2305200,84,24,8,72
2305710,14,19,-9,81
2306220,9,83,1,80
2306730,73,45,-1,81
2307240,14,48,-1,82
2307750,78,10,11,71
2308260,95,22,0,71
2308770,76,17,-5,76
2309280,4,49,-4,80
2309790,68,11,3,77
2310300,85,43,1,76
2310810,5,46,1,75
2311320,69,8,-3,78
2311830,86,40,1,77
2312340,6,35,-4,81
2312850,70,99,8,73
2313360,93,23,5,68
2313870,23,18,-9,77
2314380,18,82,-4,81
2314890,82,44,5,76
2315400,2,47,-6,82
2315910,66,9,3,79
2316420,83,41,3,76
2316930,3,44,3,73
2317440,67,6,0,73
2317950,84,18,2,71
2318460,12,13,-12,83
2318970,7,77,-3,86
2319480,71,39,4,82
2319990,93,19,10,72
2320500,75,14,-2,74
2321010,92,46,-6,80
2321520,12,49,-1,81
2322030,76,11,4,77
2322540,93,23,7,70
2323050,23,18,-9,79
2323560,18,82,-11,90
2324070,82,44,14,76
2324580,2,47,-4,80
2325090,66,9,3,77
2325600,83,91,-7,84
2326110,65,71,8,76
2326620,88,36,0,76
2327130,8,31,0,76
2327640,72,95,-1,77
2328150,95,75,1,76
2328660,77,55,1,75
2329170,18,50,-3,78
2329680,82,12,6,72
2330190,99,24,-9,81
2330700,29,19,1,80
2331210,24,83,-1,81
2331720,88,45,-1,82
2332230,8,48,4,78
2332740,72,10,1,77
2333250,89,22,5,72
2333760,17,17,-3,75
2334270,12,92,-2,77
2334780,20,54,-2,79
2335290,84,16,11,68
2335800,66,48,-19,87
2336310,7,43,7,80
2336820,71,5,6,74
2337330,53,17,-7,81
2337840,96,99,0,81
2338350,78,79,2,79
2338860,101,44,2,77
2339370,21,39,0,77
2339880,2,1,6,71
2340390,99,50,-10,81
2340900,19,53,5,76
2341410,83,15,3,73
2341920,65,27,-7,80
2342430,6,22,-2,82
2342940,70,86,6,76
2343450,52,23,-10,86
2343960,95,3,6,80
2344470,77,15,7,73
2344980,5,10,0,73
2345490,0,74,-10,83
2346000,64,38,2,81
2346510,5,18,2,79
2347020,69,82,4,75
2347530,51,71,-3,78
2348040,74,66,-5,83
2348550,15,46,6,77
2349060,79,8,-1,78
2349570,61,20,1,77
2350080,2,0,1,76
2350590,99,49,-6,82
2351100,19,52,8,74
2351610,83,14,-6,80
2352120,11,26,-1,81
2352630,6,90,1,80
2353140,70,52,-4,84
2353650,11,47,1,83
2354160,75,9,11,72
2354670,57,21,-15,87
2355180,100,1,7,80
2355690,82,13,-2,82
2356200,10,25,-1,83
2356710,5,89,10,73
2357220,69,51,-7,80
2357730,10,46,1,79
2358240,74,8,3,76
2358750,91,20,-1,77
2359260,19,15,0,77
2359770,14,79,-1,78
2360280,78,41,-2,80
2360790,100,21,2,78
2361300,82,16,4,74
2361810,39,11,-11,85
2362320,40,93,3,82
2362830,41,55,3,79
2363340,91,44,0,79
2363850,11,39,-5,84
2364360,75,1,6,78
2364870,57,13,-9,87
2365380,58,45,5,82
2365890,101,40,6,76
2366400,30,35,-7,83
2366910,25,99,2,81
2367420,89,61,-3,84
2367930,19,56,1,83
2368440,83,18,9,74
2368950,11,13,5,69
2369460,76,77,-5,74
2369970,58,42,-17,91
2370480,97,4,19,72
2370990,79,16,-8,80
2371500,7,11,-1,81
2372010,2,75,0,81
2372520,66,37,2,79
2373030,7,17,0,79
2373540,2,81,1,78
2374050,66,43,0,78
2374560,7,38,-2,80
2375070,71,0,7,73
2375580,53,12,-3,76
2376090,96,44,-3,79
2376600,16,39,0,79
2377110,80,1,5,74
2377620,62,13,-3,77
2378130,87,45,-5,82
2378640,100,40,4,78
2379150,28,35,-2,80
2379660,23,99,-4,84
2380170,87,61,-2,86
2380680,17,56,4,82
2381190,81,18,5,77
2381700,9,13,-4,81
2382210,4,77,9,72
2382720,68,92,-4,76
2383230,91,81,-5,81
2383740,73,46,-1,82
2384250,14,41,4,78
2384760,78,3,8,70
2385270,60,15,-8,78
2385780,1,47,-2,80
2386290,65,9,1,79
2386800,90,21,8,71
2387310,18,16,-6,77
2387820,13,80,-7,84
2388330,77,42,4,80
2388840,99,22,5,75
2389350,27,17,-13,88
2389860,22,81,13,75
2390370,86,43,-7,82
2390880,6,38,6,76
2391390,70,0,2,74
2391900,52,12,-9,83
2392410,95,44,9,74
2392920,15,39,-9,83
2393430,79,1,12,71
2393940,61,13,-7,78
2394450,2,45,6,72
2394960,66,7,-5,77
2395470,96,19,-5,82
2395980,78,31,0,82
2396490,6,26,2,80
2397000,70,90,9,71
2397510,98,79,-11,82
2398020,80,58,-5,87
2398530,6,53,7,80
2399040,70,15,1,79
2399550,95,10,-4,83
2400060,77,22,7,76
2400570,5,17,-8,84
2401080,0,81,7,77
2401590,64,43,-16,93
2402100,5,5,20,73
2402610,0,54,-6,79
2403120,64,16,-3,82
2403630,5,11,1,81
2404140,25,75,2,79
2404650,24,37,-4,83
2405160,19,101,-1,84
2405670,83,63,3,81
2406180,24,58,1,80
2406690,88,20,6,74
2407200,16,15,-2,76
2407710,11,79,-5,81
2408220,75,38,-1,82
2408730,3,41,1,81
2409240,67,3,5,76
2409750,97,15,-4,80
2410260,25,27,-6,86
2410770,20,91,5,81
2411280,84,53,-2,83
2411790,12,56,-1,84
2412300,76,18,7,77
2412810,4,13,-5,82
2413320,68,77,-3,85
2413830,96,56,-1,86
2414340,16,59,7,79
2414850,15,21,0,79
2415360,10,85,4,75
2415870,74,47,-8,83
2416380,15,49,2,81
2416890,79,11,7,74
2417400,7,23,-6,80
2417910,71,87,1,79
2418420,99,76,6,73
2418930,29,71,-7,80
2419440,28,33,2,78
2419950,23,97,-5,83
2420460,87,59,-5,88
2420970,28,54,3,85
2421480,9,16,6,79
2421990,4,80,5,74
2422500,68,42,-5,79
2423010,9,45,1,78
2423520,73,7,3,75
2424030,1,19,-2,77
2424540,65,83,-5,82
2425050,93,72,5,77
2425560,23,67,0,77
2426070,22,29,-4,81
2426580,17,93,1,80
2427090,81,55,-7,87
2427600,1,50,10,77
2428110,65,12,2,75
2428620,95,3,1,74
2429130,49,15,-9,83
2429640,92,47,13,70
2430150,12,50,-7,77
2430660,76,12,1,76
2431170,4,24,-4,80
2431680,68,88,2,78
2432190,96,77,-3,81
2432700,78,72,-2,83
2433210,4,37,-1,84
2433720,68,101,12,72
2434230,91,96,-10,82
2434740,73,85,3,79
2435250,101,74,3,76
2435760,8,69,-2,78
2436270,72,31,-1,79
2436780,13,26,-6,85
2437290,8,90,4,81
2437800,72,52,-5,86
2438310,100,47,4,82
2438820,20,50,10,72
2439330,19,12,-13,85
2439840,14,76,7,78
2440350,78,38,0,78
2440860,100,40,1,77
2441370,28,35,-3,80
2441880,23,99,-9,89
2442390,87,61,11,78
2442900,17,56,-3,81
2443410,16,18,1,80
2443920,11,82,-2,82
2444430,75,44,0,82
2444940,3,46,5,77
2445450,67,8,0,77
2445960,97,20,4,73
2446470,25,15,-3,76
2446980,20,79,-11,87
2447490,84,41,6,81
2448000,4,36,-2,83
2448510,68,100,10,73
2449020,96,89,-1,74
2449530,78,54,-10,84
2450040,4,49,0,84
2450550,68,11,4,80
2451060,98,23,9,71
2451570,26,18,-7,78
2452080,21,82,-9,87
2452590,85,44,9,78
2453100,5,46,-1,79
2453610,69,8,4,75
2454120,99,20,-3,78
2454630,27,32,0,78
2455140,22,21,-7,85
2455650,17,85,13,72
2456160,81,92,-7,79
2456670,63,81,3,76
2457180,91,70,-1,77
2457690,100,65,-1,78
2458200,20,60,-4,82
2458710,84,22,5,77
2459220,12,17,-2,79
2459730,7,81,-9,88
2460240,71,45,6,82
2460750,12,47,3,79
2461260,76,9,5,74
2461770,4,21,-9,83
2462280,68,85,6,77
2462790,96,13,-2,79
2463300,78,25,0,79
2463810,6,20,0,79
2464320,70,84,3,76
2464830,98,73,-7,83
2465340,28,68,4,79
2465850,27,30,0,79
2466360,22,94,-6,85
2466870,86,56,4,81
2467380,16,58,5,76
2467890,80,20,1,75
2468400,26,15,-8,83
2468910,21,79,-7,90
2469420,85,41,11,79
2469930,5,43,1,78
2470440,69,5,0,78
2470950,99,17,0,78
2471460,27,29,-3,81
2471970,31,93,-5,86
2472480,95,55,11,75
2472990,15,58,-3,78
2473500,79,20,4,74
2474010,7,15,-4,78
2474520,71,79,1,77
2475030,99,68,-5,82
2475540,6,36,4,78
2476050,70,100,2,76
2476560,93,89,4,72
2477070,75,78,-8,80
2477580,1,57,-6,86
2478090,65,19,11,75
2478600,95,14,0,75
2479110,23,26,-8,83
2479620,18,90,4,79
2480130,82,97,8,71
2480640,64,86,-6,77
2481150,92,75,-3,80
2481660,101,54,3,77
2482170,21,57,-4,81
2482680,85,19,10,71
2483190,13,8,-6,77
2483700,8,72,-1,78
2484210,72,82,-4,82
2484720,3,71,1,81
2485230,67,35,3,78
2485740,97,37,4,74
2486250,25,26,-6,80
2486760,29,90,-2,82
2487270,28,52,-6,88
2487780,9,14,13,75
2488290,4,78,-3,78
2488800,68,42,-3,81
2489310,9,44,2,79
2489820,73,6,1,78
2490330,1,18,-3,81
2490840,65,82,4,77
2491350,13,71,1,76
2491860,77,35,-5,81
2492370,5,37,2,79
2492880,69,101,7,72
2493390,92,90,-9,81
2493900,74,79,5,76
2494410,0,68,0,76
2494920,64,32,-9,85
2495430,94,34,4,81
2495940,12,23,0,81
2496450,7,87,3,78
2496960,71,1,5,73
2497470,101,13,-3,76
2497980,29,25,-5,81
2498490,33,89,2,79
2499000,17,51,-8,87
2499510,81,23,6,81
2500020,9,25,5,76
2500530,73,89,4,72
2501040,101,78,-9,81
2501550,8,57,2,79
2502060,72,19,1,78
2502570,0,8,3,75
2503080,64,72,-9,84
2503590,12,61,5,79
2504100,76,23,1,78
2504610,4,25,-3,81
2505120,68,89,3,78
2505630,96,78,-4,82
2506140,3,57,4,78
2506650,67,19,-4,82
2507160,97,8,3,79
2507670,79,20,5,74
2508180,7,9,-8,82
2508690,2,73,4,78
2509200,66,37,-1,79
2509710,96,39,-1,80
2510220,24,28,-2,82
2510730,19,38,0,82
2511240,83,0,10,72
2511750,65,12,-8,80
2512260,95,24,8,72
2512770,23,13,-1,73
2513280,18,77,-13,86
2513790,82,39,9,77
2514300,10,41,0,77
2514810,74,3,-3,80
2515320,2,15,-4,84
2515830,63,79,8,76
2516340,11,68,-8,84
2516850,75,30,8,76
2517360,3,32,-2,78
2517870,67,96,5,73
2518380,95,85,1,72
2518890,16,74,-5,77
2519400,80,36,3,74
2519910,8,38,-4,78
2520420,72,0,4,74
2520930,0,12,-5,79
2521440,64,76,-6,85
2521950,12,65,8,77
2522460,76,27,-5,82
2522970,4,29,1,81
2523480,68,93,10,71
2523990,96,82,-12,83
2524500,22,47,10,73
2525010,3,9,-9,82
2525520,67,73,-2,84
2526030,95,44,3,81
2526540,23,33,0,81
2527050,18,97,-5,86
2527560,82,59,4,82
2528070,8,65,2,80
2528580,72,29,-7,87
2529090,0,31,8,79
2529600,64,95,4,75
2530110,92,84,-4,79
2530620,18,73,1,78
2531130,78,35,1,77
2531640,6,37,-3,80
2532150,70,101,3,77
2532660,98,90,2,75
2533170,24,79,-9,84
2533680,88,41,4,80
2534190,16,30,0,80
2534700,11,94,-1,81
2535210,75,58,0,81
2535720,1,23,0,81
2536230,65,87,6,75
2536740,93,76,5,70
2537250,0,82,-3,73
2537760,64,46,-8,81
2538270,92,52,3,78
2538780,12,58,-3,81
2539290,76,20,-2,83
2539800,4,51,2,81
2540310,68,13,8,73
2540820,98,2,-5,78
2541330,80,93,1,77
2541840,6,82,-10,87
2542350,70,44,6,81
2542860,11,46,-1,82
2543370,75,8,4,78
2543880,3,34,1,77
2544390,67,98,2,75
2544900,95,87,1,74
2545410,21,76,-8,82
2545920,85,38,6,76
2546430,13,27,3,73
2546940,77,91,-7,80
2547450,3,80,-1,81
2547960,67,44,0,81
2548470,8,46,-5,86
2548980,72,8,12,74
2549490,0,20,-3,77
2550000,64,84,-1,78
2550510,92,73,-3,81
2551020,11,79,0,81
2551530,75,41,0,81
2552040,3,43,-1,82
2552550,67,5,8,74
2553060,97,96,-3,77
2553570,79,85,-3,80
2554080,5,74,-2,82
2554590,14,38,-1,83
2555100,78,0,8,75
2555610,60,91,4,71
2556120,88,80,-5,76
2556630,14,69,-6,82
2557140,78,31,7,75
2557650,6,20,0,75
2558160,70,84,-2,77
2558670,98,73,-1,78
2559180,24,79,2,76
2559690,25,41,0,76
2560200,75,3,4,72
2560710,3,94,-4,76
2561220,67,56,-8,84
2561730,95,21,9,75
2562240,23,10,-7,82
2562750,18,74,-2,84
2563260,82,36,5,79
2563770,10,25,1,78
2564280,74,89,-5,83
2564790,0,83,6,77
2565300,64,47,-11,88
2565810,92,9,17,71
2566320,20,16,-11,82
2566830,15,80,3,79
2567340,79,42,4,75
2567850,7,31,-1,76
2568360,54,95,-2,78
2568870,2,29,-3,81
2569380,66,93,3,78
2569890,94,82,4,74
2570400,1,71,-4,78
2570910,65,78,0,78
2571420,93,67,-4,82
2571930,0,73,5,77
2572440,64,37,-3,80
2572950,5,43,-7,87
2573460,69,5,14,73
2573970,99,35,-6,79
2574480,27,24,-6,85
2574990,22,88,-3,88
2575500,86,27,13,75
2576010,14,16,-5,80
2576520,9,80,-1,81
2577030,73,42,-2,83
2577540,14,44,3,80
2578050,78,6,0,80
2578560,6,97,0,80
2579070,70,59,-6,86
2579580,98,24,14,72
2580090,26,13,-11,83
2580600,21,77,-3,86
2581110,85,39,8,78
2581620,13,41,0,78
2582130,77,3,2,76
2582640,5,94,-3,79
2583150,69,56,1,78
2583660,97,35,2,76
2584170,25,24,-8,84
2584680,20,88,4,80
2585190,84,50,-8,88
2585700,12,53,10,78
2586210,76,15,2,76
2586720,4,4,4,72
2587230,101,68,-10,82
2587740,8,74,-2,84
2588250,72,36,9,75
2588760,0,25,-2,77
2589270,64,89,4,73
2589780,92,78,-4,77
2590290,101,67,-1,78
2590800,8,73,-8,86
2591310,72,37,7,79
2591820,0,17,4,75
2592330,64,81,-5,80
2592840,12,70,-4,84
2593350,76,32,6,78
2593860,4,21,-4,82
2594370,68,85,8,74
2594880,96,74,-6,80
2595390,3,80,-3,83
2595900,67,99,7,76
2596410,95,88,1,75
2596920,77,77,-1,76
2597430,3,66,-4,80
2597940,67,28,4,76
2598450,97,8,-4,80
2598960,39,99,-5,85
2599470,40,61,-4,89
2599980,90,23,15,74
2600490,18,12,-1,75
2601000,13,76,-11,86
2601510,77,38,9,77
2602020,5,27,1,76
2602530,69,91,3,73
2603040,97,80,-6,79
2603550,4,92,-2,81
2604060,68,54,3,78
2604570,9,60,-2,80
2605080,73,22,7,73
2605590,1,11,-6,79
2606100,65,75,1,78
2606610,93,64,4,74
2607120,0,70,-14,88
2607630,64,34,8,80
2608140,5,14,2,78
2608650,69,78,2,76
2609160,97,67,-2,78
2609670,4,73,-7,85
2610180,68,37,5,80
2610690,9,40,-4,84
2611200,73,2,15,69
2611710,28,93,-15,84
2612220,29,55,-1,85
2612730,79,17,14,71
2613240,7,6,-6,77
2613750,2,70,-3,80
2614260,66,32,3,77
2614770,7,12,-4,81
2615280,2,76,4,77
2615790,66,40,-2,79
2616300,7,43,-4,83
2616810,71,5,6,77
2617320,101,35,-2,79
2617830,29,24,-2,81
2618340,33,88,-1,82
2618850,34,50,-3,85
2619360,84,39,9,76
2619870,12,28,4,72
2620380,76,92,-7,79
2620890,58,81,0,79
2621400,6,70,-1,80
2621910,70,32,3,77
2622420,100,12,-4,81
2622930,82,1,2,79
2623440,64,92,4,75
2623950,87,81,0,75
2624460,69,52,-12,87
2624970,10,32,8,79
2625480,74,96,5,74
2625990,0,85,1,73
2626500,64,49,-14,87
2627010,5,11,10,77
2627520,69,75,-5,82
2628030,97,46,7,75
2628540,25,35,-7,82
2629050,20,99,2,80
2629560,84,61,1,79
2630070,93,67,-7,86
2630580,0,73,9,77
2631090,64,37,-3,80
2631600,5,17,-3,83
2632110,69,81,12,71
2632620,17,70,-9,80
2633130,81,32,4,76
2633640,9,21,-6,82
2634150,8,85,5,77
2634660,72,47,-1,78
2635170,13,53,1,77
2635680,77,15,5,72
2636190,5,4,-6,78
2636700,0,53,-2,80
2637210,64,17,1,79
2637720,5,99,-1,80
2638230,69,61,0,80
2638740,10,26,-2,82
2639250,74,90,6,76
2639760,0,79,-6,82
2640270,54,43,1,81
2640780,97,5,9,72
2641290,79,96,-1,73
2641800,0,85,2,71
2642310,64,49,-7,78
2642820,5,11,-2,80
2643330,69,75,2,78
2643840,10,46,-6,84
2644350,74,8,9,75
2644860,2,99,4,71
2645370,66,61,-11,82
2645880,7,50,1,81
2646390,71,12,1,80
2646900,101,1,5,75
2647410,83,92,2,73
2647920,65,81,-9,82
2648430,13,70,-7,89
2648940,77,32,9,80
2649450,5,21,0,80
2649960,69,85,6,74
2650470,97,74,1,73
2650980,4,80,-5,78
2651490,68,44,-10,88
2652000,9,6,11,77
2652510,4,70,-4,81
2653020,68,34,-1,82
2653530,9,14,5,77
2654040,4,78,4,73
2654550,68,40,-10,83
2655060,9,20,5,78
2655570,73,84,0,78
2656080,101,73,-8,86
2656590,8,38,9,77
2657100,72,0,5,72
2657610,27,30,-10,82
2658120,76,94,7,75
2658630,2,83,-5,80
2659140,66,47,-3,83
2659650,7,27,-5,88
2660160,71,91,14,74
2660670,99,80,-2,76
2661180,6,45,-1,77
2661690,70,7,-1,78
2662200,94,37,-1,79
2662710,22,26,4,75
2663220,4,90,4,71
2663730,68,52,-8,79
2664240,9,17,-7,86
2664750,73,81,11,75
2665260,101,70,-1,76
2665770,8,76,-7,83
2666280,72,40,3,80
2666790,13,20,-3,83
2667300,46,84,8,75
2667810,96,32,0,75
2668320,24,21,-8,83
2668830,19,85,-1,84
2669340,83,92,4,80
2669850,4,81,1,79
2670360,68,45,-4,83
2670870,9,7,4,79
2671380,4,71,1,78
2671890,68,35,-4,82
2672400,98,15,13,69
2672910,80,32,-8,77
2673420,36,35,-4,81
2673930,83,99,0,81
2674440,4,36,-1,82
2674950,68,100,15,67
2675460,91,71,-10,77
2675970,100,36,-1,78
2676480,28,25,-3,81
2676990,10,89,-2,83
2677500,74,51,5,78
2678010,15,16,-5,83
2678520,10,80,8,75
2679030,74,42,0,75
2679540,12,45,-3,78
2680050,76,7,-1,79
2680560,0,37,0,79
2681070,64,101,5,74
2681580,10,49,-3,77
2682090,74,11,0,77
2682600,2,28,3,74
2683110,66,92,0,74
2683620,89,63,-4,78
2684130,98,28,2,76
2684640,26,17,0,76
2685150,21,81,-8,84
2685660,85,43,8,76
2686170,5,46,-5,81
2686680,69,8,8,73
2687190,93,25,-2,75
2687700,21,14,-1,76
2688210,16,67,-1,77
2688720,56,29,-3,80
2689230,99,93,-5,85
2689740,20,58,9,76
2690250,84,20,2,74
2690760,12,87,-3,77
2691270,20,49,0,77
2691780,84,11,1,76
2692290,8,28,-7,83
2692800,72,92,2,81
2693310,100,63,2,79
2693820,7,66,-3,82
2694330,71,28,5,77
2694840,94,8,5,72
2695350,76,38,-5,77
2695860,4,41,-1,78
2696370,68,3,4,74
2696880,98,33,-1,75
2697390,26,22,-9,84
2697900,30,86,6,78
2698410,29,48,-3,81
2698920,79,10,7,74
2699430,7,27,-2,76
2699940,71,91,-3,79
2700450,94,62,2,77
2700960,1,27,-2,79
2701470,65,91,6,73
2701980,88,62,-3,76
2702490,14,27,-8,84
2703000,9,91,11,73
2703510,17,53,-5,78
2704020,81,15,5,73
2704530,9,32,-10,83
2705040,73,96,8,75
2705550,96,67,-6,81
2706060,3,32,4,77
2706570,67,96,4,73
2707080,90,67,-14,87
2707590,11,32,8,79
2708100,75,96,4,75
2708610,98,67,4,71
2709120,75,32,-10,81
2709630,3,12,-2,83
2710140,67,76,2,81
2710650,95,47,1,80
2711160,15,50,-1,81
2711670,79,12,8,73
2712180,7,79,-12,85
2712690,71,41,6,79
2713200,12,44,-6,85
2713710,76,6,8,77
2714220,4,36,2,75
2714730,68,100,1,74
2715240,91,48,-2,76
2715750,11,51,-1,77
2716260,75,13,1,76
2716770,3,80,-8,84
2717280,67,42,3,81
2717790,8,4,6,75
2718300,3,68,-5,80
2718810,67,30,-4,84
2719320,8,10,6,78
2719830,3,74,-4,82
2720340,67,36,-1,83
2720850,8,100,4,79
2721360,72,62,-4,83
2721870,100,24,5,78
2722380,28,32,-5,83
2722890,32,96,3,80
2723400,33,58,0,80
2723910,83,20,4,76
2724420,11,39,-7,83
2724930,75,1,2,81
2725440,30,93,-4,85
2725950,29,55,1,84
2726460,10,17,4,80
2726970,5,81,-3,83
2727480,69,43,2,81
2727990,10,5,6,75
2728500,5,69,-3,78
2729010,69,31,-3,81
2729520,10,95,2,79
2730030,74,57,-2,81
2730540,0,19,3,78
2731050,64,83,6,72
2731560,87,63,-6,78
2732070,8,25,0,78
2732580,72,89,0,78
2733090,95,69,5,73
2733600,2,34,-4,77
2734110,66,76,-4,81
2734620,89,12,8,73
2735130,17,42,-7,80
2735640,81,4,2,78
2736150,63,34,-3,81
2736660,4,98,4,77
2737170,12,60,-3,80
2737680,76,22,-5,85
2738190,17,2,5,80
2738700,12,51,-1,81
2739210,76,13,4,77
2739720,4,76,-7,84
2740230,68,38,3,81
2740740,9,0,5,76
2741250,4,49,-4,80
2741760,68,11,6,74
2742270,98,93,-3,77
2742780,19,58,-5,82
2743290,83,20,5,77
2743800,4,87,0,77
2744310,12,49,-3,80
2744820,76,11,8,72
2745330,4,41,-6,78
2745840,68,3,3,75
2746350,23,33,-4,79
2746860,4,97,-2,81
2747370,68,59,-3,84
2747880,91,21,15,69
2748390,12,16,-7,76
2748900,7,80,-6,82
2749410,71,42,3,79
2749920,94,4,5,74
2750430,76,34,1,73
2750940,99,14,3,70
2751450,81,44,-4,74
2751960,2,24,-3,77
2752470,66,88,3,74
2752980,89,68,-2,76
2753490,98,30,0,76
2754000,26,71,-4,80
2754510,90,33,3,77
2755020,18,74,-1,78
2755530,82,36,3,75
2756040,10,16,-1,76
2756550,50,80,0,76
2757060,73,60,-4,80
2757570,96,22,3,77
2758080,17,18,4,73
2758590,100,82,-8,81
2759100,7,44,2,79
2759610,71,6,6,73
2760120,97,36,0,73
2760630,25,77,-4,77
2761140,89,39,-2,79
2761650,17,19,6,73
2762160,79,83,-3,76
2762670,0,63,-6,82
2763180,64,25,7,75
2763690,5,5,-11,86
2764200,0,54,10,76
2764710,64,16,3,73
2765220,89,98,0,73
2765730,71,78,-6,79
2766240,94,58,1,78
2766750,1,38,0,78
2767260,65,0,1,77
2767770,20,30,-3,80
2768280,1,94,1,79
2768790,65,56,-8,87
2769300,93,18,13,74
2769810,21,85,-8,82
2770320,85,47,0,82
2770830,5,27,4,78
2771340,69,91,3,75
2771850,92,71,-3,78
2772360,101,33,-5,83
2772870,29,74,4,79
2773380,93,36,5,74
2773890,21,67,-5,79
2774400,85,29,2,77
2774910,13,25,-2,79
2775420,77,89,4,75
2775930,100,69,-8,83
2776440,7,31,2,81
2776950,71,95,5,76
2777460,94,75,-9,85
2777970,15,37,8,77
2778480,79,101,3,74
2778990,0,81,-5,79
2779500,64,43,-8,87
2780010,5,5,11,76
2780520,0,69,-4,80
2781030,64,31,4,76
2781540,5,95,-2,78
2782050,69,57,-5,83
2782560,92,19,13,70
2783070,73,82,-8,78
2783580,96,62,-3,81
2784090,3,42,5,76
2784600,67,4,6,70
2785110,93,34,-5,75
2785620,21,33,-1,76
2786130,2,97,-1,77
2786640,38,59,-4,81
2787150,88,21,5,76
2787660,9,40,-4,80
2788170,73,2,9,71
2788680,28,32,-10,81
2789190,10,96,3,78
2789700,74,58,-6,84
2790210,0,20,8,76
2790720,64,84,-3,79
2791230,87,64,0,79
2791740,96,26,5,74
2792250,17,45,1,73
2792760,81,7,1,72
2793270,63,37,-7,79
2793780,4,101,8,71
2794290,12,63,-9,80
2794800,76,25,5,75
2795310,101,5,-13,88
2795820,83,35,9,79
2796330,11,15,-1,80
2796840,6,79,-2,82
2797350,70,41,1,81
2797860,11,3,-2,83
2798370,6,52,3,80
2798880,70,14,3,77
2799390,95,96,0,77
2799900,77,76,-6,83
2800410,100,38,5,78
2800920,28,41,-3,81
2801430,10,3,1,80
2801940,5,52,-3,83
2802450,69,14,4,79
2802960,94,96,2,77
2803470,76,76,-2,79
2803980,99,56,-4,83
2804490,19,59,3,80
2805000,83,21,7,73
2805510,6,1,-6,79
2806020,1,50,5,74
2806530,65,12,-2,76
2807040,91,94,4,72
2807550,73,74,-5,77
2808060,55,54,-6,83
2808570,83,16,9,74
2809080,7,83,-7,81
2809590,15,45,3,78
2810100,79,7,9,69
2810610,3,37,-8,77
2811120,67,101,2,75
2811630,90,81,1,74
2812140,72,61,-4,78
2812650,27,41,-5,83
2813160,8,3,10,73
2813670,3,52,-8,81
2814180,67,14,7,74
2814690,92,96,4,70
2815200,74,76,-16,86
2815710,29,41,4,82
2816220,11,3,4,78
2816730,4,52,3,75
2817240,68,14,-7,82
2817750,9,96,4,78
2818260,17,58,1,77
2818770,81,20,0,77
2819280,2,0,2,75
2819790,13,49,-4,79
2820300,77,11,6,73
2820810,1,28,-2,75
2821320,65,92,-4,79
2821830,88,72,1,78
2822340,70,52,-3,81
2822850,25,14,-2,83
2823360,6,78,-2,85
2823870,70,40,5,80
2824380,11,43,-1,81
2824890,75,5,6,75
2825400,30,35,-9,84
2825910,12,74,4,80
2826420,76,36,4,76
2826930,98,16,4,72
2827440,22,33,-5,77
2827950,4,97,-1,78
2828460,12,59,3,75
2828970,76,21,1,74
2829480,101,1,-5,79
2829990,83,31,3,76
2830500,6,34,-4,80
2831010,70,98,10,70
2831520,52,78,-13,83
2832030,33,58,-2,85
2832540,14,77,4,81
2833050,78,84,1,80
2833560,60,49,0,80
2834070,1,29,0,80
2834580,65,93,2,78
2835090,46,73,2,76
2835600,96,21,3,73
2836110,20,29,-1,74
2836620,1,93,3,71
2837130,65,55,-10,81
2837640,20,35,3,78
2838150,1,99,3,75
2838660,65,61,-6,81
2839170,93,26,6,75
2839680,16,29,-5,80
2840190,11,93,5,75
2840700,75,55,-7,82
2841210,30,20,0,82
2841720,87,84,6,76
2842230,69,49,-8,84
2842740,97,29,11,73
2843250,20,32,-6,79
2843760,15,96,-1,80
2844270,23,58,4,76
2844780,87,20,0,76
2845290,10,87,-6,82
2845800,74,51,1,81
2846310,0,31,7,74
2846820,64,95,-8,82
2847330,45,75,3,79
2847840,95,23,2,77
2848350,18,90,-7,84
2848860,82,97,1,83
2849370,64,62,2,81
2849880,92,27,9,72
2850390,15,30,-8,80
2850900,10,94,8,72
2851410,18,56,-8,80
2851920,82,18,6,74
2852430,5,100,-5,79
2852940,69,62,-7,86
2853450,97,27,12,74
2853960,20,30,-9,83
2854470,15,94,8,75
2854980,23,56,-4,79
2855490,4,18,-2,81
2856000,68,82,0,81
2856510,96,62,2,79
2857020,3,65,0,79
2857530,67,29,-2,81
2858040,8,9,2,79
2858550,3,73,-2,81
2859060,33,37,-3,84
2859570,34,101,-2,86
2860080,35,63,10,76
2860590,16,25,0,76
2861100,11,89,-4,80
2861610,75,51,-4,84
2862120,1,31,4,80
2862630,65,95,2,78
2863140,93,75,3,75
2863650,0,55,-3,78
2864160,64,17,1,77
2864670,5,99,4,73
2865180,13,61,-5,78
2865690,77,23,2,76
2866200,0,3,2,74
2866710,97,52,-3,77
2867220,17,55,1,76
2867730,81,17,-1,77
2868240,4,99,1,76
2868750,12,61,-7,83
2869260,76,23,4,79
2869770,101,3,-5,84
2870280,83,33,11,73
2870790,6,36,-5,78
2871300,70,100,6,72
2871810,52,80,-8,80
2872320,0,60,-1,81
2872830,64,24,10,71
2873340,5,4,-2,73
2873850,0,53,-4,77
2874360,64,17,1,76
2874870,5,99,-6,82
2875380,69,17,2,80
2875890,10,99,-1,81
2876400,18,61,-2,83
2876910,82,23,9,74
2877420,5,3,-2,76
2877930,0,52,-6,82
2878440,64,16,3,79
2878950,5,98,1,78
2879460,13,16,0,78
2879970,8,80,-1,79
2880480,72,44,0,79
2880990,13,47,-3,82
2881500,77,45,0,82
2882010,27,7,2,80
2882520,22,89,-4,84
2883030,86,96,6,78
2883540,88,61,-4,82
2884050,1,26,11,71
2884560,65,90,-10,81
2885070,46,70,4,77
2885580,27,50,-3,80
2886090,8,12,-2,82
2886600,3,76,3,79
2887110,67,40,0,79
2887620,8,43,-1,80
2888130,72,5,1,79
2888640,98,35,2,77
2889150,21,38,-3,80
2889660,2,0,-1,81
2890170,99,49,4,77
2890680,19,52,-4,81
2891190,83,14,1,80
2891700,7,31,-2,82
2892210,71,95,7,75
2892720,53,75,-6,81
2893230,35,55,-7,88
2893740,17,17,8,80
2894250,12,81,-5,85
2894760,76,88,7,78
2895270,58,53,-7,85
2895780,86,18,6,79
2896290,10,85,2,77
2896800,18,49,0,77
2897310,82,11,-2,79
2897820,6,41,-2,81
2898330,70,3,6,75
2898840,96,33,-2,77
2899350,16,36,-3,80
2899860,80,100,13,67
2900370,62,65,-16,83
2900880,90,30,8,75
2901390,13,33,-4,79
2901900,77,97,4,75
2902410,59,62,-12,87
2902920,0,27,5,82
2903430,64,91,12,70
2903940,46,71,-16,86
2904450,96,51,9,77
2904960,16,54,0,77
2905470,80,16,2,75
2905980,4,83,-5,80
2906490,68,45,-3,83
2907000,9,48,0,83
2907510,73,10,10,73
2908020,99,40,0,73
2908530,19,43,-2,75
2909040,0,5,-1,76
2909550,11,6,-1,77
2910060,6,70,1,76
2910570,70,34,-8,84
2911080,11,14,7,77
2911590,6,78,-2,79
2912100,70,40,-1,80
2912610,11,12,-3,83
2913120,6,76,0,83
2913630,70,40,0,83
2914140,11,43,3,80
2914650,75,5,4,76
2915160,96,35,1,75
2915670,19,38,-4,79
2916180,0,0,4,75
2916690,11,49,-4,79
2917200,75,11,10,69
2917710,101,28,-11,80
2918220,25,31,5,75
2918730,7,95,-8,83
2919240,71,5,11,72
2919750,97,35,-9,81
2920260,22,38,1,80
2920770,3,0,3,77
2921280,100,49,-3,80
2921790,20,52,1,79
2922300,84,14,3,76
2922810,8,81,-1,77
2923320,72,43,-2,79
2923830,13,46,-2,81
2924340,77,8,12,69
2924850,1,38,-5,74
2925360,65,0,1,73
2925870,20,30,-1,74
2926380,2,94,-4,78
2926890,66,56,-10,88
2927400,7,21,7,81
2927910,71,85,4,77
2928420,53,21,-1,78
2928930,96,28,2,76
2929440,19,31,-4,80
2929950,14,95,-2,82
2930460,78,0,12,70
2930970,3,30,-4,74
2931480,67,94,1,73
2931990,49,59,-10,83
2932500,99,97,3,80
2933010,81,62,-2,82
2933520,96,27,6,76
2934030,20,30,2,74
2934540,31,94,-11,85
2935050,12,56,-3,88
2935560,76,18,17,71
2936070,0,21,-9,80
2936580,64,85,1,79
2937090,45,50,-5,84
2937600,95,15,9,75
2938110,19,23,-2,77
2938620,0,87,-1,78
2939130,64,49,-11,89
2939640,5,14,9,80
2940150,69,78,2,78
2940660,17,43,-5,83
2941170,81,5,10,73
2941680,6,35,-1,74
2942190,70,99,-3,77
2942700,51,64,-4,81
2943210,101,29,9,72
2943720,21,32,-7,79
2944230,3,96,2,77
2944740,67,60,-8,85
2945250,8,25,5,80
2945760,72,89,0,80
2946270,53,54,-2,82
2946780,1,19,-4,86
2947290,65,83,8,78
2947800,46,48,-1,79
2948310,96,13,0,79
2948820,20,30,2,77
2949330,2,94,-5,82
2949840,66,58,2,80
2950350,7,23,-1,81
2950860,71,87,1,80
2951370,53,52,0,80
2951880,68,17,0,80
2952390,9,16,6,74
2952900,4,80,-1,75
2953410,68,44,-11,86
2953920,9,47,11,75
2954430,73,9,-4,79
2954940,99,39,1,78
2955450,19,42,-2,80
2955960,0,4,-5,85
2956470,11,53,5,80
2956980,75,15,3,77
2957490,101,14,2,75
2958000,25,31,-11,86
2958510,7,95,8,78
2959020,15,57,-1,79
2959530,79,19,6,73
2960040,4,22,-4,77
2960550,68,86,-1,78
2961060,49,51,-2,80
2961570,99,16,6,74
2962080,24,33,-8,82
2962590,6,97,4,78
2963100,14,59,2,76
2963610,78,21,-3,79
2964120,3,24,-7,86
2964630,67,88,16,70
2965140,49,53,-14,84
2965650,99,18,7,77
2966160,24,26,-2,79
2966670,5,90,0,79
2967180,69,52,-6,85
2967690,10,17,4,81
2968200,5,81,-1,82
2968710,69,45,2,80
2969220,10,48,1,79
2969730,74,10,2,77
2970240,101,73,-7,84
2970750,8,38,2,82
2971260,72,0,11,71
2971770,99,30,-4,75
2972280,24,33,0,75
2972790,6,97,-2,77
2973300,70,59,-4,81
2973810,52,24,-8,89
2974320,95,31,16,73
2974830,20,34,-3,76
2975340,1,98,2,74
2975850,65,60,-7,81
2976360,6,25,0,81
2976870,70,89,5,76
2977380,52,54,-9,85
2977890,34,19,-5,90
2978400,15,83,6,84
2978910,79,45,2,82
2979420,101,48,6,76
2979930,21,51,-2,78
2980440,2,13,-4,82
2980950,66,77,0,82
2981460,14,42,-1,83
2981970,78,62,4,79
2982480,60,27,-1,80
2982990,1,30,0,80
2983500,65,94,4,76
2984010,47,89,-8,84
2984520,28,96,-2,86
2985030,92,58,-1,87
2985540,12,61,7,80
2986050,76,23,0,80
2986560,1,26,1,79
2987070,50,90,7,72
2987580,31,85,-11,83
2988090,12,47,9,74
2988600,76,9,-1,75
2989110,1,80,-5,80
2989620,65,44,-5,85
2990130,6,47,6,79
2990640,70,9,4,75
2991150,97,72,-8,83
2991660,79,67,7,76
2992170,61,32,-3,79
2992680,2,35,5,74
2993190,66,99,4,70
2993700,48,94,-5,75
2994210,29,101,-4,79
2994720,10,6,-4,83
2995230,5,70,-2,85
2995740,69,34,0,85
2996250,10,37,5,80
2996760,74,101,6,74
2997270,56,66,-10,84
2997780,38,31,2,82
2998290,20,98,3,79
2998800,28,60,-5,84
2999310,9,22,8,76
2999820,73,86,-6,82
3000330,55,51,-10,92
3000840,37,16,2,90
3001350,38,23,11,79
3001860,81,26,6,73
3002370,6,29,-7,80
3002880,70,93,6,74
3003390,52,58,-12,86
3003900,34,61,3,83
3004410,16,23,1,82
3004920,11,87,2,80
3005430,75,49,2,78
3005940,0,52,-5,83
3006450,64,16,8,75
3006960,5,19,-7,82
3007470,69,83,8,74
3007980,51,48,-7,81
3008490,33,55,-7,88
3009000,14,17,10,78
3009510,98,81,1,77
3010020,80,46,0,77
3010530,0,49,1,76
3011040,64,11,2,74
3011550,91,14,0,74
3012060,73,31,-7,81
3012570,100,34,1,80
3013080,25,37,-5,85
3013590,7,101,5,80
3014100,71,63,-3,83
3014610,53,28,-2,85
3015120,96,35,12,73
3015630,21,38,-8,81
3016140,3,0,7,74
3016650,14,49,-5,79
3017160,78,11,4,75
3017670,2,28,2,73
3018180,66,92,-1,74
3018690,48,95,-4,78
3019200,29,0,-10,88
3019710,86,23,13,75
3020220,11,26,-5,80
3020730,6,90,0,80
3021240,70,54,1,79
3021750,85,57,-4,83
3022260,67,60,3,80
3022770,49,25,-3,83
3023280,92,32,9,74
3023790,17,35,-7,81
3024300,100,99,9,72
3024810,82,64,-11,83
3025320,64,67,1,82
3025830,46,32,-1,83
3026340,28,35,0,83
3026850,10,99,6,77
3027360,74,63,-4,81
3027870,56,28,1,80
3028380,99,31,7,73
3028890,24,34,-4,77
3029400,6,98,-8,85
3029910,70,62,1,84
3030420,85,27,12,72
3030930,10,30,-9,81
3031440,74,94,3,78
3031950,56,97,2,76
3032460,37,100,-10,86
3032970,18,62,1,85
3033480,82,24,10,75
3033990,7,27,-5,80
3034500,71,91,5,75
3035010,53,94,0,75
3035520,34,101,-9,84
3036030,15,6,2,82
3036540,99,29,8,74
3037050,24,32,-8,82
3037560,6,96,-2,84
3038070,14,58,0,84
3038580,78,20,14,70
3039090,3,23,-5,75
3039600,67,87,-1,76
3040110,49,90,-10,86
3040620,30,97,0,86
3041130,11,2,1,85
3041640,4,51,2,83
3042150,68,13,4,79
3042660,95,32,3,76
3043170,20,35,1,75
3043680,2,99,-2,77
3044190,10,61,-7,84
3044700,74,68,2,82
3045210,56,75,4,78
3045720,38,78,-5,83
3046230,20,85,2,81
3046740,84,92,-1,82
3047250,66,57,-1,83
3047760,48,22,0,83
3048270,91,29,9,74
3048780,16,32,-6,80
3049290,100,96,7,73
3049800,82,61,-10,83
3050310,64,64,0,83
3050820,46,71,1,82
3051330,73,74,7,75
3051840,55,39,-4,79
3052350,98,42,-5,84
3052860,23,45,8,76
3053370,5,7,-3,79
3053880,0,71,4,75
3054390,64,35,-4,79
3054900,91,38,6,73
3055410,11,41,-7,80
3055920,16,3,-4,84
3056430,9,26,2,82
3056940,73,90,8,74
3057450,55,93,0,74
3057960,82,30,-4,78
3058470,7,33,6,72
3058980,75,97,3,69
3059490,57,100,-7,76
3060000,84,37,-6,82
3060510,4,40,0,82
3061020,68,2,9,73
3061530,50,29,-21,94
3062040,93,36,21,73
3062550,18,39,-8,81
3063060,101,1,9,72
3063570,83,28,-3,75
3064080,8,31,-8,83
3064590,72,95,4,79
3065100,54,98,2,77
3065610,35,101,-9,86
3066120,16,6,4,82
3066630,9,29,8,74
3067140,73,93,2,72
3067650,55,96,-1,73
3068160,82,33,-5,78
3068670,7,36,-5,83
3069180,71,100,8,75
3069690,53,1,-5,80
3070200,35,28,-6,86
3070710,17,31,3,83
3071220,12,95,5,78
3071730,20,57,-2,80
3072240,1,19,0,80
3072750,65,83,6,74
3073260,47,86,-4,78
3073770,74,23,4,74
3074280,101,26,-6,80
3074790,26,29,5,75
3075300,8,32,-5,80
3075810,72,96,9,71
3076320,54,99,-10,81
3076830,81,36,6,75
3077340,1,39,-3,78
3077850,65,1,5,73
3078360,47,31,-11,84
3078870,90,34,7,77
3079380,15,37,-7,84
3079890,79,101,17,67
3080400,61,2,-9,76
3080910,43,25,-11,87
3081420,25,32,6,81
3081930,7,96,5,76
3082440,71,1,4,72
3082950,53,28,-14,86
3083460,96,35,7,79
3083970,21,38,2,77
3084480,3,0,-1,78
3084990,100,49,0,78
3085500,20,52,3,75
3086010,1,14,-1,76
3086520,65,78,-3,79
3087030,47,81,1,78
3087540,74,18,3,75
3088050,97,21,0,75
3088560,79,24,4,71
3089070,4,27,-6,77
3089580,68,91,0,77
3090090,2,94,0,77
3090600,66,58,0,77
3091110,93,61,-6,83
3091620,18,64,4,79
3092130,82,26,4,75
3092640,7,29,-9,84
3093150,71,93,10,74
3093660,53,96,0,74
3094170,80,33,-4,78
3094680,5,36,-1,79
3095190,69,100,5,74
3095700,51,1,-1,75
3096210,33,45,-8,83
3096720,15,7,0,83
3097230,10,71,-1,84
3097740,74,78,3,81
3098250,101,43,6,75
3098760,21,46,-8,83
3099270,2,8,2,81
3099780,66,57,0,81
3100290,93,60,2,79
3100800,0,63,5,74
3101310,64,27,-5,79
3101820,5,30,2,77
3102330,69,94,5,72
3102840,96,97,0,72
3103350,78,62,-9,81
3103860,60,65,-3,84
3104370,87,68,6,78
3104880,69,71,-6,84
3105390,51,74,8,76
3105900,78,77,-4,80
3106410,60,80,6,74
3106920,87,83,2,72
3107430,69,48,-12,84
3107940,96,51,7,77
3108450,16,54,-2,79
3108960,80,16,7,72
3109470,5,35,-6,78
3109980,69,99,3,75
3110490,51,0,-5,80
3111000,33,44,-9,89
3111510,15,6,9,80
3112020,8,29,-7,87
3112530,72,93,13,74
3113040,54,96,-4,78
3113550,81,33,9,69
3114060,6,36,-8,77
3114570,70,100,7,70
3115080,101,92,-15,85
3115590,83,57,1,84
3116100,92,60,8,76
3116610,12,63,-4,80
3117120,76,25,4,76
3117630,1,28,-2,78
3118140,65,92,-1,79
3118650,92,95,4,75
3119160,74,60,-12,87
3119670,89,67,8,79
3120180,98,70,6,73
3120690,5,73,-10,83
3121200,69,37,2,81
3121710,96,40,5,76
3122220,21,43,-1,77
3122730,2,5,-1,78
3123240,99,54,-4,82
3123750,19,57,3,79
3124260,83,19,5,74
3124770,8,38,-8,82
3125280,72,0,5,77
3125790,54,44,-4,81
3126300,81,6,11,70
3126810,6,77,-11,81
3127320,70,41,3,78
3127830,97,44,-7,85
3128340,17,47,10,75
3128850,81,9,2,73
3129360,6,94,-6,79
3129870,70,56,-3,82
3130380,52,18,-5,87
3130890,95,25,8,79
3131400,20,28,-1,80
3131910,15,92,-4,84
3132420,79,99,8,76
3132930,61,0,3,73
3133440,95,44,-1,74
3133950,15,47,-5,79
3134460,79,9,7,72
3134970,4,80,-4,76
3135480,68,44,-8,84
3135990,95,47,5,79
3136500,15,50,2,77
3137010,79,12,2,75
3137520,4,31,0,75
3138030,68,95,-2,77
3138540,50,98,4,73
3139050,77,35,-5,78
3139560,99,38,2,76
3140070,24,41,-3,79
3140580,6,3,0,79
3141090,1,52,4,75
3141600,65,96,-4,79
3142110,81,33,4,75
3142620,6,36,-8,83
3143130,70,100,10,73
3143640,52,1,-9,82
3144150,86,45,2,80
3144660,6,48,-2,82
3145170,70,10,4,78
3145680,97,29,5,73
3146190,22,32,-4,77
3146700,4,96,1,76
3147210,68,58,-9,85
3147720,95,20,8,77
3148230,20,39,-2,79
3148740,84,75,0,79
3149250,66,82,-2,81
3149760,93,85,6,75
3150270,75,50,-4,79
3150780,0,53,-1,80
3151290,64,97,7,73
3151800,91,34,-1,74
3152310,16,37,-6,80
3152820,80,101,8,72
3153330,62,66,-8,80
3153840,89,31,5,75
3154350,14,34,-5,80
3154860,78,98,5,75
3155370,60,101,1,74
3155880,87,38,0,74
3156390,7,41,0,74
3156900,71,3,6,68
3157410,98,74,-9,77
3157920,5,77,0,77
3158430,69,19,2,75
3158940,10,38,-8,83
3159450,74,0,10,73
3159960,101,44,-5,78
3160470,15,47,-4,82
3160980,79,9,9,73
3161490,4,80,-4,77
3162000,68,44,-4,81
3162510,95,47,2,79
3163020,15,50,1,78
3163530,79,12,2,76
3164040,4,83,-1,77
3164550,68,47,-3,80
3165060,9,50,4,76
3165570,73,12,2,74
3166080,100,31,-6,80
3166590,25,34,2,78
3167100,7,98,-1,79
3167610,71,60,-2,81
3168120,99,39,8,73
3168630,19,42,-9,82
3169140,83,4,11,71
3169650,8,75,-3,74
3170160,72,17,-7,81
3170670,99,36,8,73
3171180,24,39,-9,82
3171690,6,1,3,79
3172200,101,50,3,76
3172710,21,53,-4,80
3173220,85,15,7,73
3173730,10,34,-7,80
3174240,74,98,-2,82
3174750,56,101,1,81
3175260,83,49,0,81
3175770,3,52,3,78
3176280,67,96,4,74
3176790,13,99,-7,81
3177300,77,61,-12,93
3177810,3,68,15,78
3178320,67,32,-1,79
3178830,8,35,3,76
3179340,72,99,1,75
3179850,18,0,-4,79
3180360,11,49,1,78
3180870,75,11,0,78
3181380,0,82,0,78
3181890,64,46,-8,86
3182400,5,49,4,82
3182910,69,11,8,74
3183420,96,30,-2,76
3183930,21,33,-1,77
3184440,3,97,-2,79
3184950,67,59,-2,81
3185460,95,21,11,70
3185970,20,40,-9,79
3186480,84,2,9,70
3186990,66,73,-8,78
3187500,14,52,0,78
3188010,78,14,-7,85
3188520,19,33,6,79
3189030,14,97,-4,83
3189540,78,59,-1,84
3190050,87,62,6,78
3190560,96,65,2,76
3191070,3,68,-4,80
3191580,67,10,2,78
3192090,101,29,1,77
3192600,31,70,-5,82
3193110,95,32,3,79
3193620,25,35,2,77
3194130,7,99,-3,80
3194640,71,61,-2,82
3195150,99,40,8,74
3195660,19,43,2,72
3196170,83,5,-8,80
3196680,8,76,3,77
3197190,72,38,-4,81
3197700,13,41,-2,83
3198210,77,3,12,71
3198720,2,74,-12,83
3199230,66,38,4,79
3199740,7,41,2,77
3200250,71,3,5,72
3200760,3,74,-10,82
3201270,67,16,8,74
3201780,92,35,1,73
3202290,12,38,-6,79
3202800,76,0,9,70
3203310,8,27,-8,78
3203820,72,91,2,76
3204330,100,94,-1,77
3204840,7,59,0,77
3205350,71,21,-8,85
3205860,12,40,7,78
3206370,76,57,-6,84
3206880,2,60,1,83
3207390,66,2,5,78
3207900,100,73,0,78
3208410,7,76,5,73
3208920,71,40,-9,82
3209430,12,43,0,82
3209940,76,5,6,76
3210450,1,84,-4,80
3210960,65,48,-8,88
3211470,6,10,10,78
3211980,1,74,0,78
3212490,65,38,0,78
3213000,6,41,-5,83
3213510,70,3,8,75
3214020,97,74,1,74
3214530,4,53,-6,80
3215040,68,15,-4,84
3215550,9,34,7,77
3216060,73,98,2,75
3216570,101,2,1,74
3217080,26,73,-9,83
3217590,90,35,4,79
3218100,18,38,-4,83
3218610,82,0,6,77
3219120,14,71,-8,85
3219630,78,33,9,76
3220140,24,36,-4,80
3220650,6,100,0,80
3221160,70,62,-2,82
3221670,98,41,8,74
3222180,18,44,-4,78
3222690,82,6,8,70
3223200,7,77,-14,84
3223710,71,39,0,84
3224220,12,46,4,80
3224730,76,8,5,75
3225240,1,79,-5,80
3225750,65,41,-2,82
3226260,6,44,1,81
3226770,70,6,5,76
3227280,2,22,-5,81
3227790,66,86,7,74
3228300,94,65,-1,75
3228810,1,30,-10,85
3229320,65,94,4,81
3229830,13,31,7,74
3230340,77,95,-2,76
3230850,3,60,-9,85
3231360,67,22,8,77
3231870,8,41,-3,80
3232380,72,3,12,68
3232890,99,74,-10,78
3233400,6,80,-2,80
3233910,70,42,-3,83
3234420,11,49,3,80
3234930,75,11,3,77
3235440,0,82,6,71
3235950,64,44,-10,81
3236460,5,6,7,74
3236970,0,70,-4,78
3237480,64,32,1,77
3237990,5,39,-3,80
3238500,69,1,6,74
3239010,1,47,-2,76
3239520,65,9,-3,79
3240030,6,80,0,79
3240540,70,42,-2,81
3241050,11,45,1,80
3241560,75,7,9,71
3242070,0,78,-9,80
3242580,64,40,0,80
3243090,5,2,-4,84
3243600,0,51,0,84
3244110,64,13,11,73
3244620,5,32,-7,80
3245130,69,96,2,78
3245640,97,50,-6,84
3246150,17,53,3,81
3246660,81,15,9,72
3247170,6,86,-4,76
3247680,70,48,-6,82
3248190,11,10,0,82
3248700,6,74,1,81
3249210,70,36,2,79
3249720,11,43,-3,82
3250230,75,5,7,75
3250740,0,76,0,75
3251250,64,38,-4,79
3251760,5,45,-7,86
3252270,69,61,4,82
3252780,97,26,10,72
3253290,27,45,-11,83
3253800,8,7,3,80
3254310,3,71,-3,83
3254820,67,33,0,83
3255330,8,40,1,82
3255840,72,2,7,75
3256350,4,73,-7,82
3256860,68,35,-3,85
3257370,9,38,7,78
3257880,73,0,3,75
3258390,100,27,-2,77
3258900,30,68,0,77
3259410,80,30,5,72
3259920,8,29,-11,83
3260430,72,40,0,83
3260940,13,43,4,79
3261450,77,5,8,71
3261960,2,76,-10,81
3262470,66,6,4,77
3262980,100,77,5,72
3263490,7,56,-9,81
3264000,71,18,-1,82
3264510,12,37,1,81
3265020,76,101,7,74
3265530,22,38,-2,76
3266040,3,0,-3,79
3266550,100,49,0,79
3267060,20,33,-1,80
3267570,84,97,6,74
3268080,30,62,-6,80
3268590,80,24,3,77
3269100,10,43,-4,81
3269610,74,5,4,77
3270120,101,76,-1,78
3270630,8,41,-5,83
3271140,72,3,6,77
3271650,4,74,-3,80
3272160,68,36,1,79
3272670,23,43,0,79
3273180,4,5,-1,80
3273690,101,44,4,76
3274200,21,47,-7,83
3274710,85,9,10,73
3275220,10,80,1,72
3275730,74,42,-10,82
3276240,20,49,-2,84
3276750,84,11,10,74
3277260,9,82,-4,78
3277770,73,44,0,78
3278280,14,51,-2,80
3278790,78,13,8,72
3279300,3,84,-10,82
3279810,67,48,-2,84
3280320,8,10,10,74
3280830,3,74,-6,80
3281340,67,36,-3,83
3281850,8,43,6,77
3282360,72,5,2,75
3282870,99,76,-3,78
3283380,6,41,-2,80
3283890,70,3,3,77
3284400,2,74,-3,80
3284910,66,36,4,76
3285420,7,39,3,73
3285930,71,1,-1,74
3286440,3,26,-4,78
3286950,67,90,2,76
3287460,15,55,-1,77
3287970,79,17,2,75
3288480,20,36,-10,85
3288990,84,100,11,74
3289500,66,65,-5,79
3290010,7,30,-1,80
3290520,71,39,-2,82
3291030,12,38,3,79
3291540,76,0,6,73
3292050,8,71,-11,84
3292560,72,33,3,81
3293070,18,32,7,74
3293580,13,96,-5,79
3294090,21,58,-2,81
3294600,85,20,4,77
3295110,8,39,-4,81
3295620,72,1,5,76
3296130,27,72,-8,84
3296640,91,34,3,81
3297150,19,33,3,78
3297660,14,97,2,76
3298170,22,59,-8,84
3298680,86,21,10,74
3299190,16,40,-6,80
3299700,80,2,7,73
3300210,5,73,-5,78
3300720,69,35,-11,89
3301230,10,34,15,74
3301740,74,98,-2,76
3302250,20,63,-6,82
3302760,84,25,9,73
3303270,14,44,-1,74
3303780,78,6,4,70
3304290,3,77,-16,86
3304800,67,41,9,77
3305310,8,44,-1,78
3305820,72,6,0,78
3306330,99,77,3,75
3306840,6,42,-4,79
3307350,70,4,8,71
3307860,97,75,-5,76
3308370,4,40,0,76
3308880,68,2,-3,79
3309390,9,73,-6,85
3309900,73,35,7,78
3310410,14,38,-1,79
3310920,78,0,5,74
3311430,3,27,-1,75
3311940,67,91,0,75
3312450,13,28,-1,76
3312960,77,92,5,71
3313470,23,57,-11,82
3313980,87,19,12,70
3314490,17,38,-12,82
3315000,81,0,8,74
3315510,13,27,-5,79
3316020,77,91,2,77
3316530,23,56,-2,79
3317040,73,18,0,79
3317550,14,37,-2,81
3318060,78,101,4,77
3318570,24,66,-1,78
3319080,88,28,4,74
3319590,18,47,-10,84
3320100,82,9,7,77
3320610,7,80,-1,78
3321120,71,42,-3,81
3321630,17,45,3,78
3322140,81,7,7,71
3322650,6,78,-10,81
3323160,70,40,2,79
3323670,11,43,2,77
3324180,75,5,3,74
3324690,0,76,-1,75
3325200,64,38,-4,79
3325710,5,41,-5,84
3326220,69,3,14,70
3326730,1,74,-9,79
3327240,65,36,-5,84
3327750,6,43,4,80
3328260,70,5,8,72
3328770,11,76,-8,80
3329280,75,38,-1,81
3329790,16,62,1,80
3330300,80,24,5,75
3330810,10,8,-4,79
3331320,5,72,1,78
3331830,69,34,-5,83
3332340,10,37,-2,85
3332850,74,101,7,78
3333360,20,66,-5,83
3333870,84,28,7,76
3334380,14,47,-2,78
3334890,78,9,3,75
3335400,3,80,-8,83
3335910,67,42,4,79
3336420,8,45,-3,82
3336930,72,7,6,76
3337440,13,78,-4,80
3337950,77,40,-1,81
3338460,23,43,0,81
3338970,87,5,1,80
3339480,42,76,-1,81
3339990,92,13,7,74
3340500,22,84,-6,80
3341010,86,46,0,80
3341520,6,49,0,80
3342030,70,11,4,76
3342540,11,82,-3,79
3343050,75,44,-3,82
3343560,16,47,5,77
3344070,80,9,6,71
3344580,97,80,-4,75
3345090,4,45,-6,81
3345600,68,7,1,80
3346110,9,78,2,78
3346620,73,40,0,78
3347130,19,43,0,78
3347640,83,5,5,73
3348150,65,76,-9,82
3348660,13,55,1,81
3349170,77,17,9,72
3349680,7,36,-9,81
3350190,71,100,7,74
3350700,17,79,-5,79
3351210,81,41,2,77
3351720,1,44,4,73
3352230,65,6,-2,75
3352740,6,77,-3,78
3353250,70,39,0,78
3353760,11,42,-3,81
3354270,75,4,7,74
3354780,0,75,-3,77
3355290,64,37,-10,87
3355800,5,101,9,78
3356310,13,63,-3,81
3356820,71,25,4,77
3357330,12,66,1,76
3357840,76,28,-7,83
3358350,22,69,1,82
3358860,86,31,5,77
3359370,32,72,-1,78
3359880,82,34,-3,81
3360390,28,75,-4,85
3360900,92,37,11,74
3361410,38,78,-9,83
3361920,88,40,10,73
3362430,8,81,-5,78
3362940,72,43,-7,85
3363450,13,46,11,74
3363960,77,8,-2,76
3364470,94,79,3,73
3364980,1,44,0,73
3365490,65,6,-5,78
3366000,6,77,1,77
3366510,70,39,-1,78
3367020,16,42,0,78
3367530,80,4,6,72
3368040,97,38,-3,75
3368550,25,79,-10,85
3369060,89,41,11,74
3369570,9,82,-10,84
3370080,73,44,2,82
3370590,82,47,6,76
3371100,91,50,-3,79
3371610,100,53,-3,82
3372120,20,56,1,81
3372630,84,18,6,75
3373140,14,37,-1,76
3373650,78,101,3,73
3374160,24,80,-9,82
3374670,88,42,1,81
3375180,8,45,-1,82
3375690,72,7,8,74
3376200,89,78,-2,76
3376710,98,43,2,74
3377220,18,84,-6,80
3377730,82,46,-1,81
3378240,91,49,2,79
3378750,100,52,-1,80
3379260,20,55,3,77
3379770,84,17,2,75
3380280,14,36,-8,83
3380790,101,100,2,81
3381300,8,65,3,78
3381810,72,27,1,77
3382320,18,68,-8,85
3382830,28,30,7,78
3383340,14,94,1,77
3383850,78,56,-5,82
3384360,87,21,10,72
3384870,17,62,-11,83
3385380,81,24,5,78
3385890,27,43,-4,82
3386400,77,5,6,76
3386910,9,30,3,73
3387420,73,94,-7,80
3387930,19,73,-4,84
3388440,83,35,7,77
3388950,3,76,2,75
3389460,67,38,-7,82
3389970,13,41,-2,84
3390480,77,3,8,76
3390990,9,28,1,75
3391500,73,92,1,74
3392010,19,71,-6,80
3392520,83,33,-3,83
3393030,29,74,2,81
3393540,93,36,6,75
3394050,39,77,-5,80
3394560,89,14,5,75
3395070,4,85,-1,76
3395580,68,47,-6,82
3396090,9,9,0,82
3396600,4,73,2,80
3397110,68,35,2,78
3397620,14,38,2,76
3398130,78,0,5,71
3398640,10,25,-13,84
3399150,74,89,5,79
3399660,20,68,1,78
3400170,84,30,-1,79
3400680,30,71,-2,81
3401190,94,33,5,76
3401700,40,74,-6,82
3402210,90,11,3,79
3402720,5,36,3,76
3403230,69,100,-1,77
3403740,15,79,-7,84
3404250,79,41,2,82
3404760,88,44,6,76
3405270,8,47,-3,79
3405780,72,9,1,78
3406290,4,34,0,78
3406800,68,98,1,77
3407310,14,2,0,77
3407820,7,27,0,77
3408330,71,91,-1,78
3408840,17,70,-8,86
3409350,81,32,3,83
3409860,59,73,0,83
3410370,7,52,1,82
3410880,71,14,4,78
3411390,12,33,1,77
3411900,76,97,4,73
3412410,85,76,-1,74
3412920,94,41,-2,76
3413430,14,44,1,75
3413940,78,6,0,75
3414450,10,31,-9,84
3414960,74,95,8,76
3415470,83,74,-2,78
3415980,92,39,2,76
3416490,12,80,-2,78
3417000,76,42,-1,79
3417510,85,45,3,76
3418020,5,48,3,73
3418530,69,10,-3,76
3419040,86,35,4,72
3419550,6,76,-4,76
3420060,70,38,-6,82
3420570,79,41,6,76
3421080,88,44,-4,80
3421590,8,47,-5,85
3422100,72,9,6,79
3422610,89,34,6,73
3423120,17,75,-9,82
3423630,81,37,2,80
3424140,1,40,3,77
3424650,65,2,3,74
3425160,99,27,-2,76
3425670,29,68,-1,77
3426180,93,30,4,73
3426690,23,71,-6,79
3427200,87,33,6,73
3427710,15,74,-7,80
3428220,79,36,4,76
3428730,25,39,-3,79
3429240,75,1,6,73
3429750,7,26,-8,81
3430260,71,90,3,78
3430770,80,69,-2,80
3431280,89,34,0,80
3431790,17,75,-1,81
3432300,81,37,1,80
3432810,27,40,-2,82
3433320,13,2,0,82
3433830,6,27,5,77
3434340,70,91,-2,79
3434850,18,70,2,77
3435360,82,32,6,71
3435870,10,73,-14,85
3436380,74,35,8,77
3436890,20,76,-7,84
3437400,84,38,8,76
3437910,4,79,-2,78
3438420,68,41,-2,80
3438930,77,44,-5,85
3439440,86,47,6,79
3439950,95,50,2,77
3440460,15,53,-1,78
3440970,79,15,3,75
3441480,2,56,-3,78
3441990,66,18,-2,80
3442500,7,59,-1,81
3443010,71,21,4,77
3443520,12,62,-1,78
3444030,76,24,2,76
3444540,6,65,1,75
3445050,70,27,-1,76
3445560,0,68,-2,78
3446070,64,30,3,75
3446580,5,71,-5,80
3447090,69,33,-1,81
3447600,15,74,-6,87
3448110,79,36,8,79
3448620,101,77,4,75
3449130,8,83,-10,85
3449640,72,45,4,81
3450150,81,51,2,79
3450660,90,57,-3,82
3451170,99,63,3,79
3451680,6,69,2,77
3452190,70,31,1,76
3452700,92,72,2,74
3453210,101,51,-7,81
3453720,21,92,-1,82
3454230,85,54,0,82
3454740,94,60,0,82
3455250,1,66,1,81
3455760,65,28,-8,89
3456270,6,69,11,78
3456780,70,31,-1,79
3457290,16,72,2,77
3457800,80,34,-2,79
3458310,0,75,0,79
3458820,64,37,-5,84
3459330,5,40,13,71
3459840,69,2,-2,73
3460350,86,27,-6,79
3460860,14,68,0,79
3461370,78,30,1,78
3461880,101,71,0,78
3462390,8,77,3,75
3462900,72,39,-9,84
3463410,81,42,4,80
3463920,90,83,3,77
3464430,99,48,0,77
3464940,19,89,0,77
3465450,83,51,-3,80
3465960,92,78,2,78
3466470,101,43,1,77
3466980,21,84,0,77
3467490,85,46,-2,79
3468000,5,49,-3,82
3468510,69,11,4,78
3469020,86,36,0,78
3469530,6,77,-3,81
3470040,70,39,1,80
3470550,11,42,1,79
3471060,75,4,9,70
3471570,92,29,-10,80
3472080,20,70,-1,81
3472590,84,32,8,73
3473100,12,73,-4,77
3473610,76,35,-4,81
3474120,85,76,2,79
3474630,94,41,2,77
3475140,14,82,-5,82
3475650,78,44,1,81
3476160,87,71,4,77
3476670,96,36,-2,79
3477180,24,77,4,75
3477690,88,39,-4,79
3478200,8,80,2,77
3478710,72,42,-5,82
3479220,81,83,6,76
3479730,90,48,-4,80
3480240,10,89,3,77
3480750,74,51,-2,79
3481260,83,57,-4,83
3481770,92,22,14,69
3482280,3,63,-14,83
3482790,67,25,9,74
3483300,8,66,-5,79
3483810,72,28,-1,80
3484320,0,69,9,71
3484830,64,31,-14,85
3485340,5,38,2,83
3485850,69,0,8,75
3486360,86,25,-2,77
3486870,14,66,-5,82
3487380,78,28,5,77
3487890,6,69,-6,83
3488400,70,31,4,79
3488910,92,72,-1,80
3489420,101,51,-1,81
3489930,21,92,5,76
3490440,85,54,-2,78
3490950,94,60,1,77
3491460,1,66,2,75
3491970,65,28,-6,81
3492480,6,69,-8,89
3492990,70,31,12,77
3493500,11,72,-7,84
3494010,75,34,8,76
3494520,97,75,1,75
3495030,4,54,-2,77
3495540,68,16,-3,80
3496050,9,57,-3,83
3496560,73,19,6,77
3497070,98,60,-5,82
3497580,5,21,0,82
3498090,69,85,6,76
3498600,97,64,-7,83
3499110,4,29,5,78
3499620,68,93,0,78
3500130,73,72,0,78
3500640,101,37,-3,81
3501150,29,78,1,80
3501660,93,40,3,77
3502170,13,81,-6,83
3502680,77,43,4,79
3503190,86,84,4,75
3503700,95,49,-1,76
3504210,15,90,1,75
3504720,79,52,-11,86
3505230,88,59,9,77
3505740,97,65,-2,79
3506250,4,71,1,78
3506760,68,33,-1,79
3507270,90,74,-2,81
3507780,99,53,3,78
3508290,19,94,2,76
3508800,83,56,-7,83
3509310,92,62,0,83
3509820,101,27,9,74
3510330,31,68,-11,85
3510840,95,30,10,75
3511350,23,71,-10,85
3511860,87,33,10,75
3512370,15,74,-3,78
3512880,79,36,3,75
3513390,101,78,-7,82
3513900,8,57,5,77
3514410,72,19,-2,79
3514920,98,60,6,73
3515430,5,66,-7,80
3515940,69,28,-2,82
3516450,10,69,3,79
3516960,74,31,-4,83
3517470,2,72,3,80
3517980,66,34,0,80
3518490,96,75,2,78
3519000,3,54,2,76
3519510,67,16,1,75
3520020,92,57,-2,77
3520530,101,98,0,77
3521040,8,63,-3,80
3521550,72,25,5,75
3522060,13,66,-5,80
3522570,77,28,-2,82
3523080,5,69,-2,84
3523590,69,31,0,84
3524100,10,72,5,79
3524610,74,34,1,78
3525120,96,75,0,78
3525630,3,54,-3,81
3526140,67,16,4,77
3526650,8,57,-1,78
3527160,72,19,0,78
3527670,13,60,-6,84
3528180,77,22,14,70
3528690,5,63,-8,78
3529200,69,25,-4,82
3529710,10,25,-2,84
3530220,74,89,1,83
3530730,56,19,2,81
3531240,99,60,3,78
3531750,6,101,-7,85
3532260,70,65,4,81
3532770,98,44,2,79
3533280,18,85,-2,81
3533790,82,47,1,80
3534300,2,88,5,75
3534810,66,50,-12,87
3535320,94,29,14,73
3535830,22,70,-11,84
3536340,86,32,8,76
3536850,14,73,-5,81
3537360,78,35,5,76
3537870,100,76,-1,77
3538380,7,82,0,77
3538890,71,44,-6,83
3539400,12,85,0,83
3539910,76,47,1,82
3540420,85,88,8,74
3540930,67,67,-9,83
3541440,95,46,6,77
3541950,15,87,-2,79
3542460,79,49,-5,84
3542970,88,56,5,79
3543480,97,97,4,75
3543990,79,33,-1,76
3544500,7,74,-4,80
3545010,71,16,4,76
3545520,12,57,-6,82
3546030,76,19,9,73
3546540,101,60,1,72
3547050,8,101,-8,80
3547560,72,63,1,79
3548070,81,42,2,77
3548580,1,83,0,77
3549090,65,1,6,71
3549600,82,26,-6,77
3550110,10,67,-5,82
3550620,74,9,9,73
3551130,91,43,-6,79
3551640,11,84,1,78
3552150,75,46,-6,84
3552660,3,87,10,74
3553170,67,51,-9,83
3553680,95,30,12,71
3554190,23,71,-15,86
3554700,87,33,10,76
3555210,15,74,-4,80
3555720,79,36,4,76
3556230,7,77,3,73
3556740,71,19,-2,75
3557250,12,60,-4,79
3557760,76,22,-3,82
3558270,4,63,-1,83
3558780,68,25,0,83
3559290,9,66,0,83
3559800,73,8,8,75
3560310,90,42,0,75
3560820,10,83,-9,84
3561330,74,25,11,73
3561840,2,66,-3,76
3562350,66,28,2,74
3562860,7,78,-1,75
3563370,71,40,-5,80
3563880,12,81,0,80
3564390,76,43,5,75
3564900,4,84,4,71
3565410,68,2,-8,79
3565920,85,27,6,73
3566430,13,68,-14,87
3566940,77,30,7,80
3567450,5,71,-1,81
3567960,69,13,2,79
3568470,10,47,-2,81
3568980,74,9,4,77
3569490,91,43,-3,80
3570000,11,84,1,79
3570510,75,46,-1,80
3571020,3,73,4,76
3571530,67,37,-4,80
3572040,97,64,5,75
3572550,4,91,1,74
3573060,68,9,-5,79
3573570,9,43,-2,81
3574080,73,5,9,72
3574590,90,39,-4,76
3575100,18,80,-3,79
3575610,82,42,0,79
3576120,2,83,0,79
3576630,66,1,3,76
3577140,67,26,-2,78
3577650,8,67,-3,81
3578160,72,9,7,74
3578670,89,43,-1,75
3579180,9,84,-7,82
3579690,73,2,8,74
3580200,90,36,-1,75
3580710,18,77,-3,78
3581220,82,39,0,78
3581730,2,80,1,77
3582240,66,44,-9,86
3582750,7,6,7,79
3583260,2,70,2,77
3583770,66,12,-3,80
3584280,7,46,-2,82
3584790,71,8,6,76
3585300,88,42,2,74
3585810,8,83,-1,75
3586320,72,1,4,71
3586830,89,26,-7,78
3587340,17,67,2,76
3587850,81,29,-1,77
3588360,9,28,-5,82
3588870,73,92,6,76
3589380,78,71,-6,82
3589890,83,50,1,81
3590400,92,77,7,74
3590910,101,56,-6,80
3591420,21,97,3,77
3591930,29,37,-6,83
3592440,15,48,0,83
3592950,79,10,10,73
3593460,96,44,-4,77
3593970,16,85,1,76
3594480,24,25,-3,79
3594990,10,89,5,74
3595500,18,7,-5,79
3596010,11,32,2,77
3596520,75,96,2,75
3597030,80,0,2,73
3597540,97,25,-7,80
3598050,25,66,2,78
3598560,75,28,3,75
3599070,3,69,-4,79
3599580,67,11,2,77
3600090,8,45,0,77
3600600,72,7,2,75
3601110,89,32,0,75
3601620,17,73,-4,79
3602130,81,4,1,78
3602640,83,29,5,73
3603150,11,70,-7,80
3603660,19,32,-2,82
3604170,14,96,17,65
3604680,22,14,-16,81
3605190,8,25,2,79
3605700,72,89,1,78
3606210,77,68,-6,84
3606720,86,47,5,79
3607230,6,88,0,79
3607740,70,6,2,77
3608250,87,31,6,71
3608760,15,72,-9,80
3609270,79,34,9,71
3609780,101,75,0,71
3610290,8,81,-2,73
3610800,94,101,0,73
3611310,76,80,-3,76
3611820,81,59,-9,85
3612330,90,21,11,74
3612840,18,62,-3,77
3613350,82,24,0,77
3613860,10,65,-1,78
3614370,74,27,-4,82
3614880,2,68,5,77
3615390,66,10,1,76
3615900,83,35,-2,78
3616410,3,76,3,75
3616920,67,18,-6,81
3617430,92,59,-2,83
3617940,14,86,9,74
3618450,22,48,1,73
3618960,3,10,-3,76
3619470,67,7,-2,78
3619980,84,32,2,76
3620490,12,73,-3,79
3621000,76,15,8,71
3621510,4,42,-9,80
3622020,68,4,5,75
3622530,85,29,-2,77
3623040,13,70,-6,83
3623550,77,32,7,76
3624060,5,73,-3,79
3624570,69,15,5,74
3625080,94,49,-1,75
3625590,14,90,-5,80
3626100,78,30,4,76
3626610,6,71,-2,78
3627120,70,13,0,78
3627630,87,47,-1,79
3628140,7,74,3,76
3628650,71,36,-3,79
3629160,93,63,4,75
3629670,0,69,-1,76
3630180,64,11,-7,83
3630690,5,45,1,82
3631200,69,7,5,77
3631710,86,32,3,74
3632220,14,73,-3,77
3632730,78,35,1,76
3633240,100,62,-8,84
3633750,20,89,7,77
3634260,28,51,-3,80
3634770,3,13,-1,81
3635280,67,77,0,81
3635790,15,56,-1,82
3636300,79,18,2,80
3636810,2,52,2,78
3637320,66,96,-2,80
3637830,71,5,4,76
3638340,88,30,-1,77
3638850,16,71,2,75
3639360,80,33,-1,76
3639870,0,74,0,76
3640380,64,16,-4,80
3640890,5,50,0,80
3641400,69,94,5,75
3641910,74,73,-6,81
3642420,49,52,-1,82
3642930,99,14,5,77
3643440,14,48,-6,83
3643950,78,10,9,74
3644460,95,35,0,74
3644970,23,76,-9,83
3645480,87,38,8,75
3645990,7,79,-2,77
3646500,71,21,-4,81
3647010,12,48,-2,83
3647520,76,10,7,76
3648030,93,35,2,74
3648540,13,76,-10,84
3649050,77,38,5,79
3649560,99,65,1,78
3650070,19,85,-6,84
3650580,83,47,9,75
3651090,3,74,0,75
3651600,67,16,-5,80
3652110,8,50,6,74
3652620,72,12,-4,78
3653130,73,39,-7,85
3653640,1,66,2,83
3654150,65,8,9,74
3654660,82,33,2,72
3655170,2,60,-10,82
3655680,66,2,6,76
3656190,11,27,-3,79
3656700,75,91,3,76
3657210,50,70,-8,84
3657720,100,49,1,83
3658230,20,76,3,80
3658740,84,38,2,78
3659250,4,65,2,76
3659760,68,7,1,75
3660270,85,44,-6,81
3660780,5,71,-2,83
3661290,69,13,5,78
3661800,94,38,2,76
3662310,14,79,-4,80
3662820,78,21,10,70
3663330,6,40,-7,77
3663840,70,2,7,70
3664350,15,27,-12,82
3664860,79,91,8,74
3665370,84,70,0,74
3665880,93,49,-1,75
3666390,13,61,-6,81
3666900,77,23,9,72
3667410,5,42,-8,80
3667920,69,4,6,74
3668430,14,29,-7,81
3668940,78,93,1,80
3669450,83,72,-1,81
3669960,92,51,6,75
3670470,12,71,-4,79
3670980,76,33,-6,85
3671490,98,60,5,80
3672000,18,87,3,77
3672510,82,49,-4,81
3673020,2,76,5,76
3673530,66,18,-2,78
3674040,91,52,1,77
3674550,11,79,-1,78
3675060,75,21,2,76
3675570,100,40,4,72
3676080,20,81,-10,82
3676590,84,43,9,73
3677100,4,70,-7,80
3677610,68,12,6,74
3678120,93,37,1,73
3678630,13,64,-9,82
3679140,77,26,8,74
3679650,5,49,-3,77
3680160,69,11,-3,80
3680670,70,36,5,75
3681180,92,63,-4,79
3681690,101,25,3,76
3682200,29,52,-1,77
3682710,10,14,0,77
3683220,5,61,-4,81
3683730,69,3,6,75
3684240,70,28,-1,76
3684750,92,51,-3,79
3685260,12,78,-3,82
3685770,76,40,-1,83
3686280,98,67,5,78
3686790,5,87,-3,81
3687300,93,29,6,75
3687810,21,70,-2,77
3688320,85,32,1,76
3688830,5,73,-5,81
3689340,69,15,5,76
3689850,94,38,4,72
3690360,14,65,-13,85
3690870,78,27,10,75
3691380,6,50,-3,78
3691890,70,94,5,73
3692400,75,73,-11,84
3692910,80,35,5,79
3693420,0,58,3,76
3693930,64,0,2,74
3694440,9,25,-8,82
3694950,73,89,2,80
3695460,48,68,-1,81
3695970,98,47,5,76
3696480,18,50,-1,77
3696990,93,12,0,77
3697500,21,37,-4,81
3698010,85,101,7,74
3698520,90,80,-3,77
3699030,99,42,-2,79
3699540,19,45,2,77
3700050,83,7,2,75
3700560,65,32,-8,83
3701070,95,55,6,77
3701580,15,82,-3,80
3702090,23,44,5,75
3702600,4,6,-4,79
3703110,15,70,-3,82
3703620,79,32,9,73
3704130,7,55,-6,79
3704640,71,17,2,77
3705150,96,36,-3,80
3705660,24,35,-6,86
3706170,10,99,1,85
3706680,74,17,11,74
3707190,2,40,-9,83
3707700,66,2,3,80
3708210,67,27,2,78
3708720,97,50,0,78
3709230,17,53,-2,80
3709740,81,15,5,75
3710250,4,34,-4,79
3710760,68,98,3,76
3711270,73,97,1,75
3711780,78,76,-3,78
3712290,83,38,-2,80
3712800,3,61,1,79
3713310,67,3,6,73
3713820,12,87,-6,79
3714330,20,29,0,79
3714840,6,93,-3,82
3715350,14,11,8,74
3715860,0,75,-8,82
3716370,7,37,3,79
3716880,71,101,4,75
3717390,76,100,3,72
3717900,81,99,-3,75
3718410,86,78,-6,81
3718920,91,43,11,70
3719430,11,63,-10,80
3719940,75,25,-1,81
3720450,3,48,1,80
3720960,67,10,5,75
3721470,92,42,-5,80
3721980,12,45,-4,84
3722490,76,7,6,78
3723000,21,32,-6,84
3723510,31,96,2,82
3724020,38,58,-1,83
3724530,88,20,12,71
3725040,16,37,-7,78
3725550,80,101,7,71
3726060,85,80,-4,75
3726570,90,45,4,71
3727080,10,48,-10,81
3727590,74,10,11,70
3728100,2,44,-5,75
3728610,66,6,-4,79
3729120,67,31,4,75
3729630,97,74,-8,83
3730140,4,36,1,82
3730650,68,100,10,72
3731160,73,48,-12,84
3731670,1,10,7,77
3732180,65,11,-2,79
3732690,6,43,1,78
3733200,70,5,5,73
3733710,15,30,-10,83
3734220,79,94,8,75
3734730,54,73,-2,77
3735240,2,72,-11,88
3735750,66,14,11,77
3736260,91,37,0,77
3736770,19,60,-1,78
3737280,83,16,6,72
3737790,11,33,-7,79
3738300,75,97,1,78
3738810,50,96,-2,80
3739320,25,5,-3,83
3739830,20,30,1,82
3740340,15,94,1,81
3740850,79,36,-3,84
3741360,101,59,5,79
3741870,21,79,0,79
3742380,85,41,0,79
3742890,5,64,0,79
3743400,69,6,8,71
3743910,14,31,-9,80
3744420,78,95,6,74
3744930,53,74,-3,77
3745440,1,73,-6,83
3745950,65,15,7,76
3746460,72,38,-12,88
3746970,13,61,3,85
3747480,77,23,8,77
3747990,0,46,-6,83
3748500,64,90,6,77
3749010,12,38,-6,83
3749520,76,0,14,69
3750030,58,25,-16,85
3750540,101,48,5,80
3751050,21,51,0,80
3751560,89,13,3,77
3752070,17,30,3,74
3752580,81,94,-1,75
3753090,63,73,0,75
3753600,11,52,-9,84
3754110,75,14,12,72
3754620,82,31,-6,78
3755130,10,54,2,76
3755640,74,16,4,72
3756150,81,39,-8,80
3756660,1,62,2,78
3757170,65,4,1,77
3757680,10,29,-5,82
3758190,74,93,12,70
3758700,49,58,-16,86
3759210,99,37,8,78
3759720,27,57,-3,81
3760230,72,19,2,79
3760740,8,42,-4,83
3761250,72,4,12,71
3761760,17,29,-8,79
3762270,81,93,3,76
3762780,56,58,-11,87
3763290,4,20,7,80
3763800,68,84,-2,82
3764310,16,5,8,74
3764820,9,30,-5,79
3765330,73,94,0,79
3765840,21,15,-5,84
3766350,7,79,2,82
3766860,71,21,5,77
3767370,12,44,-1,78
3767880,76,6,10,68
3768390,21,31,-7,75
3768900,7,95,-1,76
3769410,71,13,-1,77
3769920,78,36,-1,78
3770430,100,59,-1,79
3770940,17,79,-1,80
3771450,81,21,4,76
3771960,88,44,0,76
3772470,8,47,-10,86
3772980,72,9,9,77
3773490,17,34,-3,80
3774000,81,98,4,76
3774510,56,63,-10,86
3775020,4,42,4,82
3775530,68,4,7,75
3776040,13,29,-8,83
3776550,77,93,9,74
3777060,52,72,-2,76
3777570,0,20,-5,81
3778080,64,84,0,81
3778590,12,63,-3,84
3779100,76,25,12,72
3779610,83,48,-6,78
3780120,3,51,2,76
3780630,67,95,-3,79
3781140,42,43,-2,81
3781650,92,5,1,80
3782160,74,30,3,77
3782670,81,53,-3,80
3783180,1,15,0,80
3783690,65,79,3,77
3784200,13,58,-7,84
3784710,77,20,10,74
3785220,84,39,-5,79
3785730,4,62,0,79
3786240,68,4,6,73
3786750,13,29,-5,78
3787260,77,93,4,74
3787770,52,72,-12,86
3788280,0,71,4,82
3788790,64,19,5,77
3789300,5,42,-3,80
3789810,11,4,4,76
3790320,6,53,-11,87
3790830,70,97,11,76
3791340,45,45,-10,86
3791850,95,7,9,77
3792360,77,19,9,68
3792870,84,38,-8,76
3793380,4,41,-6,82
3793890,68,3,7,75
3794400,13,28,-6,81
3794910,77,92,8,73
3795420,52,71,-6,79
3795930,49,70,-1,80
3796440,99,50,-12,92
3796950,19,53,9,83
3797460,83,15,10,73
3797970,11,27,-7,80
3798480,75,91,8,72
3798990,50,70,-12,84
3799500,25,69,4,80
3800010,89,31,3,77
3800520,9,34,-6,83
3801030,73,98,11,72
3801540,48,97,-8,80
3802050,23,45,1,79
3802560,87,7,7,72
3803070,69,32,-6,78
3803580,91,55,-5,83
3804090,11,58,1,82
3804600,75,20,9,73
3805110,82,43,-3,76
3805620,2,46,2,74
3806130,66,90,0,74
3806640,41,70,-8,82
3807150,16,18,4,78
3807660,2,82,-1,79
3808170,66,46,1,78
3808680,94,8,1,77
3809190,76,20,-2,79
3809700,83,43,0,79
3810210,3,46,4,75
3810720,67,8,0,75
3811230,12,33,1,74
3811740,76,97,1,73
3812250,51,77,-5,78
3812760,101,57,-2,80
3813270,21,60,-3,83
3813780,85,22,9,74
3814290,13,41,-3,77
3814800,77,3,4,73
3815310,59,28,-5,78
3815820,0,51,1,77
3816330,64,13,-1,78
3816840,5,36,0,78
3817350,69,100,1,77
3817860,44,9,-10,87
3818370,45,34,10,77
3818880,88,98,-8,85
3819390,74,77,7,78
3819900,49,42,-8,86
3820410,99,4,11,75
3820920,29,38,-7,82
3821430,79,0,11,71
3821940,61,25,-6,77
3822450,2,48,1,76
3822960,66,10,-1,77
3823470,7,42,-1,78
3823980,71,4,7,71
3824490,53,16,-10,81
3825000,96,48,-4,85
3825510,16,51,7,78
3826020,80,13,3,75
3826530,62,25,-9,84
3827040,4,48,3,81
3827550,68,10,8,73
3828060,50,22,-7,80
3828570,93,33,3,77
3829080,13,36,-4,81
3829590,77,100,10,71
3830100,52,80,-7,78
3830610,0,60,-5,83
3831120,64,22,4,79
3831630,5,45,-3,82
3832140,69,7,2,80
3832650,1,19,1,79
3833160,65,83,1,78
3833670,40,62,-6,84
3834180,90,24,9,75
3834690,18,27,-6,81
3835200,4,91,6,75
3835710,12,53,0,75
3836220,76,15,1,74
3836730,83,27,1,73
3837240,11,30,-8,81
3837750,75,94,1,80
3838260,50,73,-10,90
3838770,100,35,8,82
3839280,20,38,-5,87
3839790,84,0,13,74
3840300,66,34,-13,87
3840810,7,37,3,84
3841320,71,101,12,72
3841830,58,81,-6,78
3842340,33,61,-5,83
3842850,8,23,-5,88
3843360,72,87,6,82
3843870,47,66,1,81
3844380,97,46,-1,82
3844890,17,49,5,77
3845400,81,11,5,72
3845910,63,23,-5,77
3846420,70,26,-5,82
3846930,11,29,0,82
3847440,75,93,11,71
3847950,57,73,-9,80
3848460,32,52,-5,85
3848970,7,14,6,79
3849480,71,78,-5,84
3849990,46,57,4,80
3850500,32,19,0,80
3851010,43,83,-1,81
3851520,93,45,2,79
3852030,13,48,-3,82
3852540,77,10,4,78
3853050,59,22,-2,80
3853560,0,45,3,77
3854070,64,7,-4,81
3854580,98,39,2,79
3855090,18,42,-6,85
3855600,82,4,11,74
3856110,64,38,-6,80
3856620,5,41,-2,82
3857130,69,3,10,72
3857640,51,37,-15,87
3858150,101,101,12,75
3858660,83,66,-5,80
3859170,58,28,-2,82
3859680,101,35,5,77
3860190,29,55,-2,79
3860700,79,7,6,73
3861210,61,19,-6,79
3861720,68,51,-3,82
3862230,96,13,8,74
3862740,78,25,-2,76
3863250,6,48,-5,81
3863760,70,10,7,74
3864270,52,42,-7,81
3864780,0,4,7,74
3865290,11,53,-5,79
3865800,75,15,3,76
3866310,82,38,0,76
3866820,2,41,-6,82
3867330,66,3,6,76
3867840,100,37,-2,78
3868350,28,40,-2,80
3868860,14,2,4,76
3869370,7,27,-1,77
3869880,71,91,-1,78
3870390,46,70,-9,87
3870900,96,32,10,77
3871410,24,35,-2,79
3871920,10,99,6,73
3872430,74,17,-4,77
3872940,81,40,-1,78
3873450,1,43,3,75
3873960,65,5,-3,78
3874470,47,39,-5,83
3874980,22,1,1,82
3875490,4,26,-3,85
3876000,68,90,8,77
3876510,43,69,-9,86
3877020,93,31,12,74
3877530,21,34,-2,76
3878040,85,98,3,73
3878550,67,77,-7,80
3879060,42,56,-2,82
3879570,92,18,5,77
3880080,74,30,-3,80
3880590,2,53,0,80
3881100,66,97,3,77
3881610,53,6,-5,82
3882120,87,38,11,71
3882630,7,41,-12,83
3883140,71,3,7,76
3883650,53,37,-10,86
3884160,68,101,13,73
3884670,55,81,-9,82
3885180,3,60,-2,84
3885690,67,2,11,73
3886200,49,25,-7,80
3886710,92,32,5,75
3887220,20,35,-1,76
3887730,84,99,0,76
3888240,66,78,-2,78
3888750,41,57,-4,82
3889260,91,19,10,72
3889770,73,36,-9,81
3890280,1,59,-3,84
3890790,65,1,9,75
3891300,47,35,-5,80
3891810,62,99,14,66
3892320,49,8,-11,77
3892830,31,31,0,77
3893340,17,95,-9,86
3893850,81,37,5,81
3894360,1,40,1,80
3894870,65,2,4,76
3895380,47,25,-5,81
3895890,90,32,5,76
3896400,18,35,-5,81
3896910,82,99,8,73
3897420,64,78,-6,79
3897930,39,57,-12,91
3898440,89,68,15,76
3898950,2,88,0,76
3899460,66,50,-6,82
3899970,94,12,10,72
3900480,76,24,-9,81
3900990,83,47,3,78
3901500,3,50,4,74
3902010,67,12,0,74
3902520,101,35,-4,78
3903030,29,55,-4,82
3903540,33,17,1,81
3904050,34,24,1,80
3904560,49,88,2,78
3905070,99,99,0,78
3905580,81,64,-7,85
3906090,63,26,4,81
3906600,4,49,-2,83
3907110,68,93,7,76
3907620,43,72,-10,86
3908130,5,51,4,82
3908640,69,95,4,78
3909150,44,66,-2,80
3909660,94,45,4,76
3910170,14,48,-7,83
3910680,78,10,10,73
3911190,60,22,-5,78
3911700,1,45,-2,80
3912210,65,89,10,70
3912720,52,60,-13,83
3913230,0,39,2,81
3913740,64,1,1,80
3914250,46,1,-4,84
3914760,47,24,1,83
3915270,90,31,5,78
3915780,18,34,3,75
3916290,82,98,1,74
3916800,64,77,-5,79
3917310,12,56,-3,82
3917820,76,100,5,77
3918330,63,44,-7,84
3918840,11,6,8,76
3919350,6,17,-4,80
3919860,70,81,6,74
3920370,52,60,-14,88
3920880,0,39,11,77
3921390,64,83,1,76
3921900,12,62,-4,80
3922410,76,24,1,79
3922920,17,47,-2,81
3923430,81,9,8,73
3923940,63,21,-4,77
3924450,4,44,-1,78
3924960,68,6,2,76
3925470,50,18,-10,86
3925980,93,41,9,77
3926490,13,44,2,75
3927000,77,6,6,69
3927510,59,18,-13,82
3928020,0,41,4,78
3928530,64,85,2,76
3929040,12,64,-9,85
3929550,76,6,10,75
3930060,58,18,-9,84
3930570,101,41,5,79
3931080,21,44,-6,85
3931590,85,6,14,71
3932100,67,18,-11,82
3932610,8,41,3,79
3933120,72,3,7,72
3933630,54,15,-6,78
3934140,97,38,3,75
3934650,25,41,-7,82
3935160,89,3,5,77
3935670,71,15,-3,80
3936180,12,38,0,80
3936690,76,0,4,76
3937200,58,12,-7,83
3937710,101,35,6,77
3938220,29,55,0,77
3938730,93,17,3,74
3939240,75,29,0,74
3939750,3,32,-3,77
3940260,67,96,3,74
3940770,54,67,-7,81
3941280,2,46,-2,83
3941790,66,90,11,72
3942300,53,61,-11,83
3942810,1,40,7,76
3943320,65,84,-3,79
3943830,13,63,-5,84
3944340,77,5,11,73
3944850,59,17,-7,80
3945360,0,40,4,76
3945870,64,84,1,75
3946380,12,55,-6,81
3946890,76,17,2,79
3947400,101,40,0,79
3947910,21,43,5,74
3948420,85,5,-1,75
3948930,67,17,-5,80
3949440,8,66,-5,85
3949950,72,8,8,77
3950460,54,20,-2,79
3950970,97,43,0,79
3951480,17,46,-2,81
3951990,81,8,4,77
3952500,63,20,-2,79
3953010,4,43,1,78
3953520,68,5,5,73
3954030,50,17,-12,85
3954540,93,40,4,81
3955050,13,43,5,76
3955560,77,5,3,73
3956070,59,17,-3,76
3956580,0,40,-3,79
3957090,64,84,1,78
3957600,12,63,-4,82
3958110,76,5,12,70
3958620,58,17,-10,80
3959130,101,40,0,80
3959640,21,60,1,79
3960150,85,22,7,72
3960660,8,45,-3,75
3961170,72,7,-2,77
3961680,54,19,-6,83
3962190,97,42,2,81
3962700,17,45,-1,82
3963210,81,7,5,77
3963720,63,19,-2,79
3964230,4,42,1,78
3964740,68,4,3,75
3965250,69,16,-3,78
3965760,10,48,-5,83
3966270,74,10,9,74
3966780,56,22,-6,80
3967290,99,45,7,73
3967800,19,48,-9,82
3968310,83,10,3,79
3968820,65,22,-2,81
3969330,6,45,6,75
3969840,70,89,1,74
3970350,57,88,-6,80
3970860,5,87,-6,86
3971370,69,29,4,82
3971880,91,52,3,79
3972390,11,55,-2,81
3972900,75,17,8,73
3973410,100,49,-6,79
3973920,20,52,-1,80
3974430,84,14,7,73
3974940,66,26,-7,80
3975450,7,49,4,76
3975960,71,93,3,73
3976470,19,92,-9,82
3976980,83,34,4,78
3977490,3,37,1,77
3978000,67,81,0,77
3978510,15,80,-4,81
3979020,79,22,7,74
3979530,0,54,-2,76
3980040,64,98,2,74
3980550,51,7,-10,84
3981060,52,39,4,80
3981570,0,1,4,76
3982080,11,50,-5,81
3982590,75,12,5,76
3983100,57,24,-7,83
3983610,100,47,8,75
3984120,20,50,-7,82
3984630,84,12,8,74
3985140,66,24,-9,83
3985650,7,47,13,70
3986160,71,9,-4,74
3986670,53,21,-5,79
3987180,55,44,3,76
3987690,3,6,-2,78
3988200,67,95,5,73
3988710,54,101,-3,76
3989220,2,10,0,76
3989730,66,11,-6,82
3990240,67,43,-2,84
3990750,82,66,3,81
3991260,3,86,9,72
3991770,67,4,4,68
3992280,49,16,-18,86
3992790,50,48,8,78
3993300,100,99,6,72
3993810,82,64,-3,75
3994320,3,84,3,72
3994830,67,26,-4,76
3995340,8,49,-5,81
3995850,72,11,3,78
3996360,73,43,-3,81
3996870,95,63,-1,82
3997380,78,83,5,77
3997890,60,1,4,73
3998400,61,24,-6,79
3998910,2,56,-4,83
3999420,66,100,6,77
3999930,14,99,-1,78
4000440,78,17,10,68
4000950,101,29,-6,74
4001460,21,49,-2,76
4001970,85,11,-2,78
4002480,67,23,1,77
4002990,92,55,-1,78
4003500,12,75,-3,81
4004010,76,17,1,80
4004520,101,49,1,79
4005030,21,69,1,78
4005540,85,20,6,72
4006050,8,40,-6,78
4006560,72,2,5,73
4007070,54,14,-11,84
4007580,55,46,7,77
4008090,3,8,-1,78
4008600,67,9,4,74
4009110,27,21,-3,77
4009620,13,85,-9,86
4010130,77,27,13,73
4010640,5,47,-9,82
4011150,69,91,3,79
4011660,56,90,-4,83
4012170,43,89,-2,85
4012680,5,88,3,82
4013190,69,30,7,75
4013700,91,50,0,75
4014210,11,70,-4,79
4014720,75,12,2,77
4015230,57,24,-8,85
4015740,100,56,4,81
4016250,20,76,4,77
4016760,84,18,3,74
4017270,7,30,-4,78
4017780,19,94,7,71
4018290,83,12,-5,76
4018800,89,24,5,71
4019310,12,44,-9,80
4019820,76,6,8,72
4020330,58,18,-10,82
4020840,59,50,3,79
4021350,7,70,-1,80
4021860,71,12,-1,81
4022370,96,44,9,72
4022880,16,49,-9,81
4023390,80,11,4,77
4023900,62,23,-3,80
4024410,3,43,3,77
4024920,67,87,8,69
4025430,54,5,-18,87
4025940,55,37,2,85
4026450,3,101,3,82
4026960,67,19,5,77
4027470,92,51,-1,78
4027980,12,71,-1,79
4028490,76,13,4,75
4029000,58,45,-14,89
4029510,6,7,10,79
4030020,70,71,-1,80
4030530,18,91,1,79
4031040,82,33,-1,80
4031550,2,53,4,76
4032060,66,97,6,70
4032570,53,96,-12,82
4033080,1,95,3,79
4033590,65,13,4,75
4034100,90,45,-2,77
4034610,10,65,-4,81
4035120,74,7,6,75
4035630,56,19,-9,84
4036140,57,51,2,82
4036650,5,13,-4,86
4037160,69,77,15,71
4037670,17,97,-10,81
4038180,81,15,7,74
4038690,63,32,-9,83
4039200,93,52,6,77
4039710,13,72,0,77
4040220,77,14,-1,78
4040730,59,46,-3,81
4041240,7,8,-5,86
4041750,71,19,8,78
4042260,96,39,3,75
4042770,16,59,-4,79
4043280,80,21,8,71
4043790,3,41,-10,81
4044300,67,85,5,76
4044810,15,3,-4,80
4045320,16,26,1,79
4045830,80,90,1,78
4046340,62,8,-8,86
4046850,63,40,4,82
4047360,78,60,7,75
4047870,93,80,-4,79
4048380,75,45,-4,83
4048890,97,65,3,80
4049400,17,85,0,80
4049910,81,27,1,79
4050420,9,47,1,78
4050930,73,9,7,71
4051440,55,21,-12,83
4051950,98,53,0,83
4052460,18,73,8,75
4052970,82,15,1,74
4053480,64,32,-11,85
4053990,5,39,5,80
4054500,69,1,7,73
4055010,51,33,-12,85
4055520,101,97,9,76
4056030,83,62,-3,79
4056540,92,24,7,72
4057050,20,44,-5,77
4057560,84,6,4,73
4058070,66,18,-2,75
4058580,91,50,0,75
4059090,11,70,-5,80
4059600,75,12,6,74
4060110,20,29,-1,75
4060620,84,93,2,73
4061130,66,11,-10,83
4061640,67,43,5,78
4062150,89,63,-4,82
4062660,98,83,14,68
4063170,5,1,-14,82
4063680,100,50,3,79
4064190,20,70,1,78
4064700,84,32,0,78
4065210,12,52,0,78
4065720,76,14,8,70
4066230,30,31,-10,80
4066740,16,95,2,78
4067250,80,13,7,71
4067760,62,30,-11,82
4068270,3,37,4,78
4068780,67,101,5,73
4069290,54,19,-8,81
4069800,97,26,8,73
4070310,79,46,-7,80
4070820,101,66,0,80
4071330,8,86,4,76
4071840,72,28,-1,77
4072350,0,48,-4,81
4072860,64,92,4,77
4073370,51,91,0,77
4073880,10,0,-2,79
4074390,3,49,1,78
4074900,67,93,3,75
4075410,49,11,-2,77
4075920,50,43,0,77
4076430,65,41,-5,82
4076940,80,3,7,75
4077450,62,35,-6,81
4077960,77,55,-2,83
4078470,86,17,9,74
4078980,68,34,-2,76
4079490,90,41,5,71
4080000,10,61,-6,77
4080510,74,23,2,75
4081020,99,43,-2,77
4081530,19,63,-4,81
4082040,83,25,1,80
4082550,11,45,0,80
4083060,75,7,2,78
4083570,57,39,-2,80
4084080,72,1,6,74
4084590,54,33,-8,82
4085100,69,97,10,72
4085610,51,96,-8,80
4086120,78,33,0,80
4086630,100,53,2,78
4087140,20,73,-1,79
4087650,84,35,3,76
4088160,4,55,-7,83
4088670,68,99,1,82
4089180,55,98,5,77
4089690,3,7,1,76
4090200,67,71,-5,81
4090710,49,36,0,81
4091220,64,100,6,75
4091730,91,99,-2,77
4092240,73,64,-4,81
4092750,55,26,-6,87
4093260,56,33,6,81
4093770,8,40,3,78
4094280,72,2,7,71
4094790,54,34,-11,82
4095300,69,54,3,79
4095810,84,16,7,72
4096320,66,33,-7,79
4096830,96,53,2,77
4097340,16,73,1,76
4097850,80,35,1,75
4098360,0,55,1,74
4098870,64,99,2,72
4099380,51,98,-3,75
4099890,78,35,-9,84
4100400,100,55,7,77
4100910,20,75,-2,79
4101420,84,37,6,73
4101930,4,57,-8,81
4102440,68,101,4,77
4102950,50,100,1,76
4103460,100,37,-7,83
4103970,28,57,3,80
4104480,92,19,6,74
4104990,74,36,-2,76
4105500,2,56,0,76
4106010,66,100,2,74
4106520,53,99,0,74
4107030,80,36,-5,79
4107540,0,56,3,76
4108050,64,100,3,73
4108560,91,99,2,71
4109070,73,17,-3,74
4109580,5,49,-1,75
4110090,69,11,-1,76
4110600,1,43,4,72
4111110,65,87,-8,80
4111620,52,98,2,78
4112130,96,35,-1,79
4112640,24,55,-3,82
4113150,88,17,13,69
4113660,70,34,-10,79
4114170,100,54,0,79
4114680,20,74,-3,82
4115190,84,36,6,76
4115700,4,56,0,76
4116210,68,100,-1,77
4116720,55,18,-1,78
4117230,89,25,1,77
4117740,17,45,-1,78
4118250,81,7,3,75
4118760,63,24,-3,78
4119270,93,31,5,73
4119780,21,51,-2,75
4120290,85,13,3,72
4120800,67,30,-9,81
4121310,97,37,0,81
4121820,25,57,5,76
4122330,89,19,3,73
4122840,17,36,-1,74
4123350,81,100,-1,75
4123860,63,18,-7,82
4124370,97,50,7,75
4124880,17,70,-6,81
4125390,81,32,10,71
4125900,9,52,-9,80
4126410,73,96,4,76
4126920,55,5,-2,78
4127430,89,37,0,78
4127940,9,57,-3,81
4128450,73,19,1,80
4128960,5,51,3,77
4129470,69,95,5,72
4129980,51,13,-8,80
4130490,85,45,-2,82
4131000,5,65,6,76
4131510,69,7,2,74
4132020,1,39,-5,79
4132530,65,1,1,78
4133040,99,33,4,74
4133550,27,53,-5,79
4134060,91,15,7,72
4134570,73,32,-3,75
4135080,95,52,0,75
4135590,86,72,2,73
4136100,68,34,-6,79
4136610,98,54,3,76
4137120,18,74,-11,87
4137630,82,36,9,78
4138140,2,56,8,70
4138650,66,100,-4,74
4139160,53,9,-8,82
4139670,54,41,3,79
4140180,88,3,6,73
4140690,70,35,-6,79
4141200,92,42,8,71
4141710,12,62,-11,82
4142220,76,4,14,68
4142730,58,36,-14,82
4143240,59,56,2,80
4143750,7,18,9,71
4144260,71,82,-4,75
4144770,57,0,-4,79
4145280,91,23,3,76
4145790,23,40,-5,81
4146300,87,2,6,75
4146810,69,29,-2,77
4147320,91,36,5,72
4147830,11,56,-9,81
4148340,75,18,6,75
4148850,7,50,-4,79
4149360,71,94,5,74
4149870,58,93,-1,75
4150380,6,2,-8,83
4150890,1,51,7,76
4151400,65,95,1,75
4151910,70,61,-9,84
4152420,98,23,9,75
4152930,30,40,-4,79
4153440,80,2,8,71
4153950,62,29,-8,79
4154460,63,36,-6,85
4154970,64,43,7,78
4155480,94,50,3,75
4155990,14,70,-4,79
4156500,78,12,3,76
4157010,10,29,-5,81
4157520,74,93,2,79
4158030,79,92,8,71
4158540,61,10,-8,79
4159050,95,42,2,77
4159560,15,62,-3,80
4160070,79,24,0,80
4160580,11,56,-1,81
4161090,75,100,6,75
4161600,80,9,3,72
4162110,12,26,-1,73
4162620,76,90,-5,78
4163130,58,8,-4,82
4163640,92,40,5,77
4164150,12,60,-3,80
4164660,76,22,5,75
4165170,8,54,-5,80
4165680,72,98,8,72
4166190,59,93,-7,79
4166700,7,2,0,79
4167210,2,51,2,77
4167720,66,95,3,74
4168230,71,90,1,73
4168740,76,89,-5,78
4169250,58,7,-1,79
4169760,92,39,4,75
4170270,87,59,-5,80
4170780,7,79,6,74
4171290,10,21,-9,83
4171800,74,85,4,79
4172310,60,3,2,77
4172820,94,35,2,75
4173330,14,55,-10,85
4173840,78,17,14,71
4174350,10,34,-7,78
4174860,74,98,-3,81
4175370,61,7,-3,84
4175880,62,39,1,83
4176390,63,46,6,77
4176900,91,8,-2,79
4177410,73,25,2,77
4177920,95,48,5,72
4178430,15,68,-9,81
4178940,79,10,9,72
4179450,11,27,-7,79
4179960,75,91,0,79
4180470,62,9,0,79
4180980,96,41,2,77
4181490,16,61,1,76
4182000,80,23,0,76
4182510,0,43,-5,81
4183020,64,87,6,75
4183530,51,82,-5,80
4184040,101,93,3,77
4184550,83,58,-10,87
4185060,3,78,12,75
4185570,6,20,-2,77
4186080,70,84,5,72
4186590,75,2,-3,75
4187100,7,32,-11,86
4187610,71,96,12,74
4188120,58,91,-4,78
4188630,6,0,-3,81
4189140,1,49,7,74
4189650,65,93,0,74
4190160,52,2,-2,76
4190670,53,34,-2,78
4191180,54,98,-2,80
4191690,57,7,3,77
4192200,58,39,-9,86
4192710,59,1,13,73
4193220,60,31,-13,86
4193730,61,38,1,85
4194240,62,45,-3,88
4194750,90,60,6,82
4195260,10,80,2,80
4195770,74,22,2,78
4196280,96,42,7,71
4196790,16,62,-6,77
4197300,80,24,4,73
4197810,0,44,-5,78
4198320,64,88,4,74
4198830,51,83,-5,79
4199340,54,94,5,74
4199850,57,3,-6,80
4200360,58,35,-5,85
4200870,59,42,4,81
4201380,60,4,1,80
4201890,61,36,-3,83
4202400,62,43,1,82
4202910,63,5,2,80
4203420,64,37,-8,88
4203930,65,44,2,86
4204440,66,6,16,70
4204950,100,38,-9,79
4205460,20,58,2,77
4205970,84,20,1,76
4206480,16,40,-6,82
4206990,80,2,10,72
4207500,12,32,-5,77
4208010,76,96,7,70
4208520,63,14,-9,79
4209030,64,46,-3,82
4209540,92,8,5,77
4210050,74,25,-2,79
4210560,96,45,3,76
4211070,16,41,-4,80
4211580,80,3,7,73
4212090,12,30,-7,80
4212600,76,94,6,74
4213110,63,89,-5,79
4213620,62,84,-2,81
4214130,48,79,-7,88
4214640,34,90,-2,90
4215150,98,52,6,84
4215660,18,72,-2,86
4216170,82,34,7,79
4216680,2,54,-1,80
4217190,5,98,1,79
4217700,8,16,-4,83
4218210,72,80,6,77
4218720,77,100,3,74
4219230,82,95,0,74
4219740,87,13,-2,76
4220250,19,30,-1,77
4220760,83,94,0,77
4221270,69,12,3,74
4221780,1,44,-2,76
4222290,65,88,3,73
4222800,93,83,1,72
4223310,0,1,0,72
4223820,101,2,5,67
4224330,83,29,-8,75
4224840,3,49,-9,84
4225350,67,93,14,70
4225860,72,88,-6,76
4226370,20,83,-4,80
4226880,23,90,-5,85
4227390,87,97,10,75
4227900,92,15,3,72
4228410,24,32,-5,77
4228920,10,96,1,76
4229430,13,14,-1,77
4229940,12,78,-4,81
4230450,76,20,6,75
4230960,0,40,-2,77
4231470,64,84,1,76
4231980,92,79,-2,78
4232490,97,41,2,76
4233000,17,61,-5,81
4233510,81,23,6,75
4234020,13,43,-2,77
4234530,77,5,0,77
4235040,9,35,-4,81
4235550,73,99,10,71
4236060,78,94,-8,79
4236570,4,12,3,76
4237080,68,76,-5,81
4237590,16,96,-2,83
4238100,19,14,4,79
4238610,5,78,-3,82
4239120,69,98,6,76
4239630,56,93,-8,84
4240140,59,2,6,78
4240650,93,32,1,77
4241160,13,52,-2,79
4241670,77,14,5,74
4242180,9,31,-6,80
4242690,73,95,5,75
4243200,78,90,-5,80
4243710,64,8,-1,81
4244220,98,40,1,80
4244730,18,60,3,77
4245240,82,22,3,74
4245750,14,54,-9,83
4246260,78,16,12,71
4246770,10,33,-10,81
4247280,74,97,6,75
4247790,79,92,-6,81
4248300,0,87,3,78
4248810,64,29,-2,80
4249320,86,36,7,73
4249830,6,56,-9,82
4250340,70,100,11,71
4250850,75,95,-4,75
4251360,1,90,0,75
4251870,65,8,-5,80
4252380,99,40,1,79
4252890,19,60,2,77
4253400,83,22,0,77
4253910,15,39,-6,83
4254420,79,1,6,77
4254930,11,28,-3,80
4255440,75,92,5,75
4255950,1,91,-2,77
4256460,65,9,-1,78
4256970,99,26,3,75
4257480,31,46,-6,81
4257990,95,8,-4,85
4258500,27,35,2,83
4259010,13,99,-4,87
4259520,77,17,6,81
4260030,9,49,-1,82
4260540,73,11,6,76
4261050,5,28,0,76
4261560,69,92,-1,77
4262070,74,87,0,77
4262580,0,98,4,73
4263090,76,16,-6,79
4263600,8,33,6,73
4264110,72,97,-2,75
4264620,77,92,0,75
4265130,3,87,-7,82
4265640,67,5,6,76
4266150,101,32,-8,84
4266660,21,0,5,79
4267170,22,23,0,79
4267680,8,87,0,79
4268190,72,29,6,73
4268700,94,36,-4,77
4269210,14,56,1,76
4269720,78,18,2,74
4270230,9,35,-6,80
4270740,73,99,5,75
4271250,78,94,1,74
4271760,83,89,0,74
4272270,4,7,-7,81
4272780,7,8,-8,89
4273290,6,15,12,77
4273800,70,79,-5,82
4274310,98,74,7,75
4274820,18,94,-4,79
4275330,21,101,1,78
4275840,24,6,-1,79
4276350,25,29,-2,81
4276860,26,93,-2,83
4277370,29,100,5,78
4277880,32,5,-5,83
4278390,33,28,2,81
4278900,67,92,-6,87
4279410,95,1,13,74
4279920,27,28,-9,83
4280430,22,92,2,81
4280940,25,56,1,80
4281450,89,18,7,73
4281960,21,35,-7,80
4282470,85,99,3,77
4282980,80,94,1,76
4283490,66,89,-8,84
4284000,94,84,10,74
4284510,15,46,-5,79
4285020,79,8,8,71
4285530,11,25,-5,76
4286040,75,89,-6,82
4286550,1,100,5,77
4287060,65,18,0,77
4287570,99,50,7,70
4288080,19,53,-11,81
4288590,83,15,9,72
4289100,15,32,-8,80
4289610,79,96,6,74
4290120,5,91,1,73
4290630,8,9,-9,82
4291140,7,73,6,76
4291650,71,15,4,72
4292160,3,32,-6,78
4292670,67,96,5,73
4293180,72,91,-8,81
4293690,100,0,6,75
4294200,82,27,-1,76
4294710,10,30,-2,78
4295220,74,41,-8,86
4295730,2,48,6,80
4296240,66,92,6,74
4296750,71,87,-5,79
4297260,99,82,5,74
4297770,6,44,2,72
4298280,70,6,1,71
4298790,2,33,-8,79
4299300,66,97,5,74
4299810,71,6,0,74
4300320,3,33,-4,78
4300830,67,97,2,76
4301340,95,92,1,75
4301850,16,54,-1,76
4302360,80,16,-1,77
4302870,12,33,-6,83
4303380,76,97,11,72
4303890,81,92,-4,76
4304400,7,28,-5,81
4304910,71,92,8,73
4305420,99,87,1,72
4305930,6,49,-6,78
4306440,70,93,-2,80
4306950,98,88,1,79
4307460,19,50,1,78
4307970,83,12,1,77
4308480,15,29,-2,79
4308990,79,93,1,78
4309500,5,11,-6,84
4310010,69,18,11,73
4310520,1,35,-3,76
4311030,65,42,-3,79
4311540,93,49,-1,80
4312050,13,52,0,80
4312560,77,14,5,75
4313070,9,31,-6,81
4313580,73,95,6,75
4314090,101,90,-1,76
4314600,8,52,-10,86
4315110,72,59,6,80
4315620,100,21,7,73
4316130,32,38,-10,83
4316640,33,0,-1,84
4317150,34,29,4,80
4317660,68,93,1,79
4318170,96,88,6,73
4318680,17,13,-8,81
4319190,12,77,1,80
4319700,76,84,1,79
4320210,2,2,1,78
4320720,99,51,2,76
4321230,19,71,-5,81
4321740,83,78,0,81
4322250,9,40,2,79
4322760,73,2,5,74
4323270,5,29,-10,84
4323780,69,93,4,80
4324290,97,88,3,77
4324800,4,95,-3,80
4325310,7,13,2,78
4325820,2,77,-1,79
4326330,66,19,0,79
4326840,100,26,1,78
4327350,21,43,0,78
4327860,85,5,3,75
4328370,82,22,-1,76
4328880,14,39,-7,83
4329390,78,1,13,70
4329900,10,28,-14,84
4330410,74,92,12,72
4330920,0,28,-8,80
4331430,64,92,7,73
4331940,92,87,1,72
4332450,13,12,-9,81
4332960,8,76,1,80
4333470,72,83,1,79
4333980,100,84,2,77
4334490,7,46,0,77
4335000,71,8,4,73
4335510,3,25,-2,75
4336020,67,89,0,75
4336530,95,88,2,73
4337040,2,95,-11,84
4337550,5,0,11,73
4338060,0,49,-6,79
4338570,64,93,5,74
4339080,92,92,-2,76
4339590,13,17,0,76
4340100,8,81,-3,79
4340610,72,88,8,71
4341120,100,87,-5,76
4341630,7,49,-5,81
4342140,71,78,-2,83
4342650,99,85,9,74
4343160,6,3,-3,77
4343670,1,52,-3,80
4344180,65,96,7,73
4344690,93,95,1,72
4345200,75,20,-7,79
4345710,7,37,-3,82
4346220,71,101,10,72
4346730,76,5,-1,73
4347240,8,22,-14,87
4347750,72,86,16,71
4348260,100,92,-1,72
4348770,7,10,-8,80
4349280,6,17,1,79
4349790,70,81,3,76
4350300,98,17,-1,77
4350810,80,34,-1,78
4351320,0,41,-6,84
4351830,64,48,3,81
4352340,92,10,8,73
4352850,24,27,-7,80
4353360,19,91,-3,83
4353870,22,98,6,77
4354380,25,3,-1,78
4354890,26,26,-10,88
4355400,21,90,5,83
4355910,24,97,-4,87
4356420,27,2,7,80
4356930,28,25,-7,87
4357440,23,89,8,79
4357950,26,96,-5,84
4358460,29,1,1,83
4358970,30,24,0,83
4359480,25,88,-4,87
4359990,89,95,6,81
4360500,85,13,8,73
4361010,67,30,-6,79
4361520,89,37,7,72
4362030,9,44,-7,79
4362540,73,6,9,70
4363050,5,23,-11,81
4363560,69,87,5,76
4364070,97,93,-5,81
4364580,79,18,7,74
4365090,11,35,-4,78
4365600,75,99,4,74
4366110,80,3,4,70
4366620,12,30,-15,85
4367130,76,94,12,73
4367640,81,100,-4,77
4368150,86,4,-2,79
4368660,68,31,-3,82
4369170,98,38,10,72
4369680,18,58,-8,80
4370190,82,20,9,71
4370700,14,37,-6,77
4371210,78,101,3,74
4371720,83,5,1,73
4372230,65,32,-5,78
4372740,87,39,-1,79
4373250,7,42,3,76
4373760,71,4,1,75
4374270,3,31,-6,81
4374780,67,95,5,76
4375290,72,101,2,74
4375800,77,5,-1,75
4376310,59,32,-8,83
4376820,89,39,8,75
4377330,9,42,-2,77
4377840,73,4,4,73
4378350,5,31,-6,79
4378860,69,95,3,76
4379370,74,101,2,74
4379880,79,5,0,74
4380390,61,32,-6,80
4380900,83,39,1,79
4381410,3,42,5,74
4381920,67,4,3,71
4382430,101,31,-6,77
4382940,21,51,2,75
4383450,85,13,1,74
4383960,67,30,-7,81
4384470,89,37,8,73
4384980,9,44,-11,84
4385490,73,6,12,72
4386000,5,33,-4,76
4386510,69,97,1,75
4387020,74,1,6,69
4387530,56,28,-25,94
4388040,57,35,14,80
4388550,100,42,4,76
4389060,20,45,-2,78
4389570,84,55,-7,85
4390080,4,62,6,79
4390590,68,69,-4,83
4391100,100,76,8,75
4391610,20,96,0,75
4392120,28,1,-5,80
4392630,29,24,-2,82
4393140,24,88,-2,84
4393650,88,95,7,77
4394160,70,101,4,73
4394670,75,5,1,72
4395180,57,32,-13,85
4395690,79,39,6,79
4396200,101,42,4,75
4396710,21,45,-6,81
4397220,2,7,1,80
4397730,1,14,6,74
4398240,65,78,-5,79
4398750,46,84,2,77
4399260,27,90,-10,87
4399770,91,97,7,80
4400280,73,1,3,77
4400790,55,28,-6,83
4401300,98,35,4,79
4401810,18,38,-1,80
4402320,13,0,-1,81
4402830,6,49,-5,86
4403340,70,56,-3,89
4403850,98,18,18,71
4404360,80,35,-5,76
4404870,0,42,-3,79
4405380,64,49,-7,86
4405890,92,11,6,80
4406400,74,28,7,73
4406910,96,31,-1,74
4407420,16,34,-4,78
4407930,80,98,-2,80
4408440,62,34,-3,83
4408950,84,41,7,76
4409460,4,44,-4,80
4409970,68,51,-7,87
4410480,100,13,9,78
4410990,82,30,2,76
4411500,2,37,3,73
4412010,66,57,-6,79
4412520,98,63,1,78
4413030,18,83,3,75
4413540,82,90,-3,78
4414050,64,96,5,73
4414560,45,0,-16,89
4415070,46,29,11,78
4415580,47,36,-3,81
4416090,62,100,9,72
4416600,43,73,-15,87
4417110,5,72,-3,90
4417620,69,79,8,82
4418130,55,15,-2,84
4418640,89,22,5,79
4419150,33,39,-5,84
4419660,19,1,7,77
4420170,14,30,-6,83
4420680,9,94,0,83
4421190,17,12,4,79
4421700,12,76,2,77
4422210,76,83,4,73
4422720,58,19,-10,83
4423230,101,26,3,80
4423740,21,43,3,77
4424250,85,5,1,76
4424760,67,95,0,76
4425270,49,101,-4,80
4425780,50,6,7,73
4426290,84,38,-4,77
4426800,4,41,-2,79
4427310,68,48,-3,82
4427820,73,55,10,72
4428330,95,61,-7,79
4428840,15,68,-2,81
4429350,79,22,6,75
4429860,101,39,-1,76
4430370,21,42,-3,79
4430880,85,4,8,71
4431390,67,94,-6,77
4431900,49,100,2,75
4432410,30,5,-8,83
4432920,31,16,2,81
4433430,26,23,4,77
4433940,21,87,-5,82
4434450,85,94,10,72
4434960,67,100,-7,79
4435470,72,4,9,70
4435980,54,94,-8,78
4436490,35,67,-3,81
4437000,16,66,-1,82
4437510,80,73,2,80
4438020,62,84,4,76
4438530,48,90,-2,78
4439040,49,63,-4,82
4439550,35,62,3,79
4440060,16,24,-1,80
4440570,11,88,2,78
4441080,19,95,-2,80
4441590,27,0,0,80
4442100,22,25,-3,83
4442610,17,89,-1,84
4443120,25,96,3,81
4443630,28,1,3,78
4444140,29,24,-1,79
4444650,11,88,1,78
4445160,19,95,-6,84
4445670,27,0,-2,86
4446180,28,23,7,79
4446690,23,87,-4,83
4447200,26,94,1,82
4447710,29,101,1,81
4448220,32,6,-2,83
4448730,33,29,1,82
4449240,36,93,1,81
4449750,39,55,1,80
4450260,25,38,-1,81
4450770,20,0,5,76
4451280,13,23,-5,81
4451790,8,87,8,73
4452300,16,5,-3,76
4452810,9,28,-4,80
4453320,73,92,5,75
4453830,59,98,-4,79
4454340,60,2,2,77
4454850,86,32,2,75
4455360,6,31,-8,83
4455870,70,95,10,73
4456380,52,101,-7,80
4456890,33,100,-8,88
4457400,97,5,6,82
4457910,79,95,5,77
4458420,65,101,-2,79
4458930,61,100,0,79
4459440,57,73,-4,83
4459950,43,79,-3,86
4460460,5,78,3,83
4460970,69,85,9,74
4461480,55,91,-3,77
4461990,51,64,-8,85
4462500,37,63,1,84
4463010,23,62,-5,89
4463520,87,24,8,81
4464030,7,41,-4,85
4464540,71,3,11,74
4465050,97,33,-3,77
4465560,38,32,-11,88
4466070,99,43,10,78
4466580,19,42,-1,79
4467090,83,4,6,73
4467600,65,94,-2,75
4468110,51,93,-3,78
4468620,54,66,2,76
4469130,2,65,-4,80
4469640,40,7,0,80
4470150,41,30,-1,81
4470660,67,94,9,72
4471170,54,93,-8,80
4471680,57,66,-7,87
4472190,43,65,2,85
4472700,29,64,4,81
4473210,93,26,6,75
4473720,13,25,-5,80
4474230,8,89,3,77
4474740,16,96,-3,80
4475250,19,1,5,75
4475760,12,50,-5,80
4476270,31,12,2,78
4476780,32,19,2,76
4477290,27,26,-9,85
4477800,22,90,-6,91
4478310,86,97,15,76
4478820,68,33,-11,87
4479330,9,40,9,78
4479840,73,2,3,75
4480350,99,29,-3,78
4480860,19,28,-2,80
4481370,14,84,1,79
4481880,22,91,-3,82
4482390,25,98,-2,84
4482900,28,3,-2,86
4483410,29,52,3,83
4483920,24,14,2,81
4484430,19,78,-8,89
4484940,83,85,10,79
4485450,65,91,3,76
4485960,13,97,-8,84
4486470,21,15,8,76
4486980,16,79,-7,83
4487490,12,86,3,80
4488000,20,93,6,74
4488510,23,11,-7,81
4489020,18,34,-5,86
4489530,13,98,9,77
4490040,21,16,0,77
4490550,16,80,-7,84
4491060,19,87,6,78
4491570,22,94,4,74
4492080,25,101,-7,81
4492590,28,6,-2,83
4493100,29,29,0,83
4493610,24,93,7,76
4494120,27,66,-5,81
4494630,91,28,7,74
4495140,11,27,-8,82
4495650,6,91,7,75
4496160,9,9,-2,77
4496670,4,73,-4,81
4497180,68,80,-1,82
4497690,54,16,-1,83
4498200,97,23,9,74
4498710,21,40,-6,80
4499220,16,2,7,73
4499730,9,51,-5,78
4500240,73,58,-10,88
4500750,101,69,2,86
4501260,21,68,9,77
4501770,85,30,-5,82
4502280,5,29,1,81
4502790,69,93,6,75
4503300,55,99,-2,77
4503810,58,72,-4,81
4504320,6,71,-4,85
4504830,70,78,11,74
4505340,56,14,-7,81
4505850,99,37,3,78
4506360,19,36,-4,82
4506870,14,100,4,78
4507380,17,18,1,77
4507890,12,82,-2,79
4508400,15,89,3,76
4508910,18,7,-6,82
4509420,13,30,1,81
4509930,8,94,2,79
4510440,11,12,-2,81
4510950,6,76,-1,82
4511460,70,83,3,79
4511970,56,89,2,77
4512480,43,88,-3,80
4512990,29,87,-7,87
4513500,93,94,9,78
4514010,75,100,-6,84
4514520,61,99,3,81
4515030,48,72,-5,86
4515540,43,71,-3,89
4516050,38,70,0,89
4516560,33,69,0,89
4517070,28,68,0,89
4517580,92,30,6,83
4518090,12,29,0,83
4518600,7,93,3,80
4519110,10,11,-11,91
4519620,9,22,14,77
4520130,4,86,0,77
4520640,7,4,-4,81
4521150,2,53,0,81
4521660,66,60,-1,82
4522170,94,66,-1,83
4522680,14,72,2,81
4523190,78,79,3,78
4523700,64,85,0,78
4524210,12,91,0,78
4524720,20,9,0,78
4525230,15,20,0,78
4525740,10,84,2,76
4526250,13,2,-5,81
4526760,6,51,2,79
4527270,70,71,1,78
4527780,18,70,-7,85
4528290,82,77,10,75
4528800,64,83,0,75
4529310,12,82,-9,84
4529820,76,89,3,81
4530330,24,75,1,80
4530840,27,37,1,79
4531350,22,101,-3,82
4531860,25,78,7,75
4532370,28,40,-8,83
4532880,23,2,-4,87
4533390,18,27,7,80
4533900,13,91,-2,82
4534410,16,9,7,75
4534920,11,20,-3,78
4535430,6,84,1,77
4535940,9,2,1,76
4536450,4,51,-4,80
4536960,68,58,-3,83
4537470,16,20,6,77
4537980,11,84,-6,83
4538490,14,91,8,75
4539000,17,9,-6,81
4539510,12,20,7,74
4540020,7,84,-6,80
4540530,15,2,0,80
4541040,10,51,3,77
4541550,74,13,2,75
4542060,6,30,-5,80
4542570,70,94,7,73
4543080,57,93,-3,76
4543590,44,92,-8,84
4544100,47,91,9,75
4544610,97,90,3,72
4545120,79,89,-2,74
4545630,65,88,-2,76
4546140,52,87,0,76
4546650,0,86,0,76
4547160,3,4,-5,81
4547670,100,53,5,76
4548180,20,56,-4,80
4548690,84,18,5,75
4549200,12,35,-7,82
4549710,76,99,8,74
4550220,58,98,-5,79
4550730,6,97,3,76
4551240,9,15,-3,79
4551750,4,79,5,74
4552260,7,99,-1,75
4552770,15,17,-3,78
4553280,80,81,0,78
4553790,62,80,5,73
4554300,10,86,-5,78
4554810,18,4,1,77
4555320,13,15,-4,81
4555830,8,79,3,78
4556340,11,86,1,77
4556850,19,4,-5,82
4557360,12,53,2,80
4557870,76,15,10,70
4558380,4,32,-5,75
4558890,68,96,0,75
4559400,55,95,-5,80
4559910,3,94,2,78
4560420,6,12,3,75
4560930,1,76,-3,78
4561440,4,40,-5,83
4561950,68,2,11,72
4562460,50,32,-9,81
4562970,93,39,-3,84
4563480,13,38,7,77
4563990,77,0,2,75
4564500,59,27,-8,83
4565010,0,34,6,77
4565520,64,98,3,74
4566030,57,97,0,74
4566540,5,96,-1,75
4567050,13,14,-4,79
4567560,8,78,4,75
4568070,16,98,-10,85
4568580,24,16,8,77
4569090,19,80,-8,85
4569600,83,87,14,71
4570110,65,86,-6,77
4570620,13,85,-1,78
4571130,21,3,-4,82
4571640,66,14,6,76
4572150,100,31,-6,82
4572660,28,30,3,79
4573170,10,94,0,79
4573680,74,12,6,73
4574190,56,29,-8,81
4574700,99,36,7,74
4575210,19,35,-8,82
4575720,14,99,9,73
4576230,22,17,-4,77
4576740,17,81,-2,79
4577250,20,88,-1,80
4577760,23,95,-2,82
4578270,26,57,2,80
4578780,27,19,3,77
4579290,9,83,-8,85
4579800,12,90,11,74
4580310,20,8,-5,79
4580820,13,19,1,78
4581330,12,83,0,78
4581840,20,90,-7,85
4582350,23,97,8,77
4582860,26,2,-5,82
4583370,27,51,-1,83
4583880,28,13,4,79
4584390,29,20,-2,81
4584900,24,84,-4,85
4585410,27,46,8,77
4585920,77,8,2,75
4586430,59,25,-11,86
4586940,0,32,13,73
4587450,64,96,0,73
4587960,60,95,-9,82
4588470,8,94,4,78
4588980,16,12,-2,80
4589490,15,76,-2,82
4590000,79,83,1,81
4590510,61,82,8,73
4591020,9,81,-6,79
4591530,73,101,2,77
4592040,55,100,-1,78
4592550,3,99,-1,79
4593060,6,17,2,77
4593570,5,81,4,73
4594080,13,101,-6,79
4594590,21,19,2,77
4595100,16,83,-4,81
4595610,19,90,4,77
4596120,22,97,0,77
4596630,25,15,-2,79
4597140,18,79,-4,83
4597650,82,86,3,80
4598160,64,85,5,75
4598670,12,84,-5,80
4599180,20,91,2,78
4599690,23,98,3,75
4600200,26,60,-7,82
4600710,27,22,-1,83
4601220,22,86,-5,88
4601730,86,93,10,78
4602240,68,92,0,78
4602750,50,91,5,73
4603260,100,90,-1,74
4603770,82,89,-4,78
4604280,64,50,-7,85
4604790,12,12,5,80
4605300,7,76,3,77
4605810,10,18,-6,83
4606320,9,82,5,78
4606830,12,0,3,75
4607340,5,49,-6,81
4607850,69,56,-3,84
4608360,17,18,11,73
4608870,12,82,-8,81
4609380,76,89,6,75
4609890,58,88,-2,77
4610400,51,87,-10,87
4610910,101,86,14,73
4611420,83,48,-5,78
4611930,3,47,-2,80
4612440,67,54,-1,81
4612950,15,16,5,76
4613460,10,80,-8,84
4613970,74,87,9,75
4614480,56,86,-2,77
4614990,49,85,-6,83
4615500,50,58,-2,85
4616010,100,57,-2,87
4616520,20,56,2,85
4617030,84,18,9,76
4617540,66,35,-6,82
4618050,67,34,2,80
4618560,97,33,2,78
4619070,25,32,0,78
4619580,20,96,5,73
4620090,23,14,-1,74
4620600,16,78,-10,84
4621110,80,85,8,76
4621620,62,84,-2,78
4622130,10,83,-2,80
4622640,18,40,1,79
4623150,82,2,2,77
4623660,64,92,0,77
4624170,57,91,0,77
4624680,5,90,0,77
4625190,8,8,3,74
4625700,7,72,-3,77
4626210,71,92,4,73
4626720,53,98,-9,82
4627230,54,97,9,73
4627740,2,70,-6,79
4628250,66,12,1,78
4628760,67,44,-7,85
4629270,68,51,5,80
4629780,69,13,0,80
4630290,70,30,1,79
4630800,100,29,1,78
4631310,20,70,-3,81
4631820,84,32,6,75
4632330,4,31,-6,81
4632840,68,95,0,81
4633350,61,94,3,78
4633860,54,93,-1,79
4634370,2,66,-2,81
4634880,66,8,10,71
4635390,67,25,-7,78
4635900,68,24,2,76
4636410,69,23,-6,82
4636920,70,22,9,73
4637430,100,21,-9,82
4637940,82,38,9,73
4638450,2,37,-2,75
4638960,66,57,-8,83
4639470,67,19,4,79
4639980,68,42,-3,82
4640490,69,49,-1,83
4641000,97,48,7,76
4641510,17,51,-3,79
4642020,81,13,5,74
4642530,63,30,-10,84
4643040,4,37,7,77
4643550,68,101,0,77
4644060,61,100,2,75
4644570,9,73,-10,85
4645080,73,15,11,74
4645590,74,38,-11,85
4646100,96,37,8,77
4646610,16,61,-2,79
4647120,80,23,2,77
4647630,81,22,-3,80
4648140,82,21,6,74
4648650,83,20,1,73
4649160,28,19,-5,78
4649670,29,83,-5,83
4650180,30,45,6,77
4650690,12,7,-5,82
4651200,5,18,5,77
4651710,4,82,-5,82
4652220,68,24,3,79
4652730,69,47,0,79
4653240,70,54,-5,84
4653750,71,16,8,76
4654260,72,39,-5,81
4654770,0,46,2,79
4655280,64,66,-4,83
4655790,12,77,3,80
4656300,76,84,3,77
4656810,58,83,-1,78
4657320,51,89,-4,82
4657830,13,88,-2,84
4658340,77,6,7,77
4658850,22,96,-2,79
4659360,86,14,6,73
4659870,68,31,-6,79
4660380,69,30,-3,82
4660890,70,37,4,78
4661400,100,40,5,73
4661910,20,43,-3,76
4662420,84,5,4,72
4662930,66,95,-1,73
4663440,59,94,-7,80
4663950,52,93,2,78
4664460,53,92,3,75
4664970,1,1,-5,80
4665480,12,50,5,75
4665990,76,12,-1,76
4666500,21,29,-2,78
4667010,14,93,5,73
4667520,22,11,-5,78
4668030,15,22,1,77
4668540,14,86,-2,79
4669050,78,28,3,76
4669560,6,27,0,76
4670070,70,91,2,74
4670580,18,12,-4,78
4671090,11,76,-1,79
4671600,75,18,0,79
4672110,76,17,4,75
4672620,77,39,-2,77
4673130,99,42,-1,78
4673640,19,45,-1,79
4674150,83,7,5,74
4674660,65,97,-2,76
4675170,61,96,-6,82
4675680,57,5,1,81
4676190,58,28,-2,83
4676700,101,35,7,76
4677210,21,76,-4,80
4677720,85,38,5,75
4678230,5,70,-8,83
4678740,69,12,4,79
4679250,70,35,-1,80
4679760,100,34,-1,81
4680270,20,75,0,81
4680780,84,37,2,79
4681290,4,40,2,77
4681800,68,2,6,71
4682310,13,32,-8,79
4682820,77,96,3,76
4683330,59,17,-7,83
4683840,60,24,5,78
4684350,61,47,-4,82
4684860,62,9,2,80
4685370,63,32,-1,81
4685880,64,39,2,79
4686390,65,46,0,79
4686900,93,0,5,74
4687410,75,90,-5,79
4687920,57,11,-3,82
4688430,58,34,-6,88
4688940,59,45,7,81
4689450,87,7,9,72
4689960,32,97,-9,81
4690470,33,59,-1,82
4690980,97,21,2,80
4691490,79,38,-1,81
4692000,101,37,4,77
4692510,21,78,-1,78
4693020,85,40,3,75
4693530,5,43,-5,80
4694040,69,5,10,70
4694550,14,95,-18,88
4695060,78,37,3,85
4695570,100,36,14,71
4696080,20,77,-9,80
4696590,84,39,6,74
4697100,4,42,-7,81
4697610,68,4,7,74
4698120,13,94,-10,84
4698630,77,12,12,72
4699140,22,29,-6,78
4699650,15,93,4,74
4700160,79,11,4,70
4700670,24,101,-8,78
4701180,88,19,7,71
4701690,9,36,-10,81
4702200,73,100,7,74
4702710,66,4,-1,75
4703220,67,94,-4,79
4703730,60,93,1,78
4704240,8,99,-4,82
4704750,72,17,4,78
4705260,73,16,1,77
4705770,74,39,-2,79
4706280,96,38,0,79
4706790,16,79,-2,81
4707300,80,86,7,74
4707810,62,14,-5,79
4708320,63,13,-3,82
4708830,64,36,5,77
4709340,5,35,-2,79
4709850,69,99,4,75
4710360,62,3,-8,83
4710870,63,37,-2,85
4711380,4,48,8,77
4711890,68,68,2,75
4712400,96,20,3,72
4712910,41,37,-12,84
4713420,42,101,2,82
4713930,43,63,0,82
4714440,93,69,6,76
4714950,0,75,-2,78
4715460,64,17,-1,79
4715970,65,40,0,79
4716480,87,47,2,77
4716990,7,46,1,76
4717500,71,8,-3,79
4718010,72,42,-1,80
4718520,94,49,-1,81
4719030,14,52,2,79
4719540,78,14,5,74
4720050,23,31,-5,79
4720560,24,95,-3,82
4721070,88,13,8,74
4721580,70,1,4,70
4722090,71,35,-9,79
4722600,93,38,2,77
4723110,13,37,-1,78
4723620,77,101,3,75
4724130,70,5,0,75
4724640,15,39,-5,80
4725150,79,1,9,71
4725660,24,31,-9,80
4726170,17,95,2,78
4726680,81,13,5,73
4727190,26,30,-7,80
4727700,40,94,1,79
4728210,41,28,-7,86
4728720,42,39,5,81
4729230,57,1,3,78
4729740,58,31,1,77
4730250,101,90,4,73
4730760,8,96,-6,79
4731270,72,14,4,75
4731780,73,37,-8,83
4732290,1,36,3,80
4732800,65,56,-1,81
4733310,93,67,2,79
4733820,0,73,3,76
4734330,64,15,1,75
4734840,65,38,-6,81
4735350,66,61,-1,82
4735860,94,72,6,76
4736370,1,78,-3,79
4736880,65,20,0,79
4737390,66,43,0,79
4737900,7,63,2,77
4738410,71,5,-1,78
4738920,72,35,-2,80
4739430,94,34,3,77
4739940,14,33,-3,80
4740450,78,97,5,75
4740960,60,25,-3,78
4741470,1,32,-1,79
4741980,65,52,-2,81
4742490,93,63,1,80
4743000,0,69,-2,82
4743510,64,11,7,75
4744020,65,34,-10,85
4744530,6,41,12,73
4745040,70,61,-7,80
4745550,98,72,1,79
4746060,5,78,4,75
4746570,69,20,2,73
4747080,70,43,-6,79
4747590,98,46,1,78
4748100,18,49,-1,79
4748610,82,11,4,75
4749120,27,45,-4,79
4749630,28,44,-5,84
4750140,14,6,6,78
4750650,7,17,-2,80
4751160,6,81,5,75
4751670,70,23,0,75
4752180,71,46,-6,81
4752690,99,69,6,75
4753200,6,75,-6,81
4753710,70,17,6,75
4754220,71,40,-8,83
4754730,99,63,3,80
4755240,6,86,0,80
4755750,14,28,5,75
4756260,13,92,-2,77
4756770,21,34,2,75
4757280,7,98,0,75
4757790,15,16,-7,82
4758300,14,80,5,77
4758810,78,22,1,76
4759320,101,45,-2,78
4759830,21,48,1,77
4760340,85,10,3,74
4760850,67,44,-8,82
4761360,95,47,7,75
4761870,15,50,-2,77
4762380,79,12,4,73
4762890,80,29,1,72
4763400,8,70,-6,78
4763910,72,12,2,76
4764420,73,29,5,71
4764930,95,70,-4,75
4765440,2,76,2,73
4765950,66,18,-6,79
4766460,67,59,-2,81
4766970,95,70,0,81
4767480,2,93,-1,82
4767990,66,11,5,77
4768500,67,40,-6,83
4769010,95,43,9,74
4769520,15,84,-7,81
4770030,79,26,2,79
4770540,7,67,0,79
4771050,71,9,3,76
4771560,72,43,-4,80
4772070,100,46,3,77
4772580,20,87,-5,82
4773090,84,94,8,74
4773600,66,100,0,74
4774110,62,4,-5,79
4774620,44,38,-13,92
4775130,30,49,3,89
4775640,23,55,-1,90
4776150,87,17,6,84
4776660,69,58,2,82
4777170,97,69,4,78
4777680,4,75,-7,85
4778190,68,17,11,74
4778700,69,58,-8,82
4779210,97,69,5,77
4779720,4,75,-4,81
4780230,68,17,0,81
4780740,69,40,-1,82
4781250,97,43,7,75
4781760,17,84,-8,83
4782270,81,26,7,76
4782780,2,67,3,73
4783290,66,9,-5,78
4783800,67,38,-9,87
4784310,68,45,9,78
4784820,96,52,-6,84
4785330,16,55,5,79
4785840,80,17,12,67
4786350,4,36,-15,82
4786860,68,100,9,73
4787370,64,4,-4,77
4787880,9,33,-5,82
4788390,73,97,8,74
4788900,55,1,-1,75
4789410,56,30,-7,82
4789920,57,37,-2,84
4790430,85,48,8,76
4790940,5,51,-2,78
4791450,69,95,4,74
4791960,97,101,-1,75
4792470,18,7,0,75
4792980,11,18,-4,79
4793490,10,82,1,78
4794000,74,24,0,78
4794510,97,65,-3,81
4795020,4,71,7,74
4795530,68,13,-9,83
4796040,69,42,2,81
4796550,15,66,-4,85
4797060,90,28,8,77
4797570,11,69,-2,79
4798080,75,11,9,70
4798590,101,23,-9,79
4799100,22,64,0,79
4799610,86,26,8,71
4800120,1,67,-11,82
4800630,65,9,7,75
4801140,66,38,-10,85
4801650,89,45,11,74
4802160,9,48,-6,80
4802670,73,10,4,76
4803180,99,39,0,76
4803690,19,80,-4,80
4804200,83,87,4,76
4804710,65,15,-2,78
4805220,66,44,-3,81
4805730,92,47,5,76
4806240,12,50,-7,83
4806750,76,12,7,76
4807260,0,24,0,76
4807770,64,88,-1,77
4808280,92,94,6,71
4808790,74,0,-6,77
4809300,56,34,-10,87
4809810,82,37,11,76
4810320,2,40,-2,78
4810830,66,84,2,76
4811340,89,95,-7,83
4811850,10,101,5,78
4812360,18,19,-1,79
4812870,11,83,-2,81
4813380,75,25,4,77
4813890,98,12,-1,78
4814400,80,24,2,76
4814910,1,67,-3,79
4815420,65,9,1,78
4815930,99,38,4,74
4816440,19,79,-9,83
4816950,83,86,9,74
4817460,65,92,-4,78
4817970,61,98,-5,83
4818480,57,7,-6,89
4818990,58,36,3,86
4819500,86,47,6,80
4820010,6,50,4,76
4820520,70,12,3,73
4821030,2,41,-2,75
4821540,66,85,-1,76
4822050,48,91,-3,79
4822560,44,0,-7,86
4823070,45,29,2,84
4823580,60,40,2,82
4824090,88,43,5,77
4824600,8,46,-4,81
4825110,72,8,3,78
4825620,98,7,3,75
4826130,80,19,-2,77
4826640,1,60,-3,80
4827150,65,2,4,76
4827660,10,36,-1,77
4828170,74,100,0,77
4828680,56,4,1,76
4829190,1,33,-6,82
4829700,65,53,4,78
4830210,47,64,-5,83
4830720,97,53,2,81
4831230,17,56,0,81
4831740,81,18,4,77
4832250,2,37,-3,80
4832760,66,27,0,80
4833270,33,50,3,77
4833780,83,56,-9,86
4834290,92,59,10,76
4834800,101,62,-5,81
4835310,21,68,0,81
4835820,85,75,5,76
4836330,67,86,0,76
4836840,13,75,-6,82
4837350,77,17,2,80
4837860,9,58,2,78
4838370,73,0,2,76
4838880,5,30,-2,78
4839390,69,94,3,75
4839900,97,100,1,74
4840410,79,32,-6,80
4840920,7,73,-3,83
4841430,71,15,10,73
4841940,97,44,-4,77
4842450,17,47,1,76
4842960,81,9,1,75
4843470,5,21,-5,80
4843980,4,85,7,73
4844490,12,3,-14,87
4845000,5,52,7,80
4845510,69,96,3,77
4846020,97,0,3,74
4846530,79,34,-9,83
4847040,101,37,10,73
4847550,21,78,-5,78
4848060,85,85,6,72
4848570,67,93,-7,79
4849080,63,82,-4,83
4849590,11,71,-2,85
4850100,75,13,8,77
4850610,101,25,2,75
4851120,83,66,-7,82
4851630,92,72,0,82
4852140,101,78,10,72
4852650,8,84,-6,78
4853160,75,2,4,74
4853670,57,36,-10,84
4854180,85,43,7,77
4854690,5,63,1,76
4855200,69,83,-2,78
4855710,51,72,-3,81
4856220,101,78,13,68
4856730,8,84,-10,78
4857240,72,26,2,76
4857750,95,67,-5,81
4858260,2,11,2,79
4858770,1,75,6,73
4859280,65,95,-2,75
4859790,11,101,-4,79
4860300,19,19,-2,81
4860810,1,83,3,78
4861320,65,73,-1,79
4861830,93,59,-4,83
4862340,0,79,8,75
4862850,64,21,-1,76
4863360,5,62,-7,83
4863870,69,4,10,73
4864380,14,33,-7,80
4864890,78,97,8,72
4865400,60,86,-2,74
4865910,8,92,-4,78
4866420,72,10,-3,81
4866930,4,22,5,76
4867440,68,86,1,75
4867950,96,75,-5,80
4868460,3,81,7,73
4868970,67,101,-1,74
4869480,26,87,-9,83
4869990,90,49,1,82
4870500,10,52,0,82
4871010,74,14,8,74
4871520,19,26,-4,78
4872030,5,90,-4,82
4872540,69,8,4,78
4873050,95,37,2,76
4873560,15,78,-8,84
4874070,79,40,4,80
4874580,101,43,1,79
4875090,21,46,2,77
4875600,85,8,6,71
4876110,67,20,-8,79
4876620,8,61,-3,82
4877130,72,23,5,77
4877640,0,64,-7,84
4878150,64,6,13,71
4878660,9,18,-8,79
4879170,8,82,-3,82
4879680,72,24,-1,83
4880190,13,65,-2,85
4880700,77,27,10,75
4881210,5,68,-3,78
4881720,69,10,2,76
4882230,95,22,-6,82
4882740,19,63,-2,84
4883250,86,25,5,79
4883760,14,66,-2,81
4884270,78,19,7,74
4884780,2,48,0,74
4885290,66,10,-6,80
4885800,92,39,12,68
4886310,12,42,-17,85
4886820,76,4,11,74
4887330,0,16,-3,77
4887840,64,80,-4,81
4888350,12,69,-1,82
4888860,76,31,7,75
4889370,4,34,-1,76
4889880,68,4,0,76
4890390,13,34,-6,82
4890900,77,98,5,77
4891410,55,2,-8,85
4891920,56,31,0,85
4892430,99,42,5,80
4892940,19,45,0,80
4893450,83,7,4,76
4893960,65,19,-2,78
4894470,6,60,2,76
4894980,70,22,-5,81
4895490,100,63,2,79
4896000,7,69,-8,87
4896510,71,11,12,75
4897020,16,23,-6,81
4897530,15,87,6,75
4898040,79,31,-5,80
4898550,101,38,0,80
4899060,21,79,7,73
4899570,85,23,-2,75
4900080,13,64,-7,82
4900590,77,26,4,78
4901100,5,67,-2,80
4901610,69,9,2,78
4902120,14,38,-7,85
4902630,78,0,10,75
4903140,23,27,-4,79
4903650,9,91,-3,82
4904160,73,9,11,71
4904670,18,21,-12,83
4905180,4,85,12,71
4905690,68,3,-4,75
4906200,13,33,-8,83
4906710,77,97,8,75
4907220,59,86,-3,78
4907730,87,92,7,71
4908240,69,98,-9,80
4908750,47,84,-1,81
4909260,9,54,4,77
4909770,73,16,2,75
4910280,18,45,-6,81
4910790,82,7,2,79
4911300,64,19,-1,80
4911810,5,60,-2,82
4912320,69,2,8,74
4912830,14,14,-11,85
4913340,13,78,4,81
4913850,77,20,3,78
4914360,0,61,0,78
4914870,64,3,3,75
4915380,9,85,-11,86
4915890,73,27,8,78
4916400,1,68,-8,86
4916910,65,10,9,77
4917420,10,37,-5,82
4917930,74,101,9,73
4918440,52,5,-11,84
4918950,53,34,2,82
4919460,96,45,1,81
4919970,16,48,2,79
4920480,80,10,5,74
4920990,4,22,-5,79
4921500,68,86,7,72
4922010,50,92,-7,79
4922520,100,62,1,78
4923030,20,65,-5,83
4923540,84,27,14,69
4924050,12,68,-14,83
4924560,76,30,4,79
4925070,98,37,2,77
4925580,18,78,-6,83
4926090,82,22,1,82
4926600,10,63,5,77
4927110,74,25,0,77
4927620,2,66,-3,80
4928130,66,8,4,76
4928640,11,20,-2,78
4929150,10,84,-2,80
4929660,74,26,8,72
4930170,2,67,-12,84
4930680,66,9,8,76
4931190,92,21,-2,78
4931700,20,62,0,78
4932210,84,24,-3,81
4932720,12,65,2,79
4933230,76,27,3,76
4933740,4,68,-8,84
4934250,68,10,8,76
4934760,13,22,-6,82
4935270,12,86,1,81
4935780,15,28,0,81
4936290,14,92,2,79
4936800,17,10,-7,86
4937310,10,21,3,83
4937820,9,85,-6,89
4938330,73,27,12,77
4938840,1,68,2,75
4939350,4,10,0,75
4939860,3,74,1,74
4940370,6,86,-4,78
4940880,9,4,-1,79
4941390,2,53,-2,81
4941900,66,97,6,75
4942410,12,70,-10,85
4942920,76,12,12,73
4943430,0,24,-6,79
4943940,64,88,0,79
4944450,12,58,1,78
4944960,76,20,-6,84
4945470,4,61,5,79
4945980,68,3,7,72
4946490,13,33,-14,86
4947000,77,97,6,80
4947510,23,67,1,79
4948020,87,29,3,76
4948530,15,70,-4,80
4949040,79,77,3,77
4949550,25,85,0,77
4950060,28,29,-8,85
4950570,14,93,6,79
4951080,17,11,-1,80
4951590,10,22,8,72
4952100,74,86,-6,78
4952610,20,92,-2,80
4953120,23,36,-3,83
4953630,9,100,2,81
4954140,91,18,11,70
4954650,19,30,-9,79
4955160,5,94,-5,84
4955670,53,12,7,77
4956180,96,41,1,76
4956690,16,44,-4,80
4957200,80,6,6,74
4957710,4,18,-2,76
4958220,68,82,-2,78
4958730,14,52,-4,82
4959240,78,14,6,76
4959750,6,26,-9,85
4960260,5,90,11,74
4960770,53,8,-11,85
4961280,54,37,4,81
4961790,69,48,-5,86
4962300,99,54,11,75
4962810,19,57,-5,80
4963320,83,19,6,74
4963830,11,31,-3,77
4964340,75,95,-1,78
4964850,21,101,-1,79
4965360,24,74,-6,85
4965870,88,18,7,78
4966380,16,30,4,74
4966890,2,94,-6,80
4967400,5,58,3,77
4967910,69,0,4,73
4968420,14,30,-8,81
4968930,78,94,6,75
4969440,56,100,-3,78
4969950,2,73,0,78
4970460,66,37,-6,84
4970970,96,44,5,79
4971480,16,47,-1,80
4971990,80,50,-3,83
4972500,0,53,6,77
4973010,64,97,-4,81
4973520,10,70,-4,85
4974030,74,34,8,77
4974540,2,37,-2,79
4975050,66,101,7,72
4975560,12,74,-7,79
4976070,15,38,-2,81
4976580,79,0,8,73
4977090,61,30,-7,80
4977600,91,37,2,78
4978110,19,40,-4,82
4978620,83,2,8,74
4979130,65,32,-7,81
4979640,95,35,6,75
4980150,23,76,-7,82
4980660,87,38,10,72
4981170,7,41,-2,74
4981680,71,3,-1,75
4982190,53,33,-4,79
4982700,83,36,3,76
4983210,3,39,-6,82
4983720,67,1,2,80
4984230,12,31,3,77
4984740,76,95,2,75
4985250,22,101,-5,80
4985760,25,45,0,80
4986270,6,7,5,75
4986780,5,71,-7,82
4987290,69,35,0,82
4987800,99,38,8,74
4988310,27,79,-6,80
4988820,91,23,11,69
4989330,19,35,-10,79
4989840,5,99,3,76
4990350,53,17,-6,82
4990860,83,24,9,73
4991370,11,65,-12,85
4991880,75,29,10,75
4992390,3,52,-1,76
4992900,67,16,0,76
4993410,97,57,-1,77
4993920,17,63,-7,84
4994430,81,25,13,71
4994940,9,66,-7,78
4995450,73,28,-3,81
4995960,1,51,2,79
4996470,65,13,-2,81
4996980,91,25,6,75
4997490,19,66,-5,80
4998000,83,28,6,74
4998510,11,69,-12,86
4999020,75,33,6,80
4999530,3,40,-1,81
5000040,67,2,6,75
5000550,93,32,0,75
5001060,21,73,-4,79
5001570,78,65,2,77
5002080,24,71,-5,82
5002590,88,33,11,71
5003100,16,74,-5,76
5003610,80,18,-5,81
5004120,8,30,5,76
5004630,72,94,-2,78
5005140,18,100,-2,80
5005650,21,44,5,75
5006160,85,6,3,72
5006670,67,18,0,72
5007180,97,59,-7,79
5007690,17,62,0,79
5008200,81,24,3,76
5008710,9,65,-10,86
5009220,6,29,11,75
5009730,70,93,-4,79
5010240,16,63,-1,80
5010750,4,25,-2,82
5011260,68,89,7,75
5011770,14,95,-1,76
5012280,17,13,-5,81
5012790,100,10,1,80
5013300,82,22,2,78
5013810,10,63,-1,79
5014320,74,27,1,78
5014830,2,68,-4,82
5015340,66,32,2,80
5015850,96,39,7,73
5016360,16,80,-7,80
5016870,80,24,4,76
5017380,8,65,-3,79
5017890,72,29,-1,80
5018400,0,36,0,80
5018910,64,100,13,67
5019420,10,73,-17,84
5019930,74,37,5,79
5020440,6,40,-5,84
5020950,70,2,9,75
5021460,96,32,-1,76
5021970,24,73,0,76
5022480,27,35,-5,81
5022990,13,99,-1,82
5023500,16,17,1,81
5024010,15,81,3,78
5024520,79,45,-2,80
5025030,101,48,6,74
5025540,21,68,-5,79
5026050,85,30,-2,81
5026560,13,71,-1,82
5027070,77,15,5,77
5027580,1,27,2,75
5028090,65,91,-1,76
5028600,11,61,1,75
5029110,75,23,-3,78
5029620,3,64,1,77
5030130,67,28,-2,79
5030640,97,35,6,73
5031150,17,76,-7,80
5031660,81,20,5,75
5032170,9,61,-4,79
5032680,73,25,-1,80
5033190,1,66,-4,84
5033700,65,30,9,75
5034210,11,37,-4,79
5034720,75,101,8,71
5035230,53,71,-11,82
5035740,1,41,2,80
5036250,65,3,7,73
5036760,91,33,0,73
5037270,11,74,-4,77
5037780,75,38,-8,85
5038290,86,41,5,80
5038800,11,44,-1,81
5039310,75,6,2,79
5039820,101,36,1,78
5040330,21,77,1,77
5040840,24,21,-4,81
5041350,5,85,4,77
5041860,8,49,-3,80
5042370,72,11,5,75
5042880,98,43,-5,80
5043390,18,46,-1,81
5043900,82,8,9,72
5044410,64,20,-7,79
5044920,10,27,-1,80
5045430,9,91,-9,89
5045940,12,55,7,82
5046450,76,17,4,78
5046960,4,49,0,78
5047470,68,13,0,78
5047980,94,45,-1,79
5048490,14,48,-2,81
5049000,78,10,4,77
5049510,2,22,0,77
5050020,66,86,0,77
5050530,12,56,-7,84
5051040,76,18,7,77
5051550,4,50,-7,84
5052060,68,12,12,72
5052570,94,44,-6,78
5053080,14,47,2,76
5053590,78,9,-4,80
5054100,60,41,-3,83
5054610,6,3,3,80
5055120,5,52,2,78
5055630,69,14,-1,79
5056140,95,46,0,79
5056650,15,49,1,78
5057160,79,11,8,70
5057670,3,23,-8,78
5058180,67,87,3,75
5058690,13,57,-6,81
5059200,77,19,7,74
5059710,5,51,-1,75
5060220,69,15,-2,77
5060730,0,47,1,76
5061240,64,91,0,76
5061750,10,61,-6,82
5062260,74,25,4,78
5062770,2,57,-5,83
5063280,66,21,-3,86
5063790,7,53,4,82
5064300,71,17,6,76
5064810,97,49,0,76
5065320,17,52,3,73
5065830,81,14,0,73
5066340,5,46,-6,79
5066850,69,8,7,72
5067360,95,40,-4,76
5067870,15,43,2,74
5068380,79,5,1,73
5068890,3,35,-7,80
5069400,67,99,7,73
5069910,13,69,-13,86
5070420,92,31,9,77
5070930,12,72,-8,85
5071440,76,16,9,76
5071950,4,48,1,75
5072460,68,92,4,71
5072970,14,62,-13,84
5073480,78,24,7,77
5073990,34,56,-1,78
5074500,15,26,-2,80
5075010,10,90,1,79
5075520,18,8,-3,82
5076030,11,19,3,79
5076540,10,83,5,74
5077050,18,1,-11,85
5077560,11,50,10,75
5078070,75,12,5,70
5078580,55,44,-12,82
5079090,83,6,4,78
5079600,65,36,-2,80
5080110,87,59,1,79
5080620,7,62,-4,83
5081130,71,4,11,72
5081640,97,36,-5,77
5082150,17,77,-3,80
5082660,81,21,1,79
5083170,9,53,0,79
5083680,73,15,7,72
5084190,99,47,-7,79
5084700,19,50,3,76
5085210,83,12,3,73
5085720,7,44,-11,84
5086230,71,6,11,73
5086740,97,38,-3,76
5087250,17,79,-1,77
5087760,20,23,-9,86
5088270,15,4,-2,88
5088780,8,53,7,81
5089290,72,15,5,76
5089800,98,47,-1,77
5090310,18,50,-1,78
5090820,70,12,1,77
5091330,96,44,1,76
5091840,16,47,-3,79
5092350,80,9,7,72
5092860,62,41,-11,83
5093370,8,3,8,75
5093880,9,52,-10,85
5094390,73,14,8,77
5094900,99,46,3,74
5095410,19,49,-6,80
5095920,83,46,-3,83
5096430,3,49,3,80
5096940,67,11,3,77
5097450,101,43,2,75
5097960,21,84,-6,81
5098470,85,28,0,81
5098980,13,69,0,81
5099490,77,31,5,76
5100000,99,54,0,76
5100510,19,57,-4,80
5101020,83,19,5,75
5101530,11,51,-3,78
5102040,75,13,-3,81
5102550,7,45,5,76
5103060,71,7,-1,77
5103570,97,39,2,75
5104080,17,80,-7,82
5104590,20,24,10,72
5105100,50,88,-5,77
5105610,78,61,-9,86
5106120,24,43,3,83
5106630,6,5,-3,86
5107140,5,54,8,78
5107650,69,16,-3,81
5108160,95,48,3,78
5108670,15,51,3,75
5109180,79,13,0,75
5109690,3,45,-3,78
5110200,67,7,2,76
5110710,93,39,1,75
5111220,13,80,-6,81
5111730,77,24,1,80
5112240,99,65,3,77
5112750,19,68,-8,85
5113260,83,30,5,80
5113770,3,71,0,80
5114280,67,35,-4,84
5114790,97,38,8,76
5115300,17,79,-4,80
5115810,20,23,5,75
5116320,2,87,-6,81
5116830,5,5,6,75
5117340,4,54,-10,85
5117850,68,16,10,75
5118360,94,48,-7,82
5118870,14,51,-2,84
5119380,78,13,8,76
5119890,2,45,-5,81
5120400,66,7,8,73
5120910,92,39,-2,75
5121420,12,80,-5,80
5121930,15,24,2,78
5122440,10,88,1,77
5122950,18,6,0,77
5123460,0,29,3,74
5123970,64,93,-1,75
5124480,10,66,-9,84
5124990,74,10,8,76
5125500,100,42,2,74
5126010,20,83,-8,82
5126520,23,27,3,79
5127030,5,91,2,77
5127540,13,9,-5,82
5128050,12,20,5,77
5128560,7,84,-4,81
5129070,71,2,3,78
5129580,3,34,0,78
5130090,67,98,3,75
5130600,13,71,-12,87
5131110,77,33,5,82
5131620,99,74,8,74
5132130,19,82,-5,79
5132640,22,26,1,78
5133150,4,90,4,74
5133660,7,8,-4,78
5134170,6,72,-6,84
5134680,70,14,8,76
5135190,2,46,2,74
5135700,66,8,-4,78
5136210,100,40,0,78
5136720,20,81,-2,80
5137230,84,25,1,79
5137740,14,66,2,77
5138250,78,10,1,76
5138760,60,81,-1,77
5139270,56,51,-5,82
5139780,84,13,5,77
5140290,66,84,-2,79
5140800,12,5,-4,83
5141310,7,30,5,78
5141820,71,94,1,77
5142330,17,84,3,74
5142840,81,28,-7,81
5143350,1,69,2,79
5143860,4,11,4,75
5144370,3,75,-5,80
5144880,67,39,-4,84
5145390,13,46,7,77
5145900,77,8,5,72
5146410,59,79,-7,79
5146920,86,0,0,79
5147430,68,12,2,77
5147940,0,44,0,77
5148450,64,6,-3,80
5148960,98,38,2,78
5149470,18,79,-6,84
5149980,82,23,16,68
5150490,2,64,-16,84
5151000,66,6,6,78
5151510,100,38,4,74
5152020,20,79,-9,83
5152530,84,23,12,71
5153040,5,64,-10,81
5153550,69,26,-2,83
5154060,15,33,3,80
5154570,79,97,4,76
5155080,25,67,-4,80
5155590,92,29,8,72
5156100,74,72,-6,78
5156610,20,34,-10,88
5157120,15,98,13,75
5157630,23,42,-5,80
5158140,87,4,7,73
5158650,69,75,-10,83
5159160,15,76,2,81
5159670,79,20,2,79
5160180,11,61,0,79
5160690,61,23,0,79
5161200,7,30,-5,84
5161710,71,94,9,75
5162220,17,64,0,75
5162730,81,26,-5,80
5163240,1,67,4,76
5163750,65,9,-6,82
5164260,99,41,5,77
5164770,19,82,-1,78
5165280,22,26,-4,82
5165790,4,90,9,73
5166300,12,8,-6,79
5166810,7,19,-1,80
5167320,71,83,3,77
5167830,17,19,-2,79
5168340,101,83,10,69
5168850,8,80,-10,79
5169360,72,24,3,76
5169870,2,65,-7,83
5170380,66,7,5,78
5170890,100,39,7,71
5171400,20,80,-13,84
5171910,84,24,11,73
5172420,14,65,-6,79
5172930,78,9,2,77
5173440,10,41,-7,84
5173950,74,3,10,74
5174460,6,35,-9,83
5174970,70,99,9,74
5175480,16,47,-4,78
5175990,80,9,6,72
5176500,62,80,-1,73
5177010,89,88,-2,75
5177520,35,96,-12,87
5178030,62,40,1,86
5178540,8,47,6,80
5179050,72,9,4,76
5179560,4,41,-9,85
5180070,68,3,15,70
5180580,0,35,-9,79
5181090,64,99,4,75
5181600,10,47,-9,84
5182110,74,9,13,71
5182620,6,44,-2,73
5183130,70,6,0,73
5183640,2,38,-5,78
5184150,66,0,5,73
5184660,100,32,-5,78
5185170,20,73,3,75
5185680,84,17,-1,76
5186190,16,88,-3,79
5186700,80,32,3,76
5187210,0,35,-1,77
5187720,64,99,0,77
5188230,10,33,3,74
5188740,31,97,-9,83
5189250,58,41,-2,85
5189760,101,3,12,73
5190270,83,74,1,72
5190780,65,82,-6,78
5191290,92,52,1,77
5191800,12,55,-3,80
5192310,76,17,4,76
5192820,8,49,0,76
5193330,72,11,-1,77
5193840,4,43,1,76
5194350,68,5,1,75
5194860,0,37,-4,79
5195370,64,101,4,75
5195880,91,35,-2,77
5196390,11,76,-1,78
5196900,75,20,3,75
5197410,5,52,-1,76
5197920,69,96,0,76
5198430,96,66,-5,81
5198940,16,69,0,81
5199450,80,13,8,73
5199960,12,84,-5,78
5200470,76,28,3,75
5200980,98,31,-1,76
5201490,18,72,-7,83
5202000,82,34,0,83
5202510,2,37,3,80
5203020,66,101,1,79
5203530,93,45,7,72
5204040,13,48,-12,84
5204550,77,10,10,74
5205060,9,81,-4,78
5205570,73,101,-3,81
5206080,51,49,-2,83
5206590,78,11,10,73
5207100,60,43,-13,86
5207610,6,5,4,82
5208120,5,54,6,76
5208630,69,98,4,72
5209140,47,46,-11,83
5209650,74,8,5,78
5210160,6,40,-6,84
5210670,70,2,8,76
5211180,2,34,-2,78
5211690,66,98,4,74
5212200,93,46,-3,77
5212710,13,49,4,73
5213220,77,11,-1,74
5213730,9,43,-5,79
5214240,73,5,3,76
5214750,5,37,2,74
5215260,69,101,-1,75
5215770,96,71,0,75
5216280,3,79,-5,80
5216790,11,21,0,80
5217300,10,85,1,79
5217810,74,3,11,68
5218320,6,35,-12,80
5218830,70,99,6,74
5219340,97,69,-7,81
5219850,4,72,-1,82
5220360,68,14,2,80
5220870,0,46,-2,82
5221380,64,90,0,82
5221890,91,60,1,81
5222400,100,63,-2,83
5222910,20,66,-4,87
5223420,84,28,13,74
5223930,14,69,-4,78
5224440,78,13,7,71
5224950,10,45,-8,79
5225460,74,7,3,76
5225970,6,39,1,75
5226480,70,1,-4,79
5226990,2,33,1,78
5227500,38,97,-2,80
5228010,65,41,0,80
5228520,92,44,5,75
5229030,12,47,-7,82
5229540,76,9,9,73
5230050,8,41,-6,79
5230560,72,3,6,73
5231070,4,35,-1,74
5231580,68,99,1,73
5232090,95,69,-4,77
5232600,2,77,-3,80
5233110,10,19,4,76
5233620,9,83,-6,82
5234130,17,25,2,80
5234640,16,89,-3,83
5235150,24,33,3,80
5235660,6,97,2,78
5236170,14,15,6,72
5236680,13,79,-12,84
5237190,21,21,3,81
5237700,20,85,0,81
5238210,23,29,1,80
5238720,57,93,4,76
5239230,84,77,-7,83
5239740,30,78,3,80
5240250,57,40,-9,89
5240760,91,2,16,73
5241270,73,34,-3,76
5241780,95,37,-2,78
5242290,15,40,0,78
5242800,79,2,6,72
5243310,11,34,-1,73
5243820,75,98,1,72
5244330,53,68,-10,82
5244840,80,69,3,79
5245350,62,70,-5,84
5245860,89,71,8,76
5246370,71,79,-8,84
5246880,98,7,9,75
5247390,80,39,-6,81
5247900,0,42,5,76
5248410,64,86,1,75
5248920,91,56,0,75
5249430,11,59,-2,77
5249940,75,21,1,76
5250450,7,53,-5,81
5250960,71,97,4,77
5251470,98,45,-7,84
5251980,18,48,7,77
5252490,82,10,2,75
5253000,14,42,-4,79
5253510,78,4,8,71
5254020,10,36,-14,85
5254530,74,100,10,75
5255040,52,48,-12,87
5255550,80,10,13,74
5256060,62,42,-8,82
5256570,3,4,3,79
5257080,2,53,-1,80
5257590,66,97,4,76
5258100,93,45,-8,84
5258610,13,48,8,76
5259120,77,10,3,73
5259630,9,22,-9,82
5260140,8,86,5,77
5260650,16,4,-4,81
5261160,9,53,3,78
5261670,73,9,2,76
5262180,5,41,-7,83
5262690,69,3,5,78
5263200,1,35,1,77
5263710,65,99,4,73
5264220,92,47,-4,77
5264730,12,50,2,75
5265240,76,12,6,69
5265750,58,44,-18,87
5266260,101,6,11,76
5266770,83,38,0,76
5267280,3,41,-1,77
5267790,67,3,1,76
5268300,101,35,-3,79
5268810,31,38,-2,81
5269320,58,0,5,76
5269830,92,32,0,76
5270340,22,35,-6,82
5270850,8,99,10,72
5271360,56,17,-10,82
5271870,99,24,5,77
5272380,29,65,4,73
5272890,56,27,-11,84
5273400,99,34,6,78
5273910,29,37,2,76
5274420,56,101,-1,77
5274930,83,45,-1,78
5275440,3,48,-2,80
5275950,67,55,3,77
5276460,13,17,-2,79
5276970,12,81,0,79
5277480,20,88,-2,81
5277990,23,32,4,77
5278500,9,96,0,77
5279010,17,14,-6,83
5279520,16,78,-3,86
5280030,80,85,4,82
5280540,26,93,4,78
5281050,29,37,0,78
5281560,56,101,4,74
5282070,83,45,-2,76
5282580,3,48,-1,77
5283090,67,92,2,75
5283600,94,40,0,75
5284110,14,43,-6,81
5284620,78,5,7,74
5285130,10,37,-8,82
5285640,74,101,7,75
5286150,20,49,-9,84
5286660,84,11,10,74
5287170,16,23,-5,79
5287680,15,87,-1,80
5288190,54,31,-1,81
5288700,97,38,2,79
5289210,17,41,4,75
5289720,81,3,1,74
5290230,13,35,-10,84
5290740,77,99,13,71
5291250,55,70,-8,79
5291760,82,69,-1,80
5292270,64,31,-4,84
5292780,5,38,3,81
5293290,69,0,3,78
5293800,1,32,2,76
5294310,65,96,5,71
5294820,11,44,-14,85
5295330,75,6,6,79
5295840,7,38,-4,83
5296350,71,0,9,74
5296860,3,32,0,74
5297370,67,96,2,72
5297880,13,44,-12,84
5298390,77,6,13,71
5298900,9,18,-6,77
5299410,8,82,-5,82
5299920,72,24,0,82
5300430,4,23,4,78
5300940,19,87,-1,79
5301450,22,31,8,71
5301960,4,95,-6,77
5302470,12,13,-6,83
5302980,11,77,4,79
5303490,75,19,2,77
5304000,7,51,-2,79
5304510,71,13,4,75
5305020,3,45,-1,76
5305530,67,7,-1,77
5306040,101,39,-1,78
5306550,21,42,-1,79
5307060,85,4,8,71
5307570,17,16,-7,78
5308080,3,80,-3,81
5308590,11,22,0,81
5309100,10,86,6,75
5309610,74,30,-4,79
5310120,2,37,6,73
5310630,66,101,0,73
5311140,62,49,-14,87
5311650,90,11,4,83
5312160,72,23,2,81
5312670,4,26,4,77
5313180,68,90,0,77
5313690,95,70,0,77
5314200,2,90,0,77
5314710,5,8,-2,79
5315220,4,72,4,75
5315730,68,14,-3,78
5316240,0,46,1,77
5316750,64,90,0,77
5317260,91,38,-4,81
5317770,11,41,3,78
5318280,75,3,4,74
5318790,7,35,-11,85
5319300,71,99,11,74
5319810,67,79,-7,81
5320320,26,50,-2,83
5320830,90,12,3,80
5321340,72,24,2,78
5321850,4,31,1,77
5322360,68,95,0,77
5322870,64,75,0,77
5323380,78,95,2,75
5323890,56,13,-3,78
5324400,90,45,-4,82
5324910,10,48,7,75
5325420,74,10,-1,76
5325930,6,42,3,73
5326440,70,4,0,73
5326950,2,36,-8,81
5327460,66,100,8,73
5327970,62,48,-11,84
5328480,11,10,6,78
5328990,10,74,-4,82
5329500,74,16,5,77
5330010,6,48,-5,82
5330520,70,10,2,80
5331030,2,42,2,78
5331540,66,4,2,76
5332050,100,36,-3,79
5332560,28,39,-5,84
5333070,64,1,8,76
5333580,98,33,0,76
5334090,26,36,-8,84
5334600,12,100,6,78
5335110,76,18,7,71
5335620,8,78,-5,76
5336130,72,33,-10,86
5336640,4,40,6,80
5337150,68,2,7,73
5337660,0,34,-3,76
5338170,64,98,0,76
5338680,60,46,-10,86
5339190,94,8,14,72
5339700,76,20,-7,79
5340210,8,19,1,78
5340720,7,83,-4,82
5341230,71,25,5,77
5341740,1,32,-2,79
5342250,65,96,6,73
5342760,92,44,-4,77
5343270,12,47,-3,80
5343780,76,9,2,78
5344290,8,29,3,75
5344800,72,93,0,75
5345310,68,73,-14,89
5345820,94,74,8,81
5346330,1,36,-2,83
5346840,65,100,6,77
5347350,61,48,-8,85
5347860,95,10,3,82
5348370,77,22,5,77
5348880,9,29,-1,78
5349390,73,93,0,78
5349900,32,73,-2,80
5350410,96,35,4,76
5350920,24,38,-7,83
5351430,10,0,6,77
5351940,3,23,1,76
5352450,67,87,-3,79
5352960,94,67,2,77
5353470,1,29,-4,81
5353980,65,93,6,75
5354490,61,73,-8,83
5355000,9,53,-2,85
5355510,73,15,13,72
5356020,5,47,-4,76
5356530,69,9,-1,77
5357040,1,41,-2,79
5357550,65,3,5,74
5358060,99,35,-7,81
5358570,27,34,-3,84
5359080,13,98,4,80
5359590,21,60,1,79
5360100,85,22,6,73
5360610,17,21,-11,84
5361120,16,85,7,77
5361630,80,92,3,74
5362140,58,63,-13,87
5362650,6,25,13,74
5363160,70,89,-2,76
5363670,29,69,-6,82
5364180,93,31,4,78
5364690,21,30,-6,84
5365200,7,94,7,77
5365710,15,101,-10,87
5366220,79,3,20,67
5366730,11,15,-12,79
5367240,10,79,-3,82
5367750,74,86,6,76
5368260,4,14,-1,77
5368770,68,78,3,74
5369280,51,58,-5,79
5369790,101,20,0,79
5370300,83,91,5,74
5370810,61,71,-10,84
5371320,9,33,2,82
5371830,73,97,4,78
5372340,69,77,-2,80
5372850,28,57,-5,85
5373360,92,19,10,75
5373870,74,90,3,72
5374380,33,34,-11,83
5374890,67,98,9,74
5375400,63,78,-14,88
5375910,11,58,5,83
5376420,75,20,7,76
5376930,7,27,-9,85
5377440,71,91,8,77
5377950,98,71,-5,82
5378460,5,33,3,79
5378970,69,97,3,76
5379480,96,77,1,75
5379990,78,39,3,72
5380500,100,42,-5,77
5381010,20,45,3,74
5381520,84,7,4,70
5382030,66,19,-2,72
5382540,100,26,-1,73
5383050,82,25,-2,75
5383560,5,59,-1,76
5384070,69,21,-7,83
5384580,10,28,10,73
5385090,74,92,-7,80
5385600,101,72,-2,82
5386110,8,92,13,69
5386620,72,36,-20,89
5387130,13,43,8,81
5387640,77,5,9,72
5388150,9,76,-9,81
5388660,73,83,4,77
5389170,51,63,-9,86
5389680,101,25,14,72
5390190,83,33,-5,77
5390700,11,40,-1,78
5391210,75,2,-1,79
5391720,57,32,-8,87
5392230,100,39,4,83
5392740,76,42,0,83
5393250,4,49,4,79
5393760,68,11,5,74
5394270,0,43,-8,82
5394780,64,5,6,76
5395290,98,49,0,76
5395800,18,52,-6,82
5396310,82,14,5,77
5396820,14,85,-4,81
5397330,78,92,1,80
5397840,24,72,-3,83
5398350,88,34,10,73
5398860,16,33,-8,81
5399370,80,97,11,70
5399880,58,77,-12,82
5400390,6,57,-2,84
5400900,70,86,5,79
5401410,97,66,0,79
5401920,4,28,-2,81
5402430,68,92,7,74
5402940,64,72,-10,84
5403450,12,52,-1,85
5403960,76,14,13,72
5404470,21,58,-12,84
5404980,85,20,12,72
5405490,17,64,-6,78
5406000,81,26,4,74
5406510,58,25,-6,80
5407020,101,32,0,80
5407530,29,31,-2,82
5408040,15,95,0,82
5408550,79,39,-1,83
5409060,101,46,5,78
5409570,21,49,-1,79
5410080,27,11,2,77
5410590,28,18,-2,79
5411100,10,82,-4,83
5411610,74,89,6,77
5412120,59,69,-10,87
5412630,7,31,9,78
5413140,71,95,3,75
5413650,67,75,-9,84
5414160,15,55,0,84
5414670,79,17,9,75
5415180,11,61,-7,82
5415690,75,23,2,80
5416200,7,67,5,75
5416710,71,74,-7,82
5417220,19,54,5,77
5417730,83,16,2,75
5418240,28,60,-3,78
5418750,92,22,0,78
5419260,74,66,-6,84
5419770,15,28,4,80
5420280,79,92,11,69
5420790,61,72,-14,83
5421300,9,52,1,82
5421810,73,14,7,75
5422320,5,58,-7,82
5422830,69,65,-1,83
5423340,97,27,10,73
5423850,18,26,-1,74
5424360,4,90,-6,80
5424870,7,8,0,80
5425380,6,19,5,75
5425890,70,83,-6,81
5426400,84,63,-2,83
5426910,93,25,-1,84
5427420,14,69,5,79
5427930,78,76,3,76
5428440,101,38,-5,81
5428950,29,37,2,79
5429460,15,101,2,77
5429970,18,45,-3,80
5430480,82,7,2,78
5430990,14,51,-5,83
5431500,78,13,10,73
5432010,23,57,-7,80
5432520,87,19,8,72
5433030,32,63,-12,84
5433540,96,25,9,75
5434050,17,69,-3,78
5434560,81,31,5,73
5435070,9,75,-5,78
5435580,73,82,-1,79
5436090,96,62,0,79
5436600,3,24,-7,86
5437110,67,88,9,77
5437620,63,68,-7,84
5438130,11,30,3,81
5438640,75,94,9,72
5439150,57,74,-9,81
5439660,5,54,1,80
5440170,69,98,3,77
5440680,65,78,-5,82
5441190,13,58,0,82
5441700,77,20,9,73
5442210,22,64,-1,74
5442720,86,26,-3,77
5443230,14,70,-4,81
5443740,78,77,0,81
5444250,8,39,3,78
5444760,72,1,0,78
5445270,4,45,-1,79
5445780,68,7,0,79
5446290,0,51,-8,87
5446800,64,58,2,85
5447310,12,20,8,77
5447820,76,84,5,72
5448330,99,64,-9,81
5448840,6,84,1,80
5449350,70,26,3,77
5449860,95,70,3,74
5450370,2,32,-4,78
5450880,66,96,3,75
5451390,62,76,-7,82
5451900,10,56,1,81
5452410,74,63,1,80
5452920,41,25,-7,87
5453430,75,89,11,76
5453940,23,69,-1,77
5454450,87,31,2,75
5454960,15,75,-5,80
5455470,79,82,2,78
5455980,0,62,3,75
5456490,64,69,-7,82
5457000,12,31,8,74
5457510,76,95,-8,82
5458020,24,75,5,77
5458530,88,19,-1,78
5459040,33,63,2,76
5459550,97,25,-2,78
5460060,29,69,-2,80
5460570,93,31,3,77
5461080,21,75,-11,88
5461590,85,37,9,79
5462100,13,81,2,77
5462610,77,25,2,75
5463120,5,69,-5,80
5463630,69,11,9,71
5464140,14,55,-12,83
5464650,78,17,5,78
5465160,23,61,0,78
5465670,87,23,3,75
5466180,32,67,-6,81
5466690,96,29,6,75
5467200,24,37,-8,83
5467710,88,101,10,73
5468220,70,81,-5,78
5468730,18,61,-1,79
5469240,82,23,7,72
5469750,10,67,-11,83
5470260,74,29,6,77
5470770,12,36,-1,78
5471280,76,100,4,74
5471790,72,80,-7,81
5472300,20,60,0,81
5472810,84,22,4,77
5473320,29,66,-4,81
5473830,93,28,5,76
5474340,21,27,-1,77
5474850,7,91,2,75
5475360,71,35,-6,81
5475870,101,42,2,79
5476380,29,41,4,75
5476890,93,3,-6,81
5477400,75,47,-12,93
5477910,0,54,12,81
5478420,64,61,-3,84
5478930,12,23,6,78
5479440,76,87,-7,85
5479950,24,67,2,83
5480460,88,29,2,81
5480970,16,73,-2,83
5481480,80,80,5,78
5481990,10,42,3,75
5482500,74,4,0,75
5483010,19,48,-3,78
5483520,83,10,-3,81
5484030,28,54,3,78
5484540,92,16,6,72
5485050,74,60,-10,82
5485560,4,22,0,82
5486070,68,86,2,80
5486580,33,66,5,75
5487090,97,28,-3,78
5487600,25,72,-2,80
5488110,89,34,6,74
5488620,17,78,-1,75
5489130,81,85,-4,79
5489640,63,65,2,77
5490150,95,27,5,72
5490660,23,71,-3,75
5491170,87,33,0,75
5491680,15,77,-10,85
5492190,79,39,6,79
5492700,7,46,0,79
5493210,71,8,-1,80
5493720,16,52,0,80
5494230,80,14,3,77
5494740,25,58,-3,80
5495250,89,78,4,76
5495760,71,40,-6,82
5496270,101,47,4,78
5496780,21,91,0,78
5497290,85,35,-1,79
5497800,13,79,-7,86
5498310,77,86,11,75
5498820,100,66,-4,79
5499330,7,86,9,70
5499840,71,30,-7,77
5500350,101,74,-13,90
5500860,8,36,12,78
5501370,72,100,0,78
5501880,68,80,-2,80
5502390,50,60,-9,89
5502900,36,40,-6,95
5503410,22,2,9,86
5503920,15,13,0,86
5504430,8,77,4,82
5504940,72,84,4,78
5505450,54,64,-7,85
5505960,2,44,6,79
5506470,66,51,0,79
5506980,14,13,-1,80
5507490,7,77,-7,87
5508000,71,84,14,73
5508510,94,64,-7,80
5509020,1,26,0,80
5509530,65,90,7,73
5510040,30,70,-9,82
5510550,94,32,14,68
5511060,22,27,-5,73
5511570,8,91,-4,77
5512080,72,35,-8,85
5512590,0,42,7,78
5513100,64,49,0,78
5513610,92,11,4,74
5514120,74,20,-3,77
5514630,19,64,-4,81
5515140,83,26,5,76
5515650,11,70,-4,80
5516160,75,77,1,79
5516670,5,39,0,79
5517180,69,1,5,74
5517690,14,45,-4,78
5518200,78,7,5,73
5518710,23,36,-1,74
5519220,87,100,0,74
5519730,69,80,-9,83
5520240,92,60,3,80
5520750,101,67,-2,82
5521260,8,87,-1,83
5521770,72,94,11,72
5522280,95,74,-7,79
5522790,2,36,1,78
5523300,66,100,2,76
5523810,62,80,-8,84
5524320,89,60,8,76
5524830,98,22,-2,78
5525340,80,66,-2,80
5525850,1,28,2,78
5526360,65,92,4,74
5526870,88,72,-3,77
5527380,9,34,-5,82
5527890,73,98,12,70
5528400,96,78,-9,79
5528910,17,40,-1,80
5529420,81,2,4,76
5529930,63,31,-4,80
5530440,93,38,2,78
5530950,21,45,1,77
5531460,85,7,2,75
5531970,67,36,-7,82
5532480,97,43,7,75
5532990,25,87,-2,77
5533500,89,94,-2,79
5534010,10,74,-2,81
5534520,74,81,4,77
5535030,97,61,-1,78
5535540,4,68,2,76
5536050,68,75,-6,82
5536560,82,55,4,78
5537070,91,17,1,77
5537580,73,46,3,74
5538090,82,53,-9,83
5538600,91,60,8,75
5539110,100,67,-5,80
5539620,7,75,3,77
5540130,71,82,-5,82
5540640,98,53,1,81
5541150,18,56,5,76
5541660,82,18,2,74
5542170,27,62,-7,81
5542680,91,24,9,72
5543190,12,68,-8,80
5543700,76,75,3,77
5544210,90,37,5,72
5544720,18,81,-9,81
5545230,82,88,4,77
5545740,3,68,-4,81
5546250,67,75,4,77
5546760,90,55,-1,78
5547270,10,62,-6,84
5547780,74,69,7,77
5548290,4,31,-7,84
5548800,68,95,2,82
5549310,95,75,-1,83
5549820,16,37,6,77
5550330,80,101,3,74
5550840,1,72,-4,78
5551350,65,79,1,77
5551860,13,50,-2,79
5552370,77,12,5,74
5552880,22,41,-11,85
5553390,86,3,9,76
5553900,68,37,-6,82
5554410,98,44,7,75
5554920,26,43,-6,81
5555430,21,5,0,81
5555940,14,16,-1,82
5556450,9,80,2,80
5556960,73,87,8,72
5557470,55,58,-8,80
5557980,69,20,2,78
5558490,1,27,-3,81
5559000,65,91,4,77
5559510,92,71,-5,82
5560020,101,33,-2,84
5560530,29,74,0,84
5561040,93,36,12,72
5561550,21,77,-12,84
5562060,85,84,4,80
5562570,6,64,-1,81
5563080,70,71,2,79
5563590,0,51,1,78
5564100,64,58,-7,85
5564610,92,20,10,75
5565120,37,49,-11,86
5565630,87,11,10,76
5566140,69,40,-1,77
5566650,99,47,0,77
5567160,19,46,-3,80
5567670,83,8,4,76
5568180,65,37,-6,82
5568690,41,44,0,82
5569200,0,6,2,80
5569710,64,17,-2,82
5570220,5,46,6,76
5570730,69,8,2,74
5571240,14,37,-7,81
5571750,78,101,9,72
5572260,71,72,-10,82
5572770,1,34,1,81
5573280,65,98,4,77
5573790,92,78,4,73
5574300,13,40,-7,80
5574810,77,2,0,80
5575320,22,31,-1,81
5575830,17,95,0,81
5576340,81,39,0,81
5576850,1,46,2,79
5577360,65,53,-4,83
5577870,93,15,6,77
5578380,75,44,-1,78
5578890,3,47,4,74
5579400,67,54,-6,80
5579910,95,16,-1,81
5580420,77,45,2,79
5580930,5,52,-3,82
5581440,69,59,4,78
5581950,97,21,7,71
5582460,25,62,-8,79
5582970,89,24,5,74
5583480,17,53,-9,83
5583990,81,15,7,76
5584500,26,44,-6,82
5585010,21,6,-2,84
5585520,14,31,8,76
5586030,9,95,-5,81
5586540,73,39,1,80
5587050,1,46,1,79
5587560,65,53,4,75
5588070,93,15,1,74
5588580,38,77,-6,80
5589090,3,21,1,79
5589600,67,85,3,76
5590110,94,56,-2,78
5590620,14,59,-2,80
5591130,78,21,4,76
5591640,6,50,-5,81
5592150,70,57,-7,88
5592660,98,19,11,77
5593170,43,81,1,76
5593680,8,25,-5,81
5594190,72,89,5,76
5594700,100,60,-7,83
5595210,20,63,4,79
5595720,84,25,1,78
5596230,12,69,-4,82
5596740,76,76,3,79
5597250,99,77,8,71
5597760,6,85,-10,81
5598270,70,92,2,79
5598780,35,63,-1,80
5599290,99,25,1,79
5599800,27,66,-5,84
5600310,91,28,9,75
5600820,19,57,-1,76
5601330,83,19,4,72
5601840,11,48,-15,87
5602350,75,10,12,75
5602860,20,39,-10,85
5603370,15,1,9,76
5603880,8,26,-2,78
5604390,72,90,-2,80
5604900,100,61,-1,81
5605410,20,64,3,78
5605920,84,26,4,74
5606430,12,55,-2,76
5606940,76,17,5,71
5607450,21,46,-9,80
5607960,85,8,5,75
5608470,30,37,-3,78
5608980,91,101,2,76
5609490,69,72,-3,79
5610000,83,73,4,75
5610510,4,35,-6,81
5611020,68,99,8,73
5611530,33,79,-9,82
5612040,36,23,0,82
5612550,51,87,13,69
5613060,16,31,-5,74
5613570,11,95,-2,76
5614080,14,39,-8,84
5614590,78,1,8,76
5615100,23,30,-4,80
5615610,18,94,4,76
5616120,82,38,-1,77
5616630,10,45,1,76
5617140,74,7,2,74
5617650,19,36,-4,78
5618160,14,100,5,73
5618670,17,44,-4,77
5619180,81,6,1,76
5619690,26,35,-6,82
5620200,21,90,2,80
5620710,85,34,8,72
5621220,13,29,-8,80
5621730,8,93,0,80
5622240,72,37,4,76
5622750,0,40,-3,79
5623260,64,47,-3,82
5623770,75,9,4,78
5624280,20,38,-2,80
5624790,15,0,5,75
5625300,8,25,-7,82
5625810,72,89,7,75
5626320,37,60,-8,83
5626830,2,4,7,76
5627340,96,15,0,76
5627850,41,77,-5,81
5628360,6,21,1,80
5628870,70,85,3,77
5629380,98,56,-1,78
5629890,95,59,3,75
5630400,15,79,-5,80
5630910,79,23,5,75
5631420,7,52,-3,78
5631930,71,59,-6,84
5632440,10,21,3,81
5632950,8,23,1,80
5633460,72,87,0,80
5633970,86,58,2,78
5634480,95,59,8,70
5634990,15,62,-11,81
5635500,79,24,5,76
5636010,7,53,-4,80
5636520,71,15,4,76
5637030,16,44,-2,78
5637540,80,6,1,77
5638050,25,68,-1,78
5638560,28,30,-6,84
5639070,23,94,1,83
5639580,87,38,1,82
5640090,15,41,3,79
5640600,79,3,6,73
5641110,24,65,-12,85
5641620,88,27,10,75
5642130,16,56,-6,81
5642640,80,18,4,77
5643150,8,47,-4,81
5643660,72,9,3,78
5644170,17,38,-5,83
5644680,12,0,1,82
5645190,7,25,3,79
5645700,71,89,4,75
5646210,36,60,-7,82
5646720,1,4,11,71
5647230,12,5,-14,85
5647740,5,16,8,77
5648250,69,80,0,77
5648760,83,51,4,73
5649270,3,54,-7,80
5649780,67,61,-1,81
5650290,95,62,-1,82
5650800,2,65,8,74
5651310,66,9,-4,78
5651820,11,38,-6,84
5652330,75,0,6,78
5652840,20,29,-12,90
5653350,15,93,9,81
5653860,18,37,-3,84
5654370,51,101,9,75
5654880,16,45,-8,83
5655390,80,8,6,77
5655900,25,37,0,77
5656410,92,101,-1,78
5656920,74,72,-1,79
5657430,0,66,-2,81
5657940,64,8,1,80
5658450,9,37,4,76
5658960,73,101,1,75
5659470,38,72,-6,81
5659980,3,34,2,79
5660490,67,98,8,71
5661000,32,42,-11,82
5661510,25,4,-1,83
5662020,18,29,1,82
5662530,13,93,9,73
5663040,16,37,-10,83
5663550,80,101,8,75
5664060,73,72,-11,86
5664570,101,73,9,77
5665080,8,74,-3,80
5665590,72,18,6,74
5666100,17,47,-1,75
5666610,81,9,-3,78
5667120,26,38,-3,81
5667630,12,0,0,81
5668140,5,25,7,74
5668650,69,89,1,73
5669160,34,60,-9,82
5669670,101,22,7,75
5670180,46,17,-4,79
5670690,89,24,8,71
5671200,17,19,-5,76
5671710,12,83,0,76
5672220,15,27,-5,81
5672730,10,91,4,77
5673240,13,35,-6,83
5673750,77,99,10,73
5674260,42,70,-5,78
5674770,92,14,9,69
5675280,37,76,-13,82
5675790,2,20,3,79
5676300,66,84,3,76
5676810,14,55,-8,84
5677320,78,17,11,73
5677830,54,46,-7,80
5678340,69,47,3,77
5678850,80,48,-7,84
5679360,89,51,3,81
5679870,9,54,0,81
5680380,73,16,3,78
5680890,49,45,-6,84
5681400,60,46,2,82
5681910,71,47,1,81
5682420,82,54,4,77
5682930,91,55,-10,87
5683440,11,58,10,77
5683950,75,2,8,69
5684460,20,36,-12,81
5684970,84,100,7,74
5685480,77,71,-3,77
5685990,75,72,-9,86
5686500,89,73,5,81
5687010,10,74,6,75
5687520,74,18,2,73
5688030,50,47,-11,84
5688540,61,48,2,82
5689050,72,49,7,75
5689560,81,50,-8,83
5690070,1,57,-1,84
5690580,65,64,-2,86
5691090,79,65,5,81
5691600,25,66,3,78
5692110,89,28,7,71
5692620,17,23,-4,75
5693130,12,87,-2,77
5693640,15,31,-7,84
5694150,10,95,7,77
5694660,13,39,-8,85
5695170,77,1,13,72
5695680,22,35,-9,81
5696190,17,99,7,74
5696700,20,43,-9,83
5697210,84,5,9,74
5697720,29,39,-8,82
5698230,63,1,9,73
5698740,8,30,-2,75
5699250,72,47,-7,82
5699760,81,54,2,80
5700270,90,55,2,78
5700780,10,58,6,72
5701290,74,20,-8,80
5701800,50,49,-3,83
5702310,100,50,8,75
5702820,20,53,-7,82
5703330,84,43,3,79
5703840,4,46,-4,83
5704350,68,8,7,76
5704860,13,37,-6,82
5705370,77,101,5,77
5705880,42,72,-8,85
5706390,92,16,5,80
5706900,7,78,8,72
5707410,71,78,-7,79
5707920,19,79,-3,82
5708430,83,23,6,76
5708940,59,67,-1,77
5709450,7,38,-5,82
5709960,71,0,5,77
5710470,3,29,-1,78
5710980,67,93,3,75
5711490,32,64,-7,82
5712000,82,26,8,74
5712510,10,21,-10,84
5713020,5,85,8,76
5713530,92,29,-1,77
5714040,20,24,1,76
5714550,13,88,-9,85
5715060,21,32,5,80
5715570,16,96,3,77
5716080,1,40,-2,79
5716590,65,13,2,77
5717100,41,42,-5,82
5717610,52,43,3,79
5718120,63,44,-5,84
5718630,74,45,6,78
5719140,2,52,0,78
5719650,66,25,0,78
5720160,96,32,7,71
5720670,24,73,-9,80
5721180,88,35,2,78
5721690,64,30,-1,79
5722200,5,37,-2,81
5722710,69,101,8,73
5723220,34,72,-10,83
5723730,98,16,8,75
5724240,13,78,-10,85
5724750,77,22,10,75
5725260,53,66,-3,78
5725770,1,37,2,76
5726280,65,101,2,74
5726790,30,41,-11,85
5727300,23,42,2,83
5727810,87,4,7,76
5728320,32,38,-3,79
5728830,82,39,-1,80
5729340,2,46,5,75
5729850,66,53,-6,81
5730360,94,54,1,80
5730870,14,57,1,79
5731380,78,19,7,72
5731890,54,81,-5,77
5732400,19,52,-2,79
5732910,83,62,-4,83
5733420,92,63,1,82
5733930,101,64,-3,85
5734440,8,65,8,77
5734950,72,9,8,69
5735460,89,43,-6,75
5735970,9,98,-1,76
5736480,17,71,-9,85
5736990,81,33,11,74
5737500,9,88,0,74
5738010,73,61,-12,86
5738520,101,62,5,81
5739030,21,63,-3,84
5739540,85,25,10,74
5740050,13,87,-3,77
5740560,91,31,3,74
5741070,19,21,-5,79
5741580,12,32,2,77
5742090,76,96,2,75
5742600,41,67,-11,86
5743110,3,11,1,85
5743620,67,12,10,75
5744130,84,74,-2,77
5744640,5,75,-6,83
5745150,69,24,2,81
5745660,10,31,3,78
5746170,74,95,2,76
5746680,39,66,-8,84
5747190,1,67,0,84
5747700,65,16,4,80
5748210,6,45,4,76
5748720,70,7,4,72
5749230,87,41,0,72
5749740,7,96,-3,75
5750250,94,14,3,72
5750760,9,76,-10,82
5751270,73,20,2,80
5751780,98,64,2,78
5752290,5,65,-4,82
5752800,69,27,2,80
5753310,45,34,-4,84
5753820,56,98,14,70
5754330,21,42,-7,77
5754840,85,4,3,74
5755350,30,66,-11,85
5755860,94,30,5,80
5756370,22,20,4,76
5756880,15,84,-5,81
5757390,79,46,4,77
5757900,101,47,3,74
5758410,21,0,-7,81
5758920,14,25,6,75
5759430,78,89,0,75
5759940,4,60,0,75
5760450,68,22,-4,79
5760960,9,66,1,78
5761470,73,10,5,73
5761980,90,44,-3,76
5762490,10,99,-2,78
5763000,74,72,-9,87
5763510,60,73,2,85
5764020,8,44,7,78
5764530,72,6,1,77
5765040,17,40,-4,81
5765550,81,2,3,78
5766060,26,36,1,77
5766570,19,100,2,75
5767080,30,44,-3,78
5767590,80,45,-1,79
5768100,0,52,3,76
5768610,64,89,-1,77
5769120,12,60,-7,84
5769630,76,22,9,75
5770140,101,63,0,75
5770650,21,64,-9,84
5771160,85,26,9,75
5771670,13,70,-8,83
5772180,77,19,6,77
5772690,0,63,-4,81
5773200,64,19,1,80
5773710,89,20,7,73
5774220,4,61,0,73
5774730,68,5,0,73
5775240,13,39,-6,79
5775750,77,1,8,71
5776260,22,35,-4,75
5776770,86,99,-5,80
5777280,7,70,-3,83
5777790,71,43,1,82
5778300,101,50,5,77
5778810,21,3,-3,80
5779320,14,28,0,80
5779830,9,92,1,79
5780340,73,32,-1,80
5780850,1,39,2,78
5781360,65,1,1,77
5781870,10,2,3,74
5782380,3,27,-2,76
5782890,67,91,2,74
5783400,43,62,-9,83
5783910,93,63,5,78
5784420,0,40,0,78
5784930,64,77,-4,82
5785440,12,48,-1,83
5785950,76,10,6,77
5786460,93,44,-1,78
5786970,13,45,1,77
5787480,77,7,11,66
5787990,94,17,-14,80
5788500,9,79,0,80
5789010,73,28,2,78
5789520,98,35,3,75
5790030,26,76,-3,78
5790540,90,38,5,73
5791050,10,79,-2,75
5791560,74,19,1,74
5792070,99,60,-6,80
5792580,19,61,5,75
5793090,83,23,2,73
5793600,4,64,-8,81
5794110,68,20,3,78
5794620,93,6,0,78
5795130,38,68,-4,82
5795640,3,69,5,77
5796150,67,25,2,75
5796660,92,32,-1,76
5797170,12,73,1,75
5797680,76,17,-1,76
5798190,101,58,-5,81
5798700,21,59,4,77
5799210,85,21,2,75
5799720,8,62,-3,78
5800230,72,11,7,71
5800740,89,73,-5,76
5801250,10,74,-3,79
5801760,74,18,0,79
5802270,99,59,-4,83
5802780,19,60,5,78
5803290,83,22,6,72
5803800,52,63,-9,81
5804310,80,74,4,77
5804820,6,75,4,73
5805330,70,19,-5,78
5805840,95,60,8,70
5806350,15,61,-9,79
5806860,79,23,0,79
5807370,2,64,-2,81
5807880,66,20,8,73
5808390,91,61,-9,82
5808900,100,62,3,79
5809410,20,63,5,74
5809920,84,25,0,74
5810430,7,66,-8,82
5810940,71,24,7,75
5811450,96,65,-6,81
5811960,3,66,5,76
5812470,67,10,-2,78
5812980,68,44,0,78
5813490,79,45,-2,80
5814000,101,52,-1,81
5814510,21,93,2,79
5815020,32,37,1,78
5815530,43,101,-7,85
5816040,44,63,-2,87
5816550,94,64,9,78
5817060,14,26,5,73
5817570,9,90,-3,76
5818080,20,34,-5,81
5818590,15,98,3,78
5819100,26,42,-1,79
5819610,93,4,2,77
5820120,38,38,-9,86
5820630,49,0,12,74
5821140,42,1,-6,80
5821650,43,26,-8,88
5822160,54,33,1,87
5822670,65,40,4,83
5823180,76,47,-2,85
5823690,85,54,8,77
5824200,5,55,0,77
5824710,69,17,-2,79
5825220,94,58,2,77
5825730,14,59,-6,83
5826240,78,21,2,81
5826750,1,62,5,76
5827260,65,11,-3,79
5827770,82,52,-2,81
5828280,2,59,-1,82
5828790,66,21,3,79
5829300,7,62,-2,81
5829810,71,24,6,75
5830320,96,65,-4,79
5830830,16,66,-1,80
5831340,80,28,7,73
5831850,0,69,-10,83
5832360,64,49,-1,84
5832870,92,11,6,78
5833380,7,45,2,76
5833890,71,7,2,74
5834400,88,61,-2,76
5834910,97,62,1,75
5835420,17,63,-3,78
5835930,81,25,-3,81
5836440,4,66,3,78
5836950,68,28,0,78
5837460,93,35,3,75
5837970,13,76,-6,81
5838480,24,25,1,80
5838990,17,89,2,78
5839500,28,33,-2,80
5840010,39,97,2,78
5840520,66,59,-5,83
5841030,94,21,10,73
5841540,9,62,-3,76
5842050,73,24,-3,79
5842560,98,22,2,77
5843070,13,63,-4,81
5843580,77,25,11,70
5844090,0,66,-9,79
5844600,64,99,4,75
5845110,87,43,-7,82
5845620,7,84,13,69
5846130,94,28,-6,75
5846640,17,69,-6,81
5847150,28,31,3,78
5847660,39,95,-5,83
5848170,66,57,-2,85
5848680,94,19,11,74
5849190,9,60,-4,78
5849700,73,22,3,75
5850210,98,63,-6,81
5850720,5,64,4,77
5851230,69,13,-1,78
5851740,86,34,3,75
5852250,6,75,-6,81
5852760,40,24,-3,84
5853270,51,31,3,81
5853780,62,38,-6,87
5854290,73,45,4,83
5854800,82,52,3,80
5855310,91,53,4,76
5855820,11,54,-6,82
5856330,75,16,4,78
5856840,92,57,-1,79
5857350,12,58,0,79
5857860,76,20,5,74
5858370,101,61,-6,80
5858880,21,62,-3,83
5859390,85,24,7,76
5859900,8,65,-1,77
5860410,72,69,-7,84
5860920,100,70,10,74
5861430,7,71,-6,80
5861940,71,20,5,75
5862450,96,61,-1,76
5862960,3,62,-7,83
5863470,67,69,2,81
5863980,95,70,4,77
5864490,2,71,-4,81
5865000,5,35,-2,83
5865510,69,99,9,74
5866020,97,8,-4,78
5866530,42,42,-6,84
5867040,14,4,0,84
5867550,68,15,6,78
5868060,85,56,-1,79
5868570,94,57,2,77
5869080,14,58,-7,84
5869590,78,20,7,77
5870100,95,61,0,77
5870610,2,62,-4,81
5871120,66,26,1,80
5871630,7,33,4,76
5872140,71,97,0,76
5872650,99,6,0,76
5873160,44,40,-11,87
5873670,55,2,9,78
5874180,0,36,0,78
5874690,64,37,1,77
5875200,75,44,-8,85
5875710,84,51,5,80
5876220,93,52,4,76
5876730,13,53,-1,77
5877240,51,15,-12,89
5877750,62,22,13,76
5878260,3,29,-3,79
5878770,67,93,1,78
5879280,95,2,1,77
5879790,40,36,-7,84
5880300,51,100,11,73
5880810,78,44,-8,81
5881320,100,51,4,77
5881830,20,54,4,73
5882340,84,16,2,71
5882850,101,57,-10,81
5883360,21,60,1,80
5883870,85,22,5,75
5884380,0,63,-1,76
5884890,64,27,-3,79
5885400,5,34,-1,80
5885910,69,98,9,71
5886420,97,69,-5,76
5886930,4,70,-3,79
5887440,7,19,2,77
5887950,6,83,-4,81
5888460,93,47,6,75
5888970,13,50,-3,78
5889480,77,12,5,73
5889990,94,46,0,73
5890500,14,87,-7,80
5891010,22,36,6,74
5891520,8,100,-10,84
5892030,95,18,6,78
5892540,10,59,-1,79
5893050,74,8,-2,81
5893560,91,42,2,79
5894070,11,83,0,79
5894580,98,32,5,74
5895090,18,73,-4,78
5895600,29,22,-7,85
5896110,40,86,1,84
5896620,5,48,5,79
5897130,69,10,0,79
5897640,86,44,0,79
5898150,6,51,2,77
5898660,70,13,2,75
5899170,87,47,-9,84
5899680,7,50,9,75
5900190,71,12,-1,76
5900700,88,46,1,75
5901210,8,49,-7,82
5901720,72,11,3,79
5902230,89,45,3,76
5902740,9,48,-4,80
5903250,73,10,6,74
5903760,90,44,-3,77
5904270,10,47,-1,78
5904780,74,9,9,69
5905290,91,43,-4,73
5905800,11,46,-7,80
5906310,75,8,6,74
5906820,92,42,-3,77
5907330,12,45,-5,82
5907840,76,7,8,74
5908350,93,41,-5,79
5908860,55,82,2,77
5909370,83,93,4,73
5909880,9,94,-6,79
5910390,17,34,7,72
5910900,12,98,-5,77
5911410,20,71,-2,79
5911920,5,33,-2,81
5912430,69,97,7,74
5912940,97,68,-1,75
5913450,4,69,-4,79
5913960,91,54,1,78
5914470,11,55,-3,81
5914980,50,62,2,79
5915490,100,63,-5,84
5916000,20,64,1,83
5916510,84,26,8,75
5917020,101,67,-6,81
5917530,8,68,1,80
5918040,72,17,5,75
5918550,89,51,-9,84
5919060,9,52,4,80
5919570,73,53,-8,88
5920080,84,15,13,75
5920590,101,49,-8,83
5921100,21,52,10,73
5921610,6,14,-8,81
5922120,5,15,4,77
5922630,4,79,5,72
5923140,91,64,-9,81
5923650,100,65,4,77
5924160,20,66,-5,82
5924670,84,28,2,80
5925180,4,72,1,79
5925690,91,57,-6,85
5926200,11,58,4,81
5926710,75,59,0,81
5927220,1,60,6,75
5927730,88,45,-4,79
5928240,8,46,1,78
5928750,72,47,-2,80
5929260,83,48,6,74
5929770,3,49,-6,80
5930280,67,50,1,79
5930790,95,51,6,73
5931300,15,52,-2,75
5931810,79,14,0,75
5932320,96,48,-1,76
5932830,16,51,-6,82
5933340,80,13,8,74
5933850,97,47,-4,78
5934360,17,50,0,78
5934870,81,12,6,72
5935380,98,33,-5,77
5935890,18,67,-1,78
5936400,82,29,3,75
5936910,2,63,-2,77
5937420,66,83,1,76
5937930,94,54,-2,78
5938440,14,55,-5,83
5938950,78,25,6,77
5939460,95,69,-4,81
5939970,2,70,4,77
5940480,89,55,-5,82
5940990,9,56,6,76
5941500,73,57,-9,85
5942010,84,58,1,84
5942520,93,59,5,79
5943030,13,60,-5,84
5943540,44,61,4,80
5944050,94,62,0,80
5944560,1,63,1,79
5945070,4,48,-6,85
5945580,68,49,6,79
5946090,79,50,-4,83
5946600,88,51,6,77
5947110,8,52,3,74
5947620,72,53,-7,81
5948130,83,54,-6,87
5948640,92,55,6,81
5949150,43,56,-1,82
5949660,93,57,4,78
5950170,13,58,-5,83
5950680,77,59,5,78
5951190,88,60,-4,82
5951700,97,61,3,79
5952210,17,62,0,79
5952720,81,24,3,76
5953230,98,43,-5,81
5953740,18,46,7,74
5954250,82,8,-1,75
5954760,99,18,-5,80
5955270,34,45,-1,81
5955780,84,46,4,77
5956290,4,47,-1,78
5956800,68,48,-8,86
5957310,91,49,6,80
5957820,11,47,2,78
5958330,75,9,1,77
5958840,92,10,1,76
5959350,7,20,0,76
5959860,6,84,1,75
5960370,93,2,-5,80
5960880,8,36,2,78
5961390,72,19,-4,82
5961900,89,20,16,66
5962410,4,39,-11,77
5962920,68,40,-6,83
5963430,79,41,10,73
5963940,101,42,-4,77
5964450,21,45,-4,81
5964960,85,7,7,74
5965470,0,17,-4,78
5965980,64,18,1,77
5966490,5,19,-5,82
5967000,69,20,5,77
5967510,10,21,1,76
5968020,5,85,-1,77
5968530,92,3,2,75
5969040,7,13,-2,77
5969550,2,14,0,77
5970060,66,15,2,75
5970570,83,16,4,71
5971080,100,43,-1,72
5971590,20,46,-9,81
5972100,84,8,4,77
5972610,101,18,1,76
5973120,16,45,-1,77
5973630,80,7,0,77
5974140,97,17,4,73
5974650,12,44,-5,78
5975160,76,6,1,77
5975670,93,16,-3,80
5976180,8,43,-4,84
5976690,72,5,13,71
5977200,89,15,-1,72
5977710,4,42,-4,76
5978220,68,43,-7,83
5978730,79,44,5,78
5979240,101,45,2,76
5979750,21,65,-3,79
5980260,85,7,6,73
5980770,0,24,-11,84
5981280,64,25,1,83
5981790,5,26,3,80
5982300,69,90,6,74
5982810,97,61,-5,79
5983320,17,62,0,79
5983830,81,63,-2,81
5984340,90,64,7,74
5984850,99,65,1,73
5985360,19,66,-10,83
5985870,83,67,-3,86
5986380,94,68,8,78
5986890,1,69,1,77
5987400,65,54,-3,80
5987910,76,55,-5,85
5988420,87,56,3,82
5988930,96,57,3,79
5989440,16,58,0,79
5989950,80,20,4,75
5990460,97,64,-4,79
5990970,17,65,-3,82
5991480,81,66,5,77
5991990,98,67,-8,85
5992500,24,68,5,80
5993010,88,30,6,74
5993520,8,20,-8,82
5994030,72,21,7,75
5994540,89,65,-5,80
5995050,98,66,2,78
5995560,18,67,-9,87
5996070,82,68,4,83
5996580,93,69,7,76
5997090,0,70,-9,85
5997600,64,1,10,75
5998110,98,72,-7,82
5998620,5,73,3,79
5999130,69,58,-2,81
5999640,80,59,-2,83
6000150,91,60,8,75
6000660,11,61,-4,79
6001170,36,62,-2,81
6001680,100,63,2,79
6002190,20,64,1,78
6002700,84,26,5,73
6003210,101,9,-11,84
6003720,16,19,7,77
6004230,11,83,-3,80
6004740,75,32,3,77
6005250,97,33,1,76
6005760,17,23,-8,84
6006270,12,87,2,82
6006780,76,5,8,74
6007290,8,15,-4,78
6007800,7,79,-6,84
6008310,71,43,3,81
6008820,82,44,3,78
6009330,2,45,2,76
6009840,66,46,-3,79
6010350,77,47,1,78
6010860,99,48,3,75
6011370,19,49,-2,77
6011880,83,11,8,69
6012390,100,21,-8,77
6012900,15,40,-1,78
6013410,79,2,6,72
6013920,24,12,-13,85
6014430,19,23,4,81
6014940,14,87,-3,84
6015450,78,27,6,78
6015960,6,28,-3,81
6016470,70,92,2,79
6016980,18,63,0,79
6017490,82,25,4,75
6018000,10,69,-8,83
6018510,74,70,0,83
6019020,85,71,4,79
6019530,96,72,1,78
6020040,5,73,-1,79
6020550,69,4,11,68
6021060,14,48,-12,80
6021570,78,10,8,72
6022080,95,20,-2,74
6022590,10,39,-5,79
6023100,74,1,1,78
6023610,19,45,0,78
6024120,83,7,5,73
6024630,28,17,-7,80
6025140,39,81,-2,82
6025650,1,82,5,77
6026160,65,46,-4,81
6026670,76,8,11,70
6027180,21,18,-8,78
6027690,16,82,-3,81
6028200,80,31,2,79
6028710,8,32,-1,80
6029220,72,96,6,74
6029730,61,67,-13,87
6030240,9,68,5,82
6030750,73,69,-1,83
6031260,84,70,5,78
6031770,95,71,3,75
6032280,2,72,-8,83
6032790,66,3,10,73
6033300,11,5,-9,82
6033810,4,16,1,81
6034320,71,73,-8,89
6034830,82,74,8,81
6035340,93,75,5,76
6035850,2,76,-3,79
6036360,66,7,4,75
6036870,11,51,-5,80
6037380,75,52,-8,88
6037890,86,14,14,74
6038400,1,58,-5,79
6038910,65,91,3,76
6039420,76,62,-2,78
6039930,87,63,-1,79
6040440,96,64,1,78
6040950,16,65,-4,82
6041460,80,27,-2,84
6041970,8,71,5,79
6042480,72,2,8,71
6042990,17,46,-12,83
6043500,81,8,4,79
6044010,26,52,0,79
6044520,90,14,5,74
6045030,5,24,-8,82
6045540,69,88,6,76
6046050,58,89,4,72
6046560,54,90,-5,77
6047070,50,91,-2,79
6047580,12,92,-2,81
6048090,76,10,2,79
6048600,93,54,5,74
6049110,13,57,-8,82
6049620,77,58,-1,83
6050130,88,59,8,75
6050640,8,60,-6,81
6051150,72,61,-3,84
6051660,83,62,-1,85
6052170,94,63,2,83
6052680,14,64,8,75
6053190,78,26,1,74
6053700,6,70,-2,76
6054210,70,1,-2,78
6054720,15,45,4,74
6055230,79,7,1,73
6055740,24,19,-2,75
6056250,10,83,-7,82
6056760,74,90,7,75
6057270,85,91,1,74
6057780,6,92,-2,76
6058290,14,10,-1,77
6058800,9,74,-9,86
6059310,73,75,11,75
6059820,84,76,-1,76
6060330,95,77,-2,78
6060840,16,78,-9,87
6061350,80,79,13,74
6061860,91,80,0,74
6062370,12,81,-1,75
6062880,76,88,-1,76
6063390,87,89,-3,79
6063900,73,90,-1,80
6064410,44,91,4,76
6064920,6,92,-4,80
6065430,14,10,6,74
6065940,9,74,-6,80
6066450,73,75,-2,82
6066960,101,76,2,80
6067470,22,77,-6,86
6067980,86,39,5,81
6068490,6,42,8,73
6069000,70,4,-3,76
6069510,15,48,-4,80
6070020,79,10,4,76
6070530,96,54,-5,81
6071040,16,57,-3,84
6071550,80,19,9,75
6072060,97,63,-4,79
6072570,17,64,3,76
6073080,81,26,-3,79
6073590,9,70,-1,80
6074100,73,12,5,75
6074610,90,56,-4,79
6075120,10,57,-2,81
6075630,74,19,8,73
6076140,91,63,-8,81
6076650,12,25,-1,82
6077160,11,89,3,79
6077670,22,7,1,78
6078180,15,18,2,76
6078690,14,82,-3,79
6079200,25,89,2,77
6079710,89,51,-4,81
6080220,9,54,4,77
6080730,73,16,5,72
6081240,90,60,-3,75
6081750,10,61,0,75
6082260,74,23,-8,83
6082770,91,67,5,78
6083280,12,68,-3,81
6083790,76,30,4,77
6084300,99,25,-3,80
6084810,20,20,-1,81
6085320,6,84,2,79
6085830,14,2,5,74
6086340,7,27,-7,81
6086850,71,91,10,71
6087360,94,92,-3,74
6087870,15,93,-10,84
6088380,26,100,8,76
6088890,11,62,-9,85
6089400,75,24,10,75
6089910,92,68,-11,86
6090420,13,30,9,77
6090930,12,94,3,74
6091440,20,12,-5,79
6091950,13,23,3,76
6092460,12,87,0,76
6092970,23,49,-5,81
6093480,87,11,10,71
6093990,2,21,-6,77
6094500,66,85,-1,78
6095010,14,86,-2,80
6095520,25,93,-2,82
6096030,10,55,1,81
6096540,74,17,8,73
6097050,91,61,-6,79
6097560,11,23,-4,83
6098070,10,87,7,76
6098580,18,5,-2,78
6099090,11,16,1,77
6099600,10,80,-1,78
6100110,4,11,-1,79
6100620,3,12,4,75
6101130,2,13,-2,77
6101640,1,14,-4,81
6102150,65,15,8,73
6102660,82,59,-6,79
6103170,3,21,-2,81
6103680,67,22,1,80
6104190,84,17,1,79
6104700,101,12,1,78
6105210,16,56,-1,79
6105720,80,18,6,73
6106230,97,62,-9,82
6106740,17,63,1,81
6107250,81,25,3,78
6107760,98,20,-1,79
6108270,13,15,0,79
6108780,8,79,2,77
6109290,72,21,-11,88
6109800,89,16,6,82
6110310,4,60,-3,85
6110820,68,2,8,77
6111330,0,46,3,74
6111840,64,79,-10,84
6112350,12,80,2,82
6112860,20,22,4,78
6113370,6,86,-5,83
6113880,14,28,0,83
6114390,13,92,-2,85
6114900,21,34,-2,87
6115410,7,98,13,74
6115920,15,16,-3,77
6116430,14,80,-2,79
6116940,25,22,2,77
6117450,11,86,-9,86
6117960,75,28,6,80
6118470,3,23,2,78
6118980,67,87,0,78
6119490,15,58,-3,81
6120000,79,20,-1,82
6120510,96,64,-4,86
6121020,16,65,8,78
6121530,80,27,1,77
6122040,8,22,-4,81
6122550,7,86,4,77
6123060,15,4,-1,78
6123570,8,29,-6,84
6124080,72,93,6,78
6124590,20,64,-10,88
6125100,84,26,17,71
6125610,12,21,-9,80
6126120,11,85,1,79
6126630,22,16,3,76
6127140,17,80,-6,82
6127650,28,87,3,79
6128160,29,49,-6,85
6128670,15,11,4,81
6129180,8,75,5,76
6129690,72,17,-5,81
6130200,89,61,5,76
6130710,9,62,-1,77
6131220,73,24,-3,80
6131730,1,19,2,78
6132240,65,20,2,76
6132750,90,15,2,74
6133260,5,27,-7,81
6133770,69,28,-4,85
6134280,10,23,0,85
6134790,9,87,5,80
6135300,17,29,5,75
6135810,12,93,-5,80
6136320,20,35,2,78
6136830,6,99,-1,79
6137340,14,17,-2,81
6137850,9,81,-4,85
6138360,17,23,7,78
6138870,3,87,-4,82
6139380,11,18,3,79
6139890,6,82,-7,86
6140400,14,0,3,83
6140910,7,25,8,75
6141420,6,89,2,73
6141930,14,20,-8,81
6142440,9,84,1,80
6142950,17,15,6,74
6143460,3,79,-9,83
6143970,11,10,4,79
6144480,10,21,-4,83
6144990,9,85,4,79
6145500,17,27,1,78
6146010,12,91,-1,79
6146520,20,33,-3,82
6147030,15,97,5,77
6147540,23,15,-1,78
6148050,18,26,-7,85
6148560,13,90,5,80
6149070,21,21,-5,85
6149580,7,32,6,79
6150090,71,96,5,74
6150600,64,67,-7,81
6151110,50,68,1,80
6151620,100,69,3,77
6152130,20,70,-2,79
6152640,21,32,1,78
6153150,7,96,0,78
6153660,15,14,-3,81
6154170,1,25,2,79
6154680,65,26,-2,81
6155190,95,21,6,75
6155700,16,16,-9,84
6156210,2,80,5,79
6156720,10,11,0,79
6157230,5,75,0,79
6157740,13,17,0,79
6158250,8,81,-5,84
6158760,16,23,8,76
6159270,2,87,0,76
6159780,10,5,-4,80
6160290,3,16,0,80
6160800,2,17,4,76
6161310,1,18,-5,81
6161820,65,19,-3,84
6162330,6,63,0,84
6162840,70,5,8,76
6163350,2,17,-2,78
6163860,66,18,3,75
6164370,100,62,-5,80
6164880,20,57,-3,83
6165390,84,19,8,75
6165900,5,14,-4,79
6166410,4,15,0,79
6166920,68,16,1,78
6167430,0,60,-1,79
6167940,64,93,1,78
6168450,57,64,-6,84
6168960,5,65,1,83
6169470,69,7,9,74
6169980,1,51,-6,80
6170490,65,84,5,75
6171000,13,55,-11,86
6171510,77,56,4,82
6172020,88,18,12,70
6172530,9,13,-11,81
6173040,8,77,2,79
6173550,16,19,-1,80
6174060,2,83,6,74
6174570,10,25,-2,76
6175080,74,89,-1,77
6175590,22,90,-1,78
6176100,7,97,2,76
6176610,15,15,3,73
6177120,1,79,-2,75
6177630,9,10,-8,83
6178140,8,74,5,78
6178650,72,16,-2,80
6179160,4,60,0,80
6179670,68,2,6,74
6180180,0,46,-3,77
6180690,64,90,5,72
6181200,12,61,-10,82
6181710,76,23,4,78
6182220,8,67,-2,80
6182730,72,9,1,79
6183240,4,53,-3,82
6183750,68,22,2,80
6184260,9,66,8,72
6184770,73,8,0,72
6185280,5,52,-2,74
6185790,69,96,0,74
6186300,92,67,-5,79
6186810,12,68,1,78
6187320,76,10,1,77
6187830,8,75,1,76
6188340,16,17,-6,82
6188850,15,81,-1,83
6189360,79,23,7,76
6189870,2,18,-8,84
6190380,66,19,10,74
6190890,100,63,-8,82
6191400,68,64,-6,88
6191910,16,65,5,83
6192420,80,27,8,75
6192930,0,22,2,73
6193440,64,23,-9,82
6193950,5,67,0,82
6194460,69,9,2,80
6194970,1,53,-3,83
6195480,65,97,5,78
6195990,61,6,-2,80
6196500,95,50,8,72
6197010,15,45,-5,77
6197520,79,7,3,74
6198030,11,19,-7,81
6198540,10,83,-1,82
6199050,18,25,2,80
6199560,4,89,2,78
6200070,12,20,-5,83
6200580,11,84,2,81
6201090,19,26,0,81
6201600,18,90,4,77
6202110,26,39,-5,82
6202620,12,1,-2,84
6203130,5,26,2,82
6203640,4,90,7,75
6204150,12,8,-4,79
6204660,11,19,0,79
6205170,10,83,-5,84
6205680,18,25,0,84
6206190,17,89,4,80
6206700,25,94,0,80
6207210,33,43,2,78
6207720,83,44,3,75
6208230,3,47,-5,80
6208740,67,91,5,75
6209250,15,62,-2,77
6209760,79,24,1,76
6210270,2,19,-7,83
6210780,1,20,6,77
6211290,65,73,2,75
6211800,13,74,-4,79
6212310,77,16,9,70
6212820,0,60,-8,78
6213330,2,93,3,75
6213840,10,11,-4,79
6214350,9,75,-2,81
6214860,17,17,8,73
6215370,3,81,-8,81
6215880,11,23,-2,83
6216390,10,87,4,79
6216900,18,29,-1,80
6217410,13,93,2,78
6217920,21,35,-6,84
6218430,7,99,9,75
6218940,15,17,-5,80
6219450,14,81,-2,82
6219960,22,23,4,78
6220470,8,87,4,74
6220980,16,29,-8,82
6221490,11,93,8,74
6222000,19,11,-8,82
6222510,14,22,-4,86
6223020,13,86,3,83
6223530,21,28,8,75
6224040,7,92,-4,79
6224550,21,34,2,77
6225060,7,98,0,77
6225570,15,16,1,76
6226080,1,80,-7,83
6226590,9,22,3,80
6227100,8,86,4,76
6227610,16,5,-1,77
6228120,9,16,2,75
6228630,8,80,-6,81
6229140,16,22,1,80
6229650,11,86,1,79
6230160,19,28,-4,83
6230670,14,92,9,74
6231180,22,34,-2,76
6231690,8,98,-3,79
6232200,16,16,-6,85
6232710,11,80,0,85
6233220,19,22,8,77
6233730,5,86,-1,78
6234240,13,28,-1,79
6234750,12,92,-3,82
6235260,20,34,5,77
6235770,84,98,2,75
6236280,70,99,1,74
6236790,93,3,-11,85
6237300,25,47,9,76
6237810,26,9,-4,80
6238320,27,20,5,75
6238830,61,84,2,73
6239340,84,85,-4,77
6239850,5,86,-2,79
6240360,13,28,5,74
6240870,77,92,0,74
6241380,66,93,-1,75
6241890,83,99,-1,76
6242400,72,100,-4,80
6242910,68,9,2,78
6243420,0,53,-1,79
6243930,64,97,3,76
6244440,60,6,-6,82
6244950,94,50,-1,83
6245460,14,53,2,81
6245970,78,15,8,73
6246480,10,59,-3,76
6246990,74,1,3,73
6247500,6,45,-11,84
6248010,70,89,14,70
6248520,59,90,-12,82
6249030,55,101,3,79
6249540,51,10,-13,92
6250050,52,35,-1,93
6250560,63,99,13,80
6251070,59,8,0,80
6251580,93,52,4,76
6252090,13,53,-3,79
6252600,77,15,4,75
6253110,0,59,-3,78
6253620,64,1,4,74
6254130,98,45,-1,75
6254640,18,40,-3,78
6255150,82,2,2,76
6255660,14,32,-2,78
6256170,13,96,2,76
6256680,21,38,-9,85
6257190,16,0,6,79
6257700,9,25,0,79
6258210,73,89,4,75
6258720,21,90,-4,79
6259230,22,39,0,79
6259740,86,1,-4,83
6260250,18,13,0,83
6260760,13,24,1,82
6261270,8,88,6,76
6261780,16,30,-3,79
6262290,80,94,2,77
6262800,17,95,-3,80
6263310,25,60,-5,85
6263820,26,22,13,72
6264330,60,86,-6,78
6264840,8,87,4,74
6265350,16,5,-7,81
6265860,9,16,8,73
6266370,8,27,-6,79
6266880,72,91,-2,81
6267390,20,92,1,80
6267900,28,41,-5,85
6268410,62,3,11,74
6268920,96,47,-7,81
6269430,16,42,-5,86
6269940,80,4,10,76
6270450,12,16,-4,80
6270960,11,80,-2,82
6271470,19,22,-2,84
6271980,14,86,3,81
6272490,22,28,7,74
6273000,8,92,-10,84
6273510,16,57,-1,85
6274020,80,19,9,76
6274530,0,63,-4,80
6275040,64,5,9,71
6275550,98,49,-8,79
6276060,18,44,-2,81
6276570,82,6,6,75
6277080,14,71,-9,84
6277590,78,33,10,74
6278100,100,28,4,70
6278610,20,23,-6,76
6279120,6,87,3,73
6279630,14,5,-8,81
6280140,7,16,0,81
6280650,6,80,5,76
6281160,14,44,-6,82
6281670,78,6,6,76
6282180,10,71,3,73
6282690,74,13,-4,77
6283200,6,78,0,77
6283710,14,20,-9,86
6284220,9,84,7,79
6284730,73,2,5,74
6285240,5,46,-10,84
6285750,69,8,11,73
6286260,1,52,-4,77
6286770,65,96,-1,78
6287280,66,5,3,75
6287790,100,49,-6,81
6288300,20,44,3,78
6288810,84,6,5,73
6289320,16,71,-9,82
6289830,80,33,8,74
6290340,38,28,-7,81
6290850,72,92,8,73
6291360,61,98,-3,76
6291870,62,7,-1,77
6292380,96,51,6,71
6292890,16,71,-9,80
6293400,80,33,6,74
6293910,0,28,-13,87
6294420,64,92,10,77
6294930,60,1,-6,83
6295440,94,45,2,81
6295950,14,48,0,81
6296460,78,10,8,73
6296970,10,75,-8,81
6297480,1,17,7,74
6297990,65,18,-2,76
6298500,90,62,-10,86
6299010,10,24,6,80
6299520,5,88,2,78
6300030,13,53,0,78
6300540,77,15,5,73
6301050,0,80,-3,76
6301560,8,22,0,76
6302070,3,86,5,71
6302580,11,4,-4,75
6303090,4,15,-9,84
6303600,68,16,6,78
6304110,10,81,0,78
6304620,18,23,0,78
6305130,13,87,-2,80
6305640,21,29,0,80
6306150,7,93,1,79
6306660,15,11,0,79
6307170,10,22,-4,83
6307680,5,86,4,79
6308190,13,17,-1,80
6308700,8,81,1,79
6309210,16,46,-3,82
6309720,80,8,7,75
6310230,12,73,0,75
6310740,20,15,-4,79
6311250,15,79,-1,80
6311760,23,21,-7,87
6312270,9,85,5,82
6312780,73,27,6,76
6313290,95,22,-1,77
6313800,18,17,-1,78
6314310,13,81,-3,81
6314820,21,23,1,80
6315330,7,87,-3,83
6315840,15,29,3,80
6316350,10,93,2,78
6316860,18,35,-5,83
6317370,13,99,4,79
6317880,93,17,-5,84
6318390,16,82,4,80
6318900,24,24,2,78
6319410,10,88,-8,86
6319920,74,53,1,85
6320430,2,15,4,81
6320940,66,16,1,80
6321450,100,60,0,80
6321960,20,80,-3,83
6322470,84,42,8,75
6322980,4,62,-7,82
6323490,68,4,3,79
6324000,0,34,1,78
6324510,64,35,-2,80
6325020,5,36,-2,82
6325530,69,100,9,73
6326040,92,9,-1,74
6326550,24,21,-12,86
6327060,19,85,0,86
6327570,83,27,12,74
6328080,3,22,-7,81
6328590,67,86,10,71
6329100,53,87,-7,78
6329610,54,98,-3,81
6330120,55,7,1,80
6330630,89,39,-1,81
6331140,9,34,-1,82
6331650,73,98,10,72
6332160,60,99,-11,83
6332670,61,8,2,81
6333180,95,52,0,81
6333690,15,55,0,81
6334200,79,17,6,75
6334710,2,61,-2,77
6335220,66,3,1,76
6335730,100,33,-3,79
6336240,20,28,-4,83
6336750,15,92,2,81
6337260,23,57,5,76
6337770,24,19,-6,82
6338280,19,83,0,82
6338790,83,25,3,79
6339300,11,20,-5,84
6339810,6,84,6,78
6340320,14,26,-1,79
6340830,9,90,-1,80
6341340,17,32,3,77
6341850,12,96,3,74
6342360,20,14,-11,85
6342870,15,25,3,82
6343380,10,89,7,75
6343890,18,7,-8,83
6344400,11,18,9,74
6344910,6,82,-8,82
6345420,14,24,2,80
6345930,9,88,3,77
6346440,17,6,-7,84
6346950,12,17,7,77
6347460,7,81,-1,78
6347970,71,23,-4,82
6348480,101,67,3,79
6348990,21,68,0,79
6349500,85,30,3,76
6350010,13,25,-4,80
6350520,8,89,-1,81
6351030,16,31,6,75
6351540,80,95,3,72
6352050,66,96,-4,76
6352560,89,5,2,74
6353070,21,35,-5,79
6353580,7,99,2,77
6354090,15,17,-2,79
6354600,1,81,1,78
6355110,9,12,-2,80
6355620,4,76,10,70
6356130,12,18,-9,79
6356640,7,82,1,78
6357150,71,24,-2,80
6357660,101,68,4,76
6358170,21,69,-2,78
6358680,85,31,5,73
6359190,13,26,3,70
6359700,77,90,-9,79
6360210,25,91,1,78
6360720,26,56,-2,80
6361230,90,18,3,77
6361740,18,45,5,72
6362250,82,7,-4,76
6362760,14,19,-1,77
6363270,9,83,-3,80
6363780,73,25,2,78
6364290,1,20,1,77
6364800,65,21,-1,78
6365310,95,65,2,76
6365820,15,66,-5,81
6366330,79,28,4,77
6366840,7,72,-8,85
6367350,71,14,12,73
6367860,101,79,-2,75
6368370,22,80,-1,76
6368880,86,42,0,76
6369390,6,69,-3,79
6369900,70,11,1,78
6370410,2,76,-6,84
6370920,66,18,2,82
6371430,96,62,0,82
6371940,16,63,3,79
6372450,80,25,0,79
6372960,8,20,-5,84
6373470,72,84,3,81
6373980,20,85,-2,83
6374490,84,50,-1,84
6375000,4,51,3,81
6375510,68,95,9,72
6376020,55,101,-4,76
6376530,3,10,-1,77
6377040,67,11,-2,79
6377550,101,76,6,73
6378060,21,77,-7,80
6378570,85,39,7,73
6379080,5,34,-7,80
6379590,69,98,8,72
6380100,56,99,-5,77
6380610,4,8,-5,82
6381120,68,9,9,73
6381630,0,36,-4,77
6382140,64,100,1,76
6382650,60,9,-5,81
6383160,94,36,7,74
6383670,22,31,-6,80
6384180,8,95,5,75
6384690,16,35,-7,82
6385200,80,99,8,74
6385710,66,100,0,74
6386220,62,9,-8,82
6386730,96,36,2,80
6387240,24,14,1,79
6387750,10,78,-4,83
6388260,74,20,5,78
6388770,2,64,-8,86
6389280,66,6,12,74
6389790,100,33,-1,75
6390300,28,28,-5,80
6390810,48,92,2,78
6391320,98,1,12,66
6391830,30,13,-22,88
6392340,80,24,16,72
6392850,8,19,-10,82
6393360,72,83,9,73
6393870,58,84,-2,75
6394380,6,85,-8,83
6394890,70,27,2,81
6395400,100,22,6,75
6395910,28,17,-4,79
6396420,62,81,2,77
6396930,10,82,-4,81
6397440,74,24,-1,82
6397950,2,19,-2,84
6398460,66,20,7,77
6398970,96,64,-1,78
6399480,16,65,0,78
6399990,80,27,4,74
6400500,8,22,-7,81
6401010,72,86,4,77
6401520,20,87,-8,85
6402030,84,52,9,76
6402540,4,53,-3,79
6403050,68,97,8,71
6403560,91,81,-11,82
6404070,12,43,2,80
6404580,76,5,10,70
6405090,8,17,-4,74
6405600,72,81,1,73
6406110,20,82,-12,85
6406620,84,44,5,80
6407130,4,71,0,80
6407640,68,13,3,77
6408150,98,45,-3,80
6408660,18,40,0,80
6409170,82,2,6,74
6409680,14,32,-9,83
6410190,78,96,7,76
6410700,65,0,2,74
6411210,99,30,-5,79
6411720,27,25,-3,82
6412230,61,89,3,79
6412740,9,95,-1,80
6413250,73,13,1,79
6413760,1,57,-4,83
6414270,65,101,9,74
6414780,88,10,-3,77
6415290,20,22,0,77
6415800,6,86,-4,81
6416310,14,28,-3,84
6416820,9,92,7,77
6417330,17,10,-4,81
6417840,10,21,6,75
6418350,5,85,-7,82
6418860,69,50,-1,83
6419370,99,12,7,76
6419880,31,24,-9,85
6420390,65,88,12,73
6420900,13,94,-3,76
6421410,21,59,-3,79
6421920,85,21,3,76
6422430,13,16,-5,81
6422940,101,80,10,71
6423450,21,81,-10,81
6423960,85,43,7,74
6424470,5,38,0,74
6424980,69,0,1,73
6425490,1,30,-3,76
6426000,65,94,2,74
6426510,88,100,-3,77
6427020,74,4,0,77
6427530,6,34,1,76
6428040,70,98,-4,80
6428550,57,2,5,75
6429060,91,32,-1,76
6429570,19,27,-7,83
6430080,5,91,3,80
6430590,92,33,1,79
6431100,12,28,0,79
6431610,76,92,2,77
6432120,62,93,2,75
6432630,49,2,-7,82
6433140,42,27,-3,85
6433650,53,91,5,80
6434160,1,0,-2,82
6434670,12,49,-4,86
6435180,76,11,7,79
6435690,8,38,-5,84
6436200,72,0,11,73
6436710,4,30,-3,76
6437220,68,94,1,75
6437730,16,100,-10,85
6438240,80,65,1,84
6438750,8,27,4,80
6439260,72,91,3,77
6439770,20,75,3,74
6440280,84,37,-5,79
6440790,4,32,0,79
6441300,68,96,2,77
6441810,54,0,-5,82
6442320,47,30,-6,88
6442830,58,94,6,82
6443340,6,78,5,77
6443850,70,40,-5,82
6444360,100,35,5,77
6444870,20,30,3,74
6445380,6,94,-7,81
6445890,70,12,7,74
6446400,100,44,-7,81
6446910,20,39,-4,85
6447420,84,1,6,79
6447930,59,31,-9,88
6448440,89,38,15,73
6448950,9,33,-3,76
6449460,73,97,-1,77
6449970,59,1,-1,78
6450480,93,31,5,73
6450990,21,26,1,72
6451500,7,90,-6,78
6452010,71,8,3,75
6452520,3,73,-6,81
6453030,67,4,5,76
6453540,101,34,-2,78
6454050,21,51,2,76
6454560,85,13,2,74
6455070,13,25,-2,76
6455580,8,89,-6,82
6456090,72,54,-6,88
6456600,91,16,17,71
6457110,19,11,-6,77
6457620,12,75,-3,80
6458130,76,37,-4,84
6458640,98,32,1,83
6459150,26,26,3,80
6459660,12,90,4,76
6460170,76,52,-5,81
6460680,98,14,9,72
6461190,26,24,-12,84
6461700,12,35,2,82
6462210,76,99,6,76
6462720,62,3,-3,79
6463230,96,13,-2,81
6463740,24,25,-3,84
6464250,10,89,5,79
6464760,74,54,-5,84
6465270,2,16,1,83
6465780,66,17,4,79
6466290,96,12,-4,83
6466800,24,42,7,76
6467310,10,4,-7,83
6467820,3,15,1,82
6468330,67,79,5,77
6468840,95,44,-2,79
6469350,15,39,2,77
6469860,79,1,2,75
6470370,11,31,0,75
6470880,75,95,1,74
6471390,61,101,-1,75
6471900,9,85,-6,81
6472410,73,47,2,79
6472920,95,9,4,75
6473430,27,19,-7,82
6473940,46,83,4,78
6474450,96,94,-1,79
6474960,17,59,-1,80
6475470,81,21,1,79
6475980,9,16,-2,81
6476490,4,80,3,78
6477000,68,11,0,78
6477510,98,21,1,77
6478020,26,16,3,74
6478530,45,80,-10,84
6479040,95,91,8,76
6479550,16,53,-3,79
6480060,80,15,7,72
6480570,8,10,-6,78
6481080,7,64,-1,79
6481590,71,11,1,78
6482100,101,21,3,75
6482610,29,16,-8,83
6483120,48,23,2,81
6483630,67,30,9,72
6484140,97,25,-2,74
6484650,25,20,-4,78
6485160,11,84,1,77
6485670,75,15,0,77
6486180,3,80,1,76
6486690,67,11,-1,77
6487200,97,21,1,76
6487710,25,16,1,75
6488220,44,80,-3,78
6488730,94,50,0,78
6489240,14,45,-8,86
6489750,78,7,13,73
6490260,10,19,-5,78
6490770,9,83,-5,83
6491280,73,14,12,71
6491790,1,9,-15,86
6492300,0,10,10,76
6492810,64,11,2,74
6493320,5,21,1,73
6493830,69,85,0,73
6494340,97,91,-3,76
6494850,18,53,-4,80
6495360,82,15,3,77
6495870,10,25,-2,79
6496380,74,89,6,73
6496890,60,95,-5,78
6497400,88,4,4,74
6497910,20,14,-10,84
6498420,6,78,8,76
6498930,70,9,1,75
6499440,2,19,4,71
6499950,66,83,-4,75
6500460,94,89,-6,81
6500970,24,51,1,80
6501480,74,13,7,73
6501990,2,23,-8,81
6502500,66,87,5,76
6503010,52,93,-1,77
6503520,0,2,3,74
6504030,11,51,-7,81
6504540,75,13,6,75
6505050,3,23,-4,79
6505560,67,87,3,76
6506070,95,93,0,76
6506580,16,55,-4,80
6507090,80,17,6,74
6507600,8,27,-9,83
6508110,72,91,6,77
6508620,58,97,-5,82
6509130,44,67,-8,90
6509640,94,29,10,80
6510150,22,24,-2,82
6510660,8,88,5,77
6511170,72,19,3,74
6511680,0,14,-6,80
6512190,64,15,6,74
6512700,94,38,0,74
6513210,14,33,1,73
6513720,78,97,-2,75
6514230,64,1,-3,78
6514740,98,11,0,78
6515250,1,23,-2,80
6515760,65,87,6,74
6516270,93,93,-4,78
6516780,14,58,-8,86
6517290,78,20,10,76
6517800,6,15,-2,78
6518310,1,26,-1,79
6518820,65,90,4,75
6519330,13,96,2,73
6519840,21,14,-16,89
6520350,7,25,10,79
6520860,71,89,5,74
6521370,57,84,-2,76
6521880,5,90,-10,86
6522390,69,21,8,78
6522900,99,16,-3,81
6523410,27,28,-1,82
6523920,13,92,-3,85
6524430,77,10,13,72
6524940,5,20,-3,75
6525450,69,84,-3,78
6525960,17,90,-4,82
6526470,25,39,-1,83
6526980,11,1,8,75
6527490,4,50,-6,81
6528000,68,12,5,76
6528510,98,22,-3,79
6529020,26,17,3,76
6529530,45,81,-8,84
6530040,95,59,2,82
6530550,15,54,2,80
6531060,79,16,4,76
6531570,7,26,-4,80
6532080,71,90,4,76
6532590,57,96,0,76
6533100,43,74,-8,84
6533610,29,69,-1,85
6534120,93,31,14,71
6534630,21,26,-7,78
6535140,7,90,5,73
6535650,15,8,-9,82
6536160,8,19,1,81
6536670,11,83,0,81
6537180,19,14,6,75
6537690,5,25,-5,80
6538200,69,89,1,79
6538710,55,95,3,76
6539220,41,73,-7,83
6539730,27,51,1,82
6540240,13,13,-4,86
6540750,8,24,-2,88
6541260,72,88,9,79
6541770,58,94,-3,82
6542280,44,72,-2,84
6542790,30,78,3,81
6543300,94,40,0,81
6543810,14,35,4,77
6544320,78,99,6,71
6544830,64,3,-3,74
6545340,98,13,-1,75
6545850,19,25,-3,78
6546360,65,89,0,78
6546870,13,95,0,78
6547380,83,13,6,72
6547890,11,8,-9,81
6548400,99,19,3,78
6548910,20,90,-1,79
6549420,6,39,1,78
6549930,70,1,2,76
6550440,2,11,-3,79
6550950,13,12,-5,84
6551460,101,23,11,73
6551970,22,18,-5,78
6552480,8,82,-1,79
6552990,72,13,0,79
6553500,0,23,-1,80
6554010,64,56,-3,83
6554520,5,18,-1,84
6555030,69,82,6,78
6555540,55,88,1,77
6556050,3,66,-2,79
6556560,67,99,4,75
6557070,90,77,-9,84
6557580,11,39,2,82
6558090,75,1,8,74
6558600,7,11,-2,76
6559110,10,75,-8,84
6559620,18,6,8,76
6560130,11,17,-2,78
6560640,99,81,-5,83
6561150,20,43,4,79
6561660,6,5,6,73
6562170,5,16,-8,81
6562680,69,80,-1,82
6563190,92,86,6,76
6563700,13,92,-2,78
6564210,21,10,0,78
6564720,14,17,3,75
6565230,0,81,-3,78
6565740,6,12,6,72
6566250,94,23,-1,73
6566760,15,18,-5,78
6567270,1,82,3,75
6567780,7,46,-5,80
6568290,71,8,9,71
6568800,101,18,-8,79
6569310,22,89,0,79
6569820,8,96,7,72
6570330,16,14,-9,81
6570840,2,78,0,81
6571350,66,9,6,75
6571860,96,19,-1,76
6572370,17,90,-3,79
6572880,25,45,-1,80
6573390,11,7,1,79
6573900,99,18,4,75
6574410,20,89,2,73
6574920,28,38,-10,83
6575430,14,0,7,76
6575940,7,25,4,72
6576450,71,89,-2,74
6576960,94,95,3,71
6577470,15,101,-7,78
6577980,23,19,-2,80
6578490,9,83,-5,85
6579000,73,38,6,79
6579510,95,61,-2,81
6580020,15,67,0,81
6580530,79,29,5,76
6581040,7,34,-6,82
6581550,71,98,8,74
6582060,94,2,7,67
6582570,26,12,-18,85
6583080,45,23,1,84
6583590,64,30,4,80
6584100,5,37,3,77
6584610,69,101,4,73
6585120,92,79,-4,77
6585630,13,35,-4,81
6586140,77,99,6,75
6586650,100,38,3,72
6587160,28,33,-5,77
6587670,14,97,-13,90
6588180,78,52,5,85
6588690,6,14,7,78
6589200,94,78,4,74
6589710,15,40,-7,81
6590220,79,2,13,68
6590730,11,12,-13,81
6591240,99,23,3,78
6591750,20,18,-3,81
6592260,6,82,3,78
6592770,14,37,-3,81
6593280,78,101,4,77
6593790,101,5,-9,86
6594300,33,15,7,79
6594810,52,22,-5,84
6595320,95,29,14,70
6595830,23,24,-10,80
6596340,9,88,1,79
6596850,17,6,-1,80
6597360,10,17,-1,81
6597870,13,81,4,77
6598380,21,36,-2,79
6598890,7,100,4,75
6599400,15,18,-3,78
6599910,1,82,1,77
6600420,65,46,-6,83
6600930,6,8,-3,86
6601440,5,19,12,74
6601950,69,83,-3,77
6602460,17,4,3,74
6602970,10,29,-5,79
6603480,74,93,6,73
6603990,97,99,0,73
6604500,18,3,-3,76
6605010,11,28,0,76
6605520,75,92,-3,79
6606030,1,98,-6,85
6606540,9,62,5,80
6607050,73,24,-3,83
6607560,1,29,6,77
6608070,65,93,-5,82
6608580,13,99,4,78
6609090,21,17,-1,79
6609600,7,81,-3,82
6610110,15,36,1,81
6610620,79,100,7,74
6611130,0,4,-5,79
6611640,97,53,-2,81
6612150,17,76,3,78
6612660,81,83,2,76
6613170,2,84,-3,79
6613680,10,48,0,79
6614190,74,10,5,74
6614700,2,20,-2,76
6615210,66,84,-1,77
6615720,14,90,-6,83
6616230,22,52,8,75
6616740,8,14,-6,81
6617250,7,78,4,77
6617760,15,33,-4,81
6618270,79,97,11,70
6618780,0,1,-5,75
6619290,11,50,-4,79
6619800,75,12,4,75
6620310,3,22,-5,80
6620820,67,86,3,77
6621330,22,92,0,77
6621840,25,54,-7,84
6622350,75,16,8,76
6622860,3,35,-1,77
6623370,55,99,4,73
6623880,3,77,-6,79
6624390,67,41,-1,80
6624900,97,3,3,77
6625410,25,13,-9,86
6625920,44,24,5,81
6626430,63,31,-2,83
6626940,4,38,8,75
6627450,68,0,1,74
6627960,0,30,-6,80
6628470,64,94,8,72
6628980,87,100,2,70
6629490,8,28,-4,74
6630000,72,92,-2,76
6630510,95,98,5,71
6631020,16,2,-1,72
6631530,9,27,-8,80
6632040,73,91,4,76
6632550,96,97,-2,78
6633060,17,98,-1,79
6633570,25,53,-4,83
6634080,89,15,12,71
6634590,17,86,-9,80
6635100,25,48,7,73
6635610,75,10,-5,78
6636120,3,20,-2,80
6636630,67,84,9,71
6637140,90,90,-4,75
6637650,11,91,-4,79
6638160,19,53,2,77
6638670,83,15,3,74
6639180,11,25,-3,77
6639690,75,89,-1,78
6640200,23,90,-3,81
6640710,87,57,-4,85
6641220,8,19,8,77
6641730,72,83,0,77
6642240,95,84,4,73
6642750,16,46,-6,79
6643260,80,8,-1,80
6643770,8,18,3,77
6644280,7,82,-4,81
6644790,15,46,4,77
6645300,79,8,9,68
6645810,7,38,-8,76
6646320,71,0,5,71
6646830,3,30,-3,74
6647340,67,94,-9,83
6647850,15,100,4,79
6648360,23,62,-6,85
6648870,87,24,9,76
6649380,15,43,-6,82
6649890,79,5,7,75
6650400,2,15,1,74
6650910,66,16,-7,81
6651420,96,60,5,76
6651930,17,66,-2,78
6652440,81,28,0,78
6652950,9,33,0,78
6653460,73,97,1,77
6653970,96,1,1,76
6654480,20,31,-6,82
6654990,6,95,11,71
6655500,14,13,-8,79
6656010,0,77,6,73
6656520,6,39,-2,75
6657030,70,1,0,75
6657540,89,31,4,71
6658050,17,36,-9,80
6658560,3,100,-1,81
6659070,11,18,4,77
6659580,99,82,4,73
6660090,20,83,-7,80
6660600,24,45,-7,87
6661110,10,7,5,82
6661620,9,18,0,82
6662130,97,82,9,73
6662640,18,44,-1,74
6663150,4,6,-2,76
6663660,3,7,1,75
6664170,2,8,-4,79
6664680,13,9,1,78
6665190,101,20,-1,79
6665700,22,91,6,73
6666210,7,53,-5,78
6666720,71,15,5,73
6667230,101,34,-3,76
6667740,29,53,-5,81
6668250,79,15,10,71
6668760,7,86,-4,75
6669270,15,4,1,74
6669780,8,29,-6,80
6670290,72,93,0,80
6670800,95,99,-1,81
6671310,16,100,4,77
6671820,24,18,-4,81
6672330,30,29,4,77
6672840,56,93,1,76
6673350,79,71,-7,83
6673860,0,72,7,76
6674370,6,36,-2,78
6674880,70,100,1,77
6675390,93,4,0,77
6675900,17,34,-4,81
6676410,3,98,7,74
6676920,11,16,-2,76
6677430,99,80,1,75
6677940,20,81,-7,82
6678450,0,43,8,74
6678960,64,76,-5,79
6679470,87,77,0,79
6679980,8,78,1,78
6680490,14,40,-2,80
6681000,78,2,10,70
6681510,2,32,-7,77
6682020,66,96,5,72
6682530,89,0,-7,79
6683040,78,30,3,76
6683550,101,35,-3,79
6684060,29,41,-1,80
6684570,79,3,5,75
6685080,3,33,-6,81
6685590,67,97,11,70
6686100,90,1,2,68
6686610,14,72,-17,85
6687120,78,34,6,79
6687630,101,57,-3,82
6688140,21,60,8,74
6688650,85,22,1,73
6689160,6,41,-6,79
6689670,70,3,3,76
6690180,95,33,0,76
6690690,16,52,-3,79
6691200,80,14,2,77
6691710,1,33,-2,79
6692220,65,97,5,74
6692730,88,75,-6,80
6693240,9,76,-2,82
6693750,73,40,-2,84
6694260,1,63,5,79
6694770,65,27,-1,80
6695280,88,50,1,79
6695790,9,53,0,79
6696300,73,15,0,79
6696810,96,34,9,70
6697320,17,40,-11,81
6697830,3,2,1,80
6698340,2,91,-1,81
6698850,8,9,2,79
6699360,96,73,2,77
6699870,17,74,-4,81
6700380,81,36,-1,82
6700890,2,59,5,77
6701400,66,23,-4,81
6701910,91,46,2,79
6702420,11,49,-3,82
6702930,75,11,6,76
6703440,98,82,-5,81
6703950,19,83,2,79
6704460,27,32,-1,80
6704970,13,96,1,79
6705480,19,14,-7,86
6705990,5,78,6,80
6706500,13,42,2,78
6707010,77,4,0,78
6707520,1,34,-2,80
6708030,65,21,5,75
6708540,90,44,4,71
6709050,10,47,-6,77
6709560,74,9,-3,80
6710070,99,80,-1,81
6710580,20,81,4,77
6711090,5,30,-4,81
6711600,69,94,5,76
6712110,92,95,3,73
6712620,13,96,-3,76
6713130,21,60,-4,80
6713640,7,22,7,73
6714150,71,86,-4,77
6714660,94,87,-2,79
6715170,15,88,3,76
6715680,23,52,-9,85
6716190,9,14,-2,87
6716700,12,78,10,77
6717210,20,27,-2,79
6717720,6,91,0,79
6718230,14,55,-6,85
6718740,78,17,11,74
6719250,101,36,-1,75
6719760,29,42,-3,78
6720270,15,43,-4,82
6720780,79,5,11,71
6721290,2,76,-3,74
6721800,10,40,-11,85
6722310,74,2,9,76
6722820,99,46,-6,82
6723330,20,49,6,76
6723840,6,11,-2,78
6724350,5,12,-7,85
6724860,8,23,5,80
6725370,96,87,6,74
6725880,17,88,-10,84
6726390,25,37,1,83
6726900,11,101,6,77
6727410,19,19,-5,82
6727920,5,30,7,75
6728430,69,94,2,73
6728940,92,95,-1,74
6729450,13,96,-4,78
6729960,21,60,-6,84
6730470,85,22,8,76
6730980,6,41,-2,78
6731490,70,3,3,75
6732000,95,47,-1,76
6732510,15,50,-1,77
6733020,79,12,-1,78
6733530,2,83,0,78
6734040,8,47,-1,79
6734550,72,9,3,76
6735060,97,80,4,72
6735570,18,81,-6,78
6736080,26,30,-3,81
6736590,12,94,-1,82
6737100,20,58,3,79
6737610,84,20,0,79
6738120,5,39,-1,80
6738630,69,1,6,74
6739140,94,45,-3,77
6739650,15,48,-1,78
6740160,79,10,2,76
6740670,2,81,3,73
6741180,10,45,-7,80
6741690,74,7,0,80
6742200,99,78,8,72
6742710,20,79,-12,84
6743220,28,41,2,82
6743730,14,42,-3,85
6744240,78,4,9,76
6744750,1,75,-2,78
6745260,9,39,1,77
6745770,73,1,4,73
6746280,98,31,-4,77
6746790,19,50,-2,79
6747300,5,12,3,76
6747810,8,13,-2,78
6748320,96,77,-4,82
6748830,17,78,-2,84
6749340,81,40,4,80
6749850,2,43,-2,82
6750360,66,30,7,75
6750870,41,37,-11,86
6751380,60,101,5,81
6751890,83,0,-2,83
6752400,6,30,9,74
6752910,70,94,-2,76
6753420,93,100,4,72
6753930,14,101,-9,81
6754440,22,65,-2,83
6754950,86,27,7,76
6755460,14,46,-2,78
6755970,78,8,-3,81
6756480,1,79,5,76
6756990,9,43,-1,77
6757500,73,5,4,73
6758010,98,76,-7,80
6758520,19,77,2,78
6759030,27,39,-2,80
6759540,1,1,5,75
6760050,12,50,-4,79
6760560,76,12,3,76
6761070,101,83,-4,80
6761580,22,84,-5,85
6762090,30,33,6,79
6762600,36,97,2,77
6763110,32,59,-2,79
6763620,82,60,2,77
6764130,3,61,-6,83
6764640,11,25,3,80
6765150,14,89,1,79
6765660,22,53,0,79
6766170,18,15,0,79
6766680,4,79,2,77
6767190,12,43,0,77
6767700,76,5,4,73
6768210,101,76,-2,75
6768720,22,77,-7,82
6769230,11,39,3,79
6769740,75,1,4,75
6770250,100,31,4,71
6770760,23,50,-15,86
6771270,35,12,6,80
6771780,54,19,-2,82
6772290,79,26,4,78
6772800,2,45,4,74
6773310,66,9,1,73
6773820,91,80,-4,77
6774330,12,81,-9,86
6774840,20,45,5,81
6775350,6,7,-1,82
6775860,5,8,7,75
6776370,4,9,-4,79
6776880,3,10,-6,85
6777390,14,11,8,77
6777900,0,75,2,75
6778410,6,39,-3,78
6778920,70,1,4,74
6779430,95,31,-2,76
6779940,18,50,-4,80
6780450,82,12,-3,83
6780960,5,83,9,74
6781470,13,47,-7,81
6781980,19,9,1,80
6782490,12,20,-3,83
6783000,11,84,-2,85
6783510,19,48,5,80
6784020,25,10,1,79
6784530,44,33,-1,80
6785040,63,97,7,73
6785550,86,75,-6,79
6786060,7,76,4,75
6786570,13,40,-5,80
6787080,77,2,10,70
6787590,0,32,-4,74
6788100,64,52,-8,82
6788610,83,53,3,79
6789120,4,54,0,79
6789630,68,18,5,74
6790140,93,37,-2,76
6790650,14,40,0,76
6791160,78,2,-3,79
6791670,1,32,-1,80
6792180,65,33,-2,82
6792690,95,36,10,72
6793200,23,39,-12,84
6793710,9,40,7,77
6794220,73,2,4,73
6794730,88,32,0,73
6795240,11,35,-8,81
6795750,75,99,3,78
6796260,98,3,3,75
6796770,21,33,-3,78
6797280,7,34,-7,85
6797790,71,98,9,76
6798300,94,2,1,75
6798810,17,32,-5,80
6799320,3,96,3,77
6799830,11,60,-4,81
6800340,17,15,7,74
6800850,3,26,-4,78
6801360,67,90,2,76
6801870,39,91,-11,87
6802380,35,73,4,83
6802890,31,74,1,82
6803400,95,56,10,72
6803910,16,59,-8,80
6804420,80,21,3,77
6804930,1,40,1,76
6805440,65,4,3,73
6805950,90,34,-4,77
6806460,11,37,-1,78
6806970,75,101,-1,79
6807480,98,5,-4,83
6807990,21,17,1,82
6808500,69,81,-1,83
6809010,92,82,9,74
6809520,13,83,-5,79
6810030,21,38,0,79
6810540,7,39,-1,80
6811050,71,1,10,70
6811560,96,31,-10,80
6812070,17,34,-3,83
6812580,3,98,5,78
6813090,11,16,-4,82
6813600,10,80,1,81
6814110,18,44,-6,87
6814620,82,6,11,76
6815130,5,77,-6,82
6815640,13,41,11,71
6816150,77,3,0,71
6816660,0,2,-5,76
6817170,101,91,-2,78
6817680,22,92,-2,80
6818190,30,47,1,79
6818700,80,48,1,78
6819210,1,51,1,77
6819720,65,15,-4,81
6820230,90,34,8,73
6820740,11,37,-5,78
6821250,75,101,4,74
6821760,98,5,-5,79
6822270,21,17,-4,83
6822780,71,28,2,81
6823290,94,35,2,79
6823800,15,38,0,79
6824310,79,0,9,70
6824820,2,30,-5,75
6825330,66,31,-8,83
6825840,96,38,10,73
6826350,17,41,-7,80
6826860,81,3,7,73
6827370,83,33,-3,76
6827880,4,36,-1,77
6828390,68,100,1,76
6828900,91,101,1,75
6829410,12,0,-8,83
6829920,5,49,2,81
6830430,69,13,2,79
6830940,94,32,5,74
6831450,15,83,-3,77
6831960,23,38,-5,82
6832470,9,39,1,81
6832980,73,1,5,76
6833490,92,31,2,74
6834000,13,37,-6,80
6834510,77,101,6,74
6835020,100,5,-3,77
6835530,23,35,-3,80
6836040,9,36,-3,83
6836550,73,100,9,74
6837060,96,4,1,73
6837570,19,16,-9,82
6838080,5,80,2,80
6838590,13,44,3,77
6839100,77,6,1,76
6839610,0,36,1,75
6840120,64,0,-7,82
6840630,83,30,8,74
6841140,4,74,-3,77
6841650,10,38,-2,79
6842160,74,0,-5,84
6842670,93,30,11,73
6843180,14,49,-4,77
6843690,78,11,8,69
6844200,1,82,-15,84
6844710,9,46,3,81
6845220,73,8,4,77
6845730,92,79,6,71
6846240,13,80,-12,83
6846750,19,44,13,70
6847260,83,6,0,70
6847770,6,36,-6,76
6848280,70,100,2,74
6848790,93,101,0,74
6849300,14,0,-3,77
6849810,7,49,1,76
6850320,71,13,4,72
6850830,94,32,-2,74
6851340,15,35,-10,84
6851850,79,99,10,74
6852360,0,3,1,73
6852870,11,52,-6,79
6853380,14,65,-2,81
6853890,78,29,-1,82
6854400,101,73,9,73
6854910,22,74,-9,82
6855420,86,23,14,68
6855930,7,42,-7,75
6856440,83,4,4,71
6856950,6,34,-8,79
6857460,70,98,2,77
6857970,93,2,1,76
6858480,75,32,1,75
6858990,98,76,-4,79
6859500,19,77,-1,80
6860010,83,26,-1,81
6860520,4,70,1,80
6861030,68,34,0,80
6861540,63,37,-10,90
6862050,82,44,11,79
6862560,3,47,-3,82
6863070,67,11,6,76
6863580,92,55,-1,77
6864090,13,58,-5,82
6864600,77,20,11,71
6865110,100,64,-10,81
6865620,21,70,2,79
6866130,74,32,-1,80
6866640,97,76,4,76
6867150,18,77,1,75
6867660,82,26,3,72
6868170,3,70,-4,76
6868680,67,34,-2,78
6869190,97,37,3,75
6869700,18,40,-6,81
6870210,82,2,7,74
6870720,101,32,0,74
6871230,22,38,-6,80
6871740,86,39,-2,82
6872250,7,42,5,77
6872760,71,4,2,75
6873270,90,34,-4,79
6873780,11,78,-2,81
6874290,75,42,-2,83
6874800,98,45,5,78
6875310,18,48,-2,80
6875820,82,10,0,80
6876330,5,40,1,79
6876840,69,2,3,76
6877350,88,32,1,75
6877860,9,76,-6,81
6878370,73,40,-1,82
6878880,96,43,8,74
6879390,17,46,-5,79
6879900,81,8,2,77
6880410,100,38,-2,79
6880920,21,41,-1,80
6881430,85,3,8,72
6881940,2,33,-8,80
6882450,66,97,9,71
6882960,89,1,-4,75
6883470,6,13,2,73
6883980,5,77,-6,79
6884490,69,41,2,77
6885000,88,44,5,72
6885510,8,47,-6,78
6886020,72,9,0,78
6886530,91,21,3,75
6887040,12,92,-2,77
6887550,20,56,-7,84
6888060,84,18,11,73
6888570,5,62,-6,79
6889080,69,26,-2,81
6889590,94,70,0,81
6890100,15,71,2,79
6890610,79,33,0,79
6891120,0,36,1,78
6891630,64,23,-1,79
6892140,83,67,1,78
6892650,4,68,-6,84
6893160,68,32,6,78
6893670,91,35,1,77
6894180,12,38,-3,80
6894690,76,0,9,71
6895200,95,30,-9,80
6895710,18,82,0,80
6896220,82,31,-2,82
6896730,3,75,-4,86
6897240,67,39,8,78
6897750,90,42,1,77
6898260,10,45,2,75
6898770,74,7,-2,77
6899280,93,37,1,76
6899790,14,40,0,76
6900300,78,2,2,74
6900810,97,32,-2,76
6901320,18,76,-6,82
6901830,82,25,7,75
6902340,5,69,-5,80
6902850,69,33,3,77
6903360,92,36,1,76
6903870,13,39,-2,78
6904380,77,1,0,78
6904890,96,31,4,74
6905400,19,75,-7,81
6905910,83,37,9,72
6906420,4,40,-12,84
6906930,68,2,12,72
6907440,87,32,2,70
6907950,8,35,-5,75
6908460,72,99,6,69
6908970,95,100,-4,73
6909480,16,101,-5,78
6909990,24,19,-3,81
6910500,43,83,2,79
6911010,5,84,4,75
6911520,69,48,-7,82
6912030,88,10,7,75
6912540,11,22,-4,79
6913050,6,86,5,74
6913560,12,50,0,74
6914070,76,12,1,73
6914580,101,24,-3,76
6915090,22,89,-3,79
6915600,86,38,5,74
6916110,6,41,-6,80
6916620,70,3,5,75
6917130,89,33,-7,82
6917640,12,36,1,81
6918150,76,100,8,73
6918660,72,71,-13,86
6919170,91,72,8,78
6919680,12,73,-3,81
6920190,76,37,6,75
6920700,98,40,-4,79
6921210,19,43,-1,80
6921720,83,5,6,74
6922230,0,35,-1,75
6922740,64,99,0,75
6923250,60,81,-5,80
6923760,83,52,-3,83
6924270,16,53,3,80
6924780,80,15,3,77
6925290,3,8,1,76
6925800,86,9,3,73
6926310,9,21,-8,81
6926820,4,85,3,78
6927330,68,49,1,77
6927840,87,11,6,71
6928350,10,23,-6,77
6928860,5,87,5,72
6929370,69,51,-8,80
6929880,88,13,4,76
6930390,11,25,-1,77
6930900,6,89,2,75
6931410,12,7,-7,82
6931920,7,18,7,75
6932430,6,82,-4,79
6932940,70,46,2,77
6933450,89,8,4,73
6933960,12,20,-8,81
6934470,7,84,0,81
6934980,71,48,4,77
6935490,90,10,0,77
6936000,13,22,-4,81
6936510,8,86,6,75
6937020,72,50,-7,82
6937530,91,12,10,72
6938040,14,24,-5,77
6938550,9,88,2,75
6939060,73,52,-10,85
6939570,92,14,7,78
6940080,15,26,1,77
6940590,79,90,3,74
6941100,37,18,-6,80
6941610,56,25,-1,81
6942120,75,32,5,76
6942630,97,35,2,74
6943140,17,38,-3,77
6943650,81,0,1,76
6944160,100,30,-1,77
6944670,23,67,-8,85
6945180,87,29,10,75
6945690,10,73,-5,80
6946200,74,35,0,80
6946710,99,38,-2,82
6947220,19,41,6,76
6947730,83,3,2,74
6948240,6,33,-7,81
6948750,70,97,4,77
6949260,66,68,-12,89
6949770,24,30,1,88
6950280,10,94,1,87
6950790,74,58,5,82
6951300,93,20,6,76
6951810,16,32,-3,79
6952320,80,96,3,76
6952830,23,24,-5,81
6953340,9,88,1,80
6953850,73,52,0,80
6954360,92,14,4,76
6954870,15,26,1,75
6955380,10,90,-8,83
6955890,16,54,4,79
6956400,80,16,5,74
6956910,3,28,-3,77
6957420,67,92,1,76
6957930,63,63,-7,83
6958440,11,25,0,83
6958950,6,89,3,80
6959460,70,53,-3,83
6959970,89,15,10,73
6960480,12,27,-8,81
6960990,7,91,4,77
6961500,71,55,-3,80
6962010,90,17,8,72
6962520,13,29,-6,78
6963030,8,93,-3,81
6963540,14,57,6,75
6964050,78,19,-5,80
6964560,1,31,0,80
6965070,65,95,5,75
6965580,61,66,-10,85
6966090,9,28,5,80
6966600,73,92,2,78
6967110,69,63,-8,86
6967620,95,25,17,69
6968130,18,37,-11,80
6968640,82,101,8,72
6969150,64,72,-11,83
6969660,12,73,4,79
6970170,76,35,9,70
6970680,98,38,-7,77
6971190,18,41,-4,81
6971700,82,3,12,69
6972210,101,33,-3,72
6972720,21,28,-9,81
6973230,7,92,9,72
6973740,13,56,-6,78
6974250,77,18,-2,80
6974760,0,83,-2,82
6975270,6,47,6,76
6975780,70,9,0,76
6976290,95,21,2,74
6976800,18,92,-5,79
6977310,82,47,-1,80
6977820,2,50,3,77
6978330,66,14,2,75
6978840,91,79,-1,76
6979350,12,41,-3,79
6979860,73,3,1,78
6980370,92,33,2,76
6980880,12,32,-11,87
6981390,76,96,11,76
6981900,34,24,-8,84
6982410,53,88,5,79
6982920,1,70,-3,82
6983430,65,34,-1,83
6983940,87,41,10,73
6984450,7,44,-6,79
6984960,71,6,7,72
6985470,96,18,-5,77
6985980,17,30,0,77
6986490,12,94,1,76
6987000,20,58,0,76
6987510,84,20,-2,78
6988020,5,39,5,73
6988530,69,1,-2,75
6989040,1,31,-8,83
6989550,65,95,12,71
6990060,70,66,-13,84
6990570,89,28,11,73
6991080,12,27,-11,84
6991590,7,91,6,78
6992100,54,55,-3,81
6992610,73,17,10,71
6993120,98,82,-7,78
6993630,19,44,0,78
6994140,83,6,5,73
6994650,0,18,-5,78
6995160,64,82,0,78
6995670,22,83,-5,83
6996180,86,32,2,81
6996690,6,71,-1,82
6997200,70,35,-2,84
6997710,89,42,5,79
6998220,9,45,-4,83
6998730,73,7,7,76
6999240,92,19,4,72
6999750,13,90,-5,77
7000260,19,45,0,77
7000770,83,7,-2,79
7001280,0,19,0,79
7001790,64,83,2,77
7002300,22,46,0,77
7002810,86,8,6,71
7003320,68,20,-4,75
7003830,44,39,-7,82
7004340,26,1,-4,86
7004850,21,26,-5,91
7005360,16,90,11,80
7005870,80,45,-2,82
7006380,0,48,7,75
7006890,64,92,-3,78
7007400,60,74,-8,86
7007910,18,75,1,85
7008420,82,24,17,68
7008930,3,43,-11,79
7009440,67,5,6,73
7009950,101,76,-9,82
7010460,22,38,9,73
7010970,86,0,-2,75
7011480,68,12,-8,83
7011990,87,77,10,73
7012500,8,39,-3,76
7013010,72,1,-3,79
7013520,91,31,10,69
7014030,12,30,-9,78
7014540,76,94,0,78
7015050,34,57,-5,83
7015560,98,19,5,78
7016070,19,90,-4,82
7016580,83,45,0,82
7017090,3,48,4,78
7017600,67,92,-1,79
7018110,90,7,3,76
7018620,72,19,0,76
7019130,48,84,-5,81
7019640,10,62,-2,83
7020150,74,24,5,78
7020660,50,89,5,73
7021170,46,67,-12,85
7021680,96,29,8,77
7022190,17,100,-6,83
7022700,25,62,3,80
7023210,89,24,7,73
7023720,10,43,-9,82
7024230,74,5,10,72
7024740,6,17,-8,80
7025250,70,81,1,79
7025760,93,9,0,79
7026270,25,21,-4,83
7026780,7,85,6,77
7027290,71,49,-7,84
7027800,90,11,14,70
7028310,72,23,-7,77
7028820,2,88,-2,79
7029330,66,52,-5,84
7029840,85,14,11,73
7030350,6,85,-7,80
7030860,70,49,0,80
7031370,28,11,1,79
7031880,47,18,-3,82
7032390,66,25,8,74
7032900,89,32,-2,76
7033410,10,28,-2,78
7033920,74,92,0,78
7034430,32,55,-8,86
7034940,96,17,10,76
7035450,17,88,-6,82
7035960,81,43,3,79
7036470,1,46,2,77
7036980,65,90,-2,79
7037490,13,61,-4,83
7038000,77,23,0,83
7038510,7,88,9,74
7039020,71,43,-3,77
7039530,94,5,1,76
7040040,76,17,-7,83
7040550,99,82,4,79
7041060,20,44,1,78
7041570,84,6,4,74
7042080,66,18,-3,77
7042590,85,14,3,74
7043100,61,85,-1,75
7043610,57,69,-5,80
7044120,15,70,-4,84
7044630,79,32,10,74
7045140,95,27,2,72
7045650,16,22,-8,80
7046160,11,86,1,79
7046670,75,41,-5,84
7047180,94,48,8,76
7047690,14,51,-1,77
7048200,78,13,2,75
7048710,54,84,0,75
7049220,50,85,-5,80
7049730,12,63,-8,88
7050240,37,25,8,80
7050750,56,89,4,76
7051260,52,67,-6,82
7051770,0,68,8,74
7052280,64,32,-8,82
7052790,87,39,8,74
7053300,7,42,-3,77
7053810,71,4,1,76
7054320,3,16,-1,77
7054830,67,80,-1,78
7055340,81,81,-2,80
7055850,39,43,-4,84
7056360,99,5,9,75
7056870,81,17,5,70
7057380,2,88,-4,74
7057890,8,52,-4,78
7058400,72,14,6,72
7058910,48,85,-7,79
7059420,10,63,-1,80
7059930,74,25,2,78
7060440,50,32,-4,82
7060950,69,96,6,76
7061460,65,80,-2,78
7061970,23,64,-6,84
7062480,87,26,12,72
7062990,8,21,-6,78
7063500,67,85,3,75
7064010,25,86,-7,82
7064520,89,48,6,76
7065030,9,51,-8,84
7065540,73,13,12,72
7066050,49,84,-7,79
7066560,11,46,2,77
7067070,75,8,5,72
7067580,51,79,0,72
7068090,47,41,-11,83
7068600,66,3,6,77
7069110,90,33,-3,80
7069620,11,32,-1,81
7070130,75,96,6,75
7070640,33,97,-13,88
7071150,97,59,1,87
7071660,4,21,9,78
7072170,68,85,4,74
7072680,26,86,-10,84
7073190,90,48,6,78
7073700,10,29,-7,85
7074210,74,93,9,76
7074720,32,77,-8,84
7075230,96,39,6,78
7075740,17,38,-2,80
7076250,81,0,8,72
7076760,65,30,-11,83
7077270,84,37,9,74
7077780,5,36,-4,78
7078290,69,100,0,78
7078800,65,84,-4,82
7079310,52,68,2,80
7079820,0,30,3,77
7080330,64,94,3,74
7080840,60,78,-4,78
7081350,47,79,0,78
7081860,9,63,-8,86
7082370,73,25,12,74
7082880,96,24,4,70
7083390,17,95,-12,82
7083900,81,50,-1,83
7084410,90,12,9,74
7084920,72,83,-7,81
7085430,13,45,6,75
7085940,77,7,4,71
7086450,61,78,-9,80
7086960,19,79,1,79
7087470,83,41,-2,81
7087980,3,48,10,71
7088490,67,10,-12,83
7089000,86,81,6,77
7089510,44,43,-8,85
7090020,63,5,10,75
7090530,82,35,2,73
7091040,3,42,-4,77
7091550,67,4,3,74
7092060,86,34,-7,81
7092570,7,41,6,75
7093080,71,3,1,74
7093590,55,33,-7,81
7094100,74,97,6,75
7094610,32,81,-6,81
7095120,96,43,2,79
7095630,16,42,-7,86
7096140,80,4,15,71
7096650,99,16,-7,78
7097160,14,62,-4,82
7097670,78,24,6,76
7098180,101,23,1,75
7098690,22,94,-3,78
7099200,86,56,1,77
7099710,95,18,-1,78
7100220,16,89,3,75
7100730,80,44,-2,77
7101240,1,47,-5,82
7101750,65,9,7,75
7102260,84,80,-2,77
7102770,42,77,-7,84
7103280,4,39,6,78
7103790,68,1,2,76
7104300,87,31,-3,79
7104810,8,30,2,77
7105320,72,94,-2,79
7105830,59,78,0,79
7106340,7,62,-3,82
7106850,71,24,6,76
7107360,101,31,0,76
7107870,29,30,0,76
7108380,90,94,0,76
7108890,48,78,3,73
7109400,98,62,-14,87
7109910,5,24,9,78
7110420,69,88,-2,80
7110930,27,72,-2,82
7111440,91,48,3,79
7111950,11,55,-2,81
7112460,75,17,11,70
7112970,98,79,-6,76
7113480,19,41,-6,82
7113990,14,3,0,82
7114500,9,28,3,79
7115010,4,92,1,78
7115520,68,56,-7,85
7116030,87,18,8,77
7116540,8,89,-5,82
7117050,72,53,-3,85
7117560,91,15,8,77
7118070,8,86,0,77
7118580,72,41,-8,85
7119090,0,48,8,77
7119600,64,10,-3,80
7120110,83,81,0,80
7120620,41,43,0,80
7121130,60,5,0,80
7121640,79,35,5,75
7122150,101,30,1,74
7122660,29,36,-9,83
7123170,24,100,1,82
7123680,88,62,-6,88
7124190,5,24,10,78
7124700,69,88,0,78
7125210,56,72,0,78
7125720,4,34,-1,79
7126230,68,98,5,74
7126740,73,82,-9,83
7127250,87,44,-1,84
7127760,7,47,3,81
7128270,71,9,3,78
7128780,90,80,6,72
7129290,48,42,-11,83
7129800,67,4,8,75
7130310,91,29,-2,77
7130820,19,28,2,75
7131330,14,92,2,73
7131840,17,54,-8,81
7132350,81,16,5,76
7132860,2,87,1,75
7133370,8,51,-3,78
7133880,72,13,1,77
7134390,91,84,5,72
7134900,12,46,-4,76
7135410,76,8,-2,78
7135920,95,79,7,71
7136430,16,41,-13,84
7136940,11,3,9,75
7137450,6,28,-5,80
7137960,70,92,7,73
7138470,57,76,-10,83
7138980,5,55,4,79
7139490,69,17,1,78
7140000,92,82,-2,80
7140510,13,44,5,75
7141020,77,6,4,71
7141530,101,18,-7,78
7142040,16,89,2,76
7142550,22,44,-3,79
7143060,17,6,5,74
7143570,12,17,0,74
7144080,7,81,-6,80
7144590,71,23,0,80
7145100,12,30,3,77
7145610,7,94,0,77
7146120,13,58,-1,78
7146630,77,20,3,75
7147140,100,16,-4,79
7147650,15,28,1,78
7148160,10,92,-2,80
7148670,16,56,3,77
7149180,80,18,0,77
7149690,1,14,-1,78
7150200,65,78,-5,83
7150710,79,57,-3,86
7151220,93,19,6,80
7151730,14,90,0,80
7152240,20,64,-2,82
7152750,84,26,5,77
7153260,5,25,-6,83
7153770,69,89,11,72
7154280,56,73,-13,85
7154790,43,35,1,84
7155300,62,99,8,76
7155810,58,83,-5,81
7156320,45,62,-1,82
7156830,40,41,-6,88
7157340,35,3,2,86
7157850,30,28,-3,89
7158360,25,92,6,83
7158870,89,41,7,76
7159380,9,40,-8,84
7159890,73,2,12,72
7160400,57,32,-9,81
7160910,76,39,-3,84
7161420,99,46,5,79
7161930,19,41,2,77
7162440,14,3,-5,82
7162950,9,28,3,79
7163460,8,92,0,79
7163970,11,56,-3,82
7164480,75,18,3,79
7164990,98,14,-2,81
7165500,13,26,2,79
7166010,8,90,0,79
7166520,14,54,0,79
7167030,78,16,3,76
7167540,101,12,-3,79
7168050,16,24,-3,82
7168560,11,88,4,78
7169070,14,52,-4,82
7169580,78,14,7,75
7170090,101,37,-4,79
7170600,21,32,-3,82
7171110,16,96,1,81
7171620,19,60,0,81
7172130,83,22,6,75
7172640,4,18,-6,81
7173150,3,82,7,74
7173660,9,46,-4,78
7174170,73,8,-3,81
7174680,97,38,5,76
7175190,17,37,-5,81
7175700,12,101,4,77
7176210,15,65,-1,78
7176720,79,27,2,76
7177230,101,26,-3,79
7177740,22,32,1,78
7178250,17,96,7,71
7178760,20,60,-9,80
7179270,84,22,7,73
7179780,5,18,-1,74
7180290,69,82,-6,80
7180800,83,53,4,76
7181310,3,60,-7,83
7181820,67,24,6,77
7182330,90,31,-3,80
7182840,10,30,2,78
7183350,5,94,3,75
7183860,8,58,-7,82
7184370,72,0,9,73
7184880,56,30,-7,80
7185390,99,37,-1,81
7185900,19,36,2,79
7186410,14,100,1,78
7186920,22,8,-2,80
7187430,17,31,-3,83
7187940,12,95,6,77
7188450,20,59,-2,79
7188960,84,21,7,72
7189470,5,44,-5,77
7189980,69,6,1,76
7190490,93,50,4,72
7191000,13,73,-14,86
7191510,77,15,12,74
7192020,100,59,-3,77
7192530,20,65,-2,79
7193040,84,27,6,73
7193550,4,26,-9,82
7194060,68,90,3,79
7194570,55,61,-1,80
7195080,69,23,3,77
7195590,92,30,-3,80
7196100,12,29,-5,85
7196610,7,93,10,75
7197120,15,57,-5,80
7197630,79,19,5,75
7198140,0,42,-3,78
7198650,64,86,-3,81
7199160,87,57,-3,84
7199670,8,64,-2,86
7200180,72,6,10,76
7200690,96,50,3,73
7201200,16,53,-3,76
7201710,80,15,3,73
7202220,1,38,-5,78
7202730,65,82,-1,79
7203240,79,53,-3,82
7203750,0,15,-4,86
7204260,64,2,9,77
7204770,88,32,0,77
7205280,8,55,-5,82
7205790,72,17,5,77
7206300,95,40,-3,80
7206810,15,63,3,77
7207320,79,25,1,76
7207830,101,48,-2,78
7208340,21,51,2,76
7208850,85,13,2,74
7209360,6,25,-10,84
7209870,70,89,7,77
7210380,84,60,-4,81
7210890,5,22,2,79
7211400,69,86,4,75
7211910,83,57,-5,80
7212420,4,19,6,74
7212930,68,83,-4,78
7213440,82,54,3,75
7213950,2,61,-9,84
7214460,66,81,9,75
7214970,80,52,-5,80
7215480,73,59,1,79
7215990,87,21,4,75
7216500,8,65,-9,84
7217010,72,29,3,81
7217520,94,36,8,73
7218030,14,31,-6,79
7218540,9,95,0,79
7219050,15,59,-2,81
7219560,79,21,6,75
7220070,101,44,-6,81
7220580,21,67,2,79
7221090,85,29,2,77
7221600,5,52,-3,80
7222110,69,16,5,75
7222620,92,39,-5,80
7223130,12,62,2,78
7223640,76,11,6,72
7224150,93,34,-2,74
7224660,13,33,-7,81
7225170,8,97,-3,84
7225680,14,61,2,82
7226190,78,23,6,76
7226700,100,46,0,76
7227210,20,49,-4,80
7227720,84,11,10,70
7228230,101,78,-17,87
7228740,22,84,4,83
7229250,86,33,5,78
7229760,6,56,-6,84
7230270,70,100,10,74
7230780,75,71,-7,81
7231290,89,33,6,75
7231800,9,56,-3,78
7232310,73,20,6,72
7232820,96,43,-4,76
7233330,16,66,-9,85
7233840,80,15,5,80
7234350,97,38,0,80
7234860,17,33,0,80
7235370,12,97,2,78
7235880,20,61,-2,80
7236390,84,23,7,73
7236900,4,46,-4,77
7237410,68,90,1,76
7237920,55,61,-5,81
7238430,69,84,1,80
7238940,83,55,1,79
7239450,3,62,0,79
7239960,67,26,1,78
7240470,99,33,2,76
7240980,19,39,-8,84
7241490,14,1,4,80
7242000,9,50,2,78
7242510,73,12,-1,79
7243020,90,35,0,79
7243530,10,58,-2,81
7244040,74,20,5,76
7244550,96,43,-3,79
7245060,16,66,-4,83
7245570,80,15,6,77
7246080,97,38,3,74
7246590,17,61,-6,80
7247100,81,10,6,74
7247610,3,22,-11,85
7248120,67,86,14,71
7248630,84,57,-15,86
7249140,5,64,7,79
7249650,69,28,3,76
7250160,91,51,-3,79
7250670,11,54,0,79
7251180,75,16,5,74
7251690,51,39,-10,84
7252200,70,50,0,84
7252710,11,57,0,84
7253220,75,6,9,75
7253730,99,29,1,74
7254240,19,35,-9,83
7254750,14,99,6,77
7255260,22,64,0,77
7255770,86,26,2,75
7256280,6,49,-1,76
7256790,70,13,-1,77
7257300,87,36,-2,79
7257810,7,59,3,76
7258320,71,23,-1,77
7258830,93,46,2,75
7259340,13,49,-3,78
7259850,77,11,3,75
7260360,101,34,1,74
7260870,21,57,-6,80
7261380,85,19,7,73
7261890,13,42,-2,75
7262400,77,4,1,74
7262910,101,16,-5,79
7263420,16,28,0,79
7263930,11,92,-3,82
7264440,17,56,2,80
7264950,81,18,10,70
7265460,1,41,-11,81
7265970,65,3,4,77
7266480,89,26,-3,80
7266990,19,49,-3,83
7267500,83,11,7,76
7268010,100,23,2,74
7268520,21,19,-3,77
7269030,16,83,-2,79
7269540,80,32,1,78
7270050,0,55,2,76
7270560,46,19,-13,89
7271070,89,26,12,77
7271580,9,49,-2,79
7272090,73,11,5,74
7272600,97,34,-6,80
7273110,17,57,-3,83
7273620,81,19,7,76
7274130,2,42,-3,79
7274640,66,86,1,78
7275150,83,57,-5,83
7275660,92,64,6,77
7276170,101,71,0,77
7276680,8,9,1,76
7277190,3,73,-3,79
7277700,6,37,-3,82
7278210,70,101,5,77
7278720,75,72,2,75
7279230,92,95,-2,77
7279740,74,16,2,75
7280250,50,39,-6,81
7280760,89,1,4,77
7281270,77,13,7,70
7281780,94,36,-4,74
7282290,14,59,-4,78
7282800,78,21,4,74
7283310,8,44,-9,83
7283820,72,6,10,73
7284330,96,29,1,72
7284840,16,35,-9,81
7285350,11,99,6,75
7285860,19,64,-1,76
7286370,83,26,0,76
7286880,3,49,-1,77
7287390,67,13,-2,79
7287900,8,36,0,79
7288410,72,100,8,71
7288920,77,21,-6,77
7289430,7,44,-2,79
7289940,71,6,5,74
7290450,95,18,1,73
7290960,23,30,-8,81
7291470,18,41,-6,87
7291980,13,3,12,75
7292490,8,26,-10,85
7293000,3,90,5,80
7293510,6,54,3,77
7294020,70,3,0,77
7294530,94,26,3,74
7295040,14,49,-10,84
7295550,78,11,11,73
7296060,0,34,-2,75
7296570,64,67,-4,79
7297080,78,90,-1,80
7297590,15,92,2,78
7298100,18,41,-3,81
7298610,13,3,4,77
7299120,8,52,0,77
7299630,72,14,1,76
7300140,0,37,-1,77
7300650,64,24,-4,81
7301160,5,31,2,79
7301670,69,95,5,74
7302180,74,16,-1,75
7302690,2,39,-1,76
7303200,66,1,4,72
7303710,90,31,-2,74
7304220,18,54,-2,76
7304730,82,16,1,75
7305240,10,39,-2,77
7305750,74,1,6,71
7306260,98,31,-3,74
7306770,26,27,-10,84
7307280,21,91,2,82
7307790,24,40,-1,83
7308300,19,2,8,75
7308810,14,25,-5,80
7309320,9,89,8,72
7309830,12,54,-7,79
7310340,76,16,4,75
7310850,4,39,-4,79
7311360,31,1,-2,81
7311870,26,26,-3,84
7312380,21,90,-3,87
7312890,85,39,16,71
7313400,5,62,-10,81
7313910,69,27,8,73
7314420,99,34,-3,76
7314930,27,40,-1,77
7315440,22,76,-5,82
7315950,86,83,2,80
7316460,91,94,7,73
7316970,12,57,-4,77
7317480,76,19,6,71
7317990,4,15,-6,77
7318500,101,79,-2,79
7319010,84,86,3,76
7319520,66,7,-7,83
7320030,7,30,3,80
7320540,2,94,7,73
7321050,8,58,-9,82
7321560,72,0,8,74
7322070,97,30,-6,80
7322580,25,26,3,77
7323090,20,37,-7,84
7323600,15,101,8,76
7324110,18,65,-8,84
7324620,82,72,4,80
7325130,87,34,4,76
7325640,15,57,-6,82
7326150,79,19,5,77
7326660,7,42,-3,80
7327170,71,4,4,76
7327680,97,34,-3,79
7328190,25,30,-1,80
7328700,20,41,-5,85
7329210,15,3,3,82
7329720,10,14,7,75
7330230,5,78,-5,80
7330740,69,42,-3,83
7331250,99,49,3,80
7331760,19,72,-5,85
7332270,83,79,3,82
7332780,65,90,-1,83
7333290,13,11,0,83
7333800,8,22,-1,84
7334310,3,86,-1,85
7334820,6,50,6,79
7335330,70,15,3,76
7335840,100,38,-1,77
7336350,28,34,-4,81
7336860,23,98,-7,88
7337370,87,63,3,85
7337880,96,70,9,76
7338390,3,77,-4,80
7338900,67,41,-4,84
7339410,8,48,-1,85
7339920,72,10,6,79
7340430,96,33,-2,81
7340940,24,29,0,81
7341450,19,40,-1,82
7341960,14,2,3,79
7342470,9,13,4,75
7342980,4,77,-7,82
7343490,68,41,-2,84
7344000,9,48,2,82
7344510,73,10,6,76
7345020,1,33,5,71
7345530,65,97,-1,72
7346040,61,18,-17,89
7346550,2,25,11,78
7347060,66,89,7,71
7347570,62,10,-14,85
7348080,3,33,5,80
7348590,67,97,6,74
7349100,63,18,-4,78
7349610,4,14,0,78
7350120,101,78,-1,79
7350630,22,40,1,78
7351140,17,2,0,78
7351650,12,13,-2,80
7352160,7,24,5,75
7352670,71,88,0,75
7353180,53,9,-6,81
7353690,96,32,1,80
7354200,65,73,-2,82
7354710,79,96,7,75
7355220,61,17,-2,77
7355730,2,24,-1,78
7356240,66,88,0,78
7356750,14,9,4,74
7357260,9,20,-4,78
7357770,4,84,-3,81
7358280,68,48,-4,85
7358790,9,55,5,80
7359300,73,19,4,76
7359810,49,15,-12,88
7360320,92,22,16,72
7360830,20,33,-4,76
7361340,15,97,-4,80
7361850,18,61,-1,81
7362360,82,23,7,74
7362870,10,19,-3,77
7363380,5,83,3,74
7363890,8,47,-1,75
7364400,72,9,1,74
7364910,96,5,-9,83
7365420,78,35,4,79
7365930,6,42,-3,82
7366440,70,4,10,72
7366950,96,0,-10,82
7367460,78,44,0,82
7367970,100,51,7,75
7368480,20,46,-7,82
7368990,84,8,7,75
7369500,8,20,0,75
7370010,3,84,0,75
7370520,67,48,-7,82
7371030,81,55,-3,85
7371540,2,62,11,74
7372050,66,26,-7,81
7372560,96,33,8,73
7373070,24,29,-5,78
7373580,19,93,-3,81
7374090,83,48,-2,83
7374600,1,55,-1,84
7375110,65,19,10,74
7375620,95,15,-2,76
7376130,23,11,-3,79
7376640,18,22,-5,84
7377150,13,86,6,78
7377660,16,41,1,77
7378170,80,3,2,75
7378680,4,101,-5,80
7379190,7,65,-6,86
7379700,71,29,6,80
7380210,101,36,7,73
7380720,29,77,-7,80
7381230,93,42,3,77
7381740,13,62,-5,82
7382250,77,27,4,78
7382760,5,23,-3,81
7383270,69,87,5,76
7383780,56,58,-2,78
7384290,70,20,2,76
7384800,100,16,-4,80
7385310,28,12,1,79
7385820,23,23,-5,84
7386330,18,87,-2,86
7386840,21,42,1,85
7387350,85,4,14,71
7387860,67,0,-2,73
7388370,93,44,-4,77
7388880,13,47,-5,82
7389390,77,9,9,73
7389900,1,5,-5,78
7390410,98,80,4,74
7390920,19,42,-1,75
7391430,83,4,3,72
7391940,7,0,-10,82
7392450,2,49,5,77
7392960,66,13,2,75
7393470,96,9,-7,82
7393980,78,5,6,76
7394490,2,1,-2,78
7395000,99,50,-4,82
7395510,19,53,1,81
7396020,83,15,9,72
7396530,11,11,-8,80
7397040,6,75,0,80
7397550,70,39,0,80
7398060,100,46,4,76
7398570,20,41,3,73
7399080,84,3,1,72
7399590,66,15,-3,75
7400100,96,11,3,72
7400610,20,23,-14,86
7401120,15,87,7,79
7401630,79,42,-4,83
7402140,7,49,4,79
7402650,71,36,-2,81
7403160,101,43,5,76
7403670,21,38,1,75
7404180,85,0,-2,77
7404690,9,44,-2,79
7405200,71,6,3,76
7405710,97,2,0,76
7406220,79,100,-5,81
7406730,75,21,3,78
7407240,3,17,-3,81
7407750,67,4,5,76
7408260,93,34,0,76
7408770,21,30,-2,78
7409280,7,94,2,76
7409790,15,12,-2,78
7410300,99,23,-1,79
7410810,27,64,3,76
7411320,91,100,7,69
7411830,73,63,-16,85
7412340,87,25,9,76
7412850,15,21,-5,81
7413360,10,85,0,81
7413870,74,49,2,79
7414380,2,56,5,74
7414890,66,20,2,72
7415400,96,16,3,69
7415910,78,12,-7,76
7416420,2,8,-4,80
7416930,66,35,0,80
7417440,96,42,5,75
7417950,24,37,-6,81
7418460,19,101,1,80
7418970,27,56,-8,88
7419480,91,5,16,72
7419990,73,35,-3,75
7420500,1,42,0,75
7421010,65,29,-9,84
7421520,6,36,10,74
7422030,70,100,0,74
7422540,66,21,-13,87
7423050,7,44,6,81
7423560,71,6,7,74
7424070,65,2,1,73
7424580,59,32,-8,81
7425090,0,39,-7,88
7425600,64,26,5,83
7426110,94,33,7,76
7426620,22,29,3,73
7427130,4,93,-8,81
7427640,68,57,0,81
7428150,82,19,11,70
7428660,10,15,-12,82
7429170,5,79,4,78
7429680,69,43,-11,89
7430190,10,50,10,79
7430700,74,12,2,77
7431210,50,8,-12,89
7431720,51,31,6,83
7432230,94,38,4,79
7432740,22,33,3,76
7433250,4,97,1,75
7433760,68,61,-6,81
7434270,66,23,1,80
7434780,73,46,-1,81
7435290,1,53,7,74
7435800,65,17,2,72
7436310,41,13,-17,89
7436820,42,20,8,81
7437330,85,27,8,73
7437840,13,23,-6,79
7438350,8,87,-3,82
7438860,72,51,0,82
7439370,0,13,1,81
7439880,64,0,2,79
7440390,65,30,1,78
7440900,6,53,-2,80
7441410,70,17,5,75
7441920,46,13,-11,86
7442430,89,36,13,73
7442940,17,31,-6,79
7443450,81,95,3,76
7443960,63,16,-9,85
7444470,4,12,6,79
7444980,68,101,10,69
7445490,64,22,-14,83
7446000,5,29,3,80
7446510,69,93,3,77
7447020,65,14,-1,78
7447530,6,10,-1,79
7448040,1,21,0,79
7448550,65,8,2,77
7449060,66,4,3,74
7449570,67,34,-6,80
7450080,34,57,-3,83
7450590,98,93,7,76
7451100,80,55,-7,83
7451610,89,62,0,83
7452120,98,57,9,74
7452630,18,52,-5,79
7453140,82,14,4,75
7453650,10,10,0,75
7454160,5,21,-4,79
7454670,69,85,4,75
7455180,65,6,-5,80
7455690,47,2,-6,86
7456200,48,27,2,84
7456710,91,34,11,73
7457220,19,29,-8,81
7457730,14,93,3,78
7458240,22,57,-3,81
7458750,86,80,6,75
7459260,68,42,-7,82
7459770,9,49,2,80
7460280,73,11,6,74
7460790,49,7,-10,84
7461300,50,30,5,79
7461810,93,37,4,75
7462320,21,32,-7,82
7462830,7,96,3,79
7463340,15,60,3,76
7463850,13,25,-5,81
7464360,8,89,5,76
7464870,16,53,-5,81
7465380,80,15,8,73
7465890,56,11,-6,79
7466400,99,34,-1,80
7466910,27,29,0,80
7467420,9,40,-3,83
7467930,73,2,6,77
7468440,74,32,-4,81
7468950,2,55,-2,83
7469460,66,19,5,78
7469970,7,42,-2,80
7470480,71,6,5,75
7470990,97,36,0,75
7471500,25,31,-9,84
7472010,11,95,9,75
7472520,75,59,-9,84
7473030,73,21,8,76
7473540,1,17,-2,78
7474050,65,4,-3,81
7474560,66,34,-1,82
7475070,7,57,-3,85
7475580,71,21,9,76
7476090,12,17,-4,80
7476600,77,81,3,77
7477110,59,44,-3,80
7477620,0,6,-6,86
7478130,3,17,5,81
7478640,67,4,8,73
7479150,61,34,-15,88
7479660,2,41,12,76
7480170,66,5,2,74
7480680,60,35,-15,89
7481190,1,45,3,86
7481700,65,9,10,76
7482210,95,39,7,69
7482720,23,34,-10,79
7483230,9,98,-3,82
7483740,17,62,2,80
7484250,81,26,3,77
7484760,9,22,-8,85
7485270,73,86,6,79
7485780,69,7,1,78
7486290,86,37,1,77
7486800,14,32,-8,85
7487310,78,96,7,78
7487820,60,24,-1,79
7488330,1,31,4,75
7488840,65,97,0,75
7489350,61,18,-6,81
7489860,2,27,3,78
7490370,66,14,3,75
7490880,96,10,0,75
7491390,78,40,-3,78
7491900,100,63,-2,80
7492410,7,58,-4,84
7492920,71,22,5,79
7493430,101,18,0,79
7493940,29,30,-4,83
7494450,11,41,6,77
7494960,75,3,5,72
7495470,92,33,-3,75
7495980,20,28,-5,80
7496490,6,92,9,71
7497000,14,56,-10,81
7497510,78,18,2,79
7498020,6,14,-2,81
7498530,70,78,5,76
7499040,68,6,-4,80
7499550,85,36,6,74
7500060,13,85,3,71
7500570,21,49,-5,76
7501080,85,11,-1,77
7501590,0,41,-2,79
7502100,64,5,3,76
7502610,81,35,1,75
7503120,9,30,-5,80
7503630,73,94,2,78
7504140,69,22,-3,81
7504650,10,18,0,81
7505160,74,82,4,77
7505670,56,45,-7,84
7506180,86,7,12,72
7506690,1,37,-5,77
7507200,65,1,3,74
7507710,95,31,-3,77
7508220,23,27,-5,82
7508730,9,91,4,78
7509240,73,55,-5,83
7509750,71,17,4,79
7510260,101,13,-1,80
7510770,16,43,2,78
7511280,80,5,5,73
7511790,97,35,-6,79
7512300,25,31,5,74
7512810,7,95,-6,80
7513320,71,59,-7,87
7513830,99,21,10,77
7514340,101,17,-3,80
7514850,29,29,2,78
7515360,11,93,-7,85
7515870,75,57,5,80
7516380,92,19,8,72
7516890,20,15,-10,82
7517400,2,26,3,79
7517910,66,90,5,74
7518420,62,85,2,72
7518930,58,6,-10,82
7519440,75,36,1,81
7519950,3,43,2,79
7520460,67,7,2,77
7520970,97,37,3,74
7521480,25,32,-8,82
7521990,7,96,13,69
7522500,71,60,-23,92
7523010,88,22,16,76
7523520,16,18,-4,80
7524030,2,82,4,76
7524540,66,46,-2,78
7525050,96,8,1,77
7525560,78,38,0,77
7526070,6,41,5,72
7526580,70,3,2,70
7527090,100,33,-3,73
7527600,28,28,-8,81
7528110,10,92,4,77
7528620,74,56,-7,84
7529130,2,18,4,80
7529640,66,5,2,78
7530150,96,35,-2,80
7530660,24,30,3,77
7531170,6,94,-6,83
7531680,70,58,3,80
7532190,87,20,3,77
7532700,15,16,-3,80
7533210,1,80,7,73
7533720,65,44,-11,84
7534230,95,6,8,76
7534740,77,36,0,76
7535250,5,43,-2,78
7535760,69,7,3,75
7536270,99,37,-2,77
7536780,27,33,-8,85
7537290,9,97,1,84
7537800,73,61,-3,87
7538310,90,23,12,75
7538820,18,19,-7,82
7539330,4,30,2,80
7539840,68,94,1,79
7540350,64,64,-7,86
7540860,92,26,12,74
7541370,20,22,-5,79
7541880,2,86,2,77
7542390,66,50,-6,83
7542900,96,12,3,80
7543410,11,42,-3,83
7543920,75,4,9,74
7544430,92,34,-10,84
7544940,20,30,4,80
7545450,6,94,5,75
7545960,70,58,-12,87
7546470,98,20,11,76
7546980,26,93,-6,82
7547490,90,100,4,78
7548000,72,28,2,76
7548510,0,35,-3,79
7549020,64,99,4,75
7549530,60,94,-1,76
7550040,56,64,-6,82
7550550,84,26,10,72
7551060,12,22,-12,84
7551570,76,86,7,77
7552080,2,49,-3,80
7552590,66,13,4,76
7553100,96,22,3,73
7553610,24,18,-9,82
7554120,6,29,-4,86
7554630,70,93,11,75
7555140,66,88,-4,79
7555650,62,83,-4,83
7556160,58,78,-5,88
7556670,54,73,2,86
7557180,40,68,0,86
7557690,2,63,-1,87
7558200,66,27,9,78
7558710,96,34,2,76
7559220,24,29,-14,90
7559730,10,40,9,81
7560240,74,2,7,74
7560750,6,32,-4,78
7561260,70,96,3,75
7561770,66,91,-7,82
7562280,62,86,3,79
7562790,58,81,0,79
7563300,54,76,0,79
7563810,50,71,-1,80
7564320,46,66,-10,90
7564830,42,61,-1,91
7565340,28,23,1,90
7565850,14,87,2,88
7566360,78,51,1,87
7566870,87,58,3,84
7567380,96,20,13,71
7567890,24,91,-8,79
7568400,88,40,4,75
7568910,8,35,1,74
7569420,72,99,-2,76
7569930,68,73,-5,81
7570440,96,35,-1,82
7570950,24,30,3,79
7571460,10,94,-3,82
7571970,74,58,-3,85
7572480,91,20,7,78
7572990,19,91,1,77
7573500,83,31,3,74
7574010,11,38,-4,78
7574520,75,0,8,70
7575030,7,30,-8,78
7575540,71,94,0,78
7576050,67,15,-4,82
7576560,84,24,6,76
7577070,12,20,1,75
7577580,76,84,-6,81
7578090,72,79,6,75
7578600,70,74,-9,84
7579110,98,36,3,81
7579620,26,31,-2,83
7580130,12,95,2,81
7580640,76,59,-2,83
7581150,2,21,1,82
7581660,66,85,4,78
7582170,62,69,-5,83
7582680,90,31,13,70
7583190,18,26,-5,75
7583700,57,90,1,74
7584210,16,60,-6,80
7584720,80,67,5,75
7585230,78,29,0,75
7585740,6,36,-4,79
7586250,70,100,2,77
7586760,66,95,-6,83
7587270,62,90,5,78
7587780,58,11,-5,83
7588290,59,20,-1,84
7588800,60,27,-1,85
7589310,1,8,7,78
7589820,65,97,0,78
7590330,61,67,-2,80
7590840,89,62,3,77
7591350,98,24,-5,82
7591860,26,95,3,79
7592370,90,44,1,78
7592880,10,47,-1,79
7593390,74,9,2,77
7593900,2,80,-1,78
7594410,66,44,-4,82
7594920,96,51,3,79
7595430,16,54,-2,81
7595940,80,16,3,78
7596450,8,87,1,77
7596960,72,51,-6,83
7597470,100,13,2,81
7597980,15,84,2,79
7598490,79,24,3,76
7599000,7,22,-7,83
7599510,71,86,2,81
7600020,99,14,1,80
7600530,14,85,-1,81
7601040,22,50,-6,87
7601550,86,12,12,75
7602060,14,83,-8,83
7602570,22,32,7,76
7603080,8,96,-5,81
7603590,16,55,-6,87
7604100,80,17,10,77
7604610,8,88,-2,79
7605120,16,52,2,77
7605630,80,14,2,75
7606140,8,85,-6,81
7606650,72,49,-1,82
7607160,81,96,7,75
7607670,77,91,-1,76
7608180,3,19,0,76
7608690,67,83,-1,77
7609200,95,57,-1,78
7609710,15,52,4,74
7610220,79,14,-1,75
7610730,7,85,-5,80
7611240,71,49,-3,83
7611750,80,11,12,71
7612260,8,82,-14,85
7612770,72,46,2,83
7613280,81,53,3,80
7613790,90,60,2,78
7614300,99,22,5,73
7614810,27,93,-9,82
7615320,23,42,-4,86
7615830,87,4,6,80
7616340,75,34,-1,81
7616850,3,41,1,80
7617360,67,6,4,76
7617870,68,77,-3,79
7618380,96,72,1,78
7618890,3,67,-1,79
7619400,67,31,-5,84
7619910,8,38,5,79
7620420,72,0,6,73
7620930,73,30,-9,82
7621440,1,33,5,77
7621950,65,97,-1,78
7622460,61,92,-2,80
7622970,57,52,-12,92
7623480,85,14,15,77
7623990,0,85,3,74
7624500,3,49,-5,79
7625010,67,93,10,69
7625520,63,67,-13,82
7626030,91,29,6,76
7626540,19,25,-4,80
7627050,5,89,3,77
7627560,69,53,-8,85
7628070,97,15,5,80
7628580,12,86,0,80
7629090,20,26,1,79
7629600,6,90,-1,80
7630110,14,55,0,80
7630620,78,17,6,74
7631130,6,88,-4,78
7631640,70,52,-2,80
7632150,98,14,4,76
7632660,13,85,-1,77
7633170,21,50,3,74
7633680,85,12,1,73
7634190,13,83,-8,81
7634700,21,48,2,79
7635210,85,10,5,74
7635720,0,81,-2,76
7636230,3,45,-2,78
7636740,67,89,4,74
7637250,95,63,3,71
7637760,2,58,-5,76
7638270,66,22,-2,78
7638780,96,66,1,77
7639290,3,61,-6,83
7639800,67,3,13,70
7640310,68,33,-7,77
7640820,98,36,-1,78
7641330,61,32,-7,85
7641840,2,39,9,76
7642350,66,1,-1,77
7642860,67,31,0,77
7643370,97,38,4,73
7643880,25,41,-11,84
7644390,89,3,-4,88
7644900,73,33,9,79
7645410,1,36,0,79
7645920,65,100,7,72
7646430,61,78,-5,77
7646940,89,73,3,74
7647450,4,35,-4,78
7647960,68,99,2,76
7648470,64,94,-4,80
7648980,60,15,-2,82
7649490,61,11,9,73
7650000,91,82,-2,75
7650510,89,44,-3,78
7651020,63,47,-10,88
7651530,91,9,10,78
7652040,6,80,-5,83
7652550,9,44,-2,85
7653060,73,6,11,74
7653570,49,77,-7,81
7654080,77,55,4,77
7654590,86,17,0,77
7655100,14,88,-3,80
7655610,22,52,3,77
7656120,86,14,1,76
7656630,14,85,-3,79
7657140,22,34,-2,81
7657650,8,98,-1,82
7658160,16,62,3,79
7658670,80,11,0,79
7659180,8,82,4,75
7659690,72,46,-7,82
7660200,81,49,4,78
7660710,90,52,-1,79
7661220,10,55,-1,80
7661730,74,4,6,74
7662240,75,75,-5,79
7662750,73,40,-2,81
7663260,100,43,2,79
7663770,20,46,4,75
7664280,84,8,1,74
7664790,60,79,-5,79
7665300,8,74,5,74
7665810,72,38,-9,83
7666320,0,41,8,75
7666830,64,5,-3,78
7667340,65,76,-3,81
7667850,93,71,4,77
7668360,0,33,-5,82
7668870,64,20,4,78
7669380,5,29,-4,82
7669890,69,93,7,75
7670400,65,88,-2,77
7670910,93,62,-5,82
7671420,0,57,5,77
7671930,64,62,-2,79
7672440,92,24,7,72
7672950,20,95,-11,83
7673460,23,44,-1,84
7673970,87,6,3,81
7674480,71,77,3,78
7674990,99,72,1,77
7675500,6,67,-2,79
7676010,70,31,-2,81
7676520,100,34,7,74
7677030,28,29,-2,76
7677540,14,93,1,75
7678050,22,57,-3,78
7678560,86,19,5,73
7679070,14,90,-10,83
7679580,17,54,4,79
7680090,81,16,2,77
7680600,9,87,-1,78
7681110,12,51,2,76
7681620,76,0,1,75
7682130,77,30,2,73
7682640,5,33,-9,82
7683150,69,97,8,74
7683660,65,92,-9,83
7684170,61,49,-3,86
7684680,89,11,9,77
7685190,71,82,3,74
7685700,99,56,-5,79
7686210,19,59,4,75
7686720,83,21,3,72
7687230,11,92,-6,78
7687740,14,56,-7,85
7688250,78,96,8,77
7688760,4,70,-8,85
7689270,68,34,7,78
7689780,95,37,-2,80
7690290,23,40,2,78
7690800,87,2,7,71
7691310,71,14,-8,79
7691820,47,85,0,79
7692330,9,63,-5,84
7692840,73,13,5,79
7693350,74,84,4,75
7693860,0,58,-5,80
7694370,64,22,-3,83
7694880,5,31,5,78
7695390,69,95,6,72
7695900,65,69,-12,84
7696410,93,31,8,76
7696920,61,34,-4,80
7697430,2,37,2,78
7697940,66,1,4,74
7698450,67,72,-6,80
7698960,95,34,12,68
7699470,23,29,-8,76
7699980,9,93,0,76
7700490,12,57,-4,80
7701000,76,6,7,73
7701510,60,77,-6,79
7702020,8,51,-3,82
7702530,72,0,7,75
7703040,73,30,0,75
7703550,1,33,1,74
7704060,65,97,-1,75
7704570,61,2,-3,78
7705080,62,73,-7,85
7705590,10,68,7,78
7706100,74,32,-4,82
7706610,85,35,7,75
7707120,13,38,-4,79
7707630,77,0,4,75
7708140,78,71,-7,82
7708650,92,33,5,77
7709160,20,36,-3,80
7709670,84,100,1,79
7710180,80,74,0,79
7710690,94,36,6,73
7711200,22,31,-6,79
7711710,8,95,6,73
7712220,11,59,-8,81
7712730,75,8,4,77
7713240,76,79,2,75
7713750,2,41,-6,81
7714260,66,5,5,76
7714770,67,76,-4,80
7715280,95,50,6,74
7715790,15,53,-3,77
7716300,79,15,4,73
7716810,55,86,-5,78
7717320,51,64,-5,83
7717830,101,38,3,80
7718340,26,33,-2,82
7718850,12,97,5,77
7719360,15,61,-4,81
7719870,79,10,3,78
7720380,3,81,4,74
7720890,6,45,-4,78
7721400,70,32,-4,82
7721910,97,35,6,76
7722420,25,30,-3,79
7722930,28,94,-1,80
7723440,31,43,-3,83
7723950,34,5,2,81
7724460,35,30,2,79
7724970,74,94,7,72
7725480,70,68,-12,84
7725990,84,30,11,73
7726500,60,33,-11,84
7727010,99,36,7,77
7727520,27,77,-4,81
7728030,30,41,-3,84
7728540,33,3,1,83
7729050,34,28,-1,84
7729560,73,92,13,71
7730070,44,66,-17,88
7730580,94,0,12,76
7731090,78,71,-7,83
7731600,92,33,4,79
7732110,20,74,-4,83
7732620,23,23,13,70
7733130,9,87,-3,73
7733640,12,51,-5,78
7734150,76,13,6,72
7734660,52,84,-7,79
7735170,48,62,-6,85
7735680,98,7,5,80
7736190,74,78,0,80
7736700,88,52,3,77
7737210,97,83,-1,78
7737720,4,57,1,77
7738230,68,21,3,74
7738740,44,24,-13,87
7739250,83,35,11,76
7739760,8,38,-2,78
7740270,72,0,-2,80
7740780,73,30,-4,84
7741290,100,33,12,72
7741800,28,57,-8,80
7742310,78,19,7,73
7742820,54,90,-2,75
7743330,2,68,-8,83
7743840,5,32,5,78
7744350,69,96,7,71
7744860,92,41,-9,80
7745370,12,44,4,76
7745880,76,6,4,72
7746390,60,77,-8,80
7746900,8,22,-2,82
7747410,72,86,5,77
7747920,86,31,5,72
7748430,14,34,-8,80
7748940,78,98,1,79
7749450,74,43,-4,83
7749960,83,46,5,78
7750470,3,49,-1,79
7750980,40,100,-2,81
7751490,43,82,0,81
7752000,46,93,5,76
7752510,49,33,-9,85
7753020,88,44,5,80
7753530,97,47,3,77
7754040,17,50,-8,85
7754550,81,12,16,69
7755060,57,68,-11,80
7755570,5,13,6,74
7756080,69,77,-6,80
7756590,83,22,7,73
7757100,59,63,-9,82
7757610,73,25,0,82
7758120,49,28,-2,84
7758630,88,31,11,73
7759140,64,72,-7,80
7759650,92,17,4,76
7760160,68,88,-5,81
7760670,64,33,-11,92
7761180,5,36,11,81
7761690,69,23,-2,83
7762200,45,32,-2,85
7762710,84,96,7,78
7763220,80,41,-1,79
7763730,0,44,4,75
7764240,64,88,-5,80
7764750,12,33,5,75
7765260,76,97,2,73
7765770,72,42,-1,74
7766280,81,45,-6,80
7766790,90,48,4,76
7767300,10,51,-2,78
7767810,74,13,1,77
7768320,50,84,-7,84
7768830,46,29,-1,85
7769340,85,40,3,82
7769850,5,43,4,78
7770360,69,87,4,74
7770870,65,32,-2,76
7771380,92,35,-3,79
7771890,12,38,3,76
7772400,76,0,-1,77
7772910,60,30,-6,83
7773420,1,33,8,75
7773930,65,34,-3,78
7774440,92,37,0,78
7774950,12,40,-3,81
7775460,76,2,7,74
7775970,8,32,-3,77
7776480,72,96,-1,78
7776990,68,41,-6,84
7777500,95,44,11,73
7778010,15,47,-10,83
7778520,79,9,6,77
7779030,55,80,1,76
7779540,3,25,-1,77
7780050,67,26,-1,78
7780560,43,29,-8,86
7781070,82,40,11,75
7781580,2,43,0,75
7782090,66,87,-1,76
7782600,14,32,-2,78
7783110,78,96,2,76
7783620,74,41,-15,91
7784130,83,44,15,76
7784640,3,47,-1,77
7785150,67,91,7,70
7785660,63,36,-16,86
7786170,4,39,11,75
7786680,68,46,-7,82
7787190,95,8,6,76
7787700,71,20,-1,77
7788210,47,18,-7,84
7788720,86,29,12,72
7789230,6,3,-3,75
7789740,10,14,-4,79
7790250,13,78,-7,86
7790760,16,20,11,75
7791270,81,84,-3,78
7791780,2,58,1,77
7792290,66,0,6,71
7792800,100,30,-5,76
7793310,20,71,-8,84
7793820,84,20,12,72
7794330,60,91,-5,77
7794840,56,36,-6,83
7795350,99,39,8,75
7795860,19,42,-3,78
7796370,83,4,-2,80
7796880,67,16,1,79
7797390,43,14,-4,83
7797900,82,25,12,71
7798410,58,23,-8,79
7798920,101,34,-2,81
7799430,21,75,0,81
7799940,24,24,0,81
7800450,27,35,-2,83
7800960,30,99,-1,84
7801470,33,54,6,78
7801980,83,55,-5,83
7802490,92,17,10,73
7803000,68,88,-4,77
7803510,64,33,-7,84
7804020,5,36,5,79
7804530,69,100,1,78
7805040,65,45,-4,82
7805550,2,7,-2,84
7806060,5,56,10,74
7806570,69,100,3,71
7807080,65,74,-14,85
7807590,2,75,4,81
7808100,5,17,5,76
7808610,69,18,-3,79
7809120,45,16,-8,87
7809630,88,27,10,77
7810140,64,68,-8,85
7810650,78,30,6,79
7811160,54,28,2,77
7811670,97,31,0,77
7812180,17,72,1,76
7812690,81,34,-6,82
7813200,1,37,1,81
7813710,65,38,0,81
7814220,95,41,6,75
7814730,15,44,-1,76
7815240,79,6,1,75
7815750,63,77,-7,82
7816260,11,22,3,79
7816770,75,86,3,76
7817280,12,57,-7,83
7817790,76,19,6,77
7818300,52,17,1,76
7818810,95,26,3,73
7819320,71,67,-8,81
7819830,8,29,4,77
7820340,72,93,-4,81
7820850,68,38,-7,88
7821360,9,41,1,87
7821870,73,3,14,73
7822380,5,33,-12,85
7822890,69,97,10,75
7823400,65,42,-7,82
7823910,6,4,8,74
7824420,70,15,-2,76
7824930,46,80,-6,82
7825440,8,14,6,76
7825950,72,78,1,75
7826460,9,40,-4,79
7826970,73,2,0,79
7827480,5,32,4,75
7827990,69,39,-12,87
7828500,10,98,13,74
7829010,13,53,-4,78
7829520,77,15,4,74
7830030,53,80,-1,75
7830540,49,54,-1,76
7831050,99,16,-2,78
7831560,75,87,0,78
7832070,12,61,-3,81
7832580,76,23,6,75
7833090,52,21,-12,87
7833600,95,32,12,75
7834110,15,73,-3,78
7834620,79,22,1,77
7835130,55,20,-2,79
7835640,98,29,-4,83
7836150,74,70,0,83
7836660,88,32,7,76
7837170,8,35,0,76
7837680,72,99,1,75
7838190,68,73,-11,86
7838700,5,35,6,80
7839210,69,99,9,71
7839720,65,73,-10,81
7840230,79,47,1,80
7840740,101,50,6,74
7841250,21,53,-1,75
7841760,85,15,1,74
7842270,61,80,-4,78
7842780,9,25,-1,79
7843290,12,89,-3,82
7843800,20,44,7,75
7844310,84,6,-2,77
7844820,68,18,-1,78
7845330,5,16,7,71
7845840,43,80,-13,84
7846350,46,14,0,84
7846860,85,39,0,84
7847370,5,42,13,71
7847880,69,4,-5,76
7848390,53,69,-3,79
7848900,1,70,5,74
7849410,4,12,-15,89
7849920,68,23,11,78
7850430,98,32,3,75
7850940,26,73,-3,78
7851450,90,7,-5,83
7851960,74,72,-2,85
7852470,88,34,8,77
7852980,16,37,-2,79
7853490,80,101,7,72
7854000,67,75,-11,83
7854510,81,37,11,72
7855020,1,40,-10,82
7855530,65,84,2,80
7856040,13,58,-3,83
7856550,77,7,3,80
7857060,78,72,0,80
7857570,101,34,9,71
7858080,29,75,-11,82
7858590,32,9,-2,84
7859100,33,34,-3,87
7859610,72,98,8,79
7860120,68,69,-7,86
7860630,82,94,7,79
7861140,69,68,-6,85
7861650,83,30,9,76
7862160,11,4,2,74
7862670,12,15,-6,80
7863180,15,26,1,79
7863690,79,90,3,76
7864200,0,64,-2,78
7864710,64,6,4,74
7865220,65,36,-12,86
7865730,95,43,12,74
7866240,15,46,-8,82
7866750,79,8,4,78
7867260,63,20,-4,82
7867770,4,29,3,79
7868280,68,93,1,78
7868790,96,67,-9,87
7869300,3,29,11,76
7869810,67,93,1,75
7870320,90,67,1,74
7870830,11,29,-2,76
7871340,75,93,-4,80
7871850,89,67,0,80
7872360,10,29,-3,83
7872870,74,93,5,78
7873380,82,64,-9,87
7873890,96,26,12,75
7874400,24,67,-8,83
7874910,88,1,5,78
7875420,70,31,-5,83
7875930,11,34,-1,84
7876440,75,98,8,76
7876950,98,72,-8,84
7877460,19,46,7,77
7877970,83,8,5,72
7878480,47,20,-16,88
7878990,48,27,2,86
7879500,67,38,2,84
7880010,97,41,12,72
7880520,17,44,-8,80
7881030,81,6,4,76
7881540,65,18,-2,78
7882050,2,27,3,75
7882560,66,91,-5,80
7883070,94,65,4,76
7883580,15,39,-4,80
7884090,79,1,7,73
7884600,63,12,-8,81
7885110,64,21,6,75
7885620,94,30,0,75
7886130,22,71,-3,78
7886640,86,20,7,71
7887150,14,96,-11,82
7887660,22,51,4,78
7888170,86,13,2,76
7888680,1,25,-4,80
7889190,65,12,-2,82
7889700,66,21,6,76
7890210,98,30,6,70
7890720,26,71,-13,83
7891230,29,33,5,78
7891740,63,97,2,76
7892250,59,31,-7,83
7892760,78,34,6,77
7893270,6,37,-2,79
7893780,70,101,7,72
7894290,66,75,-13,85
7894800,80,49,-1,86
7895310,0,52,5,81
7895820,64,96,3,78
7896330,60,67,-1,79
7896840,74,29,0,79
7897350,2,38,-1,80
7897860,66,82,2,78
7898370,80,53,-4,82
7898880,8,15,3,79
7899390,11,79,2,77
7899900,75,21,1,76
7900410,3,30,-5,81
7900920,67,94,6,75
7901430,90,68,-3,78
7901940,11,36,-4,82
7902450,75,100,6,76
7902960,98,71,0,76
7903470,19,45,-6,82
7903980,83,7,7,75
7904490,67,37,-8,83
7905000,97,40,9,74
7905510,17,101,-10,84
7906020,25,41,3,81
7906530,89,3,0,81
7907040,46,33,-2,83
7907550,41,97,6,77
7908060,3,37,-2,79
7908570,67,101,7,72
7909080,90,72,-9,81
7909590,11,34,4,77
7910100,75,98,2,75
7910610,98,72,0,75
7911120,19,46,-3,78
7911630,83,8,4,74
7912140,40,20,-8,82
7912650,59,27,-3,85
7913160,0,34,9,76
7913670,64,78,0,76
7914180,92,23,0,76
7914690,13,64,-1,77
7915200,77,13,2,75
7915710,53,22,-9,84
7916220,83,33,7,77
7916730,11,36,-3,80
7917240,75,100,4,76
7917750,98,45,-7,83
7918260,18,48,8,75
7918770,82,10,-3,78
7919280,83,22,6,72
7919790,4,63,-8,80
7920300,68,5,2,78
7920810,69,35,-1,79
7921320,91,38,-2,81
7921830,11,41,0,81
7922340,75,3,5,76
7922850,76,33,-5,81
7923360,4,42,4,77
7923870,68,86,2,75
7924380,91,31,3,72
7924890,19,72,-7,79
7925400,83,12,0,79
7925910,84,39,2,77
7926420,4,42,-2,79
7926930,68,86,3,76
7927440,96,57,-2,78
7927950,16,60,-2,80
7928460,80,9,6,74
7928970,97,36,-4,78
7929480,25,39,-6,84
7929990,89,1,3,81
7930500,86,31,6,75
7931010,14,34,-8,83
7931520,78,98,4,79
7932030,101,72,-9,88
7932540,22,46,8,80
7933050,86,8,6,74
7933560,1,20,-8,82
7934070,65,21,6,76
7934580,97,6,0,76
7935090,79,18,0,76
7935600,7,27,-1,77
7936110,71,91,0,77
7936620,94,51,1,76
7937130,14,54,-4,80
7937640,78,16,3,77
7938150,6,25,-2,79
7938660,70,89,4,75
7939170,98,34,1,74
7939680,26,37,-9,83
7940190,90,101,10,73
7940700,11,75,-9,82
7941210,75,17,-1,83
7941720,51,26,-4,87
7942230,70,37,10,77
7942740,93,40,4,73
7943250,13,43,-7,80
7943760,77,5,6,74
7944270,61,17,-4,78
7944780,2,26,1,77
7945290,66,90,-3,80
7945800,89,35,2,78
7946310,17,38,0,78
7946820,81,0,7,71
7947330,65,30,-12,83
7947840,95,37,11,72
7948350,23,40,-10,82
7948860,87,2,6,76
7949370,71,32,-3,79
7949880,101,35,1,78
7950390,29,76,2,76
7950900,93,16,-8,84
7951410,8,43,7,77
7951920,72,30,-5,82
7952430,22,33,3,79
7952940,86,97,6,73
7953450,7,71,-8,81
7953960,71,13,8,73
7954470,88,22,-2,75
7954980,9,31,-1,76
7955490,73,95,6,70
7956000,96,40,-5,75
7956510,24,43,-6,81
7957020,88,5,10,71
7957530,1,17,-5,76
7958040,65,4,1,75
7958550,66,34,2,73
7959060,89,37,-6,79
7959570,10,40,1,78
7960080,74,2,3,75
7960590,75,32,-1,76
7961100,98,35,1,75
7961610,26,38,-7,82
7962120,90,0,10,72
7962630,72,12,1,71
7963140,89,21,-1,72
7963650,10,30,-2,74
7964160,74,94,-5,79
7964670,97,39,-5,84
7965180,25,42,8,76
7965690,89,4,-2,78
7966200,71,16,2,76
7966710,1,25,-3,79
7967220,65,89,6,73
7967730,88,34,-2,75
7968240,9,37,-6,81
7968750,73,101,6,75
7969260,96,46,-4,79
7969770,16,49,-2,81
7970280,80,11,5,76
7970790,97,20,-2,78
7971300,18,29,5,73
7971810,82,93,-3,76
7972320,3,67,-5,81
7972830,67,9,1,80
7973340,68,18,5,75
7973850,100,27,-1,76
7974360,30,68,-4,80
7974870,94,30,9,71
7975380,24,33,-12,83
7975890,58,97,5,78
7976400,86,62,-2,80
7976910,7,24,2,78
7977420,71,88,0,78
7977930,94,33,5,73
7978440,24,36,-8,81
7978950,88,100,2,79
7979460,9,28,1,78
7979970,73,92,3,75
7980480,96,37,0,75
7980990,24,40,-5,80
7981500,88,2,8,72
7982010,70,32,-7,79
7982520,93,35,-1,80
7983030,21,38,0,80
7983540,55,0,4,76
7984050,56,30,-8,84
7984560,75,41,3,81
7985070,98,44,2,79
7985580,18,47,-1,80
7986090,82,9,0,80
7986600,83,21,6,74
7987110,13,30,1,73
7987620,77,94,-4,77
7988130,100,39,-2,79
7988640,28,42,-13,92
7989150,78,4,20,72
7989660,60,16,-4,76
7990170,78,25,-3,79
7990680,8,34,-2,81
7991190,72,98,5,76
7991700,95,43,-2,78
7992210,15,46,-2,80
7992720,79,45,3,77
7993230,0,48,-4,81
7993740,64,92,8,73
7994250,87,37,-8,81
7994760,8,40,-2,83
7995270,72,2,9,74
7995780,73,14,1,73
7996290,3,23,-6,79
7996800,67,87,2,77
7997310,90,32,1,76
7997820,20,6,2,74
7998330,21,17,-4,78
7998840,3,81,1,77
7999350,67,45,-1,78
7999860,90,7,8,70
8000370,72,19,-5,75
8000880,2,28,-8,83
8001390,66,29,7,76
8001900,98,32,-3,79
8002410,28,35,-6,85
8002920,10,99,5,80
8003430,74,17,3,77
8003940,4,26,-2,79
8004450,68,90,5,74
8004960,91,35,-3,77
8005470,19,38,-2,79
8005980,83,0,3,76
8006490,65,12,0,76
8007000,97,5,2,74
8007510,79,17,-3,77
8008020,9,26,-3,80
8008530,73,90,6,74
8009040,96,35,2,72
8009550,24,38,-10,82
8010060,88,0,9,73
8010570,70,12,-3,76
8011080,71,21,1,75
8011590,1,30,-2,77
8012100,65,31,-3,80
8012610,97,34,9,71
8013120,25,37,-14,85
8013630,89,101,8,77
8014140,10,75,-1,78
8014650,74,30,-3,81
8015160,4,39,3,78
8015670,68,26,-7,85
8016180,100,35,11,74
8016690,28,9,-6,80
8017200,29,34,-1,81
8017710,11,98,3,78
8018220,19,53,-1,79
8018730,83,15,7,72
8019240,11,27,-7,79
8019750,75,91,2,77
8020260,98,36,-10,87
8020770,28,10,0,87
8021280,29,21,7,80
8021790,54,85,5,75
8022300,77,25,-1,76
8022810,7,34,-2,78
8023320,71,98,4,74
8023830,94,43,-4,78
8024340,14,46,1,77
8024850,78,8,0,77
8025360,79,20,1,76
8025870,9,29,-3,79
8026380,73,93,5,74
8026890,96,38,-4,78
8027400,24,41,-5,83
8027910,88,3,2,81
8028420,70,15,4,77
8028930,0,24,2,75
8029440,64,11,4,71
8029950,94,20,-4,75
8030460,22,32,-5,80
8030970,86,96,5,75
8031480,7,70,-9,84
8031990,71,25,12,72
8032500,1,34,-8,80
8033010,65,101,8,72
8033520,88,41,-6,78
8034030,8,44,-3,81
8034540,72,6,1,80
8035050,73,18,5,75
8035560,1,27,-5,80
8036070,65,14,4,76
8036580,95,23,2,74
8037090,23,99,-2,76
8037600,87,54,-9,85
8038110,7,57,-1,86
8038620,71,12,7,79
8039130,101,21,2,77
8039640,31,33,-2,79
8040150,81,97,-2,81
8040660,2,42,1,80
8041170,66,99,7,73
8041680,89,39,-7,80
8042190,17,42,-2,82
8042700,81,4,9,73
8043210,63,16,-7,80
8043720,95,25,4,76
8044230,23,101,-6,82
8044740,87,56,1,81
8045250,8,18,2,79
8045760,7,82,-1,80
8046270,71,37,-2,82
8046780,101,40,6,76
8047290,29,43,-2,78
8047800,79,79,-7,85
8048310,93,90,7,78
8048820,14,64,0,78
8049330,87,19,12,66
8049840,15,31,-16,82
8050350,79,95,3,79
8050860,0,66,0,79
8051370,64,30,-1,80
8051880,94,39,7,73
8052390,22,42,-4,77
8052900,86,4,8,69
8053410,12,16,-11,80
8053920,76,80,1,79
8054430,99,54,3,76
8054940,37,57,-3,79
8055450,101,27,0,79
8055960,31,68,-1,80
8056470,95,2,0,80
8056980,77,14,5,75
8057490,5,23,0,75
8058000,69,87,-1,76
8058510,97,32,0,76
8059020,25,6,-2,78
8059530,26,31,1,77
8060040,8,95,0,77
8060550,16,68,-3,80
8061060,80,23,6,74
8061570,10,32,-5,79
8062080,74,96,1,78
8062590,39,41,-2,80
8063100,21,3,-5,85
8063610,22,28,9,76
8064120,4,92,-2,78
8064630,68,56,-3,81
8065140,96,18,7,74
8065650,78,30,-5,79
8066160,8,65,2,77
8066670,72,20,0,77
8067180,2,29,2,75
8067690,66,16,-1,76
8068200,98,25,-1,77
8068710,26,66,-5,82
8069220,90,0,6,76
8069730,72,12,-6,82
8070240,0,24,4,78
8070750,64,60,-1,79
8071260,78,22,-8,87
8071770,8,31,7,80
8072280,72,95,2,78
8072790,68,40,-3,81
8073300,98,43,4,77
8073810,26,46,-5,82
8074320,90,8,5,77
8074830,72,20,4,73
8075340,2,29,-6,79
8075850,66,30,0,79
8076360,98,33,8,71
8076870,90,74,-6,77
8077380,72,36,-4,81
8077890,0,39,4,77
8078400,64,96,1,76
8078910,60,66,-8,84
8079420,8,40,3,81
8079930,72,2,7,74
8080440,34,14,-9,83
8080950,35,25,5,78
8081460,60,89,2,76
8081970,56,59,-10,86
8082480,4,21,4,82
8082990,68,22,4,78
8083500,100,31,4,74
8084010,28,72,-4,78
8084520,92,6,2,76
8085030,74,18,3,73
8085540,2,27,-5,78
8086050,66,14,3,75
8086560,96,23,-3,78
8087070,24,64,-3,81
8087580,88,40,1,80
8088090,16,43,2,78
8088600,80,5,7,71
8089110,62,17,-6,77
8089620,94,26,4,73
8090130,24,67,-12,85
8090640,88,29,9,76
8091150,16,70,-14,90
8091660,80,25,14,76
8092170,10,34,-2,78
8092680,74,98,2,76
8093190,70,43,-8,84
8093700,100,46,9,75
8094210,28,49,-3,78
8094720,92,11,4,74
8095230,74,23,-9,83
8095740,4,32,5,78
8096250,68,96,1,77
8096760,64,70,-8,85
8097270,92,44,5,80
8097780,20,47,6,74
8098290,84,9,1,73
8098800,66,21,-12,85
8099310,98,30,15,70
8099820,26,71,-11,81
8100330,90,5,4,77
8100840,72,17,-1,78
8101350,2,26,2,76
8101860,66,90,2,74
8102370,62,35,-13,87
8102880,17,38,5,82
8103390,81,0,5,77
8103900,63,12,1,76
8104410,70,21,-1,77
8104920,37,62,-6,83
8105430,101,98,3,80
8105940,83,72,-1,81
8106450,65,34,-3,84
8106960,95,45,9,75
8107470,15,48,-2,77
8107980,79,10,2,75
8108490,61,22,-4,79
8109000,93,31,4,75
8109510,21,72,-3,78
8110020,85,27,6,72
8110530,13,68,-11,83
8111040,77,23,6,77
8111550,7,64,-2,79
8112060,71,19,3,76
8112570,1,60,-5,81
8113080,65,15,-1,82
8113590,97,24,3,79
8114100,27,65,0,79
8114610,91,101,-5,84
8115120,73,46,-7,91
8115630,1,57,12,79
8116140,65,12,2,77
8116650,72,83,2,75
8117160,86,57,-1,76
8117670,95,31,6,70
8118180,23,72,-10,80
8118690,87,27,0,80
8119200,17,68,-3,83
8119710,81,23,7,76
8120220,11,64,-2,78
8120730,75,19,2,76
8121240,5,60,-4,80
8121750,69,15,4,76
8122260,101,56,-1,77
8122770,21,59,-5,82
8123280,85,21,0,82
8123790,15,62,1,81
8124300,79,24,7,74
8124810,9,65,-9,83
8125320,73,20,9,74
8125830,3,61,-9,83
8126340,67,16,4,79
8126850,99,57,-6,85
8127360,27,60,3,82
8127870,91,96,1,81
8128380,73,70,-10,91
8128890,87,81,20,71
8129400,69,55,-16,87
8129910,83,17,9,78
8130420,13,29,-1,79
8130930,12,93,1,78
8131440,20,48,2,76
8131950,84,10,-1,77
8132460,66,22,2,75
8132970,98,31,2,73
8133480,28,72,-13,86
8133990,92,6,3,83
8134500,74,18,3,80
8135010,4,59,1,79
8135520,68,72,-2,81
8136030,82,34,7,74
8136540,10,37,-13,87
8137050,74,101,10,77
8137560,70,75,-2,79
8138070,19,32,0,79
8138580,14,96,0,79
8139090,22,51,-3,82
8139600,86,13,7,75
8140110,68,25,-6,81
8140620,100,34,4,77
8141130,28,75,-3,80
8141640,92,30,-1,81
8142150,22,71,-1,82
8142660,86,26,2,80
8143170,16,67,0,80
8143680,50,22,-3,83
8144190,69,33,5,78
8144700,99,36,1,77
8145210,27,39,-2,79
8145720,15,1,-5,84
8146230,10,26,6,78
8146740,74,90,5,73
8147250,70,64,-19,92
8147760,84,26,15,77
8148270,14,67,-6,83
8148780,78,22,12,71
8149290,8,63,-9,80
8149800,72,18,0,80
8150310,2,59,-1,81
8150820,66,46,1,80
8151330,94,8,0,80
8151840,76,20,5,75
8152350,6,61,-5,80
8152860,70,16,1,79
8153370,0,25,5,74
8153880,64,12,-8,82
8154390,65,83,14,68
8154900,93,57,-1,69
8155410,0,77,-3,72
8155920,64,18,-4,76
8156430,96,27,0,76
8156940,26,68,-3,79
8157450,90,41,1,78
8157960,18,44,-1,79
8158470,82,6,6,73
8158980,64,18,-11,84
8159490,96,27,6,78
8160000,26,68,-1,79
8160510,90,2,6,73
8161020,72,14,-2,75
8161530,2,85,-1,76
8162040,66,49,-9,85
8162550,80,11,8,77
8163060,62,82,-2,79
8163570,90,27,9,70
8164080,20,68,-14,84
8164590,84,23,13,71
8165100,14,64,-5,76
8165610,78,19,4,72
8166120,8,60,-7,79
8166630,72,15,2,77
8167140,72,86,-5,82
8167650,100,31,5,77
8168160,30,72,-3,80
8168670,94,6,7,73
8169180,76,18,4,69
8169690,6,59,-9,78
8170200,70,21,4,74
8170710,0,62,-8,82
8171220,64,26,5,77
8171730,96,29,1,76
8172240,26,70,-6,82
8172750,90,32,9,73
8173260,20,73,-5,78
8173770,84,35,7,71
8174280,12,38,-8,79
8174790,76,0,6,73
8175300,8,12,-8,81
8175810,7,23,3,78
8176320,6,87,1,77
8176830,70,5,3,74
8177340,27,76,-3,77
8177850,26,10,-9,86
8178360,27,21,2,84
8178870,61,85,9,75
8179380,89,30,-1,76
8179890,19,71,-3,79
8180400,83,26,3,76
8180910,13,67,-5,81
8181420,77,29,0,81
8181930,7,38,6,75
8182440,71,0,1,74
8182950,3,12,0,74
8183460,2,48,-1,75
8183970,66,35,-10,85
8184480,96,38,7,78
8184990,24,41,-6,84
8185500,12,3,12,72
8186010,5,28,-7,79
8186520,69,92,2,77
8187030,97,37,-1,78
8187540,25,40,-2,80
8188050,59,2,3,77
8188560,60,73,-4,81
8189070,74,18,9,72
8189580,4,59,-9,81
8190090,68,46,-3,84
8190600,82,8,13,71
8191110,14,20,-9,80
8191620,9,84,-2,82
8192130,73,39,4,78
8192640,1,42,4,74
8193150,65,29,-4,78
8193660,97,38,0,78
8194170,25,41,1,77
8194680,75,3,4,73
8195190,32,15,-6,79
8195700,51,84,3,76
8196210,101,54,-2,78
8196720,29,57,-1,79
8197230,93,19,6,73
8197740,23,90,-6,79
8198250,86,30,7,72
8198760,16,71,-7,79
8199270,80,26,3,76
8199780,10,67,-8,84
8200290,74,22,3,81
8200800,4,31,2,79
8201310,68,95,1,78
8201820,64,40,-8,86
8202330,78,43,1,85
8202840,6,46,2,83
8203350,70,8,9,74
8203860,2,20,-1,75
8204370,66,21,1,74
8204880,98,30,-6,80
8205390,28,71,1,79
8205900,78,33,2,77
8206410,8,36,-3,80
8206920,72,100,5,75
8207430,10,45,-6,81
8207940,74,7,4,77
8208450,6,19,0,77
8208960,70,83,-3,80
8209470,84,28,5,75
8209980,14,99,1,74
8210490,22,17,-3,77
8211000,4,81,-5,82
8211510,68,45,4,78
8212020,82,7,4,74
8212530,14,19,-2,76
8213040,13,83,-1,77
8213550,77,56,-3,80
8214060,91,18,10,70
8214570,21,89,-9,79
8215080,24,44,-4,83
8215590,88,6,2,81
8216100,20,18,8,73
8216610,54,82,-4,77
8217120,82,52,-6,83
8217630,91,55,3,80
8218140,21,58,5,75
8218650,64,20,-2,77
8219160,96,29,3,74
8219670,26,100,-7,81
8220180,29,55,6,75
8220690,93,91,1,74
8221200,5,65,-11,85
8221710,69,20,12,73
8222220,101,29,-2,75
8222730,31,81,-7,82
8223240,81,29,7,75
8223750,11,32,3,72
8224260,75,96,-1,73
8224770,13,41,-1,74
8225280,77,3,6,68
8225790,9,15,-7,75
8226300,8,79,-2,77
8226810,72,34,-2,79
8227320,2,37,0,79
8227830,66,101,-2,81
8228340,62,71,-7,88
8228850,76,41,9,79
8229360,4,44,1,78
8229870,68,47,-6,84
8230380,82,9,4,80
8230890,14,21,6,74
8231400,13,85,0,74
8231910,77,58,-7,81
8232420,91,20,11,70
8232930,21,91,-6,76
8233440,24,46,-7,83
8233950,88,8,6,77
8234460,20,20,-2,79
8234970,24,84,-3,82
8235480,88,32,7,75
8235990,18,35,-3,78
8236500,82,99,6,72
8237010,20,44,-10,82
8237520,84,6,10,72
8238030,16,18,-6,78
8238540,15,82,-4,82
8239050,18,37,10,72
8239560,82,101,1,71
8240070,20,28,-8,79
8240580,19,92,2,77
8241090,22,47,-4,81
8241600,86,9,7,74
8242110,18,21,-8,82
8242620,21,85,0,82
8243130,85,40,7,75
8243640,13,43,-4,79
8244150,77,5,0,79
8244660,78,17,7,72
8245170,8,88,-2,74
8245680,11,43,-12,86
8246190,75,5,13,73
8246700,7,17,-7,80
8247210,6,81,4,76
8247720,70,36,-2,78
8248230,0,39,-3,81
8248740,64,12,5,76
8249250,65,83,-4,80
8249760,79,28,4,76
8250270,9,31,0,76
8250780,8,95,-1,77
8251290,72,68,2,75
8251800,86,30,1,74
8252310,16,33,-5,79
8252820,80,97,-2,81
8253330,94,42,0,81
8253840,22,45,4,77
8254350,86,7,-2,79
8254860,18,19,2,77
8255370,21,83,-4,81
8255880,85,38,10,71
8256390,15,41,-7,78
8256900,79,3,5,73
8257410,80,15,-2,75
8257920,10,86,-2,77
8258430,74,41,-2,79
8258940,2,44,2,77
8259450,66,17,-1,78
8259960,98,88,4,74
8260470,10,50,-3,77
8260980,74,12,5,72
8261490,4,24,-9,81
8262000,68,88,8,73
8262510,96,33,-2,75
8263020,26,36,-6,81
8263530,60,100,2,79
8264040,88,59,-8,87
8264550,97,21,8,79
8265060,27,92,4,75
8265570,30,40,-9,84
8266080,64,2,5,79
8266590,65,14,4,75
8267100,97,85,-2,77
8267610,9,47,-1,78
8268120,73,9,2,76
8268630,74,21,-2,78
8269140,4,92,6,72
8269650,7,10,-5,77
8270160,6,74,-7,84
8270670,70,29,11,73
8271180,0,32,-4,77
8271690,64,5,-1,78
8272200,65,17,6,72
8272710,97,51,-6,78
8273220,17,54,-1,79
8273730,81,16,2,77
8274240,11,87,-5,82
8274750,75,46,0,82
8275260,89,49,8,74
8275770,9,52,-4,78
8276280,73,14,-4,82
8276790,3,85,7,75
8277300,67,40,-8,83
8277810,97,43,9,74
8278320,25,28,-9,83
8278830,59,92,8,75
8279340,87,62,-10,85
8279850,101,24,8,77
8280360,31,95,-6,83
8280870,34,50,3,80
8281380,68,20,4,76
8281890,100,54,-2,78
8282400,20,57,-7,85
8282910,84,19,11,74
8283420,14,90,0,74
8283930,22,45,-3,77
8284440,86,7,9,68
8284950,18,19,-13,81
8285460,6,83,7,74
8285970,70,38,-8,82
8286480,100,49,-2,84
8286990,28,52,4,80
8287500,92,14,8,72
8288010,22,26,-7,79
8288520,56,90,5,74
8289030,84,60,-9,83
8289540,14,22,7,76
8290050,13,13,-3,79
8290560,12,24,1,78
8291070,11,88,-2,80
8291580,19,43,1,79
8292090,83,5,3,76
8292600,15,17,0,76
8293110,10,81,-3,79
8293620,74,36,-4,83
8294130,2,59,0,83
8294640,66,14,3,80
8295150,98,46,1,79
8295660,26,49,3,76
8296170,90,11,3,73
8296680,20,23,-8,81
8297190,54,87,7,74
8297700,82,57,-11,85
8298210,96,19,7,78
8298720,26,31,-3,81
8299230,60,95,8,73
8299740,88,65,-7,80
8300250,97,27,6,74
8300760,27,98,-8,82
8301270,91,53,2,80
8301780,19,59,4,76
8302290,11,21,-5,81
8302800,10,85,2,79
8303310,74,40,4,75
8303820,2,43,-2,77
8304330,66,96,4,73
8304840,62,55,-15,88
8305350,76,17,12,76
8305860,6,29,1,75
8306370,70,77,-3,78
8306880,84,22,2,76
8307390,14,34,-2,78
8307900,78,98,-3,81
8308410,92,43,1,80
8308920,20,17,1,79
8309430,54,81,9,70
8309940,50,40,-9,79
8310450,84,2,3,76
8310960,16,14,-7,83
8311470,100,78,6,77
8311980,7,40,-5,82
8312490,71,2,12,70
8313000,3,14,-11,81
8313510,67,15,-1,82
8314020,99,27,8,74
8314530,29,39,-11,85
8315040,63,1,14,71
8315550,64,13,3,68
8316060,96,25,-8,76
8316570,26,37,-2,78
8317080,60,101,3,75
8317590,88,60,-6,81
8318100,97,22,12,69
8318610,27,34,-12,81
8319120,61,98,9,72
8319630,57,68,-16,88
8320140,91,13,11,77
8320650,21,25,-2,79
8321160,55,89,3,76
8321670,51,59,-11,87
8322180,85,21,6,81
8322690,15,33,1,80
8323200,79,97,2,78
8323710,17,42,-1,79
8324220,81,4,7,72
8324730,13,16,-8,80
8325240,12,80,-2,82
8325750,74,35,5,77
8326260,2,41,0,77
8326770,66,14,-4,81
8327280,98,46,1,80
8327790,18,52,3,77
8328300,82,14,3,74
8328810,12,26,-6,80
8329320,76,90,-1,81
8329830,14,35,-2,83
8330340,78,99,10,73
8330850,74,44,-13,86
8331360,4,55,6,80
8331870,68,10,4,76
8332380,98,22,-4,80
8332890,28,34,-5,85
8333400,62,98,8,77
8333910,58,57,-9,86
8334420,72,19,12,74
8334930,2,53,-4,78
8335440,66,8,4,74
8335950,100,20,-6,80
8336460,30,32,0,80
8336970,64,96,2,78
8337480,60,66,-12,90
8337990,74,77,8,82
8338500,23,39,-1,83
8339010,57,1,3,80
8339520,58,13,1,79
8340030,59,45,-3,82
8340540,67,7,7,75
8341050,68,19,0,75
8341560,100,83,1,74
8342070,38,89,-10,84
8342580,0,62,5,79
8343090,64,26,-7,86
8343600,96,60,11,75
8344110,16,66,-8,83
8344620,80,21,8,75
8345130,10,55,-4,79
8345640,74,17,4,75
8346150,14,51,-3,78
8346660,78,13,5,73
8347170,8,25,-6,79
8347680,72,89,2,77
8348190,10,34,3,74
8348700,74,98,-2,76
8349210,12,43,-6,82
8349720,15,5,0,82
8350230,8,30,2,80
8350740,72,94,2,78
8351250,10,39,-5,83
8351760,74,1,9,74
8352270,6,13,0,74
8352780,70,77,-3,77
8353290,84,22,1,76
8353800,12,56,-2,78
8354310,76,18,-1,79
8354820,6,50,3,76
8355330,70,5,1,75
8355840,71,17,-5,80
8356350,1,49,1,79
8356860,65,4,6,73
8357370,99,16,0,73
8357880,29,28,-13,86
8358390,63,92,9,77
8358900,1,37,-2,79
8359410,65,10,-1,80
8359920,66,42,-1,81
8360430,96,48,6,75
8360940,16,54,-6,81
8361450,80,16,7,74
8361960,8,28,-5,79
8362470,72,92,5,74
8362980,10,37,-8,82
8363490,74,101,10,72
8364000,12,46,-4,76
8364510,76,8,4,72
8365020,8,20,-11,83
8365530,72,84,4,79
8366040,86,29,5,74
8366550,14,35,-6,80
8367060,78,99,7,73
8367570,16,44,-3,76
8368080,80,6,7,69
8368590,12,18,-14,83
8369100,11,82,6,77
8369610,75,37,-2,79
8370120,3,40,1,78
8370630,67,13,1,77
8371140,99,45,2,75
8371650,19,51,-7,82
8372160,83,13,9,73
8372670,11,25,-5,78
8373180,10,89,2,76
8373690,74,44,-5,81
8374200,83,55,8,73
8374710,92,61,-5,78
8375220,101,67,3,75
8375730,21,73,-5,80
8376240,85,35,7,73
8376750,5,69,-10,83
8377260,69,24,3,80
8377770,101,58,3,77
8378280,21,64,-2,79
8378790,85,26,8,71
8379300,13,32,-6,77
8379810,77,96,5,72
8380320,15,41,-9,81
8380830,79,3,9,72
8381340,80,15,-5,77
8381850,8,27,-4,81
8382360,72,91,6,75
8382870,10,36,0,75
8383380,74,100,1,74
8383890,12,45,-7,81
8384400,76,7,6,75
8384910,77,19,0,75
8385420,5,50,-2,77
8385930,69,5,2,75
8386440,70,53,-11,86
8386950,84,15,10,76
8387460,14,27,0,76
8387970,78,91,4,72
8388480,16,36,-4,76
8388990,80,100,2,74
8389500,18,45,-6,80
8390010,82,7,5,75
8390520,83,19,6,69
8391030,11,31,-9,78
8391540,75,95,6,72
8392050,71,40,-10,82
8392560,101,43,1,81
8393070,21,49,1,80
8393580,85,11,5,75
8394090,13,23,-4,79
8394600,77,87,1,78
8395110,15,32,6,72
8395620,79,96,-8,80
8396130,93,41,8,72
8396640,13,47,-6,78
8397150,77,9,4,74
8397660,5,43,-1,75
8398170,69,5,0,75
8398680,70,39,-7,82
8399190,100,42,3,79
8399700,20,48,3,76
8400210,84,10,5,71
8400720,12,22,-2,73
8401230,76,86,1,72
8401740,90,31,-1,73
8402250,18,37,-5,78
8402760,82,101,2,76
8403270,20,46,-6,82
8403780,84,8,8,74
8404290,12,20,-4,78
8404800,76,84,0,78
8405310,90,29,6,72
8405820,18,35,-8,80
8406330,82,99,6,74
8406840,20,44,-5,79
8407350,84,6,3,76
8407860,41,18,-5,81
8408370,42,29,-2,83
8408880,76,93,5,78
8409390,14,38,-7,85
8409900,78,0,14,71
8410410,79,12,-11,82
8410920,7,24,1,81
8411430,71,88,2,79
8411940,85,33,6,73
8412450,13,39,-9,82
8412960,77,1,6,76
8413470,78,13,6,70
8413980,6,25,-8,78
8414490,70,89,6,72
8415000,68,34,-7,79
8415510,98,37,1,78
8416020,26,43,-1,79
8416530,90,5,0,79
8417040,47,17,-8,87
8417550,77,42,11,76
8418060,5,45,-1,77
8418570,69,7,-2,79
8419080,70,19,7,72
8419590,0,53,-5,77
8420100,64,8,-3,80
8420610,65,40,-11,91
8421120,95,51,15,76
8421630,15,54,-1,77
8422140,79,16,4,73
8422650,7,48,-6,79
8423160,71,3,5,74
8423670,72,37,-6,80
8424180,0,40,0,80
8424690,64,2,4,76
8425200,65,36,-6,82
8425710,95,39,2,80
8426220,23,45,2,78
8426730,87,7,3,75
8427240,44,19,-5,80
8427750,74,30,2,78
8428260,2,64,-1,79
8428770,66,19,2,77
8429280,98,51,-3,80
8429790,18,54,1,79
8430300,82,16,5,74
8430810,10,28,-5,79
8431320,74,92,3,76
8431830,88,37,-2,78
8432340,16,43,-4,82
8432850,80,5,9,73
8433360,37,17,-10,83
8433870,38,28,3,80
8434380,72,92,2,78
8434890,86,37,-2,80
8435400,14,43,-2,82
8435910,78,5,9,73
8436420,79,17,1,72
8436930,7,49,-3,75
8437440,71,11,-1,76
8437950,101,43,0,76
8438460,29,49,-4,80
8438970,93,11,3,77
8439480,21,23,-9,86
8439990,9,87,2,84
8440500,73,42,1,83
8441010,1,49,6,77
8441520,65,4,-2,79
8442030,66,38,7,72
8442540,96,44,-3,75
8443050,16,50,-6,81
8443560,80,12,7,74
8444070,8,44,-5,79
8444580,72,45,0,79
8445090,0,51,2,77
8445600,64,6,-2,79
8446110,65,40,-4,83
8446620,95,46,10,73
8447130,15,52,-6,79
8447640,79,14,6,73
8448150,7,46,-4,77
8448660,87,8,1,76
8449170,15,20,-2,78
8449680,1,84,-2,80
8450190,65,48,-2,82
8450700,79,10,7,75
8451210,7,44,-4,79
8451720,71,6,1,78
8452230,101,40,-5,83
8452740,29,46,4,79
8453250,63,47,-6,85
8453760,77,9,13,72
8454270,14,43,-8,80
8454780,78,5,7,73
8455290,35,17,-11,84
8455800,54,28,-5,89
8456310,84,35,14,75
8456820,12,9,-7,82
8457330,0,20,1,81
8457840,64,21,-3,84
8458350,94,53,5,79
8458860,22,59,4,75
8459370,86,21,1,74
8459880,14,55,-9,83
8460390,78,17,9,74
8460900,6,51,-5,79
8461410,70,6,3,76
8461920,71,40,-3,79
8462430,101,47,1,78
8462940,21,53,4,74
8463450,85,15,1,73
8463960,13,47,-5,78
8464470,77,9,6,72
8464980,5,43,-9,81
8465490,69,5,8,73
8466000,26,17,-9,82
8466510,14,28,0,82
8467020,9,92,2,80
8467530,73,47,-8,88
8468040,1,58,10,78
8468550,65,13,-1,79
8469060,95,45,5,74
8469570,15,51,-12,86
8470080,79,13,14,72
8470590,7,45,-10,82
8471100,71,7,5,77
8471610,28,39,-8,85
8472120,62,1,10,75
8472630,63,35,-6,81
8473140,93,42,9,72
8473650,13,48,-6,78
8474160,77,10,4,74
8474670,5,42,-4,78
8475180,69,68,-9,87
8475690,83,79,8,79
8476200,97,90,4,75
8476710,35,52,-6,81
8477220,99,53,0,81
8477730,19,59,1,80
8478240,83,21,6,74
8478750,11,55,-7,81
8479260,75,17,3,78
8479770,3,49,2,76
8480280,67,4,5,71
8480790,68,36,-7,78
8481300,98,43,3,75
8481810,18,49,-3,78
8482320,82,11,4,74
8482830,10,43,0,74
8483340,74,5,2,72
8483850,31,37,-4,76
8484360,65,101,0,76
8484870,3,10,-2,78
8485380,67,21,-3,81
8485890,99,53,-1,82
8486400,19,59,6,76
8486910,83,21,5,71
8487420,11,27,-4,75
8487930,75,91,-1,76
8488440,13,36,-7,83
8488950,77,100,8,75
8489460,15,45,-7,82
8489970,79,7,7,75
8490480,36,41,-14,89
8490990,70,3,16,73
8491500,71,35,-10,83
8492010,101,42,6,77
8492520,21,48,-3,80
8493030,85,10,2,78
8493540,13,42,-3,81
8494050,77,4,-2,83
8494560,78,38,4,79
8495070,100,45,-3,82
8495580,20,51,6,76
8496090,84,13,-2,78
8496600,12,45,-1,79
8497110,76,7,2,77
8497620,77,39,-8,85
8498130,5,46,4,81
8498640,69,90,2,79
8499150,17,35,0,79
8499660,81,99,6,73
8500170,19,44,-10,83
8500680,83,6,2,81
8501190,84,40,1,80
8501700,82,46,1,79
8502210,2,52,2,77
8502720,66,7,3,74
8503230,67,39,-8,82
8503740,97,50,5,77
8504250,17,24,-3,80
8504760,12,88,0,80
8505270,76,43,2,78
8505780,98,49,-1,79
8506290,18,55,-2,81
8506800,82,17,10,71
8507310,10,49,-10,81
8507820,74,11,6,75
8508330,75,43,-14,89
8508840,97,54,4,85
8509350,17,60,6,79
8509860,81,52,-6,85
8510370,95,59,7,78
8510880,15,65,-4,82
8511390,79,20,12,70
8511900,7,52,-13,83
8512410,71,96,14,69
8512920,9,41,-9,78
8513430,73,3,7,71
8513940,74,37,-9,80
8514450,96,44,6,74
8514960,16,50,-9,83
8515470,80,12,3,80
8515980,8,44,0,80
8516490,72,6,5,75
8517000,73,40,-8,83
8517510,1,47,5,78
8518020,65,91,-3,81
8518530,61,36,-3,84
8519040,100,43,6,78
8519550,20,49,0,78
8520060,84,11,5,73
8520570,66,45,-11,84
8521080,3,52,3,81
8521590,67,7,3,78
8522100,24,41,-2,80
8522610,12,3,-2,82
8523120,7,28,2,80
8523630,71,92,4,76
8524140,9,37,-2,78
8524650,73,101,6,72
8525160,11,46,-10,82
8525670,75,8,6,76
8526180,76,42,-14,90
8526690,4,49,10,80
8527200,68,93,1,79
8527710,6,38,-3,82
8528220,70,0,11,71
8528730,71,44,-8,79
8529240,101,55,-2,81
8529750,21,61,3,78
8530260,85,23,-3,81
8530770,15,57,6,75
8531280,79,12,-1,76
8531790,9,44,-7,83
8532300,73,6,14,69
8532810,74,18,-8,77
8533320,81,52,-1,78
8533830,1,58,-9,87
8534340,65,0,17,70
8534850,66,44,-11,81
8535360,80,50,-1,82
8535870,18,56,6,76
8536380,82,18,3,73
8536890,12,52,-5,78
8537400,76,14,2,76
8537910,6,46,-3,79
8538420,70,90,2,77
8538930,8,35,-3,80
8539440,72,99,6,74
8539950,68,44,-10,84
8540460,6,55,8,76
8540970,70,99,-3,79
8541480,8,44,1,78
8541990,72,6,7,71
8542500,54,40,-7,78
8543010,93,2,4,74
8543520,75,46,-9,83
8544030,13,53,4,79
8544540,77,15,3,76
8545050,7,47,3,73
8545560,71,2,0,73
8546070,53,46,-9,82
8546580,92,8,7,75
8547090,74,20,-1,76
8547600,4,54,-5,81
8548110,68,98,3,78
8548620,64,43,-11,89
8549130,1,54,9,80
8549640,65,98,4,76
8550150,61,57,-11,87
8550660,75,19,8,79
8551170,5,53,-3,82
8551680,69,97,9,73
8552190,65,42,-6,79
8552700,2,53,2,77
8553210,66,97,0,77
8553720,4,56,-2,79
8554230,68,100,6,73
8554740,6,59,-8,81
8555250,70,1,12,69
8555760,52,45,-11,80
8556270,91,7,6,74
8556780,73,19,0,74
8557290,3,53,-5,79
8557800,67,97,5,74
8558310,63,56,-11,85
8558820,77,18,10,75
8559330,7,52,-2,77
8559840,71,7,1,76
8560350,72,41,-9,85
8560860,9,52,8,77
8561370,73,19,-1,78
8561880,3,53,4,74
8562390,67,97,3,71
8562900,5,56,-13,84
8563410,69,100,6,78
8563920,65,59,-3,81
8564430,79,21,5,76
8564940,9,55,-4,80
8565450,73,10,5,75
8565960,74,44,-9,84
8566470,12,55,5,79
8566980,76,6,6,73
8567490,77,40,-5,78
8568000,99,43,5,73
8568510,19,49,-6,79
8569020,83,11,10,69
8569530,65,23,-10,79
8570040,97,57,6,73
8570550,17,63,-11,84
8571060,81,14,13,71
8571570,11,48,-8,79
8572080,75,10,7,72
8572590,57,44,-11,83
8573100,96,55,7,76
8573610,16,61,-8,84
8574120,80,16,7,77
8574630,10,50,-3,80
8575140,74,5,2,78
8575650,56,39,-9,87
8576160,95,1,14,73
8576670,77,45,-9,82
8577180,15,56,4,78
8577690,79,18,1,77
8578200,9,52,-2,79
8578710,73,96,5,74
8579220,11,93,-7,81
8579730,19,48,-2,83
8580240,83,10,8,75
8580750,65,44,-7,82
8581260,2,55,2,80
8581770,66,99,6,74
8582280,4,58,-8,82
8582790,68,0,11,71
8583300,69,44,-13,84
8583810,6,55,3,81
8584320,70,99,7,74
8584830,8,58,-6,80
8585340,72,0,3,77
8585850,73,44,-8,85
8586360,11,55,2,83
8586870,75,10,1,82
8587380,76,44,-2,84
8587890,14,55,3,81
8588400,78,17,5,76
8588910,8,51,-9,85
8589420,72,22,12,73
8589930,2,56,-6,79
8590440,66,100,5,74
8590950,4,59,-7,81
8591460,68,1,9,72
8591970,69,13,-1,73
8592480,76,45,-12,85
8592990,14,56,4,81
8593500,78,7,14,67
8594010,79,19,-9,76
8594520,9,53,-7,83
8595030,73,8,7,76
8595540,74,42,-9,85
8596050,12,53,3,82
8596560,76,4,11,71
8597070,77,16,-1,72
8597580,7,48,-10,82
8598090,71,92,12,70
8598600,9,37,-5,75
8599110,73,101,1,74
8599620,11,42,-7,81
8600130,75,4,1,80
8600640,76,101,4,76
8601150,14,46,-10,86
8601660,78,8,8,78
8602170,79,42,-1,79
8602680,101,48,4,75
8603190,21,54,-4,79
8603700,40,16,0,79
8604210,41,27,-10,89
8604720,80,38,7,82
8605230,0,44,0,82
8605740,64,88,-2,84
8606250,52,59,-3,87
8606760,66,70,5,82
8607270,80,81,-4,86
8607780,18,92,8,78
8608290,82,47,-2,80
8608800,2,58,2,78
8609310,66,0,-3,81
8609820,67,44,-3,84
8610330,4,6,7,77
8610840,101,17,5,72
8611350,83,23,-3,75
8611860,13,64,-4,79
8612370,77,19,3,76
8612880,7,60,-5,81
8613390,71,15,7,74
8613900,78,49,-8,82
8614410,16,55,6,76
8614920,80,17,2,74
8615430,8,49,-1,75
8615940,72,4,7,68
8616450,29,38,-13,81
8616960,17,0,-1,82
8617470,5,25,4,78
8617980,69,89,1,77
8618490,7,60,-5,82
8619000,71,15,4,78
8619510,78,47,-4,82
8620020,100,58,5,77
8620530,20,32,-6,83
8621040,8,96,0,83
8621550,72,51,5,78
8622060,86,13,3,75
8622570,16,25,-4,79
8623080,4,89,-4,83
8623590,68,44,-7,90
8624100,5,6,8,82
8624610,0,17,3,79
8625120,64,18,0,79
8625630,71,52,-2,81
8626140,85,14,9,72
8626650,13,20,-3,75
8627160,8,84,0,75
8627670,72,39,2,73
8628180,94,50,-7,80
8628690,14,56,-2,82
8629200,78,18,11,71
8629710,6,24,-4,75
8630220,70,88,-2,77
8630730,8,59,-3,80
8631240,72,14,4,76
8631750,79,46,-1,77
8632260,101,52,0,77
8632770,21,58,0,77
8633280,85,20,3,74
8633790,15,26,-4,78
8634300,10,90,-2,80
8634810,74,45,-9,89
8635320,88,56,6,83
8635830,8,67,2,81
8636340,72,22,1,80
8636850,79,56,-2,82
8637360,93,18,11,71
8637870,23,24,-8,79
8638380,11,88,0,79
8638890,75,43,-4,83
8639400,97,54,7,76
8639910,17,60,-6,82
8640420,81,22,9,73
8640930,11,56,-12,85
8641440,75,7,4,81
8641950,76,41,4,77
8642460,98,52,1,76
8642970,18,58,-4,80
8643480,82,20,0,80
8643990,10,54,0,80
8644500,74,9,1,79
8645010,75,43,0,79
8645520,97,54,3,76
8646030,17,60,-5,81
8646540,81,22,6,75
8647050,11,56,-11,86
8647560,75,18,5,81
8648070,82,50,4,77
8648580,2,61,-2,79
8649090,66,16,4,75
8649600,73,48,-3,78
8650110,82,54,-5,83
8650620,2,16,9,74
8651130,66,17,-13,87
8651640,73,27,13,74
8652150,95,61,-7,81
8652660,73,67,-6,87
8653170,87,29,8,79
8653680,7,35,0,79
8654190,71,99,0,79
8654700,40,8,-7,86
8655210,9,33,5,81
8655720,73,97,4,77
8656230,11,68,-6,83
8656740,75,23,8,75
8657250,82,57,-9,84
8657760,91,19,9,75
8658270,21,25,-9,84
8658780,9,36,3,81
8659290,73,100,6,75
8659800,11,59,-11,86
8660310,75,14,10,76
8660820,82,46,-2,78
8661330,2,57,0,78
8661840,66,12,-2,80
8662350,67,44,-3,83
8662860,81,55,1,82
8663370,90,17,8,74
8663880,18,49,-4,78
8664390,82,11,6,72
8664900,64,45,-9,81
8665410,1,7,3,78
8665920,0,18,1,77
8666430,64,19,0,77
8666940,71,51,-3,80
8667450,85,13,7,73
8667960,13,47,-12,85
8668470,77,9,10,75
8668980,78,43,-8,83
8669490,100,54,10,73
8670000,20,60,-6,79
8670510,84,15,1,78
8671020,14,47,0,78
8671530,78,9,0,78
8672040,43,43,-3,81
8672550,77,54,4,77
8673060,91,16,4,73
8673570,19,48,-3,76
8674080,7,10,-3,79
8674590,6,21,-2,81
8675100,70,85,2,79
8675610,8,96,1,78
8676120,72,51,-6,84
8676630,86,13,8,76
8677140,68,19,-6,82
8677650,75,51,1,81
8678160,84,13,10,71
8678670,66,47,-14,85
8679180,3,9,1,84
8679690,2,20,6,78
8680200,66,38,-6,84
8680710,3,49,2,82
8681220,67,4,5,77
8681730,68,36,-4,81
8682240,98,47,4,77
8682750,18,53,-2,79
8683260,82,15,7,72
8683770,10,47,-5,77
8684280,74,9,1,76
8684790,75,43,-5,81
8685300,3,54,3,78
8685810,67,9,-4,82
8686320,68,41,-7,89
8686830,97,52,9,80
8687340,17,58,2,78
8687850,81,20,-1,79
8688360,88,61,1,78
8688870,97,23,0,78
8689380,27,64,-1,79
8689890,91,19,0,79
8690400,21,53,-3,82
8690910,85,15,6,76
8691420,13,47,0,76
8691930,77,9,1,75
8692440,78,43,-2,77
8692950,100,54,-3,80
8693460,20,60,2,78
8693970,84,22,0,78
8694480,91,56,-5,83
8694990,100,67,0,83
8695500,7,29,3,80
8696010,71,93,8,72
8696520,9,52,-12,84
8697030,73,7,8,76
8697540,74,41,-11,87
8698050,2,52,5,82
8698560,66,7,5,77
8699070,67,39,-14,91
8699580,4,50,11,80
8700090,68,5,4,76
8700600,69,37,-7,83
8701110,99,48,8,75
8701620,19,54,-8,83
8702130,83,16,5,78
8702640,90,48,1,77
8703150,10,54,2,75
8703660,74,9,-5,80
8704170,75,43,-4,84
8704680,84,54,0,84
8705190,33,65,0,84
8705700,97,76,8,76
8706210,4,38,-2,78
8706720,68,56,-2,80
8707230,82,18,8,72
8707740,89,50,-7,79
8708250,9,61,-2,81
8708760,73,16,4,77
8709270,80,48,-1,78
8709780,89,59,3,75
8710290,98,21,-4,79
8710800,28,62,-2,81
8711310,92,73,2,79
8711820,101,35,2,77
8712330,29,76,-10,87
8712840,93,87,13,74
8713350,31,98,-11,85
8713860,95,53,2,83
8714370,11,64,1,82
8714880,75,19,3,79
8715390,82,51,-3,82
8715900,91,62,7,75
8716410,100,24,2,73
8716920,30,65,-10,83
8717430,94,76,5,78
8717940,32,38,-4,82
8718450,66,0,5,77
8718960,67,44,-9,86
8719470,4,55,2,84
8719980,68,6,9,75
8720490,69,40,-10,85
8721000,99,51,10,75
8721510,19,57,-1,76
8722020,83,75,0,76
8722530,21,86,-4,80
8723040,85,97,0,80
8723550,23,46,-3,83
8724060,43,8,1,82
8724570,44,33,1,81
8725080,59,44,2,79
8725590,98,6,4,75
8726100,80,18,0,75
8726610,87,59,-5,80
8727120,96,21,3,77
8727630,1,62,-5,82
8728140,65,95,6,76
8728650,61,4,-3,79
8729160,62,38,0,79
8729670,81,49,-4,83
8730180,90,60,8,75
8730690,99,66,-3,78
8731200,6,72,-1,79
8731710,70,27,2,77
8732220,77,34,2,75
8732730,84,68,-9,84
8733240,98,30,5,79
8733750,28,46,-1,80
8734260,16,8,-3,83
8734770,4,19,-1,84
8735280,68,30,1,83
8735790,75,41,3,80
8736300,13,52,1,79
8736810,77,3,11,68
8737320,34,35,-16,84
8737830,68,99,8,76
8738340,6,58,-6,82
8738850,70,69,3,79
8739360,98,80,2,77
8739870,36,42,-2,79
8740380,70,53,-7,86
8740890,7,15,8,78
8741400,71,26,-7,85
8741910,78,60,3,82
8742420,92,22,11,71
8742930,22,63,-4,75
8743440,86,22,4,71
8743950,93,63,-7,78
8744460,0,25,0,78
8744970,64,43,-3,81
8745480,1,54,1,80
8745990,65,87,5,75
8746500,3,33,-2,77
8747010,67,86,2,75
8747520,5,57,-8,83
8748030,69,68,2,81
8748540,7,30,5,76
8749050,71,94,3,73
8749560,9,3,-6,79
8750070,10,14,-1,80
8750580,13,78,1,79
8751090,77,33,1,78
8751600,84,44,0,78
8752110,4,55,-3,81
8752620,68,6,4,77
8753130,69,40,-6,83
8753640,96,51,-4,87
8754150,16,62,4,83
8754660,80,13,8,75
8755170,81,45,1,74
8755680,1,56,-5,79
8756190,65,89,-1,80
8756700,3,100,1,79
8757210,21,18,-1,80
8757720,9,82,1,79
8758230,73,37,1,78
8758740,80,48,-4,82
8759250,18,59,4,78
8759760,82,21,0,78
8760270,89,62,-6,84
8760780,98,24,11,73
8761290,28,65,-9,82
8761800,92,76,5,77
8762310,13,38,-1,78
8762820,77,0,5,73
8763330,78,34,-4,77
8763840,85,45,-5,82
8764350,5,56,3,79
8764860,69,7,6,73
8765370,70,41,-10,83
8765880,97,52,6,77
8766390,17,58,-5,82
8766900,81,20,10,72
8767410,88,61,-8,80
8767920,97,23,10,70
8768430,27,64,-11,81
8768940,91,75,4,77
8769450,29,37,0,77
8769960,17,101,-2,79
8770470,20,60,-3,82
8770980,84,96,9,73
8771490,22,5,-6,79
8772000,23,16,-3,82
8772510,11,80,-3,85
8773020,75,35,4,81
8773530,82,46,2,79
8774040,2,57,2,77
8774550,66,90,-1,78
8775060,4,101,1,77
8775570,68,60,-3,80
8776080,94,22,4,76
8776590,101,63,-4,80
8777100,8,69,-2,82
8777610,72,24,0,82
8778120,79,58,5,77
8778630,88,20,3,74
8779140,12,61,-3,77
8779650,76,12,4,73
8780160,77,46,-8,81
8780670,15,57,-1,82
8781180,79,19,6,76
8781690,86,60,-7,83
8782200,95,50,7,76
8782710,15,56,-4,80
8783220,79,18,6,74
8783730,86,52,-15,89
8784240,11,63,11,78
8784750,75,14,1,77
8785260,76,48,-8,85
8785770,1,59,7,78
8786280,65,92,2,76
8786790,3,51,-7,83
8787300,67,2,11,72
8787810,68,36,-9,81
8788320,94,47,8,73
8788830,14,18,-3,76
8789340,79,82,-4,80
8789850,17,93,-2,82
8790360,20,48,0,82
8790870,84,10,4,78
8791380,8,44,-6,84
8791890,72,97,13,71
8792400,10,56,-5,76
8792910,74,7,4,72
8793420,75,41,-10,82
8793930,97,52,3,79
8794440,17,75,-5,84
8794950,81,82,8,76
8795460,19,93,2,74
8795970,83,48,-9,83
8796480,3,59,4,79
8796990,67,23,5,74
8797500,74,57,-6,80
8798010,11,19,-3,83
8798520,14,83,8,75
8799030,78,38,-6,81
8799540,100,49,0,81
8800050,20,72,-2,83
8800560,84,83,3,80
8801070,22,45,2,78
8801580,86,7,3,75
8802090,70,41,-9,84
8802600,97,52,2,82
8803110,17,75,-3,85
8803620,81,26,8,77
8804130,88,67,1,76
8804640,26,29,-9,85
8805150,14,40,4,81
8805660,78,2,9,72
8806170,62,32,-10,82
8806680,89,43,7,75
8807190,9,17,1,74
8807700,73,81,-6,80
8808210,11,92,2,78
8808720,75,51,-2,80
8809230,84,13,4,76
8809740,85,47,-2,78
8810250,5,58,-2,80
8810760,69,9,7,73
8811270,70,41,-5,78
8811780,97,52,2,76
8812290,17,75,-4,80
8812800,81,86,-4,84
8813310,19,97,5,79
8813820,22,52,2,77
8814330,86,14,5,72
8814840,87,41,-5,77
8815350,7,52,-3,80
8815860,71,11,5,75
8816370,72,43,-3,78
8816880,99,54,6,72
8817390,19,74,-5,77
8817900,83,29,3,74
8818410,3,63,-14,88
8818920,67,27,11,77
8819430,74,61,1,76
8819940,0,23,0,76
8820450,64,10,-1,77
8820960,65,42,-13,90
8821470,91,4,14,76
8821980,73,16,0,76
8822490,74,54,-9,85
8823000,12,16,12,73
8823510,0,27,-7,80
8824020,64,60,-3,83
8824530,90,22,7,76
8825040,10,63,-5,81
8825550,74,18,9,72
8826060,75,52,-11,83
8826570,0,14,8,75
8827080,64,1,0,75
8827590,65,31,-5,80
8828100,66,42,0,80
8828610,52,4,2,78
8829120,53,29,-1,79
8829630,68,40,-1,80
8830140,95,51,5,75
8830650,15,71,-4,79
8831160,79,36,-4,83
8831670,61,47,3,80
8832180,100,9,0,80
8832690,82,39,5,75
8833200,2,50,-6,81
8833710,66,83,7,74
8834220,94,54,-6,80
8834730,14,77,-5,85
8835240,78,32,9,76
8835750,85,66,-6,82
8836260,23,28,7,75
8836770,11,92,-6,81
8837280,75,51,-2,83
8837790,0,13,4,79
8838300,64,0,-1,80
8838810,65,30,0,80
8839320,72,41,1,79
8839830,94,52,-2,81
8840340,14,55,3,78
8840850,78,17,2,76
8841360,85,49,-2,78
8841870,5,72,0,78
8842380,69,36,-2,80
8842890,96,47,5,75
8843400,16,21,-7,82
8843910,4,85,5,77
8844420,68,49,-8,85
8844930,95,11,9,76
8845440,79,24,-1,77
8845950,86,65,-7,84
8846460,95,27,5,79
8846970,15,68,-1,80
8847480,79,30,2,78
8847990,101,64,-5,83
8848500,21,84,-1,84
8849010,85,21,9,75
8849520,92,55,-8,83
8850030,12,78,9,74
8850540,76,33,-5,79
8851050,98,65,3,76
8851560,18,85,-9,85
8852070,82,50,-1,86
8852580,2,61,15,71
8853090,66,25,-13,84
8853600,73,36,2,82
8854110,95,47,4,78
8854620,15,67,-4,82
8855130,79,29,1,81
8855640,101,63,3,78
8856150,21,83,-2,80
8856660,85,20,6,74
8857170,92,54,-4,78
8857680,12,74,-2,80
8858190,76,36,6,74
8858700,98,47,-6,80
8859210,18,67,-1,81
8859720,82,29,6,75
8860230,2,63,-7,82
8860740,66,27,1,81
8861250,73,61,3,78
8861760,99,23,-4,82
8862270,19,50,6,76
8862780,83,12,-6,82
8863290,84,44,6,76
8863800,4,47,-1,77
8864310,90,9,-5,82
8864820,74,43,3,79
8865330,101,54,2,77
8865840,21,74,1,76
8866350,85,36,-2,78
8866860,5,70,0,78
8867370,69,34,2,76
8867880,91,45,-8,84
8868390,11,65,1,83
8868900,75,16,7,76
8869410,82,48,-5,81
8869920,2,59,10,71
8870430,66,23,-5,76
8870940,73,57,-4,80
8871450,100,19,6,74
8871960,15,46,-3,77
8872470,79,8,1,76
8872980,63,20,-5,81
8873490,4,29,4,77
8874000,68,93,2,75
8874510,95,64,-9,84
8875020,2,26,4,80
8875530,66,90,6,74
8876040,62,61,-14,88
8876550,90,23,14,74
8877060,10,50,-5,79
8877570,74,12,7,72
8878080,100,44,-6,78
8878590,20,64,-2,80
8879100,84,26,7,73
8879610,4,60,-5,78
8880120,68,24,-3,81
8880630,75,61,-1,82
8881140,1,23,6,76
8881650,65,10,0,76
8882160,1,35,-5,81
8882670,65,99,4,77
8883180,61,70,-5,82
8883690,88,41,2,80
8884200,8,68,1,79
8884710,72,32,-1,80
8885220,99,41,6,74
8885730,19,61,-6,80
8886240,83,23,0,80
8886750,3,50,-5,85
8887260,67,1,12,73
8887770,24,45,-6,79
8888280,88,7,4,75
8888790,72,19,-2,77
8889300,79,46,-5,82
8889810,101,73,1,81
8890320,8,35,2,79
8890830,72,99,5,74
8891340,68,70,-10,84
8891850,95,32,15,69
8892360,15,59,-12,81
8892870,79,21,4,77
8893380,86,48,-3,80
8893890,6,51,5,75
8894400,70,13,1,74
8894910,6,45,-7,81
8895420,70,98,5,76
8895930,38,69,-7,83
8896440,0,40,4,79
8896950,64,81,7,72
8897460,92,52,-6,78
8897970,12,72,1,77
8898480,76,34,-4,81
8898990,98,52,1,80
8899500,18,72,-1,81
8900010,82,34,2,79
8900520,2,61,-1,80
8901030,66,25,2,78
8901540,93,57,1,77
8902050,13,77,-5,82
8902560,77,28,4,78
8903070,99,55,3,75
8903580,19,75,-7,82
8904090,83,12,7,75
8904600,100,39,-2,77
8905110,20,59,-2,79
8905620,84,21,8,71
8906130,4,48,-8,79
8906640,68,101,3,76
8907150,6,60,-13,89
8907660,70,11,12,77
8908170,6,38,2,75
8908680,70,0,-1,76
8909190,71,27,-3,79
8909700,62,59,-7,86
8910210,90,21,12,74
8910720,10,48,-8,82
8911230,74,10,3,79
8911740,10,37,-5,84
8912250,74,101,12,72
8912760,77,72,-9,81
8913270,15,34,2,79
8913780,79,98,4,75
8914290,5,69,-7,82
8914800,69,33,0,82
8915310,91,60,0,82
8915820,11,80,0,82
8916330,75,44,-3,85
8916840,97,26,13,72
8917350,17,53,-6,78
8917860,81,15,5,73
8918370,98,42,1,72
8918880,18,46,-10,82
8919390,82,8,4,78
8919900,66,20,-1,79
8920410,22,47,0,79
8920920,10,9,8,71
8921430,100,73,-7,78
8921940,20,99,0,78
8922450,23,58,-9,87
8922960,87,20,14,73
8923470,7,47,-7,80
8923980,71,9,5,75
8924490,7,36,-2,77
8925000,71,100,0,77
8925510,9,71,-5,82
8926020,73,22,3,79
8926530,80,49,-6,85
8927040,5,69,3,82
8927550,69,33,1,81
8928060,91,60,1,80
8928570,11,80,-1,81
8929080,14,44,0,81
8929590,78,6,9,72
8930100,62,33,-12,84
8930610,3,44,9,75
8931120,67,97,-1,76
8931630,95,56,-6,82
8932140,15,76,5,77
8932650,79,13,3,74
8933160,96,40,4,70
8933670,16,60,-10,80
8934180,80,11,7,73
8934690,16,23,-2,75
8935200,81,87,-6,81
8935710,19,58,2,79
8936220,83,20,3,76
8936730,3,47,2,74
8937240,67,100,-5,79
8937750,5,71,-4,83
8938260,69,35,0,83
8938770,91,62,4,79
8939280,11,82,4,75
8939790,75,41,-6,81
8940300,97,68,6,75
8940810,17,88,-5,80
8941320,20,47,1,79
8941830,84,9,7,72
8942340,16,21,-8,80
8942850,4,85,-5,85
8943360,7,49,4,81
8943870,71,0,11,70
8944380,55,44,-16,86
8944890,83,6,10,76
8945400,67,18,-1,77
8945910,8,62,-7,84
8946420,72,13,10,74
8946930,8,40,-3,77
8947440,72,2,1,76
8947950,56,46,-11,87
8948460,84,8,14,73
8948970,66,20,-7,80
8949480,73,47,-6,86
8949990,14,58,2,84
8950500,78,9,9,75
8951010,95,36,-1,76
8951520,15,63,-3,79
8952030,79,0,2,77
8952540,36,44,-5,82
8953050,13,45,1,81
8953560,77,7,0,81
8954070,61,19,0,81
8954580,2,44,1,80
8955090,66,97,7,73
8955600,4,56,-13,86
8956110,68,7,15,71
8956620,4,51,-4,75
8957130,68,15,2,73
8957640,4,47,-4,77
8958150,68,11,5,72
8958660,4,55,-11,83
8959170,68,19,10,73
8959680,75,51,-8,81
8960190,0,13,4,77
8960700,64,14,-1,78
8961210,5,39,-1,79
8961720,69,18,-3,82
8962230,6,50,0,82
8962740,70,14,10,72
8963250,6,46,-10,82
8963760,70,99,6,76
8964270,8,18,-6,82
8964780,7,29,1,81
8965290,71,93,8,73
8965800,9,64,-7,80
8966310,73,28,3,77
8966820,14,72,-2,79
8967330,78,23,4,75
8967840,100,67,-3,78
8968350,20,87,0,78
8968860,23,24,0,78
8969370,88,35,9,69
8969880,8,79,-7,76
8970390,72,43,-5,81
8970900,13,46,4,77
8971410,77,8,1,76
8971920,61,52,-6,82
8972430,2,14,7,75
8972940,66,50,-14,89
8973450,7,12,12,77
8973960,10,76,0,77
8974470,13,40,-8,85
8974980,77,2,13,72
8975490,61,46,-16,88
8976000,2,8,14,74
8976510,1,19,-9,83
8977020,65,20,-1,84
8977530,6,64,-1,85
8978040,70,28,11,74
8978550,92,72,-8,82
8979060,30,34,2,80
8979570,7,98,0,80
8980080,10,62,-3,83
8980590,74,26,7,76
8981100,81,70,-4,80
8981610,19,32,1,79
8982120,7,96,4,75
8982630,34,60,-8,83
8983140,22,61,4,79
8983650,86,25,5,74
8984160,6,69,-7,81
8984670,70,33,6,75
8985180,92,60,-5,80
8985690,12,25,1,79
8986200,15,89,-1,80
8986710,18,54,-8,88
8987220,82,16,13,75
8987730,99,60,-2,77
8988240,19,63,-5,82
8988750,83,11,9,73
8989260,100,36,-5,78
8989770,20,56,-1,79
8990280,84,18,4,75
8990790,4,45,-2,77
8991300,68,9,-7,84
8991810,69,34,0,84
8992320,10,61,5,79
8992830,74,26,-2,81
8993340,15,70,1,80
8993850,79,21,7,73
8994360,101,65,-3,76
8994870,21,85,-8,84
8995380,24,50,5,79
8995890,88,12,1,78
8996400,3,24,5,73
8996910,67,60,-9,82
8997420,94,22,6,76
8997930,14,49,-1,77
8998440,78,11,5,72
8998950,95,36,-3,75
8999460,15,42,-3,78
8999970,79,4,7,71
9000480,15,16,-4,75
9000990,3,80,-7,82
9001500,67,44,1,81
9002010,94,55,1,80
9002520,14,58,3,77
9003030,78,23,0,77
9003540,100,67,-1,78
9004050,20,87,-3,81
9004560,23,52,-1,82
9005070,11,14,2,80
9005580,6,78,4,76
9006090,70,42,-15,91
9006600,97,69,15,76
9007110,17,34,1,75
9007620,81,98,-1,76
9008130,58,69,-5,81
9008640,72,40,4,77
9009150,94,67,1,76
9009660,14,73,-6,82
9010170,78,37,8,74
9010680,100,64,-5,79
9011190,20,84,-5,84
9011700,84,49,3,81
9012210,4,52,4,77
9012720,68,16,2,75
9013230,5,60,-8,83
9013740,69,24,5,78
9014250,76,68,-2,80
9014760,90,30,4,76
9015270,10,74,-3,79
9015780,74,38,-7,86
9016290,96,65,13,73
9016800,16,85,-12,85
9017310,80,50,5,80
9017820,0,77,10,70
9018330,64,41,-10,80
9018840,91,44,9,71
9019350,11,64,-13,84
9019860,75,28,12,72
9020370,97,72,-3,75
9020880,17,92,-9,84
9021390,81,57,1,83
9021900,1,19,5,78
9022410,65,20,1,77
9022920,72,64,-9,86
9023430,86,26,15,71
9023940,6,70,-7,78
9024450,70,34,-1,79
9024960,92,61,5,74
9025470,12,81,-9,83
9025980,76,45,5,78
9026490,98,48,3,75
9027000,18,68,-10,85
9027510,82,16,11,74
9028020,2,28,-4,78
9028530,66,29,2,76
9029040,88,56,-6,82
9029550,8,59,-3,85
9030060,72,23,9,76
9030570,94,67,-3,79
9031080,14,87,0,79
9031590,22,52,0,79
9032100,86,14,14,65
9032610,1,26,-14,79
9033120,65,27,3,76
9033630,87,71,-7,83
9034140,25,33,1,82
9034650,13,97,3,79
9035160,21,61,-7,86
9035670,85,23,9,77
9036180,5,67,-1,78
9036690,69,31,3,75
9037200,91,75,-1,76
9037710,29,37,-3,79
9038220,63,101,1,78
9038730,91,60,-3,81
9039240,11,80,-3,84
9039750,75,44,3,81
9040260,97,47,-1,82
9040770,93,50,8,74
9041280,13,53,-12,86
9041790,77,15,10,76
9042300,13,27,5,71
9042810,8,91,-4,75
9043320,16,50,-4,79
9043830,80,12,5,74
9044340,97,24,4,70
9044850,17,95,-7,77
9045360,25,35,-8,85
9045870,13,59,5,80
9046380,77,24,5,75
9046890,99,68,-1,76
9047400,34,88,-5,81
9047910,35,36,-3,84
9048420,69,100,5,79
9048930,97,71,0,79
9049440,17,72,0,79
9049950,81,37,3,76
9050460,1,81,3,73
9050970,65,45,-4,77
9051480,6,7,-4,81
9051990,5,18,4,77
9052500,69,82,-4,81
9053010,83,53,2,79
9053520,3,56,-6,85
9054030,67,7,14,71
9054540,3,19,-1,72
9055050,67,20,-12,84
9055560,4,64,2,82
9056070,68,28,8,74
9056580,90,72,-2,76
9057090,10,34,-2,78
9057600,74,98,1,77
9058110,51,69,-1,78
9058620,85,40,2,76
9059130,5,84,5,71
9059640,69,48,-5,76
9060150,6,51,-4,80
9060660,70,16,1,79
9061170,6,60,-3,82
9061680,70,11,7,75
9062190,71,82,2,73
9062700,48,53,-7,80
9063210,82,54,-4,84
9063720,2,57,6,78
9064230,66,21,-2,80
9064740,3,65,1,79
9065250,67,29,1,78
9065760,89,73,0,78
9066270,27,35,0,78
9066780,61,99,4,74
9067290,57,58,-13,87
9067800,91,20,17,70
9068310,11,91,-10,80
9068820,19,55,2,78
9069330,83,17,7,71
9069840,100,88,-2,73
9070350,82,34,0,73
9070860,2,78,-3,76
9071370,66,42,-1,77
9071880,96,45,-2,79
9072390,16,89,-1,80
9072900,27,54,2,78
9073410,91,16,10,68
9073920,70,28,-14,82
9074430,77,72,4,78
9074940,15,34,-3,81
9075450,79,98,4,77
9075960,56,69,1,76
9076470,33,40,-10,86
9076980,67,2,3,83
9077490,68,46,4,79
9078000,98,11,0,79
9078510,80,23,4,75
9079020,0,67,1,74
9079530,64,31,-2,76
9080040,86,75,6,70
9080550,69,37,-9,79
9081060,99,40,-1,80
9081570,19,3,0,80
9082080,20,28,-2,82
9082590,10,92,12,70
9083100,18,51,-9,79
9083610,82,13,9,70
9084120,99,25,-8,78
9084630,19,96,-2,80
9085140,27,61,5,75
9085650,91,23,-2,77
9086160,11,94,2,75
9086670,19,53,2,73
9087180,83,15,-6,79
9087690,100,27,4,75
9088200,20,98,-2,77
9088710,28,63,0,77
9089220,92,25,1,76
9089730,12,96,-4,80
9090240,20,61,3,77
9090750,84,23,-1,78
9091260,4,67,-1,79
9091770,68,31,0,79
9092280,90,75,4,75
9092790,99,37,-1,76
9093300,19,0,2,74
9093810,76,25,-5,79
9094320,98,69,-5,84
9094830,5,89,15,69
9095340,9,18,-7,76
9095850,4,82,-3,79
9096360,68,46,-12,91
9096870,0,8,6,85
9097380,11,45,6,79
9097890,75,7,5,74
9098400,59,19,-6,80
9098910,20,56,-4,84
9099420,84,18,10,74
9099930,12,89,-4,78
9100440,20,54,-3,81
9100950,84,16,17,64
9101460,101,87,-11,75
9101970,39,49,-5,80
9102480,73,50,-4,84
9102990,87,12,10,74
9103500,69,24,-3,77
9104010,76,68,-1,78
9104520,8,30,0,78
9105030,72,94,-2,80
9105540,49,65,-4,84
9106050,83,36,4,80
9106560,3,80,3,77
9107070,30,44,-5,82
9107580,64,6,1,81
9108090,65,18,4,77
9108600,72,83,0,77
9109110,49,54,-6,83
9109620,83,16,6,77
9110130,100,87,1,76
9110640,82,52,-2,78
9111150,2,55,3,75
9111660,66,19,1,74
9112170,73,84,-3,77
9112680,50,55,-6,83
9113190,84,17,12,71
9113700,88,88,-8,79
9114210,26,50,1,78
9114720,14,12,-6,84
9115230,9,76,1,83
9115740,73,64,11,72
9116250,47,26,-17,89
9116760,48,37,8,81
9117270,82,101,7,74
9117780,59,72,-8,82
9118290,93,43,8,74
9118800,13,6,-2,76
9119310,14,70,-2,78
9119820,78,35,-2,80
9120330,100,79,2,78
9120840,20,41,0,78
9121350,84,3,9,69
9121860,66,15,-8,77
9122370,67,86,3,74
9122880,44,57,-10,84
9123390,78,19,12,72
9123900,6,90,-3,75
9124410,70,54,-14,89
9124920,2,16,13,76
9125430,66,80,4,72
9125940,43,51,-13,85
9126450,77,13,9,76
9126960,78,84,2,74
9127470,55,55,-5,79
9127980,89,17,0,79
9128490,4,88,4,75
9129000,68,52,-7,82
9129510,0,14,2,80
9130020,64,15,9,71
9130530,65,80,-10,81
9131040,99,51,3,78
9131550,19,54,1,77
9132060,83,16,7,70
9132570,87,87,-12,82
9133080,61,52,1,81
9133590,95,57,1,80
9134100,15,60,5,75
9134610,79,22,-4,79
9135120,101,93,3,76
9135630,83,55,-7,83
9136140,3,17,11,72
9136650,67,81,-5,77
9137160,44,52,-9,86
9137670,78,14,15,71
9138180,82,85,-5,76
9138690,59,50,-7,83
9139200,93,12,8,75
9139710,75,24,-4,79
9140220,82,89,-2,81
9140730,59,60,1,80
9141240,93,22,10,70
9141750,97,93,-7,77
9142260,79,58,-2,79
9142770,93,20,9,70
9143280,97,91,-7,77
9143790,18,56,-5,82
9144300,82,18,9,73
9144810,10,82,-8,81
9145320,74,46,-2,83
9145830,101,49,-1,84
9146340,21,52,6,78
9146850,85,14,5,73
9147360,67,85,-3,76
9147870,44,56,-6,82
9148380,78,92,4,78
9148890,55,63,-4,82
9149400,3,99,5,77
9149910,67,63,-6,83
9150420,81,25,8,75
9150930,1,96,3,72
9151440,5,60,-6,78
9151950,69,24,3,75
9152460,84,89,0,75
9152970,98,54,-5,80
9153480,18,57,1,79
9153990,23,77,-5,84
9154500,24,25,3,81
9155010,58,89,3,78
9155520,32,60,-1,79
9156030,96,22,5,74
9156540,100,93,-1,75
9157050,82,55,-8,83
9157560,91,58,4,79
9158070,11,61,-2,81
9158580,75,23,1,80
9159090,5,88,5,75
9159600,9,52,-2,77
9160110,1,14,-5,82
9160620,65,43,4,78
9161130,92,5,-1,79
9161640,74,76,1,78
9162150,88,41,-4,82
9162660,8,44,6,76
9163170,72,6,1,75
9163680,56,49,-9,84
9164190,90,11,8,76
9164700,72,23,2,74
9165210,2,94,-10,84
9165720,66,58,0,84
9166230,14,20,6,78
9166740,79,84,5,73
9167250,5,49,-6,79
9167760,69,11,5,74
9168270,70,82,0,74
9168780,47,53,-7,81
9169290,81,15,8,73
9169800,85,86,-9,82
9170310,99,48,3,79
9170820,19,51,-1,80
9171330,83,13,6,74
9171840,65,84,-12,86
9172350,13,55,9,77
9172860,77,17,7,70
9173370,5,88,-13,83
9173880,69,52,5,78
9174390,97,14,5,73
9174900,79,85,-9,82
9175410,5,47,4,78
9175920,69,9,3,75
9176430,70,80,-1,76
9176940,98,51,1,75
9177450,18,54,-1,76
9177960,82,16,7,69
9178470,86,87,-16,85
9178980,12,49,9,76
9179490,76,11,0,76
9180000,77,82,0,76
9180510,91,47,-5,81
9181020,11,50,3,78
9181530,75,12,-1,79
9182040,76,83,-2,81
9182550,2,54,-1,82
9183060,66,19,6,76
9183570,73,84,-2,78
9184080,9,55,-4,82
9184590,73,17,5,77
9185100,1,88,-3,80
9185610,65,52,-2,82
9186120,13,14,6,76
9186630,77,78,1,75
9187140,3,43,-2,77
9187650,67,96,0,77
9188160,95,67,-1,78
9188670,2,29,-1,79
9189180,66,93,4,75
9189690,94,64,-10,85
9190200,1,26,5,80
9190710,65,90,9,71
9191220,93,61,-17,88
9191730,0,26,11,77
9192240,64,90,3,74
9192750,92,61,-5,79
9193260,101,23,4,75
9193770,29,94,-10,85
9194280,93,42,8,77
9194790,13,45,-6,83
9195300,77,7,7,76
9195810,78,78,-1,77
9196320,4,40,-4,81
9196830,68,2,7,74
9197340,69,73,-11,85
9197850,17,35,8,77
9198360,81,99,0,77
9198870,58,70,-2,79
9199380,6,41,-5,84
9199890,70,3,5,79
9200400,71,74,0,79
9200910,99,36,-2,81
9201420,19,5,3,78
9201930,20,30,-7,85
9202440,84,94,5,80
9202950,10,65,-1,81
9203460,74,16,7,74
9203970,2,87,-4,78
9204480,84,51,-2,80
9204990,4,54,0,80
9205500,68,5,3,77
9206010,69,76,-6,83
9206520,17,38,1,82
9207030,81,0,4,78
9207540,82,44,-6,84
9208050,2,47,3,81
9208560,66,100,5,76
9209070,93,71,-10,86
9209580,0,33,12,74
9210090,64,51,-5,79
9210600,98,13,3,76
9211110,80,25,2,74
9211620,8,96,-4,78
9212130,72,51,-4,82
9212640,91,13,11,71
9213150,73,84,-3,74
9213660,101,55,-10,84
9214170,21,58,7,77
9214680,85,20,5,72
9215190,13,91,-6,78
9215700,40,46,-2,80
9216210,74,8,4,76
9216720,75,79,0,76
9217230,23,44,-3,79
9217740,87,6,6,73
9218250,69,18,-7,80
9218760,76,41,1,79
9219270,98,44,-2,81
9219780,18,7,1,80
9220290,19,18,-2,82
9220800,53,82,3,79
9221310,1,53,-2,81
9221820,65,17,5,76
9222330,72,88,-2,78
9222840,20,59,-4,82
9223350,84,21,10,72
9223860,12,92,-12,84
9224370,39,47,0,84
9224880,73,9,8,76
9225390,74,21,0,76
9225900,81,92,-2,78
9226410,6,63,-8,86
9226920,70,14,10,76
9227430,71,85,-2,78
9227940,19,56,-3,81
9228450,83,18,2,79
9228960,87,89,4,75
9229470,61,54,-10,85
9229980,95,16,10,75
9230490,80,28,1,74
9231000,8,72,-14,88
9231510,72,27,14,74
9232020,79,71,-6,80
9232530,11,33,1,79
9233040,75,97,3,76
9233550,52,68,-6,82
9234060,86,39,2,80
9234570,6,2,1,79
9235080,7,27,-2,81
9235590,71,91,6,75
9236100,19,62,-6,81
9236610,83,24,5,76
9237120,90,95,1,75
9237630,73,57,-11,86
9238140,5,19,9,77
9238650,69,83,2,75
9239160,17,54,-4,79
9239670,81,16,9,70
9240180,85,87,-3,73
9240690,6,49,-8,81
9241200,70,0,9,72
9241710,71,12,-1,73
9242220,7,83,-10,83
9242730,71,38,6,77
9243240,101,41,2,75
9243750,21,28,-2,77
9244260,85,92,2,75
9244770,6,57,-10,85
9245280,70,8,8,77
9245790,71,20,-1,78
9246300,78,91,1,77
9246810,3,62,-4,81
9247320,67,13,6,75
9247830,68,84,-1,76
9248340,16,55,-3,79
9248850,80,17,4,75
9249360,84,88,-4,79
9249870,5,50,-7,86
9250380,69,1,15,71
9250890,70,45,-10,81
9251400,97,7,8,73
9251910,79,19,-3,76
9252420,83,90,-1,77
9252930,60,61,-5,82
9253440,8,23,1,81
9253950,72,87,-2,83
9254460,20,58,4,79
9254970,84,20,5,74
9255480,88,91,-6,80
9255990,71,53,0,80
9256500,3,15,4,76
9257010,67,16,-1,77
9257520,74,81,0,77
9258030,22,46,-1,78
9258540,86,8,4,74
9259050,70,20,-4,78
9259560,77,85,-1,79
9260070,2,56,2,77
9260580,66,7,-3,80
9261090,67,19,3,77
9261600,74,84,-5,82
9262110,22,46,3,79
9262620,86,8,3,76
9263130,70,20,-5,81
9263640,77,85,4,77
9264150,54,47,-2,79
9264660,88,9,9,70
9265170,72,21,-8,78
9265680,79,86,-1,79
9266190,27,51,-1,80
9266700,91,13,5,75
9267210,92,25,-3,78
9267720,96,96,8,70
9268230,17,61,-13,83
9268740,62,23,3,80
9269250,3,32,2,78
9269760,67,96,-5,83
9270270,15,67,-4,87
9270780,79,29,9,78
9271290,86,73,2,76
9271800,7,35,-3,79
9272310,71,99,4,75
9272820,60,70,-9,84
9273330,8,32,6,78
9273840,72,96,-3,81
9274350,100,67,0,81
9274860,7,32,-2,83
9275370,71,96,11,72
9275880,60,67,-13,85
9276390,8,29,6,79
9276900,72,93,4,75
9277410,49,64,-11,86
9277920,99,35,11,75
9278430,19,76,-4,79
9278940,83,13,3,76
9279450,84,25,2,74
9279960,91,90,-3,77
9280470,12,52,-4,81
9280980,76,14,9,72
9281490,80,26,-5,77
9282000,87,91,5,72
9282510,8,56,-7,79
9283020,72,7,5,74
9283530,56,19,-11,85
9284040,15,28,0,85
9284550,79,92,5,80
9285060,27,63,0,80
9285570,91,25,4,76
9286080,95,96,-2,78
9286590,16,58,-7,85
9287100,80,20,8,77
9287610,87,91,6,71
9288120,8,56,-7,78
9288630,72,7,5,73
9289140,56,19,-9,82
9289650,99,28,8,74
9290160,19,99,0,74
9290670,46,54,-7,81
9291180,96,16,9,72
9291690,78,28,-5,77
9292200,85,93,-8,85
9292710,6,64,6,79
9293220,71,15,2,77
9293730,75,80,2,75
9294240,1,42,-4,79
9294750,65,95,4,75
9295260,13,14,-5,80
9295770,12,78,-1,81
9296280,16,33,3,78
9296790,68,97,6,72
9297300,91,68,-3,75
9297810,100,30,0,75
9298320,20,101,-11,86
9298830,47,56,3,83
9299340,97,18,11,72
9299850,79,30,-6,78
9300360,101,74,-5,83
9300870,8,36,8,75
9301380,72,100,3,72
9301890,95,71,-12,84
9302400,2,33,4,80
9302910,66,97,5,75
9303420,94,68,-7,82
9303930,1,30,3,79
9304440,65,94,1,78
9304950,93,65,-5,83
9305460,0,27,8,75
9305970,64,80,-3,78
9306480,12,51,0,78
9306990,76,13,-2,80
9307500,77,25,-5,85
9308010,84,90,13,72
9308520,5,55,-12,84
9309030,69,6,10,74
9309540,70,18,-2,76
9310050,77,83,3,73
9310560,100,54,-10,83
9311070,20,53,-1,84
9311580,84,15,12,72
9312090,88,86,3,69
9312600,9,56,-10,79
9313110,73,18,4,75
9313620,77,83,-4,79
9314130,100,48,5,74
9314640,20,47,-6,80
9315150,84,9,9,71
9315660,66,21,-7,78
9316170,73,86,2,76
9316680,101,57,-5,81
9317190,21,56,-1,82
9317700,85,18,11,71
9318210,89,89,-3,74
9318720,10,51,-2,76
9319230,74,13,4,72
9319740,25,25,-7,79
9320250,59,89,6,73
9320760,87,60,-8,81
9321270,96,92,2,79
9321780,17,54,3,76
9322290,81,16,-2,78
9322800,85,81,-4,82
9323310,6,43,0,82
9323820,70,96,7,75
9324330,93,67,-7,82
9324840,0,29,10,72
9325350,64,93,-7,79
9325860,12,12,2,77
9326370,16,76,-5,82
9326880,80,31,1,81
9327390,8,30,1,80
9327900,72,94,0,80
9328410,20,65,-3,83
9328920,84,27,6,77
9329430,12,92,-2,79
9329940,39,47,0,79
9330450,89,9,2,77
9330960,71,21,-4,81
9331470,78,86,3,78
9331980,101,51,-4,82
9332490,21,50,-1,83
9333000,85,12,9,74
9333510,67,24,-2,76
9334020,99,89,3,73
9334530,20,51,-7,80
9335040,84,13,3,77
9335550,66,25,3,74
9336060,73,90,-4,78
9336570,101,61,-9,87
9337080,8,60,10,77
9337590,72,15,2,75
9338100,79,80,-7,82
9338610,93,42,5,77
9339120,13,41,-2,79
9339630,77,26,5,74
9340140,7,70,-5,79
9340650,71,25,2,77
9341160,1,90,-2,79
9341670,28,45,-3,82
9342180,62,7,3,79
9342690,17,19,-1,80
9343200,101,83,9,71
9343710,8,45,-5,76
9344220,72,7,3,73
9344730,56,19,-8,81
9345240,99,28,0,81
9345750,29,40,-1,82
9346260,63,2,7,75
9346770,18,14,-6,81
9347280,0,78,1,80
9347790,64,36,-3,83
9348300,5,35,0,83
9348810,69,99,7,76
9349320,92,70,-4,80
9349830,101,32,4,76
9350340,29,31,-7,83
9350850,63,95,7,76
9351360,86,14,2,74
9351870,68,26,3,71
9352380,100,70,-8,79
9352890,7,32,2,77
9353400,71,96,0,77
9353910,94,67,0,77
9354420,1,29,-1,78
9354930,16,93,6,72
9355440,20,48,-11,83
9355950,84,10,3,80
9356460,66,22,0,80
9356970,7,66,-5,85
9357480,71,21,7,78
9357990,1,65,-4,82
9358500,65,20,6,76
9359010,97,64,3,73
9359520,4,26,-7,80
9360030,68,90,4,76
9360540,91,61,-3,79
9361050,100,26,5,74
9361560,30,38,-8,82
9362070,64,0,7,75
9362580,19,12,-4,79
9363090,1,23,3,76
9363600,65,87,-1,77
9364110,93,58,-3,80
9364620,0,23,6,74
9365130,64,87,-5,79
9365640,92,58,3,76
9366150,101,23,-3,79
9366660,31,35,-4,83
9367170,65,99,6,77
9367680,88,70,-1,78
9368190,97,32,1,77
9368700,27,73,-2,79
9369210,91,35,2,77
9369720,19,79,-1,78
9370230,83,16,3,75
9370740,87,28,2,73
9371250,17,72,-9,82
9371760,81,79,0,82
9372270,2,41,3,79
9372780,80,94,4,75
9373290,1,65,-5,80
9373800,65,30,-2,82
9374310,6,97,3,79
9374820,70,52,-8,87
9375330,11,14,12,75
9375840,15,78,-2,77
9376350,79,33,3,74
9376860,35,77,-7,81
9377370,99,44,5,76
9377880,19,43,-6,82
9378390,83,5,13,69
9378900,65,17,-4,73
9379410,6,61,-11,84
9379920,70,12,7,77
9380430,6,56,-1,78
9380940,70,7,0,78
9381450,71,19,-6,84
9381960,12,63,-1,85
9382470,76,70,0,85
9382980,90,88,12,73
9383490,11,53,-3,76
9384000,75,15,2,74
9384510,3,27,-7,81
9385020,67,91,7,74
9385530,95,62,-8,82
9386040,2,27,5,77
9386550,84,91,3,74
9387060,5,56,-6,80
9387570,69,21,0,80
9388080,101,65,0,80
9388590,8,73,4,76
9389100,72,28,-1,77
9389610,2,72,-1,78
9390120,66,27,-4,82
9390630,98,94,0,82
9391140,19,59,-1,83
9391650,83,21,4,79
9392160,13,65,-3,82
9392670,77,72,0,82
9393180,100,34,6,76
9393690,28,33,2,74
9394200,75,97,-3,77
9394710,52,68,-6,83
9395220,0,39,3,80
9395730,64,92,4,76
9396240,92,63,4,72
9396750,101,28,-2,74
9397260,31,40,-5,79
9397770,65,2,7,72
9398280,20,46,-6,78
9398790,84,8,1,77
9399300,66,20,4,73
9399810,7,64,-10,83
9400320,71,19,6,77
9400830,1,63,1,76
9401340,65,28,-7,83
9401850,6,95,9,74
9402360,33,50,-11,85
9402870,67,12,9,76
9403380,68,24,-3,79
9403890,9,68,-4,83
9404400,73,23,8,75
9404910,3,67,-6,81
9405420,67,22,3,78
9405930,8,66,-3,81
9406440,72,21,3,78
9406950,2,65,-1,79
9407460,66,20,7,72
9407970,98,64,-9,81
9408480,5,29,1,80
9408990,69,93,8,72
9409500,92,64,-4,76
9410010,101,29,5,71
9410520,31,41,-11,82
9411030,65,3,9,73
9411540,20,47,-6,79
9412050,84,9,1,78
9412560,66,21,2,76
9413070,98,65,-2,78
9413580,5,30,-2,80
9414090,69,94,6,74
9414600,97,65,-14,88
9415110,4,30,7,81
9415620,68,94,9,72
9416130,45,65,-11,83
9416640,95,66,7,76
9417150,55,31,-4,80
9417660,74,42,-4,84
9418170,83,53,1,83
9418680,92,18,8,75
9419190,74,30,-4,79
9419700,4,74,-1,80
9420210,68,29,-3,83
9420720,98,96,9,74
9421230,19,61,-11,85
9421740,83,23,11,74
9422250,13,67,-6,80
9422760,77,22,6,74
9423270,5,66,-6,80
9423780,69,21,4,76
9424290,101,65,-8,84
9424800,8,30,5,79
9425310,72,94,2,77
9425820,49,65,-4,81
9426330,99,36,6,75
9426840,19,80,-7,82
9427350,83,17,7,75
9427860,87,29,1,74
9428370,15,73,-3,77
9428880,79,28,3,74
9429390,7,72,-6,80
9429900,71,27,3,77
9430410,1,71,-2,79
9430920,65,26,-2,81
9431430,95,70,0,81
9431940,2,35,4,77
9432450,66,99,0,77
9432960,89,70,0,77
9433470,98,32,-2,79
9433980,26,27,-1,80
9434490,8,38,-3,83
9435000,72,0,8,75
9435510,27,44,-13,88
9436020,61,6,9,79
9436530,62,50,0,79
9437040,81,12,-1,80
9437550,82,24,7,73
9438060,10,68,-7,80
9438570,74,23,0,80
9439080,4,67,-3,83
9439590,68,22,8,75
9440100,100,66,-4,79
9440610,7,31,1,78
9441120,71,95,-2,80
9441630,99,66,-9,89
9442140,6,31,9,80
9442650,70,95,8,72
9443160,93,14,2,70
9443670,75,26,-5,75
9444180,5,70,-6,81
9444690,69,25,2,79
9445200,99,69,2,77
9445710,6,34,-2,79
9446220,70,98,3,76
9446730,93,17,-2,78
9447240,75,29,-3,81
9447750,3,73,4,77
9448260,67,28,-2,79
9448770,97,72,5,74
9449280,4,80,-4,78
9449790,68,35,-8,86
9450300,98,79,14,72
9450810,5,87,-7,79
9451320,9,42,-2,81
9451830,73,4,10,71
9452340,55,48,-12,83
9452850,74,10,4,79
9453360,75,54,-2,81
9453870,89,16,8,73
9454380,93,28,-3,76
9454890,21,72,-6,82
9455400,22,27,0,82
9455910,56,91,6,76
9456420,4,62,-6,82
9456930,68,17,7,75
9457440,98,61,-5,80
9457950,5,26,-3,83
9458460,69,90,3,80
9458970,97,61,4,76
9459480,17,60,-7,83
9459990,81,15,8,75
9460500,60,59,-8,83
9461010,74,21,8,75
9461520,2,65,-5,80
9462030,66,20,2,78
9462540,98,64,-2,80
9463050,5,72,-2,82
9463560,69,27,7,75
9464070,99,71,-3,78
9464580,6,36,-6,84
9465090,70,100,8,76
9465600,93,19,1,75
9466110,21,63,-5,80
9466620,22,25,0,80
9467130,56,89,7,73
9467640,84,60,-5,78
9468150,93,25,1,77
9468660,21,69,-1,78
9469170,19,24,2,76
9469680,23,88,-6,82
9470190,27,43,0,82
9470700,61,5,6,76
9471210,62,49,-4,80
9471720,81,11,9,71
9472230,63,55,-12,83
9472740,77,17,11,72
9473250,5,61,-11,83
9473760,69,16,7,76
9474270,99,60,-4,80
9474780,19,59,2,78
9475290,83,14,1,77
9475800,11,26,-5,82
9476310,15,90,5,77
9476820,19,45,0,77
9477330,83,7,3,74
9477840,65,19,-6,80
9478350,95,63,0,80
9478860,15,28,-2,82
9479370,19,92,5,77
9479880,23,47,-5,82
9480390,0,9,5,77
9480900,11,10,-2,79
9481410,15,21,-4,83
9481920,19,85,1,82
9482430,23,40,-1,83
9482940,27,2,-3,86
9483450,28,27,3,83
9483960,62,91,4,79
9484470,85,62,-1,80
9484980,94,27,2,78
9485490,22,71,-1,79
9486000,26,26,-5,84
9486510,30,63,3,81
9487020,64,30,-1,82
9487530,94,53,3,79
9488040,14,52,-2,81
9488550,78,59,-1,82
9489060,87,21,9,73
9489570,15,65,-9,82
9490080,79,72,3,79
9490590,0,34,-1,80
9491100,64,67,-8,88
9491610,78,78,11,77
9492120,101,43,-2,79
9492630,21,42,-3,82
9493140,25,4,5,77
9493650,82,29,3,74
9494160,10,73,-9,83
9494670,74,28,9,74
9495180,2,72,-5,79
9495690,6,27,0,79
9496200,70,91,0,79
9496710,93,62,-7,86
9497220,13,27,5,81
9497730,17,91,-1,82
9498240,21,46,1,81
9498750,85,8,8,73
9499260,67,20,-3,76
9499770,97,64,-11,87
9500280,17,29,8,79
9500790,3,93,3,76
9501300,7,48,-6,82
9501810,71,3,6,76
9502320,55,47,-11,87
9502830,74,9,18,69
9503340,2,53,-9,78
9503850,66,8,-1,79
9504360,96,52,-2,81
9504870,16,51,2,79
9505380,80,13,2,77
9505890,8,78,-3,80
9506400,12,33,-2,82
9506910,76,97,8,74
9507420,99,68,-2,76
9507930,19,33,-6,82
9508440,23,97,1,81
9508950,27,52,-1,82
9509460,61,14,6,76
9509970,91,79,-6,82
9510480,12,44,3,79
9510990,76,6,6,73
9511500,60,50,-12,85
9512010,99,12,9,76
9512520,81,24,-1,77
9513030,9,68,-7,84
9513540,73,23,7,77
9514050,1,67,-5,82
9514560,65,58,-3,85
9515070,88,20,8,77
9515580,16,85,-7,84
9516090,20,40,2,82
9516600,84,2,7,75
9517110,68,14,-1,76
9517620,98,58,-5,81
9518130,18,57,3,78
9518640,82,19,0,78
9519150,10,84,-4,82
9519660,14,39,3,79
9520170,78,1,3,76
9520680,62,45,0,76
9521190,81,7,4,72
9521700,65,19,-8,80
9522210,95,28,6,74
9522720,15,69,-8,82
9523230,79,24,1,81
9523740,7,68,2,79
9524250,71,23,1,78
9524760,101,67,-3,81
9525270,21,32,-2,83
9525780,25,96,5,78
9526290,29,51,-2,80
9526800,63,13,1,79
9527310,93,78,0,79
9527820,14,40,4,75
9528330,78,2,2,73
9528840,62,46,-7,80
9529350,81,8,9,71
9529860,9,73,-5,76
9530370,73,28,-6,82
9530880,95,72,9,73
9531390,15,37,-6,79
9531900,19,101,4,75
9532410,23,56,-8,83
9532920,24,18,3,80
9533430,28,29,-1,81
9533940,62,93,2,79
9534450,85,72,-1,80
9534960,6,34,0,80
9535470,70,98,4,76
9535980,93,77,-1,77
9536490,14,39,-5,82
9537000,78,1,13,69
9537510,62,45,-15,84
9538020,101,7,1,83
9538530,83,72,2,81
9539040,66,34,0,81
9539550,96,45,3,78
9540060,16,44,2,76
9540570,80,6,-1,77
9541080,64,18,2,75
9541590,94,83,1,74
9542100,15,94,-3,77
9542610,19,49,1,76
9543120,23,11,-4,80
9543630,78,22,9,71
9544140,6,63,-5,76
9544650,70,18,-2,78
9545160,100,83,1,77
9545670,20,45,-1,78
9546180,24,7,0,78
9546690,25,18,0,78
9547200,29,82,-6,84
9547710,30,37,1,83
9548220,64,101,11,72
9548730,87,80,-2,74
9549240,8,42,-8,82
9549750,72,4,11,71
9550260,56,69,-12,83
9550770,4,48,4,79
9551280,68,3,10,69
9551790,52,68,-9,78
9552300,0,47,-2,80
9552810,64,2,7,73
9553320,48,46,-16,89
9553830,46,8,3,86
9554340,1,33,4,82
9554850,65,90,8,74
9555360,42,69,-8,82
9555870,19,48,-2,84
9556380,83,10,9,75
9556890,67,75,-9,84
9557400,44,86,1,83
9557910,21,65,3,80
9558420,85,27,2,78
9558930,5,92,4,74
9559440,9,47,-6,80
9559950,73,9,2,78
9560460,57,74,2,76
9560970,34,53,-10,86
9561480,68,32,6,80
9561990,98,31,3,77
9562500,18,72,-1,78
9563010,22,27,-4,82
9563520,26,91,-3,85
9564030,30,46,1,84
9564540,64,8,9,75
9565050,19,73,-3,78
9565560,83,28,1,77
9566070,11,93,1,76
9566580,15,48,1,75
9567090,79,10,3,72
9567600,7,75,-9,81
9568110,71,54,-5,86
9568620,8,16,3,83
9569130,12,80,0,83
9569640,76,35,0,83
9570150,98,34,3,80
9570660,18,75,-1,81
9571170,82,30,6,75
9571680,10,95,-8,83
9572190,14,50,4,79
9572700,78,12,10,69
9573210,82,77,-14,83
9573720,3,25,2,81
9574230,67,89,8,73
9574740,44,60,-10,83
9575250,78,39,4,79
9575760,100,38,0,79
9576270,20,79,-2,81
9576780,84,34,6,75
9577290,4,99,-4,79
9577800,8,54,-3,82
9578310,72,9,9,73
9578820,56,74,-6,79
9579330,33,53,-4,83
9579840,67,15,1,82
9580350,22,80,-7,89
9580860,86,35,16,73
9581370,6,76,-4,77
9581880,70,31,-1,78
9582390,92,75,2,76
9582900,75,37,-6,82
9583410,97,48,-2,84
9583920,17,47,1,83
9584430,81,9,9,74
9584940,65,74,-4,78
9585450,88,53,-4,82
9585960,8,52,-3,85
9586470,72,7,9,76
9586980,56,72,-5,81
9587490,33,51,0,81
9588000,67,30,2,79
9588510,97,41,0,79
9589020,17,36,3,76
9589530,81,100,1,75
9590040,58,89,-4,79
9590550,81,68,-1,80
9591060,2,30,1,79
9591570,66,63,-5,84
9592080,7,25,3,81
9592590,6,89,5,76
9593100,10,44,-7,83
9593610,74,6,10,73
9594120,58,71,-7,80
9594630,35,50,0,80
9595140,69,12,2,78
9595650,73,77,-2,80
9596160,96,39,7,73
9596670,16,2,-4,77
9597180,73,13,0,77
9597690,77,78,3,74
9598200,100,89,-5,79
9598710,21,51,2,77
9599220,100,13,0,77
9599730,2,78,-2,79
9600240,6,33,1,78
9600750,70,97,6,72
9601260,93,16,-2,74
9601770,97,81,-3,77
9602280,18,43,-5,82
9602790,22,5,1,81
9603300,79,16,4,77
9603810,83,81,-2,79
9604320,4,92,5,74
9604830,8,47,-9,83
9605340,72,2,8,75
9605850,27,46,-9,84
9606360,61,8,6,78
9606870,62,73,-3,81
9607380,10,44,3,78
9607890,74,6,4,74
9608400,58,71,-11,85
9608910,92,50,-1,86
9609420,12,49,4,82
9609930,76,11,8,74
9610440,80,76,-5,79
9610950,1,87,2,77
9611460,5,42,-4,81
9611970,69,4,8,73
9612480,53,48,-12,85
9612990,87,10,13,72
9613500,91,75,-3,75
9614010,12,37,-5,80
9614520,11,101,4,76
9615030,15,56,-5,81
9615540,79,11,8,73
9616050,83,76,-7,80
9616560,66,38,-4,84
9617070,7,49,-1,85
9617580,71,4,13,72
9618090,55,48,-11,83
9618600,89,10,11,72
9619110,71,75,-8,80
9619620,3,86,3,77
9620130,7,41,-4,81
9620640,71,3,5,76
9621150,26,47,-7,83
9621660,60,9,8,75
9622170,61,74,-7,82
9622680,9,45,-5,87
9623190,73,7,10,77
9623700,57,51,-6,83
9624210,91,13,9,74
9624720,95,78,-4,78
9625230,15,40,-4,82
9625740,79,2,11,71
9626250,34,46,-12,83
9626760,68,82,4,79
9627270,45,71,-3,82
9627780,79,60,1,81
9628290,0,22,1,80
9628800,64,55,-8,88
9629310,5,17,7,81
9629820,4,81,3,78
9630330,8,36,-1,79
9630840,72,100,-3,82
9631350,49,19,-2,84
9631860,24,30,0,84
9632370,58,94,15,69
9632880,32,34,-13,82
9633390,66,98,5,77
9633900,40,38,-7,84
9634410,74,0,5,79
9634920,29,44,-7,86
9635430,63,6,5,81
9635940,64,50,5,76
9636450,5,12,-2,78
9636960,9,76,-1,79
9637470,13,31,2,77
9637980,17,95,-5,82
9638490,21,50,1,81
9639000,100,12,1,80
9639510,2,77,3,77
9640020,6,32,3,74
9640530,70,96,1,73
9641040,47,85,-10,83
9641550,24,64,2,81
9642060,28,26,1,80
9642570,32,90,1,79
9643080,82,45,-7,86
9643590,2,44,9,77
9644100,66,77,-4,81
9644610,43,66,-5,86
9645120,77,45,5,81
9645630,99,44,-4,85
9646140,19,33,9,76
9646650,23,97,0,76
9647160,27,52,-8,84
9647670,61,14,7,77
9648180,99,79,2,75
9648690,19,74,-2,77
9649200,23,29,-2,79
9649710,9,93,5,74
9650220,13,48,-3,77
9650730,77,10,3,74
9651240,13,75,-7,81
9651750,17,30,5,76
9652260,21,94,-2,78
9652770,25,49,0,78
9653280,2,11,-4,82
9653790,1,48,-5,87
9654300,65,81,7,80
9654810,42,70,-7,87
9655320,76,49,5,82
9655830,98,11,6,76
9656340,0,76,-3,79
9656850,4,40,-1,80
9657360,68,84,9,71
9657870,45,73,-4,75
9658380,79,62,-2,77
9658890,101,24,-3,80
9659400,21,13,0,80
9659910,25,77,0,80
9660420,29,32,1,79
9660930,6,96,1,78
9661440,10,51,0,78
9661950,74,72,-1,79
9662460,6,34,-1,80
9662970,70,98,9,71
9663480,47,57,-17,88
9663990,81,19,17,71
9664500,85,84,-3,74
9665010,68,95,0,74
9665520,45,84,-3,77
9666030,22,73,-8,85
9666540,86,80,4,81
9667050,95,42,8,73
9667560,15,37,-7,80
9668070,19,101,-2,82
9668580,23,56,0,82
9669090,27,18,2,80
9669600,31,29,-4,84
9670110,65,93,6,78
9670620,42,82,-4,82
9671130,19,89,5,77
9671640,83,44,1,76
9672150,3,43,-4,80
9672660,67,5,1,79
9673170,3,49,-1,80
9673680,67,13,-1,81
9674190,8,78,3,78
9674700,12,33,1,77
9675210,76,97,2,75
9675720,53,86,-2,77
9676230,30,75,-2,79
9676740,31,39,-3,82
9677250,65,1,6,76
9677760,1,45,1,75
9678270,65,78,-7,82
9678780,13,67,5,77
9679290,77,74,-6,83
9679800,9,85,8,75
9680310,13,40,-2,77
9680820,77,2,2,75
9681330,13,46,-4,79
9681840,77,8,-3,82
9682350,13,73,1,81
9682860,77,81,4,77
9683370,54,68,-1,78
9683880,88,57,-1,79
9684390,47,59,-2,81
9684900,81,48,-4,85
9685410,1,47,6,79
9685920,65,43,-4,83
9686430,6,54,3,80
9686940,70,61,-4,84
9687450,2,23,10,74
9687960,66,87,-2,76
9688470,43,76,-10,86
9688980,20,65,9,77
9689490,84,27,-2,79
9690000,4,68,0,79
9690510,68,32,1,78
9691020,90,31,1,77
9691530,10,72,-4,81
9692040,74,27,5,76
9692550,96,68,0,76
9693060,16,63,-3,79
9693570,80,70,-6,85
9694080,1,32,11,74
9694590,65,96,1,73
9695100,61,85,-7,80
9695610,38,74,-1,81
9696120,15,81,-3,84
9696630,79,88,6,78
9697140,56,77,0,78
9697650,33,66,-3,81
9698160,10,28,-4,85
9698670,9,92,9,76
9699180,13,47,-6,82
9699690,77,9,6,76
9700200,13,74,-6,82
9700710,77,81,0,82
9701220,100,92,3,79
9701730,21,54,2,77
9702240,100,16,1,76
9702750,2,81,-1,77
9703260,66,45,-8,85
9703770,7,7,5,80
9704280,6,71,1,79
9704790,70,35,-3,82
9705300,16,34,-3,85
9705810,20,98,6,79
9706320,24,3,3,76
9706830,81,28,0,76
9707340,1,69,-3,79
9707850,65,33,-6,85
9708360,6,44,2,83
9708870,70,6,10,73
9709380,6,18,-4,77
9709890,5,82,3,74
9710400,9,46,-7,81
9710910,73,8,8,73
9711420,9,73,-9,82
9711930,73,80,3,79
9712440,50,69,-8,87
9712950,84,31,8,79
9713460,4,30,0,79
9713970,68,94,1,78
9714480,45,83,-7,85
9714990,22,90,4,81
9715500,26,97,6,75
9716010,27,2,-13,88
9716520,84,27,15,73
9717030,4,68,-8,81
9717540,68,30,-2,83
9718050,9,41,3,80
9718560,73,3,6,74
9719070,9,68,-7,81
9719580,73,75,6,75
9720090,96,37,-1,76
9720600,16,26,-9,85
9721110,2,90,5,80
9721620,6,54,2,78
9722130,70,16,1,77
9722640,6,81,0,77
9723150,10,45,-1,78
9723660,74,7,4,74
9724170,10,72,-9,83
9724680,74,79,3,80
9725190,51,68,-1,81
9725700,28,57,2,79
9726210,5,19,2,77
9726720,69,83,-2,79
9727230,46,72,-3,82
9727740,23,61,3,79
9728250,87,23,4,75
9728760,91,64,-5,80
9729270,11,26,1,79
9729780,15,90,0,79
9730290,19,45,-1,80
9730800,83,7,4,76
9731310,19,19,0,76
9731820,5,2,-2,78
9732330,9,13,-7,85
9732840,13,24,7,78
9733350,17,88,2,76
9733860,21,95,-3,79
9734370,25,0,-4,83
9734880,82,25,5,78
9735390,10,66,-5,83
9735900,74,28,4,79
9736410,81,27,1,78
9736920,88,26,7,71
9737430,16,15,-4,75
9737940,81,79,-4,79
9738450,2,41,2,77
9738960,66,3,2,75
9739470,2,47,-10,85
9739980,66,9,3,82
9740490,2,74,4,78
9741000,66,38,-5,83
9741510,7,37,3,80
9742020,71,101,4,76
9742530,67,90,-6,82
9743040,44,79,-5,87
9743550,40,68,1,86
9744060,36,57,-1,87
9744570,22,19,3,84
9745080,8,83,-1,85
9745590,72,47,4,81
9746100,9,9,2,79
9746610,8,20,0,79
9747120,7,84,4,75
9747630,11,48,3,72
9748140,75,10,-2,74
9748650,11,75,-9,83
9749160,75,82,-1,84
9749670,52,93,8,76
9750180,48,52,-12,88
9750690,25,14,-2,90
9751200,11,25,1,89
9751710,75,89,13,76
9752220,52,78,1,75
9752730,48,67,-7,82
9753240,82,56,-1,83
9753750,3,18,2,81
9754260,2,82,7,74
9754770,6,46,-7,81
9755280,70,8,8,73
9755790,6,20,-6,79
9756300,5,84,1,78
9756810,44,48,-4,82
9757320,78,10,12,70
9757830,14,22,-8,78
9758340,79,86,2,76
9758850,0,75,1,75
9759360,64,39,-13,88
9759870,1,50,10,78
9760380,65,57,-13,91
9760890,2,19,13,78
9761400,66,83,0,78
9761910,43,72,1,77
9762420,20,61,-2,79
9762930,84,23,6,73
9763440,12,13,-1,74
9763950,77,77,-4,78
9764460,100,39,-2,80
9764970,20,28,0,80
9765480,6,92,5,75
9765990,2,10,-6,81
9766500,21,47,2,79
9767010,25,9,-3,82
9767520,26,20,1,81
9768030,30,84,3,78
9768540,26,91,-3,81
9769050,90,98,3,78
9769560,73,69,-3,81
9770070,10,31,0,81
9770580,9,95,11,70
9771090,13,13,-10,80
9771600,78,77,1,79
9772110,15,98,0,79
9772620,23,53,3,76
9773130,0,15,-2,78
9773640,64,79,-4,82
9774150,41,50,1,81
9774660,75,12,-2,83
9775170,11,31,1,82
9775680,15,95,5,77
9776190,23,0,-7,84
9776700,80,25,10,74
9777210,8,24,-11,85
9777720,7,88,10,75
9778230,15,43,-3,78
9778740,79,5,5,73
9779250,15,49,-11,84
9779760,79,11,8,76
9780270,15,28,2,74
9780780,1,92,-4,78
9781290,84,10,-1,79
9781800,77,0,-2,81
9782310,13,44,1,80
9782820,77,6,5,75
9783330,13,23,-5,80
9783840,12,87,3,77
9784350,16,94,-1,78
9784860,24,101,-4,82
9785370,28,6,3,79
9785880,29,31,-2,81
9786390,63,95,9,72
9786900,59,84,-12,84
9787410,93,73,0,84
9787920,76,35,3,81
9788430,98,34,5,76
9788940,26,23,-2,78
9789450,15,87,-3,81
9789960,79,94,9,72
9790470,56,83,-7,79
9790980,33,72,1,78
9791490,29,79,-4,82
9792000,25,86,-3,85
9792510,89,93,8,77
9793020,66,82,-1,78
9793530,43,71,-5,83
9794040,20,60,1,82
9794550,84,22,5,77
9795060,12,63,0,77
9795570,76,70,-7,84
9796080,13,32,4,80
9796590,12,96,5,75
9797100,20,14,0,75
9797610,6,25,-2,77
9798120,70,89,0,77
9798630,47,78,-3,80
9799140,43,67,-4,84
9799650,77,56,-2,86
9800160,14,18,10,76
9800670,79,82,-9,85
9801180,16,93,8,77
9801690,12,100,1,76
9802200,16,18,0,76
9802710,20,82,-8,84
9803220,16,89,2,82
9803730,24,96,-1,83
9804240,80,1,5,78
9804750,62,28,1,77
9805260,69,27,-3,80
9805770,76,26,2,78
9806280,83,25,5,73
9806790,11,14,-8,81
9807300,10,78,6,75
9807810,74,40,-5,80
9808320,11,39,3,77
9808830,75,1,2,75
9809340,11,45,-5,80
9809850,62,7,1,79
9810360,100,101,3,76
9810870,21,90,-3,79
9811380,17,97,-5,84
9811890,25,2,-1,85
9812400,80,27,9,76
9812910,87,26,0,76
9813420,15,15,-5,81
9813930,1,79,-2,83
9814440,65,86,12,71
9814950,42,75,-7,78
9815460,19,64,-4,82
9815970,83,26,1,81
9816480,90,25,7,74
9816990,18,14,-3,77
9817500,4,78,0,77
9818010,0,85,6,71
9818520,4,49,-12,83
9819030,68,11,3,80
9819540,4,28,4,76
9820050,68,92,0,76
9820560,45,81,-1,77
9821070,41,70,-9,86
9821580,37,69,-2,88
9822090,33,58,0,88
9822600,67,20,8,80
9823110,74,19,5,75
9823620,81,18,6,69
9824130,9,35,-7,76
9824640,73,99,3,73
9825150,69,88,-3,76
9825660,46,77,0,76
9826170,42,66,-8,84
9826680,38,28,-11,95
9827190,27,92,1,94
9827700,91,99,5,89
9828210,77,88,8,81
9828720,54,77,1,80
9829230,31,66,-1,81
9829740,8,28,-1,82
9830250,7,92,7,75
9830760,15,47,-7,82
9831270,79,9,6,76
9831780,15,26,0,76
9832290,1,90,-6,82
9832800,5,54,0,82
9833310,69,61,-5,87
9833820,6,23,4,83
9834330,5,87,5,78
9834840,1,42,-4,82
9835350,65,4,5,77
9835860,1,48,-4,81
9836370,65,55,-2,83
9836880,2,17,9,74
9837390,66,81,-3,77
9837900,43,70,-6,83
9838410,77,41,3,80
9838920,99,40,9,71
9839430,19,29,-5,76
9839940,5,93,2,74
9840450,9,11,-6,80
9840960,74,75,-8,88
9841470,51,37,6,82
9841980,90,101,6,76
9842490,67,90,1,75
9843000,44,79,-10,85
9843510,40,68,-3,88
9844020,74,67,3,85
9844530,51,29,-7,92
9845040,90,40,13,79
9845550,10,39,-3,82
9846060,74,1,13,69
9846570,56,45,-17,86
9847080,95,7,7,79
9847590,77,24,3,76
9848100,84,23,0,76
9848610,12,40,-2,78
9849120,76,2,4,74
9849630,12,46,-9,83
9850140,76,8,4,79
9850650,12,25,-2,81
9851160,11,89,0,81
9851670,19,44,-1,82
9852180,23,6,2,80
9852690,5,31,-1,81
9853200,69,95,4,77
9853710,46,84,-6,83
9854220,42,73,4,79
9854730,38,62,-6,85
9855240,72,51,2,83
9855750,9,13,3,80
9856260,8,77,4,76
9856770,72,84,0,76
9857280,49,73,-12,88
9857790,45,62,1,87
9858300,31,61,-4,91
9858810,19,23,1,90
9859320,84,87,7,83
9859830,61,22,4,79
9860340,68,33,-3,82
9860850,5,32,-6,88
9861360,69,96,13,75
9861870,65,85,-3,78
9862380,42,74,-3,81
9862890,76,63,5,76
9863400,13,25,-2,78
9863910,12,89,-2,80
9864420,20,44,0,80
9864930,84,6,6,74
9865440,66,50,-9,83
9865950,3,12,3,80
9866460,2,49,-2,82
9866970,66,100,4,78
9867480,62,89,2,76
9867990,58,78,-1,77
9868500,35,67,-6,83
9869010,31,66,-4,87
9869520,95,28,10,77
9870030,51,17,-4,81
9870540,90,42,7,74
9871050,10,31,-3,77
9871560,74,95,0,77
9872070,51,84,1,76
9872580,47,73,-8,84
9873090,81,62,-7,91
9873600,18,57,10,81
9874110,82,19,7,74
9874620,18,36,-7,81
9875130,22,100,1,80
9875640,33,55,-7,87
9876150,67,44,11,76
9876660,4,43,-2,78
9877170,68,5,8,70
9877680,4,49,-8,78
9878190,68,56,-9,87
9878700,5,18,6,81
9879210,4,82,7,74
9879720,68,46,-7,81
9880230,5,45,-2,83
9880740,69,9,11,72
9881250,5,26,-13,85
9881760,4,90,6,79
9882270,12,54,2,77
9882780,76,16,4,73
9883290,12,33,-7,80
9883800,76,97,2,78
9884310,53,86,7,71
9884820,49,75,-8,79
9885330,45,64,-7,86
9885840,79,53,4,82
9886350,16,52,-3,85
9886860,80,14,9,76
9887370,16,31,-6,82
9887880,15,95,4,78
9888390,23,50,-2,80
9888900,11,12,3,77
9889410,10,76,2,75
9889920,74,31,-3,78
9890430,81,30,10,68
9890940,88,19,-5,73
9891450,16,8,-12,85
9891960,15,19,2,83
9892470,80,30,8,75
9892980,87,29,1,74
9893490,94,28,-1,75
9894000,3,17,-2,77
9894510,2,81,1,76
9895020,10,45,-5,81
9895530,74,7,2,79
9896040,10,51,-4,83
9896550,74,13,7,76
9897060,10,30,-7,83
9897570,9,94,1,82
9898080,17,49,-2,84
9898590,81,11,9,75
9899100,17,28,-3,78
9899610,6,92,-2,80
9900120,70,47,-4,84
9900630,7,46,10,74
9901140,71,8,-2,76
9901650,7,25,-6,82
9902160,47,89,5,77
9902670,24,60,-9,86
9903180,88,22,13,73
9903690,16,11,-8,81
9904200,15,22,-4,85
9904710,14,86,5,80
9905220,25,41,2,78
9905730,59,3,0,78
9906240,0,28,-2,80
9906750,64,92,2,78
9907260,60,91,-8,86
9907770,48,80,0,86
9908280,36,69,-2,88
9908790,24,40,-1,89
9909300,10,2,7,82
9909810,5,27,-1,83
9910320,69,91,9,74
9910830,58,80,0,74
9911340,27,69,-4,78
9911850,91,59,-5,83
9912360,28,54,-1,84
9912870,62,53,-1,85
9913380,101,15,5,80
9913890,83,4,7,73
9914400,65,16,-2,75
9914910,1,68,-2,77
9915420,65,32,-6,83
9915930,2,31,6,77
9916440,66,51,-9,86
9916950,3,13,0,86
9917460,14,50,8,78
9917970,78,12,7,71
9918480,14,29,-10,81
9918990,13,93,2,79
9919500,21,48,0,79
9920010,85,10,1,78
9920520,67,27,-1,79
9921030,74,31,5,74
9921540,81,30,1,73
9922050,88,29,0,73
9922560,95,18,0,73
9923070,77,7,-4,77
9923580,13,24,6,71
9924090,101,88,-5,76
9924600,22,83,-4,80
9925110,86,90,1,79
9925620,7,25,5,74
9926130,71,89,2,72
9926640,60,78,-10,82
9927150,29,67,-1,83
9927660,93,74,10,73
9928170,76,69,-5,78
9928680,13,68,-4,82
9929190,77,23,8,74
9929700,84,22,2,72
9930210,12,11,-8,80
9930720,11,75,-4,84
9931230,75,30,5,79
9931740,82,29,0,79
9932250,89,28,1,78
9932760,47,17,-7,85
9933270,65,42,9,76
9933780,2,41,-3,79
9934290,66,85,1,78
9934800,3,74,2,76
9935310,67,38,-2,78
9935820,4,37,-3,81
9936330,68,101,3,78
9936840,64,90,-2,80
9937350,33,79,-5,85
9937860,97,38,5,80
9938370,2,27,2,78
9938880,66,91,4,74
9939390,71,80,-1,75
9939900,8,69,-10,85
9940410,72,24,7,78
9940920,79,23,4,74
9941430,86,22,4,70
9941940,14,11,-9,79
9942450,0,22,-2,81
9942960,64,9,-3,84
9943470,0,34,3,81
9943980,64,98,7,74
9944490,60,87,-6,80
9945000,65,76,-1,81
9945510,2,65,-2,83
9946020,66,29,1,82
9946530,73,28,1,81
9947040,80,27,3,78
9947550,87,26,-2,80
9948060,94,25,10,70
9948570,22,20,-11,81
9949080,11,84,6,75
9949590,22,39,-4,79
9950100,10,1,2,77
9950610,9,26,-5,82
9951120,8,90,5,77
9951630,16,45,-6,83
9952140,80,7,8,75
9952650,62,24,-3,78
9953160,69,23,0,78
9953670,76,22,5,73
9954180,83,39,-3,76
9954690,3,34,-3,79
9955200,67,98,3,76
9955710,63,87,-4,80
9956220,32,76,-3,83
9956730,96,38,8,75
9957240,16,33,-8,83
9957750,15,97,7,76
9958260,26,56,-8,84
9958770,90,18,7,77
9959280,18,35,-3,80
9959790,17,99,-6,86
9960300,25,54,3,83
9960810,13,16,-4,87
9961320,12,80,8,79
9961830,23,35,0,79
9962340,11,99,-3,82
9962850,22,58,0,82
9963360,86,20,2,80
9963870,14,37,2,78
9964380,78,101,4,74
9964890,61,90,0,74
9965400,57,79,-7,81
9965910,26,68,-3,84
9966420,90,30,1,83
9966930,97,29,4,79
9967440,17,18,1,78
9967950,82,82,-2,80
9968460,3,93,3,77
9968970,11,11,3,74
9969480,76,75,-14,88
9969990,13,37,10,78
9970500,77,101,2,76
9971010,73,90,-1,77
9971520,69,79,-3,80
9972030,92,78,1,79
9972540,75,40,-3,82
9973050,12,39,2,80
9973560,76,1,6,74
9974070,12,28,-7,81
9974580,11,92,4,77
9975090,19,51,-5,82
9975600,83,13,8,74
9976110,19,30,-1,75
9976620,5,94,-3,78
9977130,14,58,1,77
9977640,78,20,2,75
9978150,65,37,-9,84
9978660,2,36,8,76
9979170,66,100,-1,77
9979680,89,79,4,73
9980190,72,41,-12,85
9980700,6,40,7,78
9981210,70,2,11,67
9981720,68,46,-17,84
9982230,5,8,3,81
9982740,4,72,5,76
9983250,68,34,-6,82
9983760,5,33,3,79
9984270,69,97,0,79
9984780,74,86,-2,81
9985290,70,85,4,77
9985800,7,74,-1,78
9986310,18,36,-3,81
9986820,3,100,7,74
9987330,11,18,-5,79
9987840,76,82,3,76
9988350,99,81,2,74
9988860,82,76,-5,79
9989370,65,38,1,78
9989880,2,37,2,76
9990390,66,101,3,73
9990900,71,80,-8,81
9991410,8,79,2,79
9991920,72,34,1,78
9992430,94,33,3,75
9992940,14,32,-3,78
9993450,0,96,7,71
9993960,8,14,-9,80
9994470,7,78,-3,83
9994980,71,85,2,81
9995490,8,56,-4,85
9996000,72,18,9,76
9996510,79,35,-4,80
9997020,101,30,5,75
9997530,21,25,-6,81
9998040,7,89,6,75
9998550,18,44,-4,79
9999060,82,6,1,78
9999570,64,18,1,77
10000080,71,43,-3,80
10000590,93,42,1,79
10001100,13,37,0,79
10001610,77,101,3,76
10002120,60,90,2,74
10002630,83,69,-9,83
10003140,4,28,10,73
10003650,68,92,-3,76
10004160,91,71,-7,83
10004670,11,33,5,78
10005180,75,97,0,78
10005690,71,86,5,73
10006200,94,75,-6,79
10006710,15,37,0,79
10007220,56,101,6,73
10007730,67,60,-7,80
10008240,4,22,2,78
10008750,68,86,0,78
10009260,91,75,3,75
10009770,12,37,-2,77
10010280,76,101,6,71
10010790,59,90,-10,81
10011300,55,69,-9,90
10011810,41,48,-5,95
10012320,30,10,3,92
10012830,41,35,14,78
10013340,52,99,-1,79
10013850,63,78,-2,81
10014360,0,67,2,79
10014870,64,54,-8,87
10015380,1,16,13,74
10015890,65,80,-7,81
10016400,2,69,-2,83
10016910,66,56,1,82
10017420,3,18,4,78
10017930,2,82,3,75
10018440,10,46,-8,83
10018950,74,8,9,74
10019460,10,20,-7,81
10019970,75,84,2,79
10020480,12,20,4,75
10020990,77,84,-2,77
10021500,100,20,5,72
10022010,56,15,-12,84
10022520,95,40,12,72
10023030,15,35,-6,78
10023540,79,99,6,72
10024050,84,35,-5,77
10024560,4,34,-3,80
10025070,68,98,8,72
10025580,73,88,-10,82
10026090,10,77,3,79
10026600,21,84,-3,82
10027110,85,21,10,72
10027620,92,38,-5,77
10028130,12,33,-4,81
10028640,76,97,2,79
10029150,81,33,0,79
10029660,1,28,1,78
10030170,65,92,8,70
10030680,70,82,-5,75
10031190,7,18,-2,77
10031700,6,82,3,74
10032210,14,41,-7,81
10032720,78,3,7,74
10033230,14,15,-8,82
10033740,13,79,2,80
10034250,24,16,0,80
10034760,63,80,-3,83
10035270,0,59,0,83
10035780,64,1,12,71
10036290,0,13,-6,77
10036800,101,0,-3,80
10037310,83,12,5,75
10037820,19,24,-6,81
10038330,5,88,2,79
10038840,69,47,-4,83
10039350,6,9,1,82
10039860,5,73,5,77
10040370,69,15,0,77
10040880,76,32,-1,78
10041390,98,27,-1,79
10041900,35,22,-7,86
10042410,74,33,11,75
10042920,96,32,-3,78
10043430,16,27,2,76
10043940,2,91,0,76
10044450,10,53,-5,81
10044960,74,15,6,75
10045470,81,27,0,75
10045980,88,22,3,72
10046490,44,39,-10,82
10047000,83,1,15,67
10047510,65,13,-10,77
10048020,2,40,0,77
10048530,66,92,3,74
10049040,71,71,-16,90
10049550,8,33,10,80
10050060,72,97,5,75
10050570,77,76,-2,77
10051080,14,87,-1,78
10051590,25,42,-3,81
10052100,13,4,0,81
10052610,2,15,3,78
10053120,1,79,-2,80
10053630,9,21,-3,83
10054140,8,85,4,79
10054650,72,40,-2,81
10055160,9,39,-7,88
10055670,73,1,18,70
10056180,9,28,-14,84
10056690,8,92,7,77
10057200,4,51,-4,81
10057710,68,13,2,79
10058220,5,30,0,79
10058730,69,94,2,77
10059240,74,73,-1,78
10059750,11,68,-6,84
10060260,75,30,8,76
10060770,12,25,-1,77
10061280,12,89,1,76
10061790,23,48,-3,79
10062300,11,10,-3,82
10062810,76,74,4,78
10063320,13,36,-4,82
10063830,77,100,5,77
10064340,82,79,2,75
10064850,19,41,-2,77
10065360,83,3,1,76
10065870,65,15,0,76
10066380,72,32,-10,86
10066890,9,27,5,81
10067400,73,91,6,75
10067910,62,70,-3,78
10068420,101,65,-1,79
10068930,21,60,1,78
10069440,85,73,2,76
10069950,90,35,2,74
10070460,10,30,-4,78
10070970,74,94,0,78
10071480,63,30,-6,84
10071990,0,41,6,78
10072500,64,28,-9,87
10073010,5,53,7,80
10073520,69,97,1,79
10074030,74,76,-3,82
10074540,11,71,-2,84
10075050,75,20,8,76
10075560,12,37,-9,85
10076070,76,101,11,74
10076580,72,80,-5,79
10077090,9,16,-2,81
10077600,8,80,1,80
10078110,72,22,4,76
10078620,9,39,-5,81
10079130,73,1,6,75
10079640,9,28,-6,81
10080150,8,92,5,76
10080660,16,51,-2,78
10081170,80,13,7,71
10081680,36,30,-6,77
10082190,75,94,-1,78
10082700,64,73,-7,85
10083210,1,68,1,84
10083720,65,10,10,74
10084230,1,37,-6,80
10084740,65,101,5,75
10085250,61,60,-9,84
10085760,100,22,5,79
10086270,56,39,1,78
10086780,95,1,-6,84
10087290,77,28,4,80
10087800,14,23,-8,88
10088310,13,87,10,78
10088820,21,42,-1,79
10089330,10,4,-1,80
10089840,9,15,4,76
10090350,8,79,-5,81
10090860,72,21,3,78
10091370,9,38,-2,80
10091880,73,0,5,75
10092390,5,27,-7,82
10092900,97,91,1,81
10093410,80,0,3,78
10093920,62,27,-6,84
10094430,3,38,9,75
10094940,67,58,-6,81
10095450,4,20,0,81
10095960,68,84,6,75
10096470,57,20,-9,84
10096980,100,45,5,79
10097490,20,40,0,79
10098000,9,2,-6,85
10098510,8,13,11,74
10099020,73,77,-6,80
10099530,10,39,0,80
10100040,74,1,5,75
10100550,6,28,-5,80
10101060,70,92,2,78
10101570,59,71,-12,90
10102080,7,50,4,86
10102590,71,12,9,77
10103100,7,39,-3,80
10103610,71,1,6,74
10104120,3,28,-3,77
10104630,67,92,0,77
10105140,72,71,-10,87
10105650,9,33,4,83
10106160,73,97,8,75
10106670,78,92,-5,80
10107180,67,28,3,77
10107690,8,55,-6,83
10108200,72,99,14,69
10108710,89,18,-7,76
10109220,45,35,-8,84
10109730,84,99,11,73
10110240,73,35,-11,84
10110750,10,62,6,78
10111260,74,101,3,75
10111770,79,91,-1,76
10112280,68,27,-4,80
10112790,9,54,-2,82
10113300,73,16,4,78
10113810,10,43,0,78
10114320,74,5,2,76
10114830,6,32,-3,79
10115340,70,96,2,77
10115850,75,15,1,76
10116360,11,32,-7,83
10116870,10,96,12,71
10117380,18,55,-12,83
10117890,82,17,9,74
10118400,38,34,-10,84
10118910,77,98,6,78
10119420,66,77,-4,82
10119930,3,56,5,77
10120440,67,100,2,75
10120950,72,59,-7,82
10121460,9,21,1,81
10121970,8,85,-1,82
10122480,4,40,4,78
10122990,68,2,3,75
10123500,0,29,-6,81
10124010,64,49,-4,85
10124520,1,11,2,83
10125030,0,48,1,82
10125540,64,55,4,78
10126050,1,17,1,77
10126560,65,54,-2,79
10127070,2,16,1,78
10127580,1,80,3,75
10128090,9,100,-5,80
10128600,17,18,-2,82
10129110,6,82,4,78
10129620,14,37,-5,83
10130130,78,101,14,69
10130640,67,96,-9,78
10131150,72,86,3,75
10131660,61,22,-4,79
10132170,2,31,-5,84
10132680,66,95,6,78
10133190,71,74,-1,79
10133700,8,36,2,77
10134210,72,100,2,75
10134720,75,59,-5,80
10135230,12,21,2,78
10135740,77,85,-3,81
10136250,14,21,2,79
10136760,79,85,5,74
10137270,68,66,-6,80
10137780,5,28,0,80
10138290,69,92,2,78
10138800,58,71,-5,83
10139310,47,66,-4,87
10139820,81,45,9,78
10140330,56,44,-3,81
10140840,99,6,6,75
10141350,81,33,-1,76
10141860,18,28,-7,83
10142370,7,92,3,80
10142880,18,47,0,80
10143390,7,9,-1,81
10143900,6,73,0,81
10144410,70,80,8,73
10144920,59,16,-10,83
10145430,98,25,-2,85
10145940,30,42,2,83
10146450,64,4,6,77
10146960,98,31,1,76
10147470,18,26,3,73
10147980,83,90,-6,79
10148490,20,26,-4,83
10149000,9,1,4,79
10149510,100,26,3,76
10150020,56,43,-4,80
10150530,67,5,3,77
10151040,101,22,4,73
10151550,57,39,-9,82
10152060,100,1,5,77
10152570,32,28,-7,84
10153080,66,92,9,75
10153590,71,71,1,74
10154100,8,33,-8,82
10154610,72,97,7,75
10155120,61,68,-6,81
10155630,100,30,0,81
10156140,20,25,2,79
10156650,9,89,2,77
10157160,20,44,0,77
10157670,9,6,0,77
10158180,8,30,-3,80
10158690,72,94,7,73
10159200,61,30,-14,87
10159710,72,41,8,79
10160220,9,40,3,76
10160730,73,2,2,74
10161240,5,29,-8,82
10161750,69,93,9,73
10162260,58,64,-13,86
10162770,61,26,10,76
10163280,2,33,-3,79
10163790,66,53,-1,80
10164300,3,15,-1,81
10164810,2,79,-3,84
10165320,66,86,6,78
10165830,55,57,-2,80
10166340,94,19,1,79
10166850,26,36,0,79
10167360,60,100,0,79
10167870,65,5,5,74
10168380,99,32,-4,78
10168890,19,27,-4,82
10169400,8,91,4,78
10169910,19,46,1,77
10170420,8,8,-5,82
10170930,7,19,3,79
10171440,6,83,-1,80
10171950,17,38,4,76
10172460,81,0,4,72
10172970,13,27,-2,74
10173480,77,91,1,73
10173990,66,27,-2,75
10174500,3,54,0,75
10175010,67,3,-1,76
10175520,101,30,-1,77
10176030,21,25,-6,83
10176540,10,89,7,76
10177050,21,7,-3,79
10177560,32,18,-4,83
10178070,71,29,11,72
10178580,8,24,-1,73
10179090,7,88,-2,75
10179600,18,10,-5,80
10180110,17,21,2,78
10180620,82,85,-3,81
10181130,19,47,5,76
10181640,83,9,6,70
10182150,15,26,-16,86
10182660,14,90,9,77
10183170,25,45,-1,78
10183680,59,7,4,74
10184190,98,24,0,74
10184700,54,41,-6,80
10185210,93,3,8,72
10185720,75,30,-9,81
10186230,12,25,4,77
10186740,11,89,2,75
10187250,22,7,-12,87
10187760,58,18,9,78
10188270,97,27,-2,80
10188780,34,44,3,77
10189290,68,6,2,75
10189800,0,23,-1,76
10190310,64,87,1,75
10190820,53,58,-10,85
10191330,87,20,10,75
10191840,43,37,-7,82
10192350,82,101,6,76
10192860,71,90,2,74
10193370,60,26,-7,81
10193880,99,33,5,76
10194390,19,28,-6,82
10194900,8,92,7,75
10195410,72,10,-2,77
10195920,4,27,-2,79
10196430,68,91,6,73
10196940,57,81,-6,79
10197450,46,101,-5,84
10197960,8,6,1,83
10198470,1,17,-2,85
10198980,65,81,4,81
10199490,2,101,5,76
10200000,58,19,0,76
10200510,97,28,0,76
10201020,17,45,1,75
10201530,81,20,-1,76
10202040,88,37,-1,77
10202550,8,57,4,73
10203060,72,19,-5,78
10203570,9,87,2,76
10204080,17,42,-7,83
10204590,81,4,13,70
10205100,13,21,-10,80
10205610,12,85,3,77
10206120,23,40,-1,78
10206630,57,2,3,75
10207140,91,29,-5,80
10207650,11,46,1,79
10208160,75,8,8,71
10208670,7,25,-5,76
10209180,6,89,-1,77
10209690,14,7,-1,78
10210200,13,18,-3,81
10210710,55,82,5,76
10211220,89,61,-1,77
10211730,26,11,-9,86
10212240,65,22,11,75
10212750,2,31,-2,77
10213260,66,95,0,77
10213770,55,14,-4,81
10214280,94,23,6,75
10214790,50,40,-8,83
10215300,61,2,7,76
10215810,95,29,3,73
10216320,15,70,-13,86
10216830,79,32,9,77
10217340,101,73,4,73
10217850,21,35,-8,81
10218360,55,99,10,71
10218870,89,77,-11,82
10219380,26,39,1,81
10219890,60,1,6,75
10220400,94,28,3,72
10220910,14,69,-8,80
10221420,78,76,2,78
10221930,15,38,3,75
10222440,79,0,0,75
10222950,11,27,-6,81
10223460,10,91,3,78
10223970,21,9,-6,84
10224480,63,20,1,83
10224990,4,29,10,73
10225500,68,93,0,73
10226010,57,11,-8,81
10226520,96,28,5,76
10227030,16,69,-4,80
10227540,27,31,-7,87
10228050,61,17,7,80
10228560,2,26,2,78
10229070,66,90,7,71
10229580,55,8,-12,83
10230090,74,33,2,81
10230600,96,40,6,75
10231110,16,60,-3,78
10231620,80,22,4,74
10232130,87,63,-6,80
10232640,24,25,-4,84
10233150,58,89,10,74
10233660,92,79,-2,76
10234170,75,41,-11,87
10234680,12,48,7,80
10235190,76,10,4,76
10235700,8,27,-5,81
10236210,7,91,3,78
10236720,15,9,-3,81
10237230,14,20,-1,82
10237740,13,84,-2,84
10238250,24,91,6,78
10238760,35,28,1,77
10239270,69,92,3,74
10239780,58,10,-6,80
10240290,101,35,-3,83
10240800,21,76,-3,86
10241310,85,38,10,76
10241820,5,58,-2,78
10242330,69,20,2,76
10242840,10,61,-7,83
10243350,74,68,1,82
10243860,15,30,3,79
10244370,10,94,7,72
10244880,18,12,-7,79
10245390,54,76,2,77
10245900,88,96,-1,78
10246410,25,14,-5,83
10246920,44,25,-2,85
10247430,63,32,2,83
10247940,51,39,4,79
10248450,94,1,3,76
10248960,26,28,-9,85
10249470,60,92,10,75
10249980,94,70,-2,77
10250490,31,32,-3,80
10251000,65,96,4,76
10251510,70,14,-1,77
10252020,11,31,-4,81
10252530,10,95,4,77
10253040,18,13,-7,84
10253550,7,24,6,78
10254060,6,88,-3,81
10254570,2,31,0,81
10255080,66,51,-3,84
10255590,100,13,2,82
10256100,32,89,1,81
10256610,66,26,0,81
10257120,7,33,2,79
10257630,1,97,2,77
10258140,57,15,-9,86
10258650,100,40,8,78
10259160,20,60,0,78
10259670,84,22,3,75
10260180,91,39,-1,76
10260690,11,59,-6,82
10261200,75,21,3,79
10261710,82,38,5,74
10262220,2,58,-4,78
10262730,66,65,0,78
10263240,7,27,-4,82
10263750,71,91,9,73
10264260,60,81,-4,77
10264770,8,101,-1,78
10265280,4,19,-5,83
10265790,68,83,7,76
10266300,16,1,4,72
10266810,4,26,-7,79
10267320,68,46,-1,80
10267830,9,8,1,79
10268340,8,72,1,78
10268850,24,79,-2,80
10269360,20,16,-7,87
10269870,2,80,11,76
10270380,66,44,-8,84
10270890,7,6,7,77
10271400,6,17,-4,81
10271910,5,36,4,77
10272420,69,56,-9,86
10272930,17,18,6,80
10273440,6,82,5,75
10273950,70,0,1,74
10274460,2,27,-1,75
10274970,66,47,-4,79
10275480,100,9,-1,80
10275990,32,36,-2,82
10276500,66,100,2,80
10277010,62,5,-2,82
10277520,81,32,-2,84
10278030,88,73,8,76
10278540,22,35,-3,79
10279050,56,99,7,72
10279560,90,4,3,69
10280070,22,31,-5,74
10280580,56,95,-2,76
10281090,90,0,2,74
10281600,22,27,-9,83
10282110,56,91,13,70
10282620,90,32,-7,77
10283130,10,73,2,75
10283640,74,80,-5,80
10284150,6,100,1,79
10284660,2,18,-2,81
10285170,66,38,-2,83
10285680,85,49,8,75
10286190,5,69,-7,82
10286700,69,18,5,77
10287210,10,59,-5,82
10287720,74,21,6,76
10288230,81,62,-9,85
10288740,13,24,4,81
10289250,8,88,10,71
10289760,72,6,-6,77
10290270,4,33,-2,79
10290780,68,53,-6,85
10291290,0,15,5,80
10291800,64,52,0,80
10292310,98,14,-1,81
10292820,30,41,-2,83
10293330,64,3,7,76
10293840,98,30,-1,77
10294350,26,71,-7,84
10294860,90,33,12,72
10295370,10,74,-10,82
10295880,74,81,6,76
10296390,6,62,-8,84
10296900,70,11,4,80
10297410,2,38,2,78
10297920,66,58,-10,88
10298430,100,20,7,81
10298940,32,37,-6,87
10299450,66,101,17,70
10299960,62,6,-8,78
10300470,81,33,4,74
10300980,88,74,-5,79
10301490,22,36,-1,80
10302000,56,100,-1,81
10302510,90,78,5,76
10303020,24,40,-6,82
10303530,58,2,5,77
10304040,77,29,-5,82
10304550,84,70,4,78
10305060,89,32,0,78
10305570,96,73,3,75
10306080,16,93,-8,83
10306590,80,11,12,71
10307100,12,38,-10,81
10307610,76,0,9,72
10308120,8,27,-15,87
10308630,72,91,8,79
10309140,4,9,3,76
10309650,3,46,2,74
10310160,67,66,-5,79
10310670,101,28,-1,80
10311180,33,69,5,75
10311690,97,89,-3,78
10312200,31,51,-1,79
10312710,65,13,3,76
10313220,72,40,-4,80
10313730,91,60,2,78
10314240,11,80,-3,81
10314750,75,35,6,75
10315260,97,62,-3,78
10315770,17,82,-3,81
10316280,81,19,11,70
10316790,9,101,-8,78
10317300,73,19,5,73
10317810,80,60,-13,86
10318320,12,22,12,74
10318830,76,86,-5,79
10319340,8,4,-2,81
10319850,7,15,5,76
10320360,71,79,-6,82
10320870,3,74,0,82
10321380,67,94,8,74
10321890,101,12,-8,82
10322400,70,29,0,82
10322910,2,70,-4,86
10323420,66,19,12,74
10323930,73,60,-9,83
10324440,5,22,6,77
10324950,69,86,3,74
10325460,1,4,5,69
10325970,65,41,-13,82
10326480,84,53,-1,83
10326990,4,60,0,83
10327500,68,9,4,79
10328010,0,36,1,78
10328520,64,56,-4,82
10329030,98,18,-2,84
10329540,30,45,0,84
10330050,64,7,6,78
10330560,98,34,-3,81
10331070,3,75,5,76
10331580,67,39,-8,84
10332090,101,46,10,74
10332600,21,66,-6,80
10333110,85,28,8,72
10333620,92,69,-4,76
10334130,24,89,-5,81
10334640,88,0,7,74
10335150,70,27,-6,80
10335660,77,68,1,79
10336170,9,30,2,77
10336680,73,94,3,74
10337190,5,12,-4,78
10337700,69,76,2,76
10338210,1,96,-2,78
10338720,65,14,3,75
10339230,72,41,-4,79
10339740,91,68,3,76
10340250,23,88,0,76
10340760,87,25,1,75
10341270,15,66,-10,85
10341780,79,28,8,77
10342290,86,69,-9,86
10342800,20,31,6,80
10343310,84,95,4,76
10343820,16,13,-7,83
10344330,50,24,4,79
10344840,69,35,-3,82
10345350,1,62,-1,83
10345860,65,82,7,76
10346370,99,0,3,73
10346880,81,27,-2,75
10347390,88,68,-16,91
10347900,20,30,12,79
10348410,84,94,1,78
10348920,16,12,-4,82
10349430,50,23,-4,86
10349940,69,34,5,81
10350450,1,61,4,77
10350960,65,81,-1,78
10351470,99,101,-1,79
10351980,31,96,-2,81
10352490,95,51,6,75
10353000,15,71,-4,79
10353510,79,20,0,79
10354020,11,61,-1,80
10354530,75,10,5,75
10355040,7,37,-5,80
10355550,71,101,6,74
10356060,67,19,-6,80
10356570,101,60,-2,82
10357080,21,80,0,82
10357590,85,17,6,76
10358100,17,44,-3,79
10358610,81,6,6,73
10359120,13,33,-7,80
10359630,77,97,4,76
10360140,73,15,2,74
10360650,80,42,-7,81
10361160,0,69,2,79
10361670,64,89,7,72
10362180,98,7,-6,78
10362690,30,34,0,78
10363200,64,98,2,76
10363710,60,16,-7,83
10364220,79,43,4,79
10364730,101,63,1,78
10365240,21,83,-4,82
10365750,85,16,10,72
10366260,17,43,-8,80
10366770,81,5,5,75
10367280,13,32,-6,81
10367790,77,96,7,74
10368300,73,14,-5,79
10368810,80,41,4,75
10369320,0,61,-7,82
10369830,64,10,5,77
10370340,98,37,-1,78
10370850,3,57,0,78
10371360,67,77,1,77
10371870,101,97,-5,82
10372380,4,92,12,70
10372890,68,10,-5,75
10373400,0,37,-5,80
10373910,64,57,-3,83
10374420,98,19,7,76
10374930,30,13,-2,78
10375440,49,24,-7,85
10375950,68,31,10,75
10376460,75,58,-6,81
10376970,7,98,4,77
10377480,71,16,8,69
10377990,78,57,-10,79
10378500,10,52,-1,80
10379010,74,1,0,80
10379520,6,28,0,80
10380030,70,92,7,73
10380540,66,10,-9,82
10381050,46,37,-4,86
10381560,80,101,12,74
10382070,76,19,0,74
10382580,83,60,-5,79
10383090,17,80,-2,81
10383600,81,29,8,73
10384110,88,70,-8,81
10384620,9,32,4,77
10385130,73,96,2,75
10385640,69,14,-1,76
10386150,76,41,-8,84
10386660,32,44,1,83
10387170,66,6,5,78
10387680,60,33,-10,88
10388190,79,44,10,78
10388700,101,64,4,74
10389210,21,84,0,74
10389720,85,21,3,71
10390230,8,62,-11,82
10390740,72,11,5,77
10391250,4,38,-1,78
10391760,68,58,-10,88
10392270,0,20,7,81
10392780,64,40,-8,89
10393290,83,47,13,76
10393800,3,74,-9,85
10394310,67,23,10,75
10394820,8,64,-4,79
10395330,72,13,0,79
10395840,79,40,4,75
10396350,101,43,-9,84
10396860,21,63,9,75
10397370,85,83,-8,83
10397880,17,1,4,79
10398390,5,26,3,76
10398900,69,46,-6,82
10399410,88,53,1,81
10399920,8,73,-4,85
10400430,72,22,12,73
10400940,79,63,-9,82
10401450,11,83,6,76
10401960,75,32,-3,79
10402470,82,59,1,78
10402980,16,79,-4,82
10403490,80,28,-1,83
10404000,87,69,6,77
10404510,21,64,0,77
10405020,85,26,3,74
10405530,92,67,-9,83
10406040,26,87,1,82
10406550,90,94,8,74
10407060,68,12,-3,77
10407570,48,39,-10,87
10408080,67,1,13,74
10408590,101,28,-8,82
10409100,57,69,5,77
10409610,91,76,-2,79
10410120,96,96,4,75
10410630,17,14,1,74
10411140,101,78,-1,75
10411650,84,98,1,74
10412160,80,16,-5,79
10412670,36,43,-2,81
10413180,70,5,10,71
10413690,64,32,-19,90
10414200,5,39,10,80
10414710,69,59,-9,89
10415220,1,21,9,80
10415730,65,41,3,77
10416240,84,61,-3,80
10416750,18,63,3,77
10417260,82,0,5,72
10417770,64,27,-8,80
10418280,5,34,1,79
10418790,69,54,-2,81
10419300,1,49,0,81
10419810,65,100,8,73
10420320,61,18,-7,80
10420830,80,59,-5,85
10421340,26,66,9,76
10421850,90,28,2,74
10422360,18,69,-8,82
10422870,82,76,2,80
10423380,87,83,2,78
10423890,92,1,1,77
10424400,74,28,-6,83
10424910,81,69,2,81
10425420,61,31,-1,82
10425930,2,38,5,77
10426440,66,58,-2,79
10426950,100,20,-3,82
10427460,23,47,4,78
10427970,87,9,1,77
10428480,69,36,-2,79
10428990,25,43,-2,81
10429500,59,5,3,78
10430010,78,30,4,74
10430520,85,71,-10,84
10431030,30,33,5,79
10431540,64,97,3,76
10432050,60,15,-3,79
10432560,1,40,5,74
10433070,65,60,-9,83
10433580,99,67,8,75
10434090,19,87,-9,84
10434600,83,94,6,78
10435110,61,30,0,78
10435620,2,37,-4,82
10436130,66,55,0,82
10436640,100,62,6,76
10437150,20,82,-5,81
10437660,84,19,9,72
10438170,12,60,-8,80
10438680,76,80,-1,81
10439190,81,87,2,79
10439700,86,5,6,73
10440210,68,32,-4,77
10440720,9,39,-6,83
10441230,73,59,3,80
10441740,5,54,1,79
10442250,69,3,5,74
10442760,63,30,-13,87
10443270,4,37,3,84
10443780,68,57,0,84
10444290,0,64,4,80
10444800,64,13,2,78
10445310,83,54,2,76
10445820,3,74,-2,78
10446330,67,23,-1,79
10446840,74,30,1,78
10447350,51,71,0,78
10447860,85,61,-10,88
10448370,17,68,9,79
10448880,81,5,7,72
10449390,63,32,-4,76
10449900,4,39,-4,80
10450410,68,59,-2,82
10450920,0,66,2,80
10451430,64,15,3,77
10451940,44,56,2,75
10452450,78,76,-13,88
10452960,10,83,10,78
10453470,74,38,-5,83
10453980,20,45,6,77
10454490,84,7,5,72
10455000,66,34,-12,84
10455510,7,41,5,79
10456020,71,92,1,78
10456530,76,10,1,77
10457040,56,0,-2,79
10457550,38,30,-5,84
10458060,88,37,5,79
10458570,68,78,-2,81
10459080,73,98,6,75
10459590,78,88,-1,76
10460100,83,24,-2,78
10460610,11,65,-5,83
10461120,75,93,6,77
10461630,71,82,-3,80
10462140,67,0,6,74
10462650,101,30,0,74
10463160,21,71,-7,81
10463670,85,8,7,74
10464180,67,35,-10,84
10464690,8,74,1,83
10465200,72,23,8,75
10465710,52,13,-3,78
10466220,71,38,-3,81
10466730,101,41,6,75
10467240,21,82,-11,86
10467750,85,31,13,73
10468260,5,72,-1,74
10468770,69,21,-5,79
10469280,20,62,0,79
10469790,84,11,3,76
10470300,66,1,1,75
10470810,100,31,3,72
10471320,20,72,-13,85
10471830,84,79,8,77
10472340,89,86,-2,79
10472850,94,93,7,72
10473360,72,100,-6,78
10473870,77,90,-1,79
10474380,82,26,6,73
10474890,10,67,-10,83
10475400,74,16,12,71
10475910,2,57,-5,76
10476420,66,6,5,71
10476930,22,33,-7,78
10477440,56,97,7,71
10477950,61,87,-6,77
10478460,66,77,-5,82
10478970,71,13,10,72
10479480,46,3,-15,87
10479990,47,28,5,82
10480500,66,35,0,82
10481010,12,42,-1,83
10481520,76,4,8,75
10482030,58,31,-12,87
10482540,77,38,3,84
10483050,99,45,12,72
10483560,19,65,-6,78
10484070,15,2,0,78
10484580,3,27,2,76
10485090,67,47,-2,78
10485600,8,53,-4,82
10486110,72,2,9,73
10486620,54,32,-9,82
10487130,73,43,4,78
10487640,95,50,3,75
10488150,15,53,-4,79
10488660,79,2,9,70
10489170,61,32,-10,80
10489680,80,39,2,78
10490190,0,42,-3,81
10490700,64,93,2,79
10491210,69,83,7,72
10491720,74,19,-8,80
10492230,2,60,0,80
10492740,66,9,2,78
10493250,46,36,-10,88
10493760,65,43,4,84
10494270,84,50,3,81
10494780,4,57,2,79
10495290,68,6,0,79
10495800,24,33,-5,84
10496310,58,97,7,77
10496820,63,87,3,74
10497330,68,77,-5,79
10497840,73,13,4,75
10498350,1,40,-6,81
10498860,65,91,3,78
10499370,70,81,4,74
10499880,75,17,2,72
10500390,3,7,-12,84
10500900,2,96,11,73
10501410,100,14,-5,78
10501920,82,31,8,70
10502430,10,21,-9,79
10502940,9,85,0,79
10503450,5,40,2,77
10503960,69,60,-3,80
10504470,88,67,4,76
10504980,93,69,-6,82
10505490,98,64,5,77
10506000,18,70,-4,81
10506510,14,19,-1,82
10507020,13,26,2,80
10507530,8,90,1,79
10508040,4,45,0,79
10508550,68,96,4,75
10509060,73,86,-1,76
10509570,78,76,-1,77
10510080,83,83,-5,82
10510590,88,90,6,76
10511100,93,8,3,73
10511610,75,25,-5,78
10512120,3,66,5,73
10512630,101,15,-11,84
10513140,83,32,11,73
10513650,11,22,-9,82
10514160,10,86,0,82
10514670,6,41,-1,83
10515180,70,61,-6,89
10515690,89,68,10,79
10516200,94,63,-2,81
10516710,14,70,1,80
10517220,78,19,7,73
10517730,6,60,-9,82
10518240,70,9,8,74
10518750,50,26,-12,86
10519260,69,33,9,77
10519770,99,40,3,74
10520280,19,60,-2,76
10520790,15,67,-7,83
10521300,79,16,4,79
10521810,7,6,-2,81
10522320,6,17,-7,88
10522830,5,18,9,79
10523340,4,19,4,75
10523850,3,20,-1,76
10524360,67,21,-5,81
10524870,47,62,0,81
10525380,97,63,-1,82
10525890,17,69,4,78
10526400,13,18,3,75
10526910,78,82,1,74
10527420,83,89,-2,76
10527930,88,25,2,74
10528440,16,66,-8,82
10528950,80,15,5,77
10529460,8,32,-6,83
10529970,72,52,1,82
10530480,91,58,3,79
10530990,11,65,-4,83
10531500,75,14,10,73
10532010,3,31,-5,78
10532520,67,32,-1,79
10533030,97,35,2,77
10533540,17,76,-7,84
10534050,13,25,5,79
10534560,8,89,4,75
10535070,4,44,-3,78
10535580,68,95,1,77
10536090,73,85,-1,78
10536600,69,21,1,77
10537110,36,62,-11,88
10537620,70,63,-2,90
10538130,18,70,7,83
10538640,82,19,9,74
10539150,10,60,-3,77
10539660,74,9,-4,81
10540170,93,26,8,73
10540680,21,68,-9,82
10541190,17,17,1,81
10541700,3,81,7,74
10542210,101,36,-6,80
10542720,21,77,-3,83
10543230,85,26,8,75
10543740,13,67,-5,80
10544250,77,16,5,75
10544760,5,57,-8,83
10545270,69,6,6,77
10545780,88,23,4,73
10546290,16,64,-2,75
10546800,80,13,0,75
10547310,8,30,-3,78
10547820,72,94,-2,80
10548330,77,84,4,76
10548840,82,20,5,71
10549350,10,61,-10,81
10549860,74,10,3,78
10550370,93,27,2,76
10550880,13,68,-5,81
10551390,77,17,4,77
10551900,5,58,-3,80
10552410,69,7,3,77
10552920,88,24,-1,78
10553430,16,65,-4,82
10553940,80,14,12,70
10554450,8,31,-9,79
10554960,72,95,1,78
10555470,77,85,4,74
10555980,82,21,4,70
10556490,10,62,-14,84
10557000,74,11,9,75
10557510,93,28,3,72
10558020,13,69,-9,81
10558530,77,18,4,77
10559040,5,59,-3,80
10559550,69,24,4,76
10560060,15,65,-1,77
10560570,79,14,3,74
10561080,7,31,-4,78
10561590,71,95,1,77
10562100,76,85,2,75
10562610,72,21,-6,81
10563120,0,62,1,80
10563630,64,27,5,75
10564140,83,68,-9,84
10564650,88,30,10,74
10565160,8,71,-12,86
10565670,58,20,8,78
10566180,77,27,3,75
10566690,5,68,-10,85
10567200,69,17,8,77
10567710,99,58,-1,78
10568220,19,78,-6,84
10568730,83,85,4,80
10569240,88,92,5,75
10569750,93,10,-1,76
10570260,10,27,-5,81
10570770,9,91,1,80
10571280,5,46,-2,82
10571790,69,11,9,73
10572300,99,28,0,73
10572810,19,69,-11,84
10573320,83,76,5,79
10573830,88,57,-3,82
10574340,8,52,0,82
10574850,72,17,9,73
10575360,0,58,-7,80
10575870,64,23,5,75
10576380,83,64,-8,83
10576890,0,71,9,74
10577400,64,36,-11,85
10577910,83,43,10,75
10578420,3,46,-1,76
10578930,67,11,-4,80
10579440,86,52,5,75
10579950,6,59,-4,79
10580460,70,24,-3,82
10580970,89,65,1,81
10581480,9,60,-2,83
10581990,73,9,10,73
10582500,92,26,3,70
10583010,12,67,-11,81
10583520,76,16,3,78
10584030,4,57,-2,80
10584540,68,22,5,75
10585050,87,63,-4,79
10585560,7,58,3,76
10586070,71,23,-4,80
10586580,90,64,6,74
10587090,10,59,-8,82
10587600,74,24,6,76
10588110,2,65,-6,82
10588620,66,30,3,79
10589130,29,37,-3,82
10589640,63,101,5,77
10590150,68,80,-1,78
10590660,16,81,-1,79
10591170,12,46,0,79
10591680,76,8,6,73
10592190,95,25,-5,78
10592700,23,66,-1,79
10593210,70,65,1,78
10593720,89,27,1,77
10594230,9,7,-3,80
10594740,8,18,0,80
10595250,7,82,5,75
10595760,71,25,-5,80
10596270,93,66,-1,81
10596780,13,61,5,76
10597290,77,26,-2,78
10597800,99,67,-2,80
10598310,19,42,-1,81
10598820,83,4,10,71
10599330,0,21,-5,76
10599840,64,41,-3,79
10600350,83,48,-2,81
10600860,3,59,-1,82
10601370,67,24,5,77
10601880,74,65,0,77
10602390,79,27,3,74
10602900,101,68,1,73
10603410,21,43,-8,81
10603920,16,5,7,74
10604430,11,16,-6,80
10604940,10,80,-2,82
10605450,74,45,-7,89
10605960,93,56,8,81
10606470,13,63,-1,82
10606980,77,12,7,75
10607490,5,29,0,75
10608000,69,49,-9,84
10608510,88,56,4,80
10609020,8,51,0,80
10609530,72,0,6,74
10610040,4,30,-2,76
10610550,68,50,-6,82
10611060,87,12,10,72
10611570,19,29,-9,81
10612080,14,93,6,75
10612590,10,58,-7,82
10613100,74,7,8,74
10613610,6,44,-3,77
10614120,70,9,-2,79
10614630,2,46,0,79
10615140,66,11,5,74
10615650,85,48,-2,76
10616160,5,68,-4,80
10616670,69,33,1,79
10617180,88,44,3,76
10617690,8,46,-7,83
10618200,72,11,7,76
10618710,91,28,0,76
10619220,19,69,-3,79
10619730,83,34,-2,81
10620240,3,75,4,77
10620750,101,40,-3,80
10621260,21,81,-1,81
10621770,17,30,2,79
10622280,12,94,1,78
10622790,8,59,-2,80
10623300,72,24,4,76
10623810,64,65,-17,93
10624320,83,76,10,83
10624830,88,38,7,76
10625340,8,79,-5,81
10625850,72,44,1,80
10626360,91,55,3,77
10626870,11,30,2,75
10627380,6,94,2,73
10627890,2,12,-4,77
10628400,1,49,3,74
10628910,65,14,0,74
10629420,84,51,-7,81
10629930,4,62,-9,90
10630440,68,27,11,79
10630950,14,64,-3,82
10631460,78,13,5,77
10631970,10,50,-3,80
10632480,74,101,-1,81
10632990,79,91,3,78
10633500,84,27,-3,81
10634010,4,68,-1,82
10634520,68,33,0,82
10635030,90,70,4,78
10635540,86,31,5,73
10636050,6,72,-7,80
10636560,70,21,1,79
10637070,77,58,-11,90
10637580,96,53,12,78
10638090,16,52,-4,82
10638600,80,14,6,76
10639110,97,4,2,74
10639620,79,21,0,74
10640130,7,62,-1,75
10640640,71,11,2,73
10641150,88,28,-6,79
10641660,8,69,-2,81
10642170,72,34,-1,82
10642680,94,71,8,74
10643190,14,66,-12,86
10643700,78,101,13,73
10644210,83,91,-3,76
10644720,88,27,-2,78
10645230,8,68,-5,83
10645740,72,45,-2,85
10646250,91,56,9,76
10646760,11,58,-5,81
10647270,75,7,4,77
10647780,7,44,1,76
10648290,71,95,3,73
10648800,76,85,1,72
10649310,81,21,0,72
10649820,9,11,-5,77
10650330,8,22,-6,83
10650840,3,86,2,81
10651350,101,4,4,77
10651860,83,21,1,76
10652370,11,38,-2,78
10652880,75,0,2,76
10653390,7,30,-5,81
10653900,71,50,0,81
10654410,90,45,3,78
10654920,10,65,-1,79
10655430,74,14,4,75
10655940,91,51,6,69
10656450,11,71,-12,81
10656960,92,20,5,76
10657470,20,37,-2,78
10657980,15,101,4,74
10658490,63,19,-2,76
10659000,14,56,-2,78
10659510,78,7,8,70
10660020,60,24,-8,78
10660530,6,35,2,76
10661040,70,55,-5,81
10661550,75,50,-5,86
10662060,94,61,11,75
10662570,14,63,-12,87
10663080,78,12,13,74
10663590,95,29,-2,76
10664100,15,70,-1,77
10664610,11,19,5,72
10665120,6,83,-6,78
10665630,2,48,1,77
10666140,66,13,7,70
10666650,46,30,-13,83
10667160,65,41,2,81
10667670,84,52,-3,84
10668180,4,54,9,75
10668690,68,3,1,74
10669200,13,20,-5,79
10669710,8,84,2,77
10670220,4,49,-4,81
10670730,68,14,6,75
10671240,48,51,-5,80
10671750,67,52,2,78
10672260,86,14,9,69
10672770,1,31,-9,78
10673280,65,51,-4,82
10673790,84,13,10,72
10674300,101,30,-2,74
10674810,21,71,-8,82
10675320,17,20,0,82
10675830,16,84,2,80
10676340,64,33,-4,84
10676850,83,44,12,72
10677360,38,64,-7,79
10677870,88,43,-5,84
10678380,8,44,3,81
10678890,72,95,8,73
10679400,77,85,-4,77
10679910,82,21,7,70
10680420,99,38,-6,76
10680930,19,34,-4,80
10681440,14,98,-2,82
10681950,62,63,-7,89
10682460,10,74,12,77
10682970,6,23,-6,83
10683480,5,43,7,76
10683990,69,63,-5,81
10684500,74,64,0,81
10685010,79,65,-7,88
10685520,98,66,11,77
10686030,18,86,1,76
10686540,14,35,-4,80
10687050,9,99,2,78
10687560,5,17,-2,80
10688070,4,18,0,80
10688580,3,19,7,73
10689090,2,20,-5,78
10689600,1,40,-5,83
10690110,65,60,2,81
10690620,13,61,0,81
10691130,77,10,4,77
10691640,9,27,-3,80
10692150,4,91,1,79
10692660,0,56,-1,80
10693170,64,21,3,77
10693680,83,62,-5,82
10694190,88,63,-1,83
10694700,8,64,9,74
10695210,72,13,-2,76
10695720,4,50,-5,81
10696230,68,101,8,73
10696740,73,91,2,71
10697250,78,81,-3,74
10697760,83,82,-1,75
10698270,88,83,-3,78
10698780,93,84,5,73
10699290,98,85,1,72
10699800,1,86,-5,77
10700310,99,42,-6,83
10700820,19,38,4,79
10701330,14,0,3,76
10701840,2,49,0,76
10702350,66,14,2,74
10702860,83,51,-4,78
10703370,3,62,-2,80
10703880,67,27,4,76
10704390,74,64,-7,83
10704900,79,65,5,78
10705410,84,22,6,72
10705920,101,63,-11,83
10706430,21,83,2,81
10706940,17,32,2,79
10707450,12,96,-2,81
10707960,8,61,5,76
10708470,72,10,2,74
10708980,4,47,-8,82
10709490,68,98,10,72
10710000,73,88,-3,75
10710510,78,89,-3,78
10711020,83,25,7,71
10711530,95,15,1,70
10712040,27,32,-10,80
10712550,61,96,10,70
10713060,66,75,-12,82
10713570,71,76,6,76
10714080,76,77,-2,78
10714590,81,78,3,75
10715100,86,79,5,70
10715610,91,80,-3,73
10716120,96,81,-2,75
10716630,101,82,0,75
10717140,4,83,-2,77
10717650,68,48,-2,79
10718160,0,49,-3,82
10718670,64,82,7,75
10719180,69,61,-10,85
10719690,1,62,10,75
10720200,65,85,1,74
10720710,70,75,-8,82
10721220,75,76,1,81
10721730,7,77,1,80
10722240,71,42,0,80
10722750,93,53,-2,82
10723260,13,73,-2,84
10723770,77,22,9,75
10724280,9,59,-4,79
10724790,73,8,6,73
10725300,5,38,-6,79
10725810,69,39,-3,82
10726320,88,50,4,78
10726830,8,61,-3,81
10727340,72,10,7,74
10727850,4,40,-4,78
10728360,68,93,4,74
10728870,73,72,-8,82
10729380,5,73,6,76
10729890,69,38,-10,86
10730400,88,49,3,83
10730910,8,50,3,80
10731420,72,101,5,75
10731930,77,80,2,73
10732440,82,81,-2,75
10732950,87,82,3,72
10733460,92,83,-4,76
10733970,97,84,-4,80
10734480,0,85,1,79
10734990,64,50,3,76
10735500,98,12,-5,81
10736010,30,42,-4,85
10736520,64,4,10,75
10737030,98,34,-3,78
10737540,8,75,1,77
10738050,72,40,-2,79
10738560,84,51,-2,81
10739070,4,62,5,76
10739580,68,27,-4,80
10740090,0,38,4,76
10740600,64,71,-1,77
10741110,69,72,-7,84
10741620,1,73,10,74
10742130,65,38,-12,86
10742640,99,49,15,71
10743150,19,69,-10,81
10743660,46,18,-2,83
10744170,65,29,4,79
10744680,99,40,1,78
10745190,9,81,-3,81
10745700,73,46,2,79
10746210,5,57,3,76
10746720,69,22,-1,77
10747230,1,59,-2,79
10747740,65,24,1,78
10748250,99,61,-6,84
10748760,19,62,3,81
10749270,83,0,7,74
10749780,15,30,-9,83
10750290,10,94,10,73
10750800,74,59,-7,80
10751310,6,21,1,79
10751820,5,85,-1,80
10752330,69,50,4,76
10752840,1,12,2,74
10753350,65,49,-10,84
10753860,99,11,9,75
10754370,31,23,-6,81
10754880,65,34,2,79
10755390,99,45,0,79
10755900,19,65,0,79
10756410,83,16,12,67
10756920,15,56,-10,77
10757430,79,7,1,76
10757940,11,47,-3,79
10758450,75,100,6,73
10758960,80,90,-1,74
10759470,85,26,-1,75
10759980,97,67,-3,78
10760490,17,68,2,76
10761000,81,19,2,74
10761510,4,59,-6,80
10762020,68,24,-2,82
10762530,0,61,6,76
10763040,64,26,-2,78
10763550,98,37,1,77
10764060,8,78,0,77
10764570,72,43,-5,82
10765080,18,54,3,79
10765590,82,16,3,76
10766100,14,56,-4,80
10766610,78,7,6,74
10767120,10,37,-7,81
10767630,74,101,7,74
10768140,79,91,-2,76
10768650,84,27,0,76
10769160,96,68,1,75
10769670,16,69,-8,83
10770180,80,18,9,74
10770690,3,58,-3,77
10771200,67,23,0,77
10771710,74,32,-5,82
10772220,6,28,4,78
10772730,70,48,-4,82
10773240,2,59,-1,83
10773750,66,24,9,74
10774260,12,65,-4,78
10774770,76,30,1,77
10775280,88,39,3,74
10775790,8,80,0,74
10776300,72,45,-1,75
10776810,18,56,-9,84
10777320,82,18,10,74
10777830,5,58,-2,76
10778340,69,23,-1,77
10778850,81,32,3,74
10779360,93,28,-3,77
10779870,3,69,-3,80
10780380,67,34,2,78
10780890,79,45,0,78
10781400,91,56,-3,81
10781910,11,67,1,80
10782420,75,32,4,76
10782930,21,43,-3,79
10783440,85,5,12,67
10783950,67,17,-11,78
10784460,79,54,-2,80
10784970,25,61,1,79
10785480,89,23,5,74
10785990,12,64,-7,81
10786500,76,15,6,75
10787010,93,55,-2,77
10787520,13,75,-5,82
10788030,33,40,1,81
10788540,67,2,5,76
10789050,101,32,5,71
10789560,11,73,-10,81
10790070,75,38,-6,87
10790580,21,49,8,79
10791090,85,11,7,72
10791600,17,23,-6,78
10792110,12,87,1,77
10792620,76,52,-10,87
10793130,101,63,8,79
10793640,21,58,-2,81
10794150,85,49,5,76
10794660,5,69,-1,77
10795170,69,34,-2,79
10795680,81,45,0,79
10796190,1,56,3,76
10796700,65,89,0,76
10797210,70,68,-3,79
10797720,2,79,1,78
10798230,66,44,-1,79
10798740,91,45,-1,80
10799250,11,41,-2,82
10799760,75,3,9,73
10800270,57,33,-16,89
10800780,76,44,6,83
10801290,88,55,5,78
10801800,8,50,-3,81
10802310,72,37,-3,84
10802820,84,48,5,79
10803330,4,59,-3,82
10803840,68,92,7,75
10804350,73,84,-7,82
10804860,98,18,4,78
10805370,13,45,-3,81
10805880,77,7,7,74
10806390,9,34,0,74
10806900,92,98,0,74
10807410,97,89,-5,79
10807920,80,100,7,72
10808430,85,90,-5,77
10808940,63,101,1,76
10809450,88,35,-3,79
10809960,100,76,-2,81
10810470,20,71,-3,84
10810980,84,78,4,80
10811490,89,40,3,77
10812000,9,49,1,76
10812510,73,0,0,76
10813020,55,30,-12,88
10813530,74,41,4,84
10814040,86,52,-2,86
10814550,6,63,10,76
10815060,70,28,-6,82
10815570,82,35,3,79
10816080,94,25,4,75
10816590,17,66,-10,85
10817100,81,73,6,79
10817610,86,35,3,76
10818120,37,44,-7,83
10818630,71,6,8,75
10819140,88,33,1,74
10819650,100,29,-1,75
10820160,20,70,-9,84
10820670,84,7,8,76
10821180,66,34,-8,84
10821690,12,45,7,77
10822200,76,44,-2,79
10822710,98,55,0,79
10823220,18,50,-2,81
10823730,82,12,7,74
10824240,5,39,-7,81
10824750,69,72,5,76
10825260,74,83,-3,79
10825770,99,94,-1,80
10826280,20,3,-1,81
10826790,15,28,5,76
10827300,10,92,-2,78
10827810,74,101,3,75
10828320,79,91,-4,79
10828830,84,27,7,72
10829340,96,68,-3,75
10829850,16,63,-3,78
10830360,80,0,9,69
10830870,62,27,-12,81
10831380,8,4,5,76
10831890,7,15,-5,81
10832400,6,79,0,81
10832910,70,35,2,79
10833420,82,42,-1,80
10833930,2,49,2,78
10834440,66,82,0,78
10834950,91,62,-7,85
10835460,11,69,6,79
10835970,75,34,1,78
10836480,97,41,-1,79
10836990,17,37,0,79
10837500,83,101,2,77
10838010,88,91,-1,78
10838520,93,0,7,71
10839030,75,27,-5,76
10839540,87,36,-1,77
10840050,7,58,-5,82
10840560,71,91,4,78
10841070,76,81,-2,80
10841580,101,92,8,72
10842090,22,1,-7,79
10842600,4,26,-1,80
10843110,68,62,1,79
10843620,93,73,-3,82
10844130,16,84,4,78
10844640,80,21,-2,80
10845150,3,30,-1,81
10845660,67,63,-5,86
10846170,92,74,14,72
10846680,13,69,-7,79
10847190,77,35,2,77
10847700,99,42,-1,78
10848210,19,38,-3,81
10848720,59,0,6,75
10849230,60,25,-10,85
10849740,67,32,3,82
10850250,13,43,0,82
10850760,77,42,-3,85
10851270,89,45,7,78
10851780,9,48,1,77
10852290,73,101,2,75
10852800,78,91,-2,77
10853310,83,27,7,70
10853820,95,17,-8,78
10854330,18,7,-5,83
10854840,0,18,3,80
10855350,64,55,0,80
10855860,12,18,-2,82
10856370,7,82,7,75
10856880,71,38,-2,77
10857390,93,49,2,75
10857900,13,52,-4,79
10858410,77,3,7,72
10858920,59,47,-11,83
10859430,84,9,11,72
10859940,66,21,-3,75
10860450,73,30,-3,78
10860960,85,37,3,75
10861470,5,46,-2,77
10861980,69,99,7,70
10862490,74,89,-9,79
10863000,22,25,-4,83
10863510,8,89,2,81
10864020,72,45,-7,88
10864530,97,56,8,80
10865040,17,59,-2,82
10865550,81,98,3,79
10866060,86,34,-5,84
10866570,6,43,5,79
10867080,70,96,3,76
10867590,95,86,-1,77
10868100,77,97,5,72
10868610,82,77,-10,82
10869120,87,88,6,76
10869630,8,99,-3,79
10870140,72,17,-2,81
10870650,84,26,8,73
10871160,96,16,-5,78
10871670,78,6,0,78
10872180,1,50,3,75
10872690,65,83,-1,76
10873200,13,63,-10,86
10873710,77,0,14,72
10874220,59,30,-12,84
10874730,78,41,-1,85
10875240,86,52,9,76
10875750,6,27,3,73
10876260,70,63,-20,93
10876770,18,74,13,80
10877280,82,11,10,70
10877790,5,51,-10,80
10878300,19,90,7,73
10878810,83,27,-5,78
10879320,95,36,-1,79
10879830,15,32,5,74
10880340,10,96,-6,80
10880850,74,33,-3,83
10881360,86,40,10,73
10881870,6,36,-12,85
10882380,70,59,3,82
10882890,95,70,2,80
10883400,15,77,2,78
10883910,79,14,5,73
10884420,2,58,-3,76
10884930,66,14,-3,79
10885440,91,23,9,70
10885950,47,13,-16,86
10886460,48,38,6,80
10886970,67,0,6,74
10887480,20,44,-11,85
10887990,84,6,12,73
10888500,66,50,-10,83
10889010,14,12,1,82
10889520,9,23,-2,84
10890030,4,87,6,78
10890540,68,5,5,73
10891050,48,49,-10,83
10891560,82,11,10,73
10892070,64,1,-5,78
10892580,46,45,-3,81
10893090,71,7,8,73
10893600,51,51,-13,86
10894110,85,13,7,79
10894620,41,3,-2,81
10895130,42,28,1,80
10895640,76,39,-4,84
10896150,88,46,7,77
10896660,8,53,0,77
10897170,72,4,1,76
10897680,54,48,-4,80
10898190,88,10,2,78
10898700,70,54,-6,84
10899210,95,16,11,73
10899720,77,6,-4,77
10900230,59,50,-4,81
10900740,7,12,6,75
10901250,6,76,-7,82
10901760,70,13,5,77
10902270,50,22,-5,82
10902780,69,33,7,75
10903290,81,44,-8,83
10903800,69,51,-1,84
10904310,17,13,8,76
10904820,12,77,-7,83
10905330,76,14,6,77
10905840,101,23,2,75
10906350,24,13,-2,77
10906860,82,24,4,73
10907370,94,33,-1,74
10907880,4,29,-9,83
10908390,68,82,3,80
10908900,16,83,1,79
10909410,80,20,3,76
10909920,3,29,2,74
10910430,67,49,-12,86
10910940,15,60,5,81
10911450,79,99,6,75
10911960,75,81,-5,80
10912470,23,43,-4,84
10912980,87,5,10,74
10913490,69,49,-14,88
10914000,17,60,3,85
10914510,81,99,11,74
10915020,86,79,-6,80
10915530,68,41,-2,82
10916040,14,52,0,82
10916550,78,14,10,72
10917060,58,23,-12,84
10917570,101,34,8,76
10918080,11,24,-6,82
10918590,6,88,8,74
10919100,70,25,-2,76
10919610,77,32,-1,77
10920120,89,39,-3,80
10920630,101,48,0,80
10921140,21,57,4,76
10921650,85,19,0,76
10922160,8,28,-1,77
10922670,72,92,-4,81
10923180,20,72,-4,85
10923690,84,9,11,74
10924200,66,49,-7,81
10924710,14,11,6,75
10925220,9,24,-6,81
10925730,4,88,4,77
10926240,68,44,-9,86
10926750,93,55,1,85
10927260,3,66,12,73
10927770,67,22,-4,77
10928280,74,31,2,75
10928790,86,40,1,74
10929300,98,43,-5,79
10929810,8,46,2,77
10930320,72,99,0,77
10930830,68,79,-7,84
10931340,54,90,9,75
10931850,79,89,-4,79
10932360,27,90,-6,85
10932870,91,27,10,75
10933380,1,17,3,72
10933890,65,53,-6,78
10934400,90,15,8,70
10934910,13,32,-6,76
10935420,77,96,-3,79
10935930,73,76,-3,82
10936440,21,87,0,82
10936950,85,24,4,78
10937460,97,33,3,75
10937970,7,42,-6,81
10938480,71,95,7,74
10938990,67,75,-7,81
10939500,15,37,1,80
10940010,79,101,3,77
10940520,75,80,-3,80
10941030,100,91,2,78
10941540,3,53,-1,79
10942050,67,4,9,70
10942560,61,0,-4,74
10943070,41,25,-8,82
10943580,60,36,-6,88
10944090,79,47,9,79
10944600,25,58,-1,80
10945110,89,20,5,75
10945620,45,10,-11,86
10946130,46,21,7,79
10946640,65,32,-5,84
10947150,6,43,0,84
10947660,70,96,11,73
10948170,38,76,-9,82
10948680,0,75,4,78
10949190,64,6,1,77
10949700,65,31,-5,82
10950210,11,42,-1,83
10950720,75,4,11,72
10951230,55,48,-10,82
10951740,3,10,-1,83
10952250,2,47,5,78
10952760,66,100,0,78
10953270,91,34,0,78
10953780,1,43,-1,79
10954290,65,96,4,75
10954800,90,95,-5,80
10955310,68,4,10,70
10955820,48,48,-12,82
10956330,73,10,8,74
10956840,53,0,-4,78
10957350,54,25,3,75
10957860,97,36,0,75
10958370,7,26,-10,85
10958880,6,90,16,69
10959390,46,8,-12,81
10959900,47,33,3,78
10960410,66,97,3,75
10960920,91,31,3,72
10961430,1,21,-9,81
10961940,65,54,-5,86
10962450,13,16,3,83
10962960,12,27,0,83
10963470,7,91,8,75
10963980,71,47,-10,85
10964490,17,58,3,82
10965000,81,20,5,77
10965510,4,29,-2,79
10966020,68,93,-1,80
10966530,93,54,-2,82
10967040,13,65,-1,83
10967550,77,2,8,75
10968060,22,46,-5,80
10968570,86,8,6,74
10969080,68,25,-2,76
10969590,52,34,-3,79
10970100,71,45,-7,86
10970610,90,56,12,74
10971120,10,51,-4,78
10971630,74,50,-4,82
10972140,99,61,0,82
10972650,6,68,-1,83
10973160,70,5,9,74
10973670,64,49,-10,84
10974180,12,11,1,83
10974690,7,22,-2,85
10975200,2,86,8,77
10975710,66,42,-4,81
10976220,85,53,2,79
10976730,62,64,-4,83
10977240,10,26,0,83
10977750,5,90,7,76
10978260,69,27,-3,79
10978770,76,38,2,77
10979280,98,49,-1,78
10979790,18,52,3,75
10980300,82,51,-9,84
10980810,28,62,-1,85
10981320,92,61,3,82
10981830,101,43,0,82
10982340,21,52,3,79
10982850,85,51,-2,81
10983360,5,62,1,80
10983870,69,4,9,71
10984380,63,48,-20,91
10984890,11,59,8,83
10985400,75,6,8,75
10985910,69,50,-15,90
10986420,10,12,10,80
10986930,5,23,-4,84
10987440,69,59,2,82
10987950,94,21,8,74
10988460,50,38,-8,82
10988970,75,49,-5,87
10989480,21,60,10,77
10989990,85,59,-9,86
10990500,31,70,11,75
10991010,95,69,-14,89
10991520,51,51,4,85
10992030,76,13,8,77
10992540,56,53,-13,90
10993050,81,64,4,86
10993560,4,26,7,79
10994070,68,62,-2,81
10994580,73,24,8,73
10995090,80,33,-7,80
10995600,87,40,4,76
10996110,7,36,0,76
10996620,71,100,3,73
10997130,76,80,-4,77
10997640,56,91,-1,78
10998150,81,70,-5,83
10998660,86,32,9,74
10999170,98,28,-3,77
10999680,18,18,-1,78
11000190,4,82,0,78
11000700,68,38,-7,85
11001210,87,49,6,79
11001720,7,60,-2,81
11002230,71,2,11,70
11002740,65,46,-18,88
11003250,76,57,4,84
11003760,101,19,8,76
11004270,83,36,-3,79
11004780,95,45,1,78
11005290,15,41,-1,79
11005800,79,3,4,75
11006310,73,47,-10,85
11006820,19,58,5,80
11007330,83,57,1,79
11007840,92,68,-2,81
11008350,48,50,-1,82
11008860,73,12,8,74
11009370,53,52,-11,85
11009880,78,63,6,79
11010390,1,64,-6,85
11010900,65,97,12,73
11011410,90,31,-4,77
11011920,97,27,4,73
11012430,53,17,-8,81
11012940,60,28,2,79
11013450,1,39,1,78
11013960,65,92,1,77
11014470,90,72,-3,80
11014980,68,83,5,75
11015490,54,62,-11,86
11016000,79,73,8,78
11016510,57,84,4,74
11017020,82,64,-7,81
11017530,82,46,-2,83
11018040,91,57,3,80
11018550,100,68,0,80
11019060,7,69,-2,82
11019570,71,11,5,77
11020080,51,55,-9,86
11020590,49,17,-1,87
11021100,50,28,9,78
11021610,69,39,-1,79
11022120,78,50,-2,81
11022630,87,61,-7,88
11023140,96,72,8,80
11023650,3,73,-1,81
11024160,67,29,1,80
11024670,74,40,-1,81
11025180,83,51,5,76
11025690,92,26,-1,77
11026200,48,16,-4,81
11026710,67,27,7,74
11027220,74,38,-8,82
11027730,96,49,8,74
11028240,16,44,-7,81
11028750,80,6,10,71
11029260,62,46,-12,83
11029770,81,57,0,83
11030280,90,68,6,77
11030790,99,69,-7,84
11031300,6,70,10,74
11031810,70,7,-10,84
11032320,71,32,6,78
11032830,78,43,-1,79
11033340,87,54,-5,84
11033850,96,65,6,78
11034360,3,66,0,78
11034870,67,8,3,75
11035380,47,20,-6,81
11035890,66,31,-1,82
11036400,73,42,5,77
11036910,82,53,-3,80
11037420,91,64,1,79
11037930,100,75,0,79
11038440,7,76,-1,80
11038950,71,18,5,75
11039460,78,27,3,72
11039970,85,34,-6,78
11040480,92,24,8,70
11040990,48,14,-16,86
11041500,55,25,2,84
11042010,98,36,1,83
11042520,18,26,2,81
11043030,13,90,3,78
11043540,77,73,-4,82
11044050,55,84,2,80
11044560,80,63,-2,82
11045070,80,74,0,82
11045580,58,85,6,76
11046090,83,75,5,71
11046600,61,76,-12,83
11047110,39,77,-3,86
11047620,1,88,7,79
11048130,65,6,5,74
11048640,59,31,-14,88
11049150,78,42,6,82
11049660,100,53,4,78
11050170,20,54,2,76
11050680,84,53,0,76
11051190,4,64,-1,77
11051700,68,6,-2,79
11052210,62,31,-6,85
11052720,3,42,2,83
11053230,67,95,7,76
11053740,45,75,-1,77
11054250,7,76,-2,79
11054760,71,13,4,75
11055270,78,37,-4,79
11055780,100,48,2,77
11056290,20,49,3,74
11056800,84,11,1,73
11057310,66,51,-6,79
11057820,7,52,-3,82
11058330,71,96,8,74
11058840,30,76,-11,85
11059350,94,13,5,80
11059860,76,25,5,75
11060370,83,26,-2,77
11060880,3,16,2,75
11061390,67,17,-4,79
11061900,74,18,2,77
11062410,78,58,-3,80
11062920,100,59,2,78
11063430,20,60,-3,81
11063940,1,59,-2,83
11064450,65,1,9,74
11064960,18,31,-9,83
11065470,13,95,8,75
11065980,21,32,-4,79
11066490,7,96,4,75
11067000,71,33,-4,79
11067510,93,44,2,77
11068020,13,45,0,77
11068530,77,7,3,74
11069040,33,8,-9,83
11069550,34,19,1,82
11070060,53,30,-4,86
11070570,72,41,8,78
11071080,94,52,0,78
11071590,14,53,5,73
11072100,78,92,-6,79
11072610,56,93,2,77
11073120,81,27,4,73
11073630,1,28,-10,83
11074140,65,64,7,76
11074650,43,65,-6,82
11075160,68,66,-2,84
11075670,66,67,-4,88
11076180,64,68,-2,90
11076690,50,69,-2,92
11077200,36,70,3,89
11077710,100,71,5,84
11078220,78,72,-6,90
11078730,64,73,11,79
11079240,42,74,-6,85
11079750,4,8,-9,94
11080260,3,19,19,75
11080770,67,20,-4,79
11081280,74,21,7,72
11081790,81,22,-2,74
11082300,1,23,-3,77
11082810,65,59,-3,80
11083320,6,60,-1,81
11083830,70,2,12,69
11084340,26,32,-15,84
11084850,12,96,1,83
11085360,32,33,0,83
11085870,68,97,6,77
11086380,46,76,-3,80
11086890,71,77,3,77
11087400,49,78,-5,82
11087910,74,79,10,72
11088420,52,80,0,72
11088930,77,14,-5,77
11089440,84,51,-1,78
11089950,4,52,-2,80
11090460,68,96,6,74
11090970,46,86,-8,82
11091480,8,20,1,81
11091990,7,84,1,80
11092500,71,21,4,76
11093010,78,22,2,74
11093520,100,23,-2,76
11094030,20,71,-9,85
11094540,84,8,16,69
11095050,66,20,-8,77
11095560,73,21,0,77
11096070,80,22,0,77
11096580,87,23,9,68
11097090,7,24,-13,81
11097600,71,88,2,79
11098110,49,89,4,75
11098620,27,23,-8,83
11099130,82,34,7,76
11099640,2,35,2,74
11100150,66,71,-5,79
11100660,44,72,-3,82
11101170,69,6,6,76
11101680,14,7,-4,80
11102190,13,18,1,79
11102700,12,82,2,77
11103210,76,19,-1,78
11103720,83,20,5,73
11104230,3,21,-10,83
11104740,2,57,7,76
11105250,66,13,-7,83
11105760,73,14,7,76
11106270,80,76,-7,83
11106780,85,77,5,78
11107290,63,78,3,75
11107800,41,79,-4,79
11108310,66,80,2,77
11108820,91,81,6,71
11109330,69,67,-7,78
11109840,74,68,-2,80
11110350,72,69,0,80
11110860,70,70,-4,84
11111370,68,71,-5,89
11111880,68,72,-11,100
11112390,93,73,20,80
11112900,71,74,1,79
11113410,71,75,-8,87
11113920,96,86,4,83
11114430,74,97,9,74
11114940,52,31,-12,86
11115450,71,42,8,78
11115960,93,53,4,74
11116470,13,54,-11,85
11116980,1,93,9,76
11117490,17,49,-3,79
11118000,81,11,4,75
11118510,75,48,-7,82
11119020,84,59,-7,89
11119530,93,70,14,75
11120040,13,71,-10,85
11120550,77,8,13,72
11121060,59,9,-6,78
11121570,66,10,0,78
11122080,73,11,5,73
11122590,29,48,-13,86
11123100,93,10,12,74
11123610,75,22,-4,78
11124120,82,23,8,70
11124630,2,24,-13,83
11125140,66,25,-2,85
11125650,73,26,4,81
11126160,80,27,7,74
11126670,87,28,4,70
11127180,7,80,-11,81
11127690,71,17,5,76
11128200,78,18,1,75
11128710,11,19,-7,82
11129220,10,83,5,77
11129730,74,20,0,77
11130240,81,21,1,76
11130750,88,22,0,76
11131260,95,74,-2,78
11131770,78,75,0,78
11132280,9,76,-6,84
11132790,73,13,5,79
11133300,80,14,10,69
11133810,3,51,-10,79
11134320,67,2,3,76
11134830,12,3,-1,77
11135340,11,28,-3,80
11135850,10,92,-1,81
11136360,74,29,-1,82
11136870,81,30,9,73
11137380,88,31,-9,82
11137890,95,32,10,72
11138400,15,33,-7,79
11138910,10,97,5,74
11139420,74,34,-12,86
11139930,81,45,8,78
11140440,89,56,-1,79
11140950,98,67,-7,86
11141460,18,68,14,72
11141970,82,5,0,72
11142480,64,17,-8,80
11142990,71,18,6,74
11143500,78,19,1,73
11144010,85,20,-4,77
11144520,92,21,6,71
11145030,48,11,-15,86
11145540,55,22,7,79
11146050,62,33,-4,83
11146560,69,7,6,77
11147070,14,8,-7,84
11147580,13,19,7,77
11148090,12,83,-4,81
11148600,76,20,7,74
11149110,83,21,0,74
11149620,90,22,-3,77
11150130,97,12,-4,81
11150640,79,24,1,80
11151150,86,25,3,77
11151660,93,26,3,74
11152170,13,78,-5,79
11152680,77,15,8,71
11153190,84,16,0,71
11153700,40,28,-9,80
11154210,59,39,-6,86
11154720,78,50,9,77
11155230,87,61,-4,81
11155740,96,62,-1,82
11156250,3,63,1,81
11156760,67,0,3,78
11157270,12,1,0,78
11157780,13,26,-4,82
11158290,6,90,2,80
11158800,70,27,-6,86
11159310,77,28,14,72
11159820,84,29,-1,73
11160330,91,30,-1,74
11160840,11,82,-1,75
11161350,75,19,3,72
11161860,82,20,-3,75
11162370,89,21,-1,76
11162880,96,33,-1,77
11163390,1,85,-3,80
11163900,65,41,-5,85
11164410,84,52,6,79
11164920,93,53,2,77
11165430,13,54,-6,83
11165940,77,93,5,78
11166450,55,2,0,78
11166960,56,27,-9,87
11167470,75,38,7,80
11167980,97,49,3,77
11168490,17,50,3,74
11169000,81,12,1,73
11169510,63,49,-7,80
11170020,82,50,-3,83
11170530,91,61,8,75
11171040,100,62,-3,78
11171550,21,63,-8,86
11172060,85,62,9,77
11172570,94,63,-3,80
11173080,1,64,3,77
11173590,65,6,-2,79
11174100,66,7,2,77
11174610,67,32,-3,80
11175120,74,43,-2,82
11175630,81,54,4,78
11176140,90,65,3,75
11176650,10,66,-6,81
11177160,74,3,4,77
11177670,19,47,-6,83
11178180,83,9,10,73
11178690,0,21,-6,79
11179200,64,22,1,78
11179710,71,33,-4,82
11180220,93,44,4,78
11180730,13,45,-4,82
11181240,77,44,1,81
11181750,99,55,2,79
11182260,19,56,1,78
11182770,83,57,-10,88
11183280,92,68,9,79
11183790,12,69,-2,81
11184300,76,6,4,77
11184810,95,50,-1,78
11185320,15,51,-2,80
11185830,79,50,2,78
11186340,101,61,-3,81
11186850,21,62,1,80
11187360,85,101,3,77
11187870,63,0,6,71
11188380,16,44,-9,80
11188890,80,6,3,77
11189400,25,50,-7,84
11189910,89,12,5,79
11190420,71,24,3,76
11190930,78,61,-4,80
11191440,97,62,10,70
11191950,17,63,-9,79
11192460,81,0,1,78
11192970,34,44,-2,80
11193480,89,6,8,72
11193990,71,18,-3,75
11194500,78,55,-3,78
11195010,87,66,1,77
11195520,96,67,3,74
11196030,16,68,-6,80
11196540,80,5,7,73
11197050,25,49,-6,79
11197560,26,48,-2,81
11198070,90,10,3,78
11198580,43,47,-3,81
11199090,21,58,-2,83
11199600,85,57,4,79
11200110,94,68,-4,83
11200620,1,69,5,78
11201130,65,11,-2,80
11201640,72,48,2,78
11202150,81,59,-6,84
11202660,90,70,6,78
11203170,99,71,3,75
11203680,19,72,-11,86
11204190,83,9,13,73
11204700,36,53,-11,84
11205210,86,54,6,78
11205720,6,65,0,78
11206230,70,7,1,77
11206740,77,44,-2,79
11207250,99,55,-3,82
11207760,19,58,6,76
11208270,83,57,-7,83
11208780,92,58,6,77
11209290,101,69,0,77
11209800,21,70,-7,84
11210310,85,7,8,76
11210820,67,51,-8,84
11211330,86,62,2,82
11211840,32,63,2,80
11212350,33,62,-1,81
11212860,34,63,0,81
11213370,35,64,1,80
11213880,36,63,-5,85
11214390,37,64,1,84
11214900,38,65,6,78
11215410,39,66,-4,82
11215920,40,67,4,78
11216430,41,68,-6,84
11216940,42,69,8,76
11217450,43,68,-6,82
11217960,51,69,2,80
11218470,101,70,-4,84
11218980,21,71,1,83
11219490,85,8,2,81
11220000,86,20,7,74
11220510,93,72,-11,85
11221020,71,73,0,85
11221530,12,84,1,84
11222040,76,21,9,75
11222550,83,73,-4,79
11223060,61,84,1,78
11223570,39,64,-5,83
11224080,40,65,3,80
11224590,90,66,7,73
11225100,10,67,-12,85
11225610,74,9,11,74
11226120,81,46,-4,78
11226630,66,57,-3,81
11227140,7,68,5,76
11227650,71,10,-3,79
11228160,78,47,-2,81
11228670,100,58,4,77
11229180,20,61,-5,82
11229690,84,60,-5,87
11230200,1,71,3,84
11230710,65,13,8,76
11231220,72,50,-6,82
11231730,91,61,-1,83
11232240,11,62,4,79
11232750,75,4,9,70
11233260,82,48,-14,84
11233770,23,59,5,79
11234280,24,58,-3,82
11234790,88,57,5,77
11235300,8,86,-4,81
11235810,72,28,5,76
11236320,79,80,-5,81
11236830,57,91,12,69
11237340,62,81,-12,81
11237850,40,82,0,81
11238360,2,19,-1,82
11238870,66,20,1,81
11239380,7,72,4,77
11239890,71,14,-2,79
11240400,78,66,0,79
11240910,19,77,-2,81
11241420,83,14,9,72
11241930,90,66,-9,81
11242440,10,77,0,81
11242950,74,19,4,77
11243460,81,71,-6,83
11243970,22,82,7,76
11244480,25,19,-5,81
11244990,44,30,-4,85
11245500,63,41,-6,91
11246010,4,52,13,78
11246520,68,96,5,73
11247030,46,86,-10,83
11247540,47,68,2,81
11248050,97,48,0,81
11248560,17,51,-2,83
11249070,81,50,3,80
11249580,1,57,-5,85
11250090,65,101,10,75
11250600,43,6,-12,87
11251110,44,31,8,79
11251620,63,42,1,78
11252130,4,49,0,78
11252640,68,93,6,72
11253150,46,83,-10,82
11253660,47,65,8,74
11254170,97,45,-4,78
11254680,17,97,-4,82
11255190,25,34,0,82
11255700,11,98,8,74
11256210,75,35,-9,83
11256720,82,46,6,77
11257230,2,49,-4,81
11257740,66,82,5,76
11258250,44,83,-11,87
11258760,45,65,8,79
11259270,46,66,-4,83
11259780,96,67,3,80
11260290,3,68,-2,82
11260800,67,10,9,73
11261310,68,62,-14,87
11261820,9,73,5,82
11262330,73,10,8,74
11262840,74,27,-7,81
11263350,81,79,6,75
11263860,59,45,-7,82
11264370,0,56,-2,84
11264880,64,89,9,75
11265390,42,69,-8,83
11265900,43,70,7,76
11266410,44,50,-10,86
11266920,45,12,2,84
11267430,46,23,5,79
11267940,65,34,-3,82
11268450,6,45,4,78
11268960,70,18,3,75
11269470,77,70,-9,84
11269980,23,81,5,79
11270490,26,18,-4,83
11271000,81,29,9,74
11271510,1,81,-4,78
11272020,65,45,-5,83
11272530,84,52,-3,86
11273040,4,63,4,82
11273550,68,5,7,75
11274060,69,22,-4,79
11274570,76,74,-3,82
11275080,17,85,-5,87
11275590,18,22,5,82
11276100,17,86,2,80
11276610,20,23,0,80
11277120,6,87,9,71
11277630,70,24,-5,76
11278140,77,76,-2,78
11278650,23,87,-2,80
11279160,26,24,-3,83
11279670,30,88,-1,84
11280180,31,25,0,84
11280690,86,36,4,80
11281200,93,88,5,75
11281710,71,99,3,72
11282220,76,79,-5,77
11282730,54,90,2,75
11283240,59,72,-7,82
11283750,60,73,1,81
11284260,61,74,1,80
11284770,62,75,0,80
11285280,8,76,-4,84
11285790,72,13,4,80
11286300,79,65,1,79
11286810,25,76,-1,80
11287320,26,13,-5,85
11287830,27,24,3,82
11288340,31,35,1,81
11288850,9,99,10,71
11289360,17,17,-6,77
11289870,3,81,-1,78
11290380,67,13,-1,79
11290890,74,65,-4,83
11291400,20,27,-1,84
11291910,6,91,10,74
11292420,33,28,-7,81
11292930,37,92,-2,83
11293440,38,29,-4,87
11293950,57,40,8,79
11294460,76,51,-2,81
11294970,85,58,0,81
11295480,94,59,7,74
11295990,14,60,-9,83
11296500,78,99,9,74
11297010,56,89,-3,77
11297520,61,71,-3,80
11298030,62,53,-6,86
11298540,81,15,13,73
11299050,88,67,-1,74
11299560,8,68,-5,79
11300070,72,5,7,72
11300580,73,22,-4,76
11301090,80,74,-6,82
11301600,85,85,8,74
11302110,63,96,1,73
11302620,68,86,-5,78
11303130,73,66,1,77
11303640,19,28,-2,79
11304150,23,92,-2,81
11304660,24,29,0,81
11305170,28,93,1,80
11305680,29,30,-4,84
11306190,33,94,2,82
11306700,34,31,-5,87
11307210,35,95,5,82
11307720,36,32,0,82
11308230,55,96,4,78
11308740,56,78,4,74
11309250,61,58,-10,84
11309760,62,20,3,81
11310270,69,72,3,78
11310780,74,83,1,77
11311290,79,84,0,77
11311800,57,95,1,76
11312310,62,94,1,75
11312820,67,74,-8,83
11313330,8,36,2,81
11313840,72,100,5,76
11314350,77,80,-1,77
11314860,23,91,-5,82
11315370,24,28,-1,83
11315880,28,92,5,78
11316390,29,29,4,74
11316900,33,93,-7,81
11317410,34,30,-3,84
11317920,53,94,6,78
11318430,78,93,-2,80
11318940,83,73,-2,82
11319450,88,35,6,76
11319960,8,87,0,76
11320470,72,24,1,75
11320980,79,76,-2,77
11321490,84,87,-3,80
11322000,62,98,5,75
11322510,67,78,1,74
11323020,72,79,-8,82
11323530,77,41,-1,83
11324040,84,52,1,82
11324550,93,53,2,80
11325060,13,54,3,77
11325570,77,16,1,76
11326080,84,68,1,75
11326590,5,30,-4,79
11327100,69,94,4,75
11327610,74,74,4,71
11328120,79,36,-3,74
11328630,101,88,-11,85
11329140,79,99,16,69
11329650,57,79,-11,80
11330160,5,59,2,78
11330670,69,1,6,72
11331180,70,45,-13,85
11331690,89,56,10,75
11332200,98,57,1,74
11332710,18,58,-10,84
11333220,82,20,8,76
11333730,89,72,-2,78
11334240,10,73,-6,84
11334750,74,15,7,77
11335260,81,67,-13,90
11335770,82,29,12,78
11336280,89,81,-2,80
11336790,94,43,6,74
11337300,14,39,-9,83
11337810,78,1,12,71
11338320,79,31,-7,78
11338830,86,83,-1,79
11339340,64,94,6,73
11339850,69,74,-7,80
11340360,10,36,1,79
11340870,74,100,5,74
11341380,79,80,-3,77
11341890,57,42,-6,83
11342400,76,4,7,76
11342910,77,21,1,75
11343420,84,73,1,74
11343930,5,84,-1,75
11344440,69,48,-8,83
11344950,88,59,4,79
11345460,97,66,4,75
11345970,4,67,-5,80
11346480,68,31,-4,84
11346990,75,42,3,81
11347500,82,53,-3,84
11348010,91,64,9,75
11348520,100,65,-4,79
11349030,7,66,-8,87
11349540,17,8,11,76
11350050,18,19,-5,81
11350560,22,30,3,78
11351070,8,94,-2,80
11351580,72,58,-7,87
11352090,91,69,8,79
11352600,100,70,5,74
11353110,7,71,-4,78
11353620,71,35,-7,85
11354130,78,46,4,81
11354640,87,57,-5,86
11355150,96,68,4,82
11355660,3,69,9,73
11356170,67,33,-8,81
11356680,74,44,0,81
11357190,93,45,6,75
11357700,13,46,-5,80
11358210,77,8,2,78
11358720,78,25,3,75
11359230,85,77,-1,76
11359740,63,88,-4,80
11360250,11,68,0,80
11360760,75,5,6,74
11361270,76,22,-4,78
11361780,83,74,0,78
11362290,29,85,-5,83
11362800,30,22,-1,84
11363310,49,86,7,77
11363820,50,68,1,76
11364330,100,48,-2,78
11364840,20,51,-5,83
11365350,84,50,6,77
11365860,4,61,-5,82
11366370,68,32,3,79
11366880,75,43,-7,86
11367390,94,54,7,79
11367900,14,57,0,79
11368410,78,96,3,76
11368920,56,76,-6,82
11369430,4,56,0,82
11369940,68,100,11,71
11370450,73,90,0,71
11370960,51,80,-16,87
11371470,101,62,8,79
11371980,21,63,2,77
11372490,85,0,-5,82
11373000,86,30,8,74
11373510,93,82,-12,86
11374020,71,93,9,77
11374530,76,73,-12,89
11375040,95,84,18,71
11375550,16,95,-9,80
11376060,24,32,0,80
11376570,28,96,-3,83
11377080,29,33,7,76
11377590,33,97,-2,78
11378100,34,34,-6,84
11378610,53,98,9,75
11379120,78,35,-8,83
11379630,85,46,5,78
11380140,5,57,0,78
11380650,69,21,-1,79
11381160,35,73,-3,82
11381670,99,72,-1,83
11382180,6,73,4,79
11382690,70,37,-1,80
11383200,77,48,-4,84
11383710,91,59,6,78
11384220,100,70,-1,79
11384730,7,52,-3,82
11385240,71,91,10,72
11385750,76,81,-15,87
11386260,90,92,12,75
11386770,68,1,2,73
11387280,69,31,-7,80
11387790,76,42,-7,87
11388300,83,53,5,82
11388810,92,64,1,81
11389320,12,65,1,80
11389830,76,2,8,72
11390340,77,32,-11,83
11390850,84,84,5,78
11391360,62,95,0,78
11391870,87,75,-9,87
11392380,65,86,10,77
11392890,70,66,-5,82
11393400,89,77,4,78
11393910,10,88,3,75
11394420,74,25,-5,80
11394930,17,77,-2,82
11395440,81,14,4,78
11395950,9,31,-4,82
11396460,73,30,5,77
11396970,80,82,0,77
11397480,58,93,0,77
11397990,86,83,2,75
11398500,64,94,-2,77
11399010,69,84,1,76
11399520,74,85,-6,82
11400030,0,72,3,79
11400540,64,36,-3,82
11401050,83,47,3,79
11401560,3,50,0,79
11402070,32,89,4,75
11402580,57,53,-10,85
11403090,76,54,3,82
11403600,95,55,5,77
11404110,15,56,-7,84
11404620,79,95,11,73
11405130,57,85,-7,80
11405640,85,75,6,74
11406150,6,86,1,73
11406660,70,23,-5,78
11407170,77,75,0,78
11407680,91,86,-4,82
11408190,12,97,5,77
11408700,76,34,-3,80
11409210,83,86,-1,81
11409720,61,97,7,74
11410230,86,34,3,71
11410740,6,30,-10,81
11411250,70,31,-4,85
11411760,77,42,10,75
11412270,99,45,0,75
11412780,19,48,-2,77
11413290,83,47,-5,82
11413800,3,58,-1,83
11414310,67,97,8,75
11414820,72,87,-6,81
11415330,77,88,4,77
11415840,3,68,-3,80
11416350,67,5,9,71
11416860,74,35,-13,84
11417370,96,46,9,75
11417880,16,49,-6,81
11418390,80,48,1,80
11418900,0,59,-1,81
11419410,64,98,6,75
11419920,69,88,-3,78
11420430,74,89,0,78
11420940,79,90,-1,79
11421450,84,91,-3,82
11421960,62,0,4,78
11422470,63,30,3,75
11422980,70,41,-5,80
11423490,77,52,1,79
11424000,99,53,-3,82
11424510,19,56,3,79
11425020,83,55,-3,82
11425530,3,56,-2,84
11426040,67,95,10,74
11426550,72,85,-1,75
11427060,95,86,3,72
11427570,16,87,-3,75
11428080,80,24,2,73
11428590,87,76,-2,75
11429100,8,77,-1,76
11429610,72,14,-3,79
11430120,79,66,-8,87
11430630,98,67,11,76
11431140,18,68,-5,81
11431650,82,5,9,72
11432160,64,35,-6,78
11432670,83,46,-3,81
11433180,3,49,3,78
11433690,67,88,2,76
11434200,95,78,-1,77
11434710,16,79,-3,80
11435220,80,16,10,70
11435730,87,68,-11,81
11436240,7,69,-2,83
11436750,71,6,9,74
11437260,78,36,-1,75
11437770,100,88,1,74
11438280,21,99,-9,83
11438790,85,36,9,74
11439300,5,88,2,72
11439810,69,25,-8,80
11440320,61,95,6,74
11440830,66,94,1,73
11441340,71,84,-5,78
11441850,76,85,-3,81
11442360,81,86,6,75
11442870,59,87,-5,80
11443380,84,24,1,79
11443890,91,76,-2,81
11444400,12,87,5,76
11444910,76,24,0,76
11445420,83,76,-2,78
11445930,4,87,5,73
11446440,68,24,-9,82
11446950,75,76,2,80
11447460,89,87,7,73
11447970,72,98,-2,75
11448480,77,88,4,71
11448990,100,89,-6,77
11449500,21,100,2,75
11450010,85,37,-3,78
11450520,5,89,1,77
11451030,69,7,2,75
11451540,70,37,-13,88
11452050,77,48,4,84
11452560,99,59,6,78
11453070,19,62,-5,83
11453580,83,101,12,71
11454090,66,100,-5,76
11454600,89,90,2,74
11455110,10,101,0,74
11455620,74,38,-11,85
11456130,81,49,6,79
11456640,1,60,0,79
11457150,65,99,7,72
11457660,70,79,-11,83
11458170,98,90,8,75
11458680,19,101,-7,82
11459190,83,38,6,76
11459700,3,90,0,76
11460210,67,27,-6,82
11460720,74,87,1,81
11461230,0,86,1,80
11461740,64,50,-7,87
11462250,83,61,8,79
11462760,39,72,-3,82
11463270,1,71,7,75
11463780,65,35,-13,88
11464290,84,55,8,80
11464800,4,66,0,80
11465310,68,3,7,73
11465820,69,33,-3,76
11466330,76,36,-5,81
11466840,83,88,5,76
11467350,4,99,0,76
11467860,68,36,-3,79
11468370,75,47,-9,88
11468880,82,58,5,83
11469390,38,69,4,79
11469900,63,68,-6,85
11470410,91,79,8,77
11470920,12,90,0,77
11471430,76,8,4,73
11471940,83,25,0,73
11472450,90,77,-4,77
11472960,11,88,5,72
11473470,75,25,-7,79
11473980,82,77,-2,81
11474490,3,88,8,73
11475000,67,25,-5,78
11475510,74,36,-4,82
11476020,81,39,0,82
11476530,88,42,12,70
11477040,8,45,-12,82
11477550,72,18,0,82
11478060,79,70,-2,84
11478570,0,81,7,77
11479080,64,45,2,75
11479590,83,48,-4,79
11480100,90,51,0,79
11480610,10,54,-4,83
11481120,74,93,10,73
11481630,79,73,-3,76
11482140,0,84,2,74
11482650,64,48,-4,78
11483160,83,59,-3,81
11483670,39,70,-1,82
11484180,64,69,0,82
11484690,92,80,7,75
11485200,13,91,-2,77
11485710,77,28,2,75
11486220,84,80,-6,81
11486730,5,91,2,79
11487240,69,28,0,79
11487750,76,39,-2,81
11488260,4,42,2,79
11488770,68,6,1,78
11489280,69,36,-5,83
11489790,88,47,3,80
11490300,95,50,3,77
11490810,15,53,-2,79
11491320,79,52,-4,83
11491830,35,11,-3,86
11492340,54,22,4,82
11492850,61,33,1,81
11493360,80,44,3,78
11493870,87,47,2,76
11494380,94,50,1,75
11494890,14,53,0,75
11495400,78,92,-2,77
11495910,83,91,4,73
11496420,65,71,-7,80
11496930,79,33,4,76
11497440,86,36,0,76
11497950,93,39,-1,77
11498460,100,42,-1,78
11498970,5,45,-5,83
11499480,69,9,7,76
11499990,76,5,1,75
11500500,58,35,-12,87
11501010,77,38,6,81
11501520,5,41,-1,82
11502030,69,74,6,76
11502540,74,85,-5,81
11503050,79,96,5,76
11503560,84,95,4,72
11504070,66,5,-3,75
11504580,73,35,-4,79
11505090,1,36,4,75
11505600,38,69,-7,82
11506110,63,68,2,80
11506620,91,79,4,76
11507130,12,90,2,74
11507640,76,27,-7,81
11508150,83,68,4,77
11508660,88,79,5,72
11509170,70,90,-6,78
11509680,75,70,-1,79
11510190,80,81,1,78
11510700,85,92,6,72
11511210,67,83,-9,81
11511720,72,94,1,80
11512230,77,93,3,77
11512740,82,92,-1,78
11513250,13,72,-1,79
11513760,77,9,4,75
11514270,5,26,-5,80
11514780,69,44,0,80
11515290,76,55,-6,86
11515800,95,66,9,77
11516310,15,77,-5,82
11516820,79,14,9,73
11517330,7,31,-1,74
11517840,71,30,-4,78
11518350,78,33,3,75
11518860,85,36,-4,79
11519370,5,39,3,76
11519880,69,12,4,72
11520390,76,64,-13,85
11520900,81,75,6,79
11521410,86,86,4,75
11521920,91,97,1,74
11522430,69,96,-5,79
11522940,74,86,4,75
11523450,79,18,2,73
11523960,86,70,-7,80
11524470,91,81,1,79
11524980,89,92,10,69
11525490,67,1,-6,75
11526000,68,31,-13,88
11526510,75,42,10,78
11527020,3,45,0,78
11527530,67,78,0,78
11528040,95,77,-2,80
11528550,51,88,5,75
11529060,56,87,0,75
11529570,61,86,-1,76
11530080,66,76,-3,79
11530590,71,75,-4,83
11531100,99,86,1,82
11531610,20,97,0,82
11532120,28,34,-2,84
11532630,32,98,4,80
11533140,37,35,-5,85
11533650,56,99,11,74
11534160,61,98,-2,76
11534670,66,43,-4,80
11535180,85,54,3,77
11535690,5,57,-10,87
11536200,69,21,11,76
11536710,76,73,-3,79
11537220,81,84,-1,80
11537730,86,95,3,77
11538240,91,4,7,70
11538750,73,75,-11,81
11539260,78,86,2,79
11539770,83,97,4,75
11540280,61,16,2,73
11540790,68,68,-8,81
11541300,73,79,1,80
11541810,101,90,6,74
11542320,22,101,0,74
11542830,30,74,-6,80
11543340,28,11,2,78
11543850,47,22,-3,81
11544360,66,33,4,77
11544870,96,44,-3,80
11545380,16,47,3,77
11545890,80,46,-7,84
11546400,0,57,3,81
11546910,64,21,-1,82
11547420,71,32,1,81
11547930,93,43,8,73
11548440,13,46,-5,78
11548950,77,45,3,75
11549460,99,48,-2,77
11549970,19,51,-1,78
11550480,83,50,1,77
11550990,3,53,-1,78
11551500,67,17,2,76
11552010,74,69,-8,84
11552520,79,80,12,72
11553030,84,91,-9,81
11553540,89,0,7,74
11554050,71,30,-2,76
11554560,93,33,6,70
11555070,13,74,-10,80
11555580,77,11,6,74
11556090,5,82,-3,77
11556600,69,46,-6,83
11557110,88,49,7,76
11557620,8,52,-3,79
11558130,72,1,5,74
11558640,17,31,-7,81
11559150,12,95,4,77
11559660,20,32,0,77
11560170,24,96,-2,79
11560680,32,33,2,77
11561190,30,97,-6,83
11561700,28,34,-5,88
11562210,32,98,5,83
11562720,37,35,-3,86
11563230,61,99,12,74
11563740,66,98,-4,78
11564250,71,17,5,73
11564760,78,69,-9,82
11565270,83,80,7,75
11565780,97,91,1,74
11566290,75,0,-5,79
11566800,20,38,-2,81
11567310,15,0,3,78
11567820,99,49,-1,79
11568330,19,52,-1,80
11568840,83,51,-4,84
11569350,3,54,2,82
11569860,67,18,11,71
11570370,74,70,-6,77
11570880,79,81,3,74
11571390,84,92,-4,78
11571900,89,73,4,74
11572410,45,53,-3,77
11572920,64,15,5,72
11573430,71,67,-9,81
11573940,76,78,2,79
11574450,23,89,-2,81
11574960,31,26,1,80
11575470,50,90,5,75
11575980,75,89,-3,78
11576490,80,69,-3,81
11577000,85,80,9,72
11577510,90,42,-3,75
11578020,10,45,-1,76
11578530,74,18,-1,77
11579040,81,70,-3,80
11579550,86,81,4,76
11580060,91,92,1,75
11580570,69,1,-1,76
11581080,14,31,-7,83
11581590,18,95,9,74
11582100,26,35,-8,82
11582610,30,99,2,80
11583120,55,36,-3,83
11583630,74,47,-4,87
11584140,93,58,10,77
11584650,13,61,-6,83
11585160,77,10,9,74
11585670,5,81,-5,79
11586180,69,45,-6,85
11586690,88,56,6,79
11587200,8,59,6,73
11587710,72,32,-10,83
11588220,0,35,2,81
11588730,64,68,1,80
11589240,92,30,10,70
11589750,12,82,-11,81
11590260,20,31,8,73
11590770,24,95,-9,82
11591280,32,32,2,80
11591790,51,96,1,79
11592300,76,60,-4,83
11592810,95,22,11,72
11593320,23,74,-10,82
11593830,21,73,1,81
11594340,85,10,10,71
11594850,13,81,-12,83
11595360,77,30,7,76
11595870,5,33,-3,79
11596380,69,99,7,72
11596890,74,18,-2,74
11597400,2,70,-6,80
11597910,66,34,0,80
11598420,96,45,8,72
11598930,16,48,-7,79
11599440,80,10,6,73
11599950,8,81,1,72
11600460,72,45,-5,77
11600970,0,48,0,77
11601480,64,81,0,77
11601990,92,61,-6,83
11602500,12,64,5,78
11603010,76,13,1,77
11603520,4,65,-3,80
11604030,68,98,7,73
11604540,73,17,-3,76
11605050,80,69,-3,79
11605560,1,31,-5,84
11606070,65,44,3,81
11606580,84,47,3,78
11607090,4,50,6,72
11607600,68,83,-6,78
11608110,73,63,0,78
11608620,96,25,3,75
11609130,24,77,-5,80
11609640,22,26,1,79
11610150,87,90,-1,80
11610660,85,71,2,78
11611170,6,33,2,76
11611680,70,32,-3,79
11612190,77,35,2,77
11612700,5,87,1,76
11613210,69,51,0,76
11613720,99,13,-1,77
11614230,27,84,-2,79
11614740,30,32,0,79
11615250,28,96,-11,90
11615760,92,33,17,73
11616270,12,85,1,72
11616780,20,25,-5,77
11617290,24,89,-3,80
11617800,27,26,-4,84
11618310,71,90,10,74
11618820,76,70,-3,77
11619330,74,32,-7,84
11619840,81,84,8,76
11620350,86,46,-2,78
11620860,6,49,-1,79
11621370,70,82,3,76
11621880,93,62,2,74
11622390,13,65,-6,80
11622900,77,14,9,71
11623410,5,66,-11,82
11623920,69,99,11,71
11624430,74,18,0,71
11624940,81,70,-8,79
11625450,2,32,-3,82
11625960,66,96,5,77
11626470,71,38,-6,83
11626980,101,41,6,77
11627490,21,44,-2,79
11628000,25,6,-2,81
11628510,44,31,3,78
11629020,63,95,6,72
11629530,68,75,-1,73
11630040,73,55,-11,84
11630550,92,17,10,74
11631060,48,88,-2,76
11631570,73,87,-2,78
11632080,78,67,-2,80
11632590,101,29,7,73
11633100,21,81,-9,82
11633610,28,30,4,78
11634120,26,94,-4,82
11634630,33,31,1,81
11635140,91,95,-2,83
11635650,74,76,0,83
11636160,88,38,8,75
11636670,8,41,-3,78
11637180,72,40,-7,85
11637690,0,92,13,72
11638200,3,56,-11,83
11638710,67,89,6,77
11639220,72,68,-6,83
11639730,86,30,10,73
11640240,6,82,-2,75
11640750,62,31,-1,76
11641260,92,34,1,75
11641770,12,86,-1,76
11642280,20,35,-7,83
11642790,15,99,2,81
11643300,23,72,5,76
11643810,21,20,-10,86
11644320,16,84,0,86
11644830,80,33,16,70
11645340,0,85,-8,78
11645850,3,16,-5,83
11646360,6,80,8,75
11646870,70,11,1,74
11647380,26,82,-4,78
11647890,24,30,2,76
11648400,6,94,-2,78
11648910,9,67,-7,85
11649420,73,71,5,80
11649930,96,33,6,74
11650440,16,85,-7,81
11650950,24,34,-2,83
11651460,58,98,5,78
11651970,63,97,5,73
11652480,68,16,-2,75
11652990,75,68,-5,80
11653500,98,30,5,75
11654010,18,82,-4,79
11654520,26,19,-6,85
11655030,45,83,5,80
11655540,50,82,0,80
11656050,75,81,-1,81
11656560,98,61,0,81
11657070,18,64,-1,82
11657580,82,63,5,77
11658090,38,84,-1,78
11658600,43,83,4,74
11659110,48,82,-1,75
11659620,53,62,-5,80
11660130,67,24,1,79
11660640,74,76,-5,84
11661150,88,38,9,75
11661660,8,41,-7,82
11662170,72,40,-1,83
11662680,28,92,-1,84
11663190,92,29,4,80
11663700,48,81,3,77
11664210,98,80,-4,81
11664720,54,55,1,80
11665230,68,17,4,76
11665740,75,69,-1,77
11666250,98,31,4,73
11666760,18,83,-10,83
11667270,82,20,7,76
11667780,38,72,-8,84
11668290,63,71,6,78
11668800,68,33,-3,81
11669310,90,85,2,79
11669820,73,47,3,76
11670330,29,50,-12,88
11670840,63,12,5,83
11671350,70,64,-1,84
11671860,84,26,13,71
11672370,4,78,-4,75
11672880,68,9,0,75
11673390,24,80,-6,81
11673900,88,17,6,75
11674410,44,69,-10,85
11674920,78,31,6,79
11675430,100,83,-4,83
11675940,83,45,7,76
11676450,3,48,-3,79
11676960,67,81,3,76
11677470,72,60,-2,78
11677980,77,22,1,77
11678490,84,74,8,69
11679000,5,54,-15,84
11679510,22,87,2,82
11680020,86,24,8,74
11680530,42,76,-7,81
11681040,67,75,-3,84
11681550,90,56,2,82
11682060,10,59,3,79
11682570,74,8,0,79
11683080,30,79,-1,80
11683590,94,16,5,75
11684100,50,87,-6,81
11684610,75,86,0,81
11685120,80,66,-1,82
11685630,1,28,5,77
11686140,65,61,-3,80
11686650,70,23,5,75
11687160,77,75,-4,79
11687670,60,37,-2,81
11688180,79,44,3,78
11688690,101,47,0,78
11689200,21,50,-6,84
11689710,85,12,12,72
11690220,41,83,-12,84
11690730,3,82,4,80
11691240,67,13,1,79
11691750,74,65,-5,84
11692260,97,27,10,74
11692770,17,79,-6,80
11693280,81,16,6,74
11693790,37,68,-7,81
11694300,62,30,-3,84
11694810,69,37,5,79
11695320,25,40,-7,86
11695830,59,2,9,77
11696340,15,32,-3,80
11696850,10,96,7,73
11697360,18,69,-8,81
11697870,82,42,0,81
11698380,2,45,-1,82
11698890,66,78,4,78
11699400,89,40,-7,85
11699910,9,43,7,78
11700420,73,5,3,75
11700930,29,76,-9,84
11701440,93,75,-2,86
11701950,74,37,4,82
11702460,30,89,-1,83
11702970,59,26,2,81
11703480,66,78,1,80
11703990,89,40,5,75
11704500,9,43,-11,86
11705010,73,42,7,79
11705520,29,45,-3,82
11706030,63,40,2,80
11706540,82,43,1,79
11707050,2,46,-4,83
11707560,66,79,5,78
11708070,89,58,-6,84
11708580,98,61,6,78
11709090,18,64,1,77
11709600,82,63,-1,78
11710110,38,25,-6,84
11710620,57,89,11,73
11711130,62,69,-8,81
11711640,76,31,9,72
11712150,32,8,-9,81
11712660,51,98,7,74
11713170,56,97,-1,75
11713680,61,70,-1,76
11714190,84,32,-1,77
11714700,40,84,-6,83
11715210,2,46,3,80
11715720,66,79,-3,83
11716230,80,41,6,77
11716740,0,44,-4,81
11717250,64,77,0,81
11717760,78,76,4,77
11718270,61,38,-4,81
11718780,80,45,-1,82
11719290,0,48,3,79
11719800,64,81,2,77
11720310,87,60,-6,83
11720820,96,22,9,74
11721330,52,74,0,74
11721840,75,54,-6,80
11722350,31,16,-2,82
11722860,50,23,0,82
11723370,69,30,6,76
11723880,99,82,4,72
11724390,55,44,-11,83
11724900,74,6,9,74
11725410,30,77,-11,85
11725920,94,39,7,78
11726430,14,42,1,77
11726940,78,4,7,70
11727450,60,75,-10,80
11727960,8,37,1,79
11728470,72,101,0,79
11728980,77,81,3,76
11729490,60,43,-4,80
11730000,79,5,10,70
11730510,61,76,-10,80
11731020,9,38,0,80
11731530,73,0,5,75
11732040,29,30,-13,88
11732550,63,94,14,74
11733060,86,73,-8,82
11733570,7,35,4,78
11734080,71,99,2,76
11734590,76,78,1,75
11735100,72,40,-7,82
11735610,0,43,10,72
11736120,64,76,-9,81
11736630,87,38,3,78
11737140,7,41,2,76
11737650,71,3,-1,77
11738160,27,74,-7,84
11738670,91,73,6,78
11739180,100,35,0,78
11739690,28,87,-4,82
11740200,26,35,-3,85
11740710,21,99,-2,87
11741220,85,72,11,76
11741730,68,34,-8,84
11742240,98,37,9,75
11742750,18,40,-6,81
11743260,82,2,9,72
11743770,64,73,-9,81
11744280,78,35,2,79
11744790,6,38,-3,82
11745300,70,11,8,74
11745810,100,82,2,72
11746320,7,44,-9,81
11746830,71,17,7,74
11747340,101,69,-3,77
11747850,8,72,-3,80
11748360,72,3,4,76
11748870,0,74,-7,83
11749380,64,5,9,74
11749890,94,76,-2,76
11750400,50,38,-4,80
11750910,69,0,3,77
11751420,25,30,-7,84
11751930,59,94,5,79
11752440,7,93,-5,84
11752950,71,66,-7,91
11753460,85,28,18,73
11753970,13,5,-11,84
11754480,8,16,5,79
11754990,11,80,-3,82
11755500,75,11,12,70
11756010,3,82,-10,80
11756520,67,13,6,74
11757030,97,45,-7,81
11757540,25,48,-1,82
11758050,59,10,1,81
11758560,78,42,7,74
11759070,6,45,-7,81
11759580,70,78,4,77
11760090,84,40,-1,78
11760600,12,43,3,75
11761110,76,5,7,68
11761620,4,76,-11,79
11762130,68,26,5,74
11762640,98,29,-1,75
11763150,26,81,-5,80
11763660,24,29,-1,81
11764170,58,93,3,78
11764680,63,57,0,78
11765190,82,19,5,73
11765700,10,28,-5,78
11766210,5,92,3,75
11766720,69,32,-2,77
11767230,99,35,-3,80
11767740,27,38,3,77
11768250,61,0,-2,79
11768760,6,30,2,77
11769270,70,94,3,74
11769780,75,73,-6,80
11770290,73,35,-3,83
11770800,1,38,6,77
11771310,65,11,1,76
11771820,95,82,5,71
11772330,78,44,-6,77
11772840,6,47,2,75
11773350,70,2,-2,77
11773860,26,73,-8,85
11774370,90,46,6,79
11774880,18,49,-5,84
11775390,82,11,12,72
11775900,10,82,-17,89
11776410,74,22,10,79
11776920,81,74,2,77
11777430,64,36,-6,83
11777940,94,47,7,76
11778450,22,50,-2,78
11778960,86,12,3,75
11779470,14,83,-5,80
11779980,78,56,-1,81
11780490,6,18,2,79
11781000,1,82,1,78
11781510,65,46,-6,84
11782020,84,8,6,78
11782530,12,79,-1,79
11783040,76,19,6,73
11783550,83,71,-7,80
11784060,97,33,8,72
11784570,25,36,-8,80
11785080,59,100,2,78
11785590,7,101,1,77
11786100,71,19,-2,79
11786610,78,71,6,73
11787120,61,33,-6,79
11787630,91,44,1,78
11788140,19,47,0,78
11788650,14,9,-4,82
11789160,9,20,0,82
11789670,4,84,1,81
11790180,68,48,0,81
11790690,87,10,10,71
11791200,43,81,-8,79
11791710,62,43,0,79
11792220,81,5,9,70
11792730,9,76,-14,84
11793240,73,16,11,73
11793750,1,68,-8,81
11794260,65,101,4,77
11794770,70,92,-2,79
11795280,41,71,-8,87
11795790,91,45,10,77
11796300,11,48,0,77
11796810,75,49,-7,84
11797320,3,11,5,79
11797830,6,12,0,79
11798340,9,13,1,78
11798850,4,77,-1,79
11799360,68,87,7,72
11799870,73,66,-11,83
11800380,87,28,10,73
11800890,94,5,0,73
11801400,50,76,-8,81
11801910,100,38,1,80
11802420,20,41,-5,85
11802930,15,3,8,77
11803440,10,28,1,76
11803950,5,92,0,76
11804460,8,32,-1,77
11804970,72,96,-2,79
11805480,77,75,0,79
11805990,60,37,0,79
11806500,79,40,-3,82
11807010,7,43,3,79
11807520,71,44,0,79
11808030,101,47,-2,81
11808540,21,50,2,79
11809050,24,12,-2,81
11809560,43,23,-2,83
11810070,62,34,4,79
11810580,81,45,-4,83
11811090,9,48,-1,84
11811600,73,49,0,84
11812110,92,11,10,74
11812620,48,82,-6,80
11813130,98,83,4,76
11813640,54,45,-11,87
11814150,73,7,10,77
11814660,1,78,0,77
11815170,65,42,-2,79
11815680,84,4,1,78
11816190,29,75,-2,80
11816700,32,23,-4,84
11817210,51,34,-1,85
11817720,70,45,6,79
11818230,100,13,-3,82
11818740,28,84,1,81
11819250,31,32,0,81
11819760,50,96,4,77
11820270,100,97,3,74
11820780,78,59,-6,80
11821290,97,21,6,74
11821800,25,73,-10,84
11822310,28,21,3,81
11822820,47,85,0,81
11823330,50,84,3,78
11823840,53,75,0,78
11824350,1,37,-3,81
11824860,65,70,-1,82
11825370,79,32,9,73
11825880,86,35,1,72
11826390,93,38,2,70
11826900,100,41,-5,75
11827410,20,44,0,75
11827920,15,6,-6,81
11828430,10,17,-2,83
11828940,5,81,5,78
11829450,69,21,-1,79
11829960,76,73,-1,80
11830470,4,35,1,79
11830980,68,36,-9,88
11831490,75,47,3,85
11832000,3,50,2,83
11832510,67,5,8,75
11833020,97,76,-1,76
11833530,53,38,-8,84
11834040,72,0,13,71
11834550,17,30,-5,76
11835060,12,94,-2,78
11835570,20,34,-2,80
11836080,15,98,4,76
11836590,23,38,-6,82
11837100,18,0,6,76
11837610,13,25,-2,78
11838120,8,89,-2,80
11838630,11,29,0,80
11839140,6,93,0,80
11839650,9,33,-2,82
11840160,4,97,-2,84
11840670,7,37,9,75
11841180,71,10,-1,76
11841690,101,42,-4,80
11842200,21,45,2,78
11842710,16,7,3,75
11843220,11,18,-2,77
11843730,6,82,-1,78
11844240,9,22,0,78
11844750,4,86,2,76
11845260,7,26,2,74
11845770,2,27,-7,81
11846280,66,28,-1,82
11846790,73,80,6,76
11847300,14,42,-5,81
11847810,9,4,4,77
11848320,4,28,-2,79
11848830,68,29,7,72
11849340,75,81,-2,74
11849850,40,72,-8,82
11850360,43,71,-2,84
11850870,93,72,11,73
11851380,49,34,-11,84
11851890,68,98,10,74
11852400,73,77,-6,80
11852910,56,39,-5,85
11853420,75,1,13,72
11853930,20,31,-3,75
11854440,15,95,-2,77
11854950,23,35,0,77
11855460,18,99,0,77
11855970,21,39,-4,81
11856480,16,1,4,77
11856990,11,26,-4,81
11857500,6,90,1,80
11858010,9,30,-1,81
11858520,4,94,2,79
11859030,7,34,-1,80
11859540,71,35,2,78
11860050,78,87,3,75
11860560,19,55,-4,79
11861070,14,56,-1,80
11861580,78,5,5,75
11862090,6,45,-4,79
11862600,70,0,3,76
11863110,15,30,-5,81
11863620,10,94,3,78
11864130,13,34,-4,82
11864640,8,98,6,76
11865150,16,38,-6,82
11865660,11,0,5,77
11866170,6,25,-4,81
11866680,1,26,0,81
11867190,65,68,4,77
11867700,79,30,-3,80
11868210,86,82,7,73
11868720,69,73,-13,86
11869230,83,35,10,76
11869740,90,87,3,73
11870250,73,78,-2,75
11870760,87,69,-4,79
11871270,101,31,4,75
11871780,6,83,-1,76
11872290,9,23,3,73
11872800,4,87,-5,78
11873310,7,27,5,73
11873820,2,91,2,71
11874330,5,31,-4,75
11874840,69,51,-8,83
11875350,88,13,7,76
11875860,16,25,-1,77
11876370,11,89,1,76
11876880,19,29,-1,77
11877390,14,93,-4,81
11877900,38,33,-3,84
11878410,57,97,8,76
11878920,60,76,0,76
11879430,8,55,-1,77
11879940,72,4,8,69
11880450,17,34,-4,73
11880960,12,98,-6,79
11881470,20,38,-5,84
11881980,15,0,6,78
11882490,10,25,-1,79
11883000,5,89,3,76
11883510,8,29,-5,81
11884020,3,93,0,81
11884530,6,33,4,77
11885040,70,6,4,73
11885550,15,36,-10,83
11886060,10,100,8,75
11886570,18,48,-3,78
11887080,82,10,5,73
11887590,10,22,-5,78
11888100,5,86,5,73
11888610,69,41,-6,79
11889120,99,44,7,72
11889630,19,47,-7,79
11890140,14,9,0,79
11890650,17,20,-1,80
11891160,12,84,-3,83
11891670,20,24,3,80
11892180,15,88,0,80
11892690,23,28,2,78
11893200,67,92,-1,79
11893710,72,71,-1,80
11894220,86,33,3,77
11894730,93,10,3,74
11895240,49,22,-8,82
11895750,92,29,6,76
11896260,99,81,-2,78
11896770,6,27,2,76
11897280,70,91,0,76
11897790,75,70,-10,86
11898300,17,32,5,81
11898810,12,96,5,76
11899320,20,36,-7,83
11899830,15,100,2,81
11900340,23,55,9,72
11900850,26,17,-8,80
11901360,45,81,-1,81
11901870,48,21,-7,88
11902380,55,28,6,82
11902890,74,39,-1,83
11903400,81,91,5,78
11903910,86,53,-3,81
11904420,95,56,3,78
11904930,2,59,-3,81
11905440,66,92,2,79
11905950,71,71,-6,85
11906460,85,33,11,74
11906970,92,10,3,71
11907480,48,22,-17,88
11907990,67,33,8,80
11908500,74,85,-1,81
11909010,88,13,7,74
11909520,18,25,-3,77
11910030,13,89,1,76
11910540,21,44,-7,83
11911050,25,6,3,80
11911560,44,31,0,80
11912070,63,95,4,76
11912580,68,74,-5,81
11913090,82,36,0,81
11913600,89,13,5,76
11914110,17,25,-4,80
11914620,12,89,2,78
11915130,20,29,-1,79
11915640,15,93,-2,81
11916150,23,33,2,79
11916660,18,97,5,74
11917170,26,37,-9,83
11917680,21,101,0,83
11918190,85,56,4,79
11918700,94,18,7,72
11919210,24,30,-9,81
11919720,58,94,7,74
11920230,63,58,-7,81
11920740,77,20,5,76
11921250,84,72,-9,85
11921760,98,34,6,79
11922270,3,86,5,74
11922780,34,41,-10,84
11923290,78,3,7,77
11923800,23,33,-6,83
11924310,18,97,5,78
11924820,82,37,0,78
11925330,89,14,2,76
11925840,19,26,-3,79
11926350,14,90,1,78
11926860,22,45,7,71
11927370,86,7,-5,76
11927880,11,19,0,76
11928390,6,83,-2,78
11928900,70,38,-4,82
11929410,77,90,6,76
11929920,82,58,-6,82
11930430,91,55,3,79
11930940,100,58,4,75
11931450,7,61,-4,79
11931960,23,10,-5,84
11932470,26,21,4,80
11932980,30,85,-2,82
11933490,33,33,-1,83
11934000,77,97,10,73
11934510,82,16,0,73
11935020,12,28,-4,77
11935530,7,92,0,77
11936040,71,44,-2,79
11936550,80,47,2,77
11937060,89,77,0,77
11937570,10,39,0,77
11938080,74,1,5,72
11938590,19,31,-10,82
11939100,14,95,5,77
11939610,22,35,5,72
11940120,17,99,-4,76
11940630,25,39,-4,80
11941140,29,1,2,78
11941650,86,26,4,74
11942160,16,78,-10,84
11942670,80,27,8,76
11943180,87,4,3,73
11943690,69,16,-2,75
11944200,76,48,-7,82
11944710,85,10,6,76
11945220,41,22,-5,81
11945730,60,33,3,78
11946240,79,36,1,77
11946750,86,13,0,77
11947260,16,25,3,74
11947770,11,89,-5,79
11948280,75,29,4,75
11948790,82,6,-1,76
11949300,7,18,-1,77
11949810,10,82,-2,79
11950320,74,37,-2,81
11950830,81,89,7,74
11951340,64,70,-9,83
11951850,78,32,6,77
11952360,85,9,6,71
11952870,67,21,-3,74
11953380,74,53,-7,81
11953890,83,15,4,77
11954400,13,27,-5,82
11954910,8,91,5,77
11955420,72,46,-8,85
11955930,81,8,14,71
11956440,37,20,-12,83
11956950,56,31,3,80
11957460,75,42,3,77
11957970,84,45,-5,82
11958480,93,48,7,75
11958990,0,51,1,74
11959500,64,84,-2,76
11960010,69,3,3,73
11960520,14,15,-7,80
11961030,9,79,4,76
11961540,51,34,-7,83
11962050,70,98,8,75
11962560,75,77,-2,77
11963070,80,39,3,74
11963580,87,42,-5,79
11964090,96,45,0,79
11964600,1,48,-2,81
11965110,65,81,4,77
11965620,70,60,-1,78
11966130,0,22,0,78
11966640,64,55,-3,81
11967150,83,17,13,68
11967660,13,29,-9,77
11968170,8,93,1,76
11968680,72,48,1,75
11969190,81,10,0,75
11969700,11,22,-4,79
11970210,6,86,2,77
11970720,70,41,0,77
11971230,79,44,-6,83
11971740,88,67,6,77
11972250,97,29,1,76
11972760,27,81,-10,86
11973270,91,29,13,73
11973780,21,81,-6,79
11974290,85,29,1,78
11974800,15,6,-2,80
11975310,10,17,4,76
11975820,5,81,-6,82
11976330,69,36,6,76
11976840,76,59,-5,81
11977350,6,21,3,78
11977860,1,85,2,76
11978370,65,40,-8,84
11978880,84,51,0,84
11979390,93,74,9,75
11979900,0,36,1,74
11980410,64,69,-6,80
11980920,69,31,-1,81
11981430,76,63,-6,87
11981940,81,25,10,77
11982450,88,37,4,73
11982960,95,14,-2,75
11983470,77,26,-2,77
11983980,84,3,11,66
11984490,66,15,-9,75
11985000,73,47,-2,77
11985510,24,9,-6,83
11986020,27,20,6,77
11986530,46,84,-2,79
11987040,49,85,1,78
11987550,54,86,2,76
11988060,59,65,-6,82
11988570,64,27,2,80
11989080,71,59,2,78
11989590,76,21,0,78
11990100,83,33,8,70
11990610,90,10,-4,74
11991120,72,22,-2,76
11991630,79,54,-5,81
11992140,88,16,6,75
11992650,18,28,-3,78
11993160,13,92,-4,82
11993670,77,47,3,79
11994180,86,9,3,76
11994690,68,21,1,75
11995200,75,33,-6,81
11995710,82,65,-5,86
11996220,12,69,4,82
11996730,76,24,5,77
11997240,83,56,-3,80
11997750,92,18,8,72
11998260,22,30,-4,76
11998770,26,94,-8,84
11999280,90,31,13,71
11999790,97,43,-8,79
12000300,2,32,2,77
12000810,66,65,0,77
12001320,71,27,-1,78
12001830,78,59,-6,84
12002340,8,21,6,78
12002850,3,85,3,75
12003360,67,40,-6,81
12003870,86,2,7,74
12004380,68,14,-4,78
12004890,75,26,4,74
12005400,82,38,1,73
12005910,89,15,-4,77
12006420,19,27,-6,83
12006930,14,91,7,76
12007440,22,46,-7,83
12007950,86,8,8,75
12008460,11,20,-2,77
12008970,6,84,-7,84
12009480,70,39,5,79
12009990,79,62,-6,85
12010500,93,24,13,72
12011010,23,36,-7,79
12011520,18,100,-5,84
12012030,82,55,0,84
12012540,91,17,9,75
12013050,21,29,0,75
12013560,16,93,-4,79
12014070,24,48,-1,80
12014580,88,10,8,72
12015090,70,22,-6,78
12015600,77,34,0,78
12016110,84,66,-1,79
12016620,89,28,3,76
12017130,96,40,-1,77
12017640,1,52,4,73
12018150,65,7,-5,78
12018660,10,19,-8,86
12019170,13,83,7,79
12019680,77,38,6,73
12020190,84,50,-9,82
12020700,93,80,12,70
12021210,98,42,-6,76
12021720,3,54,1,75
12022230,91,9,-4,79
12022740,73,21,5,74
12023250,80,33,-2,76
12023760,87,10,3,73
12024270,69,22,-6,79
12024780,76,34,1,78
12025290,83,46,-5,83
12025800,92,21,12,71
12026310,22,33,-9,80
12026820,17,97,7,73
12027330,25,52,-8,81
12027840,89,14,6,75
12028350,19,71,-10,85
12028860,83,8,5,80
12029370,15,20,0,80
12029880,10,84,2,78
12030390,74,39,1,77
12030900,81,62,-5,82
12031410,11,24,2,80
12031920,6,88,5,75
12032430,70,43,-8,83
12032940,84,32,8,75
12033450,91,44,1,74
12033960,98,56,-6,80
12034470,5,31,4,76
12034980,69,88,-4,80
12035490,74,67,1,79
12036000,79,29,4,75
12036510,86,41,-1,76
12037020,93,53,-4,80
12037530,0,28,9,71
12038040,64,85,-2,73
12038550,69,64,-6,79
12039060,74,26,6,73
12039570,81,38,-5,78
12040080,88,50,-1,79
12040590,97,80,5,74
12041100,80,42,-5,79
12041610,87,72,0,79
12042120,70,63,-1,80
12042630,75,25,5,75
12043140,82,37,-3,78
12043650,89,49,-3,81
12044160,98,24,4,77
12044670,28,36,-8,85
12045180,62,100,7,78
12045690,67,40,-5,83
12046200,81,70,-3,86
12046710,95,32,11,75
12047220,0,44,-1,76
12047730,64,101,3,73
12048240,69,41,-10,83
12048750,78,3,8,75
12049260,3,15,-4,79
12049770,6,16,1,78
12050280,9,80,-2,80
12050790,73,35,-2,82
12051300,80,67,1,81
12051810,85,29,6,75
12052320,92,41,5,70
12052830,99,53,-11,81
12053340,6,28,2,79
12053850,70,92,6,73
12054360,75,71,-8,81
12054870,80,33,4,77
12055380,87,65,-2,79
12055890,96,27,3,76
12056400,1,39,3,73
12056910,65,96,-2,75
12057420,70,75,-2,77
12057930,84,37,4,73
12058440,91,49,-6,79
12058950,100,72,1,78
12059460,7,34,-2,80
12059970,71,98,3,77
12060480,76,77,-1,78
12060990,81,39,2,76
12061500,88,16,2,74
12062010,16,28,-3,77
12062520,11,92,-3,80
12063030,19,47,4,76
12063540,83,9,0,76
12064050,11,21,1,75
12064560,6,85,-3,78
12065070,70,40,-3,81
12065580,79,63,5,76
12066090,88,25,0,76
12066600,95,37,2,74
12067110,0,49,-3,77
12067620,64,4,-1,78
12068130,9,16,-2,80
12068640,12,80,-4,84
12069150,76,20,5,79
12069660,83,32,5,74
12070170,12,9,-3,77
12070680,7,73,-5,82
12071190,71,28,10,72
12071700,78,60,-12,84
12072210,92,22,13,71
12072720,20,34,-8,79
12073230,15,98,-1,80
12073740,23,53,0,80
12074250,87,15,3,77
12074760,15,27,-3,80
12075270,10,91,4,76
12075780,74,46,-4,80
12076290,83,8,6,74
12076800,8,20,-2,76
12077310,3,84,-1,77
12077820,67,39,-7,84
12078330,74,4,11,73
12078840,101,16,-2,75
12079350,29,28,-8,83
12079860,63,92,4,79
12080370,68,71,-1,80
12080880,82,33,4,76
12081390,89,10,2,74
12081900,17,22,-3,77
12082410,12,86,0,77
12082920,58,26,-7,84
12083430,65,58,7,77
12083940,79,20,2,75
12084450,86,32,0,75
12084960,93,44,0,75
12085470,0,21,-6,81
12085980,64,22,-7,88
12086490,71,73,9,79
12087000,85,35,6,73
12087510,92,12,3,70
12088020,20,24,-6,76
12088530,2,88,-3,79
12089040,5,43,0,79
12089550,69,100,7,72
12090060,74,79,-11,83
12090570,97,41,11,72
12091080,25,18,-1,73
12091590,32,82,-6,79
12092100,96,22,2,77
12092610,24,34,-3,80
12093120,58,98,2,78
12093630,63,38,-8,86
12094140,93,0,13,73
12094650,18,12,-6,79
12095160,13,76,0,79
12095670,77,16,5,74
12096180,5,28,-3,77
12096690,69,92,3,74
12097200,74,71,-4,78
12097710,97,33,2,76
12098220,2,10,0,76
12098730,5,11,-3,79
12099240,8,34,2,77
12099750,72,98,4,73
12100260,77,17,-5,78
12100770,84,29,1,77
12101280,91,6,6,71
12101790,16,18,-12,83
12102300,11,82,4,79
12102810,75,22,3,76
12103320,82,34,3,73
12103830,89,11,-1,74
12104340,14,23,-14,88
12104850,9,87,8,80
12105360,73,27,-3,83
12105870,80,4,9,74
12106380,12,16,-4,78
12106890,90,80,1,77
12107400,11,42,-4,81
12107910,75,4,6,75
12108420,7,16,-6,81
12108930,39,80,-3,84
12109440,1,20,8,76
12109950,65,38,-6,82
12110460,74,49,-3,85
12110970,83,11,10,75
12111480,11,23,-5,80
12111990,6,87,-3,83
12112500,70,27,1,82
12113010,77,4,9,73
12113520,2,16,-10,83
12114030,66,17,4,79
12114540,73,29,-2,81
12115050,80,6,5,76
12115560,5,18,1,75
12116070,8,82,2,73
12116580,72,22,-12,85
12117090,79,31,9,76
12117600,86,8,0,76
12118110,11,20,-3,79
12118620,6,84,0,79
12119130,70,24,-1,80
12119640,77,1,6,74
12120150,9,13,-8,82
12120660,4,77,9,73
12121170,68,17,-2,75
12121680,75,75,-7,82
12122190,1,37,1,81
12122700,65,94,6,75
12123210,70,73,-3,78
12123720,93,35,3,75
12124230,21,12,-2,77
12124740,24,76,-3,80
12125250,88,31,6,74
12125760,95,8,-5,79
12126270,20,20,0,79
12126780,15,84,-2,81
12127290,79,75,0,81
12127800,0,37,2,79
12128310,64,94,3,76
12128820,87,73,0,76
12129330,96,35,6,70
12129840,24,24,-8,78
12130350,6,88,-5,83
12130860,70,43,-1,84
12131370,79,5,11,73
12131880,4,17,2,71
12132390,68,81,-16,87
12132900,16,60,9,78
12133410,80,0,7,71
12133920,5,12,-8,79
12134430,8,13,5,74
12134940,11,77,-8,82
12135450,75,17,7,75
12135960,8,29,-6,81
12136470,72,93,7,74
12136980,95,72,0,74
12137490,2,54,-8,82
12138000,66,9,7,75
12138510,11,21,-9,84
12139020,14,85,10,74
12139530,22,25,-8,82
12140040,25,89,-1,83
12140550,89,29,4,79
12141060,96,6,7,72
12141570,21,18,-5,77
12142080,27,82,-3,80
12142590,91,37,8,72
12143100,98,81,-5,77
12143610,5,43,0,77
12144120,69,100,-1,78
12144630,92,79,4,74
12145140,101,41,-7,81
12145650,29,18,-3,84
12146160,48,82,6,78
12146670,98,61,-6,84
12147180,5,64,-1,85
12147690,69,19,9,76
12148200,76,98,-1,77
12148710,99,77,1,76
12149220,6,23,0,76
12149730,70,87,0,76
12150240,18,66,2,74
12150750,82,6,1,73
12151260,7,18,-4,77
12151770,10,82,0,77
12152280,74,22,2,75
12152790,81,101,-4,79
12153300,64,80,-8,87
12153810,12,59,4,83
12154320,76,101,5,78
12154830,81,80,2,76
12155340,64,61,-8,84
12155850,12,23,4,80
12156360,7,87,4,76
12156870,71,27,-6,82
12157380,78,4,7,75
12157890,3,16,1,74
12158400,67,80,-5,79
12158910,15,59,-3,82
12159420,79,101,9,73
12159930,62,80,-2,75
12160440,10,59,-11,86
12160950,74,32,7,79
12161460,81,9,9,70
12161970,6,21,-8,78
12162480,70,85,3,75
12162990,93,64,-11,86
12163500,0,26,11,75
12164010,64,27,-6,81
12164520,71,59,0,81
12165030,80,21,6,75
12165540,87,100,-5,80
12166050,70,46,-1,81
12166560,79,8,9,72
12167070,4,20,-8,80
12167580,68,21,1,79
12168090,75,100,4,75
12168600,58,79,-4,79
12169110,6,58,-4,83
12169620,70,100,12,71
12170130,75,19,0,71
12170640,82,31,-7,78
12171150,89,8,2,76
12171660,14,20,-2,78
12172170,9,84,-4,82
12172680,73,24,9,73
12173190,80,1,1,72
12173700,5,31,-5,77
12174210,69,32,-4,81
12174720,78,43,-2,83
12175230,87,46,5,78
12175740,96,49,3,75
12176250,3,52,-3,78
12176760,67,7,7,71
12177270,94,19,-4,75
12177780,22,31,-3,78
12178290,56,95,9,69
12178800,4,35,-12,81
12179310,68,92,3,78
12179820,16,71,-5,83
12180330,80,11,11,72
12180840,8,23,-9,81
12181350,3,87,7,74
12181860,67,27,-2,76
12182370,74,4,5,71
12182880,101,16,-1,72
12183390,83,28,-5,77
12183900,90,5,2,75
12184410,15,17,-8,83
12184920,18,81,-2,85
12185430,82,21,10,75
12185940,89,33,1,74
12186450,96,10,2,72
12186960,21,22,-11,83
12187470,27,86,-1,84
12187980,54,26,2,82
12188490,61,37,-1,83
12189000,87,48,6,77
12189510,96,41,0,77
12190020,1,44,-2,79
12190530,65,101,9,70
12191040,88,80,-11,81
12191550,9,42,5,76
12192060,73,99,0,76
12192570,96,78,-2,78
12193080,3,57,0,78
12193590,67,99,8,70
12194100,72,78,-9,79
12194610,20,40,-4,83
12195120,15,2,6,77
12195630,72,27,-9,86
12196140,79,4,17,69
12196650,4,16,-10,79
12197160,7,80,3,76
12197670,71,35,-1,77
12198180,79,38,-3,80
12198690,86,41,6,74
12199200,95,44,-3,77
12199710,23,47,-5,82
12200220,87,9,6,76
12200730,12,21,0,76
12201240,7,85,-2,78
12201750,71,25,6,72
12202260,78,2,-4,76
12202770,3,32,-4,80
12203280,67,89,7,73
12203790,15,68,-13,86
12204300,79,8,9,77
12204810,4,20,-4,81
12205320,68,84,3,78
12205830,16,63,-7,85
12206340,80,3,11,74
12206850,5,33,-8,82
12207360,69,97,6,76
12207870,17,76,-7,83
12208380,81,16,8,75
12208890,9,28,-8,83
12209400,73,92,7,76
12209910,21,71,-4,80
12210420,85,11,6,74
12210930,13,23,-4,78
12211440,8,87,-3,81
12211950,16,27,1,80
12212460,11,91,5,75
12212970,19,46,-1,76
12213480,83,8,-1,77
12213990,8,20,-5,82
12214500,3,84,5,77
12215010,67,24,2,75
12215520,74,1,-1,76
12216030,101,31,-2,78
12216540,6,20,0,78
12217050,9,21,1,77
12217560,4,85,-6,83
12218070,12,25,4,79
12218580,7,95,6,73
12219090,15,35,-4,77
12219600,79,99,6,71
12220110,62,78,-8,79
12220620,97,57,-3,82
12221130,4,60,3,79
12221640,68,15,1,78
12222150,66,27,0,78
12222660,73,36,-7,85
12223170,80,39,10,75
12223680,87,42,-1,76
12224190,94,45,-3,79
12224700,101,48,6,73
12225210,6,51,-7,80
12225720,70,6,8,72
12226230,30,18,-10,82
12226740,41,29,-5,87
12227250,52,93,11,76
12227760,0,33,0,76
12228270,64,85,1,75
12228780,12,64,-7,82
12229290,76,4,2,80
12229800,1,16,-5,85
12230310,65,17,5,80
12230820,72,79,2,78
12231330,20,58,3,75
12231840,84,20,4,71
12232350,91,32,-2,73
12232860,98,94,-2,75
12233370,19,40,-1,76
12233880,83,2,3,73
12234390,8,14,-6,79
12234900,11,78,2,77
12235410,75,18,0,77
12235920,82,30,2,75
12236430,89,92,3,72
12236940,71,60,-14,86
12237450,97,22,6,80
12237960,2,34,2,78
12238470,66,86,-4,82
12238980,14,65,4,78
12239490,78,5,3,75
12240000,10,17,-5,80
12240510,5,81,3,77
12241020,69,21,1,76
12241530,76,83,1,75
12242040,2,51,-9,84
12242550,66,93,11,73
12243060,49,72,-9,82
12243570,99,51,7,75
12244080,4,71,-5,80
12244590,68,11,5,75
12245100,75,23,-4,79
12245610,82,85,1,78
12246120,65,64,-1,79
12246630,91,26,6,73
12247140,98,88,0,73
12247650,80,80,-6,79
12248160,63,91,2,77
12248670,91,70,-3,80
12249180,100,65,3,77
12249690,7,68,-8,85
12250200,71,8,10,75
12250710,3,20,-6,81
12251220,67,21,1,80
12251730,39,83,0,80
12252240,1,23,-5,85
12252750,65,24,5,80
12253260,72,33,-2,82
12253770,79,42,-1,83
12254280,86,45,2,81
12254790,93,48,-4,85
12255300,100,51,12,73
12255810,5,71,-11,84
12256320,69,11,7,77
12256830,76,23,4,73
12257340,83,85,-5,78
12257850,66,88,6,72
12258360,0,67,-8,80
12258870,64,17,-1,81
12259380,71,79,2,79
12259890,99,58,1,78
12260400,4,61,1,77
12260910,68,11,1,76
12261420,75,23,5,71
12261930,82,85,-8,79
12262440,65,88,-2,81
12262950,13,67,-1,82
12263460,77,7,10,72
12263970,9,19,-3,75
12264480,4,83,-2,77
12264990,12,23,-1,78
12265500,7,87,-1,79
12266010,71,27,-1,80
12266520,78,36,3,77
12267030,85,39,-2,79
12267540,92,42,5,74
12268050,99,45,-3,77
12268560,4,48,1,76
12269070,68,90,-5,81
12269580,96,69,8,73
12270090,3,72,-5,78
12270600,67,12,2,76
12271110,74,74,-3,79
12271620,0,77,1,78
12272130,64,17,4,74
12272640,71,79,-3,77
12273150,99,58,-5,82
12273660,6,61,8,74
12274170,70,1,-5,79
12274680,2,13,8,71
12275190,66,14,-6,77
12275700,73,76,-1,78
12276210,101,55,-4,82
12276720,6,58,1,81
12277230,70,8,6,75
12277740,15,20,1,74
12278250,10,84,-7,81
12278760,18,24,3,78
12279270,13,88,-1,79
12279780,21,28,4,75
12280290,57,92,0,75
12280800,85,71,-4,79
12281310,94,66,-9,88
12281820,1,69,8,80
12282330,65,9,4,76
12282840,10,71,-11,87
12283350,74,11,13,74
12283860,81,23,1,73
12284370,88,75,-2,75
12284880,71,21,-3,78
12285390,78,73,-4,82
12285900,4,35,2,80
12286410,68,99,2,78
12286920,96,78,3,75
12287430,79,57,-5,80
12287940,88,19,6,74
12288450,18,71,-3,77
12288960,82,11,0,77
12289470,6,23,0,77
12289980,70,87,0,77
12290490,98,66,-1,78
12291000,5,69,-2,80
12291510,69,9,2,78
12292020,95,21,5,73
12292530,25,73,-11,84
12293040,89,13,11,73
12293550,13,25,4,69
12294060,8,89,-11,80
12294570,72,29,-2,82
12295080,79,48,5,77
12295590,88,51,3,74
12296100,95,54,-3,77
12296610,0,57,-4,81
12297120,64,99,4,77
12297630,69,78,-4,81
12298140,97,57,2,79
12298650,2,60,0,79
12299160,66,0,5,74
12299670,11,71,-9,83
12300180,75,11,7,76
12300690,101,23,4,72
12301200,6,12,-11,83
12301710,9,76,3,80
12302220,73,16,6,74
12302730,80,68,-7,81
12303240,6,30,0,81
12303750,70,94,1,80
12304260,98,73,-1,81
12304770,5,68,-3,84
12305280,69,8,9,75
12305790,95,20,-5,80
12306300,0,9,-2,82
12306810,3,10,5,77
12307320,6,11,-1,78
12307830,9,75,-2,80
12308340,73,15,1,79
12308850,80,77,0,79
12309360,6,88,4,75
12309870,14,28,-7,82
12310380,9,92,10,72
12310890,17,32,-7,79
12311400,12,96,-4,83
12311910,20,36,1,82
12312420,15,100,1,81
12312930,23,40,5,76
12313440,47,2,-8,84
12313950,94,27,9,75
12314460,101,16,-7,82
12314970,25,28,-1,83
12315480,4,92,0,83
12315990,7,42,3,80
12316500,71,4,4,76
12317010,16,75,-8,84
12317520,80,15,12,72
12318030,87,27,-2,74
12318540,94,79,0,74
12319050,77,25,-5,79
12319560,84,77,-4,83
12320070,67,88,14,69
12320580,50,7,-15,84
12321090,57,84,7,77
12321600,85,63,0,77
12322110,94,58,-5,82
12322620,1,61,1,81
12323130,65,1,6,75
12323640,10,72,-9,84
12324150,74,12,9,75
12324660,81,24,0,75
12325170,88,76,-8,83
12325680,71,22,4,79
12326190,78,74,3,76
12326700,4,43,-3,79
12327210,68,61,-2,81
12327720,96,56,5,76
12328230,1,76,-4,80
12328740,65,26,2,78
12329250,72,3,5,73
12329760,17,74,-8,81
12330270,81,56,-7,88
12330780,88,59,5,83
12331290,97,62,4,79
12331800,4,65,3,76
12332310,68,5,6,70
12332820,11,76,-17,87
12333330,75,16,4,83
12333840,82,28,4,79
12334350,89,80,1,78
12334860,72,91,2,76
12335370,55,59,-6,82
12335880,83,21,7,75
12336390,90,73,-3,78
12336900,73,68,-2,80
12337410,101,30,2,78
12337920,6,19,-12,90
12338430,9,20,13,77
12338940,12,84,-6,83
12339450,76,24,4,79
12339960,83,86,4,75
12340470,66,54,-7,82
12340980,7,16,6,76
12341490,10,80,-4,80
12342000,74,20,5,75
12342510,81,72,-5,80
12343020,64,34,-5,85
12343530,71,37,9,76
12344040,78,40,-1,77
12344550,85,43,3,74
12345060,92,46,-2,76
12345570,99,49,2,74
12346080,4,69,-6,80
12346590,68,9,6,74
12347100,75,80,-4,78
12347610,1,48,5,73
12348120,65,100,-2,75
12348630,93,40,2,73
12349140,100,29,-4,77
12349650,5,18,1,76
12350160,69,82,-5,81
12350670,52,50,0,81
12351180,80,12,9,72
12351690,53,83,-7,79
12352200,81,23,2,77
12352710,88,75,-2,79
12353220,71,70,-2,81
12353730,99,32,3,78
12354240,4,21,-2,80
12354750,68,22,7,73
12355260,75,74,-5,78
12355770,58,69,-5,83
12356280,86,48,3,80
12356790,93,51,0,80
12357300,100,54,-1,81
12357810,5,57,0,81
12358320,69,6,1,80
12358830,76,77,-2,82
12359340,59,88,5,77
12359850,87,7,1,76
12360360,69,78,-7,83
12360870,97,46,6,77
12361380,2,49,-2,79
12361890,66,91,6,73
12362400,0,10,-7,80
12362910,3,11,4,76
12363420,6,12,0,76
12363930,9,76,-3,79
12364440,73,16,2,77
12364950,80,87,-1,78
12365460,63,55,-7,85
12365970,4,17,5,80
12366480,68,18,4,76
12366990,75,70,-2,78
12367500,1,81,1,77
12368010,65,46,1,76
12368520,72,49,-5,81
12369030,79,52,0,81
12369540,88,55,2,79
12370050,97,58,1,78
12370560,2,78,1,77
12371070,66,43,-6,83
12371580,7,54,3,80
12372090,71,19,4,76
12372600,78,98,4,72
12373110,61,17,-4,76
12373620,68,54,-11,87
12374130,9,16,12,75
12374640,4,80,-9,84
12375150,68,20,10,74
12375660,75,99,-3,77
12376170,58,18,-7,84
12376680,65,29,2,82
12377190,72,40,8,74
12377700,79,43,-6,80
12378210,86,46,7,73
12378720,93,49,3,70
12379230,100,69,-12,82
12379740,7,64,2,80
12380250,71,29,5,75
12380760,78,6,-5,80
12381270,10,77,0,80
12381780,74,17,1,79
12382290,81,54,-7,86
12382800,88,57,9,77
12383310,97,60,-10,87
12383820,2,63,9,78
12384330,66,28,1,77
12384840,73,5,4,73
12385350,5,76,-7,80
12385860,69,41,-9,89
12386370,76,52,8,81
12386880,83,55,3,78
12387390,92,58,5,73
12387900,101,61,-5,78
12388410,6,64,-6,84
12388920,70,29,2,82
12389430,77,6,10,72
12389940,9,77,-8,80
12390450,73,17,3,77
12390960,80,54,-4,81
12391470,87,57,2,79
12391980,96,60,-4,83
12392490,1,63,5,78
12393000,65,28,-3,81
12393510,72,39,-3,84
12394020,79,50,1,83
12394530,86,61,5,78
12395040,95,64,9,69
12395550,2,67,-16,85
12396060,66,32,6,79
12396570,73,35,3,76
12397080,80,38,1,75
12397590,87,27,-2,77
12398100,94,4,-4,81
12398610,76,34,0,81
12399120,83,37,7,74
12399630,90,26,0,74
12400140,97,15,-2,76
12400650,79,27,0,76
12401160,86,4,6,70
12401670,68,75,-12,82
12402180,9,37,0,82
12402690,73,101,7,75
12403200,78,20,0,75
12403710,85,99,-2,77
12404220,68,67,-6,83
12404730,9,29,2,81
12405240,73,93,3,78
12405750,56,12,-2,80
12406260,63,49,0,80
12406770,4,11,3,77
12407280,7,12,1,76
12407790,10,76,-4,80
12408300,74,16,3,77
12408810,81,53,-4,81
12409320,88,56,6,75
12409830,97,59,-9,84
12410340,2,62,4,80
12410850,66,27,7,73
12411360,73,64,-9,82
12411870,14,75,5,77
12412380,78,15,4,73
12412890,85,52,-10,83
12413400,92,55,9,74
12413910,99,58,-8,82
12414420,4,61,2,80
12414930,68,26,2,78
12415440,75,3,3,75
12415950,7,74,-12,87
12416460,71,14,13,74
12416970,78,51,-13,87
12417480,85,54,6,81
12417990,92,57,-3,84
12418500,99,60,5,79
12419010,4,63,1,78
12419520,68,28,-9,87
12420030,75,39,9,78
12420540,82,42,-7,85
12421050,89,45,8,77
12421560,96,48,3,74
12422070,16,68,-6,80
12422580,80,30,4,76
12423090,87,33,0,76
12423600,94,36,-3,79
12424110,101,56,0,79
12424620,6,59,-3,82
12425130,70,24,2,80
12425640,77,62,-4,84
12426150,18,44,2,82
12426660,82,6,7,75
12427170,100,77,-3,78
12427680,83,72,-2,80
12428190,66,75,1,79
12428700,7,78,1,78
12429210,71,81,3,75
12429720,12,49,-7,82
12430230,76,11,10,72
12430740,83,82,-3,75
12431250,66,85,1,74
12431760,0,53,-7,81
12432270,64,84,3,78
12432780,100,30,1,77
12433290,30,7,-8,85
12433800,41,18,4,81
12434310,52,29,-6,87
12434820,67,40,7,80
12435330,8,43,-2,82
12435840,72,5,4,78
12436350,4,76,1,77
12436860,20,41,3,74
12437370,84,3,1,73
12437880,66,74,-6,79
12438390,7,42,-2,81
12438900,71,4,9,72
12439410,16,75,-12,84
12439920,80,40,8,76
12440430,87,43,-6,82
12440940,94,46,1,81
12441450,101,49,6,75
12441960,21,69,-10,85
12442470,85,17,16,69
12442980,13,88,-11,80
12443490,21,53,4,76
12444000,85,15,4,72
12444510,13,86,-5,77
12445020,21,26,4,73
12445530,3,90,-9,82
12446040,67,63,1,81
12446550,8,25,1,80
12447060,11,89,-1,81
12447570,75,54,1,80
12448080,5,57,-1,81
12448590,69,22,5,76
12449100,76,18,2,74
12449610,6,37,-9,83
12450120,70,55,5,78
12450630,11,58,-3,81
12451140,75,6,0,81
12451650,59,77,-2,83
12452160,42,56,-2,85
12452670,53,59,-3,88
12453180,36,21,1,87
12453690,47,32,10,77
12454200,90,43,1,76
12454710,10,63,-4,80
12455220,74,3,5,75
12455730,6,74,-6,81
12456240,70,39,-4,85
12456750,11,42,8,77
12457260,75,4,5,72
12457770,7,75,-11,83
12458280,71,66,5,78
12458790,12,28,2,76
12459300,7,92,-3,79
12459810,71,40,-1,80
12460320,78,43,-3,83
12460830,85,46,8,75
12461340,5,49,-2,77
12461850,69,14,4,73
12462360,99,54,-5,78
12462870,19,57,-5,83
12463380,83,19,9,74
12463890,11,38,-6,80
12464400,75,0,6,74
12464910,7,70,-11,85
12465420,71,35,2,83
12465930,78,38,5,78
12466440,6,41,-7,85
12466950,70,59,1,84
12467460,11,21,7,77
12467970,6,85,8,69
12468480,70,25,-9,78
12468990,77,2,3,75
12469500,59,73,-9,84
12470010,0,76,6,78
12470520,64,41,-12,90
12471030,5,52,11,79
12471540,69,17,1,78
12472050,99,57,-2,80
12472560,19,60,-3,83
12473070,83,8,8,75
12473580,11,79,-5,80
12474090,75,19,5,75
12474600,3,38,-6,81
12475110,67,56,5,76
12475620,8,38,-7,83
12476130,72,0,10,73
12476640,4,30,-8,81
12477150,68,48,1,80
12477660,9,51,-1,81
12478170,73,16,2,79
12478680,1,56,-7,86
12479190,65,21,10,76
12479700,6,17,-2,78
12480210,9,81,1,77
12480720,73,46,-7,84
12481230,14,57,7,77
12481740,78,5,4,73
12482250,10,76,-10,83
12482760,74,16,11,72
12483270,2,35,-1,73
12483780,66,53,-9,82
12484290,7,35,8,74
12484800,71,53,-6,80
12485310,12,56,5,75
12485820,76,21,4,71
12486330,4,40,-14,85
12486840,68,58,1,84
12487350,9,42,1,83
12487860,73,4,12,71
12488370,5,16,-14,85
12488880,8,80,5,80
12489390,72,45,1,79
12489900,13,48,-3,82
12490410,77,66,-3,85
12490920,18,48,7,78
12491430,82,10,8,70
12491940,10,22,-13,83
12492450,13,86,7,76
12492960,21,26,-10,86
12493470,24,90,-1,87
12493980,88,27,10,77
12494490,16,4,-4,81
12495000,100,29,8,73
12495510,20,18,-9,82
12496020,24,82,0,82
12496530,88,19,7,75
12497040,16,31,-3,78
12497550,80,95,3,75
12498060,63,23,-6,81
12498570,4,63,5,76
12499080,68,28,-5,81
12499590,9,5,2,79
12500100,12,16,1,78
12500610,15,80,-3,81
12501120,79,20,9,72
12501630,7,39,-3,75
12502140,71,57,-6,81
12502650,12,39,0,81
12503160,76,57,-5,86
12503670,17,39,9,77
12504180,81,1,1,76
12504690,13,31,-6,82
12505200,77,95,5,77
12505710,60,41,-2,79
12506220,1,44,-1,80
12506730,65,9,0,80
12507240,95,21,5,75
12507750,23,33,-5,80
12508260,26,97,1,79
12508770,90,34,5,74
12509280,18,11,-6,80
12509790,21,22,0,80
12510300,3,86,5,75
12510810,67,34,-4,79
12511320,97,37,-1,80
12511830,25,14,-2,82
12512340,44,25,0,82
12512850,63,36,0,82
12513360,93,66,8,74
12513870,14,31,-1,75
12514380,78,95,-2,77
12514890,83,9,-1,78
12515400,11,21,0,78
12515910,14,85,0,78
12516420,78,50,-5,83
12516930,6,53,5,78
12517440,70,18,-3,81
12517950,100,37,6,75
12518460,20,57,-2,77
12518970,84,5,5,72
12519480,66,17,-4,76
12519990,96,36,-3,79
12520500,24,13,1,78
12521010,43,24,-5,83
12521520,86,35,7,76
12522030,14,12,3,73
12522540,8,23,-8,81
12523050,72,87,1,80
12523560,100,33,2,78
12524070,28,74,-7,85
12524580,92,22,12,73
12525090,20,34,-6,79
12525600,24,98,-4,83
12526110,88,35,9,74
12526620,16,12,-7,81
12527130,19,23,8,73
12527640,23,87,-7,80
12528150,1,35,3,77
12528660,65,0,-4,81
12529170,99,30,10,71
12529680,27,71,-8,79
12530190,91,19,5,74
12530700,12,31,-6,80
12531210,76,95,6,74
12531720,81,23,1,73
12532230,9,42,-1,74
12532740,73,60,-13,87
12533250,14,25,6,81
12533760,78,89,-1,82
12534270,61,57,1,81
12534780,2,3,12,69
12535290,66,40,-16,85
12535800,7,43,2,83
12536310,71,93,8,75
12536820,76,72,-4,79
12537330,17,18,-3,82
12537840,21,82,-1,83
12538350,85,59,1,82
12538860,6,24,8,74
12539370,70,42,-5,79
12539880,11,45,-2,81
12540390,75,95,10,71
12540900,80,35,-12,83
12541410,8,54,6,77
12541920,72,2,3,74
12542430,56,14,-9,83
12542940,99,33,4,79
12543450,19,74,-4,83
12543960,83,22,8,75
12544470,11,41,-4,79
12544980,75,59,-3,82
12545490,16,24,1,81
12546000,20,88,-2,83
12546510,84,36,12,71
12547020,91,56,-10,81
12547530,12,76,5,76
12548040,76,41,-4,80
12548550,4,78,5,75
12549060,68,26,-1,76
12549570,75,3,-1,77
12550080,59,15,-3,80
12550590,0,55,1,79
12551100,64,20,-2,81
12551610,5,39,4,77
12552120,69,57,-4,81
12552630,10,22,4,77
12553140,74,86,-1,78
12553650,97,26,-2,80
12554160,18,38,1,79
12554670,82,0,1,78
12555180,66,12,3,75
12555690,96,31,-4,79
12556200,17,72,-3,82
12556710,81,20,9,73
12557220,2,39,-4,77
12557730,66,57,-3,80
12558240,7,3,-7,87
12558750,10,40,8,79
12559260,74,47,-8,87
12559770,15,50,7,80
12560280,79,100,-1,81
12560790,62,40,-6,87
12561300,3,43,4,83
12561810,67,8,7,76
12562320,51,20,-7,83
12562830,94,60,-4,87
12563340,15,63,4,83
12563850,79,11,3,80
12564360,3,23,-4,84
12564870,67,41,0,84
12565380,8,44,5,79
12565890,72,94,6,73
12566400,77,34,-10,83
12566910,5,11,-2,85
12567420,8,12,12,73
12567930,12,76,-8,81
12568440,76,41,2,79
12568950,4,44,3,76
12569460,68,9,4,72
12569970,52,21,-13,85
12570480,95,32,10,75
12570990,16,44,-2,77
12571500,80,62,-10,87
12572010,21,27,9,78
12572520,25,91,-4,82
12573030,89,39,-2,84
12573540,96,16,12,72
12574050,17,28,-11,83
12574560,21,92,4,79
12575070,85,40,2,77
12575580,92,17,6,71
12576090,13,29,-10,81
12576600,16,93,-1,82
12577110,24,41,1,81
12577620,58,3,5,76
12578130,88,74,2,74
12578640,9,20,-10,84
12579150,12,84,5,79
12579660,76,49,-5,84
12580170,17,52,0,84
12580680,81,70,2,82
12581190,64,35,3,79
12581700,5,46,2,77
12582210,69,97,5,72
12582720,74,37,-10,82
12583230,2,40,3,79
12583740,66,5,1,78
12584250,50,17,-7,85
12584760,93,42,13,72
12585270,13,45,-7,79
12585780,77,7,3,76
12586290,61,19,0,76
12586800,68,38,-4,80
12587310,9,41,3,77
12587820,63,59,-12,89
12588330,4,60,9,80
12588840,68,9,5,75
12589350,52,21,-7,82
12589860,95,32,10,72
12590370,25,44,-6,78
12590880,59,6,-3,81
12591390,68,46,1,80
12591900,9,49,2,78
12592410,73,99,4,74
12592920,78,39,-6,80
12593430,85,16,4,76
12593940,6,28,-3,79
12594450,70,46,-1,80
12594960,11,49,-1,81
12595470,75,99,12,69
12595980,80,39,-11,80
12596490,87,16,8,72
12597000,8,28,-10,82
12597510,72,29,7,75
12598020,2,6,6,69
12598530,5,7,-8,77
12599040,8,8,2,75
12599550,11,72,-7,82
12600060,75,37,0,82
12600570,82,14,8,74
12601080,3,26,-7,81
12601590,67,44,3,78
12602100,8,47,3,75
12602610,72,97,2,73
12603120,77,16,1,72
12603630,5,28,-7,79
12604140,69,46,5,74
12604650,10,49,-4,78
12605160,74,99,5,73
12605670,79,18,0,73
12606180,9,30,-7,80
12606690,73,48,-6,86
12607200,14,59,4,82
12607710,78,7,7,75
12608220,62,19,-2,77
12608730,3,59,-4,81
12609240,67,24,-4,85
12609750,8,64,8,77
12610260,72,13,2,75
12610770,0,25,-8,83
12611280,64,26,5,78
12611790,5,22,-2,80
12612300,8,23,-5,85
12612810,15,24,2,83
12613320,28,88,1,82
12613830,31,36,2,80
12614340,46,100,1,79
12614850,49,48,-9,88
12615360,92,49,8,80
12615870,99,52,0,80
12616380,4,72,2,78
12616890,68,88,4,74
12617400,73,16,2,72
12617910,1,28,-12,84
12618420,65,29,6,78
12618930,6,6,1,77
12619440,9,7,-8,85
12619950,12,18,9,76
12620460,7,82,-3,79
12620970,15,47,2,77
12621480,79,41,-4,81
12621990,7,44,-3,84
12622500,71,45,9,75
12623010,12,48,-6,81
12623520,76,98,9,72
12624030,59,17,-12,84
12624540,0,42,5,79
12625050,64,7,3,76
12625560,90,47,-1,77
12626070,67,50,-2,79
12626580,8,53,0,79
12627090,72,18,5,74
12627600,0,30,-6,80
12628110,64,31,-3,83
12628620,5,42,7,76
12629130,69,43,-9,85
12629640,10,54,3,82
12630150,74,19,6,76
12630660,4,15,-5,81
12631170,7,16,-2,83
12631680,10,80,0,83
12632190,74,45,4,79
12632700,15,70,0,79
12633210,79,35,1,78
12633720,86,12,7,71
12634230,10,24,-9,80
12634740,13,88,4,76
12635250,72,53,-5,81
12635760,13,56,2,79
12636270,77,66,-4,83
12636780,18,31,0,83
12637290,22,95,9,74
12637800,30,32,-10,84
12638310,64,96,12,72
12638820,87,36,-5,77
12639330,94,32,5,72
12639840,22,28,-12,84
12640350,26,92,1,83
12640860,29,29,6,77
12641370,44,93,-3,80
12641880,47,65,-2,82
12642390,75,66,-2,84
12642900,16,31,8,76
12643410,18,95,-1,77
12643920,26,60,-2,79
12644430,90,61,-3,82
12644940,11,64,5,77
12645450,75,29,0,77
12645960,82,25,-1,78
12646470,12,21,-2,80
12646980,15,85,0,80
12647490,23,50,4,76
12648000,87,12,1,75
12648510,69,19,-6,81
12649020,76,15,8,73
12649530,4,55,-7,80
12650040,68,20,0,80
12650550,75,60,2,78
12651060,16,6,0,78
12651570,93,17,4,74
12652080,14,29,-9,83
12652590,17,93,3,80
12653100,25,58,4,76
12653610,100,6,-2,78
12654120,82,18,7,71
12654630,10,30,-10,81
12655140,13,94,2,79
12655650,21,59,-3,82
12656160,85,7,9,73
12656670,67,19,-7,80
12657180,99,59,-3,83
12657690,4,62,-1,84
12658200,68,27,0,84
12658710,67,23,3,81
12659220,74,19,5,76
12659730,81,59,-11,87
12660240,2,70,12,75
12660750,66,35,-5,80
12661260,96,34,1,79
12661770,24,30,5,74
12662280,58,94,-9,83
12662790,81,66,-1,84
12663300,2,12,4,80
12663810,5,13,2,78
12664320,8,14,-5,83
12664830,11,15,-2,85
12665340,14,79,8,77
12665850,78,44,0,77
12666360,85,43,6,71
12666870,92,63,-11,82
12667380,13,66,0,82
12667890,77,31,1,81
12668400,84,8,9,72
12668910,66,20,-6,78
12669420,73,60,-9,87
12669930,14,61,6,81
12670440,78,9,7,74
12670950,62,21,0,74
12671460,69,61,-4,78
12671970,10,62,-5,83
12672480,74,27,4,79
12672990,81,23,4,75
12673500,11,19,-1,76
12674010,15,83,-3,79
12674520,23,48,-3,82
12675030,87,10,7,75
12675540,69,22,-4,79
12676050,76,18,2,77
12676560,4,58,-2,79
12677070,68,23,-2,81
12677580,75,19,4,77
12678090,5,59,-3,80
12678600,69,24,5,75
12679110,76,20,-4,79
12679620,4,60,1,78
12680130,68,25,2,76
12680640,75,21,-6,82
12681150,5,17,6,76
12681660,9,18,-6,82
12682170,12,82,4,78
12682680,20,47,-4,82
12683190,84,9,2,80
12683700,9,21,5,75
12684210,12,85,-2,77
12684720,20,50,0,77
12685230,84,12,-4,81
12685740,66,24,0,81
12686250,73,20,6,75
12686760,80,16,4,71
12687270,1,28,-8,79
12687780,65,29,-8,87
12688290,6,25,13,74
12688800,70,26,-9,83
12689310,77,22,6,77
12689820,84,18,7,70
12690330,5,30,-11,81
12690840,69,31,-2,83
12691350,99,27,4,79
12691860,20,23,4,75
12692370,2,87,-5,80
12692880,5,35,-2,82
12693390,69,36,5,77
12693900,99,35,1,76
12694410,27,31,-5,81
12694920,69,95,7,74
12695430,92,14,0,74
12695940,74,26,0,74
12696450,81,70,-10,84
12696960,2,71,3,81
12697470,66,36,-4,85
12697980,7,47,6,79
12698490,71,12,7,72
12699000,101,52,-7,79
12699510,21,72,2,77
12700020,85,20,7,70
12700530,6,16,-8,78
12701040,70,17,1,77
12701550,100,57,-4,81
12702060,21,77,4,77
12702570,28,25,-11,88
12703080,62,89,10,78
12703590,85,8,4,74
12704100,67,20,-6,80
12704610,74,16,3,77
12705120,2,56,-8,85
12705630,66,21,9,76
12706140,73,17,1,75
12706650,1,13,-2,77
12707160,65,14,-3,80
12707670,95,54,3,77
12708180,16,74,-2,79
12708690,80,22,-2,81
12709200,8,18,6,75
12709710,11,82,-4,79
12710220,75,47,-1,80
12710730,3,46,-4,84
12711240,67,97,7,77
12711750,90,45,-4,81
12712260,10,65,-4,85
12712770,74,14,7,78
12713280,2,54,-3,81
12713790,66,3,8,73
12714300,50,15,-9,82
12714810,80,40,-1,83
12715320,8,60,5,78
12715830,72,9,3,75
12716340,54,21,-3,78
12716850,97,46,1,77
12717360,17,66,-4,81
12717870,81,14,7,74
12718380,2,26,-5,79
12718890,66,27,-1,80
12719400,96,23,4,76
12719910,17,19,-4,80
12720420,21,83,-2,82
12720930,85,31,6,76
12721440,13,27,0,76
12721950,77,91,-1,77
12722460,60,19,-2,79
12722970,67,15,6,73
12723480,97,55,-4,77
12723990,17,75,-6,83
12724500,81,12,4,79
12725010,5,24,1,78
12725520,71,25,-5,83
12726030,78,21,7,76
12726540,6,17,-5,81
12727050,9,18,3,78
12727560,13,82,-2,80
12728070,77,47,2,78
12728580,99,46,5,73
12729090,19,66,-8,81
12729600,83,14,5,76
12730110,4,26,0,76
12730620,68,27,1,75
12731130,75,23,-2,77
12731640,3,19,-3,80
12732150,67,20,-6,86
12732660,74,16,7,79
12733170,2,12,3,76
12733680,5,13,-6,82
12734190,9,14,3,79
12734700,13,78,0,79
12735210,77,43,-6,85
12735720,5,42,8,77
12736230,69,43,-5,82
12736740,99,54,6,76
12737250,19,53,-9,85
12737760,83,15,11,74
12738270,4,27,-6,80
12738780,68,91,4,76
12739290,73,63,-5,81
12739800,96,25,9,72
12740310,17,37,-6,78
12740820,81,101,6,72
12741330,64,41,-8,80
12741840,94,52,3,77
12742350,14,72,-4,81
12742860,78,37,2,79
12743370,100,33,2,77
12743880,20,29,-6,83
12744390,24,93,-5,88
12744900,31,30,2,86
12745410,46,94,7,79
12745920,71,34,-6,85
12746430,101,71,7,78
12746940,22,31,-6,84
12747450,26,95,1,83
12747960,33,32,0,83
12748470,48,96,8,75
12748980,71,44,-6,81
12749490,101,43,3,78
12750000,21,39,-5,83
12750510,85,1,8,75
12751020,67,13,-4,79
12751530,97,53,0,79
12752040,17,73,-8,87
12752550,81,38,11,76
12753060,1,34,-3,79
12753570,65,98,3,76
12754080,88,46,-1,77
12754590,8,66,-4,81
12755100,72,31,-3,84
12755610,0,27,10,74
12756120,64,28,-6,80
12756630,94,24,5,75
12757140,15,20,0,75
12757650,19,84,-6,81
12758160,2,21,0,81
12758670,66,58,-2,83
12759180,89,20,8,75
12759690,10,32,-3,78
12760200,74,96,7,71
12760710,57,15,-11,82
12761220,87,55,1,81
12761730,8,75,5,76
12762240,72,40,-3,79
12762750,0,39,-2,81
12763260,64,76,-2,83
12763770,92,38,11,72
12764280,12,34,-6,78
12764790,76,98,8,70
12765300,59,17,-5,75
12765810,89,57,-5,80
12766320,9,56,-3,83
12766830,73,5,9,74
12767340,99,17,-5,79
12767850,20,29,4,75
12768360,3,93,-5,80
12768870,11,41,1,79
12769380,75,3,6,73
12769890,7,15,-7,80
12770400,10,79,-1,81
12770910,74,44,-2,83
12771420,2,55,6,77
12771930,66,20,-4,81
12772440,96,60,-1,82
12772950,16,80,-1,83
12773460,80,17,7,76
12773970,8,57,-9,85
12774480,72,6,11,74
12774990,98,18,-4,78
12775500,19,30,-2,80
12776010,23,94,6,74
12776520,31,31,-9,83
12777030,46,95,0,83
12777540,49,67,1,82
12778050,77,39,0,82
12778560,5,38,0,82
12779070,69,0,8,74
12779580,1,12,-7,81
12780090,0,13,4,77
12780600,64,14,-8,85
12781110,90,54,4,81
12781620,10,74,5,76
12782130,74,39,-5,81
12782640,2,38,-2,83
12783150,66,0,9,74
12783660,96,12,-2,76
12784170,78,24,4,72
12784680,6,20,-7,79
12785190,9,84,0,79
12785700,17,49,-1,80
12786210,81,11,4,76
12786720,9,23,-2,78
12787230,73,87,7,71
12787740,56,32,-8,79
12788250,67,31,4,75
12788760,97,27,0,75
12789270,18,39,-3,78
12789780,82,1,4,74
12790290,66,13,-5,79
12790800,96,53,1,78
12791310,16,73,-1,79
12791820,80,10,0,79
12792330,4,22,7,72
12792840,68,86,-3,75
12793350,51,31,-5,80
12793860,66,42,-4,84
12794370,96,53,9,75
12794880,16,73,-9,84
12795390,80,10,9,75
12795900,4,22,-4,79
12796410,68,86,3,76
12796920,51,31,-9,85
12797430,62,42,7,78
12797940,3,4,1,77
12798450,2,41,-5,82
12798960,66,6,4,78
12799470,92,18,4,74
12799980,13,30,-6,80
12800490,8,94,3,77
12801000,16,49,0,77
12801510,80,11,4,73
12802020,62,23,-8,81
12802530,92,63,3,78
12803040,13,83,-4,82
12803550,21,48,3,79
12804060,85,10,2,77
12804570,9,22,1,76
12805080,4,86,-4,80
12805590,68,51,-1,81
12806100,83,13,8,73
12806610,11,53,-3,76
12807120,75,15,-4,80
12807630,3,55,-2,82
12808140,67,4,13,69
12808650,51,16,-14,83
12809160,81,41,10,73
12809670,9,61,-2,75
12810180,73,82,-4,79
12810690,56,81,0,79
12811200,79,53,-4,83
12811710,0,73,7,76
12812220,64,38,-7,83
12812730,94,49,6,77
12813240,5,69,-2,79
12813750,69,34,0,79
12814260,99,33,2,77
12814770,27,29,0,77
12815280,42,93,-4,81
12815790,45,65,-2,83
12816300,79,27,7,76
12816810,7,23,0,76
12817320,71,87,0,76
12817830,54,32,-1,77
12818340,45,43,-2,79
12818850,86,5,3,76
12819360,68,17,-1,77
12819870,98,57,-2,79
12820380,18,77,-1,80
12820890,82,14,2,78
12821400,3,54,-4,82
12821910,67,86,7,75
12822420,90,58,-4,79
12822930,11,23,5,74
12823440,61,87,-5,79
12823950,84,59,-5,84
12824460,5,24,6,78
12824970,4,88,-3,81
12825480,12,43,-1,82
12825990,76,5,6,76
12826500,8,17,-1,77
12827010,66,81,-1,78
12827520,89,53,2,76
12828030,10,15,1,75
12828540,13,79,-6,81
12829050,21,44,6,75
12829560,85,6,3,72
12830070,67,18,0,72
12830580,97,58,-6,78
12831090,18,78,1,77
12831600,26,15,2,75
12832110,37,14,-12,87
12832620,48,25,5,82
12833130,14,36,10,72
12833640,78,100,-3,75
12834150,61,45,-11,86
12834660,2,7,11,75
12835170,1,44,1,74
12835680,67,9,0,74
12836190,51,49,-4,78
12836700,92,11,5,73
12837210,74,23,-6,79
12837720,0,19,5,74
12838230,64,20,-5,79
12838740,94,16,6,73
12839250,15,28,-5,78
12839760,10,92,-2,80
12840270,18,40,-1,81
12840780,82,2,6,75
12841290,64,14,0,75
12841800,94,54,-11,86
12842310,15,74,8,78
12842820,23,11,5,73
12843330,5,22,-7,80
12843840,4,86,6,74
12844350,12,51,-2,76
12844860,76,13,0,76
12845370,0,53,-2,78
12845880,64,18,0,78
12846390,94,58,2,76
12846900,15,78,-4,80
12847410,23,15,-1,81
12847920,38,26,-3,84
12848430,53,37,2,82
12848940,96,101,7,75
12849450,78,66,-2,77
12849960,101,28,1,76
12850470,22,24,-9,85
12850980,64,35,3,82
12851490,5,46,1,81
12852000,69,11,8,73
12852510,92,51,-7,80
12853020,13,71,-1,81
12853530,77,36,0,81
12854040,5,45,0,81
12854550,69,7,8,73
12855060,95,19,-5,78
12855570,16,31,-2,80
12856080,11,95,5,75
12856590,19,60,-3,78
12857100,22,22,-1,79
12857610,64,86,8,71
12858120,87,58,-5,76
12858630,8,78,1,75
12859140,16,43,-5,80
12859650,15,5,3,77
12860160,99,16,1,76
12860670,20,28,2,74
12861180,15,92,2,72
12861690,23,57,-10,82
12862200,26,19,-2,84
12862710,41,30,4,80
12863220,56,94,3,77
12863730,79,66,-4,81
12864240,0,28,1,80
12864750,64,92,10,70
12865260,87,64,-13,83
12865770,8,29,7,76
12866280,72,93,2,74
12866790,95,38,-5,79
12867300,16,34,-6,85
12867810,15,98,6,79
12868320,23,63,5,74
12868830,26,25,-3,77
12869340,8,89,3,74
12869850,72,54,-13,87
12870360,95,16,10,77
12870870,16,28,4,73
12871380,11,92,-8,81
12871890,19,57,-1,82
12872400,22,19,2,80
12872910,64,83,9,71
12873420,87,28,-3,74
12873930,8,24,-8,82
12874440,7,88,6,76
12874950,15,53,-1,77
12875460,79,15,8,69
12875970,0,55,-8,77
12876480,64,20,2,75
12876990,94,16,0,75
12877500,15,28,-7,82
12878010,14,92,8,74
12878520,22,57,-8,82
12879030,25,19,2,80
12879540,40,83,0,80
12880050,43,45,1,79
12880560,58,7,3,76
12881070,84,47,-3,79
12881580,5,70,0,79
12882090,69,35,1,78
12882600,0,44,-1,79
12883110,64,9,3,76
12883620,94,49,-2,78
12884130,15,45,5,73
12884640,14,7,-5,78
12885150,56,18,-1,79
12885660,86,27,8,71
12886170,7,23,-5,76
12886680,6,87,-1,77
12887190,14,52,-3,80
12887700,78,14,4,76
12888210,101,54,-4,80
12888720,22,50,-4,84
12889230,86,12,9,75
12889740,7,24,-6,81
12890250,6,96,3,78
12890760,14,44,-2,80
12891270,78,6,4,76
12891780,10,18,-3,79
12892290,13,82,-2,81
12892800,21,19,5,76
12893310,3,83,-5,81
12893820,11,48,3,78
12894330,75,10,3,75
12894840,98,14,-1,76
12895350,19,26,1,75
12895860,14,90,-4,79
12896370,22,55,2,77
12896880,30,17,-7,84
12897390,9,28,1,83
12897900,8,92,7,76
12898410,58,40,-3,79
12898920,101,2,3,76
12899430,26,14,-7,83
12899940,5,25,9,74
12900450,69,89,-5,79
12900960,77,61,-2,81
12901470,100,23,2,79
12901980,21,19,1,78
12902490,63,83,3,75
12903000,71,55,-7,82
12903510,85,17,8,74
12904020,6,13,-5,79
12904530,9,77,-1,80
12905040,17,42,6,74
12905550,20,4,-5,79
12906060,62,29,-2,81
12906570,3,40,4,77
12907080,67,2,3,74
12907590,101,14,-4,78
12908100,22,26,-5,83
12908610,56,90,2,81
12909120,4,62,0,81
12909630,68,27,6,75
12910140,98,23,1,74
12910650,19,19,-7,81
12911160,61,83,6,75
12911670,69,55,-10,85
12912180,97,17,12,73
12912690,18,29,-1,74
12913200,52,93,-1,75
12913710,60,65,-9,84
12914220,68,27,3,81
12914730,98,23,5,76
12915240,19,19,-12,88
12915750,22,83,8,80
12916260,30,20,-2,82
12916770,45,31,-5,87
12917280,60,42,7,80
12917790,1,4,3,77
12918300,4,41,-2,79
12918810,68,3,5,74
12919320,0,101,-2,76
12919830,8,49,-2,78
12920340,72,11,4,74
12920850,95,51,-2,76
12921360,15,47,-10,86
12921870,79,9,10,76
12922380,11,21,-6,82
12922890,14,85,0,82
12923400,22,22,-1,83
12923910,64,86,6,77
12924420,12,58,-3,80
12924930,76,20,1,79
12925440,1,16,-4,83
12925950,4,80,3,80
12926460,68,45,-1,81
12926970,9,7,6,75
12927480,4,18,-11,86
12927990,7,82,7,79
12928500,15,47,0,79
12929010,79,9,4,75
12929520,11,21,-1,76
12930030,14,85,-6,82
12930540,22,50,3,79
12931050,86,12,1,78
12931560,7,24,0,78
12932070,6,88,4,74
12932580,14,36,-5,79
12933090,9,100,2,77
12933600,17,48,-5,82
12934110,81,10,1,81
12934620,6,22,5,76
12935130,70,86,1,75
12935640,78,32,-1,76
12936150,101,28,-2,78
12936660,22,24,0,78
12937170,4,88,0,78
12937680,12,36,-5,83
12938190,76,100,5,78
12938700,84,28,3,75
12939210,5,24,-4,79
12939720,69,88,-2,81
12940230,92,60,-5,86
12940740,13,35,4,82
12941250,8,99,4,78
12941760,16,47,0,78
12942270,80,9,1,77
12942780,5,21,-5,82
12943290,4,85,-1,83
12943800,12,50,2,81
12944310,76,12,8,73
12944820,1,8,-9,82
12945330,4,45,5,77
12945840,68,7,7,70
12946350,27,3,-10,80
12946860,28,28,4,76
12947370,70,92,4,72
12947880,93,11,-1,73
12948390,75,23,-3,76
12948900,98,19,3,73
12949410,19,31,-7,80
12949920,14,95,1,79
12950430,22,43,0,79
12950940,17,5,7,72
12951450,101,16,-5,77
12951960,22,28,-7,84
12952470,25,92,-3,87
12952980,33,29,5,82
12953490,48,93,0,82
12954000,98,65,0,82
12954510,19,25,3,79
12955020,14,89,1,78
12955530,22,54,2,76
12956040,86,16,2,74
12956550,7,12,-4,78
12957060,2,76,-2,80
12957570,10,41,0,80
12958080,74,3,2,78
12958590,101,33,-1,79
12959100,22,29,-5,84
12959610,21,93,-1,85
12960120,29,30,6,79
12960630,63,94,2,77
12961140,86,76,-8,85
12961650,7,38,9,76
12962160,71,0,1,75
12962670,3,30,0,75
12963180,87,48,-5,80
12963690,7,71,4,76
12964200,71,36,-5,81
12964710,101,47,1,80
12965220,21,96,-2,82
12965730,29,33,-5,87
12966240,11,97,8,79
12966750,19,45,0,79
12967260,41,7,0,79
12967770,42,32,-1,80
12968280,57,96,7,73
12968790,80,78,-7,80
12969300,1,40,2,78
12969810,65,44,-1,79
12970320,6,51,-10,89
12970830,70,55,9,80
12971340,11,17,-1,81
12971850,14,81,4,77
12972360,22,46,-3,80
12972870,17,8,-6,86
12973380,59,19,6,80
12973890,0,28,5,75
12974400,64,46,-6,81
12974910,5,8,5,76
12975420,8,19,-4,80
12975930,7,83,1,79
12976440,71,48,-7,86
12976950,94,59,2,84
12977460,15,62,9,75
12977970,79,10,1,74
12978480,4,22,-5,79
12978990,3,40,2,77
12979500,67,44,-4,81
12980010,8,51,4,77
12980520,72,83,0,77
12981030,80,29,7,70
12981540,1,25,-11,81
12982050,19,43,4,77
12982560,83,5,2,75
12983070,8,17,-8,83
12983580,11,81,7,76
12984090,75,85,-2,78
12984600,58,13,-1,79
12985110,59,9,2,77
12985620,43,41,-10,87
12986130,77,3,14,73
12986640,9,15,-1,74
12987150,71,79,-3,77
12987660,19,27,-6,83
12988170,22,91,8,75
12988680,30,39,-9,84
12989190,64,1,16,68
12989700,98,13,-7,75
12990210,23,25,-5,80
12990720,65,89,6,74
12991230,73,17,-1,75
12991740,100,13,-7,82
12992250,82,25,3,79
12992760,3,21,-1,80
12993270,67,39,2,78
12993780,90,62,-4,82
12994290,11,44,3,79
12994800,75,6,3,76
12995310,7,18,-4,80
12995820,10,82,1,79
12996330,18,37,-3,82
12996840,13,101,4,78
12997350,21,56,-4,82
12997860,24,18,3,79
12998370,27,82,-3,82
12998880,30,30,0,82
12999390,64,94,8,74
12999900,87,76,0,74
13000410,8,38,1,73
13000920,72,56,-14,87
13001430,20,18,11,76
13001940,2,82,-2,78
13002450,14,32,0,78
13002960,9,96,-3,81
13003470,17,61,0,81
13003980,81,23,7,74
13004490,2,19,-9,83
13005000,66,56,2,81
13005510,7,18,7,74
13006020,6,82,-7,81
13006530,70,32,4,77
13007040,11,41,-4,81
13007550,75,3,4,77
13008060,7,15,2,75
13008570,10,79,-8,83
13009080,74,83,2,81
13009590,57,11,2,79
13010100,58,20,-2,81
13010610,101,29,6,75
13011120,22,25,-5,80
13011630,64,89,2,78
13012140,72,35,0,78
13012650,0,44,7,71
13013160,64,48,-12,83
13013670,5,10,3,80
13014180,8,74,-1,81
13014690,72,78,1,80
13015200,80,60,-3,83
13015710,1,25,4,79
13016220,65,89,-3,82
13016730,36,35,-2,84
13017240,51,99,6,78
13017750,54,81,6,72
13018260,77,27,-4,76
13018770,100,23,-3,79
13019280,21,35,-4,83
13019790,16,99,7,76
13020300,24,54,-7,83
13020810,88,16,10,73
13021320,9,28,-6,79
13021830,8,92,0,79
13022340,72,47,-6,85
13022850,13,54,1,84
13023360,77,16,3,81
13023870,2,28,7,74
13024380,66,46,-13,87
13024890,7,8,7,80
13025400,10,19,-6,86
13025910,13,83,11,75
13026420,77,54,-10,85
13026930,100,16,10,75
13027440,82,28,-3,78
13027950,3,24,-4,82
13028460,67,42,2,80
13028970,8,45,1,79
13029480,72,7,9,70
13029990,73,19,-8,78
13030500,100,15,1,77
13031010,82,27,4,73
13031520,3,23,-10,83
13032030,67,41,5,78
13032540,8,48,1,77
13033050,72,10,2,75
13033560,56,22,-3,78
13034070,99,31,3,75
13034580,20,48,-5,80
13035090,84,10,7,73
13035600,66,22,-6,79
13036110,93,18,4,75
13036620,75,30,-8,83
13037130,91,26,7,76
13037640,12,22,-10,86
13038150,15,86,-1,87
13038660,79,51,1,86
13039170,0,16,9,77
13039680,64,34,-13,90
13040190,5,45,6,84
13040700,69,49,4,80
13041210,10,11,2,78
13041720,14,75,-3,81
13042230,78,40,7,74
13042740,60,36,-8,82
13043250,1,47,0,82
13043760,65,51,-3,85
13044270,66,16,9,76
13044780,93,28,-1,77
13045290,75,24,0,77
13045800,0,20,4,73
13046310,64,38,-11,84
13046820,5,47,7,77
13047330,69,51,-4,81
13047840,10,16,2,79
13048350,75,80,1,78
13048860,98,45,-1,79
13049370,19,41,0,79
13049880,83,3,7,72
13050390,65,15,-7,79
13050900,92,27,5,74
13051410,13,44,-4,78
13051920,77,6,0,78
13052430,61,18,-1,79
13052940,2,27,0,79
13053450,66,45,1,78
13053960,7,10,-3,81
13054470,11,63,1,80
13054980,75,28,0,80
13055490,91,24,11,69
13056000,12,41,-11,80
13056510,76,3,9,71
13057020,8,15,-4,75
13057530,73,79,1,74
13058040,55,44,-6,80
13058550,98,9,-3,83
13059060,18,21,3,80
13059570,22,85,-1,81
13060080,25,22,-3,84
13060590,29,86,4,80
13061100,3,23,3,77
13061610,67,41,-1,78
13062120,8,6,-3,81
13062630,12,70,-1,82
13063140,76,35,0,82
13063650,99,44,7,75
13064160,81,40,-10,85
13064670,9,49,5,80
13065180,73,14,8,72
13065690,96,26,-5,77
13066200,17,43,-2,79
13066710,81,5,9,70
13067220,13,17,-8,78
13067730,17,81,0,78
13068240,20,18,-3,81
13068750,24,82,-1,82
13069260,27,19,8,74
13069770,9,83,-12,86
13070280,73,48,8,78
13070790,96,13,-1,79
13071300,78,25,0,79
13071810,3,37,2,77
13072320,67,2,9,68
13072830,101,14,-7,75
13073340,83,26,1,74
13073850,4,38,-8,82
13074360,68,3,9,73
13074870,0,15,-3,76
13075380,64,52,-4,80
13075890,5,17,4,76
13076400,4,81,-3,79
13076910,68,46,-2,81
13077420,9,11,6,75
13077930,13,75,-4,79
13078440,77,40,-2,81
13078950,5,5,-3,84
13079460,4,16,6,78
13079970,3,53,-2,80
13080480,67,18,0,80
13080990,94,30,7,73
13081500,15,47,-5,78
13082010,79,9,6,72
13082520,61,21,-7,79
13083030,2,30,2,77
13083540,66,97,2,75
13084050,49,62,-10,85
13084560,32,27,3,82
13085070,66,91,10,72
13085580,49,56,-14,86
13086090,83,21,13,73
13086600,4,33,-4,77
13087110,68,51,-6,83
13087620,9,16,1,82
13088130,13,80,1,81
13088640,77,45,-2,83
13089150,100,10,1,82
13089660,82,22,7,75
13090170,12,39,1,74
13090680,76,1,1,73
13091190,8,13,-2,75
13091700,73,77,-7,82
13092210,87,42,11,71
13092720,15,62,-10,81
13093230,79,101,5,76
13093740,62,66,-8,84
13094250,76,31,5,79
13094760,4,27,3,76
13095270,68,45,-3,79
13095780,82,10,7,72
13096290,64,22,-9,81
13096800,5,31,-3,84
13097310,69,49,9,75
13097820,10,14,-5,80
13098330,14,78,-1,81
13098840,78,15,4,77
13099350,10,27,0,77
13099860,9,91,-7,84
13100370,73,56,-4,88
13100880,87,21,18,70
13101390,8,36,-4,74
13101900,72,9,1,73
13102410,4,21,-10,83
13102920,3,39,9,74
13103430,67,4,1,73
13103940,101,16,-7,80
13104450,33,28,-3,83
13104960,48,92,2,81
13105470,51,40,1,80
13105980,79,2,8,72
13106490,11,14,-8,80
13107000,15,78,-1,81
13107510,79,43,2,79
13108020,7,42,7,72
13108530,71,92,3,69
13109040,54,57,-14,83
13109550,95,22,5,78
13110060,16,34,-1,79
13110570,11,98,7,72
13111080,19,46,-15,87
13111590,83,8,11,76
13112100,15,20,-4,80
13112610,19,84,-1,81
13113120,83,21,10,71
13113630,4,33,0,71
13114140,68,53,-9,80
13114650,82,18,4,76
13115160,3,30,0,76
13115670,10,48,-5,81
13116180,74,98,10,71
13116690,57,17,-13,84
13117200,58,26,-4,88
13117710,59,35,9,79
13118220,0,0,1,78
13118730,1,49,3,75
13119240,65,14,0,75
13119750,99,26,-1,76
13120260,20,43,-3,79
13120770,24,5,3,76
13121280,25,30,-5,81
13121790,7,94,7,74
13122300,71,42,-12,86
13122810,85,7,14,72
13123320,17,19,-11,83
13123830,21,83,2,81
13124340,24,20,7,74
13124850,6,84,-4,78
13125360,70,32,-1,79
13125870,100,41,1,78
13126380,28,37,-5,83
13126890,10,101,-3,86
13127400,74,49,3,83
13127910,88,14,8,75
13128420,20,26,-4,79
13128930,24,90,4,75
13129440,27,27,-8,83
13129950,61,91,11,72
13130460,84,39,-7,79
13130970,12,35,-4,83
13131480,11,99,6,77
13131990,19,47,-3,80
13132500,83,9,2,78
13133010,15,21,-2,80
13133520,14,85,-3,83
13134030,22,33,5,78
13134540,4,97,4,74
13135050,7,45,-5,79
13135560,71,95,-5,84
13136070,99,60,3,81
13136580,20,80,9,72
13137090,23,28,-7,79
13137600,5,92,-5,84
13138110,69,40,5,79
13138620,99,39,1,78
13139130,27,35,3,75
13139640,9,99,-5,80
13140150,73,47,-6,86
13140660,87,50,12,74
13141170,7,25,-1,75
13141680,6,43,-8,83
13142190,70,93,8,75
13142700,53,34,-7,82
13143210,54,101,7,75
13143720,57,49,-9,84
13144230,85,14,10,74
13144740,17,26,-1,75
13145250,21,90,-3,78
13145760,24,27,-3,81
13146270,66,91,7,74
13146780,49,10,-7,81
13147290,50,35,-4,85
13147800,65,42,2,83
13148310,95,7,4,79
13148820,77,19,3,76
13149330,5,15,-4,80
13149840,4,79,-4,84
13150350,68,27,3,81
13150860,98,36,10,71
13151370,26,32,-10,81
13151880,60,96,5,76
13152390,50,44,-10,86
13152900,65,6,10,76
13153410,99,18,5,71
13153920,81,30,-9,80
13154430,9,26,3,77
13154940,8,90,5,72
13155450,16,38,-14,86
13155960,80,0,16,70
13156470,62,12,-6,76
13156980,63,24,-4,80
13157490,4,33,4,76
13158000,68,51,-8,84
13158510,69,16,12,72
13159020,99,12,-10,82
13159530,31,24,0,82
13160040,46,88,-1,83
13160550,47,36,-1,84
13161060,62,100,8,76
13161570,61,48,-9,85
13162080,89,13,12,73
13162590,71,25,-5,78
13163100,101,21,3,75
13163610,31,33,-5,80
13164120,46,97,2,78
13164630,47,47,-4,82
13165140,62,9,4,78
13165650,96,21,5,73
13166160,78,33,-4,77
13166670,6,29,-1,78
13167180,5,47,0,78
13167690,69,74,0,78
13168200,52,39,1,77
13168710,67,4,6,71
13169220,101,69,-9,80
13169730,8,89,0,80
13170240,72,44,-5,85
13170750,0,67,6,79
13171260,64,22,1,78
13171770,94,31,1,77
13172280,22,8,-3,80
13172790,23,19,2,78
13173300,5,83,2,76
13173810,8,31,-3,79
13174320,7,4,3,76
13174830,6,29,1,75
13175340,70,86,-5,80
13175850,53,5,-5,85
13176360,54,30,4,81
13176870,97,41,3,78
13177380,25,37,-2,80
13177890,7,101,0,80
13178400,71,49,0,80
13178910,85,14,5,75
13179420,67,26,-1,76
13179930,97,35,-2,78
13180440,25,31,-2,80
13180950,14,95,-2,82
13181460,78,50,2,80
13181970,87,15,5,75
13182480,19,76,-8,83
13182990,83,29,6,77
13183500,11,25,1,76
13184010,6,89,-4,80
13184520,89,44,0,80
13185030,17,40,1,79
13185540,81,2,8,71
13186050,13,14,-7,78
13186560,12,25,-1,79
13187070,11,11,3,76
13187580,10,75,-7,83
13188090,74,96,11,72
13188600,57,44,-13,85
13189110,85,9,11,74
13189620,67,21,-4,78
13190130,78,30,4,74
13190640,6,7,-9,83
13191150,5,18,1,82
13191660,4,55,2,80
13192170,68,10,1,79
13192680,0,22,-4,83
13193190,64,59,4,79
13193700,92,24,4,75
13194210,22,36,0,75
13194720,5,100,1,74
13195230,8,48,-4,78
13195740,72,98,6,72
13196250,55,17,-10,82
13196760,56,42,-4,86
13197270,71,7,16,70
13197780,3,19,-11,81
13198290,2,56,1,80
13198800,66,4,3,77
13199310,100,16,-3,80
13199820,82,28,5,75
13200330,10,40,-4,79
13200840,74,90,6,73
13201350,57,9,-7,80
13201860,58,34,-7,87
13202370,101,45,11,76
13202880,21,65,-2,78
13203390,60,13,-4,82
13203900,61,38,5,77
13204410,2,61,-4,81
13204920,66,16,3,78
13205430,96,25,0,78
13205940,26,42,-5,83
13206450,9,4,1,82
13206960,2,29,7,75
13207470,66,49,-7,82
13207980,7,14,7,75
13208490,6,78,-4,79
13209000,70,33,-3,82
13209510,100,42,2,80
13210020,28,62,2,78
13210530,29,10,-7,85
13211040,30,35,6,79
13211550,45,99,-4,83
13212060,46,47,5,78
13212570,61,9,-1,79
13213080,62,34,-5,84
13213590,3,45,3,81
13214100,67,0,6,75
13214610,101,12,3,72
13215120,83,24,-6,78
13215630,13,41,-4,82
13216140,12,91,7,75
13216650,20,39,-2,77
13217160,6,1,-3,80
13217670,5,26,-3,83
13218180,4,46,7,76
13218690,68,1,4,72
13219200,0,13,-10,82
13219710,64,50,0,82
13220220,79,15,5,77
13220730,7,27,-1,78
13221240,86,91,2,76
13221750,69,56,-6,82
13222260,52,18,8,74
13222770,53,43,-6,80
13223280,68,5,2,78
13223790,0,17,-3,81
13224300,101,54,5,76
13224810,21,74,-7,83
13225320,85,22,11,72
13225830,6,39,-5,77
13226340,70,96,1,76
13226850,53,15,-4,80
13227360,54,40,-2,82
13227870,55,2,10,72
13228380,56,14,-9,81
13228890,44,39,-4,85
13229400,59,52,4,81
13229910,87,14,5,76
13230420,69,26,-4,80
13230930,99,35,3,77
13231440,81,52,-3,80
13231950,2,17,-2,82
13232460,1,54,6,76
13232970,65,3,-1,77
13233480,66,15,1,76
13233990,98,24,-5,81
13234500,80,41,-9,90
13235010,8,64,14,76
13235520,72,12,5,71
13236030,88,24,-7,78
13236540,18,41,-1,79
13237050,13,3,-1,80
13237560,12,28,-7,87
13238070,11,92,9,78
13238580,19,47,1,77
13239090,18,20,-8,85
13239600,17,84,2,83
13240110,16,32,7,76
13240620,15,96,3,73
13241130,23,44,-5,78
13241640,22,6,-4,82
13242150,23,31,0,82
13242660,22,95,4,78
13243170,30,43,-8,86
13243680,29,5,4,82
13244190,30,30,-1,83
13244700,45,94,4,79
13245210,46,42,-1,80
13245720,61,4,2,78
13246230,62,16,-1,79
13246740,63,25,0,79
13247250,4,34,-1,80
13247760,68,91,2,78
13248270,51,10,-5,83
13248780,52,35,3,80
13249290,95,46,2,78
13249800,15,66,-3,81
13250310,79,14,5,76
13250820,9,26,-1,77
13251330,8,90,4,73
13251840,16,45,-11,84
13252350,15,7,0,84
13252860,16,18,10,74
13253370,15,82,-8,82
13253880,100,37,4,78
13254390,30,57,0,78
13254900,31,29,-5,83
13255410,46,93,4,79
13255920,49,41,-2,81
13256430,64,3,10,71
13256940,98,57,-5,76
13257450,18,77,-1,77
13257960,86,14,1,76
13258470,68,26,-6,82
13258980,100,35,3,79
13259490,30,52,-4,83
13260000,29,24,-1,84
13260510,28,88,-5,89
13261020,92,36,9,80
13261530,22,13,4,76
13262040,23,24,-4,80
13262550,22,88,-2,82
13263060,21,25,5,77
13263570,3,89,8,69
13264080,6,44,-11,80
13264590,70,101,11,69
13265100,53,20,-13,82
13265610,54,45,-1,83
13266120,69,7,7,76
13266630,1,19,2,74
13267140,0,39,0,74
13267650,64,90,-1,75
13268160,47,9,-6,81
13268670,48,34,1,80
13269180,91,41,8,72
13269690,11,18,-6,78
13270200,10,82,-2,80
13270710,18,31,2,78
13271220,17,95,1,77
13271730,25,43,-2,79
13272240,24,5,0,79
13272750,25,30,0,79
13273260,24,94,-7,86
13273770,27,42,6,80
13274280,10,4,2,78
13274790,9,29,4,74
13275300,8,49,-7,81
13275810,72,100,6,75
13276320,55,19,-7,82
13276830,98,44,-2,84
13277340,18,21,7,77
13277850,17,85,-7,84
13278360,25,34,4,80
13278870,73,98,4,76
13279380,56,37,-8,84
13279890,99,44,9,75
13280400,19,64,-5,80
13280910,18,12,0,80
13281420,17,23,1,79
13281930,16,87,5,74
13282440,24,35,-10,84
13282950,23,99,0,84
13283460,26,47,4,80
13283970,25,43,-2,82
13284480,24,5,0,82
13284990,25,30,-1,83
13285500,24,94,-5,88
13286010,88,42,13,75
13286520,8,62,-7,82
13287030,72,11,9,73
13287540,62,23,-10,83
13288050,3,32,10,73
13288560,67,52,-13,86
13289070,8,17,9,77
13289580,7,81,2,75
13290090,15,30,-1,76
13290600,14,94,1,75
13291110,22,49,-5,80
13291620,21,99,7,73
13292130,29,47,-8,81
13292640,12,48,-4,85
13293150,52,98,9,76
13293660,55,46,-7,83
13294170,70,8,4,79
13294680,2,20,0,79
13295190,66,57,1,78
13295700,7,22,-2,80
13296210,6,86,2,78
13296720,14,41,-2,80
13297230,13,25,1,79
13297740,12,89,2,77
13298250,20,44,-5,82
13298760,19,6,8,74
13299270,20,31,-1,75
13299780,19,95,-2,77
13300290,27,43,-8,85
13300800,26,5,2,83
13301310,27,30,4,79
13301820,26,94,-4,83
13302330,27,42,-2,85
13302840,10,11,5,80
13303350,9,75,-1,81
13303860,73,24,8,73
13304370,3,1,-6,79
13304880,2,12,6,73
13305390,1,49,-7,80
13305900,65,100,6,74
13306410,48,19,-7,81
13306920,49,44,0,81
13307430,64,6,5,76
13307940,98,77,2,74
13308450,81,42,-7,81
13308960,1,19,4,77
13309470,0,56,1,76
13309980,64,5,3,73
13310490,98,76,0,73
13311000,81,22,-4,77
13311510,11,39,0,77
13312020,10,12,2,75
13312530,9,76,-2,77
13313040,17,25,-4,81
13313550,16,89,-2,83
13314060,24,37,4,79
13314570,7,101,-2,81
13315080,15,49,0,81
13315590,14,99,5,76
13316100,22,47,2,74
13316610,21,9,-2,76
13317120,22,20,-7,83
13317630,21,84,7,76
13318140,4,21,3,73
13318650,3,39,-8,81
13319160,67,96,9,72
13319670,50,15,-5,77
13320180,51,40,-10,87
13320690,66,2,7,80
13321200,100,73,5,75
13321710,83,38,-4,79
13322220,11,15,4,75
13322730,10,79,-4,79
13323240,18,27,0,79
13323750,17,91,4,75
13324260,25,39,-3,78
13324770,8,1,-1,79
13325280,1,26,5,74
13325790,65,46,-9,83
13326300,6,8,4,79
13326810,5,19,6,73
13327320,4,37,-4,77
13327830,68,10,-5,82
13328340,0,27,9,73
13328850,64,47,-8,81
13329360,5,9,6,75
13329870,4,73,-8,83
13330380,68,22,8,75
13330890,100,101,-1,76
13331400,83,66,-7,83
13331910,66,31,4,79
13332420,96,56,-3,82
13332930,24,33,0,82
13333440,7,97,0,82
13333950,10,15,7,75
13334460,9,79,-5,80
13334970,73,28,4,76
13335480,3,5,-3,79
13335990,2,42,-3,82
13336500,66,93,4,78
13337010,49,12,-8,86
13337520,50,37,0,86
13338030,65,48,6,80
13338540,80,10,3,77
13339050,12,27,-7,84
13339560,11,91,9,75
13340070,19,39,-5,80
13340580,14,1,4,76
13341090,15,26,-3,79
13341600,10,90,-1,80
13342110,74,38,-1,81
13342620,74,15,9,72
13343130,4,32,-11,83
13343640,68,52,3,80
13344150,83,17,5,75
13344660,15,34,-5,80
13345170,10,98,6,74
13345680,18,46,-2,76
13346190,82,8,1,75
13346700,14,79,-7,82
13347210,22,16,6,76
13347720,4,80,-10,86
13348230,68,41,2,84
13348740,9,64,2,82
13349250,73,13,2,80
13349760,5,30,2,78
13350270,69,48,-1,79
13350780,84,10,0,79
13351290,16,27,-1,80
13351800,15,91,-2,82
13352310,23,39,0,82
13352820,22,1,-4,86
13353330,75,26,11,75
13353840,5,3,-5,80
13354350,4,14,-2,82
13354860,3,51,3,79
13355370,67,0,2,77
13355880,21,71,-6,83
13356390,85,19,10,73
13356900,15,36,-9,82
13357410,14,100,4,78
13357920,22,48,-6,84
13358430,17,10,8,76
13358940,12,74,-3,79
13359450,76,22,7,72
13359960,6,39,-5,77
13360470,70,59,-6,83
13360980,53,21,4,79
13361490,54,46,-2,81
13362000,69,8,3,78
13362510,1,25,-1,79
13363020,65,45,-13,92
13363530,6,7,13,79
13364040,72,18,1,78
13364550,2,35,-2,80
13365060,66,98,6,74
13365570,49,17,-11,85
13366080,50,42,0,85
13366590,65,4,6,79
13367100,99,75,0,79
13367610,82,37,-4,83
13368120,10,14,3,80
13368630,9,78,-1,81
13369140,73,26,4,77
13369650,3,67,-3,80
13370160,67,31,-2,82
13370670,97,40,6,76
13371180,79,81,-5,81
13371690,62,43,4,77
13372200,3,5,-2,79
13372710,2,16,-5,84
13373220,1,53,8,76
13373730,65,3,1,75
13374240,99,74,-7,82
13374750,82,20,9,73
13375260,12,37,-7,80
13375770,7,101,0,80
13376280,15,49,0,80
13376790,79,11,7,73
13377300,11,82,-9,82
13377810,75,30,5,77
13378320,3,71,-4,81
13378830,67,21,2,79
13379340,99,46,2,77
13379850,27,87,-2,79
13380360,28,35,-3,82
13380870,11,99,-1,83
13381380,19,47,2,81
13381890,14,9,2,79
13382400,7,20,1,78
13382910,6,84,-5,83
13383420,70,48,2,81
13383930,11,10,1,80
13384440,10,21,6,74
13384950,5,85,-6,80
13385460,69,33,-5,85
13385970,10,58,4,81
13386480,74,6,5,76
13386990,6,77,-5,81
13387500,70,27,5,76
13388010,0,68,-7,83
13388520,64,24,0,83
13389030,5,49,2,81
13389540,69,99,8,73
13390050,52,18,-3,76
13390560,53,27,-6,82
13391070,96,38,2,80
13391580,26,79,1,79
13392090,27,27,-4,83
13392600,42,91,1,82
13393110,43,53,1,81
13393620,26,15,-1,82
13394130,27,26,-3,85
13394640,26,90,1,84
13395150,12,38,4,80
13395660,76,0,8,72
13396170,8,17,-11,83
13396680,7,81,2,81
13397190,71,29,3,78
13397700,78,70,0,78
13398210,61,32,0,78
13398720,2,43,-8,86
13399230,66,61,1,85
13399740,49,23,8,77
13400250,50,34,-8,85
13400760,65,98,5,80
13401270,48,46,-1,81
13401780,63,8,0,81
13402290,97,33,9,72
13402800,27,74,-9,81
13403310,28,22,1,80
13403820,43,86,4,76
13404330,3,34,-5,81
13404840,67,52,-3,84
13405350,8,14,1,83
13405860,7,78,0,83
13406370,15,39,2,81
13406880,10,1,7,74
13407390,3,26,-3,77
13407900,67,90,1,76
13408410,50,36,-13,89
13408920,65,47,8,81
13409430,6,9,3,78
13409940,5,73,-1,79
13410450,13,34,-2,81
13410960,8,98,1,80
13411470,16,16,2,78
13411980,11,80,-1,79
13412490,19,28,3,76
13413000,14,92,-4,80
13413510,22,40,0,80
13414020,17,2,5,75
13414530,18,27,2,73
13415040,10,91,-4,77
13415550,18,39,-8,85
13416060,13,1,13,72
13416570,6,26,-9,81
13417080,5,90,2,79
13417590,13,63,-1,80
13418100,77,25,2,78
13418610,7,66,-3,81
13419120,71,28,0,81
13419630,1,69,1,80
13420140,65,31,-5,85
13420650,6,38,5,80
13421160,70,0,8,72
13421670,2,71,-8,80
13422180,66,33,-3,83
13422690,73,40,-2,85
13423200,14,21,5,80
13423710,9,85,2,78
13424220,17,33,-1,79
13424730,12,97,1,78
13425240,20,70,-9,87
13425750,84,18,16,71
13426260,14,35,-5,76
13426770,9,99,0,76
13427280,17,72,-10,86
13427790,81,34,9,77
13428300,66,75,-3,80
13428810,74,37,-6,86
13429320,15,78,6,80
13429830,79,26,7,73
13430340,9,67,-4,77
13430850,73,29,-1,78
13431360,3,70,-5,83
13431870,67,34,2,81
13432380,8,41,0,81
13432890,72,3,7,74
13433400,4,74,-8,82
13433910,12,36,5,77
13434420,32,100,-4,81
13434930,40,48,-5,86
13435440,55,10,9,77
13435950,56,35,0,77
13436460,99,99,2,75
13436970,82,54,-5,80
13437480,65,4,5,75
13437990,66,75,-6,81
13438500,74,37,0,81
13439010,81,46,2,79
13439520,63,49,-2,81
13440030,78,11,12,69
13440540,1,82,-6,75
13441050,9,46,-6,81
13441560,73,8,4,77
13442070,74,79,-6,83
13442580,57,41,-2,85
13443090,72,3,15,70
13443600,4,74,-9,79
13444110,12,38,8,71
13444620,76,0,-3,74
13445130,8,71,-10,84
13445640,72,33,8,76
13446150,79,42,-6,82
13446660,86,65,3,79
13447170,69,27,0,79
13447680,101,36,2,77
13448190,31,77,-4,81
13448700,32,39,-4,85
13449210,14,1,7,78
13449720,7,26,1,77
13450230,6,90,2,75
13450740,14,45,-5,80
13451250,13,7,6,74
13451760,6,18,-3,77
13452270,5,82,3,74
13452780,13,37,-9,83
13453290,8,101,2,81
13453800,16,19,2,79
13454310,11,83,-2,81
13454820,19,38,-1,82
13455330,14,0,0,82
13455840,7,25,0,82
13456350,6,89,4,78
13456860,14,44,-3,81
13457370,78,6,4,77
13457880,10,29,-3,80
13458390,5,93,5,75
13458900,13,48,0,75
13459410,77,10,-6,81
13459920,59,81,4,77
13460430,67,53,-7,84
13460940,50,15,1,83
13461450,51,40,-4,87
13461960,66,2,12,75
13462470,67,73,-9,84
13462980,75,35,3,81
13463490,82,44,0,81
13464000,89,67,2,79
13464510,72,21,-1,80
13465020,79,62,-1,81
13465530,62,24,-4,85
13466040,69,31,3,82
13466550,76,72,1,81
13467060,91,34,2,79
13467570,21,75,-2,81
13468080,7,23,2,79
13468590,6,41,0,79
13469100,70,3,7,72
13469610,2,74,-9,81
13470120,10,29,2,79
13470630,5,93,-2,81
13471140,13,48,0,81
13471650,77,10,1,80
13472160,0,81,-2,82
13472670,8,31,4,78
13473180,72,95,-1,79
13473690,55,14,-7,86
13474200,56,39,4,82
13474710,71,1,11,71
13475220,3,72,-8,79
13475730,67,27,-1,80
13476240,74,68,-7,87
13476750,89,30,11,76
13477260,19,71,-4,80
13477770,5,19,-1,81
13478280,4,37,3,78
13478790,68,55,-4,82
13479300,83,17,6,76
13479810,13,36,-1,77
13480320,8,54,1,76
13480830,72,9,2,74
13481340,97,80,-3,77
13481850,80,42,-7,84
13482360,87,19,12,72
13482870,17,60,-8,80
13483380,81,8,9,71
13483890,63,79,-11,82
13484400,46,41,-5,87
13484910,61,3,13,74
13485420,95,74,1,73
13485930,78,20,-9,82
13486440,85,61,2,80
13486950,67,23,5,75
13487460,74,64,-5,80
13487970,57,26,-1,81
13488480,64,33,5,76
13488990,71,40,-7,83
13489500,86,63,3,80
13490010,68,70,-2,82
13490520,51,32,-4,86
13491030,66,43,-3,89
13491540,81,54,7,82
13492050,63,40,1,81
13492560,78,51,1,80
13493070,93,58,-1,81
13493580,75,99,10,71
13494090,58,18,-8,79
13494600,65,27,-1,80
13495110,72,68,-12,92
13495620,55,30,11,81
13496130,70,41,0,81
13496640,85,48,2,79
13497150,67,89,4,75
13497660,50,8,-3,78
13498170,51,33,-8,86
13498680,66,44,4,82
13499190,81,51,4,78
13499700,96,58,0,78
13500210,78,99,7,71
13500720,61,39,-12,83
13501230,76,50,2,81
13501740,58,57,-3,84
13502250,40,19,-8,92
13502760,41,30,8,84
13503270,56,94,2,82
13503780,39,66,1,81
13504290,40,38,-3,84
13504800,55,0,6,78
13505310,56,71,-2,80
13505820,4,43,5,75
13506330,68,100,5,70
13506840,51,19,-13,83
13507350,58,30,10,73
13507860,73,71,-6,79
13508370,56,33,-8,87
13508880,71,44,10,77
13509390,86,51,-8,85
13509900,68,62,-3,88
13510410,83,24,12,76
13510920,13,65,-7,83
13511430,77,20,10,73
13511940,7,61,-7,80
13512450,71,16,3,77
13512960,78,57,-8,85
13513470,93,64,1,84
13513980,75,71,5,79
13514490,57,33,-2,81
13515000,72,44,4,77
13515510,54,51,-10,87
13516020,36,13,2,85
13516530,37,24,1,84
13517040,52,35,5,79
13517550,67,99,5,74
13518060,50,39,-14,88
13518570,65,1,15,73
13519080,99,72,-16,89
13519590,81,79,12,77
13520100,63,41,-8,85
13520610,78,48,4,81
13521120,60,59,-6,87
13521630,75,21,7,80
13522140,5,62,4,76
13522650,69,17,1,75
13523160,76,58,-10,85
13523670,58,20,-1,86
13524180,59,61,2,84
13524690,41,23,1,83
13525200,56,34,5,78
13525710,71,45,-6,84
13526220,86,56,0,84
13526730,68,63,2,82
13527240,83,25,3,79
13527750,13,66,-4,83
13528260,77,14,8,75
13528770,0,55,-2,77
13529280,64,11,-3,80
13529790,89,52,-2,82
13530300,36,93,-3,85
13530810,37,41,1,84
13531320,19,3,6,78
13531830,12,14,-1,79
13532340,7,78,1,78
13532850,71,33,2,76
13533360,78,74,-4,80
13533870,61,36,-5,85
13534380,76,47,5,80
13534890,58,58,-4,84
13535400,73,20,7,77
13535910,80,35,-2,79
13536420,87,76,-4,83
13536930,69,38,0,83
13537440,84,49,5,78
13537950,66,90,7,71
13538460,48,9,-7,78
13538970,49,34,-6,84
13539480,64,45,3,81
13539990,79,7,8,73
13540500,11,78,-7,80
13541010,75,33,1,79
13541520,82,74,-4,83
13542030,64,36,5,78
13542540,79,47,-6,84
13543050,61,58,7,77
13543560,76,20,3,74
13544070,83,61,-5,79
13544580,65,23,-2,81
13545090,72,64,-1,82
13545600,55,26,2,80
13546110,62,37,-2,82
13546620,3,48,6,76
13547130,67,3,-1,77
13547640,101,74,-5,82
13548150,83,20,7,75
13548660,13,61,-6,81
13549170,77,9,5,76
13549680,9,50,-6,82
13550190,73,100,7,75
13550700,55,19,-5,80
13551210,62,30,-1,81
13551720,3,41,3,78
13552230,67,59,-3,81
13552740,82,21,10,71
13553250,12,62,-9,80
13553760,76,10,8,72
13554270,8,51,-6,78
13554780,72,101,6,72
13555290,55,20,-15,87
13555800,62,61,8,79
13556310,77,23,7,72
13556820,84,64,-4,76
13557330,66,71,-7,83
13557840,80,33,7,76
13558350,87,74,-3,79
13558860,69,36,-3,82
13559370,76,47,0,82
13559880,85,58,5,77
13560390,67,65,-2,79
13560900,50,27,-6,85
13561410,65,38,5,80
13561920,80,49,3,77
13562430,62,71,-2,79
13562940,45,33,-2,81
13563450,60,97,6,75
13563960,65,37,-6,81
13564470,72,48,-1,82
13564980,87,55,6,76
13565490,69,58,-8,84
13566000,51,20,-1,85
13566510,52,31,-2,87
13567020,67,42,6,81
13567530,82,45,3,78
13568040,2,86,0,78
13568550,10,4,5,73
13569060,3,15,-9,82
13569570,2,52,9,73
13570080,66,8,-5,78
13570590,100,49,-7,85
13571100,82,90,8,77
13571610,64,26,-6,83
13572120,71,67,3,80
13572630,54,29,2,78
13573140,69,40,-1,79
13573650,76,51,-2,81
13574160,58,62,-1,82
13574670,72,24,10,72
13575180,79,65,-9,81
13575690,61,27,0,81
13576200,68,38,0,81
13576710,9,49,1,80
13577220,73,4,1,79
13577730,5,75,3,76
13578240,13,30,-7,83
13578750,8,94,10,73
13579260,16,12,-11,84
13579770,9,23,1,83
13580280,42,87,0,83
13580790,43,59,2,81
13581300,93,21,4,77
13581810,16,62,0,77
13582320,80,10,8,69
13582830,12,51,-14,83
13583340,76,101,9,74
13583850,58,20,-16,90
13584360,65,61,6,84
13584870,79,23,12,72
13585380,9,64,-11,83
13585890,73,19,5,78
13586400,80,60,-1,79
13586910,62,22,1,78
13587420,69,63,-6,84
13587930,83,25,7,77
13588440,13,66,-1,78
13588950,77,21,2,76
13589460,84,62,-3,79
13589970,66,24,4,75
13590480,73,65,-5,80
13590990,55,27,-1,81
13591500,70,38,-2,83
13592010,77,49,-1,84
13592520,86,60,3,81
13593030,95,67,0,81
13593540,77,74,-4,85
13594050,92,36,5,80
13594560,12,77,-6,86
13595070,76,32,12,74
13595580,83,73,-5,79
13596090,65,35,-1,80
13596600,72,46,-1,81
13597110,86,94,3,78
13597620,68,3,3,75
13598130,0,74,-7,82
13598640,64,38,-4,86
13599150,5,49,13,73
13599660,69,4,3,70
13600170,1,75,-9,79
13600680,65,39,-5,84
13601190,6,42,-1,85
13601700,70,4,12,73
13602210,76,75,-8,81
13602720,58,37,-3,84
13603230,73,48,9,75
13603740,82,51,-8,83
13604250,91,54,6,77
13604760,11,57,-5,82
13605270,75,5,11,71
13605780,100,76,-4,75
13606290,82,22,-3,78
13606800,5,63,-1,79
13607310,69,18,-2,81
13607820,76,59,-1,82
13608330,91,21,5,77
13608840,12,62,-2,79
13609350,76,101,8,71
13609860,58,20,-10,81
13610370,65,61,-1,82
13610880,79,23,10,72
13611390,86,64,-9,81
13611900,95,71,5,76
13612410,77,74,-2,78
13612920,59,85,4,74
13613430,64,4,0,74
13613940,89,75,-3,77
13614450,71,78,-3,80
13614960,53,89,1,79
13615470,58,61,-7,86
13615980,72,23,7,79
13616490,79,64,2,77
13617000,61,26,-3,80
13617510,68,67,-5,85
13618020,18,29,5,80
13618530,13,93,8,72
13619040,21,66,-9,81
13619550,7,3,3,78
13620060,0,14,2,76
13620570,64,51,-6,82
13621080,78,13,6,76
13621590,1,32,4,72
13622100,65,50,-5,77
13622610,79,12,2,75
13623120,53,31,-3,78
13623630,96,42,-4,82
13624140,16,83,0,82
13624650,24,20,-2,84
13625160,65,31,7,77
13625670,72,42,-4,81
13626180,86,45,-1,82
13626690,6,48,1,81
13627200,70,3,5,76
13627710,2,74,-5,81
13628220,66,38,-3,84
13628730,80,49,2,82
13629240,89,52,7,75
13629750,9,55,-6,81
13630260,73,3,11,70
13630770,5,74,-12,82
13631280,69,30,-3,85
13631790,99,71,2,83
13632300,6,74,5,78
13632810,14,29,-4,82
13633320,9,93,5,77
13633830,17,48,-3,80
13634340,16,98,4,76
13634850,24,53,-6,82
13635360,88,15,5,77
13635870,11,56,-2,79
13636380,75,4,6,73
13636890,7,75,-6,79
13637400,15,30,-4,83
13637910,10,94,8,75
13638420,18,49,-8,83
13638930,82,11,6,77
13639440,5,30,-4,81
13639950,69,67,0,81
13640460,51,29,-2,83
13640970,70,40,0,83
13641480,84,51,4,79
13641990,4,54,0,79
13642500,68,10,0,79
13643010,69,29,3,76
13643520,85,70,-3,79
13644030,67,35,-1,80
13644540,81,38,1,79
13645050,1,41,0,79
13645560,65,99,6,73
13646070,70,71,-4,77
13646580,84,33,-1,78
13647090,100,74,0,78
13647600,7,39,-5,83
13648110,71,30,12,71
13648620,93,71,-4,75
13649130,75,36,-6,81
13649640,97,39,7,74
13650150,17,80,-9,83
13650660,25,17,5,78
13651170,7,28,-8,86
13651680,6,92,10,76
13652190,14,47,-3,79
13652700,78,20,7,72
13653210,94,61,-6,78
13653720,1,64,7,71
13654230,9,19,-8,79
13654740,4,83,5,74
13655250,68,38,-9,83
13655760,82,41,9,74
13656270,2,44,-8,82
13656780,66,101,4,78
13657290,71,73,-1,79
13657800,85,38,6,73
13658310,5,79,-3,76
13658820,69,34,-10,86
13659330,10,37,8,78
13659840,74,10,1,77
13660350,99,29,-1,78
13660860,24,70,5,73
13661370,31,18,-10,83
13661880,50,29,-1,84
13662390,69,40,1,83
13662900,83,51,4,79
13663410,92,54,0,79
13663920,12,57,-4,83
13664430,76,5,10,73
13664940,8,76,-9,82
13665450,72,31,8,74
13665960,94,72,-5,79
13666470,76,37,1,78
13666980,98,40,0,78
13667490,18,81,-2,80
13668000,26,18,-2,82
13668510,45,29,0,82
13669020,64,40,4,78
13669530,78,43,-2,80
13670040,100,46,3,77
13670550,71,87,0,77
13671060,53,90,-1,78
13671570,58,62,-7,85
13672080,72,24,5,80
13672590,99,65,-4,84
13673100,81,68,0,84
13673610,63,30,2,82
13674120,77,33,5,77
13674630,99,74,-5,82
13675140,81,39,0,82
13675650,1,42,8,74
13676160,65,99,-2,76
13676670,70,71,-4,80
13677180,52,33,-3,83
13677690,71,44,3,80
13678200,80,55,-2,82
13678710,89,20,5,77
13679220,10,61,-7,84
13679730,74,100,7,77
13680240,56,19,-6,83
13680750,81,60,0,83
13681260,95,25,11,72
13681770,25,66,-8,80
13682280,26,3,2,78
13682790,27,28,-1,79
13683300,9,92,-3,82
13683810,17,47,-2,84
13684320,16,9,7,77
13684830,9,20,-2,79
13685340,4,84,3,76
13685850,12,39,-3,79
13686360,76,1,2,77
13686870,8,72,-7,84
13687380,72,27,14,70
13687890,32,68,-13,83
13688400,33,40,3,80
13688910,19,2,-6,86
13689420,12,27,5,81
13689930,7,91,5,76
13690440,15,46,-3,79
13690950,79,67,-3,82
13691460,61,29,1,81
13691970,2,36,3,78
13692480,66,93,2,76
13692990,71,72,-6,82
13693500,99,34,3,79
13694010,19,75,3,76
13694520,27,12,-8,84
13695030,46,23,6,78
13695540,65,30,-2,80
13696050,92,37,5,75
13696560,12,78,-6,81
13697070,20,33,2,79
13697580,13,97,4,75
13698090,21,52,-8,83
13698600,7,14,0,83
13699110,11,25,1,82
13699620,6,89,10,72
13700130,14,44,-7,79
13700640,78,6,7,72
13701150,10,23,-8,80
13701660,5,87,2,78
13702170,13,42,2,76
13702680,77,4,2,74
13703190,9,21,-3,77
13703700,4,85,-6,83
13704210,12,40,7,76
13704720,76,2,5,71
13705230,8,19,-6,77
13705740,3,83,4,73
13706250,11,39,-6,79
13706760,75,1,10,69
13707270,7,18,-12,81
13707780,11,82,0,81
13708290,19,37,3,78
13708800,12,101,-5,83
13709310,20,56,2,81
13709820,21,18,4,77
13710330,14,82,1,76
13710840,22,19,-6,82
13711350,15,83,1,81
13711860,23,20,2,79
13712370,38,31,-5,84
13712880,57,95,11,73
13713390,85,67,-19,92
13713900,6,29,14,78
13714410,70,93,3,75
13714920,32,65,-8,83
13715430,82,27,13,70
13715940,7,68,-6,76
13716450,71,24,-6,82
13716960,98,65,3,79
13717470,5,68,-2,81
13717980,69,18,5,76
13718490,96,59,-7,83
13719000,3,62,5,78
13719510,67,18,0,78
13720020,94,59,-3,81
13720530,1,62,1,80
13721040,65,18,1,79
13721550,92,27,9,70
13722060,15,68,-13,83
13722570,79,5,9,74
13723080,2,22,-3,77
13723590,66,59,-5,82
13724100,94,21,9,73
13724610,15,62,-7,80
13725120,79,101,6,74
13725630,84,20,1,73
13726140,9,61,-13,86
13726650,73,17,11,75
13727160,98,58,-5,80
13727670,5,61,6,74
13728180,69,23,-1,75
13728690,48,64,-11,86
13729200,76,26,7,79
13729710,1,67,-3,82
13730220,65,23,8,74
13730730,92,32,-1,75
13731240,12,73,-11,86
13731750,76,35,10,76
13732260,92,38,1,75
13732770,12,79,-7,82
13733280,20,16,0,82
13733790,13,80,7,75
13734300,21,17,-7,82
13734810,27,81,-2,84
13735320,30,18,4,80
13735830,49,29,0,80
13736340,50,40,0,80
13736850,69,2,2,78
13737360,94,19,6,72
13737870,17,36,-9,81
13738380,12,100,5,76
13738890,20,55,-7,83
13739400,19,17,3,80
13739910,12,81,3,77
13740420,20,18,-2,79
13740930,13,82,0,79
13741440,21,19,-2,81
13741950,14,83,1,80
13742460,22,20,11,69
13742970,4,84,-9,78
13743480,12,75,-2,80
13743990,20,82,2,78
13744500,28,19,-4,82
13745010,47,30,6,76
13745520,66,94,0,76
13746030,71,73,-3,79
13746540,99,35,0,79
13747050,19,76,0,79
13747560,27,13,-4,83
13748070,28,24,3,80
13748580,53,88,6,74
13749090,56,60,-9,83
13749600,84,22,14,69
13750110,7,63,-9,78
13750620,71,25,-3,81
13751130,78,34,8,73
13751640,100,37,-7,80
13752150,20,78,1,79
13752660,28,15,1,78
13753170,47,26,-11,89
13753680,66,37,8,81
13754190,80,40,-1,82
13754700,0,43,8,74
13755210,64,1,-6,80
13755720,89,20,6,74
13756230,12,61,-8,82
13756740,76,23,11,71
13757250,101,64,-8,79
13757760,8,67,-1,80
13758270,72,23,5,75
13758780,79,64,-7,82
13759290,61,26,-2,84
13759800,62,37,-8,92
13760310,90,48,18,74
13760820,10,51,-6,80
13761330,74,13,2,78
13761840,99,32,3,75
13762350,19,73,-6,81
13762860,94,10,7,74
13763370,17,27,-3,77
13763880,12,91,-6,83
13764390,20,64,2,81
13764900,21,26,-2,83
13765410,14,90,4,79
13765920,22,27,-7,86
13766430,15,91,4,82
13766940,23,39,1,81
13767450,35,1,-7,88
13767960,36,26,3,85
13768470,55,90,7,78
13768980,83,62,-2,80
13769490,92,24,5,75
13770000,15,65,-3,78
13770510,23,2,-1,79
13771020,16,27,-2,81
13771530,11,91,2,79
13772040,19,39,-7,86
13772550,14,1,10,76
13773060,7,12,0,76
13773570,6,76,-4,80
13774080,70,26,-3,83
13774590,77,45,7,76
13775100,86,48,-3,79
13775610,95,51,1,78
13776120,15,54,-5,83
13776630,79,16,10,73
13777140,2,35,-1,74
13777650,66,99,-3,77
13778160,94,71,-7,84
13778670,1,33,4,80
13779180,65,56,1,79
13779690,93,18,4,75
13780200,16,35,-3,78
13780710,11,99,-1,79
13781220,19,47,-3,82
13781730,83,9,8,74
13782240,6,26,-9,83
13782750,5,44,2,81
13783260,69,6,7,74
13783770,1,25,-4,78
13784280,65,43,-5,83
13784790,93,5,5,78
13785300,25,22,-1,79
13785810,18,86,-6,85
13786320,82,23,12,73
13786830,5,64,-9,82
13787340,71,101,9,73
13787850,76,73,-10,83
13788360,2,35,4,79
13788870,66,87,5,74
13789380,94,59,-9,83
13789890,1,62,-2,85
13790400,65,99,10,75
13790910,70,78,-7,82
13791420,98,40,0,82
13791930,18,43,9,73
13792440,13,5,-4,77
13792950,6,16,-6,83
13793460,5,80,4,79
13793970,69,41,-1,80
13794480,78,52,-3,83
13794990,87,55,-3,86
13795500,17,58,6,80
13796010,81,6,2,78
13796520,3,80,-3,81
13797030,11,36,2,79
13797540,10,100,8,71
13798050,18,18,-8,79
13798560,17,82,-2,81
13799070,8,19,1,80
13799580,13,83,-4,84
13800090,21,20,4,80
13800600,14,84,0,80
13801110,22,32,4,76
13801620,15,96,-2,78
13802130,23,44,-4,82
13802640,18,6,-6,88
13803150,11,17,6,82
13803660,6,81,9,73
13804170,14,29,-1,74
13804680,9,93,-7,81
13805190,2,41,5,76
13805700,66,93,4,72
13806210,94,65,-5,77
13806720,1,68,-4,81
13807230,65,29,6,75
13807740,95,32,-1,76
13808250,16,73,-3,79
13808760,80,21,4,75
13809270,3,62,-8,83
13809780,67,66,4,79
13810290,95,28,5,74
13810800,16,69,-6,80
13811310,80,17,8,72
13811820,3,58,-14,86
13812330,67,81,10,76
13812840,95,46,-5,81
13813350,15,49,3,78
13813860,10,11,-5,83
13814370,9,22,0,83
13814880,4,86,3,80
13815390,7,34,-1,81
13815900,71,52,1,80
13816410,99,17,1,79
13816920,20,34,1,78
13817430,15,98,0,78
13817940,23,46,0,78
13818450,18,8,-1,79
13818960,11,19,2,77
13819470,6,83,3,74
13819980,70,33,-9,83
13820490,100,36,7,76
13821000,20,77,-5,81
13821510,21,25,4,77
13822020,16,89,5,72
13822530,24,37,-11,83
13823040,17,101,5,78
13823550,81,49,-7,85
13824060,90,52,4,81
13824570,99,55,1,80
13825080,19,58,-3,83
13825590,83,6,9,74
13826100,15,18,-4,78
13826610,10,82,-2,80
13827120,18,30,-4,84
13827630,13,94,1,83
13828140,21,42,-4,87
13828650,16,4,6,81
13829160,9,15,5,76
13829670,49,79,-1,77
13830180,77,51,-6,83
13830690,86,58,-3,86
13831200,95,61,10,76
13831710,2,64,-5,81
13832220,66,68,-8,89
13832730,94,30,19,70
13833240,15,82,-10,80
13833750,23,30,4,76
13834260,16,94,-7,83
13834770,24,42,0,83
13835280,19,4,3,80
13835790,20,15,1,79
13836300,23,26,-1,80
13836810,26,90,-6,86
13837320,27,38,3,83
13837830,20,0,4,79
13838340,13,49,-1,80
13838850,77,99,5,75
13839360,82,71,-2,77
13839870,3,36,0,77
13840380,67,54,-4,81
13840890,95,19,11,70
13841400,16,8,-4,74
13841910,9,19,-4,78
13842420,4,83,2,76
13842930,68,33,-1,77
13843440,98,36,4,73
13843950,19,25,-3,76
13844460,70,89,-2,78
13844970,98,61,-5,83
13845480,5,64,0,83
13845990,69,12,9,74
13846500,1,31,-6,80
13847010,65,68,-5,85
13847520,93,30,14,71
13848030,14,82,-8,79
13848540,78,30,0,79
13849050,70,7,6,73
13849560,2,26,-7,80
13850070,66,44,-1,81
13850580,94,13,6,75
13851090,26,30,-5,80
13851600,21,94,-5,85
13852110,22,42,1,84
13852620,17,55,5,79
13853130,81,3,0,79
13853640,13,22,0,79
13854150,8,86,-2,81
13854660,16,41,-1,82
13855170,11,3,2,80
13855680,10,14,-1,81
13856190,5,78,7,74
13856700,7,33,-2,76
13857210,71,97,2,74
13857720,76,69,-4,78
13858230,2,31,3,75
13858740,17,83,-1,76
13859250,25,31,-5,81
13859760,18,95,2,79
13860270,82,43,8,71
13860780,2,46,-4,75
13861290,66,50,-6,81
13861800,94,15,9,72
13862310,26,32,-7,79
13862820,19,96,4,75
13863330,27,44,-7,82
13863840,39,6,-1,83
13864350,40,31,4,79
13864860,41,95,-1,80
13865370,44,67,-2,82
13865880,72,29,6,76
13866390,95,48,-1,77
13866900,16,51,-6,83
13867410,80,24,11,72
13867920,1,43,-10,82
13868430,65,47,6,76
13868940,93,9,0,76
13869450,25,21,-9,85
13869960,28,32,3,82
13870470,62,96,5,77
13870980,67,68,-5,82
13871490,95,30,4,78
13872000,16,19,3,75
13872510,11,83,-1,76
13873020,68,31,-6,82
13873530,9,38,1,81
13874040,73,0,7,74
13874550,5,19,-3,77
13875060,0,37,3,74
13875570,32,41,-6,80
13876080,66,3,6,74
13876590,100,22,-4,78
13877100,32,11,-2,80
13877610,33,18,-7,87
13878120,34,29,2,85
13878630,68,93,10,75
13879140,73,65,-7,82
13879650,101,27,10,72
13880160,22,16,-8,80
13880670,17,27,5,75
13881180,12,91,-3,78
13881690,20,39,1,77
13882200,15,1,1,76
13882710,16,50,-8,84
13883220,11,100,10,74
13883730,19,48,-2,76
13884240,83,10,5,71
13884750,15,27,-15,86
13885260,10,91,13,73
13885770,18,39,0,73
13886280,13,1,-10,83
13886790,6,50,2,81
13887300,70,100,4,77
13887810,75,72,-5,82
13888320,1,37,0,82
13888830,65,74,8,74
13889340,88,39,-6,80
13889850,8,42,1,79
13890360,72,62,-4,83
13890870,100,27,6,77
13891380,21,16,-2,79
13891890,24,27,0,79
13892400,19,91,-2,81
13892910,27,39,1,80
13893420,22,1,-1,81
13893930,23,26,-4,85
13894440,18,37,3,82
13894950,13,101,4,78
13895460,21,49,-1,79
13895970,24,11,-4,83
13896480,27,22,-1,84
13896990,30,86,7,77
13897500,33,34,-6,83
13898010,67,98,7,76
13898520,72,70,-2,78
13899030,95,35,3,75
13899540,16,24,-4,79
13900050,11,88,0,79
13900560,19,36,-7,86
13901070,14,100,5,81
13901580,22,12,-1,82
13902090,61,23,4,78
13902600,95,42,7,71
13903110,9,31,-5,76
13903620,4,49,-6,82
13904130,68,99,8,74
13904640,73,71,-8,82
13905150,101,36,1,81
13905660,22,25,3,78
13906170,25,89,-3,81
13906680,28,37,-4,85
13907190,31,101,3,82
13907700,34,49,-3,85
13908210,45,11,-4,89
13908720,46,36,6,83
13909230,57,100,6,77
13909740,60,72,0,77
13910250,88,37,3,74
13910760,8,14,-6,80
13911270,11,78,-1,81
13911780,19,18,1,80
13912290,22,82,0,80
13912800,30,30,-1,81
13913310,64,94,4,77
13913820,69,13,0,77
13914330,1,32,2,75
13914840,65,82,-2,77
13915350,70,47,-4,81
13915860,93,12,4,77
13916370,25,24,-5,82
13916880,59,88,3,79
13917390,64,60,-3,82
13917900,92,25,8,74
13918410,13,66,-4,78
13918920,21,14,-9,87
13919430,14,25,8,79
13919940,9,89,2,77
13920450,17,37,-4,81
13920960,12,101,6,75
13921470,20,19,-5,80
13921980,15,83,-3,83
13922490,23,23,2,81
13923000,26,87,-3,84
13923510,29,35,7,77
13924020,63,99,0,77
13924530,68,71,-6,83
13925040,96,36,6,77
13925550,16,25,-2,79
13926060,11,89,-1,80
13926570,19,37,-2,82
13927080,14,101,5,77
13927590,22,49,-1,78
13928100,17,48,0,78
13928610,81,66,-10,88
13929120,2,31,7,81
13929630,66,51,1,80
13930140,7,16,0,80
13930650,2,80,8,72
13931160,5,41,-8,80
13931670,69,91,1,79
13932180,74,63,-2,81
13932690,97,28,6,75
13933200,18,17,3,72
13933710,13,81,-5,77
13934220,21,21,1,76
13934730,7,85,-6,82
13935240,15,33,5,77
13935750,10,97,6,71
13936260,18,45,-9,80
13936770,21,7,4,76
13937280,24,18,-4,80
13937790,27,82,0,80
13938300,30,30,4,76
13938810,64,94,-2,78
13939320,69,66,-5,83
13939830,92,31,7,76
13940340,12,8,-2,78
13940850,7,19,-2,80
13941360,6,37,4,76
13941870,70,57,-5,81
13942380,11,22,0,81
13942890,6,86,10,71
13943400,14,34,-8,79
13943910,63,98,1,78
13944420,68,70,-5,83
13944930,76,32,11,72
13945440,98,9,3,69
13945950,30,26,-11,80
13946460,64,90,2,78
13946970,69,62,-6,84
13947480,10,24,-1,85
13947990,5,88,6,79
13948500,13,36,0,79
13949010,8,100,-1,80
13949520,16,48,-3,83
13950030,15,10,6,77
13950540,14,21,-4,81
13951050,9,85,1,80
13951560,17,33,-2,82
13952070,12,97,1,81
13952580,20,45,2,79
13953090,15,7,1,78
13953600,18,18,0,78
13954110,17,82,1,77
13954620,25,22,-1,78
13955130,28,86,-1,79
13955640,31,34,-5,84
13956150,65,98,13,71
13956660,70,70,-13,84
13957170,11,32,3,81
13957680,6,96,5,76
13958190,14,14,0,76
13958700,9,78,-1,77
13959210,17,26,1,76
13959720,12,90,2,74
13960230,20,38,-5,79
13960740,43,0,-5,84
13961250,77,25,11,73
13961760,99,2,-1,74
13962270,31,73,-4,78
13962780,34,21,3,75
13963290,45,32,-13,88
13963800,88,96,16,72
13964310,93,61,-10,82
13964820,13,26,2,80
13965330,7,90,3,77
13965840,15,38,-11,88
13966350,10,0,17,71
13966860,3,25,-8,79
13967370,67,43,0,79
13967880,8,50,-1,80
13968390,72,100,5,75
13968900,77,72,-11,86
13969410,18,34,7,79
13969920,13,98,5,74
13970430,21,46,-5,79
13970940,16,8,1,78
13971450,19,19,-2,80
13971960,22,83,-1,81
13972470,25,31,7,74
13972980,11,95,-2,76
13973490,19,43,1,75
13974000,22,5,-5,80
13974510,23,16,2,78
13975020,26,80,-2,80
13975530,29,28,-5,85
13976040,32,92,3,82
13976550,35,40,4,78
13977060,76,2,11,67
13977570,8,73,-14,81
13978080,72,21,2,79
13978590,9,100,5,74
13979100,95,48,-9,83
13979610,15,51,4,79
13980120,18,101,1,78
13980630,26,49,-7,85
13981140,29,67,8,77
13981650,32,66,-4,81
13982160,35,65,1,80
13982670,38,66,2,78
13983180,41,67,-3,81
13983690,91,39,2,79
13984200,11,28,-4,83
13984710,6,92,5,78
13985220,14,40,-3,81
13985730,9,2,1,80
13986240,8,27,-2,82
13986750,3,45,0,82
13987260,67,95,6,76
13987770,72,67,-5,81
13988280,13,29,2,79
13988790,8,93,0,79
13989300,16,41,3,76
13989810,11,3,-3,79
13990320,4,14,-1,80
13990830,7,15,0,80
13991340,2,16,2,78
13991850,1,17,1,77
13992360,65,18,-7,84
13992870,6,37,7,77
13993380,70,36,-6,83
13993890,11,43,7,76
13994400,75,42,-2,78
13994910,97,45,-5,83
13995420,17,48,4,79
13995930,20,47,-4,83
13996440,15,9,5,78
13996950,10,20,-5,83
13997460,13,84,0,83
13997970,21,24,5,78
13998480,16,88,0,78
13998990,24,36,-4,82
13999500,19,100,4,78
14000010,27,48,-4,82
14000520,22,10,-1,83
14001030,25,21,4,79
14001540,28,85,-1,80
14002050,31,92,-6,86
14002560,34,40,6,80
14003070,68,2,8,72
14003580,0,73,-6,78
14004090,3,34,9,69
14004600,67,54,-17,86
14005110,8,16,7,79
14005620,3,80,7,72
14006130,6,41,-6,78
14006640,70,73,3,75
14007150,11,35,-2,77
14007660,6,53,-3,80
14008170,70,85,4,76
14008680,75,50,-6,82
14009190,16,12,6,76
14009700,11,76,-5,81
14010210,19,31,8,73
14010720,14,95,-3,76
14011230,22,50,-7,83
14011740,17,12,9,74
14012250,12,23,-6,80
14012760,7,87,-5,85
14013270,15,5,6,79
14013780,8,16,3,76
14014290,3,41,0,76
14014800,67,61,-3,79
14015310,8,23,1,78
14015820,3,24,-1,79
14016330,67,25,-1,80
14016840,8,2,6,74
14017350,3,13,-5,79
14017860,2,14,2,77
14018370,1,15,4,73
14018880,0,16,-2,75
14019390,101,17,-3,78
14019900,22,34,2,76
14020410,17,98,1,75
14020920,25,53,-10,85
14021430,20,54,9,76
14021940,84,53,-1,77
14022450,4,56,-4,81
14022960,68,21,1,80
14023470,8,62,-2,82
14023980,72,62,0,82
14024490,62,24,2,80
14025000,3,65,-1,81
14025510,67,5,5,76
14026020,101,76,-1,77
14026530,21,41,-1,78
14027040,16,3,2,76
14027550,9,28,1,75
14028060,4,29,-2,77
14028570,68,30,3,74
14029080,90,33,-1,75
14029590,10,74,-3,78
14030100,18,29,1,77
14030610,13,93,3,74
14031120,21,48,-5,79
14031630,16,47,-1,80
14032140,21,48,6,74
14032650,16,49,-6,80
14033160,80,49,-4,84
14033670,0,52,3,81
14034180,64,89,1,80
14034690,67,61,3,77
14035200,8,23,-8,85
14035710,3,24,2,83
14036220,67,25,4,79
14036730,8,2,-4,83
14037240,1,13,8,75
14037750,4,50,-3,78
14038260,68,5,5,73
14038770,0,76,-2,75
14039280,3,37,-3,78
14039790,67,38,-3,81
14040300,8,41,1,80
14040810,72,42,3,77
14041320,94,45,1,76
14041830,14,48,-2,78
14042340,78,70,-4,82
14042850,101,32,3,79
14043360,21,73,-3,82
14043870,85,21,8,74
14044380,6,62,-1,75
14044890,70,2,2,73
14045400,2,73,-2,75
14045910,5,28,-2,77
14046420,69,29,-2,79
14046930,6,6,4,75
14047440,5,17,-4,79
14047950,0,18,2,77
14048460,64,19,-1,78
14048970,1,60,-6,84
14049480,65,15,11,73
14049990,99,56,-6,79
14050500,19,59,2,77
14051010,83,7,4,73
14051520,15,78,-9,82
14052030,79,18,8,74
14052540,0,59,-5,79
14053050,64,14,2,77
14053560,98,55,0,77
14054070,18,58,-6,83
14054580,82,6,13,70
14055090,14,77,-18,88
14055600,78,17,15,73
14056110,101,58,-3,76
14056620,21,61,0,76
14057130,85,9,2,74
14057640,17,80,-10,84
14058150,81,20,10,74
14058660,2,61,-6,80
14059170,66,16,4,76
14059680,3,57,-6,82
14060190,67,12,9,73
14060700,101,53,-7,80
14061210,21,56,2,78
14061720,85,55,1,77
14062230,5,58,-5,82
14062740,69,100,4,78
14063250,74,72,-2,80
14063760,0,34,0,80
14064270,64,86,-1,81
14064780,12,87,3,78
14065290,76,42,0,78
14065800,98,45,-5,83
14066310,18,48,0,83
14066820,82,49,7,76
14067330,60,52,-3,79
14067840,63,14,3,76
14068350,4,55,-3,79
14068860,68,10,2,77
14069370,0,89,-3,80
14069880,3,44,2,78
14070390,67,67,-11,89
14070900,95,29,12,77
14071410,15,70,4,73
14071920,79,19,2,71
14072430,11,60,-12,83
14072940,75,92,5,78
14073450,80,93,4,74
14073960,66,94,-4,78
14074470,69,66,-3,81
14074980,97,28,10,71
14075490,18,69,-7,78
14076000,82,17,0,78
14076510,14,58,-4,82
14077020,78,6,3,79
14077530,10,77,0,79
14078040,74,17,5,74
14078550,6,58,-12,86
14079060,70,90,10,76
14079570,75,91,1,75
14080080,80,72,-3,78
14080590,1,34,-1,79
14081100,65,35,-2,81
14081610,68,42,0,81
14082120,9,49,-1,82
14082630,73,81,8,74
14083140,101,82,-5,79
14083650,96,47,6,73
14084160,16,50,-7,80
14084670,80,51,-3,83
14085180,1,58,5,78
14085690,65,13,-3,81
14086200,99,45,6,75
14086710,19,74,-6,81
14087220,83,22,4,77
14087730,4,63,-3,80
14088240,68,95,9,71
14088750,73,67,-10,81
14089260,101,29,9,72
14089770,21,70,-7,79
14090280,24,54,-7,86
14090790,88,55,-1,87
14091300,9,62,7,80
14091810,73,11,4,76
14092320,5,90,-2,78
14092830,8,45,-1,79
14093340,72,77,-3,82
14093850,100,58,-2,84
14094360,20,61,8,76
14094870,84,9,2,74
14095380,16,80,-7,81
14095890,80,20,10,71
14096400,1,61,-8,79
14096910,65,22,0,79
14097420,6,101,6,73
14097930,9,56,-10,83
14098440,73,88,7,76
14098950,101,89,-3,79
14099460,22,51,3,76
14099970,86,50,-8,84
14100480,6,53,4,80
14100990,70,85,7,73
14101500,98,66,-2,75
14102010,18,31,-4,79
14102520,13,95,-2,81
14103030,21,50,2,79
14103540,85,51,-4,83
14104050,5,58,7,76
14104560,69,90,1,75
14105070,97,91,-9,84
14105580,83,53,0,84
14106090,4,60,-2,86
14106600,68,92,13,73
14107110,73,93,-1,74
14107620,78,74,0,74
14108130,4,36,-10,84
14108640,68,54,3,81
14109150,96,16,2,79
14109660,28,28,4,75
14110170,62,92,-1,76
14110680,90,64,-7,83
14111190,31,26,5,78
14111700,65,90,3,75
14112210,93,62,-4,79
14112720,0,24,2,77
14113230,64,25,-2,79
14113740,5,32,4,75
14114250,69,33,-1,76
14114760,91,40,1,75
14115270,11,35,-5,80
14115780,75,36,3,77
14116290,97,31,-4,81
14116800,17,72,-1,82
14117310,81,2,6,76
14117820,13,73,-4,80
14118330,77,77,7,73
14118840,63,39,-4,77
14119350,4,46,1,76
14119860,68,78,-3,79
14120370,96,40,3,76
14120880,16,35,-9,85
14121390,11,99,5,80
14121900,75,54,3,77
14122410,16,16,-2,79
14122920,9,27,2,77
14123430,4,28,0,77
14123940,68,29,-7,84
14124450,9,36,3,81
14124960,73,54,1,80
14125470,14,16,0,80
14125980,9,80,2,78
14126490,73,41,0,78
14127000,95,48,1,77
14127510,15,43,-10,87
14128020,79,5,15,72
14128530,11,76,-10,82
14129040,75,37,1,81
14129550,97,44,3,78
14130060,17,39,2,76
14130570,12,1,-5,81
14131080,5,26,0,81
14131590,69,44,-1,82
14132100,10,51,0,82
14132610,74,83,8,74
14133120,0,64,-1,75
14133630,64,28,1,74
14134140,5,35,-4,78
14134650,69,36,-1,79
14135160,91,43,6,73
14135670,11,38,-5,78
14136180,75,0,7,71
14136690,7,12,-6,77
14137200,10,76,-3,80
14137710,74,31,3,77
14138220,15,26,-4,81
14138730,10,90,2,79
14139240,18,45,-6,85
14139750,82,44,-5,90
14140260,2,51,7,83
14140770,66,74,2,81
14141280,94,36,7,74
14141790,14,31,-2,76
14142300,9,95,0,76
14142810,73,50,-10,86
14143320,14,12,11,75
14143830,17,76,-6,81
14144340,81,16,10,71
14144850,2,95,-4,75
14145360,5,50,-6,81
14145870,39,82,-1,82
14146380,40,3,2,80
14146890,41,28,-5,85
14147400,42,35,3,82
14147910,70,99,10,72
14148420,75,27,-11,83
14148930,16,4,6,77
14149440,9,15,1,76
14149950,12,79,-7,83
14150460,76,34,5,78
14150970,98,11,-3,81
14151480,30,82,2,79
14151990,10,30,1,78
14152500,74,29,3,75
14153010,96,6,0,75
14153520,28,77,-11,86
14154030,92,25,9,77
14154540,13,2,3,74
14155050,6,27,-3,77
14155560,70,45,0,77
14156070,93,40,-10,87
14156580,13,17,6,81
14157090,16,81,2,79
14157600,80,21,7,72
14158110,1,100,-4,76
14158620,4,55,-2,78
14159130,68,10,2,76
14159640,0,42,-4,80
14160150,64,79,1,79
14160660,92,80,9,70
14161170,13,45,-13,83
14161680,77,44,-2,85
14162190,99,51,6,79
14162700,19,46,7,72
14163210,83,45,-9,81
14163720,3,52,-3,84
14164230,67,75,5,79
14164740,95,56,3,76
14165250,15,51,-2,78
14165760,79,24,5,73
14166270,101,1,-4,77
14166780,33,31,-10,87
14167290,34,95,2,85
14167800,35,43,2,83
14168310,76,5,14,69
14168820,8,76,-14,83
14169330,72,31,4,79
14169840,94,8,5,74
14170350,26,79,-2,76
14170860,27,27,-1,77
14171370,28,91,-7,84
14171880,29,46,4,80
14172390,15,8,-3,83
14172900,8,19,8,75
14173410,3,20,-12,87
14173920,67,57,2,85
14174430,95,19,11,74
14174940,16,98,-1,75
14175450,24,53,-5,80
14175960,88,15,4,76
14176470,9,94,-5,81
14176980,73,49,0,81
14177490,14,56,2,79
14178000,78,88,8,71
14178510,64,16,-5,76
14179020,5,95,2,74
14179530,69,50,-15,89
14180040,10,12,8,81
14180550,5,76,5,76
14181060,69,37,-11,87
14181570,10,44,11,76
14182080,74,76,-3,79
14182590,0,38,2,77
14183100,64,95,4,73
14183610,92,23,-3,76
14184120,13,0,-11,87
14184630,6,25,7,80
14185140,5,26,2,78
14185650,69,27,-1,79
14186160,91,4,2,77
14186670,23,34,-5,82
14187180,101,98,4,78
14187690,84,60,-3,81
14188200,5,22,-2,83
14188710,69,23,9,74
14189220,6,0,-8,82
14189730,7,49,4,78
14190240,71,81,1,77
14190750,99,9,-9,86
14191260,14,88,4,82
14191770,78,28,0,82
14192280,101,5,5,77
14192790,16,35,-6,83
14193300,11,99,7,76
14193810,75,54,-10,86
14194320,1,16,8,78
14194830,65,53,-6,84
14195340,93,15,14,70
14195850,14,94,-7,77
14196360,78,49,-10,87
14196870,101,56,9,78
14197380,21,51,1,77
14197890,85,50,-11,88
14198400,5,57,6,82
14198910,69,89,7,75
14199420,55,17,-3,78
14199930,98,24,3,75
14200440,51,65,-6,81
14200950,79,27,7,74
14201460,0,4,1,73
14201970,11,41,-8,81
14202480,75,40,-1,82
14202990,98,43,9,73
14203500,18,38,-8,81
14204010,13,0,-2,83
14204520,6,25,6,77
14205030,70,24,1,76
14205540,7,1,-1,77
14206050,0,26,-1,78
14206560,13,63,-4,82
14207070,39,95,-1,83
14207580,40,25,1,82
14208090,41,36,-6,88
14208600,42,100,10,78
14209110,43,69,-2,80
14209620,71,31,-2,82
14210130,87,8,5,77
14210640,2,79,-6,83
14211150,66,74,0,83
14211660,94,2,12,71
14212170,26,32,-13,84
14212680,12,96,-4,88
14213190,76,51,-2,90
14213700,99,13,14,76
14214210,20,92,-4,80
14214720,21,32,-2,82
14215230,16,96,0,82
14215740,24,51,-2,84
14216250,88,13,2,82
14216760,9,92,11,71
14217270,73,47,-11,82
14217780,14,54,2,80
14218290,78,86,6,74
14218800,64,14,-3,77
14219310,1,46,-10,87
14219820,65,83,7,80
14220330,72,11,0,80
14220840,89,90,2,78
14221350,10,52,0,78
14221860,74,84,-3,81
14222370,0,12,1,80
14222880,64,49,1,79
14223390,92,11,3,76
14223900,7,90,-2,78
14224410,71,45,-2,80
14224920,94,52,0,80
14225430,14,47,-4,84
14225940,78,9,5,79
14226450,1,88,3,76
14226960,65,43,-7,83
14227470,6,5,8,75
14227980,5,94,-2,77
14228490,69,49,-3,80
14229000,10,11,0,80
14229510,5,75,-3,83
14230020,69,15,-2,85
14230530,89,47,10,75
14231040,9,42,-6,81
14231550,73,74,5,76
14232060,101,36,-7,83
14232570,22,77,3,80
14233080,86,25,9,71
14233590,7,66,-13,84
14234100,71,98,9,75
14234610,76,26,-1,76
14235120,92,3,-5,81
14235630,24,33,-4,85
14236140,25,97,7,78
14236650,26,34,-1,79
14237160,12,98,-3,82
14237670,76,53,-4,86
14238180,2,15,10,76
14238690,66,52,-4,80
14239200,94,14,6,74
14239710,15,93,-9,83
14240220,79,48,4,79
14240730,88,55,-1,80
14241240,97,62,7,73
14241750,4,57,-8,81
14242260,40,89,0,81
14242770,2,61,-3,84
14243280,66,22,6,78
14243790,7,54,-8,86
14244300,71,86,7,79
14244810,99,14,5,74
14245320,20,93,-12,86
14245830,84,33,10,76
14246340,100,10,-7,83
14246850,15,40,2,81
14247360,79,39,5,76
14247870,0,16,-6,82
14248380,64,53,-4,86
14248890,92,15,11,75
14249400,34,94,-9,84
14249910,35,42,-2,86
14250420,14,4,12,74
14250930,7,15,-6,80
14251440,6,79,0,80
14251950,70,40,1,79
14252460,11,51,-1,80
14252970,75,83,1,79
14253480,1,11,2,77
14253990,65,48,-3,80
14254500,93,10,4,76
14255010,8,81,-3,79
14255520,72,21,3,76
14256030,79,53,-5,81
14256540,88,60,4,77
14257050,97,22,3,74
14257560,18,63,-10,84
14258070,82,95,12,72
14258580,68,23,-7,79
14259090,9,55,-4,83
14259600,73,87,7,76
14260110,101,15,-1,77
14260620,16,94,-4,81
14261130,80,49,-3,84
14261640,89,60,4,80
14262150,10,55,-1,81
14262660,74,87,3,78
14263170,0,15,4,74
14263680,64,52,-5,79
14264190,92,14,-1,80
14264700,7,93,8,72
14265210,71,48,-6,78
14265720,12,10,2,76
14266230,5,21,-2,78
14266740,69,58,-6,84
14267250,10,20,5,79
14267760,5,84,-1,80
14268270,69,26,2,78
14268780,85,58,-8,86
14269290,6,20,3,83
14269800,5,57,8,75
14270310,69,101,-2,77
14270820,73,29,-4,81
14271330,89,61,1,80
14271840,98,23,5,75
14272350,19,64,-7,82
14272860,83,96,2,80
14273370,69,24,-3,83
14273880,6,56,-6,89
14274390,70,88,9,80
14274900,56,16,0,80
14275410,95,48,6,74
14275920,15,43,-5,79
14276430,79,42,-7,86
14276940,95,53,9,77
14277450,2,48,0,77
14277960,66,92,5,72
14278470,71,20,-2,74
14278980,8,52,-5,79
14279490,72,84,2,77
14280000,13,12,-2,79
14280510,12,76,0,79
14281020,76,88,3,76
14281530,17,16,-5,81
14282040,10,80,-2,83
14282550,74,22,9,74
14283060,90,101,-2,76
14283570,76,29,-1,77
14284080,92,6,3,74
14284590,7,36,-3,77
14285100,71,35,-12,89
14285610,12,46,8,81
14286120,76,45,-3,84
14286630,7,68,2,82
14287140,71,10,6,76
14287650,88,42,8,68
14288160,95,37,-7,75
14288670,9,14,0,75
14289180,8,21,-12,87
14289690,72,85,8,79
14290200,13,13,3,76
14290710,6,77,-4,80
14291220,70,19,-3,83
14291730,11,51,6,77
14292240,75,83,-2,79
14292750,61,11,-2,81
14293260,7,43,-2,83
14293770,71,42,-1,84
14294280,80,53,3,81
14294790,89,64,2,79
14295300,98,29,4,75
14295810,12,70,-4,79
14296320,76,10,6,73
14296830,93,42,-9,82
14297340,18,37,1,81
14297850,13,101,4,77
14298360,21,56,-10,87
14298870,85,18,11,76
14299380,8,97,-1,77
14299890,72,52,-5,82
14300400,13,14,1,81
14300910,12,25,-3,84
14301420,11,89,1,83
14301930,75,44,-4,87
14302440,84,55,7,80
14302950,93,17,7,73
14303460,8,96,-6,79
14303970,72,51,-7,86
14304480,13,13,4,82
14304990,12,77,0,82
14305500,76,19,6,76
14306010,1,98,3,73
14306520,65,53,-11,84
14307030,6,15,2,82
14307540,5,52,5,77
14308050,69,96,9,68
14308560,74,24,-8,76
14309070,90,1,-1,77
14309580,5,31,0,77
14310090,69,30,-2,79
14310600,85,62,-4,83
14311110,26,24,6,77
14311620,65,88,-5,82
14312130,14,16,0,82
14312640,7,27,9,73
14313150,71,26,-3,76
14313660,87,3,2,74
14314170,2,33,-5,79
14314680,66,32,-3,82
14315190,7,43,2,80
14315700,71,75,-3,83
14316210,12,86,5,78
14316720,76,26,1,77
14317230,14,3,-5,82
14317740,7,14,3,79
14318250,6,25,-2,81
14318760,5,24,2,79
14319270,4,23,-4,83
14319780,68,60,-1,84
14320290,9,22,9,75
14320800,8,86,-2,77
14321310,72,41,-2,79
14321820,9,52,-2,81
14322330,73,84,1,80
14322840,14,12,1,79
14323350,13,23,-1,80
14323860,8,87,1,79
14324370,72,17,4,75
14324880,88,49,-4,79
14325390,8,48,-1,80
14325900,72,80,1,79
14326410,9,8,1,78
14326920,8,19,4,74
14327430,3,83,-2,76
14327940,67,26,-5,81
14328450,94,58,3,78
14328960,15,53,-6,84
14329470,79,85,10,74
14329980,62,47,-12,86
14330490,89,9,12,74
14331000,4,80,-3,77
14331510,68,10,-4,81
14332020,93,42,7,74
14332530,13,37,-8,82
14333040,8,36,4,78
14333550,72,35,-14,92
14334060,13,58,11,81
14334570,77,90,-1,82
14335080,82,18,8,74
14335590,5,97,-7,81
14336100,21,40,-4,85
14336610,16,2,10,75
14337120,9,27,-3,78
14337630,8,26,0,78
14338140,7,25,1,77
14338650,39,24,-4,81
14339160,78,35,3,78
14339670,3,12,-7,85
14340180,2,49,6,79
14340690,66,86,4,75
14341200,93,14,1,74
14341710,16,93,-6,80
14342220,24,35,0,80
14342730,17,99,0,80
14343240,25,29,-2,82
14343750,18,93,3,79
14344260,26,30,-3,82
14344770,12,94,-2,84
14345280,76,37,7,77
14345790,98,60,-4,81
14346300,18,55,1,80
14346810,82,87,5,75
14347320,68,15,-3,78
14347830,95,47,-1,79
14348340,75,42,0,79
14348850,97,65,-5,84
14349360,4,88,7,77
14349870,12,18,-1,78
14350380,11,82,-2,80
14350890,19,12,-4,84
14351400,18,23,7,77
14351910,11,87,-1,78
14352420,19,29,-3,81
14352930,14,16,-3,84
14353440,13,27,1,83
14353950,8,80,6,77
14354460,72,22,1,76
14354970,99,101,4,72
14355480,77,29,-6,78
14355990,99,6,-3,81
14356500,22,36,-1,82
14357010,17,100,1,81
14357520,25,42,-4,85
14358030,11,41,4,81
14358540,75,40,-3,84
14359050,0,63,4,80
14359560,64,5,5,75
14360070,89,37,1,74
14360580,9,32,-9,83
14361090,8,31,-1,84
14361600,7,30,5,79
14362110,6,29,0,79
14362620,5,28,4,75
14363130,69,27,-4,79
14363640,96,50,9,70
14364150,16,45,-12,82
14364660,80,7,7,75
14365170,3,39,-5,80
14365680,67,76,-4,84
14366190,94,38,4,80
14366700,28,33,3,77
14367210,72,97,4,73
14367720,77,25,-4,77
14368230,2,2,-2,79
14368740,1,51,1,78
14369250,65,95,4,74
14369760,70,23,-6,80
14370270,7,55,-1,81
14370780,71,87,7,74
14371290,76,15,6,68
14371800,101,47,-10,78
14372310,21,42,-4,82
14372820,16,25,1,81
14373330,15,89,5,76
14373840,23,26,-7,83
14374350,22,90,-5,88
14374860,86,27,10,78
14375370,11,59,-6,84
14375880,75,91,6,78
14376390,80,19,6,72
14376900,3,98,1,71
14377410,11,41,-8,79
14377920,10,40,1,78
14378430,74,2,0,78
14378940,99,32,0,78
14379450,24,27,-1,79
14379960,10,91,1,78
14380470,18,33,0,78
14380980,13,97,0,78
14381490,21,40,-1,79
14382000,16,2,7,72
14382510,9,13,-9,81
14383020,8,24,-1,82
14383530,7,88,3,79
14384040,15,30,-9,88
14384550,10,94,16,72
14385060,18,36,-8,80
14385570,13,100,2,78
14386080,21,43,3,75
14386590,16,42,-3,78
14387100,11,41,-1,79
14387610,75,3,4,75
14388120,100,33,-1,76
14388630,20,28,-1,77
14389140,6,92,3,74
14389650,14,35,-4,78
14390160,9,99,-4,82
14390670,17,41,3,79
14391180,12,40,-4,83
14391690,11,2,8,75
14392200,4,13,-4,79
14392710,3,50,2,77
14393220,67,94,-3,80
14393730,72,22,7,73
14394240,99,101,-1,74
14394750,81,10,-1,75
14395260,4,89,3,72
14395770,13,32,-8,80
14396280,12,31,-7,87
14396790,11,95,11,76
14397300,19,38,-8,84
14397810,14,0,12,72
14398320,7,25,-9,81
14398830,6,24,5,76
14399340,5,23,-1,77
14399850,4,60,-10,87
14400360,68,92,15,72
14400870,73,20,-5,77
14401380,100,99,8,69
14401890,82,8,-3,72
14402400,5,79,-11,83
14402910,69,21,-2,85
14403420,96,53,6,79
14403930,16,48,1,78
14404440,80,47,-2,80
14404950,1,70,-3,83
14405460,65,0,7,76
14405970,99,30,1,75
14406480,20,25,-5,80
14406990,13,89,3,77
14407500,21,31,0,77
14408010,7,95,1,76
14408520,15,38,-3,79
14409030,10,37,-3,82
14409540,9,36,3,79
14410050,73,35,0,79
14410560,95,58,5,74
14411070,15,53,-5,79
14411580,79,85,1,78
14412090,65,96,3,75
14412600,70,24,-6,81
14413110,97,56,4,77
14413620,17,51,0,77
14414130,16,50,-2,79
14414640,15,49,-4,83
14415150,79,11,5,78
14415660,2,90,1,77
14416170,5,81,-3,80
14416680,69,23,2,78
14417190,96,68,-7,85
14417700,17,33,8,77
14418210,12,97,-2,79
14418720,28,40,-8,87
14419230,14,2,3,84
14419740,7,13,9,75
14420250,6,24,-9,84
14420760,5,35,1,83
14421270,69,67,3,80
14421780,80,78,7,73
14422290,63,89,-3,76
14422800,68,17,3,73
14423310,95,96,-6,79
14423820,77,5,8,71
14424330,0,76,-9,80
14424840,40,37,0,80
14425350,51,101,6,74
14425860,54,29,-8,82
14426370,97,40,8,74
14426880,17,35,-8,82
14427390,12,99,7,75
14427900,20,42,-5,80
14428410,15,4,1,79
14428920,8,15,-4,83
14429430,7,26,0,83
14429940,6,25,2,81
14430450,5,24,1,80
14430960,4,23,0,80
14431470,3,60,-1,81
14431980,67,92,4,77
14432490,72,20,-2,79
14433000,99,99,4,75
14433510,81,8,0,75
14434020,4,79,2,73
14434530,68,9,-1,74
14435040,93,41,-2,76
14435550,13,36,-2,78
14436060,12,35,-4,82
14436570,11,34,5,77
14437080,10,33,1,76
14437590,9,32,-9,85
14438100,8,96,9,76
14438610,11,39,-4,80
14439120,10,38,-4,84
14439630,9,0,6,78
14440140,2,11,1,77
14440650,1,48,3,74
14441160,65,80,0,74
14441670,92,8,-4,78
14442180,15,79,0,78
14442690,26,9,-8,86
14443200,65,20,9,77
14443710,92,15,0,77
14444220,15,94,-1,78
14444730,26,37,-5,83
14445240,12,101,-1,84
14445750,15,44,0,84
14446260,14,6,4,80
14446770,13,17,4,76
14447280,6,28,3,73
14447790,5,27,-3,76
14448300,69,26,1,75
14448810,96,21,0,75
14449320,17,16,-1,76
14449830,10,80,-5,81
14450340,74,10,9,72
14450850,99,42,-4,76
14451360,19,37,-7,83
14451870,14,101,4,79
14452380,17,44,1,78
14452890,12,6,-2,80
14453400,5,17,2,78
14453910,4,28,0,78
14454420,68,27,-4,82
14454930,95,22,6,76
14455440,16,17,-2,78
14455950,15,81,-9,87
14456460,79,92,14,73
14456970,84,20,0,73
14457480,7,15,-5,78
14457990,6,79,-1,79
14458500,70,88,2,77
14459010,97,16,2,75
14459520,18,11,-2,77
14460030,17,22,4,73
14460540,3,86,-9,82
14461050,6,29,1,81
14461560,70,28,7,74
14462070,97,23,2,72
14462580,18,18,-5,77
14463090,4,82,-1,78
14463600,68,43,-12,90
14464110,95,54,12,78
14464620,15,49,-4,82
14465130,79,81,9,73
14465640,65,92,-6,79
14466150,70,20,6,73
14466660,97,99,-3,76
14467170,83,8,1,75
14467680,6,79,-4,79
14468190,70,40,-5,84
14468700,97,51,6,78
14469210,17,46,1,77
14469720,81,45,-1,78
14470230,1,40,-1,79
14470740,65,77,-5,84
14471250,92,39,9,75
14471760,12,34,-5,80
14472270,11,33,6,74
14472780,10,32,-7,81
14473290,9,96,2,79
14473800,25,39,-2,81
14474310,11,1,1,80
14474820,4,12,6,74
14475330,3,49,-5,79
14475840,67,81,1,78
14476350,95,9,1,77
14476860,18,80,-1,78
14477370,19,10,5,73
14477880,1,21,-6,79
14478390,0,58,-5,84
14478900,64,90,11,73
14479410,69,18,-4,77
14479920,96,50,4,73
14480430,16,45,-6,79
14480940,15,44,-3,82
14481450,14,6,2,80
14481960,13,17,3,77
14482470,12,81,-3,80
14482980,76,42,1,79
14483490,99,37,-3,82
14484000,19,32,4,78
14484510,18,96,3,75
14485020,29,39,-6,81
14485530,28,1,0,81
14486040,79,26,8,73
14486550,4,21,-5,78
14487060,3,58,-3,81
14487570,67,90,6,75
14488080,72,18,0,75
14488590,99,50,-8,83
14489100,19,45,4,79
14489610,18,7,3,76
14490120,11,18,-3,79
14490630,10,29,4,75
14491140,9,93,-2,77
14491650,73,84,-2,79
14492160,101,12,3,76
14492670,24,83,-3,79
14493180,27,20,0,79
14493690,42,31,-8,87
14494200,57,42,-1,88
14494710,84,53,11,77
14495220,5,48,1,76
14495730,69,80,-1,77
14496240,97,91,1,76
14496750,80,0,3,73
14497260,5,30,-9,82
14497770,69,62,1,81
14498280,97,24,11,70
14498790,18,19,-7,77
14499300,17,83,-4,81
14499810,28,13,-2,83
14500320,39,24,1,82
14500830,50,35,3,79
14501340,61,99,3,76
14501850,89,8,3,73
14502360,12,79,-11,84
14502870,23,9,6,78
14503380,34,20,-6,84
14503890,45,31,5,79
14504400,56,95,-2,81
14504910,84,74,1,80
14505420,5,85,6,74
14505930,69,49,-8,82
14506440,97,11,6,76
14506950,20,82,-5,81
14507460,21,19,4,77
14507970,7,83,-3,80
14508480,71,89,7,73
14508990,99,84,1,72
14509500,20,79,-10,82
14510010,21,9,9,73
14510520,60,20,-8,81
14511030,1,52,-3,84
14511540,65,63,-1,85
14512050,93,74,11,74
14512560,14,69,-7,81
14513070,78,19,7,74
14513580,1,51,-3,77
14514090,65,83,-1,78
14514600,93,11,2,76
14515110,16,28,-6,82
14515620,15,92,-1,83
14516130,26,24,4,79
14516640,41,88,-4,83
14517150,42,99,0,83
14517660,43,29,-5,88
14518170,54,93,11,77
14518680,82,72,-1,78
14519190,3,83,4,74
14519700,67,47,-8,82
14520210,8,9,4,78
14520720,7,73,-1,79
14521230,71,34,6,73
14521740,94,71,-4,77
14522250,15,66,-4,81
14522760,79,98,2,79
14523270,5,26,0,79
14523780,4,25,-1,80
14524290,68,89,4,76
14524800,96,17,3,73
14525310,19,12,-7,80
14525820,18,23,4,76
14526330,17,87,-3,79
14526840,28,17,-2,81
14527350,47,28,-1,82
14527860,58,39,-2,84
14528370,69,1,12,72
14528880,94,31,5,67
14529390,15,20,-9,76
14529900,14,84,3,73
14530410,78,14,-3,76
14530920,1,46,-2,78
14531430,65,78,4,74
14531940,93,6,-2,76
14532450,16,23,-1,77
14532960,15,87,-5,82
14533470,79,17,9,73
14533980,0,49,-2,75
14534490,64,13,-2,77
14535000,89,45,3,74
14535510,9,40,-7,81
14536020,73,2,12,69
14536530,98,32,-2,71
14537040,19,27,-5,76
14537550,5,91,-8,84
14538060,69,55,7,77
14538570,74,17,2,75
14539080,99,49,-2,77
14539590,19,44,-7,84
14540100,83,6,11,73
14540610,6,77,-7,80
14541120,70,41,-1,81
14541630,11,36,-3,84
14542140,75,100,12,72
14542650,80,19,0,72
14543160,54,51,-6,78
14543670,82,13,1,77
14544180,5,30,-4,81
14544690,69,94,8,73
14545200,74,22,7,66
14545710,90,17,-9,75
14546220,11,12,-9,84
14546730,10,23,2,82
14547240,9,87,3,79
14547750,73,48,-11,90
14548260,100,59,12,78
14548770,21,54,-1,79
14549280,85,16,1,78
14549790,8,48,-7,85
14550300,72,80,8,77
14550810,100,42,0,77
14551320,20,37,-6,83
14551830,15,101,6,77
14552340,31,44,-5,82
14552850,75,6,9,73
14553360,59,38,-9,82
14553870,70,0,5,77
14554380,2,30,2,75
14554890,66,94,0,75
14555400,71,22,1,74
14555910,98,54,-8,82
14556420,19,49,9,73
14556930,83,11,2,71
14557440,100,43,-6,77
14557950,20,38,-1,78
14558460,84,63,-6,84
14558970,5,25,2,82
14559480,69,89,5,77
14559990,97,17,-1,78
14560500,12,34,0,78
14561010,76,98,1,77
14561520,81,26,-1,78
14562030,97,58,-6,84
14562540,18,53,8,76
14563050,82,15,4,72
14563560,5,95,-11,83
14564070,69,59,3,80
14564580,97,21,8,72
14565090,18,16,-5,77
14565600,4,80,0,77
14566110,68,44,-3,80
14566620,82,6,1,79
14567130,5,77,2,77
14567640,69,41,-6,83
14568150,83,52,0,83
14568660,4,14,9,74
14569170,3,78,-5,79
14569680,67,42,-5,84
14570190,8,53,7,77
14570700,72,85,0,77
14571210,100,13,0,77
14571720,15,30,-3,80
14572230,14,94,1,79
14572740,78,37,0,79
14573250,100,69,-1,80
14573760,7,64,-3,83
14574270,71,25,9,74
14574780,87,57,-5,79
14575290,96,19,1,78
14575800,17,36,-3,81
14576310,81,100,3,78
14576820,86,28,2,76
14577330,0,60,-6,82
14577840,64,24,5,77
14578350,71,56,-4,81
14578860,99,18,10,71
14579370,19,35,-11,82
14579880,14,99,3,79
14580390,25,44,-5,84
14580900,89,6,5,79
14581410,12,38,2,77
14581920,76,0,7,70
14582430,60,32,-20,90
14582940,71,43,5,85
14583450,85,54,2,83
14583960,94,65,5,78
14584470,1,30,-5,83
14584980,65,21,4,79
14585490,6,53,-3,82
14586000,70,85,9,73
14586510,98,13,-8,81
14587020,13,30,5,76
14587530,12,94,-1,77
14588040,76,37,-4,81
14588550,92,48,5,76
14589060,12,43,0,76
14589570,82,5,0,76
14590080,66,37,-5,81
14590590,7,48,0,81
14591100,71,80,2,79
14591610,99,91,10,69
14592120,81,0,-8,77
14592630,63,32,-1,78
14593140,4,43,-2,80
14593650,68,75,-3,83
14594160,96,37,9,74
14594670,10,32,-8,82
14595180,74,96,8,74
14595690,79,24,-3,77
14596200,95,56,-7,84
14596710,2,59,10,74
14597220,66,23,-5,79
14597730,82,55,-3,82
14598240,91,20,9,73
14598750,14,37,-7,80
14599260,78,101,4,76
14599770,83,29,0,76
14600280,99,61,-4,80
14600790,6,56,1,79
14601300,70,88,-3,82
14601810,98,16,4,78
14602320,21,33,-1,79
14602830,7,97,7,72
14603340,71,40,-12,84
14603850,87,51,3,81
14604360,96,62,5,76
14604870,3,27,-2,78
14605380,67,26,2,76
14605890,74,58,-6,82
14606400,0,69,5,77
14606910,64,33,-1,78
14607420,5,44,1,77
14607930,69,8,4,73
14608440,53,40,-14,87
14608950,64,51,8,79
14609460,92,62,4,75
14609970,101,27,3,72
14610480,15,22,-11,83
14610990,14,86,2,81
14611500,78,29,3,78
14612010,94,61,-1,79
14612520,1,26,4,75
14613030,65,25,-2,77
14613540,72,57,-11,88
14614050,100,68,10,78
14614560,7,33,2,76
14615070,71,32,-3,79
14615580,87,43,2,77
14616090,1,38,1,76
14616600,65,101,2,74
14617110,70,29,-1,75
14617620,86,61,-4,79
14618130,68,72,0,79
14618640,96,83,3,76
14619150,78,44,2,74
14619660,60,55,-7,81
14620170,88,66,-5,86
14620680,14,77,4,82
14621190,78,20,4,78
14621700,1,52,3,75
14622210,65,16,-2,77
14622720,90,48,-1,78
14623230,11,43,-1,79
14623740,75,5,4,75
14624250,100,22,1,74
14624760,23,39,-7,81
14625270,9,1,8,73
14625780,10,12,-6,79
14626290,9,23,0,79
14626800,8,87,1,78
14627310,72,51,-7,85
14627820,73,13,9,76
14628330,98,45,1,75
14628840,18,40,-6,81
14629350,82,2,8,73
14629860,64,73,-7,80
14630370,92,84,8,72
14630880,74,95,-7,79
14631390,60,14,2,77
14631900,61,46,-4,81
14632410,62,57,1,80
14632920,90,68,1,79
14633430,72,33,2,77
14633940,88,44,-3,80
14634450,2,39,2,78
14634960,66,3,4,74
14635470,91,74,-7,81
14635980,73,85,4,77
14636490,59,13,-1,78
14637000,60,45,-1,79
14637510,61,7,0,79
14638020,62,39,1,78
14638530,73,50,-3,81
14639040,87,61,0,81
14639550,96,72,2,79
14640060,78,37,1,78
14640570,94,48,2,76
14641080,76,43,-7,83
14641590,85,54,1,82
14642100,94,65,5,77
14642610,1,30,-1,78
14643120,65,96,2,76
14643630,70,24,-3,79
14644140,77,56,-10,89
14644650,91,67,10,79
14645160,73,32,0,79
14645670,89,64,1,78
14646180,71,75,-12,90
14646690,99,86,12,78
14647200,81,97,-2,80
14647710,63,25,-1,81
14648220,4,18,0,81
14648730,68,55,-8,89
14649240,69,66,3,86
14649750,97,77,13,73
14650260,79,42,-6,79
14650770,95,53,4,75
14651280,2,48,-9,84
14651790,66,12,8,76
14652300,67,44,-10,86
14652810,68,55,2,84
14653320,69,66,9,75
14653830,97,77,2,73
14654340,79,42,-8,81
14654850,93,53,6,75
14655360,0,48,-5,80
14655870,64,12,4,76
14656380,65,44,-6,82
14656890,66,55,2,80
14657400,94,66,5,75
14657910,1,31,-3,78
14658420,65,97,3,75
14658930,70,25,-3,78
14659440,86,57,-1,79
14659950,95,22,4,75
14660460,16,39,-2,77
14660970,80,1,1,76
14661480,62,72,-11,87
14661990,90,83,10,77
14662500,72,94,-2,79
14663010,58,22,-5,84
14663520,59,33,9,75
14664030,0,44,-3,78
14664540,64,8,2,76
14665050,65,40,-11,87
14665560,66,51,4,83
14666070,67,62,-4,87
14666580,68,73,7,80
14667090,96,84,7,73
14667600,78,95,-2,75
14668110,60,23,-3,78
14668620,67,34,-5,83
14669130,8,45,2,81
14669640,72,77,-5,86
14670150,100,88,7,79
14670660,82,99,5,74
14671170,68,27,-1,75
14671680,84,46,-3,78
14672190,93,45,-2,80
14672700,0,40,0,80
14673210,64,4,0,80
14673720,89,75,1,79
14674230,71,86,1,78
14674740,72,97,0,78
14675250,58,25,-2,80
14675760,59,36,3,77
14676270,60,47,-5,82
14676780,61,58,-4,86
14677290,62,69,4,82
14677800,63,80,1,81
14678310,64,91,6,75
14678820,69,19,-1,76
14679330,76,17,4,72
14679840,101,36,-9,81
14680350,15,31,3,78
14680860,10,95,-2,80
14681370,74,59,-4,84
14681880,75,70,1,83
14682390,57,81,6,77
14682900,58,0,1,76
14683410,83,71,-6,82
14683920,65,82,5,77
14684430,51,50,-7,84
14684940,52,61,6,78
14685450,53,72,-1,79
14685960,54,83,4,75
14686470,55,57,-7,82
14686980,56,68,2,80
14687490,57,79,1,79
14688000,58,90,3,76
14688510,63,101,-1,77
14689020,68,10,-2,79
14689530,85,42,1,78
14690040,94,41,1,77
14690550,14,40,-3,80
14691060,78,2,1,79
14691570,1,73,-3,82
14692080,65,37,2,80
14692590,66,48,4,76
14693100,67,59,-7,83
14693610,68,70,12,71
14694120,50,81,-10,81
14694630,38,92,-1,82
14695140,0,22,5,77
14695650,64,59,-3,80
14696160,65,21,0,80
14696670,66,40,-7,87
14697180,67,51,7,80
14697690,68,13,9,71
14698200,93,32,-2,73
14698710,7,49,-3,76
14699220,71,81,-3,79
14699730,72,92,1,78
14700240,58,20,-6,84
14700750,59,31,5,79
14701260,60,42,-11,90
14701770,61,53,5,85
14702280,62,15,8,77
14702790,69,47,3,74
14703300,78,9,-3,77
14703810,1,80,3,74
14704320,65,44,-6,80
14704830,66,6,6,74
14705340,91,77,0,74
14705850,73,88,-6,80
14706360,101,99,-4,84
14706870,83,8,14,70
14707380,65,79,-10,80
14707890,66,90,10,70
14708400,71,9,-4,74
14708910,88,80,-7,81
14709420,70,91,1,80
14709930,56,0,-2,82
14710440,57,25,-6,88
14710950,58,36,8,80
14711460,59,32,-3,83
14711970,60,43,1,82
14712480,61,5,6,76
14712990,62,76,-4,80
14713500,63,87,2,78
14714010,64,98,4,74
14714520,69,7,-1,75
14715030,86,78,-5,80
14715540,68,89,4,76
14716050,54,60,-10,86
14716560,55,22,3,83
14717070,56,33,2,81
14717580,57,44,-3,84
14718090,58,6,10,74
14718600,59,77,-4,78
14719110,60,39,-3,81
14719620,61,1,1,80
14720130,62,72,-4,84
14720640,63,34,3,81
14721150,64,45,-1,82
14721660,65,7,5,77
14722170,66,78,-10,87
14722680,94,89,16,71
14723190,76,100,-2,73
14723700,81,19,-4,77
14724210,4,38,4,73
14724720,68,37,-10,83
14725230,77,48,0,83
14725740,91,82,7,76
14726250,73,93,2,74
14726760,59,21,-14,88
14727270,60,32,13,75
14727780,61,43,-10,85
14728290,62,54,1,84
14728800,63,16,5,79
14729310,64,35,3,76
14729820,65,46,-3,79
14730330,66,8,5,74
14730840,83,79,-3,77
14731350,65,90,4,73
14731860,70,9,-6,79
14732370,95,80,1,78
14732880,77,91,3,75
14733390,59,27,-2,77
14733900,60,38,-11,88
14734410,61,49,7,81
14734920,62,60,1,80
14735430,63,22,-1,81
14735940,64,41,-7,88
14736450,65,52,7,81
14736960,66,63,0,81
14737470,67,25,6,75
14737980,46,24,-16,91
14738490,65,35,4,87
14739000,66,46,12,75
14739510,80,8,-3,78
14740020,3,79,3,75
14740530,67,40,-7,82
14741040,81,39,6,76
14741550,97,38,-2,78
14742060,11,37,-8,86
14742570,75,101,13,73
14743080,80,20,-6,79
14743590,3,37,-1,80
14744100,67,100,5,75
14744610,72,19,-1,76
14745120,51,38,-7,83
14745630,52,49,-2,85
14746140,53,60,8,77
14746650,81,22,2,75
14747160,88,41,5,70
14747670,97,46,-10,80
14748180,79,45,3,77
14748690,88,48,0,77
14749200,97,51,0,77
14749710,4,50,-2,79
14750220,68,11,2,77
14750730,85,43,0,77
14751240,94,42,4,73
14751750,14,41,-14,87
14752260,78,3,19,68
14752770,60,74,-9,77
14753280,88,36,4,73
14753790,95,35,-8,81
14754300,9,34,3,78
14754810,73,98,1,77
14755320,78,26,3,74
14755830,85,25,3,71
14756340,92,24,-4,75
14756850,15,41,-4,79
14757360,79,40,-1,80
14757870,88,39,5,75
14758380,70,38,-3,78
14758890,84,61,0,78
14759400,93,42,3,75
14759910,75,41,-2,77
14760420,84,64,-3,80
14760930,66,45,-4,84
14761440,67,56,6,78
14761950,68,37,-5,83
14762460,82,48,1,82
14762970,91,71,5,77
14763480,73,36,-5,82
14763990,74,35,7,75
14764500,90,34,-6,81
14765010,97,33,7,74
14765520,2,28,-3,77
14766030,66,27,3,74
14766540,73,59,-10,84
14767050,101,40,8,76
14767560,15,35,-8,84
14768070,79,99,9,75
14768580,61,27,-6,81
14769090,68,52,-1,82
14769600,69,33,-8,90
14770110,70,56,7,83
14770620,71,18,9,74
14771130,78,37,-5,79
14771640,44,36,-5,84
14772150,63,100,12,72
14772660,68,28,-7,79
14773170,75,53,-1,80
14773680,84,34,7,73
14774190,91,33,1,72
14774700,98,32,-3,75
14775210,3,31,-6,81
14775720,67,30,6,75
14776230,74,29,0,75
14776740,81,28,2,73
14777250,88,27,-2,75
14777760,95,26,1,74
14778270,9,43,-1,75
14778780,73,16,-4,79
14779290,80,35,3,76
14779800,87,34,5,71
14780310,94,29,-10,81
14780820,101,28,4,77
14781330,6,45,4,73
14781840,70,6,-4,77
14782350,87,77,2,75
14782860,69,58,-9,84
14783370,97,20,11,73
14783880,12,91,-5,78
14784390,93,52,2,76
14784900,0,51,-5,81
14785410,64,88,3,78
14785920,92,16,2,76
14786430,7,87,1,75
14786940,71,48,-10,85
14787450,85,10,12,73
14787960,67,81,-4,77
14788470,49,52,-5,82
14788980,77,63,7,75
14789490,82,44,-1,76
14790000,91,43,-11,87
14790510,98,42,9,78
14791020,3,41,1,77
14791530,67,2,7,70
14792040,92,67,-10,80
14792550,101,32,3,77
14793060,15,31,-4,81
14793570,10,95,5,76
14794080,74,68,-8,84
14794590,0,30,7,77
14795100,64,48,-12,89
14795610,65,10,11,78
14796120,82,35,3,75
14796630,89,34,0,75
14797140,96,33,-6,81
14797650,1,32,6,75
14798160,65,50,-7,82
14798670,51,12,-4,86
14799180,52,37,6,80
14799690,71,101,2,78
14800200,76,29,-2,80
14800710,83,28,1,79
14801220,53,27,-2,81
14801730,54,38,-2,83
14802240,73,0,9,74
14802750,98,71,-11,85
14803260,5,36,3,82
14803770,69,54,-5,87
14804280,83,16,9,78
14804790,100,87,0,78
14805300,82,52,-4,82
14805810,91,63,8,74
14806320,100,28,-2,76
14806830,5,45,-7,83
14807340,69,6,4,79
14807850,86,77,0,79
14808360,69,39,-3,82
14808870,83,50,1,81
14809380,92,73,5,76
14809890,75,38,-6,82
14810400,84,49,6,76
14810910,93,48,0,76
14811420,0,47,-2,78
14811930,64,84,5,73
14812440,69,12,-5,78
14812950,86,37,6,72
14813460,93,85,-4,76
14813970,76,96,0,76
14814480,81,24,3,73
14814990,88,23,-4,77
14815500,95,40,0,77
14816010,0,39,6,71
14816520,64,0,-4,75
14817030,89,71,-7,82
14817540,71,36,0,82
14818050,85,47,0,82
14818560,94,46,8,74
14819070,1,45,-7,81
14819580,65,9,1,80
14820090,82,34,9,71
14820600,89,33,-5,76
14821110,96,32,-1,77
14821620,1,31,-6,83
14822130,65,68,2,81
14822640,79,30,7,74
14823150,86,29,-1,75
14823660,93,28,-3,78
14824170,100,45,2,76
14824680,7,44,-5,81
14825190,71,76,1,80
14825700,53,87,0,80
14826210,58,27,3,77
14826720,65,38,-4,81
14827230,79,61,-2,83
14827740,61,72,-7,90
14828250,75,83,12,78
14828760,89,64,-1,79
14829270,98,45,0,79
14829780,80,44,-4,83
14830290,89,67,3,80
14830800,98,48,5,75
14831310,5,47,-9,84
14831820,69,11,10,74
14832330,86,21,-4,78
14832840,93,31,9,69
14833350,100,30,-13,82
14833860,5,29,1,81
14834370,69,47,-1,82
14834880,83,58,1,81
14835390,92,39,-1,82
14835900,99,38,5,77
14836410,4,37,-6,83
14836920,68,101,5,78
14837430,73,29,-1,79
14837940,80,28,8,71
14838450,87,27,-6,77
14838960,94,26,4,73
14839470,101,43,-6,79
14839980,6,42,-4,83
14840490,70,4,14,69
14841000,87,75,-10,79
14841510,69,56,0,79
14842020,51,37,-13,92
14842530,66,48,7,85
14843040,81,29,14,71
14843550,88,28,-8,79
14844060,95,27,3,76
14844570,0,26,0,76
14845080,64,63,-9,85
14845590,73,74,8,77
14846100,55,85,-1,78
14846610,60,25,-1,79
14847120,67,36,-1,80
14847630,81,47,-2,82
14848140,90,58,4,78
14848650,99,23,3,75
14849160,14,40,-5,80
14849670,9,2,1,79
14850180,2,13,4,75
14850690,66,50,-7,82
14851200,80,61,-1,83
14851710,94,26,7,76
14852220,101,36,0,76
14852730,6,35,-5,81
14853240,70,99,7,74
14853750,75,27,0,74
14854260,82,26,-5,79
14854770,89,45,4,75
14855280,98,44,-8,83
14855790,5,43,-4,87
14856300,69,5,11,76
14856810,86,76,-5,81
14857320,68,87,5,76
14857830,73,6,0,76
14858340,90,77,2,74
14858850,72,58,-7,81
14859360,54,39,-4,85
14859870,69,1,14,71
14860380,86,72,-12,83
14860890,68,53,0,83
14861400,82,15,9,74
14861910,99,86,-5,79
14862420,81,51,4,75
14862930,90,16,2,73
14863440,5,87,-6,79
14863950,88,51,4,75
14864460,97,50,1,74
14864970,4,45,-6,80
14865480,68,6,2,78
14865990,85,77,-1,79
14866500,67,58,-3,82
14867010,81,20,5,77
14867520,98,39,2,75
14868030,80,38,0,75
14868540,94,37,-5,80
14869050,8,36,-2,82
14869560,72,100,11,71
14870070,77,19,5,66
14870580,94,38,-8,74
14871090,76,37,0,74
14871600,85,36,1,73
14872110,101,35,-5,78
14872620,59,52,-7,85
14873130,74,14,10,75
14873640,91,33,-2,77
14874150,5,32,1,76
14874660,69,96,1,75
14875170,74,15,2,73
14875680,91,34,-1,74
14876190,5,33,-8,82
14876700,69,97,10,72
14877210,74,25,-9,81
14877720,81,44,2,79
14878230,90,43,0,79
14878740,72,42,-10,89
14879250,86,53,7,82
14879760,95,18,7,75
14880270,10,35,-8,83
14880780,74,99,12,71
14881290,79,18,-7,78
14881800,96,37,7,71
14882310,66,54,-13,84
14882820,85,65,-2,86
14883330,67,30,5,81
14883840,82,55,-4,85
14884350,91,20,12,73
14884860,6,37,-9,82
14885370,70,101,2,80
14885880,75,29,2,78
14886390,91,48,4,74
14886900,73,22,1,73
14887410,80,41,-4,77
14887920,89,40,1,76
14888430,71,39,-4,80
14888940,80,50,2,78
14889450,89,15,2,76
14889960,4,86,-3,79
14890470,7,50,0,79
14890980,71,11,-4,83
14891490,88,36,0,83
14892000,2,55,5,78
14892510,66,16,-2,80
14893020,83,35,-3,83
14893530,99,54,4,79
14894040,6,53,1,78
14894550,70,14,1,77
14895060,87,39,2,75
14895570,69,38,-4,79
14896080,83,49,-4,83
14896590,92,14,10,73
14897100,7,85,0,73
14897610,88,49,-5,78
14898120,97,23,3,75
14898630,12,40,-3,78
14899140,76,13,2,76
14899650,93,38,-2,78
14900160,7,57,0,78
14900670,71,18,-1,79
14901180,88,43,-4,83
14901690,97,68,6,77
14902200,4,33,-3,80
14902710,68,51,-2,82
14903220,82,16,9,73
14903730,99,41,-5,78
14904240,81,15,5,73
14904750,98,86,-2,75
14905260,80,51,-3,78
14905770,89,16,7,71
14906280,4,87,-4,75
14906790,47,51,-7,82
14907300,74,62,-4,86
14907810,88,27,13,73
14908320,2,1,-10,83
14908830,45,50,-3,86
14909340,89,12,7,79
14909850,4,37,-1,80
14910360,68,10,0,80
14910870,69,35,3,77
14911380,85,60,-9,86
14911890,94,25,8,78
14912400,76,42,1,77
14912910,85,41,0,77
14913420,67,15,-4,81
14913930,84,40,-3,84
14914440,4,59,-2,86
14914950,68,23,11,75
14915460,83,79,-1,76
14915970,65,90,0,76
14916480,70,9,2,74
14916990,87,34,3,71
14917500,1,8,-4,75
14918010,65,45,-8,83
14918520,79,56,10,73
14919030,61,21,-4,77
14919540,76,46,-2,79
14920050,85,11,1,78
14920560,0,82,4,74
14921070,3,46,-1,75
14921580,67,7,1,74
14922090,84,78,-1,75
14922600,66,24,-2,77
14923110,81,49,-1,78
14923620,90,72,1,77
14924130,72,37,-3,80
14924640,88,62,2,78
14925150,70,27,-5,83
14925660,85,52,2,81
14926170,94,58,-3,84
14926680,76,23,11,73
14927190,92,48,0,73
14927700,74,22,-6,79
14928210,89,47,3,76
14928720,71,21,-2,78
14929230,47,46,-7,85
14929740,29,57,5,80
14930250,93,19,2,78
14930760,8,44,2,76
14931270,72,5,3,73
14931780,54,76,-1,74
14932290,59,47,-5,79
14932800,74,58,-12,91
14933310,101,23,10,81
14933820,16,40,3,78
14934330,99,2,6,72
14934840,81,73,-7,79
14935350,63,84,7,72
14935860,45,55,-10,82
14936370,27,66,1,81
14936880,89,98,4,77
14937390,71,26,-3,80
14937900,87,51,-2,82
14938410,69,76,1,81
14938920,51,87,2,79
14939430,0,27,2,77
14939940,64,64,0,77
14940450,46,75,-1,78
14940960,17,15,-7,85
14941470,12,26,6,79
14941980,7,90,1,78
14942490,88,54,-4,82
14943000,70,19,4,78
14943510,87,44,2,76
14944020,69,69,-6,82
14944530,51,80,-3,85
14945040,56,3,7,78
14945550,57,28,-1,79
14946060,58,39,-6,85
14946570,73,50,4,81
14947080,82,15,7,74
14947590,99,40,-3,77
14948100,81,0,4,73
14948610,63,25,-11,84
14949120,64,50,-5,89
14949630,65,61,8,81
14950140,47,72,5,76
14950650,97,43,-2,78
14951160,79,42,-6,84
14951670,88,67,5,79
14952180,70,32,-1,80
14952690,86,57,0,80
14953200,95,22,5,75
14953710,77,39,-4,79
14954220,99,64,5,74
14954730,81,29,-5,79
14955240,97,54,0,79
14955750,79,28,7,72
14956260,95,53,-6,78
14956770,77,52,-5,83
14957280,86,63,4,79
14957790,68,28,1,78
14958300,84,53,-6,84
14958810,60,64,1,83
14959320,101,75,2,81
14959830,83,40,2,79
14960340,3,65,3,76
14960850,67,29,-5,81
14961360,82,54,2,79
14961870,64,19,1,78
14962380,79,44,-2,80
14962890,61,69,-3,83
14963400,0,80,8,75
14963910,3,44,-3,78
14964420,67,8,6,72
14964930,84,33,-6,78
14965440,100,58,0,78
14965950,82,32,0,78
14966460,64,57,-7,85
14966970,46,68,5,80
14967480,51,39,-3,83
14967990,66,4,7,76
14968500,83,29,-3,79
14969010,99,54,2,77
14969520,81,28,2,75
14970030,97,53,2,73
14970540,79,52,-8,81
14971050,88,63,0,81
14971560,70,28,3,78
14972070,86,53,-1,79
14972580,68,18,2,77
14973090,85,43,2,75
14973600,67,42,-7,82
14974110,49,53,-4,86
14974620,31,64,2,84
14975130,32,89,8,76
14975640,5,12,-5,81
14976150,4,76,2,79
14976660,68,40,-7,86
14977170,82,20,10,76
14977680,99,45,-2,78
14978190,19,19,0,78
14978700,1,83,5,73
14979210,84,47,-6,79
14979720,66,12,4,75
14980230,83,37,-2,77
14980740,3,62,-2,79
14981250,67,26,5,74
14981760,83,51,-6,80
14982270,65,16,7,73
14982780,82,41,-6,79
14983290,2,44,0,79
14983800,66,8,1,78
14984310,83,33,1,77
14984820,3,58,-4,81
14985330,67,19,-1,82
14985840,68,44,6,76
14986350,50,55,-4,80
14986860,32,66,-5,85
14987370,96,91,12,73
14987880,78,0,-2,75
14988390,60,25,1,74
14988900,76,50,-7,81
14989410,76,15,12,69
14989920,93,40,-8,77
14990430,75,39,0,77
14990940,97,4,0,77
14991450,79,75,-1,78
14991960,61,86,2,76
14992470,66,5,3,73
14992980,83,30,-2,75
14993490,99,55,-1,76
14994000,19,58,-8,84
14994510,83,83,5,79
14995020,65,94,1,78
14995530,70,13,1,77
14996040,87,38,-1,78
14996550,7,37,-3,81
14997060,71,101,3,78
14997570,76,20,0,78
14998080,92,91,5,73
14998590,74,0,-3,76
14999100,56,25,-6,82
14999610,57,50,3,79
15000120,58,61,0,79
15000630,40,72,-3,82
15001140,2,97,4,78
15001650,5,15,2,76
15002160,69,79,-10,86
15002670,54,90,10,76
15003180,59,13,-4,80
15003690,60,38,-4,84
15004200,61,49,1,83
15004710,62,14,4,79
15005220,63,39,-8,87
15005730,64,50,5,82
15006240,98,15,3,79
15006750,80,86,5,74
15007260,62,67,-13,87
15007770,1,78,8,79
15008280,84,42,5,74
15008790,4,41,-10,84
15009300,68,2,7,77
15009810,69,27,-3,80
15010320,91,52,1,79
15010830,11,73,-1,80
15011340,75,98,9,71
15011850,57,17,-8,79
15012360,58,42,-4,83
15012870,59,7,5,78
15013380,60,61,-9,87
15013890,61,72,13,74
15014400,0,43,-4,78
15014910,64,80,-1,79
15015420,46,51,-3,82
15015930,33,62,0,82
15016440,34,63,2,80
15016950,35,88,2,78
15017460,38,11,-5,83
15017970,39,36,4,79
15018480,54,100,-4,83
15018990,59,34,7,76
15019500,60,37,-9,85
15020010,61,48,4,81
15020520,62,29,-3,84
15021030,63,54,5,79
15021540,64,19,-1,80
15022050,65,44,-9,89
15022560,66,55,9,80
15023070,67,20,-2,82
15023580,68,45,-3,85
15024090,69,56,3,82
15024600,70,21,9,73
15025110,86,46,-5,78
15025620,6,71,1,77
15026130,70,82,0,77
15026640,52,53,-7,84
15027150,93,53,0,84
15027660,13,56,6,78
15028170,77,81,-1,79
15028680,59,92,5,74
15029190,64,32,-5,79
15029700,65,57,-5,84
15030210,79,22,6,78
15030720,101,47,-5,83
15031230,21,46,-3,86
15031740,2,8,7,79
15032250,13,19,-1,80
15032760,78,83,2,78
15033270,60,48,-3,81
15033780,74,13,8,73
15034290,91,38,-2,75
15034800,11,57,-6,81
15035310,75,82,5,76
15035820,57,93,0,76
15036330,62,16,-6,82
15036840,63,41,-1,83
15037350,64,6,14,69
15037860,81,31,-6,75
15038370,1,56,-3,78
15038880,65,18,-4,82
15039390,66,43,-1,83
15039900,80,54,8,75
15040410,94,19,4,71
15040920,9,36,-8,79
15041430,73,100,7,72
15041940,78,23,-5,77
15042450,100,48,2,75
15042960,20,51,-10,85
15043470,84,13,9,76
15043980,92,38,-3,79
15044490,12,63,1,78
15045000,76,88,0,78
15045510,81,59,-3,81
15046020,63,24,6,75
15046530,64,49,-9,84
15047040,78,60,8,76
15047550,61,25,-4,80
15048060,77,50,0,80
15048570,91,61,7,73
15049080,100,26,-2,75
15049590,20,43,-4,79
15050100,6,5,4,75
15050610,10,69,-4,79
15051120,74,31,-3,82
15051630,96,56,2,80
15052140,16,62,5,75
15052650,2,24,-10,85
15053160,66,88,10,75
15053670,71,59,-3,78
15054180,54,70,-3,81
15054690,68,81,5,76
15055200,73,52,-6,82
15055710,87,17,7,75
15056220,2,42,-9,84
15056730,66,4,10,74
15057240,83,29,0,74
15057750,3,54,-7,81
15058260,67,16,4,77
15058770,68,41,-1,78
15059280,82,52,-2,80
15059790,2,17,2,78
15060300,66,81,1,77
15060810,71,52,-2,79
15061320,85,17,7,72
15061830,0,42,-3,75
15062340,64,30,-3,78
15062850,65,55,-10,88
15063360,79,66,7,81
15063870,61,77,5,76
15064380,66,88,0,76
15064890,71,59,-7,83
15065400,76,70,1,82
15065910,90,81,7,75
15066420,72,92,-4,79
15066930,77,63,-1,80
15067440,60,28,-1,81
15067950,61,39,2,79
15068460,62,50,-7,86
15068970,76,61,3,83
15069480,59,72,-5,88
15069990,73,83,11,77
15070500,78,54,-1,78
15071010,92,19,4,74
15071520,7,44,-1,75
15072030,71,6,-1,76
15072540,88,31,-1,77
15073050,8,56,-3,80
15073560,72,81,2,78
15074070,77,52,-2,80
15074580,91,63,3,77
15075090,11,28,-6,83
15075600,6,92,6,77
15076110,9,53,-10,87
15076620,73,64,3,84
15077130,87,29,10,74
15077640,7,54,-2,76
15078150,71,65,-6,82
15078660,85,76,3,79
15079170,68,87,4,75
15079680,73,58,-6,81
15080190,78,69,5,76
15080700,61,34,-12,88
15081210,62,45,8,80
15081720,76,56,-2,82
15082230,90,21,4,78
15082740,10,38,-3,81
15083250,74,0,4,77
15083760,58,25,-10,87
15084270,59,50,3,84
15084780,60,61,2,82
15085290,74,72,-6,88
15085800,88,83,5,83
15086310,71,94,6,77
15086820,76,17,2,75
15087330,93,42,-3,78
15087840,13,67,-3,81
15088350,77,78,-1,82
15088860,82,89,2,80
15089370,68,100,5,75
15089880,73,9,6,69
15090390,57,34,-14,83
15090900,58,45,2,81
15091410,59,56,-6,87
15091920,60,67,5,82
15092430,74,78,5,77
15092940,88,89,3,74
15093450,71,100,1,73
15093960,76,19,-1,74
15094470,98,44,-8,82
15094980,18,61,4,78
15095490,82,93,2,76
15096000,65,58,-6,82
15096510,79,69,-1,83
15097020,84,34,9,74
15097530,4,51,-8,82
15098040,68,13,8,74
15098550,69,38,-5,79
15099060,91,49,7,72
15099570,11,52,-7,79
15100080,75,84,-3,82
15100590,61,95,4,78
15101100,66,4,-2,80
15101610,67,29,-1,81
15102120,89,54,4,77
15102630,9,19,-2,79
15103140,13,83,0,79
15103650,94,94,3,76
15104160,77,3,-3,79
15104670,61,28,-1,80
15105180,62,39,-5,85
15105690,63,50,5,80
15106200,64,15,-2,82
15106710,65,40,-8,90
15107220,66,51,9,81
15107730,67,62,-3,84
15108240,68,73,2,82
15108750,82,84,6,76
15109260,64,95,-1,77
15109770,69,74,-5,82
15110280,83,85,6,76
15110790,65,96,10,66
15111300,70,15,-8,74
15111810,71,40,-7,81
15112320,93,51,6,75
15112830,13,16,-4,79
15113340,17,80,6,73
15113850,20,10,-8,81
15114360,2,7,2,79
15114870,66,18,-3,82
15115380,67,43,-1,83
15115890,68,54,4,79
15116400,82,19,4,75
15116910,99,36,2,73
15117420,19,53,-8,81
15117930,83,15,5,76
15118440,100,40,-1,77
15118950,20,57,-8,85
15119460,84,19,14,71
15119970,4,44,-6,77
15120480,68,76,-1,78
15120990,54,87,-1,79
15121500,59,98,1,78
15122010,37,7,-2,80
15122520,38,32,-3,83
15123030,53,96,12,71
15123540,2,36,-9,80
15124050,66,100,11,69
15124560,71,9,-5,74
15125070,72,34,-1,75
15125580,94,101,0,75
15126090,77,10,2,73
15126600,61,81,-5,78
15127110,66,52,1,77
15127620,67,17,-1,78
15128130,68,42,-1,79
15128640,82,53,-7,86
15129150,96,64,10,76
15129660,16,29,-9,85
15130170,11,93,11,74
15130680,14,33,-10,84
15131190,9,97,6,78
15131700,90,40,6,72
15132210,10,57,-10,82
15132720,74,89,6,76
15133230,88,60,-4,80
15133740,97,25,9,71
15134250,17,42,-8,79
15134760,81,4,7,72
15135270,63,75,-9,81
15135780,77,86,3,78
15136290,60,97,1,77
15136800,9,6,-7,84
15137310,10,17,6,78
15137820,14,81,0,78
15138330,99,11,0,78
15138840,81,82,2,76
15139350,64,93,-4,80
15139860,92,72,3,77
15140370,75,37,-1,78
15140880,97,48,1,77
15141390,17,13,-2,79
15141900,101,77,3,76
15142410,83,42,-5,81
15142920,97,45,-4,85
15143430,17,10,4,81
15143940,18,21,7,74
15144450,4,85,1,73
15144960,85,49,3,70
15145470,5,55,-10,80
15145980,69,66,1,79
15146490,83,77,5,74
15147000,66,88,2,72
15147510,71,59,-8,80
15148020,85,70,-3,83
15148530,67,35,-1,84
15149040,81,46,10,74
15149550,1,49,-10,84
15150060,65,60,6,78
15150570,92,71,1,77
15151080,23,36,-3,80
15151590,9,100,1,79
15152100,92,85,1,78
15152610,74,96,5,73
15153120,79,67,-10,83
15153630,62,78,8,75
15154140,67,49,-6,81
15154650,81,60,-1,82
15155160,95,25,3,79
15155670,15,42,-6,85
15156180,79,4,14,71
15156690,61,75,-12,83
15157200,75,86,10,73
15157710,57,57,-16,89
15158220,71,68,9,80
15158730,85,79,1,79
15159240,67,90,4,75
15159750,72,61,-5,80
15160260,86,26,7,73
15160770,6,45,0,73
15161280,70,63,-3,76
15161790,75,74,-13,89
15162300,89,85,15,74
15162810,71,96,-3,77
15163320,76,67,-5,82
15163830,81,78,7,75
15164340,63,89,-4,79
15164850,68,60,-2,81
15165360,82,71,1,80
15165870,65,36,-1,81
15166380,87,47,7,74
15166890,7,12,-6,80
15167400,11,76,-6,86
15167910,75,87,8,78
15168420,80,58,0,78
15168930,94,23,2,76
15169440,14,94,-4,80
15169950,95,34,2,78
15170460,15,53,-3,81
15170970,79,15,6,75
15171480,96,86,-1,76
15171990,79,97,8,68
15172500,84,68,-15,83
15173010,67,33,0,83
15173520,89,44,6,77
15174030,9,47,-5,82
15174540,73,9,5,77
15175050,74,80,-4,81
15175560,88,91,9,72
15176070,4,0,-6,78
15176580,5,25,4,74
15177090,69,43,1,73
15177600,83,8,-2,75
15178110,67,79,2,73
15178620,81,50,-8,81
15179130,90,15,6,75
15179640,5,86,0,75
15180150,8,21,-3,78
15180660,72,85,-2,80
15181170,77,96,7,73
15181680,82,67,-2,75
15182190,64,32,-3,78
15182700,65,43,-4,82
15183210,66,8,8,74
15183720,67,79,-1,75
15184230,72,50,-11,86
15184740,86,61,3,83
15185250,95,72,0,83
15185760,15,83,2,81
15186270,96,94,5,76
15186780,78,3,2,74
15187290,60,74,-7,81
15187800,74,85,7,74
15188310,56,56,-10,84
15188820,57,67,0,84
15189330,71,78,10,74
15189840,76,89,-4,78
15190350,29,60,0,78
15190860,93,36,2,76
15191370,13,77,-1,77
15191880,77,88,-4,81
15192390,82,59,-6,87
15192900,96,24,13,74
15193410,16,65,-6,80
15193920,80,76,0,80
15194430,62,87,2,78
15194940,67,58,-8,86
15195450,68,69,9,77
15195960,82,80,-2,79
15196470,64,91,6,73
15196980,69,10,-3,76
15197490,70,81,0,76
15198000,75,52,-6,82
15198510,89,17,7,75
15199020,4,88,3,72
15199530,85,52,-8,80
15200040,94,63,4,76
15200550,1,28,0,76
15201060,65,65,-10,86
15201570,66,76,3,83
15202080,80,87,10,73
15202590,62,58,-5,78
15203100,63,23,-8,86
15203610,64,48,5,81
15204120,65,13,-2,83
15204630,66,38,5,78
15205140,80,49,-1,79
15205650,89,14,1,78
15206160,71,85,-3,81
15206670,85,56,-6,87
15207180,94,21,13,74
15207690,9,92,6,68
15208200,92,32,-3,71
15208710,12,73,-13,84
15209220,76,84,7,77
15209730,81,95,2,75
15210240,63,66,-11,86
15210750,77,77,11,75
15211260,59,88,-2,77
15211770,64,59,-6,83
15212280,78,70,5,78
15212790,60,35,-3,81
15213300,61,46,-5,86
15213810,62,11,6,80
15214320,63,36,4,76
15214830,77,47,-4,80
15215340,91,12,8,72
15215850,73,83,-9,81
15216360,87,54,-1,82
15216870,96,19,-1,83
15217380,78,90,1,82
15217890,83,61,1,81
15218400,92,26,8,73
15218910,12,67,-8,81
15219420,76,99,13,68
15219930,81,18,-6,74
15220440,97,89,2,72
15220950,79,54,-8,80
15221460,93,19,8,72
15221970,8,90,-1,73
15222480,91,63,0,73
15222990,100,69,-7,80
15223500,7,34,0,80
15224010,71,52,1,79
15224520,85,17,9,70
15225030,0,88,-11,81
15225540,81,52,-3,84
15226050,90,17,10,74
15226560,5,88,-8,82
15227070,88,52,0,82
15227580,0,58,5,77
15228090,64,22,3,74
15228600,65,63,-5,79
15229110,66,74,0,79
15229620,80,39,-5,84
15230130,0,58,7,77
15230640,64,22,-2,79
15231150,65,47,-4,83
15231660,66,12,4,79
15232170,67,37,-1,80
15232680,81,48,0,80
15233190,1,13,-1,81
15233700,65,50,-6,87
15234210,66,15,12,75
15234720,67,40,-6,81
15235230,81,51,1,80
15235740,95,57,2,78
15236250,15,63,1,77
15236760,79,36,-4,81
15237270,101,55,0,81
15237780,21,61,3,78
15238290,85,93,-1,79
15238800,71,58,-1,80
15239310,76,23,-3,83
15239820,77,42,1,82
15240330,91,7,-1,83
15240840,73,78,-1,84
15241350,87,89,12,72
15241860,69,54,-6,78
15242370,70,19,0,78
15242880,71,44,-6,84
15243390,85,55,2,82
15243900,99,20,6,76
15244410,13,91,-5,81
15244920,94,34,3,78
15245430,14,75,-2,80
15245940,78,86,6,74
15246450,92,2,2,72
15246960,74,73,-18,90
15247470,88,84,10,80
15247980,70,49,2,78
15248490,84,14,0,78
15249000,66,85,2,76
15249510,80,56,-6,82
15250020,94,11,6,76
15250530,9,82,-6,82
15251040,92,93,3,79
15251550,74,58,-2,81
15252060,88,23,7,74
15252570,2,94,-6,80
15253080,83,58,1,79
15253590,97,23,-1,80
15254100,11,40,-2,82
15254610,75,2,9,73
15255120,7,73,-15,88
15255630,71,37,10,78
15256140,85,48,1,77
15256650,5,13,-6,83
15257160,69,77,3,80
15257670,83,42,4,76
15258180,3,48,-2,78
15258690,67,12,3,75
15259200,68,83,3,72
15259710,82,54,-8,80
15260220,96,19,5,75
15260730,10,90,-5,80
15261240,91,54,4,76
15261750,11,19,3,73
15262260,6,83,-7,80
15262770,70,47,-4,84
15263280,71,12,9,75
15263790,72,83,-6,81
15264300,86,54,5,76
15264810,100,60,-1,77
15265320,34,66,-4,81
15265830,35,67,-4,85
15266340,36,68,4,81
15266850,52,69,-2,83
15267360,0,70,2,81
15267870,64,34,-1,82
15268380,65,45,1,81
15268890,79,10,5,76
15269400,80,81,0,76
15269910,94,46,-1,77
15270420,14,52,-1,78
15270930,97,84,7,71
15271440,79,49,-6,77
15271950,93,55,-6,83
15272460,5,61,7,76
15272970,69,25,-3,79
15273480,70,66,-2,81
15273990,84,31,11,70
15274500,100,72,-11,81
15275010,12,37,3,78
15275520,7,101,6,72
15276030,23,19,0,72
15276540,5,83,-8,80
15277050,88,47,4,76
15277560,8,53,-4,80
15278070,72,90,3,77
15278580,86,61,-1,78
15279090,100,26,4,74
15279600,20,67,-9,83
15280110,21,99,-2,85
15280620,0,39,4,81
15281130,64,76,2,79
15281640,78,63,1,78
15282150,92,28,4,74
15282660,12,69,-5,79
15283170,93,9,7,72
15283680,75,80,-11,83
15284190,89,45,9,74
15284700,9,51,-1,75
15285210,73,83,-2,77
15285720,87,48,0,77
15286230,7,54,-6,83
15286740,71,77,6,77
15287250,85,88,-1,78
15287760,99,53,-1,79
15288270,19,59,0,79
15288780,0,58,3,76
15289290,64,95,0,76
15289800,69,66,-4,80
15290310,83,31,4,76
15290820,3,72,3,73
15291330,86,36,-2,75
15291840,6,77,-4,79
15292350,70,41,-4,83
15292860,84,52,1,82
15293370,98,17,1,81
15293880,12,88,-2,83
15294390,93,28,3,80
15294900,13,69,2,78
15295410,94,94,8,70
15295920,76,59,-8,78
15296430,90,24,4,74
15296940,4,65,-5,79
15297450,68,29,0,79
15297960,69,70,-2,81
15298470,83,35,9,72
15298980,3,76,-9,81
15299490,67,40,-2,83
15300000,81,51,0,83
15300510,95,16,8,75
15301020,77,87,-5,80
