step_time,gneJ00_offset,gneJ9_offset,reward,queue_sum
1020,100,58,0,80
1530,12,64,1,79
2040,76,84,-7,86
2550,90,95,2,84
3060,72,60,6,78
3570,86,25,5,73
4080,0,66,-1,74
4590,64,30,-4,78
5100,65,71,0,78
5610,70,32,6,72
6120,92,38,-2,74
6630,12,44,-3,77
7140,76,64,-4,81
7650,90,29,1,80
8160,4,70,0,80
8670,68,90,-5,85
9180,73,61,10,75
9690,87,26,1,74
10200,7,67,-1,75
10710,71,87,-10,85
11220,76,98,2,83
11730,81,69,5,78
12240,95,34,0,78
12750,9,75,-2,80
13260,73,15,3,77
13770,74,86,-4,81
14280,79,51,-2,83
14790,93,57,6,77
15300,5,63,-1,78
15810,69,83,-3,81
16320,83,54,6,75
16830,97,60,1,74
17340,9,66,-6,80
17850,73,86,-1,81
18360,78,97,-1,82
18870,83,68,4,78
19380,97,33,11,67
19890,17,74,-7,74
20400,100,94,-6,80
20910,82,59,7,73
21420,96,65,-3,76
21930,8,71,-2,78
22440,72,91,0,78
22950,77,62,1,77
23460,91,27,2,75
23970,5,68,-6,81
24480,69,88,-2,83
24990,74,59,7,76
25500,88,24,1,75
26010,2,65,-7,82
26520,66,85,3,79
27030,71,56,-1,80
27540,85,21,3,77
28050,101,38,3,74
28560,21,79,-1,75
29070,2,52,-6,81
29580,66,72,-1,82
30090,80,83,2,80
30600,62,48,-2,82
31110,76,13,5,77
31620,77,84,-11,88
32130,91,95,13,75
32640,73,60,-7,82
33150,87,25,6,76
33660,1,66,2,74
34170,65,30,-8,82
34680,66,92,2,80
35190,71,63,1,79
35700,85,28,4,75
36210,101,69,2,73
36720,21,75,-10,83
37230,85,48,12,71
37740,5,54,-8,79
38250,69,74,-1,80
38760,83,85,6,74
39270,65,50,-6,80
39780,79,15,1,79
40290,80,25,5,74
40800,96,66,0,74
41310,16,72,-5,79
41820,80,45,5,74
42330,0,51,-4,78
42840,64,71,-3,81
43350,78,82,6,75
43860,60,47,-13,88
44370,79,12,8,80
44880,63,83,-3,83
45390,77,54,7,76
45900,91,60,6,70
46410,3,66,-6,76
46920,67,86,-6,82
47430,72,57,4,78
47940,86,22,0,78
48450,0,84,-5,83
48960,64,48,3,80
49470,78,13,-4,84
49980,79,84,1,83
50490,61,95,-2,85
51000,9,35,2,83
51510,73,99,-3,86
52020,78,70,2,84
52530,60,35,0,84
53040,74,0,0,84
53550,75,71,-1,85
54060,89,82,10,75
54570,71,47,-3,78
55080,85,53,6,72
55590,99,59,-4,76
56100,19,65,-7,83
56610,83,38,9,74
57120,3,44,-12,86
57630,67,8,5,81
58140,68,79,6,75
58650,73,44,-1,76
59160,87,50,4,72
59670,7,56,-9,81
60180,71,76,-3,84
60690,85,87,2,82
61200,67,52,4,78
61710,81,17,7,71
62220,97,34,1,70
62730,17,54,-10,80
63240,81,53,3,77
63750,95,59,-2,79
64260,7,65,-3,82
64770,71,85,2,80
65280,76,56,0,80
65790,90,21,-3,83
66300,4,38,1,82
66810,68,2,-2,84
67320,69,73,1,83
67830,83,84,2,81
68340,65,95,-5,86
68850,70,66,5,81
69360,84,77,-2,83
69870,66,42,2,81
70380,80,48,5,76
70890,94,54,1,75
71400,14,60,-3,78
71910,78,80,-6,84
72420,60,91,2,82
72930,8,62,8,74
73440,72,82,-6,80
73950,54,47,-6,86
74460,68,58,5,81
74970,82,69,6,75
75480,96,75,-2,77
75990,78,81,-9,86
76500,60,92,4,82
77010,65,32,3,79
77520,81,38,10,69
78030,1,44,-12,81
78540,65,64,-1,82
79050,79,75,-1,83
79560,61,86,0,83
80070,66,92,0,83
80580,71,63,3,80
81090,85,28,3,77
81600,101,45,0,77
82110,21,51,-5,82
82620,2,15,6,76
83130,66,52,0,76
83640,80,17,1,75
84150,96,34,0,75
84660,16,51,-8,83
85170,80,50,11,72
85680,94,56,-4,76
86190,14,62,5,71
86700,78,2,-6,77
87210,60,73,-5,82
87720,42,84,-4,86
88230,92,56,13,73
88740,4,62,-7,80
89250,68,82,-4,84
89760,73,93,9,75
90270,55,64,-10,85
90780,37,75,1,84
91290,18,47,2,82
91800,13,9,-1,83
92310,8,20,5,78
92820,3,84,1,77
93330,86,48,2,75
93840,100,54,2,73
94350,82,60,-2,75
94860,96,66,-1,76
95370,78,72,-7,83
95880,60,83,3,80
96390,65,54,-3,83
96900,79,65,1,82
97410,93,30,1,81
97920,7,47,-4,85
98430,71,67,6,79
98940,53,78,-1,80
99450,58,84,-4,84
99960,85,90,3,81
100470,67,101,-3,84
100980,72,5,4,80
101490,56,76,-3,83
102000,70,47,4,79
102510,84,53,3,76
103020,98,59,-1,77
103530,80,65,-1,78
104040,94,71,4,74
104550,76,77,-8,82
105060,58,88,2,80
105570,63,2,2,78
106080,64,19,4,74
106590,65,36,-4,78
107100,79,42,1,77
107610,93,48,5,72
108120,75,54,-12,84
108630,89,60,11,73
109140,71,66,-13,86
109650,85,77,10,76
110160,67,88,-7,83
110670,72,59,0,83
111180,91,24,9,74
111690,5,41,-9,83
112200,69,32,6,77
112710,85,38,0,77
113220,101,44,7,70
113730,21,50,-13,83
114240,88,12,8,75
114750,70,29,-5,80
115260,86,35,6,74
115770,0,41,-8,82
116280,64,61,1,81
116790,78,72,-1,82
117300,60,83,-3,85
117810,74,84,1,84
118320,56,95,-1,85
118830,4,67,4,81
119340,68,87,-2,83
119850,50,93,-3,86
120360,100,99,5,81
120870,82,8,7,74
121380,64,79,-7,81
121890,69,80,-4,85
122400,51,91,6,79
122910,101,31,0,79
123420,83,48,7,72
123930,97,54,-6,78
124440,79,60,-7,85
124950,93,66,4,81
125460,75,72,-2,83
125970,57,83,1,82
126480,62,89,4,78
126990,67,95,0,78
127500,72,101,-7,85
128010,77,73,2,83
128520,91,84,3,80
129030,73,95,-5,85
129540,55,66,0,85
130050,69,77,7,78
130560,51,88,-11,89
131070,32,28,0,89
131580,51,39,11,78
132090,70,50,4,74
132600,84,56,0,74
133110,66,62,-6,80
133620,48,73,-5,85
134130,98,74,7,78
134640,6,80,-7,85
135150,70,44,10,75
135660,84,50,7,68
136170,66,56,-15,83
136680,80,67,7,76
137190,62,73,-12,88
137700,76,84,11,77
138210,58,95,-11,88
138720,6,35,8,80
139230,70,99,-4,84
139740,75,3,4,80
140250,57,74,-8,88
140760,39,75,0,88
141270,20,81,7,81
141780,84,21,1,80
142290,100,38,7,73
142800,82,44,-2,75
143310,52,50,-3,78
143820,71,61,1,77
144330,85,72,-6,83
144840,67,83,1,82
145350,81,84,4,78
145860,63,95,-4,82
146370,68,101,2,80
146880,73,5,2,78
147390,55,76,-6,84
147900,36,77,1,83
148410,17,83,6,77
148920,100,23,0,77
149430,82,40,-2,79
149940,98,46,6,73
150450,80,52,-6,79
150960,62,58,-5,84
151470,81,69,6,78
151980,63,80,-10,88
152490,77,91,10,78
153000,59,0,-4,82
153510,41,19,-5,87
154020,42,30,8,79
154530,61,41,-6,85
155040,80,47,10,75
155550,94,53,4,71
156060,76,59,-7,78
156570,90,65,3,75
157080,72,71,-12,87
157590,54,82,10,77
158100,59,83,-9,86
158610,40,84,5,81
159120,59,56,1,80
159630,78,18,9,71
160140,94,35,-6,77
160650,8,41,-3,80
161160,72,61,-6,86
161670,91,72,13,73
162180,73,78,-8,81
162690,55,89,1,80
163200,60,90,-2,82
163710,87,30,2,80
164220,69,47,3,77
164730,88,53,8,69
165240,70,59,-10,79
165750,89,70,-1,80
166260,71,76,-5,85
166770,85,87,5,80
167280,67,98,-2,82
167790,94,38,1,81
168300,8,44,4,77
168810,72,35,1,76
169320,86,41,5,71
169830,6,47,-7,78
170340,70,67,-6,84
170850,84,29,11,73
171360,100,35,-3,76
171870,20,39,-1,77
172380,15,1,-5,82
172890,99,26,5,77
173400,81,43,1,76
173910,63,49,-8,84
174420,82,11,0,84
174930,64,82,3,81
175440,46,83,-10,91
175950,96,84,11,80
176460,78,49,1,79
176970,92,55,5,74
177480,74,61,-9,83
177990,93,72,6,77
178500,75,94,0,77
179010,57,65,-6,83
179520,39,66,-1,84
180030,20,67,-1,85
180540,15,40,3,82
181050,10,2,5,77
181560,5,13,4,73
182070,0,24,0,73
182580,64,88,-6,79
183090,69,89,-1,80
183600,74,60,4,76
184110,56,25,0,76
184620,75,31,6,70
185130,91,37,-5,75
185640,11,43,-1,76
186150,75,5,-5,81
186660,59,76,1,80
187170,40,77,1,79
187680,90,83,0,79
188190,72,48,5,74
188700,91,54,0,74
189210,73,60,-3,77
189720,92,25,3,74
190230,12,96,-7,81
190740,95,45,3,78
191250,15,51,0,78
191760,98,24,-3,81
192270,80,95,-3,84
192780,62,4,8,76
193290,81,75,-6,82
193800,2,86,10,72
194310,83,50,-2,74
194820,97,56,4,70
195330,79,62,-6,76
195840,93,68,3,73
196350,75,74,-8,81
196860,6,85,4,77
197370,89,76,7,70
197880,71,82,-11,81
198390,53,93,-5,86
198900,1,99,10,76
199410,82,17,2,74
199920,64,88,-13,87
200430,78,59,14,73
200940,92,65,-3,76
201450,74,71,-6,82
201960,97,82,10,72
202470,79,88,-7,79
202980,61,99,-11,90
203490,9,39,8,82
204000,73,59,3,79
204510,92,24,-2,81
205020,74,95,1,80
205530,79,66,-4,84
206040,93,31,12,72
206550,49,5,-2,74
207060,50,76,-9,83
207570,100,77,8,75
208080,82,83,-7,82
208590,64,48,3,79
209100,83,13,-6,85
209610,65,84,3,82
210120,70,55,1,81
210630,84,20,2,79
211140,9,91,4,75
211650,90,46,0,75
212160,10,52,-2,77
212670,74,72,-8,85
213180,56,83,7,78
213690,61,89,-7,85
214200,66,90,6,79
214710,71,61,0,79
215220,94,26,-2,81
215730,14,0,-1,82
216240,98,25,5,77
216750,80,101,-4,81
217260,62,72,-7,88
217770,76,100,8,80
218280,58,71,0,80
218790,72,72,1,79
219300,54,73,1,78
219810,59,74,-7,85
220320,64,75,2,83
220830,69,86,0,83
221340,74,57,1,82
221850,93,22,9,73
222360,75,93,-4,77
222870,57,64,-4,81
223380,39,60,-7,88
223890,21,61,1,87
224400,16,16,5,82
224910,11,27,6,76
225420,6,91,-5,81
225930,87,40,3,78
226440,7,46,-8,86
226950,71,66,10,76
227460,94,67,1,75
227970,76,73,-9,84
228480,58,84,2,82
228990,63,85,-3,85
229500,68,86,4,81
230010,73,87,-2,83
230520,78,88,8,75
231030,60,53,-9,84
231540,79,64,1,83
232050,0,65,12,71
232560,64,56,-12,83
233070,83,67,11,72
233580,65,73,-13,85
234090,47,74,2,83
234600,52,75,-1,84
235110,57,76,5,79
235620,62,77,-3,82
236130,67,78,2,80
236640,72,79,-2,82
237150,77,90,-3,85
237660,82,91,1,84
238170,64,56,6,78
238680,83,57,-4,82
239190,0,63,2,80
239700,64,27,7,73
240210,80,1,-3,76
240720,62,72,-6,82
241230,67,84,0,82
241740,72,85,5,77
242250,77,86,-2,79
242760,59,51,-5,84
243270,78,62,5,79
243780,101,27,10,69
244290,21,1,-8,77
244800,3,26,-6,83
245310,67,27,8,75
245820,46,1,-6,81
246330,65,72,-6,87
246840,79,83,6,81
247350,61,84,-1,82
247860,75,85,-5,87
248370,80,96,2,85
248880,62,97,-2,87
249390,89,98,7,80
249900,71,63,-3,83
250410,94,25,2,81
250920,19,101,-5,86
251430,100,50,12,74
251940,82,56,-4,78
252450,96,62,13,65
252960,78,68,-20,85
253470,60,30,8,77
253980,79,36,-4,81
254490,58,10,1,80
255000,59,81,2,78
255510,64,82,4,74
256020,69,83,-11,85
256530,74,84,1,84
257040,97,85,7,77
257550,79,50,4,73
258060,93,56,2,71
258570,75,62,-7,78
259080,98,27,2,76
259590,80,1,-3,79
260100,62,72,0,79
260610,67,73,-6,85
261120,84,74,6,79
261630,56,36,5,74
262140,75,37,-2,76
262650,89,11,-1,77
263160,71,82,1,76
263670,53,83,-4,80
264180,80,84,-3,83
264690,62,85,-5,88
265200,89,86,6,82
265710,10,87,-2,84
266220,19,36,11,73
266730,14,100,-11,84
267240,95,49,12,72
267750,77,55,-1,73
268260,59,61,-9,82
268770,87,23,4,78
269280,12,99,-1,79
269790,93,48,7,72
270300,75,54,-3,75
270810,89,55,2,73
271320,71,61,-7,80
271830,90,23,6,74
272340,15,99,-4,78
272850,96,48,-1,79
273360,16,22,-2,81
273870,11,33,6,75
274380,6,97,-5,80
274890,87,46,10,70
275400,69,52,-8,78
275910,83,14,5,73
276420,65,85,-16,89
276930,70,86,6,83
277440,52,87,2,81
277950,57,88,-1,82
278460,84,89,2,80
278970,66,90,-8,88
279480,71,91,7,81
279990,76,92,-3,84
280500,58,93,6,78
281010,63,94,-6,84
281520,90,95,7,77
282030,72,96,-8,85
282540,77,97,-5,90
283050,59,98,11,79
283560,64,99,-3,82
284070,69,100,-9,91
284580,96,101,10,81
285090,78,0,4,77
285600,60,71,-7,84
286110,42,72,-5,89
286620,61,73,9,80
287130,66,74,0,80
287640,71,75,-2,82
288150,53,76,2,80
288660,58,77,-3,83
289170,72,78,3,80
289680,54,79,-12,92
290190,59,80,11,81
290700,64,81,1,80
291210,69,82,-3,83
291720,51,83,3,80
292230,56,84,-4,84
292740,83,85,4,80
293250,65,86,-8,88
293760,70,87,2,86
294270,75,58,7,79
294780,98,59,3,76
295290,80,65,-2,78
295800,1,66,1,77
296310,65,86,-5,82
296820,70,87,-1,83
297330,75,88,-1,84
297840,57,89,0,84
298350,62,90,2,82
298860,67,91,1,81
299370,72,92,6,75
299880,77,63,0,75
300390,59,64,-5,80
300900,64,65,-2,82
301410,87,66,8,74
301920,69,67,-5,79
302430,51,68,-4,83
302940,56,69,3,80
303450,99,70,7,73
303960,81,44,-2,75
304470,95,18,0,75
304980,77,89,-7,82
305490,59,90,-4,86
306000,64,91,7,79
306510,69,92,-3,82
307020,74,93,0,82
307530,56,94,-2,84
308040,84,95,4,80
308550,66,96,-3,83
309060,71,97,5,78
309570,76,98,0,78
310080,81,69,-1,79
310590,2,70,-1,80
311100,66,19,6,74
311610,79,95,-6,80
312120,61,96,-6,86
312630,66,97,6,80
313140,71,71,-5,85
313650,94,72,11,74
314160,76,46,-6,80
314670,99,52,7,73
315180,19,82,0,73
315690,100,37,-4,77
316200,20,11,-3,80
316710,2,22,0,80
317220,66,23,4,76
317730,92,99,-10,86
318240,74,100,6,80
318750,79,101,5,75
319260,61,72,-7,82
319770,43,73,1,81
320280,71,45,0,81
320790,94,46,4,77
321300,14,20,0,77
321810,9,31,-4,81
322320,8,95,-2,83
322830,89,44,6,77
323340,9,18,3,74
323850,4,29,-1,75
324360,68,30,3,72
324870,90,4,-3,75
325380,72,75,-9,84
325890,95,86,5,79
326400,77,51,-1,80
326910,100,57,2,78
327420,82,31,3,75
327930,61,5,-2,77
328440,87,76,-1,78
328950,8,77,2,76
329460,72,26,7,69
329970,94,0,-10,79
330480,76,71,-3,82
330990,58,72,3,79
331500,72,73,-3,82
332010,54,84,-5,87
332520,82,85,3,84
333030,64,96,5,79
333540,69,97,0,79
334050,74,98,-6,85
334560,79,99,4,81
335070,61,100,-4,85
335580,88,101,12,73
336090,70,72,-6,79
336600,93,83,4,75
337110,75,48,3,72
337620,98,22,-4,76
338130,80,98,-5,81
338640,62,99,4,77
339150,67,39,3,74
339660,90,45,3,71
340170,72,19,-6,77
340680,98,95,0,77
341190,80,60,2,75
341700,1,78,-2,77
342210,82,27,-1,78
342720,61,1,-2,80
343230,87,72,-3,83
343740,8,78,3,80
344250,89,27,5,75
344760,9,1,-5,80
345270,4,26,2,78
345780,68,27,1,77
346290,94,1,-4,81
346800,76,72,3,78
347310,58,73,-4,82
347820,81,74,0,82
348330,63,85,-1,83
348840,44,86,2,81
349350,63,26,7,74
349860,89,0,0,74
350370,71,71,-10,84
350880,94,82,6,78
351390,76,47,7,71
351900,99,53,-2,73
352410,20,59,-8,81
352920,1,33,10,71
353430,65,53,-15,86
353940,88,18,8,78
354450,70,94,-4,82
354960,75,65,2,80
355470,98,66,5,75
355980,80,72,-7,82
356490,1,83,2,80
357000,82,32,3,77
357510,2,6,-1,78
358020,66,17,2,76
358530,92,88,-3,79
359040,74,53,4,75
359550,28,59,-11,86
360060,9,60,12,74
360570,73,80,-10,84
361080,96,45,9,75
361590,17,19,-3,78
362100,101,30,5,73
362610,83,4,-4,77
363120,65,75,-9,86
363630,93,76,7,79
364140,75,82,0,79
364650,57,83,-5,84
365160,37,84,0,84
365670,101,58,-3,87
366180,83,64,10,77
366690,4,70,2,75
367200,68,90,-6,81
367710,50,61,3,78
368220,32,62,-3,81
368730,51,63,0,81
369240,74,74,1,80
369750,97,39,0,80
370260,79,89,-5,85
370770,61,54,4,81
371280,89,65,10,71
371790,71,39,0,71
372300,94,13,-8,79
372810,76,84,-8,87
373320,58,85,5,82
373830,86,91,1,81
374340,68,56,1,80
374850,91,21,7,73
375360,73,97,-7,80
375870,55,68,3,77
376380,83,69,-6,83
376890,4,34,6,77
377400,68,54,-3,80
377910,87,19,2,78
378420,69,95,-1,79
378930,74,66,0,79
379440,97,77,0,79
379950,79,83,-3,82
380460,61,94,-2,84
380970,89,34,7,77
381480,9,8,-10,87
381990,4,19,7,80
382500,68,30,6,74
383010,94,4,-12,86
383520,76,75,6,80
384030,58,86,-9,89
384540,86,87,9,80
385050,68,52,1,79
385560,87,17,5,74
386070,90,88,-7,81
386580,72,53,4,77
387090,95,59,-1,78
387600,82,33,5,73
388110,2,7,-7,80
388620,66,18,1,79
389130,92,89,1,78
389640,74,54,-2,80
390150,97,19,0,80
390660,79,90,3,77
391170,61,55,-5,82
391680,89,66,8,74
392190,10,40,-3,77
392700,74,2,-5,82
393210,56,73,-4,86
393720,42,74,1,85
394230,61,75,5,80
394740,89,46,8,72
395250,10,20,-9,81
395760,5,31,7,74
396270,69,95,-12,86
396780,74,66,1,85
397290,97,77,9,76
397800,79,42,4,72
398310,0,16,1,71
398820,64,17,-7,78
399330,90,88,-6,84
399840,11,99,1,83
400350,92,48,10,73
400860,74,22,-5,78
401370,100,98,-6,84
401880,82,63,5,79
402390,47,28,-2,81
402900,66,39,6,75
403410,93,45,1,74
403920,14,19,-6,80
404430,9,30,3,77
404940,8,94,-5,82
405450,89,43,10,72
405960,9,63,-11,83
406470,73,83,0,83
406980,96,94,7,76
407490,78,59,-1,77
408000,101,24,6,71
408510,83,100,-10,81
409020,65,71,0,81
409530,47,72,-8,89
410040,81,73,8,81
410550,63,84,5,76
411060,43,61,-14,90
411570,77,62,12,78
412080,100,27,0,78
412590,79,1,1,77
413100,61,72,-7,84
413610,89,83,5,79
414120,71,94,-4,83
414630,53,65,1,82
415140,33,66,-4,86
415650,52,28,12,74
416160,71,2,-7,81
416670,55,73,-3,84
417180,82,74,4,80
417690,3,85,5,75
418200,84,34,3,72
418710,4,8,-7,79
419220,68,19,4,75
419730,94,95,2,73
420240,76,55,-6,79
420750,99,61,3,76
421260,20,67,-3,79
421770,1,87,-1,80
422280,82,36,8,72
422790,2,56,-1,73
423300,66,76,-15,88
423810,46,87,0,88
424320,24,59,0,88
424830,19,21,7,81
425340,14,32,4,77
425850,9,96,-8,85
426360,90,45,16,69
426870,11,65,-11,80
427380,75,85,2,78
427890,57,96,-7,85
428400,85,68,8,77
428910,6,74,-2,79
429420,70,23,1,78
429930,96,99,-2,80
430440,78,64,-5,85
430950,101,29,14,71
431460,81,3,-11,82
431970,63,74,1,81
432480,91,85,2,79
432990,12,96,-3,82
433500,93,45,6,76
434010,14,65,-2,78
434520,78,85,-9,87
435030,60,96,3,84
435540,88,15,9,75
436050,70,86,-4,79
436560,75,97,-4,83
437070,98,68,8,75
437580,19,74,-8,83
438090,0,29,4,79
438600,64,30,0,79
439110,90,4,-4,83
439620,72,75,1,82
440130,95,86,-1,83
440640,77,51,6,77
441150,100,57,2,75
441660,21,63,-5,80
442170,2,37,6,74
442680,66,88,-8,82
443190,89,59,8,74
443700,10,65,-9,83
444210,74,85,-2,85
444720,56,86,4,81
445230,79,65,5,76
445740,0,30,0,76
446250,64,31,2,74
446760,90,5,-9,83
447270,72,76,2,81
447780,95,90,0,81
448290,16,101,-5,86
448800,97,50,9,77
449310,17,56,-4,81
449820,81,76,-5,86
450330,2,87,10,76
450840,83,36,1,75
451350,3,10,-7,82
451860,67,21,5,77
452370,93,97,-1,78
452880,75,62,-2,80
453390,98,73,3,77
453900,19,79,2,75
454410,68,34,-4,79
454920,94,8,5,74
455430,76,79,-8,82
455940,99,90,6,76
456450,20,101,-9,85
456960,101,50,16,69
457470,21,56,-10,79
457980,2,30,11,68
458490,66,94,-14,82
459000,89,73,7,75
459510,10,79,-7,82
460020,91,28,4,78
460530,11,2,1,77
461040,95,13,1,76
461550,77,84,-5,81
462060,59,95,-3,84
462570,86,67,8,76
463080,7,32,2,74
463590,71,96,-12,86
464100,94,75,14,72
464610,15,81,-3,75
465120,96,101,1,74
465630,78,66,-5,79
466140,101,31,2,77
466650,21,5,-7,84
467160,40,30,-1,85
467670,59,41,6,79
468180,78,52,3,76
468690,17,58,-3,79
469200,12,78,-4,83
469710,76,27,11,72
470220,55,1,-7,79
470730,81,72,-1,80
471240,2,83,1,79
471750,83,9,4,75
472260,65,80,-8,83
472770,47,91,-4,87
473280,66,63,-1,88
473790,85,74,10,78
474300,67,39,1,77
474810,93,13,-1,78
475320,75,84,-4,82
475830,57,95,-1,83
476340,80,67,2,81
476850,1,32,4,77
477360,65,96,-1,78
477870,88,42,6,72
478380,8,16,-7,79
478890,3,27,5,74
479400,67,96,-6,80
479910,72,68,-11,91
480420,95,79,15,76
480930,77,44,-2,78
481440,16,50,-1,79
481950,11,12,1,78
482460,37,23,-4,82
482970,56,34,7,75
483480,97,45,1,74
483990,17,65,-5,79
484500,100,85,-2,81
485010,82,101,5,76
485520,64,72,-19,95
486030,87,83,13,82
486540,8,94,10,72
487050,89,43,0,72
487560,9,17,-8,80
488070,4,28,1,79
488580,68,92,-3,82
489090,50,63,-1,83
489600,69,74,7,76
490110,51,85,-2,78
490620,70,57,-5,83
491130,89,68,11,72
491640,10,74,-12,84
492150,74,23,12,72
492660,53,64,-9,81
493170,33,75,2,79
493680,14,49,0,79
494190,78,11,5,74
494700,2,82,-8,82
495210,66,31,4,78
495720,92,5,4,74
496230,74,76,-9,83
496740,97,87,4,79
497250,79,98,0,79
497760,61,69,-9,88
498270,80,80,7,81
498780,1,91,3,78
499290,82,40,4,74
499800,2,14,-1,75
500310,66,25,-2,77
500820,92,66,4,73
501330,13,40,-4,77
501840,8,2,-4,81
502350,3,13,3,78
502860,67,24,2,76
503370,93,100,-2,78
503880,75,9,-5,83
504390,101,80,2,81
504900,83,26,7,74
505410,87,67,0,74
505920,69,13,-1,75
506430,95,84,-6,81
506940,16,95,-2,83
507450,97,44,9,74
507960,17,18,-4,78
508470,12,29,3,75
508980,98,93,-8,83
509490,80,2,3,80
510000,62,73,-1,81
510510,42,84,-5,86
511020,76,56,13,73
511530,99,38,-12,85
512040,19,79,4,81
512550,83,28,4,77
513060,62,69,-4,81
513570,85,80,-1,82
514080,6,91,2,80
514590,87,40,7,73
515100,7,14,-6,79
515610,2,25,-2,81
516120,66,26,1,80
516630,92,67,5,75
517140,13,13,1,74
517650,8,24,-3,77
518160,72,88,-7,84
518670,54,99,1,83
519180,88,71,9,74
519690,9,53,-3,77
520200,73,73,1,76
520710,96,84,-12,88
521220,78,95,7,81
521730,60,77,-6,87
522240,55,78,-6,93
522750,89,79,15,78
523260,71,90,-1,79
523770,53,69,-8,87
524280,34,70,2,85
524790,15,32,8,77
525300,10,96,-8,85
525810,91,45,8,77
526320,11,19,1,76
526830,6,83,-2,78
527340,70,32,4,74
527850,9,6,-4,78
528360,4,17,-3,81
528870,68,18,8,73
529380,94,59,-5,78
529890,15,33,0,78
530400,10,97,-5,83
530910,91,46,4,79
531420,11,20,-2,81
531930,6,31,5,76
532440,70,95,-5,81
532950,75,77,4,77
533460,98,88,3,74
533970,80,50,-3,77
534480,1,25,-7,84
534990,65,26,6,78
535500,44,67,-10,88
536010,78,29,17,71
536520,57,3,-10,81
537030,58,74,2,79
537540,38,75,0,79
538050,72,47,8,71
538560,11,22,-8,79
539070,6,86,-7,86
539580,70,35,12,74
540090,97,9,-4,78
540600,79,21,1,77
541110,58,62,-2,79
541620,40,73,-5,84
542130,74,45,3,81
542640,97,20,7,74
543150,79,37,-2,76
543660,7,78,0,76
544170,71,27,0,76
544680,50,68,-8,84
545190,32,69,1,83
545700,13,31,0,83
546210,8,95,-1,84
546720,72,44,3,81
547230,11,19,2,79
547740,6,30,5,74
548250,70,94,-9,83
548760,50,65,0,83
549270,32,66,1,82
549780,13,28,6,76
550290,8,92,-10,86
550800,72,41,10,76
551310,0,15,-1,77
551820,64,16,-1,78
552330,43,57,-10,88
552840,22,68,4,84
553350,3,42,-2,86
553860,67,62,-1,87
554370,90,73,12,75
554880,72,55,-5,80
555390,11,17,0,80
555900,6,28,7,73
556410,70,92,-17,90
556920,9,71,4,86
557430,73,62,10,76
557940,96,73,-1,77
558450,78,55,-1,78
558960,101,37,-1,79
559470,80,11,2,77
559980,62,82,-6,83
560490,44,83,-4,87
561000,78,55,11,76
561510,101,37,-5,81
562020,80,78,1,80
562530,62,89,-7,87
563040,67,90,7,80
563550,49,61,-1,81
564060,31,62,-7,88
564570,12,24,8,80
565080,7,88,2,78
565590,88,37,3,75
566100,8,78,-10,85
566610,72,27,9,76
567120,51,68,-12,88
567630,85,69,11,77
568140,67,34,0,77
568650,46,8,-7,84
569160,26,27,4,80
569670,8,38,-8,88
570180,72,0,9,79
570690,54,19,7,72
571200,33,60,-14,86
571710,67,15,9,77
572220,47,7,-12,89
572730,48,36,2,87
573240,67,47,17,70
573750,6,53,-11,81
574260,70,69,1,80
574770,93,80,-2,82
575280,75,45,4,78
575790,98,19,2,76
576300,80,38,1,75
576810,0,27,4,71
577320,64,28,-8,79
577830,43,69,-6,85
578340,77,70,-2,87
578850,100,81,13,74
579360,82,27,3,71
579870,61,90,-8,79
580380,84,91,-7,86
580890,66,0,8,78
581400,48,19,-6,84
581910,27,48,1,83
582420,8,10,3,80
582930,3,21,6,74
583440,67,46,-10,84
583950,6,57,6,78
584460,70,77,-4,82
584970,93,88,3,79
585480,75,99,5,74
585990,57,18,-4,78
586500,36,59,-7,85
587010,70,60,3,82
587520,93,71,4,78
588030,14,17,6,72
588540,9,28,-2,74
589050,4,92,-5,79
589560,85,41,0,79
590070,5,30,0,79
590580,69,31,4,75
591090,48,72,-3,78
591600,53,44,3,75
592110,72,55,-3,78
592620,11,37,0,78
593130,75,101,1,77
593640,57,20,3,74
594150,37,61,-8,82
594660,71,33,7,75
595170,10,74,-6,81
595680,74,94,2,79
596190,56,34,0,79
596700,97,45,0,79
597210,17,34,3,76
597720,12,98,-7,83
598230,93,47,12,71
598740,13,67,-8,79
599250,77,7,-2,81
599760,59,26,2,79
600270,39,67,-2,81
600780,73,39,2,79
601290,53,14,-3,82
601800,33,33,-6,88
602310,15,44,2,86
602820,10,6,5,81
603330,5,17,12,69
603840,69,42,-7,76
604350,8,17,-1,77
604860,3,28,1,76
605370,67,29,-2,78
605880,89,70,3,75
606390,71,16,-3,78
606900,97,57,5,73
607410,17,32,-2,75
607920,12,96,-9,84
608430,93,45,12,72
608940,13,34,-5,77
609450,8,98,-4,81
609960,89,47,9,72
610470,9,22,-5,77
610980,4,86,-7,84
611490,68,35,-1,85
612000,7,64,2,83
612510,71,56,13,70
613020,94,63,-10,80
613530,15,38,0,80
614040,10,0,-6,86
614550,5,49,8,78
615060,69,69,-4,82
615570,92,80,9,73
616080,74,45,1,72
616590,97,20,-7,79
617100,79,61,0,79
617610,0,23,5,74
618120,64,24,-1,75
618630,43,65,-9,84
619140,77,66,5,79
619650,59,77,-4,83
620160,41,56,1,82
620670,23,57,-2,84
621180,18,19,7,77
621690,0,30,-2,79
622200,64,21,-2,81
622710,43,62,-6,87
623220,77,41,13,74
623730,99,16,2,72
624240,81,33,2,70
624750,1,74,-11,81
625260,65,23,7,74
625770,44,64,-10,84
626280,26,92,5,79
626790,5,47,-2,81
627300,69,67,-5,86
627810,92,78,15,71
628320,74,57,-4,75
628830,97,36,-7,82
629340,17,77,3,79
629850,81,26,5,74
630360,1,67,-3,77
630870,65,87,-2,79
631380,4,66,1,78
631890,68,86,1,77
632400,50,65,-4,81
632910,32,44,-2,83
633420,14,45,2,81
633930,9,7,-4,85
634440,4,61,9,76
634950,68,81,0,76
635460,50,60,-4,80
635970,32,71,-6,86
636480,13,43,7,79
636990,8,34,7,72
637500,72,98,-13,85
638010,54,77,3,82
638520,36,56,-4,86
639030,70,57,17,69
639540,93,3,-15,84
640050,75,22,8,76
640560,97,63,8,68
641070,17,38,-13,81
641580,12,0,3,78
642090,96,49,2,76
642600,25,69,-6,82
643110,6,24,3,79
643620,70,88,-2,81
644130,52,67,0,81
644640,34,68,0,81
645150,11,30,1,80
645660,6,94,-2,82
646170,87,49,8,74
646680,7,24,-2,76
647190,2,88,-7,83
647700,66,37,1,82
648210,5,66,6,76
648720,69,86,0,76
649230,51,65,-5,81
649740,33,66,-2,83
650250,14,28,3,80
650760,9,92,2,78
651270,90,41,0,78
651780,10,82,-1,79
652290,74,37,6,73
652800,96,78,1,72
653310,78,24,-5,77
653820,100,65,0,77
654330,20,40,-3,80
654840,15,2,3,77
655350,99,27,-3,80
655860,81,68,2,78
656370,63,30,4,74
656880,4,71,-10,84
657390,68,20,10,74
657900,90,61,-2,76
658410,72,7,-2,78
658920,56,78,-6,84
659430,38,57,-3,87
659940,72,29,18,69
660450,94,41,-12,81
660960,14,82,5,76
661470,78,37,-3,79
661980,17,78,-1,80
662490,81,33,11,69
663000,1,74,-12,81
663510,65,23,5,76
664020,6,64,-4,80
664530,70,84,-5,85
665040,52,63,0,85
665550,34,42,-3,88
666060,16,53,6,82
666570,80,8,0,82
667080,62,79,0,82
667590,44,58,-5,87
668100,26,37,3,84
668610,8,101,2,82
669120,72,50,0,82
669630,54,57,3,79
670140,36,68,-6,85
670650,70,40,6,79
671160,9,62,-1,80
671670,73,82,2,78
672180,55,61,-2,80
672690,37,68,0,80
673200,18,40,3,77
673710,13,2,-2,79
674220,97,27,8,71
674730,83,68,-5,76
675240,65,47,-2,78
675750,4,54,3,75
676260,68,74,-8,83
676770,50,53,-2,85
677280,32,64,6,79
677790,13,36,0,79
678300,8,100,0,79
678810,89,49,1,78
679320,9,90,-3,81
679830,73,39,9,72
680340,53,80,-6,78
680850,76,59,1,77
681360,58,38,-2,79
681870,92,45,3,76
682380,74,86,-7,83
682890,56,65,-2,85
683400,38,44,8,77
683910,20,6,-7,84
684420,2,31,11,73
684930,66,51,-3,76
685440,5,58,-3,79
685950,69,78,-3,82
686460,51,57,-2,84
686970,74,64,2,82
687480,56,26,1,81
687990,36,67,-4,85
688500,70,39,9,76
689010,9,80,0,76
689520,73,29,0,76
690030,12,70,0,76
690540,76,90,-4,80
691050,58,69,-2,82
691560,40,48,-3,85
692070,22,10,1,84
692580,17,21,3,81
693090,12,32,1,80
693600,7,96,1,79
694110,88,45,5,74
694620,8,34,1,73
695130,72,25,0,73
695640,11,66,-8,81
696150,75,86,4,77
696660,57,65,-6,83
697170,39,44,-5,88
697680,21,55,11,77
698190,2,17,-1,78
698700,66,4,-2,80
699210,48,75,-5,85
699720,82,47,3,82
700230,96,67,5,77
700740,78,13,3,74
701250,60,84,-9,83
701760,42,63,-4,87
702270,76,42,6,81
702780,90,83,-2,83
703290,72,45,7,76
703800,11,67,-3,79
704310,75,87,-2,81
704820,57,66,-5,86
705330,39,45,-1,87
705840,73,7,9,78
706350,55,78,-6,84
706860,37,57,0,84
707370,71,19,7,77
707880,51,60,-9,86
708390,33,39,-2,88
708900,28,1,6,82
709410,10,30,-2,84
709920,5,94,2,82
710430,86,43,8,74
710940,14,84,-10,84
711450,95,33,11,73
711960,23,74,-13,86
712470,18,29,12,74
712980,13,93,-2,76
713490,94,42,2,74
714000,76,83,-4,78
714510,58,62,-11,89
715020,40,24,4,85
715530,22,31,4,81
716040,17,95,-7,88
716550,100,44,9,79
717060,82,85,-1,80
717570,64,64,1,79
718080,46,26,-5,84
718590,65,33,8,76
719100,99,74,1,75
719610,81,20,-1,76
720120,63,61,-4,80
720630,77,23,8,72
721140,93,64,-7,79
721650,75,10,1,78
722160,57,81,-5,83
722670,91,60,6,77
723180,73,35,0,77
723690,1,76,4,73
724200,82,96,-5,78
724710,64,75,-3,81
725220,46,54,0,81
725730,28,16,-4,85
726240,10,27,11,74
726750,5,91,-13,87
727260,86,22,11,76
727770,68,63,-7,83
728280,50,25,-2,85
728790,65,66,-5,90
729300,47,28,15,75
729810,66,35,2,73
730320,96,76,-4,77
730830,78,55,0,77
731340,92,34,-2,79
731850,20,75,4,75
732360,1,95,1,74
732870,82,50,0,74
733380,64,91,-10,84
733890,46,70,0,84
734400,80,49,5,79
734910,89,90,-3,82
735420,71,72,0,82
735930,53,34,-2,84
736440,72,41,7,77
736950,0,82,-3,80
737460,64,37,0,80
737970,98,78,7,73
738480,80,57,-5,78
738990,94,19,3,75
739500,76,60,1,74
740010,90,22,-11,85
740520,72,63,6,79
741030,54,25,3,76
741540,69,66,-8,84
742050,51,28,3,81
742560,70,69,-4,85
743070,52,76,-2,87
743580,86,55,7,80
744090,95,75,6,74
744600,77,54,-7,81
745110,91,76,1,80
745620,73,55,5,75
746130,87,17,-12,87
746640,19,58,10,77
747150,14,78,1,76
747660,95,33,5,71
748170,77,74,-12,83
748680,59,56,3,80
749190,41,18,-6,86
749700,21,25,4,82
750210,16,36,-2,84
750720,11,100,3,81
751230,92,55,6,75
751740,74,96,-5,80
752250,56,75,-5,85
752760,38,54,0,85
753270,72,33,12,73
753780,0,74,-5,78
754290,81,29,3,75
754800,11,70,-6,81
755310,75,90,-2,83
755820,57,69,2,81
756330,71,48,1,80
756840,3,30,2,78
757350,67,21,3,75
757860,101,62,2,73
758370,83,82,-13,86
758880,65,44,12,74
759390,95,6,-4,78
759900,77,18,4,74
760410,59,59,-10,84
760920,41,21,-4,88
761430,36,28,-2,90
761940,31,39,6,84
762450,26,46,-3,87
762960,21,8,-8,95
763470,16,33,12,83
763980,11,97,5,78
764490,92,52,4,74
765000,74,72,-3,77
765510,56,34,-2,79
766020,90,98,-2,81
766530,72,80,-12,93
767040,54,42,9,84
767550,88,4,2,82
768060,70,75,0,82
768570,52,54,1,81
769080,34,16,-1,82
769590,53,23,5,77
770100,87,64,-1,78
770610,69,26,5,73
771120,101,67,-6,79
771630,83,41,8,71
772140,11,82,-10,81
772650,75,37,3,78
773160,3,78,-3,81
773670,67,33,6,75
774180,59,74,-9,84
774690,41,53,4,80
775200,23,32,-2,82
775710,18,39,2,80
776220,13,1,0,80
776730,8,26,8,72
777240,3,90,-7,79
777750,84,45,7,72
778260,66,65,-13,85
778770,48,27,-2,87
779280,67,34,11,76
779790,97,75,-7,83
780300,17,57,6,77
780810,100,77,2,75
781320,82,23,5,70
781830,64,64,-8,78
782340,46,26,-2,80
782850,65,33,4,76
783360,78,74,-3,79
783870,60,14,3,76
784380,40,55,-5,81
784890,22,34,2,79
785400,69,98,-4,83
785910,51,70,0,83
786420,33,49,3,80
786930,15,11,-6,86
787440,10,22,-7,93
787950,5,29,14,79
788460,4,63,5,74
788970,68,83,-3,77
789480,50,62,-4,81
789990,32,24,5,76
790500,51,88,-7,83
791010,85,60,6,77
791520,67,22,-1,78
792030,80,63,2,76
792540,62,25,-2,78
793050,75,66,-2,80
793560,57,28,-1,81
794070,76,69,-3,84
794580,58,31,7,77
795090,71,60,1,76
795600,53,22,-7,83
796110,33,63,2,81
796620,14,35,3,78
797130,9,99,1,77
797640,90,54,0,77
798150,72,74,-3,80
798660,54,36,3,77
799170,73,100,-2,79
799680,69,19,4,75
800190,11,60,-3,78
800700,75,80,-7,85
801210,57,42,9,76
801720,76,4,0,76
802230,58,16,3,73
802740,38,57,-9,82
803250,19,36,2,80
803760,14,100,1,79
804270,95,55,3,76
804780,77,75,-4,80
805290,59,37,-3,83
805800,39,101,-1,84
806310,58,56,5,79
806820,28,18,-4,83
807330,47,25,8,75
807840,60,54,-5,80
808350,61,16,5,75
808860,68,57,-6,81
809370,87,19,6,75
809880,69,60,-6,81
810390,51,22,0,81
810900,70,63,0,81
811410,89,25,-1,82
811920,65,66,-4,86
812430,45,28,5,81
812940,64,35,9,72
813450,77,76,-9,81
813960,59,38,1,80
814470,78,0,-1,81
814980,60,12,0,81
815490,40,24,-6,87
816000,35,31,-3,90
816510,30,95,0,90
817020,11,50,6,84
817530,75,41,13,71
818040,96,15,-4,75
818550,78,27,4,71
819060,8,68,-7,78
819570,72,88,-3,81
820080,54,67,-2,83
820590,36,29,-4,87
821100,55,93,6,81
821610,74,65,-2,83
822120,93,27,11,72
822630,27,68,-7,79
823140,8,23,2,77
823650,3,87,-1,78
824160,84,42,6,72
824670,12,31,-2,74
825180,7,95,-7,81
825690,88,50,0,81
826200,16,33,7,74
826710,49,97,-8,82
827220,83,69,5,77
827730,65,10,-2,79
828240,91,22,0,79
828750,14,63,0,79
829260,97,83,4,75
829770,79,45,6,69
830280,7,65,-6,75
830790,71,85,-11,86
831300,99,64,13,73
831810,6,38,-6,79
832320,70,29,8,71
832830,100,70,-5,76
833340,7,44,-1,77
833850,71,64,-5,82
834360,53,26,2,80
834870,66,45,0,80
835380,85,7,-2,82
835890,69,19,6,76
836400,94,60,5,71
836910,1,34,-2,73
837420,65,25,-6,79
837930,78,66,-3,82
838440,97,28,8,74
838950,31,69,-11,85
839460,12,31,4,81
839970,7,95,2,79
840480,88,50,4,75
840990,16,70,-3,78
841500,99,90,2,76
842010,81,52,-3,79
842520,90,26,2,77
843030,13,67,-3,80
843540,77,22,5,75
844050,0,63,-6,81
844560,64,54,-2,83
845070,83,16,7,76
845580,100,28,0,76
846090,34,69,-5,81
846600,68,41,3,78
847110,0,15,-4,82
847620,64,40,4,78
848130,98,2,2,76
848640,80,14,1,75
849150,3,26,-4,79
849660,67,51,1,78
850170,86,13,3,75
850680,9,25,-3,78
851190,4,89,-3,81
851700,85,44,5,76
852210,13,64,-4,80
852720,77,84,-2,82
853230,59,24,3,79
853740,66,65,-8,87
854250,100,27,15,72
854760,34,68,-10,82
855270,68,30,1,81
855780,75,71,1,80
856290,98,33,2,78
856800,21,74,-6,84
857310,2,65,5,79
857820,66,56,-5,84
858330,85,18,8,76
858840,8,30,-4,80
859350,3,94,-3,83
859860,84,34,9,74
860370,7,23,-5,79
860880,2,87,4,75
861390,83,42,2,73
861900,11,62,-5,78
862410,75,53,-3,81
862920,94,15,4,77
863430,17,27,1,76
863940,12,91,-6,82
864450,93,46,9,73
864960,21,66,-7,80
865470,16,21,1,79
865980,11,85,1,78
866490,92,40,8,70
867000,12,29,-13,83
867510,7,93,5,78
868020,73,48,2,76
868530,82,10,-3,79
869040,5,22,3,76
869550,0,21,1,75
870060,64,12,-2,77
870570,89,24,-5,82
871080,12,36,5,77
871590,7,100,-9,86
872100,88,40,17,69
872610,16,60,-10,79
873120,11,41,-3,82
873630,6,3,-3,85
874140,1,57,9,76
874650,65,48,-2,78
875160,84,31,7,71
875670,7,20,-10,81
876180,2,84,-4,85
876690,83,39,10,75
877200,90,28,2,73
877710,13,17,-6,79
878220,8,28,1,78
878730,3,92,-4,82
879240,84,41,6,76
879750,91,61,8,68
880260,100,35,-12,80
880770,23,24,5,75
881280,18,35,-2,77
881790,13,99,-9,86
882300,94,39,15,71
882810,101,59,-1,72
883320,21,79,-7,79
883830,2,34,3,76
884340,66,54,-2,78
884850,85,16,1,77
885360,8,28,-5,82
885870,3,92,1,81
886380,84,41,9,72
886890,91,30,-12,84
887400,14,47,5,79
887910,9,38,-2,81
888420,4,29,10,71
888930,68,20,-3,74
889440,75,32,2,72
889950,82,52,-2,74
890460,91,14,-1,75
890970,14,26,1,74
891480,9,90,-2,76
891990,90,39,3,73
892500,97,59,2,71
893010,17,79,-8,79
893520,98,34,5,74
894030,21,54,-1,75
894540,16,16,-6,81
895050,11,27,2,79
895560,6,91,0,79
896070,87,40,0,79
896580,94,60,4,75
897090,1,80,-2,77
897600,82,20,3,74
898110,5,32,-4,78
898620,69,57,-3,81
899130,88,19,7,74
899640,11,31,-7,81
900150,6,95,-5,86
900660,87,44,12,74
901170,94,64,3,71
901680,14,7,-12,83
902190,9,18,2,81
902700,4,82,1,80
903210,85,31,9,71
903720,92,51,-2,73
904230,12,71,-5,78
904740,76,91,-4,82
905250,58,31,8,74
905760,87,53,4,70
906270,7,73,-8,78
906780,71,64,-4,82
907290,66,26,3,79
907800,73,46,-1,80
908310,80,8,0,80
908820,3,20,12,68
909330,67,84,-17,85
909840,49,63,-4,89
910350,44,25,2,87
910860,63,32,11,76
911370,70,51,-1,77
911880,77,13,-2,79
912390,0,25,4,75
912900,64,16,4,71
913410,71,33,-7,78
913920,78,53,0,78
914430,87,15,1,77
914940,10,27,0,77
915450,5,91,1,76
915960,86,82,-8,84
916470,68,44,8,76
916980,0,6,1,75
917490,64,60,-1,76
918000,69,22,2,74
918510,76,39,-3,77
919020,83,13,2,75
919530,6,25,-2,77
920040,70,89,-4,81
920550,52,29,-3,84
921060,71,93,2,82
921570,53,33,-3,85
922080,72,97,-5,90
922590,77,37,18,72
923100,84,57,-2,74
923610,93,19,0,74
924120,16,36,-8,82
924630,11,100,2,80
925140,92,49,8,72
925650,20,69,-7,79
926160,15,42,3,76
926670,10,4,-8,84
927180,5,58,8,76
927690,69,78,-6,82
928200,51,60,-10,92
928710,85,22,17,75
929220,8,39,-7,82
929730,72,30,13,69
930240,79,50,-6,75
930750,88,72,-4,79
931260,70,34,6,73
931770,77,54,-7,80
932280,86,16,1,79
932790,9,28,0,79
933300,4,92,2,77
933810,85,41,6,71
934320,13,61,-3,74
934830,77,81,-4,78
935340,59,63,-8,86
935850,54,25,4,82
936360,61,44,2,80
936870,100,6,2,78
937380,82,18,6,72
937890,5,30,-5,77
938400,69,94,-6,83
938910,51,34,8,75
939420,58,98,0,75
939930,92,56,5,70
940440,68,76,-14,84
940950,0,58,4,80
941460,64,49,2,78
941970,98,11,6,72
942480,21,23,-8,80
942990,16,34,2,78
943500,11,98,-4,82
944010,92,47,9,73
944520,68,67,-8,81
945030,50,74,-10,91
945540,84,46,15,76
946050,12,66,-8,84
946560,76,57,5,79
947070,8,19,0,79
947580,3,26,-3,82
948090,67,25,11,71
948600,74,44,-4,75
949110,50,64,-9,84
949620,84,4,5,79
950130,66,16,3,76
950640,73,33,1,75
951150,80,52,-4,79
951660,12,72,0,79
952170,76,63,-2,81
952680,8,25,-4,85
953190,3,89,3,82
953700,84,38,13,69
954210,12,58,-9,78
954720,76,78,-2,80
955230,58,60,-3,83
955740,92,22,7,76
956250,68,39,-2,78
956760,0,58,-2,80
957270,64,78,1,79
957780,87,18,-1,80
958290,63,30,6,74
958800,70,50,-4,78
959310,2,12,2,76
959820,66,66,-11,87
960330,100,28,13,74
960840,76,45,1,73
961350,52,65,-6,79
961860,34,44,-5,84
962370,29,51,-5,89
962880,63,13,13,76
963390,97,25,1,75
963900,73,42,0,75
964410,80,62,-3,78
964920,10,24,1,77
965430,5,88,-6,83
965940,86,37,9,74
966450,93,26,0,74
966960,69,43,-6,80
967470,1,25,2,78
967980,82,45,-3,81
968490,10,65,0,81
969000,74,85,-7,88
969510,55,67,9,79
970020,36,46,-4,83
970530,70,8,-2,85
971040,2,79,9,76
971550,83,19,-4,80
972060,59,38,2,78
972570,93,0,-3,81
973080,75,12,7,74
973590,7,24,-2,76
974100,2,88,-1,77
974610,83,37,5,72
975120,90,26,-10,82
975630,97,43,7,75
976140,73,32,0,75
976650,80,52,3,72
977160,56,72,-3,75
977670,90,12,-3,78
978180,13,83,0,78
978690,94,32,3,75
979200,101,21,-1,76
979710,24,33,2,74
980220,19,97,-8,82
980730,100,46,6,76
981240,20,35,-3,79
981750,15,99,0,79
982260,96,48,5,74
982770,72,37,-4,78
983280,79,56,3,75
983790,9,38,1,74
984300,73,0,-9,83
984810,5,71,10,73
985320,69,62,-6,79
985830,92,24,0,79
986340,68,13,2,77
986850,75,25,1,76
987360,82,14,4,72
987870,5,26,-8,80
988380,86,17,8,72
988890,93,29,-2,74
989400,69,18,-3,77
989910,76,35,4,73
990420,83,24,-2,75
990930,59,41,-6,81
991440,93,3,0,81
991950,16,74,3,78
992460,97,65,6,72
992970,17,39,-10,82
993480,12,1,2,80
993990,7,26,0,80
994500,2,86,5,75
995010,83,35,1,74
995520,90,24,-1,75
996030,66,13,-2,77
996540,73,84,-11,88
997050,54,66,7,81
997560,35,45,-1,82
998070,16,52,-1,83
998580,11,25,6,77
999090,6,89,-5,82
999600,87,38,11,71
1000110,7,27,-12,83
1000620,88,91,3,80
1001130,70,73,-3,83
1001640,51,80,-5,88
1002150,85,20,19,69
1002660,61,37,-6,75
1003170,68,66,-7,82
1003680,91,73,0,82
1004190,12,55,4,78
1004700,76,75,-11,89
1005210,99,37,13,76
1005720,4,26,-1,77
1006230,68,25,4,73
1006740,75,54,-7,80
1007250,7,0,4,76
1007760,2,25,-5,81
1008270,83,24,8,73
1008780,90,41,-1,74
1009290,10,30,0,74
1009800,5,94,-3,77
1010310,86,43,3,74
1010820,6,32,-3,77
1011330,70,39,-1,78
1011840,77,68,-4,82
1012350,100,30,6,76
1012860,76,19,2,74
1013370,83,36,1,73
1013880,90,25,-3,76
1014390,66,14,3,73
1014900,73,31,0,73
1015410,80,20,-6,79
1015920,56,37,3,76
1016430,63,101,-2,78
1016940,86,20,-2,80
1017450,62,37,0,80
1017960,69,66,-2,82
1018470,92,28,4,78
1018980,68,17,1,77
1019490,75,34,2,75
1020000,82,23,-2,77
1020510,58,40,3,74
1021020,65,2,-9,83
1021530,41,73,5,78
1022040,75,45,-1,79
1022550,51,65,-1,80
1023060,74,27,8,72
1023570,81,56,-4,76
1024080,57,18,-2,78
1024590,64,37,3,75
1025100,71,57,2,73
1025610,94,19,-3,76
1026120,70,38,-3,79
1026630,77,22,4,75
1027140,53,39,-3,78
1027650,60,1,3,75
1028160,15,72,-9,84
1028670,79,63,4,80
1029180,18,25,2,78
1029690,13,32,1,77
1030200,8,96,-3,80
1030710,89,45,3,77
1031220,65,34,-1,78
1031730,6,53,2,76
1032240,70,73,-11,87
1032750,93,80,8,79
1033260,75,42,5,74
1033770,66,62,-5,79
1034280,47,24,-5,84
1034790,54,53,2,82
1035300,73,15,3,79
1035810,49,32,-6,85
1036320,68,39,16,69
1036830,75,59,-10,79
1037340,98,21,3,76
1037850,74,38,-2,78
1038360,81,27,2,76
1038870,57,16,4,72
1039380,64,35,0,72
1039890,71,64,-10,82
1040400,76,26,6,76
1040910,52,15,-5,81
1041420,59,44,-1,82
1041930,78,6,-5,87
1042440,54,77,4,83
1042950,25,49,8,75
1043460,6,11,-2,77
1043970,1,18,4,73
1044480,65,25,-3,76
1044990,72,96,-7,83
1045500,54,68,-5,88
1046010,95,40,5,83
1046520,71,29,8,75
1047030,78,18,2,73
1047540,54,35,-4,77
1048050,73,99,-1,78
1048560,55,18,1,77
1049070,62,47,-10,87
1049580,81,9,4,83
1050090,6,80,4,79
1050600,87,71,-3,82
1051110,69,33,10,72
1051620,99,62,-3,75
1052130,75,82,-7,82
1052640,57,64,0,82
1053150,38,26,1,81
1053660,57,33,5,76
1054170,90,62,-4,80
1054680,28,22,0,80
1055190,64,33,7,73
1055700,71,62,-3,76
1056210,94,24,1,75
1056720,70,53,-5,80
1057230,9,15,3,77
1057740,4,22,4,73
1058250,68,86,-8,81
1058760,73,58,5,76
1059270,49,20,1,75
1059780,56,49,-6,81
1060290,75,60,2,79
1060800,14,22,3,76
1061310,9,29,-6,82
1061820,90,93,-1,83
1062330,72,75,3,80
1062840,54,37,-1,81
1063350,65,101,-1,82
1063860,92,73,2,80
1064370,74,35,7,73
1064880,2,24,-7,80
1065390,66,11,4,76
1065900,42,23,-5,81
1066410,53,30,0,81
1066920,64,59,-3,84
1067430,3,21,4,80
1067940,67,85,-5,85
1068450,49,57,-5,90
1068960,68,19,14,76
1069470,9,8,-4,80
1069980,4,62,3,77
1070490,68,53,-2,79
1071000,7,15,-2,81
1071510,2,22,2,79
1072020,83,86,0,79
1072530,65,68,-9,88
1073040,4,30,9,79
1073550,68,21,1,78
1074060,44,50,-7,85
1074570,63,12,10,75
1075080,39,31,-8,83
1075590,58,42,2,81
1076100,77,4,1,80
1076610,53,75,-4,84
1077120,24,47,2,82
1077630,5,9,0,82
1078140,0,63,4,78
1078650,81,54,0,78
1079160,90,16,5,73
1079670,66,33,-7,80
1080180,7,62,3,77
1080690,71,53,-5,82
1081200,71,15,-2,84
1081710,8,34,13,71
1082220,72,25,-9,80
1082730,48,54,-8,88
1083240,67,16,12,76
1083750,43,45,-8,84
1084260,62,56,2,82
1084770,1,67,5,77
1085280,82,58,7,70
1085790,91,30,-4,74
1086300,67,19,0,74
1086810,8,48,-1,75
1087320,72,39,-4,79
1087830,0,68,1,78
1088340,81,59,-1,79
1088850,90,21,1,78
1089360,66,50,-2,80
1089870,5,12,0,80
1090380,86,6,8,72
1090890,62,18,-2,74
1091400,3,47,-5,79
1091910,67,38,2,77
1092420,43,67,-7,84
1092930,77,39,2,82
1093440,5,68,3,79
1093950,86,59,3,76
1094460,95,31,0,76
1094970,71,20,6,70
1095480,47,61,-13,83
1095990,28,33,2,81
1096500,9,44,0,81
1097010,90,35,5,76
1097520,66,24,-1,77
1098030,42,53,-7,84
1098540,61,25,9,75
1099050,2,54,-6,81
1099560,83,74,-2,83
1100070,4,46,5,78
1100580,68,37,-1,79
1101090,44,66,-6,85
1101600,25,38,7,78
1102110,20,0,-2,80
1102620,77,25,7,73
1103130,53,54,-17,90
1103640,35,65,7,83
1104150,16,37,-7,90
1104660,11,101,12,78
1105170,92,92,-4,82
1105680,74,74,-2,84
1106190,56,81,1,83
1106700,83,53,8,75
1107210,92,82,-2,77
1107720,74,64,-3,80
1108230,56,26,6,74
1108740,32,55,-9,83
1109250,13,27,-4,87
1109760,8,34,18,69
1110270,72,25,-1,70
1110780,48,54,-12,82
1111290,89,61,7,75
1111800,98,33,1,74
1112310,74,22,-5,79
1112820,50,51,-3,82
1113330,69,62,3,79
1113840,92,69,4,75
1114350,101,41,-1,76
1114860,29,30,0,76
1115370,11,41,-7,83
1115880,75,32,12,71
1116390,3,61,-11,82
1116900,67,52,4,78
1117410,6,59,-2,80
1117920,70,50,-2,82
1118430,9,57,7,75
1118940,73,77,-2,77
1119450,96,84,-4,81
1119960,17,56,-1,82
1120470,28,47,1,81
1120980,9,19,4,77
1121490,4,26,2,75
1122000,68,17,-3,78
1122510,44,46,-7,85
1123020,63,57,6,79
1123530,86,68,6,73
1124040,95,40,2,71
1124550,23,29,-13,84
1125060,4,40,8,76
1125570,68,31,0,76
1126080,98,60,4,72
1126590,5,80,-12,84
1127100,69,71,-1,85
1127610,92,78,14,71
1128120,74,50,-13,84
1128630,2,22,9,75
1129140,66,13,-1,76
1129650,42,42,-7,83
1130160,61,53,2,81
1130670,80,64,11,70
1131180,89,36,-5,75
1131690,17,25,1,74
1132200,82,36,1,73
1132710,10,25,-7,80
1133220,91,89,1,79
1133730,73,71,-6,85
1134240,55,78,-3,88
1134750,36,50,0,88
1135260,17,12,4,84
1135770,12,23,-5,89
1136280,7,30,6,83
1136790,71,37,6,77
1137300,101,66,2,75
1137810,8,72,-2,77
1138320,72,63,-7,84
1138830,95,25,8,76
1139340,71,66,-11,87
1139850,94,28,12,75
1140360,70,57,-8,83
1140870,9,19,9,74
1141380,4,26,1,73
1141890,68,17,-2,75
1142400,44,46,-5,80
1142910,47,57,-4,84
1143420,26,64,1,83
1143930,5,55,1,82
1144440,69,75,-4,86
1144950,92,82,4,82
1145460,74,54,2,80
1145970,2,26,-2,82
1146480,83,17,4,78
1146990,59,46,-2,80
1147500,100,53,7,73
1148010,76,73,-3,76
1148520,99,80,2,74
1149030,81,52,-2,76
1149540,90,24,-5,81
1150050,66,53,2,79
1150560,75,60,-1,80
1151070,84,22,4,76
1151580,60,51,-3,79
1152090,41,62,-3,82
1152600,22,34,5,77
1153110,3,98,-12,89
1153620,84,89,4,85
1154130,66,61,-2,87
1154640,89,23,2,85
1155150,65,64,-1,86
1155660,88,71,3,83
1156170,97,43,7,76
1156680,73,63,-9,85
1157190,96,25,8,77
1157700,72,66,-11,88
1158210,95,28,7,81
1158720,71,57,4,77
1159230,80,19,3,74
1159740,56,48,-6,80
1160250,79,59,-3,83
1160760,88,31,11,72
1161270,64,20,-6,78
1161780,5,49,-2,80
1162290,69,69,-1,81
1162800,92,76,2,79
1163310,13,48,1,78
1163820,94,39,0,78
1164330,70,68,1,77
1164840,93,30,6,71
1165350,69,59,-8,79
1165860,92,21,0,79
1166370,68,50,-3,82
1166880,91,12,7,75
1167390,17,41,-3,78
1167900,98,3,1,77
1168410,80,32,-1,78
1168920,56,61,-3,81
1169430,79,23,6,75
1169940,55,64,-9,84
1170450,78,36,10,74
1170960,15,56,-6,80
1171470,96,47,3,77
1171980,72,67,-9,86
1172490,95,29,12,74
1173000,71,70,-7,81
1173510,94,77,7,74
1174020,15,49,-2,76
1174530,96,40,1,75
1175040,24,60,0,75
1175550,3,32,-3,78
1176060,67,23,-2,80
1176570,8,52,-3,83
1177080,40,43,1,82
1177590,63,54,2,80
1178100,86,65,6,74
1178610,95,11,-4,78
1179120,71,40,3,75
1179630,101,69,-3,78
1180140,8,15,2,76
1180650,3,22,3,73
1181160,67,13,-3,76
1181670,43,42,-5,81
1182180,62,53,2,79
1182690,85,64,0,79
1183200,94,36,5,74
1183710,70,68,-6,80
1184220,93,71,7,73
1184730,0,43,-6,79
1185240,81,63,4,75
1185750,90,35,1,74
1186260,66,55,-10,84
1186770,89,17,7,77
1187280,10,46,-4,81
1187790,91,37,6,75
1188300,19,57,-6,81
1188810,100,48,6,75
1189320,28,68,-3,78
1189830,7,40,0,78
1190340,71,31,2,76
1190850,12,60,-5,81
1191360,93,80,9,72
1191870,14,52,-9,81
1192380,95,43,4,77
1192890,23,63,2,75
1193400,2,35,-2,77
1193910,83,26,1,76
1194420,13,15,-6,82
1194930,6,26,0,82
1195440,87,33,8,74
1195950,15,62,-6,80
1196460,96,82,-1,81
1196970,17,44,6,75
1197480,16,6,-8,83
1197990,9,60,5,78
1198500,90,51,4,74
1199010,99,71,0,74
1199520,6,17,0,74
1200030,87,81,-6,80
1200540,8,88,0,80
1201050,89,79,4,76
1201560,10,41,-5,81
1202070,91,74,6,75
1202580,12,46,-7,82
1203090,93,97,8,74
1203600,14,69,-5,79
1204110,95,60,2,77
1204620,2,80,-3,80
1205130,83,71,3,77
1205640,4,33,0,77
1206150,85,24,1,76
1206660,45,65,-11,87
1207170,68,37,10,77
1207680,9,66,-8,85
1208190,90,57,7,78
1208700,99,77,1,77
1209210,6,97,-1,78
1209720,87,88,-2,80
1210230,8,95,-2,82
1210740,89,86,0,82
1211250,10,2,5,77
1211760,3,56,4,73
1212270,67,76,-11,84
1212780,90,83,3,81
1213290,11,45,5,76
1213800,92,36,2,74
1214310,99,56,-2,76
1214820,6,76,-4,80
1215330,87,67,6,74
1215840,96,39,-8,82
1216350,24,59,1,81
1216860,3,31,6,75
1217370,84,22,-2,77
1217880,60,63,-6,83
1218390,83,25,6,77
1218900,13,66,-4,81
1219410,94,57,3,78
1219920,1,77,-2,80
1220430,82,68,-1,81
1220940,3,30,12,69
1221450,84,21,-7,76
1221960,60,62,-2,78
1222470,83,24,-1,79
1222980,13,53,-1,80
1223490,94,44,2,78
1224000,22,64,-1,79
1224510,1,55,3,76
1225020,82,46,-1,77
1225530,91,52,0,77
1226040,100,72,1,76
1226550,7,18,-1,77
1227060,88,25,4,73
1227570,64,54,-9,82
1228080,87,16,8,74
1228590,8,43,-7,81
1229100,89,34,8,73
1229610,96,54,-1,74
1230120,17,74,-8,82
1230630,98,65,4,78
1231140,5,85,-2,80
1231650,86,76,1,79
1232160,7,38,1,78
1232670,88,29,1,77
1233180,64,18,-1,78
1233690,5,47,-3,81
1234200,86,38,8,73
1234710,93,58,-3,76
1235220,0,78,0,76
1235730,81,69,-2,78
1236240,2,31,3,75
1236750,83,22,0,75
1237260,4,63,-2,77
1237770,85,54,-5,82
1238280,94,74,8,74
1238790,15,46,-1,75
1239300,96,37,0,75
1239810,17,57,-4,79
1240320,98,48,4,75
1240830,19,68,-5,80
1241340,100,59,2,78
1241850,7,79,-1,79
1242360,88,70,3,76
1242870,9,16,2,74
1243380,8,80,-7,81
1243890,89,71,0,81
1244400,10,33,0,81
1244910,91,97,-5,86
1245420,12,68,1,85
1245930,93,59,12,73
1246440,0,79,-2,75
1246950,81,70,3,72
1247460,2,32,-12,84
1247970,83,23,6,78
1248480,13,64,-1,79
1248990,94,55,5,74
1249500,15,75,-4,78
1250010,96,66,2,76
1250520,3,12,0,76
1251030,84,19,0,76
1251540,5,46,-1,77
1252050,86,37,5,72
1252560,7,57,-10,82
1253070,88,48,2,80
1253580,9,68,1,79
1254090,90,59,4,75
1254600,99,79,-3,78
1255110,20,25,-1,79
1255620,6,36,2,77
1256130,87,27,0,77
1256640,17,47,-7,84
1257150,98,9,2,82
1257660,13,38,7,75
1258170,94,0,0,75
1258680,70,29,-4,79
1259190,11,70,2,77
1259700,92,61,0,77
1260210,101,23,3,74
1260720,22,50,-5,79
1261230,1,12,3,76
1261740,82,19,2,74
1262250,3,48,-2,76
1262760,84,68,-3,79
1263270,5,30,-2,81
1263780,86,21,3,78
1264290,7,48,-5,83
1264800,88,68,5,78
1265310,9,30,3,75
1265820,90,94,-3,78
1266330,11,76,-3,81
1266840,92,67,6,75
1267350,13,29,-6,81
1267860,8,93,-3,84
1268370,89,84,4,80
1268880,10,46,2,78
1269390,89,37,8,70
1269900,10,57,-7,77
1270410,91,48,-2,79
1270920,12,68,-1,80
1271430,93,59,0,80
1271940,14,79,0,80
1272450,95,70,7,73
1272960,16,32,-5,78
1273470,15,96,2,76
1273980,96,87,-5,81
1274490,17,49,3,78
1275000,98,11,0,78
1275510,13,28,-6,84
1276020,12,92,6,78
1276530,93,83,1,77
1277040,14,45,-3,80
1277550,13,7,4,76
1278060,6,61,-8,84
1278570,87,52,1,83
1279080,8,72,-1,84
1279590,89,63,4,80
1280100,98,25,11,69
1280610,19,66,-14,83
1281120,100,57,9,74
1281630,21,77,-10,84
1282140,0,68,9,75
1282650,81,59,-5,80
1283160,2,21,3,77
1283670,83,85,-7,84
1284180,4,47,4,80
1284690,85,38,5,75
1285200,92,58,2,73
1285710,13,78,-8,81
1286220,94,69,2,79
1286730,15,31,-4,83
1287240,96,95,7,76
1287750,17,57,-5,81
1288260,98,48,5,76
1288770,19,68,-3,79
1289280,100,59,5,74
1289790,21,79,-1,75
1290300,0,70,-2,77
1290810,81,61,0,77
1291320,2,23,-1,78
1291830,83,14,-4,82
1292340,4,33,0,82
1292850,85,24,12,70
1293360,6,44,-12,82
1293870,87,35,4,78
1294380,8,55,5,73
1294890,89,46,2,71
1295400,10,66,-9,80
1295910,91,57,4,76
1296420,12,77,0,76
1296930,93,68,2,74
1297440,14,30,-7,81
1297950,95,94,-3,84
1298460,16,56,4,80
1298970,97,47,5,75
1299480,18,67,-5,80
1299990,99,58,2,78
1300500,20,78,1,77
1301010,101,69,2,75
1301520,22,31,-4,79
1302030,1,95,-6,85
1302540,82,86,4,81
1303050,3,48,9,72
1303560,84,68,-6,78
1304070,5,30,10,68
1304580,86,21,-13,81
1305090,7,48,0,81
1305600,71,39,4,77
1306110,94,59,1,76
1306620,15,79,-4,80
1307130,96,70,5,75
1307640,17,32,-1,76
1308150,98,96,-11,87
1308660,80,61,11,76
1309170,1,23,-2,78
1309680,82,30,7,71
1310190,12,50,-6,77
1310700,93,41,4,73
1311210,14,61,-5,78
1311720,95,52,3,75
1312230,16,72,-9,84
1312740,97,63,5,79
1313250,18,83,3,76
1313760,99,74,3,73
1314270,20,36,-2,75
1314780,101,100,-3,78
1315290,22,65,1,77
1315800,1,56,-2,79
1316310,82,47,8,71
1316820,3,67,-8,79
1317330,84,58,0,79
1317840,5,20,5,74
1318350,86,84,-7,81
1318860,7,46,7,74
1319370,88,37,0,74
1319880,8,57,-4,78
1320390,89,48,1,77
1320900,9,68,2,75
1321410,90,59,-1,76
1321920,11,65,-6,82
1322430,92,56,6,76
1322940,13,76,0,76
1323450,94,67,-3,79
1323960,15,29,-2,81
1324470,96,93,-7,88
1324980,17,58,11,77
1325490,98,49,3,74
1326000,18,69,-1,75
1326510,99,60,-5,80
1327020,20,66,-1,81
1327530,101,57,9,72
1328040,22,77,-6,78
1328550,1,68,0,78
1329060,1,59,1,77
1329570,82,50,4,73
1330080,3,56,-2,75
1330590,84,47,-1,76
1331100,4,53,2,74
1331610,85,44,0,74
1332120,5,64,-6,80
1332630,86,55,6,74
1333140,7,61,-3,77
1333650,71,52,-4,81
1334160,94,14,5,76
1334670,9,41,2,74
1335180,73,32,-1,75
1335690,14,59,-9,84
1336200,95,50,8,76
1336710,15,70,-5,81
1337220,96,61,9,72
1337730,17,67,-6,78
1338240,98,58,1,77
1338750,19,64,2,75
1339260,100,55,-2,77
1339770,20,61,0,77
1340280,101,52,1,76
1340790,21,72,-4,80
1341300,0,63,3,77
1341810,81,54,0,77
1342320,2,60,1,76
1342830,83,51,-2,78
1343340,4,57,2,76
1343850,68,48,-4,80
1344360,91,10,3,77
1344870,6,29,0,77
1345380,87,20,0,77
1345890,8,47,-5,82
1346400,72,38,6,76
1346910,79,41,1,75
1347420,101,44,-1,76
1347930,21,64,3,73
1348440,0,55,-5,78
1348950,81,46,1,77
1349460,1,49,4,73
1349970,82,40,0,73
1350480,52,60,-6,79
1350990,75,51,-1,80
1351500,98,57,4,76
1352010,18,63,0,76
1352520,99,54,-2,78
1353030,19,44,0,78
1353540,100,6,-1,79
1354050,15,35,5,74
1354560,96,99,-9,83
1355070,17,64,2,81
1355580,98,55,8,73
1356090,18,75,-3,76
1356600,99,66,-4,80
1357110,19,60,-4,84
1357620,100,51,3,81
1358130,20,71,6,75
1358640,101,62,-6,81
1359150,21,68,-1,82
1359660,0,59,6,76
1360170,81,50,-3,79
1360680,1,56,-1,80
1361190,65,47,2,78
1361700,88,9,0,78
1362210,3,39,0,78
1362720,84,30,0,78
1363230,4,71,-3,81
1363740,85,62,5,76
1364250,6,24,-6,82
1364760,87,31,5,77
1365270,7,72,-2,79
1365780,88,63,2,77
1366290,8,25,3,74
1366800,72,89,-7,81
1367310,95,61,8,73
1367820,15,81,-6,79
1368330,96,72,1,78
1368840,16,13,-1,79
1369350,11,24,4,75
1369860,6,31,-3,78
1370370,87,82,-5,83
1370880,8,44,5,78
1371390,72,35,2,76
1371900,13,38,-6,82
1372410,12,0,3,79
1372920,69,54,-6,85
1373430,92,16,11,74
1373940,13,89,-7,81
1374450,94,80,3,78
1374960,15,96,1,77
1375470,96,87,-9,86
1375980,17,49,8,78
1376490,16,40,-6,84
1377000,97,2,2,82
1377510,79,32,15,67
1378020,101,52,-9,76
1378530,21,72,1,75
1379040,0,63,-8,83
1379550,81,54,10,73
1380060,1,60,0,73
1380570,82,51,0,73
1381080,2,57,-2,75
1381590,83,48,2,73
1382100,20,68,-7,80
1382610,101,59,3,77
1383120,21,79,-1,78
1383630,0,70,0,78
1384140,81,61,2,76
1384650,2,23,4,72
1385160,66,14,-11,83
1385670,7,41,-1,84
1386180,71,32,13,71
1386690,78,73,-10,81
1387200,101,35,13,68
1387710,31,55,-10,78
1388220,65,17,2,76
1388730,6,58,-4,80
1389240,70,93,0,80
1389750,93,33,7,73
1390260,23,53,-5,78
1390770,2,44,0,78
1391280,83,35,7,71
1391790,3,55,-12,83
1392300,67,46,7,76
1392810,8,8,-5,81
1393320,3,62,7,74
1393830,84,53,-1,75
1394340,4,87,-5,80
1394850,85,78,-7,87
1395360,6,40,3,84
1395870,70,31,13,71
1396380,77,72,-10,81
1396890,100,34,3,78
1397400,30,54,-8,86
1397910,64,16,13,73
1398420,5,57,-1,74
1398930,69,48,-4,78
1399440,10,10,3,75
1399950,5,21,-4,79
1400460,4,12,2,77
1400970,85,35,2,75
1401480,15,55,-5,80
1401990,14,46,3,77
1402500,13,37,-5,82
1403010,12,101,5,77
1403520,93,92,1,76
1404030,14,74,-6,82
1404540,95,65,6,76
1405050,15,71,1,75
1405560,96,62,0,75
1406070,16,68,1,74
1406580,97,59,-5,79
1407090,17,79,-2,81
1407600,98,70,4,77
1408110,18,16,-1,78
1408620,13,27,0,78
1409130,8,34,-5,83
1409640,89,25,14,69
1410150,19,45,-14,83
1410660,14,7,6,77
1411170,9,18,-6,83
1411680,8,25,3,80
1412190,7,32,3,77
1412700,6,23,5,72
1413210,87,22,-5,77
1413720,17,63,-7,84
1414230,16,54,12,72
1414740,97,45,-5,77
1415250,17,65,-1,78
1415760,98,56,0,78
1416270,18,76,-9,87
1416780,99,67,11,76
1417290,29,13,-4,80
1417800,40,20,-3,83
1418310,83,27,7,76
1418820,13,47,-3,79
1419330,77,38,1,78
1419840,7,58,-3,81
1420350,71,47,4,77
1420860,12,50,-7,84
1421370,76,41,10,74
1421880,6,44,-4,78
1422390,70,35,6,72
1422900,0,55,-2,74
1423410,81,46,-1,75
1423920,11,66,-4,79
1424430,75,57,5,74
1424940,5,22,0,74
1425450,69,21,-2,76
1425960,101,62,3,73
1426470,31,82,-4,77
1426980,10,73,-3,80
1427490,91,64,-3,83
1428000,21,10,0,83
1428510,32,21,-4,87
1429020,43,32,8,79
1429530,54,39,-5,84
1430040,97,1,10,74
1430550,79,31,2,72
1431060,9,51,-7,79
1431570,73,42,6,73
1432080,95,45,-5,78
1432590,25,65,1,77
1433100,4,56,-3,80
1433610,42,47,-6,86
1434120,61,58,-1,87
1434630,89,65,16,71
1435140,19,11,-9,80
1435650,14,22,3,77
1436160,9,29,4,73
1436670,88,93,-8,81
1437180,9,64,2,79
1437690,73,55,2,77
1438200,3,17,-2,79
1438710,84,18,5,74
1439220,14,37,-9,83
1439730,9,101,3,80
1440240,90,92,-1,81
1440750,11,63,3,78
1441260,75,54,1,77
1441770,5,26,3,74
1442280,69,17,-1,75
1442790,10,36,1,74
1443300,74,27,-1,75
1443810,15,47,-6,81
1444320,14,38,2,79
1444830,9,29,9,70
1445340,0,20,-5,75
1445850,64,21,-3,78
1446360,5,62,2,76
1446870,69,53,3,73
1447380,101,15,-2,75
1447890,16,88,-8,83
1448400,97,79,7,76
1448910,17,51,-5,81
1449420,16,42,7,74
1449930,11,33,-5,79
1450440,6,34,-2,81
1450950,70,25,5,76
1451460,11,14,-3,79
1451970,6,21,2,77
1452480,70,22,3,74
1452990,0,41,-10,84
1453500,64,32,6,78
1454010,5,94,1,77
1454520,86,85,2,75
1455030,7,56,-7,82
1455540,71,47,5,77
1456050,12,29,0,77
1456560,7,93,-3,80
1457070,88,84,-4,84
1457580,9,66,3,81
1458090,73,57,5,76
1458600,3,19,0,76
1459110,67,20,3,73
1459620,8,61,-4,77
1460130,72,52,2,75
1460640,2,61,-3,78
1461150,66,52,-1,79
1461660,94,34,5,74
1462170,24,23,-2,76
1462680,19,34,-5,81
1463190,14,98,-2,83
1463700,95,89,-1,84
1464210,16,60,8,76
1464720,80,51,-1,77
1465230,89,73,-1,78
1465740,10,45,-1,79
1466250,74,36,2,77
1466760,4,39,3,74
1467270,68,30,-2,76
1467780,0,77,0,76
1468290,81,68,0,76
1468800,2,30,-6,82
1469310,66,21,8,74
1469820,7,68,0,74
1470330,71,59,3,71
1470840,99,21,-5,76
1471350,20,94,-8,84
1471860,101,85,9,75
1472370,22,57,-11,86
1472880,17,48,11,75
1473390,12,39,-3,78
1473900,11,30,3,75
1474410,6,94,-11,86
1474920,87,85,5,81
1475430,8,56,4,77
1475940,72,47,-7,84
1476450,4,50,4,80
1476960,68,41,0,80
1477470,79,44,4,76
1477980,9,47,-6,82
1478490,73,38,2,80
1479000,3,85,3,77
1479510,84,76,-3,80
1480020,5,38,4,76
1480530,69,29,4,72
1481040,101,48,-7,79
1481550,21,68,0,79
1482060,16,59,-3,82
1482570,80,50,6,76
1483080,49,53,-9,85
1483590,77,15,9,76
1484100,7,88,-6,82
1484610,88,79,1,81
1485120,9,41,5,76
1485630,73,32,0,76
1486140,3,79,3,73
1486650,84,70,-7,80
1487160,5,52,-1,81
1487670,69,43,2,79
1488180,80,46,6,73
1488690,0,49,2,71
1489200,64,40,-10,81
1489710,83,43,8,73
1490220,3,63,-4,77
1490730,67,54,-6,83
1491240,95,16,13,70
1491750,10,26,-3,73
1492260,5,90,-8,81
1492770,86,81,-1,82
1493280,7,63,6,76
1493790,71,54,2,74
1494300,94,36,3,71
1494810,14,25,-2,73
1495320,9,89,-12,85
1495830,90,80,4,81
1496340,11,62,4,77
1496850,75,53,1,76
1497360,5,15,0,76
1497870,0,22,-2,78
1498380,64,23,2,76
1498890,5,70,2,74
1499400,69,61,-6,80
1499910,97,23,5,75
1500420,18,33,-5,80
1500930,13,97,2,78
1501440,94,88,-5,83
1501950,15,70,-1,84
1502460,79,61,7,77
1502970,0,33,1,76
1503480,64,24,4,72
1503990,5,65,-5,77
1504500,69,56,1,76
1505010,97,18,1,75
1505520,12,30,-12,87
1506030,7,94,5,82
1506540,88,85,0,82
1507050,9,67,5,77
1507560,73,58,-3,80
1508070,101,20,0,80
1508580,22,30,6,74
1509090,17,94,-4,78
1509600,98,85,-2,80
1510110,19,47,4,76
1510620,14,38,0,76
1511130,9,0,1,75
1511640,2,25,-6,81
1512150,66,16,6,75
1512660,7,33,-3,78
1513170,71,24,1,77
1513680,12,71,1,76
1514190,76,62,-1,77
1514700,99,24,2,75
1515210,20,41,-6,81
1515720,15,3,2,79
1516230,10,28,4,75
1516740,5,92,-3,78
1517250,86,83,-6,84
1517760,7,65,5,79
1518270,71,56,5,74
1518780,94,18,3,71
1519290,9,30,-3,74
1519800,4,94,1,73
1520310,85,85,-9,82
1520820,67,56,4,78
1521330,95,18,0,78
1521840,10,28,1,77
1522350,5,92,-9,86
1522860,86,83,2,84
1523370,7,65,4,80
1523880,71,56,1,79
1524390,94,18,7,72
1524900,9,28,-7,79
1525410,4,92,2,77
1525920,85,83,-6,83
1526430,67,65,5,78
1526940,90,27,6,72
1527450,10,16,-6,78
1527960,5,23,-1,79
1528470,69,24,4,75
1528980,10,65,-3,78
1529490,74,56,2,76
1530000,97,38,0,76
1530510,17,27,-2,78
1531020,12,91,-6,84
1531530,93,82,5,79
1532040,14,64,0,79
1532550,78,6,1,78
1533060,95,18,4,74
1533570,10,28,-5,79
1534080,5,92,-2,81
1534590,86,83,-2,83
1535100,7,65,8,75
1535610,71,56,-2,77
1536120,94,38,1,76
1536630,14,27,1,75
1537140,9,91,-12,87
1537650,90,82,3,84
1538160,11,44,7,77
1538670,75,35,3,74
1539180,97,82,-3,77
1539690,18,64,-6,83
1540200,17,55,3,80
1540710,12,46,2,78
1541220,76,37,5,73
1541730,98,40,-5,78
1542240,18,29,-1,79
1542750,13,93,2,77
1543260,94,84,-1,78
1543770,15,66,1,77
1544280,79,26,6,71
1544790,101,15,-10,81
1545300,16,25,8,73
1545810,11,89,-13,86
1546320,92,80,8,78
1546830,13,52,-2,80
1547340,77,43,6,74
1547850,99,46,-5,79
1548360,19,35,1,78
1548870,14,99,-2,80
1549380,95,90,5,75
1549890,16,52,-7,82
1550400,15,43,-2,84
1550910,14,34,9,75
1551420,9,98,-6,81
1551930,90,89,-10,91
1552440,11,71,17,74
1552950,75,62,-4,78
1553460,98,100,1,77
1553970,80,40,3,74
1554480,0,43,-6,80
1554990,64,34,7,73
1555500,87,37,3,70
1556010,7,26,-9,79
1556520,6,90,-3,82
1557030,87,81,3,79
1557540,69,63,0,79
1558050,92,25,5,74
1558560,13,14,-3,77
1559070,8,25,-1,78
1559580,72,89,-1,79
1560090,54,29,7,72
1560600,97,32,-9,81
1561110,17,21,2,79
1561620,12,28,2,77
1562130,7,92,-3,80
1562640,88,83,-4,84
1563150,9,65,4,80
1563660,73,56,-3,83
1564170,96,38,9,74
1564680,16,27,-6,80
1565190,11,34,3,77
1565700,10,98,-3,80
1566210,8,89,-5,85
1566720,89,80,8,77
1567230,10,62,7,70
1567740,74,53,-8,78
1568250,97,101,5,73
1568760,79,41,3,70
1569270,101,44,-6,76
1569780,21,33,0,76
1570290,7,97,-3,79
1570800,88,88,2,77
1571310,9,70,-4,81
1571820,73,61,-1,82
1572330,96,43,5,77
1572840,16,32,-2,79
1573350,11,96,1,78
1573860,92,87,0,78
1574370,74,69,1,77
1574880,97,51,1,76
1575390,17,54,-4,80
1575900,16,45,-2,82
1576410,15,36,2,80
1576920,10,100,3,77
1577430,91,91,-4,81
1577940,12,73,2,79
1578450,76,64,0,79
1578960,2,46,-2,81
1579470,66,37,4,77
1579980,89,40,-2,79
1580490,9,43,5,74
1581000,73,34,-2,76
1581510,96,37,-2,78
1582020,17,78,3,75
1582530,98,69,0,75
1583040,19,15,-4,79
1583550,91,26,4,75
1584060,12,67,-4,79
1584570,76,58,-4,83
1585080,99,40,7,76
1585590,19,29,-2,78
1586100,14,93,-7,85
1586610,95,84,7,78
1587120,16,66,-4,82
1587630,80,57,8,74
1588140,1,3,5,69
1588650,65,57,-9,78
1589160,88,68,5,73
1589670,9,14,-5,78
1590180,4,21,1,77
1590690,68,28,3,74
1591200,9,69,-13,87
1591710,73,60,14,73
1592220,96,42,-3,76
1592730,17,31,-2,78
1593240,12,95,3,75
1593750,93,86,-8,83
1594260,75,68,-1,84
1594770,98,64,10,74
1595280,19,39,-3,77
1595790,14,1,-3,80
1596300,71,55,-2,82
1596810,94,17,5,77
1597320,9,27,-2,79
1597830,13,91,-3,82
1598340,94,82,3,79
1598850,15,44,0,79
1599360,16,6,-4,83
1599870,11,60,4,79
1600380,75,41,1,78
1600890,98,44,2,76
1601400,18,47,-5,81
1601910,13,38,1,80
1602420,12,0,0,80
1602930,69,54,6,74
1603440,92,16,-1,75
1603950,13,26,-2,77
1604460,8,33,2,75
1604970,72,24,-1,76
1605480,13,65,-3,79
1605990,77,56,4,75
1606500,100,18,1,74
1607010,15,28,-5,79
1607520,10,92,1,78
1608030,91,83,-5,83
1608540,12,65,4,79
1609050,76,56,-2,81
1609560,99,38,1,80
1610070,19,79,5,75
1610580,5,70,-7,82
1611090,86,61,6,76
1611600,7,23,-1,77
1612110,2,87,-5,82
1612620,83,78,2,80
1613130,4,60,4,76
1613640,68,51,-1,77
1614150,91,13,-2,79
1614660,6,43,6,73
1615170,70,34,-5,78
1615680,93,37,5,73
1616190,14,26,-2,75
1616700,9,90,-8,83
1617210,90,81,5,78
1617720,11,43,0,78
1618230,75,34,1,77
1618740,98,37,1,76
1619250,19,78,1,75
1619760,100,69,-2,77
1620270,21,15,-6,83
1620780,40,26,0,83
1621290,59,33,7,76
1621800,0,36,-1,77
1622310,64,27,2,75
1622820,5,74,-6,81
1623330,86,65,6,75
1623840,7,27,-3,78
1624350,6,91,-4,82
1624860,87,83,-1,83
1625370,8,65,5,78
1625880,72,56,0,78
1626390,95,18,3,75
1626900,16,59,-3,78
1627410,80,50,-2,80
1627920,1,53,4,76
1628430,65,44,-2,78
1628940,88,6,3,75
1629450,21,36,-1,76
1629960,16,100,-8,84
1630470,97,91,8,76
1630980,18,73,-5,81
1631490,99,64,6,75
1632000,20,10,-9,84
1632510,15,21,9,75
1633020,10,85,-3,78
1633530,91,76,2,76
1634040,12,22,5,71
1634550,7,86,-7,78
1635060,88,77,1,77
1635570,9,39,-8,85
1636080,73,30,14,71
1636590,95,19,-8,79
1637100,16,60,-3,82
1637610,15,51,8,74
1638120,14,42,-3,77
1638630,13,33,-3,80
1639140,8,97,-2,82
1639650,89,88,-5,87
1640160,10,70,9,78
1640670,74,61,5,73
1641180,97,23,0,73
1641690,18,64,1,72
1642200,13,55,-11,83
1642710,77,46,8,75
1643220,100,49,-3,78
1643730,20,38,1,77
1644240,15,0,0,77
1644750,72,54,-6,83
1645260,100,16,12,71
1645770,15,33,-10,81
1646280,10,97,-2,83
1646790,91,88,-4,87
1647300,73,70,0,87
1647810,96,32,13,74
1648320,16,21,-3,77
1648830,11,28,2,75
1649340,6,92,3,72
1649850,87,83,-6,78
1650360,69,45,-4,82
1650870,10,48,0,82
1651380,74,39,10,72
1651890,96,42,-3,75
1652400,16,45,-5,80
1652910,15,36,4,76
1653420,10,100,-5,81
1653930,91,91,-5,86
1654440,12,73,8,78
1654950,93,64,3,75
1655460,13,10,-4,79
1655970,8,21,1,78
1656480,3,85,2,76
1656990,84,76,-7,83
1657500,5,58,4,79
1658010,69,49,1,78
1658520,92,11,-11,89
1659030,7,41,7,82
1659540,71,76,-3,85
1660050,94,67,8,77
1660560,15,13,-1,78
1661070,10,80,0,78
1661580,91,71,4,74
1662090,12,17,-8,82
1662600,11,24,3,79
1663110,6,88,-1,80
1663620,87,79,-7,87
1664130,8,61,8,79
1664640,72,52,1,78
1665150,95,14,6,72
1665660,90,24,-5,77
1666170,11,65,0,77
1666680,75,56,3,74
1667190,98,38,-4,78
1667700,18,27,5,73
1668210,13,38,-9,82
1668720,12,0,3,79
1669230,69,54,2,77
1669740,92,36,-3,80
1670250,12,25,10,70
1670760,7,89,-13,83
1671270,88,80,3,80
1671780,9,71,-3,83
1672290,90,62,6,77
1672800,11,8,-2,79
1673310,6,19,3,76
1673820,1,26,6,70
1674330,65,17,-4,74
1674840,6,58,-9,83
1675350,70,49,7,76
1675860,93,52,-1,77
1676370,13,55,-1,78
1676880,77,46,6,72
1677390,99,49,-3,75
1677900,19,38,-7,82
1678410,14,0,0,82
1678920,71,54,-1,83
1679430,94,16,8,75
1679940,9,46,-6,81
1680450,73,37,3,78
1680960,95,40,4,74
1681470,15,29,1,73
1681980,10,93,-7,80
1682490,91,83,-2,82
1683000,12,65,0,82
1683510,76,56,10,72
1684020,99,2,-5,77
1684530,81,32,4,73
1685040,1,21,-1,74
1685550,65,12,-1,75
1686060,99,42,-2,77
1686570,19,31,-3,80
1687080,14,95,1,79
1687590,95,86,-5,84
1688100,77,77,4,80
1688610,100,68,9,71
1689120,20,14,-9,80
1689630,15,25,4,76
1690140,10,89,-6,82
1690650,91,80,6,76
1691160,12,62,-5,81
1691670,76,53,7,74
1692180,99,101,0,74
1692690,20,41,-6,80
1693200,15,3,-1,81
1693710,72,57,0,81
1694220,95,39,4,77
1694730,15,28,-5,82
1695240,10,92,0,82
1695750,91,83,3,79
1696260,12,74,-1,80
1696770,76,65,2,78
1697280,99,56,3,75
1697790,19,46,-3,78
1698300,14,8,1,77
1698810,9,19,4,73
1699320,4,26,0,73
1699830,68,17,-3,76
1700340,85,58,1,75
1700850,5,89,-9,84
1701360,86,80,5,79
1701870,7,71,2,77
1702380,71,62,-4,81
1702890,94,53,10,71
1703400,14,56,-11,82
1703910,78,47,10,72
1704420,100,50,-2,74
1704930,20,39,-9,83
1705440,64,1,-2,85
1705950,98,31,12,73
1706460,18,20,-11,84
1706970,13,31,6,78
1707480,8,95,0,78
1707990,89,86,-3,81
1708500,10,77,-2,83
1709010,91,68,4,79
1709520,11,75,-4,83
1710030,75,66,1,82
1710540,98,57,1,81
1711050,18,60,0,81
1711560,17,51,7,74
1712070,81,42,-3,77
1712580,1,45,-1,78
1713090,65,36,1,77
1713600,92,39,3,74
1714110,12,28,1,73
1714620,7,92,-9,82
1715130,88,83,4,78
1715640,70,74,-6,84
1716150,93,65,11,73
1716660,13,11,-9,82
1717170,8,18,6,76
1717680,3,82,-4,80
1718190,84,73,2,78
1718700,5,64,0,78
1719210,69,55,-2,80
1719720,92,62,7,73
1720230,12,8,-2,75
1720740,7,19,-2,77
1721250,2,26,-1,78
1721760,66,17,1,77
1722270,7,58,-1,78
1722780,71,49,-3,81
1723290,94,44,1,80
1723800,14,33,-2,82
1724310,9,97,2,80
1724820,90,88,-1,81
1725330,72,70,2,79
1725840,95,61,6,73
1726350,15,56,-2,75
1726860,79,47,-2,77
1727370,101,50,-1,78
1727880,21,39,-3,81
1728390,16,1,3,78
1728900,73,55,1,77
1729410,96,50,-3,80
1729920,16,39,-3,83
1730430,11,1,0,83
1730940,68,55,2,81
1731450,91,62,3,78
1731960,12,8,-4,82
1732470,7,15,2,80
1732980,11,22,4,76
1733490,6,29,0,76
1734000,70,20,0,76
1734510,92,61,1,75
1735020,12,7,-1,76
1735530,54,18,-3,79
1736040,97,59,5,74
1736550,17,62,-4,78
1737060,16,53,-6,84
1737570,80,44,9,75
1738080,0,47,-4,79
1738590,64,38,3,76
1739100,5,41,-2,78
1739610,69,32,-1,79
1740120,10,35,0,79
1740630,74,26,4,75
1741140,96,15,3,72
1741650,20,45,-8,80
1742160,15,36,1,79
1742670,10,100,-1,80
1743180,91,91,-8,88
1743690,12,73,6,82
1744200,76,64,3,79
1744710,99,46,1,78
1745220,19,35,5,73
1745730,14,99,-9,82
1746240,95,90,5,77
1746750,77,61,2,75
1747260,100,40,-3,78
1747770,20,29,-3,81
1748280,6,36,2,79
1748790,70,27,4,75
1749300,11,16,-10,85
1749810,6,23,8,77
1750320,70,14,1,76
1750830,87,87,-5,81
1751340,69,58,-2,83
1751850,92,40,7,76
1752360,12,29,-7,83
1752870,7,93,1,82
1753380,88,84,3,79
1753890,9,55,-2,81
1754400,73,46,10,71
1754910,96,49,-7,78
1755420,34,38,-2,80
1755930,68,49,6,74
1756440,91,56,4,70
1756950,11,51,-4,74
1757460,75,42,-4,78
1757970,13,97,0,78
1758480,94,88,-2,80
1758990,76,70,-3,83
1759500,99,52,10,73
1760010,19,41,-8,81
1760520,14,3,-2,83
1761030,71,57,5,78
1761540,94,48,0,78
1762050,32,37,-1,79
1762560,14,48,-2,81
1763070,78,39,1,80
1763580,100,42,3,77
1764090,20,41,-6,83
1764600,15,3,-4,87
1765110,72,57,17,70
1765620,95,39,-6,76
1766130,15,28,-5,81
1766640,10,92,0,81
1767150,91,83,-5,86
1767660,73,54,10,76
1768170,96,49,-4,80
1768680,34,38,-2,82
1769190,16,49,4,78
1769700,15,40,-5,83
1770210,10,31,1,82
1770720,91,95,0,82
1771230,73,35,8,74
1771740,14,24,-6,80
1772250,9,31,-1,81
1772760,8,95,-2,83
1773270,89,86,2,81
1773780,71,57,4,77
1774290,94,19,0,77
1774800,9,29,-4,81
1775310,8,93,-1,82
1775820,89,84,9,73
1776330,71,75,-9,82
1776840,94,66,5,77
1777350,32,12,-5,82
1777860,75,19,8,74
1778370,7,8,-8,82
1778880,2,15,5,77
1779390,83,22,-2,79
1779900,21,63,0,79
1780410,20,54,0,79
1780920,19,45,3,76
1781430,14,36,-4,80
1781940,13,100,-3,83
1782450,94,91,5,78
1782960,76,62,-5,83
1783470,99,42,3,80
1783980,37,31,-5,85
1784490,56,42,5,80
1785000,90,49,11,69
1785510,10,52,-12,81
1786020,91,43,9,72
1786530,29,32,-6,78
1787040,11,43,-5,83
1787550,75,34,10,73
1788060,13,37,-9,82
1788570,12,28,6,76
1789080,7,92,-9,85
1789590,88,83,5,80
1790100,70,74,-4,84
1790610,52,65,1,83
1791120,75,56,0,83
1791630,98,51,1,82
1792140,36,40,0,82
1792650,70,51,2,80
1793160,93,58,5,75
1793670,13,53,-3,78
1794180,9,44,0,78
1794690,73,35,1,77
1795200,11,38,-2,79
1795710,6,29,7,72
1796220,70,20,0,72
1796730,8,9,-4,76
1797240,3,16,4,72
1797750,67,17,-1,73
1798260,101,58,-5,78
1798770,21,47,-3,81
1799280,16,9,3,78
1799790,11,20,1,77
1800300,6,84,-5,82
1800810,87,75,5,77
1801320,8,21,0,77
1801830,3,85,-11,88
1802340,42,76,12,76
1802850,76,67,-5,81
1803360,99,58,11,70
1803870,19,61,-14,84
1804380,83,52,9,75
1804890,3,55,-4,79
1805400,67,46,4,75
1805910,101,41,-8,83
1806420,21,30,11,72
1806930,7,94,-13,85
1807440,88,85,3,82
1807950,9,56,0,82
1808460,73,47,6,76
1808970,11,50,-2,78
1809480,75,41,3,75
1809990,13,44,-6,81
1810500,77,35,9,72
1811010,15,24,-8,80
1811520,10,31,0,80
1812030,74,22,5,75
1812540,6,63,-3,78
1813050,70,54,0,78
1813560,2,34,-5,83
1814070,66,25,3,80
1814580,7,66,-5,85
1815090,71,57,6,79
1815600,3,64,2,77
1816110,67,55,-7,84
1816620,101,62,10,74
1817130,21,65,-1,75
1817640,20,56,-5,80
1818150,84,47,1,79
1818660,12,50,0,79
1819170,76,41,5,74
1819680,4,44,2,72
1820190,68,35,-3,75
1820700,6,38,-5,80
1821210,70,29,5,75
1821720,8,70,-7,82
1822230,72,61,1,81
1822740,93,52,-1,82
1823250,31,55,-4,86
1823760,65,46,9,77
1824270,99,53,5,72
1824780,19,42,-5,77
1825290,14,4,-5,82
1825800,98,58,8,74
1826310,18,61,-9,83
1826820,82,52,8,75
1827330,10,55,-8,83
1827840,74,46,9,74
1828350,6,49,-6,80
1828860,70,40,-3,83
1829370,100,43,7,76
1829880,38,32,-4,80
1830390,72,43,4,76
1830900,10,46,-6,82
1831410,74,37,4,78
1831920,2,40,0,78
1832430,66,31,5,73
1832940,4,72,-10,83
1833450,68,63,2,81
1833960,91,74,9,72
1834470,73,20,0,72
1834980,5,61,-5,77
1835490,69,52,-1,78
1836000,1,59,-3,81
1836510,65,50,0,81
1837020,99,57,5,76
1837530,19,20,0,76
1838040,1,31,0,76
1838550,65,22,-1,77
1839060,6,63,-5,82
1839570,70,54,-1,83
1840080,2,34,11,72
1840590,66,25,-6,78
1841100,7,66,-4,82
1841610,71,57,3,79
1842120,94,48,6,73
1842630,14,37,-3,76
1843140,9,28,-4,80
1843650,73,92,-5,85
1844160,55,63,-2,87
1844670,89,54,14,73
1845180,9,49,-4,77
1845690,73,40,1,76
1846200,1,43,1,75
1846710,82,34,2,73
1847220,2,75,-5,78
1847730,83,66,5,73
1848240,2,12,-3,76
1848750,66,61,0,76
1849260,89,72,-2,78
1849770,10,63,0,78
1850280,65,54,-5,83
1850790,99,45,7,76
1851300,19,34,-2,78
1851810,23,98,0,78
1852320,2,89,0,78
1852830,83,80,2,76
1853340,4,71,-7,83
1853850,85,62,8,75
1854360,5,8,-3,78
1854870,9,15,4,74
1855380,4,22,1,73
1855890,85,13,-7,80
1856400,17,23,1,79
1856910,3,87,-5,84
1857420,84,78,5,79
1857930,66,69,-8,87
1858440,89,60,10,77
1858950,9,6,-5,82
1859460,4,13,10,72
1859970,85,20,-10,82
1860480,17,61,-1,83
1860990,81,52,8,75
1861500,9,47,0,75
1862010,73,38,-2,77
1862520,1,41,-4,81
1863030,65,32,0,81
1863540,3,73,1,80
1864050,84,64,-3,83
1864560,4,55,3,80
1865070,68,46,4,76
1865580,0,53,-3,79
1866090,64,44,3,76
1866600,94,39,2,74
1867110,14,80,-5,79
1867620,95,71,4,75
1868130,15,17,1,74
1868640,10,28,-13,87
1869150,9,92,0,87
1869660,90,83,5,82
1870170,11,74,3,79
1870680,75,65,-1,80
1871190,98,56,-1,81
1871700,18,51,1,80
1872210,17,42,3,77
1872720,81,33,3,74
1873230,1,74,-4,78
1873740,82,65,1,77
1874250,3,45,-1,78
1874760,67,36,4,74
1875270,97,39,-3,77
1875780,17,80,-6,83
1876290,81,71,7,76
1876800,2,62,-3,79
1877310,66,53,-4,83
1877820,93,44,11,72
1878330,13,33,-10,82
1878840,77,97,1,81
1879350,100,37,-4,85
1879860,20,78,7,78
1880370,101,71,-1,79
1880880,21,17,-1,80
1881390,16,28,6,74
1881900,11,92,-1,75
1882410,92,83,-7,82
1882920,13,74,7,75
1883430,77,65,-2,77
1883940,100,56,1,76
1884450,20,51,-2,78
1884960,84,42,1,77
1885470,12,31,3,74
1885980,76,95,-9,83
1886490,58,35,-5,88
1887000,92,42,13,75
1887510,12,31,-1,76
1888020,76,22,-2,78
1888530,8,63,-7,85
1889040,7,54,3,82
1889550,71,45,5,77
1890060,101,40,2,75
1890570,20,81,-6,81
1891080,84,72,7,74
1891590,5,18,-3,77
1892100,86,9,2,75
1892610,18,39,-6,81
1893120,82,1,-3,84
1893630,14,31,9,75
1894140,78,95,-9,84
1894650,4,35,5,79
1895160,68,26,1,78
1895670,9,67,-6,84
1896180,73,58,1,83
1896690,101,49,1,82
1897200,21,38,0,82
1897710,85,0,-4,86
1898220,17,30,9,77
1898730,5,94,-3,80
1899240,86,85,-9,89
1899750,7,76,2,87
1900260,71,67,2,85
1900770,94,58,9,76
1901280,14,53,-2,78
1901790,78,44,7,71
1902300,6,39,-7,78
1902810,70,30,3,75
1903320,11,71,-4,79
1903830,75,62,-1,80
1904340,1,53,8,72
1904850,65,44,-4,76
1905360,6,39,-1,77
1905870,70,30,6,71
1906380,92,71,-11,82
1906890,13,17,11,71
1907400,101,24,-4,75
1907910,16,65,-3,78
1908420,80,56,3,75
1908930,0,2,1,74
1909440,11,51,-4,78
1909950,75,42,-1,79
1910460,3,37,-2,81
1910970,67,28,2,79
1911480,8,69,-3,82
1911990,72,60,4,78
1912500,100,51,1,77
1913010,20,46,0,77
1913520,84,37,1,76
1914030,4,78,-5,81
1914540,85,69,2,79
1915050,6,49,0,79
1915560,70,40,3,76
1916070,100,47,-2,78
1916580,20,42,1,77
1917090,84,33,-1,78
1917600,4,74,-1,79
1918110,85,65,-4,83
1918620,11,11,5,78
1919130,6,22,1,77
1919640,70,13,4,73
1920150,2,84,-5,78
1920660,83,75,5,73
1921170,4,66,-2,75
1921680,18,57,-3,78
1922190,82,48,8,70
1922700,10,43,-7,77
1923210,74,34,-2,79
1923720,2,29,1,78
1924230,66,20,4,74
1924740,7,61,-5,79
1925250,71,52,-1,80
1925760,101,14,2,78
1926270,16,24,4,74
1926780,2,88,-4,78
1927290,83,79,-6,84
1927800,4,90,4,80
1928310,85,81,0,80
1928820,6,72,2,78
1929330,87,63,3,75
1929840,7,9,-5,80
1930350,2,58,3,77
1930860,66,49,-4,81
1931370,94,60,5,76
1931880,14,6,-8,84
1932390,7,17,3,81
1932900,71,66,-2,83
1933410,99,77,-1,84
1933920,19,23,6,78
1934430,5,34,-2,80
1934940,86,25,7,73
1935450,6,66,-7,80
1935960,70,57,-4,84
1936470,98,19,12,72
1936980,13,29,-3,75
1937490,8,93,-10,85
1938000,89,84,11,74
1938510,10,1,-8,82
1939020,67,50,-1,83
1939530,95,12,0,83
1940040,10,22,6,77
1940550,74,86,-5,82
1941060,0,77,6,76
1941570,81,68,-7,83
1942080,2,30,6,77
1942590,66,21,0,77
1943100,7,62,-3,80
1943610,71,53,5,75
1944120,101,15,-2,77
1944630,16,25,0,77
1945140,80,36,7,70
1945650,0,31,-13,83
1946160,81,22,2,81
1946670,1,63,6,75
1947180,65,54,-6,81
1947690,93,65,4,77
1948200,13,11,-4,81
1948710,101,22,6,75
1949220,22,32,1,74
1949730,4,96,-8,82
1950240,85,87,-7,89
1950750,6,49,14,75
1951260,70,40,4,71
1951770,100,35,-8,79
1952280,20,76,-5,84
1952790,84,67,3,81
1953300,4,29,7,74
1953810,68,20,5,69
1954320,9,61,-11,80
1954830,73,52,0,80
1955340,1,14,11,69
1955850,65,7,-10,79
1956360,1,78,4,75
1956870,82,69,-1,76
1957380,3,15,1,75
1957890,67,64,-6,81
1958400,84,75,3,78
1958910,5,66,-6,84
1959420,69,57,-1,85
1959930,97,68,10,75
1960440,17,14,-4,79
1960950,12,25,1,78
1961460,7,89,-1,79
1961970,88,80,-2,81
1962480,9,44,-1,82
1962990,73,35,5,77
1963500,1,30,3,74
1964010,65,21,2,72
1964520,6,62,-10,82
1965030,70,53,5,77
1965540,98,15,5,72
1966050,13,86,-10,82
1966560,94,77,3,79
1967070,15,23,-2,81
1967580,99,87,2,79
1968090,20,98,1,78
1968600,101,89,3,75
1969110,22,35,-3,78
1969620,4,99,-1,79
1970130,85,90,0,79
1970640,6,30,1,78
1971150,70,21,4,74
1971660,92,62,0,74
1972170,12,70,-3,77
1972680,76,61,1,76
1973190,99,23,1,75
1973700,20,64,-6,81
1974210,101,55,5,76
1974720,21,50,-4,80
1975230,77,41,7,73
1975740,5,68,-4,77
1976250,69,59,-1,78
1976760,92,70,6,72
1977270,13,16,-4,76
1977780,8,27,5,71
1978290,72,18,-4,75
1978800,95,59,1,74
1979310,23,5,-4,78
1979820,80,30,6,72
1980330,0,71,-4,76
1980840,81,62,3,73
1981350,2,8,0,73
1981860,66,57,-8,81
1982370,94,68,11,70
1982880,15,14,-5,75
1983390,10,25,-3,78
1983900,5,89,-2,80
1984410,86,80,-3,83
1984920,7,91,5,78
1985430,88,82,1,77
1985940,9,93,2,75
1986450,90,84,-2,77
1986960,11,95,0,77
1987470,92,86,-5,82
1987980,13,97,1,81
1988490,94,88,1,80
1989000,15,99,2,78
1989510,96,90,-11,89
1990020,17,101,10,79
1990530,98,92,-4,83
1991040,19,1,-2,85
1991550,76,50,9,76
1992060,99,98,-2,78
1992570,20,38,1,77
1993080,84,0,-7,84
1993590,66,30,13,71
1994100,7,71,-8,79
1994610,71,72,0,79
1995120,94,83,3,76
1995630,15,29,0,76
1996140,10,93,-9,85
1996650,91,84,0,85
1997160,12,95,4,81
1997670,93,86,-4,85
1998180,14,97,8,77
1998690,95,88,-6,83
1999200,16,99,2,81
1999710,97,90,3,78
2000220,18,101,-3,81
2000730,99,92,1,80
2001240,20,1,-2,82
2001750,77,50,4,78
2002260,100,45,5,73
2002770,28,40,-10,83
2003280,62,2,4,79
2003790,17,32,2,77
2004300,12,96,-5,82
2004810,93,87,0,82
2005320,14,98,-1,83
2005830,95,89,3,80
2006340,77,100,-5,85
2006850,59,40,5,80
2007360,70,51,4,76
2007870,93,62,-2,78
2008380,14,8,-2,80
2008890,9,19,10,70
2009400,4,30,-11,81
2009910,85,21,1,80
2010420,6,62,-1,81
2010930,70,53,2,79
2011440,93,64,4,75
2011950,14,10,-5,80
2012460,9,21,6,74
2012970,4,85,-4,78
2013480,85,76,-3,81
2013990,6,87,0,81
2014500,87,78,2,79
2015010,8,89,-3,82
2015520,89,80,0,82
2016030,10,91,-5,87
2016540,91,82,7,80
2017050,12,64,-3,83
2017560,76,55,8,75
2018070,99,1,-1,76
2018580,56,31,-4,80
2019090,99,42,3,77
2019600,27,31,-2,79
2020110,9,42,2,77
2020620,73,33,5,72
2021130,14,74,-3,75
2021640,95,65,-2,77
2022150,98,11,0,77
2022660,80,82,-2,79
2023170,1,93,-2,81
2023680,82,84,2,79
2024190,3,95,-2,81
2024700,84,86,1,80
2025210,5,97,1,79
2025720,55,88,-1,80
2026230,83,71,-4,84
2026740,4,82,6,78
2027250,85,98,-3,81
2027760,67,38,1,80
2028270,8,49,3,77
2028780,72,40,-1,78
2029290,0,35,4,74
2029800,81,26,0,74
2030310,2,67,-4,78
2030820,83,71,-1,79
2031330,4,82,0,79
2031840,85,73,-1,80
2032350,6,84,-1,81
2032860,87,75,4,77
2033370,8,86,-8,85
2033880,89,77,8,77
2034390,10,88,-10,87
2034900,91,79,11,76
2035410,12,90,-6,82
2035920,93,81,8,74
2036430,75,92,0,74
2036940,57,32,-2,76
2037450,100,43,-2,78
2037960,21,32,-2,80
2038470,16,43,0,80
2038980,11,34,4,76
2039490,6,25,-3,79
2040000,70,74,-8,87
2040510,98,85,8,79
2041020,19,96,4,75
2041530,100,87,-7,82
2042040,82,98,2,80
2042550,64,38,7,73
2043060,92,33,-3,76
2043570,13,74,-2,78
2044080,94,65,8,70
2044590,15,11,-10,80
2045100,10,22,4,76
2045610,5,86,-5,81
2046120,86,77,6,75
2046630,7,88,-9,84
2047140,88,79,-3,87
2047650,9,90,1,86
2048160,90,81,6,80
2048670,11,92,0,80
2049180,92,83,3,77
2049690,13,94,-6,83
2050200,94,85,3,80
2050710,15,96,0,80
2051220,96,87,-1,81
2051730,17,98,3,78
2052240,98,89,0,78
2052750,19,100,-7,85
2053260,100,91,9,76
2053770,21,0,-3,79
2054280,78,49,1,78
2054790,101,55,-1,79
2055300,22,50,1,78
2055810,86,41,-3,81
2056320,14,36,-2,83
2056830,9,100,0,83
2057340,90,91,5,78
2057850,11,0,0,78
2058360,95,49,1,77
2058870,23,44,0,77
2059380,18,6,-1,78
2059890,75,17,2,76
2060400,7,27,-2,78
2060910,2,18,5,73
2061420,66,9,-9,82
2061930,100,80,4,78
2062440,21,26,4,74
2062950,3,37,-5,79
2063460,67,28,7,72
2063970,8,69,-4,76
2064480,72,60,-9,85
2064990,100,91,3,82
2065500,21,0,1,81
2066010,78,49,5,76
2066520,101,44,1,75
2067030,21,33,-6,81
2067540,16,97,2,79
2068050,97,88,-7,86
2068560,18,99,5,81
2069070,99,90,-3,84
2069580,81,101,7,77
2070090,63,41,-6,83
2070600,91,52,4,79
2071110,19,58,1,78
2071620,83,49,9,69
2072130,3,55,-9,78
2072640,67,46,-3,81
2073150,95,57,6,75
2073660,16,63,-4,79
2074170,80,54,0,79
2074680,1,65,-1,80
2075190,82,56,11,69
2075700,3,2,-8,77
2076210,100,51,2,75
2076720,2,46,-4,79
2077230,66,37,1,78
2077740,89,32,1,77
2078250,9,73,-3,80
2078760,73,64,4,76
2079270,96,75,-5,81
2079780,17,97,0,81
2080290,98,88,-1,82
2080800,19,99,2,80
2081310,100,90,1,79
2081820,21,101,0,79
2082330,0,92,0,79
2082840,81,83,-9,88
2083350,2,94,5,83
2083860,83,85,-3,86
2084370,4,96,2,84
2084880,85,87,2,82
2085390,6,98,4,78
2085900,87,89,-8,86
2086410,8,100,3,83
2086920,89,91,-4,87
2087430,10,0,8,79
2087940,67,49,2,77
2088450,95,60,2,75
2088960,15,66,-8,83
2089470,79,57,5,78
2089980,0,37,3,75
2090490,64,28,-3,78
2091000,5,69,-3,81
2091510,69,20,5,76
2092020,10,61,-2,78
2092530,74,52,5,73
2093040,97,63,-2,75
2093550,18,9,-3,78
2094060,75,20,1,77
2094570,97,61,3,74
2095080,18,67,-15,89
2095590,82,58,16,73
2096100,3,4,-1,74
2096610,100,53,0,74
2097120,20,48,-3,77
2097630,84,39,2,75
2098140,4,80,-2,77
2098650,85,71,3,74
2099160,6,82,-9,83
2099670,87,73,3,80
2100180,8,84,0,80
2100690,89,75,4,76
2101200,10,86,-5,81
2101710,91,77,6,75
2102220,12,88,-5,80
2102730,93,79,6,74
2103240,14,90,-4,78
2103750,95,81,0,78
2104260,77,92,-6,84
2104770,100,63,3,81
2105280,21,9,-3,84
2105790,77,20,11,73
2106300,99,98,-9,82
2106810,81,7,2,80
2107320,13,17,2,78
2107830,8,28,2,76
2108340,72,19,0,76
2108850,13,60,-8,84
2109360,77,51,11,73
2109870,100,62,2,71
2110380,20,8,-12,83
2110890,77,19,7,76
2111400,100,60,0,76
2111910,20,66,-5,81
2112420,84,57,3,78
2112930,5,3,-6,84
2113440,62,52,0,84
2113950,90,63,8,76
2114460,11,9,-2,78
2114970,6,20,-1,79
2115480,70,84,-9,88
2115990,66,55,5,83
2116500,94,66,3,80
2117010,15,12,-3,83
2117520,10,23,8,75
2118030,5,87,-6,81
2118540,86,78,-1,82
2119050,7,89,5,77
2119560,88,80,-8,85
2120070,9,91,3,82
2120580,90,82,1,81
2121090,11,93,0,81
2121600,92,84,9,72
2122110,74,95,-12,84
2122620,56,66,5,79
2123130,38,37,-9,88
2123640,20,48,3,85
2124150,15,39,2,83
2124660,10,1,4,79
2125170,67,58,-2,81
2125680,95,69,6,75
2126190,16,15,0,75
2126700,11,26,1,74
2127210,6,90,-5,79
2127720,87,81,-2,81
2128230,8,92,-2,83
2128740,89,83,2,81
2129250,10,94,-3,84
2129760,91,85,0,84
2130270,12,96,5,79
2130780,93,87,2,77
2131290,14,98,-4,81
2131800,95,89,4,77
2132310,16,100,-8,85
2132820,97,91,10,75
2133330,79,0,-3,78
2133840,11,30,1,77
2134350,75,94,-7,84
2134860,57,65,-8,92
2135370,85,76,8,84
2135880,6,87,1,83
2136390,87,78,-1,84
2136900,8,89,5,79
2137410,89,80,-4,83
2137920,10,91,4,79
2138430,91,82,3,76
2138940,73,93,-3,79
2139450,55,33,-3,82
2139960,66,44,2,80
2140470,94,55,8,72
2140980,22,61,-7,79
2141490,95,52,9,70
2142000,23,47,-16,86
2142510,87,9,12,74
2143020,19,19,-5,79
2143530,1,30,7,72
2144040,65,21,-2,74
2144550,6,62,-6,80
2145060,70,53,2,78
2145570,98,15,3,75
2146080,73,25,-1,76
2146590,1,66,-5,81
2147100,82,57,-1,82
2147610,3,3,6,76
2148120,98,52,5,71
2148630,26,58,-6,77
2149140,60,49,-3,80
2149650,88,60,2,78
2150160,97,6,1,77
2150670,79,36,7,70
2151180,7,25,-2,72
2151690,71,16,-4,76
2152200,3,57,-3,79
2152710,84,48,7,72
2153220,12,54,-13,85
2153730,76,45,5,80
2154240,4,51,2,78
2154750,68,42,-1,79
2155260,98,48,7,72
2155770,26,37,-14,86
2156280,8,101,3,83
2156790,89,92,-1,84
2157300,71,63,2,82
2157810,94,74,5,77
2158320,76,20,4,73
2158830,8,61,-4,77
2159340,72,52,-3,80
2159850,0,14,3,77
2160360,81,63,1,76
2160870,2,25,-8,84
2161380,83,74,1,83
2161890,65,85,-7,90
2162400,36,25,6,84
2162910,55,36,6,78
2163420,85,100,-2,80
2163930,67,71,2,78
2164440,90,33,10,68
2164950,18,74,-8,76
2165460,99,65,-4,80
2165970,6,11,5,75
2166480,1,60,-2,77
2166990,82,51,0,77
2167500,86,57,-1,78
2168010,95,3,1,77
2168520,77,33,3,74
2169030,5,74,-7,81
2169540,86,65,3,78
2170050,7,11,3,75
2170560,2,60,-2,77
2171070,83,51,5,72
2171580,11,57,-8,80
2172090,75,48,10,70
2172600,3,96,-6,76
2173110,84,92,-11,87
2173620,66,63,4,83
2174130,89,25,3,80
2174640,17,66,0,80
2175150,81,57,-3,83
2175660,9,19,11,72
2176170,4,83,-6,78
2176680,85,74,2,76
2177190,67,36,0,76
2177700,97,39,2,74
2178210,25,80,-4,78
2178720,7,71,-5,83
2179230,88,62,9,74
2179740,97,8,-7,81
2180250,79,38,5,76
2180760,7,27,-1,77
2181270,71,18,3,74
2181780,3,59,-1,75
2182290,84,50,4,71
2182800,12,56,-12,83
2183310,76,47,13,70
2183820,4,53,-8,78
2184330,68,44,1,77
2184840,98,6,-11,88
2185350,80,36,13,75
2185860,8,25,3,72
2186370,72,89,-10,82
2186880,54,60,0,82
2187390,36,22,-3,85
2187900,93,29,7,78
2188410,21,70,-5,83
2188920,0,61,9,74
2189430,81,52,-5,79
2189940,9,58,-4,83
2190450,73,49,4,79
2190960,26,97,-8,87
2191470,5,88,3,84
2191980,86,79,10,74
2192490,68,66,-8,82
2193000,50,28,3,79
2193510,80,47,5,74
2194020,8,53,-10,84
2194530,89,44,8,76
2195040,17,33,-7,83
2195550,12,97,2,81
2196060,93,88,-2,83
2196570,75,69,1,82
2197080,57,31,8,74
2197590,87,50,-1,75
2198100,15,56,-5,80
2198610,42,47,-1,81
2199120,76,9,5,76
2199630,8,39,-1,77
2200140,72,30,10,67
2200650,0,19,-4,71
2201160,81,10,-8,79
2201670,13,40,0,79
2202180,17,31,2,77
2202690,12,95,-4,81
2203200,93,86,1,80
2203710,75,67,1,79
2204220,57,29,5,74
2204730,100,48,0,74
2205240,28,37,-5,79
2205750,10,101,-5,84
2206260,91,92,7,77
2206770,73,63,-5,82
2207280,55,25,0,82
2207790,93,44,9,73
2208300,21,33,-1,74
2208810,3,97,-13,87
2209320,84,88,10,77
2209830,66,59,-7,84
2210340,48,21,7,77
2210850,86,40,0,77
2211360,14,29,-1,78
2211870,9,93,-2,80
2212380,90,84,-3,83
2212890,72,65,5,78
2213400,95,27,5,73
2213910,23,68,-6,79
2214420,87,59,1,78
2214930,96,5,3,75
2215440,78,35,3,72
2215950,6,24,-9,81
2216460,87,15,8,73
2216970,69,45,-4,77
2217480,99,51,4,73
2217990,27,40,-5,78
2218500,9,2,6,72
2219010,66,51,-9,81
2219520,100,13,5,76
2220030,82,43,1,75
2220540,95,32,0,75
2221050,23,21,-3,78
2221560,5,32,3,75
2222070,69,23,0,75
2222580,5,64,-1,76
2223090,86,55,0,76
2223600,95,61,3,73
2224110,77,67,-9,82
2224620,59,29,8,74
2225130,97,48,-1,75
2225640,25,37,-8,83
2226150,7,101,4,79
2226660,88,92,2,77
2227170,70,63,-1,78
2227680,52,44,-9,87
2228190,71,6,6,81
2228700,53,36,-1,82
2229210,72,100,5,77
2229720,54,40,-8,85
2230230,88,2,6,79
2230740,70,32,8,71
2231250,6,73,-10,81
2231760,70,64,-4,85
2232270,93,26,4,81
2232780,18,67,-2,83
2233290,82,58,7,76
2233800,91,86,-2,78
2234310,73,57,2,76
2234820,96,19,6,70
2235330,78,49,-4,74
2235840,6,55,-4,78
2236350,70,46,1,77
2236860,100,52,9,68
2237370,28,58,-15,83
2237880,62,49,1,82
2238390,90,11,4,78
2238900,72,41,-5,83
2239410,0,47,10,73
2239920,64,38,-7,80
2240430,94,44,8,72
2240940,22,33,-5,77
2241450,4,97,-1,78
2241960,85,88,-6,84
2242470,67,69,5,79
2242980,49,40,-7,86
2243490,70,2,2,84
2244000,2,32,2,82
2244510,66,23,3,79
2245020,2,64,2,77
2245530,83,55,-1,78
2246040,92,61,6,72
2246550,101,7,-9,81
2247060,83,37,6,75
2247570,11,78,-4,79
2248080,92,69,4,75
2248590,74,15,-4,79
2249100,6,45,4,75
2249610,70,36,-2,77
2250120,100,42,1,76
2250630,28,31,-1,77
2251140,10,95,-6,83
2251650,91,86,-1,84
2252160,73,67,-3,87
2252670,55,29,10,77
2253180,85,48,5,72
2253690,13,54,-8,80
2254200,77,45,2,78
2254710,5,51,-4,82
2255220,69,42,5,77
2255730,99,48,-2,79
2256240,27,37,-3,82
2256750,9,101,-2,84
2257260,90,92,5,79
2257770,72,63,-1,80
2258280,95,25,0,80
2258790,20,66,-2,82
2259300,84,57,5,77
2259810,93,3,-4,81
2260320,75,33,7,74
2260830,3,74,-9,83
2261340,84,65,8,75
2261850,93,11,-2,77
2262360,75,41,4,73
2262870,3,47,-7,80
2263380,67,38,1,79
2263890,97,33,2,77
2264400,22,74,-6,83
2264910,1,65,5,78
2265420,82,56,3,75
2265930,91,2,-2,77
2266440,73,32,1,76
2266950,86,73,-5,81
2267460,68,19,2,79
2267970,95,60,-1,80
2268480,2,66,2,78
2268990,83,57,1,77
2269500,92,3,-7,84
2270010,74,33,16,68
2270520,82,74,-18,86
2271030,64,36,10,76
2271540,90,42,6,70
2272050,18,31,-11,81
2272560,22,95,3,78
2273070,1,86,-8,86
2273580,82,77,-1,87
2274090,64,39,5,82
2274600,91,34,8,74
2275110,16,75,0,74
2275620,80,66,-4,78
2276130,1,28,3,75
2276640,65,19,-6,81
2277150,1,60,1,80
2277660,65,51,-2,82
2278170,93,13,8,74
2278680,75,43,-7,81
2279190,3,49,-1,82
2279700,67,40,1,81
2280210,94,46,6,75
2280720,14,35,-5,80
2281230,18,99,-5,85
2281740,26,90,4,81
2282250,5,81,-4,85
2282760,69,72,2,83
2283270,92,34,3,80
2283780,17,75,1,79
2284290,98,66,-2,81
2284800,5,12,3,78
2285310,69,61,3,75
2285820,92,23,-3,78
2286330,17,64,-3,81
2286840,81,55,7,74
2287350,90,1,-7,81
2287860,72,31,4,77
2288370,99,72,1,76
2288880,6,18,-7,83
2289390,10,67,2,81
2289900,74,58,7,74
2290410,83,4,-3,77
2290920,65,34,1,76
2291430,92,29,-4,80
2291940,17,70,-3,83
2292450,81,61,5,78
2292960,90,23,-4,82
2293470,15,64,4,78
2293980,79,55,2,76
2294490,88,17,0,76
2295000,12,27,2,74
2295510,16,12,-4,78
2296020,100,19,1,77
2296530,24,49,0,77
2297040,88,11,-7,84
2297550,12,41,-1,85
2298060,76,32,11,74
2298570,98,73,-1,75
2299080,80,19,2,73
2299590,5,60,-7,80
2300100,69,51,-1,81
2300610,99,13,4,77
2301120,81,43,9,68
2301630,9,38,-17,85
2302140,73,29,7,78
2302650,14,70,0,78
2303160,95,61,0,78
2303670,2,7,-4,82
2304180,66,56,1,81
2304690,94,18,7,74
2305200,18,28,-3,77
2305710,0,92,-8,85
2306220,81,83,-1,86
2306730,2,45,7,79
2307240,66,36,3,76
2307750,7,31,2,74
2308260,71,22,-4,78
2308770,12,63,-1,79
2309280,76,54,-3,82
2309790,85,16,6,76
2310300,9,57,1,75
2310810,73,48,-2,77
2311320,82,10,-3,80
2311830,6,40,-2,82
2312340,70,31,-3,85
2312850,11,26,14,71
2313360,75,90,-10,81
2313870,57,81,0,81
2314380,84,72,2,79
2314890,66,34,-2,81
2315400,7,29,-1,82
2315910,71,20,10,72
2316420,98,61,-4,76
2316930,5,7,-1,77
2317440,69,56,0,77
2317950,97,18,2,75
2318460,21,28,-2,77
2318970,63,92,1,76
2319480,90,83,-9,85
2319990,11,45,11,74
2320500,75,36,-6,80
2321010,3,31,2,78
2321520,67,22,0,78
2322030,8,63,-2,80
2322540,72,54,3,77
2323050,0,16,2,75
2323560,64,7,-4,79
2324070,90,37,4,75
2324580,18,26,-3,78
2325090,0,90,0,78
2325600,81,81,-6,84
2326110,63,43,8,76
2326620,4,5,-3,79
2327130,99,54,4,75
2327640,27,49,-3,78
2328150,61,11,0,78
2328660,62,84,-3,81
2329170,90,75,5,76
2329680,72,21,2,74
2330190,99,62,3,71
2330700,6,8,-12,83
2331210,10,57,8,75
2331720,74,48,-6,81
2332230,101,10,3,78
2332740,83,40,4,74
2333250,11,29,-5,79
2333760,15,93,-2,81
2334270,23,84,-4,85
2334780,2,75,4,81
2335290,83,66,2,79
2335800,92,28,5,74
2336310,17,69,-9,83
2336820,81,60,7,76
2337330,90,22,-1,77
2337840,14,63,-2,79
2338350,78,54,1,78
2338860,87,16,0,78
2339370,11,46,-10,88
2339880,75,37,12,76
2340390,3,32,-4,80
2340900,67,23,7,73
2341410,8,64,-7,80
2341920,72,55,-1,81
2342430,81,17,3,78
2342940,5,47,-1,79
2343450,69,38,2,77
2343960,99,33,5,72
2344470,19,22,-4,76
2344980,1,29,3,73
2345490,65,20,-3,76
2346000,6,61,-2,78
2346510,70,52,0,78
2347020,100,14,6,72
2347530,82,44,-4,76
2348040,10,39,1,75
2348550,74,30,2,73
2349060,2,19,-7,80
2349570,66,10,3,77
2350080,92,40,2,75
2350590,20,29,2,73
2351100,2,93,-10,83
2351610,83,84,-5,88
2352120,65,46,9,79
2352630,6,8,-2,81
2353140,70,57,3,78
2353650,98,19,2,76
2354160,22,49,-6,82
2354670,86,40,6,76
2355180,6,60,1,75
2355690,70,51,-1,76
2356200,100,13,5,71
2356710,82,43,-6,77
2357220,10,49,-2,79
2357730,74,40,-1,80
2358240,2,35,4,76
2358750,66,26,0,76
2359260,7,25,5,71
2359770,71,16,-1,72
2360280,97,89,-6,78
2360790,79,51,2,76
2361300,88,13,-3,79
2361810,12,43,-1,80
2362320,76,34,4,76
2362830,4,29,4,72
2363340,68,20,-5,77
2363850,82,9,-4,81
2364360,6,39,8,73
2364870,70,30,-3,76
2365380,11,50,1,75
2365890,75,41,-4,79
2366400,3,36,2,77
2366910,67,27,-2,79
2367420,8,2,2,77
2367930,65,51,-6,83
2368440,6,13,4,79
2368950,70,62,6,73
2369460,93,24,-3,76
2369970,17,54,-3,79
2370480,81,45,6,73
2370990,9,51,-4,77
2371500,73,42,-2,79
2372010,1,48,2,77
2372520,65,39,2,75
2373030,6,1,-9,84
2373540,101,50,7,77
2374050,29,70,-6,83
2374560,63,61,5,78
2375070,91,23,8,70
2375580,15,33,-4,74
2376090,79,97,-10,84
2376600,61,88,-4,88
2377110,89,79,4,84
2377620,71,41,15,69
2378130,101,47,-9,78
2378640,21,36,-3,81
2379150,85,100,-5,86
2379660,67,91,1,85
2380170,95,82,8,77
2380680,77,44,2,75
2381190,86,50,2,73
2381700,14,56,-6,79
2382210,78,47,6,73
2382720,87,53,-2,75
2383230,96,59,4,71
2383740,3,5,-8,79
2384250,67,54,2,77
2384760,95,16,5,72
2385270,19,46,-3,75
2385780,83,37,1,74
2386290,3,57,-4,78
2386800,67,48,-5,83
2387310,95,10,8,75
2387820,77,40,-1,76
2388330,5,46,-7,83
2388840,69,37,7,76
2389350,99,43,-4,80
2389860,19,63,-1,81
2390370,83,54,3,78
2390880,92,16,4,74
2391390,16,46,-3,77
2391900,80,37,4,73
2392410,8,57,-4,77
2392920,72,48,-1,78
2393430,81,10,-2,80
2393940,5,40,6,74
2394450,69,31,-1,75
2394960,99,51,1,74
2395470,27,71,-12,86
2395980,91,62,15,71
2396490,100,8,-3,74
2397000,82,38,3,71
2397510,10,58,-5,76
2398020,74,49,-1,77
2398530,83,11,-4,81
2399040,7,41,5,76
2399550,71,32,4,72
2400060,101,52,-5,77
2400570,52,72,-7,84
2401080,80,63,6,78
2401590,89,25,-3,81
2402100,14,72,-1,82
2402610,78,63,-2,84
2403120,87,25,6,78
2403630,12,66,0,78
2404140,76,57,-1,79
2404650,85,19,3,76
2405160,9,49,-9,85
2405670,73,40,11,74
2406180,1,46,-1,75
2406690,65,37,-5,80
2407200,6,101,-4,84
2407710,87,92,4,80
2408220,69,83,-5,85
2408730,97,74,10,75
2409240,4,20,0,75
2409750,68,69,-4,79
2410260,96,31,4,75
2410770,21,51,-10,85
2411280,85,42,12,73
2411790,13,62,-1,74
2412300,77,53,-4,78
2412810,86,15,1,77
2413320,10,45,-5,82
2413830,74,36,10,72
2414340,2,56,-1,73
2414850,66,47,-11,84
2415360,94,9,8,76
2415870,76,39,5,71
2416380,4,59,-3,74
2416890,91,50,0,74
2417400,100,56,-3,77
2417910,28,62,-2,79
2418420,92,53,2,77
2418930,101,59,-1,78
2419440,8,65,0,78
2419950,72,56,0,78
2420460,100,18,8,70
2420970,82,48,-6,76
2421480,91,54,5,71
2421990,100,60,-5,76
2422500,7,80,-4,80
2423010,88,71,10,70
2423520,97,17,-3,73
2424030,79,47,-3,76
2424540,88,53,4,72
2425050,97,59,-5,77
2425560,4,79,-3,80
2426070,85,70,-2,82
2426580,94,32,14,68
2427090,19,52,-11,79
2427600,83,43,9,70
2428110,11,63,-1,71
2428620,75,54,-11,82
2429130,84,16,9,73
2429640,8,46,-6,79
2430150,72,37,4,75
2430660,0,40,2,73
2431170,64,31,-9,82
2431680,5,51,5,77
2432190,69,42,0,77
2432700,78,48,8,69
2433210,87,54,-6,75
2433720,96,60,1,74
2434230,3,80,-3,77
2434740,84,71,-7,84
2435250,93,33,8,76
2435760,18,53,-8,84
2436270,82,44,12,72
2436780,10,64,-1,73
2437290,74,55,-3,76
2437800,0,1,-8,84
2438310,11,50,2,82
2438820,75,41,9,73
2439330,84,44,-1,74
2439840,93,64,2,72
2440350,0,10,-1,73
2440860,64,59,-5,78
2441370,92,70,2,76
2441880,101,16,0,76
2442390,83,46,0,76
2442900,92,66,4,72
2443410,101,12,-4,76
2443920,83,42,0,76
2444430,11,62,-5,81
2444940,75,53,5,76
2445450,84,101,3,73
2445960,66,41,-8,81
2446470,7,44,-4,85
2446980,71,35,11,74
2447490,12,55,-7,81
2448000,76,46,2,79
2448510,85,66,3,76
2449020,94,12,-3,79
2449530,76,42,-7,86
2450040,17,45,9,77
2450550,81,36,-1,78
2451060,27,56,3,75
2451570,61,47,-6,81
2452080,89,9,-2,83
2452590,71,39,7,76
2453100,17,42,-10,86
2453610,81,33,12,74
2454120,27,53,-11,85
2454630,61,44,7,78
2455140,2,6,-3,81
2455650,66,55,1,80
2456160,94,17,4,76
2456670,18,47,-2,78
2457180,82,38,5,73
2457690,10,58,-12,85
2458200,74,49,9,76
2458710,83,97,-7,83
2459220,65,88,-1,84
2459730,93,79,-1,85
2460240,75,25,6,79
2460750,16,45,7,72
2461260,80,36,-5,77
2461770,21,56,-3,80
2462280,85,47,4,76
2462790,94,67,-4,80
2463300,1,13,5,75
2463810,65,62,-6,81
2464320,93,73,8,73
2464830,0,19,-8,81
2465340,81,10,0,81
2465850,6,40,3,78
2466360,70,31,2,76
2466870,11,51,-4,80
2467380,75,42,3,77
2467890,16,62,-3,80
2468400,80,53,-1,81
2468910,89,101,-6,87
2469420,71,92,6,81
2469930,53,83,-3,84
2470440,81,74,3,81
2470950,63,36,2,79
2471460,4,39,6,73
2471970,68,30,-4,77
2472480,9,50,-3,80
2472990,73,41,1,79
2473500,19,61,-2,81
2474010,83,52,3,78
2474520,92,72,3,75
2475030,101,18,4,71
2475540,83,48,-8,79
2476050,92,68,2,77
2476560,101,14,-3,80
2477070,83,44,10,70
2477580,29,64,-16,86
2478090,63,55,2,84
2478600,91,17,5,79
2479110,15,47,5,74
2479620,79,38,-1,75
2480130,7,58,-10,85
2480640,71,49,7,78
2481150,80,11,-2,80
2481660,5,41,7,73
2482170,69,32,-6,79
2482680,10,52,0,79
2483190,74,43,7,72
2483700,20,63,-9,81
2484210,84,54,9,72
2484720,93,0,-9,81
2485230,75,30,3,78
2485740,16,50,-3,81
2486250,80,41,8,73
2486760,8,61,-6,79
2487270,72,52,5,74
2487780,81,14,-6,80
2488290,5,44,6,74
2488800,69,35,-2,76
2489310,10,55,-6,82
2489820,74,46,6,76
2490330,83,66,-4,80
2490840,92,12,4,76
2491350,74,42,1,75
2491860,2,45,1,74
2492370,66,36,-5,79
2492880,7,39,3,76
2493390,71,30,-2,78
2493900,12,50,-2,80
2494410,76,41,6,74
2494920,4,61,-1,75
2495430,68,52,-1,76
2495940,9,14,-9,85
2496450,73,63,9,76
2496960,101,25,-4,80
2497470,26,66,-1,81
2497980,45,57,-5,86
2498490,73,19,9,77
2499000,36,60,-5,82
2499510,64,51,2,80
2500020,92,13,5,75
2500530,74,43,1,74
2501040,83,63,4,70
2501550,92,9,-2,72
2502060,74,39,-9,81
2502570,15,42,3,78
2503080,79,33,5,73
2503590,25,53,-7,80
2504100,89,44,6,74
2504610,17,64,-6,80
2505120,81,55,4,76
2505630,90,1,1,75
2506140,72,31,1,74
2506650,13,51,-3,77
2507160,77,42,4,73
2507670,5,62,-2,75
2508180,69,53,-1,76
2508690,97,15,1,75
2509200,79,45,-2,77
2509710,88,65,1,76
2510220,97,97,-2,78
2510730,18,68,-2,80
2511240,82,59,2,78
2511750,91,5,-4,82
2512260,73,35,10,72
2512770,1,55,-7,79
2513280,65,46,3,76
2513790,6,8,1,75
2514300,1,57,0,75
2514810,65,48,1,74
2515320,80,10,-4,78
2515830,5,40,2,76
2516340,69,31,1,75
2516850,10,51,-4,79
2517360,74,42,4,75
2517870,12,45,-8,83
2518380,76,36,6,77
2518890,17,39,-6,83
2519400,81,1,-1,84
2519910,63,31,7,77
2520420,4,34,3,74
2520930,68,25,-5,79
2521440,9,45,-3,82
2521950,73,36,6,76
2522460,14,39,-2,78
2522970,78,30,2,76
2523480,6,50,-2,78
2523990,70,41,2,76
2524500,79,44,1,75
2525010,7,47,-9,84
2525520,71,38,6,78
2526030,12,41,-2,80
2526540,76,32,10,70
2527050,4,52,-6,76
2527560,68,54,-6,82
2528070,96,16,3,79
2528580,78,26,4,75
2529090,3,67,-2,77
2529600,67,58,-5,82
2530110,95,20,5,77
2530620,77,50,0,77
2531130,86,53,3,74
2531640,95,56,1,73
2532150,2,76,-4,77
2532660,83,67,2,75
2533170,92,13,2,73
2533680,74,43,-7,80
2534190,83,46,8,72
2534700,11,49,-4,76
2535210,75,40,-4,80
2535720,3,43,-8,88
2536230,67,34,16,72
2536740,22,37,-9,81
2537250,86,101,4,77
2537760,68,72,-4,81
2538270,96,43,1,80
2538780,24,63,5,75
2539290,88,54,-2,77
2539800,97,74,0,77
2540310,4,20,0,77
2540820,68,11,-5,82
2541330,9,41,-2,84
2541840,73,32,10,74
2542350,1,35,-6,80
2542860,65,26,3,77
2543370,6,29,-4,81
2543880,70,20,7,74
2544390,11,61,-2,76
2544900,75,52,-4,80
2545410,84,14,6,74
2545920,66,44,-4,78
2546430,75,6,3,75
2546940,57,36,-3,78
2547450,100,39,-2,80
2547960,28,59,-3,83
2548470,92,50,8,75
2548980,101,70,-2,77
2549490,8,16,2,75
2550000,72,23,1,74
2550510,13,64,-3,77
2551020,77,55,-2,79
2551530,86,17,-4,83
2552040,10,47,-1,84
2552550,74,38,9,75
2553060,2,41,1,74
2553570,66,32,-7,81
2554080,7,35,8,73
2554590,71,26,-2,75
2555100,12,67,-9,84
2555610,76,58,6,78
2556120,2,20,5,73
2556630,66,11,-9,82
2557140,67,84,-3,85
2557650,95,55,11,74
2558160,2,75,-2,76
2558670,83,66,-3,79
2559180,92,28,1,78
2559690,22,69,-1,79
2560200,23,60,-1,80
2560710,87,51,6,74
2561220,96,54,2,72
2561730,24,57,-8,80
2562240,5,48,4,76
2562750,69,39,1,75
2563260,99,42,-1,76
2563770,27,45,0,76
2564280,32,7,-7,83
2564790,33,32,4,79
2565300,54,43,-1,80
2565810,82,5,3,77
2566320,64,35,-4,81
2566830,5,38,-2,83
2567340,69,29,10,73
2567850,10,32,-10,83
2568360,74,23,6,77
2568870,15,53,-5,82
2569380,79,44,6,76
2569890,7,47,1,75
2570400,71,38,-5,80
2570910,101,41,1,79
2571420,29,44,-3,82
2571930,63,6,2,80
2572440,64,36,2,78
2572950,5,39,-5,83
2573460,69,30,-1,84
2573970,10,33,4,80
2574480,74,24,5,75
2574990,4,65,-4,79
2575500,68,56,-3,82
2576010,96,18,6,76
2576520,78,48,0,76
2577030,87,51,5,71
2577540,15,54,-7,78
2578050,79,45,6,72
2578560,88,48,2,70
2579070,16,51,-12,82
2579580,80,42,5,77
2580090,8,45,2,75
2580600,72,36,-5,80
2581110,0,39,3,77
2581620,81,30,3,74
2582130,9,71,-3,77
2582640,73,62,-1,78
2583150,101,24,6,72
2583660,35,65,-12,84
2584170,63,56,1,83
2584680,91,18,7,76
2585190,73,48,1,75
2585700,82,51,4,71
2586210,91,54,-2,73
2586720,100,57,2,71
2587230,28,60,-7,78
2587740,47,51,-2,80
2588250,75,62,-2,82
2588760,1,73,5,77
2589270,82,64,0,77
2589780,96,10,4,73
2590290,78,40,-6,79
2590800,6,43,-3,82
2591310,70,34,9,73
2591820,100,37,-2,75
2592330,28,78,-5,80
2592840,47,69,-1,81
2593350,75,60,6,75
2593860,1,6,-5,80
2594370,65,55,2,78
2594880,93,17,1,77
2595390,75,47,0,77
2595900,84,50,6,71
2596410,93,53,-3,74
2596920,21,56,-9,83
2597430,85,47,7,76
2597940,13,50,1,75
2598450,77,41,1,74
2598960,5,44,-5,79
2599470,57,35,4,75
2599980,100,38,-4,79
2600490,28,79,-4,83
2601000,47,70,3,80
2601510,75,61,3,77
2602020,1,7,-3,80
2602530,65,56,1,79
2603040,93,67,2,77
2603550,57,13,6,71
2604060,100,54,0,71
2604570,55,57,-12,83
2605080,83,68,15,68
2605590,4,14,-5,73
2606100,68,63,-15,88
2606610,96,74,14,74
2607120,3,20,-6,80
2607630,67,69,2,78
2608140,95,40,7,71
2608650,23,29,-5,76
2609160,49,40,-6,82
2609670,68,51,6,76
2610180,82,54,-3,79
2610690,91,57,5,74
2611200,66,60,-14,88
2611710,94,71,14,74
2612220,1,17,-2,76
2612730,65,66,-2,78
2613240,93,37,2,76
2613750,21,78,-6,82
2614260,85,69,5,77
2614770,94,15,8,69
2615280,76,45,-13,82
2615790,90,48,4,78
2616300,18,51,0,78
2616810,82,42,2,76
2617320,10,45,2,74
2617830,74,36,-7,81
2618340,2,39,-1,82
2618850,66,30,4,78
2619360,7,33,1,77
2619870,50,24,0,77
2620380,93,27,1,76
2620890,18,68,-7,83
2621400,82,59,4,79
2621910,91,5,5,74
2622420,73,35,-4,78
2622930,14,38,-6,84
2623440,78,29,9,75
2623950,6,70,-2,77
2624460,70,61,-5,82
2624970,98,23,10,72
2625480,22,64,-6,78
2625990,86,55,5,73
2626500,95,75,-6,79
2627010,2,21,4,75
2627520,83,12,-1,76
2628030,65,42,-6,82
2628540,79,45,6,76
2629050,7,48,-5,81
2629560,71,39,5,76
2630070,101,42,-3,79
2630580,29,31,-3,82
2631090,94,42,2,80
2631600,22,31,1,79
2632110,4,95,-4,83
2632620,85,86,-1,84
2633130,6,57,5,79
2633640,70,48,2,77
2634150,84,51,0,77
2634660,93,54,2,75
2635170,21,74,-1,76
2635680,0,65,-2,78
2636190,81,56,6,72
2636700,90,2,-3,75
2637210,72,32,-2,77
2637720,0,35,-1,78
2638230,64,26,2,76
2638740,5,67,0,76
2639250,69,58,-7,83
2639760,97,20,15,68
2640270,18,61,-14,82
2640780,82,52,9,73
2641290,91,55,-1,74
2641800,100,75,0,74
2642310,7,21,-7,81
2642820,71,12,5,76
2643330,72,85,-7,83
2643840,100,56,12,71
2644350,28,76,-7,78
2644860,47,67,-5,83
2645370,75,38,7,76
2645880,3,41,-7,83
2646390,67,32,8,75
2646900,8,35,1,74
2647410,72,26,-1,75
2647920,2,67,-7,82
2648430,83,58,5,77
2648940,92,4,5,72
2649450,74,34,-6,78
2649960,2,37,-3,81
2650470,66,28,4,77
2650980,7,69,-1,78
2651490,71,60,-8,86
2652000,85,22,12,74
2652510,92,63,-4,78
2653020,101,9,-1,79
2653530,83,39,5,74
2654040,11,42,-1,75
2654550,92,33,2,73
2655060,20,74,-4,77
2655570,101,65,3,74
2656080,8,11,-7,81
2656590,1,60,7,74
2657100,65,51,-8,82
2657610,93,13,9,73
2658120,75,43,-9,82
2658630,3,46,2,80
2659140,67,37,-2,82
2659650,8,40,0,82
2660160,72,31,7,75
2660670,13,72,-3,78
2661180,77,63,-2,80
2661690,100,25,6,74
2662200,21,66,-12,86
2662710,85,57,5,81
2663220,94,3,5,76
2663730,76,33,-1,77
2664240,4,74,-7,84
2664750,85,65,7,77
2665260,6,11,5,72
2665770,101,60,-5,77
2666280,29,80,-4,81
2666790,48,71,-2,83
2667300,76,62,6,77
2667810,99,33,0,77
2668320,29,74,-8,85
2668830,48,65,-1,86
2669340,76,36,7,79
2669850,4,39,3,76
2670360,68,30,1,75
2670870,98,71,-11,86
2671380,5,17,5,81
2671890,69,66,-2,83
2672400,92,28,18,65
2672910,12,69,-12,77
2673420,76,60,0,77
2673930,90,6,0,77
2674440,72,36,-3,80
2674950,0,39,1,79
2675460,64,30,4,75
2675970,5,33,1,74
2676480,69,24,-2,76
2676990,101,65,-5,81
2677500,8,85,5,76
2678010,89,76,-1,77
2678520,10,47,0,77
2679030,74,38,0,77
2679540,2,41,-4,81
2680050,66,32,9,72
2680560,96,35,-5,77
2681070,16,76,2,75
2681580,97,67,2,73
2682090,17,13,-3,76
2682600,74,20,-2,78
2683110,36,61,-1,79
2683620,64,52,5,74
2684130,78,14,-1,75
2684640,101,87,-7,82
2685150,83,58,11,71
2685660,92,4,-6,77
2686170,74,34,3,74
2686680,96,37,-8,82
2687190,16,78,4,78
2687700,97,69,1,77
2688210,17,15,2,75
2688720,101,22,1,74
2689230,22,63,-6,80
2689740,51,54,0,80
2690250,79,65,0,80
2690760,0,44,9,71
2691270,81,35,-3,74
2691780,1,76,-2,76
2692290,82,67,-1,77
2692800,3,38,-1,78
2693310,67,29,-2,80
2693820,97,32,5,75
2694330,17,73,-2,77
2694840,81,64,-3,80
2695350,2,35,-1,81
2695860,66,26,1,80
2696370,7,67,4,76
2696880,71,58,-9,85
2697390,99,29,5,80
2697900,19,70,1,79
2698410,83,61,3,76
2698920,3,7,-3,79
2699430,98,56,7,72
2699940,18,59,-4,76
2700450,82,50,5,71
2700960,2,53,-10,81
2701470,66,44,2,79
2701980,80,47,9,70
2702490,8,50,-10,80
2703000,72,41,4,76
2703510,0,44,-2,78
2704020,81,35,7,71
2704530,1,38,-9,80
2705040,82,29,6,74
2705550,2,70,-6,80
2706060,83,61,3,77
2706570,97,7,6,71
2707080,79,37,-6,77
2707590,101,0,-6,83
2708100,83,30,7,76
2708610,3,71,2,74
2709120,84,62,-4,78
2709630,4,65,4,74
2710140,68,56,-6,80
2710650,82,59,5,75
2711160,2,62,-5,80
2711670,66,53,2,78
2712180,94,56,3,75
2712690,14,59,1,74
2713200,78,50,-4,78
2713710,100,53,-1,79
2714220,20,56,4,75
2714730,84,47,3,72
2715240,4,50,0,72
2715750,68,41,-11,83
2716260,98,44,5,78
2716770,18,47,3,75
2717280,22,38,-11,86
2717790,98,0,2,84
2718300,80,30,10,74
2718810,0,1,-2,76
2719320,95,50,0,76
2719830,15,53,-4,80
2720340,79,44,6,74
2720850,7,47,-12,86
2721360,71,38,13,73
2721870,101,41,-7,80
2722380,21,44,3,77
2722890,85,35,1,76
2723400,5,38,-6,82
2723910,69,29,8,74
2724420,54,32,-1,75
2724930,73,35,-1,76
2725440,95,38,2,74
2725950,15,41,-6,80
2726460,79,32,4,76
2726970,101,35,3,73
2727480,21,76,-4,77
2727990,5,67,-7,84
2728500,69,58,3,81
2729010,97,61,11,70
2729520,17,81,-8,78
2730030,81,72,1,77
2730540,2,43,-3,80
2731050,66,34,-4,84
2731560,96,37,15,69
2732070,16,40,-10,79
2732580,80,31,3,76
2733090,0,34,-10,86
2733600,64,25,6,80
2734110,5,28,-3,83
2734620,16,19,-1,84
2735130,9,26,5,79
2735640,8,17,5,74
2736150,1,81,-4,78
2736660,82,72,-6,84
2737170,3,75,6,78
2737680,84,66,-3,81
2738190,4,69,2,79
2738700,68,60,0,79
2739210,96,63,3,76
2739720,16,9,-3,79
2740230,9,58,0,79
2740740,73,49,3,76
2741250,95,52,5,71
2741760,15,55,-15,86
2742270,79,46,10,76
2742780,101,49,-2,78
2743290,21,52,3,75
2743800,85,43,4,71
2744310,5,46,-5,76
2744820,69,37,0,76
2745330,91,40,0,76
2745840,11,43,2,74
2746350,75,34,0,74
2746860,97,37,-4,78
2747370,17,40,-9,87
2747880,21,31,5,82
2748390,14,95,0,82
2748900,95,86,2,80
2749410,16,57,-1,81
2749920,80,48,3,78
2750430,0,51,-1,79
2750940,64,42,0,79
2751450,5,45,-7,86
2751960,69,36,10,76
2752470,91,39,0,76
2752980,11,42,-6,82
2753490,75,33,6,76
2754000,97,36,-1,77
2754510,17,77,-2,79
2755020,81,68,-2,81
2755530,2,71,2,79
2756040,83,62,7,72
2756550,3,8,-7,79
2757060,98,57,4,75
2757570,18,60,-8,83
2758080,82,51,12,71
2758590,2,54,-8,79
2759100,66,45,4,75
2759610,80,48,-2,77
2760120,0,51,-1,78
2760630,64,42,-2,80
2761140,78,45,3,77
2761650,100,48,3,74
2762160,20,51,-12,86
2762670,24,42,4,82
2763180,17,4,3,79
2763690,74,53,7,72
2764200,96,101,-6,78
2764710,78,72,0,78
2765220,101,43,2,76
2765730,21,46,1,75
2766240,25,37,-5,80
2766750,7,101,1,79
2767260,88,92,-2,81
2767770,70,63,1,80
2768280,93,86,2,78
2768790,14,7,-6,84
2769300,7,56,8,76
2769810,71,47,-2,78
2770320,90,50,7,71
2770830,10,53,-8,79
2771340,74,44,1,78
2771850,96,47,9,69
2772360,16,50,-9,78
2772870,80,41,3,75
2773380,0,44,-4,79
2773890,81,35,-1,80
2774400,1,38,1,79
2774910,65,29,7,72
2775420,87,32,-4,76
2775930,7,73,-3,79
2776440,71,64,-4,83
2776950,94,26,6,77
2777460,14,67,-1,78
2777970,78,58,-2,80
2778480,100,61,4,76
2778990,20,64,0,76
2779500,84,55,5,71
2780010,4,58,-4,75
2780520,68,49,-2,77
2781030,87,52,3,74
2781540,7,55,-9,83
2782050,71,46,2,81
2782560,93,49,17,64
2783070,13,52,-15,79
2783580,77,43,6,73
2784090,99,46,-1,74
2784600,19,49,-4,78
2785110,83,40,9,69
2785620,3,43,-8,77
2786130,67,34,1,76
2786640,94,37,3,73
2787150,14,78,-7,80
2787660,78,69,-2,82
2788170,4,31,0,82
2788680,68,22,4,78
2789190,9,63,-1,79
2789700,73,54,5,74
2790210,87,57,-7,81
2790720,7,60,1,80
2791230,71,51,3,77
2791740,85,54,3,74
2792250,5,57,-3,77
2792760,69,48,-6,83
2793270,83,51,9,74
2793780,3,54,2,72
2794290,67,45,-7,79
2794800,94,48,9,70
2795310,14,51,-6,76
2795820,78,42,0,76
2796330,100,45,2,74
2796840,20,48,1,73
2797350,1,39,-3,76
2797860,65,30,3,73
2798370,6,33,-7,80
2798880,44,24,-7,87
2799390,63,31,12,75
2799900,4,34,6,69
2800410,68,25,-5,74
2800920,95,66,-4,78
2801430,15,12,-2,80
2801940,8,19,4,76
2802450,72,83,-8,84
2802960,77,54,8,76
2803470,99,57,4,72
2803980,19,63,-8,80
2804490,38,54,-1,81
2805000,65,45,0,81
2805510,79,48,5,76
2806020,101,54,0,76
2806530,21,57,-2,78
2807040,85,48,6,72
2807550,13,51,-7,79
2808060,77,42,3,76
2808570,5,45,-10,86
2809080,69,36,13,73
2809590,86,39,0,73
2810100,6,42,-8,81
2810610,70,33,2,79
2811120,5,36,1,78
2811630,69,27,0,78
2812140,10,68,-6,84
2812650,74,59,6,78
2813160,88,38,8,70
2813670,8,58,-8,78
2814180,72,49,-5,83
2814690,86,52,9,74
2815200,95,58,1,73
2815710,15,64,-3,76
2816220,79,55,2,74
2816730,88,61,4,70
2817240,97,7,-8,78
2817750,79,37,5,73
2818260,14,40,-8,81
2818770,78,31,6,75
2819280,13,72,-6,81
2819790,77,63,5,76
2820300,100,25,3,73
2820810,25,66,-5,78
2821320,44,57,-5,83
2821830,71,19,10,73
2822340,98,60,1,72
2822850,18,66,-7,79
2823360,82,57,7,72
2823870,91,63,1,71
2824380,100,9,0,71
2824890,82,39,-3,74
2825400,17,42,-2,76
2825910,81,33,1,75
2826420,16,36,3,72
2826930,9,100,-7,79
2827440,90,91,1,78
2827950,11,62,-3,81
2828460,75,53,5,76
2828970,89,59,0,76
2829480,98,65,1,75
2829990,5,71,-2,77
2830500,69,62,0,77
2831010,92,24,1,76
2831520,17,65,-6,82
2832030,81,56,3,79
2832540,95,35,7,72
2833050,20,76,-6,78
2833560,39,67,-4,82
2834070,66,58,4,78
2834580,94,20,-3,81
2835090,9,45,2,79
2835600,73,36,5,74
2836110,8,39,-8,82
2836620,72,30,8,74
2837130,7,33,-10,84
2837640,71,24,5,79
2838150,98,65,5,74
2838660,5,11,-2,76
2839170,69,60,-6,82
2839680,92,22,11,71
2840190,17,63,-9,80
2840700,81,54,3,77
2841210,90,57,0,77
2841720,99,63,5,72
2842230,41,69,-12,84
2842740,68,60,2,82
2843250,91,36,11,71
2843760,16,77,-4,75
2844270,97,68,-4,79
2844780,17,47,3,76
2845290,81,38,1,75
2845800,16,41,-2,77
2846310,80,32,2,75
2846820,15,73,-3,78
2847330,79,64,2,76
2847840,0,43,-11,87
2848350,64,34,12,75
2848860,101,37,6,69
2849370,26,78,-10,79
2849880,45,69,-6,85
2850390,72,60,0,85
2850900,95,22,13,72
2851410,16,63,-7,79
2851920,80,54,1,78
2852430,89,60,6,72
2852940,98,66,-4,76
2853450,5,72,-1,77
2853960,69,63,-5,82
2854470,92,25,-1,83
2854980,17,66,2,81
2855490,13,57,0,81
2856000,77,48,9,72
2856510,2,54,-5,77
2857020,66,45,-2,79
2857530,93,7,-11,90
2858040,18,37,14,76
2858550,82,101,-4,80
2859060,64,72,-6,86
2859570,87,95,8,78
2860080,8,66,-3,81
2860590,72,57,6,75
2861100,95,19,-1,76
2861610,16,60,-1,77
2862120,80,51,4,73
2862630,1,57,-3,76
2863140,65,48,-3,79
2863650,79,10,-2,81
2864160,4,40,1,80
2864670,68,31,0,80
2865180,9,34,5,75
2865690,73,25,2,73
2866200,100,66,-2,75
2866710,21,72,-7,82
2867220,17,63,-4,86
2867730,81,54,12,74
2868240,90,60,3,71
2868750,11,66,-12,83
2869260,75,57,2,81
2869770,98,19,2,79
2870280,19,60,0,79
2870790,83,51,8,71
2871300,92,57,-2,73
2871810,101,63,1,72
2872320,26,69,-9,81
2872830,45,99,-4,85
2873340,72,90,8,77
2873850,77,69,-1,78
2874360,100,31,8,70
2874870,25,72,-13,83
2875380,44,63,-1,84
2875890,71,54,6,78
2876400,94,16,0,78
2876910,19,26,3,75
2877420,12,90,-5,80
2877930,78,81,-3,83
2878440,11,43,0,83
2878950,75,34,8,75
2879460,0,75,0,75
2879970,81,66,-2,77
2880480,2,28,1,76
2880990,66,19,-2,78
2881500,7,60,-2,80
2882010,71,51,4,76
2882520,94,13,-4,80
2883030,9,23,5,75
2883540,2,87,-4,79
2884050,83,78,-3,82
2884560,4,40,-3,85
2885070,68,31,9,76
2885580,9,34,-6,82
2886090,73,25,11,71
2886600,100,66,-3,74
2887110,7,47,-9,83
2887620,59,38,3,80
2888130,86,0,-2,82
2888640,68,30,9,73
2889150,9,71,-11,84
2889660,73,62,2,82
2890170,96,24,8,74
2890680,17,65,-10,84
2891190,81,56,10,74
2891700,2,18,-4,78
2892210,66,9,0,78
2892720,67,19,6,72
2893230,94,60,-6,78
2893740,15,66,-2,80
2894250,79,57,3,77
2894760,0,19,-2,79
2895270,64,10,3,76
2895780,65,20,-3,79
2896290,6,61,1,78
2896800,70,52,-1,79
2897310,93,14,6,73
2897820,14,24,-2,75
2898330,55,88,-12,87
2898840,82,79,10,77
2899350,3,41,-2,79
2899860,67,32,9,70
2900370,8,73,-8,78
2900880,72,64,-2,80
2901390,95,26,5,75
2901900,20,67,-5,80
2902410,16,58,1,79
2902920,80,49,1,78
2903430,5,55,-1,79
2903940,69,46,3,76
2904450,96,8,2,74
2904960,78,38,0,74
2905470,13,58,-8,82
2905980,77,49,5,77
2906490,2,55,1,76
2907000,66,46,1,75
2907510,89,8,-3,78
2908020,71,38,3,75
2908530,98,41,0,75
2909040,18,82,-7,82
2909550,99,73,-2,84
2910060,20,19,9,75
2910570,2,30,-3,78
2911080,66,21,0,78
2911590,7,62,-2,80
2912100,71,53,1,79
2912610,94,15,6,73
2913120,15,25,-3,76
2913630,8,89,-5,81
2914140,89,101,-1,82
2914650,71,37,9,73
2915160,6,40,-2,75
2915670,70,31,2,73
2916180,11,72,-13,86
2916690,75,63,3,83
2917200,98,25,11,72
2917710,23,66,-13,85
2918220,57,57,7,78
2918730,22,19,-8,86
2919240,15,56,5,81
2919750,79,47,3,78
2920260,4,67,-3,81
2920770,85,58,6,75
2921280,94,64,2,73
2921790,1,49,-6,79
2922300,65,40,-6,85
2922810,6,43,5,80
2923320,70,34,3,77
2923830,11,75,0,77
2924340,92,66,-1,78
2924850,13,28,-7,85
2925360,6,92,7,78
2925870,14,83,-2,80
2926380,95,74,2,78
2926890,16,36,-3,81
2927400,9,43,-4,85
2927910,73,34,12,73
2928420,14,54,-8,81
2928930,13,45,-3,84
2929440,67,36,4,80
2929950,8,39,-4,84
2930460,72,30,9,75
2930970,13,71,-7,82
2931480,77,62,6,76
2931990,100,24,-2,78
2932500,21,65,-5,83
2933010,17,56,8,75
2933520,81,47,-2,77
2934030,1,67,0,77
2934540,82,58,-1,78
2935050,3,20,4,74
2935560,67,11,-1,75
2936070,94,21,-10,85
2936580,19,62,8,77
2937090,83,53,-3,80
2937600,3,56,7,73
2938110,67,47,-4,77
2938620,90,9,-1,78
2939130,15,39,0,78
2939640,10,30,-7,85
2940150,14,21,11,74
2940660,7,28,-2,76
2941170,6,19,0,76
2941680,70,68,-5,81
2942190,93,30,5,76
2942700,18,71,-1,77
2943210,82,62,-5,82
2943720,3,24,1,81
2944230,67,73,-4,85
2944740,90,96,6,79
2945250,72,32,2,77
2945760,7,73,-9,86
2946270,71,64,14,72
2946780,94,26,-7,79
2947290,64,67,-3,82
2947800,87,90,2,80
2948310,8,11,-1,81
2948820,1,60,9,72
2949330,65,51,-6,78
2949840,88,13,2,76
2950350,3,43,6,70
2950860,67,34,-5,75
2951370,8,37,-6,81
2951880,72,28,8,73
2952390,7,69,-8,81
2952900,40,60,1,80
2953410,74,51,-5,85
2953920,97,13,8,77
2954430,31,43,-9,86
2954940,65,54,5,81
2955450,88,16,6,75
2955960,9,26,0,75
2956470,2,17,0,75
2956980,1,66,-3,78
2957490,82,57,0,78
2958000,2,80,-3,81
2958510,83,71,6,75
2959020,4,33,-2,77
2959530,68,24,2,75
2960040,9,65,-5,80
2960550,73,56,5,75
2961060,96,18,-1,76
2961570,30,28,-6,82
2962080,64,39,9,73
2962590,5,42,-4,77
2963100,69,33,-4,81
2963610,10,74,6,75
2964120,74,65,-10,85
2964630,97,27,14,71
2965140,31,68,-11,82
2965650,65,59,0,82
2966160,88,70,10,72
2966670,9,16,-2,74
2967180,2,23,-1,75
2967690,66,14,-3,78
2968200,7,55,-3,81
2968710,71,46,8,73
2969220,93,52,-2,75
2969730,13,72,-2,77
2970240,77,1,-6,83
2970750,9,31,5,78
2971260,73,22,2,76
2971770,14,63,-8,84
2972280,78,54,4,80
2972790,100,16,0,80
2973300,34,46,1,79
2973810,68,57,1,78
2974320,91,19,3,75
2974830,25,60,-3,78
2975340,59,51,-2,80
2975850,96,62,6,74
2976360,16,68,-12,86
2976870,80,59,10,76
2977380,0,38,-7,83
2977890,64,29,10,73
2978400,5,70,-1,74
2978910,69,61,-4,78
2979420,92,72,2,76
2979930,12,51,3,73
2980440,76,42,-6,79
2980950,98,69,-1,80
2981460,18,75,-2,82
2981970,82,66,1,81
2982480,3,28,3,78
2982990,67,19,3,75
2983500,8,60,-5,80
2984010,72,51,7,73
2984520,95,13,2,71
2985030,29,43,-10,81
2985540,63,34,7,74
2986050,4,41,-7,81
2986560,68,32,7,74
2987070,9,61,-5,79
2987580,73,52,1,78
2988090,96,14,1,77
2988600,30,44,-5,82
2989110,64,35,10,72
2989620,86,62,-6,78
2990130,6,68,1,77
2990640,68,59,-3,80
2991150,91,70,0,80
2991660,12,77,-1,81
2992170,76,68,-2,83
2992680,99,79,5,78
2993190,20,85,-2,80
2993700,84,76,3,77
2994210,5,87,-4,81
2994720,86,78,1,80
2995230,7,89,-5,85
2995740,88,80,6,79
2996250,9,91,1,78
2996760,90,82,0,78
2997270,72,44,0,78
2997780,94,50,3,75
2998290,14,70,-7,82
2998800,78,61,4,78
2999310,101,68,0,78
2999820,21,74,-5,83
3000330,17,65,3,80
3000840,81,56,0,80
3001350,1,62,7,73
3001860,82,53,2,71
3002370,2,59,-7,78
3002880,66,50,2,76
3003390,89,57,0,76
3003900,9,63,-1,77
3004410,73,54,0,77
3004920,96,16,6,71
3005430,30,46,-6,77
3005940,35,37,-7,84
3006450,40,48,0,84
3006960,63,59,-4,88
3007470,86,70,4,84
3007980,7,76,5,79
3008490,71,67,-11,90
3009000,94,78,11,79
3009510,15,40,0,79
3010020,14,31,0,79
3010530,9,38,2,77
3011040,73,29,2,75
3011550,95,70,-2,77
3012060,15,76,-2,79
3012570,11,67,-5,84
3013080,75,58,7,77
3013590,98,20,2,75
3014100,32,47,-4,79
3014610,66,38,-2,81
3015120,7,61,4,77
3015630,71,52,0,77
3016140,94,14,0,77
3016650,28,44,1,76
3017160,62,35,0,76
3017670,3,42,3,73
3018180,67,33,-7,80
3018690,8,60,-1,81
3019200,72,51,3,78
3019710,95,13,2,76
3020220,29,43,-6,82
3020730,63,86,-7,89
3021240,91,77,11,78
3021750,73,88,-4,82
3022260,55,9,5,77
3022770,56,80,-8,85
3023280,84,71,10,75
3023790,5,33,-1,76
3024300,69,24,-1,77
3024810,10,65,-2,79
3025320,74,56,-1,80
3025830,97,18,0,80
3026340,31,48,-1,81
3026850,65,39,-1,82
3027360,6,46,3,79
3027870,70,37,-3,82
3028380,11,64,5,77
3028890,75,55,-2,79
3029400,98,17,4,75
3029910,32,27,-6,81
3030420,66,38,3,78
3030930,7,61,4,74
3031440,71,52,-9,83
3031950,94,59,9,74
3032460,14,65,-9,83
3032970,78,56,9,74
3033480,100,62,5,69
3033990,20,82,-10,79
3034500,16,73,1,78
3035010,80,64,-7,85
3035520,1,75,10,75
3036030,82,66,-4,79
3036540,3,28,5,74
3037050,67,19,4,70
3037560,89,60,-6,76
3038070,9,66,-3,79
3038580,73,57,3,76
3039090,96,68,-1,77
3039600,16,74,3,74
3040110,12,65,-7,81
3040620,76,56,1,80
3041130,99,62,5,75
3041640,19,82,-4,79
3042150,15,73,-4,83
3042660,79,64,4,79
3043170,0,75,6,73
3043680,81,66,-7,80
3044190,2,77,0,80
3044700,83,31,3,77
3045210,3,72,2,75
3045720,84,63,0,75
3046230,4,69,-6,81
3046740,68,60,3,78
3047250,96,71,6,72
3047760,16,77,-11,83
3048270,80,68,5,78
3048780,1,79,0,78
3049290,82,70,-1,79
3049800,3,81,-5,84
3050310,84,72,7,77
3050820,5,83,2,75
3051330,86,74,0,75
3051840,7,85,-4,79
3052350,88,76,7,72
3052860,93,87,-8,80
3053370,75,98,1,79
3053880,80,89,1,78
3054390,62,80,-6,84
3054900,67,71,-7,91
3055410,95,82,15,76
3055920,16,93,0,76
3056430,24,84,-9,85
3056940,20,75,3,82
3057450,16,66,2,80
3057960,80,57,2,78
3058470,0,63,0,78
3058980,81,54,6,72
3059490,1,60,-6,78
3060000,82,51,9,69
3060510,2,71,-6,75
3061020,83,62,5,70
3061530,3,53,-7,77
3062040,67,44,-8,85
3062550,101,55,11,74
3063060,21,75,-5,79
3063570,17,66,-2,81
3064080,16,57,-2,83
3064590,15,48,1,82
3065100,14,39,6,76
3065610,9,30,-4,80
3066120,8,21,7,73
3066630,1,12,-10,83
3067140,82,61,8,75
3067650,2,23,5,70
3068160,66,14,-10,80
3068670,67,44,5,75
3069180,1,55,3,72
3069690,82,46,-7,79
3070200,2,73,7,72
3070710,83,77,-6,78
3071220,4,88,5,73
3071730,85,79,-15,88
3072240,90,90,6,82
3072750,72,101,2,80
3073260,77,92,-1,81
3073770,59,83,-5,86
3074280,64,74,5,81
3074790,92,65,2,79
3075300,12,71,-5,84
3075810,76,62,6,78
3076320,81,24,6,72
3076830,1,65,-5,77
3077340,82,56,5,72
3077850,2,62,-1,73
3078360,83,53,-2,75
3078870,3,59,0,75
3079380,67,50,-5,80
3079890,101,12,6,74
3080400,24,42,-12,86
3080910,17,33,8,78
3081420,10,97,-2,80
3081930,18,88,3,77
3082440,14,79,1,76
3082950,78,70,-3,79
3083460,101,32,3,76
3083970,36,73,-5,81
3084480,70,64,4,77
3084990,75,75,-6,83
3085500,1,86,7,76
3086010,82,77,-4,80
3086520,3,39,0,80
3087030,67,30,7,73
3087540,2,15,-2,75
3088050,63,64,-12,87
3088560,91,75,9,78
3089070,96,37,-8,86
3089580,31,78,6,80
3090090,50,69,-2,82
3090600,55,60,4,78
3091110,83,51,6,72
3091620,3,71,-8,80
3092130,84,62,3,77
3092640,14,24,0,77
3093150,7,31,4,73
3093660,71,22,1,72
3094170,1,63,1,71
3094680,65,54,-11,82
3095190,99,65,3,79
3095700,19,71,0,79
3096210,83,62,2,77
3096720,13,24,-4,81
3097230,6,88,0,81
3097740,87,79,5,76
3098250,69,41,4,72
3098760,4,63,-13,85
3099270,68,40,3,82
3099780,3,47,6,76
3100290,67,38,-2,78
3100800,8,39,2,76
3101310,72,30,0,76
3101820,7,71,0,76
3102330,71,62,-6,82
3102840,3,24,8,74
3103350,67,15,0,74
3103860,74,86,-10,84
3104370,56,77,-1,85
3104880,61,68,1,84
3105390,89,32,12,72
3105900,24,73,-4,76
3106410,58,64,-4,80
3106920,86,55,5,75
3107430,6,61,-1,76
3107940,70,52,0,76
3108450,89,14,3,73
3108960,12,44,-6,79
3109470,76,35,4,75
3109980,11,55,-8,83
3110490,75,46,6,77
3111000,5,47,-1,78
3111510,69,38,2,76
3112020,4,39,-12,88
3112530,68,30,12,76
3113040,3,71,-1,77
3113550,67,62,-4,81
3114060,101,24,3,78
3114570,35,65,3,75
3115080,69,56,-3,78
3115590,74,18,1,77
3116100,4,59,-1,78
3116610,68,50,-3,81
3117120,87,12,-2,83
3117630,10,42,0,83
3118140,74,33,5,78
3118650,9,74,-3,81
3119160,73,65,1,80
3119670,78,27,8,72
3120180,8,68,-4,76
3120690,72,59,-2,78
3121200,2,21,-4,82
3121710,66,70,-4,86
3122220,94,61,9,77
3122730,14,23,4,73
3123240,7,87,-6,79
3123750,88,78,-2,81
3124260,70,40,8,73
3124770,5,62,-3,76
3125280,69,53,-5,81
3125790,88,15,-1,82
3126300,22,45,3,79
3126810,86,36,2,77
3127320,21,77,-1,78
3127830,85,68,5,73
3128340,15,30,-2,75
3128850,8,94,-6,81
3129360,89,85,-4,85
3129870,10,76,5,80
3130380,74,67,-3,83
3130890,0,29,6,77
3131400,64,20,2,75
3131910,5,61,-2,77
3132420,69,52,1,76
3132930,88,14,2,74
3133440,22,44,-6,80
3133950,15,35,2,78
3134460,8,26,2,76
3134970,72,17,6,70
3135480,2,58,-8,78
3135990,66,49,2,76
3136500,85,11,0,76
3137010,8,41,-6,82
3137520,72,32,2,80
3138030,7,73,3,77
3138540,71,64,-3,80
3139050,76,55,-3,83
3139560,95,17,10,73
3140070,29,47,-4,77
3140580,34,38,-4,81
3141090,53,49,2,79
3141600,72,60,-1,80
3142110,91,51,5,75
3142620,11,71,-10,85
3143130,75,62,7,78
3143640,94,24,7,71
3144150,28,65,-9,80
3144660,62,56,-7,87
3145170,81,67,8,79
3145680,11,29,0,79
3146190,75,20,-1,80
3146700,5,61,3,77
3147210,69,52,-2,79
3147720,88,14,1,78
3148230,11,44,1,77
3148740,75,35,1,76
3149250,10,55,-2,78
3149760,74,46,4,74
3150270,96,52,-4,78
3150780,16,72,-2,80
3151290,80,63,2,78
3151800,10,25,-7,85
3152310,74,16,7,78
3152820,81,46,2,76
3153330,1,66,-1,77
3153840,82,57,-1,78
3154350,2,19,1,77
3154860,66,68,-11,88
3155370,94,91,16,72
3155880,76,82,-19,91
3156390,58,73,6,85
3156900,63,64,6,79
3157410,91,55,2,77
3157920,11,75,-1,78
3158430,75,66,1,77
3158940,94,28,-3,80
3159450,24,69,3,77
3159960,20,60,-7,84
3160470,53,51,-7,91
3160980,72,62,16,75
3161490,77,24,7,68
3162000,7,65,-10,78
3162510,71,56,-1,79
3163020,90,18,1,78
3163530,13,48,1,77
3164040,77,39,6,71
3164550,99,59,-8,79
3165060,19,79,6,73
3165570,15,70,-2,75
3166080,79,61,-9,84
3166590,98,23,12,72
3167100,21,64,-13,85
3167610,20,55,3,82
3168120,84,46,13,69
3168630,4,66,-7,76
3169140,68,57,-1,77
3169650,87,19,3,74
3170160,94,60,1,73
3170670,14,80,-2,75
3171180,78,19,-1,76
3171690,8,67,-3,79
3172200,72,58,-4,83
3172710,91,20,11,72
3173220,25,61,-6,78
3173730,59,52,0,78
3174240,78,14,3,75
3174750,1,44,-6,81
3175260,65,35,9,72
3175770,6,38,-6,78
3176280,70,29,6,72
3176790,92,70,-6,78
3177300,12,32,0,78
3177810,76,23,2,76
3178320,98,64,-3,79
3178830,18,84,-2,81
3179340,82,75,5,76
3179850,64,37,1,75
3180360,101,40,-1,76
3180870,21,97,0,76
3181380,17,88,-7,83
3181890,98,79,0,83
3182400,80,41,10,73
3182910,0,61,-1,74
3183420,81,52,1,73
3183930,1,74,0,73
3184440,82,65,-12,85
3184950,101,27,12,73
3185460,35,68,-14,87
3185970,69,59,8,79
3186480,88,21,-5,84
3186990,95,62,1,83
3187500,15,84,6,77
3188010,96,79,-3,80
3188520,78,41,6,74
3189030,100,61,-2,76
3189540,20,81,0,76
3190050,16,72,-1,77
3190560,80,63,-1,78
3191070,99,25,4,74
3191580,4,66,-12,86
3192090,85,57,11,75
3192600,5,63,-1,76
3193110,69,54,1,75
3193620,88,16,-4,79
3194130,3,46,-6,85
3194640,67,37,9,76
3195150,89,40,3,73
3195660,9,60,-3,76
3196170,73,51,1,75
3196680,95,13,4,71
3197190,77,43,-2,73
3197700,99,46,-4,77
3198210,19,66,1,76
3198720,15,57,1,75
3199230,79,48,4,71
3199740,101,68,-4,75
3200250,21,88,-3,78
3200760,17,79,-2,80
3201270,81,70,-7,87
3201780,100,60,10,77
3202290,20,80,2,75
3202800,16,71,-8,83
3203310,80,62,6,77
3203820,0,24,5,72
3204330,81,15,-7,79
3204840,98,45,6,73
3205350,18,65,-6,79
3205860,82,56,1,78
3206370,2,18,3,75
3206880,45,67,-5,80
3207390,73,58,-3,83
3207900,92,20,6,77
3208410,7,61,5,72
3208920,71,52,-8,80
3209430,90,14,6,74
3209940,72,44,1,73
3210450,94,66,0,73
3210960,14,88,-8,81
3211470,95,79,5,76
3211980,77,41,-2,78
3212490,26,44,0,78
3213000,60,6,-4,82
3213510,79,36,7,75
3214020,101,56,-1,76
3214530,21,76,3,73
3215040,17,67,-8,81
3215550,81,58,9,72
3216060,1,20,-6,78
3216570,82,57,3,75
3217080,2,19,-6,81
3217590,83,68,0,81
3218100,4,30,5,76
3218610,68,21,3,73
3219120,90,62,-4,77
3219630,10,84,-4,81
3220140,91,75,1,80
3220650,73,37,5,75
3221160,95,59,-5,80
3221670,15,79,-1,81
3222180,79,70,1,80
3222690,0,32,9,71
3223200,64,23,-6,77
3223710,5,64,4,73
3224220,69,55,-9,82
3224730,88,17,-2,84
3225240,8,47,3,81
3225750,72,38,4,77
3226260,94,60,1,76
3226770,14,80,1,75
3227280,95,71,-6,81
3227790,15,33,-1,82
3228300,8,97,8,74
3228810,89,88,-4,78
3229320,71,50,0,78
3229830,90,12,6,72
3230340,72,42,-1,73
3230850,94,64,-4,77
3231360,7,84,-2,79
3231870,88,75,-6,85
3232380,9,37,12,73
3232890,73,28,0,73
3233400,95,69,-3,76
3233910,15,31,-4,80
3234420,3,95,6,74
3234930,84,86,-13,87
3235440,66,48,11,76
3235950,85,10,-4,80
3236460,0,40,5,75
3236970,64,31,-1,76
3237480,86,78,-4,80
3237990,68,40,5,75
3238500,90,62,0,75
3239010,10,84,-3,78
3239520,91,75,1,77
3240030,73,37,-2,79
3240540,14,57,1,78
3241050,78,48,1,77
3241560,100,70,2,75
3242070,20,92,-5,80
3242580,16,83,3,77
3243090,80,74,-4,81
3243600,62,81,2,79
3244110,90,52,5,74
3244620,10,72,-4,78
3245130,74,63,-2,80
3245640,93,25,5,75
3246150,13,66,-10,85
3246660,77,57,9,76
3247170,99,19,5,71
3247680,14,49,-6,77
3248190,78,40,2,75
3248700,100,60,4,71
3249210,20,80,-8,79
3249720,84,71,0,79
3250230,66,33,0,79
3250740,7,80,1,78
3251250,88,71,-2,80
3251760,9,33,2,78
3252270,73,24,1,77
3252780,80,65,-3,80
3253290,1,27,4,76
3253800,65,18,0,76
3254310,6,59,0,76
3254820,70,50,1,75
3255330,89,12,-3,78
3255840,4,42,1,77
3256350,68,33,2,75
3256860,90,80,-6,81
3257370,72,31,11,70
3257880,94,72,-6,76
3258390,14,34,1,75
3258900,78,98,-7,82
3259410,60,69,1,81
3259920,42,31,-6,87
3260430,61,38,6,81
3260940,2,45,5,76
3261450,66,36,-2,78
3261960,88,43,6,72
3262470,8,63,-8,80
3262980,72,54,-1,81
3263490,91,16,5,76
3264000,6,46,-9,85
3264510,70,37,4,81
3265020,11,57,2,79
3265530,75,48,3,76
3266040,97,68,2,74
3266550,17,30,-3,77
3267060,10,94,-1,78
3267570,91,85,-5,83
3268080,73,47,-1,84
3268590,95,9,9,75
3269100,77,39,3,72
3269610,99,59,-1,73
3270120,19,79,-10,83
3270630,83,70,3,80
3271140,4,32,5,75
3271650,68,23,0,75
3272160,75,64,0,75
3272670,98,26,-2,77
3273180,3,67,0,77
3273690,67,58,2,75
3274200,86,20,-2,77
3274710,93,61,2,75
3275220,13,81,2,73
3275730,77,72,-12,85
3276240,59,34,3,82
3276750,78,41,5,77
3277260,100,61,1,76
3277770,20,81,3,73
3278280,84,72,-11,84
3278790,66,34,9,75
3279300,7,81,0,75
3279810,88,72,-6,81
3280320,8,34,9,72
3280830,72,25,-5,77
3281340,79,66,-3,80
3281850,98,28,5,75
3282360,3,69,-3,78
3282870,67,60,-6,84
3283380,86,67,3,81
3283890,6,29,5,76
3284400,70,20,3,73
3284910,92,61,1,72
3285420,12,81,-5,77
3285930,76,72,-5,82
3286440,99,34,8,74
3286950,19,75,-7,81
3287460,83,66,2,79
3287970,3,28,4,75
3288480,67,19,0,75
3288990,74,60,-1,76
3289500,56,22,-1,77
3290010,99,63,0,77
3290520,19,83,4,73
3291030,83,74,-7,80
3291540,65,36,8,72
3292050,6,56,-3,75
3292560,70,47,-1,76
3293070,92,9,-3,79
3293580,74,39,5,74
3294090,96,59,1,73
3294600,16,79,-7,80
3295110,8,70,-3,83
3295620,72,61,7,76
3296130,95,23,4,72
3296640,10,64,-10,82
3297150,74,55,5,77
3297660,96,17,0,77
3298170,11,58,-2,79
3298680,75,49,2,77
3299190,97,11,5,72
3299700,79,41,-4,76
3300210,101,61,3,73
3300720,21,81,-7,80
3301230,85,72,-3,83
3301740,6,34,7,76
3302250,70,25,2,74
3302760,92,66,1,73
3303270,12,28,-5,78
3303780,76,92,-2,80
3304290,58,63,-2,82
3304800,86,25,2,80
3305310,6,66,0,80
3305820,70,57,1,79
3306330,89,19,5,74
3306840,4,60,-6,80
3307350,68,51,2,78
3307860,87,13,-2,80
3308370,2,43,10,70
3308880,66,34,-5,75
3309390,88,81,-6,81
3309900,70,43,10,71
3310410,92,63,-1,72
3310920,12,25,-6,78
3311430,76,89,-5,83
3311940,58,60,3,80
3312450,86,22,5,75
3312960,1,63,-3,78
3313470,65,54,-1,79
3313980,84,16,4,75
3314490,101,43,2,73
3315000,21,63,-2,75
3315510,17,54,-6,81
3316020,81,45,9,72
3316530,1,65,1,71
3317040,82,56,-5,76
3317550,2,18,3,73
3318060,47,9,-3,76
3318570,48,50,-5,81
3319080,67,12,1,80
3319590,68,53,5,75
3320100,87,15,-6,81
3320610,2,42,6,75
3321120,66,33,0,75
3321630,98,80,-5,80
3322140,18,42,-2,82
3322650,82,4,2,80
3323160,99,34,7,73
3323670,19,75,-5,78
3324180,83,66,-1,79
3324690,3,28,1,78
3325200,67,19,-1,79
3325710,68,60,0,79
3326220,87,22,1,78
3326730,2,63,-4,82
3327240,66,54,1,81
3327750,85,16,3,78
3328260,0,57,-1,79
3328770,64,48,0,79
3329280,83,10,-3,82
3329790,70,40,10,72
3330300,37,60,-11,83
3330810,56,22,6,77
3331320,71,63,-7,84
3331830,99,25,7,77
3332340,14,66,-2,79
3332850,78,57,-3,82
3333360,100,19,7,75
3333870,15,46,-6,81
3334380,79,37,10,71
3334890,101,57,-6,77
3335400,21,77,-5,82
3335910,85,68,-1,83
3336420,2,30,13,70
3336930,66,21,-8,78
3337440,98,62,0,78
3337950,18,82,-2,80
3338460,82,73,7,73
3338970,3,35,-3,76
3339480,67,26,0,76
3339990,99,67,-5,81
3340500,19,29,-1,82
3341010,83,93,5,77
3341520,65,84,-11,88
3342030,93,46,14,74
3342540,13,66,-4,78
3343050,77,57,-5,83
3343560,96,19,13,70
3344070,11,46,-10,80
3344580,75,37,5,75
3345090,3,84,-6,81
3345600,84,75,5,76
3346110,5,37,-3,79
3346620,69,28,5,74
3347130,101,69,0,74
3347640,21,31,-9,83
3348150,85,42,6,77
3348660,5,62,1,76
3349170,69,53,-7,83
3349680,88,15,9,74
3350190,3,45,-8,82
3350700,67,36,6,76
3351210,8,56,-4,80
3351720,72,86,-6,86
3352230,100,77,5,81
3352740,20,39,-1,82
3353250,84,1,1,81
3353760,66,31,11,70
3354270,88,51,-4,74
3354780,8,71,-1,75
3355290,72,62,-7,82
3355800,91,24,10,72
3356310,11,65,-12,84
3356820,75,56,10,74
3357330,97,18,0,74
3357840,12,48,-5,79
3358350,76,39,2,77
3358860,4,86,-6,83
3359370,85,77,2,81
3359880,6,39,4,77
3360390,70,30,4,73
3360900,92,77,-2,75
3361410,13,39,-6,81
3361920,77,30,12,69
3362430,99,71,-9,78
3362940,35,91,-1,79
3363450,54,82,-3,82
3363960,82,73,4,78
3364470,3,35,4,74
3364980,67,101,-8,82
3365490,95,92,5,77
3366000,77,73,-6,83
3366510,3,35,6,77
3367020,67,101,-3,80
3367530,72,92,0,80
3368040,54,83,-7,87
3368550,82,74,5,82
3369060,3,36,6,76
3369570,67,27,5,71
3370080,99,68,-4,75
3370590,19,88,1,74
3371100,83,79,-8,82
3371610,65,41,4,78
3372120,80,63,3,75
3372630,0,25,-1,76
3373140,64,16,1,75
3373650,65,57,-5,80
3374160,93,68,-1,81
3374670,13,59,0,81
3375180,77,50,3,78
3375690,99,70,-1,79
3376200,19,32,-2,81
3376710,83,96,-4,85
3377220,65,87,3,82
3377730,93,78,1,81
3378240,14,40,0,81
3378750,78,31,1,80
3379260,100,72,1,79
3379770,20,92,-3,82
3380280,28,83,-2,84
3380790,47,74,7,77
3381300,75,65,-3,80
3381810,98,27,6,74
3382320,18,68,-6,80
3382830,82,59,2,78
3383340,2,21,2,76
3383850,66,12,-1,77
3384360,67,53,-2,79
3384870,86,15,-2,81
3385380,1,45,5,76
3385890,65,36,-1,77
3386400,66,37,-1,78
3386910,88,38,4,74
3387420,8,58,-7,81
3387930,72,49,3,78
3388440,94,11,3,75
3388950,9,41,-4,79
3389460,73,32,8,71
3389970,95,52,-5,76
3390480,15,72,-7,83
3390990,79,63,7,76
3391500,101,25,6,70
3392010,16,66,-6,76
3392520,80,57,-2,78
3393030,0,19,3,75
3393540,64,56,-1,76
3394050,92,67,-3,79
3394560,12,29,0,79
3395070,11,93,-5,84
3395580,92,84,4,80
3396090,74,46,9,71
3396600,96,47,1,70
3397110,16,67,-13,83
3397620,80,58,8,75
3398130,0,20,0,75
3398640,64,57,-7,82
3399150,83,68,8,74
3399660,3,30,-1,75
3400170,67,21,-2,77
3400680,68,62,-3,80
3401190,96,73,1,79
3401700,16,74,3,76
3402210,80,65,-6,82
3402720,94,27,0,82
3403230,14,68,3,79
3403740,78,59,4,75
3404250,100,98,-3,78
3404760,82,7,-2,80
3405270,99,37,-2,82
3405780,19,78,6,76
3406290,83,69,2,74
3406800,97,34,6,68
3407310,17,75,-10,78
3407820,81,66,-6,84
3408330,100,28,10,74
3408840,20,69,-7,81
3409350,84,60,6,75
3409860,4,61,-3,78
3410370,68,52,-4,82
3410880,87,14,5,77
3411390,2,85,-11,88
3411900,83,76,11,77
3412410,4,87,0,77
3412920,85,78,1,76
3413430,6,89,0,76
3413940,87,80,-6,82
3414450,8,91,5,77
3414960,89,82,-4,81
3415470,15,44,8,73
3415980,79,35,-2,75
3416490,101,76,1,74
3417000,21,70,-6,80
3417510,85,61,6,74
3418020,99,62,1,73
3418530,19,82,-8,81
3419040,83,73,-3,84
3419550,97,84,11,73
3420060,79,95,-9,82
3420570,61,66,1,81
3421080,89,77,-2,83
3421590,1,88,12,71
3422100,82,79,-11,82
3422610,3,90,4,78
3423120,84,81,-9,87
3423630,10,92,5,82
3424140,74,83,0,82
3424650,0,94,5,77
3425160,81,85,-6,83
3425670,7,96,5,78
3426180,88,87,-4,82
3426690,70,98,0,82
3427200,98,89,4,78
3427710,19,100,-8,86
3428220,83,91,4,82
3428730,9,0,-3,85
3429240,2,49,3,82
3429750,66,40,0,82
3430260,85,41,8,74
3430770,13,61,-6,80
3431280,77,52,4,76
3431790,99,53,-3,79
3432300,88,73,3,76
3432810,0,84,-4,80
3433320,81,75,-5,85
3433830,7,86,5,80
3434340,88,77,0,80
3434850,9,88,0,80
3435360,90,79,1,79
3435870,11,90,-1,80
3436380,75,81,-9,89
3436890,1,92,15,74
3437400,82,83,-10,84
3437910,8,94,2,82
3438420,89,85,-1,83
3438930,15,96,2,81
3439440,23,87,-2,83
3439950,87,78,2,81
3440460,13,89,2,79
3440970,77,80,-4,83
3441480,3,91,2,81
3441990,84,82,-2,83
3442500,10,93,7,76
3443010,18,84,-1,77
3443520,82,75,-5,82
3444030,8,86,6,76
3444540,89,77,-4,80
3445050,15,88,-3,83
3445560,79,79,3,80
3446070,5,90,0,80
3446580,86,81,0,80
3447090,7,92,-1,81
3447600,88,83,0,81
3448110,9,94,-2,83
3448620,90,31,8,75
3449130,10,72,1,74
3449640,31,63,-8,82
3450150,50,54,-2,84
3450660,78,65,3,81
3451170,4,76,5,76
3451680,85,67,-3,79
3452190,99,68,6,73
3452700,19,69,-10,83
3453210,83,60,7,76
3453720,3,61,-6,82
3454230,67,52,2,80
3454740,86,63,7,73
3455250,6,64,-8,81
3455760,70,55,1,80
3456270,89,66,5,75
3456780,9,67,-4,79
3457290,73,58,1,78
3457800,92,69,5,73
3458310,12,70,-6,79
3458820,76,61,-1,80
3459330,95,72,-2,82
3459840,15,73,-3,85
3460350,79,64,5,80
3460860,98,75,1,79
3461370,18,86,-1,80
3461880,19,77,1,79
3462390,83,68,2,77
3462900,0,79,-3,80
3463410,81,70,4,76
3463920,7,81,0,76
3464430,71,72,-4,80
3464940,99,83,2,78
3465450,19,94,1,77
3465960,27,85,-6,83
3466470,28,76,-3,86
3466980,29,74,6,80
3467490,30,65,-2,82
3468000,31,56,-6,88
3468510,65,47,8,80
3469020,84,58,7,73
3469530,4,59,-1,74
3470040,68,40,-1,75
3470550,90,41,2,73
3471060,10,61,-6,79
3471570,74,52,-1,80
3472080,93,63,1,79
3472590,13,64,1,78
3473100,77,55,-3,81
3473610,96,56,10,71
3474120,16,57,-6,77
3474630,80,48,5,72
3475140,0,49,-5,77
3475650,64,40,-2,79
3476160,83,41,3,76
3476670,3,42,-4,80
3477180,67,33,1,79
3477690,8,80,-1,80
3478200,72,71,-9,89
3478710,100,82,13,76
3479220,20,83,-2,78
3479730,21,74,-1,79
3480240,85,65,2,77
3480750,5,66,4,73
3481260,69,57,-2,75
3481770,88,68,1,74
3482280,8,69,-8,82
3482790,72,60,4,78
3483300,100,71,0,78
3483810,20,72,1,77
3484320,21,63,-4,81
3484830,85,54,9,72
3485340,72,55,-6,78
3485850,91,66,4,74
3486360,11,67,-4,78
3486870,75,58,-2,80
3487380,94,59,6,74
3487890,14,60,-4,78
3488400,78,51,3,75
3488910,100,52,-2,77
3489420,20,72,-6,83
3489930,84,63,5,78
3490440,4,64,-4,82
3490950,68,55,3,79
3491460,87,66,2,77
3491970,7,67,-2,79
3492480,71,58,-1,80
3492990,90,69,5,75
3493500,10,75,-2,77
3494010,74,66,0,77
3494520,97,77,2,75
3495030,17,99,-5,80
3495540,25,90,-1,81
3496050,44,81,-4,85
3496560,63,72,2,83
3497070,91,83,3,80
3497580,12,94,6,74
3498090,20,85,-3,77
3498600,86,76,-10,87
3499110,7,87,6,81
3499620,88,78,4,77
3500130,9,89,-6,83
3500640,90,80,5,78
3501150,11,91,1,77
3501660,19,82,0,77
3502170,58,73,-12,89
3502680,86,64,9,80
3503190,6,65,-1,81
3503700,70,56,4,77
3504210,89,57,7,70
3504720,9,58,-6,76
3505230,73,49,4,72
3505740,95,50,-4,76
3506250,15,70,-2,78
3506760,79,61,2,76
3507270,101,62,0,76
3507780,21,82,2,74
3508290,40,73,-3,77
3508800,59,64,-9,86
3509310,87,75,8,78
3509820,8,40,-5,83
3510330,72,31,6,77
3510840,94,16,6,71
3511350,9,26,-4,75
3511860,73,90,-7,82
3512370,101,53,4,78
3512880,21,73,-4,82
3513390,85,64,6,76
3513900,68,65,-9,85
3514410,96,76,4,81
3514920,16,41,5,76
3515430,80,32,-4,80
3515940,0,17,8,72
3516450,64,8,-6,78
3516960,81,27,3,75
3517470,1,68,-6,81
3517980,82,59,5,76
3518490,2,60,0,76
3519000,83,51,5,71
3519510,3,52,-4,75
3520020,67,43,-7,82
3520530,86,50,6,76
3521040,6,51,0,76
3521550,70,42,-3,79
3522060,89,43,8,71
3522570,9,63,-7,78
3523080,73,54,7,71
3523590,95,19,-10,81
3524100,10,68,-1,82
3524610,74,59,5,77
3525120,88,21,-1,78
3525630,8,51,-2,80
3526140,72,42,4,76
3526650,73,43,-2,78
3527160,95,44,3,75
3527670,15,64,-3,78
3528180,79,55,5,73
3528690,93,10,-2,75
3529200,8,40,-2,77
3529710,72,31,8,69
3530220,94,16,-15,84
3530730,9,26,7,77
3531240,8,90,-3,80
3531750,16,81,2,78
3532260,82,72,-1,79
3532770,3,34,1,78
3533280,67,25,5,73
3533790,89,66,-2,75
3534300,9,31,7,68
3534810,73,22,-5,73
3535320,95,63,2,71
3535830,15,69,-7,78
3536340,79,60,-2,80
3536850,93,22,7,73
3537360,8,63,-8,81
3537870,72,54,2,79
3538380,91,16,11,68
3538890,6,26,-14,82
3539400,70,79,-1,83
3539910,42,90,1,82
3540420,61,81,4,78
3540930,89,35,6,72
3541440,9,94,-12,84
3541950,17,85,3,81
3542460,0,76,2,79
3542970,81,67,1,78
3543480,2,74,-2,80
3543990,83,65,0,80
3544500,97,27,3,77
3545010,12,4,-9,86
3545520,5,53,7,79
3546030,69,44,0,79
3546540,88,51,3,76
3547050,8,52,-5,81
3547560,72,43,7,74
3548070,94,44,0,74
3548580,14,64,0,74
3549090,78,55,-1,75
3549600,100,61,-5,80
3550110,20,81,0,80
3550620,39,72,-3,83
3551130,58,63,5,78
3551640,86,74,-2,80
3552150,7,85,-2,82
3552660,88,76,3,79
3553170,9,38,-8,87
3553680,73,29,16,71
3554190,95,14,-7,78
3554700,5,24,0,78
3555210,69,15,-1,79
3555720,94,56,2,77
3556230,14,57,1,76
3556740,78,48,-3,79
3557250,100,49,-1,80
3557760,20,69,-2,82
3558270,84,60,9,73
3558780,4,66,-5,78
3559290,68,57,-2,80
3559800,87,68,7,73
3560310,7,33,-5,78
3560820,71,24,2,76
3561330,96,65,5,71
3561840,16,71,-10,81
3562350,80,62,7,74
3562860,94,27,5,69
3563370,14,68,-10,79
3563880,78,59,2,77
3564390,97,66,0,77
3564900,17,72,0,77
3565410,81,63,-1,78
3565920,100,28,5,73
3566430,15,69,-5,78
3566940,79,60,3,75
3567450,98,67,4,71
3567960,18,73,-9,80
3568470,82,64,1,79
3568980,101,71,-1,80
3569490,21,77,5,75
3570000,40,68,-5,80
3570510,59,59,-3,83
3571020,87,70,3,80
3571530,101,35,5,75
3572040,21,76,-4,79
3572550,85,67,5,74
3573060,5,74,-5,79
3573570,69,65,-1,80
3574080,97,76,3,77
3574590,17,41,0,77
3575100,81,32,5,72
3575610,1,73,-4,76
3576120,82,64,-5,81
3576630,101,71,4,77
3577140,21,77,-1,78
3577650,85,68,0,78
3578160,99,33,2,76
3578670,19,74,-4,80
3579180,83,65,2,78
3579690,0,30,4,74
3580200,64,21,-1,75
3580710,89,68,-5,80
3581220,9,30,5,75
3581730,73,21,0,75
3582240,98,62,4,71
3582750,18,63,-9,80
3583260,82,54,4,76
3583770,2,60,-2,78
3584280,66,51,3,75
3584790,7,58,-5,80
3585300,71,49,2,78
3585810,90,11,0,78
3586320,5,21,0,78
3586830,69,12,4,74
3587340,86,22,0,74
3587850,1,63,-5,79
3588360,65,54,-1,80
3588870,84,65,0,80
3589380,93,27,-1,81
3589890,8,4,7,74
3590400,1,53,-1,75
3590910,65,56,-4,79
3591420,84,67,2,77
3591930,93,29,-5,82
3592440,13,70,1,81
3592950,77,61,4,77
3593460,96,23,0,77
3593970,11,64,-1,78
3594480,45,55,-3,81
3594990,79,17,0,81
3595500,96,36,8,73
3596010,16,77,-8,81
3596520,80,68,3,78
3597030,94,79,-3,81
3597540,76,44,6,75
3598050,4,45,-6,81
3598560,68,36,4,77
3599070,98,83,-3,80
3599580,80,94,0,80
3600090,5,85,-4,84
3600600,86,76,2,82
3601110,100,87,2,80
3601620,82,98,1,79
3602130,64,89,-9,88
3602640,92,80,5,83
3603150,4,91,3,80
3603660,85,82,-1,81
3604170,6,93,3,78
3604680,14,84,-4,82
3605190,78,75,0,82
3605700,92,86,3,79
3606210,13,97,-1,80
3606720,21,88,-1,81
3607230,85,79,2,79
3607740,6,90,0,79
3608250,14,81,0,79
3608760,78,72,-1,80
3609270,92,83,2,78
3609780,74,94,-5,83
3610290,56,85,-1,84
3610800,90,76,6,78
3611310,11,87,-3,81
3611820,19,78,4,77
3612330,83,69,-5,82
3612840,97,80,7,75
3613350,12,86,-12,87
3613860,76,77,4,83
3614370,90,88,0,83
3614880,72,99,-7,90
3615390,100,90,4,86
3615900,82,101,9,77
3616410,64,92,-6,83
3616920,92,83,0,83
3617430,13,94,-5,88
3617940,21,85,11,77
3618450,87,76,-9,86
3618960,101,87,7,79
3619470,83,98,0,79
3619980,65,7,5,74
3620490,82,78,-4,78
3621000,3,89,2,76
3621510,84,80,-6,82
3622020,5,91,4,78
3622530,86,82,-1,79
3623040,68,31,1,78
3623550,90,16,4,74
3624060,5,26,-3,77
3624570,69,17,-1,78
3625080,86,36,6,72
3625590,6,77,-9,81
3626100,70,68,-7,88
3626610,98,79,13,75
3627120,5,85,-2,77
3627630,86,76,0,77
3628140,100,87,-1,78
3628650,82,98,2,76
3629160,64,89,-9,85
3629670,91,80,7,78
3630180,3,91,-2,80
3630690,84,82,-4,84
3631200,5,93,3,81
3631710,86,84,1,80
3632220,10,95,-1,81
3632730,18,86,4,77
3633240,84,77,-6,83
3633750,98,88,2,81
3634260,80,99,-4,85
3634770,62,90,4,81
3635280,89,81,0,81
3635790,71,92,1,80
3636300,53,83,-5,85
3636810,87,74,3,82
3637320,69,85,-3,85
3637830,97,96,0,85
3638340,79,5,9,76
3638850,96,76,-1,77
3639360,3,82,0,77
3639870,84,73,3,74
3640380,66,84,-10,84
3640890,94,95,4,80
3641400,76,4,-4,84
3641910,93,75,4,80
3642420,0,81,4,76
3642930,81,72,-11,87
3643440,95,83,8,79
3643950,77,94,-4,83
3644460,59,3,4,79
3644970,14,74,-2,81
3645480,78,65,4,77
3645990,92,76,1,76
3646500,101,87,-11,87
3647010,83,98,8,79
3647520,65,89,-4,83
3648030,93,80,3,80
3648540,75,91,-6,86
3649050,57,0,3,83
3649560,12,19,3,80
3650070,5,30,3,77
3650580,69,21,3,74
3651090,91,62,-3,77
3651600,64,68,-7,84
3652110,78,79,-3,87
3652620,92,90,5,82
3653130,13,101,-2,84
3653640,21,92,3,81
3654150,85,83,1,80
3654660,6,94,5,75
3655170,87,85,-7,82
3655680,69,96,-1,83
3656190,97,87,1,82
3656700,79,98,-1,83
3657210,93,89,3,80
3657720,75,100,2,78
3658230,57,91,-5,83
3658740,91,82,3,80
3659250,73,93,2,78
3659760,55,84,-5,83
3660270,89,75,1,82
3660780,98,81,7,75
3661290,5,87,-6,81
3661800,86,78,1,80
3662310,100,89,-1,81
3662820,82,100,3,78
3663330,64,91,-2,80
3663840,92,82,2,78
3664350,13,93,-5,83
3664860,79,84,-1,84
3665370,61,95,2,82
3665880,89,75,-3,85
3666390,20,86,5,80
3666900,84,77,-5,85
3667410,5,88,6,79
3667920,86,79,-4,83
3668430,7,90,0,83
3668940,88,81,3,80
3669450,9,92,-4,84
3669960,75,83,1,83
3670470,1,94,3,80
3670980,82,85,-9,89
3671490,96,96,10,79
3672000,78,5,-6,85
3672510,95,76,14,71
3673020,2,82,-5,76
3673530,83,73,-4,80
3674040,92,84,-3,83
3674550,13,95,-2,85
3675060,77,86,4,81
3675570,100,97,5,76
3676080,82,6,-1,77
3676590,99,77,0,77
3677100,6,83,0,77
3677610,87,74,-5,82
3678120,101,80,2,80
3678630,8,86,0,80
3679140,89,77,4,76
3679650,98,88,2,74
3680160,19,99,-10,84
3680670,85,90,-4,88
3681180,6,101,11,77
3681690,87,92,0,77
3682200,8,1,-5,82
3682710,1,50,1,81
3683220,65,41,3,78
3683730,74,48,-1,79
3684240,6,55,1,78
3684750,70,46,-5,83
3685260,2,53,5,78
3685770,66,44,4,74
3686280,75,51,-3,77
3686790,84,58,6,71
3687300,93,64,-6,77
3687810,0,70,7,70
3688320,81,61,-5,75
3688830,90,67,-2,77
3689340,99,73,-4,81
3689850,6,79,4,77
3690360,70,70,-5,82
3690870,93,81,6,76
3691380,75,92,-8,84
3691890,57,1,7,77
3692400,12,20,-2,79
3692910,5,31,3,76
3693420,42,22,-3,79
3693930,43,29,-8,87
3694440,62,40,9,78
3694950,96,47,1,77
3695460,24,32,-2,79
3695970,58,43,5,74
3696480,92,54,2,72
3696990,101,39,-4,76
3697500,75,80,-6,82
3698010,1,91,-2,84
3698520,82,82,7,77
3699030,64,93,-4,81
3699540,92,84,2,79
3700050,74,95,0,79
3700560,56,67,-5,84
3701070,84,78,8,76
3701580,5,89,-5,81
3702090,86,80,-5,86
3702600,68,91,6,80
3703110,96,63,3,77
3703620,3,23,2,75
3704130,67,14,-2,77
3704640,68,61,-2,79
3705150,0,72,3,76
3705660,64,63,-10,86
3706170,98,74,7,79
3706680,5,80,0,79
3707190,86,71,5,74
3707700,95,33,-3,77
3708210,18,74,0,77
3708720,82,65,-2,79
3709230,91,27,6,73
3709740,6,68,-6,79
3710250,70,59,-2,81
3710760,2,70,3,78
3711270,66,61,-3,81
3711780,100,72,4,77
3712290,7,78,-5,82
3712800,71,4,1,81
3713310,88,75,-1,82
3713820,97,86,1,81
3714330,79,97,5,76
3714840,61,6,-5,81
3715350,78,77,3,78
3715860,101,88,-1,79
3716370,83,99,0,79
3716880,65,90,-4,83
3717390,93,81,8,75
3717900,75,32,-1,76
3718410,76,17,0,76
3718920,101,96,-5,81
3719430,83,5,2,79
3719940,100,15,0,79
3720450,15,25,1,78
3720960,73,36,4,74
3721470,8,21,-4,78
3721980,72,85,-8,86
3722490,4,96,9,77
3723000,85,87,-7,84
3723510,67,98,4,80
3724020,94,89,0,80
3724530,76,100,-2,82
3725040,58,91,3,79
3725550,92,82,1,78
3726060,74,93,-2,80
3726570,56,65,6,74
3727080,84,76,-8,82
3727590,66,87,0,82
3728100,48,59,-4,86
3728610,82,70,10,76
3729120,64,81,-8,84
3729630,92,92,6,78
3730140,74,1,4,74
3730650,6,31,-2,76
3731160,70,22,4,72
3731670,95,63,-8,80
3732180,2,23,2,78
3732690,66,14,0,78
3733200,67,33,5,73
3733710,2,32,-1,74
3734220,66,23,0,74
3734730,67,0,-14,88
3735240,101,19,9,79
3735750,16,18,-3,82
3736260,2,29,10,72
3736770,66,20,-2,74
3737280,67,99,-11,85
3737790,94,90,1,84
3738300,76,101,6,78
3738810,58,73,0,78
3739320,92,84,-3,81
3739830,24,95,2,79
3740340,25,86,-2,81
3740850,26,77,2,79
3741360,60,68,-10,89
3741870,94,79,13,76
3742380,76,85,-11,87
3742890,2,29,9,78
3743400,66,20,-2,80
3743910,67,67,-2,82
3744420,101,78,4,78
3744930,8,84,-4,82
3745440,89,75,2,80
3745950,21,81,5,75
3746460,2,72,-1,76
3746970,83,63,0,76
3747480,92,69,-4,80
3747990,101,75,-2,82
3748500,8,81,1,81
3749010,89,72,7,74
3749520,98,78,3,71
3750030,80,84,-14,85
3750540,62,95,5,80
3751050,96,86,3,77
3751560,78,97,-6,83
3752070,60,68,-3,86
3752580,94,79,10,76
3753090,76,90,-15,91
3753600,58,101,9,82
3754110,92,92,-8,90
3754620,74,1,12,78
3755130,7,20,-7,85
3755640,0,73,8,77
3756150,81,64,3,74
3756660,13,70,-6,80
3757170,77,61,-1,81
3757680,9,72,-1,82
3758190,73,63,2,80
3758700,5,74,1,79
3759210,86,65,-3,82
3759720,95,71,11,71
3760230,2,77,-12,83
3760740,83,68,6,77
3761250,15,79,1,76
3761760,81,70,-6,82
3762270,13,81,4,78
3762780,79,72,-4,82
3763290,11,83,4,78
3763800,92,74,4,74
3764310,74,80,-5,79
3764820,6,91,3,76
3765330,87,82,-13,89
3765840,19,93,10,79
3766350,20,84,0,79
3766860,84,75,-3,82
3767370,66,86,-5,87
3767880,100,58,11,76
3768390,28,78,-6,82
3768900,62,69,0,82
3769410,96,80,2,80
3769920,78,91,-3,83
3770430,60,0,2,81
3770940,15,19,4,77
3771450,8,30,-7,84
3771960,72,21,7,77
3772470,97,81,0,77
3772980,79,87,-3,80
3773490,61,98,0,80
3774000,95,89,2,78
3774510,77,100,-4,82
3775020,59,72,-4,86
3775530,93,83,9,77
3776040,75,94,-9,86
3776550,57,66,0,86
3777060,91,77,3,83
3777570,73,88,4,79
3778080,55,99,0,79
3778590,89,90,-7,86
3779100,71,101,4,82
3779610,64,92,-6,88
3780120,57,83,2,86
3780630,50,74,-4,90
3781140,84,46,13,77
3781650,14,66,-3,80
3782160,78,57,0,80
3782670,97,63,2,78
3783180,4,69,1,77
3783690,85,60,4,73
3784200,94,66,-1,74
3784710,1,72,-3,77
3785220,82,63,-4,81
3785730,14,74,5,76
3786240,78,65,-4,80
3786750,10,76,-1,81
3787260,74,67,-1,82
3787770,6,78,3,79
3788280,87,69,0,79
3788790,96,75,8,71
3789300,36,81,-14,85
3789810,70,72,0,85
3790320,2,83,8,77
3790830,83,74,-2,79
3791340,65,85,-2,81
3791850,47,57,-11,92
3792360,81,68,15,77
3792870,13,79,0,77
3793380,79,70,-7,84
3793890,11,81,3,81
3794400,92,72,1,80
3794910,101,78,3,77
3795420,8,84,-6,83
3795930,89,75,13,70
3796440,71,81,-16,86
3796950,3,92,-1,87
3797460,84,83,5,82
3797970,66,94,-1,83
3798480,59,66,-3,86
3798990,93,77,5,81
3799500,75,83,-5,86
3800010,57,94,3,83
3800520,91,85,2,81
3801030,73,96,-12,93
3801540,5,67,18,75
3802050,86,58,3,72
3802560,95,64,-6,78
3803070,2,70,-2,80
3803580,83,61,2,78
3804090,0,67,6,72
3804600,81,58,-7,79
3805110,90,64,1,78
3805620,99,70,1,77
3806130,6,76,3,74
3806640,87,67,-5,79
3807150,6,73,4,75
3807660,31,64,-3,78
3808170,65,55,-8,86
3808680,99,66,8,78
3809190,6,72,-5,83
3809700,70,63,4,79
3810210,2,74,6,73
3810720,57,65,-8,81
3811230,91,76,5,76
3811740,73,82,-13,89
3812250,5,93,7,82
3812760,86,75,8,74
3813270,68,81,-8,82
3813780,91,52,14,68
3814290,11,72,-6,74
3814800,75,63,-9,83
3815310,7,69,2,81
3815820,71,60,-2,83
3816330,3,71,2,81
3816840,84,62,3,78
3817350,16,68,4,74
3817860,80,59,-2,76
3818370,89,65,3,73
3818880,98,71,-1,74
3819390,5,41,0,74
3819900,69,32,1,73
3820410,70,17,-2,75
3820920,95,77,-3,78
3821430,77,83,-7,85
3821940,9,18,6,79
3822450,2,71,1,78
3822960,83,62,-3,81
3823470,15,68,2,79
3823980,79,59,-4,83
3824490,11,65,6,77
3825000,75,56,1,76
3825510,7,62,0,76
3826020,71,53,0,76
3826530,3,59,-4,80
3827040,67,50,-6,86
3827550,101,56,2,84
3828060,21,76,2,82
3828570,2,67,5,77
3829080,83,58,1,76
3829590,92,64,0,76
3830100,101,70,-4,80
3830610,8,76,-3,83
3831120,72,67,1,82
3831630,4,78,5,77
3832140,85,69,-2,79
3832650,4,75,7,72
3833160,85,66,-8,80
3833670,17,72,-1,81
3834180,81,63,-1,82
3834690,13,69,6,76
3835200,77,60,-4,80
3835710,9,66,3,77
3836220,73,57,-2,79
3836730,5,63,3,76
3837240,69,54,1,75
3837750,1,60,-5,80
3838260,82,51,4,76
3838770,91,57,0,76
3839280,100,77,-1,77
3839790,82,83,-1,78
3840300,64,18,-1,79
3840810,65,78,-4,83
3841320,99,69,4,79
3841830,6,75,3,76
3842340,87,66,-5,81
3842850,96,72,6,75
3843360,78,78,-5,80
3843870,60,89,-1,81
3844380,94,80,2,79
3844890,76,86,-5,84
3845400,58,7,1,83
3845910,13,26,-1,84
3846420,33,90,2,82
3846930,52,81,1,81
3847440,86,72,8,73
3847950,68,78,-10,83
3848460,50,101,9,74
3848970,84,92,-15,89
3849480,66,13,13,76
3849990,91,32,1,75
3850500,11,92,-6,81
3851010,92,83,-9,90
3851520,24,94,8,82
3852030,43,85,-3,85
3852540,77,76,4,81
3853050,59,87,-6,87
3853560,93,78,8,79
3854070,75,84,-3,82
3854580,57,5,8,74
3855090,91,24,-2,76
3855600,11,71,-8,84
3856110,75,62,4,80
3856620,7,24,5,75
3857130,71,77,-9,84
3857640,3,14,5,79
3858150,67,63,7,72
3858660,101,74,-9,81
3859170,8,80,3,78
3859680,89,71,0,78
3860190,71,33,7,71
3860700,6,53,-10,81
3861210,70,44,7,74
3861720,2,50,-6,80
3862230,66,41,0,80
3862740,100,3,0,80
3863250,82,22,4,76
3863760,2,82,-12,88
3864270,83,73,11,77
3864780,65,35,2,75
3865290,66,82,-9,84
3865800,100,73,8,76
3866310,82,79,-7,83
3866820,14,43,5,78
3867330,78,34,3,75
3867840,100,54,-3,78
3868350,38,74,-2,80
3868860,72,65,-6,86
3869370,4,27,9,77
3869880,68,18,3,74
3870390,93,78,-3,77
3870900,75,84,-5,82
3871410,1,5,8,74
3871920,96,54,2,72
3872430,16,74,-7,79
3872940,80,65,1,78
3873450,99,27,4,74
3873960,19,87,-4,78
3874470,85,78,0,78
3874980,31,40,-5,83
3875490,65,51,2,81
3876000,84,13,4,77
3876510,101,23,1,76
3877020,24,83,0,76
3877530,43,74,-11,87
3878040,77,65,9,78
3878550,59,27,-3,81
3879060,60,46,3,78
3879570,79,8,1,77
3880080,96,27,0,77
3880590,16,87,-2,79
3881100,99,78,1,78
3881610,18,84,-3,81
3882120,84,75,0,81
3882630,66,37,4,77
3883140,67,84,-7,84
3883650,49,56,-6,90
3884160,83,67,10,80
3884670,0,29,3,77
3885180,81,82,-9,86
3885690,7,19,10,76
3886200,71,68,-4,80
3886710,76,30,7,73
3887220,98,90,-8,81
3887730,80,27,7,74
3888240,0,87,-7,81
3888750,81,78,-3,84
3889260,13,15,11,73
3889770,6,26,-5,78
3890280,70,79,-4,82
3890790,52,70,0,82
3891300,86,42,4,78
3891810,6,62,-2,80
3892320,70,53,1,79
3892830,89,15,1,78
3893340,12,25,1,77
3893850,76,36,2,75
3894360,98,56,-2,77
3894870,18,76,-5,82
3895380,82,67,2,80
3895890,101,29,6,74
3896400,21,89,-7,81
3896910,87,80,4,77
3897420,69,42,0,77
3897930,1,48,1,76
3898440,65,39,-4,80
3898950,99,86,0,80
3899460,81,23,2,78
3899970,1,83,-4,82
3900480,82,74,4,78
3900990,14,36,-6,84
3901500,78,100,7,77
3902010,60,91,-10,87
3902520,94,82,10,77
3903030,76,44,0,77
3903540,98,64,2,75
3904050,18,84,-8,83
3904560,82,75,4,79
3905070,64,37,8,71
3905580,101,57,0,71
3906090,21,77,-11,82
3906600,40,68,-3,85
3907110,74,59,5,80
3907620,93,21,9,71
3908130,16,81,-4,75
3908640,82,72,-9,84
3909150,14,34,14,70
3909660,97,98,-10,80
3910170,79,35,5,75
3910680,101,55,-1,76
3911190,21,75,-3,79
3911700,2,66,-2,81
3912210,83,57,1,80
3912720,3,19,4,76
3913230,67,72,-3,79
3913740,95,9,-3,82
3914250,18,19,5,77
3914760,0,30,7,70
3915270,64,21,-6,76
3915780,65,81,-12,88
3916290,93,2,10,78
3916800,79,21,1,77
3917310,101,81,-3,80
3917820,20,41,-3,83
3918330,84,3,5,78
3918840,66,33,-1,79
3919350,67,52,3,76
3919860,86,14,2,74
3920370,9,24,-2,76
3920880,73,88,-5,81
3921390,55,79,-3,84
3921900,89,70,6,78
3922410,8,32,3,75
3922920,72,23,2,73
3923430,4,83,-6,79
3923940,85,74,3,76
3924450,67,36,-3,79
3924960,2,55,-4,83
3925470,66,46,6,77
3925980,85,8,3,74
3926490,0,79,-3,77
3927000,81,70,-3,80
3927510,95,32,4,76
3928020,15,92,-7,83
3928530,96,83,2,81
3929040,78,45,2,79
3929550,100,65,3,76
3930060,20,85,-6,82
3930570,84,76,1,81
3931080,66,38,1,80
3931590,100,37,3,77
3932100,20,57,0,77
3932610,84,48,2,75
3933120,4,68,-4,79
3933630,85,59,5,74
3934140,94,21,-3,77
3934650,9,81,-3,80
3935160,90,72,2,78
3935670,9,34,6,72
3936180,73,25,-5,77
3936690,74,85,-12,89
3937200,0,6,6,83
3937710,95,55,6,77
3938220,41,75,-6,83
3938730,75,66,3,80
3939240,7,28,8,72
3939750,71,81,-19,91
3940260,99,2,13,78
3940770,81,32,2,76
3941280,1,52,-4,80
3941790,65,43,-2,82
3942300,99,5,2,80
3942810,81,24,6,74
3943320,1,84,-7,81
3943830,82,75,3,78
3944340,14,37,-2,80
3944850,78,101,-5,85
3945360,4,92,3,82
3945870,85,83,6,76
3946380,67,4,0,76
3946890,101,14,-3,79
3947400,24,24,-3,82
3947910,6,35,4,78
3948420,70,26,2,76
3948930,71,45,2,74
3949440,3,7,-3,77
3949950,98,56,-1,78
3950460,44,76,-1,79
3950970,78,67,5,74
3951480,99,29,3,71
3951990,19,89,-8,79
3952500,85,80,3,76
3953010,67,1,-8,84
3953520,92,20,6,78
3954030,15,39,7,71
3954540,79,30,-6,77
3955050,14,90,-5,82
3955560,95,81,5,77
3956070,77,43,1,76
3956580,23,63,-6,82
3957090,57,54,0,82
3957600,91,16,13,69
3958110,6,26,-12,81
3958620,5,79,2,79
3959130,86,70,1,78
3959640,5,32,-3,81
3960150,69,23,11,70
3960660,4,83,-10,80
3961170,85,74,5,75
3961680,67,36,-1,76
3962190,101,35,1,75
3962700,14,55,-6,81
3963210,78,46,4,77
3963720,100,66,4,73
3964230,82,86,-7,80
3964740,64,7,5,75
3965250,98,78,-4,79
3965760,80,38,0,79
3966270,15,58,4,75
3966780,79,49,1,74
3967290,101,69,-5,79
3967800,83,89,-1,80
3968310,65,26,8,72
3968820,11,45,-14,86
3969330,75,36,14,72
3969840,97,56,-2,74
3970350,17,76,-2,76
3970860,81,67,-6,82
3971370,63,29,8,74
3971880,82,49,4,70
3972390,2,69,-3,73
3972900,83,60,-6,79
3973410,2,22,5,74
3973920,66,75,-13,87
3974430,100,98,5,82
3974940,82,35,5,77
3975450,2,55,-2,79
3975960,66,46,2,77
3976470,100,8,-4,81
3976980,82,27,3,78
3977490,2,87,-5,83
3978000,83,78,1,82
3978510,65,101,3,79
3979020,99,7,1,78
3979530,81,26,1,77
3980040,1,86,-3,80
3980550,82,77,0,80
3981060,64,14,6,74
3981570,72,33,-2,76
3982080,7,52,-4,80
3982590,71,43,4,76
3983100,17,42,-1,77
3983610,81,33,1,76
3984120,1,53,-1,77
3984630,65,44,0,77
3985140,99,6,0,77
3985650,81,25,4,73
3986160,1,85,-10,83
3986670,82,76,-1,84
3987180,64,99,1,83
3987690,98,90,6,77
3988200,80,11,5,72
3988710,97,82,-9,81
3989220,79,73,4,77
3989730,56,96,-4,81
3990240,90,87,-1,82
3990750,72,8,10,72
3991260,4,79,-5,77
3991770,85,70,0,77
3992280,67,49,-1,78
3992790,101,11,-4,82
3993300,83,30,10,72
3993810,3,29,-5,77
3994320,67,20,2,75
3994830,4,80,-3,78
3995340,85,71,-1,79
3995850,67,62,-1,80
3996360,101,85,-5,85
3996870,83,22,14,71
3997380,91,82,-8,79
3997890,73,3,-3,82
3998400,5,74,1,81
3998910,86,65,8,73
3999420,68,59,-9,82
3999930,0,21,10,72
4000440,64,74,-10,82
4000950,46,97,-6,88
4001460,80,88,3,85
4001970,62,9,7,78
4002480,70,80,-8,86
4002990,98,1,9,77
4003500,80,20,-3,80
4004010,88,39,13,67
4004520,8,59,-14,81
4005030,72,50,1,80
4005540,4,73,0,80
4006050,85,64,4,76
4006560,67,24,0,76
4007070,13,43,-3,79
4007580,77,34,6,73
4008090,12,54,-6,79
4008600,76,45,5,74
4009110,98,44,4,70
4009620,18,64,-8,78
4010130,82,55,6,72
4010640,64,75,-8,80
4011150,46,98,-2,82
4011660,80,89,2,80
4012170,62,10,-1,81
4012680,79,81,-5,86
4013190,61,2,8,78
4013700,43,21,-3,81
4014210,44,28,-4,85
4014720,26,39,0,85
4015230,8,50,-3,88
4015740,72,54,5,83
4016250,4,16,8,75
4016760,68,69,-11,86
4017270,96,92,4,82
4017780,78,13,9,73
4018290,95,84,-5,78
4018800,77,49,-1,79
4019310,91,69,3,76
4019820,73,101,-10,86
4020330,101,73,12,74
4020840,83,93,-13,87
4021350,65,14,14,73
4021860,73,33,-7,80
4022370,19,32,6,74
4022880,1,96,-7,81
4023390,82,87,-4,85
4023900,64,8,8,77
4024410,98,79,3,74
4024920,80,9,-4,78
4025430,12,80,-3,81
4025940,76,71,3,78
4026450,58,94,-11,89
4026960,92,85,8,81
4027470,74,6,6,75
4027980,6,77,0,75
4028490,87,68,0,75
4029000,69,100,-5,80
4029510,74,91,0,80
4030020,56,68,3,77
4030530,38,59,-10,87
4031040,72,50,12,75
4031550,86,82,-7,82
4032060,68,3,7,75
4032570,0,74,-2,77
4033080,81,65,0,77
4033590,63,69,-3,80
4034100,91,92,0,80
4034610,73,13,4,76
4035120,81,23,-2,78
4035630,1,22,3,75
4036140,65,75,-14,89
4036650,93,98,11,78
4037160,75,19,7,71
4037670,97,90,-13,84
4038180,79,11,6,78
4038690,96,80,-5,83
4039200,78,45,11,72
4039710,24,44,-12,84
4040220,17,35,5,79
4040730,81,99,-3,82
4041240,63,90,-10,92
4041750,97,81,16,76
4042260,79,46,-2,78
4042770,25,45,-2,80
4043280,15,36,4,76
4043790,79,27,-2,78
4044300,101,26,6,72
4044810,21,36,-5,77
4045320,55,100,-1,78
4045830,89,91,-5,83
4046340,71,12,3,80
4046850,3,83,1,79
4047360,84,74,-2,81
4047870,66,97,4,77
4048380,71,88,-4,81
4048890,53,9,-2,83
4049400,61,28,8,75
4049910,2,27,-1,76
4050420,66,18,-2,78
4050930,74,37,2,76
4051440,96,36,-1,77
4051950,16,35,-6,83
4052460,80,99,2,81
4052970,62,20,6,75
4053480,8,39,-4,79
4053990,72,30,12,67
4054500,94,29,-9,76
4055010,14,28,-3,79
4055520,7,92,-4,83
4056030,88,83,9,74
4056540,70,4,-6,80
4057050,2,75,4,76
4057560,83,66,-1,77
4058070,65,31,3,74
4058580,11,30,-4,78
4059090,75,31,6,72
4059600,97,30,-7,79
4060110,17,29,1,78
4060620,10,40,2,76
4061130,74,31,6,70
4061640,96,30,-1,71
4062150,16,29,-10,81
4062660,80,40,6,75
4063170,0,60,1,74
4063680,81,51,1,73
4064190,95,71,-5,78
4064700,77,31,3,75
4065210,12,30,-1,76
4065720,76,83,-5,81
4066230,2,4,5,76
4066740,97,53,4,72
4067250,43,73,-9,81
4067760,77,64,2,79
4068270,91,75,-1,80
4068780,73,86,-3,83
4069290,55,7,3,80
4069800,63,26,3,77
4070310,9,45,-3,80
4070820,73,36,1,79
4071330,19,35,-1,80
4071840,1,99,4,76
4072350,82,90,-13,89
4072860,64,11,9,80
4073370,72,30,5,75
4073880,7,49,0,75
4074390,71,41,-2,77
4074900,17,40,-9,86
4075410,81,51,14,72
4075920,63,50,-8,80
4076430,77,61,3,77
4076940,91,26,3,74
4077450,99,45,4,70
4077960,19,65,-8,78
4078470,0,56,-4,82
4078980,64,47,4,78
4079490,98,58,4,74
4080000,44,78,-7,81
4080510,78,69,-2,83
4081020,60,80,0,83
4081530,42,71,-1,84
4082040,76,62,1,83
4082550,90,24,6,77
4083060,15,43,-1,78
4083570,58,34,-2,80
4084080,59,45,-2,82
4084590,93,56,6,76
4085100,39,76,-6,82
4085610,73,67,4,78
4086120,101,78,-1,79
4086630,83,57,5,74
4087140,97,80,0,74
4087650,79,59,-2,76
4088160,100,21,-1,77
4088670,23,40,4,73
4089180,5,31,-3,76
4089690,69,22,6,70
4090200,28,41,-12,82
4090710,10,52,-1,83
4091220,74,43,11,72
4091730,20,42,-6,78
4092240,13,4,-1,79
4092750,6,15,3,76
4093260,70,68,-7,83
4093770,98,79,5,78
4094280,80,58,-4,82
4094790,94,20,3,79
4095300,9,39,1,78
4095810,73,30,2,76
4096320,8,49,-7,83
4096830,72,40,10,73
4097340,7,59,-6,79
4097850,71,50,7,72
4098360,85,29,-1,73
4098870,5,28,-2,75
4099380,69,19,-4,79
4099890,96,38,0,79
4100400,16,37,5,74
4100910,99,101,-6,80
4101420,81,22,3,77
4101930,1,41,2,75
4102440,65,32,-3,78
4102950,6,51,-5,83
4103460,70,42,7,76
4103970,5,41,1,75
4104480,69,32,-1,76
4104990,4,51,-2,78
4105500,68,42,0,78
4106010,95,41,0,78
4106520,15,40,1,77
4107030,79,31,6,71
4107540,14,50,-7,78
4108050,78,41,4,74
4108560,13,60,-5,79
4109070,77,51,3,76
4109580,91,11,5,71
4110090,6,82,-7,78
4110600,87,73,2,76
4111110,69,38,1,75
4111620,4,57,3,72
4112130,68,48,-4,76
4112640,96,10,0,76
4113150,11,81,-3,79
4113660,94,72,2,77
4114170,13,32,0,77
4114680,96,96,1,76
4115190,78,17,3,73
4115700,5,36,2,71
4116210,69,27,-4,75
4116720,4,46,-4,79
4117230,68,37,-1,80
4117740,69,56,-2,82
4118250,97,67,10,72
4118760,75,27,-5,77
4119270,10,46,5,72
4119780,74,37,-5,77
4120290,9,56,-1,78
4120800,73,47,1,77
4121310,12,53,-3,80
4121820,76,44,6,74
4122330,98,43,-1,75
4122840,18,42,-2,77
4123350,17,33,-3,80
4123860,81,44,8,72
4124370,16,43,-7,79
4124880,80,34,3,76
4125390,0,53,-2,78
4125900,64,61,-5,83
4126410,92,72,9,74
4126920,11,32,0,74
4127430,75,23,2,72
4127940,97,42,-4,76
4128450,17,41,-9,85
4128960,100,3,14,71
4129470,82,22,-8,79
4129980,2,41,3,76
4130490,66,99,-4,80
4131000,6,90,0,80
4131510,87,81,-3,83
4132020,69,2,5,78
4132530,1,21,4,74
4133040,65,12,-2,76
4133550,73,31,6,70
4134060,95,50,-3,73
4134570,15,70,-6,79
4135080,79,61,4,75
4135590,100,40,-4,79
4136100,20,39,-1,80
4136610,84,50,1,79
4137120,4,49,1,78
4137630,68,40,3,75
4138140,7,59,-5,80
4138650,71,50,1,79
4139160,10,12,-1,80
4139670,3,23,4,76
4140180,67,76,-16,92
4140690,95,99,17,75
4141200,77,20,-4,79
4141710,99,39,-2,81
4142220,19,38,2,79
4142730,83,0,-1,80
4143240,65,19,3,77
4143750,6,38,-8,85
4144260,70,29,12,73
4144770,5,48,-4,77
4145280,69,39,-3,80
4145790,4,58,0,80
4146300,68,49,-2,82
4146810,82,72,4,78
4147320,64,51,-2,80
4147830,98,74,-1,81
4148340,80,53,7,74
4148850,0,32,0,74
4149360,64,23,0,74
4149870,5,42,-1,75
4150380,69,33,-2,77
4150890,10,52,1,76
4151400,74,43,-1,77
4151910,96,62,6,71
4152420,74,82,-12,83
4152930,0,3,8,75
4153440,95,52,5,70
4153950,15,72,-5,75
4154460,79,63,-4,79
4154970,93,42,1,78
4155480,13,62,2,76
4155990,77,53,-2,78
4156500,91,32,4,74
4157010,11,51,-1,75
4157520,75,42,-1,76
4158030,97,61,-1,77
4158540,17,81,-5,82
4159050,81,72,2,80
4159560,63,95,0,80
4160070,90,86,-4,84
4160580,72,7,7,77
4161090,99,26,4,73
4161600,19,45,-6,79
4162110,0,36,0,79
4162620,64,27,3,76
4163130,5,46,-3,79
4163640,69,37,4,75
4164150,91,56,5,70
4164660,11,76,-14,84
4165170,75,67,1,83
4165680,89,90,0,83
4166190,71,11,6,77
4166700,70,30,3,74
4167210,11,49,-11,85
4167720,75,40,10,75
4168230,97,59,4,71
4168740,17,65,-11,82
4169250,81,56,4,78
4169760,1,35,2,76
4170270,65,26,-1,77
4170780,87,45,3,74
4171290,7,65,-6,80
4171800,71,56,8,72
4172310,85,35,3,69
4172820,5,55,-10,79
4173330,69,46,0,79
4173840,83,52,1,78
4174350,3,58,1,77
4174860,67,49,-3,80
4175370,81,11,5,75
4175880,6,30,-6,81
4176390,70,21,1,80
4176900,11,40,1,79
4177410,75,31,5,74
4177920,97,50,3,71
4178430,17,70,-8,79
4178940,81,61,1,78
4179450,1,40,0,78
4179960,65,31,0,78
4180470,6,50,-3,81
4180980,70,41,3,78
4181490,92,60,5,73
4182000,12,66,-7,80
4182510,76,57,3,77
4183020,90,36,6,71
4183530,10,56,-11,82
4184040,74,47,12,70
4184550,96,53,-9,79
4185060,16,73,7,72
4185570,80,64,-4,76
4186080,62,43,-4,80
4186590,3,5,5,75
4187100,98,54,2,73
4187610,18,74,0,73
4188120,101,65,-6,79
4188630,21,71,-5,84
4189140,2,62,9,75
4189650,83,18,1,74
4190160,3,37,-6,80
4190670,67,28,6,74
4191180,8,47,-2,76
4191690,72,38,3,73
4192200,94,57,-2,75
4192710,14,77,-2,77
4193220,78,68,-4,81
4193730,22,30,0,81
4194240,4,41,5,76
4194750,68,15,-1,77
4195260,93,34,3,74
4195770,13,54,-10,84
4196280,77,45,5,79
4196790,18,44,-1,80
4197300,101,6,5,75
4197810,83,25,-1,76
4198320,3,44,-2,78
4198830,67,35,6,72
4199340,8,54,-9,81
4199850,72,45,2,79
4200360,13,46,-1,80
4200870,77,37,5,75
4201380,99,56,2,73
4201890,19,76,-7,80
4202400,83,67,2,78
4202910,65,29,4,74
4203420,6,48,-4,78
4203930,70,39,3,75
4204440,92,58,3,72
4204950,12,64,-5,77
4205460,76,55,-5,82
4205970,17,17,6,76
4206480,101,28,1,75
4206990,21,47,-4,79
4207500,2,9,6,73
4208010,97,58,-2,75
4208520,17,59,-7,82
4209030,81,50,6,76
4209540,1,56,1,75
4210050,65,47,-6,81
4210560,6,9,5,76
4211070,101,20,2,74
4211580,26,30,-1,75
4212090,8,41,-3,78
4212600,16,32,5,73
4213110,99,96,-10,83
4213620,88,17,7,76
4214130,8,36,-9,85
4214640,72,100,2,83
4215150,54,21,3,80
4215660,97,40,8,72
4216170,17,60,-2,74
4216680,100,51,0,74
4217190,20,71,-7,81
4217700,84,62,5,76
4218210,4,41,1,75
4218720,68,32,-2,77
4219230,9,51,-2,79
4219740,73,42,0,79
4220250,95,4,4,75
4220760,77,23,1,74
4221270,99,42,-4,78
4221780,19,62,4,74
4222290,83,53,-2,76
4222800,3,15,2,74
4223310,67,79,-4,78
4223820,49,0,-3,81
4224330,21,19,-1,82
4224840,3,30,0,82
4225350,67,83,0,82
4225860,49,4,7,75
4226370,4,23,-3,78
4226880,68,87,-6,84
4227390,50,8,10,74
4227900,89,27,-4,78
4228410,9,46,-3,81
4228920,73,37,5,76
4229430,95,56,2,74
4229940,15,62,-4,78
4230450,79,53,4,74
4230960,101,15,-7,81
4231470,83,34,9,72
4231980,3,33,-10,82
4232490,67,24,8,74
4233000,89,43,2,72
4233510,9,63,-8,80
4234020,73,54,0,80
4234530,14,16,-2,82
4235040,7,27,1,81
4235550,71,91,-5,86
4236060,53,12,10,76
4236570,96,31,-1,77
4237080,16,50,-5,82
4237590,80,41,9,73
4238100,0,60,-8,81
4238610,81,51,7,74
4239120,1,13,-4,78
4239630,65,62,-3,81
4240140,93,73,5,76
4240650,75,35,0,76
4241160,97,54,2,74
4241670,17,55,-2,76
4242180,81,46,0,76
4242690,1,45,1,75
4243200,65,36,2,73
4243710,6,55,-11,84
4244220,70,46,11,73
4244730,92,8,-2,75
4245240,74,27,3,72
4245750,96,46,-3,75
4246260,16,66,-6,81
4246770,80,57,2,79
4247280,21,19,-1,80
4247790,3,30,5,75
4248300,67,21,-5,80
4248810,8,72,-1,81
4249320,89,63,8,73
4249830,71,25,-1,74
4250340,93,44,-2,76
4250850,13,64,-3,79
4251360,77,55,1,78
4251870,18,17,-6,84
4252380,0,28,16,68
4252890,64,19,-11,79
4253400,5,38,0,79
4253910,69,29,5,74
4254420,10,48,-5,79
4254930,74,39,3,76
4255440,96,58,3,73
4255950,78,59,-3,76
4256460,19,21,-2,78
4256970,1,32,-2,80
4257480,65,23,1,79
4257990,6,42,-7,86
4258500,70,33,8,78
4259010,11,52,-1,79
4259520,94,43,5,74
4260030,14,63,-9,83
4260540,78,54,8,75
4261050,60,16,-2,77
4261560,1,35,2,75
4262070,65,26,-3,78
4262580,6,45,-1,79
4263090,70,36,1,78
4263600,11,55,2,76
4264110,75,46,-1,77
4264620,16,4,-3,80
4265130,9,53,-1,81
4265640,73,44,0,81
4266150,14,43,7,74
4266660,97,34,1,73
4267170,22,23,-1,74
4267680,4,34,-8,82
4268190,68,25,9,73
4268700,9,44,-11,84
4269210,73,35,8,76
4269720,14,54,-9,85
4270230,78,45,7,78
4270740,6,46,2,76
4271250,70,37,-5,81
4271760,11,56,-4,85
4272270,75,47,7,78
4272780,16,31,1,77
4273290,99,95,0,77
4273800,81,16,-6,83
4274310,6,26,10,73
4274820,70,79,-11,84
4275330,52,0,1,83
4275840,34,19,-5,88
4276350,35,30,2,86
4276860,54,41,7,79
4277370,97,52,1,78
4277880,79,72,-2,80
4278390,61,37,-4,84
4278900,2,48,6,78
4279410,66,39,-4,82
4279920,7,4,-2,84
4280430,0,53,7,77
4280940,81,44,1,76
4281450,22,43,-5,81
4281960,4,5,3,78
4282470,99,54,-1,79
4282980,81,74,-3,82
4283490,2,85,1,81
4284000,83,76,1,80
4284510,65,99,-1,81
4285020,92,90,6,75
4285530,74,11,0,75
4286040,101,21,-8,83
4286550,83,40,0,83
4287060,11,60,7,76
4287570,75,51,0,76
4288080,16,13,1,75
4288590,100,24,-2,77
4289100,82,34,4,73
4289610,2,54,-3,76
4290120,83,45,3,73
4290630,11,46,-6,79
4291140,75,37,4,75
4291650,16,56,-3,78
4292160,99,47,1,77
4292670,19,67,-4,81
4293180,0,58,14,67
4293690,81,49,-10,77
4294200,1,50,1,76
4294710,82,41,0,76
4295220,10,61,2,74
4295730,93,52,-5,79
4296240,75,53,-1,80
4296750,16,15,0,80
4297260,9,26,7,73
4297770,2,90,-9,82
4298280,83,81,-7,89
4298790,65,2,11,78
4299300,47,21,0,78
4299810,90,40,0,78
4300320,36,60,-4,82
4300830,70,51,3,79
4301340,11,16,-2,81
4301850,4,27,1,80
4302360,68,80,-4,84
4302870,50,1,6,78
4303380,32,20,-2,80
4303890,14,31,-2,82
4304400,7,95,1,81
4304910,25,86,0,81
4305420,7,77,4,77
4305930,88,68,2,75
4306440,70,33,1,74
4306950,11,52,-7,81
4307460,75,43,9,72
4307970,97,42,-7,79
4308480,25,62,-5,84
4308990,6,53,5,79
4309500,70,44,-5,84
4310010,11,9,9,75
4310520,4,20,-5,80
4311030,68,73,0,80
4311540,50,96,-4,84
4312050,77,87,4,80
4312560,59,8,2,78
4313070,67,79,-8,86
4313580,95,0,12,74
4314090,77,19,-1,75
4314600,2,29,-4,79
4315110,66,82,-3,82
4315620,48,3,3,79
4316130,3,22,-1,80
4316640,84,75,1,79
4317150,66,40,0,79
4317660,7,5,0,79
4318170,0,54,-1,80
4318680,81,45,2,78
4319190,22,44,-5,83
4319700,56,6,4,79
4320210,99,77,1,78
4320720,81,42,3,75
4321230,9,41,2,73
4321740,73,32,1,72
4322250,14,31,-6,78
4322760,7,95,-5,83
4323270,88,86,1,82
4323780,70,7,3,79
4324290,97,78,-1,80
4324800,79,43,8,72
4325310,7,42,-9,81
4325820,71,95,-4,85
4326330,53,16,7,78
4326840,96,35,4,74
4327350,24,34,-6,80
4327860,6,45,1,79
4328370,70,36,7,72
4328880,100,55,-3,75
4329390,28,54,0,75
4329900,9,28,1,74
4330410,92,46,0,74
4330920,20,35,-4,78
4331430,2,99,-7,85
4331940,83,90,2,83
4332450,65,11,6,77
4332960,92,82,-3,80
4333470,74,47,3,77
4333980,15,12,-5,82
4334490,8,23,8,74
4335000,1,34,-2,76
4335510,82,25,0,76
4336020,2,72,-4,80
4336530,83,63,-1,81
4337040,97,28,5,76
4337550,50,80,-7,83
4338060,77,71,-5,88
4338570,100,82,8,80
4339080,82,47,8,72
4339590,10,46,-7,79
4340100,74,37,1,78
4340610,2,36,2,76
4341120,66,27,1,75
4341630,7,26,6,69
4342140,71,44,-9,78
4342650,12,9,1,77
4343160,5,20,1,76
4343670,69,69,-7,83
4344180,83,92,0,83
4344690,65,13,6,77
4345200,6,23,7,70
4345710,70,41,-5,75
4346220,11,40,-3,78
4346730,75,31,3,75
4347240,3,30,-7,82
4347750,67,83,-1,83
4348260,49,4,6,77
4348770,96,23,-1,78
4349280,21,33,4,74
4349790,3,44,-2,76
4350300,67,35,0,76
4350810,8,34,-4,80
4351320,72,25,10,70
4351830,6,24,-7,77
4352340,70,42,-4,81
4352850,11,65,3,78
4353360,75,56,0,78
4353870,89,21,3,75
4354380,14,31,-3,78
4354890,7,95,-7,85
4355400,10,86,5,80
4355910,91,77,-2,82
4356420,3,42,1,81
4356930,67,33,4,77
4357440,8,80,-6,83
4357950,89,71,4,79
4358460,71,36,1,78
4358970,12,35,-5,83
4359480,76,99,2,81
4359990,58,20,6,75
4360500,101,72,-3,78
4361010,21,37,-1,79
4361520,3,101,-2,81
4362030,21,92,-1,82
4362540,24,83,2,80
4363050,88,74,6,74
4363560,70,39,-2,76
4364070,11,38,-1,77
4364580,75,29,3,74
4365090,16,81,-3,77
4365600,80,72,-8,85
4366110,94,95,4,81
4366620,76,16,0,81
4367130,17,26,1,80
4367640,101,37,9,71
4368150,29,89,-12,83
4368660,48,80,1,82
4369170,67,71,1,81
4369680,95,94,4,77
4370190,77,15,-1,78
4370700,2,25,4,74
4371210,66,78,-11,85
4371720,94,101,1,84
4372230,76,22,8,76
4372740,13,74,-9,85
4373250,77,65,4,81
4373760,91,30,5,76
4374270,19,82,-1,77
4374780,0,73,2,75
4375290,81,64,-1,76
4375800,95,29,4,72
4376310,23,81,-2,74
4376820,4,72,-6,80
4377330,85,63,5,75
4377840,5,28,-2,77
4378350,69,19,-1,78
4378860,6,8,3,75
4379370,101,57,0,75
4379880,29,52,-4,79
4380390,48,43,-9,88
4380900,67,54,10,78
4381410,86,30,-2,80
4381920,14,82,-3,83
4382430,97,73,3,80
4382940,79,38,3,77
4383450,7,90,-7,84
4383960,88,81,2,82
4384470,70,2,3,79
4384980,95,32,4,75
4385490,92,84,-6,81
4386000,74,49,7,74
4386510,2,7,0,74
4387020,97,56,4,70
4387530,25,51,-12,82
4388040,59,42,4,78
4388550,0,53,-1,79
4389060,64,44,-1,80
4389570,5,9,4,76
4390080,100,58,-1,77
4390590,28,53,-2,79
4391100,47,44,-1,80
4391610,66,55,1,79
4392120,85,66,0,79
4392630,99,31,9,70
4393140,27,83,-12,82
4393650,46,74,-2,84
4394160,65,65,3,81
4394670,47,76,-4,85
4395180,66,67,-5,90
4395690,83,78,9,81
4396200,65,89,-1,82
4396710,47,10,1,81
4397220,72,29,8,73
4397730,0,28,-1,74
4398240,64,19,-3,77
4398750,5,66,0,77
4399260,69,57,0,77
4399770,83,68,-8,85
4400280,97,33,16,69
4400790,25,22,-9,78
4401300,7,33,3,75
4401810,71,86,-8,83
4402320,53,7,-5,88
4402830,72,26,4,84
4403340,13,78,5,79
4403850,77,69,-1,80
4404360,59,31,3,77
4404870,78,78,-2,79
4405380,60,32,-2,81
4405890,1,39,2,79
4406400,65,30,4,75
4406910,95,77,-5,80
4407420,77,42,0,80
4407930,5,41,-1,81
4408440,69,32,9,72
4408950,99,31,-2,74
4409460,27,20,-8,82
4409970,46,31,1,81
4410480,65,42,0,81
4410990,6,7,3,78
4411500,101,56,-1,79
4412010,29,45,-10,89
4412520,11,56,8,81
4413030,75,47,2,79
4413540,16,42,-2,81
4414050,80,4,-1,82
4414560,5,75,0,82
4415070,69,66,3,79
4415580,51,77,-7,86
4416090,70,68,5,81
4416600,52,79,-7,88
4417110,71,0,7,81
4417620,53,30,3,78
4418130,89,41,0,78
4418640,17,30,-4,82
4419150,81,41,5,77
4419660,9,30,9,68
4420170,73,21,-8,76
4420680,10,53,-5,81
4421190,67,44,-1,82
4421700,97,82,4,78
4422210,79,47,-1,79
4422720,7,17,1,78
4423230,0,28,2,76
4423740,64,46,1,75
4424250,83,8,-6,81
4424760,8,18,6,75
4425270,1,29,2,73
4425780,65,20,-2,75
4426290,6,72,-2,77
4426800,89,63,1,76
4427310,71,28,3,73
4427820,8,75,-10,83
4428330,91,66,7,76
4428840,73,31,4,72
4429350,1,83,-6,78
4429860,82,74,0,78
4430370,64,85,-4,82
4430880,46,6,1,81
4431390,65,25,3,78
4431900,6,77,1,77
4432410,89,68,2,75
4432920,71,30,1,74
4433430,8,19,-6,80
4433940,72,30,6,74
4434450,9,19,-4,78
4434960,2,30,1,77
4435470,66,83,-4,81
4435980,48,4,2,79
4436490,67,75,-9,88
4437000,49,98,7,81
4437510,68,89,-1,82
4438020,50,90,-3,85
4438530,69,81,-3,88
4439040,88,2,11,77
4439550,70,32,4,73
4440060,100,41,-2,75
4440570,28,30,-6,81
4441080,10,41,0,81
4441590,74,32,12,69
4442100,2,21,-9,78
4442610,66,39,-3,81
4443120,85,1,1,80
4443630,67,31,8,72
4444140,4,20,1,71
4444650,68,84,-17,88
4445160,50,5,6,82
4445670,69,24,5,77
4446180,6,71,-3,80
4446690,89,62,-1,81
4447200,9,24,-4,85
4447710,4,88,7,78
4448220,85,79,2,76
4448730,67,41,-3,79
4449240,86,3,-1,80
4449750,68,33,5,75
4450260,5,3,-7,82
4450770,6,52,6,76
4451280,70,43,-2,78
4451790,89,5,-3,81
4452300,71,35,5,76
4452810,12,38,-7,83
4453320,76,0,0,83
4453830,58,30,3,80
4454340,94,0,0,80
4454850,76,30,2,78
4455360,13,19,0,78
4455870,97,30,1,77
4456380,25,19,0,77
4456890,7,30,-2,79
4457400,71,48,-2,81
4457910,90,10,3,78
4458420,72,40,-1,79
4458930,36,10,-3,82
4459440,55,35,5,77
4459950,74,99,-7,84
4460460,56,20,7,77
4460970,95,39,-1,78
4461480,23,28,-1,79
4461990,5,39,-6,85
4462500,69,30,9,76
4463010,6,82,-4,80
4463520,89,73,5,75
4464030,71,38,-6,81
4464540,8,8,4,77
4465050,1,19,5,72
4465560,65,37,-7,79
4466070,84,101,0,79
4466580,66,37,4,75
4467090,85,7,-9,84
4467600,10,37,5,79
4468110,74,55,3,76
4468620,93,17,1,75
4469130,27,27,-5,80
4469640,46,38,-2,82
4470150,65,49,0,82
4470660,84,14,5,77
4471170,18,24,4,73
4471680,0,35,-6,79
4472190,64,26,-1,80
4472700,1,78,2,78
4473210,82,69,-1,79
4473720,101,34,5,74
4474230,29,23,-3,77
4474740,24,34,0,77
4475250,6,45,4,73
4475760,70,36,-3,76
4476270,7,39,-2,78
4476780,71,30,5,73
4477290,93,82,-10,83
4477800,75,47,6,77
4478310,94,9,-2,79
4478820,76,19,7,72
4479330,13,71,-4,76
4479840,96,62,6,70
4480350,16,63,-4,74
4480860,99,54,0,74
4481370,19,43,-4,78
4481880,0,5,-1,79
4482390,95,54,2,77
4482900,15,43,-1,78
4483410,98,34,-1,79
4483920,18,86,-5,84
4484430,82,77,5,79
4484940,64,42,1,78
4485450,83,7,-1,79
4485960,8,78,3,76
4486470,91,69,-4,80
4486980,8,34,6,74
4487490,72,71,-11,85
4488000,91,94,8,77
4488510,73,30,1,76
4489020,10,19,0,76
4489530,3,83,2,74
4490040,84,74,-2,76
4490550,66,36,-2,78
4491060,85,39,0,78
4491570,5,28,-2,80
4492080,69,46,2,78
4492590,88,8,5,73
4493100,13,18,-8,81
4493610,6,29,1,80
4494120,70,47,1,79
4494630,89,9,1,78
4495140,71,39,-1,79
4495650,90,42,8,71
4496160,10,31,-6,77
4496670,74,95,-4,81
4497180,56,31,4,77
4497690,99,1,-6,83
4498200,81,31,9,74
4498710,1,20,-4,78
4499220,82,73,-3,81
4499730,64,35,-2,83
4500240,83,5,5,78
4500750,65,35,1,77
4501260,73,38,-1,78
4501770,10,41,-3,81
4502280,74,32,4,77
4502790,11,21,-3,80
4503300,6,85,2,78
4503810,87,76,-6,84
4504320,69,38,17,67
4504830,91,27,-13,80
4505340,11,79,3,77
4505850,94,70,1,76
4506360,11,35,0,76
4506870,94,26,-1,77
4507380,14,78,-3,80
4507890,97,69,1,79
4508400,17,31,-2,81
4508910,100,95,-3,84
4509420,82,60,4,80
4509930,101,25,4,76
4510440,7,77,-6,82
4510950,90,68,-2,84
4511460,7,33,12,72
4511970,71,24,-3,75
4512480,12,76,-7,82
4512990,95,67,4,78
4513500,15,32,5,73
4514010,10,96,-8,81
4514520,18,87,0,81
4515030,101,78,-2,83
4515540,21,43,1,82
4516050,2,5,3,79
4516560,97,54,5,74
4517070,25,43,-5,79
4517580,59,5,4,75
4518090,78,76,-10,85
4518600,97,41,8,77
4519110,17,30,-2,79
4519620,101,94,2,77
4520130,83,59,5,72
4520640,90,24,-5,77
4521150,98,13,-4,81
4521660,80,23,7,74
4522170,0,12,-1,75
4522680,64,61,-6,81
4523190,83,23,2,79
4523700,3,75,2,77
4524210,6,66,-2,79
4524720,70,57,5,74
4525230,17,22,-3,77
4525740,101,33,-1,78
4526250,29,85,-5,83
4526760,48,76,-3,86
4527270,67,67,6,80
4527780,86,29,3,77
4528290,94,18,1,76
4528800,0,92,-6,82
4529310,3,83,-1,83
4529820,86,74,5,78
4530330,3,39,5,73
4530840,67,30,-4,77
4531350,8,49,0,77
4531860,72,40,-4,81
4532370,13,43,-2,83
4532880,77,34,11,72
4533390,5,23,-6,78
4533900,69,87,-5,83
4534410,51,23,1,82
4534920,70,42,10,72
4535430,11,4,-8,80
4535940,4,15,-3,83
4536450,68,33,12,71
4536960,9,22,-5,76
4537470,73,86,-5,81
4537980,55,48,2,79
4538490,74,59,2,77
4539000,93,24,7,70
4539510,101,76,-11,81
4540020,83,41,1,80
4540530,11,30,3,77
4541040,94,94,-3,80
4541550,76,59,6,74
4542060,95,24,2,72
4542570,1,76,-2,74
4543080,4,67,-6,80
4543590,87,58,4,76
4544100,4,23,-6,82
4544610,68,41,4,78
4545120,9,7,-1,79
4545630,2,18,7,72
4546140,66,36,-3,75
4546650,7,39,0,75
4547160,71,30,1,74
4547670,101,49,-4,78
4548180,29,38,-1,79
4548690,11,49,-6,85
4549200,75,40,3,82
4549710,3,10,6,76
4550220,98,47,1,75
4550730,26,36,-5,80
4551240,8,13,-3,83
4551750,1,24,11,72
4552260,65,42,-8,80
4552770,6,4,-7,87
4553280,101,15,10,77
4553790,83,25,2,75
4554300,20,14,-9,84
4554810,2,25,6,78
4555320,66,43,1,77
4555830,7,5,0,77
4556340,0,16,0,77
4556850,81,34,2,75
4557360,9,86,-2,77
4557870,92,77,0,77
4558380,74,42,4,73
4558890,2,31,-4,77
4559400,66,22,2,75
4559910,7,41,-4,79
4560420,71,32,3,76
4560930,12,51,0,76
4561440,76,42,1,75
4561950,4,31,3,72
4562460,68,22,-5,77
4562970,9,41,-2,79
4563480,73,32,7,72
4563990,14,21,-3,75
4564500,98,32,-1,76
4565010,26,21,1,75
4565520,8,32,-1,76
4566030,72,50,-2,78
4566540,91,15,3,75
4567050,73,25,0,75
4567560,10,14,1,74
4568070,3,25,-5,79
4568580,67,43,1,78
4569090,8,8,-2,80
4569600,1,19,7,73
4570110,65,37,-3,76
4570620,6,2,5,71
4571130,68,51,-13,84
4571640,87,16,9,75
4572150,69,26,-2,77
4572660,10,15,1,76
4573170,3,26,-3,79
4573680,67,44,3,76
4574190,8,9,-4,80
4574700,1,20,8,72
4575210,65,38,-10,82
4575720,6,3,1,81
4576230,101,52,2,79
4576740,29,41,-2,81
4577250,48,52,-2,83
4577760,67,14,10,73
4578270,8,33,-4,77
4578780,72,51,5,72
4579290,91,56,-1,73
4579800,19,76,-7,80
4580310,83,67,4,76
4580820,0,32,-4,80
4581330,64,50,5,75
4581840,83,15,-3,78
4582350,91,34,4,74
4582860,19,23,-2,76
4583370,1,34,3,73
4583880,65,25,-4,77
4584390,6,44,-5,82
4584900,70,35,1,81
4585410,11,38,0,81
4585920,94,56,10,71
4586430,22,76,-10,81
4586940,3,67,-1,82
4587450,84,58,8,74
4587960,1,23,-5,79
4588470,65,41,-5,84
4588980,38,6,3,81
4589490,75,25,8,73
4590000,3,14,-8,81
4590510,67,32,7,74
4591020,8,52,-5,79
4591530,72,43,5,74
4592040,0,73,-2,76
4592550,81,64,1,75
4593060,100,29,3,72
4593570,28,81,-8,80
4594080,47,72,-4,84
4594590,66,63,5,79
4595100,85,28,2,77
4595610,13,17,-1,78
4596120,97,28,6,72
4596630,25,38,-9,81
4597140,7,49,6,75
4597650,71,40,-5,80
4598160,101,43,0,80
4598670,29,63,3,77
4599180,48,54,-1,78
4599690,67,77,-4,82
4600200,49,100,-4,86
4600710,68,91,5,81
4601220,50,12,6,75
4601730,69,31,5,70
4602240,10,51,-13,83
4602750,74,42,2,81
4603260,15,45,4,77
4603770,98,36,-1,78
4604280,26,25,0,78
4604790,45,36,-5,83
4605300,64,47,8,75
4605810,83,12,1,74
4606320,91,22,0,74
4606830,19,11,-3,77
4607340,1,22,-4,81
4607850,65,40,8,73
4608360,84,5,-6,79
4608870,9,76,-3,82
4609380,73,67,-2,84
4609890,92,78,11,73
4610400,74,43,0,73
4610910,2,46,-12,85
4611420,66,37,2,83
4611930,7,40,5,78
4612440,71,31,3,75
4612950,12,51,-6,81
4613460,76,42,8,73
4613970,4,45,-6,79
4614480,68,36,7,72
4614990,36,39,-12,84
4615500,55,50,4,80
4616010,74,61,1,79
4616520,93,26,3,76
4617030,21,15,-5,81
4617540,3,26,9,72
4618050,67,44,1,71
4618560,86,64,-8,79
4619070,3,29,4,75
4619580,67,47,-1,76
4620090,86,12,-1,77
4620600,94,22,-1,78
4621110,22,32,0,78
4621620,4,96,-1,79
4622130,85,36,6,73
4622640,13,25,-2,75
4623150,8,89,-12,87
4623660,89,80,8,79
4624170,6,45,4,75
4624680,70,36,1,74
4625190,11,39,-1,75
4625700,75,30,-3,78
4626210,3,19,-2,80
4626720,84,37,8,72
4627230,12,26,-3,75
4627740,7,37,2,73
4628250,71,55,-9,82
4628760,90,20,7,75
4629270,18,30,-8,83
4629780,13,94,7,76
4630290,96,44,1,75
4630800,24,33,-2,77
4631310,58,44,-1,78
4631820,77,9,0,78
4632330,2,80,-2,80
4632840,83,71,4,76
4633350,0,36,-9,85
4633860,64,54,1,84
4634370,83,65,3,81
4634880,0,30,5,76
4635390,64,48,-7,83
4635900,83,59,4,79
4636410,0,24,7,72
4636920,64,42,-8,80
4637430,83,7,6,74
4637940,65,17,-4,78
4638450,6,6,2,76
4638960,101,17,-3,79
4639470,24,27,-1,80
4639980,6,38,5,75
4640490,70,56,-5,80
4641000,89,21,4,76
4641510,17,31,-2,78
4642020,100,95,1,77
4642530,82,60,1,76
4643040,101,25,0,76
4643550,29,35,-4,80
4644060,48,46,-7,87
4644570,67,57,12,75
4645080,86,68,-2,77
4645590,3,28,0,77
4646100,67,46,-7,84
4646610,86,11,8,76
4647120,9,21,-6,82
4647630,73,32,9,73
4648140,1,21,-3,76
4648650,65,39,-1,77
4649160,84,42,8,69
4649670,12,31,-4,73
4650180,95,95,-10,83
4650690,77,60,9,74
4651200,96,25,-2,76
4651710,24,14,-11,87
4652220,43,25,7,80
4652730,62,36,-1,81
4653240,81,39,7,74
4653750,9,28,-4,78
4654260,73,46,2,76
4654770,92,49,4,72
4655280,20,38,-7,79
4655790,1,0,-4,83
4656300,96,49,8,75
4656810,24,38,-6,81
4657320,43,49,0,81
4657830,62,60,-2,83
4658340,81,71,1,82
4658850,100,82,3,79
4659360,17,47,-1,80
4659870,81,38,7,73
4660380,9,27,-4,77
4660890,12,91,1,76
4661400,95,82,-1,77
4661910,77,47,5,72
4662420,5,50,-9,81
4662930,69,41,6,75
4663440,88,44,4,71
4663950,16,33,-10,81
4664460,11,44,5,76
4664970,75,62,-6,82
4665480,94,27,13,69
4665990,64,37,-6,75
4666500,83,40,-3,78
4667010,11,43,-1,79
4667520,75,34,4,75
4668030,3,23,-3,78
4668540,67,76,-7,85
4669050,86,99,2,83
4669560,68,34,11,72
4670070,98,37,-7,79
4670580,26,26,1,78
4671090,45,7,0,78
4671600,64,26,0,78
4672110,83,45,2,76
4672620,11,34,-1,77
4673130,94,98,0,77
4673640,76,34,4,73
4674150,4,23,1,72
4674660,68,76,-12,84
4675170,87,87,3,81
4675680,69,52,6,75
4676190,88,17,-5,80
4676700,5,27,5,75
4677210,69,45,0,75
4677720,88,10,-4,79
4678230,11,20,-1,80
4678740,12,31,1,79
4679250,7,95,-1,80
4679760,90,86,-2,82
4680270,72,51,2,80
4680780,91,16,2,78
4681290,19,26,6,72
4681800,1,37,-12,84
4682310,65,55,8,76
4682820,84,66,1,75
4683330,1,31,4,71
4683840,65,49,-14,85
4684350,84,14,9,76
4684860,7,24,-2,78
4685370,71,42,0,78
4685880,90,68,7,71
4686390,72,33,0,71
4686900,0,36,-5,76
4687410,64,27,3,73
4687920,5,56,-5,78
4688430,69,47,-2,80
4688940,88,12,4,76
4689450,22,22,-4,80
4689960,4,33,1,79
4690470,68,24,6,73
4690980,5,43,-4,77
4691490,69,34,-6,83
4692000,99,37,8,75
4692510,27,26,-6,81
4693020,46,37,-3,84
4693530,65,48,5,79
4694040,84,59,6,73
4694550,1,24,-5,78
4695060,65,77,-9,87
4695570,84,100,4,83
4696080,66,35,7,76
4696590,85,38,3,73
4697100,13,27,-5,78
4697610,96,38,0,78
4698120,24,27,-4,82
4698630,6,38,7,75
4699140,70,29,-1,76
4699650,7,76,-5,81
4700160,71,67,7,74
4700670,90,32,-2,76
4701180,18,21,0,76
4701690,0,32,-3,79
4702200,64,85,-2,81
4702710,46,22,-6,87
4703220,65,29,15,72
4703730,2,32,-9,81
4704240,66,50,1,80
4704750,85,15,6,74
4705260,17,25,-7,81
4705770,101,36,4,77
4706280,29,25,-6,83
4706790,48,36,1,82
4707300,67,47,3,79
4707810,86,12,-2,81
4708320,18,22,0,81
4708830,0,33,3,78
4709340,64,24,2,76
4709850,5,13,-2,78
4710360,69,24,4,74
4710870,6,39,-7,81
4711380,70,30,5,76
4711890,7,19,0,76
4712400,71,30,0,76
4712910,8,49,-4,80
4713420,72,40,3,77
4713930,91,43,3,74
4714440,19,32,-10,84
4714950,53,96,0,84
4715460,87,87,3,81
4715970,69,52,5,76
4716480,88,17,3,73
4716990,22,27,-2,75
4717500,4,38,-9,84
4718010,68,91,-1,85
4718520,87,82,7,78
4719030,69,47,2,76
4719540,88,12,-2,78
4720050,20,22,3,75
4720560,2,33,2,73
4721070,66,24,-2,75
4721580,3,13,5,70
4722090,67,31,-7,77
4722600,4,50,-5,82
4723110,68,41,8,74
4723620,87,44,0,74
4724130,15,33,-4,78
4724640,79,97,-8,86
4725150,61,34,8,78
4725660,80,37,4,74
4726170,8,26,-5,79
4726680,72,44,4,75
4727190,91,50,-3,78
4727700,19,39,-4,82
4728210,0,1,5,77
4728720,95,50,5,72
4729230,23,39,-8,80
4729740,57,1,4,76
4730250,91,20,0,76
4730760,19,30,-4,80
4731270,53,94,0,80
4731780,87,85,-6,86
4732290,69,96,6,80
4732800,70,87,-1,81
4733310,52,24,0,81
4733820,71,43,1,80
4734330,90,101,2,78
4734840,72,37,3,75
4735350,9,40,-9,84
4735860,73,58,6,78
4736370,92,23,1,77
4736880,20,33,-2,79
4737390,2,97,-1,80
4737900,83,88,-4,84
4738410,65,53,5,79
4738920,84,64,0,79
4739430,1,29,1,78
4739940,65,20,0,78
4740450,2,9,3,75
4740960,66,58,-7,82
4741470,85,69,9,73
4741980,2,34,-10,83
4742490,66,52,5,78
4743000,85,63,1,77
4743510,2,28,-2,79
4744020,66,19,0,79
4744530,3,8,0,79
4745040,4,57,3,76
4745550,68,48,-1,77
4746060,87,59,8,69
4746570,4,54,-10,79
4747080,68,45,1,78
4747590,87,10,1,77
4748100,19,20,-7,84
4748610,1,31,9,75
4749120,65,22,0,75
4749630,2,11,0,75
4750140,66,60,-10,85
4750650,85,71,10,75
4751160,67,36,-3,78
4751670,4,39,-6,84
4752180,68,30,12,72
4752690,5,19,-4,76
4753200,69,30,0,76
4753710,6,49,0,76
4754220,70,40,-1,77
4754730,89,43,4,73
4755240,17,32,0,73
4755750,100,96,-8,81
4756260,82,32,12,69
4756770,10,21,-10,79
4757280,9,32,-2,81
4757790,73,50,8,73
4758300,92,15,0,73
4758810,26,25,-5,78
4759320,45,36,-6,84
4759830,64,47,8,76
4760340,83,58,0,76
4760850,0,53,-2,78
4761360,81,44,6,72
4761870,9,33,-5,77
4762380,8,24,1,76
4762890,72,42,-1,77
4763400,91,31,1,76
4763910,28,20,-11,87
4764420,47,31,12,75
4764930,66,42,-1,76
4765440,85,99,-9,85
4765950,67,35,11,74
4766460,68,38,-2,76
4766970,69,41,4,72
4767480,88,44,0,72
4767990,16,33,-2,74
4768500,99,97,-8,82
4769010,81,34,10,72
4769520,9,23,-4,76
4770030,92,87,-11,87
4770540,74,98,8,79
4771050,56,34,-4,83
4771560,75,45,10,73
4772070,94,34,-5,78
4772580,31,23,-6,84
4773090,50,34,2,82
4773600,69,45,3,79
4774110,88,48,11,68
4774620,16,37,-14,82
4775130,80,101,0,82
4775640,62,37,1,81
4776150,81,48,3,78
4776660,100,51,5,73
4777170,28,40,-13,86
4777680,62,51,8,78
4778190,81,62,1,77
4778700,100,27,4,73
4779210,34,16,-9,82
4779720,53,27,5,77
4780230,72,39,3,74
4780740,9,28,-1,75
4781250,73,39,-5,80
4781760,92,42,9,71
4782270,20,31,-8,79
4782780,2,42,7,72
4783290,66,33,-6,78
4783800,67,22,3,75
4784310,4,11,-7,82
4784820,68,60,2,80
4785330,87,71,4,76
4785840,4,36,0,76
4786350,68,27,5,71
4786860,5,16,-7,78
4787370,69,34,0,78
4787880,6,53,-1,79
4788390,70,44,-1,80
4788900,89,47,6,74
4789410,6,36,-4,78
4789920,70,54,1,77
4790430,89,19,6,71
4790940,23,8,-12,83
4791450,17,19,4,79
4791960,101,30,6,73
4792470,38,19,-5,78
4792980,57,30,5,73
4793490,76,49,0,73
4794000,95,52,-2,75
4794510,12,41,-4,79
4795020,76,32,10,69
4795530,13,21,-16,85
4796040,6,32,10,75
4796550,70,23,-2,77
4797060,7,12,4,73
4797570,0,23,0,73
4798080,64,41,-6,79
4798590,83,52,1,78
4799100,0,55,5,73
4799610,81,46,-2,75
4800120,100,35,-3,78
4800630,5,24,-4,82
4801140,69,94,-2,84
4801650,1,30,2,82
4802160,65,48,6,76
4802670,84,13,2,74
4803180,16,51,-10,84
4803690,80,42,6,78
4804200,99,45,1,77
4804710,27,34,0,77
4805220,9,98,-8,85
4805730,90,89,4,81
4806240,72,54,-5,86
4806750,2,19,5,81
4807260,66,30,4,77
4807770,3,49,-2,79
4808280,67,40,3,76
4808790,86,43,6,70
4809300,93,32,-8,78
4809810,30,21,0,78
4810320,49,32,-1,79
4810830,68,43,3,76
4811340,87,46,10,66
4811850,89,35,-12,78
4812360,17,24,2,76
4812870,101,35,-3,79
4813380,38,24,-1,80
4813890,57,35,7,73
4814400,76,38,0,73
4814910,95,27,-7,80
4815420,32,16,-5,85
4815930,51,27,4,81
4816440,70,38,9,72
4816950,89,27,-4,76
4817460,26,16,-6,82
4817970,45,27,-2,84
4818480,64,38,7,77
4818990,83,41,-2,79
4819500,0,30,9,70
4820010,64,21,-2,72
4820520,1,10,-4,76
4821030,96,59,-2,78
4821540,13,48,-3,81
4822050,77,39,3,78
4822560,96,28,2,76
4823070,33,17,-8,84
4823580,52,28,7,77
4824090,71,47,5,72
4824600,90,50,-3,75
4825110,7,39,-8,83
4825620,71,30,11,72
4826130,8,19,-7,79
4826640,7,30,2,77
4827150,71,94,-9,86
4827660,53,30,5,81
4828170,72,41,5,76
4828680,91,30,0,76
4829190,28,19,-6,82
4829700,47,30,0,82
4830210,66,41,0,82
4830720,85,52,9,73
4831230,2,41,-3,76
4831740,66,32,3,73
4832250,3,35,-1,74
4832760,17,26,-7,81
4833270,101,37,6,75
4833780,29,26,-10,85
4834290,48,37,2,83
4834800,67,48,5,78
4835310,86,13,0,78
4835820,1,23,4,74
4836330,65,41,-8,82
4836840,84,44,9,73
4837350,1,47,-5,78
4837860,65,38,-3,81
4838370,84,41,6,75
4838880,91,30,1,74
4839390,98,19,-8,82
4839900,90,38,8,74
4840410,18,27,-5,79
4840920,0,38,-2,81
4841430,64,29,12,69
4841940,83,18,-8,77
4842450,20,37,-8,85
4842960,54,48,-2,87
4843470,79,59,7,80
4843980,98,24,5,75
4844490,3,43,-4,79
4845000,67,34,8,71
4845510,86,37,0,71
4846020,14,26,-9,80
4846530,78,90,-9,89
4847040,60,26,9,80
4847550,67,45,2,78
4848060,86,48,5,73
4848570,3,37,-5,78
4849080,67,55,-8,86
4849590,86,66,18,68
4850100,3,12,-10,78
4850610,67,61,-5,83
4851120,86,72,7,76
4851630,3,37,-1,77
4852140,67,28,3,74
4852650,8,17,-2,76
4853160,1,28,-4,80
4853670,65,46,-3,83
4854180,84,8,4,79
4854690,16,27,0,79
4855200,100,38,5,74
4855710,28,27,-9,83
4856220,47,38,0,83
4856730,66,49,0,83
4857240,85,11,9,74
4857750,0,30,-6,80
4858260,64,48,3,77
4858770,83,10,0,77
4859280,100,29,-1,78
4859790,28,18,-6,84
4860300,47,29,6,78
4860810,66,40,-1,79
4861320,85,51,7,72
4861830,2,40,-11,83
4862340,66,31,2,81
4862850,7,34,-3,84
4863360,71,87,3,81
4863870,53,23,2,79
4864380,72,42,5,74
4864890,91,45,-2,76
4865400,19,34,-7,83
4865910,83,98,3,80
4866420,65,34,3,77
4866930,84,37,6,71
4867440,12,26,-9,80
4867950,76,90,-8,88
4868460,58,26,13,75
4868970,77,45,-3,78
4869480,96,48,5,73
4869990,24,37,-10,83
4870500,58,48,6,77
4871010,77,59,1,76
4871520,96,21,-3,79
4872030,72,40,6,73
4872540,79,43,-2,75
4873050,98,46,2,73
4873560,26,35,-4,77
4874070,8,46,-5,82
4874580,72,37,4,78
4875090,91,40,3,75
4875600,19,29,-5,80
4876110,18,40,4,76
4876620,82,2,-4,80
4877130,14,21,4,76
4877640,78,32,2,74
4878150,85,17,-1,75
4878660,0,27,1,74
4879170,66,45,-3,77
4879680,85,7,-4,81
4880190,0,26,2,79
4880700,64,79,1,78
4881210,46,50,-8,86
4881720,65,61,5,81
4882230,84,72,2,79
4882740,1,34,-3,82
4883250,65,52,-1,83
4883760,84,14,5,78
4884270,101,24,0,78
4884780,77,9,-3,81
4885290,9,28,2,79
4885800,73,46,1,78
4886310,92,49,6,72
4886820,20,52,-6,78
4887330,84,43,-1,79
4887840,12,46,4,75
4888350,76,37,-1,76
4888860,83,40,-1,77
4889370,11,43,-1,78
4889880,75,34,2,76
4890390,82,37,8,68
4890900,89,26,-4,72
4891410,96,45,-6,78
4891920,24,34,1,77
4892430,6,45,0,77
4892940,70,36,-2,79
4893450,77,39,4,75
4893960,84,42,1,74
4894470,91,45,-2,76
4894980,19,48,-1,77
4895490,83,39,5,72
4896000,11,42,-8,80
4896510,75,33,7,73
4897020,82,22,-1,74
4897530,89,7,-4,78
4898040,4,78,0,78
4898550,85,69,-5,83
4899060,2,31,13,70
4899570,66,49,-11,81
4900080,85,11,4,77
4900590,0,30,6,71
4901100,64,48,-6,77
4901610,83,10,5,72
4902120,100,81,-9,81
4902630,17,17,7,74
4903140,101,28,2,72
4903650,6,47,-13,85
4904160,70,38,9,76
4904670,77,41,-2,78
4905180,5,90,-2,80
4905690,86,41,6,74
4906200,14,44,-8,82
4906710,78,35,7,75
4907220,82,38,-2,77
4907730,89,41,3,74
4908240,17,44,-7,81
4908750,24,35,6,75
4909260,6,99,-1,76
4909770,87,90,-10,86
4910280,69,52,6,80
4910790,88,14,7,73
4911300,3,33,-5,78
4911810,67,86,-8,86
4912320,62,57,1,85
4912830,81,68,10,75
4913340,100,30,2,73
4913850,5,19,-1,74
4914360,69,30,-3,77
4914870,76,33,8,69
4915380,83,36,-2,71
4915890,90,39,1,70
4916400,18,28,-5,75
4916910,0,39,-9,84
4917420,64,30,8,76
4917930,83,33,1,75
4918440,11,52,-2,77
4918950,75,43,4,73
4919460,82,46,-4,77
4919970,89,27,1,76
4920480,96,16,2,74
4920990,11,26,-2,76
4921500,75,90,-12,88
4922010,94,61,13,75
4922520,11,64,-4,79
4923030,75,55,5,74
4923540,94,17,-1,75
4924050,9,36,-10,85
4924560,73,27,15,70
4925070,80,16,-6,76
4925580,97,35,0,76
4926090,25,24,0,76
4926600,44,35,-6,82
4927110,63,46,2,80
4927620,82,8,5,75
4928130,99,79,1,74
4928640,81,25,2,72
4929150,16,14,-11,83
4929660,100,25,13,70
4930170,76,35,-9,79
4930680,83,38,5,74
4931190,90,41,-3,77
4931700,97,44,-3,80
4932210,25,33,1,79
4932720,7,44,-5,84
4933230,71,35,9,75
4933740,78,38,3,72
4934250,85,41,-1,73
4934760,92,44,-2,75
4935270,20,47,-6,81
4935780,84,9,2,79
4936290,101,19,3,76
4936800,16,29,0,76
4937310,100,93,-8,84
4937820,82,29,12,72
4938330,89,18,-2,74
4938840,4,37,-5,79
4939350,68,28,9,70
4939860,75,17,-4,74
4940370,82,27,1,73
4940880,89,16,-3,76
4941390,4,26,-3,79
4941900,68,44,6,73
4942410,87,47,0,73
4942920,94,50,2,71
4943430,101,53,-11,82
4943940,6,56,9,73
4944450,70,47,-2,75
4944960,89,9,-3,78
4945470,4,80,-4,82
4945980,68,44,2,80
4946490,87,47,11,69
4947000,94,50,-5,74
4947510,101,53,-6,80
4948020,6,56,8,72
4948530,70,47,-4,76
4949040,89,50,-2,78
4949550,96,53,-3,81
4950060,1,56,7,74
4950570,65,47,-3,77
4951080,84,9,-6,83
4951590,101,28,9,74
4952100,6,80,0,74
4952610,87,71,-3,77
4953120,4,74,-5,82
4953630,10,65,3,79
4954140,74,56,-1,80
4954650,93,59,3,77
4955160,5,62,1,76
4955670,69,53,-6,82
4956180,88,15,2,80
4956690,3,25,6,74
4957200,67,78,-9,83
4957710,86,49,11,72
4958220,93,52,2,70
4958730,100,55,-8,78
4959240,5,58,-6,84
4959750,69,49,6,78
4960260,88,52,6,72
4960770,95,55,-7,79
4961280,0,58,2,77
4961790,6,49,-4,81
4962300,70,40,1,80
4962810,85,43,3,77
4963320,92,46,4,73
4963830,99,49,-2,75
4964340,4,52,-1,76
4964850,68,43,1,75
4965360,75,46,1,74
4965870,82,49,0,74
4966380,89,52,0,74
4966890,96,55,-1,75
4967400,1,58,-5,80
4967910,65,49,0,80
4968420,84,52,6,74
4968930,91,55,4,70
4969440,98,58,-1,71
4969950,3,53,-9,80
4970460,67,44,1,79
4970970,86,47,3,76
4971480,93,16,1,75
4971990,16,26,-3,78
4972500,9,90,-4,82
4973010,90,81,2,80
4973520,72,43,3,77
4974030,87,46,8,69
4974540,94,49,-4,73
4975050,101,52,-9,82
4975560,6,55,4,78
4976070,70,46,2,76
4976580,77,49,3,73
4977090,84,52,-3,76
4977600,93,55,1,75
4978110,100,58,-2,77
4978620,5,53,6,71
4979130,69,44,-8,79
4979640,83,47,7,72
4980150,90,50,-3,75
4980660,97,53,-4,79
4981170,2,56,6,73
4981680,8,47,-7,80
4982190,72,38,7,73
4982700,79,41,0,73
4983210,86,44,-4,77
4983720,93,47,6,71
4984230,100,50,-14,85
4984740,5,53,15,70
4985250,69,44,-13,83
4985760,84,47,12,71
4986270,91,50,-3,74
4986780,98,53,-2,76
4987290,3,56,-2,78
4987800,67,47,-5,83
4988310,86,58,15,68
4988820,95,61,-10,78
4989330,2,64,-5,83
4989840,66,55,3,80
4990350,85,17,-3,83
4990860,8,36,4,79
4991370,72,89,-3,82
4991880,54,60,-5,87
4992390,73,71,10,77
4992900,55,82,-4,81
4993410,89,73,3,78
4993920,1,76,3,75
4994430,82,67,-11,86
4994940,101,70,8,78
4995450,8,73,-3,81
4995960,72,64,-1,82
4996470,91,26,2,80
4996980,98,45,6,74
4997490,100,34,-4,78
4998000,12,29,-2,80
4998510,11,40,-1,81
4999020,75,31,4,77
4999530,90,34,5,72
5000040,10,38,-8,80
5000550,74,29,8,72
5001060,89,24,-3,75
5001570,96,19,0,75
5002080,11,29,-2,77
5002590,75,93,-8,85
5003100,57,64,11,74
5003610,76,75,-7,81
5004120,58,86,-4,85
5004630,92,77,6,79
5005140,74,80,0,79
5005650,56,51,-12,91
5006160,75,62,11,80
5006670,57,65,-1,81
5007180,76,36,7,74
5007690,88,39,-6,80
5008200,90,34,4,76
5008710,10,29,-4,80
5009220,74,93,-3,83
5009730,56,64,-2,85
5010240,38,35,-5,90
5010750,57,46,8,82
5011260,76,57,5,77
5011770,90,19,3,74
5012280,5,29,-6,80
5012790,69,47,-1,81
5013300,84,50,10,71
5013810,96,53,-3,74
5014320,6,48,-6,80
5014830,79,39,5,75
5015340,91,42,1,74
5015850,93,31,-1,75
5016360,3,26,-6,81
5016870,67,79,-1,82
5017380,49,50,-6,88
5017890,68,61,12,76
5018400,87,23,-1,77
5018910,24,18,-10,87
5019420,6,29,10,77
5019930,70,82,-5,82
5020440,52,53,-9,91
5020950,86,64,13,78
5021460,100,10,6,72
5021970,82,81,-6,78
5022480,64,52,1,77
5022990,83,14,0,77
5023500,100,24,2,75
5024010,10,34,-3,78
5024520,74,98,-8,86
5025030,56,89,8,78
5025540,61,80,-3,81
5026050,43,51,-1,82
5026560,62,13,7,75
5027070,74,84,-3,78
5027580,56,55,0,78
5028090,75,66,-3,81
5028600,89,28,5,76
5029110,101,23,-9,85
5029620,16,33,8,77
5030130,80,97,-6,83
5030640,62,68,-4,87
5031150,76,79,6,81
5031660,58,50,-4,85
5032170,92,61,8,77
5032680,101,23,1,76
5033190,16,33,1,75
5033700,80,97,-16,91
5034210,62,68,7,84
5034720,76,30,10,74
5035230,88,25,-4,78
5035740,100,96,-5,83
5036250,82,67,5,78
5036760,96,29,-6,84
5037270,6,100,0,84
5037780,87,91,8,76
5038290,69,62,-3,79
5038800,83,24,7,72
5039310,48,95,-13,85
5039820,82,86,5,80
5040330,64,48,-2,82
5040840,78,10,2,80
5041350,95,81,2,78
5041860,77,43,1,77
5042370,89,46,3,74
5042880,101,49,-2,76
5043390,11,38,0,76
5043900,75,29,1,75
5044410,87,24,-4,79
5044920,24,34,-3,82
5045430,6,98,-5,87
5045940,87,89,8,79
5046450,101,10,2,77
5046960,83,81,-1,78
5047470,65,43,1,77
5047980,79,5,2,75
5048490,11,76,-2,77
5049000,75,67,-8,85
5049510,89,29,9,76
5050020,101,24,6,70
5050530,16,34,-6,76
5051040,80,98,-9,85
5051550,62,69,7,78
5052060,76,40,2,76
5052570,88,46,-1,77
5053080,100,52,4,73
5053590,10,58,-3,76
5054100,74,49,2,74
5054610,83,55,-4,78
5055120,92,61,4,74
5055630,101,67,-1,75
5056140,8,73,-1,76
5056650,91,64,1,75
5057160,100,10,-3,78
5057670,15,81,-2,80
5058180,18,72,-3,83
5058690,82,63,5,78
5059200,96,69,5,73
5059710,78,15,-2,75
5060220,95,25,-7,82
5060730,5,96,4,78
5061240,86,87,-6,84
5061750,68,8,12,72
5062260,85,79,-9,81
5062770,67,0,7,74
5063280,101,71,-6,80
5063790,13,77,2,78
5064300,77,68,-4,82
5064810,91,30,10,72
5065320,1,19,-3,75
5065830,65,68,-4,79
5066340,99,39,4,75
5066850,9,28,-5,80
5067360,73,81,0,80
5067870,55,52,-5,85
5068380,89,63,12,73
5068890,98,69,-1,74
5069400,5,75,-6,80
5069910,86,66,4,76
5070420,100,72,2,74
5070930,12,18,-3,77
5071440,5,29,2,75
5071950,69,82,-3,78
5072460,51,53,-11,89
5072970,85,64,15,74
5073480,99,70,4,70
5073990,6,16,-8,78
5074500,70,17,1,77
5075010,82,88,-7,84
5075520,64,59,0,84
5076030,98,21,6,78
5076540,13,31,-2,80
5077050,77,95,-7,87
5077560,59,66,-2,89
5078070,93,89,1,88
5078580,75,10,15,73
5079090,7,81,-9,82
5079600,88,72,2,80
5080110,0,78,-1,81
5080620,81,69,1,80
5081130,63,31,1,79
5081640,75,34,6,73
5082150,87,40,-9,82
5082660,99,29,11,71
5083170,9,18,-6,77
5083680,73,29,4,73
5084190,85,24,-2,75
5084700,97,95,-2,77
5085210,79,66,-4,81
5085720,93,72,3,78
5086230,75,78,-3,81
5086740,89,49,9,72
5087250,1,55,-6,78
5087760,65,46,-6,84
5088270,79,8,4,80
5088780,96,79,4,76
5089290,78,85,-18,94
5089800,60,56,5,89
5090310,94,67,13,76
5090820,6,73,0,76
5091330,70,64,-1,77
5091840,84,26,-1,78
5092350,96,97,-2,80
5092860,78,33,9,71
5093370,90,39,-2,73
5093880,2,28,-8,81
5094390,66,19,5,76
5094900,78,90,-6,82
5095410,60,61,-10,92
5095920,94,72,13,79
5096430,6,78,4,75
5096940,87,69,0,75
5097450,69,31,-1,76
5097960,81,37,1,75
5098470,93,32,-1,76
5098980,3,21,7,69
5099490,67,22,-1,70
5100000,79,11,-14,84
5100510,96,21,5,79
5101020,11,33,-1,80
5101530,75,97,2,78
5102040,57,88,-7,85
5102550,91,79,6,79
5103060,73,41,-1,80
5103570,87,44,5,75
5104080,101,39,-3,78
5104590,11,28,2,76
5105100,75,92,-11,87
5105610,57,63,2,85
5106120,91,25,9,76
5106630,1,14,-5,81
5107140,65,63,-1,82
5107650,79,25,11,71
5108160,91,14,-5,76
5108670,6,85,-7,83
5109180,87,83,2,81
5109690,69,4,1,80
5110200,1,75,0,80
5110710,82,66,-3,83
5111220,96,28,9,74
5111730,6,17,-2,76
5112240,70,23,1,75
5112750,82,18,-5,80
5113260,99,28,2,78
5113770,9,17,-2,80
5114280,73,81,-2,82
5114790,87,52,6,76
5115300,101,58,-1,77
5115810,13,64,1,76
5116320,77,55,-6,82
5116830,91,17,7,75
5117340,6,27,5,70
5117850,70,91,-20,90
5118360,84,62,12,78
5118870,98,24,3,75
5119380,8,34,-6,81
5119890,72,87,-4,85
5120400,54,8,7,78
5120910,79,79,-3,81
5121420,61,0,2,79
5121930,43,71,-5,84
5122440,77,62,8,76
5122950,91,24,2,74
5123460,1,34,-1,75
5123970,65,25,-1,76
5124480,77,44,-2,78
5124990,91,50,2,76
5125500,3,56,2,74
5126010,67,47,-5,79
5126520,81,9,-4,83
5127030,98,80,5,78
5127540,80,86,-4,82
5128050,62,7,4,78
5128560,87,78,4,74
5129070,69,40,-4,78
5129580,83,46,9,69
5130090,97,52,-6,75
5130600,9,58,-11,86
5131110,73,49,10,76
5131620,69,12,-5,81
5132130,81,83,0,81
5132640,63,45,1,80
5133150,82,7,2,78
5133660,99,78,-1,79
5134170,81,84,-7,86
5134680,63,55,3,83
5135190,77,17,10,73
5135700,89,27,-4,77
5136210,101,37,-1,78
5136720,11,26,-2,80
5137230,75,90,-6,86
5137740,57,26,7,79
5138250,68,45,1,78
5138760,82,51,9,69
5139270,96,57,-9,78
5139780,8,63,-2,80
5140290,72,26,8,72
5140800,84,15,-8,80
5141310,101,25,8,72
5141820,24,35,-5,77
5142330,6,99,-2,79
5142840,87,90,2,77
5143350,51,52,-5,82
5143860,65,14,4,78
5144370,77,85,-9,87
5144880,59,6,8,79
5145390,76,77,-3,82
5145900,58,100,-4,86
5146410,92,91,5,81
5146920,74,12,-2,83
5147430,91,22,9,74
5147940,6,32,0,74
5148450,70,96,-6,80
5148960,52,87,-5,85
5149470,86,78,5,80
5149980,68,101,-7,87
5150490,73,92,7,80
5151000,55,13,7,73
5151510,80,84,-2,75
5152020,62,5,-2,77
5152530,96,76,3,74
5153040,78,82,-7,81
5153550,60,3,0,81
5154060,15,74,-2,83
5154570,79,65,3,80
5155080,93,27,4,76
5155590,3,12,-4,80
5156100,67,61,2,78
5156610,81,23,2,76
5157120,93,94,0,76
5157630,75,15,-2,78
5158140,87,25,-1,79
5158650,99,14,6,73
5159160,81,85,-7,80
5159670,63,21,6,74
5160180,4,92,-4,78
5160690,85,83,-7,85
5161200,67,45,7,78
5161710,81,51,6,72
5162220,95,57,3,69
5162730,7,63,-10,79
5163240,71,54,1,78
5163750,85,60,2,76
5164260,99,66,-4,80
5164770,11,72,0,80
5165280,75,63,3,77
5165790,89,25,4,73
5166300,101,39,1,72
5166810,11,28,-5,77
5167320,75,92,-3,80
5167830,57,28,-2,82
5168340,100,31,7,75
5168850,10,20,0,75
5169360,3,31,2,73
5169870,67,22,-6,79
5170380,8,32,3,76
5170890,72,19,-1,77
5171400,84,29,-1,78
5171910,96,18,1,77
5172420,11,28,-2,79
5172930,75,92,-2,81
5173440,57,28,5,76
5173950,68,31,1,75
5174460,75,50,-1,76
5174970,89,56,3,73
5175480,1,62,-1,74
5175990,82,53,0,74
5176500,96,59,-3,77
5177010,8,65,1,76
5177520,72,56,-2,78
5178030,16,18,-3,81
5178540,100,29,11,70
5179050,10,18,-4,74
5179560,3,29,-1,75
5180070,67,20,-4,79
5180580,8,30,4,75
5181090,72,94,-5,80
5181600,54,30,-3,83
5182110,73,33,8,75
5182620,80,22,-4,79
5183130,10,11,-3,82
5183640,3,60,6,76
5184150,67,51,1,75
5184660,81,13,2,73
5185170,98,23,-2,75
5185680,21,63,-10,85
5186190,20,54,6,79
5186700,19,45,2,77
5187210,18,7,-7,84
5187720,0,56,13,71
5188230,81,47,0,71
5188740,95,53,-5,76
5189250,7,59,-1,77
5189760,71,50,1,76
5190270,85,56,7,69
5190780,94,62,-3,72
5191290,6,68,-6,78
5191800,87,59,0,78
5192310,101,65,-1,79
5192820,13,71,1,78
5193330,77,62,0,78
5193840,59,68,-11,89
5194350,78,91,7,82
5194860,60,27,7,75
5195370,1,46,-1,76
5195880,65,37,4,72
5196390,72,43,-2,74
5196900,86,49,5,69
5197410,100,55,0,69
5197920,12,61,-13,82
5198430,76,52,7,75
5198940,90,58,0,75
5199450,2,64,-3,78
5199960,83,55,6,72
5200470,97,36,-8,80
5200980,27,25,-2,82
5201490,9,36,4,78
5202000,73,27,4,74
5202510,80,16,-1,75
5203020,3,26,1,74
5203530,67,79,-13,87
5204040,49,0,3,84
5204550,68,19,10,74
5205060,75,29,1,73
5205570,82,18,-1,74
5206080,99,28,4,70
5206590,4,38,-3,73
5207100,68,29,2,71
5207610,75,18,-7,78
5208120,82,28,3,75
5208630,12,17,-1,76
5209140,5,28,-4,80
5209650,69,81,3,77
5210160,51,17,-2,79
5210670,58,36,0,79
5211180,77,39,4,75
5211690,84,45,1,74
5212200,91,51,1,73
5212710,3,57,-4,77
5213220,67,48,-2,79
5213730,86,54,4,75
5214240,95,60,5,70
5214750,2,66,-3,73
5215260,83,57,-2,75
5215770,97,63,1,74
5216280,9,69,-6,80
5216790,73,60,2,78
5217300,87,66,2,76
5217810,101,72,5,71
5218320,83,78,-7,78
5218830,65,40,0,78
5219340,79,46,7,71
5219850,93,52,-5,76
5220360,5,58,-2,78
5220870,69,49,-1,79
5221380,83,55,3,76
5221890,97,61,6,70
5222400,9,67,-7,77
5222910,73,58,4,73
5223420,87,64,-5,78
5223930,69,70,-2,80
5224440,51,93,-5,85
5224950,85,84,4,81
5225460,67,5,4,77
5225970,101,76,5,72
5226480,83,82,-6,78
5226990,65,18,7,71
5227500,72,28,-6,77
5228010,79,23,-1,78
5228520,86,18,1,77
5229030,1,28,-3,80
5229540,82,19,2,78
5230050,99,29,0,78
5230560,4,39,2,76
5231070,68,30,-4,80
5231580,83,49,4,76
5232090,97,55,1,75
5232600,44,61,-3,78
5233110,78,32,8,70
5233620,85,27,-5,75
5234130,15,22,-5,80
5234640,34,86,-1,81
5235150,53,77,-1,82
5235660,87,39,10,72
5236170,94,34,-7,79
5236680,96,29,8,71
5237190,1,39,-8,79
5237700,82,30,3,76
5238210,89,25,-10,86
5238720,19,35,7,79
5239230,1,99,0,79
5239740,82,90,-2,81
5240250,64,61,2,79
5240760,46,23,-8,87
5241270,57,30,14,73
5241780,72,33,-1,74
5242290,79,16,-1,75
5242800,96,26,4,71
5243310,72,36,-2,73
5243820,79,42,-2,75
5244330,86,48,2,73
5244840,100,54,0,73
5245350,0,60,1,72
5245860,81,51,1,71
5246370,95,57,-6,77
5246880,7,63,-2,79
5247390,71,54,6,73
5247900,90,60,1,72
5248410,72,66,-13,85
5248920,54,89,1,84
5249430,36,80,-3,87
5249940,70,71,11,76
5250450,52,42,-6,82
5250960,71,53,2,80
5251470,90,59,7,73
5251980,72,65,-12,85
5252490,54,88,-1,86
5253000,88,79,8,78
5253510,70,85,4,74
5254020,52,56,-9,83
5254530,71,67,1,82
5255040,53,90,-1,83
5255550,87,81,3,80
5256060,69,52,4,76
5256570,84,58,-2,78
5257080,66,64,-1,79
5257590,48,87,-7,86
5258100,82,78,7,79
5258610,64,101,-4,83
5259120,69,92,-3,86
5259630,51,63,6,80
5260140,33,34,1,79
5260650,15,45,-8,87
5261160,79,36,12,75
5261670,86,31,1,74
5262180,6,26,-1,75
5262690,70,90,-10,85
5263200,52,61,5,80
5263710,34,84,-2,82
5264220,53,75,-7,89
5264730,87,46,17,72
5265240,89,52,-1,73
5265750,45,58,-4,77
5266260,79,29,0,77
5266770,101,39,4,73
5267280,77,34,0,73
5267790,84,29,0,73
5268300,4,24,-6,79
5268810,68,73,-4,83
5269320,50,44,0,83
5269830,69,55,7,76
5270340,51,61,-9,85
5270850,74,32,10,75
5271360,81,27,-2,77
5271870,1,22,-5,82
5272380,82,75,3,79
5272890,45,98,-4,83
5273400,79,89,-1,84
5273910,61,60,-5,89
5274420,43,71,0,89
5274930,77,62,0,89
5275440,59,68,1,88
5275950,41,39,-4,92
5276460,23,50,11,81
5276970,16,12,-1,82
5277480,9,23,11,71
5277990,2,34,-7,78
5278500,66,25,4,74
5279010,81,35,-4,78
5279520,61,30,0,78
5280030,80,49,7,71
5280540,94,55,-5,76
5281050,50,50,-8,84
5281560,69,61,4,80
5282070,51,72,-1,81
5282580,33,43,-6,87
5283090,67,54,3,84
5283600,86,60,3,81
5284110,3,66,5,76
5284620,84,57,2,74
5285130,98,63,-2,76
5285640,80,58,-5,81
5286150,99,64,5,76
5286660,81,70,-3,79
5287170,63,41,1,78
5287680,78,44,2,76
5288190,92,39,-4,80
5288700,12,34,0,80
5289210,76,98,-2,82
5289720,58,69,-5,87
5290230,40,40,3,84
5290740,59,51,1,83
5291250,78,62,4,79
5291760,97,68,6,73
5292270,79,63,-2,75
5292780,61,69,-9,84
5293290,43,40,-3,87
5293800,25,51,-6,93
5294310,18,13,9,84
5294820,11,24,3,81
5295330,4,73,4,77
5295840,85,64,-8,85
5296350,2,59,10,75
5296860,83,50,0,75
5297370,97,56,4,71
5297880,79,51,1,70
5298390,61,57,-22,92
5298900,43,68,2,90
5299410,25,39,7,83
5299920,7,50,1,82
5300430,71,41,7,75
5300940,85,44,-1,76
5301450,5,39,-4,80
5301960,69,30,3,77
5302470,91,49,1,76
5302980,11,44,-3,79
5303490,75,35,9,70
5304000,97,30,1,69
5304510,27,25,-12,81
5305020,61,36,4,77
5305530,62,39,0,77
5306040,77,42,3,74
5306550,91,37,2,72
5307060,11,32,-12,84
5307570,75,85,-1,85
5308080,57,56,-1,86
5308590,76,67,12,74
5309100,58,38,-7,81
5309610,77,41,5,76
5310120,91,44,6,70
5310630,11,39,-8,78
5311140,75,57,-2,80
5311650,94,52,9,71
5312160,14,47,-8,79
5312670,78,38,5,74
5313180,100,41,-2,76
5313690,20,36,-4,80
5314200,2,47,1,79
5314710,66,38,-1,80
5315220,80,41,3,77
5315730,10,44,2,75
5316240,74,35,-3,78
5316750,4,30,4,74
5317260,68,48,-4,78
5317770,87,51,7,71
5318280,101,46,-10,81
5318790,21,41,4,77
5319300,3,3,-1,78
5319810,98,52,1,77
5320320,18,47,-10,87
5320830,82,65,11,76
5321340,64,60,-11,87
5321850,83,71,7,80
5322360,65,74,-4,84
5322870,47,45,-4,88
5323380,66,56,7,81
5323890,85,67,7,74
5324400,67,70,-9,83
5324910,49,41,1,82
5325420,68,52,6,76
5325930,82,55,-1,77
5326440,96,58,-2,79
5326950,78,53,-1,80
5327460,92,56,6,74
5327970,4,51,-6,80
5328480,68,42,8,72
5328990,82,48,-4,76
5329500,96,51,1,75
5330010,16,46,-5,80
5330520,15,64,-1,81
5331030,79,55,5,76
5331540,93,50,5,71
5332050,13,45,-6,77
5332560,77,36,5,72
5333070,99,31,-6,78
5333580,75,26,6,72
5334090,5,21,-3,75
5334600,69,70,-8,83
5335110,92,41,3,80
5335620,12,36,3,77
5336130,43,54,-1,78
5336640,62,25,5,73
5337150,69,35,0,73
5337660,83,38,-6,79
5338170,3,33,-1,80
5338680,67,51,2,78
5339190,81,54,-2,80
5339700,95,57,3,77
5340210,7,52,-2,79
5340720,71,43,5,74
5341230,85,38,-3,77
5341740,5,33,4,73
5342250,69,51,-14,87
5342760,83,54,15,72
5343270,97,49,-9,81
5343780,17,44,-1,82
5344290,81,62,5,77
5344800,95,8,-2,79
5345310,77,18,6,73
5345820,53,28,-6,79
5346330,72,47,1,78
5346840,86,50,9,69
5347350,100,45,-9,78
5347860,20,40,-1,79
5348370,70,2,-3,82
5348880,2,73,4,78
5349390,83,64,3,75
5349900,97,0,-7,82
5350410,79,19,6,76
5350920,9,29,-4,80
5351430,73,16,6,74
5351940,98,26,1,73
5352450,74,36,-2,75
5352960,88,31,3,72
5353470,18,91,-13,85
5353980,99,82,4,81
5354490,81,18,6,75
5355000,4,28,3,72
5355510,68,46,-3,75
5356020,82,41,1,74
5356530,96,36,-3,77
5357040,26,25,-9,86
5357550,8,36,6,80
5358060,72,27,9,71
5358570,2,87,-12,83
5359080,87,78,4,79
5359590,69,66,1,78
5360100,51,37,0,78
5360610,70,48,-3,81
5361120,84,71,6,75
5361630,66,7,5,70
5362140,91,78,-6,76
5362650,73,14,2,74
5363160,99,24,-1,75
5363670,75,34,2,73
5364180,5,23,-5,78
5364690,86,41,-1,79
5365200,100,30,9,70
5365710,76,90,-11,81
5366220,58,26,5,76
5366730,59,36,-1,77
5367240,73,24,0,77
5367750,3,34,1,76
5368260,67,25,1,75
5368770,68,35,-5,80
5369280,69,54,-2,82
5369790,83,77,-3,85
5370300,65,48,1,84
5370810,84,71,11,73
5371320,66,17,-6,79
5371830,67,27,-1,80
5372340,68,72,-6,86
5372850,91,43,9,77
5373360,3,32,1,76
5373870,67,61,-3,79
5374380,49,84,-3,82
5374890,83,75,2,80
5375400,65,63,-7,87
5375910,99,74,6,81
5376420,81,20,6,75
5376930,11,30,-5,80
5377440,75,48,7,73
5377950,89,54,-3,76
5378460,88,49,4,72
5378970,0,44,-5,77
5379480,81,35,4,73
5379990,11,24,-1,74
5380500,4,11,-5,79
5381010,99,60,9,70
5381520,11,55,-12,82
5382030,100,46,4,78
5382540,12,35,2,76
5383050,76,53,0,76
5383560,90,101,-5,81
5384070,72,37,3,78
5384580,86,32,7,71
5385090,16,92,-10,81
5385600,97,83,3,78
5386110,79,29,8,70
5386620,9,89,-8,78
5387130,90,80,2,76
5387640,72,16,-1,77
5388150,80,87,-5,82
5388660,62,56,7,75
5389170,44,67,-15,90
5389680,78,58,17,73
5390190,60,4,-8,81
5390700,94,75,0,81
5391210,76,21,6,75
5391720,6,31,2,73
5392230,70,22,-3,76
5392740,0,32,3,73
5393250,81,50,1,72
5393760,95,56,-4,76
5394270,7,51,-8,84
5394780,71,42,1,83
5395290,85,30,13,70
5395800,15,90,-14,84
5396310,96,81,2,82
5396820,78,27,12,70
5397330,8,87,-14,84
5397840,89,78,5,79
5398350,71,24,6,73
5398860,1,34,-2,75
5399370,65,25,0,75
5399880,6,35,-6,81
5400390,70,53,8,73
5400900,84,59,-2,75
5401410,98,5,-1,76
5401920,80,76,3,73
5402430,62,64,-9,82
5402940,96,35,8,74
5403450,72,24,-1,75
5403960,2,34,-2,77
5404470,66,25,5,72
5404980,98,35,0,72
5405490,74,95,-6,78
5406000,56,83,-10,88
5406510,36,54,0,88
5407020,70,45,12,76
5407530,84,51,3,73
5408040,98,46,2,71
5408550,10,35,-12,83
5409060,74,53,3,80
5409570,88,59,7,73
5410080,70,5,-9,82
5410590,2,76,2,80
5411100,83,67,-1,81
5411610,65,70,-1,82
5412120,47,41,-8,90
5412630,66,52,14,76
5413140,80,55,3,73
5413650,94,61,-4,77
5414160,76,67,1,76
5414670,58,70,-10,86
5415180,40,41,2,84
5415690,22,52,-2,86
5416200,4,43,5,81
5416710,68,34,4,77
5417220,82,37,4,73
5417730,12,26,-5,78
5418240,33,37,-4,82
5418750,15,48,-5,87
5419260,79,39,9,78
5419770,93,42,-1,79
5420280,23,31,0,79
5420790,5,42,-4,83
5421300,69,33,9,74
5421810,101,22,-3,77
5422320,77,32,1,76
5422830,7,21,-1,77
5423340,0,8,1,76
5423850,95,57,1,75
5424360,7,63,-6,81
5424870,71,54,7,74
5425380,53,60,-7,81
5425890,87,31,8,73
5426400,17,91,-9,82
5426910,98,82,0,82
5427420,80,70,3,79
5427930,62,73,-2,81
5428440,44,44,-4,85
5428950,63,55,10,75
5429460,82,66,-6,81
5429970,64,69,-5,86
5430480,46,40,-1,87
5430990,65,51,10,77
5431500,79,54,-2,79
5432010,93,60,3,76
5432520,75,66,-2,78
5433030,57,69,-10,88
5433540,39,40,5,83
5434050,21,51,3,80
5434560,85,42,7,73
5435070,99,31,-4,77
5435580,75,20,-4,81
5436090,5,80,0,81
5436600,86,71,-2,83
5437110,68,59,4,79
5437620,87,62,5,74
5438130,69,68,-2,76
5438640,51,39,-6,82
5439150,70,50,5,77
5439660,84,53,-1,78
5440170,98,59,4,74
5440680,10,65,-12,86
5441190,74,56,9,77
5441700,88,59,4,73
5442210,70,41,-6,79
5442720,84,44,6,73
5443230,98,47,-8,81
5443740,10,36,4,77
5444250,74,27,5,72
5444760,4,87,-4,76
5445270,85,78,0,76
5445780,67,81,-5,81
5446290,49,52,-5,86
5446800,31,63,-1,87
5447310,13,54,5,82
5447820,77,45,6,76
5448330,91,48,5,71
5448840,11,37,-8,79
5449350,75,28,6,73
5449860,5,17,-5,78
5450370,69,66,-3,81
5450880,92,69,7,74
5451390,74,75,-4,78
5451900,56,46,-9,87
5452410,75,57,6,81
5452920,94,60,11,70
5453430,6,66,-9,79
5453940,70,57,0,79
5454450,89,60,3,76
5454960,6,63,-3,79
5455470,70,54,4,75
5455980,89,57,1,74
5456490,1,63,-3,77
5457000,82,54,1,76
5457510,96,57,0,76
5458020,8,60,2,74
5458530,72,51,-5,79
5459040,91,54,8,71
5459550,3,60,-16,87
5460060,67,51,5,82
5460570,86,54,12,70
5461080,3,57,-10,80
5461590,67,48,-1,81
5462100,86,51,5,76
5462610,100,54,0,76
5463120,20,43,0,76
5463630,84,34,0,76
5464140,1,23,2,74
5464650,65,10,-1,75
5465160,84,81,-12,87
5465670,5,16,13,74
5466180,69,3,-7,81
5466690,88,74,7,74
5467200,70,77,-8,82
5467710,52,48,-1,83
5468220,71,59,3,80
5468730,90,62,8,72
5469240,7,65,-6,78
5469750,71,56,-5,83
5470260,90,59,7,76
5470770,7,65,0,76
5471280,71,56,0,76
5471790,76,59,3,73
5472300,95,62,-4,77
5472810,7,68,3,74
5473320,71,59,-6,80
5473830,90,62,7,73
5474340,95,65,0,73
5474850,12,68,-6,79
5475360,76,59,0,79
5475870,95,62,6,73
5476380,7,65,-6,79
5476890,71,56,-6,85
5477400,90,59,11,74
5477910,7,65,-10,84
5478420,71,56,-1,85
5478930,90,59,11,74
5479440,7,65,-7,81
5479950,71,56,3,78
5480460,90,59,0,78
5480970,7,62,0,78
5481480,71,53,1,77
5481990,90,56,2,75
5482500,2,62,2,73
5483010,83,53,-6,79
5483520,0,56,5,74
5484030,6,47,-2,76
5484540,70,38,-2,78
5485050,89,41,5,73
5485560,9,30,-4,77
5486070,73,17,-1,78
5486580,92,27,0,78
5487090,22,16,1,77
5487600,4,27,4,73
5488110,68,14,-5,78
5488620,87,85,-3,81
5489130,69,20,8,73
5489640,88,19,-4,77
5490150,5,29,4,73
5490660,69,16,-4,77
5491170,88,26,3,74
5491680,18,53,-7,81
5492190,17,44,-5,86
5492700,81,6,7,79
5493210,98,77,-4,83
5493720,15,80,6,77
5494230,21,71,0,77
5494740,7,62,-1,78
5495250,71,70,-7,85
5495760,94,73,11,74
5496270,76,79,-9,83
5496780,58,70,-14,97
5497290,77,32,19,78
5497800,7,27,-14,92
5498310,71,14,18,74
5498820,86,24,1,73
5499330,16,19,-2,75
5499840,100,30,3,72
5500350,30,25,-14,86
5500860,49,36,9,77
5501370,68,100,-2,79
5501880,73,91,-2,81
5502390,55,82,-4,85
5502900,60,73,0,85
5503410,65,64,2,83
5503920,88,26,6,77
5504430,18,21,-11,88
5504940,0,32,12,76
5505450,64,50,-5,81
5505960,83,53,6,75
5506470,88,56,6,69
5506980,93,59,-7,76
5507490,5,62,0,76
5508000,69,53,-1,77
5508510,88,56,5,72
5509020,0,59,-4,76
5509530,6,50,-1,77
5510040,70,41,3,74
5510550,89,44,-2,76
5511060,9,47,-1,77
5511570,73,38,-3,80
5512080,92,41,13,67
5512590,20,36,-11,78
5513100,2,100,3,75
5513610,83,91,-7,82
5514120,65,82,6,76
5514630,47,73,-10,86
5515140,52,64,-2,88
5515650,71,75,8,80
5516160,94,66,8,72
5516670,99,69,-3,75
5517180,2,72,0,75
5517690,8,63,-5,80
5518200,72,54,2,78
5518710,91,57,6,72
5519220,3,60,-6,78
5519730,9,51,3,75
5520240,73,42,4,71
5520750,78,45,-6,77
5521260,97,48,5,72
5521770,17,51,-8,80
5522280,16,42,-3,83
5522790,15,4,-1,84
5523300,99,53,9,75
5523810,19,56,-3,78
5524320,18,47,1,77
5524830,17,38,-4,81
5525340,12,0,3,78
5525850,5,49,-3,81
5526360,69,40,3,78
5526870,88,43,7,71
5527380,8,46,-12,83
5527890,72,37,7,76
5528400,91,40,-2,78
5528910,19,43,-5,83
5529420,14,5,3,80
5529930,7,54,0,80
5530440,71,45,4,76
5530950,90,48,1,75
5531460,10,51,-6,81
5531970,74,42,3,78
5532480,93,45,1,77
5532990,13,34,0,77
5533500,12,98,-4,81
5534010,93,89,2,79
5534520,75,92,-5,84
5535030,57,28,6,78
5535540,76,31,4,74
5536050,95,26,-1,75
5536560,25,90,-9,84
5537070,11,81,4,80
5537580,17,72,2,78
5538090,81,63,-2,80
5538600,86,66,2,78
5539110,91,69,5,73
5539620,96,72,-5,78
5540130,101,75,-2,80
5540640,4,78,2,78
5541150,85,69,4,74
5541660,67,72,-15,89
5542170,90,83,10,79
5542680,72,86,-1,80
5543190,54,57,-3,83
5543700,73,68,4,79
5544210,96,71,3,76
5544720,101,74,1,75
5545230,4,77,-4,79
5545740,10,68,-4,83
5546250,16,59,5,78
5546760,15,50,-3,81
5547270,79,41,3,78
5547780,98,44,6,72
5548290,18,33,-8,80
5548800,0,97,1,79
5549310,45,61,-3,82
5549820,64,64,2,80
5550330,69,67,3,77
5550840,74,70,3,74
5551350,56,73,-8,82
5551860,61,76,-7,89
5552370,66,79,11,78
5552880,48,82,-5,83
5553390,67,73,9,74
5553900,72,76,-9,83
5554410,77,79,-2,85
5554920,59,82,5,80
5555430,64,73,-3,83
5555940,87,44,8,75
5556450,7,47,-9,84
5556960,71,38,9,75
5557470,90,41,5,70
5557980,10,44,-10,80
5558490,74,35,6,74
5559000,96,38,-6,80
5559510,16,27,7,73
5560020,100,91,-7,80
5560530,82,27,9,71
5561040,12,87,-8,79
5561550,100,78,-3,82
5562060,86,81,-1,83
5562570,7,84,3,80
5563080,88,75,5,75
5563590,70,78,-4,79
5564100,52,14,4,75
5564610,71,33,0,75
5565120,90,36,3,72
5565630,10,25,-7,79
5566140,3,12,6,73
5566650,67,61,-4,77
5567160,90,64,4,73
5567670,95,67,-5,78
5568180,100,70,3,75
5568690,3,73,-1,76
5569200,84,90,-6,82
5569710,66,26,4,78
5570220,85,29,5,73
5570730,2,89,-5,78
5571240,47,80,-11,89
5571750,66,71,6,83
5572260,89,74,5,78
5572770,10,77,2,76
5573280,74,68,-6,82
5573790,56,71,0,82
5574300,38,74,2,80
5574810,57,65,1,79
5575320,80,68,-1,80
5575830,1,71,5,75
5576340,82,62,-2,77
5576850,87,65,3,74
5577360,92,68,-1,75
5577870,97,71,0,75
5578380,0,17,3,72
5578890,64,4,-4,76
5579400,83,75,-3,79
5579910,65,78,0,79
5580420,70,49,1,78
5580930,89,52,7,71
5581440,9,55,-8,79
5581950,73,46,2,77
5582460,78,49,3,74
5582970,83,52,1,73
5583480,88,55,-7,80
5583990,93,58,6,74
5584500,98,61,0,74
5585010,1,56,-4,78
5585520,7,47,0,78
5586030,71,38,0,78
5586540,90,41,3,75
5587050,10,44,-9,84
5587560,74,35,4,80
5588070,93,38,7,73
5588580,95,27,-1,74
5589090,25,22,-2,76
5589600,44,33,-13,89
5590110,63,44,13,76
5590620,82,47,4,72
5591130,101,50,-4,76
5591640,21,39,-3,79
5592150,20,1,-3,82
5592660,77,50,6,76
5593170,82,53,2,74
5593680,87,56,-2,76
5594190,92,59,4,72
5594700,97,79,-7,79
5595210,79,82,-2,81
5595720,61,85,-3,84
5596230,66,76,2,82
5596740,48,12,-1,83
5597250,67,31,6,77
5597760,8,34,-1,78
5598270,72,98,-3,81
5598780,77,34,10,71
5599290,96,23,-5,76
5599800,17,33,-2,78
5600310,101,97,-3,81
5600820,83,33,6,75
5601330,0,22,-1,76
5601840,81,59,0,76
5602350,86,62,8,68
5602860,91,65,-14,82
5603370,96,68,1,81
5603880,101,71,8,73
5604390,4,74,-4,77
5604900,85,65,0,77
5605410,90,68,5,72
5605920,95,71,-3,75
5606430,100,74,-1,76
5606940,3,77,-2,78
5607450,84,68,1,77
5607960,89,71,0,77
5608470,71,74,-3,80
5608980,53,77,1,79
5609490,58,68,-3,82
5610000,63,71,2,80
5610510,45,74,-4,84
5611020,50,65,-6,90
5611530,55,68,7,83
5612040,60,71,5,78
5612550,42,74,-6,84
5613060,47,65,1,83
5613570,66,68,0,83
5614080,85,71,5,78
5614590,67,74,-1,79
5615100,72,10,1,78
5615610,91,81,6,72
5616120,73,84,-11,83
5616630,55,20,6,77
5617140,74,19,-3,80
5617650,93,79,-4,84
5618160,75,82,4,80
5618670,57,18,10,70
5619180,76,17,-2,72
5619690,95,27,-6,78
5620200,38,26,-10,88
5620710,57,37,12,76
5621220,76,40,1,75
5621730,95,43,0,75
5622240,97,32,6,69
5622750,25,21,-13,82
5623260,7,32,11,71
5623770,71,96,-10,81
5624280,76,32,9,72
5624790,95,31,-1,73
5625300,23,20,-6,79
5625810,5,31,-3,82
5626320,69,18,3,79
5626830,88,78,2,77
5627340,70,81,-6,83
5627850,52,17,8,75
5628360,71,16,1,74
5628870,90,76,-10,84
5629380,72,79,4,80
5629890,54,15,2,78
5630400,73,25,5,73
5630910,92,14,2,71
5631420,68,24,-2,73
5631930,9,13,-7,80
5632440,2,62,2,78
5632950,8,53,0,78
5633460,72,44,4,74
5633970,86,47,4,70
5634480,100,50,-5,75
5634990,28,39,-14,89
5635500,10,50,8,81
5636010,74,72,3,78
5636520,97,83,-5,83
5637030,79,19,8,75
5637540,98,29,-2,77
5638050,26,28,-1,78
5638560,8,39,-5,83
5639070,72,30,6,77
5639580,91,33,0,77
5640090,19,32,0,77
5640600,1,43,2,75
5641110,7,34,-3,78
5641620,71,25,2,76
5642130,90,14,-3,79
5642640,7,24,2,77
5643150,71,11,0,77
5643660,90,21,-2,79
5644170,66,65,-1,80
5644680,85,79,1,79
5645190,6,90,-4,83
5645700,87,81,-1,84
5646210,69,92,-1,85
5646720,74,28,5,80
5647230,93,17,6,74
5647740,69,27,-1,75
5648250,88,26,-2,77
5648760,16,25,-2,79
5649270,100,36,2,77
5649780,28,25,0,77
5650290,47,36,-10,87
5650800,66,47,2,85
5651310,85,58,13,72
5651820,99,61,-2,74
5652330,11,56,-6,80
5652840,75,47,6,74
5653350,89,50,-7,81
5653860,1,53,10,71
5654370,7,44,-10,81
5654880,71,35,4,77
5655390,90,38,3,74
5655900,63,27,1,73
5656410,4,30,-6,79
5656920,10,67,-3,82
5657430,16,58,5,77
5657940,22,49,-2,79
5658450,56,11,0,79
5658960,75,30,-1,80
5659470,94,29,6,74
5659980,22,18,-12,86
5660490,4,29,11,75
5661000,68,66,0,75
5661510,73,77,-5,80
5662020,78,13,6,74
5662530,54,23,-2,76
5663040,97,22,-1,77
5663550,73,32,2,75
5664060,92,35,-5,80
5664570,20,34,-1,81
5665080,2,45,8,73
5665590,8,36,-2,75
5666100,72,27,-1,76
5666610,91,26,6,70
5667120,19,25,-8,78
5667630,1,36,-2,80
5668140,7,27,7,73
5668650,71,91,-6,79
5669160,53,26,-1,80
5669670,72,29,9,71
5670180,0,18,-6,77
5670690,64,55,1,76
5671200,83,66,4,72
5671710,65,69,-10,82
5672220,84,80,7,75
5672730,5,91,-12,87
5673240,86,82,11,76
5673750,68,18,1,75
5674260,87,17,-2,77
5674770,63,27,5,72
5675280,82,30,-1,73
5675790,10,19,-6,79
5676300,74,30,6,73
5676810,2,25,0,73
5677320,66,12,-4,77
5677830,85,83,1,76
5678340,67,18,3,73
5678850,86,17,2,71
5679360,7,27,-8,79
5679870,71,64,-5,84
5680380,76,75,3,81
5680890,99,10,10,71
5681400,81,81,-10,81
5681910,2,16,4,77
5682420,66,65,-4,81
5682930,89,76,5,76
5683440,71,64,-3,79
5683950,94,75,0,79
5684460,76,78,-5,84
5684970,99,13,6,78
5685480,75,23,7,71
5685990,3,12,-8,79
5686500,98,61,5,74
5687010,5,56,3,71
5687520,69,47,-8,79
5688030,88,50,1,78
5688540,0,53,2,76
5689050,64,44,2,74
5689560,83,47,2,72
5690070,3,50,-11,83
5690580,67,41,5,78
5691090,86,44,0,78
5691600,14,47,-1,79
5692110,78,38,3,76
5692620,100,20,4,72
5693130,21,30,-9,81
5693640,3,41,1,80
5694150,67,32,4,76
5694660,97,35,3,73
5695170,25,24,-6,79
5695680,7,35,1,78
5696190,71,72,-8,86
5696700,90,83,5,81
5697210,72,18,7,74
5697720,0,28,2,72
5698230,64,19,-1,73
5698740,83,23,-3,76
5699250,11,12,4,72
5699760,4,23,-3,75
5700270,68,21,-1,76
5700780,87,10,-5,81
5701290,63,81,-1,82
5701800,45,72,3,79
5702310,50,63,-3,82
5702820,55,74,5,77
5703330,60,65,-1,78
5703840,79,76,-3,81
5704350,0,87,2,79
5704860,81,78,-8,87
5705370,2,13,16,71
5705880,66,62,-9,80
5706390,85,73,0,80
5706900,6,61,0,80
5707410,70,52,4,76
5707920,89,55,2,74
5708430,9,50,-8,82
5708940,73,41,5,77
5709450,95,44,3,74
5709960,97,33,-1,75
5710470,25,22,-3,78
5710980,7,33,9,69
5711490,71,70,-13,82
5712000,94,5,7,75
5712510,76,76,-6,81
5713020,99,11,9,72
5713530,81,21,2,70
5714040,9,10,-8,78
5714550,2,59,3,75
5715060,66,50,-5,80
5715570,85,61,10,70
5716080,5,7,-9,79
5716590,100,56,2,77
5717100,20,45,-1,78
5717610,84,7,1,77
5718120,7,78,-9,86
5718630,71,69,5,81
5719140,94,80,9,72
5719650,76,68,-5,77
5720160,99,79,1,76
5720670,81,74,-6,82
5721180,63,85,1,81
5721690,68,76,-2,83
5722200,73,67,6,77
5722710,96,78,-3,80
5723220,78,66,-2,82
5723730,97,77,8,74
5724240,17,72,-12,86
5724750,81,63,13,73
5725260,1,58,-1,74
5725770,65,49,-4,78
5726280,84,60,4,74
5726790,4,55,-3,77
5727300,68,46,-2,79
5727810,87,41,3,76
5728320,7,30,-3,79
5728830,71,21,8,71
5729340,1,10,-1,72
5729850,65,59,-6,78
5730360,84,70,4,74
5730870,89,58,-4,78
5731380,9,53,0,78
5731890,73,44,4,74
5732400,95,39,3,71
5732910,23,28,-7,78
5733420,5,39,3,75
5733930,69,30,3,72
5734440,91,25,-1,73
5734950,19,14,-10,83
5735460,1,25,7,76
5735970,65,62,-1,77
5736480,84,73,1,76
5736990,66,84,0,76
5737500,48,20,-5,81
5738010,67,24,-1,82
5738520,8,13,0,82
5739030,1,62,4,78
5739540,65,53,-1,79
5740050,84,64,2,77
5740560,1,59,-2,79
5741070,65,50,4,75
5741580,84,61,1,74
5742090,4,56,-3,77
5742600,68,47,-6,83
5743110,87,58,13,70
5743620,7,64,-8,78
5744130,71,55,0,78
5744640,90,66,-2,80
5745150,10,61,3,77
5745660,74,52,1,76
5746170,93,47,-2,78
5746680,13,36,-2,80
5747190,77,100,-3,83
5747700,59,36,-4,87
5748210,78,47,14,73
5748720,100,42,-7,80
5749230,28,31,-1,81
5749740,10,42,1,80
5750250,74,33,-1,81
5750760,93,28,14,67
5751270,21,17,-10,77
5751780,3,28,1,76
5752290,67,19,-2,78
5752800,99,8,7,71
5753310,81,18,-3,74
5753820,9,28,3,71
5754330,73,39,-11,82
5754840,92,42,6,76
5755350,12,31,-2,78
5755860,76,42,3,75
5756370,98,31,-2,77
5756880,26,20,-4,81
5757390,27,31,2,79
5757900,9,42,-2,81
5758410,73,8,7,74
5758920,92,18,0,74
5759430,20,7,-4,78
5759940,2,18,6,72
5760450,66,67,-10,82
5760960,89,78,5,77
5761470,71,89,-3,80
5761980,53,80,-4,84
5762490,58,71,2,82
5763000,77,62,3,79
5763510,96,73,6,73
5764020,16,79,0,73
5764530,80,70,-10,83
5765040,94,81,7,76
5765550,76,69,-4,80
5766060,90,80,10,70
5766570,72,16,-7,77
5767080,2,5,-11,88
5767590,97,54,9,79
5768100,17,43,2,77
5768610,81,34,6,71
5769120,9,23,-8,79
5769630,73,72,-4,83
5770140,96,83,8,75
5770650,78,71,-9,84
5771160,92,82,3,81
5771670,13,70,1,80
5772180,77,61,-1,81
5772690,96,72,10,71
5773200,16,78,-8,79
5773710,80,69,2,77
5774220,62,80,-4,81
5774730,67,71,-6,87
5775240,86,82,6,81
5775750,68,93,-3,84
5776260,73,84,1,83
5776770,55,75,-2,85
5777280,69,96,5,80
5777790,74,87,3,77
5778300,56,78,-4,81
5778810,61,69,-2,83
5779320,80,60,3,80
5779830,99,55,1,79
5780340,55,44,3,76
5780850,74,55,3,73
5781360,93,50,-4,77
5781870,49,39,-6,83
5782380,68,50,3,80
5782890,87,61,8,72
5783400,43,67,-7,79
5783910,48,58,-2,81
5784420,67,49,0,81
5784930,86,60,9,72
5785440,42,66,-12,84
5785950,76,57,8,76
5786460,95,52,0,76
5786970,51,41,-7,83
5787480,70,52,9,74
5787990,42,55,-10,84
5788500,61,66,5,79
5789010,80,57,6,73
5789520,99,60,-4,77
5790030,55,49,-1,78
5790540,74,60,0,78
5791050,93,71,2,76
5791560,81,66,-5,81
5792070,100,77,6,75
5792580,56,83,-7,82
5793090,75,74,4,78
5793600,98,85,4,74
5794110,80,96,-6,80
5794620,62,32,5,75
5795130,81,35,1,74
5795640,9,24,-6,80
5796150,73,35,10,70
5796660,92,24,2,68
5797170,20,13,-6,74
5797680,2,24,-1,75
5798190,66,61,-4,79
5798700,85,72,-8,87
5799210,2,83,11,76
5799720,83,74,1,75
5800230,65,85,-1,76
5800740,47,76,-4,80
5801250,52,67,0,80
5801760,57,58,0,80
5802270,76,69,4,76
5802780,58,80,-4,80
5803290,63,71,-2,82
5803800,82,62,6,76
5804310,101,65,1,75
5804820,57,54,-4,79
5805330,76,65,2,77
5805840,58,76,-8,85
5806350,63,67,-1,86
5806860,3,78,9,77
5807370,84,69,0,77
5807880,1,72,-3,80
5808390,82,63,6,74
5808900,101,66,-2,76
5809410,57,55,-12,88
5809920,76,66,8,80
5810430,95,77,0,80
5810940,77,80,2,78
5811450,59,15,3,75
5811960,0,4,-1,76
5812470,95,53,-6,82
5812980,51,42,1,81
5813490,70,53,6,75
5814000,89,56,1,74
5814510,45,45,-9,83
5815020,64,56,5,78
5815530,83,67,-1,79
5816040,0,70,4,75
5816550,81,61,2,73
5817060,100,56,0,73
5817570,56,45,-5,78
5818080,75,56,-1,79
5818590,94,59,2,77
5819100,50,48,-2,79
5819610,69,59,-3,82
5820120,88,70,7,75
5820630,5,65,-6,81
5821140,69,56,0,81
5821650,88,67,8,73
5822160,44,62,-11,84
5822670,78,53,9,75
5823180,97,56,3,72
5823690,53,45,-8,80
5824200,72,56,3,77
5824710,91,59,1,76
5825220,47,48,-6,82
5825730,66,59,2,80
5826240,85,70,6,74
5826750,67,65,-6,80
5827260,86,76,4,76
5827770,68,64,-7,83
5828280,87,75,1,82
5828790,4,11,9,73
5829300,99,60,3,70
5829810,55,49,-16,86
5830320,74,60,2,84
5830830,93,63,8,76
5831340,49,52,-3,79
5831850,9,63,1,78
5832360,73,54,0,78
5832870,92,57,3,75
5833380,48,46,-5,80
5833890,67,57,2,78
5834400,86,68,5,73
5834910,42,63,-7,80
5835420,76,54,5,75
5835930,95,57,0,75
5836440,51,46,-6,81
5836950,70,57,0,81
5837460,89,60,12,69
5837970,45,49,-16,85
5838480,64,60,3,82
5838990,83,71,9,73
5839500,60,7,-7,80
5840010,79,78,1,79
5840520,61,14,1,78
5841030,80,3,2,76
5841540,3,74,-4,80
5842050,84,65,0,80
5842560,40,68,-9,89
5843070,74,59,16,73
5843580,93,54,-1,74
5844090,49,43,-12,86
5844600,68,54,6,80
5845110,87,57,4,76
5845620,43,46,-6,82
5846130,62,57,-2,84
5846640,81,68,8,76
5847150,63,71,-11,87
5847660,82,7,2,85
5848170,6,17,4,81
5848680,101,66,6,75
5849190,57,55,-8,83
5849700,76,66,6,77
5850210,90,77,-3,80
5850720,72,13,-2,82
5851230,91,2,3,79
5851740,73,40,5,74
5852250,29,43,-13,87
5852760,63,5,10,77
5853270,82,76,-5,82
5853780,96,12,10,72
5854290,72,22,-3,75
5854800,2,24,-1,76
5855310,66,61,-4,80
5855820,85,99,-2,82
5856330,67,35,5,77
5856840,86,24,-2,79
5857350,16,13,-1,80
5857860,100,24,9,71
5858370,76,13,-6,77
5858880,52,2,0,77
5859390,71,21,4,73
5859900,1,10,-3,76
5860410,65,59,-6,82
5860920,84,70,4,78
5861430,1,6,-1,79
5861940,96,55,3,76
5862450,52,44,-3,79
5862960,71,55,-1,80
5863470,90,58,11,69
5863980,46,47,-13,82
5864490,65,58,0,82
5865000,84,69,4,78
5865510,40,5,-7,85
5866020,59,24,8,77
5866530,0,13,-1,78
5867040,64,62,-5,83
5867550,83,50,2,81
5868060,39,39,0,81
5868570,58,50,1,80
5869080,77,61,2,78
5869590,96,99,-2,80
5870100,78,35,9,71
5870610,97,24,-3,74
5871120,73,13,-8,82
5871630,92,23,12,70
5872140,68,12,-10,80
5872650,87,1,0,80
5873160,63,79,1,79
5873670,91,15,3,76
5874180,67,4,-3,79
5874690,86,75,-5,84
5875200,3,11,9,75
5875710,67,60,-4,79
5876220,86,98,-4,83
5876730,68,34,4,79
5877240,87,23,5,74
5877750,15,12,-6,80
5878260,99,61,0,80
5878770,55,50,0,80
5879280,74,61,-1,81
5879790,93,99,2,79
5880300,75,35,3,76
5880810,94,24,1,75
5881320,70,13,1,74
5881830,89,2,-6,80
5882340,8,40,4,76
5882850,72,31,3,73
5883360,27,20,-9,82
5883870,46,31,-3,85
5884380,65,42,2,83
5884890,84,37,11,72
5885400,4,26,-6,78
5885910,68,63,-5,83
5886420,87,74,12,71
5886930,69,10,-7,78
5887440,88,20,4,74
5887950,16,30,-4,78
5888460,80,41,2,76
5888970,99,30,1,75
5889480,27,19,-10,85
5889990,46,30,2,83
5890500,65,89,-1,84
5891010,93,25,11,73
5891520,21,14,-7,80
5892030,55,25,0,80
5892540,74,28,2,78
5893050,93,17,4,74
5893560,88,6,-7,81
5894070,70,44,5,76
5894580,89,47,5,71
5895090,45,36,-19,90
5895600,64,47,13,77
5896110,83,50,2,75
5896620,0,39,2,73
5897130,64,30,-7,80
5897640,83,33,9,71
5898150,11,22,-12,83
5898660,4,29,11,72
5899170,68,20,-1,73
5899680,100,9,1,72
5900190,76,19,0,72
5900700,6,8,-1,73
5901210,7,57,-4,77
5901720,71,48,-5,82
5902230,90,51,6,76
5902740,46,40,-1,77
5903250,65,51,-4,81
5903760,84,62,8,73
5904270,40,57,-11,84
5904780,74,48,5,79
5905290,93,51,12,67
5905800,13,40,-8,75
5906310,27,31,-7,82
5906820,9,42,5,77
5907330,73,33,-2,79
5907840,92,22,6,73
5908350,20,11,-5,78
5908860,2,22,3,75
5909370,83,59,-3,78
5909880,0,97,-1,79
5910390,81,88,1,78
5910900,63,24,4,74
5911410,78,13,-8,82
5911920,95,23,5,77
5912430,23,12,-7,84
5912940,59,23,3,81
5913450,78,12,4,77
5913960,95,22,5,72
5914470,71,11,-9,81
5914980,90,21,6,75
5915490,66,10,-5,80
5916000,85,20,2,78
5916510,15,9,2,76
5917020,99,20,-1,77
5917530,14,9,-7,84
5918040,7,20,6,78
5918550,71,57,0,78
5919060,90,68,2,76
5919570,46,4,-6,82
5920080,65,14,1,81
5920590,84,3,-2,83
5921100,101,41,3,80
5921610,21,30,3,77
5922120,3,41,-2,79
5922630,67,32,3,76
5923140,86,35,1,75
5923650,6,24,-2,77
5924160,70,61,-4,81
5924670,89,72,0,81
5925180,45,8,3,78
5925690,64,18,-1,79
5926200,83,7,4,75
5926710,100,17,-4,79
5927220,15,27,-2,81
5927730,79,38,4,77
5928240,35,27,-11,88
5928750,54,38,8,80
5929260,73,49,5,75
5929770,92,44,-1,76
5930280,12,34,-1,77
5930790,76,98,-10,87
5931300,58,34,6,81
5931810,77,45,7,74
5932320,86,34,-1,75
5932830,14,23,-6,81
5933340,7,30,5,76
5933850,71,21,-2,78
5934360,86,10,0,78
5934870,1,20,-1,79
5935380,65,57,-2,81
5935890,84,68,2,79
5936400,1,56,-1,80
5936910,65,47,1,79
5937420,84,58,9,70
5937930,40,96,-13,83
5938440,59,87,-4,87
5938950,93,78,10,77
5939460,49,14,2,75
5939970,64,3,-4,79
5940480,98,41,4,75
5940990,18,30,-2,77
5941500,0,41,-3,80
5942010,64,32,8,72
5942520,79,21,-6,78
5943030,9,10,-4,82
5943540,2,21,11,71
5944050,66,58,-14,85
5944560,85,69,7,78
5945070,2,5,-3,81
5945580,97,54,9,72
5946090,17,43,-9,81
5946600,81,34,10,71
5947110,1,23,-4,75
5947620,65,60,-7,82
5948130,84,71,7,75
5948640,40,59,-8,83
5949150,74,50,2,81
5949660,88,38,10,71
5950170,8,27,-16,87
5950680,72,64,8,79
5951190,91,52,2,77
5951700,47,41,-8,85
5952210,66,52,8,77
5952720,85,14,-1,78
5953230,0,24,1,77
5953740,64,15,-3,80
5954250,79,4,3,77
5954760,96,14,5,72
5955270,72,24,0,72
5955780,87,13,1,71
5956290,2,23,-3,74
5956800,66,60,-10,84
5957310,85,71,5,79
5957820,41,7,3,76
5958330,56,26,-3,79
5958840,71,33,4,75
5959350,78,22,-6,81
5959860,100,11,4,77
5960370,76,21,2,75
5960880,98,10,-4,79
5961390,74,20,4,75
5961900,96,9,1,74
5962410,78,47,-3,77
5962920,100,36,6,71
5963430,20,25,-9,80
5963940,2,36,2,78
5964450,66,27,2,76
5964960,88,26,3,73
5965470,64,15,-2,75
5965980,79,4,-2,77
5966490,11,75,-1,78
5967000,75,66,-2,80
5967510,89,77,-4,84
5968020,1,68,1,83
5968530,65,59,2,81
5969040,84,70,10,71
5969550,40,58,-4,75
5970060,74,49,-6,81
5970570,88,37,9,72
5971080,8,26,-8,80
5971590,72,90,-7,87
5972100,100,81,6,81
5972610,56,69,-1,82
5973120,84,60,4,78
5973630,4,48,0,78
5974140,68,39,-3,81
5974650,87,28,3,78
5975160,7,17,-1,79
5975670,0,66,1,78
5976180,64,57,-2,80
5976690,83,68,0,80
5977200,3,56,-1,81
5977710,67,47,5,76
5978220,89,58,2,74
5978730,9,47,-7,81
5979240,73,38,6,75
5979750,95,27,-11,86
5980260,71,81,-1,87
5980770,99,72,11,76
5981280,19,60,-3,79
5981790,83,51,2,77
5982300,3,40,-1,78
5982810,67,31,-2,80
5983320,89,30,1,79
5983830,9,19,4,75
5984340,2,83,1,74
5984850,83,74,-6,80
5985360,47,62,-2,82
5985870,75,53,8,74
5986380,97,41,4,70
5986890,17,30,-13,83
5987400,81,41,12,71
5987910,1,30,-8,79
5988420,65,21,1,78
5988930,80,10,0,78
5989440,97,81,2,76
5989950,53,17,-1,77
5990460,64,16,2,75
5990970,90,5,-4,79
5991480,5,76,1,78
5991990,11,67,2,76
5992500,75,58,-10,86
5993010,89,46,16,70
5993520,9,35,-7,77
5994030,73,26,3,74
5994540,95,15,-2,76
5995050,10,86,-6,82
5995560,16,77,5,77
5996070,80,68,-4,81
5996580,94,30,7,74
5997090,14,19,-6,80
5997600,7,30,-1,81
5998110,71,67,1,80
5998620,94,55,6,74
5999130,14,44,-8,82
5999640,78,35,8,74
6000150,100,24,-3,77
6000660,76,13,0,77
6001170,0,84,-4,81
6001680,81,75,0,81
6002190,2,10,-2,83
6002700,32,59,3,80
6003210,66,50,-1,81
6003720,80,12,1,80
6004230,4,83,2,78
6004740,10,74,-2,80
6005250,74,65,-4,84
6005760,97,47,8,76
6006270,17,36,-7,83
6006780,81,100,3,80
6007290,63,91,0,80
6007800,68,82,-4,84
6008310,96,73,15,69
6008820,16,61,-13,82
6009330,80,52,4,78
6009840,0,40,-3,81
6010350,64,31,5,76
6010860,86,20,-1,77
6011370,6,9,3,74
6011880,101,58,-4,78
6012390,21,47,-7,85
6012900,85,9,4,81
6013410,0,80,8,73
6013920,6,71,-2,75
6014430,70,62,-1,76
6014940,84,50,-4,80
6015450,4,6,-2,82
6015960,99,55,10,72
6016470,19,44,-5,77
6016980,5,35,-1,78
6017490,69,26,1,77
6018000,91,15,-1,78
6018510,65,86,-7,85
6019020,93,77,9,76
6019530,13,65,-6,82
6020040,77,56,1,81
6020550,99,35,6,75
6021060,19,24,-5,80
6021570,1,35,4,76
6022080,65,26,1,75
6022590,36,15,-7,82
6023100,47,26,7,75
6023610,66,37,-8,83
6024120,88,12,7,76
6024630,3,83,-1,77
6025140,9,74,-3,80
6025650,73,65,1,79
6026160,95,27,7,72
6026670,15,16,-8,80
6027180,99,27,1,79
6027690,19,16,6,73
6028200,1,27,1,72
6028710,65,18,-3,75
6029220,87,7,-10,85
6029730,11,78,7,78
6030240,75,69,-5,83
6030750,98,4,6,77
6031260,80,75,-5,82
6031770,1,10,3,79
6032280,96,59,4,75
6032790,16,48,-2,77
6033300,80,39,1,76
6033810,0,28,-1,77
6034320,64,15,2,75
6034830,86,4,-1,76
6035340,62,75,-8,84
6035850,67,66,1,83
6036360,90,1,2,81
6036870,72,72,3,78
6037380,95,7,0,78
6037890,77,78,-7,85
6038400,100,69,15,70
6038910,20,58,-11,81
6039420,84,49,9,72
6039930,4,38,-6,78
6040440,68,29,6,72
6040950,90,18,2,70
6041460,10,28,-5,75
6041970,74,15,-4,79
6042480,96,4,-1,80
6042990,78,75,-1,81
6043500,101,11,8,73
6044010,77,82,-9,82
6044520,59,18,5,77
6045030,60,7,0,77
6045540,61,78,1,76
6046050,66,69,-4,80
6046560,89,4,-2,82
6047070,65,75,1,81
6047580,93,66,6,75
6048090,13,72,-4,79
6048600,77,63,-2,81
6049110,99,42,1,80
6049620,19,31,4,76
6050130,1,95,-5,81
6050640,46,86,-4,85
6051150,80,77,6,79
6051660,1,65,1,78
6052170,65,56,-2,80
6052680,79,67,-4,84
6053190,101,49,9,75
6053700,21,38,-6,81
6054210,55,0,0,81
6054720,56,71,-4,85
6055230,84,62,7,78
6055740,4,41,3,75
6056250,68,32,-2,77
6056760,90,74,-5,82
6057270,10,10,3,79
6057780,3,59,1,78
6058290,67,50,1,77
6058800,81,61,2,75
6059310,1,40,-5,80
6059820,65,31,9,71
6060330,87,20,-7,78
6060840,7,9,-3,81
6061350,0,58,1,80
6061860,6,49,4,76
6062370,70,40,-14,90
6062880,31,15,7,83
6063390,32,26,-3,86
6063900,51,37,8,78
6064410,52,48,-6,84
6064920,71,59,6,78
6065430,93,41,0,78
6065940,13,30,1,77
6066450,6,94,-5,82
6066960,51,85,2,80
6067470,85,76,-2,82
6067980,6,58,9,73
6068490,70,49,-6,79
6069000,92,28,6,73
6069510,12,17,0,73
6070020,5,24,-4,77
6070530,69,11,1,76
6071040,95,82,-6,82
6071550,16,18,2,80
6072060,9,29,7,73
6072570,73,66,-15,88
6073080,96,48,17,71
6073590,16,37,-9,80
6074100,15,28,5,75
6074610,8,92,-8,83
6075120,53,83,-4,87
6075630,87,74,12,75
6076140,7,53,-5,80
6076650,71,44,3,77
6077160,93,39,3,74
6077670,13,28,0,74
6078180,6,92,-6,80
6078690,87,83,-2,82
6079200,8,19,7,75
6079710,1,6,-8,83
6080220,96,22,15,68
6080730,70,11,-6,74
6081240,96,82,-2,76
6081750,17,18,-9,85
6082260,10,25,10,75
6082770,3,12,2,73
6083280,98,61,-1,74
6083790,18,50,-8,82
6084300,17,41,2,80
6084810,20,3,3,77
6085320,2,52,1,76
6085830,66,43,1,75
6086340,88,22,1,74
6086850,8,32,-15,89
6087360,7,69,11,78
6087870,13,60,0,78
6088380,19,51,-5,83
6088890,22,42,3,80
6089400,4,33,1,79
6089910,68,24,7,72
6090420,90,66,-9,81
6090930,10,45,-1,82
6091440,74,36,7,75
6091950,96,25,0,75
6092460,16,14,-2,77
6092970,30,25,-3,80
6093480,51,36,-2,82
6093990,66,47,-4,86
6094500,81,58,12,74
6095010,1,37,-1,75
6095520,65,28,-1,76
6096030,87,82,-10,86
6096540,8,18,8,78
6097050,1,67,-5,83
6097560,7,16,3,80
6098070,0,65,-1,81
6098580,6,56,3,78
6099090,70,47,-4,82
6099600,92,58,10,72
6100110,12,47,-2,74
6100620,76,38,-2,76
6101130,98,27,5,71
6101640,18,16,-12,83
6102150,0,27,3,80
6102660,81,64,0,80
6103170,1,43,5,75
6103680,7,34,2,73
6104190,71,25,0,73
6104700,93,14,-6,79
6105210,67,24,3,76
6105720,89,13,2,74
6106230,63,84,-7,81
6106740,37,75,-5,86
6107250,71,66,10,76
6107760,94,2,-5,81
6108270,76,73,-1,82
6108780,58,9,3,79
6109290,69,80,-6,85
6109800,74,16,12,73
6110310,96,5,-1,74
6110820,78,76,-8,82
6111330,101,12,4,78
6111840,77,22,0,78
6112350,99,11,-5,83
6112860,73,82,1,82
6113370,55,73,0,82
6113880,60,64,1,81
6114390,63,55,0,81
6114900,77,66,-2,83
6115410,100,57,8,75
6115920,20,46,-2,77
6116430,23,37,-2,79
6116940,99,28,4,75
6117450,19,17,-2,77
6117960,1,28,3,74
6118470,82,19,-4,78
6118980,3,29,-1,79
6119490,67,20,-2,81
6120000,89,9,-1,82
6120510,13,80,2,80
6121020,19,71,-2,82
6121530,22,62,5,77
6122040,25,53,0,77
6122550,30,44,-8,85
6123060,64,35,8,77
6123570,86,38,2,75
6124080,6,27,-5,80
6124590,5,64,4,76
6125100,69,98,-4,80
6125610,74,89,-3,83
6126120,79,80,1,82
6126630,0,16,4,78
6127140,81,53,3,75
6127650,1,32,1,74
6128160,7,23,-7,81
6128670,0,60,2,79
6129180,6,51,1,78
6129690,70,42,1,77
6130200,92,45,5,72
6130710,12,34,-7,79
6131220,11,25,-2,81
6131730,4,36,5,76
6132240,68,27,3,73
6132750,90,16,-6,79
6133260,14,26,12,67
6133770,7,90,-14,81
6134280,88,81,-2,83
6134790,70,17,9,74
6135300,92,27,-5,79
6135810,12,16,-2,81
6136320,5,23,-3,84
6136830,4,60,11,73
6137340,68,51,-7,80
6137850,9,30,-1,81
6138360,73,21,6,75
6138870,95,10,-1,76
6139380,71,20,2,74
6139890,93,5,1,73
6140400,69,76,-7,80
6140910,72,67,3,77
6141420,95,2,6,71
6141930,77,73,-8,79
6142440,100,9,6,73
6142950,76,80,-10,83
6143460,58,71,-6,89
6143970,61,62,7,82
6144480,64,53,0,82
6144990,98,32,4,78
6145500,18,21,3,75
6146010,0,32,-2,77
6146520,6,23,0,77
6147030,70,60,-2,79
6147540,44,98,2,77
6148050,47,89,-8,85
6148560,81,80,3,82
6149070,2,16,6,76
6149580,83,53,-2,78
6150090,3,28,7,71
6150600,9,19,-10,81
6151110,2,68,0,81
6151620,8,59,5,76
6152130,72,50,-1,77
6152640,94,29,0,77
6153150,14,18,0,77
6153660,7,25,4,73
6154170,6,62,-4,77
6154680,70,53,-4,81
6155190,92,64,13,68
6155700,12,10,-12,80
6156210,5,59,2,78
6156720,69,50,3,75
6157230,91,29,1,74
6157740,11,18,-4,78
6158250,4,25,-2,80
6158760,85,62,4,76
6159270,5,41,-2,78
6159780,69,32,2,76
6160290,91,21,1,75
6160800,67,31,2,73
6161310,89,16,-4,77
6161820,10,26,-3,80
6162330,9,33,-1,81
6162840,8,20,1,80
6163350,1,57,7,73
6163860,7,48,-3,76
6164370,71,39,-2,78
6164880,93,42,6,72
6165390,13,31,-5,77
6165900,12,22,1,76
6166410,5,29,-4,80
6166920,69,66,-3,83
6167430,1,57,0,83
6167940,7,48,5,78
6168450,71,39,1,77
6168960,93,42,3,74
6169470,13,31,4,70
6169980,6,22,-2,72
6170490,70,9,-9,81
6171000,2,19,6,75
6171510,66,56,-7,82
6172020,100,67,4,78
6172530,20,3,-4,82
6173040,2,52,8,74
6173550,8,43,0,74
6174060,72,34,4,70
6174570,94,23,-1,71
6175080,15,8,-10,81
6175590,8,19,-3,84
6176100,7,26,8,76
6176610,6,13,-3,79
6177120,101,62,3,76
6177630,21,51,-7,83
6178140,55,38,6,77
6178650,98,49,-4,81
6179160,11,38,5,76
6179670,10,29,-2,78
6180180,9,93,-3,81
6180690,30,84,-6,87
6181200,33,75,1,86
6181710,67,66,1,85
6182220,101,28,13,72
6182730,77,17,-3,75
6183240,53,27,-4,79
6183750,64,34,5,74
6184260,86,37,-4,78
6184770,6,22,2,76
6185280,5,59,-5,81
6185790,69,50,4,77
6186300,1,29,5,72
6186810,7,20,-6,78
6187320,6,27,2,76
6187830,12,14,0,76
6188340,5,21,4,72
6188850,69,58,-14,86
6189360,1,20,9,77
6189870,82,57,0,77
6190380,2,36,8,69
6190890,8,27,-9,78
6191400,7,64,-3,81
6191910,13,55,4,77
6192420,12,46,0,77
6192930,11,37,-2,79
6193440,10,28,-2,81
6193950,9,92,-5,86
6194460,94,83,6,80
6194970,76,19,-1,81
6195480,98,29,13,68
6195990,100,18,-14,82
6196500,21,28,5,77
6197010,3,39,-2,79
6197520,9,30,9,70
6198030,51,21,-10,80
6198540,62,98,-6,86
6199050,36,89,6,80
6199560,39,80,-2,82
6200070,73,71,5,77
6200580,96,33,4,73
6201090,98,22,-8,81
6201600,19,32,3,78
6202110,1,39,2,76
6202620,7,30,5,71
6203130,6,21,-8,79
6203640,5,58,1,78
6204150,11,49,1,77
6204660,17,40,-5,82
6205170,16,2,-2,84
6205680,100,51,8,76
6206190,20,40,-2,78
6206700,2,2,-5,83
6207210,97,51,4,79
6207720,17,40,-1,80
6208230,16,2,1,79
6208740,100,51,6,73
6209250,20,40,-12,85
6209760,19,2,9,76
6210270,1,51,0,76
6210780,7,42,-1,77
6211290,71,33,3,74
6211800,93,22,-7,81
6212310,69,32,7,74
6212820,10,21,-7,81
6213330,3,28,2,79
6213840,9,65,-3,82
6214350,73,56,4,78
6214860,20,18,2,76
6215370,2,29,-3,79
6215880,8,20,1,78
6216390,7,27,-2,80
6216900,6,24,2,78
6217410,5,11,4,74
6217920,100,60,-3,77
6218430,20,49,0,77
6218940,6,40,-4,81
6219450,12,31,-5,86
6219960,11,38,4,82
6220470,10,29,4,78
6220980,9,16,4,74
6221490,2,23,-1,75
6222000,8,60,-7,82
6222510,72,51,3,79
6223020,86,30,7,72
6223530,88,19,-8,80
6224040,64,29,1,79
6224550,5,4,-1,80
6225060,100,53,6,74
6225570,20,42,-5,79
6226080,19,34,-4,83
6226590,53,98,0,83
6227100,56,89,4,79
6227610,30,80,-5,84
6228120,33,71,9,75
6228630,67,62,-3,78
6229140,90,24,7,71
6229650,66,13,-7,78
6230160,7,23,1,77
6230670,0,10,2,75
6231180,101,59,2,73
6231690,21,48,-8,81
6232200,7,10,1,80
6232710,0,59,4,76
6233220,6,69,-4,80
6233730,12,60,0,80
6234240,76,51,4,76
6234750,99,30,0,76
6235260,75,19,-1,77
6235770,5,8,-4,81
6236280,100,57,6,75
6236790,20,46,0,75
6237300,6,37,-1,76
6237810,12,24,-2,78
6238320,5,31,1,77
6238830,11,22,-5,82
6239340,10,29,10,72
6239850,9,93,-13,85
6240360,94,84,4,81
6240870,76,46,7,74
6241380,98,25,-3,77
6241890,74,14,0,77
6242400,4,24,-3,80
6242910,3,61,3,77
6243420,9,52,-1,78
6243930,15,43,-5,83
6244440,14,5,-3,86
6244950,7,54,6,80
6245460,13,45,4,76
6245970,12,36,-9,85
6246480,11,100,0,85
6246990,96,91,4,81
6247500,78,27,5,76
6248010,8,16,-4,80
6248520,1,23,1,79
6249030,82,10,-4,83
6249540,14,20,9,74
6250050,7,27,-6,80
6250560,6,64,1,79
6251070,12,55,-1,80
6251580,18,46,2,78
6252090,17,37,-5,83
6252600,16,101,-2,85
6253110,101,92,1,84
6253620,83,28,7,77
6254130,13,17,-3,80
6254640,6,24,3,77
6255150,12,11,-8,85
6255660,5,60,9,76
6256170,11,51,-7,83
6256680,17,42,4,79
6257190,16,4,-1,80
6257700,100,53,7,73
6258210,20,42,-6,79
6258720,19,4,-4,83
6259230,76,53,2,81
6259740,99,32,1,80
6260250,29,21,-2,82
6260760,40,32,-1,83
6261270,74,43,7,76
6261780,83,32,2,74
6262290,13,21,-7,81
6262800,6,28,5,76
6263310,70,19,0,76
6263820,11,8,1,75
6264330,4,57,-5,80
6264840,10,48,1,79
6265350,9,39,-1,80
6265860,8,30,5,75
6266370,7,21,-2,77
6266880,0,8,1,76
6267390,95,57,4,72
6267900,16,46,-7,79
6268410,15,37,-6,85
6268920,14,101,3,82
6269430,99,92,-1,83
6269940,81,28,15,68
6270450,11,17,-11,79
6270960,4,24,5,74
6271470,3,11,-4,78
6271980,98,60,3,75
6272490,19,49,-3,78
6273000,18,26,0,78
6273510,0,37,7,71
6274020,72,28,-7,78
6274530,13,17,-1,79
6275040,6,24,4,75
6275550,5,61,-4,79
6276060,69,52,0,79
6276570,10,31,0,79
6277080,9,95,-3,82
6277590,94,86,-1,83
6278100,15,48,7,76
6278610,14,39,-6,82
6279120,13,1,1,81
6279630,6,50,4,77
6280140,70,41,-1,78
6280650,11,92,-2,80
6281160,96,83,4,76
6281670,17,19,-5,81
6282180,101,26,6,75
6282690,77,36,-1,76
6283200,79,25,0,76
6283710,9,66,-2,78
6284220,73,57,0,78
6284730,96,19,1,77
6285240,17,29,-3,80
6285750,101,36,2,78
6286260,1,25,7,71
6286770,7,62,-11,82
6287280,47,53,0,82
6287790,75,15,8,74
6288300,51,25,-6,80
6288810,62,32,4,76
6289320,3,7,-5,81
6289830,98,56,5,76
6290340,100,45,-3,79
6290850,0,34,4,75
6291360,6,71,-5,80
6291870,12,62,2,78
6292380,76,53,0,78
6292890,99,15,7,71
6293400,75,25,-4,75
6293910,5,14,-5,80
6294420,100,63,3,77
6294930,21,52,-6,83
6295440,20,14,4,79
6295950,2,25,2,77
6296460,8,62,-1,78
6296970,72,53,-3,81
6297480,95,15,3,78
6297990,71,25,5,73
6298500,1,14,1,72
6299010,96,51,-3,75
6299520,98,40,1,74
6300030,100,29,-11,85
6300540,33,39,4,81
6301050,61,50,6,75
6301560,2,61,0,75
6302070,8,52,-4,79
6302580,72,43,6,73
6303090,95,18,0,73
6303600,16,28,-4,77
6304110,9,92,-5,82
6304620,94,83,5,77
6305130,76,19,0,77
6305640,52,29,-3,80
6306150,63,36,3,77
6306660,4,43,0,77
6307170,68,34,-6,83
6307680,9,9,2,81
6308190,2,58,8,73
6308700,8,49,-7,80
6309210,14,40,0,80
6309720,13,2,-2,82
6310230,6,51,3,79
6310740,70,42,1,78
6311250,11,17,1,77
6311760,4,24,0,77
6312270,10,11,-4,81
6312780,3,60,8,73
6313290,9,51,-8,81
6313800,15,42,6,75
6314310,14,33,-4,79
6314820,7,97,1,78
6315330,52,88,-2,80
6315840,55,79,1,79
6316350,29,70,-3,82
6316860,63,61,-3,85
6317370,45,72,1,84
6317880,79,63,0,84
6318390,0,25,4,80
6318900,6,12,4,76
6319410,101,61,-4,80
6319920,22,45,3,77
6320430,56,36,-1,78
6320940,99,47,0,78
6321450,101,36,-2,80
6321960,1,25,-8,88
6322470,82,62,15,73
6322980,3,41,-10,83
6323490,9,78,4,79
6324000,15,69,-1,80
6324510,79,60,-1,81
6325020,0,22,13,68
6325530,64,9,-13,81
6326040,98,19,8,73
6326550,74,29,-3,76
6327060,4,18,-2,78
6327570,7,5,-5,83
6328080,0,54,4,79
6328590,6,45,2,77
6329100,70,36,-1,78
6329610,0,11,0,78
6330120,95,60,6,72
6330630,16,35,-7,79
6331140,9,99,-2,81
6331650,54,90,-4,85
6332160,88,81,6,79
6332670,70,43,0,79
6333180,11,54,-2,81
6333690,75,45,2,79
6334200,98,20,-1,80
6334710,19,30,8,72
6335220,1,94,-7,79
6335730,46,43,-4,83
6336240,65,54,2,81
6336750,79,16,-1,82
6337260,9,26,6,76
6337770,2,63,-1,77
6338280,8,54,-6,83
6338790,72,45,4,79
6339300,13,20,-6,85
6339810,6,27,4,81
6340320,101,64,5,76
6340830,22,53,1,75
6341340,25,44,-7,82
6341850,59,6,2,80
6342360,93,16,2,78
6342870,69,26,6,72
6343380,101,15,6,66
6343890,77,25,-6,72
6344400,7,14,0,72
6344910,0,63,-7,79
6345420,6,54,2,77
6345930,70,45,-1,78
6346440,93,24,-3,81
6346950,69,34,8,73
6347460,101,23,2,71
6347970,22,33,-9,80
6348480,4,44,2,78
6348990,10,35,-1,79
6349500,3,26,5,74
6350010,67,17,-5,79
6350520,99,27,8,71
6351030,29,37,-12,83
6351540,11,48,3,80
6352050,75,39,4,76
6352560,5,28,-9,85
6353070,11,65,3,82
6353580,75,56,8,74
6354090,98,18,-2,76
6354600,19,28,-4,80
6355110,1,39,1,79
6355620,7,30,5,74
6356130,71,17,-3,77
6356640,1,27,6,71
6357150,65,14,-5,76
6357660,6,24,-1,77
6358170,101,61,2,75
6358680,22,50,-7,82
6359190,15,12,0,82
6359700,8,23,9,73
6360210,1,48,-6,79
6360720,7,39,7,72
6361230,13,30,-10,82
6361740,6,24,7,75
6362250,101,61,1,74
6362760,22,50,-3,77
6363270,15,41,-2,79
6363780,8,3,3,76
6364290,1,52,-3,79
6364800,7,43,-6,85
6365310,13,34,8,77
6365820,6,17,0,77
6366330,101,4,1,76
6366840,83,14,-4,80
6367350,59,24,0,80
6367860,0,101,0,80
6368370,45,50,-5,85
6368880,79,61,7,78
6369390,0,40,-1,79
6369900,6,31,-3,82
6370410,101,68,3,79
6370920,22,14,-4,83
6371430,4,25,8,75
6371940,68,62,-11,86
6372450,9,24,10,76
6372960,2,31,1,75
6373470,8,22,-8,83
6373980,1,59,5,78
6374490,7,50,-3,81
6375000,13,41,9,72
6375510,12,32,-2,74
6376020,5,96,-2,76
6376530,50,87,-9,85
6377040,84,78,0,85
6377550,66,14,10,75
6378060,7,3,-5,80
6378570,0,52,5,75
6379080,6,43,-8,83
6379590,70,34,10,73
6380100,0,23,0,73
6380610,6,60,-6,79
6381120,70,51,5,74
6381630,11,30,-5,79
6382140,4,94,1,78
6382650,49,43,-3,81
6383160,92,54,3,78
6383670,101,43,-1,79
6384180,1,32,2,77
6384690,82,23,2,75
6385200,12,12,-9,84
6385710,5,61,6,78
6386220,69,52,3,75
6386730,10,31,-6,81
6387240,3,68,5,76
6387750,48,59,-6,82
6388260,76,30,8,74
6388770,6,19,-1,75
6389280,101,84,-6,81
6389790,83,20,-1,82
6390300,13,30,3,79
6390810,6,94,-4,83
6391320,51,43,-6,89
6391830,85,54,16,73
6392340,94,43,2,71
6392850,96,32,-7,78
6393360,26,21,-7,85
6393870,60,32,8,77
6394380,1,7,0,77
6394890,96,56,-1,78
6395400,52,45,4,74
6395910,95,56,1,73
6396420,25,45,-4,77
6396930,7,36,-2,79
6397440,0,27,1,78
6397950,81,64,3,75
6398460,2,0,-2,77
6398970,97,49,-3,80
6399480,99,38,5,75
6399990,29,27,-10,85
6400500,63,38,12,73
6401010,4,49,-6,79
6401520,68,40,0,79
6402030,100,49,1,78
6402540,0,38,1,77
6403050,6,29,-1,78
6403560,101,66,0,78
6404070,31,55,-4,82
6404580,65,46,7,75
6405090,6,21,-7,82
6405600,101,58,7,75
6406110,1,47,-7,82
6406620,7,38,2,80
6407130,13,29,3,77
6407640,6,40,0,77
6408150,12,31,2,75
6408660,5,95,-3,78
6409170,50,86,-6,84
6409680,53,77,-1,85
6410190,27,68,2,83
6410700,61,59,2,81
6411210,2,70,6,75
6411720,8,61,-6,81
6412230,14,52,-6,87
6412740,13,43,7,80
6413250,12,34,-2,82
6413760,5,98,5,77
6414270,50,89,-1,78
6414780,84,80,-5,83
6415290,66,16,5,78
6415800,7,26,0,78
6416310,0,63,3,75
6416820,6,54,1,74
6417330,12,45,-10,84
6417840,5,36,14,70
6418350,11,27,-10,80
6418860,4,34,4,76
6419370,10,25,4,72
6419880,3,36,-11,83
6420390,9,27,12,71
6420900,2,64,-6,77
6421410,8,55,-1,78
6421920,14,46,-9,87
6422430,13,37,6,81
6422940,6,28,7,74
6423450,101,65,1,73
6423960,31,54,-10,83
6424470,65,45,0,83
6424980,6,56,4,79
6425490,70,47,2,77
6426000,11,58,-8,85
6426510,75,49,8,77
6427020,5,24,3,74
6427530,100,61,-1,75
6428040,30,50,-5,80
6428550,64,41,-1,81
6429060,5,52,4,77
6429570,11,43,-6,83
6430080,10,34,6,77
6430590,9,71,-3,80
6431100,15,62,-2,82
6431610,21,53,3,79
6432120,55,44,-1,80
6432630,98,55,3,77
6433140,28,44,1,76
6433650,10,55,-3,79
6434160,74,46,2,77
6434670,4,21,1,76
6435180,99,58,-3,79
6435690,29,47,-2,81
6436200,11,58,2,79
6436710,75,49,5,74
6437220,5,24,0,74
6437730,100,61,1,73
6438240,56,50,-4,77
6438750,99,61,0,77
6439260,29,50,0,77
6439770,63,41,-3,80
6440280,4,52,4,76
6440790,68,43,1,75
6441300,9,18,-2,77
6441810,2,55,0,77
6442320,8,46,1,76
6442830,72,37,-2,78
6443340,13,12,-10,88
6443850,6,61,13,75
6444360,70,52,-4,79
6444870,11,63,2,77
6445380,75,54,-2,79
6445890,16,33,-2,81
6446400,9,44,-9,90
6446910,15,81,9,81
6447420,100,72,0,81
6447930,21,18,2,79
6448440,3,67,5,74
6448950,84,58,-2,76
6449460,14,96,-3,79
6449970,99,87,-3,82
6450480,81,23,6,76
6450990,11,12,-3,79
6451500,4,23,1,78
6452010,99,60,7,71
6452520,55,49,-10,81
6453030,98,60,4,77
6453540,28,49,-1,78
6454050,40,40,-8,86
6454560,74,51,8,78
6455070,15,62,0,78
6455580,79,53,3,75
6456090,9,28,-2,77
6456600,2,65,2,75
6457110,83,56,2,73
6457620,13,2,-6,79
6458130,6,51,2,77
6458640,70,42,0,77
6459150,81,17,2,75
6459660,11,27,-3,78
6460170,4,45,-3,81
6460680,68,36,5,76
6461190,79,11,-1,77
6461700,11,21,1,76
6462210,4,32,-3,79
6462720,85,23,0,79
6463230,15,12,5,74
6463740,8,23,-2,76
6464250,1,60,1,75
6464760,65,51,-5,80
6465270,6,62,1,79
6465780,70,53,0,79
6466290,11,64,-3,82
6466800,75,55,6,76
6467310,16,93,-2,78
6467820,101,84,-4,82
6468330,83,20,7,75
6468840,13,30,0,75
6469350,6,94,-5,80
6469860,87,85,-1,81
6470370,69,21,10,71
6470880,101,10,-6,77
6471390,77,20,4,73
6471900,7,30,0,73
6472410,0,48,-1,74
6472920,6,39,0,74
6473430,70,30,4,70
6473940,11,19,-9,79
6474450,4,26,3,76
6474960,99,63,7,69
6475470,55,9,-3,72
6475980,66,19,-2,74
6476490,7,8,2,72
6477000,0,19,-4,76
6477510,64,56,-7,83
6478020,5,67,0,83
6478530,69,58,2,81
6479040,10,69,-1,82
6479550,74,60,3,79
6480060,15,98,-3,82
6480570,100,89,5,77
6481080,82,25,0,77
6481590,12,14,0,77
6482100,5,25,4,73
6482610,69,62,-5,78
6483120,10,73,2,76
6483630,74,64,-2,78
6484140,15,75,-7,85
6484650,21,66,6,79
6485160,27,57,-2,81
6485670,61,48,-1,82
6486180,2,59,10,72
6486690,66,50,-6,78
6487200,7,61,-1,79
6487710,71,52,3,76
6488220,12,100,-7,83
6488730,97,91,6,77
6489240,79,27,5,72
6489750,9,16,-12,84
6490260,2,23,10,74
6490770,83,60,-4,78
6491280,13,35,7,71
6491790,6,99,-9,80
6492300,87,90,-2,82
6492810,69,26,5,77
6493320,101,1,-4,81
6493830,83,39,12,69
6494340,13,28,-10,79
6494850,6,39,-7,86
6495360,70,76,6,80
6495870,52,12,2,78
6496380,63,22,0,78
6496890,4,32,-1,79
6497400,68,69,-3,82
6497910,96,40,6,76
6498420,98,29,1,75
6498930,28,14,-9,84
6499440,39,25,4,80
6499950,50,36,1,79
6500460,93,47,7,72
6500970,23,36,-3,75
6501480,5,47,-10,85
6501990,69,38,9,76
6502500,80,13,-2,78
6503010,56,23,5,73
6503520,99,100,-4,77
6504030,81,36,5,72
6504540,11,25,0,72
6505050,4,36,-4,76
6505560,68,27,-1,77
6506070,100,12,8,69
6506580,76,22,-5,74
6507090,6,11,0,74
6507600,101,22,0,74
6508110,77,32,0,74
6508620,7,21,1,73
6509130,0,58,-4,77
6509640,64,49,-4,81
6510150,5,60,7,74
6510660,69,51,-7,81
6511170,10,62,4,77
6511680,74,53,4,73
6512190,30,64,-10,83
6512700,64,55,1,82
6513210,5,66,10,72
6513720,69,57,-9,81
6514230,10,68,-2,83
6514740,74,59,7,76
6515250,93,38,1,75
6515760,23,27,-4,79
6516270,5,38,-3,82
6516780,69,29,5,77
6517290,10,18,-2,79
6517800,3,25,0,79
6518310,67,43,4,75
6518820,78,54,0,75
6519330,8,29,-3,78
6519840,72,20,-3,81
6520350,13,9,1,80
6520860,6,20,6,74
6521370,101,57,-4,78
6521880,57,46,0,78
6522390,76,57,4,74
6522900,95,36,-1,75
6523410,25,25,-2,77
6523920,7,36,0,77
6524430,71,27,3,74
6524940,1,12,1,73
6525450,96,49,-1,74
6525960,26,38,-8,82
6526470,8,49,4,78
6526980,72,40,1,77
6527490,83,15,4,73
6528000,59,25,-4,77
6528510,0,0,-10,87
6529020,95,49,10,77
6529530,25,38,-5,82
6530040,7,49,3,79
6530550,71,40,3,76
6531060,82,15,-4,80
6531570,58,25,7,73
6532080,101,14,-4,77
6532590,77,24,3,74
6533100,7,9,-2,76
6533610,0,58,0,76
6534120,64,49,1,75
6534630,83,60,6,69
6535140,13,6,-11,80
6535650,6,55,6,74
6536160,70,46,-1,75
6536670,81,21,3,72
6537180,11,31,-4,76
6537690,4,38,6,70
6538200,68,29,-11,81
6538710,79,70,1,80
6539220,98,6,4,76
6539730,80,16,-3,79
6540240,10,26,1,78
6540750,3,90,-5,83
6541260,88,39,12,71
6541770,18,28,-12,83
6542280,11,39,0,83
6542790,75,46,6,77
6543300,5,21,-1,78
6543810,100,58,8,70
6544320,56,47,-15,85
6544830,75,58,5,80
6545340,94,69,4,76
6545850,24,15,-3,79
6546360,6,26,9,70
6546870,70,90,-16,86
6547380,52,61,5,81
6547890,80,32,7,74
6548400,10,21,-10,84
6548910,3,28,7,77
6549420,67,19,-2,79
6549930,78,8,-2,81
6550440,10,18,2,79
6550950,3,25,-1,80
6551460,67,62,3,77
6551970,95,73,3,74
6552480,51,19,-4,78
6552990,62,96,-6,84
6553500,90,87,4,80
6554010,72,23,5,75
6554520,2,64,-2,77
6555030,66,55,1,76
6555540,85,66,-5,81
6556050,15,2,0,81
6556560,99,51,5,76
6557070,29,40,-4,80
6557580,11,51,-1,81
6558090,75,42,10,71
6558600,5,17,-1,72
6559110,100,50,-5,77
6559620,30,39,2,75
6560130,12,50,-4,79
6560640,76,41,2,77
6561150,87,16,3,74
6561660,63,26,-4,78
6562170,74,67,-1,79
6562680,56,78,-5,84
6563190,38,69,3,81
6563700,72,60,6,75
6564210,91,71,1,74
6564720,47,17,-1,75
6565230,58,58,-7,82
6565740,77,69,-2,84
6566250,96,31,5,79
6566760,26,16,-5,84
6567270,8,27,11,73
6567780,72,91,-10,83
6568290,54,27,10,73
6568800,65,38,-4,77
6569310,76,13,2,75
6569820,101,23,0,75
6570330,24,8,-1,76
6570840,6,19,1,75
6571350,101,26,2,73
6571860,77,11,-2,75
6572370,0,21,2,73
6572880,64,58,-6,79
6573390,46,69,-5,84
6573900,80,60,3,81
6574410,99,98,9,72
6574920,81,34,5,67
6575430,11,23,-8,75
6575940,4,87,2,73
6576450,85,78,-10,83
6576960,67,14,9,74
6577470,92,24,-4,78
6577980,68,34,7,71
6578490,79,9,-3,74
6579000,2,80,-1,75
6579510,83,71,-6,81
6580020,65,33,4,77
6580530,76,8,3,74
6581040,101,79,-6,80
6581550,83,15,1,79
6582060,6,25,3,76
6582570,70,58,-8,84
6583080,89,20,11,73
6583590,12,30,-2,75
6584100,5,94,-5,80
6584610,86,43,0,80
6585120,16,18,1,79
6585630,9,25,1,78
6586140,2,32,7,71
6586650,66,23,-3,74
6587160,77,12,-1,75
6587670,0,22,-7,82
6588180,64,19,4,78
6588690,75,8,-1,79
6589200,100,79,4,75
6589710,82,41,0,75
6590220,12,16,1,74
6590730,5,23,-3,77
6591240,100,56,4,73
6591750,56,45,-7,80
6592260,75,56,5,75
6592770,94,18,-2,77
6593280,17,28,0,77
6593790,101,35,-1,78
6594300,31,24,-2,80
6594810,50,35,-3,83
6595320,61,46,6,77
6595830,80,57,-2,79
6596340,99,19,3,76
6596850,22,29,-1,77
6597360,4,36,-3,80
6597870,68,27,7,73
6598380,79,12,-3,76
6598890,2,83,-2,78
6599400,83,32,3,75
6599910,13,21,-5,80
6600420,6,28,5,75
6600930,70,61,0,75
6601440,52,72,0,75
6601950,80,63,-3,78
6602460,99,25,1,77
6602970,75,10,-5,82
6603480,100,20,5,77
6603990,23,30,5,72
6604500,5,37,-2,74
6605010,69,43,-1,75
6605520,3,18,0,75
6606030,67,5,-1,76
6606540,92,76,-2,78
6607050,74,12,-1,79
6607560,50,22,-1,80
6608070,61,29,-1,81
6608580,72,4,-1,82
6609090,4,75,10,72
6609600,68,66,-7,79
6610110,50,37,-5,84
6610620,69,48,9,75
6611130,88,54,1,74
6611640,44,43,-8,82
6612150,63,54,0,82
6612660,82,16,11,71
6613170,5,26,-10,81
6613680,69,80,-9,90
6614190,51,16,11,79
6614700,62,26,4,75
6615210,73,1,-4,79
6615720,5,72,-4,83
6616230,69,63,2,81
6616740,51,25,2,79
6617250,62,32,3,76
6617760,73,7,2,74
6618270,98,78,-2,76
6618780,80,14,-6,82
6619290,3,24,3,79
6619800,67,57,1,78
6620310,86,19,7,71
6620820,62,29,-1,72
6621330,73,18,-3,75
6621840,98,3,-3,78
6622350,80,74,-2,80
6622860,62,36,2,78
6623370,73,43,3,75
6623880,29,18,-8,83
6624390,40,25,3,80
6624900,59,32,5,75
6625410,70,7,-3,78
6625920,95,78,3,75
6626430,77,24,4,71
6626940,7,13,-3,74
6627450,0,20,-7,81
6627960,81,26,6,75
6628470,11,15,-2,77
6628980,4,22,1,76
6629490,57,28,-4,80
6630000,68,3,0,80
6630510,0,74,1,79
6631020,64,65,-4,83
6631530,46,27,-7,90
6632040,65,34,15,75
6632550,76,9,-3,78
6633060,101,80,-3,81
6633570,83,16,3,78
6634080,59,26,2,76
6634590,70,1,-3,79
6635100,95,72,4,75
6635610,77,18,0,75
6636120,0,7,-5,80
6636630,95,56,2,78
6637140,51,45,-2,80
6637650,70,52,6,74
6638160,89,14,3,71
6638670,65,85,-13,84
6639180,47,76,0,84
6639690,29,67,-2,86
6640200,93,58,12,74
6640710,49,47,-1,75
6641220,68,54,-5,80
6641730,87,16,2,78
6642240,10,26,-3,81
6642750,74,33,10,71
6643260,4,22,-3,74
6643770,68,28,-4,78
6644280,79,3,0,78
6644790,11,74,0,78
6645300,75,65,-3,81
6645810,57,27,-2,83
6646320,68,34,9,74
6646830,79,9,-3,77
6647340,55,80,-3,80
6647850,37,71,-3,83
6648360,71,62,2,81
6648870,53,24,1,80
6649380,64,101,1,79
6649890,46,92,-9,88
6650400,74,83,3,85
6650910,56,74,-3,88
6651420,38,65,-2,90
6651930,20,56,5,85
6652440,84,47,7,78
6652950,40,36,-3,81
6653460,59,43,1,80
6653970,78,5,3,77
6654480,1,76,-2,79
6654990,65,67,-5,84
6655500,47,74,-2,86
6656010,75,65,8,78
6656520,57,27,-1,79
6657030,68,16,2,77
6657540,93,87,-6,83
6658050,75,23,6,77
6658560,100,12,0,77
6659070,76,83,-2,79
6659580,58,19,3,76
6660090,69,90,-5,81
6660600,51,81,-2,83
6661110,79,72,3,80
6661620,61,60,0,80
6662130,43,22,-1,81
6662640,54,29,2,79
6663150,65,36,2,77
6663660,76,11,-1,78
6664170,101,21,2,76
6664680,24,31,-4,80
6665190,6,38,2,78
6665700,70,29,0,78
6666210,81,18,0,78
6666720,4,28,2,76
6667230,68,34,6,70
6667740,79,23,-4,74
6668250,9,12,-4,78
6668760,2,19,-1,79
6669270,83,25,9,70
6669780,13,14,-9,79
6670290,6,21,0,79
6670800,101,27,3,76
6671310,31,37,-5,81
6671820,13,44,1,80
6672330,77,35,-2,82
6672840,7,24,-1,83
6673350,71,30,7,76
6673860,82,19,0,76
6674370,5,29,-2,78
6674880,86,93,0,78
6675390,68,29,3,75
6675900,9,18,-2,77
6676410,2,24,0,77
6676920,66,15,0,77
6677430,91,86,0,77
6677940,73,22,3,74
6678450,3,11,3,71
6678960,98,44,-2,73
6679470,26,84,-7,80
6679980,29,41,3,77
6680490,11,3,-8,85
6681000,4,52,9,76
6681510,68,43,1,75
6682020,79,44,0,75
6682530,35,33,-3,78
6683040,54,40,-1,79
6683550,82,47,10,69
6684060,38,36,-12,81
6684570,57,43,-1,82
6685080,76,5,-1,83
6685590,101,76,3,80
6686100,83,12,6,74
6686610,59,83,-6,80
6687120,41,74,-2,82
6687630,69,65,0,82
6688140,51,27,12,70
6688650,62,34,-7,77
6689160,73,9,-1,78
6689670,98,80,3,75
6690180,80,42,-1,76
6690690,36,31,-9,85
6691200,28,38,1,84
6691710,10,45,6,78
6692220,74,36,2,76
6692730,75,11,-3,79
6693240,101,82,1,78
6693750,83,44,7,71
6694260,39,33,-12,83
6694770,58,40,7,76
6695280,101,2,-3,79
6695790,83,73,2,77
6696300,65,35,1,76
6696810,76,24,0,76
6697320,6,13,-4,80
6697830,101,20,5,75
6698340,24,30,-3,78
6698850,6,37,-1,79
6699360,9,28,-1,80
6699870,73,92,-7,87
6700380,55,83,7,80
6700890,37,74,-5,85
6701400,55,65,8,77
6701910,37,27,-6,83
6702420,48,34,9,74
6702930,91,98,-10,84
6703440,73,34,9,75
6703950,75,19,-3,78
6704460,5,29,4,74
6704970,69,20,3,71
6705480,101,9,-3,74
6705990,83,80,-6,80
6706500,65,42,1,79
6707010,6,4,2,77
6707520,101,53,0,77
6708030,57,42,-4,81
6708540,68,4,2,79
6709050,42,75,-6,85
6709560,76,66,4,81
6710070,58,28,1,80
6710580,63,35,0,80
6711090,4,42,0,80
6711600,68,33,3,77
6712110,69,8,-3,80
6712620,94,79,4,76
6713130,76,41,-3,79
6713640,32,30,-1,80
6714150,14,37,4,76
6714660,78,101,-1,77
6715170,60,37,-8,85
6715680,71,44,9,76
6716190,27,19,-10,86
6716700,9,26,10,76
6717210,2,90,-1,77
6717720,83,81,-5,82
6718230,65,43,1,81
6718740,6,5,6,75
6719250,101,54,-3,78
6719760,57,43,-6,84
6720270,100,5,8,76
6720780,82,76,-2,78
6721290,64,38,-4,82
6721800,75,84,2,80
6722310,57,46,-1,81
6722820,85,8,9,72
6723330,76,79,-9,81
6723840,58,41,0,81
6724350,69,3,3,78
6724860,94,74,6,72
6725370,76,36,-4,76
6725880,78,25,0,76
6726390,8,14,4,72
6726900,1,21,-3,75
6727410,82,27,0,75
6727920,12,16,-1,76
6728430,96,23,2,74
6728940,72,12,-5,79
6729450,97,83,2,77
6729960,28,45,3,74
6730470,10,7,-10,84
6730980,3,14,9,75
6731490,67,21,1,74
6732000,99,31,-3,77
6732510,101,41,-1,78
6733020,1,30,3,75
6733530,82,21,-3,78
6734040,12,31,1,77
6734550,5,95,-5,82
6735060,86,86,1,81
6735570,68,18,7,74
6736080,100,28,0,74
6736590,30,17,-7,81
6737100,41,24,-7,88
6737610,52,31,10,78
6738120,63,38,2,76
6738630,74,45,1,75
6739140,85,20,-4,79
6739650,15,30,2,77
6740160,8,37,-1,78
6740670,72,28,2,76
6741180,2,17,5,71
6741690,66,23,0,71
6742200,98,33,-3,74
6742710,100,22,-5,79
6743220,74,32,5,74
6743730,4,21,-7,81
6744240,99,28,8,73
6744750,29,17,-12,85
6745260,40,24,7,78
6745770,51,31,-5,83
6746280,62,38,4,79
6746790,73,45,-1,80
6747300,84,20,5,75
6747810,60,30,-2,77
6748320,71,5,-2,79
6748830,3,76,4,75
6749340,84,67,-5,80
6749850,66,29,2,78
6750360,98,4,3,75
6750870,80,14,-3,78
6751380,54,24,-1,79
6751890,65,31,0,79
6752400,76,6,-3,82
6752910,8,77,-1,83
6753420,72,68,3,80
6753930,54,30,-5,85
6754440,65,37,5,80
6754950,76,12,0,80
6755460,101,22,6,74
6755970,75,32,-1,75
6756480,5,21,-1,76
6756990,100,54,1,75
6757500,56,43,-5,80
6758010,67,5,-1,81
6758520,92,15,0,81
6759030,66,25,11,70
6759540,98,14,-8,78
6760050,72,24,0,78
6760560,2,34,13,65
6761070,66,25,-9,74
6761580,7,14,-6,80
6762090,0,21,7,73
6762600,81,27,1,72
6763110,11,37,-8,80
6763620,75,44,-1,81
6764130,86,19,4,77
6764640,60,29,-2,79
6765150,71,36,3,76
6765660,27,11,0,76
6766170,38,22,-5,81
6766680,49,29,3,78
6767190,60,36,2,76
6767700,71,11,-1,77
6768210,96,21,6,71
6768720,70,31,-4,75
6769230,0,6,2,73
6769740,95,55,-1,74
6770250,51,44,-12,86
6770760,62,55,0,86
6771270,90,66,13,73
6771780,72,28,0,73
6772290,2,17,2,71
6772800,97,50,-3,74
6773310,53,39,-9,83
6773820,64,50,1,82
6774330,5,61,-1,83
6774840,69,52,2,81
6775350,43,14,-3,84
6775860,54,21,10,74
6776370,65,62,-7,81
6776880,47,24,-4,85
6777390,58,35,8,77
6777900,69,46,-7,84
6778410,10,8,1,83
6778920,3,15,7,76
6779430,84,48,2,74
6779940,40,68,-9,83
6780450,14,59,1,82
6780960,78,50,3,79
6781470,52,70,-4,83
6781980,34,61,-4,87
6782490,16,52,3,84
6783000,80,43,8,76
6783510,36,18,-5,81
6784020,47,29,3,78
6784530,58,40,-5,83
6785040,101,51,11,72
6785550,1,40,-8,80
6786060,82,31,9,71
6786570,84,20,-6,77
6787080,14,30,0,77
6787590,7,94,-6,83
6788100,88,43,8,75
6788610,44,32,-10,85
6789120,55,43,4,81
6789630,98,54,3,78
6790140,54,43,-6,84
6790650,65,54,7,77
6791160,39,16,-8,85
6791670,50,23,4,81
6792180,61,30,3,78
6792690,72,5,0,78
6793200,46,15,0,78
6793710,57,40,-2,80
6794220,68,47,0,80
6794730,79,9,2,78
6795240,53,19,-2,80
6795750,64,29,3,77
6796260,75,18,-2,79
6796770,100,28,9,70
6797280,74,13,-3,73
6797790,48,23,-15,88
6798300,59,30,7,81
6798810,70,37,1,80
6799320,85,12,6,74
6799830,59,22,-1,75
6800340,70,32,3,72
6800850,44,21,-9,81
6801360,55,28,-1,82
6801870,66,35,6,76
6802380,77,10,-2,78
6802890,51,20,0,78
6803400,62,30,3,75
6803910,73,5,-5,80
6804420,47,15,-5,85
6804930,58,40,4,81
6805440,69,47,5,76
6805950,43,9,-1,77
6806460,54,19,1,76
6806970,65,29,1,75
6807480,76,49,-3,78
6807990,50,11,-3,81
6808500,61,21,9,72
6809010,2,31,-4,76
6809520,66,95,-7,83
6810030,94,86,2,81
6810540,76,48,8,73
6811050,32,68,-4,77
6811560,66,59,-4,81
6812070,94,21,1,80
6812580,68,31,6,74
6813090,9,16,-2,76
6813600,2,23,-2,78
6814110,66,87,-8,86
6814620,48,49,0,86
6815130,76,56,8,78
6815640,15,18,0,78
6816150,8,25,2,76
6816660,1,32,6,70
6817170,65,23,-3,73
6817680,11,12,-8,81
6818190,4,19,8,73
6818700,68,26,-1,74
6819210,14,11,-8,82
6819720,98,18,6,76
6820230,21,28,-3,79
6820740,3,35,0,79
6821250,96,26,4,75
6821760,70,11,1,74
6822270,95,21,-7,81
6822780,69,31,8,73
6823290,91,20,1,72
6823800,65,30,-6,78
6824310,76,81,-7,85
6824820,58,17,4,81
6825330,69,27,5,76
6825840,15,40,-5,81
6826350,1,2,3,78
6826860,96,51,6,72
6827370,16,40,-12,84
6827880,80,2,3,81
6828390,62,12,6,75
6828900,87,22,1,74
6829410,61,32,-5,79
6829920,2,39,-4,83
6830430,66,30,10,73
6830940,12,19,-8,81
6831450,5,26,2,79
6831960,69,90,-3,82
6832470,51,81,-3,85
6832980,79,72,4,81
6833490,61,34,-3,84
6834000,72,41,9,75
6834510,83,30,-1,76
6835020,85,19,-4,80
6835530,59,29,-5,85
6836040,70,36,8,77
6836550,92,43,5,72
6837060,12,32,-3,75
6837570,5,96,-6,81
6838080,50,87,-1,82
6838590,78,78,-1,83
6839100,60,14,8,75
6839610,1,24,-1,76
6840120,65,88,-10,86
6840630,47,79,0,86
6841140,75,99,6,80
6841650,57,35,4,76
6842160,100,24,3,73
6842670,74,13,-4,77
6843180,99,23,5,72
6843690,73,44,-6,78
6844200,95,33,8,70
6844710,15,22,-6,76
6845220,99,29,-2,78
6845730,73,18,0,78
6846240,98,3,3,75
6846750,80,13,-1,76
6847260,54,23,-3,79
6847770,64,30,3,76
6848280,86,19,2,74
6848790,60,29,-3,77
6849300,1,14,3,74
6849810,65,20,-2,76
6850320,90,9,3,73
6850830,64,19,1,72
6851340,10,8,-2,74
6851850,3,85,-12,86
6852360,84,76,6,80
6852870,66,83,1,79
6853380,48,19,-3,82
6853890,59,26,2,80
6854400,0,11,5,75
6854910,95,60,1,74
6855420,15,80,-5,79
6855930,79,71,-5,84
6856440,61,33,5,79
6856950,72,40,4,75
6857460,94,50,1,74
6857970,14,39,-9,83
6858480,78,1,1,82
6858990,1,39,1,81
6859500,65,30,3,78
6860010,6,15,-3,81
6860520,101,22,3,78
6861030,24,32,2,76
6861540,6,39,-4,80
6862050,70,78,-1,81
6862560,52,36,-4,85
6863070,63,43,3,82
6863580,4,50,4,78
6864090,65,64,-8,86
6864600,93,71,3,83
6865110,13,33,8,75
6865620,6,97,-5,80
6866130,87,88,-9,89
6866640,69,50,9,80
6867150,97,12,3,77
6867660,71,22,2,75
6868170,96,11,-2,77
6868680,19,21,-3,80
6869190,1,28,6,74
6869700,65,34,-3,77
6870210,87,37,1,76
6870720,7,26,-8,84
6871230,71,90,0,84
6871740,53,61,0,84
6872250,81,23,6,78
6872760,4,33,-3,81
6873270,68,97,2,79
6873780,50,88,-2,81
6874290,78,79,0,81
6874800,60,15,1,80
6875310,99,81,-3,83
6875820,81,91,-2,85
6876330,63,27,8,77
6876840,4,12,4,73
6877350,99,19,-8,81
6877860,73,29,9,72
6878370,95,18,-5,77
6878880,69,28,2,75
6879390,91,17,-4,79
6879900,65,75,-9,88
6880410,93,37,6,82
6880920,13,26,0,82
6881430,6,33,6,76
6881940,70,24,5,71
6882450,92,13,-3,74
6882960,66,23,-6,80
6883470,7,12,2,78
6883980,0,19,8,70
6884490,64,25,-4,74
6885000,65,14,-2,76
6885510,90,24,3,73
6886020,64,13,-5,78
6886530,1,23,2,76
6887040,65,29,-2,78
6887550,6,32,1,77
6888060,70,35,-2,79
6888570,71,38,2,77
6889080,93,41,5,72
6889590,53,30,-4,76
6890100,68,37,2,74
6890610,90,40,-4,78
6891120,10,29,3,75
6891630,3,93,-8,83
6892140,6,84,5,78
6892650,91,75,0,78
6893160,17,11,-2,80
6893670,101,22,-2,82
6894180,75,7,3,79
6894690,7,17,8,71
6895200,0,24,-10,81
6895710,64,30,2,79
6896220,5,33,10,69
6896730,69,24,-4,73
6897240,91,13,-3,76
6897750,65,23,-1,77
6898260,80,12,1,76
6898770,54,22,-3,79
6899280,97,7,1,78
6899790,79,17,4,74
6900300,2,27,-2,76
6900810,66,91,-9,85
6901320,94,82,14,71
6901830,76,18,-6,77
6902340,101,28,6,71
6902850,75,17,-6,77
6903360,100,27,-5,82
6903870,74,16,3,79
6904380,99,26,5,74
6904890,73,11,-5,79
6905400,5,21,1,78
6905910,69,8,0,78
6906420,1,18,-1,79
6906930,65,24,9,70
6907440,6,13,-10,80
6907950,101,20,4,76
6908460,75,30,5,71
6908970,97,19,-4,75
6909480,71,29,3,72
6909990,93,18,-3,75
6910500,67,28,-2,77
6911010,8,17,-2,79
6911520,1,24,9,70
6912030,65,15,-6,76
6912540,90,4,5,71
6913050,72,14,-4,75
6913560,97,24,-1,76
6914070,71,9,-3,79
6914580,3,19,0,79
6915090,67,26,7,72
6915600,89,15,-3,75
6916110,63,25,3,72
6916620,85,10,2,70
6917130,59,20,-5,75
6917640,70,9,-2,77
6918150,2,19,-2,79
6918660,66,25,1,78
6919170,7,10,-4,82
6919680,0,17,8,74
6920190,81,4,-2,76
6920700,13,14,2,74
6921210,97,21,-2,76
6921720,71,31,-1,77
6922230,93,20,-1,78
6922740,67,5,2,76
6923250,101,15,2,74
6923760,75,49,-5,79
6924270,97,52,4,75
6924780,17,41,-7,82
6925290,16,3,3,79
6925800,9,52,1,78
6926310,73,43,4,74
6926820,95,46,2,72
6927330,15,35,-8,80
6927840,14,99,0,80
6928350,99,90,0,80
6928860,81,52,7,73
6929370,1,55,-1,74
6929880,65,46,-8,82
6930390,6,8,-3,85
6930900,101,57,7,78
6931410,21,46,-1,79
6931920,3,8,4,75
6932430,98,57,-5,80
6932940,18,46,0,80
6933450,82,37,0,80
6933960,2,26,-1,81
6934470,66,90,2,79
6934980,48,81,-2,81
6935490,51,72,-3,84
6936000,25,63,-2,86
6936510,28,54,9,77
6937020,95,45,3,74
6937530,15,34,-6,80
6938040,8,98,-4,84
6938550,93,89,0,84
6939060,75,51,6,78
6939570,49,13,-5,83
6940080,50,23,5,78
6940590,65,26,0,78
6941100,6,11,0,78
6941610,101,18,-2,80
6942120,49,28,0,80
6942630,64,31,2,78
6943140,79,34,5,73
6943650,101,23,0,73
6944160,75,8,-9,82
6944670,7,18,8,74
6945180,0,25,-6,80
6945690,81,12,-6,86
6946200,13,22,5,81
6946710,6,29,2,79
6947220,70,16,5,74
6947730,95,5,-1,75
6948240,77,15,-4,79
6948750,9,25,1,78
6949260,2,32,3,75
6949770,66,23,-2,77
6950280,7,8,-1,78
6950790,0,57,4,74
6951300,64,48,-3,77
6951810,5,55,0,77
6952320,69,46,0,77
6952830,43,49,-8,85
6953340,77,56,7,78
6953850,51,59,-7,85
6954360,79,66,7,78
6954870,61,69,-1,79
6955380,43,40,-7,86
6955890,62,47,10,76
6956400,3,50,2,74
6956910,67,41,-2,76
6957420,41,44,-8,84
6957930,75,51,7,77
6958440,49,54,-6,83
6958950,31,57,-1,84
6959460,13,48,2,82
6959970,77,39,-4,86
6960480,51,42,4,82
6960990,66,49,5,77
6961500,7,52,-2,79
6962010,71,43,4,75
6962520,45,46,-10,85
6963030,79,8,6,79
6963540,61,18,0,79
6964050,2,7,-2,81
6964560,97,56,1,80
6965070,17,45,5,75
6965580,10,36,0,75
6966090,74,95,-8,83
6966600,56,31,5,78
6967110,99,34,-4,82
6967620,73,23,6,76
6968130,98,12,-5,81
6968640,72,22,7,74
6969150,97,11,-9,83
6969660,71,21,6,77
6970170,96,67,6,71
6970680,78,87,-11,82
6971190,60,23,11,71
6971700,1,8,-6,77
6972210,96,57,5,72
6972720,70,46,-3,75
6973230,44,49,-2,77
6973740,26,11,-2,79
6974250,41,18,-1,80
6974760,42,25,-3,83
6975270,57,32,7,76
6975780,72,35,2,74
6976290,87,38,-7,81
6976800,61,27,5,76
6977310,2,30,-1,77
6977820,66,21,0,77
6978330,7,10,1,76
6978840,0,17,-4,80
6979350,64,70,1,79
6979860,46,41,-3,82
6980370,61,48,4,78
6980880,2,55,0,78
6981390,66,46,2,76
6981900,7,49,-9,85
6982410,71,40,7,78
6982920,45,43,-3,81
6983430,48,50,-5,86
6983940,67,57,2,84
6984450,70,60,0,84
6984960,44,22,0,84
6985470,47,29,0,84
6985980,62,36,3,81
6986490,3,39,10,71
6987000,67,30,-8,79
6987510,8,19,-7,86
6988020,1,26,12,74
6988530,65,17,2,72
6989040,90,2,-11,83
6989550,72,12,6,77
6990060,4,22,4,73
6990570,68,9,-5,78
6991080,0,19,-2,80
6991590,64,6,2,78
6992100,98,16,2,76
6992610,72,26,4,72
6993120,46,11,-9,81
6993630,47,21,1,80
6994140,62,24,3,77
6994650,3,9,-5,82
6995160,98,58,5,77
6995670,18,47,-2,79
6996180,82,38,4,75
6996690,56,41,-9,84
6997200,71,48,11,73
6997710,45,68,-7,80
6998220,19,59,-1,81
6998730,79,50,7,74
6999240,53,53,-9,83
6999750,35,60,0,83
7000260,69,51,1,82
7000770,51,13,1,81
7001280,52,23,1,80
7001790,67,26,2,78
7002300,41,11,1,77
7002810,56,30,-1,78
7003320,71,33,-1,79
7003830,45,36,-5,84
7004340,60,47,7,77
7004850,1,50,5,72
7005360,65,41,-3,75
7005870,80,44,1,74
7006380,0,47,-2,76
7006890,64,38,-4,80
7007400,70,41,5,75
7007910,92,44,5,70
7008420,12,33,-5,75
7008930,76,97,-6,81
7009440,58,68,-4,85
7009950,40,39,-1,86
7010460,22,1,-6,92
7010970,15,50,13,79
7011480,79,41,0,79
7011990,101,44,2,77
7012500,75,33,4,73
7013010,49,22,-9,82
7013520,64,25,3,79
7014030,79,66,-7,86
7014540,53,28,5,81
7015050,68,35,3,78
7015560,90,38,4,74
7016070,10,27,-4,78
7016580,3,14,6,72
7017090,98,1,-4,76
7017600,80,20,0,76
7018110,54,5,0,76
7018620,55,76,-6,82
7019130,37,67,-3,85
7019640,71,58,11,74
7020150,53,20,0,74
7020660,96,23,3,71
7021170,70,33,-6,77
7021680,92,36,3,74
7022190,20,25,-9,83
7022700,2,32,8,75
7023210,66,23,4,71
7023720,40,8,-18,89
7024230,41,27,5,84
7024740,56,34,6,78
7025250,99,37,-6,84
7025760,27,26,1,83
7026270,9,33,7,76
7026780,73,24,-2,78
7027290,47,65,-6,84
7027800,21,56,3,81
7028310,85,47,7,74
7028820,5,50,-2,76
7029330,69,41,-2,78
7029840,43,44,-5,83
7030350,77,51,2,81
7030860,51,54,3,78
7031370,33,16,-8,86
7031880,34,23,2,84
7032390,49,30,2,82
7032900,64,37,7,75
7033410,5,40,-8,83
7033920,69,12,6,77
7034430,43,22,-5,82
7034940,86,29,6,76
7035450,14,14,2,74
7035960,98,21,-1,75
7036470,72,31,-1,76
7036980,13,34,-4,80
7037490,77,98,-2,82
7038000,59,89,4,78
7038510,41,80,-7,85
7039020,75,71,6,79
7039530,57,33,0,79
7040040,72,36,8,71
7040550,94,39,-6,77
7041060,68,28,5,72
7041570,9,69,-8,80
7042080,73,60,0,80
7042590,47,22,-1,81
7043100,62,29,7,74
7043610,3,32,0,74
7044120,67,23,-1,75
7044630,82,8,-9,84
7045140,14,18,5,79
7045650,98,25,4,75
7046160,49,35,-12,87
7046670,64,42,9,78
7047180,5,45,0,78
7047690,69,36,3,75
7048200,91,39,-2,77
7048710,11,28,4,73
7049220,4,35,-7,80
7049730,68,26,10,70
7050240,42,11,-10,80
7050750,57,30,5,75
7051260,72,33,1,74
7051770,46,36,-11,85
7052280,61,100,5,80
7052790,35,91,-7,87
7053300,38,82,10,77
7053810,72,73,2,75
7054320,54,44,-9,84
7054830,69,6,4,80
7055340,1,77,3,77
7055850,65,68,-1,78
7056360,47,39,-6,84
7056870,62,1,8,76
7057380,96,72,-2,78
7057890,78,92,-3,81
7058400,60,63,-4,85
7058910,94,25,9,76
7059420,68,10,0,76
7059930,42,81,-7,83
7060440,85,72,12,71
7060950,67,34,-3,74
7061460,82,37,-4,78
7061970,10,22,1,77
7062480,3,29,0,77
7062990,67,20,-1,78
7063500,8,5,1,77
7064010,1,54,0,77
7064520,65,45,3,74
7065030,6,7,-6,80
7065540,101,56,5,75
7066050,75,76,-3,78
7066560,57,47,-3,81
7067070,72,9,4,77
7067580,46,80,-5,82
7068090,80,71,3,79
7068600,62,33,2,77
7069110,77,36,4,73
7069620,51,39,-8,81
7070130,66,1,2,79
7070640,100,72,6,73
7071150,82,92,-8,81
7071660,64,63,-2,83
7072170,46,34,-6,89
7072680,61,75,11,78
7073190,43,46,-6,84
7073700,25,8,4,80
7074210,82,57,3,77
7074720,64,77,-4,81
7075230,46,48,-2,83
7075740,28,10,-6,89
7076250,85,17,10,79
7076760,59,27,3,76
7077270,74,30,3,73
7077780,48,15,-10,83
7078290,49,25,4,79
7078800,92,28,11,68
7079310,66,13,-7,75
7079820,40,23,-11,86
7080330,55,30,10,76
7080840,70,33,3,73
7081350,44,18,-4,77
7081860,59,21,-2,79
7082370,0,6,4,75
7082880,95,55,2,73
7083390,69,75,-2,75
7083900,51,46,-1,76
7084410,66,8,-4,80
7084920,40,79,-2,82
7085430,74,70,-2,84
7085940,56,41,5,79
7086450,99,3,-3,82
7086960,81,74,-4,86
7087470,63,36,12,74
7087980,4,39,-3,77
7088490,68,30,1,76
7089000,42,15,-6,82
7089510,57,22,6,76
7090020,100,63,1,75
7090530,82,83,-6,81
7091040,64,54,-2,83
7091550,5,16,12,71
7092060,100,65,-7,78
7092570,74,11,-3,81
7093080,48,21,-2,83
7093590,63,28,13,70
7094100,4,13,-8,78
7094610,99,0,1,77
7095120,81,71,-6,83
7095630,63,33,6,77
7096140,78,36,2,75
7096650,52,39,-3,78
7097160,95,46,6,72
7097670,69,35,-2,74
7098180,43,38,-12,86
7098690,62,45,7,79
7099200,3,7,-3,82
7099710,98,56,8,74
7100220,72,45,-2,76
7100730,46,46,-3,79
7101240,28,8,-8,87
7101750,85,15,1,86
7102260,59,25,13,73
7102770,0,10,-8,81
7103280,64,59,3,78
7103790,46,21,-5,83
7104300,61,28,11,72
7104810,2,31,-5,77
7105320,66,22,-2,79
7105830,81,63,0,79
7106340,63,25,6,73
7106850,3,66,-6,79
7107360,67,57,3,76
7107870,49,19,-4,80
7108380,50,60,4,76
7108890,32,78,-6,82
7109400,14,69,0,82
7109910,78,60,5,77
7110420,60,22,-1,78
7110930,1,7,7,71
7111440,96,56,-5,76
7111950,70,45,-2,78
7112460,44,7,-4,82
7112970,101,17,8,74
7113480,75,27,1,73
7113990,49,16,-3,76
7114500,92,26,-1,77
7115010,66,36,-5,82
7115520,81,39,11,71
7116030,55,28,-4,75
7116540,70,31,-3,78
7117050,44,16,0,78
7117560,87,26,-1,79
7118070,61,15,3,76
7118580,2,0,0,76
7119090,97,49,3,73
7119600,71,38,-6,79
7120110,45,41,-9,88
7120620,27,48,7,81
7121130,9,10,1,80
7121640,2,59,6,74
7122150,66,50,-5,79
7122660,7,12,2,77
7123170,0,61,7,70
7123680,81,16,-10,80
7124190,55,26,10,70
7124700,70,11,-8,78
7125210,44,21,-7,85
7125720,59,28,7,78
7126230,74,13,4,74
7126740,48,23,-5,79
7127250,63,30,-4,83
7127760,78,33,13,70
7128270,52,22,-12,82
7128780,67,29,5,77
7129290,41,14,-7,84
7129800,56,21,7,77
7130310,71,6,-3,80
7130820,45,77,-2,82
7131330,19,68,-3,85
7131840,83,59,3,82
7132350,65,21,6,76
7132860,80,6,-4,80
7133370,54,16,3,77
7133880,69,26,3,74
7134390,43,11,-8,82
7134900,100,21,-5,87
7135410,74,31,12,75
7135920,48,16,-10,85
7136430,63,35,11,74
7136940,78,38,1,73
7137450,52,23,-6,79
7137960,95,8,2,77
7138470,69,18,3,74
7138980,43,3,-4,78
7139490,100,74,4,74
7140000,82,36,1,73
7140510,56,21,0,73
7141020,71,31,-4,77
7141530,45,16,-5,82
7142040,60,35,4,78
7142550,75,42,5,73
7143060,49,27,-8,81
7143570,64,16,5,76
7144080,79,26,1,75
7144590,53,15,-7,82
7145100,68,25,7,75
7145610,42,10,-6,81
7146120,99,29,8,73
7146630,73,14,-6,79
7147140,47,24,-6,85
7147650,62,31,11,74
7148160,77,16,-4,78
7148670,51,26,-4,82
7149180,66,33,4,78
7149690,81,36,4,74
7150200,55,25,-5,79
7150710,70,10,3,76
7151220,44,20,-6,82
7151730,59,27,1,81
7152240,74,12,2,79
7152750,48,22,1,78
7153260,63,29,5,73
7153770,78,14,-1,74
7154280,52,24,-6,80
7154790,26,31,-5,85
7155300,8,38,7,78
7155810,72,29,1,77
7156320,46,14,-4,81
7156830,10,33,5,76
7157340,74,97,-6,82
7157850,56,88,-2,84
7158360,38,79,4,80
7158870,12,70,4,76
7159380,76,61,-3,79
7159890,58,23,7,72
7160400,73,33,5,67
7160910,47,18,-11,78
7161420,62,28,2,76
7161930,77,13,-1,77
7162440,51,23,-6,83
7162950,66,8,5,78
7163460,40,18,-6,84
7163970,55,25,7,77
7164480,70,35,4,73
7164990,44,20,-8,81
7165500,59,27,4,77
7166010,74,12,8,69
7166520,48,22,-14,83
7167030,63,29,9,74
7167540,78,14,-1,75
7168050,52,24,-5,80
7168560,67,31,3,77
7169070,41,16,-9,86
7169580,56,23,12,74
7170090,71,8,-8,82
7170600,45,18,1,81
7171110,60,25,4,77
7171620,75,17,0,77
7172130,49,27,-6,83
7172640,64,34,9,74
7173150,79,19,-5,79
7173660,53,29,7,72
7174170,68,36,-5,77
7174680,83,21,3,74
7175190,57,31,0,74
7175700,72,16,-5,79
7176210,46,26,-12,91
7176720,61,33,13,78
7177230,76,40,2,76
7177740,50,25,-2,78
7178250,65,32,4,74
7178760,39,17,-15,89
7179270,54,24,17,72
7179780,69,9,-7,79
7180290,43,80,1,78
7180800,17,71,-4,82
7181310,81,62,5,77
7181820,55,24,3,74
7182330,88,9,-1,75
7182840,62,80,-4,79
7183350,44,71,-7,86
7183860,26,62,0,86
7184370,8,53,0,86
7184880,72,44,6,80
7185390,46,51,-2,82
7185900,28,13,-2,84
7186410,43,20,6,78
7186920,58,27,-1,79
7187430,73,12,2,77
7187940,47,3,-3,80
7188450,2,58,2,78
7188960,66,49,-2,80
7189470,81,11,6,74
7189980,55,21,2,72
7190490,70,31,-3,75
7191000,44,16,-9,84
7191510,59,23,8,76
7192020,74,33,-3,79
7192530,48,18,-5,84
7193040,63,28,8,76
7193550,78,13,-3,79
7194060,52,23,0,79
7194570,67,30,2,77
7195080,82,15,-1,78
7195590,56,25,1,77
7196100,71,35,2,75
7196610,86,20,2,73
7197120,60,30,-5,78
7197630,75,15,1,77
7198140,49,25,-3,80
7198650,64,32,2,78
7199160,79,17,3,75
7199670,53,27,-4,79
7200180,68,34,2,77
7200690,83,19,7,70
7201200,57,29,-8,78
7201710,72,36,5,73
7202220,87,21,-2,75
7202730,61,31,0,75
7203240,76,16,-7,82
7203750,50,26,8,74
7204260,65,33,-2,76
7204770,80,40,-2,78
7205280,54,25,-1,79
7205790,69,32,4,75
7206300,43,17,-7,82
7206810,58,24,3,79
7207320,73,9,0,79
7207830,47,80,-1,80
7208340,21,71,-1,81
7208850,24,62,0,81
7209360,6,53,-1,82
7209870,70,44,4,78
7210380,85,6,-7,85
7210890,59,77,-2,87
7211400,33,84,3,84
7211910,15,75,-6,90
7212420,79,66,11,79
7212930,61,28,-4,83
7213440,76,13,7,76
7213950,50,23,-3,79
7214460,65,30,4,75
7214970,80,15,-1,76
7215480,54,25,-5,81
7215990,69,32,9,72
7216500,43,17,-12,84
7217010,58,24,7,77
7217520,73,34,1,76
7218030,47,23,-5,81
7218540,62,30,8,73
7219050,77,37,-2,75
7219560,51,26,-3,78
7220070,66,53,-4,82
7220580,40,15,0,82
7221090,55,22,6,76
7221600,70,32,2,74
7222110,89,17,-5,79
7222620,63,27,-2,81
7223130,78,37,6,75
7223640,52,22,-4,79
7224150,67,41,-2,81
7224660,41,3,5,76
7225170,98,22,0,76
7225680,72,32,0,76
7226190,46,17,-8,84
7226700,61,36,8,76
7227210,76,43,4,72
7227720,50,1,-8,80
7228230,75,72,-7,87
7228740,57,34,4,83
7229250,72,41,12,71
7229760,46,42,-16,87
7230270,65,49,8,79
7230780,39,11,3,76
7231290,54,30,-5,81
7231800,69,37,6,75
7232310,43,46,-11,86
7232820,62,53,4,82
7233330,77,60,5,77
7233840,51,22,-5,82
7234350,66,29,8,74
7234860,81,18,-2,76
7235370,55,28,-2,78
7235880,70,35,1,77
7236390,44,42,-13,90
7236900,63,49,12,78
7237410,78,56,-2,80
7237920,52,18,1,79
7238430,67,28,2,77
7238940,82,38,4,73
7239450,10,27,-3,76
7239960,3,34,-3,79
7240470,67,87,-3,82
7240980,49,78,-2,84
7241490,23,69,5,79
7242000,5,60,0,79
7242510,69,51,0,79
7243020,43,35,-3,82
7243530,58,42,0,82
7244040,73,49,8,74
7244550,47,11,-10,84
7245060,72,30,8,76
7245570,0,19,0,76
7246080,65,72,-4,80
7246590,47,79,1,79
7247100,21,70,-3,82
7247610,7,61,2,80
7248120,71,52,-5,85
7248630,86,14,9,76
7249140,60,24,-1,77
7249650,75,34,3,74
7250160,3,23,-6,80
7250670,84,76,-2,82
7251180,66,83,-4,86
7251690,48,74,3,83
7252200,22,65,-3,86
7252710,8,56,14,72
7253220,72,47,-3,75
7253730,46,9,-3,78
7254240,71,19,-2,80
7254750,96,29,0,80
7255260,70,39,3,77
7255770,44,46,-14,91
7256280,26,53,11,80
7256790,0,44,2,78
7257300,81,35,5,73
7257810,9,24,2,71
7258320,2,31,-7,78
7258830,66,84,-2,80
7259340,48,75,1,79
7259850,22,66,-8,87
7260360,25,57,7,80
7260870,7,48,0,80
7261380,71,39,-7,87
7261890,86,46,17,70
7262400,60,35,-15,85
7262910,75,42,10,75
7263420,49,31,-4,79
7263930,64,38,-2,81
7264440,79,45,-1,82
7264950,53,34,-1,83
7265460,68,67,-8,91
7265970,50,74,4,87
7266480,32,61,-4,91
7266990,14,52,-1,92
7267500,78,43,11,81
7268010,52,52,-2,83
7268520,34,59,3,80
7269030,8,50,-5,85
7269540,72,41,12,73
7270050,81,30,-2,75
7270560,9,19,-8,83
7271070,2,26,4,79
7271580,66,17,1,78
7272090,91,88,-6,84
7272600,73,95,4,80
7273110,55,86,-1,81
7273620,29,77,1,80
7274130,3,68,3,77
7274640,84,59,2,75
7275150,58,21,-1,76
7275660,73,31,2,74
7276170,1,20,-5,79
7276680,65,73,-5,84
7277190,47,80,-1,85
7277700,21,71,7,78
7278210,7,62,-2,80
7278720,71,53,3,77
7279230,101,15,-1,78
7279740,75,25,4,74
7280250,3,35,-7,81
7280760,67,88,-5,86
7281270,49,79,3,83
7281780,23,70,3,80
7282290,9,61,3,77
7282800,6,52,-2,79
7283310,70,43,7,72
7283820,44,50,-18,90
7284330,63,57,6,84
7284840,37,64,4,80
7285350,11,55,-9,89
7285860,75,46,10,79
7286370,49,55,-9,88
7286880,23,62,10,78
7287390,5,53,-1,79
7287900,69,44,5,74
7288410,43,6,-6,80
7288920,68,16,5,75
7289430,98,26,-1,76
7289940,72,36,-1,77
7290450,0,25,-1,78
7290960,64,78,-6,84
7291470,46,69,-1,85
7291980,20,60,1,84
7292490,84,51,11,73
7293000,58,40,-5,78
7293510,88,2,4,74
7294020,64,12,-5,79
7294530,89,83,-2,81
7295040,71,45,9,72
7295550,45,7,-6,78
7296060,70,17,-2,80
7296570,95,27,2,78
7297080,23,37,-1,79
7297590,5,44,0,79
7298100,69,35,0,79
7298610,99,45,3,76
7299120,27,34,-6,82
7299630,9,98,-2,84
7300140,90,3,7,77
7300650,13,74,-2,79
7301160,101,65,9,70
7301670,75,54,-6,76
7302180,49,16,-5,81
7302690,64,26,5,76
7303200,94,36,2,74
7303710,22,25,-9,83
7304220,4,32,12,71
7304730,68,23,-8,79
7305240,98,33,12,67
7305750,26,22,-17,84
7306260,8,29,2,82
7306770,72,47,5,77
7307280,46,79,-5,82
7307790,20,70,-2,84
7308300,84,61,7,77
7308810,58,23,2,75
7309320,88,33,4,71
7309830,16,22,-7,78
7310340,100,29,9,69
7310850,28,39,-18,87
7311360,47,46,3,84
7311870,62,53,0,84
7312380,77,60,4,80
7312890,51,22,3,77
7313400,66,32,2,75
7313910,96,42,2,73
7314420,24,31,-3,76
7314930,6,38,-3,79
7315440,70,29,2,77
7315950,100,18,0,77
7316460,28,28,-2,79
7316970,10,35,-2,81
7317480,74,26,7,74
7317990,2,15,-2,76
7318500,66,68,-12,88
7319010,16,75,8,80
7319520,80,66,3,77
7320030,62,28,0,77
7320540,92,38,5,72
7321050,20,27,-10,82
7321560,2,34,8,74
7322070,66,25,-3,77
7322580,96,35,4,73
7323090,24,24,-9,82
7323600,6,31,6,76
7324110,70,22,0,76
7324620,100,11,-2,78
7325130,23,21,-3,81
7325640,38,28,-4,85
7326150,53,35,6,79
7326660,68,42,5,74
7327170,98,49,2,72
7327680,26,38,-8,80
7328190,8,45,-3,83
7328700,4,36,3,80
7329210,68,89,-1,81
7329720,50,80,-7,88
7330230,32,71,4,84
7330740,66,62,4,80
7331250,48,24,-2,82
7331760,63,31,7,75
7332270,93,40,-1,76
7332780,21,29,2,74
7333290,3,36,-3,77
7333800,67,27,0,77
7334310,97,37,-3,80
7334820,25,26,4,76
7335330,7,33,-4,80
7335840,71,24,3,77
7336350,101,13,-1,78
7336860,24,23,-4,82
7337370,6,30,4,78
7337880,70,21,2,76
7338390,100,31,2,74
7338900,28,20,-5,79
7339410,43,27,-5,84
7339920,58,34,6,78
7340430,88,23,3,75
7340940,16,33,-3,78
7341450,100,97,-3,81
7341960,82,2,-5,86
7342470,5,12,8,78
7342980,100,65,3,75
7343490,74,54,-5,80
7344000,2,61,0,80
7344510,66,52,1,79
7345020,96,14,4,75
7345530,19,24,-5,80
7346040,1,31,7,73
7346550,65,22,-5,78
7347060,95,11,-1,79
7347570,18,21,0,79
7348080,0,28,4,75
7348590,64,81,-8,83
7349100,46,72,2,81
7349610,20,63,10,71
7350120,23,54,-8,79
7350630,5,45,3,76
7351140,69,36,1,75
7351650,99,25,3,72
7352160,27,35,-10,82
7352670,9,42,-6,88
7353180,73,33,15,73
7353690,1,22,-2,75
7354200,82,75,-4,79
7354710,56,21,1,78
7355220,71,31,5,73
7355730,101,20,-4,77
7356240,24,30,-4,81
7356750,6,37,5,76
7357260,70,28,-7,83
7357770,100,38,7,76
7358280,28,27,-11,87
7358790,43,34,5,82
7359300,58,41,4,78
7359810,88,48,5,73
7360320,16,37,-5,78
7360830,9,28,-3,81
7361340,73,81,-2,83
7361850,55,52,0,83
7362360,70,59,0,83
7362870,100,66,7,76
7363380,74,55,-4,80
7363890,2,17,3,77
7364400,66,70,-8,85
7364910,48,77,-2,87
7365420,22,68,5,82
7365930,25,59,0,82
7366440,77,50,6,76
7366950,5,57,3,73
7367460,69,48,-4,77
7367970,99,54,3,74
7368480,27,43,-8,82
7368990,9,34,8,74
7369500,73,25,-6,80
7370010,1,35,-3,83
7370520,82,88,0,83
7371030,64,79,4,79
7371540,46,70,-5,84
7372050,20,61,-2,86
7372560,13,52,12,74
7373070,77,43,2,72
7373580,5,32,-8,80
7374090,69,23,5,75
7374600,99,12,-3,78
7375110,22,22,-2,80
7375620,4,29,4,76
7376130,85,82,-7,83
7376640,67,89,9,74
7377150,49,80,-15,89
7377660,101,71,0,89
7378170,75,60,6,83
7378680,3,67,9,74
7379190,84,58,0,74
7379700,12,4,-12,86
7380210,5,57,7,79
7380720,69,48,1,78
7381230,99,54,7,71
7381740,27,43,-10,81
7382250,9,50,4,77
7382760,73,41,-3,80
7383270,1,30,5,75
7383780,82,83,-18,93
7384290,64,90,14,79
7384800,46,81,-6,85
7385310,98,72,8,77
7385820,72,18,4,73
7386330,0,7,-3,76
7386840,95,60,3,73
7387350,23,49,-6,79
7387860,5,40,2,77
7388370,86,31,-3,80
7388880,14,20,-1,81
7389390,98,27,7,74
7389900,26,16,-3,77
7390410,41,23,-6,83
7390920,56,30,7,76
7391430,86,37,5,71
7391940,14,26,-4,75
7392450,7,90,-7,82
7392960,88,81,1,81
7393470,0,43,7,74
7393980,81,34,0,74
7394490,9,23,-9,83
7395000,2,30,7,76
7395510,66,83,-5,81
7396020,48,74,-5,86
7396530,100,65,7,79
7397040,28,54,-5,84
7397550,62,45,5,79
7398060,92,52,4,75
7398570,20,41,-2,77
7399080,2,3,1,76
7399590,97,56,-2,78
7400100,25,45,-3,81
7400610,31,7,0,81
7401120,46,14,3,78
7401630,76,33,1,77
7402140,4,22,4,73
7402650,68,75,-15,88
7403160,50,82,-3,91
7403670,0,73,10,81
7404180,81,24,1,80
7404690,9,13,1,79
7405200,2,20,-1,80
7405710,83,73,4,76
7406220,65,80,-5,81
7406730,47,71,-4,85
7407240,99,62,12,73
7407750,27,51,-6,79
7408260,79,42,7,72
7408770,7,31,-10,82
7409280,88,22,4,78
7409790,16,11,-3,81
7410300,9,18,0,81
7410810,2,25,3,78
7411320,83,78,-1,79
7411830,65,40,2,77
7412340,95,47,3,74
7412850,23,36,-7,81
7413360,5,43,1,80
7413870,69,34,6,74
7414380,99,23,3,71
7414890,27,33,-12,83
7415400,9,40,3,80
7415910,73,31,7,73
7416420,1,20,-3,76
7416930,82,73,-10,86
7417440,32,35,9,77
7417950,14,42,3,74
7418460,0,33,-1,75
7418970,81,24,-4,79
7419480,9,13,2,77
7419990,2,20,-9,86
7420500,83,73,4,82
7421010,65,35,3,79
7421520,95,42,5,74
7422030,23,31,-7,81
7422540,5,45,1,80
7423050,69,36,5,75
7423560,99,25,-3,78
7424070,27,35,-2,80
7424580,9,42,0,80
7425090,73,33,2,78
7425600,1,22,3,75
7426110,65,40,0,75
7426620,95,29,1,74
7427130,23,18,-2,76
7427640,5,25,-2,78
7428150,69,32,-1,79
7428660,99,21,6,73
7429170,27,10,-10,83
7429680,42,17,0,83
7430190,57,24,13,70
7430700,87,13,-2,72
7431210,10,23,-9,81
7431720,3,30,1,80
7432230,67,21,3,77
7432740,97,10,0,77
7433250,20,20,-5,82
7433760,2,27,6,76
7434270,66,34,-3,79
7434780,96,23,-2,81
7435290,24,33,8,73
7435800,6,40,-4,77
7436310,70,31,0,77
7436820,100,20,-1,78
7437330,23,30,3,75
7437840,5,37,-2,77
7438350,69,28,-1,78
7438860,99,17,2,76
7439370,22,27,-7,83
7439880,4,34,2,81
7440390,68,87,-1,82
7440900,50,78,-3,85
7441410,0,69,7,78
7441920,81,60,-3,81
7442430,9,22,6,75
7442940,11,29,-6,81
7443450,75,36,8,73
7443960,3,25,-5,78
7444470,67,78,2,76
7444980,49,49,-7,83
7445490,64,56,6,77
7446000,94,18,7,70
7446510,17,28,-10,80
7447020,101,35,3,77
7447530,29,24,-10,87
7448040,44,83,2,85
7448550,96,74,10,75
7449060,89,36,5,70
7449570,17,25,-9,79
7450080,101,32,0,79
7450590,29,21,-7,86
7451100,44,28,12,74
7451610,59,35,-10,84
7452120,74,42,9,75
7452630,96,31,-2,77
7453140,24,20,-6,83
7453650,39,27,3,80
7454160,54,34,6,74
7454670,69,41,2,72
7455180,91,48,-5,77
7455690,11,37,-7,84
7456200,75,101,7,77
7456710,57,92,-7,84
7457220,39,83,0,84
7457730,91,74,2,82
7458240,11,36,8,74
7458750,75,27,-5,79
7459260,3,16,1,78
7459770,98,69,3,75
7460280,18,58,-9,84
7460790,82,49,12,72
7461300,2,38,-3,75
7461810,66,29,5,70
7462320,88,18,-6,76
7462830,11,28,-3,79
7463340,75,92,-1,80
7463850,57,63,-9,89
7464360,7,70,12,77
7464870,88,61,4,73
7465380,8,50,-8,81
7465890,72,41,4,77
7466400,94,44,1,76
7466910,14,33,2,74
7467420,78,97,-7,81
7467930,60,33,-4,85
7468440,75,40,13,72
7468950,97,29,-4,76
7469460,20,18,-2,78
7469970,2,25,-1,79
7470480,66,78,-1,80
7470990,16,69,4,76
7471500,80,60,-2,78
7472010,0,22,6,72
7472520,64,75,-10,82
7473030,14,66,2,80
7473540,78,57,4,76
7474050,100,19,-2,78
7474560,23,29,1,77
7475070,5,19,-4,81
7475580,100,26,15,66
7476090,23,15,-13,79
7476600,5,9,5,74
7477110,100,16,0,74
7477620,23,26,-3,77
7478130,5,33,-2,79
7478640,69,24,1,78
7479150,91,13,1,77
7479660,14,23,-3,80
7480170,7,30,-2,82
7480680,71,83,-5,87
7481190,21,45,6,81
7481700,85,36,9,72
7482210,5,25,-4,76
7482720,69,16,6,70
7483230,94,5,-8,78
7483740,17,24,-2,80
7484250,101,31,2,78
7484760,21,20,-3,81
7485270,3,27,7,74
7485780,67,18,-7,81
7486290,92,7,5,76
7486800,15,17,-4,80
7487310,99,24,1,79
7487820,22,13,1,78
7488330,61,20,0,78
7488840,86,30,9,69
7489350,6,19,-10,79
7489860,101,26,-1,80
7490370,24,36,2,78
7490880,29,43,-3,81
7491390,11,5,0,81
7491900,4,12,7,74
7492410,68,65,-8,82
7492920,18,27,-1,83
7493430,0,34,7,76
7493940,64,25,-3,79
7494450,84,14,2,77
7494960,7,24,0,77
7495470,0,31,0,77
7495980,64,22,3,74
7496490,89,11,-3,77
7497000,12,21,-2,79
7497510,5,28,6,73
7498020,69,19,-5,78
7498530,94,8,1,77
7499040,17,18,0,77
7499550,101,25,2,75
7500060,24,14,-5,80
7500570,39,21,-7,87
7501080,54,28,12,75
7501590,18,35,-4,79
7502100,0,42,5,74
7502610,64,33,-5,79
7503120,79,22,1,78
7503630,2,11,-7,85
7504140,97,18,13,72
7504650,20,28,-9,81
7505160,2,35,3,78
7505670,66,88,-7,85
7506180,16,79,11,74
7506690,97,70,-4,78
7507200,17,32,-2,80
7507710,101,39,-1,81
7508220,21,28,1,80
7508730,3,35,4,76
7509240,67,26,-4,80
7509750,89,15,5,75
7510260,12,25,-6,81
7510770,5,32,5,76
7511280,49,23,-6,82
7511790,64,30,5,77
7512300,86,49,1,76
7512810,6,38,-5,81
7513320,70,29,1,80
7513830,92,18,3,77
7514340,15,28,-7,84
7514850,8,35,10,74
7515360,72,26,-1,75
7515870,94,15,6,69
7516380,17,25,-3,72
7516890,101,32,-3,75
7517400,24,21,-5,80
7517910,58,28,3,77
7518420,80,35,3,74
7518930,0,24,-3,77
7519440,81,30,9,68
7519950,1,19,-12,80
7520460,82,72,4,76
7520970,1,34,1,75
7521480,65,25,4,71
7521990,87,14,-9,80
7522500,10,24,2,78
7523010,74,31,2,76
7523520,96,20,0,76
7524030,19,30,-3,79
7524540,1,94,-3,82
7525050,82,36,9,73
7525560,2,25,-3,76
7526070,83,78,-3,79
7526580,65,40,-1,80
7527090,80,47,-2,82
7527600,0,36,4,78
7528110,64,27,7,71
7528620,79,16,-9,80
7529130,2,26,-3,83
7529640,66,79,-8,91
7530150,16,41,13,78
7530660,80,32,4,74
7531170,58,21,-1,75
7531680,73,31,0,75
7532190,95,20,-3,78
7532700,18,30,-2,80
7533210,11,94,-4,84
7533720,92,85,3,81
7534230,74,47,6,75
7534740,96,9,0,75
7535250,19,17,-3,78
7535760,58,24,2,76
7536270,73,43,3,73
7536780,95,32,0,73
7537290,15,21,-6,79
7537800,8,28,4,75
7538310,72,92,-8,83
7538820,54,83,-3,86
7539330,4,74,11,75
7539840,85,65,6,69
7540350,5,27,-7,76
7540860,69,18,-4,80
7541370,94,7,4,76
7541880,67,17,-1,77
7542390,92,27,-3,80
7542900,55,16,7,73
7543410,98,35,-2,75
7543920,18,24,2,73
7544430,0,31,-4,77
7544940,81,22,5,72
7545450,4,11,-4,76
7545960,99,18,-3,79
7546470,75,28,2,77
7546980,97,17,-2,79
7547490,20,27,2,77
7548000,2,34,2,75
7548510,66,25,0,75
7549020,20,39,-4,79
7549530,54,1,0,79
7550040,79,20,7,72
7550550,2,9,-5,77
7551060,66,16,3,74
7551570,91,26,-3,77
7552080,14,36,-2,79
7552590,78,100,-6,85
7553100,60,91,-2,87
7553610,10,82,6,81
7554120,55,73,-1,82
7554630,5,80,-4,86
7555140,86,87,7,79
7555650,68,94,-1,80
7556160,50,85,-7,87
7556670,84,76,7,80
7557180,66,38,1,79
7557690,81,45,3,76
7558200,90,34,-5,81
7558710,10,23,5,76
7559220,3,30,4,72
7559730,67,21,-4,76
7560240,8,31,0,76
7560750,72,22,-1,77
7561260,99,32,3,74
7561770,27,21,-9,83
7562280,61,28,3,80
7562790,2,35,0,80
7563300,66,88,-5,85
7563810,48,79,0,85
7564320,82,70,2,83
7564830,1,32,6,77
7565340,79,23,-1,78
7565850,2,33,-3,81
7566360,66,86,-3,84
7566870,48,77,-2,86
7567380,82,68,6,80
7567890,1,30,7,73
7568400,65,83,-10,83
7568910,15,74,8,75
7569420,60,65,-12,87
7569930,10,72,10,77
7570440,91,63,2,75
7570950,100,25,7,68
7571460,23,35,-9,77
7571970,5,42,-7,84
7572480,69,33,11,73
7572990,99,22,-13,86
7573500,22,32,12,74
7574010,4,39,-4,78
7574520,68,30,4,74
7575030,98,40,-10,84
7575540,26,29,4,80
7576050,60,36,3,77
7576560,75,43,-1,78
7577070,84,32,5,73
7577580,12,21,-6,79
7578090,5,28,1,78
7578600,69,81,-7,85
7579110,19,88,6,79
7579620,64,79,1,78
7580130,46,86,-10,88
7580640,80,77,4,84
7581150,62,84,5,79
7581660,12,75,1,78
7582170,76,66,-4,82
7582680,97,73,1,81
7583190,4,35,3,78
7583700,68,26,2,76
7584210,9,15,0,76
7584720,2,22,-5,81
7585230,66,29,3,78
7585740,73,18,-3,81
7586250,98,7,7,74
7586760,21,17,-4,78
7587270,3,24,-5,83
7587780,67,77,-6,89
7588290,17,84,7,82
7588800,62,75,0,82
7589310,12,37,7,75
7589820,76,28,2,73
7590330,4,17,-1,74
7590840,68,24,0,74
7591350,98,13,-7,81
7591860,21,23,6,75
7592370,3,30,-1,76
7592880,67,21,1,75
7593390,8,31,-5,80
7593900,72,22,0,80
7594410,97,11,3,77
7594920,20,21,-4,81
7595430,2,28,8,73
7595940,66,81,-10,83
7596450,48,88,-6,89
7596960,82,79,5,84
7597470,64,86,4,80
7597980,14,77,2,78
7598490,78,68,-8,86
7599000,99,75,12,74
7599510,18,64,-4,78
7600020,82,55,1,77
7600530,91,62,4,73
7601040,100,51,-3,76
7601550,28,40,-5,81
7602060,10,87,2,79
7602570,91,78,3,76
7603080,73,85,-6,82
7603590,55,92,3,79
7604100,5,83,0,79
7604610,86,90,0,79
7605120,68,97,-1,80
7605630,50,88,-4,84
7606140,84,79,4,80
7606650,66,86,-2,82
7607160,48,77,-2,84
7607670,82,68,-3,87
7608180,10,75,8,79
7608690,91,66,-3,82
7609200,10,28,2,80
7609710,74,35,5,75
7610220,2,24,4,71
7610730,66,30,-6,77
7611240,96,19,4,73
7611750,19,29,-8,81
7612260,12,93,-7,88
7612770,93,84,6,82
7613280,75,91,-3,85
7613790,57,27,9,76
7614300,87,16,2,74
7614810,10,26,-3,77
7615320,74,33,1,76
7615830,2,22,1,75
7616340,66,28,1,74
7616850,7,17,-5,79
7617360,0,24,7,72
7617870,64,30,-5,77
7618380,94,37,-2,79
7618890,22,26,2,77
7619400,4,33,-2,79
7619910,68,24,7,72
7620420,98,13,-1,73
7620930,21,23,-2,75
7621440,3,30,-2,77
7621950,67,21,5,72
7622460,97,10,-1,73
7622970,20,20,-5,78
7623480,2,27,2,76
7623990,66,33,0,76
7624500,7,22,1,75
7625010,71,29,-6,81
7625520,101,18,4,77
7626030,24,28,0,77
7626540,6,35,7,70
7627050,70,26,-7,77
7627560,11,15,-7,84
7628070,4,22,2,82
7628580,68,28,9,73
7629090,98,17,-3,76
7629600,21,27,-1,77
7630110,3,34,3,74
7630620,67,87,-7,81
7631130,49,78,-2,83
7631640,101,69,3,80
7632150,8,58,3,77
7632660,72,49,2,75
7633170,0,56,1,74
7633680,64,47,-11,85
7634190,5,54,9,76
7634700,69,45,-4,80
7635210,10,52,5,75
7635720,74,43,-6,81
7636230,83,32,8,73
7636740,11,21,-9,82
7637250,4,28,11,71
7637760,68,81,-11,82
7638270,50,70,-7,89
7638780,84,61,13,76
7639290,93,68,0,76
7639800,0,57,-6,82
7640310,64,48,1,81
7640820,5,55,13,68
7641330,69,46,-10,78
7641840,10,53,8,70
7642350,74,44,-3,73
7642860,83,33,0,73
7643370,11,22,-4,77
7643880,4,29,-1,78
7644390,68,35,4,74
7644900,77,42,-5,79
7645410,86,31,2,77
7645920,14,20,-1,78
7646430,7,27,-9,87
7646940,71,33,13,74
7647450,101,22,-2,76
7647960,24,32,0,76
7648470,6,39,-6,82
7648980,70,92,0,82
7649490,52,83,-3,85
7650000,86,17,2,83
7650510,9,27,10,73
7651020,73,34,0,73
7651530,1,23,2,71
7652040,65,29,-6,77
7652550,6,18,-2,79
7653060,101,25,4,75
7653570,24,35,-3,78
7654080,6,42,4,74
7654590,70,33,-4,78
7655100,11,22,0,78
7655610,4,29,-2,80
7656120,68,82,-5,85
7656630,18,73,4,81
7657140,82,64,2,79
7657650,82,71,-1,80
7658160,64,78,-4,84
7658670,14,85,6,78
7659180,59,76,-1,79
7659690,41,67,-6,85
7660200,75,58,1,84
7660710,96,65,6,78
7661220,3,54,3,75
7661730,67,45,-3,78
7662240,8,52,-3,81
7662750,72,43,4,77
7663260,81,50,4,73
7663770,90,39,0,73
7664280,92,28,-1,74
7664790,17,17,-7,81
7665300,101,24,5,76
7665810,77,34,-2,78
7666320,5,23,3,75
7666830,69,30,2,73
7667340,23,19,-6,79
7667850,57,26,3,76
7668360,100,15,2,74
7668870,23,25,-3,77
7669380,5,32,4,73
7669890,69,23,2,71
7670400,23,33,-9,80
7670910,5,40,-2,82
7671420,69,31,3,79
7671930,10,20,-5,84
7672440,3,27,14,70
7672950,67,33,-4,74
7673460,76,22,-6,80
7673970,30,11,-5,85
7674480,33,18,3,82
7674990,36,25,3,79
7675500,70,32,3,76
7676010,24,21,-1,77
7676520,58,28,-1,78
7677030,101,35,-3,81
7677540,1,24,3,78
7678050,65,30,-5,83
7678560,6,37,12,71
7679070,70,28,-7,78
7679580,77,38,6,72
7680090,79,27,-8,80
7680600,33,16,-4,84
7681110,76,23,11,73
7681620,30,12,-7,80
7682130,33,19,1,79
7682640,72,26,4,75
7683150,26,1,-11,86
7683660,83,26,7,79
7684170,37,15,-5,84
7684680,40,22,4,80
7685190,83,29,5,75
7685700,11,18,-7,82
7686210,4,25,7,75
7686720,68,16,1,74
7687230,22,26,-3,77
7687740,4,33,-1,78
7688250,68,24,6,72
7688760,22,13,-12,84
7689270,4,52,6,78
7689780,68,43,-3,81
7690290,9,50,4,77
7690800,73,41,4,73
7691310,82,30,-1,74
7691820,10,19,-8,82
7692330,3,26,9,73
7692840,98,79,-3,76
7693350,80,41,2,74
7693860,89,30,0,74
7694370,96,19,0,74
7694880,17,29,-4,78
7695390,101,36,-1,79
7695900,29,25,-3,82
7696410,63,32,5,77
7696920,4,39,1,76
7697430,68,30,-2,78
7697940,9,19,0,78
7698450,2,26,5,73
7698960,66,17,-2,75
7699470,20,6,-7,82
7699980,4,13,5,77
7700490,99,20,2,75
7701000,22,30,-2,77
7701510,4,37,-3,80
7702020,68,28,4,76
7702530,9,38,-2,78
7703040,73,29,2,76
7703550,80,18,-1,77
7704060,3,28,9,68
7704570,67,19,-9,77
7705080,8,8,-9,86
7705590,1,15,6,80
7706100,65,68,-6,86
7706610,99,75,10,76
7707120,6,25,-4,80
7707630,70,31,8,72
7708140,100,20,1,71
7708650,23,30,-8,79
7709160,5,37,3,76
7709670,69,90,-6,82
7710180,19,81,2,80
7710690,64,83,-8,88
7711200,14,74,5,83
7711710,78,65,-1,84
7712220,99,27,11,73
7712730,27,16,-5,78
7713240,66,23,0,78
7713750,20,33,1,77
7714260,2,40,-4,81
7714770,66,93,0,81
7715280,16,84,4,77
7715790,61,75,-1,78
7716300,43,66,-8,86
7716810,77,57,4,82
7717320,98,64,9,73
7717830,5,53,-6,79
7718340,69,44,-5,84
7718850,14,51,7,77
7719360,78,42,-4,81
7719870,87,31,3,78
7720380,15,20,-2,80
7720890,8,27,-6,86
7721400,72,33,9,77
7721910,13,22,-1,78
7722420,6,29,4,74
7722930,2,20,-1,75
7723440,83,27,2,73
7723950,11,16,-6,79
7724460,4,23,3,76
7724970,68,29,1,75
7725480,9,18,-6,81
7725990,2,25,5,76
7726500,66,16,-4,80
7727010,7,5,1,79
7727520,0,12,6,73
7728030,64,65,-7,80
7728540,14,72,-1,81
7729050,78,63,-2,83
7729560,99,36,4,79
7730070,27,25,-3,82
7730580,61,32,3,79
7731090,2,21,8,71
7731600,97,27,-4,75
7732110,25,16,-11,86
7732620,59,23,10,76
7733130,60,12,-1,77
7733640,1,22,2,75
7734150,65,28,-2,77
7734660,6,17,6,71
7735170,70,24,1,70
7735680,100,13,-3,73
7736190,34,23,-11,84
7736700,68,30,6,78
7737210,9,19,5,73
7737720,2,26,-6,79
7738230,66,99,-12,91
7738740,16,90,11,80
7739250,61,81,-7,87
7739760,11,72,9,78
7740270,56,63,-2,80
7740780,6,54,4,76
7741290,70,45,2,74
7741800,79,34,1,73
7742310,7,23,-6,79
7742820,0,29,5,74
7743330,81,35,2,72
7743840,9,24,-7,79
7744350,2,31,-2,81
7744860,66,22,0,81
7745370,7,11,3,78
7745880,0,18,-4,82
7746390,64,71,-6,88
7746900,14,78,10,78
7747410,78,24,-1,79
7747920,6,13,4,75
7748430,101,20,2,73
7748940,22,9,-8,81
7749450,58,16,2,79
7749960,101,26,5,74
7750470,29,15,-12,86
7750980,68,22,17,69
7751490,22,11,-11,80
7752000,4,18,-1,81
7752510,68,24,4,77
7753020,98,13,5,72
7753530,21,23,-7,79
7754040,3,30,-4,83
7754550,67,36,9,74
7755060,76,25,-1,75
7755570,4,14,3,72
7756080,99,20,-8,80
7756590,20,30,1,79
7757100,2,37,5,74
7757610,66,28,-7,81
7758120,7,17,-1,82
7758630,0,70,-3,85
7759140,29,61,1,84
7759650,63,52,8,76
7760160,84,59,-1,77
7760670,93,48,4,73
7761180,0,37,-5,78
7761690,81,28,7,71
7762200,9,17,-7,78
7762710,2,24,5,73
7763220,66,15,-2,75
7763730,7,25,-6,81
7764240,71,78,-5,86
7764750,53,69,-3,89
7765260,87,60,15,74
7765770,96,49,1,73
7766280,3,38,-8,81
7766790,67,29,8,73
7767300,97,18,-2,75
7767810,18,28,1,74
7768320,0,6,-6,80
7768830,95,59,5,75
7769340,2,48,1,74
7769850,83,39,-6,80
7770360,11,28,3,77
7770870,75,35,2,75
7771380,3,24,0,75
7771890,67,30,2,73
7772400,97,19,-8,81
7772910,18,29,3,78
7773420,0,36,3,75
7773930,81,96,-9,84
7774440,63,87,1,83
7774950,13,78,5,78
7775460,94,69,1,77
7775970,1,58,4,73
7776480,82,49,2,71
7776990,91,38,-10,81
7777500,19,27,2,79
7778010,1,34,-2,81
7778520,82,25,8,73
7779030,10,14,-3,76
7779540,3,21,-1,77
7780050,67,74,-6,83
7780560,17,81,2,81
7781070,81,72,-1,82
7781580,0,34,4,78
7782090,64,25,1,77
7782600,5,14,-2,79
7783110,100,67,3,76
7783620,7,56,-5,81
7784130,71,47,4,77
7784640,80,53,2,75
7785150,89,42,2,73
7785660,98,29,0,73
7786170,26,18,-5,78
7786680,62,25,1,77
7787190,77,14,2,75
7787700,100,24,-1,76
7788210,21,13,0,76
7788720,3,20,0,76
7789230,67,73,-10,86
7789740,17,64,4,82
7790250,81,69,4,78
7790760,0,58,8,70
7791270,81,49,0,70
7791780,90,38,-4,74
7792290,10,27,0,74
7792800,3,33,-8,82
7793310,67,24,8,74
7793820,8,13,-4,78
7794330,1,66,1,77
7794840,82,57,1,76
7795350,91,46,1,75
7795860,11,35,1,74
7796370,75,26,1,73
7796880,3,15,-2,75
7797390,98,68,0,75
7797900,5,57,-2,77
7798410,69,48,-1,78
7798920,90,55,-4,82
7799430,99,44,3,79
7799940,19,100,3,76
7800450,64,91,-9,85
7800960,14,82,5,80
7801470,59,73,-6,86
7801980,9,64,11,75
7802490,73,55,-1,76
7803000,94,17,-1,77
7803510,15,27,-1,78
7804020,8,34,2,76
7804530,72,25,1,75
7805040,26,14,-7,82
7805550,62,21,5,77
7806060,3,10,-6,83
7806570,98,63,6,77
7807080,5,52,6,71
7807590,86,43,-3,74
7808100,6,32,-3,77
7808610,70,23,5,72
7809120,24,12,-16,88
7809630,81,19,10,78
7810140,35,29,-3,81
7810650,69,36,5,76
7811160,91,25,-7,83
7811670,45,35,1,82
7812180,66,42,7,75
7812690,7,31,-6,81
7813200,0,22,3,78
7813710,64,28,2,76
7814220,5,17,-1,77
7814730,100,23,1,76
7815240,21,12,0,76
7815750,3,19,-3,79
7816260,98,25,4,75
7816770,32,14,-2,77
7817280,68,21,4,73
7817790,22,10,-6,79
7818300,15,17,6,73
7818810,99,24,-4,77
7819320,33,13,-6,83
7819830,72,20,4,79
7820340,26,9,-3,82
7820850,65,16,1,81
7821360,6,26,-1,82
7821870,101,33,-3,85
7822380,29,43,2,83
7822890,63,5,6,77
7823400,97,15,-2,79
7823910,18,25,2,77
7824420,0,32,2,75
7824930,81,23,6,69
7825440,15,12,-11,80
7825950,8,19,2,78
7826460,1,26,4,74
7826970,65,17,-2,76
7827480,39,27,-8,84
7827990,73,34,9,75
7828500,14,23,-6,81
7829010,65,30,7,74
7829520,6,19,0,74
7830030,101,25,-1,75
7830540,22,14,1,74
7831050,58,21,-3,77
7831560,101,31,4,73
7832070,35,20,-11,84
7832580,74,27,8,76
7833090,28,16,-7,83
7833600,67,23,11,72
7834110,21,12,-5,77
7834620,57,19,3,74
7835130,100,8,-2,76
7835640,32,18,-8,84
7836150,71,25,9,75
7836660,78,14,0,75
7837170,10,24,-5,80
7837680,3,31,6,74
7838190,98,22,-13,87
7838700,30,32,6,81
7839210,64,39,2,79
7839720,5,28,-5,84
7840230,100,34,5,79
7840740,28,23,-3,82
7841250,67,30,6,76
7841760,8,19,-5,81
7842270,1,26,5,76
7842780,65,32,-3,79
7843290,6,21,4,75
7843800,101,27,4,71
7844310,22,37,-7,78
7844820,15,101,-9,87
7845330,60,43,5,82
7845840,1,50,3,79
7846350,65,41,-1,80
7846860,6,30,0,80
7847370,101,21,9,71
7847880,22,31,-8,79
7848390,4,95,-5,84
7848900,85,37,7,77
7849410,13,26,-5,82
7849920,6,33,6,76
7850430,87,66,3,73
7850940,6,12,1,72
7851450,101,19,-4,76
7851960,22,29,1,75
7852470,4,36,-5,80
7852980,68,27,4,76
7853490,9,16,-2,78
7854000,2,23,0,78
7854510,97,29,-2,80
7855020,2,18,7,73
7855530,66,24,1,72
7856040,7,13,-5,77
7856550,0,20,-1,78
7857060,95,26,8,70
7857570,29,15,-7,77
7858080,65,22,3,74
7858590,72,11,0,74
7859100,4,21,1,73
7859610,99,27,-3,76
7860120,33,37,-2,78
7860630,85,44,2,76
7861140,94,33,3,73
7861650,101,22,0,73
7862160,22,32,-5,78
7862670,4,39,-1,79
7863180,68,30,3,76
7863690,9,19,-5,81
7864200,2,26,1,80
7864710,66,32,7,73
7865220,7,21,-1,74
7865730,0,27,-2,76
7866240,64,18,1,75
7866750,71,7,-4,79
7867260,3,17,6,73
7867770,98,23,-5,78
7868280,32,33,-3,81
7868790,66,40,4,77
7869300,75,47,7,70
7869810,84,36,-5,75
7870320,91,25,2,73
7870830,25,14,-7,80
7871340,61,21,3,77
7871850,2,10,4,73
7872360,97,17,1,72
7872870,18,27,-10,82
7873380,11,34,5,77
7873890,4,25,-3,80
7874400,99,31,16,64
7874910,4,20,-17,81
7875420,99,26,14,67
7875930,33,15,-14,81
7876440,69,22,9,72
7876950,76,11,-7,79
7877460,8,21,-2,81
7877970,1,27,6,75
7878480,65,33,-3,78
7878990,6,22,-1,79
7879500,101,28,8,71
7880010,35,17,-8,79
7880520,74,24,0,79
7881030,81,13,-3,82
7881540,13,23,10,72
7882050,6,30,-8,80
7882560,101,21,-3,83
7883070,35,31,2,81
7883580,50,38,2,79
7884090,84,45,9,70
7884600,93,34,0,70
7885110,100,23,-7,77
7885620,34,33,-2,79
7886130,73,40,2,77
7886640,82,29,4,73
7887150,89,18,-7,80
7887660,23,28,6,74
7888170,5,35,-9,83
7888680,69,26,9,74
7889190,76,8,-9,83
7889700,8,18,6,77
7890210,1,25,6,71
7890720,65,31,-11,82
7891230,6,20,5,77
7891740,101,27,11,66
7892250,35,16,-19,85
7892760,74,23,10,75
7893270,81,12,-3,78
7893780,13,22,-2,80
7894290,6,29,4,76
7894800,101,35,-2,78
7895310,35,24,-2,80
7895820,74,31,4,76
7896330,81,20,1,75
7896840,88,30,-5,80
7897350,95,19,4,76
7897860,16,29,1,75
7898370,9,36,-8,83
7898880,73,27,6,77
7899390,80,16,-2,79
7899900,12,26,3,76
7900410,5,90,-4,80
7900920,86,81,4,76
7901430,68,43,0,76
7901940,9,44,-2,78
7902450,73,35,5,73
7902960,80,24,-2,75
7903470,87,13,2,73
7903980,19,23,-3,76
7904490,1,30,0,76
7905000,65,21,2,74
7905510,6,10,-5,79
7906020,101,17,3,76
7906530,22,27,4,72
7907040,4,34,-6,78
7907550,68,25,8,70
7908060,75,14,-11,81
7908570,7,24,5,76
7909080,0,30,-1,77
7909590,64,21,6,71
7910100,71,10,-5,76
7910610,98,20,5,71
7911120,19,30,-9,80
7911630,1,37,0,80
7912140,65,28,2,78
7912650,6,17,3,75
7913160,101,24,-5,80
7913670,35,34,-1,81
7914180,87,41,8,73
7914690,96,30,0,73
7915200,1,19,-7,80
7915710,96,25,6,74
7916220,30,35,-7,81
7916730,82,42,5,76
7917240,91,31,6,70
7917750,98,20,-8,78
7918260,19,30,6,72
7918770,1,37,-4,76
7919280,65,28,4,72
7919790,72,17,-3,75
7920300,26,27,-5,80
7920810,8,38,-1,81
7921320,72,29,4,77
7921830,79,18,4,73
7922340,13,28,-5,78
7922850,6,92,1,77
7923360,51,83,-3,80
7923870,1,74,-1,81
7924380,82,65,4,77
7924890,19,66,-1,78
7925400,71,57,-4,82
7925910,8,64,0,82
7926420,72,55,4,78
7926930,9,56,-1,79
7927440,73,47,-5,84
7927950,10,48,5,79
7928460,74,39,3,76
7928970,83,28,8,68
7929480,90,17,-4,72
7929990,11,27,-5,77
7930500,4,34,5,72
7931010,68,25,0,72
7931520,75,35,1,71
7932030,9,24,-6,77
7932540,2,31,-2,79
7933050,66,75,-4,83
7933560,16,11,0,83
7934070,9,18,9,74
7934580,2,25,-4,78
7935090,14,31,-2,80
7935600,7,95,-2,82
7936110,15,86,1,81
7936620,23,77,0,81
7937130,75,68,-1,82
7937640,25,75,-3,85
7938150,77,66,10,75
7938660,14,67,-3,78
7939170,0,29,10,68
7939680,64,20,-4,72
7940190,71,9,-8,80
7940700,3,19,6,74
7941210,98,25,-3,77
7941720,32,35,-6,83
7942230,66,46,4,79
7942740,7,47,3,76
7943250,71,38,1,75
7943760,80,39,0,75
7944270,89,28,-7,82
7944780,26,38,5,77
7945290,8,45,1,76
7945800,72,36,0,76
7946310,9,25,-4,80
7946820,2,32,0,80
7947330,83,33,5,75
7947840,90,22,5,70
7948350,24,32,-11,81
7948860,6,43,2,79
7949370,70,34,6,73
7949880,7,23,-9,82
7950390,0,29,10,72
7950900,81,20,-1,73
7951410,18,30,0,73
7951920,0,1,-9,82
7952430,11,54,6,76
7952940,75,45,-5,81
7953450,12,46,1,80
7953960,76,37,2,78
7954470,13,26,-4,82
7954980,6,33,5,77
7955490,70,77,-8,85
7956000,52,13,10,75
7956510,91,23,0,75
7957020,25,33,2,73
7957530,24,40,-9,82
7958040,6,47,-5,87
7958550,70,99,8,79
7959060,52,90,-6,85
7959570,2,81,6,79
7960080,83,23,-3,82
7960590,37,12,1,81
7961100,76,19,2,79
7961610,30,29,-6,85
7962120,69,40,10,75
7962630,78,41,2,73
7963140,87,30,1,72
7963650,94,19,-1,73
7964160,15,29,-9,82
7964670,8,36,-1,83
7965180,72,37,10,73
7965690,9,26,-5,78
7966200,2,32,1,77
7966710,66,23,3,74
7967220,73,12,-2,76
7967730,5,22,2,74
7968240,100,28,-4,78
7968750,81,17,7,71
7969260,18,27,-5,76
7969770,0,34,1,75
7970280,64,25,-2,77
7970790,5,14,-5,82
7971300,100,67,0,82
7971810,7,56,3,79
7972320,71,47,2,77
7972830,8,35,-2,79
7973340,72,26,5,74
7973850,79,15,-2,76
7974360,16,25,-1,77
7974870,100,32,3,74
7975380,37,21,-12,86
7975890,76,32,13,73
7976400,13,21,-6,79
7976910,97,28,0,79
7977420,31,38,-6,85
7977930,83,45,9,76
7978440,3,34,1,75
7978950,67,25,-4,79
7979460,8,14,-1,80
7979970,1,21,-1,81
7980480,82,27,7,74
7980990,19,16,-6,80
7981500,1,23,-1,81
7982010,65,29,8,73
7982520,6,18,-6,79
7983030,101,24,1,78
7983540,35,34,-11,89
7984050,69,45,9,80
7984560,6,46,3,77
7985070,70,37,5,72
7985580,7,38,-5,77
7986090,71,29,5,72
7986600,25,18,-12,84
7987110,7,29,7,77
7987620,6,35,2,75
7988130,5,56,1,74
7988640,69,47,-2,76
7989150,6,48,-3,79
7989660,70,39,3,76
7990170,7,40,-7,83
7990680,71,31,7,76
7991190,8,20,-6,82
7991700,1,27,10,72
7992210,65,33,-7,79
7992720,2,49,4,75
7993230,66,40,-2,77
7993740,3,41,-11,88
7994250,67,32,6,82
7994760,4,33,2,80
7995270,68,39,0,80
7995780,5,9,6,74
7996290,100,62,-2,76
7996800,37,51,-5,81
7997310,89,58,-1,82
7997820,26,59,1,81
7998330,78,50,2,79
7998840,15,51,1,78
7999350,14,42,-3,81
7999860,13,4,-2,83
8000370,6,11,10,73
8000880,101,18,2,71
8001390,77,28,-4,75
8001900,14,17,-5,80
8002410,98,24,6,74
8002920,35,13,-6,80
8003430,74,20,1,79
8003940,11,9,-3,82
8004450,4,16,1,81
8004960,99,22,5,76
8005470,20,32,-1,77
8005980,2,96,-1,78
8006490,47,38,-8,86
8007000,86,49,10,76
8007510,23,38,-2,78
8008020,5,45,2,76
8008530,69,36,-3,79
8009040,6,6,5,74
8009550,101,13,-1,75
8010060,77,23,0,75
8010570,14,12,-12,87
8011080,7,19,9,78
8011590,0,25,6,72
8012100,64,31,-3,75
8012610,1,1,-4,79
8013120,96,54,5,74
8013630,33,43,-7,81
8014140,85,5,3,78
8014650,17,24,-2,80
8015160,101,31,-3,83
8015670,38,41,-2,85
8016180,72,52,9,76
8016690,9,59,-8,84
8017200,73,50,-2,86
8017710,10,56,10,76
8018220,74,47,1,75
8018730,11,36,-11,86
8019240,10,42,7,79
8019750,74,33,0,79
8020260,11,22,-2,81
8020770,4,29,0,81
8021280,99,35,4,77
8021790,36,45,-8,85
8022300,88,56,15,70
8022810,25,45,-3,73
8023320,77,36,-1,74
8023830,14,25,-5,79
8024340,7,32,1,78
8024850,71,23,5,73
8025360,8,12,-4,77
8025870,1,19,-2,79
8026380,65,25,1,78
8026890,2,14,1,77
8027400,97,20,5,72
8027910,18,30,-7,79
8028420,0,94,4,75
8028930,45,36,-10,85
8029440,84,47,10,75
8029950,21,36,1,74
8030460,3,100,-10,84
8030970,48,42,-1,85
8031480,82,53,6,79
8031990,19,54,5,74
8032500,5,45,2,72
8033010,69,36,-3,75
8033520,6,6,-5,80
8034030,101,59,5,75
8034540,38,48,-2,77
8035050,90,59,3,74
8035560,27,48,-13,87
8036070,61,55,5,82
8036580,11,66,-1,83
8037090,75,57,6,77
8037600,12,64,-6,83
8038110,76,55,11,72
8038620,13,1,-10,82
8039130,6,50,4,78
8039640,70,41,0,78
8040150,7,30,-6,84
8040660,6,94,1,83
8041170,87,85,0,83
8041680,69,47,3,80
8042190,6,9,4,76
8042700,101,16,4,72
8043210,75,26,1,71
8043720,12,15,-8,79
8044230,5,22,-5,84
8044740,100,28,9,75
8045250,25,38,-5,80
8045760,7,0,6,74
8046270,0,53,-2,76
8046780,64,44,2,74
8047290,1,6,-5,79
8047800,96,59,8,71
8048310,33,48,-10,81
8048820,85,54,8,73
8049330,5,43,-10,83
8049840,69,34,5,78
8050350,6,4,-2,80
8050860,101,57,9,71
8051370,21,46,-6,77
8051880,3,37,0,77
8052390,67,28,1,76
8052900,4,17,0,76
8053410,68,23,7,69
8053920,22,12,-9,78
8054430,4,23,2,76
8054940,99,29,1,75
8055450,24,18,2,73
8055960,6,29,-1,74
8056470,70,35,-2,76
8056980,92,5,-1,77
8057490,42,24,-5,82
8058000,81,35,9,73
8058510,1,24,-6,79
8059020,53,30,3,76
8059530,92,37,-1,77
8060040,12,26,-8,85
8060550,5,33,-4,89
8061060,69,86,6,83
8061570,51,22,5,78
8062080,90,41,7,71
8062590,10,30,-5,76
8063100,74,94,-6,82
8063610,56,30,4,78
8064120,95,0,1,77
8064630,77,19,2,75
8065140,14,29,-4,79
8065650,7,36,-6,85
8066160,71,27,11,74
8066670,93,16,1,73
8067180,14,26,-2,75
8067690,18,33,-4,79
8068200,70,97,-7,86
8068710,20,88,3,83
8069220,6,79,3,80
8069730,87,70,-1,81
8070240,37,71,4,77
8070750,89,62,-1,78
8071260,9,8,0,78
8071770,2,61,5,73
8072280,83,52,3,70
8072790,3,41,-8,78
8073300,67,32,0,78
8073810,4,21,3,75
8074320,68,27,-4,79
8074830,90,16,7,72
8075340,11,26,-5,77
8075850,4,32,1,76
8076360,68,38,-2,78
8076870,5,8,-4,82
8077380,100,61,7,75
8077890,20,50,-2,77
8078400,72,41,0,77
8078910,94,11,3,74
8079420,68,30,-1,75
8079930,5,19,-3,78
8080440,69,25,3,75
8080950,91,14,5,70
8081460,12,24,-8,78
8081970,5,30,-2,80
8082480,69,36,3,77
8082990,6,25,0,77
8083500,5,31,2,75
8084010,69,22,-1,76
8084520,6,32,1,75
8085030,70,23,3,72
8085540,92,12,-7,79
8086050,77,31,9,70
8086560,99,20,-5,75
8087070,20,30,-4,79
8087580,2,70,0,79
8088090,83,61,3,76
8088600,33,67,-5,81
8089110,85,9,9,72
8089620,35,28,-10,82
8090130,54,39,2,80
8090640,4,50,0,80
8091150,68,41,5,75
8091660,5,11,2,73
8092170,100,64,3,70
8092680,50,53,-21,91
8093190,0,64,11,80
8093700,81,55,8,72
8094210,18,61,-7,79
8094720,70,52,7,72
8095230,20,58,-11,83
8095740,72,49,11,72
8096250,22,55,-10,82
8096760,74,46,8,74
8097270,11,16,2,72
8097780,4,23,-9,81
8098290,68,29,7,74
8098800,5,18,-4,78
8099310,100,24,6,72
8099820,21,13,-7,79
8100330,60,24,5,74
8100840,99,43,-1,75
8101350,36,32,-8,83
8101860,55,43,10,73
8102370,5,54,-3,76
8102880,69,45,-2,78
8103390,26,51,0,78
8103900,78,42,3,75
8104410,100,31,2,73
8104920,25,20,-6,79
8105430,7,31,3,76
8105940,71,22,-4,80
8106450,78,11,0,80
8106960,28,30,1,79
8107470,10,41,-2,81
8107980,74,32,7,74
8108490,96,21,2,72
8109000,17,31,-7,79
8109510,101,37,4,75
8110020,29,26,-3,78
8110530,48,37,-8,86
8111040,67,48,5,81
8111550,17,54,2,79
8112060,81,45,2,77
8112570,18,34,-3,80
8113080,0,98,5,75
8113590,81,40,0,75
8114100,1,29,1,74
8114610,65,62,-8,82
8115120,15,73,-3,85
8115630,79,64,8,77
8116140,29,70,-3,80
8116650,81,61,2,78
8117160,31,67,-3,81
8117670,83,58,8,73
8118180,20,47,-7,80
8118690,72,38,2,78
8119200,9,8,-5,83
8119710,2,61,7,76
8120220,66,52,-2,78
8120730,16,53,-1,79
8121240,80,44,9,70
8121750,0,33,-5,75
8122260,64,24,-5,80
8122770,1,13,4,76
8123280,82,19,-2,78
8123790,89,29,7,71
8124300,96,18,-2,73
8124810,17,28,-1,74
8125320,101,64,1,73
8125830,38,53,-5,78
8126340,90,54,2,76
8126850,27,43,-5,81
8127360,73,54,7,74
8127870,23,16,-4,78
8128380,5,27,0,78
8128890,69,33,-2,80
8129400,70,22,6,74
8129910,77,11,1,73
8130420,1,21,0,73
8130930,65,27,-3,76
8131440,72,16,2,74
8131950,79,54,2,72
8132460,16,60,-9,81
8132970,80,51,4,77
8133480,17,40,4,73
8133990,69,31,0,73
8134500,76,20,-4,77
8135010,83,61,4,73
8135520,33,62,-9,82
8136030,85,53,11,71
8136540,22,42,-5,76
8137050,74,48,1,75
8137560,11,37,3,72
8138070,75,43,-14,86
8138580,12,32,11,75
8139090,76,38,-1,76
8139600,83,27,5,71
8140110,90,16,0,71
8140620,11,26,0,71
8141130,4,32,-6,77
8141640,68,38,-3,80
8142150,75,49,3,77
8142660,12,55,-4,81
8143170,76,46,3,78
8143680,13,16,1,77
8144190,97,23,-3,80
8144700,21,33,5,75
8145210,73,44,-1,76
8145720,23,33,2,74
8146230,5,44,-3,77
8146740,69,11,-5,82
8147250,1,30,9,73
8147760,65,36,-7,80
8148270,72,47,5,75
8148780,22,53,-2,77
8149290,74,44,5,72
8149800,96,63,2,70
8150310,46,52,-13,83
8150820,98,63,9,74
8151330,48,52,-7,81
8151840,67,63,9,72
8152350,17,74,-9,81
8152860,81,65,2,79
8153370,31,71,-2,81
8153880,83,62,-3,84
8154390,33,68,5,79
8154900,85,59,-4,83
8155410,35,65,0,83
8155920,87,56,11,72
8156430,37,45,-10,82
8156940,89,56,4,78
8157450,39,45,-3,81
8157960,58,56,-3,84
8158470,8,67,2,82
8158980,72,58,4,78
8159490,22,69,-1,79
8160000,74,60,-4,83
8160510,24,66,4,79
8161020,76,57,4,75
8161530,26,63,-4,79
8162040,78,54,2,77
8162550,28,60,-6,83
8163060,80,51,9,74
8163570,30,57,-3,77
8164080,82,48,-4,81
8164590,2,37,3,78
8165100,66,28,3,75
8165610,73,69,-1,76
8166120,23,80,-9,85
8166630,87,71,11,74
8167140,37,77,-6,80
8167650,89,68,3,77
8168160,39,74,-1,78
8168670,91,65,-1,79
8169180,41,71,2,77
8169690,93,62,0,77
8170200,13,51,-3,80
8170710,77,42,4,76
8171220,84,12,1,75
8171730,16,31,-5,80
8172240,68,38,4,76
8172750,75,57,1,75
8173260,25,53,0,75
8173770,77,44,-1,76
8174280,99,14,6,70
8174790,73,24,-6,76
8175300,80,65,-4,80
8175810,30,71,0,80
8176320,82,62,0,80
8176830,32,68,0,80
8177340,84,59,1,79
8177850,34,65,-1,80
8178360,86,56,7,73
8178870,36,45,-10,83
8179380,88,56,8,75
8179890,38,45,-9,84
8180400,90,56,9,75
8180910,10,45,-3,78
8181420,74,36,1,77
8181930,81,77,-5,82
8182440,31,88,3,79
8182950,83,79,0,79
8183460,33,90,0,79
8183970,85,81,-7,86
8184480,67,92,6,80
8184990,17,83,-3,83
8185500,81,74,2,81
8186010,31,85,3,78
8186520,83,76,0,78
8187030,33,87,-5,83
8187540,85,78,6,77
8188050,35,84,-4,81
8188560,87,75,3,78
8189070,37,81,2,76
8189580,89,72,-2,78
8190090,39,78,1,77
8190600,91,69,-5,82
8191110,41,75,2,80
8191620,93,66,5,75
8192130,43,55,-11,86
8192640,95,61,9,77
8193150,15,50,0,77
8193660,79,41,4,73
8194170,101,30,-6,79
8194680,26,40,2,77
8195190,78,2,-5,82
8195700,10,21,7,75
8196210,74,28,1,74
8196720,81,17,-4,78
8197230,2,27,6,72
8197740,66,33,-4,76
8198250,73,52,2,74
8198760,23,58,-5,79
8199270,37,49,-3,82
8199780,89,11,7,75
8200290,10,30,-6,81
8200800,74,94,0,81
8201310,24,30,4,77
8201820,76,41,-4,81
8202330,98,60,5,76
8202840,18,49,-5,81
8203350,82,40,1,80
8203860,2,29,8,72
8204370,66,35,-3,75
8204880,67,54,-4,79
8205390,17,60,0,79
8205900,81,51,0,79
8206410,1,57,6,73
8206920,65,48,-3,76
8207430,15,59,2,74
8207940,79,50,-2,76
8208450,101,56,-2,78
8208960,21,45,-4,82
8209470,20,7,4,78
8209980,77,18,3,75
8210490,84,7,-1,76
8211000,34,26,-5,81
8211510,53,37,3,78
8212020,72,48,3,75
8212530,18,54,-5,80
8213040,82,45,7,73
8213550,2,34,-7,80
8214060,66,25,6,74
8214570,73,14,-3,77
8215080,80,24,3,74
8215590,87,13,2,72
8216100,8,23,-1,73
8216610,7,29,-5,78
8217120,71,93,-7,85
8217630,21,84,3,82
8218140,85,75,4,78
8218650,35,10,-4,82
8219160,54,29,3,79
8219670,73,48,7,72
8220180,95,37,-6,78
8220690,94,26,-1,79
8221200,101,36,7,72
8221710,29,25,-12,84
8222220,81,36,10,74
8222730,91,25,6,68
8223240,98,14,-2,70
8223750,19,24,-8,78
8224260,71,35,5,73
8224770,48,54,-11,84
8225280,67,65,5,79
8225790,17,43,-1,80
8226300,81,34,9,71
8226810,52,23,-7,78
8227320,88,42,1,77
8227830,8,31,0,77
8228340,72,22,3,74
8228850,79,11,-1,75
8229360,0,21,1,74
8229870,64,27,-2,76
8230380,71,68,-15,91
8230890,90,79,11,80
8231400,40,15,-2,82
8231910,59,26,8,74
8232420,78,45,-1,75
8232930,100,34,3,72
8233440,28,23,-14,86
8233950,47,34,7,79
8234460,66,45,3,76
8234970,85,51,0,76
8235480,5,40,7,69
8235990,69,31,-4,73
8236500,70,20,1,72
8237010,77,9,-10,82
8237520,1,28,7,75
8238030,65,34,-2,77
8238540,66,53,-7,84
8239050,85,64,8,76
8239560,35,70,-12,88
8240070,87,81,9,79
8240580,37,17,1,78
8241090,56,28,-3,81
8241600,57,47,7,74
8242110,76,58,-4,78
8242620,95,64,6,72
8243130,15,53,-7,79
8243640,79,44,2,77
8244150,101,33,2,75
8244660,22,22,-2,77
8245170,4,33,3,74
8245680,68,24,-2,76
8246190,75,43,2,74
8246700,97,32,-6,80
8247210,25,21,-1,81
8247720,77,32,2,79
8248230,5,56,3,76
8248740,69,47,3,73
8249250,88,58,0,73
8249760,38,78,-10,83
8250270,90,69,7,76
8250780,40,31,-6,82
8251290,59,42,-4,86
8251800,78,53,12,74
8252310,28,73,-8,82
8252820,80,64,5,77
8253330,30,70,-6,83
8253840,82,61,5,78
8254350,32,67,-2,80
8254860,84,58,5,75
8255370,34,78,-8,83
8255880,86,69,8,75
8256390,36,31,-8,83
8256900,55,42,0,83
8257410,74,53,5,78
8257920,24,59,-5,83
8258430,76,50,7,76
8258940,26,56,1,75
8259450,78,47,4,71
8259960,28,67,-12,83
8260470,80,58,7,76
8260980,30,78,-2,78
8261490,33,69,-6,84
8262000,85,60,10,74
8262510,35,80,-10,84
8263020,87,71,8,76
8263530,37,17,-4,80
8264040,56,28,-3,83
8264550,75,47,8,75
8265060,25,53,-3,78
8265570,77,44,4,74
8266080,27,33,-7,81
8266590,79,44,7,74
8267100,29,33,-6,80
8267610,81,44,12,68
8268120,31,33,-16,84
8268630,50,44,0,84
8269140,69,5,5,79
8269650,95,24,6,73
8270160,16,34,-7,80
8270670,39,98,-2,82
8271180,91,89,6,76
8271690,41,24,-5,81
8272200,60,35,5,76
8272710,61,46,-3,79
8273220,80,57,7,72
8273730,30,77,-13,85
8274240,82,68,5,80
8274750,32,74,1,79
8275260,84,65,-1,80
8275770,34,71,0,80
8276280,86,62,-2,82
8276790,36,68,-3,85
8277300,88,59,14,71
8277810,38,79,-11,82
8278320,90,70,3,79
8278830,40,90,-2,81
8279340,92,81,-2,83
8279850,42,43,0,83
8280360,61,54,1,82
8280870,11,65,0,82
8281380,75,56,5,77
8281890,25,62,-3,80
8282400,77,53,1,79
8282910,27,15,-4,83
8283420,79,26,8,75
8283930,86,15,2,73
8284440,10,25,-11,84
8284950,9,31,9,75
8285460,8,95,-5,80
8285970,89,86,-2,82
8286480,39,21,-2,84
8286990,58,32,9,75
8287500,59,53,-5,80
8288010,9,64,4,76
8288520,73,55,0,76
8289030,23,17,-2,78
8289540,75,28,3,75
8290050,82,17,1,74
8290560,6,27,-7,81
8291070,5,91,2,79
8291580,86,82,-5,84
8292090,36,93,5,79
8292600,88,84,-1,80
8293110,38,46,-1,81
8293620,90,57,8,73
8294130,40,77,-10,83
8294640,92,68,8,75
8295150,42,3,-5,80
8295660,29,22,-4,84
8296170,81,33,8,76
8296680,88,22,-3,79
8297190,95,32,2,77
8297700,20,21,-3,80
8298210,72,32,8,72
8298720,0,51,-3,75
8299230,64,42,-1,76
8299740,14,48,0,76
8300250,78,39,-1,77
8300760,6,58,0,77
8301270,70,49,0,77
8301780,20,56,7,70
8302290,72,47,-3,73
8302800,22,53,-7,80
8303310,74,44,-1,81
8303820,24,63,0,81
8304330,76,54,0,81
8304840,26,60,1,80
8305350,78,51,1,79
8305860,28,71,1,78
8306370,80,62,2,76
8306880,30,68,-3,79
8307390,82,59,1,78
8307900,32,65,-1,79
8308410,84,56,2,77
8308920,34,76,-1,78
8309430,86,67,1,77
8309940,36,5,-1,78
8310450,37,24,-1,79
8310960,56,35,6,73
8311470,75,46,0,73
8311980,25,66,-6,79
8312490,77,57,-5,84
8313000,27,64,5,79
8313510,79,55,5,74
8314020,29,75,-5,79
8314530,81,66,5,74
8315040,31,61,-13,87
8315550,83,23,8,79
8316060,90,33,2,77
8316570,18,22,-4,81
8317080,70,29,10,71
8317590,100,48,-4,75
8318100,28,37,-4,79
8318610,80,44,7,72
8319120,8,64,-7,79
8319630,72,55,4,75
8320140,22,17,-7,82
8320650,41,28,-3,85
8321160,60,39,8,77
8321670,79,45,5,72
8322180,7,65,-12,84
8322690,71,56,13,71
8323200,21,63,-10,81
8323710,73,54,6,75
8324220,23,60,-5,80
8324730,75,51,4,76
8325240,25,57,-7,83
8325750,77,48,9,74
8326260,27,68,-5,79
8326770,79,59,1,78
8327280,29,21,-7,85
8327790,48,32,3,82
8328300,67,39,7,75
8328810,17,58,-2,77
8329320,81,49,0,77
8329830,9,69,-6,83
8330340,73,60,4,79
8330850,23,22,1,78
8331360,75,33,6,72
8331870,3,22,-11,83
8332380,67,28,6,77
8332890,68,38,2,75
8333400,98,57,-1,76
8333910,26,77,-5,81
8334420,78,68,3,78
8334930,28,30,-1,79
8335440,80,41,2,77
8335950,8,30,-1,78
8336460,7,36,-1,79
8336970,71,89,-1,80
8337480,21,25,6,74
8337990,73,32,2,72
8338500,1,42,-7,79
8339010,65,33,3,76
8339520,66,32,0,76
8340030,67,31,1,75
8340540,97,20,2,73
8341050,18,30,-11,84
8341560,70,37,10,74
8342070,92,36,-2,76
8342580,20,25,3,73
8343090,72,32,-4,77
8343600,0,21,1,76
8344110,64,27,4,72
8344620,94,37,-11,83
8345130,99,47,8,75
8345640,27,36,-7,82
8346150,79,43,10,72
8346660,101,32,-3,75
8347170,26,21,-5,80
8347680,45,32,2,78
8348190,64,39,3,75
8348700,94,9,-6,81
8349210,19,19,0,81
8349720,71,26,8,73
8350230,101,15,-3,76
8350740,22,25,-2,78
8351250,74,36,4,74
8351760,96,25,4,70
8352270,17,35,-13,83
8352780,69,42,7,76
8353290,17,41,-1,77
8353800,81,3,-6,83
8354310,31,22,2,81
8354820,50,33,3,78
8355330,69,40,-1,79
8355840,91,10,1,78
8356350,12,20,2,76
8356860,5,27,-3,79
8357370,69,33,7,72
8357880,91,32,-1,73
8358390,19,42,-4,77
8358900,83,33,3,74
8359410,11,22,-4,78
8359920,10,29,-1,79
8360430,9,93,3,76
8360940,17,84,-1,77
8361450,25,75,3,74
8361960,77,66,-9,83
8362470,27,92,-1,84
8362980,79,83,3,81
8363490,29,19,0,81
8364000,48,26,2,79
8364510,67,33,5,74
8365020,8,22,-5,79
8365530,72,29,3,76
8366040,94,28,3,73
8366550,19,17,-6,79
8367060,71,24,3,76
8367570,78,34,1,75
8368080,100,44,-6,81
8368590,25,33,-1,82
8369100,77,40,7,75
8369610,78,39,1,74
8370120,100,28,1,73
8370630,25,17,-10,83
8371140,44,24,2,81
8371650,63,26,9,72
8372160,4,36,-9,81
8372670,68,27,6,75
8373180,9,16,-1,76
8373690,73,67,-6,82
8374200,23,93,-2,84
8374710,87,84,2,82
8375220,37,20,2,80
8375730,56,27,1,79
8376240,75,26,2,77
8376750,82,15,3,74
8377260,3,25,-2,76
8377770,67,31,-2,78
8378280,68,30,6,72
8378790,90,29,-5,77
8379300,15,18,-3,80
8379810,8,25,4,76
8380320,72,31,3,73
8380830,79,20,0,73
8381340,4,30,3,70
8381850,68,21,1,69
8382360,75,10,-10,79
8382870,101,81,-3,82
8383380,4,47,6,76
8383890,68,38,0,76
8384400,69,8,2,74
8384910,95,79,-2,76
8385420,45,15,-4,80
8385930,64,54,-5,85
8386440,83,60,3,82
8386950,33,80,0,82
8387460,85,71,1,81
8387970,35,7,-1,82
8388480,36,26,-3,85
8388990,55,37,6,79
8389500,74,44,1,78
8390010,96,43,-4,82
8390520,21,32,3,79
8391030,73,96,-5,84
8391540,78,32,9,75
8392050,100,21,-1,76
8392560,21,31,-5,81
8393070,73,38,2,79
8393580,74,37,-1,80
8394090,75,7,-2,82
8394600,101,78,5,77
8395110,4,14,0,77
8395620,68,20,2,75
8396130,9,61,-3,78
8396640,73,52,6,72
8397150,78,72,-9,81
8397660,28,7,5,76
8398170,47,32,-7,83
8398680,66,43,3,80
8399190,67,13,5,75
8399700,74,23,1,74
8400210,81,64,-5,79
8400720,31,0,-6,85
8401230,88,19,9,76
8401740,9,29,-3,79
8402250,73,30,-2,81
8402760,74,19,6,75
8403270,81,29,-3,78
8403780,6,18,0,78
8404290,70,24,1,77
8404800,77,13,1,76
8405310,2,23,2,74
8405820,66,24,-1,75
8406330,73,34,0,75
8406840,95,23,-2,77
8407350,16,33,4,73
8407860,80,24,0,73
8408370,5,13,-4,77
8408880,69,19,-2,79
8409390,76,8,2,77
8409900,0,18,2,75
8410410,64,24,-1,76
8410920,71,34,0,76
8411430,78,33,1,75
8411940,100,22,-4,79
8412450,21,32,1,78
8412960,3,39,0,78
8413470,67,30,0,78
8413980,74,29,2,76
8414490,96,18,4,72
8415000,17,28,-9,81
8415510,69,92,-5,86
8416020,74,53,14,72
8416530,79,73,-13,85
8417040,29,8,0,85
8417550,48,19,5,80
8418060,49,38,0,80
8418570,68,45,5,75
8419080,75,15,0,75
8419590,0,25,-5,80
8420100,64,26,2,78
8420610,71,25,5,73
8421120,78,24,-5,78
8421630,3,13,-4,82
8422140,67,19,1,81
8422650,74,29,7,74
8423160,54,18,-5,79
8423670,61,28,6,73
8424180,68,17,-6,79
8424690,75,6,-1,80
8425200,101,16,10,70
8425710,22,26,-9,79
8426220,74,33,2,77
8426730,81,22,-2,79
8427240,6,32,1,78
8427750,70,23,9,69
8428260,77,12,-9,78
8428770,1,22,4,74
8429280,65,23,0,74
8429790,72,22,0,74
8430300,79,11,-4,78
8430810,3,21,-1,79
8431320,67,27,2,77
8431830,74,26,3,74
8432340,81,15,-1,75
8432850,6,25,-5,80
8433360,70,16,5,75
8433870,97,5,-7,82
8434380,79,15,2,80
8434890,4,25,4,76
8435400,68,31,2,74
8435910,75,20,4,70
8436420,82,9,-7,77
8436930,6,80,-3,80
8437440,87,71,3,77
8437950,37,91,-6,83
8438460,42,82,-4,87
8438970,94,73,13,74
8439480,99,93,-3,77
8439990,81,29,4,73
8440500,6,18,-1,74
8441010,70,24,0,74
8441520,77,85,-6,80
8442030,59,76,-4,84
8442540,79,67,4,80
8443050,29,29,-2,82
8443560,48,40,-2,84
8444070,67,51,2,82
8444580,8,13,10,72
8445090,72,19,-2,74
8445600,79,60,-6,80
8446110,29,22,-2,82
8446620,48,35,5,77
8447130,67,42,4,73
8447640,74,12,-6,79
8448150,101,22,-1,80
8448660,35,32,-1,81
8449170,54,43,-2,83
8449680,73,50,9,74
8450190,23,70,-6,80
8450700,87,61,4,76
8451210,7,23,1,75
8451720,71,22,-2,77
8452230,78,11,-2,79
8452740,2,21,7,72
8453250,66,27,-7,79
8453760,73,26,2,77
8454270,80,15,0,77
8454780,5,25,0,77
8455290,69,31,-1,78
8455800,76,20,3,75
8456310,1,9,-4,79
8456820,65,62,0,79
8457330,15,99,-3,82
8457840,23,90,-3,85
8458350,87,81,3,82
8458860,69,69,0,82
8459370,19,53,3,79
8459880,71,44,-1,80
8460390,78,43,2,78
8460900,85,42,5,73
8461410,92,31,2,71
8461920,99,20,-1,72
8462430,20,30,-7,79
8462940,2,94,0,79
8463450,83,36,3,76
8463960,90,25,-7,83
8464470,15,35,8,75
8464980,79,99,-7,82
8465490,61,35,3,79
8466000,68,5,-3,82
8466510,94,15,7,75
8467020,70,25,1,74
8467530,77,24,1,73
8468040,2,23,-5,78
8468550,66,29,-2,80
8469060,73,28,3,77
8469570,80,17,3,74
8470080,5,27,-8,82
8470590,69,33,6,76
8471100,76,32,8,68
8471610,83,31,-7,75
8472120,90,20,2,73
8472630,15,30,-6,79
8473140,67,94,-4,83
8473650,72,85,-2,85
8474160,54,76,2,83
8474670,4,67,1,82
8475180,68,58,-3,85
8475690,18,20,7,78
8476200,0,27,-2,80
8476710,64,91,-4,84
8477220,14,82,-1,85
8477730,78,73,2,83
8478240,28,35,-2,85
8478750,76,42,11,74
8479260,83,41,-3,77
8479770,90,40,3,74
8480280,18,29,-4,78
8480790,0,36,3,75
8481300,64,27,-5,80
8481810,71,26,11,69
8482320,78,25,-8,77
8482830,85,14,2,75
8483340,61,24,-1,76
8483850,68,23,0,76
8484360,75,22,-1,77
8484870,82,21,3,74
8485380,89,31,-2,76
8485890,96,30,0,76
8486400,21,29,-1,77
8486910,3,36,2,75
8487420,67,69,-7,82
8487930,49,4,-3,85
8488440,4,14,4,81
8488950,68,20,8,73
8489460,75,19,1,72
8489970,0,18,-4,76
8490480,81,24,2,74
8490990,88,23,-5,79
8491500,95,33,5,74
8492010,20,22,-9,83
8492520,72,29,4,79
8493030,79,28,6,73
8493540,86,17,-3,76
8494050,11,27,0,76
8494560,10,34,-7,83
8495070,74,98,2,81
8495580,56,34,-4,85
8496090,75,41,1,84
8496600,82,40,9,75
8497110,89,39,-8,83
8497620,14,28,10,73
8498130,98,92,-7,80
8498640,6,20,1,79
8499150,70,26,6,73
8499660,77,25,-4,77
8500170,84,24,4,73
8500680,9,23,-3,76
8501190,73,87,-10,86
8501700,55,23,12,74
8502210,62,22,-6,80
8502720,3,21,3,77
8503230,67,27,0,77
8503740,74,26,1,76
8504250,81,25,5,71
8504760,6,24,-5,76
8505270,70,30,5,71
8505780,77,29,-1,72
8506290,84,18,-13,85
8506800,9,28,7,78
8507310,73,92,-5,83
8507820,55,83,0,83
8508330,5,74,2,81
8508840,69,65,-4,85
8509350,19,76,5,80
8509860,83,67,4,76
8510370,33,32,-8,84
8510880,52,43,4,80
8511390,71,54,1,79
8511900,78,61,4,75
8512410,85,23,2,73
8512920,92,33,-2,75
8513430,17,32,-1,76
8513940,101,39,-4,80
8514450,26,38,-4,84
8514960,8,49,-1,85
8515470,72,40,5,80
8515980,79,10,-1,81
8516490,3,20,5,76
8517000,67,26,1,75
8517510,74,24,0,75
8518020,81,23,-3,78
8518530,88,22,3,75
8519040,13,32,0,75
8519550,18,96,-5,80
8520060,26,87,-1,81
8520570,31,78,2,79
8521080,83,69,2,77
8521590,65,31,-1,78
8522100,72,30,8,70
8522610,79,29,-2,72
8523120,86,28,-3,75
8523630,93,27,2,73
8524140,100,26,-4,77
8524650,25,36,0,77
8525160,7,47,-1,78
8525670,71,38,1,77
8526180,78,37,2,75
8526690,85,36,-1,76
8527200,13,35,-9,85
8527710,65,99,1,84
8528220,15,90,3,81
8528730,23,81,3,78
8529240,28,72,0,78
8529750,80,63,5,73
8530260,30,89,-6,79
8530770,35,80,-3,82
8531280,87,71,3,79
8531790,69,97,-7,86
8532300,19,88,12,74
8532810,24,79,-6,80
8533320,76,70,3,77
8533830,58,81,-9,86
8534340,8,72,3,83
8534850,72,63,4,79
8535360,22,25,-2,81
8535870,4,36,-4,85
8536380,68,69,2,83
8536890,18,31,2,81
8537400,23,38,2,79
8537910,5,0,-4,83
8538420,100,49,10,73
8538930,28,48,-12,85
8539440,80,10,6,79
8539950,5,81,0,79
8540460,86,30,3,76
8540970,11,29,-4,80
8541480,75,36,0,80
8541990,82,35,9,71
8542500,10,34,-9,80
8543010,74,25,10,70
8543520,81,24,-5,75
8544030,6,23,0,75
8544540,70,56,-10,85
8545050,20,63,5,80
8545560,84,54,8,72
8546070,91,74,-2,74
8546580,73,100,-1,75
8547090,55,91,-7,82
8547600,5,82,2,80
8548110,86,73,3,77
8548620,36,35,-8,85
8549130,55,46,3,82
8549640,74,57,3,79
8550150,24,64,-3,82
8550660,76,55,2,80
8551170,83,17,4,76
8551680,8,27,0,76
8552190,72,91,-8,84
8552700,54,82,0,84
8553210,4,73,1,83
8553720,68,64,-1,84
8554230,18,75,11,73
8554740,23,66,-8,81
8555250,75,57,4,77
8555760,25,19,-7,84
8556270,7,44,8,76
8556780,71,35,2,74
8557290,78,34,-2,76
8557800,6,33,2,74
8558310,70,66,-4,78
8558820,20,77,0,78
8559330,84,68,-1,79
8559840,66,30,3,76
8560350,73,29,1,75
8560860,80,28,1,74
8561370,5,27,-1,75
8561880,69,60,-6,81
8562390,19,22,0,81
8562900,1,29,7,74
8563410,65,62,-9,83
8563920,15,73,0,83
8564430,79,64,5,78
8564940,29,26,-1,79
8565450,48,37,-4,83
8565960,67,48,7,76
8566470,74,55,-5,81
8566980,24,17,-6,87
8567490,76,24,14,73
8568000,1,23,-4,77
8568510,65,29,3,74
8569020,92,28,4,70
8569530,17,27,-11,81
8570040,101,34,6,75
8570550,26,33,-4,79
8571060,8,44,4,75
8571570,72,35,-1,76
8572080,99,38,3,73
8572590,24,37,-5,78
8573100,6,101,-8,86
8573610,87,50,6,80
8574120,15,53,1,79
8574630,79,44,5,74
8575140,4,47,-1,75
8575650,68,38,-1,76
8576160,95,41,5,71
8576670,20,40,-13,84
8577180,72,2,-1,85
8577690,98,21,9,76
8578200,23,31,-4,80
8578710,5,38,4,76
8579220,69,29,-2,78
8579730,96,28,-1,79
8580240,21,27,-4,83
8580750,3,34,2,81
8581260,67,25,5,76
8581770,94,24,-1,77
8582280,19,34,0,77
8582790,1,98,-7,84
8583300,82,62,7,77
8583810,32,24,-6,83
8584320,51,35,1,82
8584830,70,42,6,76
8585340,97,45,0,76
8585850,22,44,-5,81
8586360,74,6,3,78
8586870,101,77,-2,80
8587380,83,39,6,74
8587890,8,42,-4,78
8588400,72,33,3,75
8588910,8,32,-7,82
8589420,72,31,8,74
8589930,99,30,-5,79
8590440,24,29,-4,83
8590950,6,36,5,78
8591460,70,27,3,75
8591970,97,26,0,75
8592480,22,25,-23,98
8592990,82,78,14,84
8593500,32,6,6,78
8594010,51,31,-9,87
8594520,66,95,5,82
8595030,16,86,-2,84
8595540,68,77,-3,87
8596050,18,48,12,75
8596560,82,39,0,75
8597070,7,42,-9,84
8597580,83,33,12,72
8598090,8,32,-7,79
8598600,72,23,2,77
8599110,99,22,-2,79
8599620,24,32,2,77
8600130,6,96,-1,78
8600640,87,60,1,77
8601150,37,63,0,77
8601660,89,54,4,73
8602170,14,74,-6,79
8602680,0,65,2,77
8603190,81,56,4,73
8603700,31,18,-13,86
8604210,50,25,8,78
8604720,65,28,0,78
8605230,92,31,2,76
8605740,17,30,-3,79
8606250,101,37,1,78
8606760,26,36,-1,79
8607270,78,43,4,75
8607780,3,46,1,74
8608290,67,37,-4,78
8608800,94,40,3,75
8609310,19,39,-12,87
8609820,71,1,8,79
8610330,47,20,-2,81
8610840,90,27,2,79
8611350,15,26,6,73
8611860,99,90,-7,80
8612370,81,52,0,80
8612880,1,14,-2,82
8613390,65,20,9,73
8613900,92,19,-3,76
8614410,17,29,-1,77
8614920,101,36,6,71
8615430,26,35,-5,76
8615940,8,99,-11,87
8616450,89,63,9,78
8616960,9,25,-4,82
8617470,73,89,-3,85
8617980,23,80,15,70
8618490,28,71,-9,79
8619000,80,62,1,78
8619510,30,24,-5,83
8620020,2,31,6,77
8620530,66,37,0,77
8621040,93,40,5,72
8621550,18,39,-6,78
8622060,23,1,-4,82
8622570,80,50,7,75
8623080,0,53,0,75
8623590,81,44,-2,77
8624100,6,47,2,75
8624610,70,38,-3,78
8625120,97,41,0,78
8625630,22,40,-5,83
8626140,74,2,6,77
8626650,101,73,0,77
8627160,83,35,5,72
8627670,8,34,-4,76
8628180,72,25,0,76
8628690,99,24,2,74
8629200,24,23,-4,78
8629710,6,34,0,78
8630220,70,25,4,74
8630730,97,24,-2,76
8631240,22,23,-7,83
8631750,4,30,1,82
8632260,68,21,0,82
8632770,95,20,12,70
8633280,20,19,-7,77
8633790,2,26,-2,79
8634300,66,59,-11,90
8634810,28,21,9,81
8635320,47,32,-2,83
8635830,66,43,6,77
8636340,96,5,-1,78
8636850,78,76,-7,85
8637360,28,38,2,83
8637870,80,45,9,74
8638380,0,48,4,70
8638890,81,39,-8,78
8639400,6,42,-6,84
8639910,70,33,10,74
8640420,97,36,-6,80
8640930,22,35,1,79
8641440,74,99,0,79
8641950,56,90,-4,83
8642460,6,81,5,78
8642970,87,72,4,74
8643480,69,34,-3,77
8643990,96,37,-4,81
8644500,21,36,10,71
8645010,3,43,-11,82
8645520,67,34,9,73
8646030,94,37,-6,79
8646540,19,36,3,76
8647050,71,35,-1,77
8647560,101,38,-4,81
8648070,26,37,4,77
8648580,8,44,-6,83
8649090,72,35,6,77
8649600,0,38,7,70
8650110,17,29,-10,80
8650620,101,36,2,78
8651130,29,35,-6,84
8651640,11,42,5,79
8652150,75,33,6,73
8652660,3,32,-3,76
8653170,67,23,4,72
8653680,94,22,-5,77
8654190,19,21,1,76
8654700,1,28,11,65
8655210,65,19,-12,77
8655720,92,18,5,72
8656230,17,28,-9,81
8656740,101,92,2,79
8657250,83,20,9,70
8657760,8,19,-7,77
8658270,1,25,-2,79
8658780,65,31,2,77
8659290,92,30,-4,81
8659800,17,29,0,81
8660310,101,93,6,75
8660820,83,21,1,74
8661330,8,20,-9,83
8661840,72,26,6,77
8662350,0,25,-5,82
8662860,64,31,8,74
8663370,91,34,-5,79
8663880,16,33,1,78
8664390,68,39,4,74
8664900,98,42,1,73
8665410,23,41,-6,79
8665920,75,40,1,78
8666430,3,43,3,75
8666940,67,34,4,71
8667450,97,37,-12,83
8667960,25,36,4,79
8668470,7,43,3,76
8668980,71,34,-3,79
8669490,101,37,-2,81
8670000,26,36,4,77
8670510,8,43,-4,81
8671020,72,34,2,79
8671530,0,37,8,71
8672040,64,28,-7,78
8672550,94,27,5,73
8673060,19,26,-6,79
8673570,1,33,4,75
8674080,65,24,-4,79
8674590,92,23,-1,80
8675100,17,22,-1,81
8675610,101,29,4,77
8676120,26,28,-6,83
8676630,8,35,10,73
8677140,72,26,-2,75
8677650,0,25,2,73
8678160,0,58,-2,75
8678670,64,49,-5,80
8679180,94,11,1,79
8679690,18,82,2,77
8680200,99,73,-4,81
8680710,19,19,1,80
8681220,1,26,12,68
8681730,65,17,-9,77
8682240,92,16,3,74
8682750,16,26,-8,82
8683260,100,33,2,80
8683770,28,32,3,77
8684280,10,43,1,76
8684790,74,34,1,75
8685300,2,33,6,69
8685810,66,24,-3,72
8686320,93,23,-4,76
8686830,18,22,-4,80
8687340,0,29,8,72
8687850,64,20,2,70
8688360,91,19,1,69
8688870,15,18,-12,81
8689380,99,71,2,79
8689890,19,17,1,78
8690400,38,24,-3,81
8690910,57,35,10,71
8691420,87,38,1,70
8691930,15,37,-14,84
8692440,92,36,7,77
8692950,20,35,1,76
8693460,2,99,5,71
8693970,83,90,-11,82
8694480,65,89,3,79
8694990,15,80,-1,80
8695500,96,71,6,74
8696010,16,33,-3,77
8696520,21,40,-9,86
8697030,73,39,13,73
8697540,95,42,-6,79
8698050,23,41,2,77
8698560,75,40,4,73
8699070,97,43,-5,78
8699580,25,42,1,77
8700090,77,49,-1,78
8700600,99,48,8,70
8701110,27,47,-6,76
8701620,79,38,-4,80
8702130,7,41,1,79
8702640,71,32,5,74
8703150,101,31,2,72
8703660,26,30,0,72
8704170,8,41,-11,83
8704680,72,74,3,80
8705190,54,73,-3,83
8705700,4,64,-2,85
8706210,68,55,4,81
8706720,98,17,4,77
8707230,22,27,1,76
8707740,4,34,-5,81
8708250,68,67,2,79
8708760,18,78,-1,80
8709270,82,69,3,77
8709780,32,78,-6,83
8710290,51,69,-1,84
8710800,1,68,0,84
8711310,82,59,11,73
8711820,2,5,-5,78
8712330,97,54,7,71
8712840,17,53,-14,85
8713350,81,44,14,71
8713860,1,43,-2,73
8714370,82,34,-2,75
8714880,10,33,-2,77
8715390,74,24,0,77
8715900,2,23,-6,83
8716410,66,56,1,82
8716920,85,18,5,77
8717430,9,28,-1,78
8717940,85,19,12,66
8718450,9,18,-16,82
8718960,36,25,-2,84
8719470,55,32,4,80
8719980,85,39,8,72
8720490,13,38,-7,79
8721000,77,29,6,73
8721510,5,28,-4,77
8722020,69,19,-2,79
8722530,96,18,1,78
8723040,20,28,1,77
8723550,2,39,-7,84
8724060,66,30,2,82
8724570,96,33,3,79
8725080,24,32,6,73
8725590,6,39,-10,83
8726100,70,72,-1,84
8726610,20,71,9,75
8727120,72,62,-5,80
8727630,86,73,4,76
8728140,36,82,-5,81
8728650,88,73,0,81
8729160,38,82,-8,89
8729670,57,73,6,83
8730180,7,64,4,79
8730690,71,55,-3,82
8731200,101,62,7,75
8731710,38,61,-5,80
8732220,90,52,3,77
8732730,10,51,2,75
8733240,74,42,1,74
8733750,96,41,1,73
8734260,21,40,-7,80
8734770,73,39,0,80
8735280,95,48,5,75
8735790,15,47,-8,83
8736300,79,38,3,80
8736810,101,47,1,79
8737320,26,46,1,78
8737830,78,37,3,75
8738340,100,36,-3,78
8738850,25,35,-2,80
8739360,7,46,-2,82
8739870,71,37,12,70
8740380,93,40,-5,75
8740890,21,39,-6,81
8741400,73,38,5,76
8741910,95,37,-5,81
8742420,20,36,-3,84
8742930,72,43,6,78
8743440,94,42,-2,80
8743950,14,41,-3,83
8744460,78,40,4,79
8744970,100,49,1,78
8745480,20,96,-1,79
8745990,101,87,-3,82
8746500,83,96,-3,85
8747010,65,32,7,78
8747520,95,35,7,71
8748030,20,34,-11,82
8748540,2,98,2,80
8749050,83,62,-6,86
8749560,3,71,12,74
8750070,84,97,-6,80
8750580,66,33,5,75
8751090,93,32,0,75
8751600,18,31,-4,79
8752110,70,30,2,77
8752620,100,29,3,74
8753130,25,28,-5,79
8753640,7,39,-2,81
8754150,71,72,-10,91
8754660,53,83,9,82
8755170,3,74,1,81
8755680,84,65,2,79
8756190,4,72,-1,80
8756700,85,63,3,77
8757210,5,72,0,77
8757720,86,63,2,75
8758230,6,72,-5,80
8758740,87,63,5,75
8759250,7,72,-1,76
8759760,88,63,1,75
8760270,8,9,-5,80
8760780,1,62,6,74
8761290,82,53,-6,80
8761800,2,52,2,78
8762310,83,43,6,72
8762820,3,42,-12,84
8763330,67,33,8,76
8763840,97,36,-7,83
8764350,25,35,2,81
8764860,7,46,0,81
8765370,71,37,1,80
8765880,93,40,7,73
8766390,21,39,-11,84
8766900,73,38,5,79
8767410,95,41,5,74
8767920,23,40,-9,83
8768430,75,47,4,79
8768940,97,46,2,77
8769450,17,45,-4,81
8769960,69,36,5,76
8770470,91,35,-2,78
8770980,19,34,0,78
8771490,1,45,-2,80
8772000,82,36,4,76
8772510,10,35,-4,80
8773020,74,26,4,76
8773530,2,25,-1,77
8774040,66,31,5,72
8774550,96,22,-8,80
8775060,20,32,3,77
8775570,72,43,3,74
8776080,94,42,-6,80
8776590,50,41,-4,84
8777100,69,52,6,78
8777610,99,59,4,74
8778120,19,58,-9,83
8778630,22,49,4,79
8779140,74,40,5,74
8779650,2,39,-7,81
8780160,66,30,0,81
8780670,96,29,3,78
8781180,21,28,0,78
8781690,51,39,1,77
8782200,70,50,0,77
8782710,100,12,-1,78
8783220,82,22,4,74
8783730,7,21,-3,77
8784240,71,27,0,77
8784750,101,26,-3,80
8785260,25,25,1,79
8785770,7,36,1,78
8786280,71,27,0,78
8786790,101,26,8,70
8787300,25,25,-15,85
8787810,44,36,-1,86
8788320,63,47,9,77
8788830,93,58,3,74
8789340,13,57,-11,85
8789850,77,48,6,79
8790360,99,47,6,73
8790870,27,46,-11,84
8791380,9,57,2,82
8791890,73,48,5,77
8792400,1,47,3,74
8792910,65,38,-7,81
8793420,95,8,7,74
8793930,19,18,-4,78
8794440,89,25,-1,79
8794950,17,24,5,74
8795460,101,31,5,69
8795970,29,30,-12,81
8796480,48,41,-8,89
8796990,67,52,4,85
8797500,97,63,7,78
8798010,17,72,1,77
8798520,81,63,4,73
8799030,1,43,-6,79
8799540,65,34,4,75
8800050,95,33,-1,76
8800560,23,27,-8,84
8801070,5,38,9,75
8801580,69,29,-4,79
8802090,99,28,0,79
8802600,27,27,-3,82
8803110,46,38,5,77
8803620,65,49,8,69
8804130,95,56,-7,76
8804640,15,55,-5,81
8805150,79,46,6,75
8805660,101,16,2,73
8806170,25,26,-1,74
8806680,7,37,-7,81
8807190,71,28,5,76
8807700,101,27,2,74
8808210,29,37,-7,81
8808720,48,48,-3,84
8809230,67,59,5,79
8809740,86,70,-3,82
8810250,14,81,6,76
8810760,95,72,-1,77
8811270,15,36,-4,81
8811780,51,35,-4,85
8812290,70,46,10,75
8812800,100,57,3,72
8813310,20,46,-3,75
8813820,2,37,-2,77
8814330,66,70,-7,84
8814840,85,81,3,81
8815350,67,92,-1,82
8815860,49,83,1,81
8816370,101,74,-2,83
8816880,21,20,7,76
8817390,50,31,-4,80
8817900,69,42,4,76
8818410,99,12,4,72
8818920,81,22,-7,79
8819430,9,21,9,70
8819940,2,27,-5,75
8820450,66,33,-1,76
8820960,96,32,4,72
8821470,24,31,-9,81
8821980,6,42,4,77
8822490,70,33,-2,79
8823000,100,32,13,66
8823510,28,31,-15,81
8824020,47,42,-4,85
8824530,66,53,7,78
8825040,96,64,6,72
8825550,16,10,-4,76
8826060,100,59,3,73
8826570,28,58,-8,81
8827080,89,49,2,79
8827590,17,48,-6,85
8828100,81,39,10,75
8828610,9,38,-6,81
8829120,73,29,9,72
8829630,1,15,-14,86
8830140,65,21,11,75
8830650,95,20,2,73
8831160,23,52,-7,80
8831670,42,43,-5,85
8832180,85,54,13,72
8832690,5,60,0,72
8833200,69,51,-9,81
8833710,99,62,4,77
8834220,19,8,-3,80
8834730,20,57,4,76
8835240,84,93,-10,86
8835750,66,29,12,74
8836260,96,28,-1,75
8836770,17,27,-4,79
8837280,101,38,-2,81
8837790,29,37,2,79
8838300,48,48,-2,81
8838810,67,59,-1,82
8839320,37,70,-4,86
8839830,56,61,13,73
8840340,6,72,-10,83
8840850,70,63,-1,84
8841360,89,74,8,76
8841870,8,20,1,75
8842380,1,26,0,75
8842890,65,32,-3,78
8843400,95,31,6,72
8843910,23,30,-12,84
8844420,5,41,8,76
8844930,69,32,1,75
8845440,99,31,-5,80
8845950,27,30,-4,84
8846460,46,41,1,83
8846970,65,52,4,79
8847480,84,63,6,73
8847990,12,9,-1,74
8848500,96,62,1,73
8849010,16,8,-8,81
8849520,35,57,-4,85
8850030,87,48,11,74
8850540,7,47,-3,77
8851050,71,38,-3,80
8851560,93,8,4,76
8852070,75,18,1,75
8852580,3,28,4,71
8853090,67,19,-10,81
8853600,68,18,4,77
8854110,98,17,-2,79
8854620,72,27,7,72
8855130,0,26,-5,77
8855640,64,27,1,76
8856150,94,26,2,74
8856660,22,25,-4,78
8857170,4,36,-1,79
8857680,68,37,0,79
8858190,98,36,0,79
8858700,26,35,-1,80
8859210,8,46,-2,82
8859720,72,37,7,75
8860230,94,36,-9,84
8860740,22,35,12,72
8861250,4,46,-2,74
8861760,68,37,-2,76
8862270,90,7,-1,77
8862780,72,17,-3,80
8863290,0,16,5,75
8863800,81,22,-1,76
8864310,9,21,-3,79
8864820,73,27,3,76
8865330,1,26,3,73
8865840,65,27,-5,78
8866350,95,26,0,78
8866860,23,25,2,76
8867370,5,36,-3,79
8867880,69,27,3,76
8868390,99,26,-2,78
8868900,27,36,2,76
8869410,46,47,-8,84
8869920,65,58,4,80
8870430,84,69,3,77
8870940,1,15,2,75
8871450,65,21,-1,76
8871960,95,20,5,71
8872470,23,30,-16,87
8872980,57,41,10,77
8873490,76,52,0,77
8874000,98,100,-8,85
8874510,80,28,15,70
8875020,8,27,-6,76
8875530,72,33,2,74
8876040,94,32,-2,76
8876550,22,31,-4,80
8877060,4,42,4,76
8877570,68,43,-1,77
8878080,90,42,6,71
8878590,10,41,-5,76
8879100,74,32,6,70
8879610,96,31,-8,78
8880120,24,30,-3,81
8880630,6,41,6,75
8881140,70,32,-5,80
8881650,100,31,8,72
8882160,28,30,-11,83
8882670,62,41,4,79
8883180,92,11,3,76
8883690,66,21,2,74
8884200,96,20,-2,76
8884710,24,19,-8,84
8885220,43,30,7,77
8885730,62,41,2,75
8886240,92,21,-8,83
8886750,20,31,11,72
8887260,2,95,-4,76
8887770,83,45,-2,78
8888280,3,44,3,75
8888790,67,35,4,71
8889300,89,34,-1,72
8889810,17,33,-9,81
8890320,69,97,0,81
8890830,51,88,-6,87
8891340,60,79,5,82
8891850,10,70,2,80
8892360,74,61,-1,81
8892870,96,41,4,77
8893380,16,40,-6,83
8893890,80,2,0,83
8894400,54,73,-2,85
8894910,4,64,1,84
8895420,68,55,4,80
8895930,89,35,6,74
8896440,17,34,0,74
8896950,101,41,-6,80
8897460,29,40,4,76
8897970,81,51,-2,78
8898480,1,50,1,77
8898990,65,41,1,76
8899500,87,11,-5,81
8900010,61,82,-5,86
8900520,11,73,5,81
8901030,75,64,6,75
8901540,96,44,2,73
8902050,16,43,-3,76
8902560,20,34,3,73
8903070,2,98,-5,78
8903580,83,48,6,72
8904090,3,47,-2,74
8904600,67,38,-6,80
8905110,89,37,0,80
8905620,9,36,0,80
8906130,73,100,-2,82
8906640,55,91,-3,85
8907150,5,82,-2,87
8907660,69,32,11,76
8908170,30,31,-8,84
8908680,49,42,4,80
8909190,68,53,-1,81
8909700,89,33,9,72
8910210,17,32,-4,76
8910720,101,31,3,73
8911230,29,30,-6,79
8911740,48,41,-5,84
8912250,67,52,2,82
8912760,86,32,8,74
8913270,14,31,-1,75
8913780,78,30,-2,77
8914290,6,29,0,77
8914800,70,93,1,76
8915310,52,84,-7,83
8915820,2,75,5,78
8916330,83,25,4,74
8916840,11,24,-10,84
8917350,75,30,16,68
8917860,3,29,-8,76
8918370,67,93,-9,85
8918880,17,84,-1,86
8919390,81,75,7,79
8919900,63,3,-4,83
8920410,97,74,6,77
8920920,17,20,-1,78
8921430,101,27,5,73
8921940,29,26,-5,78
8922450,48,37,2,76
8922960,69,48,-1,77
8923470,99,28,-2,79
8923980,27,27,-1,80
8924490,46,38,-9,89
8925000,65,49,11,78
8925510,95,29,-1,79
8926020,23,28,-3,82
8926530,5,39,7,75
8927040,69,30,-3,78
8927550,99,29,2,76
8928060,27,28,-2,78
8928570,46,39,-6,84
8929080,65,50,4,80
8929590,84,30,8,72
8930100,12,29,-8,80
8930610,76,36,9,71
8931120,4,35,-4,75
8931630,68,41,-3,78
8932140,90,11,3,75
8932650,64,82,-6,81
8933160,46,81,0,81
8933670,98,72,4,77
8934180,18,18,-1,78
8934690,0,71,2,76
8935200,81,21,-2,78
8935710,9,20,1,77
8936220,73,26,-8,85
8936730,1,25,14,71
8937240,65,31,-5,76
8937750,95,30,-1,77
8938260,23,29,2,75
8938770,5,40,-11,86
8939280,69,31,8,78
8939790,99,30,4,74
8940300,27,29,-1,75
8940810,46,40,-8,83
8941320,65,51,5,78
8941830,79,31,-3,81
8942340,7,30,6,75
8942850,71,36,0,75
8943360,101,35,0,75
8943870,29,34,-8,83
8944380,63,45,6,77
8944890,77,25,3,74
8945400,5,24,0,74
8945910,69,30,-5,79
8946420,99,10,2,77
8946930,81,81,-8,85
8947440,63,9,7,78
8947950,97,80,3,75
8948460,79,26,0,75
8948970,7,25,0,75
8949480,71,31,-1,76
8949990,101,30,-5,81
8950500,29,29,-1,82
8951010,48,40,2,80
8951520,67,51,2,78
8952030,97,81,-2,80
8952540,79,27,6,74
8953050,7,26,-3,77
8953560,71,32,3,74
8954070,101,31,-2,76
8954580,29,30,-3,79
8955090,48,41,-7,86
8955600,67,52,6,80
8956110,97,82,7,73
8956620,79,28,0,73
8957130,7,27,-5,78
8957640,59,91,-8,86
8958150,9,82,-1,87
8958660,73,32,12,75
8959170,1,31,-3,78
8959680,65,32,0,78
8960190,95,31,8,70
8960700,23,30,-7,77
8961210,5,41,1,76
8961720,69,32,4,72
8962230,99,31,-5,77
8962740,17,30,-3,80
8963250,69,36,2,78
8963760,99,35,1,77
8964270,27,34,-6,83
8964780,46,45,-1,84
8965290,65,56,2,82
8965800,84,67,6,76
8966310,3,13,0,76
8966820,67,19,-6,82
8967330,97,18,5,77
8967840,71,89,-5,82
8968350,53,17,7,75
8968860,83,16,0,75
8969370,57,26,2,73
8969880,87,25,-4,77
8970390,15,24,2,75
8970900,99,31,7,68
8971410,27,30,-11,79
8971920,46,41,-1,80
8972430,65,52,4,76
8972940,84,63,-1,77
8973450,3,9,1,76
8973960,98,58,0,76
8974470,26,78,-3,79
8974980,29,69,-3,82
8975490,81,60,7,75
8976000,9,6,-4,79
8976510,93,55,1,78
8977020,13,75,0,78
8977530,77,66,-3,81
8978040,91,77,5,76
8978550,73,23,4,72
8979060,1,22,-2,74
8979570,65,28,3,71
8980080,95,27,-6,77
8980590,23,26,-3,80
8981100,101,37,5,75
8981610,29,36,-5,80
8982120,81,47,8,72
8982630,1,67,-1,73
8983140,65,17,-4,77
8983650,95,16,-1,78
8984160,69,87,-12,90
8984670,19,15,11,79
8985180,1,68,2,77
8985690,82,18,3,74
8986200,10,89,-4,78
8986710,91,80,-5,83
8987220,10,8,5,78
8987730,94,57,3,75
8988240,14,77,2,73
8988750,18,68,-7,80
8989260,82,59,5,75
8989770,10,5,-4,79
8990280,94,54,4,75
8990790,14,74,-2,77
8991300,18,65,-5,82
8991810,82,56,4,78
8992320,2,2,0,78
8992830,97,51,2,76
8993340,17,71,-7,83
8993850,21,62,1,82
8994360,24,53,2,80
8994870,43,54,-3,83
8995380,95,65,10,73
8995890,15,11,-3,76
8996400,99,64,4,72
8996910,19,84,-7,79
8997420,23,75,0,79
8997930,26,66,1,78
8998440,78,57,-1,79
8998950,6,3,-1,80
8999460,101,52,5,75
8999970,21,72,-4,79
9000480,73,63,2,77
9000990,87,74,-2,79
9001500,101,20,9,70
9002010,22,19,-8,78
9002520,41,30,-3,81
9003030,60,41,5,76
9003540,90,52,6,70
9004050,10,72,-4,74
9004560,74,63,-8,82
9005070,2,74,4,78
9005580,83,24,4,74
9006090,11,23,-3,77
9006600,63,30,4,73
9007110,64,26,-5,78
9007620,94,22,6,72
9008130,68,21,2,70
9008640,98,20,-10,80
9009150,19,91,5,75
9009660,19,41,-6,81
9010170,71,3,1,80
9010680,45,74,-4,84
9011190,97,65,5,79
9011700,17,11,-2,81
9012210,36,64,1,80
9012720,88,55,4,76
9013230,8,75,-5,81
9013740,89,66,3,78
9014250,9,40,-2,80
9014760,73,2,3,77
9015270,47,32,-2,79
9015780,66,43,-1,80
9016290,96,5,9,71
9016800,78,35,-8,79
9017310,79,34,8,71
9017820,7,33,-5,76
9018330,71,97,-4,80
9018840,53,88,-2,82
9019350,78,79,0,82
9019860,28,90,5,77
9020370,31,81,-3,80
9020880,34,72,-2,82
9021390,53,63,-3,85
9021900,67,74,-1,86
9022410,17,85,4,82
9022920,69,76,-6,88
9023430,19,87,4,84
9023940,20,78,5,79
9024450,72,69,0,79
9024960,86,80,0,79
9025470,36,91,-2,81
9025980,39,82,0,81
9026490,58,73,-3,84
9027000,8,72,1,83
9027510,72,63,10,73
9028020,86,25,-1,74
9028530,14,24,-7,81
9029040,66,31,9,72
9029550,96,30,-2,74
9030060,24,29,0,74
9030570,6,40,-3,77
9031080,70,2,3,74
9031590,44,73,-14,88
9032100,96,64,13,75
9032610,16,10,-9,84
9033120,100,59,5,79
9033630,20,79,1,78
9034140,72,70,-9,87
9034650,22,81,9,78
9035160,74,84,-7,85
9035670,24,12,6,79
9036180,6,23,3,76
9036690,58,29,-3,79
9037200,59,61,2,77
9037710,9,72,0,77
9038220,90,63,-4,81
9038730,10,9,-2,83
9039240,11,58,9,74
9039750,75,49,-1,75
9040260,97,69,-2,77
9040770,17,15,-1,78
9041280,101,64,-1,79
9041790,21,84,3,76
9042300,73,75,-7,83
9042810,23,74,8,75
9043320,75,65,-4,79
9043830,89,27,5,74
9044340,63,26,2,72
9044850,64,25,-4,76
9045360,65,24,3,73
9045870,95,23,-3,76
9046380,69,22,0,76
9046890,70,21,4,72
9047400,71,20,-2,74
9047910,101,19,5,69
9048420,75,18,-9,78
9048930,76,48,8,70
9049440,98,68,-1,71
9049950,18,14,-5,76
9050460,0,63,1,75
9050970,81,27,0,75
9051480,9,26,-3,78
9051990,73,90,-4,82
9052500,55,18,7,75
9053010,56,17,-2,77
9053520,57,16,1,76
9054030,58,15,6,70
9054540,59,14,-7,77
9055050,60,13,-4,81
9055560,61,84,1,80
9056070,11,75,4,76
9056580,92,66,2,74
9057090,12,12,-7,81
9057600,96,61,8,73
9058110,16,81,-8,81
9058620,13,72,-3,84
9059130,13,63,6,78
9059640,101,54,3,75
9060150,21,74,-1,76
9060660,73,65,-6,82
9061170,87,27,7,75
9061680,15,26,-3,78
9062190,99,32,2,76
9062700,73,31,7,69
9063210,95,30,-11,80
9063720,23,29,-2,82
9064230,5,40,-1,83
9064740,69,4,-2,85
9065250,43,23,3,82
9065760,62,34,7,75
9066270,63,33,2,73
9066780,64,32,-5,78
9067290,65,31,-1,79
9067800,66,8,4,75
9068310,67,79,-6,81
9068820,17,7,4,77
9069330,101,56,3,74
9069840,21,76,-6,80
9070350,73,67,-2,82
9070860,87,29,6,76
9071370,15,28,1,75
9071880,99,34,4,71
9072390,27,33,-10,81
9072900,9,44,3,78
9073410,73,35,3,75
9073920,95,34,2,73
9074430,23,33,-9,82
9074940,75,44,5,77
9075450,97,64,4,73
9075960,17,84,-6,79
9076470,69,75,-6,85
9076980,19,86,3,82
9077490,71,77,5,77
9078000,21,5,-5,82
9078510,22,54,7,75
9079020,74,45,-5,80
9079530,96,65,3,77
9080040,16,85,-4,81
9080550,24,76,2,79
9081060,76,67,-4,83
9081570,26,78,2,81
9082080,78,69,5,76
9082590,28,31,-4,80
9083100,80,42,4,76
9083610,0,62,5,71
9084120,81,53,-6,77
9084630,1,73,-1,78
9085140,82,37,6,72
9085650,2,57,-8,80
9086160,83,6,-1,81
9086670,57,36,3,78
9087180,76,56,3,75
9087690,90,18,0,75
9088200,64,28,0,75
9088710,65,27,0,75
9089220,66,26,-1,76
9089730,67,25,4,72
9090240,68,24,-3,75
9090750,69,23,2,73
9091260,70,22,0,73
9091770,44,21,-16,89
9092280,45,32,8,81
9092790,64,43,3,78
9093300,78,73,-2,80
9093810,28,1,2,78
9094320,85,50,2,76
9094830,5,70,-3,79
9095340,86,61,2,77
9095850,6,7,-3,80
9096360,70,56,-4,84
9096870,84,86,2,82
9097380,66,14,2,80
9097890,67,85,-1,81
9098400,3,76,3,78
9098910,84,40,7,71
9099420,4,60,0,71
9099930,85,51,-9,80
9100440,5,71,-1,81
9100950,86,62,7,74
9101460,6,10,-5,79
9101970,101,59,2,77
9102480,21,79,1,76
9102990,73,70,-6,82
9103500,23,81,3,79
9104010,75,72,-1,80
9104520,25,0,-4,84
9105030,82,49,11,73
9105540,2,69,1,72
9106050,83,60,-5,77
9106560,3,6,-5,82
9107070,67,55,9,73
9107580,81,62,-4,77
9108090,0,8,8,69
9108600,64,57,-13,82
9109110,14,68,3,79
9109620,78,59,1,78
9110130,99,5,3,75
9110640,81,35,2,73
9111150,1,34,-5,78
9111660,82,25,3,75
9112170,56,24,1,74
9112680,57,23,1,73
9113190,58,22,0,73
9113700,59,21,-7,80
9114210,60,20,4,76
9114720,67,19,1,75
9115230,68,18,1,74
9115740,75,17,2,72
9116250,49,16,-12,84
9116760,50,35,6,78
9117270,69,46,-2,80
9117780,83,76,-3,83
9118290,33,4,1,82
9118800,34,23,1,81
9119310,53,34,6,75
9119820,74,45,0,75
9120330,83,65,-2,77
9120840,33,27,-6,83
9121350,52,38,2,81
9121860,73,49,3,78
9122370,87,69,1,77
9122880,6,15,-4,81
9123390,70,25,8,73
9123900,77,24,3,70
9124410,51,23,-11,81
9124920,52,0,4,77
9125430,26,19,-4,81
9125940,60,30,1,80
9126450,61,7,4,76
9126960,35,78,-5,81
9127470,87,69,-2,83
9127980,37,31,7,76
9128490,56,42,-4,80
9129000,70,4,-2,82
9129510,44,23,0,82
9130020,45,34,-5,87
9130530,64,45,9,78
9131040,78,16,-2,80
9131550,52,26,5,75
9132060,53,98,-5,80
9132570,3,89,0,80
9133080,84,53,6,74
9133590,93,73,-6,80
9134100,75,19,3,77
9134610,49,18,-10,87
9135120,50,37,4,83
9135630,69,48,8,75
9136140,90,96,-13,88
9136650,72,24,11,77
9137160,46,23,-4,81
9137670,47,95,0,81
9138180,99,86,4,77
9138690,81,32,2,75
9139200,55,52,-16,91
9139710,5,14,19,72
9140220,100,20,-8,80
9140730,74,30,7,73
9141240,48,29,-14,87
9141750,89,36,15,72
9142260,63,35,-7,79
9142770,64,5,-4,83
9143280,38,24,-2,85
9143790,57,35,8,77
9144300,71,41,-2,79
9144810,85,47,7,72
9145320,94,67,0,72
9145830,76,13,-7,79
9146340,50,84,-1,80
9146850,0,75,4,76
9147360,81,39,5,71
9147870,55,59,-9,80
9148380,5,21,4,76
9148890,69,27,-3,79
9149400,76,4,-1,80
9149910,50,23,0,80
9150420,51,0,1,79
9150930,6,19,-4,83
9151440,70,25,6,77
9151950,77,24,3,74
9152460,51,23,-8,82
9152970,52,0,-2,84
9153480,7,19,6,78
9153990,71,25,3,75
9154500,78,24,-4,79
9155010,52,1,-3,82
9155520,26,20,1,81
9156030,8,31,1,80
9156540,72,95,-12,92
9157050,54,23,9,83
9157560,55,0,0,83
9158070,37,19,-2,85
9158580,38,30,8,77
9159090,90,41,0,77
9159600,64,61,-6,83
9160110,14,23,-4,87
9160620,25,30,8,79
9161130,7,41,-3,82
9161640,71,32,5,77
9162150,72,52,1,76
9162660,86,14,-4,80
9163170,60,33,4,76
9163680,74,3,-6,82
9164190,48,22,2,80
9164700,49,101,2,78
9165210,101,92,-2,80
9165720,83,54,9,71
9166230,92,74,-8,79
9166740,42,20,0,79
9167250,43,27,-4,83
9167760,44,38,5,78
9168270,63,49,-7,85
9168780,13,81,7,78
9169290,65,72,-5,83
9169800,15,34,2,81
9170310,18,41,2,79
9170820,0,3,8,71
9171330,95,52,-4,75
9171840,69,72,-9,84
9172350,19,34,5,79
9172860,71,98,-2,81
9173370,53,89,-6,87
9173880,3,80,3,84
9174390,67,44,5,79
9174900,81,6,-2,81
9175410,55,51,-3,84
9175920,5,13,1,83
9176430,100,62,3,80
9176940,74,82,2,78
9177450,56,44,-8,86
9177960,6,6,5,81
9178470,101,55,3,78
9178980,75,75,-3,81
9179490,57,3,6,75
9180000,31,22,-9,84
9180510,83,33,9,75
9181020,57,22,1,74
9181530,64,101,-4,78
9182040,14,92,-6,84
9182550,66,83,6,78
9183060,48,11,0,78
9183570,49,30,-2,80
9184080,50,37,0,80
9184590,69,101,1,79
9185100,19,92,1,78
9185610,71,83,-1,79
9186120,53,45,-6,85
9186630,3,7,3,82
9187140,98,56,10,72
9187650,72,76,-8,80
9188160,22,4,-6,86
9188670,79,53,9,77
9189180,29,15,-4,81
9189690,30,22,-2,83
9190200,82,33,10,73
9190710,56,22,-4,77
9191220,63,101,0,77
9191730,13,92,-2,79
9192240,65,42,3,76
9192750,79,4,-2,78
9193260,53,34,1,77
9193770,54,41,-4,81
9194280,68,22,4,77
9194790,75,21,1,76
9195300,49,10,-6,82
9195810,50,29,3,79
9196320,51,36,-1,80
9196830,52,100,2,78
9197340,2,91,-5,83
9197850,83,41,4,79
9198360,57,61,-2,81
9198870,7,23,10,71
9199380,59,87,-16,87
9199890,9,78,10,77
9200400,90,69,2,75
9200910,40,15,-1,76
9201420,41,22,-4,80
9201930,42,29,-1,81
9202440,43,93,0,81
9202950,95,84,0,81
9203460,45,46,-5,86
9203970,64,53,7,79
9204480,14,15,6,73
9204990,98,22,-2,75
9205500,72,63,-8,83
9206010,86,25,6,77
9206520,60,14,0,77
9207030,58,33,-4,81
9207540,59,97,4,77
9208050,9,88,-5,82
9208560,61,38,5,77
9209070,62,15,4,73
9209580,36,39,-14,87
9210090,88,50,11,76
9210600,97,70,2,74
9211110,47,16,-8,82
9211620,48,35,2,80
9212130,49,42,-15,95
9212640,68,49,19,76
9213150,18,11,-2,78
9213660,0,60,3,75
9214170,81,51,-2,77
9214680,90,11,3,74
9215190,64,30,-7,81
9215700,65,0,1,80
9216210,39,19,4,76
9216720,40,26,-6,82
9217230,41,33,0,82
9217740,60,44,1,81
9218250,74,6,6,75
9218760,48,25,-11,86
9219270,49,89,3,83
9219780,101,80,3,80
9220290,51,26,7,73
9220800,52,35,-11,84
9221310,53,42,9,75
9221820,67,4,-10,85
9222330,41,23,4,81
9222840,42,30,2,79
9223350,43,37,-7,86
9223860,44,48,0,86
9224370,63,10,10,76
9224880,37,29,-12,88
9225390,56,36,4,84
9225900,57,100,7,77
9226410,7,91,-6,83
9226920,88,53,12,71
9227430,97,73,-7,78
9227940,47,19,-5,83
9228450,48,38,2,81
9228960,49,0,2,79
9229470,50,19,-1,80
9229980,51,98,2,78
9230490,1,89,-6,84
9231000,17,51,6,78
9231510,81,42,0,78
9232020,90,62,3,75
9232530,2,8,-1,76
9233040,97,57,-4,80
9233550,4,77,0,80
9234060,85,41,8,72
9234570,59,61,-9,81
9235080,9,23,-4,85
9235590,61,29,7,78
9236100,62,49,0,78
9236610,76,11,-2,80
9237120,50,30,-4,84
9237630,51,37,4,80
9238140,65,44,-1,81
9238650,79,6,0,81
9239160,53,25,0,81
9239670,54,97,-2,83
9240180,4,88,3,80
9240690,85,52,2,78
9241200,94,72,-1,79
9241710,44,18,-1,80
9242220,45,25,1,79
9242730,46,89,-3,82
9243240,98,80,0,82
9243750,48,26,-5,87
9244260,49,33,8,79
9244770,50,97,-6,85
9245280,0,88,5,80
9245790,0,52,2,78
9246300,64,43,-2,80
9246810,65,91,-4,84
9247320,15,82,-5,89
9247830,79,44,12,77
9248340,93,6,0,77
9248850,67,36,3,74
9249360,68,6,-3,77
9249870,42,25,-5,82
9250380,43,89,1,81
9250890,95,80,-2,83
9251400,45,26,1,82
9251910,46,33,3,79
9252420,47,40,-6,85
9252930,48,51,2,83
9253440,100,58,8,75
9253950,7,78,-5,80
9254460,71,69,-2,82
9254970,21,31,0,82
9255480,73,38,5,77
9255990,74,58,5,72
9256500,24,4,1,71
9257010,25,53,-8,79
9257520,77,15,0,79
9258030,51,4,-2,81
9258540,52,23,2,79
9259050,53,95,-5,84
9259560,3,86,5,79
9260070,3,48,1,78
9260580,67,39,-3,81
9261090,68,9,9,72
9261600,42,80,-15,87
9262110,94,71,0,87
9262620,6,17,15,72
9263130,70,81,-14,86
9263640,20,9,4,82
9264150,21,63,-2,84
9264660,85,54,8,76
9265170,86,74,-2,78
9265680,36,36,-1,79
9266190,55,43,0,79
9266700,56,5,2,77
9267210,57,24,-1,78
9267720,58,1,-6,84
9268230,59,20,8,76
9268740,60,9,-2,78
9269250,61,28,4,74
9269760,62,69,-7,81
9270270,12,31,-2,83
9270780,76,95,2,81
9271290,58,31,-1,82
9271800,59,1,4,78
9272310,33,20,-1,79
9272820,34,27,-1,80
9273330,53,38,-1,81
9273840,54,0,-3,84
9274350,55,19,10,74
9274860,56,98,-1,75
9275370,6,89,-7,82
9275880,87,51,7,75
9276390,88,71,-5,80
9276900,38,17,-3,83
9277410,39,24,4,79
9277920,40,31,0,79
9278430,59,38,3,76
9278940,60,0,-4,80
9279450,34,19,-3,83
9279960,35,26,2,81
9280470,54,37,7,74
9280980,4,44,-7,81
9281490,68,35,8,73
9282000,69,55,-8,81
9282510,70,17,5,76
9283020,71,16,-2,78
9283530,72,57,2,76
9284040,22,19,-7,83
9284550,23,26,6,77
9285060,75,33,6,71
9285570,76,22,-9,80
9286080,77,11,1,79
9286590,51,30,-9,88
9287100,52,37,9,79
9287610,53,101,-2,81
9288120,54,92,-4,85
9288630,4,83,-3,88
9289140,85,45,9,79
9289650,86,65,1,78
9290160,36,11,-3,81
9290670,37,30,-1,82
9291180,56,41,-4,86
9291690,73,3,7,79
9292200,47,22,-8,87
9292710,48,29,0,87
9293220,49,36,4,83
9293730,50,43,-6,89
9294240,51,54,9,80
9294750,1,16,3,77
9295260,65,22,2,75
9295770,66,13,-3,78
9296280,40,84,1,77
9296790,92,75,-4,81
9297300,42,21,0,81
9297810,43,28,-4,85
9298320,76,35,7,78
9298830,77,55,2,76
9299340,78,1,-3,79
9299850,52,20,-2,81
9300360,53,99,-2,83
9300870,3,90,-1,84
9301380,48,54,6,78
9301890,100,16,6,72
9302400,74,54,-4,76
9302910,24,0,-4,80
9303420,81,49,4,76
9303930,82,69,3,73
9304440,32,15,-11,84
9304950,33,69,4,80
9305460,85,60,5,75
9305970,35,6,-6,81
9306480,36,25,-2,83
9306990,37,36,-4,87
9307500,56,47,7,80
9308010,57,9,3,77
9308520,58,28,4,73
9309030,59,5,-7,80
9309540,33,24,-4,84
9310050,34,35,0,84
9310560,53,46,2,82
9311070,54,8,7,75
9311580,55,27,0,75
9312090,56,99,-12,87
9312600,6,90,9,78
9313110,87,40,2,76
9313620,61,60,-10,86
9314130,11,71,7,79
9314640,75,62,1,78
9315150,25,24,-1,79
9315660,7,35,2,77
9316170,71,90,-12,89
9316680,21,18,2,87
9317190,63,25,9,78
9317700,64,24,2,76
9318210,65,23,7,69
9318720,66,61,-12,81
9319230,16,72,2,79
9319740,80,63,-2,81
9320250,30,25,-2,83
9320760,49,36,2,81
9321270,50,47,2,79
9321780,69,58,-5,84
9322290,70,20,6,78
9322800,71,19,1,77
9323310,45,18,-9,86
9323820,46,37,3,83
9324330,47,48,-7,90
9324840,99,59,17,73
9325350,73,79,-14,87
9325860,23,7,2,85
9326370,24,56,8,77
9326880,76,47,0,77
9327390,50,50,-6,83
9327900,0,61,5,78
9328410,81,52,-2,80
9328920,55,72,-2,82
9329430,5,73,-2,84
9329940,69,23,6,78
9330450,70,22,6,72
9330960,44,21,-9,81
9331470,45,32,0,81
9331980,46,43,5,76
9332490,65,54,-6,82
9333000,15,16,3,79
9333510,99,69,-1,80
9334020,73,15,0,80
9334530,47,14,-3,83
9335040,48,33,0,83
9335550,49,44,-4,87
9336060,50,55,10,77
9336570,0,66,1,76
9337080,81,57,2,74
9337590,55,3,-2,76
9338100,29,22,-11,87
9338610,30,33,4,83
9339120,82,44,12,71
9339630,56,64,-13,84
9340140,6,87,3,81
9340650,87,37,4,77
9341160,61,57,-4,81
9341670,11,19,1,80
9342180,95,26,7,73
9342690,69,25,-1,74
9343200,43,24,-16,90
9343710,44,35,12,78
9344220,63,46,1,77
9344730,77,8,-6,83
9345240,51,17,6,77
9345750,52,36,-3,80
9346260,53,47,-2,82
9346770,54,58,-3,85
9347280,4,11,6,79
9347790,68,4,3,76
9348300,42,23,-3,79
9348810,43,34,-5,84
9349320,62,45,5,79
9349830,76,7,3,76
9350340,50,26,-3,79
9350850,51,98,2,77
9351360,1,89,-9,86
9351870,19,39,7,79
9352380,71,1,0,79
9352890,45,20,-1,80
9353400,46,92,-4,84
9353910,98,83,5,79
9354420,80,29,4,75
9354930,54,28,-2,77
9355440,55,100,-5,82
9355950,5,91,0,82
9356460,5,41,8,74
9356970,69,32,-4,78
9357480,70,52,-1,79
9357990,84,100,-3,82
9358500,66,36,2,80
9359010,67,39,3,77
9359520,68,42,3,74
9360030,82,62,1,73
9360540,96,8,-10,83
9361050,70,46,4,79
9361560,84,49,6,73
9362070,58,90,-13,86
9362580,8,81,13,73
9363090,89,72,-1,74
9363600,63,18,-1,75
9364110,37,17,-11,86
9364620,38,28,1,85
9365130,57,39,6,79
9365640,58,1,-4,83
9366150,32,20,-4,87
9366660,33,31,7,80
9367170,52,42,-3,83
9367680,71,53,1,82
9368190,85,101,0,82
9368700,67,37,6,76
9369210,41,40,-10,86
9369720,60,51,14,72
9370230,34,13,-13,85
9370740,35,24,3,82
9371250,54,35,2,80
9371760,55,99,-2,82
9372270,5,90,-2,84
9372780,86,54,6,78
9373290,60,74,-4,82
9373800,10,73,0,82
9374310,74,64,4,78
9374820,48,26,-3,81
9375330,98,37,-1,82
9375840,72,36,11,71
9376350,46,56,-13,84
9376860,98,67,10,74
9377370,72,13,-11,85
9377880,46,51,-6,91
9378390,65,62,10,81
9378900,15,73,6,75
9379410,79,64,-6,81
9379920,53,10,3,78
9380430,54,29,-1,79
9380940,55,32,4,75
9381450,56,2,1,74
9381960,30,21,-15,89
9382470,31,32,11,78
9382980,83,43,3,75
9383490,57,63,-9,84
9384000,7,74,5,79
9384510,71,65,-2,81
9385020,21,27,4,77
9385530,73,38,1,76
9386040,47,41,-12,88
9386550,66,52,11,77
9387060,80,14,-8,85
9387570,54,52,-4,89
9388080,4,63,8,81
9388590,68,54,6,75
9389100,42,16,-6,81
9389610,43,35,-3,84
9390120,62,46,3,81
9390630,76,8,0,81
9391140,50,46,1,80
9391650,69,57,5,75
9392160,43,28,-14,89
9392670,62,39,14,75
9393180,46,42,-9,84
9393690,98,53,4,80
9394200,72,73,-5,85
9394710,54,84,4,81
9395220,28,75,-2,83
9395730,80,66,9,74
9396240,62,12,-6,80
9396750,36,11,-6,86
9397260,37,22,2,84
9397770,57,33,5,79
9398280,31,36,-2,81
9398790,13,47,0,81
9399300,77,9,6,75
9399810,51,80,-9,84
9400320,25,71,3,81
9400830,89,62,5,76
9401340,63,82,-3,79
9401850,45,54,-3,82
9402360,97,16,5,77
9402870,71,54,1,76
9403380,17,61,-9,85
9403890,81,52,10,75
9404400,55,72,-4,79
9404910,29,18,-9,88
9405420,11,29,8,80
9405930,75,93,0,80
9406440,57,29,5,75
9406950,31,49,-10,85
9407460,13,11,5,80
9407970,97,60,6,74
9408480,71,80,-13,87
9408990,53,91,4,83
9409500,27,82,-3,86
9410010,79,73,2,84
9410520,61,35,4,80
9411030,35,34,0,80
9411540,54,45,5,75
9412050,28,56,-5,80
9412560,2,47,1,79
9413070,66,38,0,79
9413580,40,8,-4,83
9414090,59,27,2,81
9414600,33,26,-6,87
9415110,52,37,13,74
9415620,26,101,-7,81
9416130,8,92,-1,82
9416640,53,42,-2,84
9417150,72,53,10,74
9417660,46,15,-8,82
9418170,47,14,1,81
9418680,21,33,2,79
9419190,3,97,-4,83
9419700,48,47,-3,86
9420210,67,58,2,84
9420720,41,20,-2,86
9421230,60,31,13,73
9421740,34,30,-7,80
9422250,53,41,-2,82
9422760,72,48,3,79
9423270,46,68,-5,84
9423780,20,69,4,80
9424290,84,60,4,76
9424800,58,6,-5,81
9425310,32,77,-1,82
9425820,84,68,3,79
9426330,58,14,0,79
9426840,32,13,-6,85
9427350,33,24,-2,87
9427860,52,35,9,78
9428370,26,42,-2,80
9428880,8,53,-5,85
9429390,72,44,8,77
9429900,46,43,-13,90
9430410,65,54,8,82
9430920,39,16,2,80
9431430,58,23,11,69
9431940,32,22,-13,82
9432450,51,33,0,82
9432960,70,44,8,74
9433470,44,64,-5,79
9433980,18,55,-6,85
9434490,82,46,9,76
9435000,56,66,-3,79
9435510,38,77,-5,84
9436020,72,68,1,83
9436530,46,30,1,82
9437040,65,41,8,74
9437550,39,61,-8,82
9438060,13,52,-4,86
9438570,77,43,11,75
9439080,51,42,-10,85
9439590,70,53,8,77
9440100,44,15,-7,84
9440610,63,34,2,82
9441120,37,33,-1,83
9441630,56,44,6,77
9442140,30,55,-2,79
9442650,82,46,-4,83
9443160,56,45,3,80
9443670,75,56,1,79
9444180,49,18,4,75
9444690,68,17,-2,77
9445200,42,16,-8,85
9445710,61,23,7,78
9446220,35,22,-11,89
9446730,54,33,5,84
9447240,28,40,0,84
9447750,62,51,0,84
9448260,36,62,0,84
9448770,88,53,8,76
9449280,62,73,0,76
9449790,44,19,-6,82
9450300,45,26,0,82
9450810,64,37,3,79
9451320,38,36,-1,80
9451830,57,47,0,80
9452340,31,7,-1,81
9452850,50,56,-1,82
9453360,0,67,9,73
9453870,81,58,-2,75
9454380,55,4,1,74
9454890,29,75,-12,86
9455400,81,66,7,79
9455910,55,12,3,76
9456420,29,11,-3,79
9456930,30,22,-2,81
9457440,49,33,2,79
9457950,68,44,4,75
9458460,42,64,-11,86
9458970,94,65,13,73
9459480,68,85,-7,80
9459990,50,4,7,73
9460500,69,75,-4,77
9461010,51,86,-9,86
9461520,25,77,3,83
9462030,89,68,1,82
9462540,63,14,8,74
9463050,37,13,-9,83
9463560,38,24,0,83
9464070,57,35,8,75
9464580,31,42,-5,80
9465090,13,53,-3,83
9465600,77,44,9,74
9466110,51,43,-13,87
9466620,70,54,4,83
9467130,44,65,-2,85
9467640,18,56,3,82
9468150,82,47,9,73
9468660,56,67,-13,86
9469170,38,78,0,86
9469680,72,69,4,82
9470190,54,80,3,79
9470700,28,71,-3,82
9471210,80,62,7,75
9471720,54,8,-5,80
9472230,28,79,2,78
9472740,80,70,-2,80
9473250,62,32,4,76
9473760,36,31,-4,80
9474270,55,42,4,76
9474780,29,53,-9,85
9475290,81,15,11,74
9475800,55,14,-3,77
9476310,29,13,-5,82
9476820,48,24,1,81
9477330,67,31,9,72
9477840,41,30,-15,87
9478350,60,41,8,79
9478860,34,52,-3,82
9479370,86,14,2,80
9479880,60,52,0,80
9480390,34,63,-1,81
9480900,58,54,4,77
9481410,32,65,-7,84
9481920,84,56,11,73
9482430,58,76,-9,82
9482940,40,46,1,81
9483450,22,57,-4,85
9483960,86,48,15,70
9484470,60,68,-5,75
9484980,42,79,-13,88
9485490,94,70,7,81
9486000,76,16,0,81
9486510,50,15,5,76
9487020,24,10,-8,84
9487530,6,59,4,80
9488040,70,50,0,80
9488550,44,12,-6,86
9489060,45,31,7,79
9489570,64,42,3,76
9490080,38,53,-11,87
9490590,90,15,6,81
9491100,64,53,-1,82
9491610,38,64,3,79
9492120,12,55,-3,82
9492630,76,46,3,79
9493140,50,66,-10,89
9493650,69,28,14,75
9494160,43,48,-10,85
9494670,95,59,9,76
9495180,69,79,-9,85
9495690,51,90,1,84
9496200,25,81,2,82
9496710,77,72,-2,84
9497220,59,83,-2,86
9497730,41,74,3,83
9498240,93,65,10,73
9498750,75,85,-9,82
9499260,57,96,0,82
9499770,31,87,-5,87
9500280,83,78,3,84
9500790,57,89,1,83
9501300,44,62,-1,84
9501810,96,24,11,73
9502320,70,41,-1,74
9502830,44,61,-8,82
9503340,96,33,5,77
9503850,70,74,-9,86
9504360,52,85,1,85
9504870,26,76,1,84
9505380,90,67,6,78
9505890,72,13,2,76
9506400,46,84,-4,80
9506910,20,75,-3,83
9507420,84,66,7,76
9507930,58,12,-1,77
9508440,32,31,-6,83
9508950,51,42,4,79
9509460,70,53,-3,82
9509970,84,15,6,76
9510480,58,64,-4,80
9510990,40,75,-6,86
9511500,92,66,1,85
9512010,74,28,5,80
9512520,48,69,-8,88
9513030,22,70,5,83
9513540,86,61,11,72
9514050,60,7,-7,79
9514560,34,78,-6,85
9515070,86,69,14,71
9515580,68,69,-16,87
9516090,18,80,5,82
9516600,4,71,7,75
9517110,85,21,-8,83
9517620,59,62,-8,91
9518130,9,73,14,77
9518640,90,64,3,74
9519150,64,10,-3,77
9519660,38,81,-1,78
9520170,90,72,1,77
9520680,72,18,3,74
9521190,46,59,-8,82
9521700,98,70,5,77
9522210,80,16,-6,83
9522720,54,54,2,81
9523230,36,65,-4,85
9523740,88,56,8,77
9524250,62,76,-2,79
9524760,44,87,0,79
9525270,18,78,-6,85
9525780,82,69,3,82
9526290,56,31,6,76
9526800,30,38,-6,82
9527310,82,39,8,74
9527820,56,59,-5,79
9528330,75,21,8,71
9528840,49,62,-9,80
9529350,31,24,-6,86
9529860,50,35,9,77
9530370,69,46,2,75
9530880,43,8,-6,81
9531390,44,27,-4,85
9531900,63,38,9,76
9532410,37,47,-8,84
9532920,89,58,9,75
9533430,63,78,-5,80
9533940,13,24,4,76
9534450,97,35,-6,82
9534960,71,55,1,81
9535470,45,17,3,78
9535980,46,20,1,77
9536490,65,27,-2,79
9537000,66,47,-5,84
9537510,80,9,5,79
9538020,54,19,1,78
9538530,55,60,-7,85
9539040,5,71,6,79
9539550,86,62,4,75
9540060,60,8,-3,78
9540570,86,79,-1,79
9541080,68,101,-4,83
9541590,18,92,2,81
9542100,4,83,5,76
9542610,85,33,5,71
9543120,59,53,-17,88
9543630,78,64,19,69
9544140,52,10,-8,77
9544650,78,29,3,74
9545160,52,70,-5,79
9545670,2,32,7,72
9546180,83,96,-10,82
9546690,65,42,0,82
9547200,84,4,-2,84
9547710,58,23,11,73
9548220,59,22,-2,75
9548730,60,63,-7,82
9549240,79,25,10,72
9549750,53,66,-10,82
9550260,3,28,8,74
9550770,67,52,-5,79
9551280,81,14,3,76
9551790,55,85,-2,78
9552300,5,76,-5,83
9552810,86,38,9,74
9553320,14,58,-6,80
9553830,78,49,8,72
9554340,52,69,-8,80
9554850,2,31,2,78
9555360,66,95,-10,88
9555870,16,86,6,82
9556380,97,77,5,77
9556890,47,23,-4,81
9557400,66,30,5,76
9557910,67,29,6,70
9558420,68,70,-19,89
9558930,18,81,5,84
9559440,70,72,4,80
9559950,20,34,1,79
9560460,72,98,-4,83
9560970,54,44,-1,84
9561480,73,55,2,82
9561990,94,17,10,72
9562500,68,27,-2,74
9563010,69,68,-9,83
9563520,19,30,1,82
9564030,71,41,10,72
9564540,80,40,-5,77
9565050,81,60,-3,80
9565560,0,6,4,76
9566070,95,55,1,75
9566580,15,75,-4,79
9567090,79,66,-2,81
9567600,100,28,6,75
9568110,74,69,-5,80
9568620,24,31,-2,82
9569130,76,42,4,78
9569640,98,62,5,73
9570150,18,82,-3,76
9570660,4,73,0,76
9571170,85,35,2,74
9571680,13,34,-2,76
9572190,77,98,-10,86
9572700,59,34,8,78
9573210,60,98,0,78
9573720,10,89,1,77
9574230,91,97,-4,81
9574740,73,59,6,75
9575250,94,21,2,73
9575760,68,31,0,73
9576270,69,30,-1,74
9576780,70,29,0,74
9577290,71,28,4,70
9577800,72,27,-4,74
9578310,79,26,2,72
9578820,88,25,0,72
9579330,62,66,-12,84
9579840,12,28,4,80
9580350,76,92,-7,87
9580860,58,1,7,80
9581370,32,20,-4,84
9581880,51,31,5,79
9582390,70,42,5,74
9582900,71,50,-3,77
9583410,92,12,3,74
9583920,4,83,-5,79
9584430,85,74,-3,82
9584940,35,36,2,80
9585450,22,47,-2,82
9585960,74,9,4,78
9586470,100,80,-1,79
9586980,19,26,3,76
9587490,1,37,4,72
9588000,65,101,-11,83
9588510,15,92,1,82
9589020,96,83,8,74
9589530,78,45,-6,80
9590040,100,65,5,75
9590550,20,11,-3,78
9591060,2,22,6,72
9591570,66,86,-13,85
9592080,48,48,-8,93
9592590,67,59,10,83
9593100,86,70,8,75
9593610,5,16,-3,78
9594120,69,69,-7,85
9594630,19,80,9,76
9595140,5,71,-3,79
9595650,86,62,0,79
9596160,6,8,-2,81
9596670,101,61,8,73
9597180,21,81,-2,75
9597690,7,72,-4,79
9598200,88,63,4,75
9598710,8,9,-4,79
9599220,1,62,2,77
9599730,82,12,3,74
9600240,6,83,-4,78
9600750,87,33,3,75
9601260,15,32,0,75
9601770,67,96,-3,78
9602280,49,87,-5,83
9602790,101,78,7,76
9603300,21,24,1,75
9603810,73,35,-1,76
9604320,1,34,-1,77
9604830,65,98,-9,86
9605340,15,89,7,79
9605850,96,80,2,77
9606360,78,26,6,71
9606870,6,67,-7,78
9607380,87,58,6,72
9607890,7,4,-7,79
9608400,0,57,3,76
9608910,81,48,-1,77
9609420,1,68,-1,78
9609930,82,18,-1,79
9610440,6,28,10,69
9610950,70,92,-11,80
9611460,52,1,2,78
9611970,78,20,5,73
9612480,2,19,-4,77
9612990,66,74,-6,83
9613500,16,85,-2,85
9614010,80,76,4,81
9614520,30,38,1,80
9615030,82,49,6,74
9615540,91,69,-1,75
9616050,11,15,-3,78
9616560,4,68,4,74
9617070,85,59,-1,75
9617580,5,5,-1,76
9618090,6,52,-6,82
9618600,70,43,9,73
9619110,79,63,-6,79
9619620,100,9,5,74
9620130,76,80,-8,82
9620640,26,91,0,82
9621150,27,82,5,77
9621660,28,73,-3,80
9622170,29,64,-3,83
9622680,81,55,4,79
9623190,9,1,4,75
9623700,2,50,-2,77
9624210,83,41,5,72
9624720,11,61,-7,79
9625230,75,52,5,74
9625740,97,63,-2,76
9626250,17,9,-4,80
9626760,74,20,1,79
9627270,75,61,3,76
9627780,96,7,4,72
9628290,72,26,-4,76
9628800,73,25,-1,77
9629310,1,24,-3,80
9629820,53,33,6,74
9630330,54,44,-8,82
9630840,55,55,3,79
9631350,74,66,-2,81
9631860,95,28,8,73
9632370,71,27,-1,74
9632880,72,26,1,73
9633390,0,25,2,71
9633900,81,89,-12,83
9634410,63,100,6,77
9634920,13,91,-11,88
9635430,13,82,2,86
9635940,94,73,7,79
9636450,13,19,-2,81
9636960,65,30,7,74
9637470,66,29,-2,76
9637980,67,28,0,76
9638490,68,27,3,73
9639000,98,26,-5,78
9639510,74,36,-1,79
9640020,75,56,-3,82
9640530,96,2,13,69
9641040,25,21,-11,80
9641550,77,32,6,74
9642060,5,31,-3,77
9642570,57,95,-2,79
9643080,7,86,-4,83
9643590,88,36,9,74
9644100,16,35,-6,80
9644610,68,99,-2,82
9645120,18,71,-2,84
9645630,4,62,6,78
9646140,85,53,4,74
9646650,5,101,-2,76
9647160,86,51,1,75
9647670,6,71,-3,78
9648180,87,62,0,78
9648690,7,8,-2,80
9649200,0,61,3,77
9649710,81,11,-1,78
9650220,5,21,3,75
9650730,69,8,-2,77
9651240,95,79,-2,79
9651750,14,25,0,79
9652260,66,36,2,77
9652770,67,35,-1,78
9653280,89,81,-1,79
9653790,71,92,-8,87
9654300,53,1,9,78
9654810,79,20,7,71
9655320,55,19,-9,80
9655830,56,29,7,73
9656340,86,49,-3,76
9656850,6,69,-2,78
9657360,87,60,8,70
9657870,7,6,-8,78
9658380,0,59,3,75
9658890,81,50,4,71
9659400,1,98,-6,77
9659910,46,48,-2,79
9660420,65,59,-2,81
9660930,86,70,5,76
9661440,6,16,3,73
9661950,101,27,-4,77
9662460,77,26,4,73
9662970,5,25,-9,82
9663480,100,78,2,80
9663990,20,24,7,73
9664500,2,35,0,73
9665010,83,99,-14,87
9665520,65,31,13,74
9666030,66,30,2,72
9666540,88,50,-2,74
9667050,8,70,-7,81
9667560,96,61,12,69
9668070,16,7,-10,79
9668580,73,60,1,78
9669090,95,71,6,72
9669600,15,17,-11,83
9670110,67,28,9,74
9670620,68,27,-2,76
9671130,69,26,-2,78
9671640,70,25,5,73
9672150,71,24,-3,76
9672660,72,23,-1,77
9673170,73,22,0,77
9673680,74,21,0,77
9674190,100,20,-2,79
9674700,24,30,1,78
9675210,76,41,1,77
9675720,98,61,4,73
9676230,18,7,-6,79
9676740,75,18,8,71
9677250,101,28,-5,76
9677760,25,27,-12,88
9678270,77,38,14,74
9678780,99,58,0,74
9679290,19,78,0,74
9679800,5,69,-7,81
9680310,5,60,3,78
9680820,5,51,2,76
9681330,86,42,-1,77
9681840,6,62,-7,84
9682350,6,53,5,79
9682860,87,44,4,75
9683370,7,64,2,73
9683880,7,55,-3,76
9684390,95,46,0,76
9684900,15,66,-7,83
9685410,94,57,5,78
9685920,14,3,-6,84
9686430,71,52,7,77
9686940,92,100,-1,78
9687450,74,36,5,73
9687960,96,56,2,71
9688470,16,76,-4,75
9688980,2,67,-1,76
9689490,2,58,-1,77
9690000,2,49,-4,81
9690510,2,40,-4,85
9691020,83,2,8,77
9691530,59,21,1,76
9692040,60,31,-1,77
9692550,61,42,-2,79
9693060,62,53,-4,83
9693570,83,64,3,80
9694080,3,10,6,74
9694590,98,59,1,73
9695100,18,5,-6,79
9695610,0,54,3,76
9696120,0,45,4,72
9696630,0,36,-10,82
9697140,0,45,10,72
9697650,0,36,-6,78
9698160,0,100,-6,84
9698670,45,50,0,84
9699180,64,61,0,84
9699690,85,72,6,78
9700200,5,18,0,78
9700710,57,5,2,76
9701220,83,15,0,76
9701730,7,25,0,76
9702240,0,36,4,72
9702750,95,27,-3,75
9703260,71,37,-6,81
9703770,34,57,-5,86
9704280,86,48,18,68
9704790,6,68,-10,78
9705300,6,59,-2,80
9705810,6,50,2,78
9706320,6,41,0,78
9706830,6,32,-5,83
9707340,5,96,4,79
9707850,50,46,-3,82
9708360,71,57,4,78
9708870,93,3,-1,79
9709380,75,33,2,77
9709890,97,53,1,76
9710400,17,73,-1,77
9710910,3,64,0,77
9711420,3,55,2,75
9711930,3,46,-7,82
9712440,3,37,-3,85
9712950,3,67,5,80
9713460,3,58,1,79
9713970,3,49,4,75
9714480,3,40,-1,76
9714990,3,31,0,76
9715500,98,95,-3,79
9716010,80,41,4,75
9716520,0,61,3,72
9717030,0,52,-12,84
9717540,0,43,10,74
9718050,0,34,-3,77
9718560,0,98,-8,85
9719070,0,48,5,80
9719580,0,39,8,72
9720090,0,30,-4,76
9720600,81,94,-6,82
9721110,63,30,10,72
9721620,85,50,0,72
9722130,5,98,-11,83
9722640,50,89,0,83
9723150,0,80,2,81
9723660,0,30,3,78
9724170,81,94,-7,85
9724680,63,40,12,73
9725190,85,88,-7,80
9725700,67,99,-4,84
9726210,17,90,0,84
9726720,17,81,-1,85
9727230,17,72,6,79
9727740,3,63,2,77
9728250,3,54,-1,78
9728760,3,45,1,77
9729270,98,36,-2,79
9729780,74,35,5,74
9730290,96,83,-5,79
9730800,78,29,7,72
9731310,100,49,-4,76
9731820,20,69,-4,80
9732330,72,60,-1,81
9732840,94,71,6,75
9733350,14,17,-1,76
9733860,7,28,-1,77
9734370,71,92,-5,82
9734880,53,1,-1,83
9735390,8,20,2,81
9735900,1,31,1,80
9736410,53,95,-2,82
9736920,3,86,2,80
9737430,3,36,-2,82
9737940,84,27,10,72
9738450,60,26,-6,78
9738960,61,74,-5,83
9739470,11,85,0,83
9739980,28,76,4,79
9740490,80,67,0,79
9741000,0,29,1,78
9741510,52,93,-3,81
9742020,2,84,2,79
9742530,2,34,2,77
9743040,83,98,-4,81
9743550,65,34,-1,82
9744060,87,45,11,71
9744570,7,65,-7,78
9745080,7,56,-1,79
9745590,71,47,-3,82
9746100,93,9,8,74
9746610,69,19,-2,76
9747120,76,18,0,76
9747630,0,28,4,72
9748140,0,92,-7,79
9748650,45,42,-3,82
9749160,66,53,7,75
9749670,88,64,0,75
9750180,8,10,-6,81
9750690,1,21,3,78
9751200,96,32,-1,79
9751710,16,31,3,76
9752220,68,42,2,74
9752730,90,53,4,70
9753240,32,101,-11,81
9753750,84,92,-1,82
9754260,66,1,2,80
9754770,92,20,7,73
9755280,68,30,-1,74
9755790,90,50,0,74
9756300,10,70,-4,78
9756810,10,61,-4,82
9757320,98,52,9,73
9757830,18,72,-11,84
9758340,4,63,9,75
9758850,4,54,-6,81
9759360,4,45,2,79
9759870,4,36,2,77
9760380,85,100,-1,78
9760890,57,36,-2,80
9761400,78,47,5,75
9761910,100,95,-5,80
9762420,82,41,12,68
9762930,2,61,-9,77
9763440,82,52,1,76
9763950,2,100,-2,78
9764460,47,50,2,76
9764970,99,61,3,73
9765480,19,7,-13,86
9765990,1,18,11,75
9766500,96,24,-5,80
9767010,10,34,3,77
9767520,3,98,-6,83
9768030,48,48,1,82
9768540,100,59,3,79
9769050,20,79,1,78
9769560,99,70,5,73
9770070,19,16,-6,79
9770580,1,27,1,78
9771090,82,36,3,75
9771600,2,56,-5,80
9772110,2,47,-3,83
9772620,2,38,6,77
9773130,83,29,1,76
9773640,3,28,-4,80
9774150,2,39,5,75
9774660,2,30,2,73
9775170,97,94,-7,80
9775680,79,40,5,75
9776190,56,88,-12,87
9776700,6,79,8,79
9777210,6,29,1,78
9777720,5,93,2,76
9778230,50,84,-9,85
9778740,0,75,4,81
9779250,0,25,6,75
9779760,95,89,-5,80
9780270,77,35,8,72
9780780,99,55,-2,74
9781290,19,75,-2,76
9781800,98,66,1,75
9782310,18,12,-4,79
9782820,73,83,-7,86
9783330,55,94,0,86
9783840,5,85,4,82
9784350,50,35,2,80
9784860,71,46,-3,83
9785370,93,57,13,70
9785880,13,3,-12,82
9786390,70,52,6,76
9786900,92,100,-4,80
9787410,74,36,5,75
9787920,96,44,1,74
9788430,16,64,-6,80
9788940,15,55,4,76
9789450,14,46,-3,79
9789960,13,37,1,78
9790470,12,101,0,78
9790980,57,51,-2,80
9791490,78,62,2,78
9792000,100,8,-3,81
9792510,76,18,1,80
9793020,0,28,7,73
9793530,81,92,-7,80
9794040,63,38,5,75
9794550,84,49,-1,76
9795060,4,69,2,74
9795570,85,60,-1,75
9796080,5,6,-5,80
9796590,100,59,5,75
9797100,20,5,-7,82
9797610,77,16,3,79
9798120,1,26,-8,87
9798630,53,37,6,81
9799140,74,48,2,79
9799650,96,90,-2,81
9800160,78,36,6,75
9800670,100,84,-8,83
9801180,82,30,14,69
9801690,3,29,-13,82
9802200,98,93,4,78
9802710,80,39,5,73
9803220,0,87,-4,77
9803730,45,37,-8,85
9804240,66,48,3,82
9804750,87,10,-3,85
9805260,11,20,6,79
9805770,4,31,2,77
9806280,99,95,-1,78
9806790,81,41,0,78
9807300,1,61,2,76
9807810,82,52,-3,79
9808320,2,100,-2,81
9808830,47,50,-8,89
9809340,66,61,7,82
9809850,16,72,2,80
9810360,2,63,4,76
9810870,83,54,5,71
9811380,3,0,-1,72
9811890,98,49,0,72
9812400,18,69,-9,81
9812910,97,60,2,79
9813420,17,6,2,77
9813930,101,17,4,73
9814440,77,27,-1,74
9814950,84,75,-7,81
9815460,66,21,3,78
9815970,73,31,8,70
9816480,95,79,-3,73
9816990,77,25,-3,76
9817500,65,73,-17,93
9818010,15,84,13,80
9818520,15,75,-1,81
9819030,1,66,4,77
9819540,82,57,1,76
9820050,2,3,0,76
9820560,97,57,2,74
9821070,17,3,-10,84
9821580,101,52,7,77
9822090,21,72,0,77
9822600,73,63,-6,83
9823110,94,74,6,77
9823620,76,20,-1,78
9824130,0,30,-3,81
9824640,81,94,-4,85
9825150,63,30,9,76
9825660,70,78,-10,86
9826170,52,89,1,85
9826680,2,80,10,75
9827190,47,30,-7,82
9827700,66,41,4,78
9828210,87,89,-2,80
9828720,69,100,-3,83
9829230,51,46,-1,84
9829740,70,57,2,82
9830250,91,19,4,78
9830760,15,29,-2,80
9831270,99,40,-1,81
9831780,20,60,3,78
9832290,72,51,0,78
9832800,93,99,3,75
9833310,75,45,-5,80
9833820,84,93,0,80
9834330,66,29,3,77
9834840,73,39,0,77
9835350,95,59,3,74
9835860,15,5,-11,85
9836370,72,16,7,78
9836880,98,26,3,75
9837390,74,36,2,73
9837900,96,56,3,70
9838410,16,2,-8,78
9838920,100,51,0,78
9839430,38,71,-3,81
9839940,90,62,4,77
9840450,10,8,-4,81
9840960,3,19,4,77
9841470,2,30,-7,84
9841980,83,94,2,82
9842490,65,21,9,73
9843000,72,31,-4,77
9843510,79,79,-6,83
9844020,61,90,-3,86
9844530,92,36,10,76
9845040,68,84,-8,84
9845550,50,20,2,82
9846060,65,30,6,76
9846570,72,78,-8,84
9847080,54,89,6,78
9847590,36,80,-6,84
9848100,88,71,2,82
9848610,7,17,6,76
9849120,0,28,-4,80
9849630,81,37,6,74
9850140,1,85,-3,77
9850650,46,35,-14,91
9851160,65,46,15,76
9851670,86,94,-5,81
9852180,68,40,7,74
9852690,77,88,-6,80
9853200,59,24,4,76
9853710,66,34,-1,77
9854220,73,54,0,77
9854730,95,0,5,72
9855240,77,19,-11,83
9855750,1,29,4,79
9856260,82,93,-4,83
9856770,64,29,5,78
9857280,71,39,7,71
9857790,80,87,-10,81
9858300,62,98,-2,83
9858810,12,89,-1,84
9859320,93,51,16,68
9859830,13,99,-13,81
9860340,58,49,5,76
9860850,79,60,-1,77
9861360,33,6,-5,82
9861870,48,25,-2,84
9862380,55,36,8,76
9862890,76,47,-3,79
9863400,85,95,3,76
9863910,67,31,2,74
9864420,74,79,-8,82
9864930,24,90,-3,85
9865440,69,81,1,84
9865950,51,43,-4,88
9866460,70,54,13,75
9866970,91,16,-1,76
9867480,15,26,1,75
9867990,99,37,-1,76
9868500,75,85,-10,86
9869010,57,96,1,85
9869520,7,87,5,80
9870030,52,49,0,80
9870540,71,60,0,80
9871050,92,22,10,70
9871560,16,32,-7,77
9872070,68,96,-2,79
9872580,50,42,-3,82
9873090,71,53,5,77
9873600,92,101,-4,81
9874110,74,47,2,79
9874620,83,95,0,79
9875130,65,31,4,75
9875640,72,79,-5,80
9876150,54,25,2,78
9876660,61,44,-3,81
9877170,82,55,9,72
9877680,91,1,-9,81
9878190,67,20,6,75
9878700,74,30,0,75
9879210,81,78,-10,85
9879720,63,89,6,79
9880230,45,35,-4,83
9880740,64,46,8,75
9881250,85,57,-1,76
9881760,94,3,1,75
9882270,76,22,-5,80
9882780,83,32,11,69
9883290,4,80,-14,83
9883800,85,42,7,76
9884310,94,90,-5,81
9884820,76,36,6,75
9885330,85,84,-8,83
9885840,67,95,3,80
9886350,49,41,-4,84
9886860,70,52,10,74
9887370,91,100,-3,77
9887880,73,46,0,77
9888390,82,94,-9,86
9888900,64,3,9,77
9889410,90,22,-1,78
9889920,66,32,1,77
9890430,75,80,-6,83
9890940,57,26,9,74
9891450,64,74,-10,84
9891960,14,85,-1,85
9892470,95,47,9,76
9892980,2,67,-1,77
9893490,83,58,-2,79
9894000,92,4,-1,80
9894510,68,14,2,78
9895020,94,24,5,73
9895530,68,34,0,73
9896040,75,82,-5,78
9896550,57,28,1,77
9897060,64,38,-2,79
9897570,85,49,10,69
9898080,94,97,-10,79
9898590,76,43,-2,81
9899100,85,91,0,81
9899610,67,37,5,76
9900120,76,57,1,75
9900630,97,3,-3,78
9901140,79,22,-4,82
9901650,86,32,6,76
9902160,93,52,3,73
9902670,0,100,-7,80
9903180,45,50,-2,82
9903690,79,61,3,79
9904200,100,7,2,77
9904710,76,17,1,76
9905220,0,27,-2,78
9905730,81,36,2,76
9906240,90,56,6,70
9906750,99,2,-12,82
9907260,75,21,4,78
9907770,82,31,4,74
9908280,89,51,-3,77
9908790,98,99,-3,80
9909300,80,45,1,79
9909810,89,93,-4,83
9910320,71,39,5,78
9910830,80,87,-9,87
9911340,62,98,7,80
9911850,44,89,-8,88
9912360,47,80,7,81
9912870,99,71,5,76
9913380,6,17,-2,78
9913890,101,28,7,71
9914400,77,38,-7,78
9914910,86,86,0,78
9915420,68,32,3,75
9915930,75,42,-2,77
9916440,84,90,-5,82
9916950,66,36,8,74
9917460,75,84,-11,85
9917970,57,95,2,83
9918480,7,86,-5,88
9918990,52,48,5,83
9919500,73,59,6,77
9920010,94,5,-4,81
9920520,70,15,4,77
9921030,96,25,0,77
9921540,72,35,3,74
9922050,79,83,-4,78
9922560,61,29,-3,81
9923070,68,77,-5,86
9923580,18,88,6,80
9924090,63,79,-8,88
9924600,13,25,12,76
9925110,65,89,-16,92
9925620,15,90,13,79
9926130,60,81,-3,82
9926640,42,27,-5,87
9927150,61,38,10,77
9927660,82,49,4,73
9928170,91,97,-6,79
9928680,73,43,4,75
9929190,82,63,-2,77
9929700,1,9,0,77
9930210,96,98,-2,79
9930720,78,44,-2,81
9931230,87,92,3,78
9931740,69,38,4,74
9932250,78,58,-12,86
9932760,99,4,4,82
9933270,75,14,12,70
9933780,101,24,-5,75
9934290,77,34,0,75
9934800,84,54,-1,76
9935310,93,0,-10,86
9935820,69,19,12,74
9936330,76,29,-2,76
9936840,83,49,4,72
9937350,92,69,-10,82
9937860,101,15,8,74
9938370,75,25,0,74
9938880,82,35,0,74
9939390,89,55,-3,77
9939900,98,1,4,73
9940410,74,20,-3,76
9940920,81,30,3,73
9941430,88,50,-6,79
9941940,97,70,1,78
9942450,4,16,-1,79
9942960,99,27,2,77
9943470,75,37,1,76
9943980,84,85,-10,86
9944490,34,31,8,78
9945000,53,42,-5,83
9945510,74,53,10,73
9946020,95,101,-4,77
9946530,77,47,-2,79
9947040,86,95,2,77
9947550,68,31,6,71
9948060,75,51,-4,75
9948570,84,99,-1,76
9949080,66,45,-4,80
9949590,87,93,-1,81
9950100,69,39,8,73
9950610,78,87,-8,81
9951120,60,33,-2,83
9951630,67,44,2,81
9952140,88,6,3,78
9952650,62,16,5,73
9953160,69,26,-1,74
9953670,76,46,-3,77
9954180,85,66,1,76
9954690,4,12,4,72
9955200,99,23,-4,76
9955710,75,33,0,76
9956220,82,81,-10,86
9956730,32,43,5,81
9957240,84,54,7,74
9957750,93,0,-5,79
9958260,69,19,5,74
9958770,101,29,-4,78
9959280,6,39,0,78
9959790,87,1,-1,79
9960300,63,20,3,76
9960810,70,30,-2,78
9961320,77,40,4,74
9961830,86,60,0,74
9962340,95,6,-7,81
9962850,71,16,5,76
9963360,78,26,-2,78
9963870,85,36,7,71
9964380,92,56,-3,74
9964890,101,2,-3,77
9965400,77,21,0,77
9965910,84,31,3,74
9966420,91,51,4,70
9966930,100,71,-7,77
9967440,7,17,3,74
9967950,0,28,-2,76
9968460,81,92,-10,86
9968970,63,38,5,81
9969480,70,0,-1,82
9969990,44,19,9,73
9970500,63,38,-1,74
9971010,82,86,-10,84
9971520,64,32,7,77
9972030,71,52,4,73
9972540,92,100,-2,75
9973050,73,46,-8,83
9973560,82,8,5,78
9974070,6,18,5,73
9974580,101,82,-5,78
9975090,20,28,0,78
9975600,2,39,0,78
9976110,66,82,-1,79
9976620,48,28,-3,82
9977130,67,39,0,82
9977640,74,1,1,81
9978150,50,20,3,78
9978660,57,39,-1,79
9979170,78,50,-1,80
9979680,87,98,-7,87
9980190,69,34,12,75
9980700,76,54,0,75
9981210,97,0,-4,79
9981720,73,19,2,77
9982230,80,29,5,72
9982740,87,39,2,70
9983250,94,59,-5,75
9983760,1,5,-2,77
9984270,96,94,-8,85
9984780,78,40,7,78
9985290,87,48,3,75
9985800,96,68,-1,76
9986310,3,14,-1,77
9986820,98,25,0,77
9987330,74,35,-1,78
9987840,81,83,-6,84
9988350,63,29,8,76
9988860,70,39,-1,77
9989370,77,58,0,77
9989880,98,4,-6,83
9990390,74,23,10,73
9990900,81,33,-3,76
9991410,88,43,-4,80
9991920,95,63,9,71
9992430,2,9,-14,85
9992940,97,64,6,79
9993450,4,10,6,73
9993960,99,65,-5,78
9994470,6,11,6,72
9994980,101,22,-5,77
9995490,77,32,-2,79
9996000,84,52,3,76
9996510,93,100,-8,84
9997020,75,46,7,77
9997530,82,94,-3,80
9998040,64,30,3,77
9998550,71,40,3,74
9999060,78,60,-6,80
9999570,99,6,1,79
10000080,75,16,2,77
10000590,36,26,-4,81
10001100,55,37,3,78
10001610,74,48,2,76
10002120,83,96,-6,82
10002630,65,32,5,77
10003140,72,51,2,75
10003650,93,99,-8,83
10004160,75,45,5,78
10004670,84,93,-7,85
10005180,66,29,9,76
10005690,73,39,0,76
10006200,80,48,4,72
10006710,89,96,-9,81
10007220,71,32,3,78
10007730,78,42,0,78
10008240,87,62,-1,79
10008750,6,8,3,76
10009260,101,63,4,72
10009770,8,9,-5,77
10010280,1,20,2,75
10010790,65,21,-5,80
10011300,72,31,6,74
10011810,79,51,-2,76
10012320,88,99,-1,77
10012830,70,35,-2,79
10013340,77,55,-3,82
10013850,98,1,6,76
10014360,74,20,-1,77
10014870,81,30,1,76
10015380,88,71,-2,78
10015890,7,17,0,78
10016400,0,28,9,69
10016910,64,32,-6,75
10017420,71,51,5,70
10017930,92,99,-13,83
10018440,74,35,7,76
10018950,81,45,5,71
10019460,90,65,-4,75
10019970,99,11,-1,76
10020480,75,21,3,73
10020990,82,31,-1,74
10021500,89,51,-3,77
10022010,98,71,8,69
10022520,5,17,-9,78
10023030,100,28,-1,79
10023540,76,38,4,75
10024050,83,58,0,75
10024560,92,4,-2,77
10025070,68,23,6,71
10025580,75,33,-4,75
10026090,3,53,-2,77
10026600,67,44,-5,82
10027110,74,92,1,81
10027620,56,83,-1,82
10028130,6,74,4,78
10028640,70,65,-2,80
10029150,93,76,3,77
10029660,14,22,3,74
10030170,7,33,-8,82
10030680,71,44,9,73
10031190,51,64,-7,80
10031700,1,55,5,75
10032210,65,46,-2,77
10032720,86,94,-2,79
10033230,72,30,3,76
10033740,79,50,1,75
10034250,88,70,-1,76
10034760,9,16,1,75
10035270,2,27,-1,76
10035780,66,91,-15,91
10036290,16,82,8,83
10036800,61,73,3,80
10037310,43,19,4,76
10037820,50,26,-1,77
10038330,57,33,3,74
10038840,64,53,-7,81
10039350,85,64,5,76
10039860,4,10,5,71
10040370,99,65,-5,76
10040880,6,11,0,76
10041390,101,66,4,72
10041900,8,12,-11,83
10042410,1,19,16,67
10042920,96,52,-11,78
10043430,17,72,-1,79
10043940,62,63,-7,86
10044450,81,74,4,82
10044960,2,36,9,73
10045470,66,100,-17,90
10045980,16,91,8,82
10046490,61,82,0,82
10047000,43,73,-5,87
10047510,95,64,5,82
10048020,15,10,-2,84
10048530,61,21,10,74
10049040,68,31,-3,77
10049550,75,51,-2,79
10050060,97,99,2,77
10050570,79,45,4,73
10051080,101,65,-5,78
10051590,21,73,-1,79
10052100,66,64,1,78
10052610,89,75,-1,79
10053120,10,21,8,71
10053630,3,32,-10,81
10054140,67,96,-6,87
10054650,49,87,-3,90
10055160,52,78,10,80
10055670,2,69,1,79
10056180,2,60,1,78
10056690,66,51,-3,81
10057200,73,13,-4,85
10057710,80,23,10,75
10058220,87,33,4,71
10058730,94,53,-6,77
10059240,14,73,-1,78
10059750,59,64,-3,81
10060260,9,75,1,80
10060770,73,66,5,75
10061280,96,28,-4,79
10061790,1,38,1,78
10062300,65,29,-2,80
10062810,72,48,3,77
10063320,94,68,-2,79
10063830,14,14,1,78
10064340,98,25,10,68
10064850,3,35,-8,76
10065360,67,99,-1,77
10065870,72,90,-6,83
10066380,54,36,3,80
10066890,73,47,6,74
10067400,80,67,-2,76
10067910,1,13,2,74
10068420,96,0,-7,81
10068930,72,19,6,75
10069440,79,66,-9,84
10069950,0,28,3,81
10070460,64,92,-5,86
10070970,14,83,7,79
10071480,59,74,-3,82
10071990,9,20,-1,83
10072500,2,27,6,77
10073010,66,91,-5,82
10073520,48,82,-1,83
10074030,100,73,1,82
10074540,20,19,6,76
10075050,2,30,0,76
10075560,66,94,-6,82
10076070,48,85,-7,89
10076580,51,76,7,82
10077090,1,67,8,74
10077600,46,58,-11,85
10078110,98,69,8,77
10078620,18,15,-2,79
10079130,0,26,5,74
10079640,64,59,-11,85
10080150,14,70,6,79
10080660,59,61,-6,85
10081170,9,72,4,81
10081680,54,63,-3,84
10082190,4,74,5,79
10082700,4,65,-4,83
10083210,68,56,-4,87
10083720,89,67,13,74
10084230,9,13,-6,80
10084740,2,24,7,73
10085250,66,88,-6,79
10085760,48,79,-8,87
10086270,100,70,9,78
10086780,20,16,2,76
10087290,2,27,0,76
10087800,66,36,-1,77
10088310,73,56,5,72
10088820,94,2,-6,78
10089330,70,21,3,75
10089840,77,31,2,73
10090350,84,51,-3,76
10090860,4,71,0,76
10091370,49,62,-13,89
10091880,101,73,16,73
10092390,21,19,-3,76
10092900,3,30,1,75
10093410,2,94,-5,80
10093920,47,44,-6,86
10094430,66,55,5,81
10094940,87,66,6,75
10095450,6,12,-2,77
10095960,101,67,1,76
10096470,21,87,-5,81
10096980,66,78,1,80
10097490,16,14,-2,82
10098000,100,25,2,80
10098510,76,35,5,75
10099020,83,55,2,73
10099530,3,75,2,71
10100040,48,66,-21,92
10100550,100,77,11,81
10101060,82,23,1,80
10101570,58,33,-6,86
10102080,65,40,7,79
10102590,72,59,3,76
10103100,93,24,-5,81
10103610,69,34,10,71
10104120,76,54,-7,78
10104630,97,74,-2,80
10105140,16,20,5,75
10105650,100,31,4,71
10106160,76,41,-2,73
10106670,83,61,-8,81
10107180,60,81,-6,87
10107690,10,72,4,83
10108200,74,63,8,75
10108710,95,9,-4,79
10109220,71,19,4,75
10109730,78,29,1,74
10110240,85,49,-1,75
10110750,92,69,-5,80
10111260,11,89,-2,82
10111770,56,51,-2,84
10112280,77,62,3,81
10112790,98,27,-1,82
10113300,74,37,5,77
10113810,81,57,0,77
10114320,0,77,-1,78
10114830,45,75,-4,82
10115340,97,66,4,78
10115850,17,86,-5,83
10116360,62,77,1,82
10116870,12,68,1,81
10117380,57,59,6,75
10117890,7,70,5,70
10118400,52,61,-15,85
10118910,2,72,6,79
10119420,47,63,0,79
10119930,99,64,1,78
10120440,20,84,5,73
10120950,65,75,-10,83
10121460,15,86,2,81
10121970,60,77,-1,82
10122480,10,88,-1,83
10122990,55,79,8,75
10123500,5,70,-5,80
10124010,50,61,-7,87
10124520,0,72,8,79
10125030,45,34,-6,85
10125540,66,45,13,72
10126050,87,65,0,72
10126560,6,85,-7,79
10127070,51,76,-3,82
10127580,1,67,3,79
10128090,46,58,-6,85
10128600,98,69,11,74
10129110,19,89,-6,80
10129620,64,80,-1,81
10130130,14,71,-2,83
10130640,59,62,-2,85
10131150,80,73,10,75
10131660,1,19,0,75
10132170,96,20,4,71
10132680,72,30,-7,78
10133190,79,50,1,77
10133700,101,70,1,76
10134210,22,90,-8,84
10134720,67,81,2,82
10135230,49,72,3,79
10135740,101,63,5,74
10136250,22,83,-3,77
10136760,67,74,-6,83
10137270,17,85,1,82
10137780,62,76,-3,85
10138290,12,87,4,81
10138800,57,78,2,79
10139310,7,69,-2,81
10139820,52,60,-4,85
10140330,80,71,8,77
10140840,1,33,1,76
10141350,65,97,-7,83
10141860,15,88,-5,88
10142370,60,79,7,81
10142880,73,70,-7,88
10143390,23,81,7,81
10143900,68,72,2,79
10144410,18,83,-2,81
10144920,63,74,2,79
10145430,13,85,-2,81
10145940,58,76,-1,82
10146450,8,67,5,77
10146960,53,58,-3,80
10147470,3,2,0,80
10147980,98,13,3,77
10148490,74,23,3,74
10149000,97,43,0,74
10149510,18,63,-6,80
10150020,82,54,7,73
10150530,2,74,-5,78
10151040,47,36,-3,81
10151550,66,47,1,80
10152060,87,9,5,75
10152570,63,28,-2,77
10153080,70,47,-1,78
10153590,91,9,-3,81
10154100,67,28,2,79
10154610,8,47,5,74
10155120,72,38,2,72
10155630,95,58,-4,76
10156140,16,53,-2,78
10156650,56,44,-7,85
10157160,77,55,12,73
10157670,98,75,-5,78
10158180,17,95,-5,83
10158690,62,86,-1,84
10159200,12,87,5,79
10159710,57,78,-1,80
10160220,7,69,-4,84
10160730,52,60,3,81
10161240,2,71,0,81
10161750,47,33,-3,84
10162260,68,44,7,77
10162770,89,64,4,73
10163280,8,84,-5,78
10163790,53,75,-2,80
10164300,3,66,0,80
10164810,48,57,2,78
10165320,100,68,-4,82
10165830,20,88,1,81
10166340,65,79,-4,85
10166850,15,90,7,78
10167360,60,81,-1,79
10167870,10,8,1,78
10168380,3,19,7,71
10168890,98,52,-5,76
10169400,19,72,0,76
10169910,64,63,-3,79
10170420,85,74,5,74
10170930,6,36,-1,75
10171440,70,100,-4,79
10171950,52,91,-1,80
10172460,55,82,-3,83
10172970,83,73,4,79
10173480,4,35,3,76
10173990,68,99,-8,84
10174500,50,90,2,82
10175010,78,81,-1,83
10175520,28,92,3,80
10176030,31,83,-5,85
10176540,4,74,4,81
10177050,49,65,0,81
10177560,77,76,-4,85
10178070,27,38,5,80
10178580,79,49,5,75
10179090,101,69,5,70
10179600,21,15,-9,79
10180110,3,26,3,76
10180620,67,90,-6,82
10181130,49,81,-7,89
10181640,101,72,14,75
10182150,20,18,-5,80
10182660,2,29,1,79
10183170,52,93,-2,81
10183680,55,84,-4,85
10184190,5,75,-1,86
10184700,50,37,5,81
10185210,71,48,7,74
10185720,92,10,-3,77
10186230,68,20,0,77
10186740,22,39,-4,81
10187250,74,1,5,76
10187760,50,20,-5,81
10188270,69,39,5,76
10188780,96,1,-4,80
10189290,72,20,8,72
10189800,26,30,-10,82
10190310,78,41,9,73
10190820,100,61,-7,80
10191330,46,81,-6,86
10191840,49,72,-1,87
10192350,77,73,6,81
10192860,98,84,3,78
10193370,80,49,6,72
10193880,0,69,0,72
10194390,45,60,-8,80
10194900,73,61,2,78
10195410,94,23,2,76
10195920,70,33,4,72
10196430,59,53,-11,83
10196940,80,64,5,78
10197450,101,10,8,70
10197960,77,20,-3,73
10198470,31,91,-13,86
10198980,34,82,9,77
10199490,39,73,-9,86
10200000,73,64,8,78
10200510,94,26,-1,79
10201020,70,36,3,76
10201530,92,56,5,71
10202040,12,76,-13,84
10202550,57,67,1,83
10203060,7,78,7,76
10203570,52,69,-11,87
10204080,80,70,13,74
10204590,101,32,-3,77
10205100,26,42,-1,78
10205610,78,53,0,78
10206120,100,45,3,75
10206630,25,65,-5,80
10207140,28,56,3,77
10207650,31,47,-1,78
10208160,36,48,-3,81
10208670,88,59,6,75
10209180,8,79,1,74
10209690,53,70,-6,80
10210200,3,71,-9,89
10210710,48,62,10,79
10211220,76,53,2,77
10211730,98,18,-2,79
10212240,74,28,7,72
10212750,96,48,-5,77
10213260,16,68,-1,78
10213770,61,59,-7,85
10214280,89,70,8,77
10214790,9,16,-2,79
10215300,2,27,8,71
10215810,66,91,-12,83
10216320,71,82,-2,85
10216830,76,93,1,84
10217340,58,2,6,78
10217850,13,21,1,77
10218360,6,32,3,74
10218870,101,96,-7,81
10219380,83,5,0,81
10219890,59,24,12,69
10220400,81,34,-6,75
10220910,1,54,-1,76
10221420,7,45,0,76
10221930,0,36,-2,78
10222440,6,100,-5,83
10222950,51,91,0,83
10223460,95,82,2,81
10223970,100,44,4,77
10224480,20,64,-7,84
10224990,23,55,3,81
10225500,28,46,2,79
10226010,33,57,-7,86
10226520,67,48,8,78
10227030,88,10,-1,79
10227540,64,20,1,78
10228050,18,30,5,73
10228560,23,41,-7,80
10229070,75,52,8,72
10229580,97,72,-6,78
10230090,17,18,-5,83
10230600,10,29,1,82
10231110,3,40,5,77
10231620,9,31,-1,78
10232130,2,95,-6,84
10232640,47,45,-2,86
10233150,66,56,12,74
10233660,87,67,-5,79
10234170,7,13,5,74
10234680,0,24,1,73
10235190,95,25,-3,76
10235700,71,35,-2,78
10236210,93,55,8,70
10236720,13,75,-7,77
10237230,58,66,-12,89
10237740,63,77,9,80
10238250,68,88,-4,84
10238760,73,89,0,84
10239270,88,25,9,75
10239780,42,35,-3,78
10240290,61,46,-2,80
10240800,82,57,2,78
10241310,2,77,0,78
10241820,47,27,-5,83
10242330,66,38,-1,84
10242840,88,0,9,75
10243350,64,19,0,75
10243860,18,29,-5,80
10244370,70,40,2,78
10244880,92,60,4,74
10245390,12,80,-4,78
10245900,57,71,-7,85
10246410,62,82,5,80
10246920,67,83,-6,86
10247430,72,94,2,84
10247940,54,85,0,84
10248450,59,51,5,79
10248960,80,62,4,75
10249470,101,24,-1,76
10249980,77,34,1,75
10250490,99,54,0,75
10251000,19,74,-3,78
10251510,25,65,-1,79
10252020,28,56,3,76
10252530,72,47,-3,79
10253040,94,9,3,76
10253550,70,19,2,74
10254060,24,90,-1,75
10254570,69,81,-3,78
10255080,74,92,-3,81
10255590,56,1,-2,83
10256100,11,20,3,80
10256610,4,31,1,79
10257120,99,95,-3,82
10257630,81,4,7,75
10258140,57,23,-4,79
10258650,11,42,2,77
10259160,17,33,-10,87
10259670,12,44,2,85
10260180,11,6,7,78
10260690,4,17,-5,83
10261200,99,28,10,73
10261710,75,38,0,73
10262220,97,58,0,73
10262730,17,78,-7,80
10263240,23,69,-2,82
10263750,26,60,2,80
10264260,31,61,2,78
10264770,36,52,-5,83
10265280,88,63,9,74
10265790,8,83,-7,81
10266300,14,45,9,72
10266810,13,36,-7,79
10267320,6,100,-7,86
10267830,51,62,8,78
10268340,1,73,-1,79
10268850,46,35,-7,86
10269360,65,46,5,81
10269870,86,8,7,74
10270380,62,27,-7,81
10270890,11,46,3,78
10271400,75,37,7,71
10271910,97,57,-5,76
10272420,17,77,-1,77
10272930,23,68,-5,82
10273440,26,59,2,80
10273950,60,50,0,80
10274460,81,61,-2,82
10274970,0,23,7,75
10275480,50,87,-9,84
10275990,55,78,4,80
10276500,60,69,-5,85
10277010,10,80,9,76
10277520,16,71,-3,79
10278030,22,62,-1,80
10278540,25,53,4,76
10279050,77,54,-5,81
10279560,98,16,3,78
10280070,74,26,2,76
10280580,96,67,-4,80
10281090,16,87,-1,81
10281600,61,78,0,81
10282110,11,79,-1,82
10282620,17,70,-3,85
10283130,23,61,10,75
10283640,5,52,-3,78
10284150,11,14,1,77
10284660,4,25,3,74
10285170,99,89,-5,79
10285680,81,51,4,75
10286190,1,71,-4,79
10286700,46,99,2,77
10287210,49,90,-5,82
10287720,50,81,4,78
10288230,55,72,-2,80
10288740,5,83,-2,82
10289250,50,45,1,81
10289760,71,56,2,79
10290270,92,18,-2,81
10290780,68,28,9,72
10291290,90,48,1,71
10291800,10,68,-7,78
10292310,16,59,0,78
10292820,22,50,-4,82
10293330,74,12,4,78
10293840,50,83,-6,84
10294350,0,74,1,83
10294860,0,36,9,74
10295370,6,100,-6,80
10295880,51,62,-1,81
10296390,79,73,4,77
10296900,61,35,-2,79
10297410,79,99,-4,83
10297920,61,35,0,83
10298430,82,99,5,78
10298940,64,8,3,75
10299450,98,79,-3,78
10299960,80,41,2,76
10300470,0,61,1,75
10300980,6,52,1,74
10301490,12,43,-1,75
10302000,76,5,-5,80
10302510,52,24,-3,83
10303020,86,88,-1,84
10303530,68,50,9,75
10304040,89,12,0,75
10304550,65,22,-3,78
10305060,19,93,-2,80
10305570,27,84,-2,82
10306080,32,75,2,80
10306590,37,66,3,77
10307100,89,57,0,77
10307610,9,19,2,75
10308120,2,30,-4,79
10308630,97,94,-2,81
10309140,79,56,1,80
10309650,101,18,6,74
10310160,77,28,-1,75
10310670,99,69,-4,79
10311180,19,89,-2,81
10311690,19,80,0,81
10312200,25,71,-5,86
10312710,28,62,12,74
10313220,33,53,1,73
10313730,85,54,-2,75
10314240,5,16,1,74
10314750,100,80,-8,82
10315260,20,42,9,73
10315770,72,4,-6,79
10316280,48,23,-10,89
10316790,78,87,7,82
10317300,60,49,5,77
10317810,81,11,-2,79
10318320,57,21,8,71
10318830,87,40,-4,75
10319340,7,60,-4,79
10319850,13,51,1,78
10320360,19,42,-1,79
10320870,24,4,-2,81
10321380,81,15,6,75
10321890,13,25,-9,84
10322400,6,36,7,77
10322910,12,100,-3,80
10323420,57,91,2,78
10323930,62,82,-6,84
10324440,12,83,3,81
10324950,18,74,2,79
10325460,24,65,0,79
10325970,27,56,0,79
10326480,79,57,-3,82
10326990,101,19,6,76
10327500,77,29,-3,79
10328010,99,70,2,77
10328520,19,90,-8,85
10329030,25,81,5,80
10329540,28,72,-3,83
10330050,31,63,3,80
10330560,65,54,-2,82
10331070,87,16,9,73
10331580,63,26,-6,79
10332090,93,46,5,74
10332600,13,66,-7,81
10333110,19,57,8,73
10333620,22,48,-4,77
10334130,74,10,0,77
10334640,6,81,1,76
10335150,6,72,-5,81
10335660,6,63,1,80
10336170,6,54,1,79
10336680,12,45,0,79
10337190,76,36,1,78
10337700,98,56,8,70
10338210,18,76,-7,77
10338720,24,67,-12,89
10339230,27,58,6,83
10339740,61,59,-2,85
10340250,95,70,9,76
10340760,15,90,-5,81
10341270,15,81,6,75
10341780,21,72,2,73
10342290,27,63,-3,76
10342800,79,54,-3,79
10343310,101,16,6,73
10343820,77,26,1,72
10344330,99,97,-11,83
10344840,81,6,4,79
10345350,57,25,1,78
10345860,87,89,-2,80
10346370,69,51,-1,81
10346880,99,13,6,75
10347390,75,23,0,75
10347900,3,94,-4,79
10348410,48,85,-9,88
10348920,100,76,7,81
10349430,20,38,7,74
10349940,72,0,-7,81
10350450,48,19,2,79
10350960,78,38,5,74
10351470,100,58,0,74
10351980,20,78,-4,78
10352490,26,69,-1,79
10353000,29,60,-4,83
10353510,63,51,1,82
10354020,93,62,3,79
10354530,13,82,-1,80
10355040,19,73,4,76
10355550,25,64,-7,83
10356060,77,55,-1,84
10356570,5,17,10,74
10357080,100,28,-6,80
10357590,28,38,0,80
10358100,80,49,4,76
10358610,0,69,4,72
10359120,0,60,-5,77
10359630,6,51,-1,78
10360140,12,42,3,75
10360650,76,33,-1,76
10361160,98,53,-2,78
10361670,18,73,0,78
10362180,24,64,-4,82
10362690,27,55,3,79
10363200,79,46,0,79
10363710,101,66,4,75
10364220,21,86,0,75
10364730,27,77,-4,79
10365240,30,68,-6,85
10365750,54,59,4,81
10366260,4,70,4,77
10366770,4,61,2,75
10367280,10,52,-5,80
10367790,16,43,-2,82
10368300,11,5,0,82
10368810,4,16,9,73
10369320,99,27,3,70
10369830,27,98,-13,83
10370340,30,89,8,75
10370850,33,80,-7,82
10371360,36,71,0,82
10371870,70,62,5,77
10372380,91,73,3,74
10372890,11,38,-4,78
10373400,10,39,-2,80
10373910,9,30,8,72
10374420,4,31,-4,76
10374930,54,32,-8,84
10375440,84,43,11,73
10375950,4,63,-6,79
10376460,4,54,7,72
10376970,10,45,-7,79
10377480,9,36,5,74
10377990,8,27,-6,80
10378500,7,91,0,80
10379010,7,82,-2,82
10379520,7,73,1,81
10380030,7,64,3,78
10380540,13,55,-2,80
10381050,77,46,-4,84
10381560,99,66,2,82
10382070,19,86,2,80
10382580,25,77,5,75
10383090,28,68,-4,79
10383600,80,59,4,75
10384110,0,79,-8,83
10384620,0,34,12,71
10385130,6,47,-10,81
10385640,12,38,2,79
10386150,7,39,4,75
10386660,6,30,2,73
10387170,101,31,0,73
10387680,21,41,-9,82
10388190,16,42,6,76
10388700,11,43,-9,85
10389210,10,34,2,83
10389720,9,98,2,81
10390230,9,53,-1,82
10390740,15,44,3,79
10391250,10,45,-3,82
10391760,74,36,-1,83
10392270,96,56,9,74
10392780,16,76,-5,79
10393290,22,67,0,79
10393800,46,58,3,76
10394310,98,69,-1,77
10394820,18,89,-1,78
10395330,24,80,4,74
10395840,27,71,1,73
10396350,30,62,-12,85
10396860,64,53,3,82
10397370,85,64,4,78
10397880,5,84,-3,81
10398390,5,39,3,78
10398900,69,30,4,74
10399410,91,50,2,72
10399920,11,70,-8,80
10400430,17,61,1,79
10400940,81,52,7,72
10401450,1,72,2,70
10401960,1,63,-10,80
10402470,1,54,-3,83
10402980,7,45,3,80
10403490,71,46,0,80
10404000,93,66,7,73
10404510,13,86,-6,79
10405020,19,77,-2,81
10405530,25,68,5,76
10406040,28,59,-6,82
10406550,62,60,11,71
10407060,12,71,-11,82
10407570,18,62,1,81
10408080,87,53,10,71
10408590,7,73,-10,81
10409100,13,64,3,78
10409610,19,55,1,77
10410120,14,46,-1,78
10410630,9,47,-1,79
10411140,73,38,0,79
10411650,95,58,9,70
10412160,15,78,-15,85
10412670,21,69,6,79
10413180,24,60,2,77
10413690,76,51,-2,79
10414200,98,43,6,73
10414710,18,63,-4,77
10415220,82,54,1,76
10415730,2,19,-4,80
10416240,97,30,5,75
10416750,17,50,-6,81
10417260,12,41,1,80
10417770,76,42,-1,81
10418280,98,53,2,79
10418790,18,73,-5,84
10419300,82,64,7,77
10419810,2,29,1,76
10420320,66,38,3,73
10420830,88,58,-6,79
10421340,8,78,1,78
10421850,8,69,3,75
10422360,14,60,-1,76
10422870,78,51,0,76
10423380,100,71,0,76
10423890,20,91,-3,79
10424400,26,82,-4,83
10424910,29,73,0,83
10425420,32,64,2,81
10425930,53,65,-9,90
10426440,87,76,15,75
10426950,92,87,-3,78
10427460,74,98,-2,80
10427970,56,89,-6,86
10428480,6,80,1,85
10428990,6,71,4,81
10429500,12,62,-3,84
10430010,76,53,4,80
10430520,98,73,1,79
10431030,18,93,-7,86
10431540,24,48,3,83
10432050,58,59,-2,85
10432560,92,70,8,77
10433070,12,90,-6,83
10433580,18,45,3,80
10434090,13,88,-3,83
10434600,19,79,-1,84
10435110,25,70,2,82
10435620,28,61,0,82
10436130,80,62,9,73
10436640,0,92,-8,81
10437150,0,42,2,79
10437660,6,51,2,77
10438170,12,42,-5,82
10438680,76,43,7,75
10439190,98,63,-3,78
10439700,18,83,2,76
10440210,24,74,-4,80
10440720,27,65,-2,82
10441230,32,56,7,75
10441740,84,47,2,73
10442250,4,67,-5,78
10442760,22,58,-11,89
10443270,17,49,7,82
10443780,81,40,5,77
10444290,1,60,3,74
10444800,7,51,-1,75
10445310,71,25,-1,76
10445820,93,45,3,73
10446330,13,65,-5,78
10446840,19,56,0,78
10447350,83,47,0,78
10447860,3,67,-2,80
10448370,9,58,6,74
10448880,73,49,-4,78
10449390,95,69,0,78
10449900,15,89,1,77
10450410,21,80,0,77
10450920,27,71,1,76
10451430,30,62,-4,80
10451940,64,53,2,78
10452450,85,64,-1,79
10452960,5,84,1,78
10453470,100,34,1,77
10453980,20,54,-3,80
10454490,23,45,1,79
10455000,75,56,0,79
10455510,96,86,3,76
10456020,101,14,4,72
10456530,75,52,-2,74
10457040,97,72,4,70
10457550,17,92,-13,83
10458060,23,47,10,73
10458570,28,48,-11,84
10459080,80,59,7,77
10459590,0,79,-7,84
10460100,0,29,12,72
10460610,95,30,3,69
10461120,15,50,-10,79
10461630,10,41,1,78
10462140,74,32,2,76
10462650,96,52,5,71
10463160,16,72,-4,75
10463670,22,63,-2,77
10464180,25,54,-1,78
10464690,32,45,-7,85
10465200,84,56,14,71
10465710,4,76,-10,81
10466220,4,26,4,77
10466730,99,27,1,76
10467240,19,65,-4,80
10467750,22,56,2,78
10468260,17,47,1,77
10468770,12,38,-9,86
10469280,7,0,9,77
10469790,0,11,-1,78
10470300,95,22,5,73
10470810,25,60,-4,77
10471320,77,51,0,77
10471830,99,71,0,77
10472340,19,91,-1,78
10472850,22,82,0,78
10473360,25,73,-7,85
10473870,28,64,5,80
10474380,31,39,-1,81
10474890,83,50,5,76
10475400,3,70,2,74
10475910,3,61,-5,79
10476420,9,52,1,78
10476930,73,43,7,71
10477440,95,63,2,69
10477950,15,83,-10,79
10478460,21,74,2,77
10478970,24,65,-5,82
10479480,27,56,-1,83
10479990,22,57,0,83
10480500,17,48,1,82
10481010,12,49,3,79
10481520,76,40,8,71
10482030,98,60,-2,73
10482540,18,80,-2,75
10483050,24,71,-1,76
10483560,27,62,-3,79
10484070,79,53,1,78
10484580,101,73,-4,82
10485090,21,57,7,75
10485600,16,48,-12,87
10486110,11,49,8,79
10486620,14,40,-2,81
10487130,9,51,-3,84
10487640,15,42,9,75
10488150,10,43,-4,79
10488660,9,34,-1,80
10489170,2,45,2,78
10489680,8,36,-3,81
10490190,7,37,4,77
10490700,0,38,5,72
10491210,95,47,5,67
10491720,15,67,-15,82
10492230,19,58,5,77
10492740,22,49,0,77
10493250,61,50,-3,80
10493760,2,61,5,75
10494270,8,52,-4,79
10494780,96,43,6,73
10495290,16,63,-7,80
10495800,20,54,-2,82
10496310,15,45,5,77
10496820,10,36,0,77
10497330,3,37,3,74
10497840,98,28,3,71
10498350,18,48,-9,80
10498860,13,39,-3,83
10499370,8,1,4,79
10499880,1,40,2,77
10500390,96,49,-3,80
10500900,16,69,2,78
10501410,20,60,0,78
10501920,23,51,-4,82
10502430,18,52,4,78
10502940,13,43,-7,85
10503450,8,44,13,72
10503960,1,35,-6,78
10504470,51,36,-5,83
10504980,94,47,6,77
10505490,14,67,1,76
10506000,18,58,-2,78
10506510,21,49,0,78
10507020,16,50,-3,81
10507530,11,41,2,79
10508040,4,42,4,75
10508550,99,33,-2,77
10509060,19,53,-6,83
10509570,14,44,6,77
10510080,9,45,-5,82
10510590,40,46,-8,90
10511100,92,57,18,72
10511610,12,77,-5,77
10512120,18,68,-2,79
10512630,22,59,1,78
10513140,17,50,-7,85
10513650,12,51,-1,86
10514160,11,42,6,80
10514670,6,43,3,77
10515180,101,34,1,76
10515690,21,54,-5,81
10516200,16,65,-3,84
10516710,20,56,4,80
10517220,15,47,0,80
10517730,10,48,1,79
10518240,5,39,0,79
10518750,100,40,2,77
10519260,20,60,-1,78
10519770,15,51,1,77
10520280,18,42,-5,82
10520790,13,53,7,75
10521300,17,44,-6,81
10521810,12,45,1,80
10522320,7,36,8,72
10522830,0,27,-9,81
10523340,95,60,7,74
10523850,15,80,-4,78
10524360,100,71,3,75
10524870,20,91,-6,81
10525380,23,82,1,80
10525890,26,73,1,79
10526400,29,64,2,77
10526910,34,55,0,77
10527420,39,46,-5,82
10527930,91,57,10,72
10528440,11,77,-10,82
10528950,96,68,1,81
10529460,16,88,0,81
10529970,101,79,7,74
10530480,83,99,-8,82
10530990,65,35,8,74
10531500,6,43,-3,77
10532010,101,34,4,73
10532520,21,54,-4,77
10533030,16,45,2,75
10533540,11,36,-4,79
10534050,4,37,-4,83
10534560,35,50,-8,91
10535070,87,61,16,75
10535580,7,81,-2,77
10536090,88,72,-5,82
10536600,93,37,11,71
10537110,13,57,-6,77
10537620,92,48,1,76
10538130,12,68,-3,79
10538640,97,59,12,67
10539150,17,79,-11,78
10539660,0,70,0,78
10540170,95,25,8,70
10540680,71,35,-5,75
10541190,12,55,-1,76
10541700,43,46,-3,79
10542210,95,57,7,72
10542720,15,77,-6,78
10543230,100,68,2,76
10543740,20,88,-3,79
10544250,26,79,-1,80
10544760,31,70,-4,84
10545270,83,61,11,73
10545780,3,81,-6,79
10546290,84,36,7,72
10546800,4,56,-8,80
10547310,85,47,6,74
10547820,5,67,-7,81
10548330,86,58,5,76
10548840,6,78,0,76
10549350,101,69,1,75
10549860,21,50,-2,77
10550370,16,41,-1,78
10550880,11,42,1,77
10551390,10,33,3,74
10551900,5,42,1,73
10552410,11,33,-8,81
10552920,6,54,0,81
10553430,87,45,2,79
10553940,7,65,-9,88
10554450,88,56,18,70
10554960,8,76,-7,77
10555470,89,67,4,73
10555980,9,87,-5,78
10556490,90,78,-6,84
10557000,95,6,4,80
10557510,69,16,17,63
10558020,10,57,-15,78
10558530,41,48,-4,82
10559040,93,59,7,75
10559550,13,79,-8,83
10560060,19,70,-2,85
10560570,98,61,9,76
10561080,18,81,-3,79
10561590,22,72,0,79
10562100,25,63,2,77
10562610,20,54,-4,81
10563120,15,45,3,78
10563630,10,36,2,76
10564140,9,37,-3,79
10564650,8,38,1,78
10565160,72,39,0,78
10565670,13,59,1,77
10566180,77,50,5,72
10566690,99,70,-6,78
10567200,19,90,-1,79
10567710,25,81,-3,82
10568220,28,72,1,81
10568730,31,63,4,77
10569240,36,54,-7,84
10569750,88,55,12,72
10570260,8,75,-4,76
10570770,89,66,-5,81
10571280,17,75,3,78
10571790,21,66,1,77
10572300,24,57,4,73
10572810,29,48,-10,83
10573320,81,49,9,74
10573830,9,69,1,73
10574340,15,60,-5,78
10574850,19,51,-4,82
10575360,14,42,9,73
10575870,9,33,0,73
10576380,8,24,0,73
10576890,1,35,-2,75
10577400,82,44,1,74
10577910,10,64,-4,78
10578420,16,55,0,78
10578930,15,46,-3,81
10579440,10,37,-5,86
10579950,9,101,7,79
10580460,2,56,2,77
10580970,83,47,3,74
10581480,11,67,-5,79
10581990,15,58,6,73
10582500,19,49,-9,82
10583010,14,40,4,78
10583520,9,2,-6,84
10584030,2,41,6,78
10584540,66,32,5,73
10585050,7,52,-3,76
10585560,13,43,-3,79
10586070,12,44,-8,87
10586580,76,45,10,77
10587090,4,65,0,77
10587600,85,56,3,74
10588110,13,76,-7,81
10588620,19,67,-1,82
10589130,23,58,3,79
10589640,28,49,-12,91
10590150,62,11,13,78
10590660,3,82,3,75
10591170,84,37,-4,79
10591680,12,57,-3,82
10592190,18,48,3,79
10592700,13,39,3,76
10593210,8,30,-7,83
10593720,1,43,7,76
10594230,82,34,3,73
10594740,10,54,-6,79
10595250,16,45,3,76
10595760,11,36,-5,81
10596270,75,37,8,73
10596780,3,57,-6,79
10597290,84,12,1,78
10597800,12,22,-2,80
10598310,5,33,9,71
10598820,100,24,-9,80
10599330,28,34,-4,84
10599840,80,45,8,76
10600350,8,65,-3,79
10600860,14,56,-3,82
10601370,78,47,5,77
10601880,6,67,-3,80
10602390,87,58,13,67
10602900,15,78,-14,81
10603410,21,69,-1,82
10603920,25,60,2,80
10604430,20,51,-6,86
10604940,15,52,8,78
10605450,79,43,2,76
10605960,62,51,-5,81
10606470,92,13,7,74
10606980,20,23,0,74
10607490,25,34,-7,81
10608000,30,45,-1,82
10608510,82,46,7,75
10609020,10,66,-8,83
10609530,16,57,5,78
10610040,20,48,0,78
10610550,15,39,-3,81
10611060,10,1,-3,84
10611570,3,40,7,77
10612080,9,31,-1,78
10612590,4,95,-5,83
10613100,85,50,11,72
10613610,13,70,-2,74
10614120,19,61,-9,83
10614630,23,52,7,76
10615140,18,43,0,76
10615650,13,44,2,74
10616160,57,35,-5,79
10616670,87,99,3,76
10617180,69,27,3,73
10617690,99,47,-3,76
10618200,27,67,-9,85
10618710,31,58,4,81
10619220,65,49,4,77
10619730,95,11,-3,80
10620240,69,21,3,77
10620750,99,92,-2,79
10621260,81,20,-3,82
10621770,9,91,5,77
10622280,90,46,9,68
10622790,18,66,-9,77
10623300,22,57,-8,85
10623810,17,48,4,81
10624320,21,39,3,78
10624830,26,50,2,76
10625340,31,41,-1,77
10625850,83,52,-1,78
10626360,11,72,-7,85
10626870,17,63,8,77
10627380,81,54,5,72
10627890,9,62,-11,83
10628400,73,53,7,76
10628910,1,15,-3,79
10629420,96,51,2,77
10629930,24,71,-4,81
10630440,28,62,-1,82
10630950,32,53,5,77
10631460,37,44,-5,82
10631970,56,55,-4,86
10632480,86,66,7,79
10632990,14,31,4,75
10633500,9,95,-1,76
10634010,90,50,3,73
10634520,18,70,-7,80
10635030,22,61,-1,81
10635540,26,52,-1,82
10636050,65,53,6,76
10636560,95,15,6,70
10637070,23,25,-10,80
10637580,62,36,3,77
10638090,3,39,0,77
10638600,9,1,-9,86
10639110,28,40,7,79
10639620,10,51,-2,81
10640130,74,42,2,79
10640640,2,50,2,77
10641150,83,41,8,69
10641660,11,61,-8,77
10642170,17,52,-3,80
10642680,21,43,-4,84
10643190,16,5,8,76
10643700,55,59,-6,82
10644210,85,70,2,80
10644720,13,32,3,77
10645230,8,96,-5,82
10645740,89,51,8,74
10646250,17,71,-2,76
10646760,23,62,-4,80
10647270,27,53,-1,81
10647780,66,44,3,78
10648290,7,100,-2,80
10648800,88,55,4,76
10649310,16,75,-3,79
10649820,22,66,0,79
10650330,26,57,-2,81
10650840,31,19,-3,84
10651350,61,30,7,77
10651860,2,33,1,76
10652370,66,97,-2,78
10652880,16,88,-7,85
10653390,22,79,8,77
10653900,26,70,-2,79
10654410,29,61,-2,81
10654920,83,52,2,79
10655430,11,72,1,78
10655940,92,63,0,78
10656450,20,83,-5,83
10656960,26,74,-8,91
10657470,29,65,13,78
10657980,83,56,4,74
10658490,11,76,-7,81
10659000,92,67,6,75
10659510,20,87,-4,79
10660020,26,78,3,76
10660530,30,69,-6,82
10661040,84,60,2,80
10661550,12,22,9,71
10662060,5,86,-8,79
10662570,86,36,10,69
10663080,14,56,-13,82
10663590,18,47,2,80
10664100,13,38,3,77
10664610,8,75,1,76
10665120,89,66,2,74
10665630,17,31,-4,78
10666140,12,95,-6,84
10666650,93,86,6,78
10667160,75,48,1,77
10667670,3,56,1,76
10668180,84,47,3,73
10668690,12,67,-9,82
10669200,100,58,7,75
10669710,28,78,-10,85
10670220,5,69,3,82
10670730,86,60,5,77
10671240,14,80,-1,78
10671750,20,71,-5,83
10672260,24,62,9,74
10672770,1,53,-6,80
10673280,82,44,7,73
10673790,10,64,-6,79
10674300,16,55,0,79
10674810,20,46,2,77
10675320,24,47,-6,83
10675830,19,9,3,80
10676340,76,20,-3,83
10676850,4,91,9,74
10677360,85,41,1,73
10677870,13,61,-4,77
10678380,19,52,-2,79
10678890,39,43,-6,85
10679400,78,54,6,79
10679910,6,74,1,78
10680420,87,24,5,73
10680930,15,34,-7,80
10681440,10,98,-3,83
10681950,79,48,3,80
10682460,7,68,0,80
10682970,88,59,5,75
10683480,16,79,1,74
10683990,22,70,-1,75
10684500,26,61,1,74
10685010,80,52,-4,78
10685520,8,72,2,76
10686030,89,63,-1,77
10686540,17,83,-1,78
10687050,23,74,-3,81
10687560,0,65,1,80
10688070,81,27,4,76
10688580,9,47,-1,77
10689090,15,38,-4,81
10689600,10,0,0,81
10690110,3,39,-1,82
10690620,84,1,3,79
10691130,60,20,9,70
10691640,1,30,-8,78
10692150,82,94,-3,81
10692660,64,22,13,68
10693170,94,21,-5,73
10693680,22,31,-8,81
10694190,4,42,1,80
10694700,10,4,5,75
10695210,3,58,2,73
10695720,84,49,3,70
10696230,12,69,-9,79
10696740,18,60,-2,81
10697250,22,51,3,78
10697760,26,52,-1,79
10698270,78,53,0,79
10698780,6,73,5,74
10699290,87,64,-4,78
10699800,15,84,-3,81
10700310,21,75,-1,82
10700820,25,66,-2,84
10701330,79,57,5,79
10701840,7,22,2,77
10702350,0,86,0,77
10702860,81,36,4,73
10703370,9,56,-6,79
10703880,97,47,4,75
10704390,25,67,-7,82
10704900,29,58,-2,84
10705410,81,59,9,75
10705920,9,24,-3,78
10706430,4,88,-1,79
10706940,85,38,8,71
10707450,13,58,-8,79
10707960,17,49,2,77
10708470,12,40,0,77
10708980,7,41,-8,85
10709490,71,3,5,80
10710000,47,22,-2,82
10710510,77,25,4,78
10711020,5,45,2,76
10711530,11,36,-6,82
10712040,6,100,0,82
10712550,87,50,12,70
10713060,15,70,-13,83
10713570,21,61,4,79
10714080,25,52,0,79
10714590,20,43,0,79
10715100,15,3,0,79
10715610,72,58,2,77
10716120,0,20,4,73
10716630,95,21,-1,74
10717140,23,31,-2,76
10717650,75,42,-4,80
10718160,3,45,-5,85
10718670,84,46,6,79
10719180,12,67,0,79
10719690,18,58,0,79
10720200,22,49,5,74
10720710,17,40,-10,84
10721220,12,2,1,83
10721730,4,56,8,75
10722240,85,47,4,71
10722750,13,67,-8,79
10723260,92,58,7,72
10723770,20,78,-5,77
10724280,99,69,1,76
10724790,27,89,-7,83
10725300,4,80,1,82
10725810,85,30,10,72
10726320,13,50,-7,79
10726830,12,41,2,77
10727340,7,42,-3,80
10727850,13,43,0,80
10728360,8,44,1,79
10728870,14,35,-3,82
10729380,9,99,5,77
10729890,90,49,3,74
10730400,52,69,-9,83
10730910,2,80,-2,85
10731420,83,42,14,71
10731930,11,62,-10,81
10732440,17,53,1,80
10732950,12,44,4,76
10733460,16,6,-3,79
10733970,73,17,1,78
10734480,1,27,-1,79
10734990,82,59,5,74
10735500,10,79,-5,79
10736010,91,29,7,72
10736520,19,49,-9,81
10737030,14,40,4,77
10737540,9,2,-6,83
10738050,2,41,9,74
10738560,83,42,-2,76
10739070,11,62,2,74
10739580,99,53,-1,75
10740090,27,73,-10,85
10740600,79,64,0,85
10741110,20,29,2,83
10741620,72,40,5,78
10742130,13,43,0,78
10742640,8,44,-3,81
10743150,96,45,4,77
10743660,95,65,-2,79
10744170,36,85,-2,81
10744680,55,76,-2,83
10745190,5,77,3,80
10745700,86,27,4,76
10746210,14,47,-4,80
10746720,9,48,1,79
10747230,97,39,-4,83
10747740,25,59,9,74
10748250,77,60,-8,82
10748760,5,25,10,72
10749270,0,89,-11,83
10749780,81,51,4,79
10750290,9,71,4,75
10750800,94,62,-1,76
10751310,35,82,-3,79
10751820,69,73,0,79
10752330,19,84,-5,84
10752840,5,75,0,84
10753350,86,37,7,77
10753860,14,57,0,77
10754370,0,48,5,72
10754880,81,39,-1,73
10755390,9,59,-7,80
10755900,90,50,2,78
10756410,18,70,1,77
10756920,97,61,-3,80
10757430,25,81,-2,82
10757940,29,72,4,78
10758450,63,63,1,77
10758960,4,74,-3,80
10759470,85,65,8,72
10759980,13,30,1,71
10760490,8,94,-11,82
10761000,89,44,5,77
10761510,17,64,5,72
10762020,21,55,-5,77
10762530,55,46,-1,78
10763040,98,57,6,72
10763550,26,77,-8,80
10764060,16,68,-1,81
10764570,2,59,10,71
10765080,83,50,-3,74
10765590,11,70,-3,77
10766100,96,61,2,75
10766610,24,81,-4,79
10767120,1,72,1,78
10767630,82,22,5,73
10768140,10,42,-5,78
10768650,9,43,2,76
10769160,97,44,4,72
10769670,25,64,-4,76
10770180,59,55,-5,81
10770690,93,66,4,77
10771200,34,86,-6,83
10771710,68,77,3,80
10772220,18,88,2,78
10772730,1,79,5,73
10773240,82,29,1,72
10773750,10,49,-12,84
10774260,16,40,2,82
10774770,15,2,-2,84
10775280,72,56,10,74
10775790,13,21,-9,83
10776300,8,60,7,76
10776810,89,51,3,73
10777320,17,71,-2,75
10777830,23,62,-1,76
10778340,57,53,-1,77
10778850,100,64,1,76
10779360,41,84,-10,86
10779870,75,75,2,84
10780380,16,37,8,76
10780890,11,101,-5,81
10781400,96,51,11,70
10781910,24,71,-6,76
10782420,1,62,2,74
10782930,82,24,4,70
10783440,10,44,-10,80
10783950,74,45,9,71
10784460,15,48,-7,78
10784970,10,49,-1,79
10785480,16,40,-2,81
10785990,11,2,3,78
10786500,68,41,6,72
10787010,9,44,-5,77
10787520,97,35,4,73
10788030,25,55,-9,82
10788540,59,56,3,79
10789050,0,67,7,72
10789560,81,17,-4,76
10790070,13,27,-2,78
10790580,8,38,6,72
10791090,3,39,-2,74
10791600,84,1,-4,78
10792110,58,20,6,72
10792620,101,40,-5,77
10793130,58,60,-6,83
10793640,77,71,6,77
10794150,18,33,2,75
10794660,13,44,-5,80
10795170,8,45,1,79
10795680,14,36,-4,83
10796190,9,100,2,81
10796700,94,62,12,69
10797210,35,82,-13,82
10797720,69,73,-6,88
10798230,19,84,9,79
10798740,2,75,2,77
10799250,83,25,8,69
10799760,11,45,-11,80
10800270,6,36,4,76
10800780,1,100,0,76
10801290,82,50,0,76
10801800,23,53,-7,83
10802310,18,54,5,78
10802820,13,45,4,74
10803330,8,46,-3,77
10803840,14,37,-4,81
10804350,9,101,1,80
10804860,90,51,9,71
10805370,31,71,-12,83
10805880,65,62,0,83
10806390,6,73,2,81
10806900,87,23,7,74
10807410,19,43,-6,80
10807920,14,44,0,80
10808430,9,6,-1,81
10808940,2,60,5,76
10809450,83,51,2,74
10809960,24,71,-10,84
10810470,1,62,8,76
10810980,82,12,0,76
10811490,14,83,-2,78
10812000,99,22,-1,79
10812510,31,32,-4,83
10813020,50,43,-1,84
10813530,93,54,12,72
10814040,34,74,-11,83
10814550,77,65,2,81
10815060,18,27,8,73
10815570,70,38,-4,77
10816080,11,41,4,73
10816590,6,42,-6,79
10817100,87,4,1,78
10817610,61,23,0,78
10818120,2,42,-2,80
10818630,10,51,8,72
10819140,16,42,-7,79
10819650,11,4,0,79
10820160,68,18,3,76
10820670,9,38,-2,78
10821180,4,39,14,64
10821690,89,30,-13,77
10822200,17,50,-4,81
10822710,12,12,3,78
10823220,5,23,0,78
10823730,57,59,-6,84
10824240,76,70,3,81
10824750,17,32,8,73
10825260,101,96,-7,80
10825770,83,58,1,79
10826280,24,78,-2,81
10826790,1,69,0,81
10827300,82,19,8,73
10827810,14,29,-4,77
10828320,66,40,-1,78
10828830,7,43,-3,81
10829340,95,44,8,73
10829850,40,64,-14,87
10830360,92,65,14,73
10830870,33,85,-9,82
10831380,76,76,3,79
10831890,17,87,-1,80
10832400,0,78,7,73
10832910,85,28,-1,74
10833420,13,48,-4,78
10833930,8,39,1,77
10834440,96,40,5,72
10834950,41,60,-8,80
10835460,93,61,6,74
10835970,34,81,-9,83
10836480,68,72,2,81
10836990,18,83,-2,83
10837500,1,74,7,76
10838010,82,24,-1,77
10838520,14,44,1,76
10839030,93,35,0,76
10839540,21,55,2,74
10840050,100,56,0,74
10840560,45,76,-8,82
10841070,97,67,1,81
10841580,38,87,-1,82
10842090,81,78,3,79
10842600,22,40,3,76
10843110,4,51,-3,79
10843620,85,42,6,73
10844130,30,62,-6,79
10844640,64,53,-5,84
10845150,5,15,4,80
10845660,100,38,1,79
10846170,38,58,-3,82
10846680,90,59,10,72
10847190,31,79,-10,82
10847700,74,70,-2,84
10848210,15,32,1,83
10848720,10,96,1,82
10849230,95,46,5,77
10849740,33,66,-2,79
10850250,67,57,-4,83
10850760,8,19,4,79
10851270,1,83,2,77
10851780,82,33,3,74
10852290,10,53,-6,80
10852800,16,44,0,80
10853310,11,45,-4,84
10853820,99,36,6,78
10854330,37,56,-6,84
10854840,89,57,8,76
10855350,30,77,-4,80
10855860,64,68,-5,85
10856370,14,79,8,77
10856880,99,70,-1,78
10857390,40,90,1,77
10857900,83,81,-6,83
10858410,65,43,3,80
10858920,6,8,-3,83
10859430,101,47,4,79
10859940,39,67,-5,84
10860450,73,68,1,83
10860960,14,79,6,77
10861470,99,70,-1,78
10861980,40,90,-3,81
10862490,91,81,1,80
10863000,32,46,-5,85
10863510,84,57,10,75
10864020,25,77,-6,81
10864530,2,68,5,76
10865040,83,59,-3,79
10865550,24,24,-5,84
10866060,76,35,7,77
10866570,17,55,-1,78
10867080,96,46,4,74
10867590,34,66,-2,76
10868100,68,57,-1,77
10868610,9,19,-6,83
10869120,61,30,7,76
10869630,2,33,-5,81
10870140,83,34,1,80
10870650,15,54,-2,82
10871160,94,45,9,73
10871670,32,65,-9,82
10872180,66,56,5,77
10872690,7,21,1,76
10873200,0,32,-4,80
10873710,91,33,6,74
10874220,23,53,-5,79
10874730,57,54,-3,82
10875240,91,65,11,71
10875750,32,85,-7,78
10876260,9,76,-4,82
10876770,94,26,8,74
10877280,26,46,-10,84
10877790,60,47,8,76
10878300,1,12,4,72
10878810,96,13,-3,75
10879320,28,23,-9,84
10879830,62,34,9,75
10880340,3,37,-1,76
10880850,84,38,0,76
10881360,62,58,-2,78
10881870,3,69,0,78
10882380,84,60,-3,81
10882890,25,25,1,80
10883400,59,36,0,80
10883910,93,42,4,76
10884420,31,62,-1,77
10884930,65,53,-2,79
10885440,6,18,3,76
10885950,58,19,0,76
10886460,101,38,0,76
10886970,39,58,-4,80
10887480,91,59,7,73
10887990,29,79,-4,77
10888500,6,70,-6,83
10889010,87,61,4,79
10889520,28,26,-3,82
10890030,62,37,6,76
10890540,3,57,-3,79
10891050,25,48,0,79
10891560,59,49,0,79
10892070,0,12,0,79
10892580,1,13,3,76
10893090,53,14,1,75
10893600,87,33,3,72
10894110,19,53,-6,78
10894620,71,44,4,74
10895130,4,64,-2,76
10895640,85,55,3,73
10896150,18,75,-10,83
10896660,97,66,3,80
10897170,35,86,-6,86
10897680,69,77,4,82
10898190,19,12,-2,84
10898700,71,23,9,75
10899210,3,43,-4,79
10899720,84,34,5,74
10900230,16,54,2,72
10900740,95,45,-1,73
10901250,33,65,-9,82
10901760,67,56,0,82
10902270,101,21,-1,83
10902780,53,31,7,76
10903290,87,37,4,72
10903800,25,57,-12,84
10904310,77,48,9,75
10904820,10,68,-2,77
10905330,95,59,1,76
10905840,33,79,-6,82
10906350,67,70,0,82
10906860,17,81,3,79
10907370,0,72,-1,80
10907880,81,22,4,76
10908390,13,42,-8,84
10908900,77,43,7,77
10909410,10,63,-1,78
10909920,16,54,-4,82
10910430,15,45,10,72
10910940,14,36,-11,83
10911450,9,47,2,81
10911960,73,38,4,77
10912470,11,44,-3,80
10912980,10,45,1,79
10913490,74,46,1,78
10914000,7,52,-2,80
10914510,71,43,6,74
10915020,4,49,-7,81
10915530,68,40,7,74
10916040,1,46,-3,77
10916550,82,37,1,76
10917060,14,57,-4,80
10917570,78,48,-2,82
10918080,11,54,2,80
10918590,75,45,7,73
10919100,8,65,-4,77
10919610,93,56,4,73
10920120,31,76,-13,86
10920630,65,67,7,79
10921140,47,78,-9,88
10921650,99,69,5,83
10922160,37,89,6,77
10922670,56,80,-7,84
10923180,6,71,9,75
10923690,91,62,-1,76
10924200,24,82,-6,82
10924710,1,73,2,80
10925220,86,23,7,73
10925730,18,12,-5,78
10926240,0,23,-3,81
10926750,6,24,1,80
10927260,5,25,5,75
10927770,69,26,-1,76
10928280,1,46,-3,79
10928790,82,9,2,77
10929300,14,28,-6,83
10929810,66,39,5,78
10930320,100,45,5,73
10930830,38,65,-8,81
10931340,90,56,8,73
10931850,28,76,-6,79
10932360,5,67,-3,82
10932870,90,58,5,77
10933380,28,78,3,74
10933890,5,69,-13,87
10934400,5,60,4,83
10934910,11,51,4,79
10935420,75,40,1,78
10935930,13,60,1,77
10936440,19,51,-1,78
10936950,71,42,0,78
10937460,4,48,1,77
10937970,10,39,-2,79
10938480,9,33,2,77
10938990,4,34,0,77
10939500,68,35,4,73
10940010,6,55,-8,81
10940520,94,46,9,72
10941030,32,66,-8,80
10941540,66,57,-1,81
10942050,88,22,7,74
10942560,20,11,-11,85
10943070,54,22,10,75
10943580,88,41,3,72
10944090,26,61,-7,79
10944600,60,52,-4,83
10945110,94,63,13,70
10945620,32,83,-11,81
10946130,66,74,-2,83
10946640,16,9,2,81
10947150,50,20,5,76
10947660,69,39,0,76
10948170,2,45,-4,80
10948680,66,36,2,78
10949190,101,43,2,76
10949700,39,63,-7,83
10950210,91,64,11,72
10950720,29,84,-13,85
10951230,19,75,5,80
10951740,98,66,6,74
10952250,36,86,-8,82
10952760,55,77,-1,83
10953270,5,78,8,75
10953780,90,28,-2,77
10954290,22,17,1,76
10954800,41,28,-9,85
10955310,75,39,9,76
10955820,13,59,-2,78
10956330,101,50,3,75
10956840,73,70,-11,86
10957350,23,81,11,75
10957860,27,72,-5,80
10958370,17,63,-2,82
10958880,3,54,7,75
10959390,9,45,-3,78
10959900,97,46,3,75
10960410,35,66,-3,78
10960920,69,57,1,77
10961430,1,22,-2,79
10961940,0,23,9,70
10962450,6,24,-7,77
10962960,101,35,5,72
10963470,39,55,-9,81
10963980,91,56,7,74
10964490,29,76,-9,83
10965000,81,67,6,77
10965510,31,32,-7,84
10966020,50,43,-6,90
10966530,84,54,13,77
10967040,22,74,2,75
10967550,26,65,-9,84
10968060,78,56,9,75
10968570,11,21,-2,77
10969080,4,32,1,76
10969590,68,33,-5,81
10970100,0,53,3,78
10970610,6,19,4,74
10971120,1,30,0,74
10971630,65,31,1,73
10972140,10,32,-6,79
10972650,74,33,3,76
10973160,78,53,-3,79
10973670,11,18,-1,80
10974180,4,25,7,73
10974690,99,26,-2,75
10975200,31,15,-7,82
10975710,50,26,0,82
10976220,80,33,3,79
10976730,18,53,4,75
10977240,13,44,-3,78
10977750,77,35,1,77
10978260,15,55,-8,85
10978770,79,46,10,75
10979280,17,66,-6,81
10979790,21,84,2,79
10980300,4,75,3,76
10980810,89,25,1,75
10981320,21,14,-4,79
10981830,3,25,-6,85
10982340,53,26,6,79
10982850,87,33,3,76
10983360,25,53,1,75
10983870,77,44,0,75
10984380,10,64,-1,76
10984890,95,55,-3,79
10985400,33,75,1,78
10985910,67,66,0,78
10986420,17,77,-1,79
10986930,0,68,1,78
10987440,85,18,2,76
10987950,17,37,-4,80
10988460,12,38,-1,81
10988970,7,39,0,81
10989480,95,40,8,73
10989990,33,60,-6,79
10990500,85,61,4,75
10991010,23,26,-2,77
10991520,5,37,0,77
10992030,69,38,2,75
10992540,2,58,-2,77
10993050,87,8,-3,80
10993560,61,27,3,77
10994070,2,28,2,75
10994580,66,37,-5,80
10995090,7,43,4,76
10995600,95,34,3,73
10996110,33,23,-14,87
10996620,52,34,11,76
10997130,86,41,-1,77
10997640,24,61,-3,80
10998150,76,52,2,78
10998660,9,17,3,75
10999170,2,28,-3,78
10999680,66,29,-8,86
11000190,7,48,5,81
11000700,71,39,5,76
11001210,4,62,-4,80
11001720,89,53,5,75
11002230,27,73,-7,82
11002740,61,64,-1,83
11003250,11,75,4,79
11003760,96,66,7,72
11004270,34,86,-8,80
11004780,39,77,-2,82
11005290,31,68,-2,84
11005800,65,69,2,82
11006310,8,80,-2,84
11006820,93,30,8,76
11007330,31,50,-5,81
11007840,83,51,10,71
11008350,21,71,-8,79
11008860,11,62,-1,80
11009370,99,53,5,75
11009880,37,73,-7,82
11010390,71,64,2,80
11010900,21,29,5,75
11011410,3,40,-3,78
11011920,45,49,-12,90
11012430,64,60,12,78
11012940,98,71,-1,79
11013450,36,91,-3,82
11013960,93,82,-2,84
11014470,75,47,10,74
11014980,8,53,-8,82
11015490,96,44,6,76
11016000,34,64,0,76
11016510,86,55,3,73
11017020,24,75,-5,78
11017530,14,66,-1,79
11018040,99,57,4,75
11018550,37,77,-9,84
11019060,71,68,4,80
11019570,21,79,1,79
11020080,4,70,0,79
11020590,89,20,5,74
11021100,21,30,-5,79
11021610,73,41,5,74
11022120,6,49,-6,80
11022630,70,40,5,75
11023140,3,60,-5,80
11023650,88,10,4,76
11024160,62,20,4,72
11024670,3,49,-9,81
11025180,67,58,-1,82
11025690,101,71,2,80
11026200,39,79,-1,81
11026710,73,70,3,78
11027220,23,81,1,77
11027730,13,72,-2,79
11028240,98,63,8,71
11028750,36,83,-5,76
11029260,41,74,-4,80
11029770,66,75,1,79
11030280,48,10,-8,87
11030790,67,29,10,77
11031300,5,30,-2,79
11031810,69,31,3,76
11032320,20,51,-3,79
11032830,25,42,1,78
11033340,77,43,3,75
11033850,15,63,-5,80
11034360,19,54,-1,81
11034870,18,45,-1,82
11035380,74,46,7,75
11035890,7,54,-3,78
11036400,13,45,2,76
11036910,10,46,-7,83
11037420,74,47,5,78
11037930,7,54,1,77
11038440,4,45,-3,80
11038950,4,54,4,76
11039460,4,45,0,76
11039970,68,36,-1,77
11040480,90,43,3,74
11040990,28,63,-5,79
11041500,62,54,-2,81
11042010,96,65,4,77
11042520,34,85,-2,79
11043030,68,76,-9,88
11043540,18,87,6,82
11044050,1,78,7,75
11044560,1,28,-1,76
11045070,53,37,-3,79
11045580,87,44,5,74
11046090,7,64,-2,76
11046600,92,55,1,75
11047110,12,75,-9,84
11047620,97,66,8,76
11048130,35,67,-8,84
11048640,69,58,3,81
11049150,1,23,2,79
11049660,65,24,5,74
11050170,6,44,-5,79
11050680,70,35,4,75
11051190,11,36,-2,77
11051700,75,37,3,74
11052210,97,45,-3,77
11052720,35,65,-8,85
11053230,69,66,1,84
11053740,1,77,11,73
11054250,86,27,-3,76
11054760,24,16,-9,85
11055270,43,27,0,85
11055780,62,38,2,83
11056290,3,45,4,79
11056800,67,54,-2,81
11057310,101,61,7,74
11057820,39,81,-4,78
11058330,73,72,-2,80
11058840,23,83,-4,84
11059350,27,74,2,82
11059860,17,65,3,79
11060370,14,56,-3,82
11060880,78,47,10,72
11061390,100,55,-9,81
11061900,38,75,-10,91
11062410,72,76,3,88
11062920,22,87,7,81
11063430,95,78,3,78
11063940,45,43,-8,86
11064450,64,54,9,77
11064960,98,16,4,73
11065470,21,26,-7,80
11065980,3,37,6,74
11066490,67,46,-5,79
11067000,101,53,0,79
11067510,39,73,-6,85
11068020,73,74,8,77
11068530,23,85,1,76
11069040,13,76,0,76
11069550,98,67,-2,78
11070060,18,68,5,73
11070570,82,59,-2,75
11071080,32,60,-2,77
11071590,66,51,-3,80
11072100,100,13,-2,82
11072610,74,43,1,81
11073120,2,44,3,78
11073630,66,53,-4,82
11074140,100,60,5,77
11074650,38,80,-9,86
11075160,72,42,10,76
11075670,0,43,-3,79
11076180,0,95,4,75
11076690,0,45,0,75
11077200,64,97,-3,78
11077710,14,88,-1,79
11078220,99,79,1,78
11078730,49,44,-8,86
11079240,68,55,3,83
11079750,0,62,5,78
11080260,0,12,10,68
11080770,95,13,-8,76
11081280,69,23,5,71
11081790,73,43,-7,78
11082300,1,44,2,76
11082810,65,35,-2,78
11083320,6,42,-2,80
11083830,70,43,1,79
11084340,43,50,-2,81
11084850,95,61,9,72
11085360,15,62,-9,81
11085870,79,53,-1,82
11086380,7,18,9,73
11086890,0,54,-3,76
11087400,0,45,0,76
11087910,0,36,0,76
11088420,0,45,-3,79
11088930,0,36,1,78
11089440,64,37,4,74
11089950,94,38,-3,77
11090460,32,58,-5,82
11090970,84,59,5,77
11091480,34,24,-7,84
11091990,53,35,6,78
11092500,72,42,-1,79
11093010,0,43,2,77
11093520,0,44,3,74
11094030,0,35,-9,83
11094540,64,36,8,75
11095050,5,37,-4,79
11095560,69,38,4,75
11096070,99,39,-5,80
11096580,37,59,0,80
11097090,89,60,6,74
11097600,39,61,-8,82
11098110,91,62,6,76
11098620,11,63,-7,83
11099130,75,54,3,80
11099640,94,19,6,74
11100150,68,49,-2,76
11100660,87,14,-2,78
11101170,61,44,0,78
11101680,80,9,4,74
11102190,54,28,3,71
11102700,73,35,-3,74
11103210,14,55,-12,86
11103720,78,46,8,78
11104230,6,66,-1,79
11104740,6,57,-1,80
11105250,70,48,2,78
11105760,89,13,4,74
11106270,63,43,-8,82
11106780,82,8,-2,84
11107290,56,38,2,82
11107800,75,45,11,71
11108310,3,90,-12,83
11108820,3,40,4,79
11109330,67,41,1,78
11109840,97,42,7,71
11110350,35,62,-7,78
11110860,87,53,-2,80
11111370,15,73,-4,84
11111880,100,64,6,78
11112390,50,65,-1,79
11112900,0,66,1,78
11113410,0,57,-2,80
11113920,0,48,2,78
11114430,64,39,-1,79
11114940,83,40,3,76
11115450,11,60,-3,79
11115960,75,51,1,78
11116470,94,11,-2,80
11116980,68,41,1,79
11117490,98,71,2,77
11118000,48,72,-8,85
11118510,100,63,10,75
11119020,28,83,-3,78
11119530,47,74,-13,91
11120040,99,65,14,77
11120550,49,66,-4,81
11121060,101,67,6,75
11121570,51,87,-9,84
11122080,70,78,3,81
11122590,20,79,2,79
11123100,24,70,1,78
11123610,76,61,-5,83
11124120,95,26,10,73
11124630,33,46,-7,80
11125140,52,57,-3,83
11125650,71,68,2,81
11126160,90,79,3,78
11126670,40,44,-1,79
11127180,59,33,8,71
11127690,0,34,-7,78
11128200,64,35,-1,79
11128710,94,36,5,74
11129220,22,56,-1,75
11129730,74,47,-7,82
11130240,2,48,7,75
11130750,2,39,1,74
11131260,66,30,-2,76
11131770,7,31,4,72
11132280,4,32,-5,77
11132790,68,33,-2,79
11133300,98,53,9,70
11133810,26,73,-10,80
11134320,45,64,-3,83
11134830,64,65,7,76
11135340,83,76,-6,82
11135850,33,41,0,82
11136360,85,52,10,72
11136870,13,72,-6,78
11137380,98,63,-3,81
11137890,48,64,1,80
11138400,67,65,-6,86
11138910,86,76,10,76
11139420,36,41,-9,85
11139930,55,52,-2,87
11140440,74,63,5,82
11140950,93,28,8,74
11141460,31,48,-11,85
11141970,50,49,1,84
11142480,69,60,7,77
11142990,88,25,-2,79
11143500,92,15,3,76
11144010,66,25,1,75
11144520,96,26,-2,77
11145030,34,46,-3,80
11145540,53,57,6,74
11146050,72,68,-2,76
11146560,22,33,-2,78
11147070,74,44,1,77
11147580,2,64,-4,81
11148090,2,55,-1,82
11148600,2,46,2,80
11149110,66,37,6,74
11149620,96,38,-4,78
11150130,24,58,4,74
11150640,43,49,-10,84
11151150,62,60,8,76
11151660,81,71,-6,82
11152170,31,36,-3,85
11152680,50,47,0,85
11153190,69,58,7,78
11153700,88,23,4,74
11154210,26,43,-7,81
11154720,78,25,6,75
11155230,6,45,-11,86
11155740,70,46,9,77
11156250,89,11,4,73
11156760,63,30,-3,76
11157270,93,31,2,74
11157780,31,51,-5,79
11158290,83,52,1,78
11158800,11,72,2,76
11159310,11,63,-3,79
11159820,75,54,5,74
11160330,94,19,4,70
11160840,68,29,-8,78
11161350,9,85,-5,83
11161860,9,35,4,79
11162370,73,36,2,77
11162880,1,37,-1,78
11163390,65,28,12,66
11163900,6,48,-15,81
11164410,70,39,6,75
11164920,100,59,-1,76
11165430,28,79,-2,78
11165940,47,70,-3,81
11166450,99,71,1,80
11166960,16,91,1,79
11167470,16,82,3,76
11167980,101,73,-1,77
11168490,51,74,-11,88
11169000,1,75,10,78
11169510,1,25,3,75
11170020,65,26,-2,77
11170530,6,46,-3,80
11171040,70,37,6,74
11171550,100,57,-6,80
11172060,28,77,0,80
11172570,47,68,-1,81
11173080,99,69,6,75
11173590,81,89,-11,86
11174100,63,24,8,78
11174610,4,44,1,77
11175120,68,35,2,75
11175630,98,36,-5,80
11176140,26,56,2,78
11176650,78,47,3,75
11177160,6,48,-3,78
11177670,70,39,2,76
11178180,100,59,2,74
11178690,28,79,-3,77
11179200,47,70,-5,82
11179710,99,71,4,78
11180220,27,91,-3,81
11180730,46,82,-1,82
11181240,65,73,2,80
11181750,15,74,2,78
11182260,15,65,-2,80
11182770,79,56,-2,82
11183280,7,21,3,79
11183790,71,57,1,78
11184300,20,22,7,71
11184810,72,33,-3,74
11185320,0,53,-4,78
11185830,0,44,0,78
11186340,0,35,3,75
11186850,64,44,-2,77
11187360,94,9,-2,79
11187870,68,19,2,77
11188380,75,29,-3,80
11188890,82,49,7,73
11189400,10,69,-10,83
11189910,74,60,3,80
11190420,93,25,7,73
11190930,31,35,-7,80
11191440,83,46,0,80
11191950,11,66,4,76
11192460,75,57,-2,78
11192970,94,22,6,72
11193480,68,32,-3,75
11193990,70,33,5,70
11194500,100,41,-3,73
11195010,38,61,-12,85
11195520,90,62,7,78
11196030,18,82,-6,84
11196540,82,73,6,78
11197050,32,38,-6,84
11197560,51,49,4,80
11198070,70,60,0,80
11198580,89,25,7,73
11199090,27,35,-5,78
11199600,79,46,-2,80
11200110,7,66,1,79
11200620,71,57,1,78
11201130,90,22,1,77
11201640,64,32,0,77
11202150,94,41,-1,78
11202660,32,61,2,76
11203170,84,62,-2,78
11203680,12,27,-6,84
11204190,64,38,6,78
11204700,94,3,5,73
11205210,68,22,3,70
11205720,75,32,-7,77
11206230,3,52,1,76
11206740,3,43,-3,79
11207250,67,34,3,76
11207760,97,54,3,73
11208270,25,74,-5,78
11208780,44,65,-7,85
11209290,96,66,8,77
11209800,78,86,-4,81
11210310,60,62,-2,83
11210820,79,73,3,80
11211330,61,35,-1,81
11211840,91,42,7,74
11212350,29,62,0,74
11212860,48,53,-7,81
11213370,67,64,0,81
11213880,17,75,-2,83
11214390,81,66,8,75
11214900,100,31,7,68
11215410,4,51,-11,79
11215920,68,42,2,77
11216430,98,7,-2,79
11216940,72,17,-1,80
11217450,79,27,9,71
11217960,86,47,-1,72
11218470,14,67,-7,79
11218980,78,58,3,76
11219490,6,23,-3,79
11220000,70,59,-1,80
11220510,20,21,-3,83
11221020,72,32,9,74
11221530,79,52,-7,81
11222040,7,17,6,75
11222550,0,40,-7,82
11223060,64,49,1,81
11223570,83,14,-2,83
11224080,57,24,8,75
11224590,64,43,-4,79
11225100,94,8,1,78
11225610,68,18,3,75
11226120,75,28,-5,80
11226630,82,48,0,80
11227140,10,68,-2,82
11227650,91,59,5,77
11228160,19,18,3,74
11228670,1,29,-6,80
11229180,51,38,1,79
11229690,70,0,-1,80
11230200,44,19,-6,86
11230710,63,26,21,65
11231220,70,46,-15,80
11231730,100,11,6,74
11232240,74,21,-3,77
11232750,81,41,2,75
11233260,9,61,-2,77
11233770,90,52,-1,78
11234280,18,72,2,76
11234790,18,63,-3,79
11235300,82,54,0,79
11235810,10,74,-1,80
11236320,91,65,2,78
11236830,41,85,-3,81
11237340,60,76,-2,83
11237850,10,77,9,74
11238360,91,68,3,71
11238870,41,88,-15,86
11239380,60,79,6,80
11239890,10,80,-3,83
11240400,91,71,9,74
11240910,73,36,-6,80
11241420,80,56,2,78
11241930,63,21,4,74
11242440,70,41,-2,76
11242950,100,61,2,74
11243460,38,81,-9,83
11243970,5,72,2,81
11244480,86,63,8,73
11244990,36,83,-11,84
11245500,55,74,3,81
11246010,5,75,4,77
11246520,86,66,-3,80
11247030,14,31,-1,81
11247540,66,95,-5,86
11248050,16,86,5,81
11248560,16,77,2,79
11249070,2,68,1,78
11249580,83,59,3,75
11250090,11,21,-3,78
11250600,81,60,2,76
11251110,9,25,0,76
11251620,61,89,-10,86
11252130,11,80,6,80
11252640,92,71,3,77
11253150,30,33,-9,86
11253660,49,44,4,82
11254170,68,55,4,78
11254680,87,17,1,77
11255190,61,27,3,74
11255700,68,47,-7,81
11256210,87,9,5,76
11256720,61,19,-3,79
11257230,68,29,0,79
11257740,75,38,6,73
11258250,3,46,-1,74
11258760,3,37,3,71
11259270,67,28,-6,77
11259780,74,48,3,74
11260290,2,68,0,74
11260800,83,59,-5,79
11261310,11,24,3,76
11261820,4,35,0,76
11262330,85,44,4,72
11262840,23,64,-10,82
11263350,75,55,3,79
11263860,94,20,9,70
11264370,68,30,-5,75
11264880,75,50,-4,79
11265390,3,12,-2,81
11265900,98,35,4,77
11266410,70,55,-5,82
11266920,89,17,7,75
11267430,63,27,1,74
11267940,70,36,-4,78
11268450,100,44,-2,80
11268960,38,64,-2,82
11269470,57,55,2,80
11269980,76,17,0,80
11270490,52,27,-2,82
11271000,71,34,5,77
11271510,78,54,3,74
11272020,6,74,0,74
11272530,87,65,-7,81
11273040,15,85,0,81
11273550,96,76,2,79
11274060,46,41,-4,83
11274570,65,52,2,81
11275080,84,14,0,81
11275590,60,24,7,74
11276100,67,40,-5,79
11276610,97,70,7,72
11277120,47,90,-12,84
11277630,66,81,7,77
11278140,16,82,-3,80
11278650,97,73,0,80
11279160,18,38,0,80
11279670,70,0,2,78
11280180,44,19,-6,84
11280690,63,26,7,77
11281200,70,46,-3,80
11281710,100,8,-6,86
11282220,74,18,8,78
11282730,81,28,3,75
11283240,88,48,1,74
11283750,33,68,-7,81
11284260,52,59,0,81
11284770,71,70,-2,83
11285280,21,81,1,82
11285790,22,72,6,76
11286300,74,43,-2,78
11286810,2,63,5,73
11287320,1,54,-9,82
11287830,65,82,-5,87
11288340,15,5,9,78
11288850,67,59,-5,83
11289360,81,21,13,70
11289870,11,41,-11,81
11290380,63,50,1,80
11290890,82,12,2,78
11291400,56,22,2,76
11291910,63,41,0,76
11292420,93,3,-8,84
11292930,69,13,11,73
11293440,45,23,-10,83
11293950,64,30,6,77
11294460,71,39,1,76
11294970,78,59,-3,79
11295480,92,21,8,71
11295990,66,31,-5,76
11296500,73,51,0,76
11297010,87,13,-10,86
11297520,63,23,8,78
11298030,70,33,3,75
11298540,77,53,-1,76
11299050,91,18,2,74
11299560,65,28,1,73
11300070,72,48,-8,81
11300580,86,13,8,73
11301090,60,23,-4,77
11301600,67,42,-1,78
11302110,81,62,-4,82
11302620,95,27,1,81
11303130,71,47,-2,83
11303640,85,12,4,79
11304150,61,22,8,71
11304660,68,42,-12,83
11305170,82,7,6,77
11305680,56,26,3,74
11306190,63,46,-6,80
11306700,77,8,1,79
11307210,53,27,3,76
11307720,60,36,1,75
11308230,74,45,0,75
11308740,88,65,-7,82
11309250,0,30,-1,83
11309760,81,39,7,76
11310270,88,59,9,67
11310780,0,45,-6,73
11311290,81,65,-5,78
11311800,95,27,1,77
11312310,25,47,-4,81
11312820,77,48,1,80
11313330,91,68,4,76
11313840,3,30,2,74
11314350,67,39,0,74
11314860,81,59,-2,76
11315370,95,21,6,70
11315880,84,31,-8,78
11316390,91,51,0,78
11316900,29,71,-4,82
11317410,81,62,3,79
11317920,95,27,2,77
11318430,0,37,2,75
11318940,81,46,3,72
11319450,88,66,-2,74
11319960,9,31,-3,77
11320470,73,95,-8,85
11320980,23,96,9,76
11321490,37,87,-3,79
11322000,56,78,-4,83
11322510,47,79,-1,84
11323020,99,70,1,83
11323530,37,35,0,83
11324040,56,46,0,83
11324550,75,8,0,83
11325060,51,18,6,77
11325570,58,37,-7,84
11326080,72,101,-4,88
11326590,22,92,8,80
11327100,89,83,1,79
11327610,71,45,1,78
11328120,85,65,5,73
11328630,99,85,-6,79
11329140,20,50,0,79
11329650,72,41,6,73
11330160,79,61,-4,77
11330670,93,26,-2,79
11331180,69,36,7,72
11331690,76,56,-8,80
11332200,90,21,6,74
11332710,66,31,-3,77
11333220,73,51,1,76
11333730,87,16,-5,81
11334240,63,26,7,74
11334750,70,46,-2,76
11335260,84,8,-1,77
11335770,60,18,-4,81
11336280,67,28,3,78
11336790,74,48,2,76
11337300,88,68,3,73
11337810,0,33,-4,77
11338320,81,42,5,72
11338830,88,62,1,71
11339340,100,82,-6,77
11339850,21,47,2,75
11340360,73,48,-5,80
11340870,87,68,6,74
11341380,87,33,6,68
11341890,94,53,-10,78
11342400,1,73,-1,79
11342910,82,23,0,79
11343420,12,33,1,78
11343930,76,34,0,78
11344440,14,54,-4,82
11344950,78,45,7,75
11345460,87,65,0,75
11345970,8,30,-3,78
11346480,72,39,1,77
11346990,81,59,7,70
11347500,95,79,-10,80
11348010,18,44,1,79
11348520,70,45,0,79
11349030,77,65,3,76
11349540,91,30,5,71
11350050,98,50,-2,73
11350560,36,70,-11,84
11351070,55,61,5,79
11351580,74,62,0,79
11352090,88,27,8,71
11352600,18,47,-8,79
11353110,70,38,-1,80
11353620,77,58,1,79
11354130,91,23,2,77
11354640,21,33,2,75
11355150,73,97,-11,86
11355660,55,98,8,78
11356170,5,89,-1,79
11356680,86,39,6,73
11357190,24,59,-6,79
11357700,76,50,0,79
11358210,90,70,5,74
11358720,11,90,-10,84
11359230,92,81,4,80
11359740,13,43,1,79
11360250,12,34,-2,81
11360760,64,35,2,79
11361270,71,34,8,71
11361780,78,54,-8,79
11362290,28,74,2,77
11362800,18,65,-4,81
11363310,82,56,3,78
11363820,91,76,5,73
11364330,12,41,-7,80
11364840,11,42,-2,82
11365350,10,33,4,78
11365860,74,97,-5,83
11366370,56,7,6,77
11366880,90,26,3,74
11367390,28,46,-8,82
11367900,80,47,5,77
11368410,89,67,-2,79
11368920,10,32,7,72
11369430,62,96,-13,85
11369940,12,87,-1,86
11370450,93,78,8,78
11370960,14,43,1,77
11371470,13,34,0,77
11371980,65,35,-4,81
11372490,79,55,-1,82
11373000,93,11,7,75
11373510,69,21,-1,76
11374020,76,41,1,75
11374530,85,61,1,74
11375040,94,81,-4,78
11375550,15,43,-3,81
11376060,14,44,0,81
11376570,78,35,4,77
11377080,87,55,2,75
11377590,96,75,-2,77
11378100,3,95,-3,80
11378610,84,45,5,75
11379120,93,65,-1,76
11379630,0,85,-3,79
11380140,81,35,9,70
11380650,90,55,-2,72
11381160,99,75,-1,73
11381670,6,95,-8,81
11382180,87,45,6,75
11382690,96,65,2,73
11383200,3,85,-10,83
11383710,84,35,8,75
11384220,22,55,-4,79
11384730,74,46,3,76
11385240,83,66,-3,79
11385750,4,31,-1,80
11386260,68,40,3,77
11386770,82,60,1,76
11387280,91,80,1,75
11387790,12,42,-1,76
11388300,11,43,-3,79
11388810,75,34,4,75
11389320,84,54,2,73
11389830,93,74,-7,80
11390340,14,39,-2,82
11390850,78,40,1,81
11391360,87,60,8,73
11391870,96,80,-2,75
11392380,78,45,1,74
11392890,87,65,-9,83
11393400,101,30,12,71
11393910,39,50,-13,84
11394420,91,61,6,78
11394930,100,81,-1,79
11395440,82,46,1,78
11395950,91,66,-2,80
11396460,100,86,3,77
11396970,82,51,0,77
11397480,91,58,-3,80
11397990,100,78,3,77
11398500,38,43,-7,84
11399010,90,54,11,73
11399520,99,74,0,73
11400030,37,94,-9,82
11400540,51,85,2,80
11401050,1,76,0,80
11401560,82,26,-1,81
11402070,12,46,5,76
11402580,76,37,-1,77
11403090,85,57,-1,78
11403600,94,77,-5,83
11404110,15,42,3,80
11404620,79,43,3,77
11405130,88,63,3,74
11405640,97,83,-3,77
11406150,79,48,2,75
11406660,88,68,1,74
11407170,26,33,-6,80
11407680,78,44,8,72
11408190,87,64,-5,77
11408700,96,84,1,76
11409210,78,46,2,74
11409720,87,66,-4,78
11410230,101,31,-2,80
11410740,39,51,-1,81
11411250,91,9,2,79
11411760,67,19,3,76
11412270,99,39,-3,79
11412780,37,59,-4,83
11413290,89,60,9,74
11413800,98,80,0,74
11414310,80,45,-8,82
11414820,89,72,4,78
11415330,10,34,2,76
11415840,74,35,-6,82
11416350,12,55,0,82
11416860,76,46,5,77
11417370,85,66,3,74
11417880,23,31,0,74
11418390,5,42,-3,77
11418900,70,51,-1,78
11419410,84,16,4,74
11419920,60,26,-5,79
11420430,67,46,5,74
11420940,81,8,-5,79
11421450,57,27,7,72
11421960,64,47,-8,80
11422470,78,9,1,79
11422980,54,28,3,76
11423490,61,92,-5,81
11424000,11,83,-2,83
11424510,92,74,3,80
11425020,30,36,2,78
11425530,82,47,1,77
11426040,91,67,0,77
11426550,100,7,-3,80
11427060,76,17,6,74
11427570,52,37,-7,81
11428080,86,101,-2,83
11428590,68,29,5,78
11429100,6,49,4,74
11429610,70,40,-2,76
11430120,79,60,-4,80
11430630,79,22,4,76
11431140,9,42,1,75
11431650,73,33,-2,77
11432160,11,53,-2,79
11432670,10,44,3,76
11433180,74,45,-3,79
11433690,64,65,-5,84
11434200,14,27,3,81
11434710,66,91,-4,85
11435220,16,92,6,79
11435730,45,83,-2,81
11436240,97,74,4,77
11436750,35,36,-8,85
11437260,54,47,10,75
11437770,88,9,-7,82
11438280,64,28,6,76
11438790,96,48,0,76
11439300,34,68,-9,85
11439810,68,69,1,84
11440320,18,34,-4,88
11440830,70,98,1,87
11441340,52,99,7,80
11441850,66,90,-3,83
11442360,16,91,1,82
11442870,101,82,5,77
11443380,83,47,3,74
11443890,21,67,-6,80
11444400,20,58,-1,81
11444910,96,49,5,76
11445420,34,69,-6,82
11445930,68,70,1,81
11446440,18,35,4,77
11446950,70,99,-7,84
11447460,52,100,2,82
11447970,2,91,1,81
11448480,83,41,14,67
11448990,21,61,-10,77
11449500,22,52,-5,82
11450010,74,53,7,75
11450520,81,87,-11,86
11451030,31,15,7,79
11451540,38,26,-2,81
11452050,57,37,-1,82
11452560,91,101,-2,84
11453070,73,37,9,75
11453580,11,57,-3,78
11454090,75,48,4,74
11454600,13,68,0,74
11455110,98,59,-3,77
11455620,36,79,-3,80
11456130,70,1,3,77
11456640,46,20,-3,80
11457150,53,84,2,78
11457660,3,75,1,77
11458170,84,25,3,74
11458680,14,45,-6,80
11459190,15,46,1,79
11459700,14,47,7,72
11460210,13,38,-10,82
11460720,77,0,4,78
11461230,56,19,-1,79
11461740,63,39,8,71
11462250,4,59,-4,75
11462760,85,50,2,73
11463270,23,70,-2,75
11463780,13,61,-4,79
11464290,101,52,3,76
11464800,39,72,-4,80
11465310,73,63,3,77
11465820,5,25,-1,78
11466330,69,34,-2,80
11466840,7,54,2,78
11467350,95,45,1,77
11467860,33,65,-5,82
11468370,67,66,-2,84
11468880,17,28,5,79
11469390,69,39,4,75
11469900,7,59,-1,76
11470410,88,50,4,72
11470920,26,70,-12,84
11471430,27,61,7,77
11471940,79,52,3,74
11472450,17,72,-7,81
11472960,11,63,2,79
11473470,99,54,1,78
11473980,37,74,-6,84
11474490,71,65,3,81
11475000,12,27,-2,83
11475510,5,91,3,80
11476020,86,41,6,74
11476530,24,61,-5,79
11477040,25,52,-5,84
11477550,77,14,8,76
11478060,53,24,-2,78
11478570,96,44,6,72
11479080,34,64,-12,84
11479590,68,65,7,77
11480100,18,30,5,72
11480610,70,41,-6,78
11481120,8,61,1,77
11481630,96,52,2,75
11482140,34,72,-8,83
11482650,68,73,0,83
11483160,18,38,3,80
11483670,70,0,1,79
11484180,46,19,-3,82
11484690,89,83,2,80
11485200,71,45,7,73
11485710,85,65,-4,77
11486220,99,85,2,75
11486730,81,50,-2,77
11487240,19,70,-4,81
11487750,20,61,1,80
11488260,19,52,-2,82
11488770,20,53,1,81
11489280,21,54,1,80
11489790,22,55,6,74
11490300,74,46,-1,75
11490810,12,66,-6,81
11491320,100,57,2,79
11491830,38,77,-1,80
11492340,72,68,1,79
11492850,22,33,-2,81
11493360,74,44,7,74
11493870,12,64,-3,77
11494380,97,55,2,75
11494890,35,75,-3,78
11495400,1,66,-6,84
11495910,1,75,6,78
11496420,82,25,6,72
11496930,12,45,-7,79
11497440,11,7,-4,83
11497950,68,46,5,78
11498460,9,8,0,78
11498970,95,47,-1,79
11499480,33,67,-1,80
11499990,67,58,2,78
11500500,8,20,5,73
11501010,1,21,0,73
11501520,96,30,-8,81
11502030,26,50,1,80
11502540,78,51,1,79
11503050,16,71,-4,83
11503560,2,62,3,80
11504070,2,53,-1,81
11504580,8,44,2,79
11505090,72,35,5,74
11505600,10,55,-10,84
11506110,74,46,12,72
11506620,12,66,-11,83
11507130,100,57,9,74
11507640,38,77,-9,83
11508150,72,68,7,76
11508660,13,33,-2,78
11509170,65,97,-1,79
11509680,15,88,-3,82
11510190,44,79,-5,87
11510700,58,70,9,78
11511210,8,71,-4,82
11511720,37,62,5,77
11512230,89,63,-1,78
11512740,27,83,-3,81
11513250,28,74,1,80
11513760,29,65,-3,83
11514270,81,66,8,75
11514780,22,28,0,75
11515290,74,39,-2,77
11515800,12,59,-5,82
11516310,13,50,3,79
11516820,77,41,5,74
11517330,15,61,-4,78
11517840,16,52,1,77
11518350,17,43,1,76
11518860,69,44,-5,81
11519370,10,6,5,76
11519880,3,60,2,74
11520390,3,51,-5,79
11520900,9,42,6,73
11521410,73,33,-6,79
11521920,14,53,3,76
11522430,15,44,-1,77
11522940,14,45,0,77
11523450,78,46,-2,79
11523960,16,66,-7,86
11524470,17,57,14,72
11524980,18,48,-7,79
11525490,19,49,2,77
11526000,20,40,-4,81
11526510,72,2,0,81
11527020,48,21,2,79
11527530,91,30,3,76
11528040,29,50,-1,77
11528550,81,51,3,74
11529060,19,71,-5,79
11529570,27,62,3,76
11530080,79,53,-2,78
11530590,88,73,2,76
11531100,29,35,-4,80
11531610,81,46,3,77
11532120,19,66,-5,82
11532630,20,57,0,82
11533140,21,48,6,76
11533650,73,49,2,74
11534160,14,9,-6,80
11534670,71,48,4,76
11535180,12,13,-1,77
11535690,5,52,-1,78
11536200,93,43,8,70
11536710,67,63,-13,83
11537220,8,74,3,80
11537730,37,65,-5,85
11538240,89,66,6,79
11538750,30,86,0,79
11539260,31,77,-6,85
11539770,21,68,9,76
11540280,22,59,-7,83
11540790,23,50,3,80
11541300,75,51,3,77
11541810,16,16,-3,80
11542320,68,55,-2,82
11542830,9,17,13,69
11543340,2,56,0,69
11543850,31,47,-12,81
11544360,83,58,3,78
11544870,24,78,-1,79
11545380,25,69,0,79
11545890,15,60,1,78
11546400,16,51,1,77
11546910,17,42,-3,80
11547420,69,43,8,72
11547930,10,63,-8,80
11548440,98,54,6,74
11548950,36,74,-5,79
11549460,88,65,-1,80
11549970,26,27,1,79
11550480,78,38,7,72
11550990,16,58,-10,82
11551500,17,49,10,72
11552010,18,40,-11,83
11552520,70,2,3,80
11553030,46,21,-4,84
11553540,89,40,11,73
11554050,67,60,-7,80
11554560,8,25,-2,82
11555070,72,34,9,73
11555580,0,54,-1,74
11556090,29,45,-8,82
11556600,81,46,3,79
11557110,90,66,0,79
11557620,31,26,1,78
11558130,50,37,-7,85
11558640,93,101,6,79
11559150,75,37,0,79
11559660,16,57,3,76
11560170,80,48,1,75
11560680,89,93,-2,77
11561190,71,29,2,75
11561700,78,49,-1,76
11562210,87,9,1,75
11562720,63,19,0,75
11563230,4,36,-1,76
11563740,68,45,1,75
11564250,9,7,-4,79
11564760,2,46,4,75
11565270,66,60,-4,79
11565780,7,22,7,72
11566290,4,61,-4,76
11566800,10,52,-6,82
11567310,74,43,12,70
11567820,7,63,-9,79
11568330,36,54,-7,86
11568840,88,55,13,73
11569350,97,75,-5,78
11569860,79,37,4,74
11570370,7,57,-5,79
11570880,71,48,3,76
11571390,101,13,-3,79
11571900,77,23,1,78
11572410,7,40,-6,84
11572920,71,49,9,75
11573430,101,14,-2,77
11573940,77,24,0,77
11574450,84,34,0,77
11574960,12,54,-3,80
11575470,76,45,3,77
11575980,4,65,-3,80
11576490,4,74,5,75
11577000,4,65,-5,80
11577510,4,56,-4,84
11578020,14,47,4,80
11578530,78,49,4,76
11579040,6,69,-5,81
11579550,70,60,2,79
11580060,11,22,0,79
11580570,63,61,-2,81
11581080,13,23,-2,83
11581590,65,62,4,79
11582100,15,73,-4,83
11582610,100,64,7,76
11583120,7,84,-3,79
11583630,92,34,3,76
11584140,30,54,-6,82
11584650,82,55,8,74
11585160,10,15,-2,76
11585670,62,54,-7,83
11586180,3,16,10,73
11586690,98,52,1,72
11587200,26,72,-11,83
11587710,27,23,5,78
11588220,79,34,6,72
11588730,7,54,-9,81
11589240,71,45,4,77
11589750,101,5,2,75
11590260,77,15,-3,78
11590770,53,25,-3,81
11591280,96,44,9,72
11591790,34,64,-5,77
11592300,86,55,5,72
11592810,95,75,-6,78
11593320,36,54,-2,80
11593830,88,55,9,71
11594340,97,75,-7,78
11594850,79,54,4,74
11595360,86,14,-4,78
11595870,62,24,2,76
11596380,69,43,0,76
11596890,10,3,-8,84
11597400,67,42,11,73
11597910,74,2,-6,79
11598420,50,21,-3,82
11598930,57,40,6,76
11599440,100,2,-6,82
11599950,76,21,2,80
11600460,83,37,12,68
11600970,90,57,-5,73
11601480,99,77,4,69
11601990,81,86,-12,81
11602500,63,22,3,78
11603010,70,38,3,75
11603520,77,47,0,75
11604030,84,67,-3,78
11604540,91,46,7,71
11605050,29,66,-9,80
11605560,81,57,4,76
11606070,88,36,5,71
11606580,95,56,1,70
11607090,2,76,-3,73
11607600,2,26,-1,74
11608110,66,35,-4,78
11608620,73,44,-1,79
11609130,80,53,2,77
11609640,87,13,4,73
11610150,63,23,-1,74
11610660,70,43,-3,77
11611170,77,52,5,72
11611680,84,12,-9,81
11612190,60,22,4,77
11612700,67,38,-2,79
11613210,74,47,-1,80
11613720,88,67,6,74
11614230,95,27,0,74
11614740,0,37,-2,76
11615250,64,46,-2,78
11615760,71,11,-2,80
11616270,47,21,-2,82
11616780,54,28,11,71
11617290,61,37,-11,82
11617800,68,44,8,74
11618310,75,4,-2,76
11618820,51,14,-5,81
11619330,58,33,3,78
11619840,65,42,-1,79
11620350,72,4,0,79
11620860,25,23,-1,80
11621370,77,34,1,79
11621880,84,54,7,72
11622390,91,74,-1,73
11622900,98,39,-9,82
11623410,3,59,8,74
11623920,9,50,-6,80
11624430,73,41,6,74
11624940,80,50,-3,77
11625450,87,70,2,75
11625960,94,77,-2,77
11626470,101,42,-2,79
11626980,6,62,2,77
11627490,91,53,1,76
11628000,98,73,4,72
11628510,3,33,1,71
11629020,67,42,-10,81
11629530,74,51,4,77
11630040,81,16,0,77
11630550,57,26,4,73
11631060,64,38,-10,83
11631570,71,61,2,81
11632080,85,23,4,77
11632590,92,33,1,76
11633100,99,53,-3,79
11633610,6,73,1,78
11634120,91,64,5,73
11634630,98,24,-2,75
11635140,74,34,-4,79
11635650,81,43,5,74
11636160,88,63,-4,78
11636670,95,42,-4,82
11637180,0,62,6,76
11637690,29,53,-3,79
11638200,81,54,7,72
11638710,88,14,-2,74
11639220,64,24,-1,75
11639730,71,44,-4,79
11640240,78,53,3,76
11640750,85,13,-1,77
11641260,61,23,-4,81
11641770,68,42,3,78
11642280,75,51,-1,79
11642790,82,30,6,73
11643300,89,50,-2,75
11643810,98,70,0,75
11644320,5,79,-2,77
11644830,34,29,-9,86
11645340,41,40,-1,87
11645850,60,51,8,79
11646360,67,13,3,76
11646870,74,23,5,71
11647380,81,39,-5,76
11647890,88,59,8,68
11648400,97,79,-6,74
11648910,79,58,0,74
11649420,86,67,-4,78
11649930,93,46,7,71
11650440,100,66,-6,77
11650950,7,86,0,77
11651460,36,36,-4,81
11651970,55,47,3,78
11652480,62,54,-1,79
11652990,69,16,7,72
11653500,76,26,-2,74
11654010,83,42,5,69
11654520,90,62,-9,78
11655030,99,82,0,78
11655540,81,61,1,77
11656050,88,70,2,75
11656560,95,49,6,69
11657070,2,69,-10,79
11657580,8,60,2,77
11658090,18,51,-5,82
11658600,82,42,6,76
11659110,91,50,1,75
11659620,100,70,-1,76
11660130,7,79,1,75
11660640,92,70,3,72
11661150,99,90,-7,79
11661660,81,26,4,75
11662170,50,42,-8,83
11662680,57,49,3,80
11663190,64,56,-7,87
11663700,78,89,9,78
11664210,60,25,0,78
11664720,67,44,5,73
11665230,74,64,-4,77
11665740,88,43,5,72
11666250,97,63,0,72
11666760,4,83,-10,82
11667270,24,33,5,77
11667780,6,44,0,77
11668290,70,35,-3,80
11668800,79,44,6,74
11669310,88,64,-1,75
11669820,97,43,3,72
11670330,4,63,-2,74
11670840,89,54,-1,75
11671350,98,74,-6,81
11671860,5,53,6,75
11672370,69,44,-1,76
11672880,78,9,-8,84
11673390,54,47,2,82
11673900,68,58,1,81
11674410,82,20,9,72
11674920,12,30,-7,79
11675430,76,94,-3,82
11675940,58,30,6,76
11676450,65,39,-9,85
11676960,95,46,16,69
11677470,2,66,-12,81
11677980,8,57,3,78
11678490,14,48,4,74
11679000,78,39,-1,75
11679510,87,48,2,73
11680020,96,68,-1,74
11680530,3,77,-4,78
11681040,32,24,-8,86
11681550,51,35,3,83
11682060,12,42,4,79
11682570,76,51,3,76
11683080,39,60,-7,83
11683590,53,51,3,80
11684100,67,62,1,79
11684610,81,39,3,76
11685120,90,59,5,71
11685630,99,67,-8,79
11686140,6,75,-2,81
11686650,35,66,-3,84
11687160,0,57,5,79
11687670,6,48,-3,82
11688180,70,39,6,76
11688690,79,48,2,74
11689200,88,56,-3,77
11689710,97,76,-6,83
11690220,9,55,6,77
11690730,76,46,1,76
11691240,85,55,0,76
11691750,94,15,2,74
11692260,70,25,1,73
11692770,77,41,-2,75
11693280,86,50,4,71
11693790,95,70,-6,77
11694300,2,49,-3,80
11694810,66,40,4,76
11695320,80,2,-4,80
11695830,56,40,5,75
11696340,86,2,-8,83
11696850,62,40,0,83
11697360,76,19,3,80
11697870,6,29,7,73
11698380,70,38,-3,76
11698890,79,47,1,75
11699400,88,55,5,70
11699910,97,75,-8,78
11700420,4,54,1,77
11700930,68,45,0,77
11701440,82,10,-3,80
11701950,58,48,4,76
11702460,101,59,-2,78
11702970,8,79,-2,80
11703480,37,70,-1,81
11703990,71,61,1,80
11704500,85,23,2,78
11705010,15,33,-2,80
11705520,79,97,-9,89
11706030,61,33,10,79
11706540,70,42,2,77
11707050,79,51,2,75
11707560,88,30,2,73
11708070,18,46,-3,76
11708580,70,37,-5,81
11709090,79,46,5,76
11709600,88,54,1,75
11710110,97,74,-8,83
11710620,4,53,3,80
11711130,68,44,1,79
11711640,82,23,4,75
11712150,12,39,-3,78
11712660,31,48,-4,82
11713170,83,49,3,79
11713680,92,57,4,75
11714190,101,58,0,75
11714700,8,78,-6,81
11715210,93,69,2,79
11715720,0,78,0,79
11716230,20,28,-5,84
11716740,2,39,11,73
11717250,66,48,-10,83
11717760,7,10,3,80
11718270,71,49,6,74
11718780,63,28,-3,77
11719290,4,83,4,73
11719800,33,33,-12,85
11720310,67,44,6,79
11720820,8,23,4,75
11721330,72,32,-2,77
11721840,2,48,-6,83
11722350,52,57,-6,89
11722860,66,68,8,81
11723370,80,79,3,78
11723880,62,15,0,78
11724390,94,25,0,78
11724900,24,1,-3,81
11725410,81,26,7,74
11725920,11,42,-5,79
11726430,75,33,0,79
11726940,5,50,0,79
11727450,69,41,-1,80
11727960,76,48,-5,85
11728470,85,10,7,78
11728980,61,48,0,78
11729490,2,10,3,75
11730000,97,33,9,66
11730510,27,22,-22,88
11731020,46,33,0,88
11731530,61,44,7,81
11732040,2,6,1,80
11732550,97,60,6,74
11733060,4,80,-1,75
11733570,89,30,-3,78
11734080,26,85,-7,85
11734590,27,76,5,80
11735100,28,67,-2,82
11735610,29,58,-5,87
11736120,63,49,10,77
11736630,4,11,0,77
11737140,99,34,1,76
11737650,29,72,-6,82
11738160,30,63,2,80
11738670,31,54,-3,83
11739180,83,55,10,73
11739690,92,72,-4,77
11740200,74,51,-9,86
11740710,81,13,4,82
11741220,57,51,1,81
11741730,100,62,4,77
11742240,7,82,-3,80
11742750,92,32,6,74
11743260,22,48,-7,81
11743770,86,49,-1,82
11744280,95,69,8,74
11744790,77,15,-4,78
11745300,7,25,4,74
11745810,71,34,2,72
11746320,78,89,-7,79
11746830,60,25,-1,80
11747340,67,41,0,80
11747850,8,38,0,80
11748360,72,47,6,74
11748870,86,7,-1,75
11749380,62,45,0,75
11749890,3,7,1,74
11750400,98,61,2,72
11750910,5,81,-9,81
11751420,11,72,1,80
11751930,78,63,-2,82
11752440,19,25,4,78
11752950,1,36,1,77
11753460,65,45,-5,82
11753970,6,92,0,82
11754480,35,41,0,82
11754990,54,52,0,82
11755500,73,63,0,82
11756010,14,60,3,79
11756520,78,51,1,78
11757030,87,30,1,77
11757540,17,46,-1,78
11758050,81,47,4,74
11758560,90,0,-5,79
11759070,66,19,6,73
11759580,98,29,-4,77
11760090,28,45,-3,80
11760600,80,46,6,74
11761110,89,66,-2,76
11761620,98,26,9,67
11762130,74,36,-11,78
11762640,81,91,-9,87
11763150,63,27,10,77
11763660,70,52,-5,82
11764170,11,14,3,79
11764680,75,53,1,78
11765190,16,13,1,77
11765700,80,52,4,73
11766210,89,5,-3,76
11766720,65,43,-2,78
11767230,6,22,-7,85
11767740,70,79,4,81
11768250,20,15,-2,83
11768760,84,22,6,77
11769270,14,32,6,71
11769780,11,33,-4,75
11770290,75,1,-10,85
11770800,51,20,7,78
11771310,87,36,7,71
11771820,32,53,-7,78
11772330,84,54,6,72
11772840,93,14,-3,75
11773350,69,24,-3,78
11773860,101,34,9,69
11774370,31,89,-13,82
11774880,32,80,0,82
11775390,33,71,4,78
11775900,34,62,-5,83
11776410,53,53,1,82
11776920,72,64,6,76
11777430,13,89,-4,80
11777940,98,44,6,74
11778450,36,99,-7,81
11778960,37,90,0,81
11779470,38,81,-1,82
11779980,39,72,-3,85
11780490,40,63,1,84
11781000,92,54,7,77
11781510,101,55,5,72
11782020,47,75,-9,81
11782530,99,66,-2,83
11783040,6,67,2,81
11783550,12,58,6,75
11784060,76,49,0,75
11784570,85,9,3,72
11785080,61,47,-6,78
11785590,2,9,1,77
11786100,97,32,1,76
11786610,73,21,-2,78
11787120,3,37,-1,79
11787630,67,46,7,72
11788140,8,59,-7,79
11788650,14,50,-1,80
11789160,78,41,9,71
11789670,87,96,-11,82
11790180,69,32,9,73
11790690,14,48,-4,77
11791200,57,39,-3,80
11791710,100,1,-4,84
11792220,76,39,12,72
11792730,85,94,-9,81
11793240,67,30,10,71
11793750,12,46,-8,79
11794260,76,37,2,77
11794770,85,92,-2,79
11795280,67,28,-2,81
11795790,8,44,4,77
11796300,72,35,-3,80
11796810,13,90,2,78
11797320,98,81,1,77
11797830,80,60,2,75
11798340,62,20,-5,80
11798850,3,36,-4,84
11799360,67,45,2,82
11799870,8,7,9,73
11800380,1,46,-3,76
11800890,65,37,-7,83
11801400,6,48,3,80
11801910,70,57,7,73
11802420,11,36,-7,80
11802930,75,100,1,79
11803440,57,36,2,77
11803950,100,100,-4,81
11804460,82,36,5,76
11804970,27,91,-6,82
11805480,94,82,7,75
11805990,76,5,-5,80
11806500,52,43,-4,84
11807010,95,54,10,74
11807520,2,74,-4,78
11808030,87,23,5,73
11808540,63,33,-1,74
11809050,4,88,-11,85
11809560,24,37,7,78
11810070,31,48,-3,81
11810580,83,59,1,80
11811090,24,5,-1,81
11811600,39,30,0,81
11812110,54,41,1,80
11812620,69,3,3,77
11813130,45,22,-9,86
11813640,60,29,9,77
11814150,1,45,-2,79
11814660,65,54,2,77
11815170,6,33,0,77
11815680,101,42,0,77
11816190,39,97,-8,85
11816700,4,88,2,83
11817210,89,43,3,80
11817720,35,98,2,78
11818230,0,89,-9,87
11818740,20,38,6,81
11819250,72,0,6,75
11819760,48,19,-4,79
11820270,63,38,2,77
11820780,4,100,1,76
11821290,89,55,1,75
11821800,71,75,-13,88
11822310,53,11,13,75
11822820,68,21,-3,78
11823330,75,67,-3,81
11823840,57,78,1,80
11824350,39,14,-1,81
11824860,54,33,4,77
11825370,69,40,5,72
11825880,14,95,-2,74
11826390,99,50,-4,78
11826900,45,70,-5,83
11827410,97,71,1,82
11827920,79,31,6,76
11828430,24,86,-9,85
11828940,91,77,7,78
11829450,73,39,2,76
11829960,18,94,-3,79
11830470,1,85,-3,82
11830980,21,34,7,75
11831490,3,45,4,71
11832000,9,36,-13,84
11832510,73,45,10,74
11833020,18,5,-6,80
11833530,0,30,2,78
11834040,64,39,-1,79
11834550,5,94,-6,85
11835060,90,43,14,71
11835570,35,63,-8,79
11836080,87,64,0,79
11836590,69,26,6,73
11837100,76,42,-2,75
11837610,21,62,-2,77
11838120,22,53,-9,86
11838630,86,15,8,78
11839140,62,25,0,78
11839650,69,35,-1,79
11840160,76,60,-5,84
11840670,17,22,9,75
11841180,101,29,1,74
11841690,22,39,-7,81
11842200,74,1,-7,88
11842710,50,20,10,78
11843220,65,39,-6,84
11843730,6,46,5,79
11844240,70,55,-8,87
11844750,11,17,9,78
11845260,4,40,1,77
11845770,68,49,-2,79
11846280,82,11,8,71
11846790,58,49,-7,78
11847300,101,11,4,74
11847810,77,49,-6,80
11848320,59,69,2,78
11848830,9,5,4,74
11849340,2,59,-4,78
11849850,8,50,1,77
11850360,72,41,-1,78
11850870,17,49,3,75
11851380,81,40,-4,79
11851890,26,48,-2,81
11852400,8,59,8,73
11852910,93,50,-1,74
11853420,14,70,0,74
11853930,20,61,-6,80
11854440,21,52,6,74
11854950,3,21,-1,75
11855460,98,30,3,72
11855970,74,19,-3,75
11856480,50,29,-10,85
11856990,65,36,12,73
11857500,10,44,-6,79
11858010,74,53,2,77
11858520,88,15,-5,82
11859030,64,53,4,78
11859540,78,15,-1,79
11860050,54,53,-6,85
11860560,4,64,9,76
11861070,89,55,4,72
11861580,71,75,-19,91
11862090,21,11,16,75
11862600,78,66,-1,76
11863110,60,28,-3,79
11863620,5,47,2,77
11864130,69,56,-4,81
11864640,83,18,6,75
11865150,59,28,-3,78
11865660,74,44,7,71
11866170,19,64,-10,81
11866680,20,55,-1,82
11867190,84,24,3,79
11867700,60,34,-1,80
11868210,75,53,1,79
11868720,89,15,4,75
11869230,65,53,-3,78
11869740,79,15,-1,79
11870250,55,25,4,75
11870760,62,44,-5,80
11871270,77,6,0,80
11871780,53,44,-13,93
11872290,68,55,7,86
11872800,83,17,8,78
11873310,59,27,4,74
11873820,74,43,-8,82
11874330,88,63,9,73
11874840,70,23,-1,74
11875350,77,39,3,71
11875860,22,59,-5,76
11876370,19,50,-4,80
11876880,16,12,0,80
11877390,100,51,4,76
11877900,21,71,-5,81
11878410,22,62,6,75
11878920,4,53,-3,78
11879430,10,62,2,76
11879940,16,53,-3,79
11880450,80,22,5,74
11880960,56,38,-7,81
11881470,71,45,5,76
11881980,53,7,-5,81
11882490,68,26,8,73
11883000,75,36,0,73
11883510,20,56,-7,80
11884020,84,11,-1,81
11884530,60,49,1,80
11885040,75,11,6,74
11885550,51,49,-11,85
11886060,66,60,3,82
11886570,81,22,7,75
11887080,57,32,-8,83
11887590,72,39,9,74
11888100,17,59,-6,80
11888610,81,50,6,74
11889120,63,51,-8,82
11889630,78,13,4,78
11890140,54,23,1,77
11890650,69,39,3,74
11891160,14,40,-6,80
11891670,78,2,2,78
11892180,54,21,3,75
11892690,69,31,1,74
11893200,76,47,4,70
11893710,58,55,-6,76
11894220,8,66,-2,78
11894730,93,57,-2,80
11895240,75,77,-6,86
11895750,57,0,9,77
11896260,33,19,-10,87
11896770,48,30,4,83
11897280,63,37,10,73
11897790,86,53,-7,80
11898300,68,73,-1,81
11898810,50,9,2,79
11899320,65,19,-2,81
11899830,80,29,0,81
11900340,95,18,9,72
11900850,71,28,-4,76
11901360,86,44,7,69
11901870,7,64,-3,72
11902380,92,55,1,71
11902890,74,56,-10,81
11903400,56,18,6,75
11903910,71,28,1,74
11904420,86,44,2,72
11904930,7,52,-10,82
11905440,71,61,4,78
11905950,53,23,1,77
11906460,68,42,-4,81
11906970,82,49,10,71
11907480,64,57,-17,88
11907990,3,68,6,82
11908500,9,77,1,81
11909010,94,26,2,79
11909520,70,36,2,77
11910030,4,91,-3,80
11910540,89,40,6,74
11911050,10,29,-3,77
11911560,74,93,-3,80
11912070,56,29,0,80
11912580,71,36,4,76
11913090,86,91,-1,77
11913600,68,27,0,77
11914110,83,43,0,77
11914620,4,51,1,76
11915130,68,60,-7,83
11915640,83,71,7,76
11916150,65,33,1,75
11916660,80,34,1,74
11917170,1,50,1,73
11917680,7,41,-10,83
11918190,71,50,4,79
11918700,85,35,3,76
11919210,6,51,-2,78
11919720,70,42,2,76
11920230,52,67,-4,80
11920740,34,3,-1,81
11921250,49,22,1,80
11921760,64,41,2,78
11922270,79,3,-8,86
11922780,55,22,15,71
11923290,70,38,-5,76
11923800,77,39,-1,77
11924310,100,94,-6,83
11924820,82,17,5,78
11925330,58,27,2,76
11925840,73,46,0,76
11926350,87,101,-7,83
11926860,69,37,8,75
11927370,76,92,-3,78
11927880,58,28,-1,79
11928390,73,47,2,77
11928900,87,7,5,72
11929410,63,17,-7,79
11929920,78,27,1,78
11930430,93,43,6,72
11930940,14,32,-2,74
11931450,11,41,-1,75
11931960,75,50,2,73
11932470,57,10,1,72
11932980,72,20,-1,73
11933490,2,36,-9,82
11934000,66,45,6,76
11934510,80,42,2,74
11935020,62,97,-9,83
11935530,44,88,-5,88
11936040,96,79,12,76
11936550,78,2,-6,82
11937060,54,21,4,78
11937570,69,37,3,75
11938080,83,92,-5,80
11938590,86,28,7,73
11939100,62,38,-5,78
11939610,77,93,-5,83
11940120,59,29,0,83
11940630,74,48,5,78
11941140,88,49,7,71
11941650,70,2,-5,76
11942160,46,21,-5,81
11942670,61,32,5,76
11943180,2,51,-2,78
11943690,8,60,-2,80
11944200,14,51,-3,83
11944710,78,42,8,75
11945220,92,97,-1,76
11945730,74,33,-3,79
11946240,20,88,-8,87
11946750,87,79,7,80
11947260,69,41,6,74
11947770,83,96,-9,83
11948280,65,32,6,77
11948790,80,87,-6,83
11949300,62,23,6,77
11949810,77,33,1,76
11950320,23,49,-2,78
11950830,75,40,-1,79
11951340,89,95,-4,83
11951850,71,31,9,74
11952360,86,20,-2,76
11952870,62,30,2,74
11953380,77,85,-7,81
11953890,59,21,1,80
11954400,74,31,5,75
11954910,20,47,-3,78
11955420,72,16,1,77
11955930,48,26,-6,83
11956440,63,37,5,78
11956950,78,92,-1,79
11957460,60,28,2,77
11957970,1,44,3,74
11958480,7,53,-6,80
11958990,95,44,10,70
11959500,77,33,-2,72
11960010,23,49,-9,81
11960520,75,11,-1,82
11961030,51,21,0,82
11961540,66,40,7,75
11962050,80,51,0,75
11962560,62,4,-4,79
11963070,38,23,-10,89
11963580,53,34,11,78
11964090,68,45,-1,79
11964600,82,42,3,76
11965110,64,97,-4,80
11965620,46,88,-2,82
11966130,98,79,-1,83
11966640,80,44,3,80
11967150,62,99,-2,82
11967660,44,90,-3,85
11968170,96,81,7,78
11968680,78,4,1,77
11969190,54,23,-1,78
11969700,69,33,5,73
11970210,15,88,-7,80
11970720,100,79,-3,83
11971230,82,88,1,82
11971740,64,24,4,78
11972250,79,34,3,75
11972760,0,23,-2,77
11973270,95,32,1,76
11973780,101,21,0,76
11974290,77,31,4,72
11974800,100,47,0,72
11975310,82,36,-1,73
11975820,64,52,-6,79
11976330,46,14,-2,81
11976840,61,24,7,74
11977350,76,40,-4,78
11977860,58,95,-6,84
11978370,40,86,-5,89
11978880,92,77,9,80
11979390,74,53,1,79
11979900,56,15,1,78
11980410,71,25,8,70
11980920,75,35,1,69
11981430,98,24,-5,74
11981940,74,34,4,70
11982450,9,23,-8,78
11982960,2,32,8,70
11983470,66,41,-6,76
11983980,48,52,-7,83
11984490,100,63,8,75
11985000,82,64,-9,84
11985510,64,26,9,75
11986020,79,55,0,75
11986530,61,15,-1,76
11987040,76,25,0,76
11987550,6,14,-1,77
11988060,101,53,4,73
11988570,83,42,-4,77
11989080,65,97,-3,80
11989590,47,88,-6,86
11990100,99,79,8,78
11990610,81,41,-2,80
11991120,63,50,-7,87
11991630,2,12,11,76
11992140,97,36,3,73
11992650,79,25,-7,80
11993160,9,41,-6,86
11993670,73,50,11,75
11994180,55,10,-2,77
11994690,70,20,9,68
11995200,0,30,-10,78
11995710,64,39,-1,79
11996220,3,50,0,79
11996730,9,59,1,78
11997240,15,68,-1,79
11997750,12,59,2,77
11998260,76,68,-7,84
11998770,58,30,5,79
11999280,73,43,9,70
11999790,55,63,-11,81
12000300,5,74,5,76
12000810,2,83,-3,79
12001320,22,92,-1,80
12001830,89,47,5,75
12002340,71,36,1,74
12002850,85,45,0,74
12003360,67,46,-6,80
12003870,81,8,-5,85
12004380,57,18,8,77
12004890,72,28,0,77
12005400,76,44,-2,79
12005910,90,69,-1,80
12006420,72,31,8,72
12006930,87,20,-4,76
12007440,63,30,-2,78
12007950,78,39,5,73
12008460,92,59,-2,75
12008970,74,76,-8,83
12009480,56,4,3,80
12009990,32,23,-11,91
12010500,51,34,18,73
12011010,66,98,-3,76
12011520,48,89,-11,87
12012030,100,80,5,82
12012540,82,42,10,72
12013050,91,62,-3,75
12013560,73,79,-4,79
12014070,55,7,4,75
12014580,70,17,3,72
12015090,0,33,0,72
12015600,64,42,-9,81
12016110,78,4,-4,85
12016620,54,23,6,79
12017130,69,39,5,74
12017640,83,48,4,70
12018150,97,37,-9,79
12018660,1,26,6,73
12019170,65,35,1,72
12019680,79,44,0,72
12020190,61,64,-10,82
12020700,11,75,7,75
12021210,75,66,-2,77
12021720,57,28,-1,78
12022230,72,37,-2,80
12022740,86,46,7,73
12023250,95,66,1,72
12023760,77,83,-7,79
12024270,59,11,4,75
12024780,74,21,-1,76
12025290,4,10,-8,84
12025800,99,49,12,72
12026310,81,38,-12,84
12026820,95,47,9,75
12027330,77,36,0,75
12027840,91,25,1,74
12028350,21,35,-2,76
12028860,3,99,0,76
12029370,23,48,0,76
12029880,75,10,-2,78
12030390,51,20,-7,85
12030900,66,39,11,74
12031410,80,48,-1,75
12031920,89,56,5,70
12032430,71,73,-13,83
12032940,53,1,1,82
12033450,29,20,4,78
12033960,44,31,-8,86
12034470,59,42,7,79
12034980,74,4,1,78
12035490,50,23,-4,82
12036000,65,34,5,77
12036510,80,43,7,70
12037020,89,52,-4,74
12037530,98,72,-1,75
12038040,80,81,-8,83
12038550,62,43,2,81
12039060,77,5,4,77
12039570,53,15,0,77
12040080,68,32,2,75
12040590,83,41,3,72
12041100,92,30,-5,77
12041610,68,19,4,73
12042120,100,35,4,69
12042630,30,24,-14,83
12043140,49,35,6,77
12043650,64,99,-4,81
12044160,46,90,1,80
12044670,98,81,-8,88
12045180,80,43,17,71
12045690,89,52,-8,79
12046200,98,72,3,76
12046710,80,32,2,74
12047220,10,21,-4,78
12047730,62,60,-6,84
12048240,12,71,6,78
12048750,76,62,4,74
12049260,90,24,0,74
12049770,66,34,-2,76
12050280,81,50,3,73
12050790,90,70,-5,78
12051300,72,32,2,76
12051810,87,48,3,73
12052320,96,56,-5,78
12052830,3,45,-3,81
12053340,67,54,3,78
12053850,21,16,-2,80
12054360,73,27,6,74
12054870,3,16,1,73
12055380,67,25,-4,77
12055890,82,41,3,74
12056400,91,49,1,73
12056910,100,38,-6,79
12057420,4,27,6,73
12057930,68,36,-8,81
12058440,83,48,7,74
12058950,92,68,-6,80
12059460,4,77,4,76
12059970,4,26,2,74
12060480,68,35,0,74
12060990,82,90,-5,79
12061500,64,26,5,74
12062010,79,42,-2,76
12062520,88,97,0,76
12063030,70,33,2,74
12063540,84,42,3,71
12064050,93,31,-6,77
12064560,23,20,-5,82
12065070,6,31,1,81
12065580,43,40,-7,88
12066090,62,51,7,81
12066600,76,13,4,77
12067110,52,23,-1,78
12067620,67,39,-2,80
12068130,81,64,1,79
12068640,95,26,9,70
12069150,25,15,-15,85
12069660,40,70,1,84
12070170,92,71,7,77
12070680,74,36,-2,79
12071190,88,45,6,73
12071700,16,34,-2,75
12072210,80,98,-9,84
12072720,62,34,8,76
12073230,77,69,-5,81
12073740,91,31,7,74
12074250,19,20,-1,75
12074760,71,59,-4,79
12075270,85,21,0,79
12075780,61,31,3,76
12076290,76,86,-6,82
12076800,58,14,5,77
12077310,73,24,5,72
12077820,3,13,-13,85
12078330,4,26,9,76
12078840,68,35,3,73
12079350,82,90,-5,78
12079860,64,26,5,73
12080370,79,15,-2,75
12080880,55,25,-3,78
12081390,70,41,5,73
12081900,100,30,-2,75
12082410,76,40,-6,81
12082920,90,95,3,78
12083430,72,31,-1,79
12083940,87,20,3,76
12084450,63,30,2,74
12084960,77,65,-4,78
12085470,91,27,-2,80
12085980,67,37,1,79
12086490,81,62,-2,81
12087000,95,24,10,71
12087510,71,13,-7,78
12088020,86,23,4,74
12088530,16,33,-4,78
12089040,80,58,6,72
12089550,94,18,-4,76
12090060,70,28,1,75
12090570,85,17,0,75
12091080,61,27,-4,79
12091590,76,43,5,74
12092100,90,32,2,72
12092610,18,21,-12,84
12093120,70,28,9,75
12093630,100,17,1,74
12094140,76,27,2,72
12094650,91,68,-6,78
12095160,3,77,2,76
12095670,23,27,-3,79
12096180,75,38,-1,80
12096690,3,76,2,78
12097200,23,85,-2,80
12097710,87,76,1,79
12098220,69,34,8,71
12098730,83,23,-3,74
12099240,59,33,-3,77
12099750,89,40,3,74
12100260,10,29,-2,76
12100770,74,38,2,74
12101280,2,47,-4,78
12101790,66,56,-2,80
12102300,80,18,2,78
12102810,56,28,-2,80
12103320,86,47,9,71
12103830,14,55,-9,80
12104340,78,46,5,75
12104850,92,35,4,71
12105360,20,24,-7,78
12105870,72,35,-3,81
12106380,86,90,2,79
12106890,53,26,-6,85
12107400,68,33,11,74
12107910,82,33,3,71
12108420,10,22,-6,77
12108930,74,29,3,74
12109440,96,18,2,72
12109950,72,28,-1,73
12110460,0,17,1,72
12110970,64,26,-1,73
12111480,79,42,-1,74
12111990,93,31,-3,77
12112500,13,20,-3,80
12113010,10,59,-1,81
12113520,74,50,-5,86
12114030,88,80,3,83
12114540,70,8,-1,84
12115050,46,46,-5,89
12115560,65,57,6,83
12116070,79,68,4,79
12116580,93,44,3,76
12117090,14,33,0,76
12117600,78,97,-7,83
12118110,60,33,5,78
12118620,75,42,-3,81
12119130,89,97,-2,83
12119640,71,33,10,73
12120150,93,42,-4,77
12120660,13,31,-1,78
12121170,77,95,-7,85
12121680,59,31,8,77
12122190,73,41,1,76
12122700,87,50,0,76
12123210,7,39,-3,79
12123720,71,48,4,75
12124230,85,8,1,74
12124740,61,46,-10,84
12125250,75,8,7,77
12125760,51,46,-12,89
12126270,75,0,10,79
12126780,51,19,7,72
12127290,66,29,-5,77
12127800,80,45,5,72
12128310,0,34,-4,76
12128820,79,43,-2,78
12129330,93,98,-2,80
12129840,75,34,3,77
12130350,89,23,-5,82
12130860,65,33,8,74
12131370,79,42,2,72
12131880,101,51,-6,78
12132390,22,40,-2,80
12132900,74,2,-2,82
12133410,50,65,1,81
12133920,0,90,3,78
12134430,20,99,-9,87
12134940,87,54,12,75
12135450,7,63,-2,77
12135960,13,54,-2,79
12136470,77,45,-3,82
12136980,91,54,11,71
12137490,11,71,-7,78
12138000,96,62,3,75
12138510,16,79,-7,82
12139020,80,70,3,79
12139530,94,32,5,74
12140040,14,21,-5,79
12140550,66,28,1,78
12141060,81,44,3,75
12141570,1,53,-1,76
12142080,7,44,0,76
12142590,71,35,-3,79
12143100,85,44,9,70
12143610,5,64,-7,77
12144120,69,55,-3,80
12144630,83,17,3,77
12145140,22,27,1,76
12145650,74,38,0,76
12146160,96,47,2,74
12146670,17,36,0,74
12147180,101,100,-5,79
12147690,83,36,7,72
12148200,3,25,-5,77
12148710,67,34,1,76
12149220,81,43,4,72
12149730,1,63,0,72
12150240,21,54,-10,82
12150750,85,16,2,80
12151260,61,26,5,75
12151770,76,42,4,71
12152280,98,51,-2,73
12152790,18,40,-3,76
12153300,82,2,-4,80
12153810,13,21,1,79
12154320,97,28,2,77
12154830,18,38,-2,79
12155340,70,0,3,76
12155850,46,19,-5,81
12156360,61,26,4,77
12156870,76,42,1,76
12157380,98,51,2,74
12157890,18,40,-6,80
12158400,70,47,3,77
12158910,84,7,3,74
12159420,60,45,-10,84
12159930,74,52,5,79
12160440,88,12,5,74
12160950,64,50,-5,79
12161460,78,12,2,77
12161970,54,50,-9,86
12162480,73,61,2,84
12162990,87,23,6,78
12163500,63,12,1,77
12164010,39,50,-5,82
12164520,91,61,5,77
12165030,11,81,3,74
12165540,96,81,-2,76
12166050,78,17,5,71
12166560,54,27,-3,74
12167070,84,36,5,69
12167580,4,25,-2,71
12168090,68,34,-7,78
12168600,7,43,1,77
12169110,71,34,4,73
12169620,93,43,0,73
12170130,13,32,-3,76
12170640,10,96,-5,81
12171150,95,87,-5,86
12171660,77,49,11,75
12172170,99,9,0,75
12172680,75,19,0,75
12173190,79,35,3,72
12173700,101,24,-3,75
12174210,77,34,-5,80
12174720,99,23,5,75
12175230,75,33,9,66
12175740,97,22,-8,74
12176250,73,32,0,74
12176760,95,49,1,73
12177270,15,38,-6,79
12177780,12,47,3,76
12178290,76,38,0,76
12178800,98,47,-1,77
12179310,18,36,-2,79
12179820,70,100,-5,84
12180330,20,91,5,79
12180840,3,82,0,79
12181350,84,91,-3,82
12181860,66,27,8,74
12182370,81,68,-8,82
12182880,2,30,9,73
12183390,66,85,-17,90
12183900,16,21,9,81
12184410,100,28,1,80
12184920,21,66,0,80
12185430,85,57,8,72
12185940,5,66,-5,77
12186450,86,57,2,75
12186960,6,66,-2,77
12187470,87,57,5,72
12187980,7,77,-9,81
12188490,88,42,10,71
12189000,8,31,-11,82
12189510,101,40,5,77
12190020,22,29,-8,85
12190530,74,36,11,74
12191040,96,45,2,72
12191550,16,34,-4,76
12192060,68,43,3,73
12192570,82,3,-8,81
12193080,58,22,4,77
12193590,73,38,2,75
12194100,87,47,0,75
12194610,7,67,-10,85
12195120,4,58,6,79
12195630,6,49,1,78
12196140,70,40,7,71
12196650,84,49,-3,74
12197160,11,69,-3,77
12197670,75,60,1,76
12198180,89,69,-5,81
12198690,1,78,2,79
12199200,21,28,3,76
12199710,3,35,-8,84
12200220,67,44,6,78
12200730,81,74,-3,81
12201240,31,50,2,79
12201750,83,51,8,71
12202260,97,71,-1,72
12202770,93,80,-6,78
12203280,75,89,-8,86
12203790,25,25,6,80
12204300,77,32,6,74
12204810,5,41,-5,79
12205320,69,50,-3,82
12205830,83,10,4,78
12206340,59,48,-3,81
12206850,78,45,7,74
12207360,87,54,-1,75
12207870,7,74,3,72
12208380,92,65,-5,77
12208890,12,74,2,75
12209400,20,65,-5,80
12209910,84,56,7,73
12210420,98,16,-9,82
12210930,74,26,4,78
12211440,13,15,-3,81
12211950,65,54,3,78
12212460,79,61,1,77
12212970,93,21,-4,81
12213480,80,31,14,67
12213990,0,20,-13,80
12214500,64,29,4,76
12215010,79,38,3,73
12215520,0,15,-6,79
12216030,40,28,-5,84
12216540,59,35,9,75
12217050,100,44,-3,78
12217560,21,33,3,75
12218070,73,97,-13,88
12218580,55,33,14,74
12219090,96,42,-7,81
12219600,17,31,1,80
12220110,69,38,7,73
12220620,83,47,3,70
12221130,3,56,-4,74
12221640,88,47,1,73
12222150,9,36,-3,76
12222660,8,45,0,76
12223170,96,36,4,72
12223680,17,25,-8,80
12224190,101,32,1,79
12224700,22,21,-7,86
12225210,41,28,1,85
12225720,60,35,8,77
12226230,101,44,-1,78
12226740,22,33,1,77
12227250,74,40,-3,80
12227760,13,49,1,79
12228270,77,40,5,74
12228780,100,49,2,72
12229290,21,38,-15,87
12229800,49,0,5,82
12230310,25,19,3,79
12230820,77,26,1,78
12231330,92,43,7,71
12231840,13,32,-5,76
12232350,65,41,-5,81
12232860,4,38,7,74
12233370,68,47,-8,82
12233880,7,7,0,82
12234390,0,46,2,80
12234900,2,37,2,78
12235410,66,46,-1,79
12235920,80,8,6,73
12236430,56,27,-3,76
12236940,71,36,-4,80
12237450,10,45,-4,84
12237960,74,36,10,74
12238470,2,56,-2,76
12238980,4,47,-7,83
12239490,68,38,4,79
12240000,7,47,-5,84
12240510,71,38,10,74
12241020,85,47,4,70
12241530,6,56,-11,81
12242040,70,47,1,80
12242550,9,7,-3,83
12243060,2,46,6,77
12243570,66,37,-1,78
12244080,95,46,6,72
12244590,16,66,-7,79
12245100,15,34,1,78
12245610,67,98,-2,80
12246120,17,89,-4,84
12246630,84,80,7,77
12247140,66,16,-1,78
12247650,81,33,6,72
12248160,2,50,-3,75
12248670,66,41,-10,85
12249180,5,50,11,74
12249690,93,41,0,74
12250200,14,61,-4,78
12250710,78,52,-5,83
12251220,17,12,0,83
12251730,69,19,8,75
12252240,70,36,2,73
12252750,100,45,-8,81
12253260,21,34,0,81
12253770,73,41,11,70
12254280,96,62,-3,73
12254790,17,82,-4,77
12255300,84,73,-4,81
12255810,5,49,2,79
12256320,93,40,4,75
12256830,14,29,0,75
12257340,66,36,0,75
12257850,80,45,-2,77
12258360,94,54,9,68
12258870,15,74,-15,83
12259380,100,65,6,77
12259890,21,25,3,74
12260400,3,32,1,73
12260910,67,41,1,72
12261420,81,50,-5,77
12261930,20,10,-6,83
12262440,35,65,0,83
12262950,87,56,11,72
12263460,8,16,-11,83
12263970,60,23,7,76
12264480,75,33,-1,77
12264990,3,42,-6,83
12265500,67,51,0,83
12266010,81,13,6,77
12266520,57,23,2,75
12267030,72,42,1,74
12267540,86,51,5,69
12268050,7,71,-7,76
12268560,7,62,-5,81
12269070,95,53,5,76
12269580,16,73,-4,80
12270090,83,64,3,77
12270600,67,73,-6,83
12271110,17,49,10,73
12271620,69,40,-7,80
12272130,8,49,2,78
12272640,72,40,1,77
12273150,11,49,-2,79
12273660,75,40,1,78
12274170,14,49,-1,79
12274680,78,40,3,76
12275190,6,49,1,75
12275700,70,40,-2,77
12276210,9,49,-2,79
12276720,97,40,2,77
12277230,18,29,1,76
12277740,70,93,-13,89
12278250,20,29,10,79
12278760,72,36,4,75
12279270,0,45,-4,79
12279780,65,54,1,78
12280290,79,16,1,77
12280800,25,26,-7,84
12281310,77,33,10,74
12281820,16,42,-3,77
12282330,68,4,-3,80
12282840,44,23,-3,83
12283350,59,30,15,68
12283860,100,39,-4,72
12284370,21,28,-7,79
12284880,73,35,5,74
12285390,1,44,-10,84
12285900,65,53,3,81
12286410,79,15,6,75
12286920,55,25,-1,76
12287430,70,34,2,74
12287940,9,43,-3,77
12288450,73,52,1,76
12288960,12,12,-7,83
12289470,64,19,14,69
12289980,65,35,-7,76
12290490,4,44,-1,77
12291000,68,35,0,77
12291510,7,44,-1,78
12292020,71,53,-3,81
12292530,85,13,6,75
12293040,61,23,0,75
12293550,76,40,-2,77
12294060,15,49,-3,80
12294570,79,58,-3,83
12295080,93,20,7,76
12295590,69,30,7,69
12296100,8,39,-11,80
12296610,72,48,6,74
12297120,86,8,-6,80
12297630,62,18,5,75
12298140,77,28,2,73
12298650,16,45,-11,84
12299160,68,54,5,79
12299670,7,30,4,75
12300180,71,94,-14,89
12300690,21,30,13,76
12301200,73,37,-4,80
12301710,12,46,6,74
12302220,11,37,-5,79
12302730,63,101,-1,80
12303240,13,92,-5,85
12303750,79,47,9,76
12304260,0,56,0,76
12304770,2,65,-4,80
12305280,22,74,-1,81
12305790,23,65,4,77
12306300,75,56,-6,83
12306810,14,18,2,81
12307320,66,25,3,78
12307830,81,41,6,72
12308340,2,50,-5,77
12308850,4,59,2,75
12309360,68,50,-8,83
12309870,7,12,-6,89
12310380,59,19,14,75
12310890,74,29,0,75
12311400,96,46,3,72
12311910,17,66,-6,78
12312420,81,57,-1,79
12312930,20,17,0,79
12313440,72,24,4,75
12313950,95,41,1,74
12314460,16,30,-1,75
12314970,68,94,-15,90
12315480,18,30,14,76
12315990,70,94,-14,90
12316500,20,70,5,85
12317010,19,61,3,82
12317520,71,52,2,80
12318030,10,12,-2,82
12318540,62,19,3,79
12319050,77,29,2,77
12319560,78,45,0,77
12320070,101,54,5,72
12320580,22,74,-8,80
12321090,23,65,0,80
12321600,75,56,0,80
12322110,14,32,-1,81
12322620,66,96,-1,82
12323130,16,87,5,77
12323640,101,78,3,74
12324150,22,87,-12,86
12324660,89,78,4,82
12325170,10,40,8,74
12325680,74,49,-1,75
12326190,96,9,-4,79
12326700,72,19,1,78
12327210,73,35,-1,79
12327720,96,44,6,73
12328230,17,64,-7,80
12328740,81,55,6,74
12329250,20,15,-8,82
12329760,72,22,6,76
12330270,73,39,4,72
12330780,96,48,-4,76
12331290,17,68,-1,77
12331800,18,59,-8,85
12332310,82,50,10,75
12332820,2,59,-5,80
12333330,22,50,2,78
12333840,74,12,-3,81
12334350,50,22,-2,83
12334860,65,41,1,82
12335370,4,39,4,78
12335880,68,48,4,74
12336390,7,8,-8,82
12336900,0,15,5,77
12337410,52,28,-1,78
12337920,67,35,1,77
12338430,90,38,3,74
12338940,11,27,-8,82
12339450,63,34,1,81
12339960,2,43,3,78
12340470,66,34,-1,79
12340980,89,43,4,75
12341490,10,52,-3,78
12342000,9,43,4,74
12342510,73,34,-2,76
12343020,74,43,0,76
12343530,13,52,-2,78
12344040,77,43,6,72
12344550,100,52,-5,77
12345060,21,72,0,77
12345570,22,63,-1,78
12346080,74,54,-2,80
12346590,13,16,1,79
12347100,65,23,3,76
12347610,66,39,-3,79
12348120,5,48,0,79
12348630,69,39,5,74
12349140,91,48,3,71
12349650,12,37,-10,81
12350160,64,46,-1,82
12350670,3,8,6,76
12351180,98,15,-6,82
12351690,74,25,5,77
12352200,75,14,0,77
12352710,51,24,-5,82
12353220,66,43,7,75
12353730,5,41,-5,80
12354240,57,3,4,76
12354750,33,22,-12,88
12355260,52,29,13,75
12355770,93,36,-2,77
12356280,14,25,0,77
12356790,66,89,-4,81
12357300,16,80,5,76
12357810,83,71,-8,84
12358320,4,33,10,74
12358830,68,97,-13,87
12359340,18,88,9,78
12359850,85,79,-2,80
12360360,67,55,-5,85
12360870,6,17,6,79
12361380,101,24,5,74
12361890,77,40,-7,81
12362400,99,49,4,77
12362910,19,38,1,76
12363420,71,0,-2,78
12363930,47,19,-4,82
12364440,62,38,1,81
12364950,88,45,3,78
12365460,8,34,4,74
12365970,15,98,-6,80
12366480,100,89,6,74
12366990,82,98,-9,83
12367500,64,34,10,73
12368010,3,43,-1,74
12368520,67,34,-11,85
12369030,68,53,8,77
12369540,7,15,4,73
12370050,0,22,-5,78
12370560,64,31,-1,79
12371070,65,50,-1,80
12371580,84,12,3,77
12372090,60,22,1,76
12372600,61,38,-3,79
12373110,0,45,0,79
12373620,64,54,-6,85
12374130,83,16,7,78
12374640,59,26,-1,79
12375150,60,42,3,76
12375660,101,4,2,74
12376170,77,14,-7,81
12376680,53,24,-2,83
12377190,54,43,-1,84
12377700,73,50,10,74
12378210,61,10,-4,78
12378720,62,29,0,78
12379230,63,38,0,78
12379740,2,57,2,76
12380250,22,48,5,71
12380760,74,10,-12,83
12381270,50,29,3,80
12381780,69,36,1,79
12382290,8,45,3,76
12382800,72,36,2,74
12383310,94,45,-2,76
12383820,14,34,-4,80
12384330,11,98,1,79
12384840,31,89,-4,83
12385350,32,80,3,80
12385860,33,71,-1,81
12386370,52,62,5,76
12386880,2,75,1,75
12387390,22,84,-5,80
12387900,23,75,3,77
12388410,24,10,0,77
12388920,25,65,-8,85
12389430,26,56,5,80
12389940,78,47,7,73
12390450,100,36,-3,76
12390960,20,25,-3,79
12391470,72,32,-1,80
12391980,94,48,4,76
12392490,14,37,1,75
12393000,78,101,-7,82
12393510,60,37,1,81
12394020,79,21,4,77
12394530,80,10,-8,85
12395040,56,20,13,72
12395550,57,39,-7,79
12396060,98,46,6,73
12396570,18,35,-6,79
12397080,70,42,-1,80
12397590,9,31,6,74
12398100,61,40,-7,81
12398610,87,47,7,74
12399120,7,36,-8,82
12399630,71,100,4,78
12400140,21,91,1,77
12400650,88,82,-13,90
12401160,38,44,8,82
12401670,57,6,8,74
12402180,33,25,-6,80
12402690,52,32,3,77
12403200,71,39,2,75
12403710,93,28,-3,78
12404220,13,17,-8,86
12404730,65,24,16,70
12405240,66,13,-4,74
12405750,67,2,-8,82
12406260,43,21,2,80
12406770,44,49,0,80
12407280,63,56,-3,83
12407790,82,18,1,82
12408300,83,28,11,71
12408810,3,17,-3,74
12409320,98,30,-3,77
12409830,18,19,-4,81
12410340,70,26,2,79
12410850,71,15,7,72
12411360,72,4,-12,84
12411870,48,23,5,79
12412380,63,30,7,72
12412890,77,39,-4,76
12413400,99,28,2,74
12413910,19,17,-5,79
12414420,71,24,0,79
12414930,72,13,4,75
12415440,48,23,-6,81
12415950,67,42,4,77
12416460,89,51,3,74
12416970,25,40,-6,80
12417480,77,47,3,77
12417990,99,36,0,77
12418500,19,25,-1,78
12419010,71,32,-1,79
12419520,93,21,6,73
12420030,67,31,-4,77
12420540,68,20,2,75
12421050,69,9,-2,77
12421560,45,28,-9,86
12422070,64,35,9,77
12422580,79,38,5,72
12423090,101,27,-3,75
12423600,21,37,-7,82
12424110,73,44,5,77
12424620,95,47,6,71
12425130,15,36,-9,80
12425640,67,35,2,78
12426150,89,38,5,73
12426660,22,27,4,69
12427170,74,34,-5,74
12427680,96,43,-6,80
12428190,16,32,0,80
12428700,68,39,5,75
12429210,90,28,5,70
12429720,10,17,-8,78
12430230,62,24,6,72
12430740,77,13,-6,78
12431250,53,23,1,77
12431760,68,42,-2,79
12432270,87,31,2,77
12432780,7,20,0,77
12433290,71,27,-1,78
12433800,72,16,1,77
12434310,73,26,0,77
12434820,74,15,0,77
12435330,50,53,-6,83
12435840,69,60,4,79
12436350,88,67,3,76
12436860,5,76,0,76
12437370,25,85,-2,78
12437880,26,76,-1,79
12438390,29,67,-2,81
12438900,32,58,2,79
12439410,84,49,3,76
12439920,4,38,2,74
12440430,68,47,-1,75
12440940,87,7,3,72
12441450,63,45,-7,79
12441960,82,52,7,72
12442470,2,41,-7,79
12442980,66,50,-1,80
12443490,85,57,8,72
12444000,5,66,-5,77
12444510,7,57,-4,81
12445020,71,48,4,77
12445530,90,86,-5,82
12446040,40,22,2,80
12446550,59,29,6,74
12447060,74,38,1,73
12447570,96,27,-4,77
12448080,16,37,-6,83
12448590,68,44,4,79
12449100,7,53,3,76
12449610,71,44,-1,77
12450120,10,53,-5,82
12450630,74,62,6,76
12451140,93,38,2,74
12451650,13,27,-1,75
12452160,65,34,-3,78
12452670,80,37,7,71
12453180,0,26,-4,75
12453690,64,35,-3,78
12454200,86,38,3,75
12454710,6,27,-2,77
12455220,70,34,3,74
12455730,92,23,-3,77
12456240,12,33,4,73
12456750,9,97,-10,83
12457260,29,37,5,78
12457770,81,44,4,74
12458280,1,33,-2,76
12458790,65,42,-6,82
12459300,84,80,-2,84
12459810,34,16,-1,85
12460320,53,23,5,80
12460830,68,42,5,75
12461340,7,41,-5,80
12461850,71,50,6,74
12462360,93,88,-6,80
12462870,75,24,4,76
12463380,97,13,3,73
12463890,73,51,-6,79
12464400,95,81,2,77
12464910,45,17,-5,82
12465420,60,36,6,76
12465930,101,13,-3,79
12466440,77,51,-2,81
12466950,99,89,5,76
12467460,49,25,-4,80
12467970,64,32,-1,81
12468480,79,21,9,72
12468990,101,10,-9,81
12469500,77,48,5,76
12470010,99,86,-6,82
12470520,49,22,7,75
12471030,64,41,-1,76
12471540,3,1,-5,81
12472050,98,8,6,75
12472560,74,46,-6,81
12473070,96,35,7,74
12473580,16,24,-6,80
12474090,68,31,6,74
12474600,90,20,-1,75
12475110,66,30,-2,77
12475620,73,19,-1,78
12476130,74,29,4,74
12476640,96,18,8,66
12477150,70,56,-11,77
12477660,92,32,1,76
12478170,12,21,-1,77
12478680,5,28,-6,83
12479190,69,41,10,73
12479700,91,30,-6,79
12480210,11,19,2,77
12480720,63,26,-2,79
12481230,78,45,-2,81
12481740,100,83,7,74
12482250,82,19,1,73
12482760,58,29,-4,77
12483270,73,67,-2,79
12483780,23,3,-1,80
12484290,38,28,-1,81
12484800,57,35,7,74
12485310,98,54,3,71
12485820,18,43,-13,84
12486330,70,5,5,79
12486840,46,85,-9,88
12487350,49,76,1,87
12487860,56,67,7,80
12488370,22,3,4,76
12488880,37,28,-9,85
12489390,56,35,4,81
12489900,97,42,1,80
12490410,17,31,2,78
12490920,69,38,3,75
12491430,91,27,0,75
12491940,11,37,-2,77
12492450,75,36,2,75
12492960,97,25,2,73
12493470,17,14,-5,78
12493980,69,21,3,75
12494490,91,31,4,71
12495000,11,20,-4,75
12495510,8,27,3,72
12496020,1,91,-11,83
12496530,21,31,9,74
12497040,73,38,-1,75
12497550,95,27,-2,77
12498060,15,37,-4,81
12498570,67,36,2,79
12499080,89,55,7,72
12499590,9,93,-12,84
12500100,94,33,10,74
12500610,14,22,-7,81
12501120,7,29,10,71
12501630,71,93,-16,87
12502140,53,29,13,74
12502650,71,48,-1,75
12503160,10,86,-8,83
12503670,85,77,3,80
12504180,35,0,1,79
12504690,50,19,0,79
12505200,65,38,-1,80
12505710,87,57,5,75
12506220,7,95,3,72
12506730,25,35,-9,81
12507240,77,42,6,75
12507750,99,31,-9,84
12508260,19,20,3,81
12508770,71,27,10,71
12509280,93,16,-6,77
12509790,69,26,2,75
12510300,76,36,-2,77
12510810,98,25,-4,81
12511320,74,35,6,75
12511830,96,73,-7,82
12512340,16,9,2,80
12512850,68,48,-1,81
12513360,82,86,1,80
12513870,32,22,-5,85
12514380,51,29,12,73
12514890,92,36,2,71
12515400,12,25,-17,88
12515910,49,32,8,80
12516420,92,39,7,73
12516930,12,28,-8,81
12517440,64,35,7,74
12517950,5,73,-9,83
12518460,2,82,4,79
12518970,22,22,0,79
12519480,74,29,5,74
12519990,96,18,-2,76
12520500,72,28,1,75
12521010,94,17,0,75
12521520,68,27,-2,77
12522030,75,43,4,73
12522540,97,32,-4,77
12523050,17,21,-2,79
12523560,69,28,6,73
12524070,76,17,-2,75
12524580,52,27,-5,80
12525090,67,46,-5,85
12525600,81,84,3,82
12526110,31,20,-1,83
12526620,50,31,8,75
12527130,65,50,-6,81
12527640,79,26,2,79
12528150,101,15,5,74
12528660,75,25,-3,77
12529170,97,35,1,76
12529680,17,24,1,75
12530190,69,31,-2,77
12530700,91,96,-1,78
12531210,73,32,4,74
12531720,95,42,1,73
12532230,15,31,-7,80
12532740,67,95,-3,83
12533250,17,31,5,78
12533760,69,95,0,78
12534270,19,31,-1,79
12534780,71,38,2,77
12535290,12,76,-3,80
12535800,23,67,-3,83
12536310,26,58,5,78
12536820,78,49,0,78
12537330,92,87,-1,79
12537840,74,23,5,74
12538350,81,33,-1,75
12538860,1,22,2,73
12539370,92,31,-4,77
12539880,12,20,-1,78
12540390,64,27,3,75
12540900,79,96,-9,84
12541410,29,32,2,82
12541920,48,43,-5,87
12542430,67,54,9,78
12542940,81,30,1,77
12543450,1,19,1,76
12543960,53,32,-1,77
12544470,83,51,4,73
12544980,3,40,-6,79
12545490,67,49,1,78
12546000,97,25,-4,82
12546510,71,35,12,70
12547020,78,24,-5,75
12547530,63,34,-6,81
12548040,4,53,3,78
12548550,6,62,1,77
12549060,81,53,0,77
12549570,1,13,5,72
12550080,96,26,-5,77
12550590,70,36,3,74
12551100,77,45,-3,77
12551610,5,83,-5,82
12552120,25,92,1,81
12552630,92,83,3,78
12553140,22,19,0,78
12553650,74,26,8,70
12554160,98,15,-2,72
12554670,72,25,-1,73
12555180,79,35,2,71
12555690,101,24,-6,77
12556200,75,34,3,74
12556710,59,23,-5,79
12557220,0,33,2,77
12557730,91,42,3,74
12558240,11,65,-8,82
12558750,78,56,4,78
12559260,6,94,-2,80
12559770,26,34,0,80
12560280,78,45,5,75
12560790,85,34,2,73
12561300,5,23,-1,74
12561810,100,32,1,73
12562320,85,21,-10,83
12562830,59,31,5,78
12563340,74,50,-1,79
12563850,2,88,-1,80
12564360,22,28,2,78
12564870,74,39,4,74
12565380,81,48,-2,76
12565890,1,86,-1,77
12566400,21,26,1,76
12566910,73,37,4,72
12567420,80,46,-3,75
12567930,87,84,-9,84
12568440,69,20,11,73
12568950,84,30,1,72
12569460,69,40,-5,77
12569970,10,49,0,77
12570480,69,40,-1,78
12570990,76,59,2,76
12571500,4,21,0,76
12572010,99,34,-3,79
12572520,84,44,3,76
12573030,12,53,-3,79
12573540,76,44,-2,81
12574050,4,82,-1,82
12574560,24,44,7,75
12575070,76,6,-5,80
12575580,50,16,-1,81
12576090,65,35,2,79
12576600,6,44,2,77
12577110,57,53,-6,83
12577620,76,64,3,80
12578130,90,26,7,73
12578640,64,36,-4,77
12579150,5,45,-6,83
12579660,69,7,6,77
12580170,43,26,-16,93
12580680,62,33,12,81
12581190,3,52,1,80
12581700,13,61,4,76
12582210,89,52,3,73
12582720,17,60,-9,82
12583230,81,51,6,76
12583740,88,89,-8,84
12584250,70,25,13,71
12584760,77,14,-8,79
12585270,51,24,-4,83
12585780,66,43,3,80
12586290,7,5,1,79
12586800,0,44,2,77
12587310,91,53,3,74
12587820,19,61,-4,78
12588330,95,52,5,73
12588840,23,41,-5,78
12589350,75,3,0,78
12589860,49,13,1,77
12590370,63,23,4,73
12590880,4,33,-7,80
12591390,95,69,-3,83
12591900,85,5,5,78
12592410,59,15,1,77
12592920,74,25,-2,79
12593430,81,35,10,69
12593940,9,24,-7,76
12594450,73,31,6,70
12594960,1,41,-9,79
12595470,92,50,6,73
12595980,20,39,-8,81
12596490,72,1,5,76
12597000,46,20,-3,79
12597510,61,39,-3,82
12598020,91,1,4,78
12598530,67,20,-1,79
12599040,77,30,3,76
12599550,5,19,-9,85
12600060,100,32,14,71
12600570,74,42,3,68
12601080,2,51,-10,78
12601590,12,100,-4,82
12602100,32,62,2,80
12602610,6,24,5,75
12603120,101,33,-4,79
12603630,77,43,-1,80
12604140,5,52,2,78
12604650,15,43,1,77
12605160,67,5,1,76
12605670,41,24,-6,82
12606180,56,35,9,73
12606690,86,54,-5,78
12607200,14,62,0,78
12607710,11,53,0,78
12608220,8,44,2,76
12608730,72,6,0,76
12609240,46,44,-12,88
12609750,65,55,13,75
12610260,95,17,-1,76
12610770,69,27,-5,81
12611280,76,37,5,76
12611790,4,46,-3,79
12612300,95,55,2,77
12612810,23,63,6,71
12613320,99,54,-5,76
12613830,27,43,0,76
12614340,79,5,-1,77
12614850,32,15,-2,79
12615360,39,26,-2,81
12615870,54,37,4,77
12616380,84,101,-2,79
12616890,66,37,-1,80
12617400,96,56,8,72
12617910,98,64,-3,75
12618420,26,72,-7,82
12618930,0,63,4,78
12619440,20,72,-3,81
12619950,96,63,3,78
12620460,24,72,0,78
12620970,100,63,6,72
12621480,0,71,-15,87
12621990,20,80,9,78
12622500,95,71,-1,79
12623010,97,7,6,73
12623520,71,17,-5,78
12624030,81,27,3,75
12624540,9,37,-4,79
12625050,85,46,6,73
12625560,13,55,-9,82
12626070,77,46,4,78
12626580,5,55,-2,80
12627090,15,46,0,80
12627600,91,8,8,72
12628110,65,18,-6,78
12628620,75,28,4,74
12629130,82,38,0,74
12629640,10,27,-6,80
12630150,3,34,2,78
12630660,94,43,3,75
12631170,22,32,-1,76
12631680,62,96,-3,79
12632190,36,87,-5,84
12632700,10,78,2,82
12633210,95,87,6,76
12633720,77,23,-1,77
12634230,87,33,1,76
12634740,15,22,-4,80
12635250,67,33,4,76
12635760,97,42,5,71
12636270,99,31,-6,77
12636780,73,41,0,77
12637290,1,79,0,77
12637800,46,88,-5,82
12638310,20,79,2,80
12638820,96,70,0,80
12639330,98,6,5,75
12639840,72,16,-1,76
12640350,46,26,-5,81
12640860,76,45,4,77
12641370,4,83,-2,79
12641880,24,92,1,78
12642390,99,83,-3,81
12642900,81,19,5,76
12643410,55,29,-5,81
12643920,85,48,4,77
12644430,13,37,0,77
12644940,10,101,-4,81
12645450,30,8,5,76
12645960,45,27,-6,82
12646470,75,38,9,73
12646980,3,47,-2,75
12647490,94,38,-5,80
12648000,96,27,4,76
12648510,70,37,3,73
12649020,100,56,-3,76
12649530,28,45,-1,77
12650040,80,7,-1,78
12650550,54,26,2,76
12651060,84,45,0,76
12651570,12,83,0,76
12652080,97,74,1,75
12652590,79,10,-7,82
12653100,53,20,4,78
12653610,68,39,-3,81
12654120,98,58,6,75
12654630,26,47,-4,79
12655140,0,9,0,79
12655650,95,22,10,69
12656160,69,32,-6,75
12656670,76,42,1,74
12657180,4,80,-3,77
12657690,24,89,-4,81
12658200,100,80,6,75
12658710,36,16,-11,86
12659220,51,27,9,77
12659730,81,46,11,66
12660240,9,35,-16,82
12660750,73,99,2,80
12661260,55,35,6,74
12661770,85,54,-1,75
12662280,92,92,-1,76
12662790,74,28,2,74
12663300,81,38,3,71
12663810,83,27,-2,73
12664320,90,16,-5,78
12664830,64,26,1,77
12665340,71,45,1,76
12665850,101,83,-2,78
12666360,83,19,8,70
12666870,57,29,-9,79
12667380,87,48,9,70
12667890,84,37,-7,77
12668400,12,26,-2,79
12668910,5,90,3,76
12669420,25,99,0,76
12669930,100,90,-2,78
12670440,82,26,3,75
12670950,89,15,-1,76
12671460,63,25,7,69
12671970,70,35,-11,80
12672480,100,73,2,78
12672990,82,9,6,72
12673500,56,47,-4,76
12674010,86,58,-2,78
12674520,14,96,-2,80
12675030,59,87,-6,86
12675540,33,78,2,84
12676050,7,69,2,82
12676560,92,78,5,77
12677070,74,14,-2,79
12677580,48,24,-1,80
12678090,58,43,2,78
12678600,88,5,0,78
12679110,62,43,3,75
12679620,92,5,2,73
12680130,66,43,-7,80
12680640,24,81,1,79
12681150,99,72,0,79
12681660,4,8,3,76
12682170,99,47,0,76
12682680,101,36,-5,81
12683190,1,25,6,75
12683700,92,34,1,74
12684210,94,23,-3,77
12684720,68,33,4,73
12685230,75,22,-2,75
12685740,82,32,1,74
12686250,13,21,-3,77
12686760,6,28,0,77
12687270,70,37,2,75
12687780,77,26,-2,77
12688290,84,15,1,76
12688800,58,25,-3,79
12689310,65,44,2,77
12689820,95,82,0,77
12690330,77,18,2,75
12690840,51,28,-3,78
12691350,81,47,6,72
12691860,88,55,-3,75
12692370,95,63,2,73
12692880,0,101,-4,77
12693390,45,8,-3,80
12693900,55,27,5,75
12694410,62,46,-5,80
12694920,92,8,-4,84
12695430,66,46,4,80
12695940,96,84,3,77
12696450,78,20,-1,78
12696960,52,30,-2,80
12697470,62,49,0,80
12697980,92,11,3,77
12698490,66,49,-1,78
12699000,96,11,7,71
12699510,70,49,-7,78
12700020,84,87,-6,84
12700530,66,23,11,73
12701040,73,33,-3,76
12701550,80,52,1,75
12702060,8,90,-1,76
12702570,53,99,-2,78
12703080,27,90,-4,82
12703590,0,81,-3,85
12704100,20,90,8,77
12704610,95,81,-2,79
12705120,77,17,1,78
12705630,51,36,-5,83
12706140,70,47,7,76
12706650,100,85,-2,78
12707160,82,21,-2,80
12707670,56,31,3,77
12708180,86,50,4,73
12708690,93,88,-9,82
12709200,75,24,10,72
12709710,82,13,-6,78
12710220,56,51,0,78
12710730,70,62,-3,81
12711240,84,73,4,77
12711750,66,9,0,77
12712260,40,47,-4,81
12712770,50,58,-3,84
12713280,0,96,-2,86
12713790,20,3,4,82
12714300,58,28,4,78
12714810,65,47,-1,79
12715320,79,9,2,77
12715830,53,47,-11,88
12716340,48,58,6,82
12716850,100,96,-1,83
12717360,82,32,10,73
12717870,66,21,0,73
12718380,73,37,1,72
12718890,80,46,0,72
12719400,87,54,-4,76
12719910,94,62,3,73
12720420,40,70,-8,81
12720930,14,61,-1,82
12721440,78,52,7,75
12721950,85,90,-5,80
12722460,67,26,6,74
12722970,74,42,2,72
12723480,81,45,1,71
12723990,88,34,-4,75
12724500,90,23,-1,76
12725010,64,33,-1,77
12725520,71,36,1,76
12726030,78,45,0,76
12726540,85,34,5,71
12727050,87,23,-3,74
12727560,61,33,-2,76
12728070,68,71,-6,82
12728580,50,7,5,77
12729090,60,26,0,77
12729600,67,42,2,75
12730110,74,80,-4,79
12730620,56,16,-2,81
12731130,63,35,4,77
12731640,70,38,0,77
12732150,77,41,1,76
12732660,23,44,-4,80
12733170,75,43,4,76
12733680,82,81,-6,82
12734190,64,17,9,73
12734700,71,27,-1,74
12735210,78,37,-3,77
12735720,85,40,6,71
12736230,87,29,-4,75
12736740,94,18,-3,78
12737250,68,28,3,75
12737760,75,38,-1,76
12738270,82,41,0,76
12738780,89,30,3,73
12739290,96,19,1,72
12739800,70,29,-3,75
12740310,77,67,-7,82
12740820,91,3,5,77
12741330,65,41,-1,78
12741840,95,79,5,73
12742350,77,15,-4,77
12742860,51,25,1,76
12743370,58,44,-4,80
12743880,72,55,3,77
12744390,86,17,4,73
12744900,60,27,-3,76
12745410,67,46,0,76
12745920,81,84,-8,84
12746430,63,20,8,76
12746940,70,30,1,75
12747450,77,46,-3,78
12747960,91,84,1,77
12748470,73,20,2,75
12748980,22,36,0,75
12749490,4,47,-5,80
12750000,68,38,5,75
12750510,75,76,-7,82
12751020,57,12,5,77
12751530,67,22,1,76
12752040,74,38,-4,80
12752550,81,76,6,74
12753060,63,12,-1,75
12753570,37,22,-7,82
12754080,56,33,8,74
12754590,86,36,-2,76
12755100,14,52,-3,79
12755610,78,43,0,79
12756120,6,46,5,74
12756630,70,37,-1,75
12757140,77,40,-1,76
12757650,5,78,1,75
12758160,50,87,-6,81
12758670,24,78,-1,82
12759180,14,69,-2,84
12759690,99,60,13,71
12760200,45,98,-11,82
12760710,19,89,-3,85
12761220,94,80,8,77
12761730,76,16,1,76
12762240,50,26,-4,80
12762750,80,45,0,80
12763260,72,53,5,75
12763770,86,91,1,74
12764280,68,27,-3,77
12764790,75,65,0,77
12765300,89,1,7,70
12765810,63,20,-2,72
12766320,70,36,-3,75
12766830,100,44,0,75
12767340,0,33,-5,80
12767850,81,42,9,71
12768360,1,50,-11,82
12768870,82,41,8,74
12769380,2,30,0,74
12769890,66,39,-1,75
12770400,96,42,2,73
12770910,24,31,-7,80
12771420,6,42,2,78
12771930,70,84,-9,87
12772440,52,20,8,79
12772950,59,39,0,79
12773460,89,92,0,79
12773970,71,28,5,74
12774480,78,44,-1,75
12774990,6,33,-3,78
12775500,70,42,-4,82
12776010,100,80,10,72
12776520,82,16,-2,74
12777030,56,26,-8,82
12777540,86,29,13,69
12778050,93,18,-10,79
12778560,67,28,1,78
12779070,74,44,6,72
12779580,2,33,0,72
12780090,101,42,-5,77
12780600,29,31,-7,84
12781110,81,42,8,76
12781620,9,50,-1,77
12782130,73,41,2,75
12782640,1,44,1,74
12783150,65,35,0,74
12783660,72,38,-3,77
12784170,0,41,0,77
12784680,64,32,2,75
12785190,71,35,1,74
12785700,78,51,-9,83
12786210,6,89,8,75
12786720,26,80,-6,81
12787230,93,71,-1,82
12787740,13,7,5,77
12788250,6,18,1,76
12788760,101,41,-5,81
12789270,29,30,1,80
12789780,48,41,1,79
12790290,67,52,3,76
12790800,97,90,-4,80
12791310,79,26,3,77
12791820,86,42,7,70
12792330,14,31,-7,77
12792840,11,30,2,75
12793350,8,5,-7,82
12793860,1,16,6,76
12794370,65,29,-2,78
12794880,72,45,2,76
12795390,0,83,-4,80
12795900,20,23,0,80
12796410,72,34,7,73
12796920,79,50,-2,75
12797430,101,88,-1,76
12797940,83,24,-2,78
12798450,90,40,7,71
12798960,18,29,-7,78
12799470,70,40,5,73
12799980,77,78,-8,81
12800490,59,14,4,77
12801000,66,24,-1,78
12801510,73,40,5,73
12802020,80,48,-4,77
12802530,87,56,-1,78
12803040,7,94,-2,80
12803550,27,85,-3,83
12804060,94,76,6,77
12804570,76,12,-2,79
12805080,50,50,-7,86
12805590,69,61,8,78
12806100,99,99,0,78
12806610,81,35,5,73
12807120,88,24,3,70
12807630,95,13,-11,81
12808140,69,51,6,75
12808650,99,89,-2,77
12809160,81,25,2,75
12809670,88,14,-4,79
12810180,62,24,1,78
12810690,69,40,5,73
12811200,76,43,-9,82
12811710,4,51,2,80
12812220,68,42,6,74
12812730,98,80,-3,77
12813240,80,16,3,74
12813750,54,26,-6,80
12814260,61,64,-2,82
12814770,80,0,4,78
12815280,54,19,2,76
12815790,61,35,6,70
12816300,68,38,-13,83
12816810,98,76,10,73
12817320,80,12,-4,77
12817830,54,50,-5,82
12818340,73,61,-2,84
12818850,92,99,4,80
12819360,74,35,8,72
12819870,2,43,-5,77
12820380,66,34,3,74
12820890,96,88,-5,79
12821400,78,24,1,78
12821910,85,40,9,69
12822420,13,29,-9,78
12822930,8,28,-2,80
12823440,72,27,6,74
12823950,79,16,-5,79
12824460,53,26,-1,80
12824970,83,29,3,77
12825480,11,18,-1,78
12825990,8,25,-1,79
12826500,72,36,5,74
12827010,0,44,-4,78
12827520,64,35,2,76
12828030,94,38,-6,82
12828540,22,76,8,74
12829050,89,67,-5,79
12829560,17,3,-5,84
12830070,14,28,5,79
12830580,66,39,1,78
12831090,96,77,0,78
12831600,24,23,-7,85
12832110,76,34,10,75
12832620,4,50,-3,78
12833130,68,41,1,77
12833640,98,79,-1,78
12834150,26,15,-2,80
12834660,45,26,1,79
12835170,75,37,6,73
12835680,82,26,-5,78
12836190,89,42,2,76
12836700,17,31,2,74
12837210,14,42,-7,81
12837720,78,4,1,80
12838230,52,23,-1,81
12838740,67,39,8,73
12839250,97,77,-2,75
12839760,79,13,-1,76
12840270,53,23,1,75
12840780,60,33,-5,80
12841290,90,6,3,77
12841800,64,44,-2,79
12842310,94,9,8,71
12842820,68,47,-12,83
12843330,98,12,2,81
12843840,72,50,3,78
12844350,0,88,-6,84
12844860,20,28,9,75
12845370,72,39,2,73
12845880,0,47,-7,80
12846390,64,38,7,73
12846900,94,46,2,71
12847410,22,35,-10,81
12847920,4,46,-4,85
12848430,68,37,11,74
12848940,98,45,-6,80
12849450,26,34,-4,84
12849960,78,45,10,74
12850470,6,53,-8,82
12850980,70,44,9,73
12851490,100,52,4,69
12852000,20,41,-11,80
12852510,17,40,4,76
12853020,14,39,-4,80
12853530,78,1,-4,84
12854040,52,20,4,80
12854550,67,39,4,76
12855060,97,68,-3,79
12855570,17,76,3,76
12856080,14,67,-4,80
12856590,78,58,3,77
12857100,6,23,6,71
12857610,70,22,-7,78
12858120,77,38,4,74
12858630,5,23,2,72
12859140,69,22,-9,81
12859650,76,38,3,78
12860160,4,54,-6,84
12860670,68,45,3,81
12861180,3,10,4,77
12861690,98,33,-3,80
12862200,26,22,-2,82
12862710,45,33,-1,83
12863220,64,44,8,75
12863730,94,65,1,74
12864240,14,73,-12,86
12864750,81,64,8,78
12865260,9,29,1,77
12865770,73,93,0,77
12866280,55,29,-6,83
12866790,85,48,12,71
12867300,5,37,-7,78
12867810,69,36,3,75
12868320,99,44,4,71
12868830,27,33,-9,80
12869340,79,44,6,74
12869850,7,52,-9,83
12870360,71,43,10,73
12870870,101,32,1,72
12871380,6,21,-4,76
12871890,70,20,1,75
12872400,77,36,4,71
12872910,99,25,-13,84
12873420,73,35,12,72
12873930,80,51,-4,76
12874440,0,59,2,74
12874950,20,50,-9,83
12875460,84,12,7,76
12875970,58,50,-3,79
12876480,77,61,0,79
12876990,3,26,2,77
12877500,67,39,-6,83
12878010,97,42,9,74
12878520,17,31,-4,78
12879030,14,42,-2,80
12879540,78,59,4,76
12880050,4,24,-2,78
12880560,99,88,1,77
12881070,81,11,-3,80
12881580,55,49,0,80
12882090,74,60,7,73
12882600,2,22,-5,78
12883110,54,31,1,77
12883620,84,47,2,75
12884130,4,36,-1,76
12884640,68,100,-10,86
12885150,18,53,8,78
12885660,82,44,0,78
12886170,2,33,-5,83
12886680,66,32,9,74
12887190,73,70,-9,83
12887700,101,81,5,78
12888210,83,46,8,70
12888720,3,35,-8,78
12889230,67,26,6,72
12889740,76,42,-4,76
12890250,98,50,2,74
12890760,18,39,-6,80
12891270,15,1,0,80
12891780,12,26,1,79
12892290,9,37,-5,84
12892800,73,101,4,80
12893310,55,37,2,78
12893820,85,101,-1,79
12894330,67,37,-2,81
12894840,74,40,5,76
12895350,96,48,4,72
12895860,16,37,-13,85
12896370,80,101,3,82
12896880,62,37,4,78
12897390,92,36,3,75
12897900,12,25,-7,82
12898410,64,36,9,73
12898920,71,44,1,72
12899430,9,52,-10,82
12899940,73,43,8,74
12900450,95,51,-4,78
12900960,15,40,6,72
12901470,12,2,-11,83
12901980,5,9,4,79
12902490,100,16,5,74
12903000,74,26,-3,77
12903510,96,42,0,77
12904020,16,31,1,76
12904530,68,95,-3,79
12905040,50,86,-4,83
12905550,78,77,-1,84
12906060,4,88,2,82
12906570,24,37,1,81
12907080,76,48,3,78
12907590,98,56,6,72
12908100,18,45,-11,83
12908610,15,7,3,80
12909120,77,18,0,80
12909630,84,28,-1,81
12910140,4,17,7,74
12910650,99,30,2,72
12911160,19,19,-7,79
12911670,1,30,4,75
12912180,21,39,-7,82
12912690,18,50,8,74
12913200,15,41,-5,79
12913710,79,32,7,72
12914220,101,21,-8,80
12914730,75,31,5,75
12915240,97,20,-8,83
12915750,71,30,10,73
12916260,93,19,-3,76
12916770,67,29,-2,78
12917280,89,45,8,70
12917790,9,34,-8,78
12918300,73,25,3,75
12918810,95,14,-2,77
12919320,69,24,4,73
12919830,76,13,-6,79
12920340,50,23,-3,82
12920850,65,42,5,77
12921360,95,39,1,76
12921870,15,28,1,75
12922380,12,39,-7,82
12922890,76,1,10,72
12923400,50,20,-14,86
12923910,65,39,4,82
12924420,87,36,6,76
12924930,7,25,-3,79
12925440,71,32,10,69
12925950,93,21,-5,74
12926460,67,31,1,73
12926970,74,39,-1,74
12927480,96,47,-3,77
12927990,16,36,-2,79
12928500,80,100,-2,81
12929010,62,36,1,80
12929520,69,55,2,78
12930030,91,20,-1,79
12930540,65,30,4,75
12931050,72,46,2,73
12931560,94,54,0,73
12932070,14,43,-8,81
12932580,78,52,8,73
12933090,100,60,-1,74
12933600,20,49,-8,82
12934110,84,11,4,78
12934620,58,21,5,73
12935130,65,37,-9,82
12935640,72,56,3,79
12936150,94,86,1,78
12936660,76,22,7,71
12937170,83,11,-10,81
12937680,57,49,2,79
12938190,76,60,1,78
12938700,98,85,-3,81
12939210,80,21,9,72
12939720,87,10,-10,82
12940230,61,48,4,78
12940740,80,13,4,74
12941250,54,23,-1,75
12941760,61,42,-6,81
12942270,80,72,0,81
12942780,0,0,6,75
12943290,95,7,-3,78
12943800,69,45,0,78
12944310,91,64,0,78
12944820,11,72,-1,79
12945330,31,63,4,75
12945840,50,54,-12,87
12946350,69,65,9,78
12946860,19,95,2,76
12947370,39,86,-10,86
12947880,58,77,4,82
12948390,8,13,7,75
12948900,1,36,0,75
12949410,21,27,-2,77
12949920,73,38,3,74
12950430,95,46,0,74
12950940,82,35,-3,77
12951450,2,24,11,66
12951960,93,37,-10,76
12952470,13,26,-5,81
12952980,77,37,4,77
12953490,99,56,1,76
12954000,19,45,-2,78
12954510,71,36,4,74
12955020,93,44,4,70
12955530,13,33,-7,77
12956040,65,44,-6,83
12956550,72,63,8,75
12957060,94,93,-6,81
12957570,76,29,9,72
12958080,98,18,-4,76
12958590,72,28,1,75
12959100,79,17,-1,76
12959610,53,27,-7,83
12960120,60,46,5,78
12960630,79,43,5,73
12961140,101,51,-2,75
12961650,21,40,0,75
12962160,73,2,-10,85
12962670,47,21,10,75
12963180,62,40,-3,78
12963690,3,59,0,78
12964200,23,50,-8,86
12964710,75,12,11,75
12965220,49,22,-3,78
12965730,56,41,-6,84
12966240,99,52,10,74
12966750,42,41,-12,86
12967260,61,52,7,79
12967770,80,63,1,78
12968280,0,28,3,75
12968790,91,37,0,75
12969300,11,26,-3,78
12969810,8,37,0,78
12970320,47,46,-14,92
12970830,66,29,16,76
12971340,73,48,-1,77
12971850,95,56,5,72
12972360,15,45,-6,78
12972870,79,36,2,76
12973380,101,25,3,73
12973890,75,35,-8,81
12974400,82,24,11,70
12974910,89,13,-7,77
12975420,63,23,1,76
12975930,4,39,-5,81
12976440,92,52,8,73
12976950,12,41,-8,81
12977460,76,52,4,77
12977970,98,60,-1,78
12978480,18,49,-1,79
12978990,82,40,2,77
12979500,2,48,4,73
12980010,83,39,-2,75
12980520,3,28,-11,86
12981030,67,37,9,77
12981540,74,40,-1,78
12982050,81,15,1,77
12982560,55,25,-5,82
12983070,70,44,6,76
12983580,77,52,0,76
12984090,99,60,-1,77
12984600,45,49,-6,83
12985110,64,60,-5,88
12985620,14,71,9,79
12986130,81,62,2,77
12986640,31,27,-5,82
12987150,50,38,-3,85
12987660,69,49,4,81
12988170,10,14,6,75
12988680,3,21,2,73
12989190,98,34,1,72
12989700,3,23,-3,75
12990210,67,32,-5,80
12990720,8,35,-1,81
12991230,72,44,4,77
12991740,13,52,-3,80
12992250,77,43,5,75
12992760,99,32,1,74
12993270,73,21,-3,77
12993780,80,10,-2,79
12994290,54,29,-3,82
12994800,61,48,-3,85
12995310,2,59,10,75
12995820,22,50,4,71
12996330,74,41,-5,76
12996840,96,44,2,74
12997350,42,33,-12,86
12997860,61,44,12,74
12998370,2,9,-2,76
12998880,97,22,0,76
12999390,71,32,4,72
12999900,78,48,-4,76
13000410,24,37,-5,81
13000920,76,48,4,77
13001430,98,56,3,74
13001940,18,45,-3,77
13002450,70,7,2,75
13002960,44,26,-5,80
13003470,63,37,-3,83
13003980,4,40,9,74
13004490,92,31,-11,85
13005000,99,41,4,81
13005510,45,30,1,80
13006020,64,41,-1,81
13006530,5,3,1,80
13007040,100,10,-5,85
13007550,74,20,10,75
13008060,20,30,-4,79
13008570,72,41,1,78
13009080,18,44,2,76
13009590,70,35,2,74
13010100,25,43,-6,80
13010610,77,5,-6,86
13011120,51,24,7,79
13011630,52,43,-5,84
13012140,71,54,7,77
13012650,21,16,1,76
13013160,73,27,2,74
13013670,19,43,-9,83
13014180,71,5,2,81
13014690,45,24,1,80
13015200,46,43,-3,83
13015710,65,54,3,80
13016220,15,16,1,79
13016730,8,23,-6,85
13017240,60,34,7,78
13017750,1,37,4,74
13018260,53,28,-3,77
13018770,96,31,1,76
13019280,42,20,-7,83
13019790,43,31,1,82
13020300,62,42,5,77
13020810,3,39,2,75
13021320,91,30,2,73
13021830,37,19,-10,83
13022340,52,30,10,73
13022850,95,33,-6,79
13023360,41,22,3,76
13023870,48,33,-9,85
13024380,67,44,4,81
13024890,8,6,1,80
13025400,1,13,2,78
13025910,96,26,3,75
13026420,70,15,0,75
13026930,16,25,-4,79
13027440,68,36,1,78
13027950,9,39,-16,94
13028460,73,52,20,74
13028970,95,14,1,73
13029480,69,24,2,71
13029990,15,40,-7,78
13030500,67,2,0,78
13031010,41,21,1,77
13031520,84,40,6,71
13032030,4,29,-2,73
13032540,68,93,-9,82
13033050,18,29,5,77
13033560,70,40,3,74
13034070,92,43,-5,79
13034580,12,32,8,71
13035090,9,96,-15,86
13035600,29,45,6,80
13036110,81,56,10,70
13036620,1,76,-4,74
13037130,82,25,2,72
13037640,28,14,-13,85
13038150,29,25,0,85
13038660,81,36,8,77
13039170,27,25,0,77
13039680,79,36,1,76
13040190,101,25,-9,85
13040700,75,35,10,75
13041210,21,24,-7,82
13041720,73,35,7,75
13042230,19,43,1,74
13042740,71,5,-7,81
13043250,45,24,-3,84
13043760,14,35,3,81
13044270,66,99,-1,82
13044780,48,90,4,78
13045290,100,81,-4,82
13045800,82,43,15,67
13046310,2,32,-16,83
13046820,54,96,6,77
13047330,4,87,-7,84
13047840,24,36,7,77
13048350,76,47,2,75
13048860,98,55,-4,79
13049370,18,44,1,78
13049880,70,6,-7,85
13050390,44,25,-1,86
13050900,63,36,12,74
13051410,9,39,0,74
13051920,97,30,8,66
13052430,43,19,-18,84
13052940,58,38,7,77
13053450,101,41,3,74
13053960,47,30,-5,79
13054470,90,41,8,71
13054980,36,30,-11,82
13055490,55,41,0,82
13056000,74,52,1,81
13056510,96,14,0,81
13057020,70,52,4,77
13057530,20,82,1,76
13058040,17,73,-7,83
13058550,3,64,9,74
13059060,84,55,-2,76
13059570,4,63,3,73
13060080,85,54,-5,78
13060590,5,62,1,77
13061100,86,53,-2,79
13061610,6,61,4,75
13062120,87,52,2,73
13062630,7,60,-6,79
13063140,88,51,4,75
13063650,8,11,-1,76
13064160,1,18,0,76
13064670,53,31,-10,86
13065180,72,34,14,72
13065690,18,37,-1,73
13066200,70,101,-9,82
13066710,52,92,-1,83
13067220,2,83,7,76
13067730,22,32,3,73
13068240,4,43,-9,82
13068750,68,34,10,72
13069260,14,37,-2,74
13069770,9,101,-3,77
13070280,90,50,2,75
13070790,10,39,-3,78
13071300,74,1,5,73
13071810,48,20,-6,79
13072320,91,39,5,74
13072830,37,28,-10,84
13073340,56,39,-2,86
13073850,75,50,14,72
13074360,97,12,0,72
13074870,71,50,-9,81
13075380,12,80,2,79
13075890,93,71,8,71
13076400,13,91,-12,83
13076910,94,40,6,77
13077420,40,29,-8,85
13077930,59,40,0,85
13078440,0,2,10,75
13078950,95,57,-1,76
13079460,15,77,-3,79
13079970,96,68,1,78
13080480,16,76,-5,83
13080990,83,67,2,81
13081500,3,29,9,72
13082010,84,38,-1,73
13082520,4,27,-1,74
13083030,56,91,-9,83
13083540,6,82,4,79
13084050,87,31,-2,81
13084560,33,20,0,81
13085070,52,31,2,79
13085580,95,34,9,70
13086090,41,23,-13,83
13086600,56,34,2,81
13087110,99,37,7,74
13087620,45,26,-3,77
13088130,64,29,1,76
13088640,10,32,-3,79
13089150,74,96,-4,83
13089660,56,32,11,72
13090170,99,35,-12,84
13090680,45,24,3,81
13091190,88,27,2,79
13091700,34,37,-5,84
13092210,53,48,3,81
13092720,72,59,3,78
13093230,22,21,-4,82
13093740,74,32,4,78
13094250,20,48,5,73
13094760,17,10,-12,85
13095270,69,17,6,79
13095780,15,27,3,76
13096290,67,38,1,75
13096800,13,41,-7,82
13097310,77,3,4,78
13097820,51,22,-3,81
13098330,66,41,3,78
13098840,7,44,-5,83
13099350,71,53,9,74
13099860,93,15,2,72
13100370,67,53,-5,77
13100880,8,15,1,76
13101390,1,22,-4,80
13101900,53,86,-3,83
13102410,3,77,3,80
13102920,84,86,5,75
13103430,66,82,-7,82
13103940,16,18,5,77
13104450,68,25,4,73
13104960,9,41,-10,83
13105470,73,3,1,82
13105980,47,22,0,82
13106490,62,25,9,73
13107000,3,35,0,73
13107510,94,99,-4,77
13108020,76,35,5,72
13108530,22,24,0,72
13109040,74,35,-4,76
13109550,20,38,-1,77
13110060,72,0,-1,78
13110570,46,19,-5,83
13111080,61,38,0,83
13111590,2,41,2,81
13112100,66,3,0,81
13112610,40,22,-4,85
13113120,55,33,6,79
13113630,66,36,5,74
13114140,75,44,-3,77
13114650,84,47,-1,78
13115160,93,36,3,75
13115670,39,25,-7,82
13116180,54,36,1,81
13116690,69,39,9,72
13117200,78,42,0,72
13117710,100,45,-6,78
13118220,46,34,2,76
13118730,61,45,0,76
13119240,2,42,2,74
13119750,83,51,-4,78
13120260,92,11,-1,79
13120770,66,49,-1,80
13121280,7,11,5,75
13121790,0,18,-1,76
13122300,52,27,3,73
13122810,95,46,0,73
13123320,41,35,-14,87
13123830,60,46,8,79
13124340,1,8,-3,82
13124850,96,15,8,74
13125360,70,53,-9,83
13125870,11,15,4,79
13126380,4,22,6,73
13126890,95,31,1,72
13127400,41,20,-9,81
13127910,48,39,-3,84
13128420,63,50,4,80
13128930,4,12,7,73
13129440,99,19,-2,75
13129950,73,29,-1,76
13130460,19,45,0,76
13130970,83,7,2,74
13131480,57,26,0,74
13131990,100,45,-7,81
13132500,46,34,-1,82
13133010,65,45,3,79
13133520,6,7,3,76
13134030,101,14,1,75
13134540,75,52,0,75
13135050,84,54,1,74
13135560,93,56,-1,75
13136070,0,76,-8,83
13136580,20,16,2,81
13137090,39,23,-4,85
13137600,54,30,7,78
13138110,61,33,-3,81
13138620,2,36,5,76
13139130,66,100,-4,80
13139640,16,91,-5,85
13140150,24,89,1,84
13140660,88,80,6,78
13141170,70,8,3,75
13141680,44,27,-9,84
13142190,59,38,10,74
13142700,68,0,-9,83
13143210,42,19,-1,84
13143720,57,26,9,75
13144230,100,27,-8,83
13144740,46,16,6,77
13145250,89,35,-3,80
13145760,35,24,-7,87
13146270,50,35,3,84
13146780,93,46,11,73
13147290,39,35,-12,85
13147800,58,46,-3,88
13148310,101,57,19,69
13148820,47,46,-12,81
13149330,66,57,0,81
13149840,7,19,8,73
13150350,71,26,-2,75
13150860,78,42,2,73
13151370,25,51,-2,75
13151880,89,13,-1,76
13152390,63,51,-1,77
13152900,4,13,1,76
13153410,99,26,1,75
13153920,73,36,-2,77
13154430,82,39,-2,79
13154940,91,88,1,78
13155450,73,24,4,74
13155960,19,34,-3,77
13156470,71,98,-7,84
13156980,53,34,7,77
13157490,96,41,0,77
13158000,42,30,-8,85
13158510,57,41,3,82
13159020,100,3,2,80
13159530,74,41,1,79
13160040,83,44,8,71
13160550,92,39,-6,77
13161060,38,38,-8,85
13161570,57,49,8,77
13162080,100,60,3,74
13162590,7,61,-3,77
13163100,71,52,2,75
13163610,12,14,0,75
13164120,64,21,2,73
13164630,5,31,-5,78
13165140,69,95,-11,89
13165650,19,31,12,77
13166160,71,42,1,76
13166670,80,37,-1,77
13167180,89,32,-4,81
13167690,35,48,-2,83
13168200,87,59,8,75
13168710,96,61,-1,76
13169220,3,35,3,73
13169730,67,44,-2,75
13170240,8,43,-5,80
13170750,72,40,2,78
13171260,81,43,3,75
13171770,90,46,-1,76
13172280,99,35,1,75
13172790,45,24,-6,81
13173300,52,35,6,75
13173810,62,99,-5,80
13174320,12,90,-1,81
13174830,32,88,-1,82
13175340,33,79,1,81
13175850,89,70,-1,82
13176360,98,32,17,65
13176870,3,21,-13,78
13177380,55,30,8,70
13177890,98,25,-3,73
13178400,72,35,3,70
13178910,81,44,-4,74
13179420,90,39,4,70
13179930,36,28,-12,82
13180440,55,39,2,80
13180950,85,1,3,77
13181460,59,20,0,77
13181970,0,30,4,73
13182480,64,39,-2,75
13182990,5,1,-5,80
13183500,100,8,7,73
13184010,74,46,-4,77
13184520,83,43,0,77
13185030,92,38,-3,80
13185540,38,27,-5,85
13186050,57,38,6,79
13186560,67,0,-4,83
13187070,41,19,0,83
13187580,56,30,10,73
13188090,63,33,-3,76
13188600,72,36,2,74
13189110,81,31,0,74
13189620,88,20,-1,75
13190130,62,30,-3,78
13190640,3,33,0,78
13191150,67,97,-4,82
13191660,17,88,1,81
13192170,37,79,-1,82
13192680,56,70,0,82
13193190,6,81,3,79
13193700,26,12,1,78
13194210,27,23,0,78
13194720,79,34,8,70
13195230,88,23,-4,74
13195740,95,33,9,65
13196250,0,22,-6,71
13196760,52,31,-8,79
13197270,82,95,-8,87
13197780,64,31,14,73
13198290,5,40,-5,78
13198800,69,2,1,77
13199310,43,21,-7,84
13199820,58,32,9,75
13200330,88,35,0,75
13200840,16,24,-3,78
13201350,68,35,3,75
13201860,77,99,-6,81
13202370,27,35,-2,83
13202880,79,46,9,74
13203390,29,8,-8,82
13203900,30,27,7,75
13204410,49,38,-9,84
13204920,64,49,8,76
13205430,94,11,2,74
13205940,68,49,-2,76
13206450,78,11,-3,79
13206960,52,49,-6,85
13207470,71,60,8,77
13207980,21,22,-1,78
13208490,73,33,9,69
13209000,80,22,-11,80
13209510,87,38,6,74
13210020,15,27,-2,76
13210530,67,91,-12,88
13211040,17,27,5,83
13211550,69,38,8,75
13212060,79,76,-5,80
13212570,29,4,1,79
13213080,30,23,-5,84
13213590,49,34,5,79
13214100,64,98,-3,82
13214610,14,89,-2,84
13215120,34,80,0,84
13215630,59,71,10,74
13216140,9,7,3,71
13216650,2,46,-4,75
13217160,83,55,0,75
13217670,92,17,-2,77
13218180,66,55,-7,84
13218690,81,17,8,76
13219200,55,27,-2,78
13219710,62,46,4,74
13220220,92,8,1,73
13220730,66,46,-6,79
13221240,76,8,1,78
13221750,50,27,-6,84
13222260,65,46,6,78
13222770,75,8,1,77
13223280,49,46,-6,83
13223790,68,57,0,83
13224300,83,19,5,78
13224810,57,29,0,78
13225320,64,48,-1,79
13225830,74,10,0,79
13226340,48,48,-10,89
13226850,67,59,13,76
13227360,17,21,-5,81
13227870,69,28,9,72
13228380,76,44,-4,76
13228890,85,82,-5,81
13229400,35,18,-1,82
13229910,50,29,7,75
13230420,60,93,-8,83
13230930,10,84,6,77
13231440,91,75,0,77
13231950,41,37,-6,83
13232460,60,48,3,80
13232970,75,10,8,72
13233480,49,48,-17,89
13233990,68,59,9,80
13234500,78,21,6,74
13235010,85,37,0,74
13235520,92,26,4,70
13236030,99,42,-10,80
13236540,7,31,6,74
13237050,71,95,-12,86
13237560,21,31,9,77
13238070,73,95,-13,90
13238580,23,31,13,77
13239090,75,42,0,77
13239600,84,4,-4,81
13240110,58,23,9,72
13240620,65,42,-9,81
13241130,75,4,6,75
13241640,49,23,-7,82
13242150,64,42,4,78
13242660,71,4,2,76
13243170,45,23,-2,78
13243680,60,42,-2,80
13244190,70,4,3,77
13244700,44,23,-1,78
13245210,59,42,-5,83
13245720,74,4,-3,86
13246230,48,23,4,82
13246740,55,42,7,75
13247250,65,51,0,75
13247760,72,13,0,75
13248270,46,51,-14,89
13248780,65,62,3,86
13249290,84,73,4,82
13249800,34,35,4,78
13250310,86,46,4,74
13250820,95,35,3,71
13251330,0,24,-4,75
13251840,81,33,1,74
13252350,88,22,-6,80
13252860,62,19,-1,81
13253370,69,29,5,76
13253880,76,45,4,72
13254390,83,83,-8,80
13254900,65,19,1,79
13255410,72,35,9,70
13255920,79,36,-2,72
13256430,86,25,0,72
13256940,60,63,-13,85
13257450,79,101,5,80
13257960,61,37,-4,84
13258470,71,75,5,79
13258980,21,11,-3,82
13259490,36,22,1,81
13260000,51,33,9,72
13260510,58,97,-7,79
13261020,32,13,-1,80
13261530,39,24,3,77
13262040,54,35,5,72
13262550,61,99,-11,83
13263060,35,90,2,81
13263570,60,81,1,80
13264080,10,82,2,78
13264590,91,32,5,73
13265100,98,21,-3,76
13265610,72,31,4,72
13266120,79,47,0,72
13266630,88,48,-6,78
13267140,97,37,0,78
13267650,2,26,-3,81
13268160,54,35,7,74
13268670,61,99,-2,76
13269180,11,90,-9,85
13269690,31,39,0,85
13270200,83,50,8,77
13270710,92,12,3,74
13271220,66,50,-2,76
13271730,73,12,-3,79
13272240,47,50,-3,82
13272750,99,61,2,80
13273260,6,35,6,74
13273770,94,99,-7,81
13274280,76,35,10,71
13274790,83,73,-7,78
13275300,65,35,4,74
13275810,97,54,-3,77
13276320,4,55,3,74
13276830,24,46,-2,76
13277340,76,8,0,76
13277850,50,46,-4,80
13278360,84,57,6,74
13278870,91,19,-2,76
13279380,65,57,-1,77
13279890,75,68,-1,78
13280400,57,30,0,78
13280910,64,49,-2,80
13281420,71,11,7,73
13281930,45,49,-11,84
13282440,97,60,13,71
13282950,4,61,-5,76
13283460,24,52,4,72
13283970,100,43,-3,75
13284480,5,32,-4,79
13284990,93,96,-4,83
13285500,75,32,7,76
13286010,82,21,5,71
13286520,89,31,-5,76
13287030,96,30,-2,78
13287540,1,19,4,74
13288050,92,32,6,68
13288560,99,21,-8,76
13289070,73,31,-2,78
13289580,80,50,1,77
13290090,89,88,0,77
13290600,71,24,-5,82
13291110,78,40,6,76
13291620,85,49,5,71
13292130,94,50,-3,74
13292640,101,39,-4,78
13293150,6,28,4,74
13293660,97,92,-4,78
13294170,79,28,4,74
13294680,86,44,0,74
13295190,93,53,1,73
13295700,0,54,-4,77
13296210,20,63,0,77
13296720,6,54,-5,82
13297230,94,63,8,74
13297740,1,25,-2,76
13298250,53,34,-7,83
13298760,68,98,0,83
13299270,50,89,0,83
13299780,24,80,0,83
13300290,88,71,3,80
13300800,79,33,4,76
13301310,86,49,4,72
13301820,93,50,0,72
13302330,100,39,-2,74
13302840,45,28,-11,85
13303350,52,39,-2,87
13303860,13,1,8,79
13304370,2,56,9,70
13304880,22,47,-11,81
13305390,98,9,1,80
13305900,72,47,3,77
13306410,79,9,-5,82
13306920,53,47,-6,88
13307430,78,58,12,76
13307940,85,20,-2,78
13308450,59,58,-6,84
13308960,84,20,4,80
13309470,91,58,4,76
13309980,100,96,1,75
13310490,82,32,-3,78
13311000,89,31,2,76
13311510,96,47,3,73
13312020,1,36,-3,76
13312530,82,100,-4,80
13313040,64,36,2,78
13313550,71,100,-8,86
13314060,21,91,6,80
13314570,41,82,-6,86
13315080,66,73,-2,88
13315590,16,9,13,75
13316100,26,64,1,74
13316610,0,55,1,73
13317120,20,64,-8,81
13317630,21,55,5,76
13318140,97,24,4,72
13318650,71,62,-7,79
13319160,81,24,5,74
13319670,88,40,-2,76
13320180,33,89,-3,79
13320690,34,80,-2,81
13321200,59,71,-12,93
13321710,9,82,20,73
13322220,90,32,1,72
13322730,35,21,-7,79
13323240,45,32,-3,82
13323750,60,96,1,81
13324260,34,87,-3,84
13324770,35,78,5,79
13325280,60,69,-1,80
13325790,10,5,1,79
13326300,3,60,3,76
13326810,23,69,-3,79
13327320,1,60,2,77
13327830,21,69,-3,80
13328340,85,60,7,73
13328850,94,22,-4,77
13329360,68,60,-6,83
13329870,78,22,7,76
13330380,85,38,6,70
13330890,30,54,-15,85
13331400,82,16,9,76
13331910,56,54,-6,82
13332420,81,65,-1,83
13332930,91,27,9,74
13333440,98,65,-3,77
13333950,5,27,-2,79
13334460,4,85,-1,80
13334970,24,34,5,75
13335480,76,45,-6,81
13335990,85,7,0,81
13336500,59,45,3,78
13337010,69,7,0,78
13337520,43,45,-9,87
13338030,23,56,7,80
13338540,87,18,7,73
13339050,61,28,-1,74
13339560,68,66,-11,85
13340070,93,28,10,75
13340580,100,44,-2,77
13341090,45,33,-2,79
13341600,60,44,2,77
13342110,90,6,0,77
13342620,64,44,-6,83
13343130,94,6,11,72
13343640,68,44,-7,79
13344150,78,6,4,75
13344660,52,44,-4,79
13345170,62,6,3,76
13345680,72,25,-1,77
13346190,79,41,1,76
13346700,88,50,1,75
13347210,97,12,1,74
13347720,71,50,-5,79
13348230,101,12,-6,85
13348740,75,50,6,79
13349250,3,12,4,75
13349760,98,36,6,69
13350270,3,52,-12,81
13350780,84,61,2,79
13351290,91,23,4,75
13351800,65,61,-9,84
13352310,99,23,8,76
13352820,73,72,-8,84
13353330,23,83,1,83
13353840,24,74,4,79
13354350,25,65,-2,81
13354860,101,39,4,77
13355370,6,55,-5,82
13355880,94,64,9,73
13356390,1,10,-9,82
13356900,92,34,12,70
13357410,99,23,-5,75
13357920,73,61,-6,81
13358430,1,23,4,77
13358940,92,32,0,77
13359450,99,48,4,73
13359960,4,37,-6,79
13360470,95,101,-10,89
13360980,77,37,15,74
13361490,11,53,-5,79
13362000,75,44,2,77
13362510,84,6,3,74
13363020,58,44,-4,78
13363530,88,6,-4,82
13364040,62,44,3,79
13364550,92,6,3,76
13365060,66,44,-7,83
13365570,96,6,7,76
13366080,70,44,0,76
13366590,77,6,-2,78
13367100,51,44,-2,80
13367610,66,55,2,78
13368120,80,93,-1,79
13368630,62,29,2,77
13369140,69,67,-6,83
13369650,94,78,12,71
13370160,85,40,-5,76
13370670,92,29,4,72
13371180,99,45,-5,77
13371690,44,34,-6,83
13372200,59,45,4,79
13372710,89,7,1,78
13373220,63,45,0,78
13373730,93,7,3,75
13374240,67,45,-7,82
13374750,97,7,8,74
13375260,71,45,-6,80
13375770,101,7,6,74
13376280,75,45,0,74
13376790,84,7,1,73
13377300,58,45,-4,77
13377810,83,7,-8,85
13378320,57,45,6,79
13378830,87,7,2,77
13379340,61,45,-5,82
13379850,86,56,6,76
13380360,95,18,3,73
13380870,69,56,-6,79
13381380,94,18,1,78
13381890,68,56,-4,82
13382400,93,18,5,77
13382910,67,28,5,72
13383420,74,44,-5,77
13383930,83,82,-7,84
13384440,33,44,5,79
13384950,85,55,5,74
13385460,94,17,5,69
13385970,68,55,-14,83
13386480,93,17,9,74
13386990,67,55,-6,80
13387500,97,17,5,75
13388010,71,55,-4,79
13388520,101,17,1,78
13389030,75,55,-2,80
13389540,3,8,1,79
13390050,98,63,5,74
13390560,5,37,-8,82
13391070,69,101,0,82
13391580,19,37,1,81
13392090,83,48,3,78
13392600,92,86,-3,81
13393110,74,48,8,73
13393620,83,10,-3,76
13394130,57,48,-6,82
13394640,82,59,5,77
13395150,10,21,2,75
13395660,7,85,-9,84
13396170,27,34,7,77
13396680,79,45,0,77
13397190,88,7,-7,84
13397700,62,45,6,78
13398210,87,7,-2,80
13398720,61,45,-3,83
13399230,91,7,0,83
13399740,65,45,4,79
13400250,95,7,3,76
13400760,69,45,-2,78
13401270,99,7,-6,84
13401780,73,45,9,75
13402290,82,7,2,73
13402800,56,45,-8,81
13403310,86,7,6,75
13403820,60,45,-6,81
13404330,85,7,5,76
13404840,59,45,-6,82
13405350,84,7,1,81
13405860,58,45,1,80
13406370,83,7,2,78
13406880,57,45,-6,84
13407390,82,7,7,77
13407900,56,45,-5,82
13408410,81,7,10,72
13408920,55,45,-8,80
13409430,85,56,5,75
13409940,94,18,0,75
13410450,68,45,-3,78
13410960,98,7,5,73
13411470,72,45,-6,79
13411980,0,7,2,77
13412490,95,62,0,77
13413000,2,24,-9,86
13413510,93,33,14,72
13414020,38,32,-9,81
13414530,57,43,1,80
13415040,87,5,-4,84
13415550,61,43,7,77
13416060,91,5,-1,78
13416570,65,43,-3,81
13417080,95,5,8,73
13417590,69,43,-7,80
13418100,78,5,-6,86
13418610,52,43,2,84
13419120,67,5,6,78
13419630,41,43,-7,85
13420140,60,54,4,81
13420650,85,16,7,74
13421160,59,54,-6,80
13421670,84,16,8,72
13422180,58,54,-6,78
13422690,83,16,2,76
13423200,57,54,-8,84
13423710,76,65,3,81
13424220,101,27,7,74
13424730,75,65,-7,81
13425240,100,27,8,73
13425750,74,65,-6,79
13426260,99,27,-2,81
13426770,73,65,5,76
13427280,23,27,-8,84
13427790,75,38,13,71
13428300,84,27,-5,76
13428810,29,16,-6,82
13429320,44,27,-3,85
13429830,59,91,3,82
13430340,9,82,1,81
13430850,29,44,-4,85
13431360,81,6,8,77
13431870,55,44,5,72
13432380,80,6,-8,80
13432890,54,44,-4,84
13433400,79,6,1,83
13433910,53,44,-3,86
13434420,68,55,8,78
13434930,93,17,3,75
13435440,67,55,-6,81
13435950,92,17,6,75
13436460,66,55,-6,81
13436970,91,17,3,78
13437480,65,55,2,76
13437990,90,17,2,74
13438500,64,55,-3,77
13439010,89,17,2,75
13439520,63,55,-4,79
13440030,88,17,3,76
13440540,62,55,-1,77
13441050,87,17,0,77
13441560,61,55,-7,84
13442070,95,17,9,75
13442580,69,55,-4,79
13443090,94,17,3,76
13443600,68,55,-4,80
13444110,93,17,6,74
13444620,67,55,-12,86
13445130,92,17,13,73
13445640,66,55,-12,85
13446150,91,17,3,82
13446660,65,55,4,78
13447170,90,17,-2,80
13447680,64,55,2,78
13448190,89,17,3,75
13448700,63,55,-6,81
13449210,88,17,8,73
13449720,62,55,-9,82
13450230,96,17,4,78
13450740,70,55,0,78
13451250,95,17,5,73
13451760,69,55,-3,76
13452270,94,17,-2,78
13452780,70,55,-3,81
13453290,95,17,9,72
13453800,69,55,-6,78
13454310,94,17,5,73
13454820,68,55,-5,78
13455330,93,17,3,75
13455840,67,55,-5,80
13456350,92,17,4,76
13456860,66,55,-7,83
13457370,91,17,8,75
13457880,65,55,-6,81
13458390,90,17,3,78
13458900,64,55,-9,87
13459410,83,17,4,83
13459920,57,55,-6,89
13460430,76,17,11,78
13460940,93,55,5,73
13461450,0,44,-6,79
13461960,91,6,4,75
13462470,65,44,-4,79
13462980,90,6,-2,81
13463490,64,44,4,77
13464000,89,6,-2,79
13464510,63,44,4,75
13465020,88,6,3,72
13465530,62,44,-9,81
13466040,87,6,1,80
13466550,61,44,1,79
13467060,86,31,0,79
13467570,31,20,-5,84
13468080,32,31,4,80
13468590,51,95,-1,81
13469100,25,86,1,80
13469610,26,77,3,77
13470120,27,68,-6,83
13470630,91,59,8,75
13471140,100,21,1,74
13471650,74,59,-6,80
13472160,99,21,4,76
13472670,73,59,-7,83
13473180,98,21,10,73
13473690,72,59,-5,78
13474200,97,21,-3,81
13474710,71,59,-4,85
13475220,96,21,9,76
13475730,70,59,-3,79
13476240,95,21,1,78
13476750,69,59,1,77
13477260,94,21,0,77
13477770,68,59,-2,79
13478280,93,21,6,73
13478790,67,59,-13,86
13479300,86,21,13,73
13479810,1,10,1,72
13480320,96,34,-4,76
13480830,87,23,1,75
13481340,61,12,-6,81
13481850,78,50,2,79
13482360,36,12,-5,84
13482870,37,31,2,82
13483380,56,42,6,76
13483890,81,4,-1,77
13484400,55,42,-7,84
13484910,74,4,1,83
13485420,48,42,-1,84
13485930,67,53,6,78
13486440,92,15,4,74
13486950,66,53,-1,75
13487460,91,15,-4,79
13487970,65,53,-1,80
13488480,90,15,3,77
13488990,64,53,0,77
13489500,89,15,-1,78
13490010,63,53,-7,85
13490520,82,15,9,76
13491030,56,53,-6,82
13491540,75,15,3,79
13492050,15,53,2,77
13492560,79,44,4,73
13493070,88,33,3,70
13493580,79,22,-9,79
13494090,96,11,3,76
13494600,70,49,-2,78
13495110,28,11,0,78
13495620,92,30,-2,80
13496130,37,19,2,78
13496640,52,43,-1,79
13497150,71,5,1,78
13497660,45,24,-5,83
13498170,46,88,-7,90
13498680,47,79,6,84
13499190,99,70,7,77
13499700,6,32,-11,88
13500210,70,31,15,73
13500720,71,20,-3,76
13501230,72,48,0,76
13501740,30,10,1,75
13502250,45,29,-9,84
13502760,60,93,-1,85
13503270,10,84,0,85
13503780,74,75,3,82
13504290,24,37,2,80
13504800,76,101,-1,81
13505310,26,37,-4,85
13505820,78,48,10,75
13506330,87,10,-10,85
13506840,61,48,5,80
13507350,80,10,5,75
13507860,54,48,-4,79
13508370,73,10,2,77
13508880,47,48,-7,84
13509390,66,10,7,77
13509900,83,48,1,76
13510410,92,86,0,76
13510920,74,48,0,76
13511430,32,10,-5,81
13511940,47,29,0,81
13512450,62,93,0,81
13512960,12,84,-2,83
13513470,32,75,3,80
13513980,96,66,5,75
13514490,87,28,-1,76
13515000,32,17,-8,84
13515510,47,28,-2,86
13516020,62,39,6,80
13516530,77,1,0,80
13517040,51,20,2,78
13517550,66,39,0,78
13518060,81,1,0,78
13518570,55,39,-2,80
13519080,70,1,-3,83
13519590,44,20,3,80
13520100,59,39,4,76
13520610,74,1,1,75
13521120,48,39,-10,85
13521630,67,50,9,76
13522140,86,12,2,74
13522650,60,50,-6,80
13523160,79,12,2,78
13523670,96,50,0,78
13524180,10,39,1,77
13524690,74,1,4,73
13525200,48,20,-7,80
13525710,63,39,5,75
13526220,78,1,-7,82
13526730,52,20,-1,83
13527240,67,39,5,78
13527750,68,1,-3,81
13528260,42,20,5,76
13528770,57,39,-4,80
13529280,72,1,1,79
13529790,46,20,-5,84
13530300,61,39,4,80
13530810,76,1,-1,81
13531320,50,20,1,80
13531830,65,39,4,76
13532340,75,1,-5,81
13532850,49,20,3,78
13533360,64,39,-6,84
13533870,79,58,12,72
13534380,98,20,-4,76
13534890,13,58,-5,81
13535400,77,49,5,76
13535910,35,11,-5,81
13536420,50,30,0,81
13536930,65,94,-1,82
13537440,15,85,0,82
13537950,79,76,-9,91
13538460,98,38,17,74
13538970,89,27,-5,79
13539480,4,16,-2,81
13539990,68,55,-1,82
13540500,87,17,2,80
13541010,2,55,8,72
13541520,22,46,-8,80
13542030,86,8,2,78
13542540,60,46,-1,79
13543050,75,8,0,79
13543560,92,46,11,68
13544070,12,35,-6,74
13544580,76,99,-10,84
13545090,26,35,2,82
13545600,78,46,3,79
13546110,88,8,-1,80
13546620,62,46,2,78
13547130,77,8,-4,82
13547640,94,46,7,75
13548150,8,35,7,68
13548660,60,26,-11,79
13549170,75,45,4,75
13549680,84,83,-10,85
13550190,34,19,6,79
13550700,49,30,1,78
13551210,64,94,-6,84
13551720,14,85,1,83
13552230,78,76,-1,84
13552740,28,38,8,76
13553250,80,49,1,75
13553760,89,11,-3,78
13554270,63,49,2,76
13554780,78,11,-1,77
13555290,52,49,-8,85
13555800,71,60,10,75
13556310,90,11,0,75
13556820,64,49,-7,82
13557330,79,11,6,76
13557840,53,49,-9,85
13558350,72,11,6,79
13558860,89,49,5,74
13559370,3,38,-7,81
13559880,67,0,0,81
13560390,41,19,-4,85
13560900,56,38,6,79
13561410,71,0,8,71
13561920,45,19,-14,85
13562430,60,38,14,71
13562940,75,0,-13,84
13563450,49,19,2,82
13563960,64,38,4,78
13564470,79,57,7,71
13564980,37,19,-9,80
13565490,52,30,-1,81
13566000,16,94,0,81
13566510,36,85,-2,83
13567020,28,76,0,83
13567530,92,67,13,70
13568040,83,13,-7,77
13568550,57,51,-6,83
13569060,76,62,3,80
13569570,95,24,2,78
13570080,10,62,-2,80
13570590,74,53,3,77
13571100,89,15,5,72
13571610,63,53,-9,81
13572120,78,15,9,72
13572630,95,53,-6,78
13573140,9,42,-2,80
13573650,73,4,2,78
13574160,47,23,-6,84
13574670,62,87,2,82
13575180,81,78,4,78
13575690,63,30,-3,81
13576200,78,49,3,78
13576710,88,11,-4,82
13577220,62,49,6,76
13577730,77,11,-2,78
13578240,94,49,7,71
13578750,85,38,-4,75
13579260,101,27,-3,78
13579770,92,65,7,71
13580280,83,11,-12,83
13580790,59,49,2,81
13581300,74,11,0,81
13581810,48,49,-3,84
13582320,67,60,0,84
13582830,86,22,7,77
13583340,1,60,-5,82
13583850,21,51,1,81
13584360,85,13,2,79
13584870,59,51,-6,85
13585380,74,13,6,79
13585890,91,51,-1,80
13586400,5,40,3,77
13586910,63,31,4,73
13587420,78,50,-3,76
13587930,94,88,-4,80
13588440,76,50,4,76
13588950,92,12,-9,85
13589460,66,50,8,77
13589970,81,12,4,73
13590480,55,50,-11,84
13590990,87,61,6,78
13591500,78,7,2,76
13592010,52,45,-10,86
13592520,67,7,2,84
13593030,84,26,14,70
13593540,101,15,-2,72
13594050,75,53,-6,78
13594560,3,15,2,76
13595070,94,51,0,76
13595580,8,40,0,76
13596090,72,2,-5,81
13596600,48,21,-3,84
13597110,63,40,7,77
13597620,78,2,-3,80
13598130,52,40,-2,82
13598640,67,2,4,78
13599150,43,21,-4,82
13599660,58,32,11,71
13600170,73,70,-11,82
13600680,23,81,-3,85
13601190,87,72,2,83
13601700,10,34,10,73
13602210,74,98,-7,80
13602720,56,34,-3,83
13603230,71,98,-3,86
13603740,21,89,2,84
13604250,22,80,9,75
13604760,23,71,-12,87
13605270,87,62,16,71
13605780,78,8,-10,81
13606290,52,46,-1,82
13606800,67,57,3,79
13607310,82,19,6,73
13607820,99,8,1,72
13608330,73,46,-7,79
13608840,89,84,2,77
13609350,71,10,-1,78
13609860,88,48,3,75
13610370,2,37,-3,78
13610880,66,101,-3,81
13611390,16,92,0,81
13611900,36,83,0,81
13612410,61,74,-5,86
13612920,11,85,5,81
13613430,31,76,-4,85
13613940,95,21,9,76
13614450,10,59,-7,83
13614960,74,50,8,75
13615470,90,48,1,74
13615980,4,49,-8,82
13616490,68,40,3,79
13617000,84,2,-1,80
13617510,60,21,8,72
13618020,75,37,-6,78
13618530,91,38,4,74
13619040,5,27,-5,79
13619550,69,26,-2,81
13620060,84,42,6,75
13620570,100,80,-4,79
13621080,82,26,4,75
13621590,99,15,-2,77
13622100,73,53,-1,78
13622610,1,15,8,70
13623120,92,14,-5,75
13623630,66,52,-6,81
13624140,81,14,1,80
13624650,98,52,1,79
13625160,12,41,2,77
13625670,11,10,-3,80
13626180,75,78,-1,81
13626690,25,89,-1,82
13627200,89,80,1,81
13627710,71,91,-4,85
13628220,53,27,8,77
13628730,68,46,-2,79
13629240,98,8,-1,80
13629750,72,46,4,76
13630260,88,84,3,73
13630770,70,95,-5,78
13631280,52,41,-6,84
13631790,67,52,5,79
13632300,82,14,7,72
13632810,58,52,-6,78
13633320,73,63,4,74
13633830,23,91,-12,86
13634340,87,82,6,80
13634850,69,93,3,77
13635360,19,39,-3,80
13635870,83,1,-1,81
13636380,59,20,4,77
13636890,74,36,-3,80
13637400,2,37,6,74
13637910,66,46,-6,80
13638420,96,8,6,74
13638930,70,46,-5,79
13639440,100,8,8,71
13639950,51,46,-13,84
13640460,66,57,2,82
13640970,81,68,1,81
13641480,9,30,-1,82
13641990,31,29,0,82
13642500,50,40,-3,85
13643010,65,51,3,82
13643520,95,13,11,71
13644030,69,51,-9,80
13644540,99,13,10,70
13645050,73,51,-14,84
13645560,1,13,10,74
13646070,92,49,0,74
13646580,6,50,-3,77
13647090,70,41,4,73
13647600,86,3,-10,83
13648110,60,41,7,76
13648620,75,3,-1,77
13649130,51,22,-8,85
13649640,66,41,7,78
13650150,96,39,0,78
13650660,24,28,4,74
13651170,76,39,-3,77
13651680,92,40,-1,78
13652190,20,56,-1,79
13652700,84,47,7,72
13653210,100,48,1,71
13653720,14,37,-7,78
13654230,11,101,-6,84
13654740,96,51,11,73
13655250,10,52,-6,79
13655760,74,43,-2,81
13656270,90,44,7,74
13656780,4,45,2,72
13657290,68,36,-11,83
13657800,83,37,11,72
13658310,11,26,-8,80
13658820,63,90,-2,82
13659330,13,81,1,81
13659840,98,72,8,73
13660350,80,18,-2,75
13660860,97,56,0,75
13661370,11,57,-5,80
13661880,75,48,6,74
13662390,3,10,1,73
13662900,67,34,0,73
13663410,97,53,-4,77
13663920,11,54,-2,79
13664430,75,45,5,74
13664940,91,46,0,74
13665450,39,47,-6,80
13665960,91,58,4,76
13666470,5,4,-2,78
13666980,100,15,2,76
13667490,23,53,-6,82
13668000,75,15,4,78
13668510,92,34,5,73
13669020,20,23,-4,77
13669530,72,34,-3,80
13670040,0,35,10,70
13670550,91,99,-20,90
13671060,73,12,0,90
13671570,90,50,13,77
13672080,4,51,3,74
13672590,68,42,-1,75
13673100,98,4,-5,80
13673610,74,42,1,79
13674120,90,43,7,72
13674630,4,44,-11,83
13675140,68,6,9,74
13675650,44,1,-9,83
13676160,59,20,9,74
13676670,74,36,0,74
13677180,2,37,-3,77
13677690,54,101,-3,80
13678200,4,92,-1,81
13678710,24,99,2,79
13679220,99,90,-1,80
13679730,81,36,5,75
13680240,97,37,4,71
13680750,25,26,-15,86
13681260,77,37,12,74
13681770,5,38,-12,86
13682280,69,0,3,83
13682790,45,19,-1,84
13683300,60,38,2,82
13683810,75,49,2,80
13684320,3,11,-1,81
13684830,67,35,10,71
13685340,97,36,-2,73
13685850,11,25,-5,78
13686360,63,36,-6,84
13686870,78,47,6,78
13687380,6,48,10,68
13687890,70,39,-10,78
13688400,86,40,8,70
13688910,0,29,1,69
13689420,64,38,-8,77
13689930,79,39,3,74
13690440,95,40,0,74
13690950,9,29,7,67
13691460,73,93,-17,84
13691970,55,29,5,79
13692480,70,48,-1,80
13692990,100,10,4,76
13693500,74,48,3,73
13694010,2,96,-7,80
13694520,22,45,3,77
13695030,74,7,1,76
13695540,48,26,-2,78
13696050,63,37,-3,81
13696560,78,48,2,79
13697070,94,49,5,74
13697580,14,38,-8,82
13698090,78,0,8,74
13698600,52,19,-5,79
13699110,67,38,2,77
13699620,83,39,4,73
13700130,99,101,-6,79
13700640,81,37,12,67
13701150,97,26,-12,79
13701660,73,64,-3,82
13702170,92,75,6,76
13702680,74,21,-2,78
13703190,50,37,-5,83
13703700,65,48,4,79
13704210,80,10,2,77
13704720,56,48,-7,84
13705230,71,59,8,76
13705740,90,21,4,72
13706250,64,37,-11,83
13706760,79,50,14,69
13707270,95,98,-13,82
13707780,77,34,9,73
13708290,93,23,-2,75
13708800,69,61,-8,83
13709310,88,72,3,80
13709820,16,18,1,79
13710330,68,29,2,77
13710840,84,42,6,71
13711350,100,2,-6,77
13711860,76,21,0,77
13712370,91,37,2,75
13712880,11,26,-4,79
13713390,75,37,5,74
13713900,91,38,-1,75
13714410,5,27,2,73
13714920,69,36,-5,78
13715430,85,49,7,71
13715940,5,9,-9,80
13716450,69,33,0,80
13716960,84,34,9,71
13717470,4,23,-14,85
13717980,56,59,3,82
13718490,75,70,7,75
13719000,25,81,0,75
13719510,89,72,-5,80
13720020,3,18,5,75
13720530,55,54,-6,81
13721040,74,65,5,76
13721550,24,76,-4,80
13722060,88,67,2,78
13722570,8,29,2,76
13723080,72,93,-16,92
13723590,22,29,12,80
13724100,74,40,7,73
13724610,90,0,-8,81
13725120,66,19,4,77
13725630,81,35,2,75
13726140,1,24,0,75
13726650,53,88,-13,88
13727160,8,79,5,83
13727670,72,28,9,74
13728180,87,44,1,73
13728690,1,45,0,73
13729200,65,36,-4,77
13729710,81,98,-8,85
13730220,63,7,9,76
13730730,39,26,-4,80
13731240,54,37,4,76
13731750,69,48,2,74
13732260,99,96,-5,79
13732770,81,5,0,79
13733280,57,24,1,78
13733790,72,43,3,75
13734300,88,3,1,74
13734810,64,22,3,71
13735320,79,38,-3,74
13735830,95,100,-6,80
13736340,77,36,8,72
13736850,93,98,-6,78
13737360,75,34,4,74
13737870,91,23,-5,79
13738380,69,33,1,78
13738890,85,95,-9,87
13739400,67,31,8,79
13739910,83,44,6,73
13740420,3,4,0,73
13740930,67,28,-10,83
13741440,82,41,4,79
13741950,98,1,1,78
13742460,74,20,-3,81
13742970,19,36,-2,83
13743480,71,100,0,83
13743990,21,19,0,83
13744500,73,30,13,70
13745010,95,43,-7,77
13745520,15,32,-3,80
13746030,67,96,-3,83
13746540,17,15,2,81
13747050,69,26,3,78
13747560,84,39,6,72
13748070,4,28,-8,80
13748580,68,92,-2,82
13749090,18,28,3,79
13749600,70,39,3,76
13750110,86,101,-8,84
13750620,68,37,8,76
13751130,84,93,-6,82
13751640,66,29,5,77
13752150,82,42,6,71
13752660,84,31,1,70
13753170,4,20,-7,77
13753680,56,19,-1,78
13754190,71,29,7,71
13754700,93,42,-2,73
13755210,13,31,-7,80
13755720,65,42,-1,81
13756230,80,53,2,79
13756740,96,13,0,79
13757250,70,51,-2,81
13757760,100,62,5,76
13758270,20,8,2,74
13758780,56,19,-2,76
13759290,71,29,2,74
13759800,87,45,-1,75
13760310,7,5,-8,83
13760820,71,16,-2,85
13761330,72,26,6,79
13761840,17,42,0,79
13762350,81,4,-4,83
13762860,57,22,9,74
13763370,72,32,2,72
13763880,88,45,-7,79
13764390,8,5,2,77
13764900,1,16,-1,78
13765410,92,27,1,77
13765920,98,16,5,72
13766430,72,26,-2,74
13766940,17,15,-3,77
13767450,69,26,1,76
13767960,84,15,3,73
13768470,60,25,-4,77
13768980,75,38,-1,78
13769490,91,100,-8,86
13770000,73,9,8,78
13770510,49,28,-3,81
13771020,64,39,0,81
13771530,80,50,5,76
13772040,96,10,3,73
13772550,70,48,0,73
13773060,86,8,-1,74
13773570,87,69,1,73
13774080,1,15,2,71
13774590,65,51,-11,82
13775100,80,62,1,81
13775610,96,8,4,77
13776120,70,94,1,76
13776630,52,30,-9,85
13777140,67,41,4,81
13777650,83,52,3,78
13778160,3,12,3,75
13778670,55,36,-7,82
13779180,70,47,10,72
13779690,86,95,-8,80
13780200,68,31,3,77
13780710,69,20,-4,81
13781220,14,30,5,76
13781730,78,41,1,75
13782240,94,1,-3,78
13782750,70,20,7,71
13783260,15,36,-9,80
13783770,79,100,-3,83
13784280,61,36,2,81
13784790,76,47,0,81
13785300,92,7,5,76
13785810,68,26,1,75
13786320,84,42,4,71
13786830,100,31,-7,78
13787340,4,20,5,73
13787850,56,56,-9,82
13788360,75,67,2,80
13788870,25,78,-1,81
13789380,26,69,1,80
13789890,27,60,-2,82
13790400,91,29,8,74
13790910,97,18,-5,79
13791420,73,28,9,70
13791930,89,41,-6,76
13792440,3,30,4,72
13792950,67,94,-8,80
13793460,49,30,-5,85
13793970,64,41,7,78
13794480,80,52,1,77
13794990,96,53,1,76
13795500,16,42,-6,82
13796010,80,4,4,78
13796520,56,42,-5,83
13797030,71,53,12,71
13797540,87,15,-10,81
13798050,63,25,8,73
13798560,79,35,2,71
13799070,95,24,-7,78
13799580,71,34,8,70
13800090,87,96,-12,82
13800600,69,32,7,75
13801110,85,45,5,70
13801620,101,34,-4,74
13802130,5,23,-3,77
13802640,69,59,-4,81
13803150,88,70,4,77
13803660,2,16,-3,80
13804170,93,40,5,75
13804680,7,29,-3,78
13805190,71,93,-8,86
13805700,21,29,8,78
13806210,73,40,-3,81
13806720,89,53,9,72
13807230,9,54,-10,82
13807740,73,45,4,78
13808250,89,46,3,75
13808760,3,35,-5,80
13809270,67,44,2,78
13809780,83,6,-2,80
13810290,59,25,3,77
13810800,75,67,-3,80
13811310,25,78,0,80
13811820,26,69,-3,83
13812330,27,60,2,81
13812840,79,51,2,79
13813350,95,52,4,75
13813860,15,53,-7,82
13814370,79,15,2,80
13814880,55,25,-3,83
13815390,70,36,12,71
13815900,86,37,1,70
13816410,0,26,-5,75
13816920,91,90,-6,81
13817430,73,101,0,81
13817940,23,20,-2,83
13818450,75,90,0,83
13818960,57,101,-3,86
13819470,7,92,-2,88
13819980,27,41,8,80
13820490,79,52,4,76
13821000,95,14,2,74
13821510,69,24,-2,76
13822020,14,40,-6,82
13822530,78,2,1,81
13823040,54,21,-1,82
13823550,55,37,-2,84
13824060,70,101,5,79
13824570,20,20,-2,81
13825080,72,31,8,73
13825590,88,32,2,71
13826100,2,21,0,71
13826610,93,85,-10,81
13827120,75,47,7,74
13827630,91,48,-2,76
13828140,11,49,0,76
13828650,75,40,1,75
13829160,91,41,7,68
13829670,5,30,-8,76
13830180,57,94,-5,81
13830690,7,85,-4,85
13831200,27,94,6,79
13831710,28,85,2,77
13832220,29,76,-5,82
13832730,30,67,0,82
13833240,82,58,3,79
13833750,2,20,-7,86
13834260,54,29,9,77
13834770,55,40,-7,84
13835280,70,2,5,79
13835790,46,21,-6,85
13836300,61,32,12,73
13836810,77,45,-4,77
13837320,93,5,-4,81
13837830,69,24,8,73
13838340,14,40,-6,79
13838850,78,2,1,78
13839360,54,21,-2,80
13839870,55,34,0,80
13840380,71,40,5,75
13840890,87,0,-2,77
13841400,63,19,2,75
13841910,64,35,2,73
13842420,80,36,4,69
13842930,0,37,-4,73
13843440,91,101,-7,80
13843950,73,37,8,72
13844460,89,38,-2,74
13844970,3,27,-5,79
13845480,94,91,0,79
13845990,76,0,-3,82
13846500,52,19,6,76
13847010,53,32,-4,80
13847520,20,96,-1,81
13848030,21,87,2,79
13848540,88,78,-1,80
13849050,70,40,8,72
13849560,86,41,-2,74
13850070,6,42,-1,75
13850580,70,4,-5,80
13851090,46,23,-5,85
13851600,47,36,-2,87
13852110,62,47,2,85
13852620,90,9,8,77
13853130,66,19,0,77
13853640,11,32,-4,81
13854150,75,96,-1,82
13854660,57,42,4,78
13855170,85,4,-2,80
13855680,61,23,2,78
13856190,6,36,4,74
13856700,70,100,-5,79
13857210,20,19,4,75
13857720,2,30,-4,79
13858230,93,94,-7,86
13858740,75,3,9,77
13859250,51,22,-3,80
13859760,41,35,-4,84
13860270,60,46,5,79
13860780,88,8,2,77
13861290,64,18,4,73
13861800,9,28,-7,80
13862310,61,92,-8,88
13862820,11,83,5,83
13863330,77,74,-7,90
13863840,3,85,14,76
13864350,23,34,0,76
13864860,5,98,-3,79
13865370,86,5,5,74
13865880,62,15,1,73
13866390,7,25,-9,82
13866900,59,89,1,81
13867410,9,80,3,78
13867920,29,71,-1,79
13868430,30,62,2,77
13868940,55,0,4,73
13869450,31,19,-11,84
13869960,46,30,0,84
13870470,61,41,9,75
13870980,77,3,-2,77
13871490,53,22,-3,80
13872000,100,35,4,76
13872510,45,24,-8,84
13873020,46,35,3,81
13873530,61,46,5,76
13874040,77,8,-9,85
13874550,53,27,8,77
13875060,69,40,-1,78
13875570,85,53,-1,79
13876080,101,54,-1,80
13876590,21,55,-3,83
13877100,85,24,7,76
13877610,30,40,-12,88
13878120,82,51,17,71
13878630,98,11,-9,80
13879140,74,21,5,75
13879650,19,37,-11,86
13880160,71,101,4,82
13880670,53,20,6,76
13881180,100,33,4,72
13881690,4,22,-3,75
13882200,56,46,-9,84
13882710,84,8,3,81
13883220,60,18,2,79
13883730,5,28,-2,81
13884240,57,92,0,81
13884750,31,83,0,81
13885260,32,74,-3,84
13885770,33,65,8,76
13886280,7,56,-8,84
13886790,85,61,14,70
13887300,5,7,-6,76
13887810,96,46,-1,77
13888320,10,59,-7,84
13888830,74,50,9,75
13889340,90,51,3,72
13889850,4,11,-7,79
13890360,56,35,3,76
13890870,86,46,2,74
13891380,0,6,-8,82
13891890,91,45,6,76
13892400,5,46,-5,81
13892910,69,37,3,78
13893420,85,99,-3,81
13893930,67,35,1,80
13894440,68,48,-2,82
13894950,98,10,1,81
13895460,74,20,6,75
13895970,19,36,-8,83
13896480,71,100,4,79
13896990,53,19,4,75
13897500,100,29,-1,76
13898010,76,39,0,76
13898520,92,101,-4,80
13899030,74,37,4,76
13899540,90,99,-8,84
13900050,72,35,10,74
13900560,88,48,-8,82
13901070,2,8,1,81
13901580,93,32,7,74
13902090,38,21,-7,81
13902600,39,32,-2,83
13903110,58,43,3,80
13903620,88,54,5,75
13904130,2,55,-2,77
13904640,83,46,3,74
13905150,99,47,-6,80
13905660,13,67,-4,84
13906170,80,58,9,75
13906680,25,18,-5,80
13907190,44,29,0,80
13907700,54,40,-1,81
13908210,101,51,6,75
13908720,15,71,2,73
13909230,81,62,-4,77
13909740,97,8,-3,80
13910250,73,18,4,76
13910760,18,28,-11,87
13911270,70,67,2,85
13911780,98,78,8,77
13912290,80,24,5,72
13912800,25,40,-11,83
13913310,77,51,5,78
13913820,93,11,4,74
13914330,69,21,0,74
13914840,14,37,-2,76
13915350,11,56,-1,77
13915860,78,47,-1,78
13916370,94,48,1,77
13916880,8,68,-3,80
13917390,69,59,6,74
13917900,14,87,-6,80
13918410,95,78,2,78
13918920,77,24,4,74
13919430,22,40,-9,83
13919940,80,2,6,77
13920450,56,21,-2,79
13920960,1,40,0,79
13921470,65,49,1,78
13921980,95,60,2,76
13922490,9,80,-3,79
13923000,90,71,4,75
13923510,72,17,-4,79
13924020,17,27,1,78
13924530,69,91,-5,83
13925040,51,27,6,77
13925550,52,46,-8,85
13926060,71,57,9,76
13926570,101,85,-4,80
13927080,83,31,10,70
13927590,28,20,-17,87
13928100,47,31,9,78
13928610,37,42,-8,86
13929120,89,53,10,76
13929630,3,73,-9,85
13930140,2,31,9,76
13930650,54,40,-4,80
13931160,88,51,2,78
13931670,2,71,-6,84
13932180,83,20,7,77
13932690,59,30,1,76
13933200,4,43,0,76
13933710,92,52,-3,79
13934220,6,72,2,77
13934730,87,63,2,75
13935240,32,9,-8,83
13935750,79,28,8,75
13936260,24,44,-3,78
13936770,76,6,-3,81
13937280,52,25,0,81
13937790,53,44,-1,82
13938300,83,55,9,73
13938810,99,75,0,73
13939320,81,21,-6,79
13939830,26,37,1,78
13940340,78,48,1,77
13940850,94,68,2,75
13941360,76,14,-6,81
13941870,52,24,1,80
13942380,53,37,1,79
13942890,87,48,4,75
13943400,1,68,0,75
13943910,82,59,-5,80
13944420,52,5,6,74
13944930,99,24,-3,77
13945440,75,34,4,73
13945950,91,54,-4,77
13946460,5,74,6,71
13946970,86,65,-8,79
13947480,14,11,-5,84
13947990,66,50,5,79
13948500,96,12,10,69
13949010,72,31,-3,72
13949520,17,51,-7,79
13950030,18,25,-2,81
13950540,0,64,3,78
13951050,81,55,2,76
13951560,97,1,5,71
13952070,73,20,-9,80
13952580,18,36,-1,81
13953090,70,47,4,77
13953600,100,48,-5,82
13954110,14,68,4,78
13954620,85,59,2,76
13955130,101,79,1,75
13955640,83,25,-1,76
13956150,28,41,-5,81
13956660,80,52,7,74
13957170,96,72,-8,82
13957680,49,18,2,80
13958190,50,37,2,78
13958700,69,48,4,74
13959210,99,49,1,73
13959720,13,69,-10,83
13960230,80,60,7,76
13960740,99,6,-6,82
13961250,75,25,12,70
13961760,20,41,-12,82
13962270,72,3,1,81
13962780,48,22,3,78
13963290,49,35,-4,82
13963800,68,46,13,69
13964310,21,6,-13,82
13964820,22,61,4,78
13965330,23,52,2,76
13965840,5,43,-7,83
13966350,42,34,2,81
13966860,61,45,-1,82
13967370,80,56,10,72
13967880,33,2,-12,84
13968390,80,21,4,80
13968900,56,37,-1,81
13969410,90,48,11,70
13969920,10,68,-8,78
13970430,76,59,-3,81
13970940,95,5,4,77
13971450,71,24,8,69
13971960,16,40,-9,78
13972470,68,2,-5,83
13972980,44,21,3,80
13973490,45,32,0,80
13974000,64,43,6,74
13974510,5,91,-8,82
13975020,86,40,6,76
13975530,0,89,3,73
13976040,81,29,1,72
13976550,26,45,-5,77
13977060,78,56,0,77
13977570,97,2,0,77
13978080,73,21,-2,79
13978590,18,37,6,73
13979100,70,101,-15,88
13979610,20,20,12,76
13980120,72,31,3,73
13980630,17,47,-8,81
13981140,81,16,-1,82
13981650,57,26,8,74
13982160,100,39,-1,75
13982670,4,28,-5,80
13983180,56,92,0,80
13983690,30,83,-6,86
13984200,31,74,4,82
13984710,50,65,1,81
13985220,0,76,0,81
13985730,20,16,5,76
13986240,39,27,-11,87
13986750,58,38,12,75
13987260,101,49,0,75
13987770,15,69,-3,78
13988280,1,60,0,78
13988790,82,51,6,72
13989300,98,71,-5,77
13989810,80,17,0,77
13990320,56,27,2,75
13990830,99,40,0,75
13991340,44,29,-6,81
13991850,63,40,-1,82
13992360,82,51,4,78
13992870,98,71,1,77
13993380,51,17,1,76
13993890,98,36,-4,80
13994400,2,52,8,72
13994910,83,43,-2,74
13995420,99,52,-5,79
13995930,13,72,-3,82
13996440,79,63,4,78
13996950,98,9,4,74
13997460,74,28,-2,76
13997970,19,7,-3,79
13998480,70,18,2,77
13998990,15,34,-12,89
13999500,79,45,16,73
14000010,95,65,-1,74
14000520,77,11,-3,77
14001030,53,30,-4,81
14001540,72,41,3,78
14002050,25,54,-1,79
14002560,101,16,-1,80
14003070,77,26,8,72
14003580,22,42,-5,77
14004090,74,4,1,76
14004600,50,23,-4,80
14005110,97,42,-2,82
14005620,11,62,0,82
14006130,76,53,7,75
14006640,95,101,-4,79
14007150,77,37,3,76
14007660,93,50,-2,78
14008170,7,70,0,78
14008680,88,61,3,75
14009190,17,7,-3,78
14009700,53,18,3,75
14010210,100,37,0,75
14010720,4,26,0,75
14011230,56,35,-4,79
14011740,75,48,5,74
14012250,28,68,-7,81
14012760,47,59,2,79
14013270,66,70,-7,86
14013780,85,81,2,84
14014290,67,92,3,81
14014800,49,83,2,79
14015310,23,74,-1,80
14015820,90,65,0,80
14016330,72,66,2,78
14016840,91,77,0,78
14017350,73,23,3,75
14017860,18,39,-5,80
14018370,70,50,0,80
14018880,89,48,8,72
14019390,3,68,-8,80
14019900,84,59,5,75
14020410,1,5,-5,80
14020920,96,29,1,79
14021430,0,45,1,78
14021940,81,36,3,75
14022450,97,49,7,68
14022960,18,69,-17,85
14023470,85,60,14,71
14023980,2,6,-5,76
14024490,93,30,1,75
14025000,99,46,5,70
14025510,20,66,-10,80
14026020,87,57,2,78
14026530,16,58,-1,79
14027040,83,49,4,75
14027550,97,69,-1,76
14028060,79,15,-2,78
14028570,55,25,4,74
14029080,0,38,-4,78
14029590,91,29,1,77
14030100,36,45,-2,79
14030610,88,56,5,74
14031120,9,76,-4,78
14031630,90,67,-3,81
14032140,72,13,7,74
14032650,48,23,-4,78
14033160,49,36,3,75
14033670,68,47,1,74
14034180,87,45,2,72
14034690,1,65,-1,73
14035200,82,56,-3,76
14035710,101,2,-2,78
14036220,77,21,3,75
14036730,22,37,-9,84
14037240,74,48,11,73
14037750,27,58,-16,89
14038260,46,49,10,79
14038770,65,60,2,77
14039280,47,71,-9,86
14039790,99,62,13,73
14040300,19,82,-1,74
14040810,94,73,-3,77
14041320,76,19,0,77
14041830,52,35,-1,78
14042340,71,46,2,76
14042850,24,44,-3,79
14043360,76,55,3,76
14043870,95,1,-1,77
14044380,71,20,3,74
14044890,16,36,-11,85
14045400,68,34,9,76
14045910,84,47,5,71
14046420,4,67,-10,81
14046930,85,58,9,72
14047440,67,4,-5,77
14047950,43,99,-3,80
14048460,16,90,3,77
14048970,101,81,2,75
14049480,83,27,1,74
14049990,28,43,-5,79
14050500,80,54,4,75
14051010,99,0,0,75
14051520,75,19,0,75
14052030,51,35,-6,81
14052540,70,46,0,81
14053050,89,44,10,71
14053560,9,64,-14,85
14054070,87,55,11,74
14054580,7,75,-5,79
14055090,88,66,4,75
14055600,70,12,-2,77
14056110,46,22,-5,82
14056620,65,35,7,75
14057130,37,48,-6,81
14057640,89,59,4,77
14058150,18,5,-1,78
14058660,7,16,1,77
14059170,59,27,-1,78
14059680,0,40,1,77
14060190,64,31,9,68
14060700,9,47,-12,80
14061210,97,38,3,77
14061720,17,54,-2,79
14062230,18,45,-4,83
14062740,70,54,0,83
14063250,89,65,8,75
14063760,71,11,-3,78
14064270,47,21,-2,80
14064780,62,34,4,76
14065290,15,47,-2,78
14065800,1,38,4,74
14066310,89,29,2,72
14066820,95,45,-3,75
14067330,15,65,-9,84
14067840,82,5,7,77
14068350,58,24,-2,79
14068860,9,37,5,74
14069370,97,46,2,72
14069880,18,66,-11,83
14070390,19,57,8,75
14070900,95,48,5,70
14071410,16,68,-7,77
14071920,83,59,-2,79
14072430,12,5,6,73
14072940,96,16,-3,76
14073450,72,26,0,76
14073960,23,42,-6,82
14074470,75,53,3,79
14074980,94,51,4,75
14075490,14,71,-4,79
14076000,0,62,4,75
14076510,20,53,5,70
14077020,2,44,-7,77
14077530,46,35,-5,82
14078040,65,46,2,80
14078550,84,57,6,74
14079060,4,3,-9,83
14079570,95,42,13,70
14080080,16,62,-5,75
14080590,2,53,-2,77
14081100,12,44,-3,80
14081610,76,35,4,76
14082120,80,48,6,70
14082630,0,49,-8,78
14083140,10,40,0,78
14083650,98,49,-2,80
14084160,18,62,-3,83
14084670,19,53,3,80
14085180,5,44,4,76
14085690,93,35,2,74
14086200,99,51,-1,75
14086710,20,71,-2,77
14087220,87,62,1,76
14087730,7,8,-4,80
14088240,0,19,0,80
14088750,52,28,1,79
14089260,67,39,1,78
14089770,8,52,0,78
14090280,96,43,4,74
14090790,17,63,-6,80
14091300,3,54,6,74
14091810,13,45,-2,76
14092320,77,36,5,71
14092830,99,49,-4,75
14093340,20,69,-5,80
14093850,6,60,0,80
14094360,94,51,7,73
14094870,14,71,-7,80
14095380,0,62,2,78
14095890,20,53,4,74
14096400,72,44,-7,81
14096910,25,57,-2,83
14097420,77,48,4,79
14097930,99,58,4,75
14098440,19,78,-8,83
14098950,5,69,1,82
14099460,86,60,7,75
14099970,68,6,-1,76
14100480,44,25,-4,80
14100990,63,36,7,73
14101500,88,47,0,73
14102010,8,96,-2,75
14102520,89,87,-3,78
14103030,71,98,-2,80
14103540,53,34,3,77
14104050,72,45,0,77
14104560,25,55,3,74
14105070,77,46,-1,75
14105580,99,47,3,72
14106090,19,67,-6,78
14106600,91,58,5,73
14107110,11,78,-6,79
14107620,89,69,0,79
14108130,71,80,-3,82
14108640,21,91,4,78
14109150,87,82,-7,85
14109660,69,93,7,78
14110170,51,12,-7,85
14110680,52,31,3,82
14111190,71,42,4,78
14111700,93,55,2,76
14112210,13,75,-6,82
14112720,101,66,7,75
14113230,21,86,-6,81
14113740,88,77,7,74
14114250,70,88,-10,84
14114760,52,24,5,79
14115270,67,37,0,79
14115780,20,50,4,75
14116290,72,78,-2,77
14116800,54,89,-9,86
14117310,4,80,6,80
14117820,24,20,2,78
14118330,43,31,-3,81
14118840,62,42,6,75
14119350,81,53,2,73
14119860,34,73,-7,80
14120370,53,64,5,75
14120880,3,75,-4,79
14121390,84,66,-1,80
14121900,1,12,1,79
14122410,53,25,1,78
14122920,54,38,-1,79
14123430,73,49,2,77
14123940,92,47,4,73
14124450,12,36,-7,80
14124960,64,45,1,79
14125470,83,56,7,72
14125980,12,76,-10,82
14126490,78,67,3,79
14127000,97,78,3,76
14127510,79,24,10,66
14128020,85,40,-4,70
14128530,5,89,-10,80
14129040,86,38,13,67
14129550,92,27,-14,81
14130060,98,37,4,77
14130570,2,26,1,76
14131080,54,35,-5,81
14131590,90,46,8,73
14132100,10,66,-5,78
14132610,76,57,1,77
14133120,95,68,1,76
14133630,100,14,1,75
14134140,76,24,6,69
14134650,27,13,-19,88
14135160,2,24,9,79
14135670,54,33,4,75
14136180,73,44,1,74
14136690,26,64,-3,77
14137200,8,55,-2,79
14137710,96,90,-2,81
14138220,78,101,0,81
14138730,60,37,3,78
14139240,79,48,1,77
14139750,101,49,-3,80
14140260,21,38,2,78
14140770,73,49,2,76
14141280,92,60,2,74
14141790,12,80,-1,75
14142300,78,71,-3,78
14142810,60,82,-3,81
14143320,10,1,4,77
14143830,101,12,0,77
14144340,77,35,5,72
14144850,78,84,-13,85
14145360,60,20,5,80
14145870,61,36,3,77
14146380,14,47,-2,79
14146890,78,38,4,75
14147400,100,51,1,74
14147910,20,40,-7,81
14148420,72,51,-1,82
14148930,91,62,10,72
14149440,11,8,-10,82
14149950,63,19,4,78
14150460,64,35,1,77
14150970,65,84,0,77
14151480,47,63,-4,81
14151990,66,48,0,81
14152500,85,59,1,80
14153010,5,5,9,71
14153520,100,44,3,68
14154030,20,33,-14,82
14154540,72,44,7,75
14155050,25,45,-5,80
14155560,77,56,1,79
14156070,96,2,8,71
14156580,72,21,-8,79
14157090,73,70,-7,86
14157600,92,81,10,76
14158110,74,92,-5,81
14158620,56,28,4,77
14159130,57,41,-2,79
14159640,76,52,4,75
14160150,95,100,-9,84
14160660,77,57,8,76
14161170,96,68,4,72
14161680,101,14,-2,74
14162190,77,24,2,72
14162700,81,40,-4,76
14163210,1,53,2,74
14163720,11,44,-2,76
14164230,75,35,8,68
14164740,97,34,-3,71
14165250,1,23,3,68
14165760,53,32,-15,83
14166270,72,43,6,77
14166780,94,56,2,75
14167290,14,57,-5,80
14167800,78,48,6,74
14168310,100,49,-4,78
14168820,20,38,0,78
14169330,72,49,4,74
14169840,91,97,-6,80
14170350,73,33,8,72
14170860,79,32,0,72
14171370,83,31,2,70
14171880,89,30,1,69
14172390,95,29,-9,78
14172900,101,78,6,72
14173410,83,24,-7,79
14173920,87,73,3,76
14174430,92,19,0,76
14174940,68,29,1,75
14175450,19,45,1,74
14175960,71,14,-4,78
14176470,47,24,-5,83
14176980,62,35,8,75
14177490,63,48,-4,79
14178000,82,59,5,74
14178510,101,5,-8,82
14179020,77,24,4,78
14179530,28,73,-2,80
14180040,29,64,-1,81
14180550,48,55,3,78
14181060,67,66,-7,85
14181570,86,77,5,80
14182080,91,88,-3,83
14182590,73,99,5,78
14183100,55,18,6,72
14183610,6,34,-8,80
14184120,50,43,-2,82
14184630,69,54,1,81
14185140,88,65,6,75
14185650,93,11,-8,83
14186160,69,21,10,73
14186670,73,37,2,71
14187180,95,36,-1,72
14187690,15,25,-5,77
14188200,99,36,3,74
14188710,19,25,-7,81
14189220,1,36,0,81
14189730,47,45,-4,85
14190240,66,56,2,83
14190750,85,67,7,76
14191260,90,78,-2,78
14191770,95,89,-1,79
14192280,77,100,0,79
14192790,59,19,1,78
14193300,60,35,1,77
14193810,13,48,-5,82
14194320,77,39,7,75
14194830,78,28,1,74
14195340,82,44,-1,75
14195850,2,93,0,75
14196360,83,42,3,72
14196870,3,91,-15,87
14197380,23,82,5,82
14197890,90,73,3,79
14198400,95,19,4,75
14198910,71,29,0,75
14199420,72,28,0,75
14199930,73,27,0,75
14200440,79,43,2,73
14200950,101,92,-10,83
14201460,83,28,13,70
14201970,89,27,-5,75
14202480,95,26,2,73
14202990,101,75,-8,81
14203500,4,21,8,73
14204010,68,57,-8,81
14204520,87,68,3,78
14205030,92,14,4,74
14205540,68,24,1,73
14206050,69,23,-1,74
14206560,20,72,-8,82
14207070,87,63,7,75
14207580,92,9,-1,76
14208090,68,28,-2,78
14208600,69,44,1,77
14209110,22,55,-5,82
14209620,74,46,7,75
14210130,96,59,-5,80
14210640,16,60,1,79
14211150,83,51,11,68
14211660,89,50,-8,76
14212170,9,39,-9,85
14212680,73,38,11,74
14213190,95,37,0,74
14213700,15,26,-2,76
14214210,67,37,0,76
14214720,20,50,-5,81
14215230,72,19,2,79
14215740,23,68,-3,82
14216250,24,59,4,78
14216760,29,50,-3,81
14217270,81,41,5,76
14217780,1,40,0,76
14218290,65,49,-9,85
14218800,84,60,12,73
14219310,4,6,-6,79
14219820,99,45,1,78
14220330,19,34,-2,80
14220840,71,45,1,79
14221350,72,44,6,73
14221860,94,45,-1,74
14222370,14,94,-8,82
14222880,95,85,4,78
14223390,77,21,3,75
14223900,81,20,1,74
14224410,85,36,4,70
14224920,5,25,-12,82
14225430,69,24,5,77
14225940,70,23,1,76
14226450,71,22,7,69
14226960,75,21,-7,76
14227470,79,70,-4,80
14227980,98,81,-1,81
14228490,1,27,4,77
14229000,45,36,-9,86
14229510,64,47,7,79
14230020,83,58,2,77
14230530,3,4,1,76
14231040,98,43,4,72
14231550,18,42,-5,77
14232060,70,4,1,76
14232570,46,23,-3,79
14233080,47,42,-5,84
14233590,66,53,3,81
14234100,85,64,6,75
14234610,2,65,0,75
14235120,22,56,-8,83
14235630,23,35,7,76
14236140,75,46,-6,82
14236650,76,45,6,76
14237160,98,44,0,76
14237670,18,33,-3,79
14238180,70,44,2,77
14238690,71,43,-1,78
14239200,72,42,6,72
14239710,94,41,-2,74
14240220,14,30,-1,75
14240730,66,29,-3,78
14241240,67,28,5,73
14241750,68,27,-2,75
14242260,69,26,0,75
14242770,70,25,-1,76
14243280,74,24,-1,77
14243790,75,23,1,76
14244300,79,22,2,74
14244810,83,21,3,71
14245320,87,20,1,70
14245830,63,19,-8,78
14246340,64,18,2,76
14246850,65,17,0,76
14247360,66,16,2,74
14247870,17,65,-7,81
14248380,81,56,-1,82
14248890,100,57,9,73
14249400,20,46,-12,85
14249910,72,44,8,77
14250420,30,43,-1,78
14250930,82,54,0,78
14251440,2,55,-1,79
14251950,80,46,4,75
14252460,0,45,-2,77
14252970,64,54,-6,83
14253480,83,65,11,72
14253990,88,11,-4,76
14254500,64,30,1,75
14255010,65,29,-2,77
14255520,66,28,1,76
14256030,67,27,-1,77
14256540,18,26,-7,84
14257050,70,33,7,77
14257560,71,32,5,72
14258070,72,0,-8,80
14258580,48,19,-3,83
14259090,49,38,5,78
14259600,68,49,2,76
14260110,87,47,1,75
14260620,7,36,1,74
14261130,71,45,-1,75
14261640,90,46,4,71
14262150,10,35,-5,76
14262660,74,99,-3,79
14263170,56,18,3,76
14263680,57,17,2,74
14264190,58,16,-2,76
14264700,59,65,-6,82
14265210,78,76,-9,91
14265720,83,87,10,81
14266230,65,98,-3,84
14266740,47,17,3,81
14267250,48,36,-3,84
14267760,67,47,4,80
14268270,86,45,3,77
14268780,6,34,4,73
14269290,70,98,-9,82
14269800,52,17,0,82
14270310,53,36,2,80
14270820,72,47,6,74
14271330,77,48,-6,80
14271840,99,47,7,73
14272350,19,36,-5,78
14272860,71,47,-5,83
14273370,90,66,11,72
14273880,95,12,-7,79
14274390,71,22,5,74
14274900,75,11,-7,81
14275410,51,30,0,81
14275920,52,41,0,81
14276430,71,52,2,79
14276940,90,50,0,79
14277450,10,39,-2,81
14277960,74,48,7,74
14278470,96,47,-3,77
14278980,16,36,-1,78
14279490,68,35,6,72
14280000,69,24,-9,81
14280510,73,23,8,73
14281020,77,12,-3,76
14281530,53,31,-2,78
14282040,72,34,7,71
14282550,73,23,-5,76
14283060,77,22,0,76
14283570,81,11,-4,80
14284080,57,30,6,74
14284590,58,29,-3,77
14285100,59,28,3,74
14285610,69,27,-1,75
14286120,73,16,-7,82
14286630,24,65,-1,83
14287140,91,56,9,74
14287650,11,45,-6,80
14288160,16,36,4,76
14288670,68,35,-2,78
14289180,69,34,0,78
14289690,70,33,2,76
14290200,74,32,0,76
14290710,78,21,0,76
14291220,82,10,-2,78
14291730,58,29,0,78
14292240,59,28,-3,81
14292750,60,41,3,78
14293260,79,52,4,74
14293770,84,53,1,73
14294280,4,52,-8,81
14294790,68,43,1,80
14295300,78,44,3,77
14295810,100,43,-2,79
14296320,20,32,-2,81
14296830,72,43,7,74
14297340,94,42,3,71
14297850,14,31,-9,80
14298360,66,42,3,77
14298870,67,41,-1,78
14299380,77,54,0,78
14299890,96,55,-1,79
14300400,16,44,5,74
14300910,68,13,-4,78
14301420,78,32,9,69
14301930,82,99,-9,78
14302440,64,35,1,77
14302950,74,34,9,68
14303460,96,23,-1,69
14303970,72,39,-8,77
14304480,94,38,6,71
14304990,14,27,-6,77
14305500,66,38,-3,80
14306010,76,37,0,80
14306520,13,50,-4,84
14307030,77,41,13,71
14307540,99,40,-7,78
14308050,19,29,-2,80
14308560,71,40,5,75
14309070,93,39,-3,78
14309580,13,28,-2,80
14310090,65,39,0,80
14310600,66,50,4,76
14311110,85,48,-2,78
14311620,5,47,0,78
14312130,69,38,-1,79
14312640,70,51,-3,82
14313150,89,49,8,74
14313660,9,38,-7,81
14314170,73,29,10,71
14314680,77,18,-7,78
14315190,81,34,11,67
14315700,1,23,-5,72
14316210,45,22,-11,83
14316720,46,29,-1,84
14317230,47,40,0,84
14317740,83,51,9,75
14318250,3,40,-3,78
14318760,47,31,-7,85
14319270,66,42,6,79
14319780,67,43,4,75
14320290,68,44,0,75
14320800,73,43,-2,77
14321310,95,46,2,75
14321820,15,35,0,75
14322330,79,34,-1,76
14322840,101,23,-10,86
14323350,77,39,7,79
14323860,99,28,6,73
14324370,1,17,1,72
14324880,53,16,-4,76
14325390,54,35,-6,82
14325900,55,46,3,79
14326410,74,57,6,73
14326920,79,55,-7,80
14327430,84,56,11,69
14327940,4,76,-5,74
14328450,85,67,-5,79
14328960,90,68,4,75
14329470,95,14,0,75
14329980,71,24,2,73
14330490,75,13,-2,75
14331000,51,32,-4,79
14331510,70,43,6,73
14332020,92,42,-1,74
14332530,12,31,-11,85
14333040,64,30,11,74
14333550,86,29,2,72
14334060,90,18,-2,74
14334570,66,28,-3,77
14335080,88,44,1,76
14335590,8,33,-1,77
14336100,72,97,0,77
14336610,54,88,-16,93
14337120,4,79,11,82
14337630,24,70,7,75
14338140,29,61,-3,78
14338650,54,52,-4,82
14339160,4,63,7,75
14339670,79,54,-2,77
14340180,84,55,7,70
14340690,4,56,-10,80
14341200,82,47,8,72
14341710,2,36,-5,77
14342220,66,27,-1,78
14342730,67,26,3,75
14343240,71,25,-1,76
14343750,75,24,4,72
14344260,79,13,-3,75
14344770,55,23,-2,77
14345280,56,39,-2,79
14345790,57,50,-3,82
14346300,82,61,-1,83
14346810,87,62,11,72
14347320,92,63,-2,74
14347830,97,64,-4,78
14348340,0,65,-2,80
14348850,20,56,-2,82
14349360,15,47,4,78
14349870,79,38,4,74
14350380,101,27,1,73
14350890,3,16,-1,74
14351400,55,29,-6,80
14351910,65,36,4,76
14352420,75,39,0,76
14352930,97,28,5,71
14353440,101,17,-10,81
14353950,77,27,7,74
14354460,81,16,-1,75
14354970,57,32,-1,76
14355480,58,35,-2,78
14355990,59,34,-1,79
14356500,60,33,5,74
14357010,61,32,-7,81
14357520,62,35,7,74
14358030,67,34,3,71
14358540,89,33,-3,74
14359050,93,22,-3,77
14359560,69,38,-1,78
14360070,74,37,3,75
14360580,96,26,-2,77
14361090,100,15,0,77
14361600,76,25,-2,79
14362110,80,14,9,70
14362620,56,24,-3,73
14363130,57,37,-5,78
14363640,58,48,-1,79
14364150,77,59,5,74
14364660,82,60,-4,78
14365170,87,61,8,70
14365680,92,62,-6,76
14366190,97,82,-4,80
14366700,79,47,5,75
14367210,84,46,-4,79
14367720,4,47,6,73
14368230,68,38,-9,82
14368740,73,39,9,73
14369250,78,28,-4,77
14369760,82,17,3,74
14370270,86,27,-2,76
14370780,90,16,1,75
14371290,66,26,-3,78
14371800,67,15,1,77
14372310,18,34,-1,78
14372820,70,45,-3,81
14373330,71,64,2,79
14373840,76,92,-1,80
14374350,58,83,-10,90
14374860,88,74,14,76
14375370,93,36,-5,81
14375880,97,25,10,71
14376390,101,14,-2,73
14376900,77,24,-4,77
14377410,81,13,-4,81
14377920,57,23,1,80
14378430,58,42,2,78
14378940,77,53,1,77
14379450,82,54,3,74
14379960,87,55,0,74
14380470,92,75,0,74
14380980,97,40,-3,77
14381490,101,29,2,75
14382000,3,18,2,73
14382510,67,54,-9,82
14383020,86,65,4,78
14383530,91,66,3,75
14384040,96,67,0,75
14384550,101,87,1,74
14385060,83,52,-3,77
14385570,88,72,-1,78
14386080,70,73,-2,80
14386590,20,84,2,78
14387100,87,75,0,78
14387610,69,37,-1,79
14388120,74,38,5,74
14388630,78,27,-5,79
14389140,82,16,3,76
14389650,58,26,2,74
14390160,59,27,-4,78
14390670,60,40,-5,83
14391180,26,51,4,79
14391690,78,42,3,76
14392200,83,31,2,74
14392710,87,20,-6,80
14393220,63,30,1,79
14393730,12,43,2,77
14394240,76,34,5,72
14394750,80,23,-6,78
14395260,84,12,0,78
14395770,60,22,6,72
14396280,11,11,-9,81
14396790,63,50,3,78
14397300,82,12,0,78
14397810,58,31,1,77
14398320,7,44,4,73
14398830,71,35,-2,75
14399340,20,24,-9,84
14399850,2,31,7,77
14400360,66,95,-6,83
14400870,48,86,-6,89
14401380,76,77,3,86
14401890,58,88,1,85
14402400,8,79,4,81
14402910,83,70,0,81
14403420,0,32,9,72
14403930,44,96,-12,84
14404440,45,87,-2,86
14404950,64,78,1,85
14405460,14,69,6,79
14405970,78,60,-5,84
14406480,97,22,11,73
14406990,101,32,-5,78
14407500,3,21,10,68
14408010,67,20,-8,76
14408520,18,9,-7,83
14409030,54,48,0,83
14409540,73,59,3,80
14410050,92,70,-1,81
14410560,9,32,2,79
14411070,61,96,-3,82
14411580,43,87,-1,83
14412090,71,78,3,80
14412600,48,91,-1,81
14413110,76,82,-4,85
14413620,26,93,5,80
14414130,101,84,-3,83
14414640,83,46,3,80
14415150,3,35,-2,82
14415660,67,99,-5,87
14416170,17,90,8,79
14416680,92,81,0,79
14417190,74,43,8,71
14417700,79,44,-4,75
14418210,101,45,-2,77
14418720,3,34,3,74
14419230,67,98,-6,80
14419740,49,89,-7,87
14420250,77,80,2,85
14420760,59,91,5,80
14421270,9,82,-6,86
14421780,84,73,2,84
14422290,1,35,16,68
14422800,65,99,-14,82
14423310,47,90,-3,85
14423820,75,81,-2,87
14424330,57,43,-1,88
14424840,76,54,3,85
14425350,86,16,6,79
14425860,62,26,6,73
14426370,60,39,-7,80
14426880,79,46,2,78
14427390,101,47,1,77
14427900,3,36,-2,79
14428410,67,100,-1,80
14428920,49,91,-9,89
14429430,77,82,9,80
14429940,59,93,2,78
14430450,41,84,-9,87
14430960,69,75,6,81
14431470,51,88,-3,84
14431980,79,79,-1,85
14432490,61,90,2,83
14433000,11,81,-7,90
14433510,86,72,5,85
14434020,3,34,8,77
14434530,67,98,-6,83
14435040,17,89,1,82
14435550,84,80,3,79
14436060,66,91,-7,86
14436570,16,82,1,85
14437080,91,73,10,75
14437590,73,35,1,74
14438100,77,24,3,71
14438610,81,13,-14,85
14439120,57,83,-4,89
14439630,85,74,11,78
14440140,67,36,-1,79
14440650,77,49,4,75
14441160,88,50,3,72
14441670,8,39,-1,73
14442180,72,30,-3,76
14442690,76,19,-1,77
14443200,80,8,-3,80
14443710,56,27,2,78
14444220,71,40,2,76
14444730,81,53,-4,80
14445240,100,54,6,74
14445750,20,43,-4,78
14446260,72,5,-1,79
14446770,48,24,-1,80
14447280,63,31,2,78
14447790,64,34,2,76
14448300,74,47,-4,80
14448810,85,66,8,72
14449320,90,28,0,72
14449830,94,17,-5,77
14450340,70,27,2,75
14450850,21,16,-7,82
14451360,40,27,0,82
14451870,59,38,5,77
14452380,78,41,2,75
14452890,82,30,1,74
14453400,86,19,-5,79
14453910,90,29,7,72
14454420,94,18,-3,75
14454930,98,7,-2,77
14455440,74,17,7,70
14455950,78,6,-6,76
14456460,54,25,1,75
14456970,69,38,-1,76
14457480,79,27,-1,77
14457990,83,16,6,71
14458500,87,26,-2,73
14459010,91,15,-1,74
14459520,67,25,-3,77
14460030,71,14,-2,79
14460540,81,33,7,72
14461050,85,22,-7,79
14461560,89,11,1,78
14462070,65,30,7,71
14462580,69,19,-4,75
14463090,79,8,-4,79
14463600,55,27,0,79
14464110,65,40,4,75
14464620,75,43,-6,81
14465130,85,56,7,74
14465640,89,57,-1,75
14466150,9,77,-1,76
14466660,29,68,-1,77
14467170,48,59,-4,81
14467680,67,70,1,80
14468190,86,83,-2,82
14468700,68,11,5,77
14469210,78,30,7,70
14469720,82,19,-5,75
14470230,86,8,-1,76
14470740,62,27,3,73
14471250,13,40,-4,77
14471760,77,9,-2,79
14472270,53,28,0,79
14472780,72,31,4,75
14473290,76,3,-5,80
14473800,52,22,-3,83
14474310,67,75,1,82
14474820,49,88,-2,84
14475330,68,79,-1,85
14475840,101,92,3,82
14476350,28,20,2,80
14476860,47,31,2,78
14477370,66,38,1,77
14477880,76,51,1,76
14478390,87,52,3,73
14478900,31,72,-16,89
14479410,50,63,8,81
14479920,69,76,3,78
14480430,51,97,-4,82
14480940,79,88,-4,86
14481450,61,101,3,83
14481960,89,92,0,83
14482470,71,3,2,81
14482980,47,22,0,81
14483490,62,41,0,81
14484000,96,48,8,73
14484510,100,37,-2,75
14485020,2,26,4,71
14485530,66,90,-13,84
14486040,48,81,2,82
14486550,74,72,3,79
14487060,56,34,-2,81
14487570,75,41,5,76
14488080,85,30,3,73
14488590,89,19,-13,86
14489100,93,29,11,75
14489610,97,18,1,74
14490120,73,28,0,74
14490630,77,17,-1,75
14491140,81,6,-1,76
14491650,57,25,0,76
14492160,72,44,1,75
14492670,83,63,-1,76
14493180,0,64,2,74
14493690,20,55,-7,81
14494200,84,24,6,75
14494710,88,13,1,74
14495220,64,23,-4,78
14495730,15,12,-4,82
14496240,51,51,1,81
14496750,70,62,10,71
14497260,89,63,-2,73
14497770,19,64,-5,78
14498280,94,15,1,77
14498790,70,25,-1,78
14499300,0,20,3,75
14499810,64,56,-4,79
14500320,83,18,2,77
14500830,59,37,0,77
14501340,69,56,-1,78
14501850,88,57,2,76
14502360,8,77,-5,81
14502870,16,68,5,76
14503380,83,59,-6,82
14503890,0,60,8,74
14504400,20,51,-4,78
14504910,84,20,-3,81
14505420,88,9,10,71
14505930,64,28,-8,79
14506440,96,17,9,70
14506950,72,27,-6,76
14507460,2,16,-4,80
14507970,54,29,-5,85
14508480,69,48,10,75
14508990,1,49,3,72
14509500,65,40,-10,82
14510010,99,59,8,74
14510520,19,48,-5,79
14511030,83,17,3,76
14511540,59,6,-1,77
14512050,69,25,-3,80
14512560,101,14,7,73
14513070,77,24,-2,75
14513580,7,13,-1,76
14514090,71,26,1,75
14514600,75,15,-4,79
14515110,85,4,-1,80
14515620,61,23,3,77
14516130,66,12,4,73
14516640,42,31,-9,82
14517150,57,42,5,77
14517660,91,49,6,71
14518170,11,38,-10,81
14518680,75,0,-4,85
14519190,51,19,1,84
14519700,66,38,6,78
14520210,76,57,-5,83
14520720,8,58,2,81
14521230,96,49,5,76
14521740,100,38,0,76
14522250,2,27,2,74
14522760,66,36,4,70
14523270,98,55,-7,77
14523780,18,44,4,73
14524290,82,74,-8,81
14524800,64,85,-5,86
14525310,14,76,6,80
14525820,22,67,-5,85
14526330,23,58,3,82
14526840,87,27,9,73
14527350,91,16,-6,79
14527860,67,26,3,76
14528370,18,15,-5,81
14528880,70,22,6,75
14529390,0,11,-2,77
14529900,1,35,5,72
14530410,65,44,-8,80
14530920,99,63,2,78
14531430,19,83,-3,81
14531940,27,74,0,81
14532450,0,65,9,72
14532960,20,56,-8,80
14533470,84,25,-2,82
14533980,14,35,3,79
14534490,78,99,-5,84
14535000,60,68,4,80
14535510,10,98,2,78
14536020,30,89,-6,84
14536530,3,80,8,76
14537040,23,71,-3,79
14537550,24,62,5,74
14538060,100,53,-2,76
14538570,20,42,-6,82
14539080,2,88,5,77
14539590,22,19,-3,80
14540100,74,30,7,73
14540610,78,19,-2,75
14541120,54,29,-2,77
14541630,64,42,-1,78
14542140,98,61,3,75
14542650,18,81,2,73
14543160,26,72,-9,82
14543670,27,63,-1,83
14544180,61,54,0,83
14544690,95,65,8,75
14545200,15,66,-3,78
14545710,79,57,-1,79
14546220,9,58,-2,81
14546730,73,49,1,80
14547240,5,50,3,77
14547750,69,41,2,75
14548260,91,42,7,68
14548770,11,31,-10,78
14549280,75,95,-3,81
14549790,57,86,-10,91
14550300,7,77,5,86
14550810,15,68,1,85
14551320,79,59,5,80
14551830,11,60,4,76
14552340,75,51,-2,78
14552850,7,52,-1,79
14553360,71,43,1,78
14553870,81,44,5,73
14554380,1,98,-2,75
14554890,21,89,-6,81
14555400,29,80,-3,84
14555910,5,71,-1,85
14556420,13,62,10,75
14556930,77,53,1,74
14557440,99,54,-2,76
14557950,19,43,0,76
14558460,83,5,-4,80
14558970,59,24,4,76
14559480,74,13,-5,81
14559990,50,32,-4,85
14560500,65,43,1,84
14561010,99,54,12,72
14561520,19,43,-10,82
14562030,83,28,13,69
14562540,87,17,-5,74
14563050,63,6,-6,80
14563560,39,25,-4,84
14564070,54,36,-3,87
14564580,88,47,16,71
14565090,8,67,-7,78
14565600,16,58,-7,85
14566110,80,49,11,74
14566620,0,69,-4,78
14567130,33,78,1,77
14567640,7,69,-6,83
14568150,71,60,-3,86
14568660,3,71,12,74
14569170,23,62,-3,77
14569680,28,31,-7,84
14570190,80,42,15,69
14570700,0,62,-2,71
14571210,20,53,-8,79
14571720,96,22,5,74
14572230,72,32,3,71
14572740,50,21,-7,78
14573250,65,40,1,77
14573760,75,81,-12,89
14574270,57,92,7,82
14574780,39,83,0,82
14575290,64,74,-1,83
14575800,46,85,2,81
14576310,80,76,-5,86
14576820,62,87,7,79
14577330,44,78,-7,86
14577840,78,69,4,82
14578350,60,80,4,78
14578860,10,71,1,77
14579370,18,62,-3,80
14579880,82,53,-1,81
14580390,2,54,0,81
14580900,66,45,5,76
14581410,7,46,-1,77
14581920,95,15,5,72
14582430,71,25,-4,76
14582940,22,24,-6,82
14583450,74,35,11,71
14583960,96,55,-4,75
14584470,16,56,-3,78
14584980,80,47,6,72
14585490,0,48,-5,77
14586000,64,39,-2,79
14586510,74,42,8,71
14587020,96,43,-5,76
14587530,16,32,-3,79
14588040,80,96,-4,83
14588550,62,24,6,77
14589060,94,37,-3,80
14589570,14,26,2,78
14590080,78,33,4,74
14590590,100,52,-2,76
14591100,20,72,-2,78
14591610,87,63,2,76
14592120,7,64,-6,82
14592630,15,55,3,79
14593140,79,46,1,78
14593650,101,47,0,78
14594160,21,36,2,76
14594670,73,47,-2,78
14595180,83,48,5,73
14595690,3,49,1,72
14596200,81,40,-4,76
14596710,1,60,2,74
14597220,9,51,-5,79
14597730,73,42,2,77
14598240,95,43,2,75
14598750,15,32,-3,78
14599260,79,96,-4,82
14599770,61,15,7,75
14600280,93,34,1,74
14600790,97,23,-1,75
14601300,73,12,-6,81
14601810,49,31,2,79
14602320,59,38,0,79
14602830,69,45,1,78
14603340,79,46,5,73
14603850,101,66,0,73
14604360,21,67,-8,81
14604870,85,58,8,73
14605380,5,59,-3,76
14605890,83,50,0,76
14606400,3,70,1,75
14606910,23,61,-3,78
14607420,87,52,-3,81
14607930,7,72,1,80
14608440,15,63,-2,82
14608950,79,54,7,75
14609460,101,74,0,75
14609970,21,75,0,75
14610480,88,71,-3,78
14610990,9,72,-5,83
14611500,17,63,1,82
14612010,81,54,10,72
14612520,1,55,-3,75
14613030,21,46,-5,80
14613540,85,8,3,77
14614050,61,27,1,76
14614560,2,46,-3,79
14615070,66,37,4,75
14615580,7,38,1,74
14616090,71,47,-2,76
14616600,81,48,4,72
14617110,1,68,-8,80
14617620,21,59,4,76
14618130,97,50,-1,77
14618640,101,70,1,76
14619150,21,90,0,76
14619660,29,81,-4,80
14620170,96,72,8,72
14620680,78,92,-9,81
14621190,60,11,5,76
14621700,70,30,-4,80
14622210,0,31,5,75
14622720,64,95,-6,81
14623230,46,86,-2,83
14623740,20,77,-1,84
14624250,6,68,6,78
14624760,84,59,5,73
14625270,14,60,-5,78
14625780,78,51,-2,80
14626290,89,52,8,72
14626800,19,72,-12,84
14627310,86,63,8,76
14627820,16,64,-1,77
14628330,24,55,-5,82
14628840,100,82,5,77
14629350,82,83,-7,84
14629860,64,94,3,81
14630370,46,85,-5,86
14630880,20,76,8,78
14631390,87,67,1,77
14631900,17,68,-3,80
14632410,84,59,6,74
14632920,14,79,-8,82
14633430,22,70,2,80
14633940,89,61,5,75
14634450,19,62,-4,79
14634960,95,53,5,74
14635470,15,73,-11,85
14635980,23,64,4,81
14636490,99,33,6,75
14637000,1,22,-4,79
14637510,65,35,5,74
14638020,75,55,-2,76
14638530,3,56,-2,78
14639040,81,47,4,74
14639550,11,67,-6,80
14640060,19,58,-5,85
14640570,83,67,5,80
14641080,15,68,-4,84
14641590,79,59,10,74
14642100,7,60,-4,78
14642610,85,51,7,71
14643120,15,71,-8,79
14643630,23,62,2,77
14644140,99,53,-3,80
14644650,1,12,-1,81
14645160,65,25,3,78
14645670,97,26,0,78
14646180,73,25,5,73
14646690,3,14,-2,75
14647200,67,27,3,72
14647710,99,16,-2,74
14648220,75,26,0,74
14648730,5,15,-1,75
14649240,69,51,-1,76
14649750,1,52,-4,80
14650260,65,43,3,77
14650770,75,44,2,75
14651280,5,64,-3,78
14651790,13,55,1,77
14652300,77,46,0,77
14652810,7,49,-5,82
14653320,71,40,8,74
14653830,9,43,-6,80
14654340,73,12,-1,81
14654850,49,31,-7,88
14655360,59,42,7,81
14655870,93,49,8,73
14656380,23,69,-5,78
14656890,90,72,2,76
14657400,95,73,3,73
14657910,16,93,-9,82
14658420,24,84,0,82
14658930,91,75,3,79
14659440,73,76,-3,82
14659950,55,87,-4,86
14660460,29,78,9,77
14660970,96,69,-1,78
14661480,17,89,-4,82
14661990,25,80,6,76
14662500,92,71,1,75
14663010,13,91,-4,79
14663520,21,82,-1,80
14664030,88,73,0,80
14664540,93,74,0,80
14665050,75,75,1,79
14665560,57,86,-5,84
14666070,31,77,1,83
14666580,5,68,-1,84
14667090,83,59,1,83
14667600,11,60,5,78
14668110,89,51,2,76
14668620,19,71,-5,81
14669130,86,62,5,76
14669640,7,82,-7,83
14670150,15,73,1,82
14670660,23,64,5,77
14671170,99,33,-5,82
14671680,1,22,5,77
14672190,65,35,-1,78
14672700,3,38,-3,81
14673210,67,51,1,80
14673720,101,54,5,75
14674230,22,74,-4,79
14674740,89,65,-2,81
14675250,10,66,1,80
14675760,76,57,5,75
14676270,99,58,-1,76
14676780,20,78,0,76
14677290,87,69,-4,80
14677800,8,70,-4,84
14678310,86,61,8,76
14678820,7,81,-1,77
14679330,15,72,-1,78
14679840,23,63,-1,79
14680350,18,54,1,78
14680860,13,23,-10,88
14681370,65,36,14,74
14681880,75,39,5,69
14682390,5,59,-5,74
14682900,83,50,-6,80
14683410,4,70,7,73
14683920,82,61,1,72
14684430,3,62,-5,77
14684940,81,53,5,72
14685450,11,73,-4,76
14685960,89,64,1,75
14686470,33,84,-1,76
14686980,7,75,-4,80
14687490,32,66,0,80
14688000,6,57,0,80
14688510,84,48,6,74
14689020,5,68,-4,78
14689530,80,59,2,76
14690040,1,60,-1,77
14690550,79,51,-1,78
14691060,89,71,1,77
14691570,10,72,-3,80
14692080,88,63,6,74
14692590,9,83,-5,79
14693100,87,74,2,77
14693610,69,36,2,75
14694120,79,39,2,73
14694630,9,59,-5,78
14695140,73,50,-1,79
14695650,5,53,1,78
14696160,93,44,3,75
14696670,14,64,-4,79
14697180,0,55,3,76
14697690,20,46,-5,81
14698200,15,8,3,78
14698710,51,21,-2,80
14699220,94,40,3,77
14699730,22,60,2,75
14700240,98,51,-4,79
14700750,19,71,3,76
14701260,97,62,-3,79
14701770,18,82,4,75
14702280,96,73,0,75
14702790,78,35,4,71
14703300,8,24,-5,76
14703810,3,23,4,72
14704320,100,36,2,70
14704830,21,25,-11,81
14705340,73,36,8,73
14705850,3,56,-3,76
14706360,81,47,2,74
14706870,2,67,-4,78
14707380,22,58,1,77
14707890,98,27,0,77
14708400,74,26,2,75
14708910,4,15,-8,83
14709420,68,28,8,75
14709930,100,48,-2,77
14710440,21,37,-7,84
14710950,73,48,3,81
14711460,83,49,9,72
14711970,4,69,-7,79
14712480,70,60,-2,81
14712990,75,22,7,74
14713500,5,11,-4,78
14714010,100,24,4,74
14714520,76,13,-4,78
14715030,52,32,0,78
14715540,62,43,-3,81
14716050,72,21,6,75
14716560,48,20,-4,79
14717070,78,39,3,76
14717580,6,59,-4,80
14718090,84,50,3,77
14718600,5,70,1,76
14719110,13,61,-3,79
14719620,101,52,5,74
14720130,22,72,-1,75
14720640,27,63,-6,81
14721150,1,54,4,77
14721660,65,45,-3,80
14722170,95,48,7,73
14722680,16,68,-6,79
14723190,24,59,1,78
14723700,100,28,6,72
14724210,76,24,0,72
14724720,6,23,-16,88
14725230,70,36,13,75
14725740,59,56,-10,85
14726250,78,67,3,82
14726760,101,29,4,78
14727270,77,28,3,75
14727780,7,27,-3,78
14728290,0,26,1,77
14728800,64,39,0,77
14729310,5,42,-3,80
14729820,69,33,5,75
14730330,10,53,-3,78
14730840,74,44,0,78
14731350,97,64,2,76
14731860,18,84,-1,77
14732370,26,75,-3,80
14732880,0,66,-1,81
14733390,64,57,6,75
14733900,1,19,2,73
14734410,45,18,-10,83
14734920,46,29,-4,87
14735430,85,40,15,72
14735940,6,60,-3,75
14736450,70,51,3,72
14736960,100,52,4,68
14737470,21,72,-10,78
14737980,97,63,-1,79
14738490,18,83,-3,82
14739000,89,74,4,78
14739510,71,36,2,76
14740020,1,56,0,76
14740530,21,47,-8,84
14741040,97,9,11,73
14741550,73,28,-2,75
14742060,3,27,0,75
14742570,67,91,-10,85
14743080,49,82,1,84
14743590,23,73,4,80
14744100,99,64,0,80
14744610,20,84,-2,82
14745120,83,75,2,80
14745630,4,37,2,78
14746140,68,101,2,76
14746650,50,92,-8,84
14747160,24,83,1,83
14747670,91,74,10,73
14748180,12,36,-7,80
14748690,76,15,6,74
14749200,52,14,-5,79
14749710,84,33,7,72
14750220,14,32,-3,75
14750730,78,96,-3,78
14751240,60,87,-6,84
14751750,34,78,3,81
14752260,8,27,2,79
14752770,72,26,7,72
14753280,2,25,-7,79
14753790,12,89,0,79
14754300,20,80,0,79
14754810,28,71,-4,83
14755320,2,62,1,82
14755830,66,53,1,81
14756340,3,15,7,74
14756850,98,14,-1,75
14757360,74,24,-4,79
14757870,4,23,-2,81
14758380,68,20,7,74
14758890,100,34,-3,77
14759400,21,33,-1,78
14759910,73,44,5,73
14760420,96,64,-1,74
14760930,17,84,-7,81
14761440,25,75,2,79
14761950,30,66,-2,81
14762460,4,57,2,79
14762970,92,48,8,71
14763480,13,68,-9,80
14763990,21,59,-2,82
14764500,85,50,6,76
14765010,6,70,-5,81
14765520,14,61,1,80
14766030,78,52,3,77
14766540,101,72,2,75
14767050,22,92,-6,81
14767560,30,83,-1,82
14768070,3,74,0,82
14768580,23,65,2,80
14769090,48,34,-3,83
14769600,67,45,5,78
14770110,8,46,-1,79
14770620,72,15,5,74
14771130,2,14,-1,75
14771640,66,27,-4,79
14772150,98,47,4,75
14772660,19,67,-6,81
14773170,83,58,8,73
14773680,4,78,-8,81
14774190,12,69,3,78
14774700,20,60,0,78
14775210,84,29,5,73
14775720,14,28,-6,79
14776230,78,92,-6,85
14776740,60,11,10,75
14777250,92,10,1,74
14777760,68,20,-4,78
14778270,100,19,3,75
14778780,76,18,-6,81
14779290,52,0,-5,86
14779800,28,19,2,84
14780310,67,30,10,74
14780820,8,50,2,72
14781330,96,41,-6,78
14781840,17,61,-4,82
14782350,81,52,4,78
14782860,2,72,1,77
14783370,22,63,-1,78
14783880,98,54,4,74
14784390,19,74,-4,78
14784900,85,65,-3,81
14785410,6,27,4,77
14785920,70,91,-2,79
14786430,52,82,-4,83
14786940,26,73,3,80
14787450,31,64,-3,83
14787960,5,55,6,77
14788470,93,46,3,74
14788980,14,66,-6,80
14789490,22,57,2,78
14790000,86,26,5,73
14790510,7,25,-8,81
14791020,71,24,5,76
14791530,1,44,-4,80
14792040,65,35,4,76
14792550,88,38,1,75
14793060,9,58,-3,78
14793570,97,49,1,77
14794080,18,69,-6,83
14794590,82,60,2,81
14795100,3,22,9,72
14795610,67,86,-10,82
14796120,49,77,-2,84
14796630,23,68,4,80
14797140,87,59,2,78
14797650,8,79,-3,81
14798160,16,70,2,79
14798670,2,61,4,75
14799180,10,52,-1,76
14799690,98,43,0,76
14800200,19,63,-6,82
14800710,83,54,1,81
14801220,4,74,1,80
14801730,24,65,-1,81
14802240,100,56,4,77
14802750,21,76,-3,80
14803260,26,67,2,78
14803770,31,58,-6,84
14804280,5,20,6,78
14804790,100,56,0,78
14805300,21,76,-4,82
14805810,7,67,2,80
14806320,95,58,2,78
14806830,16,78,-5,83
14807340,24,69,3,80
14807850,100,60,2,78
14808360,21,80,-1,79
14808870,29,71,-1,80
14809380,3,62,2,78
14809890,67,53,-1,79
14810400,90,64,4,75
14810910,11,84,-4,79
14811420,19,75,1,78
14811930,24,66,-6,84
14812440,100,35,9,75
14812950,21,55,-3,78
14813460,85,46,5,73
14813970,6,66,-8,81
14814480,94,57,8,73
14814990,15,77,-6,79
14815500,23,68,-6,85
14816010,99,59,8,77
14816520,20,79,-5,82
14817030,28,70,4,78
14817540,10,61,-7,85
14818050,98,52,3,82
14818560,19,72,1,81
14819070,5,63,2,79
14819580,15,54,5,74
14820090,79,45,-2,76
14820600,0,65,5,71
14821110,20,56,-11,82
14821620,84,25,1,81
14822130,5,45,3,78
14822640,93,7,-8,86
14823150,69,17,15,71
14823660,101,16,-7,78
14824170,77,15,-2,80
14824680,53,64,-3,83
14825190,3,75,1,82
14825700,23,66,7,75
14826210,5,57,-7,82
14826720,93,48,9,73
14827230,14,68,-4,77
14827740,0,59,-3,80
14828250,20,50,4,76
14828760,2,12,-2,78
14829270,97,25,0,78
14829780,73,24,5,73
14830290,3,23,-6,79
14830800,55,22,-4,83
14831310,98,21,8,75
14831820,74,20,4,71
14832330,4,40,-10,81
14832840,68,2,-2,83
14833350,44,21,-2,85
14833860,59,32,8,77
14834370,0,52,1,76
14834880,20,43,-5,81
14835390,72,5,2,79
14835900,48,24,-4,83
14836410,63,35,7,76
14836920,8,55,-5,81
14837430,96,46,3,78
14837940,17,66,-4,82
14838450,90,53,10,72
14838960,11,73,-6,78
14839470,19,64,-5,83
14839980,5,55,5,78
14840490,69,46,4,74
14841000,92,66,0,74
14841510,13,86,-5,79
14842020,21,77,0,79
14842530,88,68,-1,80
14843040,9,30,4,76
14843550,4,94,-9,85
14844060,24,85,7,78
14844570,99,76,3,75
14845080,20,38,-6,81
14845590,72,0,-6,87
14846100,48,19,7,80
14846610,91,30,1,79
14847120,12,50,-4,83
14847630,76,41,9,74
14848140,99,61,-1,75
14848650,20,81,2,73
14849160,2,72,-9,82
14849670,22,63,-3,85
14850180,98,54,7,78
14850690,19,74,4,74
14851200,5,65,-7,81
14851710,15,56,4,77
14852220,1,47,-1,78
14852730,65,9,-2,80
14853240,41,80,-3,83
14853750,69,71,2,81
14854260,51,82,-2,83
14854770,79,73,-1,84
14855280,0,35,10,74
14855790,88,99,-10,84
14856300,70,18,5,79
14856810,0,17,6,73
14857320,44,97,-8,81
14857830,47,88,-4,85
14858340,75,79,3,82
14858850,57,90,-4,86
14859360,85,81,1,85
14859870,67,43,5,80
14860380,8,5,3,77
14860890,1,44,-2,79
14861400,89,6,-2,81
14861910,65,25,4,77
14862420,6,45,3,74
14862930,94,36,-9,83
14863440,15,56,3,80
14863950,79,47,8,72
14864460,0,67,-3,75
14864970,20,58,0,75
14865480,25,27,-4,79
14865990,7,38,-4,83
14866500,95,0,7,76
14867010,71,19,-2,78
14867520,75,18,-6,84
14868030,98,17,8,76
14868540,74,16,-2,78
14869050,4,15,-5,83
14869560,83,28,11,72
14870070,4,20,-1,73
14870580,56,84,-8,81
14871090,38,75,6,75
14871600,20,37,-10,85
14872110,81,101,2,83
14872620,63,20,8,75
14873130,4,19,0,75
14873640,99,83,-4,79
14874150,81,45,3,76
14874660,2,65,-5,81
14875170,22,56,2,79
14875680,98,18,4,75
14876190,74,28,-6,81
14876700,15,48,5,76
14877210,79,17,2,74
14877720,0,16,-2,76
14878230,52,80,-4,80
14878740,80,71,3,77
14879250,62,33,-1,78
14879760,3,32,0,78
14880270,67,96,-7,85
14880780,49,87,5,80
14881290,77,78,-8,88
14881800,59,89,6,82
14882310,41,80,2,80
14882820,69,71,-2,82
14883330,51,82,-2,84
14883840,79,73,-5,89
14884350,61,35,9,80
14884860,2,55,3,77
14885370,12,46,0,77
14885880,76,15,0,77
14886390,99,64,3,74
14886900,20,84,0,74
14887410,28,75,-4,78
14887920,10,66,-4,82
14888430,18,57,4,78
14888940,82,80,-2,80
14889450,64,91,2,78
14889960,46,82,-4,82
14890470,74,73,-1,83
14890980,56,84,1,82
14891490,38,75,-6,88
14892000,66,66,7,81
14892510,85,77,-1,82
14893020,67,88,2,80
14893530,49,7,-3,83
14894040,68,26,9,74
14894550,9,25,-3,77
14895060,2,89,1,76
14895570,22,29,3,73
14896080,74,40,-3,76
14896590,97,39,-1,77
14897100,18,59,-3,80
14897610,82,28,1,79
14898120,3,27,-2,81
14898630,67,91,-2,83
14899140,49,0,2,81
14899650,25,19,-5,86
14900160,44,30,2,84
14900670,63,41,6,78
14901180,4,52,2,76
14901690,92,0,-6,82
14902200,68,19,6,76
14902710,72,18,5,71
14903220,2,17,-6,77
14903730,46,30,-6,83
14904240,65,41,2,81
14904750,6,52,-2,83
14905260,94,14,10,73
14905770,70,24,-3,76
14906280,11,23,-6,82
14906790,63,34,4,78
14907300,4,37,-2,80
14907810,68,101,-1,81
14908320,50,92,-2,83
14908830,78,83,0,83
14909340,60,94,-7,90
14909850,10,85,5,85
14910360,30,47,6,79
14910870,12,58,-8,87
14911380,76,49,16,71
14911890,99,69,-2,73
14912400,20,89,-8,81
14912910,28,80,3,78
14913420,31,71,-7,85
14913930,50,33,2,83
14914440,69,44,2,81
14914950,88,55,12,69
14915460,9,75,-11,80
14915970,17,66,-4,84
14916480,81,35,16,68
14916990,2,24,-9,77
14917500,54,88,-3,80
14918010,28,79,0,80
14918520,31,70,-2,82
14919030,50,61,4,78
14919540,69,72,-8,86
14920050,88,83,8,78
14920560,70,94,-6,84
14921070,52,13,8,76
14921580,53,12,2,74
14922090,72,83,-4,78
14922600,54,94,-3,81
14923110,82,85,-3,84
14923620,64,96,3,81
14924130,46,87,-12,93
14924640,74,78,14,79
14925150,56,89,-2,81
14925660,38,80,-6,87
14926170,66,71,13,74
14926680,48,82,-8,82
14927190,76,73,3,79
14927700,58,84,-6,85
14928210,8,46,3,82
14928720,72,15,6,76
14929230,89,86,-12,88
14929740,71,97,11,77
14930250,53,88,-11,88
14930760,81,79,6,82
14931270,63,90,-3,85
14931780,45,6,5,80
14932290,64,25,9,71
14932800,5,24,-10,81
14933310,69,23,9,72
14933820,73,22,-2,74
14934330,77,21,-2,76
14934840,7,20,-1,77
14935350,71,84,-5,82
14935860,53,95,5,77
14936370,81,86,-8,85
14936880,63,97,2,83
14937390,45,88,0,83
14937900,73,79,0,83
14938410,55,90,0,83
14938920,3,81,5,78
14939430,23,72,-3,81
14939940,26,63,1,80
14940450,0,25,0,80
14940960,52,24,-5,85
14941470,71,35,15,70
14941980,94,55,3,67
14942490,15,75,-11,78
14943000,23,66,-1,79
14943510,26,57,1,78
14944020,45,48,-2,80
14944530,64,59,0,80
14945040,83,70,-4,84
14945550,0,32,8,76
14946060,44,96,-6,82
14946570,72,87,0,82
14947080,54,6,0,82
14947590,73,25,10,72
14948100,77,14,-7,79
14948610,53,85,-7,86
14949120,81,76,2,84
14949630,63,87,-5,89
14950140,91,78,14,75
14950650,73,40,3,72
14951160,96,60,-5,77
14951670,17,80,6,71
14952180,25,71,-10,81
14952690,28,62,2,79
14953200,47,24,-3,82
14953710,66,35,9,73
14954220,89,34,2,71
14954730,10,33,-7,78
14955240,74,97,-3,81
14955750,56,16,9,72
14956260,75,15,-5,77
14956770,51,86,-8,85
14957280,79,77,4,81
14957790,61,39,1,80
14958300,80,42,6,74
14958810,1,62,-4,78
14959320,21,53,1,77
14959830,16,15,-5,82
14960340,68,26,12,70
14960850,17,25,-8,78
14961360,69,36,-1,79
14961870,88,39,0,79
14962380,9,28,3,76
14962890,73,92,-9,85
14963400,55,11,11,74
14963910,72,82,-5,79
14964420,54,1,0,79
14964930,30,20,-5,84
14965440,49,31,2,82
14965950,68,42,8,74
14966460,87,45,2,72
14966970,7,34,-8,80
14967480,59,98,1,79
14967990,33,89,-3,82
14968500,36,80,4,78
14969010,55,71,1,77
14969520,5,92,-4,81
14970030,25,83,5,76
14970540,100,74,-2,78
14971050,82,36,0,78
14971560,3,25,5,73
14972070,67,89,-8,81
14972580,49,80,-2,83
14973090,101,71,2,81
14973600,22,33,-1,82
14974110,74,44,4,78
14974620,93,64,0,78
14975130,14,26,-3,81
14975640,66,29,8,73
14976150,88,49,-2,75
14976660,8,38,-11,86
14977170,84,0,10,76
14977680,60,30,-7,83
14978190,79,33,12,71
14978700,0,22,-1,72
14979210,52,86,-11,83
14979720,34,77,-1,84
14980230,53,68,1,83
14980740,3,30,8,75
14981250,67,94,-3,78
14981760,49,85,-8,86
14982270,77,76,1,85
14982780,59,38,2,83
14983290,78,41,11,72
14983800,100,61,-2,74
14984310,21,81,-9,83
14984820,29,72,2,81
14985330,3,63,2,79
14985840,13,54,3,76
14986350,77,45,-2,78
14986860,96,65,1,77
14987370,17,85,-2,79
14987880,25,76,-3,82
14988390,28,67,4,78
14988900,47,58,-7,85
14989410,99,20,6,79
14989920,75,19,4,75
14990430,79,8,-10,85
14990940,55,18,9,76
14991450,98,17,2,74
14991960,72,27,-2,76
14992470,91,16,-7,83
14992980,6,26,5,78
14993490,58,90,-7,85
14994000,8,81,0,85
14994510,16,72,7,78
14995020,24,63,-4,82
14995530,27,25,7,75
14996040,46,36,-10,85
14996550,65,47,6,79
14997060,84,9,6,73
14997570,60,19,-5,78
14998080,1,18,-2,80
14998590,53,31,0,80
14999100,72,42,1,79
14999610,91,45,7,72
15000120,12,34,-3,75
15000630,64,98,-3,78
15001140,14,89,-10,88
15001650,22,80,10,78
15002160,89,71,-1,79
15002670,10,62,0,79
15003180,74,32,4,75
15003690,96,52,-1,76
15004200,16,41,-3,79
15004710,80,3,-4,83
15005220,56,33,10,73
15005730,75,36,0,73
15006240,98,56,-2,75
15006750,18,45,-1,76
15007260,82,7,-3,79
15007770,58,26,2,77
15008280,49,82,-12,89
15008790,77,73,9,80
15009300,59,84,-2,82
15009810,9,75,0,82
15010320,17,66,0,82
15010830,81,57,13,69
15011340,100,19,-6,75
15011850,76,18,-1,76
15012360,93,17,-5,81
15012870,8,88,-2,83
15013380,28,79,4,79
15013890,31,70,-1,80
15014400,50,61,-7,87
15014910,0,72,5,82
15015420,64,63,4,78
15015930,83,74,0,78
15016440,65,36,1,77
15016950,84,56,0,77
15017460,1,18,-5,82
15017970,53,19,4,78
15018480,72,18,2,76
15018990,89,17,-1,77
15019500,65,27,4,73
15020010,6,47,-9,82
15020520,70,38,8,74
15021030,89,58,1,73
15021540,10,78,-1,74
15022050,18,69,-6,80
15022560,82,60,6,74
15023070,101,22,-8,82
15023580,77,21,2,80
15024090,96,92,1,79
15024600,78,20,4,75
15025110,95,91,-7,82
15025620,77,19,5,77
15026130,100,90,3,74
15026640,82,52,0,74
15027150,2,72,-8,82
15027660,22,63,0,82
15028170,86,54,5,77
15028680,6,74,0,77
15029190,26,65,1,76
15029700,90,56,0,76
15030210,10,76,-4,80
15030720,18,67,-4,84
15031230,82,58,13,71
15031740,101,78,-1,72
15032250,83,40,-5,77
15032760,3,60,-2,79
15033270,13,51,-3,82
15033780,77,42,2,80
15034290,96,62,3,77
15034800,86,82,-7,84
15035310,68,44,7,77
15035820,87,6,3,74
15036330,63,25,-1,75
15036840,82,45,0,75
15037350,2,65,-5,80
15037860,66,56,0,80
15038370,85,18,6,74
15038880,0,28,-6,80
15039390,64,92,-6,86
15039900,14,83,12,74
15040410,22,74,1,73
15040920,89,65,-9,82
15041430,10,27,3,79
15041940,74,77,-2,81
15042450,56,88,-5,86
15042960,6,50,6,80
15043470,70,41,5,75
15043980,92,44,1,74
15044490,12,33,-10,84
15045000,76,97,2,82
15045510,58,16,4,78
15046020,73,87,-2,80
15046530,55,6,0,80
15047040,74,25,5,75
15047550,93,14,-10,85
15048060,69,24,14,71
15048570,18,23,-8,79
15049080,70,34,6,73
15049590,89,54,1,72
15050100,9,74,-8,80
15050610,17,65,0,80
15051120,81,56,0,80
15051630,100,18,-4,84
15052140,76,28,4,80
15052650,25,17,-2,82
15053160,44,28,-2,84
15053670,63,39,5,79
15054180,82,1,1,78
15054690,58,20,5,73
15055200,7,19,-12,85
15055710,59,22,10,75
15056220,78,87,-11,86
15056730,60,98,1,85
15057240,10,89,-1,86
15057750,18,48,5,81
15058260,82,38,3,78
15058770,2,58,-1,79
15059280,66,49,4,75
15059790,85,11,4,71
15060300,61,21,-8,79
15060810,10,86,-7,86
15061320,30,77,2,84
15061830,33,68,2,82
15062340,52,59,-2,84
15062850,2,70,6,78
15063360,22,61,-4,82
15063870,86,30,5,77
15064380,6,19,4,73
15064890,70,83,-9,82
15065400,52,94,1,81
15065910,71,85,-2,83
15066420,53,47,1,82
15066930,72,58,6,76
15067440,9,69,-4,80
15067950,17,60,8,72
15068460,81,51,-3,75
15068970,1,52,5,70
15069480,65,43,-10,80
15069990,2,46,-2,82
15070500,66,8,6,76
15071010,83,18,4,72
15071520,100,28,0,72
15072030,4,17,-11,83
15072540,56,20,9,74
15073050,71,85,-8,82
15073560,53,4,0,82
15074070,70,23,17,65
15074580,92,12,-10,75
15075090,68,22,3,72
15075600,78,11,-6,78
15076110,54,21,0,78
15076620,69,22,6,72
15077130,79,87,-10,82
15077640,61,98,7,75
15078150,43,89,-11,86
15078660,62,80,3,83
15079170,44,101,1,82
15079680,47,92,0,82
15080190,50,83,-3,85
15080700,0,74,8,77
15081210,20,65,-6,83
15081720,23,56,1,82
15082230,87,18,6,76
15082740,63,28,2,74
15083250,73,31,0,74
15083760,95,20,1,73
15084270,71,30,1,72
15084780,81,50,0,72
15085290,1,51,-3,75
15085800,11,42,-3,78
15086310,75,4,2,76
15086820,81,93,-7,83
15087330,63,21,7,76
15087840,73,86,-6,82
15088350,55,97,-4,86
15088860,5,88,2,84
15089370,86,28,10,74
15089880,6,17,2,72
15090390,70,20,-8,80
15090900,80,9,5,75
15091410,56,53,-8,83
15091920,75,64,6,77
15092430,57,26,4,73
15092940,76,27,1,72
15093450,86,16,-7,79
15093960,1,26,6,73
15094470,53,90,-11,84
15094980,3,81,10,74
15095490,23,72,-8,82
15096000,26,63,2,80
15096510,90,54,4,76
15097020,10,55,-2,78
15097530,98,46,2,76
15098040,18,35,-2,78
15098550,70,99,-9,87
15099060,20,90,5,82
15099570,28,81,1,81
15100080,31,72,-6,87
15100590,50,34,5,82
15101100,89,45,6,76
15101610,9,34,-11,87
15102120,73,98,5,82
15102630,55,17,2,80
15103140,70,33,7,73
15103650,80,36,-1,74
15104160,0,25,1,73
15104670,44,24,-6,79
15105180,83,35,8,71
15105690,3,24,-4,75
15106200,67,23,-2,77
15106710,77,39,-4,81
15107220,87,40,7,74
15107730,7,29,-4,78
15108240,59,93,2,76
15108750,41,84,-8,84
15109260,60,75,0,84
15109770,10,86,4,80
15110280,18,77,-1,81
15110790,82,68,3,78
15111300,19,30,1,77
15111810,71,41,4,73
15112320,8,44,-3,76
15112830,72,6,-5,81
15113340,48,25,-1,82
15113850,67,36,5,77
15114360,4,37,4,73
15114870,92,46,-4,77
15115380,12,35,4,73
15115890,7,34,-10,83
15116400,95,98,4,79
15116910,77,7,4,75
15117420,53,17,0,75
15117930,68,33,0,75
15118440,75,22,1,74
15118950,20,11,-7,81
15119460,56,22,5,76
15119970,71,35,-1,77
15120480,81,36,3,74
15120990,1,25,-13,87
15121500,65,26,13,74
15122010,6,15,-6,80
15122520,58,54,3,77
15123030,8,65,-3,80
15123540,96,56,-2,82
15124050,16,57,-3,85
15124560,80,26,9,76
15125070,25,15,-6,82
15125580,61,26,6,76
15126090,2,15,1,75
15126600,66,16,-2,77
15127110,83,5,-2,79
15127620,59,24,6,73
15128130,0,13,-2,75
15128640,1,14,-7,82
15129150,53,27,5,77
15129660,63,30,3,74
15130170,73,31,1,73
15130680,95,20,-1,74
15131190,10,30,-2,76
15131700,47,94,-7,83
15132210,50,85,-3,86
15132720,0,76,2,84
15133230,20,67,6,78
15133740,84,58,2,76
15134250,1,59,3,73
15134760,11,50,-7,80
15135270,75,41,0,80
15135780,12,61,-1,81
15136290,76,52,4,77
15136800,13,53,-5,82
15137310,33,44,1,81
15137820,85,55,9,72
15138330,22,56,-10,82
15138840,86,25,4,78
15139350,31,14,-3,81
15139860,46,25,4,77
15140370,50,36,-3,80
15140880,69,47,4,76
15141390,6,48,-3,79
15141900,94,39,3,76
15142410,14,0,-7,83
15142920,78,53,3,80
15143430,15,15,5,75
15143940,67,26,2,73
15144450,8,46,-5,78
15144960,96,37,5,73
15145470,16,96,-11,84
15145980,24,87,3,81
15146490,25,78,0,81
15147000,26,69,-1,82
15147510,90,60,11,71
15148020,10,80,-8,79
15148530,18,71,2,77
15149040,26,62,-1,78
15149550,78,53,-5,83
15150060,15,54,13,70
15150570,79,45,-6,76
15151080,101,65,4,72
15151590,21,85,-7,79
15152100,29,76,1,78
15152610,93,67,6,72
15153120,13,87,-9,81
15153630,21,78,5,76
15154140,29,69,-8,84
15154650,93,99,4,80
15155160,75,18,4,76
15155670,92,34,3,73
15156180,12,23,-7,80
15156690,76,26,1,79
15157200,98,15,9,70
15157710,72,25,-8,78
15158220,21,14,-6,84
15158730,40,25,5,79
15159240,59,36,-1,80
15159750,98,47,6,74
15160260,18,36,-2,76
15160770,70,47,-1,77
15161280,7,48,-4,81
15161790,71,39,1,80
15162300,8,59,4,76
15162810,86,50,2,74
15163320,6,39,-1,75
15163830,70,30,-6,81
15164340,77,50,5,76
15164850,14,51,-5,81
15165360,78,42,6,75
15165870,100,31,4,71
15166380,85,20,-7,78
15166890,0,36,-2,80
15167400,64,49,-2,82
15167910,1,60,5,77
15168420,65,51,0,77
15168930,2,62,-1,78
15169440,12,65,-1,79
15169950,20,56,1,78
15170460,84,47,2,76
15170970,4,36,-9,85
15171480,68,78,4,81
15171990,18,69,3,78
15172500,82,60,-2,80
15173010,19,61,4,76
15173520,83,52,-1,77
15174030,3,72,-3,80
15174540,23,63,0,80
15175050,87,54,7,73
15175560,7,74,-4,77
15176070,15,65,0,77
15176580,79,56,2,75
15177090,16,76,-4,79
15177600,24,67,-3,82
15178110,88,58,13,69
15178620,25,78,-8,77
15179130,15,69,-5,82
15179640,79,60,9,73
15180150,16,61,-9,82
15180660,80,52,7,75
15181170,17,82,-4,79
15181680,25,73,-5,84
15182190,89,64,5,79
15182700,9,65,1,78
15183210,73,56,-5,83
15183720,10,57,-1,84
15184230,74,48,11,73
15184740,11,49,-7,80
15185250,75,40,0,80
15185760,90,41,4,76
15186270,10,30,-7,83
15186780,74,29,6,77
15187290,81,18,3,74
15187800,98,28,-1,75
15188310,2,17,-2,77
15188820,54,18,5,72
15189330,69,7,-7,79
15189840,86,26,8,71
15190350,92,15,-1,72
15190860,68,25,-2,74
15191370,75,14,1,73
15191880,92,99,-6,79
15192390,74,35,4,75
15192900,81,24,1,74
15193410,26,13,-7,81
15193920,41,24,-7,88
15194430,56,35,11,77
15194940,95,38,2,75
15195450,15,27,-4,79
15195960,67,38,6,73
15196470,4,58,-1,74
15196980,68,49,-8,82
15197490,5,50,5,77
15198000,69,41,0,77
15198510,6,61,-2,79
15199020,70,52,2,77
15199530,7,53,-1,78
15200040,71,44,2,76
15200550,8,64,-2,78
15201060,72,55,-7,85
15201570,9,85,1,84
15202080,17,76,2,82
15202590,81,67,1,81
15203100,18,68,1,80
15203610,82,59,-1,81
15204120,19,60,-4,85
15204630,83,51,8,77
15205140,20,71,-5,82
15205650,84,62,-1,83
15206160,21,63,6,77
15206670,85,54,0,77
15207180,22,74,-5,82
15207690,86,65,6,76
15208200,23,66,-8,84
15208710,87,57,9,75
15209220,24,77,-5,80
15209730,25,68,0,80
15210240,89,59,2,78
15210750,26,60,-2,80
15211260,90,51,6,74
15211770,99,71,0,74
15212280,6,91,-1,75
15212790,26,82,-1,76
15213300,27,73,-5,81
15213810,91,64,-2,83
15214320,28,65,1,82
15214830,92,56,3,79
15215340,101,76,3,76
15215850,38,77,-6,82
15216360,63,68,-6,88
15216870,13,79,5,83
15217380,21,70,2,81
15217890,22,61,2,79
15218400,98,52,5,74
15218910,18,41,-2,76
15219420,82,42,3,73
15219930,91,62,0,73
15220440,28,63,-6,79
15220950,80,54,2,77
15221460,17,55,-8,85
15221970,81,46,16,69
15222480,90,66,-9,78
15222990,27,67,-8,86
15223500,91,58,10,76
15224010,100,78,2,74
15224520,82,79,-5,79
15225030,64,90,-6,85
15225540,14,81,1,84
15226050,66,72,4,80
15226560,16,83,0,80
15227070,24,74,-5,85
15227580,25,65,2,83
15228090,89,56,9,74
15228600,98,76,-5,79
15229110,35,77,-7,86
15229620,60,68,3,83
15230130,10,79,3,80
15230640,18,70,0,80
15231150,82,61,2,78
15231660,19,62,1,77
15232170,83,53,-1,78
15232680,20,54,0,78
15233190,84,45,3,75
15233700,93,46,-3,78
15234210,21,66,-2,80
15234720,85,57,6,74
15235230,94,58,1,73
15235740,1,78,-7,80
15236250,21,69,-2,82
15236760,85,60,3,79
15237270,22,61,1,78
15237780,86,52,1,77
15238290,95,53,3,74
15238800,2,73,-3,77
15239310,22,64,-8,85
15239820,86,55,11,74
15240330,95,56,-1,75
15240840,2,76,-3,78
15241350,22,67,-6,84
15241860,23,58,9,75
15242370,99,49,-1,76
15242880,20,69,-5,81
15243390,84,60,7,74
15243900,21,61,-2,76
15244410,85,52,3,73
15244920,94,72,-3,76
15245430,15,34,3,73
15245940,67,98,-9,82
15246450,49,89,-6,88
15246960,50,80,4,84
15247470,0,71,1,83
15247980,20,62,1,82
15248490,84,53,6,76
15249000,93,73,2,74
15249510,30,35,-5,79
15250020,82,46,7,72
15250530,91,66,-2,74
15251040,28,86,-9,83
15251550,29,77,1,82
15252060,30,68,-3,85
15252570,31,59,6,79
15253080,95,50,2,77
15253590,2,70,-7,84
15254100,22,61,6,78
15254610,86,52,7,71
15255120,95,72,-1,72
15255630,16,92,-7,79
15256140,36,83,-3,82
15256650,37,74,-1,83
15257160,62,65,1,82
15257670,12,76,3,79
15258180,78,67,-5,84
15258690,15,78,11,73
15259200,81,69,-4,77
15259710,18,31,3,74
15260220,70,42,0,74
15260730,7,45,-7,81
15261240,71,36,11,70
15261750,80,56,-8,78
15262260,17,18,-4,82
15262770,69,29,6,76
15263280,0,49,-2,78
15263790,64,40,4,74
15264300,1,43,-5,79
15264810,65,34,-1,80
15265320,13,47,-5,85
15265830,77,9,9,76
15266340,53,28,2,74
15266850,68,31,-2,76
15267360,101,51,-1,77
15267870,22,71,-1,78
15268380,23,62,-1,79
15268890,87,53,7,72
15269400,72,73,-11,83
15269910,22,84,5,78
15270420,23,75,2,76
15270930,24,66,-1,77
15271440,25,53,-6,83
15271950,89,15,3,80
15272460,65,25,1,79
15272970,80,38,4,75
15273480,89,58,3,72
15273990,98,78,-10,82
15274500,35,40,5,77
15275010,87,51,6,71
15275520,96,71,-5,76
15276030,17,33,-5,81
15276540,81,44,7,74
15277050,90,64,2,72
15277560,27,99,-8,80
15278070,28,90,0,80
15278580,31,81,1,79
15279090,32,72,-7,86
15279600,33,63,7,79
15280110,58,78,2,77
15280620,8,69,-3,80
15281130,16,60,2,78
15281640,80,51,2,76
15282150,17,71,-6,82
15282660,81,62,6,76
15283170,18,24,1,75
15283680,70,35,-1,76
15284190,1,55,0,76
15284700,65,46,-3,79
15285210,0,8,-3,82
15285720,95,21,10,72
15286230,69,31,-4,76
15286740,0,51,-4,80
15287250,64,42,3,77
15287760,1,4,-3,80
15288270,96,17,8,72
15288780,72,27,-7,79
15289290,87,47,10,69
15289800,96,67,-10,79
15290310,3,29,-2,81
15290820,67,42,4,77
15291330,4,61,3,74
15291840,14,52,-1,75
15292350,78,43,3,72
15292860,87,63,-2,74
15293370,24,25,-3,77
15293880,76,36,1,76
15294390,7,49,-4,80
15294900,71,40,8,72
15295410,8,53,-5,77
15295920,72,44,-5,82
15296430,9,57,4,78
15296940,73,48,2,76
15297450,10,10,-8,84
15297960,74,23,12,72
15298470,99,36,-5,77
15298980,20,56,-1,78
15299490,84,47,3,75
15300000,93,67,4,71
15300510,0,87,-6,77
15301020,20,27,-1,78
